	0	1	2	3	4	5	6	7	8	9	10	11	12	13	14	15	16	17	18	19	20	21	22	23	24	25	26	27	28	29
c865	-1	0	0	-1	0	0	0	-1	0	25	0	0	34	0	0	-1	0	22	0	8	11	9	29	0	-1	0	0	0	0	0
c1676	24	35	15	0	0	0	-1	24	0	0	2	-1	-1	-1	24	0	0	0	0	0	21	19	41	27	-1	0	31	0	0	47
c2852	6	0	3	0	14	0	0	37	49	-1	0	1	0	0	0	-1	0	-1	14	-1	-1	35	-1	4	0	7	-1	19	0	-1
c3042	6	-1	-1	-1	14	0	0	37	49	7	2	0	0	-1	0	-1	0	43	35	-1	0	-1	0	0	0	0	45	19	17	17
c3127	0	0	0	-1	0	-1	39	12	0	0	-1	19	-1	0	24	0	-1	15	0	15	11	24	0	0	24	0	-1	0	0	0
c3179	0	0	0	-1	46	0	0	0	-1	25	0	-1	0	0	19	0	0	31	0	8	0	-1	45	0	-1	0	0	46	-1	17
c3361	-1	2	16	0	14	-1	21	37	49	-1	-1	0	-1	0	0	14	0	-1	0	43	27	35	0	0	0	0	-1	19	45	17
c3372	6	50	-1	0	14	0	0	-1	49	0	0	0	7	-1	0	-1	0	43	0	14	0	35	45	35	2	0	11	19	0	-1
c3492	39	0	0	0	14	14	-1	0	0	45	0	-1	0	27	45	34	-1	0	24	8	0	9	0	-1	49	0	-1	0	0	14
c3588	-1	0	-1	-1	14	0	0	-1	49	0	7	-1	-1	0	0	0	0	43	0	0	0	35	-1	0	0	45	27	19	0	17
c3644	-1	0	42	0	-1	6	-1	37	-1	0	29	0	0	0	0	0	0	43	0	34	-1	35	0	-1	0	45	0	19	0	17
c3821	-1	4	0	-1	10	40	5	0	-1	13	0	-1	0	35	-1	0	0	0	26	19	-1	0	-1	27	-1	18	0	0	0	0
c3947	0	0	0	0	-1	0	7	7	28	26	0	-1	-1	34	0	0	0	-1	0	4	7	0	-1	0	12	21	0	0	-1	0
c4161	-1	-1	0	0	15	0	-1	0	0	50	-1	-1	38	0	-1	0	-1	-1	-1	8	24	9	0	14	0	26	0	0	34	-1
c4167	-1	-1	-1	31	14	14	0	-1	-1	-1	-1	0	0	39	0	0	0	-1	0	14	0	35	0	0	0	0	-1	19	40	17
c4607	6	0	-1	-1	14	41	0	37	49	0	0	0	0	-1	0	0	45	43	0	14	0	35	-1	19	0	0	0	-1	45	17
c4852	0	5	0	-1	0	0	0	24	-1	-1	2	-1	-1	0	0	0	14	-1	33	4	21	-1	0	0	-1	0	0	0	29	0
c4895	6	-1	-1	10	14	0	0	37	49	0	0	0	0	0	27	21	0	43	-1	-1	0	-1	32	0	0	-1	12	19	0	17
c4948	-1	22	0	0	-1	0	0	-1	0	50	0	19	38	0	-1	0	0	33	-1	8	0	9	29	14	3	0	0	0	34	-1
c5040	6	0	-1	0	14	0	0	37	49	0	0	0	0	34	0	-1	0	43	0	0	0	35	0	4	26	-1	0	19	0	17
c5182	-1	0	0	0	-1	-1	47	24	39	0	-1	-1	-1	0	0	0	0	29	0	4	21	26	-1	7	3	17	0	0	-1	0
c5191	0	-1	0	0	14	0	0	37	49	0	0	35	0	0	0	0	0	43	0	43	0	35	0	27	0	-1	0	-1	0	17
c5316	45	-1	-1	-1	0	14	0	0	0	0	-1	0	0	0	0	4	-1	-1	0	8	-1	9	0	-1	0	-1	-1	0	0	0
c5377	0	-1	13	-1	14	0	0	37	49	0	29	45	0	10	0	0	-1	-1	-1	35	0	35	0	-1	-1	0	39	19	13	17
c5442	0	0	-1	-1	14	0	30	0	0	-1	0	4	0	22	14	-1	0	0	0	8	0	9	0	0	-1	0	-1	0	0	-1
c5514	0	19	0	-1	0	0	45	-1	0	0	0	1	-1	0	0	0	0	29	10	-1	-1	0	14	0	0	45	-1	19	9	25
c5619	0	0	-1	-1	0	45	45	0	0	19	0	1	-1	0	19	0	15	0	10	0	-1	7	14	0	-1	0	0	0	9	25
c5679	6	0	0	14	14	0	0	37	49	-1	2	0	0	0	-1	45	0	-1	0	-1	0	-1	0	0	-1	36	0	19	17	17
c5791	13	0	-1	0	4	0	-1	0	0	0	3	-1	23	0	0	13	17	2	0	0	0	-1	-1	26	-1	0	47	21	35	-1
c5967	-1	0	27	-1	14	0	27	37	49	0	-1	-1	11	0	-1	-1	0	43	0	0	-1	-1	0	0	0	45	-1	19	-1	-1
c6100	6	0	0	0	14	0	-1	37	-1	0	2	27	26	0	-1	45	27	-1	33	-1	-1	-1	0	-1	-1	-1	-1	19	0	17
c6102	-1	0	0	0	0	0	19	0	12	50	0	-1	38	34	0	0	-1	33	-1	8	43	9	0	14	0	0	0	35	-1	-1
c6264	0	0	31	-1	-1	45	45	0	0	39	-1	-1	-1	0	-1	0	0	-1	-1	50	-1	0	14	0	-1	0	0	0	-1	25
c6274	6	0	-1	10	14	0	0	37	49	0	7	0	0	-1	27	0	0	43	0	0	0	35	32	0	0	0	12	19	0	17
c6309	-1	2	0	0	-1	0	0	37	49	-1	-1	0	0	2	0	0	-1	43	-1	43	0	35	33	0	0	0	31	-1	0	17
c6380	0	46	-1	29	0	0	-1	0	14	-1	0	4	-1	-1	17	23	0	0	34	8	0	-1	0	0	-1	0	0	0	0	0
c6401	-1	19	0	0	19	0	-1	0	0	0	0	17	0	0	-1	0	0	0	0	-1	0	-1	0	-1	35	19	32	19	-1	0
c6486	-1	15	0	-1	14	50	14	37	-1	7	0	0	-1	0	0	18	0	-1	-1	27	-1	-1	0	0	0	45	0	-1	-1	17
c6489	0	0	0	-1	0	34	-1	7	0	0	0	1	-1	0	41	-1	0	0	10	-1	-1	0	14	0	0	2	0	0	9	-1
c6519	13	-1	-1	0	31	0	50	14	0	0	-1	-1	0	14	0	14	32	-1	-1	-1	-1	35	0	-1	-1	0	-1	21	35	7
c6524	13	-1	-1	0	0	0	0	-1	0	-1	0	0	-1	0	-1	0	0	2	0	31	29	-1	0	-1	-1	-1	47	-1	0	0
c6579	-1	45	0	-1	0	0	45	-1	-1	0	34	1	-1	0	25	0	0	-1	10	-1	-1	0	-1	-1	-1	0	0	0	9	25
c6674	-1	0	18	0	14	0	-1	37	-1	0	-1	0	0	-1	0	-1	-1	43	14	0	0	35	0	8	0	45	-1	19	0	17
c6723	6	0	40	0	-1	0	0	37	-1	0	0	-1	-1	0	0	0	0	43	0	14	0	35	0	0	0	45	0	19	-1	17
c6776	-1	0	-1	0	14	0	45	37	49	0	-1	0	0	0	-1	27	0	43	0	17	0	35	-1	0	0	-1	39	19	0	17
c6809	0	7	0	-1	-1	40	0	0	0	0	0	-1	-1	0	0	0	0	-1	26	19	0	0	-1	-1	-1	0	0	0	0	0
c6815	31	-1	0	0	14	0	0	37	-1	-1	-1	7	0	-1	0	0	-1	43	0	43	0	-1	0	-1	0	7	0	19	0	17
c6819	0	0	0	8	13	11	0	0	0	-1	0	0	0	35	0	-1	-1	29	0	0	0	24	-1	0	0	-1	-1	6	1	0
c6820	6	0	0	0	-1	0	-1	37	-1	0	0	0	0	0	0	-1	0	43	14	0	18	35	32	-1	0	7	-1	19	-1	17
c6942	0	12	0	0	46	0	0	0	10	25	0	-1	0	0	19	0	0	-1	34	8	0	-1	45	0	-1	0	0	-1	0	0
c7191	6	0	-1	0	-1	41	0	37	49	0	-1	0	-1	-1	-1	0	0	43	0	14	0	35	0	0	0	0	0	19	0	17
c7230	-1	0	0	45	14	0	-1	37	49	0	2	12	0	0	0	45	29	43	0	7	0	-1	0	0	0	-1	0	19	0	-1
c7293	0	0	0	-1	0	-1	45	0	0	-1	-1	1	-1	0	0	27	0	6	-1	0	-1	0	14	0	0	5	13	49	9	25
c7363	-1	-1	-1	-1	0	18	0	0	7	0	0	0	10	0	0	11	0	2	0	-1	-1	0	-1	26	-1	0	-1	21	0	0
c7384	-1	-1	-1	0	14	0	0	37	49	0	-1	0	0	-1	0	32	0	43	0	-1	-1	-1	0	0	43	0	31	19	0	17
c7443	0	0	0	-1	14	-1	-1	37	49	-1	-1	0	-1	0	0	0	0	43	0	-1	0	35	49	0	0	0	17	19	0	17
c7520	0	17	0	0	-1	-1	0	0	0	25	0	-1	47	-1	0	0	36	7	34	8	0	9	29	-1	-1	21	6	0	0	0
c7569	45	0	-1	-1	0	0	45	0	0	0	0	1	-1	0	0	0	0	0	10	-1	-1	0	-1	0	0	0	18	0	9	25
c7580	13	-1	0	48	0	0	0	0	0	0	0	0	0	0	0	0	-1	-1	-1	-1	0	0	0	-1	0	0	47	-1	0	-1
c7609	-1	0	0	31	-1	0	0	0	9	25	0	4	0	-1	0	0	0	17	0	8	0	9	-1	0	-1	0	0	0	45	0
c7638	-1	0	-1	0	-1	-1	27	37	49	0	-1	0	-1	0	0	-1	0	43	-1	0	0	35	0	0	0	45	0	19	27	17
c7676	0	39	-1	-1	-1	0	45	0	-1	-1	0	1	-1	25	0	0	0	0	10	0	-1	0	14	-1	0	0	0	0	9	25
c7692	-1	0	34	0	14	-1	-1	37	49	0	-1	0	23	0	10	0	0	43	27	0	0	35	40	0	21	0	0	19	-1	17
c7781	0	12	-1	0	-1	0	0	-1	10	25	0	-1	0	0	-1	0	0	0	34	8	-1	9	45	-1	-1	0	0	0	0	0
c7846	0	-1	0	0	0	29	0	12	0	19	-1	19	0	0	24	-1	-1	15	-1	0	11	24	0	0	24	0	0	0	0	0
c7925	0	2	0	0	14	0	0	37	49	0	-1	0	0	0	0	0	0	43	0	43	18	35	0	0	0	0	0	-1	27	17
c7948	0	0	-1	-1	24	0	45	13	-1	21	0	1	-1	-1	0	0	-1	0	10	29	-1	0	14	0	42	0	-1	45	-1	25
c7958	-1	0	0	0	-1	19	0	37	-1	-1	7	-1	0	0	-1	0	0	-1	0	0	-1	35	0	42	34	-1	-1	19	-1	17
c7972	-1	0	-1	0	-1	-1	0	0	0	0	0	31	0	0	0	-1	-1	14	31	-1	0	9	27	-1	0	-1	10	19	0	0
c7993	0	33	-1	39	14	0	12	37	49	19	0	0	0	0	16	25	0	43	0	43	0	35	9	-1	0	0	0	19	0	17
c8049	-1	7	0	-1	0	0	-1	0	-1	-1	0	17	0	-1	0	0	40	-1	-1	35	41	0	0	0	45	0	-1	0	0	29
c8056	0	0	35	35	-1	0	45	24	0	0	-1	0	0	29	0	0	0	0	0	-1	0	-1	0	0	0	0	-1	4	25	0
c8061	13	-1	0	0	0	0	35	0	0	-1	-1	0	0	-1	0	0	0	2	48	0	0	0	0	26	0	0	47	21	0	0
c8144	6	-1	0	-1	14	-1	-1	37	49	-1	-1	-1	39	0	0	-1	0	-1	0	-1	0	35	32	4	0	-1	12	19	0	17
c8252	0	35	15	0	0	30	-1	0	0	-1	-1	-1	39	0	0	0	-1	0	26	0	42	-1	0	-1	33	0	2	0	-1	0
c8260	6	-1	-1	-1	-1	0	-1	37	49	0	-1	0	0	0	0	0	0	43	0	31	0	35	45	35	0	0	11	19	0	17
c8330	45	0	0	-1	0	0	0	0	-1	0	-1	0	-1	0	-1	0	0	0	10	0	-1	0	14	0	45	0	0	0	-1	0
c8354	0	0	17	-1	-1	45	45	0	0	0	-1	-1	-1	0	19	0	0	0	-1	35	-1	0	14	0	0	0	0	0	9	-1
c8369	-1	0	-1	31	14	-1	0	37	49	-1	0	-1	-1	-1	0	31	18	-1	25	0	0	35	45	0	0	0	0	19	0	17
c8382	6	0	0	22	14	0	0	37	49	0	2	0	0	0	-1	45	0	43	0	0	0	-1	0	39	0	0	-1	19	17	17
c8399	-1	0	-1	-1	-1	0	45	-1	21	-1	0	-1	-1	0	-1	0	-1	-1	10	10	-1	0	14	0	0	0	-1	0	9	25
c8421	-1	-1	0	13	0	0	0	0	0	8	14	0	31	0	0	0	0	2	0	-1	0	0	0	26	-1	0	47	21	0	25
c8466	0	-1	0	-1	0	0	20	-1	6	-1	45	0	-1	12	0	14	0	0	10	14	-1	30	-1	0	45	0	-1	0	0	-1
c8472	-1	0	0	0	14	14	0	37	-1	12	-1	0	0	0	0	-1	6	-1	29	-1	-1	-1	0	0	0	45	39	19	0	17
c8499	-1	45	0	-1	0	12	45	0	25	0	0	1	-1	-1	0	0	0	32	-1	-1	-1	0	14	-1	0	45	-1	0	-1	25
c8510	0	0	0	17	19	0	-1	0	-1	-1	-1	17	0	0	0	0	0	-1	-1	43	-1	-1	-1	0	0	0	-1	19	-1	-1
c8526	0	0	-1	45	0	0	0	-1	42	25	10	24	27	-1	0	0	-1	-1	-1	8	0	-1	0	0	-1	0	-1	-1	0	36
c8538	-1	0	0	0	-1	50	0	-1	49	-1	0	-1	34	43	-1	-1	0	-1	36	10	-1	-1	0	0	4	45	37	19	0	17
c8554	-1	-1	0	-1	0	0	-1	0	0	31	14	1	-1	-1	0	-1	0	0	10	0	-1	0	-1	15	-1	7	0	0	9	25
c8571	0	-1	0	20	-1	-1	0	-1	-1	0	2	-1	-1	16	0	0	0	0	14	0	21	29	0	-1	0	0	0	-1	29	0
c8592	6	0	-1	43	14	0	0	37	49	0	2	0	-1	0	0	-1	-1	-1	0	0	0	-1	0	-1	0	35	-1	19	-1	17
c8604	0	0	-1	-1	0	0	0	-1	0	25	0	0	-1	0	0	-1	36	0	0	8	-1	9	-1	0	-1	14	6	14	0	0
c8631	-1	-1	0	-1	0	0	0	-1	-1	0	0	0	-1	0	0	28	0	2	0	31	-1	0	0	26	-1	0	47	21	0	-1
c8652	-1	0	0	35	-1	0	-1	23	14	0	0	21	-1	15	0	-1	0	0	6	-1	0	30	25	-1	0	-1	47	0	28	0
c8680	-1	7	0	6	14	0	0	-1	-1	-1	-1	0	0	-1	0	17	36	43	0	0	0	35	0	0	0	35	50	-1	13	17
c8695	13	4	42	0	4	0	0	2	0	-1	0	-1	23	0	0	13	-1	2	0	-1	-1	6	0	26	34	0	47	21	-1	-1
c8721	0	0	0	20	0	0	-1	-1	44	0	0	0	-1	10	0	50	0	-1	0	8	0	9	0	12	29	-1	-1	-1	33	-1
c8742	0	0	34	-1	0	45	45	-1	0	0	0	-1	-1	-1	19	0	2	0	10	34	-1	-1	14	-1	-1	0	0	-1	9	25
c8746	6	0	-1	31	-1	29	0	-1	-1	0	0	0	0	2	0	-1	-1	43	0	14	0	35	-1	0	0	0	0	19	40	17
c8780	0	0	-1	0	0	22	-1	0	0	0	0	43	-1	15	0	0	0	32	-1	38	0	0	37	-1	0	45	19	19	26	0
c8786	6	0	0	0	14	0	39	37	49	0	0	0	29	-1	45	0	0	43	14	-1	0	35	32	0	0	-1	-1	19	-1	17
c8842	25	2	0	-1	21	0	-1	-1	33	-1	0	1	-1	0	-1	0	0	0	10	0	-1	-1	14	0	50	33	0	-1	9	-1
c8869	0	0	0	29	0	0	0	7	-1	0	32	17	0	34	0	-1	-1	-1	0	0	7	0	0	43	-1	21	0	-1	-1	-1
c8914	29	-1	0	-1	0	0	0	0	0	-1	0	4	0	6	0	0	0	0	34	8	-1	9	45	-1	-1	-1	0	-1	0	-1
c8964	0	2	43	-1	0	0	45	0	0	25	0	1	-1	0	39	27	0	0	-1	0	-1	0	14	0	0	29	-1	0	-1	25
c8976	0	24	0	14	0	-1	0	24	0	0	2	36	-1	0	-1	0	50	-1	0	0	21	0	0	42	0	10	0	0	29	0
c9046	13	-1	0	-1	0	-1	0	0	15	27	0	0	0	-1	0	-1	-1	2	0	0	-1	0	0	26	0	1	47	21	-1	0
c9084	0	14	0	0	0	0	0	0	44	0	0	0	0	10	14	8	0	0	0	8	-1	9	0	22	0	-1	-1	-1	0	0
c9097	0	-1	-1	0	-1	-1	0	0	-1	33	0	17	13	0	0	4	-1	0	26	19	0	0	-1	0	0	0	0	-1	0	35
c9109	0	-1	0	14	0	42	-1	22	0	0	-1	17	0	34	35	0	0	-1	13	0	0	0	0	0	-1	0	-1	0	0	0
c9110	29	-1	0	0	0	25	26	24	-1	0	2	-1	-1	-1	-1	-1	50	0	45	0	21	0	0	0	46	-1	0	0	29	0
c9214	6	0	0	-1	14	-1	0	37	-1	-1	2	-1	0	0	0	45	0	43	-1	0	0	-1	0	0	0	0	-1	-1	17	17
c9278	0	31	0	0	14	0	0	37	49	0	0	35	0	29	-1	0	-1	43	45	43	0	35	30	-1	-1	-1	0	-1	-1	-1
c9307	0	0	0	0	-1	-1	-1	0	0	33	-1	17	0	-1	-1	4	-1	0	-1	19	0	0	-1	0	0	29	0	0	-1	0
c9320	0	0	25	0	0	0	0	0	-1	0	0	-1	-1	10	0	0	12	0	-1	-1	0	9	0	0	0	0	0	0	0	-1
c9332	-1	43	-1	31	0	14	0	-1	0	0	-1	0	-1	0	0	0	-1	0	-1	19	0	24	0	30	0	0	0	0	0	0
c9335	6	0	0	-1	0	40	-1	7	15	0	6	17	0	0	-1	0	0	0	26	19	24	0	-1	0	0	-1	17	-1	0	29
c9363	6	-1	-1	-1	14	0	0	-1	49	0	-1	0	0	-1	0	0	0	43	-1	31	0	35	45	-1	0	0	11	19	-1	17
c9378	-1	0	0	-1	14	-1	0	37	49	-1	-1	0	0	0	-1	-1	5	43	0	0	37	-1	0	0	0	-1	0	19	-1	17
c9449	-1	29	-1	0	14	-1	0	37	49	0	7	0	-1	17	0	0	0	43	31	-1	-1	-1	0	0	0	45	35	-1	-1	17
c9494	0	9	0	-1	14	0	0	37	49	-1	0	0	7	10	0	0	38	43	0	43	0	35	0	0	25	0	0	-1	40	17
c9507	-1	0	0	0	0	0	0	7	28	-1	0	17	0	34	0	0	17	-1	0	24	7	0	0	0	0	0	4	0	-1	0
c9549	0	-1	0	5	19	-1	-1	0	0	0	0	17	0	0	-1	0	0	34	0	45	0	-1	0	0	-1	19	0	-1	-1	0
c9554	-1	0	0	0	14	0	0	37	49	-1	0	0	0	0	0	-1	-1	43	-1	43	0	35	-1	14	0	0	0	19	34	17
c9588	45	0	30	-1	0	0	-1	0	45	0	0	-1	-1	0	-1	0	6	-1	10	-1	-1	0	14	0	0	-1	0	0	9	25
c9591	0	-1	0	39	0	0	-1	0	31	-1	-1	0	0	0	0	26	0	0	0	8	0	9	-1	29	-1	-1	-1	-1	0	0
c9621	0	4	0	0	10	40	5	0	0	13	0	17	0	35	0	0	0	0	26	19	0	0	-1	27	0	-1	-1	0	0	0
c9679	-1	-1	0	0	14	0	0	37	49	39	2	0	0	0	0	45	-1	-1	0	-1	0	-1	-1	0	0	0	0	19	-1	-1
c9699	-1	0	-1	0	-1	0	-1	37	49	-1	7	0	-1	45	-1	14	-1	43	0	27	0	35	0	0	11	45	-1	19	-1	17
c9748	0	-1	30	45	-1	0	0	37	49	0	-1	0	0	7	-1	10	0	43	12	43	0	35	-1	0	0	0	19	19	0	17
c9751	-1	-1	0	-1	-1	25	0	-1	-1	0	2	14	0	-1	0	45	0	43	11	0	-1	-1	0	0	0	-1	0	19	17	17
c9789	45	36	0	-1	0	0	45	0	0	0	0	-1	-1	0	0	-1	6	-1	10	-1	-1	0	-1	-1	0	0	-1	0	9	25
c9796	0	45	0	-1	0	0	-1	-1	0	-1	0	1	-1	0	19	0	0	0	10	-1	-1	0	14	0	-1	-1	34	0	-1	25
c9802	6	0	45	31	-1	0	0	-1	-1	0	-1	35	-1	-1	0	0	18	43	-1	12	-1	35	45	-1	-1	0	0	19	-1	-1
c9805	-1	0	-1	0	-1	-1	0	23	0	9	0	21	-1	0	0	0	-1	0	-1	-1	0	0	0	0	-1	0	47	0	-1	16
c9890	-1	45	31	-1	0	0	45	0	0	15	0	1	-1	0	0	0	0	32	10	-1	-1	0	14	0	0	0	0	-1	9	25
c9934	-1	-1	0	0	0	29	0	0	0	0	0	-1	0	0	26	0	0	-1	-1	0	-1	12	0	26	0	31	47	21	-1	0
c9957	0	2	43	-1	0	0	45	0	0	25	0	-1	-1	-1	39	0	0	0	10	0	-1	0	14	0	-1	29	-1	0	-1	25
c9990	6	0	-1	0	-1	41	0	-1	-1	0	0	-1	0	-1	0	-1	46	43	0	14	0	35	-1	0	0	0	31	-1	0	17
c9997	-1	7	0	6	14	-1	42	-1	-1	-1	-1	12	-1	-1	0	-1	36	43	0	0	0	35	-1	0	0	-1	-1	-1	-1	17
c10021	0	0	-1	26	15	0	0	7	28	26	0	-1	0	34	0	0	0	-1	0	0	7	0	37	14	-1	-1	0	0	0	0
c10054	0	-1	0	27	-1	0	14	0	0	-1	0	0	-1	0	0	0	33	0	0	8	-1	9	29	0	-1	0	0	0	-1	0
c10078	-1	0	-1	0	-1	0	27	37	49	0	-1	0	-1	0	0	0	-1	43	-1	0	0	-1	-1	0	0	45	0	-1	22	17
c10081	-1	-1	0	-1	14	0	0	37	49	-1	0	0	0	0	21	-1	19	43	0	10	0	35	0	32	0	-1	0	19	0	17
c10094	13	-1	0	27	4	0	-1	0	14	0	29	0	23	0	0	13	19	2	0	0	0	0	39	-1	-1	18	47	21	0	29
c10100	-1	0	0	0	0	-1	0	0	0	33	9	17	13	-1	0	4	-1	0	26	19	0	-1	-1	0	-1	0	0	0	-1	0
c10106	0	-1	0	-1	10	-1	0	-1	34	0	0	17	0	-1	0	0	0	0	26	19	0	0	-1	0	33	0	0	0	0	0
c10145	0	0	0	0	8	0	17	-1	-1	39	0	19	-1	-1	0	16	-1	24	0	-1	0	24	0	0	24	0	0	-1	0	-1
c10152	4	40	-1	-1	0	37	-1	-1	-1	-1	-1	-1	-1	0	-1	0	12	0	10	-1	-1	0	14	4	-1	0	0	-1	9	25
c10176	-1	0	-1	0	14	19	0	37	-1	0	-1	0	17	0	0	0	0	43	0	12	-1	35	0	42	0	45	-1	19	0	17
c10177	-1	0	0	0	14	19	0	-1	49	0	7	-1	17	0	0	0	0	43	-1	-1	-1	35	0	42	0	45	0	19	0	17
c10186	6	-1	0	0	14	0	0	37	49	-1	2	0	-1	24	0	-1	0	43	-1	0	0	-1	0	0	0	0	-1	19	17	17
c10199	45	0	0	-1	14	0	-1	37	49	0	0	-1	-1	-1	-1	0	-1	43	-1	-1	0	35	0	0	-1	-1	17	19	0	-1
c10293	0	0	-1	0	0	0	4	-1	14	0	25	19	0	45	9	0	-1	0	0	0	0	24	0	29	24	0	0	0	-1	0
c10381	13	-1	0	-1	4	25	0	0	-1	0	3	0	23	0	0	13	0	2	0	0	-1	-1	29	26	0	0	47	21	0	0
c10409	35	0	0	-1	0	-1	-1	-1	14	0	7	19	-1	0	0	0	-1	7	29	12	0	24	0	0	24	31	0	0	0	-1
c10420	6	0	-1	0	14	33	-1	-1	49	-1	2	0	-1	-1	0	45	0	43	0	1	45	-1	-1	-1	0	0	0	19	17	17
c10422	45	7	0	14	0	0	-1	-1	0	0	33	17	0	34	0	0	-1	31	0	0	41	0	0	0	0	-1	-1	-1	0	29
c10436	-1	0	42	0	-1	6	0	-1	49	0	0	0	0	0	0	0	14	-1	0	0	-1	35	-1	45	0	-1	-1	19	0	17
c10464	-1	0	45	0	15	0	0	27	35	-1	0	45	38	0	0	0	0	-1	-1	-1	0	9	31	14	0	-1	0	0	34	-1
c10466	0	0	-1	0	0	0	0	0	44	0	0	0	0	10	0	0	0	0	-1	8	-1	9	0	-1	0	0	-1	0	0	0
c10469	-1	0	19	-1	11	-1	19	27	0	-1	-1	0	0	0	0	0	-1	39	0	0	-1	-1	0	0	0	0	0	13	0	0
c10484	0	-1	0	-1	14	31	0	-1	49	-1	-1	0	0	10	0	0	36	-1	0	-1	-1	35	-1	0	0	0	39	19	13	17
c10485	0	0	-1	-1	14	31	0	37	49	-1	-1	0	0	10	0	0	36	43	-1	0	-1	35	-1	0	0	0	39	19	13	17
c10547	-1	0	0	-1	15	0	0	0	0	50	-1	0	38	35	0	0	-1	-1	-1	8	0	9	29	14	0	0	0	0	34	-1
c10548	-1	14	-1	35	0	0	0	23	0	0	0	21	-1	15	29	-1	-1	6	0	-1	0	0	-1	0	0	0	47	0	28	0
c10559	0	-1	0	14	-1	0	0	33	0	0	0	17	42	-1	4	0	28	-1	0	0	41	0	-1	0	0	0	14	0	0	29
c10575	0	-1	0	0	14	0	0	37	49	0	-1	0	-1	-1	0	0	0	-1	0	43	0	-1	0	0	0	-1	0	19	0	-1
c10586	0	0	0	0	-1	-1	26	2	-1	0	0	-1	0	0	0	16	-1	0	0	0	0	24	0	0	24	0	0	-1	0	-1
c10593	-1	0	0	-1	14	0	-1	37	49	0	2	-1	0	-1	-1	-1	-1	43	9	7	0	-1	0	0	-1	0	0	19	0	17
c10611	-1	-1	-1	-1	32	-1	45	-1	41	31	0	0	-1	29	0	48	-1	0	0	26	-1	0	0	12	-1	0	0	-1	-1	0
c10645	4	0	-1	-1	21	37	45	-1	0	0	0	-1	-1	0	0	0	0	0	10	-1	-1	18	14	0	0	0	0	0	-1	25
c10663	24	0	0	-1	0	0	0	-1	0	-1	-1	17	0	26	0	0	0	-1	26	0	-1	0	0	0	33	0	6	0	0	0
c10669	-1	2	-1	0	14	0	0	37	49	0	-1	0	0	-1	14	0	0	-1	0	43	-1	35	0	0	0	-1	0	19	0	17
c10701	-1	0	0	-1	-1	0	0	29	-1	0	0	17	0	34	-1	0	-1	-1	0	13	-1	-1	-1	13	14	0	0	0	0	29
c10740	0	0	-1	0	46	0	14	0	0	-1	0	-1	0	0	19	0	0	31	0	8	-1	9	45	0	-1	-1	0	46	27	-1
c10748	12	0	45	0	0	0	26	0	0	14	-1	-1	-1	-1	27	-1	-1	0	21	0	0	-1	15	0	-1	0	47	0	28	0
c10777	0	2	0	-1	0	0	45	32	-1	0	0	1	-1	0	39	0	0	0	10	-1	-1	-1	14	0	0	0	0	0	9	25
c10836	0	0	19	0	0	0	19	0	-1	0	0	0	14	0	-1	-1	-1	39	-1	0	0	24	0	-1	0	0	-1	-1	43	0
c10855	0	-1	-1	0	14	26	-1	37	49	18	43	0	12	0	46	25	17	43	0	43	-1	35	5	0	-1	0	0	-1	0	-1
c10876	0	0	0	0	0	0	0	7	-1	26	0	17	0	34	11	0	0	-1	0	0	7	-1	0	-1	14	21	-1	0	0	0
c10900	0	-1	50	10	0	29	-1	2	-1	24	-1	19	-1	0	26	0	-1	0	0	-1	-1	24	0	29	24	0	-1	0	0	-1
c10917	0	0	-1	0	0	0	0	0	28	0	34	17	-1	-1	-1	-1	0	25	4	0	0	21	0	0	0	0	0	0	0	0
c10929	-1	-1	-1	-1	14	0	0	37	-1	0	-1	-1	-1	0	-1	27	0	43	0	0	0	35	0	0	31	45	39	19	7	17
c10976	0	7	0	-1	10	40	-1	0	-1	0	-1	17	-1	-1	18	0	0	-1	26	19	0	0	-1	0	33	0	-1	-1	0	0
c10985	0	-1	-1	0	0	0	-1	0	0	0	6	17	0	-1	33	0	2	0	26	0	0	0	0	-1	0	0	-1	0	0	0
c11031	0	0	0	-1	-1	0	20	0	6	0	-1	-1	-1	12	0	14	0	0	-1	14	-1	30	14	0	45	0	12	0	0	-1
c11032	0	7	0	6	14	0	19	-1	49	-1	-1	0	0	-1	0	-1	36	43	-1	0	0	35	0	0	0	0	-1	19	13	17
c11088	-1	24	0	0	0	25	26	24	0	0	2	36	-1	-1	-1	-1	50	0	45	-1	-1	0	-1	0	-1	10	0	0	-1	-1
c11108	0	0	0	-1	14	45	-1	37	49	-1	-1	0	0	10	21	0	36	43	0	0	25	-1	22	0	0	0	39	-1	-1	17
c11117	-1	-1	27	0	0	31	-1	24	0	27	2	0	-1	0	0	-1	0	-1	0	4	21	27	0	2	-1	-1	0	0	29	0
c11141	6	-1	0	0	14	0	0	37	-1	-1	2	0	0	-1	0	45	0	43	35	0	0	-1	0	-1	-1	-1	0	19	17	17
c11151	-1	0	0	-1	14	0	0	-1	49	0	7	0	0	17	0	0	0	43	0	0	6	35	0	0	10	45	35	19	0	-1
c11187	0	0	0	-1	0	0	0	0	44	0	0	0	0	-1	14	0	0	0	-1	-1	-1	9	0	-1	0	37	18	-1	-1	6
c11219	0	0	0	0	14	-1	-1	37	-1	0	0	0	-1	0	-1	-1	0	43	-1	43	0	35	0	-1	0	0	17	19	0	-1
c11221	0	0	35	35	39	0	45	24	0	0	0	0	0	29	14	-1	0	0	0	-1	15	18	0	0	0	31	-1	4	45	-1
c11234	-1	-1	0	0	-1	-1	0	37	49	-1	-1	0	-1	-1	0	-1	-1	43	30	0	0	-1	0	0	0	31	0	19	0	17
c11256	-1	0	0	0	14	0	0	37	49	12	-1	0	0	0	-1	27	0	-1	-1	0	0	35	0	0	-1	45	39	-1	0	17
c11261	19	0	35	0	0	0	0	7	28	-1	-1	-1	0	34	0	0	0	-1	0	0	7	45	0	0	0	21	10	0	0	-1
c11282	-1	-1	-1	-1	0	0	13	-1	0	50	0	50	38	0	0	0	-1	33	-1	8	0	9	42	-1	0	0	14	-1	-1	-1
c11284	0	0	0	0	19	-1	-1	0	0	0	0	17	26	0	0	0	35	-1	0	0	0	-1	0	29	-1	19	0	19	-1	15
c11307	0	0	0	20	19	-1	0	-1	-1	0	0	0	0	10	0	50	0	-1	0	8	0	9	32	12	29	0	39	0	-1	0
c11335	0	-1	25	14	0	48	0	0	44	0	-1	0	0	-1	13	0	0	0	0	8	0	9	0	0	43	0	5	0	-1	-1
c11386	6	0	0	43	14	0	0	-1	-1	0	2	0	0	0	0	-1	0	43	0	0	-1	-1	0	-1	0	-1	-1	19	17	17
c11429	0	0	0	45	0	0	29	-1	-1	25	-1	-1	-1	-1	0	0	5	0	0	8	0	9	0	0	-1	0	17	-1	-1	0
c11430	-1	2	-1	0	0	0	31	0	0	0	-1	0	0	0	0	0	-1	2	0	0	-1	-1	0	26	32	0	47	21	-1	0
c11457	-1	-1	49	-1	14	50	0	-1	49	7	0	0	0	0	7	0	-1	-1	-1	-1	-1	-1	0	-1	0	45	0	-1	0	17
c11461	6	33	0	2	-1	31	0	37	49	-1	2	-1	0	39	0	45	-1	43	4	-1	-1	-1	0	0	0	0	31	-1	-1	17
c11476	13	-1	0	11	0	-1	0	0	0	0	14	4	-1	0	-1	0	0	2	0	-1	0	0	13	26	0	-1	-1	-1	0	0
c11511	0	0	0	18	0	0	0	0	0	-1	21	-1	47	-1	0	0	-1	0	-1	0	-1	0	0	0	33	0	0	0	0	-1
c11533	-1	0	-1	-1	0	14	0	0	0	45	0	0	0	-1	45	34	22	0	-1	8	0	9	0	29	-1	0	0	-1	0	14
c11542	-1	23	-1	39	0	-1	45	0	8	45	-1	-1	23	0	-1	-1	0	2	0	-1	0	0	0	26	0	18	47	21	34	-1
c11547	6	0	-1	18	14	-1	-1	37	49	0	2	-1	0	-1	0	45	-1	43	17	0	0	-1	50	27	0	0	-1	19	0	17
c11576	0	2	0	-1	-1	0	45	0	0	25	-1	1	-1	0	39	0	0	27	10	0	-1	0	14	0	0	0	0	0	9	25
c11577	-1	2	0	-1	0	0	45	0	0	25	0	1	-1	0	39	0	0	27	10	-1	-1	0	14	0	-1	0	0	0	9	25
c11618	0	2	0	-1	14	0	0	37	49	0	-1	0	-1	33	0	0	0	-1	0	43	0	-1	0	0	-1	0	0	19	0	17
c11649	0	7	0	6	14	-1	0	-1	49	-1	-1	0	0	-1	-1	-1	36	43	0	0	0	35	0	0	0	0	0	-1	-1	17
c11655	13	0	0	30	4	0	0	17	0	0	0	34	23	4	-1	13	0	2	29	47	-1	-1	-1	26	0	-1	-1	-1	19	0
c11664	13	0	0	0	4	0	0	-1	14	0	0	0	23	0	0	13	-1	2	-1	0	0	-1	0	26	0	0	47	-1	-1	0
c11678	-1	0	0	0	0	-1	0	0	9	50	0	0	38	0	0	0	0	-1	-1	8	0	9	-1	14	0	0	0	35	34	-1
c11687	11	0	0	0	-1	27	0	24	-1	0	-1	0	-1	19	0	0	-1	0	0	4	21	0	27	0	0	49	0	0	-1	0
c11692	-1	0	0	0	0	0	0	23	0	-1	29	4	0	0	0	0	0	0	34	8	31	-1	0	-1	-1	0	0	0	0	0
c11695	-1	0	0	0	14	50	0	37	-1	7	-1	0	-1	39	-1	0	0	-1	36	0	-1	-1	0	0	4	-1	-1	19	-1	17
c11715	-1	7	0	-1	14	0	0	-1	49	-1	-1	0	0	-1	0	0	-1	-1	0	0	0	35	43	0	0	0	0	19	13	17
c11733	-1	-1	0	0	19	-1	3	0	0	14	0	0	12	26	25	0	-1	2	36	0	0	-1	-1	26	-1	0	47	21	0	0
c11743	0	50	0	-1	0	0	45	0	0	0	0	1	-1	-1	-1	0	0	0	10	-1	-1	0	-1	0	27	26	0	0	9	-1
c11744	0	0	0	-1	-1	0	0	37	49	0	43	18	0	0	-1	0	8	-1	45	-1	0	35	0	0	0	0	0	19	0	17
c11772	6	-1	0	0	14	0	0	37	-1	0	2	0	-1	0	0	45	0	43	0	0	0	-1	0	0	0	0	-1	19	-1	17
c11784	-1	0	-1	0	-1	0	0	37	-1	0	7	0	0	-1	0	0	45	43	0	0	0	35	0	0	0	45	8	-1	-1	17
c11785	-1	-1	0	0	14	0	0	37	-1	0	7	-1	-1	-1	4	-1	45	43	0	0	0	35	-1	0	-1	-1	0	19	0	17
c11790	0	0	0	-1	-1	40	0	7	0	0	43	17	0	-1	0	0	0	-1	26	19	0	-1	-1	9	0	21	-1	0	0	0
c11802	14	39	14	35	0	-1	45	24	0	-1	0	-1	38	0	0	13	0	17	0	26	0	0	19	0	-1	0	-1	4	0	0
c11829	0	0	0	-1	14	-1	0	37	-1	0	29	0	0	10	-1	-1	-1	43	0	0	0	35	-1	-1	0	0	39	19	13	17
c11856	-1	0	0	-1	14	0	0	37	49	-1	7	0	0	0	0	-1	0	43	0	-1	6	35	12	-1	4	-1	0	19	0	17
c11857	-1	0	0	0	-1	0	0	37	49	0	7	0	0	0	0	-1	0	-1	0	0	6	35	12	-1	-1	45	-1	19	-1	17
c11862	-1	-1	0	0	0	29	-1	0	-1	0	0	0	-1	0	0	0	0	2	0	0	0	-1	0	26	0	31	47	21	0	0
c11887	0	24	0	-1	0	25	26	-1	0	0	2	36	-1	0	-1	29	50	0	45	0	21	0	18	0	46	10	0	0	29	0
c11902	0	-1	-1	0	14	0	0	-1	49	-1	-1	-1	9	0	0	-1	0	43	14	43	0	-1	0	0	0	-1	0	19	0	17
c11916	-1	0	27	-1	14	-1	27	37	49	0	7	0	11	0	0	-1	0	43	0	-1	0	35	0	0	0	45	0	19	22	17
c11950	0	4	0	-1	10	40	-1	30	31	0	-1	17	0	0	0	-1	0	0	26	19	35	35	-1	-1	-1	-1	0	0	-1	0
c11977	-1	-1	0	-1	0	0	0	-1	0	0	0	-1	0	-1	7	0	-1	0	0	8	-1	9	-1	0	0	0	37	0	0	-1
c11983	45	0	0	0	21	40	0	7	15	36	-1	17	0	0	0	0	0	0	-1	19	0	0	-1	50	-1	0	-1	0	37	0
c11986	0	0	0	-1	0	-1	0	-1	26	25	0	-1	0	0	-1	0	0	0	0	8	0	-1	29	0	-1	0	0	0	0	0
c11987	0	0	0	14	0	29	0	0	26	25	0	43	0	-1	-1	0	0	-1	0	8	0	-1	29	0	-1	-1	0	0	36	0
c12015	-1	0	17	0	14	0	0	37	-1	34	7	0	0	0	0	0	0	43	0	0	18	35	0	43	0	45	-1	-1	0	17
c12023	29	0	-1	0	0	0	0	23	0	25	0	4	-1	0	0	0	0	0	34	8	0	9	0	0	-1	-1	0	-1	0	0
c12045	0	2	16	0	14	-1	0	37	-1	-1	-1	0	0	0	0	-1	0	43	19	-1	0	-1	0	0	0	0	0	19	45	17
c12063	13	-1	0	0	0	-1	-1	0	0	0	0	0	0	26	0	0	0	2	36	0	0	42	0	26	0	0	47	21	0	-1
c12162	0	2	-1	0	14	-1	0	-1	49	18	-1	7	0	0	0	0	0	43	0	43	0	-1	0	0	0	-1	0	19	-1	17
c12180	6	0	0	-1	14	0	0	37	49	31	2	-1	18	10	0	45	0	43	39	35	0	-1	0	-1	-1	18	0	19	-1	-1
c12183	0	-1	0	19	14	0	-1	37	49	-1	0	-1	35	32	0	-1	36	43	-1	25	36	35	10	10	-1	26	-1	-1	-1	17
c12213	-1	-1	-1	0	0	36	0	0	0	0	-1	0	0	0	-1	0	45	2	0	14	-1	-1	0	26	0	31	47	21	-1	7
c12221	-1	0	0	7	19	-1	-1	18	0	-1	0	17	26	0	0	0	35	0	0	0	-1	-1	0	29	0	19	0	19	-1	0
c12258	0	2	-1	0	14	0	0	37	49	0	-1	0	0	0	0	0	0	43	0	-1	18	35	-1	0	0	-1	0	19	35	-1
c12274	0	0	0	-1	0	0	18	0	35	-1	-1	0	-1	27	0	17	0	0	0	8	0	-1	0	0	50	-1	-1	-1	0	0
c12279	-1	4	-1	0	10	40	0	0	0	0	0	17	25	0	0	0	-1	0	26	19	-1	0	-1	27	34	0	0	0	-1	-1
c12325	-1	0	0	0	-1	-1	-1	37	49	0	7	0	0	0	45	-1	0	43	0	27	0	35	0	0	0	45	0	19	0	17
c12351	6	-1	0	0	14	0	0	37	49	10	0	0	0	0	0	43	-1	43	0	0	0	-1	45	0	-1	0	-1	19	0	17
c12356	-1	39	-1	-1	-1	0	45	-1	0	0	-1	-1	-1	25	-1	0	0	4	10	0	-1	0	14	0	0	-1	10	0	9	25
c12357	-1	39	-1	-1	-1	0	45	0	0	0	-1	1	-1	25	0	-1	0	0	10	0	-1	0	14	0	0	0	0	0	-1	25
c12382	0	-1	0	-1	29	0	45	0	-1	35	0	-1	-1	0	0	0	0	0	10	-1	-1	44	-1	0	0	0	-1	0	9	25
c12396	6	-1	0	0	14	0	-1	37	49	0	0	34	-1	0	0	29	0	43	0	-1	49	35	0	44	48	0	0	-1	0	17
c12409	11	2	0	0	0	0	0	2	14	0	0	19	0	0	0	16	-1	-1	-1	0	-1	24	0	31	24	14	0	-1	0	4
c12438	6	0	-1	0	14	-1	-1	37	49	0	0	0	-1	0	43	45	45	-1	0	-1	29	35	32	0	0	0	12	19	0	17
c12439	-1	0	0	-1	14	0	0	-1	49	0	0	0	0	0	43	0	0	43	0	0	0	35	32	0	0	-1	-1	19	0	17
c12464	-1	-1	0	25	19	0	0	7	-1	47	0	14	0	0	0	-1	0	2	0	0	0	-1	0	26	-1	31	47	21	0	0
c12465	13	-1	0	25	0	0	0	7	0	47	0	14	0	-1	0	-1	29	2	0	0	0	0	0	26	0	31	47	21	-1	0
c12480	35	0	0	0	0	0	34	24	-1	-1	0	0	-1	-1	0	0	-1	39	0	-1	21	0	0	-1	-1	0	-1	-1	45	-1
c12497	0	45	0	-1	0	0	45	0	-1	0	0	1	-1	0	0	0	0	32	10	-1	-1	0	14	16	0	0	0	0	9	25
c12516	0	0	-1	0	31	-1	30	0	-1	36	0	0	0	10	-1	0	0	0	0	8	-1	9	15	0	0	0	0	0	12	0
c12535	-1	-1	0	0	15	-1	-1	0	0	0	-1	0	-1	14	0	0	0	-1	0	8	0	-1	0	0	0	-1	24	0	10	-1
c12547	0	17	0	0	0	-1	30	7	28	-1	0	17	-1	34	0	0	0	-1	-1	0	7	34	40	0	0	21	-1	0	0	-1
c12568	0	43	-1	35	0	0	45	24	42	19	0	35	-1	29	0	0	0	-1	0	26	0	-1	-1	12	0	0	0	4	0	-1
c12576	0	0	0	25	14	0	0	37	49	0	5	-1	0	0	-1	0	36	43	7	0	0	35	45	0	0	0	0	-1	13	17
c12581	-1	0	-1	0	14	0	0	37	49	0	7	0	0	17	0	0	0	-1	0	10	35	35	0	0	0	45	35	19	-1	-1
c12582	0	0	-1	0	-1	50	0	0	-1	-1	0	17	-1	39	0	-1	0	-1	-1	0	42	0	0	0	-1	0	0	0	19	-1
c12603	-1	0	34	-1	0	0	-1	0	0	-1	0	0	38	0	0	0	0	33	-1	8	-1	9	42	14	0	45	0	0	-1	-1
c12651	0	46	0	29	31	-1	16	0	14	25	0	-1	-1	0	29	0	35	7	34	8	0	9	0	-1	-1	0	48	-1	0	0
c12652	6	25	0	0	-1	0	8	37	49	0	0	0	0	0	-1	0	28	43	0	0	0	-1	45	-1	0	-1	0	19	-1	17
c12659	-1	26	0	0	14	-1	0	37	-1	-1	2	0	0	0	0	-1	0	43	0	0	-1	-1	0	24	-1	-1	0	19	0	-1
c12685	-1	0	0	0	-1	0	0	37	49	-1	-1	-1	0	0	-1	0	-1	43	7	-1	0	35	0	0	-1	-1	0	19	13	17
c12687	0	0	0	0	0	0	0	0	44	0	0	-1	0	10	14	0	0	0	-1	8	0	9	0	-1	0	37	0	0	-1	-1
c12696	-1	0	13	0	-1	0	4	0	0	-1	0	-1	0	0	27	0	0	0	26	0	-1	-1	37	2	-1	0	-1	0	19	0
c12711	-1	0	-1	0	14	0	0	-1	-1	0	-1	0	0	0	0	-1	-1	-1	0	0	-1	35	0	19	0	-1	39	-1	-1	17
c12722	13	-1	17	0	-1	0	0	15	0	0	-1	14	0	0	0	0	-1	2	0	0	0	-1	0	-1	8	-1	47	-1	31	0
c12732	6	-1	0	-1	14	-1	0	37	49	0	0	0	39	0	0	-1	50	43	0	0	4	-1	32	-1	0	-1	-1	19	0	17
c12733	6	28	-1	43	14	0	0	37	49	-1	0	-1	39	0	0	0	50	-1	0	-1	4	35	-1	0	0	0	12	19	0	-1
c12765	0	42	-1	14	0	4	0	13	0	29	0	17	0	-1	0	0	-1	27	-1	0	23	-1	-1	39	13	0	0	0	0	26
c12770	-1	7	-1	-1	10	40	0	0	0	0	0	17	0	0	-1	0	-1	0	26	19	0	0	-1	0	-1	0	-1	0	0	0
c12779	0	0	0	27	0	0	14	0	0	25	-1	0	0	0	0	0	0	0	0	8	-1	9	29	0	-1	0	0	0	0	0
c12831	12	0	0	-1	0	0	0	0	7	14	0	21	-1	-1	27	-1	0	0	0	-1	-1	-1	0	0	-1	0	47	0	28	0
c12844	0	-1	-1	0	0	-1	0	17	0	33	-1	17	0	19	0	4	-1	0	26	19	0	0	-1	0	0	0	-1	0	0	0
c12903	-1	0	45	31	14	0	0	-1	49	0	-1	35	13	0	0	0	18	43	0	0	-1	35	45	38	0	0	0	-1	0	17
c12998	-1	-1	0	0	14	14	0	37	49	-1	0	-1	0	-1	21	0	-1	43	45	10	0	-1	0	32	0	45	-1	19	0	17
c13020	0	2	0	45	14	0	0	37	49	0	-1	21	-1	0	-1	10	0	43	0	43	-1	35	0	0	-1	-1	19	19	0	-1
c13021	0	2	0	45	14	0	0	-1	49	0	-1	21	-1	0	0	10	0	43	0	-1	0	35	0	0	-1	-1	19	19	0	-1
c13022	-1	-1	-1	0	14	19	0	37	49	0	7	-1	-1	0	0	0	0	-1	0	32	0	35	0	42	0	45	0	19	0	17
c13029	-1	-1	0	-1	50	0	0	-1	12	-1	-1	32	0	0	0	-1	0	2	0	0	0	0	-1	-1	8	-1	47	-1	0	0
c13032	-1	0	0	-1	0	34	0	-1	-1	-1	31	4	-1	0	40	-1	-1	0	34	8	25	9	-1	4	-1	0	0	0	0	29
c13044	0	4	-1	-1	10	40	0	30	31	0	0	17	0	0	0	0	0	0	26	19	35	35	-1	-1	-1	-1	0	0	0	0
c13081	0	0	25	14	0	48	0	0	44	0	0	0	-1	-1	0	0	0	13	0	8	6	9	0	0	43	0	0	0	0	0
c13103	0	25	0	0	14	0	-1	37	49	0	0	-1	29	0	0	0	-1	43	7	0	-1	35	-1	0	6	0	31	19	13	17
c13120	13	-1	-1	-1	-1	31	0	4	0	0	14	36	31	0	-1	0	0	2	35	0	29	31	-1	26	12	-1	47	-1	0	0
c13128	-1	0	0	0	15	0	0	0	0	50	35	-1	38	0	35	0	0	33	-1	8	0	-1	29	14	0	0	-1	0	34	-1
c13138	13	-1	-1	0	0	0	-1	-1	0	0	14	0	31	0	-1	-1	-1	2	0	0	0	0	0	26	42	0	47	-1	-1	0
c13166	-1	0	0	0	14	-1	0	37	49	30	0	-1	0	16	0	0	36	43	45	0	0	35	33	0	0	0	0	19	13	17
c13168	-1	0	0	0	14	0	0	37	49	0	7	0	0	0	0	-1	0	43	0	0	0	35	34	-1	0	-1	0	19	39	17
c13192	0	0	0	-1	-1	0	0	37	49	0	43	18	0	0	0	34	0	-1	45	43	-1	35	0	21	0	0	0	19	0	17
c13198	-1	-1	7	0	-1	0	45	37	49	-1	-1	0	0	0	0	-1	-1	-1	0	43	-1	35	-1	-1	-1	0	0	-1	0	17
c13199	-1	2	7	0	14	0	0	37	49	0	-1	0	-1	-1	0	0	0	-1	0	43	0	35	0	34	0	0	0	-1	0	-1
c13203	6	0	-1	31	-1	0	0	-1	49	0	0	-1	0	0	0	-1	0	43	0	14	0	-1	-1	0	0	-1	0	-1	40	17
c13205	-1	0	-1	2	-1	0	0	37	49	0	7	4	-1	0	0	7	0	-1	0	0	0	35	34	4	-1	45	0	19	39	17
c13214	35	0	-1	0	0	0	0	7	28	0	0	17	0	34	0	0	0	-1	-1	-1	-1	-1	19	-1	37	21	0	0	-1	0
c13227	0	0	0	0	14	0	0	37	49	0	0	-1	0	0	0	0	36	-1	7	0	0	-1	12	0	0	32	0	-1	13	17
c13232	6	-1	0	0	14	0	-1	37	49	0	2	0	0	-1	0	45	4	43	0	-1	0	-1	0	0	0	0	0	19	17	17
c13233	6	0	0	0	14	0	14	-1	49	0	-1	0	0	0	0	-1	4	-1	0	0	0	-1	46	0	0	0	0	19	-1	17
c13238	-1	0	0	0	-1	-1	0	-1	0	0	2	0	-1	0	0	0	0	0	-1	4	21	0	-1	-1	0	0	0	0	-1	-1
c13242	6	-1	-1	31	14	-1	0	-1	49	0	0	-1	0	0	0	0	0	43	0	14	-1	35	-1	0	0	27	0	19	-1	17
c13243	6	0	-1	31	-1	0	-1	-1	49	-1	0	0	0	0	0	0	0	43	-1	14	0	35	0	0	0	27	0	19	40	17
c13315	12	0	0	35	-1	-1	0	23	0	29	0	21	-1	15	0	0	0	0	27	0	-1	0	-1	0	0	0	47	-1	28	7
c13322	12	0	-1	0	-1	22	-1	23	0	-1	0	-1	-1	0	0	0	-1	0	12	0	0	0	0	-1	39	0	47	5	28	29
c13325	-1	0	18	0	14	0	-1	37	-1	0	-1	-1	0	12	-1	27	12	43	0	-1	0	35	0	27	0	-1	39	19	0	17
c13328	13	-1	0	0	-1	0	0	0	0	0	-1	0	31	0	-1	0	0	2	0	0	0	0	0	26	0	0	47	21	14	0
c13331	-1	2	0	0	14	45	-1	-1	-1	8	-1	0	0	-1	0	0	0	43	0	43	0	35	0	0	-1	0	45	19	0	17
c13345	-1	-1	0	0	14	-1	0	37	-1	0	-1	0	0	0	0	0	0	43	0	43	0	-1	-1	0	39	0	31	19	0	17
c13347	12	0	-1	-1	-1	0	33	0	0	0	0	21	-1	-1	0	50	-1	0	0	0	0	0	-1	25	-1	-1	-1	0	-1	0
c13367	6	25	0	0	14	-1	8	37	-1	12	0	0	0	0	0	39	28	43	22	0	-1	35	45	26	0	-1	0	19	35	17
c13400	-1	-1	0	0	0	7	-1	0	-1	50	0	0	38	-1	0	0	0	33	-1	8	12	-1	45	14	-1	-1	0	-1	34	-1
c13428	0	-1	0	0	-1	22	0	0	0	0	0	43	0	15	0	41	0	32	-1	38	0	0	-1	-1	0	45	19	19	26	-1
c13490	-1	39	-1	35	0	0	45	24	-1	-1	0	0	38	0	0	13	0	17	0	-1	0	-1	-1	-1	0	0	46	4	-1	0
c13496	-1	-1	25	-1	0	0	35	4	44	-1	0	-1	0	-1	0	-1	-1	4	-1	8	0	9	0	0	0	0	0	0	0	0
c13522	12	0	-1	49	-1	-1	0	23	0	0	21	21	-1	0	0	0	0	47	-1	0	-1	0	0	0	-1	0	47	0	28	0
c13539	12	-1	-1	0	-1	-1	0	23	0	0	0	21	-1	0	0	0	21	-1	-1	0	0	0	-1	0	0	0	47	33	28	0
c13547	13	-1	31	17	0	42	24	0	0	0	45	-1	0	0	0	0	0	2	0	0	0	0	34	-1	0	0	47	21	0	0
c13573	-1	50	-1	0	14	0	-1	37	49	0	-1	0	0	0	0	0	45	43	0	-1	0	35	45	35	0	0	11	-1	0	17
c13574	0	0	25	12	0	48	0	0	44	36	0	31	0	-1	0	-1	0	0	33	8	0	9	-1	0	-1	0	18	34	12	4
c13575	0	-1	-1	12	0	48	-1	0	44	36	0	31	0	10	0	0	0	0	-1	-1	0	9	0	0	-1	0	18	34	0	4
c13577	-1	-1	0	-1	14	10	0	37	49	0	-1	34	0	-1	0	-1	0	43	0	-1	0	35	0	39	-1	-1	0	19	2	17
c13582	-1	0	0	0	14	-1	-1	37	49	0	-1	0	0	0	0	0	0	43	0	0	-1	-1	-1	0	0	-1	-1	19	39	17
c13602	0	39	0	0	14	14	0	-1	49	39	43	0	0	0	0	0	0	-1	-1	43	0	35	0	0	0	-1	14	19	-1	17
c13620	39	4	0	-1	10	40	-1	0	0	0	0	17	0	0	45	0	0	-1	26	19	0	35	-1	27	-1	-1	0	34	0	0
c13639	13	-1	25	14	0	45	-1	0	0	0	0	0	0	-1	0	0	0	2	-1	-1	11	0	0	-1	0	0	-1	21	0	39
c13671	-1	-1	17	0	-1	0	0	37	49	-1	7	-1	0	0	0	0	0	43	-1	0	0	35	-1	43	0	45	0	19	33	-1
c13687	0	-1	0	-1	-1	0	0	37	49	0	-1	-1	0	17	0	0	-1	43	17	-1	0	-1	-1	0	0	0	0	19	0	17
c13699	0	-1	0	-1	0	0	45	-1	-1	0	0	1	-1	0	39	0	0	-1	10	45	-1	0	-1	-1	27	26	0	0	9	-1
c13716	39	0	0	0	0	0	0	24	45	0	-1	0	-1	0	32	13	0	0	0	-1	21	34	0	0	-1	-1	0	12	29	0
c13726	6	25	13	0	-1	0	8	37	49	0	0	-1	0	7	-1	0	28	43	0	0	0	-1	45	0	0	0	0	19	0	-1
c13762	6	0	-1	0	-1	0	0	37	49	0	2	-1	0	0	0	-1	0	43	-1	0	0	-1	0	0	0	0	0	19	17	17
c13813	12	-1	-1	0	0	0	0	0	0	0	0	21	-1	0	-1	0	0	-1	-1	29	0	0	-1	10	-1	0	47	0	28	0
c13826	0	-1	-1	-1	0	-1	31	0	0	0	26	17	-1	-1	-1	0	-1	0	32	0	0	0	0	0	0	0	4	-1	0	-1
c13840	0	-1	0	0	0	14	0	-1	0	-1	45	-1	0	0	0	-1	-1	0	0	19	0	24	0	30	0	0	0	0	0	13
c13858	0	45	0	-1	0	0	45	-1	0	0	-1	1	-1	0	0	-1	0	32	-1	-1	-1	-1	14	0	0	-1	0	0	9	25
c13863	-1	0	0	-1	0	0	2	-1	0	0	24	21	-1	15	0	33	39	0	27	0	0	-1	0	-1	-1	32	-1	-1	28	35
c13901	0	-1	-1	-1	0	0	45	0	-1	-1	0	1	-1	-1	0	0	0	-1	10	-1	-1	0	-1	-1	0	45	0	19	-1	25
c13902	0	0	0	-1	0	11	0	0	0	29	0	0	0	35	-1	-1	-1	29	-1	0	0	-1	0	0	0	0	0	6	1	0
c13913	6	-1	0	0	14	0	0	37	-1	0	0	0	-1	0	0	0	-1	43	-1	0	-1	35	-1	0	-1	14	-1	19	0	17
c13945	-1	-1	38	-1	-1	0	0	0	9	-1	0	45	44	0	0	0	-1	12	45	31	0	24	37	34	0	-1	-1	0	0	-1
c13953	14	39	14	35	0	0	45	24	35	0	0	-1	38	0	-1	13	0	17	0	26	0	0	19	0	0	0	-1	4	0	0
c13960	32	-1	-1	29	14	0	0	37	49	0	11	0	0	0	-1	-1	-1	43	0	43	0	35	9	-1	27	0	0	19	0	17
c13964	0	-1	0	-1	0	29	39	12	0	0	0	19	0	0	24	0	-1	15	0	15	11	24	31	0	24	0	0	0	0	0
c13976	0	-1	45	0	14	0	26	37	49	-1	0	35	-1	0	0	0	0	43	0	43	0	35	0	27	-1	0	0	19	0	-1
c13980	6	0	45	-1	14	-1	0	37	49	0	-1	-1	13	32	-1	-1	0	43	0	-1	0	-1	45	0	27	0	39	-1	-1	17
c14027	-1	5	-1	-1	7	0	45	-1	0	0	0	1	-1	0	0	0	0	0	10	0	-1	0	14	-1	0	0	-1	0	9	25
c14052	15	0	33	0	0	29	0	9	-1	0	0	17	0	34	-1	14	0	0	-1	45	-1	21	13	0	0	4	0	16	0	26
c14054	0	-1	0	-1	0	-1	-1	21	0	0	0	0	0	0	-1	0	0	0	0	-1	0	9	27	29	0	0	0	0	0	0
c14083	6	25	0	0	-1	-1	8	37	-1	0	-1	0	29	0	-1	0	-1	-1	0	-1	-1	35	45	0	43	-1	0	19	0	-1
c14099	-1	0	0	0	14	-1	34	23	0	25	0	4	0	0	29	-1	0	-1	34	8	0	9	0	0	-1	0	0	0	0	0
c14109	6	0	0	-1	-1	0	39	37	-1	0	-1	0	-1	-1	0	0	-1	-1	14	0	0	35	32	-1	0	0	12	19	-1	17
c14193	0	0	0	-1	0	-1	45	0	2	0	0	1	-1	0	0	0	0	0	10	-1	-1	-1	-1	0	6	-1	0	19	9	25
c14208	0	0	-1	4	0	14	18	-1	35	0	26	0	0	27	0	0	0	0	0	8	0	-1	0	-1	50	0	-1	14	0	-1
c14221	0	0	0	0	0	0	0	2	14	0	7	-1	-1	0	0	21	-1	0	-1	0	0	24	-1	-1	24	0	0	-1	27	0
c14238	6	-1	0	0	14	0	0	-1	-1	0	0	0	0	0	-1	0	0	43	0	-1	0	35	45	-1	0	0	-1	-1	0	17
c14241	0	-1	0	-1	0	30	-1	0	0	-1	0	17	39	0	0	0	0	0	26	0	42	0	0	-1	33	-1	2	0	0	0
c14244	6	25	13	-1	-1	0	8	37	49	0	0	-1	0	0	0	-1	28	43	-1	0	0	35	45	0	0	0	0	19	0	-1
c14265	6	-1	-1	-1	14	29	0	-1	49	0	-1	0	0	0	0	0	-1	-1	0	14	-1	-1	0	0	0	0	0	19	-1	17
c14283	0	0	0	47	14	-1	19	37	49	-1	11	29	0	0	0	25	0	-1	39	43	0	35	9	0	0	0	-1	-1	-1	17
c14290	0	0	0	-1	0	45	45	0	0	0	0	1	-1	0	19	0	15	0	-1	0	-1	0	14	0	-1	0	0	-1	9	25
c14294	31	4	0	0	10	40	-1	0	-1	-1	0	-1	0	0	0	-1	0	0	26	19	0	35	-1	-1	-1	-1	0	0	0	0
c14322	17	-1	32	11	-1	0	2	37	0	0	-1	0	-1	12	0	43	0	43	26	0	0	35	0	0	0	0	24	-1	11	17
c14331	0	-1	0	43	29	40	-1	7	-1	-1	6	-1	-1	-1	0	0	0	0	26	19	24	0	-1	-1	0	0	17	-1	0	0
c14337	0	33	14	35	-1	0	12	37	49	0	32	-1	0	9	-1	25	0	43	0	-1	-1	35	-1	0	0	0	0	19	0	17
c14367	0	0	21	14	33	18	0	0	-1	10	0	-1	21	34	0	17	-1	0	0	0	41	0	0	-1	0	0	0	-1	0	29
c14389	-1	0	-1	0	-1	41	0	37	-1	-1	0	17	0	14	0	0	0	-1	0	14	29	-1	-1	0	0	-1	0	19	0	17
c14392	-1	0	14	-1	-1	25	0	21	0	0	0	0	0	0	0	0	0	0	0	8	0	9	27	29	0	0	0	0	-1	0
c14398	24	0	-1	0	14	0	-1	37	49	0	0	0	-1	0	0	0	0	-1	0	43	0	35	0	-1	0	-1	17	-1	0	17
c14399	24	0	0	9	14	0	-1	37	49	0	0	0	-1	0	0	0	0	-1	0	43	0	35	-1	0	-1	-1	17	-1	-1	17
c14419	6	-1	0	0	14	-1	0	37	-1	0	17	0	-1	0	43	-1	0	43	0	0	0	35	-1	0	-1	0	12	19	0	17
c14439	45	-1	0	-1	-1	0	45	0	0	0	-1	1	-1	0	0	0	0	0	10	-1	-1	0	14	0	0	0	18	0	9	25
c14443	0	45	0	13	0	0	0	-1	-1	-1	20	17	0	0	18	-1	0	0	-1	0	42	0	0	0	33	0	6	-1	0	-1
c14451	13	-1	25	14	0	-1	0	0	0	-1	0	0	0	0	0	0	0	2	36	15	11	0	0	-1	-1	0	47	-1	0	0
c14481	0	-1	0	0	-1	0	0	6	0	-1	20	17	0	-1	0	-1	0	0	26	0	42	-1	0	-1	33	0	-1	0	0	0
c14487	0	0	0	0	0	-1	0	0	0	33	0	17	13	-1	0	4	-1	-1	26	19	0	-1	-1	0	0	0	0	0	0	0
c14502	-1	12	-1	10	-1	29	0	2	-1	0	-1	19	-1	0	26	0	-1	0	0	0	0	24	0	29	24	0	39	0	0	5
c14520	13	-1	-1	0	-1	0	-1	15	0	0	37	14	-1	0	0	0	0	2	-1	0	0	0	0	-1	8	0	47	-1	31	0
c14548	45	0	0	-1	0	43	-1	0	0	0	0	1	-1	-1	17	0	0	-1	10	-1	-1	0	-1	0	0	0	0	0	9	25
c14586	0	-1	-1	-1	34	0	31	0	-1	0	0	17	-1	-1	29	-1	29	18	29	40	0	0	0	0	-1	0	-1	0	0	0
c14608	-1	-1	-1	0	14	-1	0	37	-1	0	0	0	0	14	30	0	0	43	0	14	0	35	-1	0	0	-1	0	19	0	17
c14626	0	-1	32	14	-1	0	6	37	0	0	-1	-1	-1	0	19	-1	0	-1	26	0	0	35	10	29	0	0	24	19	11	17
c14631	6	0	0	-1	-1	0	0	37	-1	7	2	0	-1	0	0	-1	0	43	35	0	0	-1	-1	0	28	0	0	-1	17	17
c14641	0	-1	0	0	46	0	0	-1	33	-1	0	-1	0	0	-1	0	27	39	0	8	0	9	-1	-1	-1	0	0	-1	-1	0
c14656	0	0	-1	0	14	0	0	37	-1	-1	-1	-1	0	-1	0	0	36	-1	7	0	0	35	0	0	0	0	0	-1	13	-1
c14679	0	0	0	-1	17	22	0	-1	0	0	0	43	-1	15	0	0	0	32	-1	38	-1	0	37	-1	0	-1	19	19	26	0
c14685	6	0	32	0	-1	0	0	37	49	0	2	0	0	-1	0	45	0	43	0	0	-1	-1	0	0	32	0	0	19	-1	-1
c14688	0	0	-1	-1	-1	0	0	37	42	0	0	0	-1	0	0	30	0	-1	-1	0	-1	-1	0	29	-1	45	24	-1	0	17
c14706	-1	0	27	0	-1	-1	27	37	-1	-1	7	-1	11	0	0	-1	0	43	-1	0	-1	35	0	0	0	45	45	19	27	17
c14735	6	0	-1	0	14	41	0	37	49	0	0	0	0	14	0	0	0	43	0	14	0	35	-1	0	0	-1	0	19	0	17
c14743	13	-1	25	0	0	45	-1	0	0	0	29	0	0	0	0	0	0	2	36	34	0	-1	15	-1	0	0	47	21	-1	7
c14856	6	50	-1	-1	-1	0	-1	37	49	0	0	9	-1	0	-1	0	0	43	0	-1	0	35	45	35	0	0	11	19	-1	17
c14857	6	50	-1	0	-1	-1	0	37	49	0	-1	9	-1	3	0	0	0	43	-1	14	-1	35	45	35	0	-1	-1	19	0	17
c14888	6	0	-1	10	14	0	0	37	49	0	0	0	-1	0	27	0	0	-1	0	0	26	35	32	0	32	0	12	-1	0	17
c14889	6	0	0	10	14	0	-1	37	49	31	0	0	0	0	27	0	0	43	0	0	0	-1	32	0	32	0	12	-1	0	17
c14890	0	7	0	-1	10	40	0	0	0	0	0	17	0	0	0	0	0	-1	26	-1	-1	0	-1	-1	33	-1	0	0	0	0
c14898	-1	0	42	0	14	6	0	37	-1	0	29	29	18	25	-1	0	0	43	0	4	-1	35	0	0	0	45	0	19	0	17
c14899	-1	0	42	0	14	6	0	37	49	0	29	0	18	-1	0	0	0	43	0	4	-1	35	0	0	0	45	0	-1	-1	17
c14912	13	-1	39	0	2	-1	0	0	0	0	0	0	0	0	0	0	0	2	-1	17	0	-1	0	26	0	0	47	21	13	0
c14917	0	0	0	-1	0	45	45	0	0	0	0	1	-1	0	-1	33	-1	0	10	0	-1	0	14	-1	-1	-1	28	0	9	25
c14925	0	0	0	-1	-1	9	39	37	-1	0	0	-1	0	10	29	0	36	43	0	0	0	-1	0	0	0	0	39	19	13	17
c14942	0	7	0	-1	10	40	0	0	7	0	0	17	2	0	0	-1	0	0	26	19	0	0	-1	0	-1	27	-1	0	0	0
c14988	-1	29	0	50	14	0	0	-1	49	0	7	0	0	17	-1	0	14	43	-1	-1	0	-1	0	0	27	45	35	19	0	17
c15022	39	7	0	6	14	-1	0	-1	49	-1	-1	-1	0	-1	13	0	36	-1	0	0	0	35	-1	-1	0	0	0	19	13	17
c15029	-1	0	0	-1	14	0	0	37	-1	1	11	0	27	-1	14	25	26	-1	0	43	-1	35	0	0	32	0	45	-1	0	-1
c15038	6	50	-1	39	14	-1	0	37	49	0	29	-1	0	0	-1	0	0	43	0	14	0	35	45	35	10	0	11	19	0	-1
c15039	6	50	-1	39	14	-1	0	37	49	0	-1	-1	0	0	0	0	0	43	0	-1	0	35	-1	35	10	0	11	-1	0	17
c15051	-1	0	18	0	14	-1	0	37	49	0	-1	0	0	12	0	27	12	-1	0	0	0	-1	0	27	0	45	39	-1	0	-1
c15054	6	-1	0	0	14	0	-1	37	-1	0	-1	0	26	0	42	45	0	-1	0	0	10	-1	-1	0	-1	0	0	19	0	17
c15061	0	-1	0	14	-1	4	0	0	-1	0	0	17	0	34	0	0	34	27	18	0	0	42	0	-1	0	0	-1	0	-1	0
c15065	-1	2	0	0	14	0	0	37	-1	-1	-1	-1	0	17	0	0	0	43	17	43	0	-1	0	0	0	0	0	-1	-1	17
c15096	6	0	0	-1	14	0	0	37	49	0	0	0	39	0	0	0	-1	43	-1	0	0	35	-1	0	0	0	12	19	-1	17
c15098	0	-1	0	0	0	0	-1	0	0	25	0	-1	0	18	0	31	-1	0	34	8	-1	9	0	0	-1	-1	0	0	0	0
c15110	-1	0	8	-1	14	0	0	-1	-1	-1	-1	0	-1	-1	-1	27	6	43	29	0	29	35	0	0	0	45	39	19	0	17
c15154	-1	0	-1	31	14	29	0	-1	49	0	0	-1	0	0	0	0	-1	43	0	14	0	35	-1	0	0	0	0	19	40	17
c15172	0	9	0	20	2	0	-1	24	0	0	2	0	-1	0	0	-1	-1	45	-1	0	21	-1	-1	0	-1	-1	-1	34	29	31
c15191	-1	0	-1	0	14	-1	0	37	49	39	0	0	0	0	21	0	19	43	0	10	-1	35	-1	-1	0	45	0	19	0	17
c15208	0	0	0	20	0	0	0	-1	44	0	14	0	0	10	0	50	17	0	0	8	0	-1	27	12	29	0	39	-1	0	34
c15224	0	7	0	-1	14	-1	0	-1	49	-1	-1	0	0	-1	-1	-1	36	43	0	-1	-1	35	45	-1	-1	0	0	19	-1	17
c15226	34	0	-1	0	0	24	4	0	-1	0	42	17	0	0	27	0	45	-1	26	0	-1	0	0	0	33	34	35	0	-1	-1
c15236	-1	2	0	9	14	0	-1	37	49	-1	-1	0	0	0	0	0	-1	43	19	43	0	-1	29	0	0	0	31	19	0	17
c15237	-1	2	0	9	14	0	0	37	49	0	-1	0	0	0	0	0	0	-1	19	-1	0	-1	29	0	0	0	31	19	0	17
c15246	-1	0	0	-1	14	0	0	37	49	12	-1	0	-1	0	0	27	0	43	29	35	-1	-1	-1	0	0	45	39	19	0	17
c15251	13	-1	0	0	0	45	-1	0	0	0	0	-1	0	0	7	0	0	2	36	15	0	-1	0	26	-1	0	47	21	-1	0
c15304	13	-1	0	25	0	0	0	0	0	-1	0	14	0	0	-1	0	0	2	-1	0	0	-1	0	26	0	31	47	21	11	-1
c15327	-1	2	0	0	-1	0	0	37	-1	0	-1	-1	0	31	27	0	0	43	0	43	0	35	16	-1	18	0	0	19	0	17
c15372	0	2	-1	33	14	0	-1	37	49	0	-1	0	-1	-1	0	0	0	43	0	43	26	35	42	-1	0	0	0	19	0	17
c15376	0	0	0	-1	0	0	30	0	0	25	0	4	0	22	-1	0	0	0	0	-1	50	9	0	0	-1	0	-1	0	0	0
c15378	-1	0	0	0	0	0	7	21	0	0	0	0	0	7	0	0	-1	29	-1	14	45	-1	0	0	0	15	0	6	0	0
c15386	-1	0	27	0	14	25	0	37	-1	-1	2	0	0	0	0	45	34	43	0	-1	46	-1	0	-1	0	0	0	19	-1	17
c15387	-1	0	0	-1	14	-1	35	37	49	0	2	0	0	0	0	-1	34	43	0	7	0	-1	0	-1	0	-1	0	-1	0	17
c15394	0	0	-1	0	25	-1	-1	0	0	33	-1	17	0	0	0	0	0	0	-1	19	-1	0	-1	0	0	0	0	14	33	-1
c15401	-1	0	0	0	14	0	0	37	-1	0	7	0	-1	17	0	4	0	43	31	-1	35	35	-1	-1	0	45	-1	19	-1	17
c15402	-1	0	40	0	14	0	0	37	-1	0	0	31	0	0	0	0	0	43	0	14	0	35	0	-1	0	-1	0	19	-1	17
c15415	0	2	0	-1	14	0	-1	37	49	0	-1	0	-1	17	-1	0	0	-1	-1	43	0	-1	29	0	0	0	-1	19	0	17
c15417	-1	2	0	-1	-1	0	0	37	49	0	-1	0	0	31	0	0	0	-1	0	43	-1	35	0	-1	0	0	0	-1	0	17
c15419	29	0	19	0	0	35	19	0	0	0	0	0	0	0	-1	0	-1	-1	-1	0	0	-1	0	0	0	0	35	13	-1	0
c15426	6	0	0	11	-1	0	0	37	49	-1	2	0	0	0	0	45	25	43	14	-1	0	-1	-1	39	0	0	0	19	17	17
c15430	0	0	0	45	0	35	0	0	0	-1	0	0	0	0	0	45	-1	29	9	0	0	-1	0	0	0	0	0	-1	0	0
c15444	0	0	-1	0	0	-1	0	-1	-1	25	-1	0	0	42	0	-1	0	0	0	8	0	9	29	0	-1	35	0	12	-1	0
c15449	-1	0	0	0	0	0	0	0	0	-1	0	-1	38	0	18	0	0	33	-1	8	0	9	-1	14	-1	0	0	-1	34	-1
c15454	0	-1	0	45	-1	0	0	0	25	25	10	24	-1	-1	0	-1	0	0	0	8	-1	-1	0	-1	-1	0	0	-1	-1	-1
c15466	0	0	0	-1	7	-1	-1	21	0	0	0	0	0	0	0	0	0	0	0	8	0	9	-1	29	-1	0	-1	0	0	0
c15473	0	0	-1	-1	0	0	45	0	0	0	0	1	-1	0	0	0	9	23	10	-1	-1	0	14	0	-1	0	-1	17	9	25
c15480	0	0	0	-1	0	0	-1	0	44	0	0	0	0	10	14	0	0	0	0	8	0	9	-1	-1	0	37	0	-1	45	6
c15505	0	0	0	-1	0	0	0	0	0	-1	21	-1	47	0	0	0	0	0	-1	-1	42	0	0	0	33	0	-1	0	0	0
c15526	7	4	0	7	10	40	0	0	2	0	0	17	0	-1	0	0	0	0	-1	-1	0	-1	-1	27	0	0	0	0	0	-1
c15544	13	-1	-1	0	-1	31	-1	4	-1	0	-1	36	31	0	0	-1	0	2	35	0	-1	31	0	26	12	0	-1	21	0	0
c15553	13	-1	31	17	-1	-1	24	0	0	0	45	-1	-1	0	-1	0	0	2	0	0	0	0	34	26	0	48	47	21	39	-1
c15597	-1	0	0	0	0	0	0	-1	0	0	0	-1	0	7	0	0	-1	29	-1	14	45	24	0	0	0	0	18	-1	0	-1
c15607	-1	0	0	35	12	0	0	-1	-1	0	0	21	-1	15	-1	-1	0	0	0	0	49	30	0	0	0	27	47	-1	28	0
c15608	12	0	0	47	-1	29	19	37	-1	0	-1	0	0	0	0	25	0	43	-1	43	0	35	-1	0	0	0	0	19	0	17
c15610	-1	-1	0	0	-1	-1	0	0	-1	27	0	0	0	0	0	-1	0	2	-1	0	0	-1	33	26	0	-1	47	21	0	0
c15633	13	0	0	0	4	0	26	0	-1	-1	0	0	23	0	0	13	0	2	29	0	0	-1	0	26	0	0	-1	21	-1	0
c15635	-1	-1	17	0	14	0	5	-1	49	0	7	0	0	0	0	0	-1	43	-1	0	0	-1	0	43	0	45	0	19	-1	17
c15642	4	43	-1	-1	32	-1	45	24	-1	31	0	-1	27	29	-1	48	0	0	0	-1	0	0	0	-1	0	0	0	-1	0	-1
c15643	4	43	-1	-1	32	-1	45	24	0	31	0	0	0	29	-1	-1	0	0	0	26	0	0	0	-1	-1	0	0	-1	0	-1
c15654	-1	0	-1	0	0	34	19	-1	0	0	0	0	0	0	0	0	-1	39	0	0	0	24	10	0	0	-1	0	13	-1	0
c15658	0	-1	14	0	-1	0	12	37	49	5	-1	-1	0	-1	-1	25	-1	-1	0	-1	0	35	9	-1	0	0	0	19	39	-1
c15660	-1	-1	0	50	14	0	0	-1	-1	1	11	0	0	0	14	-1	26	43	0	43	0	35	2	25	32	-1	0	19	0	17
c15662	45	0	36	-1	0	0	0	-1	0	0	0	-1	-1	0	15	0	0	0	-1	0	-1	0	14	0	45	0	0	-1	0	-1
c15666	0	0	0	0	37	6	0	0	-1	-1	-1	31	0	0	0	0	37	-1	0	8	0	-1	-1	29	0	-1	0	19	0	0
c15681	0	0	0	0	0	-1	-1	0	0	33	-1	17	13	0	0	4	-1	0	-1	19	0	0	-1	-1	-1	0	-1	0	-1	-1
c15684	13	0	28	-1	4	0	45	0	-1	-1	-1	0	23	0	-1	13	14	2	-1	0	0	-1	-1	26	0	-1	47	-1	41	16
c15689	0	0	38	0	0	0	0	0	0	0	0	-1	0	0	-1	0	-1	12	0	-1	0	-1	-1	34	-1	17	-1	0	12	0
c15700	6	0	0	43	14	0	0	37	49	0	0	0	39	0	0	31	0	43	-1	0	0	35	32	0	0	-1	12	19	-1	-1
c15704	6	0	34	0	14	0	0	37	49	0	2	0	45	0	-1	-1	0	43	27	0	0	35	40	0	-1	0	0	19	0	17
c15712	0	2	0	-1	0	0	45	0	0	25	-1	1	-1	33	39	0	-1	-1	10	0	-1	0	14	0	0	0	0	0	9	25
c15777	34	0	0	45	0	0	0	-1	0	25	0	34	27	-1	0	0	0	29	0	8	0	9	39	-1	-1	-1	45	-1	0	0
c15786	0	-1	0	-1	0	34	0	24	0	29	2	-1	-1	-1	0	-1	0	0	14	-1	21	0	-1	0	0	0	0	-1	29	0
c15792	0	-1	-1	29	45	0	7	5	39	0	0	0	33	0	0	0	-1	12	47	0	0	24	-1	0	-1	0	-1	0	0	-1
c15800	6	0	0	0	-1	0	0	37	49	0	0	0	0	-1	43	0	0	43	0	0	7	35	32	0	35	45	12	-1	0	-1
c15807	39	-1	-1	0	0	0	14	0	-1	0	17	26	-1	0	-1	0	0	34	0	29	-1	9	-1	0	46	0	-1	10	0	21
c15822	0	-1	0	0	0	0	29	0	14	-1	0	19	-1	0	9	0	-1	0	0	-1	0	24	0	29	24	0	-1	0	0	0
c15829	-1	50	-1	0	14	0	0	37	49	0	0	-1	0	0	0	-1	0	-1	-1	-1	0	35	45	35	0	0	11	19	0	-1
c15842	0	0	-1	0	8	-1	0	2	14	39	0	19	0	0	0	-1	-1	17	-1	0	0	24	0	0	24	0	0	0	0	0
c15858	6	25	0	-1	-1	0	8	-1	49	-1	0	0	0	0	0	-1	28	43	-1	0	0	-1	45	-1	19	0	0	19	0	17
c15859	6	25	0	0	-1	0	8	37	49	0	0	-1	0	0	0	0	28	43	0	0	0	-1	45	-1	-1	0	0	19	0	17
c15907	18	2	-1	-1	0	0	45	-1	0	25	0	1	-1	0	39	0	27	0	10	0	-1	0	-1	0	-1	29	0	0	9	25
c15911	-1	4	0	-1	10	40	45	-1	0	0	0	17	-1	0	0	0	-1	0	-1	19	0	0	-1	27	-1	-1	0	0	0	0
c15929	0	0	0	4	0	14	18	0	35	-1	-1	44	0	27	0	0	0	0	0	8	0	-1	0	0	50	0	-1	14	0	0
c15930	-1	0	27	-1	-1	0	27	37	49	0	7	0	11	0	0	-1	0	43	0	0	44	35	0	0	0	45	0	19	27	-1
c15934	0	0	19	-1	0	36	19	0	0	0	0	0	0	-1	0	-1	-1	39	0	25	0	-1	21	34	0	-1	35	13	0	-1
c15943	0	0	0	0	14	-1	0	37	49	0	0	-1	34	0	32	-1	36	43	-1	0	0	35	0	0	11	0	0	19	13	17
c15963	37	47	11	0	8	0	0	0	0	25	0	4	0	-1	14	0	0	-1	29	8	0	9	-1	37	-1	0	0	0	0	13
c15968	0	-1	0	0	0	-1	-1	0	0	-1	0	17	29	0	0	4	-1	-1	26	19	4	-1	-1	-1	0	0	14	0	0	0
c15987	0	0	0	-1	0	0	30	0	0	25	0	4	0	22	14	0	-1	0	-1	8	0	9	0	0	-1	-1	-1	0	-1	0
c15994	13	-1	0	-1	0	0	0	-1	-1	0	0	-1	-1	0	0	0	-1	2	0	-1	-1	0	0	26	0	0	47	21	18	0
c15995	13	-1	0	-1	0	0	-1	-1	0	0	0	0	-1	0	0	0	0	2	0	-1	29	-1	-1	26	0	0	47	21	18	0
c16029	0	0	19	0	0	0	19	0	0	0	-1	-1	0	0	0	0	-1	-1	0	0	0	24	0	0	0	-1	-1	13	-1	22
c16035	0	45	0	0	0	0	34	24	0	0	0	0	-1	0	0	0	0	39	0	0	-1	-1	0	0	0	-1	0	0	26	0
c16036	0	0	0	30	0	-1	0	21	0	-1	0	0	0	-1	0	-1	6	0	0	-1	0	9	27	29	-1	0	-1	-1	0	19
c16043	0	-1	0	0	-1	0	-1	0	0	0	0	17	0	0	5	0	0	-1	0	45	-1	-1	0	0	35	19	0	-1	-1	0
c16053	0	0	0	14	0	0	34	-1	0	0	14	17	0	34	4	0	-1	0	0	0	41	9	0	0	0	0	6	0	-1	29
c16061	0	0	0	0	19	-1	-1	0	0	0	0	17	26	0	0	0	35	0	0	0	-1	-1	0	29	0	19	0	19	-1	0
c16064	0	-1	0	20	-1	-1	0	-1	44	0	0	0	-1	10	-1	50	-1	0	0	8	0	9	-1	-1	29	0	-1	-1	0	34
c16067	-1	-1	-1	0	-1	0	27	37	49	0	7	0	11	0	0	-1	-1	43	0	0	0	-1	0	-1	0	-1	0	19	27	17
c16072	13	-1	10	0	0	-1	-1	0	42	0	0	0	31	0	0	-1	0	-1	0	0	29	0	2	26	0	0	-1	21	0	0
c16106	-1	0	0	-1	14	0	0	37	49	0	0	25	-1	0	0	0	0	43	14	0	0	35	-1	0	0	0	12	19	27	17
c16155	34	-1	13	0	0	24	4	0	0	0	42	17	0	0	-1	0	45	0	26	-1	-1	0	0	27	-1	2	35	43	19	-1
c16161	6	25	0	0	-1	0	8	37	49	0	27	0	35	43	0	31	28	43	0	0	0	35	-1	0	0	0	0	19	29	17
c16203	-1	0	0	35	0	0	-1	-1	12	0	0	9	0	0	0	-1	0	0	28	20	0	0	0	0	-1	0	16	4	0	0
c16245	0	-1	0	0	14	0	-1	37	-1	0	-1	-1	21	0	-1	39	0	-1	-1	43	0	35	0	0	14	0	-1	19	0	-1
c16276	6	0	0	-1	14	0	0	37	49	0	21	0	0	19	43	-1	0	43	0	0	0	-1	32	0	-1	0	12	-1	0	17
c16277	6	0	0	0	14	0	0	-1	49	-1	21	0	0	19	-1	-1	0	43	0	-1	0	35	32	0	0	0	12	19	0	-1
c16284	14	0	0	0	14	0	0	37	49	30	0	-1	0	-1	0	0	36	43	-1	0	-1	35	0	0	0	-1	-1	19	-1	17
c16293	-1	0	0	-1	-1	6	0	0	0	50	0	0	38	0	29	0	0	33	-1	8	0	9	29	14	0	0	0	-1	34	-1
c16304	31	0	-1	-1	0	0	45	-1	21	0	0	1	-1	0	-1	0	0	0	-1	10	-1	-1	-1	0	0	0	-1	0	-1	25
c16305	-1	0	-1	-1	-1	0	45	-1	21	50	0	1	-1	-1	0	-1	-1	0	-1	10	-1	0	14	0	34	0	-1	0	9	25
c16320	2	0	0	0	14	0	0	37	49	23	0	10	35	-1	0	45	36	43	0	25	0	35	0	-1	0	26	0	-1	-1	17
c16327	29	-1	-1	45	0	-1	-1	2	14	-1	7	-1	-1	0	4	-1	-1	34	0	0	-1	24	-1	0	24	0	0	0	0	0
c16347	-1	0	0	0	14	0	0	37	-1	-1	7	0	-1	0	0	-1	42	43	0	0	0	-1	0	0	-1	45	-1	19	0	17
c16355	6	0	0	-1	14	18	0	37	49	0	-1	25	0	0	0	14	0	43	14	0	0	35	-1	0	0	-1	-1	19	27	17
c16357	0	0	29	14	-1	0	0	-1	0	25	0	43	-1	0	0	0	29	0	0	8	0	9	29	-1	-1	0	0	-1	5	-1
c16368	-1	-1	0	0	14	19	0	37	49	0	7	0	0	0	0	0	21	-1	0	0	0	35	0	42	-1	-1	0	19	0	-1
c16369	-1	-1	0	0	14	19	0	37	49	0	7	-1	-1	0	0	-1	21	43	0	0	0	35	-1	42	0	45	0	19	0	17
c16394	0	7	0	-1	10	40	0	0	0	0	0	17	0	-1	0	0	0	0	26	19	0	0	-1	0	33	0	0	0	0	0
c16400	0	2	0	-1	-1	33	45	-1	0	0	0	1	-1	-1	39	0	26	0	10	0	-1	0	14	0	-1	-1	0	0	-1	25
c16414	0	-1	0	-1	10	40	0	-1	34	18	-1	-1	0	0	0	0	0	-1	26	19	0	0	-1	0	-1	0	0	0	0	0
c16450	-1	0	42	-1	0	-1	0	0	0	33	0	17	13	0	0	4	-1	0	26	19	0	7	-1	0	0	0	0	0	0	0
c16467	6	-1	0	0	-1	0	0	37	49	0	2	0	0	24	0	-1	0	-1	-1	0	0	-1	0	0	-1	0	-1	-1	17	17
c16470	0	-1	0	0	0	0	0	7	-1	26	0	17	0	-1	45	0	-1	-1	0	9	7	-1	0	10	0	21	13	0	0	-1
c16473	6	25	0	-1	-1	0	8	37	49	-1	-1	0	0	0	0	0	28	43	0	0	-1	-1	-1	29	-1	-1	0	19	14	-1
c16481	-1	0	0	-1	14	0	0	37	49	-1	7	0	0	-1	-1	0	-1	43	0	0	6	35	28	0	0	45	35	-1	0	17
c16485	-1	0	0	0	14	-1	0	37	49	0	-1	-1	0	-1	0	27	17	43	45	0	0	35	0	0	0	-1	39	19	-1	17
c16499	-1	2	15	7	14	33	34	37	49	0	-1	0	0	21	0	0	34	43	0	43	30	35	47	0	-1	0	45	19	-1	-1
c16567	-1	-1	0	0	10	40	0	-1	29	0	0	17	-1	0	0	0	4	0	26	19	-1	0	-1	27	-1	0	25	0	0	0
c16568	6	0	-1	31	14	-1	-1	-1	49	0	0	0	0	-1	0	0	0	43	0	14	0	-1	0	-1	0	27	0	19	40	17
c16570	6	-1	0	11	14	50	0	-1	49	-1	2	45	0	0	0	-1	0	43	-1	0	0	-1	14	0	0	0	0	19	17	17
c16571	6	0	0	11	14	50	0	37	49	0	2	-1	0	-1	0	45	0	43	0	0	0	-1	-1	0	0	0	0	19	17	17
c16581	0	0	-1	-1	26	0	-1	4	-1	0	0	0	0	10	31	-1	0	0	-1	8	0	9	0	0	0	0	47	0	0	0
c16588	-1	0	-1	0	14	50	-1	37	49	7	0	50	0	-1	-1	0	0	-1	36	26	-1	35	0	-1	0	45	0	19	0	17
c16590	-1	-1	0	45	-1	10	45	0	14	-1	10	-1	-1	-1	0	0	0	0	0	8	29	-1	0	0	-1	-1	0	-1	0	13
c16592	-1	26	0	0	14	-1	0	37	49	-1	0	10	35	-1	0	0	-1	43	0	25	0	35	0	-1	0	-1	-1	19	-1	17
c16599	6	-1	29	-1	14	23	0	37	49	0	2	0	0	0	0	45	0	-1	17	-1	0	-1	0	27	0	-1	0	19	0	17
c16602	6	19	-1	0	14	41	0	37	49	0	0	0	0	14	0	0	0	43	0	-1	0	35	-1	44	0	-1	0	-1	0	17
c16617	0	0	0	-1	0	0	-1	-1	2	0	0	1	-1	0	0	0	0	12	10	9	-1	0	-1	4	-1	0	-1	12	9	25
c16653	13	-1	0	0	0	0	0	0	-1	-1	37	0	0	0	-1	-1	0	-1	0	0	0	27	40	26	8	0	-1	-1	0	0
c16663	0	-1	-1	16	0	0	0	0	19	25	0	4	-1	-1	45	0	0	-1	34	8	0	-1	0	0	-1	0	45	0	0	0
c16682	6	0	-1	0	14	-1	0	37	-1	0	0	0	0	0	43	0	0	43	-1	0	0	35	-1	-1	0	0	12	19	0	-1
c16692	-1	0	-1	-1	0	0	0	0	28	0	0	17	0	34	-1	14	0	0	0	0	0	21	13	0	0	0	0	0	-1	0
c16698	-1	0	0	45	14	-1	0	37	49	0	-1	0	0	0	0	45	29	43	0	7	0	-1	-1	0	0	0	0	19	45	17
c16699	-1	0	-1	45	14	0	0	37	49	0	2	-1	0	0	0	45	29	-1	0	7	0	-1	0	-1	-1	0	0	19	45	-1
c16740	0	-1	16	0	14	0	0	37	49	0	-1	7	0	0	0	0	10	43	0	-1	0	-1	-1	0	0	7	0	19	0	17
c16766	-1	0	0	-1	14	-1	0	37	49	12	-1	0	-1	0	0	27	39	43	29	0	0	35	0	0	0	45	-1	-1	-1	17
c16808	-1	0	0	0	0	0	0	0	0	25	0	-1	0	35	0	0	36	0	0	8	0	-1	29	0	-1	-1	-1	14	0	-1
c16809	0	0	0	0	0	0	0	-1	-1	-1	0	0	0	0	0	0	36	0	-1	8	0	-1	29	-1	-1	14	-1	-1	0	0
c16822	0	2	0	45	14	-1	0	37	49	0	-1	21	30	0	-1	10	0	43	0	-1	0	-1	0	0	0	0	19	19	0	17
c16823	0	2	0	45	14	-1	-1	-1	49	0	-1	21	30	-1	0	10	0	-1	0	43	-1	35	0	0	0	-1	19	19	0	17
c16830	0	-1	25	0	0	48	0	0	44	-1	0	0	50	10	0	0	0	0	0	8	0	9	0	0	43	0	0	0	-1	31
c16902	-1	45	31	-1	0	0	45	0	-1	0	0	1	-1	0	0	0	0	32	10	-1	-1	0	14	16	-1	-1	0	-1	9	25
c16906	6	0	0	0	14	0	-1	37	49	-1	2	0	0	10	0	45	-1	43	0	-1	0	-1	26	0	0	0	0	19	17	17
c16907	6	0	0	0	14	0	0	-1	49	0	2	0	0	10	0	45	-1	43	0	6	0	-1	26	0	0	0	-1	-1	17	17
c16931	13	-1	-1	0	0	31	19	-1	-1	6	14	0	-1	-1	0	-1	0	2	-1	-1	29	0	-1	26	0	-1	47	-1	-1	0
c16939	0	4	-1	-1	10	40	0	-1	29	0	29	17	-1	0	-1	0	4	0	26	19	39	0	-1	27	0	0	25	0	0	0
c16941	0	0	0	-1	0	42	35	18	-1	0	0	17	0	-1	10	0	43	0	13	0	0	35	-1	0	0	-1	0	0	0	0
c16954	6	0	-1	-1	-1	0	0	37	-1	-1	0	0	-1	0	43	-1	0	43	0	0	0	-1	-1	-1	0	-1	12	19	0	17
c16966	-1	-1	0	0	14	49	19	37	49	-1	0	0	-1	0	0	-1	0	43	-1	43	0	35	0	-1	0	0	0	19	-1	17
c16991	6	4	0	43	14	-1	0	37	49	-1	2	0	0	0	0	-1	0	-1	0	0	0	-1	0	-1	0	-1	-1	19	17	17
c17023	-1	0	0	-1	0	-1	20	0	6	0	-1	0	-1	-1	0	0	0	0	10	14	-1	30	14	0	-1	45	0	-1	0	0
c17086	-1	0	18	0	14	19	0	37	49	-1	7	43	0	0	0	0	0	-1	-1	0	0	35	0	42	0	45	4	-1	0	17
c17104	22	0	-1	0	27	0	-1	-1	10	-1	0	0	0	0	0	-1	0	0	0	8	0	9	-1	0	-1	0	0	0	0	0
c17117	26	0	0	35	-1	0	-1	24	36	0	0	-1	-1	29	0	0	0	24	0	26	0	19	-1	0	0	47	-1	-1	0	43
c17121	0	-1	0	0	14	-1	0	-1	49	-1	43	0	0	0	0	0	0	-1	-1	43	0	35	-1	0	0	0	30	19	0	17
c17132	-1	0	0	-1	0	0	0	-1	0	25	0	4	15	6	0	0	0	0	-1	-1	0	9	45	0	-1	-1	0	0	0	0
c17139	0	39	0	27	0	-1	-1	0	-1	33	-1	17	0	0	7	-1	0	0	-1	19	0	0	-1	0	0	0	0	0	33	32
c17140	-1	0	43	-1	14	-1	0	37	49	0	-1	0	0	0	0	27	0	43	0	0	-1	35	0	0	31	45	39	-1	0	17
c17145	0	0	0	0	14	0	0	37	49	-1	0	33	-1	0	0	34	0	43	0	43	18	35	45	0	0	0	-1	19	-1	17
c17147	0	0	38	29	0	0	0	0	39	-1	-1	0	0	-1	0	0	-1	12	0	0	0	24	0	0	0	0	35	0	0	0
c17157	0	0	0	30	-1	25	0	21	0	0	0	0	0	0	0	0	0	0	0	-1	-1	9	27	29	14	-1	0	0	-1	31
c17163	45	0	0	-1	-1	-1	-1	0	0	-1	-1	1	-1	0	0	0	-1	0	10	-1	-1	0	14	0	-1	-1	0	0	9	25
c17175	6	25	-1	-1	14	0	0	37	49	-1	0	0	37	0	27	0	0	43	0	0	0	35	32	-1	32	0	12	19	0	-1
c17180	45	0	-1	-1	0	-1	45	0	0	0	0	1	-1	-1	0	0	0	0	-1	-1	-1	0	14	0	0	-1	-1	12	9	25
c17191	0	0	-1	0	0	50	0	0	0	0	0	17	0	-1	0	-1	0	18	26	0	42	0	0	0	33	0	0	0	19	0
c17194	6	-1	0	-1	-1	0	-1	37	49	40	0	0	0	-1	0	-1	28	43	0	0	0	-1	45	-1	-1	0	0	19	0	-1
c17208	-1	-1	-1	35	-1	0	45	24	0	0	0	-1	-1	0	0	-1	0	0	-1	20	0	0	0	-1	0	0	0	4	-1	0
c17223	-1	-1	0	0	14	0	-1	-1	-1	0	-1	2	-1	-1	0	2	0	-1	0	43	0	-1	0	0	0	11	0	19	0	17
c17252	12	0	0	0	0	25	0	0	15	0	-1	21	-1	31	0	0	-1	0	0	-1	-1	0	0	-1	0	29	47	0	-1	0
c17255	0	24	0	0	-1	-1	0	24	35	0	2	36	-1	0	-1	0	50	0	45	0	-1	0	0	0	0	10	0	-1	-1	0
c17258	-1	0	0	0	14	0	14	-1	49	0	7	0	0	17	0	0	0	43	0	0	6	35	0	0	-1	-1	-1	19	29	17
c17259	-1	0	0	0	-1	-1	0	37	49	0	7	0	0	17	0	0	0	43	0	-1	6	35	0	-1	-1	45	35	19	29	-1
c17264	0	0	0	0	0	30	0	27	0	-1	0	17	39	0	0	0	-1	0	-1	0	-1	0	0	-1	33	0	2	-1	-1	-1
c17271	0	0	-1	0	0	0	0	-1	0	-1	-1	0	-1	-1	22	0	-1	29	0	4	21	0	0	0	34	0	17	21	29	42
c17304	-1	0	14	33	-1	0	47	24	0	0	2	-1	-1	-1	0	-1	0	29	0	-1	21	26	-1	-1	-1	17	0	11	29	0
c17316	6	0	0	0	14	18	0	37	-1	0	0	25	0	-1	0	14	0	43	14	0	0	35	32	-1	-1	0	12	19	-1	17
c17322	13	0	0	0	-1	0	0	-1	-1	29	0	0	23	0	4	13	-1	-1	39	-1	0	-1	0	-1	34	0	47	21	0	0
c17330	-1	-1	0	0	14	0	-1	37	49	43	0	0	-1	0	0	-1	-1	-1	18	43	0	35	0	-1	0	32	17	19	0	17
c17332	0	2	-1	-1	-1	-1	45	0	0	0	0	-1	-1	5	-1	38	-1	0	10	-1	-1	-1	14	0	0	0	0	45	9	-1
c17357	-1	0	0	0	14	0	0	37	49	-1	7	0	-1	0	-1	-1	0	43	0	0	0	-1	0	0	0	45	0	19	40	17
c17362	29	0	0	0	0	0	0	-1	-1	0	0	19	0	0	0	16	-1	0	0	0	0	24	0	0	-1	-1	0	0	6	0
c17366	-1	0	0	0	14	50	-1	37	49	7	-1	0	0	43	0	-1	17	-1	-1	-1	-1	35	0	0	4	45	-1	-1	-1	17
c17367	-1	0	0	0	14	50	0	37	49	7	0	0	0	43	0	-1	17	-1	-1	10	-1	35	0	0	4	45	37	19	0	17
c17385	-1	0	0	-1	14	19	0	37	49	0	7	-1	0	-1	0	0	0	43	-1	0	-1	35	0	42	-1	45	0	19	0	17
c17393	-1	-1	0	13	-1	0	0	0	2	-1	14	0	31	0	0	0	0	2	0	0	0	0	0	26	0	0	-1	21	0	25
c17426	-1	0	18	0	-1	0	0	37	49	-1	-1	0	0	12	0	27	12	43	0	-1	0	35	0	27	0	45	39	19	0	17
c17437	6	-1	-1	-1	-1	41	0	37	49	-1	0	0	0	14	19	0	-1	43	0	14	29	35	-1	0	-1	-1	-1	-1	0	17
c17439	-1	4	48	0	10	-1	0	0	-1	0	0	17	0	0	0	-1	-1	0	26	19	0	35	-1	27	-1	0	0	0	0	0
c17444	14	0	0	0	14	0	-1	37	49	-1	-1	0	0	0	0	-1	36	-1	0	0	0	35	0	-1	-1	-1	-1	19	13	17
c17449	0	0	0	0	12	0	0	24	-1	25	0	4	0	29	0	0	0	0	0	8	0	9	45	0	-1	-1	31	0	-1	0
c17458	12	0	-1	35	0	10	48	23	0	0	0	21	-1	15	0	-1	14	0	0	0	0	0	-1	0	0	0	-1	0	28	0
c17473	0	0	38	29	0	9	0	-1	-1	0	0	-1	0	-1	0	0	-1	12	-1	15	0	-1	0	0	0	0	0	-1	0	-1
c17494	0	0	0	35	29	39	45	24	0	0	0	33	0	29	0	-1	-1	0	45	26	0	-1	0	0	0	-1	0	4	0	43
c17501	13	-1	47	0	0	0	27	0	6	0	-1	15	0	0	33	0	0	-1	0	0	0	-1	-1	26	0	0	47	21	0	45
c17508	6	0	0	0	14	0	0	-1	49	-1	2	0	0	0	0	-1	0	43	0	0	0	-1	0	0	0	0	-1	19	17	-1
c17513	0	0	0	14	0	0	0	-1	-1	12	0	-1	0	34	4	0	-1	0	0	-1	-1	9	25	35	0	0	0	34	0	29
c17519	-1	-1	0	-1	-1	0	-1	37	-1	12	-1	0	0	0	-1	27	0	43	29	-1	0	35	45	0	34	45	39	19	0	17
c17523	-1	0	-1	0	0	33	0	26	0	-1	0	17	42	-1	-1	-1	0	42	-1	-1	42	0	0	0	-1	25	0	0	0	0
c17527	12	-1	-1	0	14	0	0	37	0	-1	0	0	25	0	0	0	0	-1	26	0	0	35	0	0	0	0	24	19	0	17
c17555	6	0	32	0	-1	0	0	37	49	0	2	45	0	12	-1	45	0	43	0	0	0	-1	0	0	0	0	-1	19	0	17
c17587	45	0	0	-1	0	0	0	0	0	14	-1	0	-1	-1	0	0	0	-1	-1	18	-1	-1	-1	0	45	0	0	0	10	-1
c17588	13	-1	-1	-1	10	-1	31	0	-1	0	14	0	31	0	0	0	14	2	0	6	0	0	-1	26	39	0	-1	21	0	0
c17591	0	9	0	-1	14	0	0	37	49	22	-1	0	7	0	0	0	38	-1	-1	43	0	35	0	0	-1	0	-1	19	40	17
c17604	0	0	0	0	0	-1	0	15	0	0	9	19	0	29	0	35	-1	0	-1	-1	35	24	-1	36	24	-1	0	0	0	0
c17620	0	0	0	0	14	0	25	37	-1	0	-1	19	-1	0	-1	0	37	0	-1	0	0	4	-1	35	0	0	8	-1	30	17
c17671	0	24	0	-1	-1	23	0	24	0	-1	2	36	-1	0	0	0	50	0	-1	0	-1	-1	-1	-1	0	10	-1	0	29	0
c17672	0	-1	0	14	0	0	-1	-1	44	-1	2	-1	-1	0	-1	0	50	0	0	0	21	4	0	0	0	10	-1	0	29	0
c17677	-1	-1	-1	0	-1	-1	19	-1	-1	0	-1	-1	0	-1	0	-1	-1	43	-1	43	0	35	-1	-1	0	0	-1	19	0	17
c17678	-1	22	-1	0	0	0	0	39	25	0	0	0	-1	40	0	42	-1	-1	0	0	0	24	0	-1	50	-1	33	6	0	-1
c17699	12	0	-1	0	27	0	0	-1	0	0	0	-1	-1	0	0	50	34	0	0	0	0	0	0	25	-1	-1	47	0	28	0
c17702	0	2	16	0	14	-1	0	37	49	-1	-1	0	0	-1	0	0	0	-1	-1	43	0	35	0	0	0	-1	0	19	45	17
c17712	12	0	-1	-1	0	-1	-1	0	15	0	0	-1	-1	31	0	29	0	0	0	0	0	0	15	0	0	0	-1	0	28	0
c17723	0	2	4	0	14	-1	0	37	49	0	-1	0	-1	0	0	0	0	-1	0	-1	0	35	0	0	0	0	0	19	0	17
c17729	47	0	-1	0	-1	0	0	7	28	26	0	17	0	34	0	32	-1	-1	0	0	7	0	0	0	35	21	0	0	0	-1
c17746	0	0	-1	0	14	0	0	37	-1	0	0	-1	0	18	0	0	0	43	17	0	0	-1	0	-1	-1	45	24	19	0	17
c17752	-1	-1	0	0	0	29	0	-1	28	-1	-1	17	0	34	0	0	0	-1	0	0	7	0	0	0	0	21	0	10	0	0
c17755	0	27	42	0	-1	0	0	37	49	37	11	-1	-1	-1	0	25	40	43	0	43	0	-1	9	-1	27	0	-1	19	0	17
c17767	0	-1	-1	0	0	-1	29	12	13	-1	5	19	0	0	24	0	-1	15	27	-1	11	24	-1	-1	24	45	0	0	0	7
c17777	6	-1	0	-1	14	0	0	37	-1	0	42	0	-1	0	0	0	0	43	43	0	0	35	0	-1	-1	-1	0	19	0	17
c17790	0	0	0	0	0	-1	0	0	-1	-1	-1	17	0	0	0	-1	-1	0	26	-1	0	-1	-1	0	0	-1	0	0	0	0
c17791	0	0	0	-1	0	-1	0	0	-1	-1	-1	17	0	0	-1	-1	-1	-1	26	19	0	2	-1	0	-1	29	0	-1	0	0
c17800	6	25	0	0	14	21	-1	37	-1	0	0	0	0	-1	0	-1	28	43	0	0	0	35	45	-1	4	-1	0	19	-1	17
c17807	0	0	0	-1	0	29	0	12	4	0	36	19	0	29	24	0	-1	15	0	0	-1	24	0	0	24	0	0	-1	0	19
c17812	0	0	0	0	-1	0	34	0	44	0	0	-1	0	10	14	0	0	-1	-1	8	0	9	0	-1	0	0	0	27	21	-1
c17845	0	0	0	0	0	0	-1	24	0	22	2	0	-1	42	0	0	-1	-1	0	4	21	0	0	-1	34	0	17	-1	29	19
c17847	0	0	0	-1	0	19	45	0	0	0	27	1	-1	-1	-1	0	0	8	10	-1	-1	0	14	35	0	0	0	0	9	25
c17848	-1	0	-1	-1	14	48	27	37	49	0	-1	-1	11	0	0	0	0	43	0	0	0	35	0	0	0	45	0	19	22	17
c17849	-1	0	27	-1	14	48	27	37	49	0	-1	-1	11	0	-1	0	0	43	0	0	0	35	0	0	0	-1	0	19	22	-1
c17860	4	0	0	0	0	0	0	-1	0	0	0	17	-1	0	0	0	0	0	0	0	0	0	-1	0	31	-1	0	-1	0	0
c17861	4	0	0	-1	0	0	-1	-1	0	0	0	-1	24	0	0	0	0	0	0	-1	0	0	-1	0	31	-1	0	0	0	0
c17906	0	2	0	-1	-1	0	0	37	49	0	-1	0	21	0	0	-1	0	-1	0	43	18	35	0	0	-1	50	0	19	0	17
c17918	0	0	0	0	0	-1	0	0	0	33	0	17	-1	0	0	4	-1	-1	26	19	-1	7	-1	-1	0	0	0	0	0	0
c17919	0	0	0	0	-1	-1	-1	-1	-1	33	0	17	13	0	0	4	-1	0	26	19	-1	7	-1	0	0	0	0	0	0	0
c17922	-1	0	-1	-1	14	0	-1	37	-1	0	-1	-1	-1	0	0	27	0	43	0	0	0	35	0	0	31	45	39	-1	-1	17
c17929	6	0	-1	-1	-1	41	0	-1	-1	0	0	-1	0	-1	-1	-1	46	43	0	-1	0	35	-1	0	0	0	31	19	-1	17
c17942	0	2	0	-1	14	0	0	37	49	0	-1	29	0	-1	0	6	0	43	-1	43	0	35	0	0	14	0	-1	19	25	17
c17960	6	35	-1	0	14	0	-1	37	49	0	-1	0	0	0	43	0	0	43	0	0	-1	35	-1	0	47	-1	12	19	0	17
c17967	0	0	0	0	-1	0	25	37	-1	-1	-1	19	0	0	-1	0	37	0	-1	0	0	4	-1	35	0	0	8	-1	-1	17
c17984	27	0	14	-1	14	0	0	37	49	18	43	0	-1	0	46	25	17	-1	-1	43	0	35	5	-1	-1	0	42	19	0	17
c17985	27	0	14	0	14	0	0	37	-1	18	43	0	12	0	46	25	17	43	-1	43	-1	35	-1	0	0	0	42	-1	0	-1
c18004	-1	0	0	0	14	0	-1	-1	-1	0	-1	-1	0	0	-1	27	2	43	0	-1	31	35	-1	0	0	45	39	19	0	17
c18018	6	-1	0	-1	14	0	0	37	49	-1	0	0	0	0	-1	0	0	43	0	0	7	35	-1	0	-1	-1	12	19	0	17
c18019	6	0	0	0	14	0	27	37	-1	0	0	0	0	0	43	0	0	43	0	0	7	35	32	0	0	45	12	19	0	17
c18036	0	7	0	-1	10	40	0	0	34	11	0	17	0	0	0	0	0	0	26	-1	0	0	-1	-1	33	0	0	-1	0	14
c18040	-1	0	0	-1	14	-1	14	37	-1	7	-1	-1	0	0	0	0	0	-1	34	27	-1	35	0	0	0	-1	0	-1	0	-1
c18054	-1	0	-1	-1	16	35	-1	0	0	50	0	48	38	-1	0	-1	0	-1	-1	8	0	9	42	14	0	0	0	0	34	-1
c18083	-1	0	-1	-1	-1	0	-1	0	0	-1	-1	-1	-1	-1	0	50	19	0	0	0	0	39	-1	-1	-1	0	-1	0	28	-1
c18095	-1	0	0	0	14	0	0	37	14	-1	0	0	0	34	0	-1	0	43	-1	0	0	35	0	0	0	45	24	-1	45	-1
c18122	6	0	-1	0	14	41	0	37	49	45	14	0	0	14	-1	0	0	43	0	-1	29	35	-1	0	0	-1	0	19	0	17
c18147	0	0	-1	0	14	0	0	37	0	0	0	0	36	0	0	34	0	43	17	-1	0	-1	0	0	-1	-1	-1	19	0	17
c18150	0	33	14	35	14	-1	12	37	49	0	32	29	-1	0	16	25	-1	-1	-1	43	0	35	9	0	0	0	0	19	0	17
c18151	0	33	14	-1	14	0	12	-1	49	0	-1	29	-1	-1	16	25	-1	43	-1	43	0	35	9	0	-1	0	0	19	0	17
c18154	0	0	-1	0	14	-1	0	37	49	30	0	5	-1	-1	-1	-1	36	43	0	-1	0	35	-1	-1	-1	0	0	19	13	17
c18160	-1	0	0	-1	14	0	0	37	49	0	-1	0	0	10	0	0	36	-1	0	0	14	35	0	0	-1	25	39	-1	-1	17
c18187	0	0	25	0	0	27	0	0	-1	-1	0	0	0	10	0	-1	0	-1	-1	8	-1	9	0	-1	0	0	-1	0	0	0
c18193	6	0	32	0	-1	-1	0	37	49	-1	2	0	0	-1	0	45	-1	43	0	45	0	-1	-1	-1	0	0	4	-1	0	-1
c18199	0	-1	0	45	-1	-1	0	-1	49	0	-1	0	-1	0	0	10	-1	-1	0	-1	0	35	0	29	0	0	19	19	0	17
c18204	0	-1	0	6	14	-1	0	-1	49	-1	-1	0	0	-1	0	0	36	43	0	0	0	35	45	-1	0	0	0	19	13	17
c18232	-1	0	0	0	45	0	0	-1	-1	26	0	17	0	34	0	0	0	-1	-1	25	-1	-1	0	0	0	21	0	-1	0	-1
c18240	-1	0	-1	-1	0	0	45	0	0	0	-1	1	-1	0	0	0	9	0	10	0	-1	0	14	24	-1	0	-1	0	9	25
c18259	0	0	0	-1	14	0	-1	-1	-1	0	0	0	-1	0	0	-1	-1	43	0	43	0	-1	49	0	0	-1	17	19	0	17
c18271	0	44	0	-1	-1	-1	45	-1	0	0	0	-1	-1	0	19	-1	-1	0	-1	0	-1	0	-1	0	0	0	-1	0	-1	25
c18286	6	0	-1	45	14	-1	0	37	-1	0	2	-1	0	-1	10	0	0	43	27	-1	0	35	40	-1	21	0	0	19	0	17
c18288	0	0	0	-1	0	0	0	-1	29	25	0	4	-1	6	0	0	0	0	34	-1	0	9	45	0	-1	0	0	0	0	0
c18289	0	0	-1	-1	0	0	-1	-1	29	25	-1	4	15	6	0	0	0	0	-1	8	0	9	45	0	-1	0	0	14	0	-1
c18306	0	0	0	-1	-1	0	39	37	49	0	0	0	0	10	0	0	-1	-1	0	-1	0	35	-1	0	-1	0	39	19	13	-1
c18320	-1	0	0	0	14	-1	0	37	49	0	7	-1	0	17	0	0	0	43	0	0	35	-1	0	-1	0	45	35	-1	0	17
c18321	-1	0	0	-1	14	0	0	37	49	0	7	-1	-1	17	0	0	4	-1	0	0	35	35	0	-1	0	-1	35	-1	-1	17
c18328	-1	-1	0	-1	14	0	0	37	49	0	2	0	0	0	0	45	0	43	0	0	0	-1	27	0	0	-1	0	19	-1	17
c18333	0	45	0	-1	0	0	45	0	-1	0	-1	1	-1	0	0	0	0	32	10	-1	-1	0	14	16	0	0	0	0	9	25
c18358	-1	0	25	-1	0	0	0	0	44	0	0	0	-1	-1	0	0	12	12	-1	8	0	9	0	0	0	0	0	0	0	-1
c18362	13	0	28	0	-1	0	0	0	0	0	3	0	-1	24	-1	13	0	2	9	6	0	19	7	26	0	18	47	21	41	0
c18376	0	0	0	14	0	0	19	10	0	28	0	17	0	34	0	0	-1	14	0	-1	41	29	0	0	0	0	45	0	16	29
c18389	0	0	9	14	0	0	-1	0	0	50	0	17	0	34	9	0	0	-1	14	25	41	0	0	0	0	0	-1	0	13	-1
c18390	6	0	-1	31	14	0	0	-1	-1	0	-1	0	0	0	0	10	-1	43	39	14	26	-1	0	0	0	-1	0	19	0	17
c18391	6	0	-1	31	14	0	0	-1	-1	0	22	0	0	0	0	-1	0	43	-1	14	26	35	0	0	0	0	0	19	0	17
c18406	6	-1	40	0	14	-1	-1	37	-1	0	0	0	0	0	29	0	0	43	-1	-1	0	35	0	0	0	45	0	19	-1	-1
c18418	0	-1	0	-1	0	0	45	0	0	0	0	1	-1	0	39	0	0	0	-1	-1	-1	0	14	0	27	-1	0	0	9	-1
c18419	0	-1	-1	-1	-1	0	45	0	0	-1	0	1	-1	0	-1	0	0	0	10	45	-1	0	-1	0	27	26	0	0	9	25
c18430	0	-1	0	0	31	22	0	-1	-1	45	0	0	0	0	0	34	6	-1	0	0	0	19	37	29	0	45	-1	19	0	0
c18432	-1	-1	32	-1	14	-1	0	-1	0	-1	0	-1	25	0	0	0	0	43	-1	0	0	35	-1	27	40	0	24	19	0	17
c18436	6	0	0	0	14	0	0	37	49	0	0	-1	-1	-1	43	0	-1	43	-1	0	-1	35	32	0	-1	0	12	19	0	-1
c18442	0	33	14	0	14	0	12	37	49	5	0	0	-1	-1	16	25	0	43	0	43	0	35	9	0	0	0	-1	19	39	17
c18449	31	-1	0	0	45	0	0	7	-1	-1	0	17	0	34	0	-1	-1	-1	0	4	7	0	-1	0	0	21	-1	0	-1	-1
c18459	0	0	0	-1	26	0	-1	-1	0	-1	0	-1	15	-1	0	-1	-1	0	34	8	0	9	45	0	-1	0	0	-1	0	0
c18470	-1	0	0	0	0	7	0	0	0	50	0	0	-1	0	31	-1	0	33	-1	8	12	-1	0	14	0	0	31	0	34	-1
c18477	0	0	0	-1	0	-1	45	0	0	0	0	-1	-1	-1	0	0	0	29	10	-1	-1	-1	14	42	0	45	0	19	-1	25
c18485	-1	26	0	0	14	0	0	-1	-1	0	-1	0	35	0	0	-1	0	43	0	0	31	-1	0	0	0	0	0	19	0	17
c18491	0	-1	-1	0	-1	0	0	37	-1	0	-1	0	-1	-1	0	43	-1	43	26	0	0	35	0	0	47	0	24	19	11	17
c18500	-1	0	-1	0	4	-1	0	-1	40	0	0	-1	23	0	0	13	0	2	0	0	0	2	-1	26	34	0	47	21	0	39
c18509	0	-1	0	20	0	0	0	-1	44	0	10	0	0	10	0	50	-1	0	-1	-1	0	9	32	12	-1	0	39	0	0	0
c18516	-1	0	45	-1	14	0	0	37	49	0	37	35	13	0	0	0	18	43	0	0	0	35	45	0	0	0	0	19	0	17
c18517	-1	0	45	-1	14	0	0	37	49	0	-1	35	-1	0	0	-1	18	43	0	0	0	35	-1	0	0	-1	0	19	0	17
c18520	-1	0	-1	-1	-1	41	-1	37	49	0	0	-1	0	14	0	0	0	43	-1	14	29	35	-1	0	-1	-1	0	19	0	-1
c18525	6	0	0	11	14	0	-1	37	49	0	2	0	0	-1	45	45	0	43	0	0	0	-1	0	39	0	0	0	19	17	17
c18527	-1	0	18	0	14	-1	0	37	49	0	-1	0	0	0	0	0	0	43	34	0	0	35	0	42	-1	45	0	-1	0	17
c18528	6	0	0	43	-1	0	45	37	49	0	2	0	0	0	0	-1	0	43	0	9	-1	-1	0	-1	0	35	-1	19	-1	17
c18532	25	0	0	0	0	-1	14	0	0	33	33	-1	21	0	27	18	-1	-1	26	-1	0	0	-1	-1	-1	0	9	0	0	-1
c18552	0	0	0	0	0	0	-1	-1	28	0	-1	-1	42	-1	0	0	0	-1	0	0	-1	0	42	43	0	21	-1	29	0	0
c18569	6	0	0	0	-1	0	0	37	-1	0	-1	-1	14	0	43	0	-1	43	0	-1	0	35	32	-1	0	0	12	-1	0	17
c18586	-1	0	-1	31	14	41	14	37	49	40	34	34	13	14	-1	0	0	43	34	14	-1	35	0	-1	0	-1	19	19	0	17
c18589	2	0	0	7	0	0	0	-1	-1	25	0	4	-1	0	0	-1	0	0	0	8	-1	-1	45	-1	-1	-1	-1	0	0	0
c18596	25	-1	0	0	0	-1	0	15	0	0	0	-1	0	0	0	-1	-1	29	-1	0	45	24	0	0	0	0	0	6	-1	0
c18599	-1	-1	0	0	14	0	0	37	-1	0	0	0	0	0	-1	0	-1	43	26	0	-1	35	0	0	0	-1	0	19	0	17
c18609	-1	-1	0	0	14	0	0	37	49	0	7	0	0	17	-1	0	0	-1	0	0	6	35	-1	35	0	45	35	19	0	17
c18657	0	11	17	-1	14	0	0	-1	49	0	25	10	35	32	-1	0	36	43	0	25	6	35	-1	10	0	26	-1	19	-1	17
c18658	-1	-1	10	0	0	0	-1	34	42	0	0	0	-1	0	42	0	0	2	0	0	29	0	2	26	0	0	47	21	0	-1
c18660	6	0	-1	0	-1	0	0	37	49	0	2	-1	0	0	0	45	0	43	0	-1	0	-1	0	0	-1	-1	-1	19	17	17
c18667	-1	0	35	0	14	-1	0	37	49	0	7	0	0	0	2	0	0	43	-1	0	-1	35	0	0	0	45	0	19	0	17
c18684	-1	-1	-1	-1	14	50	14	37	-1	-1	0	19	0	0	0	0	-1	-1	34	-1	-1	35	0	0	0	-1	0	-1	0	17
c18692	0	0	0	0	0	-1	-1	-1	24	33	-1	17	0	-1	27	4	-1	-1	26	19	0	22	-1	12	0	29	0	-1	0	0
c18699	-1	31	0	0	0	-1	-1	12	0	0	0	19	0	-1	24	0	-1	15	0	32	11	24	0	36	24	0	0	0	0	-1
c18711	-1	0	12	0	0	-1	0	-1	0	50	0	14	0	45	43	0	0	-1	-1	8	0	9	0	-1	0	37	-1	-1	34	-1
c18713	-1	-1	-1	0	0	-1	31	-1	0	0	0	17	-1	-1	0	0	0	0	0	26	-1	0	-1	-1	14	-1	0	0	4	0
c18714	0	-1	-1	-1	0	0	-1	35	0	-1	0	1	-1	0	0	0	0	0	10	0	-1	0	14	0	14	0	0	0	9	-1
c18724	6	0	0	18	14	-1	0	37	-1	31	2	0	-1	0	0	45	-1	43	17	0	0	-1	0	27	0	0	27	19	0	17
c18747	-1	46	-1	31	14	0	0	-1	-1	-1	0	0	0	0	0	-1	0	43	0	14	0	35	0	-1	0	0	0	19	0	17
c18760	6	-1	0	0	14	0	-1	37	49	0	0	0	0	0	0	0	-1	43	-1	0	0	35	45	0	0	14	-1	19	0	17
c18761	6	-1	0	0	14	-1	0	37	-1	0	0	0	0	0	0	0	-1	43	-1	-1	0	-1	45	0	0	14	-1	19	0	17
c18783	25	-1	0	14	26	42	35	0	0	0	-1	-1	0	34	0	0	0	27	13	0	0	11	45	0	0	0	0	0	0	0
c18784	6	18	39	0	14	-1	-1	37	-1	0	0	-1	26	-1	0	0	-1	-1	43	0	0	35	0	4	25	29	50	19	0	17
c18788	-1	33	14	0	14	0	12	37	49	0	0	0	0	0	16	-1	-1	43	0	43	0	35	-1	0	0	0	0	19	39	-1
c18794	-1	45	-1	-1	0	-1	45	0	25	0	0	1	-1	-1	25	-1	0	32	10	-1	-1	0	-1	0	0	0	0	0	-1	-1
c18803	6	0	0	43	14	-1	0	37	49	-1	0	0	39	0	0	-1	0	43	0	0	-1	-1	32	0	0	0	12	19	-1	17
c18816	0	0	0	-1	-1	0	-1	0	0	0	0	17	0	34	-1	0	28	14	0	-1	-1	0	-1	-1	-1	0	0	0	0	29
c18821	6	25	-1	0	-1	0	8	37	49	0	0	43	-1	0	0	0	-1	43	0	0	-1	35	45	0	0	0	0	-1	0	-1
c18823	6	-1	0	0	14	0	0	37	-1	-1	0	0	0	0	0	0	0	43	0	0	0	35	45	-1	0	0	-1	19	0	17
c18837	-1	25	0	0	-1	0	8	37	-1	0	0	0	0	0	0	-1	28	43	0	0	0	-1	45	-1	0	0	0	-1	0	17
c18844	12	-1	-1	0	0	25	29	25	0	0	0	21	-1	13	-1	-1	50	0	0	0	0	-1	0	0	-1	0	47	0	28	-1
c18853	0	0	0	0	-1	0	0	7	28	-1	-1	17	42	34	0	-1	0	-1	0	0	7	0	0	43	0	-1	-1	-1	-1	0
c18861	13	0	-1	0	4	-1	-1	0	0	0	-1	31	23	-1	0	-1	0	2	33	-1	0	-1	29	26	-1	0	47	-1	0	0
c18866	-1	30	0	-1	0	0	25	2	-1	0	7	19	-1	0	-1	0	-1	14	-1	-1	0	-1	0	0	-1	-1	39	0	0	0
c18867	0	30	0	10	0	0	-1	2	-1	0	7	19	-1	0	0	0	-1	14	0	-1	0	-1	0	-1	24	0	39	0	0	0
c18869	0	34	-1	0	0	33	0	-1	0	-1	0	17	0	33	0	0	0	42	26	0	42	0	39	0	-1	0	25	0	0	0
c18873	0	-1	0	0	0	0	0	0	0	0	0	17	0	0	33	0	2	0	26	12	0	0	0	0	0	0	-1	16	11	0
c18874	0	2	-1	0	-1	0	0	37	49	-1	-1	0	0	17	0	0	0	43	-1	43	0	-1	0	0	0	0	0	19	0	17
c18875	-1	2	0	0	14	0	0	-1	49	0	-1	-1	0	17	0	0	-1	-1	17	43	0	-1	0	-1	0	0	0	19	0	17
c18899	6	50	-1	0	-1	-1	0	37	49	0	0	0	0	0	0	0	24	43	-1	31	0	35	45	35	-1	0	-1	19	0	17
c18900	29	0	-1	0	-1	-1	35	0	21	33	0	17	0	0	0	-1	-1	0	26	19	0	0	-1	34	0	0	0	0	0	0
c18911	0	0	0	0	0	0	35	7	28	0	-1	17	45	34	0	0	0	-1	0	0	7	0	0	-1	0	21	0	0	6	-1
c18919	-1	34	-1	50	-1	0	-1	18	0	50	0	0	38	0	26	0	0	33	-1	-1	14	9	0	14	0	0	-1	35	34	-1
c18975	-1	-1	-1	0	-1	-1	0	-1	0	0	-1	0	-1	0	19	11	0	43	26	0	0	35	0	0	0	0	24	19	11	-1
c18981	-1	0	0	0	15	6	0	0	0	50	0	0	-1	-1	-1	0	0	-1	-1	-1	0	9	-1	-1	0	0	0	0	34	-1
c18985	-1	-1	-1	0	-1	0	-1	37	49	45	7	0	0	0	45	14	-1	-1	-1	0	0	35	0	-1	0	-1	10	19	0	17
c19014	0	0	0	36	0	0	10	0	12	25	0	0	0	43	0	0	36	7	17	8	0	9	-1	0	-1	21	-1	0	-1	0
c19039	0	-1	-1	-1	-1	45	45	0	0	0	34	1	-1	0	19	0	0	0	10	0	-1	0	14	0	-1	0	0	0	9	25
c19049	0	0	0	14	0	0	43	0	-1	0	26	17	-1	34	45	0	34	27	0	0	39	0	0	0	0	0	0	33	43	0
c19050	0	4	0	0	10	40	0	0	0	35	0	-1	25	18	-1	0	14	0	26	19	0	0	-1	27	34	0	0	-1	0	0
c19057	0	0	0	45	0	0	0	-1	34	25	10	23	27	-1	0	35	0	0	0	8	0	9	-1	10	-1	-1	-1	-1	14	0
c19091	13	2	0	0	0	0	31	0	0	0	-1	0	0	0	0	-1	-1	-1	-1	0	-1	-1	0	26	32	-1	47	21	0	-1
c19122	0	39	-1	-1	-1	0	45	-1	-1	0	0	1	-1	25	-1	-1	-1	0	10	0	-1	0	14	0	0	0	0	0	9	25
c19138	6	0	-1	-1	14	-1	0	37	49	0	0	25	0	0	0	14	0	43	14	-1	0	-1	32	0	0	0	12	-1	27	17
c19144	0	0	0	-1	0	45	45	-1	-1	0	0	1	-1	0	19	0	15	0	10	-1	-1	0	-1	0	0	0	0	0	9	25
c19145	0	0	0	-1	0	45	-1	0	-1	0	0	1	-1	0	19	-1	15	0	10	0	-1	0	-1	0	0	0	-1	0	9	25
c19146	-1	-1	28	0	4	0	45	0	-1	-1	-1	0	23	0	0	13	-1	2	0	0	0	0	0	26	0	0	47	21	41	16
c19164	0	-1	35	35	39	0	-1	24	0	0	43	28	-1	29	-1	-1	0	0	0	26	48	18	0	0	-1	-1	0	4	0	4
c19190	6	0	-1	0	14	41	0	-1	49	0	-1	0	0	-1	0	-1	-1	43	0	14	29	35	-1	0	0	-1	0	-1	0	17
c19199	0	-1	0	0	14	-1	0	37	-1	0	0	-1	0	0	0	-1	36	43	15	0	16	35	0	-1	0	0	34	-1	-1	17
c19223	-1	0	0	-1	14	-1	-1	37	49	0	-1	25	0	0	0	19	0	-1	-1	0	0	35	32	0	0	0	12	19	27	17
c19234	0	-1	0	0	-1	50	0	0	0	0	-1	17	-1	0	-1	7	0	18	-1	-1	42	0	0	0	-1	-1	-1	0	19	0
c19236	-1	0	14	0	0	25	0	21	0	0	-1	0	0	0	0	-1	-1	0	0	8	-1	-1	27	29	0	0	-1	0	0	0
c19240	39	0	0	0	27	14	0	39	0	45	0	0	0	27	45	34	0	-1	0	8	0	9	0	-1	49	0	-1	-1	0	14
c19241	39	0	-1	0	27	14	0	-1	0	45	0	-1	-1	27	45	34	0	0	0	8	0	9	-1	-1	49	0	-1	0	0	-1
c19243	13	-1	-1	0	4	0	35	-1	0	-1	-1	0	23	-1	4	13	2	2	0	0	0	-1	0	-1	47	0	-1	-1	6	0
c19250	-1	0	0	0	19	0	-1	-1	0	0	0	17	0	0	5	0	0	34	0	45	0	-1	26	0	35	19	42	19	-1	0
c19252	-1	-1	27	0	14	-1	0	-1	49	-1	7	0	0	-1	0	0	45	43	0	0	0	35	0	-1	0	45	-1	-1	0	17
c19253	-1	0	-1	0	14	0	0	37	49	0	7	0	0	-1	0	0	45	43	0	0	0	35	0	15	0	45	0	19	0	17
c19257	0	4	0	0	10	40	0	-1	29	0	0	17	-1	-1	0	-1	4	0	-1	-1	39	0	-1	27	0	0	25	-1	0	-1
c19265	-1	-1	0	-1	0	0	45	-1	-1	0	46	1	-1	0	-1	0	-1	32	10	-1	-1	0	14	6	-1	37	0	0	9	25
c19268	9	0	-1	45	0	40	25	-1	0	0	0	0	0	42	0	0	0	0	50	8	-1	-1	33	-1	0	0	21	0	0	0
c19285	0	39	-1	-1	-1	0	-1	0	0	0	0	-1	-1	-1	0	0	0	0	10	0	-1	-1	14	0	0	-1	-1	0	9	25
c19295	45	0	-1	14	0	0	0	0	0	0	0	17	0	34	0	-1	35	0	0	26	41	-1	18	34	0	-1	-1	-1	0	29
c19298	13	-1	-1	0	-1	0	0	0	-1	0	-1	0	0	0	0	33	-1	2	-1	14	0	0	0	26	0	31	47	21	0	2
c19310	6	0	0	0	-1	0	0	37	-1	-1	2	-1	-1	0	0	-1	0	43	0	0	-1	-1	0	0	0	0	0	19	0	17
c19325	24	35	0	-1	0	-1	0	24	-1	0	2	0	-1	-1	0	0	0	0	0	0	21	0	0	0	-1	-1	0	0	0	0
c19327	0	-1	0	0	50	14	0	-1	0	0	45	-1	0	0	0	-1	-1	0	0	0	0	24	0	0	-1	0	-1	0	0	0
c19336	13	-1	16	0	39	0	0	-1	0	0	14	0	-1	29	0	0	0	2	0	-1	-1	0	13	26	-1	42	47	21	0	0
c19344	12	0	0	35	-1	0	0	23	-1	0	-1	21	-1	15	29	0	0	-1	27	-1	-1	0	0	-1	0	0	47	0	28	-1
c19367	13	-1	-1	0	0	0	0	15	-1	-1	-1	14	0	-1	0	0	0	2	0	0	0	0	0	26	8	0	47	-1	-1	0
c19375	-1	2	0	-1	0	-1	-1	0	0	0	14	1	-1	0	0	0	0	45	10	-1	-1	0	14	0	0	-1	0	0	9	-1
c19402	6	0	0	11	14	0	-1	37	49	0	2	0	0	0	45	45	0	43	0	0	0	-1	0	39	0	0	-1	-1	17	17
c19403	6	0	0	11	14	0	0	37	49	0	2	0	0	0	45	45	0	43	0	0	0	-1	0	-1	0	0	0	19	17	17
c19426	0	-1	0	-1	13	-1	45	-1	-1	0	0	1	-1	0	0	0	0	0	10	-1	-1	0	-1	0	0	-1	0	45	9	25
c19440	0	0	0	0	0	0	0	24	0	42	2	0	-1	0	0	0	0	-1	0	0	-1	-1	0	-1	21	39	0	-1	29	0
c19474	0	0	-1	0	0	-1	0	0	21	-1	-1	17	0	0	-1	4	-1	0	-1	19	0	0	-1	0	0	0	-1	0	-1	0
c19483	0	40	0	26	14	-1	0	-1	49	0	4	0	0	35	0	0	15	43	0	43	0	-1	45	0	0	-1	0	19	0	17
c19491	49	-1	0	39	7	0	0	0	0	25	0	4	0	35	0	0	0	0	0	8	-1	9	-1	0	-1	0	0	35	-1	0
c19504	-1	0	0	0	14	35	31	37	49	0	0	-1	-1	0	-1	34	0	43	42	0	0	-1	-1	0	-1	45	-1	19	0	17
c19515	0	0	0	11	-1	50	0	0	0	0	-1	-1	0	0	0	0	0	18	26	0	42	0	0	-1	33	0	0	0	-1	0
c19522	-1	0	-1	0	0	33	0	0	0	-1	0	-1	0	0	0	-1	0	42	-1	0	-1	0	0	-1	33	25	0	0	0	-1
c19527	13	-1	0	0	-1	-1	-1	0	0	0	37	0	45	0	0	-1	0	2	0	0	32	33	25	26	-1	0	47	-1	33	27
c19538	47	0	0	0	0	0	0	7	-1	18	0	17	-1	34	0	0	-1	0	0	-1	7	-1	-1	0	0	27	-1	0	0	0
c19574	6	0	0	0	14	0	0	37	49	0	2	0	0	-1	0	45	-1	43	0	0	0	-1	0	0	0	-1	0	19	17	-1
c19594	0	7	0	6	-1	-1	0	-1	49	-1	-1	0	0	-1	0	0	36	43	32	0	0	35	0	0	0	0	0	19	13	17
c19595	0	-1	0	-1	14	-1	0	-1	49	-1	-1	0	0	-1	0	0	36	43	32	-1	-1	35	0	0	0	0	0	19	13	17
c19603	0	0	-1	-1	11	-1	45	0	0	-1	0	1	-1	22	-1	0	0	-1	-1	0	-1	0	14	16	0	0	-1	0	9	25
c19649	6	0	-1	0	14	-1	0	37	49	0	-1	0	45	24	-1	-1	0	43	0	0	0	-1	0	0	-1	0	-1	19	17	17
c19657	-1	23	0	-1	0	0	0	0	40	45	0	-1	23	0	0	34	-1	2	0	0	0	0	-1	-1	0	-1	-1	-1	-1	-1
c19672	-1	0	-1	0	14	50	0	-1	49	7	-1	0	0	0	0	-1	-1	-1	36	0	-1	35	-1	0	34	45	-1	-1	-1	-1
c19677	-1	-1	0	0	27	0	0	0	0	0	0	-1	0	0	-1	0	0	2	-1	0	0	0	0	26	0	31	47	21	0	45
c19686	0	0	45	0	14	-1	0	24	0	0	2	0	-1	0	0	0	0	0	-1	0	-1	0	0	0	0	0	0	-1	29	22
c19724	13	28	28	0	4	0	0	0	0	0	3	29	23	-1	0	-1	0	2	9	0	0	0	0	26	0	18	47	21	41	0
c19725	13	-1	-1	0	-1	-1	0	0	0	0	-1	29	23	24	0	13	-1	2	9	0	0	-1	0	26	0	18	47	21	41	0
c19726	6	0	0	0	14	18	0	37	49	0	0	25	0	0	0	14	0	-1	14	0	0	-1	32	0	0	0	12	19	-1	17
c19729	0	-1	0	-1	10	40	0	0	0	27	0	17	-1	35	0	0	0	0	26	19	-1	0	-1	0	0	7	-1	0	0	-1
c19734	0	2	0	0	14	0	0	37	49	0	-1	-1	0	0	-1	0	0	43	0	43	0	35	17	0	0	15	0	19	0	17
c19737	0	-1	-1	-1	0	45	-1	0	-1	0	0	1	-1	-1	-1	14	-1	0	10	0	-1	0	14	0	-1	0	0	0	-1	25
c19741	0	0	-1	0	14	-1	0	-1	49	-1	43	0	35	0	0	0	0	-1	0	43	0	35	0	0	-1	0	0	19	-1	-1
c19756	0	19	0	39	19	0	-1	0	0	-1	0	17	-1	0	0	0	0	0	0	0	0	-1	0	0	-1	19	0	19	-1	0
c19758	0	2	0	0	14	-1	0	37	49	-1	-1	0	-1	-1	0	-1	0	43	0	-1	0	35	29	0	0	0	0	-1	-1	17
c19759	0	2	0	-1	14	0	0	37	49	0	-1	0	-1	0	0	-1	0	43	0	-1	0	35	29	0	0	0	0	-1	1	17
c19760	-1	0	0	0	0	0	0	-1	0	0	0	0	-1	14	25	-1	0	39	0	-1	21	0	0	0	0	0	0	0	-1	0
c19770	-1	0	0	20	0	0	0	-1	-1	0	31	0	0	10	0	50	-1	0	0	8	0	9	32	12	29	0	-1	0	0	0
c19771	-1	0	0	20	0	0	0	-1	-1	0	31	0	0	10	0	50	-1	0	0	8	0	9	32	12	29	0	39	0	0	0
c19778	0	-1	-1	0	14	14	-1	37	-1	0	0	19	0	0	-1	0	-1	0	-1	0	0	-1	-1	35	-1	35	8	19	0	17
c19781	0	0	0	0	14	-1	26	37	-1	0	8	-1	0	0	-1	0	36	43	0	-1	31	35	0	4	0	0	0	19	-1	17
c19814	0	0	0	39	0	0	0	0	0	0	0	-1	14	0	-1	-1	0	-1	-1	8	-1	-1	0	29	0	0	4	0	-1	0
c19833	0	0	0	20	0	43	-1	-1	44	0	-1	0	0	-1	45	50	-1	-1	0	8	-1	-1	29	12	29	-1	39	-1	0	0
c19839	12	-1	0	0	-1	0	-1	0	0	0	-1	21	-1	0	-1	0	0	47	0	0	-1	-1	0	0	-1	7	47	0	-1	0
c19840	6	-1	-1	0	14	0	29	37	-1	0	0	34	0	0	0	29	0	43	10	14	0	35	0	0	48	42	0	-1	0	17
c19841	-1	-1	0	0	14	0	-1	37	49	0	0	34	-1	0	0	29	0	-1	10	14	0	35	0	0	48	-1	0	-1	0	17
c19863	2	0	0	0	14	0	0	-1	49	23	-1	10	35	-1	0	-1	36	43	0	25	-1	35	-1	10	0	26	0	19	13	17
c19869	0	32	0	0	15	14	-1	-1	-1	0	45	0	-1	14	0	0	-1	0	0	-1	-1	-1	0	-1	0	0	2	0	0	-1
c19883	0	2	-1	0	14	0	-1	37	49	0	-1	2	-1	-1	0	2	0	-1	0	43	0	35	0	-1	-1	11	-1	-1	0	17
c19885	6	-1	-1	39	14	0	0	37	49	0	0	0	0	0	-1	-1	43	43	0	14	-1	35	45	35	10	0	11	19	0	17
c19887	6	25	13	50	-1	0	8	-1	49	0	-1	-1	0	0	0	-1	28	43	-1	0	0	35	45	0	0	-1	0	19	0	-1
c19889	0	4	-1	0	10	40	0	-1	0	0	0	17	-1	0	0	-1	0	0	-1	19	0	35	-1	27	-1	0	0	8	0	0
c19901	4	0	0	-1	0	33	0	0	0	-1	0	17	24	0	0	0	0	0	0	0	0	0	-1	0	31	-1	0	0	9	0
c19917	45	7	0	14	0	-1	-1	0	10	26	0	-1	0	34	0	-1	0	0	0	0	-1	0	43	10	19	0	-1	0	0	29
c19923	0	0	0	30	0	25	0	21	0	0	-1	-1	0	0	0	0	0	0	0	-1	0	9	27	29	14	0	0	0	0	31
c19930	6	0	0	-1	14	25	-1	-1	49	0	2	-1	0	42	0	45	34	43	0	-1	0	-1	0	0	0	7	0	19	-1	-1
c19931	6	-1	0	0	14	25	0	37	-1	0	2	-1	0	42	0	45	34	43	0	-1	0	-1	-1	-1	-1	7	0	19	0	17
c19934	13	-1	25	14	0	45	0	0	0	0	0	0	0	0	-1	0	0	2	36	15	11	0	0	-1	0	0	-1	21	0	0
c19939	-1	0	0	35	12	0	0	23	0	0	-1	21	-1	15	0	18	0	0	-1	0	-1	-1	0	0	0	22	47	1	28	7
c19942	13	-1	-1	0	0	0	27	0	0	0	0	-1	0	45	33	-1	0	-1	0	-1	0	0	0	26	0	0	47	21	0	45
c19976	0	0	25	0	0	0	0	12	44	32	0	0	0	10	0	-1	0	0	0	8	0	9	0	0	0	0	35	0	-1	-1
c19977	0	0	25	0	0	-1	0	12	44	32	0	0	0	10	0	0	-1	0	-1	-1	0	9	0	0	0	0	35	0	-1	18
c19982	0	0	0	-1	-1	-1	0	7	28	26	0	17	0	34	0	0	0	-1	0	0	7	-1	0	10	35	-1	0	12	0	0
c19992	-1	-1	0	0	-1	0	0	7	28	26	0	17	0	-1	0	-1	0	-1	0	0	7	0	0	0	0	21	0	-1	-1	-1
c19998	0	-1	0	45	0	-1	0	0	0	25	-1	-1	-1	-1	0	32	0	0	34	8	0	9	-1	0	-1	0	0	-1	0	34
c20006	0	0	-1	0	14	0	0	37	49	18	43	-1	-1	-1	-1	-1	-1	43	0	-1	-1	-1	0	0	0	0	0	19	0	17
c20007	0	0	14	0	14	0	0	37	-1	18	43	0	0	28	46	25	17	43	0	-1	0	35	0	-1	0	0	0	19	0	17
c20012	-1	8	0	0	-1	0	0	37	49	-1	2	0	37	0	0	45	0	43	0	-1	0	-1	0	15	0	7	36	19	17	17
c20016	0	0	0	0	0	45	26	2	14	0	0	19	-1	0	0	16	-1	0	0	0	-1	24	0	0	24	0	0	0	-1	0
c20025	6	18	-1	13	14	0	0	37	-1	0	0	0	26	0	0	0	-1	43	43	0	35	35	0	-1	25	29	-1	19	-1	17
c20030	0	2	16	0	14	-1	-1	37	49	-1	-1	0	-1	25	0	-1	0	43	0	43	0	35	-1	0	0	0	0	19	45	17
c20046	13	-1	0	0	0	45	-1	-1	7	0	0	0	6	0	4	0	0	2	36	-1	0	0	0	26	0	0	47	-1	0	7
c20061	-1	0	0	0	14	0	0	37	49	0	7	0	0	0	0	0	0	-1	0	7	-1	35	34	0	0	45	0	19	39	17
c20069	45	0	0	-1	0	0	-1	0	0	0	0	-1	-1	0	-1	0	0	0	10	15	-1	0	14	0	45	0	0	0	39	-1
c20070	-1	0	0	7	19	-1	-1	18	45	-1	0	17	26	-1	0	0	35	-1	0	-1	-1	-1	0	29	0	19	0	19	-1	0
c20100	0	0	-1	-1	-1	45	-1	0	0	14	7	-1	-1	0	0	39	0	0	-1	0	-1	45	14	-1	0	-1	0	0	9	25
c20123	-1	0	0	0	-1	-1	0	17	0	-1	-1	26	19	14	0	0	-1	9	0	-1	0	0	0	26	0	46	47	-1	0	0
c20149	0	-1	0	0	-1	0	0	37	49	0	-1	0	0	0	0	-1	0	43	14	43	0	-1	-1	12	0	0	0	19	-1	17
c20161	-1	0	0	0	-1	0	0	37	49	12	-1	0	0	0	0	27	0	43	29	0	0	35	0	0	0	-1	39	19	0	17
c20162	-1	-1	0	0	14	0	0	37	49	-1	-1	0	0	0	0	27	6	43	29	0	0	35	0	0	0	45	-1	19	0	17
c20167	6	-1	0	19	14	0	0	37	-1	-1	0	19	26	0	0	-1	0	43	43	0	29	35	0	4	25	-1	0	19	0	17
c20174	-1	0	0	0	0	-1	0	7	28	-1	-1	17	0	-1	0	32	-1	-1	0	-1	7	0	-1	0	0	21	0	0	29	-1
c20177	6	25	0	0	-1	0	8	37	-1	0	-1	0	29	-1	0	0	28	43	0	0	-1	-1	45	0	43	0	0	-1	0	-1
c20184	0	2	16	-1	14	-1	-1	-1	49	-1	-1	0	0	0	0	0	0	43	27	-1	0	35	-1	0	-1	0	-1	19	-1	17
c20186	6	-1	32	0	-1	0	0	37	49	0	2	0	0	36	0	45	0	43	0	0	-1	-1	0	0	-1	-1	0	19	0	17
c20189	22	0	-1	0	0	0	0	0	0	25	0	0	0	-1	0	0	0	0	46	8	-1	9	29	0	-1	0	0	-1	0	0
c20221	-1	0	0	0	-1	0	47	24	0	-1	2	-1	-1	0	0	0	0	29	0	4	21	-1	0	0	0	17	0	-1	29	0
c20228	0	0	-1	0	14	0	-1	37	-1	0	0	-1	0	0	-1	0	36	43	7	0	0	35	0	-1	0	0	-1	-1	13	17
c20229	0	0	0	-1	14	0	7	37	49	0	0	-1	0	0	-1	0	36	-1	7	-1	0	35	0	-1	0	0	-1	-1	13	17
c20230	-1	45	25	0	0	0	0	0	44	0	0	0	-1	10	0	0	14	0	-1	8	0	-1	0	-1	0	0	0	-1	0	0
c20231	0	45	25	0	0	0	0	0	44	0	0	0	0	10	0	0	14	0	-1	8	0	9	0	-1	17	-1	0	26	0	0
c20250	-1	-1	-1	0	0	-1	30	0	0	0	-1	0	1	31	0	0	0	-1	0	-1	-1	19	37	-1	26	45	19	19	33	50
c20261	6	25	0	0	-1	0	8	37	49	40	0	0	0	0	0	-1	28	43	0	0	-1	-1	45	29	0	0	0	-1	0	17
c20274	13	-1	47	0	0	0	27	0	-1	0	-1	15	0	0	33	0	-1	-1	0	0	0	0	0	26	-1	-1	47	21	0	-1
c20302	-1	0	0	0	14	0	0	37	49	0	-1	0	0	0	43	0	-1	-1	0	0	0	-1	32	0	0	0	12	19	0	17
c20308	39	0	0	0	27	14	0	0	0	45	0	0	0	-1	45	-1	0	0	-1	8	0	9	0	-1	49	0	19	-1	-1	14
c20314	0	2	4	-1	14	-1	0	-1	49	0	-1	-1	-1	0	-1	0	0	43	0	-1	0	-1	0	-1	0	0	-1	19	0	17
c20352	0	0	0	-1	0	0	0	0	0	25	-1	-1	-1	-1	0	0	0	0	0	8	0	9	39	0	-1	0	45	-1	0	0
c20354	0	0	0	-1	14	0	-1	-1	49	0	0	-1	-1	0	0	-1	0	43	0	43	0	35	49	14	0	0	17	19	-1	17
c20355	0	0	0	-1	14	0	-1	-1	49	-1	0	0	-1	0	0	0	-1	43	-1	43	0	35	49	14	-1	0	17	19	0	17
c20357	-1	0	0	0	0	-1	0	0	0	25	45	-1	0	0	-1	0	36	7	35	8	0	9	29	0	-1	21	6	-1	0	-1
c20358	13	-1	-1	35	0	31	0	0	0	0	14	-1	31	-1	0	0	0	2	10	-1	-1	0	-1	26	0	0	47	21	0	-1
c20361	6	-1	-1	0	14	0	0	37	49	0	2	0	0	0	-1	45	0	43	0	0	0	-1	0	0	0	12	0	19	17	17
c20376	13	-1	0	-1	0	45	4	0	0	27	0	0	23	0	-1	0	-1	2	-1	0	-1	0	0	26	0	15	47	-1	45	-1
c20385	-1	4	-1	0	-1	40	0	0	0	43	-1	-1	0	0	-1	0	0	0	26	19	0	35	-1	27	-1	0	0	31	0	-1
c20386	0	-1	-1	-1	0	4	45	0	14	0	27	1	-1	0	0	0	9	0	10	0	-1	0	14	0	0	-1	-1	-1	-1	25
c20387	0	-1	-1	-1	0	4	45	0	14	0	27	1	-1	0	0	0	9	0	-1	-1	-1	0	14	0	0	35	-1	0	9	25
c20394	0	0	0	0	14	-1	0	37	49	30	0	0	0	16	0	-1	36	43	45	0	0	35	33	0	0	-1	10	19	-1	17
c20397	0	2	0	0	-1	-1	0	37	49	0	-1	0	0	0	-1	0	0	43	14	43	0	-1	0	12	0	0	0	-1	-1	17
c20400	39	0	0	0	-1	-1	0	0	41	-1	45	0	0	27	45	34	0	0	25	8	0	9	0	29	0	0	26	0	0	-1
c20409	6	0	32	0	-1	0	0	-1	49	-1	2	45	0	0	0	45	0	43	0	-1	-1	-1	-1	0	-1	0	0	19	0	17
c20410	0	39	-1	-1	-1	0	45	-1	-1	-1	27	1	-1	25	0	0	0	-1	10	0	-1	0	14	0	-1	45	0	-1	-1	25
c20431	-1	7	0	-1	14	0	-1	-1	49	0	-1	46	0	-1	-1	0	-1	43	45	0	0	35	43	0	0	45	-1	-1	13	17
c20435	0	-1	-1	-1	0	0	20	-1	-1	0	45	-1	-1	12	23	0	0	0	-1	14	-1	30	14	0	-1	0	12	0	-1	-1
c20437	6	-1	0	14	0	0	0	0	0	-1	26	-1	9	34	0	0	34	27	0	0	39	0	0	0	0	0	0	-1	1	0
c20440	0	0	0	-1	0	25	0	21	0	0	0	0	49	0	0	0	0	0	0	8	0	9	-1	-1	14	0	0	0	0	0
c20441	0	0	0	30	0	25	0	21	0	0	0	0	49	0	-1	0	0	0	0	8	0	9	27	29	14	0	0	0	0	0
c20445	6	0	45	31	-1	0	0	-1	-1	0	0	0	13	0	0	0	24	43	0	0	0	35	45	0	-1	14	0	-1	0	17
c20457	0	0	13	0	0	7	4	0	0	0	0	17	10	0	27	0	0	0	26	0	-1	0	0	2	33	0	35	0	19	-1
c20460	-1	0	27	-1	14	0	27	37	49	0	7	0	11	-1	0	30	0	43	0	0	-1	-1	0	0	0	-1	0	19	22	-1
c20474	-1	-1	45	-1	14	0	0	37	49	0	0	35	13	0	0	0	18	-1	27	0	0	35	45	12	0	0	14	19	0	17
c20498	-1	-1	33	-1	0	-1	0	0	0	0	0	25	-1	-1	0	0	13	2	36	15	0	0	0	-1	0	0	47	21	0	0
c20504	-1	0	0	0	14	0	0	37	49	-1	-1	0	0	0	0	-1	6	43	-1	-1	0	35	-1	0	0	45	39	19	-1	17
c20512	-1	0	0	35	0	-1	-1	23	0	0	0	-1	-1	15	-1	0	0	0	-1	0	0	0	0	0	0	0	47	0	28	0
c20531	-1	-1	0	-1	-1	45	45	0	0	0	0	1	-1	0	19	0	0	-1	-1	-1	-1	0	14	0	0	0	0	0	-1	25
c20536	-1	25	0	0	-1	0	-1	37	49	-1	-1	0	0	0	31	-1	28	43	-1	-1	-1	-1	-1	-1	-1	-1	0	-1	0	17
c20537	-1	25	-1	0	-1	0	-1	37	-1	0	0	0	0	0	-1	-1	28	43	0	0	0	-1	-1	29	0	0	0	19	0	17
c20552	-1	0	0	0	14	-1	31	37	49	39	-1	-1	-1	0	0	34	0	43	42	-1	0	-1	-1	0	10	45	-1	19	0	17
c20557	13	-1	0	23	0	-1	0	-1	-1	14	0	0	0	-1	0	0	0	2	0	14	-1	0	-1	26	0	31	47	21	0	0
c20562	0	27	-1	0	19	-1	-1	0	0	0	0	17	-1	-1	0	-1	35	0	0	0	0	-1	-1	29	-1	-1	-1	19	-1	0
c20567	12	0	0	-1	0	-1	0	0	-1	14	0	-1	-1	25	-1	27	36	0	21	-1	0	-1	15	0	-1	0	-1	19	28	0
c20572	-1	26	-1	0	-1	46	0	37	-1	0	0	10	35	32	0	0	36	43	-1	25	-1	35	-1	10	0	26	4	-1	-1	17
c20577	12	0	0	-1	0	-1	21	23	0	-1	0	21	-1	0	0	0	-1	0	0	0	15	0	17	-1	39	0	47	5	28	-1
c20581	6	-1	0	0	14	0	0	37	-1	0	0	0	0	42	0	0	0	43	-1	0	0	35	32	0	0	0	12	19	0	17
c20584	0	13	0	0	14	-1	-1	37	49	0	0	19	-1	0	11	0	0	43	0	43	0	35	0	-1	25	-1	-1	19	-1	17
c20608	4	0	0	0	0	-1	14	0	0	33	-1	17	-1	0	0	4	-1	-1	26	19	0	0	-1	0	-1	0	0	0	0	0
c20609	4	0	0	0	0	-1	14	0	0	33	-1	17	-1	0	0	4	-1	42	26	19	0	0	-1	0	0	-1	0	0	0	-1
c20614	0	-1	-1	-1	0	-1	45	0	0	0	0	-1	-1	0	0	0	9	0	10	0	-1	0	14	-1	-1	-1	-1	0	9	25
c20615	-1	0	-1	-1	0	0	-1	0	-1	0	0	-1	-1	0	-1	0	-1	0	-1	0	-1	-1	14	0	-1	0	-1	-1	9	25
c20619	6	0	45	31	14	-1	0	-1	49	0	0	35	13	0	0	-1	18	43	27	0	0	35	45	0	0	0	0	19	0	17
c20627	45	7	0	14	0	0	0	0	0	0	0	-1	0	34	-1	0	0	10	0	0	41	-1	29	-1	0	0	-1	-1	-1	29
c20649	-1	0	0	0	-1	0	0	0	0	50	-1	25	38	-1	0	14	-1	33	-1	8	0	9	29	14	0	12	-1	0	-1	-1
c20653	0	45	25	0	0	48	0	0	44	36	0	0	0	10	0	0	0	0	0	8	25	9	27	0	0	29	18	34	0	4
c20655	-1	0	8	0	14	0	0	37	-1	-1	-1	-1	0	-1	0	27	6	43	29	0	29	35	0	0	0	45	39	19	0	17
c20662	-1	0	27	0	-1	0	27	37	49	0	-1	0	-1	0	0	0	0	43	0	-1	0	35	0	0	-1	45	0	19	-1	-1
c20663	-1	-1	27	0	-1	0	27	37	49	0	7	0	11	0	-1	0	0	43	-1	0	0	35	0	0	0	45	0	19	27	17
c20667	13	0	-1	0	4	0	29	0	0	0	3	0	23	0	0	13	31	2	0	0	0	-1	29	26	-1	0	47	21	0	0
c20668	0	7	-1	-1	-1	40	0	-1	-1	0	0	17	0	0	0	0	0	0	26	-1	0	0	-1	0	33	0	0	0	0	35
c20669	0	-1	-1	-1	-1	40	0	0	-1	0	0	17	-1	0	0	0	-1	0	26	19	-1	0	-1	0	33	0	0	0	0	35
c20683	-1	0	0	35	0	-1	35	23	0	-1	0	21	-1	15	0	0	0	0	0	-1	0	0	0	2	-1	0	47	-1	28	0
c20684	0	0	-1	-1	0	45	-1	-1	0	14	7	1	-1	0	-1	-1	0	0	-1	0	-1	45	14	-1	0	0	14	-1	9	25
c20686	0	0	0	0	0	-1	0	0	-1	33	0	17	-1	-1	0	4	-1	0	26	-1	0	-1	-1	22	-1	0	0	-1	-1	0
c20688	0	2	0	0	14	0	7	37	49	0	-1	0	35	0	0	0	0	43	0	43	0	35	0	0	0	0	0	19	0	-1
c20699	0	31	0	-1	14	0	0	-1	-1	0	0	35	0	0	0	0	0	43	0	43	0	35	0	27	14	0	0	19	-1	17
c20703	0	0	0	18	-1	0	0	-1	0	-1	0	17	0	0	-1	0	48	0	26	0	-1	-1	0	-1	33	19	0	0	0	0
c20725	6	0	-1	31	14	29	0	-1	49	0	0	0	4	0	0	0	-1	43	0	14	-1	35	0	0	0	-1	0	19	40	-1
c20731	0	0	-1	-1	0	0	45	0	0	0	0	1	-1	0	0	0	9	0	10	0	-1	-1	14	0	-1	0	-1	0	9	25
c20733	0	-1	32	0	-1	0	0	37	0	-1	-1	0	-1	0	31	43	0	43	26	0	0	35	0	0	0	0	24	19	11	-1
c20746	-1	0	32	0	-1	0	0	37	49	0	2	0	0	0	0	45	0	43	0	-1	0	-1	0	0	0	0	-1	19	0	-1
c20747	6	0	32	-1	-1	0	0	37	-1	0	2	0	0	0	-1	45	0	-1	0	0	-1	-1	0	-1	-1	0	0	19	0	17
c20755	-1	0	0	-1	0	42	-1	25	-1	0	0	17	34	-1	0	0	0	-1	-1	0	-1	0	0	0	0	-1	0	34	0	-1
c20774	-1	0	27	-1	14	0	27	37	49	-1	7	0	11	0	-1	30	0	43	-1	0	0	35	0	0	0	45	0	-1	22	17
c20775	-1	0	27	-1	-1	0	27	37	49	0	7	0	11	0	0	30	0	-1	-1	0	-1	-1	0	0	0	45	-1	19	22	17
c20776	0	7	0	-1	10	-1	0	0	-1	0	0	17	-1	0	0	0	0	0	26	19	0	0	-1	0	-1	0	0	0	-1	0
c20787	43	0	0	17	14	0	25	37	4	0	0	19	0	0	27	0	0	0	-1	0	43	4	-1	35	0	0	8	19	0	17
c20809	0	0	35	35	39	48	45	-1	-1	35	0	28	-1	29	0	-1	0	0	-1	26	0	18	0	0	0	0	0	4	0	27
c20829	-1	0	0	0	15	6	0	0	0	-1	0	0	38	4	29	4	0	33	-1	8	0	9	-1	14	0	0	0	0	34	-1
c20838	0	2	0	0	14	-1	19	37	49	0	-1	0	0	44	0	-1	0	43	0	43	0	35	0	0	-1	0	0	-1	-1	17
c20853	0	0	0	-1	0	0	45	0	2	0	0	1	-1	0	0	0	-1	12	10	-1	-1	0	14	4	-1	0	0	12	9	-1
c20864	25	7	0	0	0	0	0	2	14	0	-1	19	0	0	0	16	-1	0	-1	0	0	24	0	-1	24	0	0	-1	0	-1
c20881	12	0	-1	0	0	22	21	23	0	2	19	21	-1	0	0	0	-1	0	0	0	15	-1	0	-1	-1	25	47	5	-1	15
c20885	6	0	-1	31	14	0	-1	37	49	-1	0	0	-1	32	0	33	0	43	0	0	0	35	45	0	27	0	-1	19	0	-1
c20892	0	43	-1	-1	32	0	45	24	0	0	0	0	0	-1	0	48	0	-1	0	26	0	0	0	12	0	0	0	-1	0	0
c20915	13	-1	0	0	10	42	31	0	0	-1	-1	-1	31	0	0	0	14	-1	0	6	-1	-1	43	26	39	-1	-1	21	0	29
c20918	6	50	-1	0	14	0	0	37	49	0	0	0	-1	-1	0	0	24	43	-1	31	0	35	45	35	0	-1	-1	19	0	-1
c20922	-1	-1	0	0	0	0	19	7	12	50	0	-1	-1	-1	13	0	0	33	-1	8	43	9	0	14	-1	-1	2	35	34	-1
c20923	-1	29	0	-1	0	-1	-1	7	12	50	0	39	-1	-1	-1	0	0	33	-1	8	43	9	0	14	0	0	2	35	34	-1
c20933	-1	0	-1	0	0	24	4	0	0	0	42	17	0	0	27	0	45	0	26	-1	-1	0	0	-1	-1	-1	35	43	19	-1
c20937	0	4	-1	0	10	40	-1	35	0	0	-1	17	0	0	0	0	-1	34	26	19	-1	-1	-1	-1	0	0	0	0	-1	0
c20940	-1	0	0	0	-1	0	-1	37	49	45	7	0	0	0	0	0	0	43	0	-1	-1	35	34	-1	0	45	0	19	39	17
c20941	-1	0	0	0	-1	0	-1	-1	49	45	7	-1	-1	0	0	0	0	-1	-1	-1	0	35	34	0	0	45	0	19	39	17
c20947	0	39	-1	-1	-1	0	45	0	0	0	0	-1	-1	25	-1	0	-1	0	10	0	-1	-1	-1	0	0	0	0	-1	9	-1
c20952	0	0	0	-1	0	0	45	0	-1	0	0	1	-1	0	39	0	0	0	10	-1	-1	0	14	0	27	-1	0	0	9	25
c20953	0	0	0	-1	-1	-1	45	0	-1	0	0	1	-1	0	39	0	0	0	10	45	-1	0	14	0	27	26	0	0	9	25
c20961	0	0	0	13	14	0	0	37	49	29	-1	0	0	0	-1	-1	17	43	0	-1	0	-1	0	0	-1	0	0	-1	0	-1
c20964	0	0	0	0	-1	-1	0	24	0	42	2	0	-1	-1	0	0	0	-1	0	0	21	-1	0	0	21	39	0	34	29	0
c20973	0	-1	32	0	-1	0	-1	37	0	0	-1	-1	-1	0	19	11	0	43	26	0	14	35	0	29	0	-1	24	19	11	17
c21012	0	-1	0	0	10	40	0	-1	0	0	0	17	0	0	-1	0	0	17	26	19	0	0	-1	27	0	0	0	-1	0	0
c21026	0	-1	42	-1	0	0	0	-1	0	-1	21	17	0	0	0	0	0	0	26	-1	42	0	0	-1	33	0	0	0	-1	-1
c21027	0	0	42	18	-1	0	0	9	0	-1	21	17	0	0	0	0	0	0	-1	0	42	0	-1	0	33	0	0	0	0	0
c21028	0	0	0	14	0	0	35	-1	0	0	50	17	29	-1	35	0	0	24	13	0	0	-1	0	-1	-1	14	0	0	35	0
c21034	6	-1	-1	-1	14	-1	0	-1	-1	-1	0	0	0	0	0	0	0	43	-1	-1	0	35	0	0	0	0	0	19	0	17
c21041	0	0	0	0	0	-1	0	0	0	-1	0	17	0	0	0	0	-1	0	26	-1	42	0	0	-1	33	0	-1	0	31	0
c21050	0	0	0	0	-1	7	-1	7	28	-1	7	17	0	-1	0	29	17	0	0	0	7	9	0	0	37	0	0	35	0	0
c21051	0	0	0	0	0	7	43	7	28	43	7	17	-1	34	0	-1	17	0	0	0	-1	9	-1	0	37	0	-1	35	-1	0
c21052	6	0	0	0	14	0	0	37	49	0	2	0	-1	0	19	45	0	43	0	0	0	-1	0	0	0	0	-1	19	17	17
c21053	6	0	0	0	-1	0	0	37	-1	0	2	0	0	-1	19	45	0	43	-1	0	-1	-1	0	0	0	0	0	19	17	17
c21054	-1	-1	0	0	34	0	-1	-1	0	10	0	0	-1	0	39	-1	0	2	0	-1	0	33	9	26	17	0	47	21	-1	0
c21068	0	0	25	0	0	48	0	41	44	0	-1	28	-1	-1	24	0	0	0	0	-1	-1	9	0	0	43	0	0	0	-1	0
c21072	-1	0	18	0	14	19	0	37	49	0	-1	0	0	0	0	0	-1	43	-1	0	0	35	0	42	0	45	0	19	-1	17
c21087	-1	34	-1	-1	0	0	0	-1	-1	50	0	0	38	-1	0	0	0	33	-1	-1	0	9	-1	14	0	-1	0	35	-1	-1
c21097	-1	0	0	0	-1	19	0	0	0	50	0	0	38	0	0	-1	0	33	-1	-1	0	9	0	14	0	0	0	35	34	-1
c21099	6	0	40	27	14	0	0	37	-1	0	0	0	0	0	0	0	0	43	0	14	-1	35	0	0	0	45	-1	-1	-1	-1
c21104	0	0	-1	-1	24	29	45	13	0	21	0	1	-1	-1	-1	0	0	50	10	29	-1	0	14	-1	0	0	-1	0	9	25
c21105	0	0	-1	-1	24	29	45	13	0	21	0	1	-1	0	0	-1	0	50	10	29	-1	0	14	0	0	0	-1	0	-1	25
c21111	-1	0	0	35	-1	25	0	23	14	0	0	21	-1	15	0	0	-1	0	0	0	0	30	0	21	16	-1	-1	-1	-1	0
c21115	0	33	14	-1	-1	0	12	37	49	0	-1	0	15	0	16	25	-1	43	0	-1	0	35	9	0	0	0	0	19	-1	17
c21118	0	0	0	43	14	-1	37	37	49	30	-1	25	-1	16	0	0	36	43	45	17	-1	35	33	-1	-1	0	42	-1	13	17
c21124	6	0	-1	18	14	-1	0	37	49	0	2	0	0	0	0	45	0	43	17	0	0	-1	0	27	0	0	27	19	0	-1
c21138	6	0	45	31	14	0	0	-1	49	0	0	0	13	0	0	0	24	43	0	0	0	35	-1	0	4	14	0	-1	-1	-1
c21144	-1	-1	0	0	0	-1	14	-1	0	-1	0	17	-1	0	-1	4	-1	42	26	19	0	1	-1	0	-1	47	0	0	0	0
c21145	4	-1	0	0	-1	-1	14	0	0	33	0	17	-1	0	0	4	-1	42	26	-1	0	1	-1	0	0	-1	0	0	0	0
c21155	-1	0	-1	-1	14	0	-1	-1	49	-1	0	0	-1	0	0	0	0	43	0	43	-1	35	0	0	0	0	17	-1	0	17
c21156	33	2	0	0	14	-1	0	-1	-1	0	-1	39	0	-1	0	0	0	43	9	-1	0	35	0	-1	6	0	8	19	27	17
c21157	-1	-1	-1	-1	14	0	0	-1	49	0	-1	39	0	0	0	-1	0	43	9	43	0	35	0	29	-1	0	-1	19	27	-1
c21158	0	0	-1	0	-1	45	0	37	49	0	43	0	-1	-1	0	0	0	43	0	43	0	35	0	4	39	0	0	19	-1	-1
c21189	-1	0	0	45	0	0	0	-1	-1	25	0	34	27	-1	-1	0	0	0	0	8	0	9	39	-1	-1	0	45	-1	0	0
c21191	0	0	-1	-1	11	0	45	-1	0	21	0	-1	-1	-1	-1	0	0	0	10	0	-1	0	-1	16	0	0	-1	0	9	25
c21195	-1	0	-1	0	14	41	0	37	49	0	0	0	0	14	0	0	-1	43	-1	14	29	35	-1	0	0	-1	0	19	-1	-1
c21214	6	0	-1	-1	14	-1	14	37	49	40	0	34	13	14	-1	0	-1	43	34	14	0	-1	0	-1	0	14	0	19	0	17
c21223	13	-1	25	39	-1	45	0	0	0	31	0	0	0	0	0	0	0	2	36	-1	-1	0	0	26	-1	0	47	21	0	0
c21239	-1	7	0	-1	10	40	0	-1	7	0	0	17	-1	0	-1	-1	0	0	26	-1	0	0	-1	0	-1	27	0	0	0	0
c21242	-1	13	0	0	-1	0	0	37	49	0	0	19	7	0	11	0	0	43	0	43	-1	35	0	-1	25	-1	-1	19	40	-1
c21260	-1	25	0	35	0	45	45	-1	0	0	0	-1	0	0	0	-1	29	0	0	0	-1	6	35	0	0	0	0	4	3	0
c21264	0	2	0	0	-1	0	0	37	49	0	-1	0	0	0	0	0	0	43	-1	43	-1	35	0	-1	0	-1	19	19	0	-1
c21265	0	2	-1	0	14	0	0	37	49	0	-1	0	0	0	0	0	0	43	0	43	-1	35	0	-1	0	0	19	-1	0	17
c21267	13	-1	0	-1	0	0	0	0	0	14	14	0	31	0	0	-1	0	2	0	0	0	0	0	26	11	0	47	21	0	0
c21268	0	27	42	0	14	0	0	37	49	37	11	0	0	0	0	-1	40	43	0	43	-1	35	-1	-1	27	-1	0	19	0	17
c21273	-1	-1	45	0	-1	50	14	37	-1	7	-1	14	4	0	44	0	-1	-1	0	28	-1	-1	-1	4	0	-1	8	19	0	17
c21286	6	0	0	-1	14	23	0	37	49	0	2	0	-1	35	0	45	0	43	-1	0	0	-1	0	27	0	-1	-1	19	0	17
c21294	27	2	0	-1	0	43	-1	0	0	-1	0	-1	-1	0	0	0	0	0	10	-1	-1	0	14	0	0	0	0	0	9	-1
c21295	27	2	0	-1	0	43	-1	0	0	-1	0	-1	-1	0	0	0	0	0	10	-1	-1	0	14	23	0	0	0	0	-1	25
c21296	6	0	0	0	14	-1	0	37	49	0	-1	0	0	-1	43	0	4	43	0	-1	7	35	32	0	0	-1	12	19	0	17
c21301	0	0	0	-1	0	0	0	0	0	0	35	-1	0	34	-1	0	28	0	-1	-1	41	0	-1	0	0	31	0	0	0	29
c21304	6	0	-1	0	14	0	0	-1	49	0	-1	0	-1	0	10	0	0	-1	-1	-1	0	35	40	-1	-1	0	0	19	0	17
c21311	0	0	-1	-1	0	0	14	-1	0	-1	0	4	41	6	0	17	35	0	-1	8	-1	9	45	0	-1	0	0	0	0	-1
c21340	0	0	-1	5	-1	0	-1	37	49	0	43	-1	0	0	0	0	-1	-1	45	43	0	35	0	0	-1	0	0	19	-1	17
c21341	-1	0	-1	-1	-1	-1	0	37	49	0	43	18	0	0	0	0	0	-1	45	43	0	35	0	0	0	0	0	19	0	17
c21347	-1	-1	0	0	-1	0	-1	37	49	45	7	0	0	-1	45	14	9	43	0	-1	0	35	0	0	-1	45	10	19	0	17
c21351	-1	0	0	-1	0	29	45	0	0	0	0	1	-1	0	0	0	-1	-1	10	-1	-1	0	14	0	-1	45	0	19	9	25
c21364	0	0	0	0	14	0	0	37	49	29	-1	-1	0	25	0	25	17	43	37	-1	0	-1	0	0	0	-1	0	19	39	17
c21372	13	-1	17	0	0	0	0	15	0	0	-1	14	0	0	0	0	0	2	0	0	0	0	50	26	8	0	47	-1	31	0
c21399	13	-1	-1	0	0	31	0	4	0	0	14	-1	31	-1	0	0	0	2	35	0	29	31	0	26	12	0	47	21	0	0
c21405	45	0	0	-1	0	0	0	0	0	0	0	0	-1	0	0	0	12	0	-1	0	-1	-1	-1	-1	45	0	-1	23	0	0
c21416	12	-1	0	0	17	0	29	0	32	0	0	21	-1	0	29	0	0	0	0	-1	0	-1	0	0	0	0	47	0	28	-1
c21419	0	0	0	-1	13	0	45	-1	0	-1	-1	1	-1	-1	-1	0	0	0	10	-1	-1	0	14	-1	0	-1	0	45	9	-1
c21423	0	0	-1	24	14	-1	-1	37	0	0	12	0	0	0	4	0	0	43	4	-1	11	-1	0	-1	0	-1	24	19	-1	17
c21426	0	0	0	0	0	29	0	12	15	0	-1	-1	-1	-1	24	0	-1	15	0	50	11	24	0	36	24	0	0	0	-1	32
c21432	6	0	0	0	14	-1	14	37	49	0	2	-1	0	34	0	0	-1	-1	27	34	0	35	-1	0	21	-1	0	-1	0	17
c21433	-1	0	0	0	14	0	14	37	49	0	-1	-1	0	34	0	0	0	43	27	34	0	35	0	0	21	0	0	19	0	17
c21442	0	35	0	0	14	-1	0	37	49	0	0	-1	0	0	0	-1	-1	43	-1	0	0	-1	0	0	6	0	0	19	13	17
c21443	-1	-1	0	0	14	37	0	-1	49	-1	0	-1	0	0	0	0	-1	43	-1	0	0	35	-1	0	6	0	0	19	-1	17
c21444	-1	-1	0	14	0	42	35	25	10	0	0	17	34	-1	-1	0	0	0	13	0	29	0	0	0	0	0	0	34	0	0
c21466	0	0	-1	0	14	-1	0	37	49	0	-1	-1	0	0	0	0	36	43	7	25	0	-1	0	0	0	0	0	19	-1	17
c21479	0	0	-1	-1	0	-1	0	0	0	0	0	2	0	10	14	0	0	32	35	-1	0	19	37	0	-1	-1	19	19	0	0
c21481	0	0	0	45	46	0	0	19	0	-1	0	-1	0	35	19	2	0	0	0	8	0	9	45	0	-1	0	0	0	0	0
c21490	0	18	-1	-1	14	0	0	-1	-1	0	2	0	36	0	0	-1	0	-1	17	0	-1	-1	0	0	0	45	24	19	0	17
c21491	0	18	-1	-1	14	0	0	37	-1	-1	2	-1	36	0	0	0	0	-1	17	0	-1	35	0	0	0	45	24	19	0	17
c21494	13	-1	14	0	0	0	-1	0	0	0	0	0	0	41	0	0	0	2	0	48	3	-1	7	-1	33	2	47	-1	0	0
c21514	0	-1	32	14	-1	0	-1	37	0	0	-1	0	-1	0	19	11	35	43	26	0	0	35	-1	29	0	0	24	19	11	17
c21526	15	0	0	35	39	0	45	24	-1	-1	0	0	0	29	0	0	45	-1	0	26	0	-1	-1	0	0	0	-1	4	22	-1
c21535	0	0	-1	0	14	27	50	37	-1	0	0	0	0	0	0	0	0	43	0	0	-1	35	0	0	0	45	24	19	0	17
c21545	0	4	0	-1	10	-1	0	0	0	0	0	17	25	0	0	0	-1	0	26	-1	0	0	-1	27	-1	0	0	0	0	0
c21578	4	0	0	0	0	-1	14	0	0	-1	0	17	-1	0	0	4	-1	42	26	19	0	0	-1	35	0	0	0	0	0	0
c21579	4	-1	0	0	0	-1	14	-1	0	33	0	17	-1	0	-1	-1	-1	42	26	19	0	0	-1	35	0	0	0	0	0	0
c21586	-1	9	0	0	-1	0	0	-1	-1	11	0	-1	-1	-1	0	40	38	43	0	43	0	35	0	-1	25	0	0	19	-1	17
c21593	-1	0	-1	-1	0	-1	0	0	0	0	0	43	0	-1	0	-1	0	32	15	38	0	0	37	-1	0	-1	-1	19	26	0
c21596	45	0	-1	-1	0	40	-1	7	15	-1	6	17	0	0	14	-1	-1	0	26	19	-1	0	-1	0	-1	0	17	0	0	0
c21603	0	-1	0	0	14	0	0	37	-1	0	0	10	35	32	0	35	-1	-1	0	25	-1	35	10	10	0	26	0	19	13	-1
c21608	0	0	-1	0	0	22	0	0	0	45	0	0	0	0	0	34	-1	32	-1	0	0	19	37	29	0	45	19	19	0	0
c21623	0	0	-1	-1	0	45	45	-1	0	-1	-1	1	-1	0	-1	33	-1	-1	10	45	-1	0	14	4	0	0	-1	0	9	-1
c21630	-1	-1	0	0	-1	0	-1	37	49	0	7	-1	0	-1	-1	14	0	43	-1	27	0	35	-1	0	0	-1	0	19	40	17
c21631	-1	-1	0	-1	-1	0	-1	37	-1	0	7	0	0	0	45	14	-1	43	-1	27	0	35	0	0	0	45	0	19	-1	17
c21643	-1	0	-1	0	46	0	0	-1	0	25	0	-1	-1	33	19	0	0	0	-1	-1	-1	9	45	0	-1	-1	0	0	0	-1
c21650	-1	0	-1	0	14	-1	-1	37	49	-1	-1	-1	0	0	0	27	-1	43	29	0	-1	35	0	0	0	45	39	19	-1	-1
c21651	-1	-1	0	0	14	-1	0	37	49	12	-1	0	0	0	0	27	0	43	29	-1	0	35	0	-1	0	45	39	19	0	17
c21659	0	0	0	-1	0	0	0	0	6	0	-1	-1	-1	0	0	0	-1	0	10	14	-1	-1	14	0	45	0	0	0	0	0
c21660	0	44	0	-1	-1	45	-1	0	0	0	0	-1	-1	-1	19	0	0	0	10	0	-1	0	14	-1	0	0	0	-1	9	-1
c21661	0	44	0	-1	-1	45	45	0	0	-1	0	1	-1	0	19	0	0	0	10	0	-1	0	14	0	0	-1	0	0	9	25
c21679	-1	7	38	0	0	0	0	0	0	0	0	0	0	0	0	0	-1	12	45	31	0	24	37	34	0	0	-1	0	0	-1
c21684	-1	2	15	7	14	0	34	37	49	0	-1	0	-1	21	0	0	-1	43	0	43	30	35	47	0	48	0	45	19	0	-1
c21726	6	0	0	11	14	0	0	37	49	0	-1	0	0	0	45	45	-1	43	0	0	0	-1	0	39	0	14	0	-1	17	17
c21731	25	0	-1	0	47	50	-1	15	0	0	0	0	0	0	0	0	-1	29	-1	0	45	24	-1	0	0	-1	0	6	0	0
c21740	45	0	0	-1	0	29	-1	0	0	0	0	-1	-1	0	0	0	-1	0	-1	-1	-1	0	-1	-1	0	0	0	0	-1	25
c21756	0	0	-1	10	14	0	0	-1	22	-1	0	0	0	-1	0	0	0	43	-1	0	0	35	0	-1	-1	45	24	19	0	17
c21766	0	-1	0	0	-1	50	11	0	0	0	0	-1	0	0	0	0	0	18	-1	0	42	0	0	14	33	0	0	0	-1	0
c21788	-1	-1	43	-1	14	0	0	37	-1	-1	-1	-1	-1	0	-1	-1	0	43	0	0	0	35	0	0	31	-1	39	19	0	-1
c21789	-1	0	43	-1	14	0	0	37	49	0	-1	0	0	0	0	27	0	43	0	0	0	35	0	0	31	-1	39	19	0	-1
c21791	0	0	0	-1	0	22	-1	0	0	0	0	-1	0	15	-1	0	0	32	0	38	27	0	37	-1	0	45	19	19	26	0
c21802	6	-1	13	50	-1	0	8	37	49	0	0	0	-1	0	0	0	28	43	0	0	0	35	45	0	0	0	-1	19	0	-1
c21803	6	25	13	50	-1	-1	8	-1	49	0	0	0	-1	0	-1	0	28	-1	-1	0	0	35	-1	0	0	0	0	19	0	-1
c21827	6	0	40	0	14	0	0	37	-1	0	-1	0	12	-1	0	0	0	43	-1	14	0	-1	-1	0	0	-1	-1	19	-1	17
c21832	-1	45	0	0	14	0	-1	37	49	0	7	0	29	0	0	0	45	43	0	0	0	35	0	0	0	45	0	19	50	17
c21841	-1	0	0	0	0	0	27	24	0	22	2	0	-1	0	-1	0	0	29	0	4	-1	-1	0	5	-1	0	17	-1	29	0
c21846	-1	0	-1	0	0	35	47	24	0	0	-1	-1	-1	11	0	0	0	-1	0	4	21	26	0	0	0	17	0	0	29	0
c21848	0	7	0	-1	10	40	-1	0	0	0	0	-1	0	0	0	-1	0	0	26	19	0	-1	-1	0	-1	0	0	-1	-1	0
c21849	0	7	-1	-1	10	40	0	0	0	0	0	-1	0	0	0	0	0	0	26	19	0	0	-1	0	-1	0	0	-1	0	0
c21852	-1	0	-1	0	14	41	0	37	49	0	0	17	0	14	0	0	-1	43	0	14	-1	35	-1	0	0	-1	0	19	-1	-1
c21864	6	0	-1	43	-1	0	-1	-1	49	0	0	-1	39	0	0	0	0	43	0	0	0	35	32	0	-1	0	12	19	0	17
c21865	6	-1	-1	43	14	-1	0	37	49	-1	0	0	-1	0	0	0	0	-1	0	0	-1	35	32	0	0	0	-1	19	0	17
c21869	0	-1	0	39	-1	21	0	0	-1	0	-1	0	-1	0	0	26	-1	0	0	-1	0	9	-1	-1	-1	-1	-1	45	-1	0
c21892	0	0	0	30	0	25	0	21	0	0	0	0	0	0	0	-1	0	0	0	8	0	-1	27	29	14	0	-1	0	0	31
c21893	0	0	-1	30	0	25	0	21	0	0	0	0	0	0	0	0	-1	0	0	8	0	9	27	-1	-1	-1	0	0	0	31
c21909	-1	0	32	0	-1	0	-1	37	49	35	2	45	0	0	0	45	0	43	-1	0	-1	-1	-1	-1	-1	0	0	19	0	17
c21920	13	-1	0	0	31	19	-1	-1	-1	0	0	0	0	-1	0	14	0	2	-1	0	0	35	-1	26	0	0	-1	21	35	-1
c21925	0	46	0	0	0	0	25	0	19	25	42	4	-1	0	45	0	0	9	34	8	0	9	27	0	-1	0	0	0	0	0
c21930	0	-1	-1	0	0	-1	0	0	0	-1	19	17	0	0	33	4	-1	-1	-1	19	0	0	-1	-1	0	-1	-1	-1	7	0
c21931	0	0	-1	0	-1	-1	0	0	0	-1	-1	17	-1	15	-1	4	-1	0	26	19	-1	0	-1	0	-1	0	0	-1	7	0
c21953	-1	0	0	-1	14	0	0	37	49	47	-1	0	0	0	0	27	-1	-1	45	0	-1	35	0	-1	0	45	39	19	0	-1
c21959	24	0	-1	46	0	25	21	21	0	-1	0	0	0	-1	0	0	0	0	0	8	0	9	27	29	43	-1	0	0	0	-1
c21964	-1	0	18	0	14	0	-1	37	49	0	-1	0	0	12	11	27	12	43	0	0	-1	35	-1	8	0	45	39	19	32	17
c21970	6	25	0	-1	-1	50	8	37	49	0	0	0	0	0	0	0	28	43	0	0	0	35	45	-1	0	0	0	19	-1	-1
c21972	0	-1	4	18	0	0	-1	-1	-1	-1	0	17	0	-1	4	19	-1	0	26	-1	42	0	0	-1	33	42	0	-1	0	0
c21974	-1	25	0	0	-1	21	8	37	-1	0	0	0	0	-1	0	0	28	-1	0	38	0	35	45	-1	0	-1	0	19	0	17
c21975	6	25	0	0	14	-1	8	37	-1	0	0	0	0	-1	0	0	28	43	0	38	0	35	45	-1	-1	-1	0	-1	0	17
c21991	0	0	-1	-1	11	0	45	0	-1	21	0	1	-1	22	27	0	0	0	10	0	-1	0	14	16	0	0	-1	0	9	25
c21996	18	0	25	-1	-1	48	0	0	-1	0	0	0	-1	-1	13	0	0	0	-1	8	0	9	-1	0	43	0	0	0	2	0
c22002	-1	0	0	0	0	-1	0	24	0	0	2	-1	-1	0	0	-1	0	0	0	4	21	-1	0	0	0	0	0	-1	29	0
c22016	0	-1	0	0	14	-1	-1	-1	-1	0	0	0	7	5	-1	40	38	43	15	43	0	35	-1	0	25	0	-1	19	40	-1
c22020	-1	-1	33	-1	0	0	0	35	28	-1	-1	17	-1	34	-1	14	0	13	-1	0	0	21	13	0	0	0	-1	0	0	-1
c22022	0	0	0	0	26	-1	0	0	0	25	0	0	0	7	0	0	0	6	-1	8	0	9	-1	0	-1	0	0	0	0	0
c22027	6	0	0	0	14	0	0	-1	49	0	-1	0	0	-1	0	45	0	43	0	-1	0	-1	-1	0	0	27	-1	-1	17	17
c22036	-1	0	-1	-1	-1	0	0	37	49	0	33	0	-1	-1	0	0	0	-1	-1	-1	0	35	0	4	0	-1	0	19	14	17
c22051	12	0	-1	0	0	22	33	23	0	0	-1	21	-1	0	0	0	-1	0	0	-1	0	-1	0	-1	39	0	47	5	28	29
c22052	-1	0	0	0	14	0	-1	37	49	-1	7	0	0	0	-1	0	0	43	0	7	0	35	34	0	0	-1	0	19	39	17
c22058	6	0	0	0	-1	0	-1	37	49	0	0	25	-1	-1	0	0	0	43	14	0	0	-1	32	0	0	0	-1	19	27	17
c22059	6	0	0	0	-1	0	0	37	49	0	-1	25	0	0	0	-1	-1	-1	14	0	0	35	32	0	0	0	12	19	27	17
c22072	-1	0	0	0	14	0	25	-1	4	0	0	19	0	0	0	0	0	0	-1	0	0	-1	-1	35	0	0	8	19	0	17
c22080	-1	0	0	0	0	0	0	19	0	0	0	17	0	-1	33	0	2	0	26	0	0	34	0	-1	0	-1	0	0	0	0
c22081	0	-1	0	0	0	0	0	19	0	0	0	-1	0	-1	33	0	2	0	-1	0	-1	34	0	0	0	0	0	0	0	0
c22090	6	0	45	31	14	-1	0	37	-1	0	0	35	13	0	0	0	-1	43	0	0	0	35	45	-1	0	-1	29	-1	0	17
c22101	0	-1	0	0	14	0	-1	37	49	-1	-1	35	0	0	-1	0	-1	43	0	43	0	35	0	-1	0	0	0	19	10	17
c22103	0	0	38	0	-1	0	0	0	19	0	0	0	-1	0	0	0	-1	-1	0	31	-1	24	0	34	0	0	-1	0	-1	0
c22106	6	25	0	0	-1	0	-1	37	49	0	0	0	0	-1	0	-1	28	43	0	0	0	-1	45	29	0	-1	-1	19	0	17
c22107	6	25	-1	0	-1	0	8	37	49	0	0	0	-1	0	0	-1	28	43	0	0	0	-1	45	29	0	0	17	19	0	17
c22115	0	-1	-1	-1	14	0	0	37	0	45	0	0	36	-1	0	35	0	43	-1	0	0	35	0	0	0	45	24	19	0	17
c22118	0	45	0	-1	0	0	-1	0	0	0	0	1	-1	0	19	0	0	-1	10	-1	-1	0	14	0	-1	0	-1	0	9	25
c22124	29	-1	-1	0	0	25	26	24	0	-1	2	36	-1	0	0	0	50	0	-1	31	21	37	0	-1	46	10	0	0	29	-1
c22126	27	-1	-1	0	0	0	29	6	45	-1	20	17	0	0	0	0	0	0	-1	19	-1	0	0	0	33	0	-1	-1	0	-1
c22153	-1	34	0	50	0	0	0	0	0	50	0	0	38	-1	0	-1	0	33	-1	-1	0	-1	0	14	0	0	0	35	34	-1
c22157	0	0	25	12	-1	48	0	0	44	36	0	31	0	-1	-1	-1	0	0	33	8	0	9	0	-1	-1	0	18	34	34	4
c22162	0	0	0	-1	-1	-1	45	-1	0	0	0	1	-1	0	19	29	-1	0	10	0	-1	0	14	0	0	0	0	0	9	25
c22169	-1	-1	-1	0	-1	19	-1	37	49	0	-1	0	11	0	42	-1	-1	43	-1	0	45	35	-1	-1	0	45	0	19	-1	17
c22181	6	-1	0	0	14	33	0	37	49	0	2	0	-1	10	0	45	0	43	-1	1	0	-1	0	-1	0	0	0	19	-1	-1
c22192	13	-1	0	0	4	0	0	16	-1	0	0	0	-1	0	0	-1	0	2	29	0	-1	0	0	26	0	0	47	-1	-1	0
c22200	6	0	0	0	14	-1	0	37	49	0	0	15	0	0	43	0	0	43	-1	-1	0	35	32	0	-1	0	12	-1	0	17
c22207	0	-1	10	45	0	14	-1	0	0	25	-1	-1	-1	-1	-1	0	0	0	6	8	0	9	0	27	-1	0	0	-1	-1	-1
c22209	0	0	0	-1	0	0	-1	0	2	-1	0	1	-1	0	0	-1	0	12	10	9	-1	0	14	4	0	0	0	-1	9	-1
c22218	0	2	0	45	14	0	0	-1	49	-1	-1	0	0	0	-1	10	0	-1	0	43	0	35	-1	0	0	0	-1	19	0	17
c22221	-1	0	-1	0	0	-1	-1	0	-1	33	0	17	-1	-1	0	-1	-1	-1	26	-1	0	0	-1	0	10	0	0	0	-1	0
c22241	28	0	0	-1	-1	10	-1	-1	14	-1	-1	24	27	-1	26	0	0	0	-1	8	29	9	0	0	-1	0	0	-1	0	0
c22249	6	0	45	31	14	0	0	37	49	0	45	35	13	-1	-1	29	18	43	0	-1	0	35	45	0	13	-1	0	19	-1	17
c22250	45	0	0	-1	0	0	0	0	0	0	0	12	-1	-1	18	-1	0	0	10	0	-1	0	14	0	45	14	0	-1	0	0
c22251	-1	-1	0	-1	0	0	0	0	0	0	0	12	-1	-1	18	-1	0	-1	10	0	-1	0	14	0	45	14	0	0	0	0
c22255	12	0	0	47	-1	29	19	37	49	0	11	-1	0	0	0	25	0	43	0	43	0	35	9	0	0	0	-1	19	0	17
c22296	0	0	14	0	14	-1	0	37	49	18	43	0	12	0	46	25	-1	43	0	43	0	35	5	-1	-1	0	42	19	32	17
c22300	0	19	0	0	38	-1	19	0	0	0	0	0	0	0	0	-1	-1	-1	0	29	37	24	10	0	0	0	22	13	0	26
c22336	-1	26	0	29	14	0	0	37	-1	0	-1	-1	0	0	-1	45	-1	-1	50	0	0	-1	0	0	-1	0	0	19	0	-1
c22340	0	-1	14	0	0	25	0	21	0	0	0	0	0	0	0	0	0	0	0	8	-1	9	27	29	0	-1	39	0	0	-1
c22341	0	0	14	0	0	25	-1	21	0	0	0	-1	0	0	0	0	0	0	0	8	0	9	-1	29	0	0	39	-1	0	0
c22350	0	4	43	0	10	40	0	0	0	0	-1	-1	0	0	0	0	0	-1	-1	19	35	-1	-1	27	-1	0	-1	0	0	0
c22364	-1	0	-1	31	14	0	-1	-1	-1	0	22	-1	0	0	0	10	0	43	-1	14	-1	35	0	0	0	-1	0	19	0	17
c22366	0	46	0	-1	0	-1	0	-1	-1	25	5	-1	-1	0	-1	0	-1	0	34	-1	0	9	0	0	-1	0	-1	0	0	0
c22370	10	0	34	-1	14	-1	39	37	49	0	-1	0	0	10	45	0	36	43	0	0	0	35	0	-1	0	9	39	19	13	17
c22397	13	0	0	0	4	0	0	0	0	-1	3	-1	23	0	0	-1	0	2	-1	0	0	-1	29	-1	-1	4	47	21	-1	0
c22399	0	44	0	-1	-1	45	45	0	0	0	0	1	-1	0	19	0	-1	0	-1	-1	-1	0	14	-1	0	0	0	0	9	25
c22419	0	0	-1	14	0	-1	-1	0	0	0	0	17	-1	34	-1	0	28	14	31	-1	41	29	0	-1	0	0	0	22	-1	29
c22421	7	0	-1	35	0	0	45	24	0	0	0	-1	-1	0	-1	0	0	0	-1	20	0	0	0	0	0	-1	7	4	-1	-1
c22433	-1	0	-1	0	0	-1	0	-1	0	50	0	0	38	0	0	0	-1	33	-1	8	12	-1	-1	-1	0	-1	-1	0	34	-1
c22438	-1	2	16	0	14	-1	0	37	49	0	-1	7	0	0	0	0	0	43	0	-1	-1	-1	0	0	0	7	0	19	0	-1
c22441	-1	-1	0	0	0	37	0	0	-1	47	0	14	0	0	0	0	17	2	0	-1	0	0	-1	26	0	31	47	21	0	0
c22460	34	-1	0	0	-1	0	0	37	12	0	0	-1	-1	0	42	0	-1	43	0	-1	0	35	48	0	0	45	24	19	25	17
c22472	-1	0	27	-1	-1	0	27	37	49	0	7	0	11	0	0	30	0	-1	0	0	0	35	0	-1	0	45	0	19	22	17
c22473	-1	0	-1	-1	14	0	27	37	49	0	7	0	11	0	0	30	-1	43	0	0	0	35	-1	0	0	45	0	19	22	17
c22477	0	0	0	-1	31	-1	20	-1	-1	0	45	-1	-1	0	0	0	0	0	10	14	-1	-1	-1	0	45	0	0	0	0	22
c22485	0	-1	32	19	-1	0	0	37	0	0	-1	0	-1	0	21	43	0	43	26	0	0	35	0	39	-1	0	24	19	11	17
c22498	14	0	14	35	4	0	45	-1	0	0	0	0	0	-1	40	13	-1	-1	0	26	0	0	1	0	-1	40	-1	4	27	0
c22507	0	43	50	35	0	31	-1	24	0	19	0	35	0	-1	-1	-1	0	0	0	26	-1	-1	0	12	-1	0	0	4	0	-1
c22514	-1	0	0	-1	0	0	-1	-1	0	25	0	4	41	6	-1	-1	35	0	34	8	-1	9	45	0	-1	0	0	0	0	0
c22533	39	0	0	0	0	14	0	0	0	45	22	0	0	-1	45	-1	0	-1	-1	8	0	9	0	29	49	45	-1	0	0	14
c22539	-1	12	0	0	46	0	0	-1	10	25	43	-1	-1	0	19	0	-1	0	34	8	0	9	45	-1	-1	0	0	0	0	0
c22549	0	-1	0	-1	0	0	45	-1	0	0	14	1	-1	0	0	0	0	0	10	-1	-1	0	14	0	0	0	0	-1	9	25
c22551	-1	0	0	0	14	0	-1	37	49	0	7	0	0	-1	0	0	45	43	0	27	0	-1	0	-1	-1	45	0	-1	-1	17
c22565	-1	26	0	1	14	0	0	37	-1	-1	-1	0	0	0	0	0	0	-1	0	43	0	35	0	0	0	45	0	19	0	17
c22575	6	0	-1	0	-1	-1	0	37	-1	35	2	45	0	0	0	45	0	43	0	0	0	-1	0	0	0	0	-1	-1	0	17
c22578	0	0	0	0	14	0	0	37	49	-1	43	0	0	0	30	-1	17	43	-1	43	-1	35	0	0	-1	0	0	19	0	17
c22580	6	0	-1	-1	14	41	0	37	49	0	0	-1	0	14	0	-1	46	43	0	14	0	-1	-1	0	0	0	31	19	0	-1
c22598	9	-1	0	-1	0	-1	0	15	0	0	0	19	0	-1	34	35	-1	0	0	-1	0	-1	43	36	24	0	-1	-1	-1	0
c22603	-1	0	0	-1	-1	45	45	-1	0	0	-1	-1	-1	-1	19	-1	15	0	10	-1	-1	0	-1	-1	0	-1	0	-1	9	25
c22605	0	0	0	0	0	0	19	0	0	0	0	0	-1	0	-1	-1	-1	-1	0	0	0	-1	10	-1	0	0	0	13	0	-1
c22617	0	12	-1	0	46	0	-1	-1	10	25	43	-1	0	0	19	0	0	0	34	-1	-1	9	45	0	-1	0	0	0	0	0
c22638	-1	0	-1	0	14	50	0	37	49	7	-1	0	-1	-1	0	0	0	-1	36	0	-1	35	0	-1	34	45	0	-1	0	17
c22644	-1	2	0	-1	-1	0	0	-1	-1	0	-1	0	0	0	0	0	0	43	0	43	0	-1	-1	0	0	0	0	19	0	-1
c22653	-1	2	0	0	14	17	-1	37	49	0	-1	0	0	31	0	0	-1	-1	-1	-1	0	35	0	0	0	0	0	19	0	17
c22654	-1	0	0	0	14	0	19	37	49	-1	-1	-1	-1	0	0	-1	-1	43	0	10	0	35	0	32	0	45	0	19	-1	17
c22671	-1	0	-1	0	14	0	0	-1	28	26	0	17	0	34	-1	0	-1	-1	0	-1	-1	0	46	-1	-1	21	0	0	0	-1
c22686	45	7	0	-1	0	0	0	0	0	0	0	-1	0	-1	-1	-1	0	0	0	0	41	-1	0	0	39	0	-1	0	0	29
c22688	6	-1	45	31	14	0	0	37	49	-1	0	35	13	45	0	0	18	43	0	-1	0	35	-1	35	-1	0	29	19	0	17
c22698	0	0	0	-1	0	-1	0	-1	0	0	0	0	0	0	0	-1	0	0	0	8	0	9	0	-1	0	-1	0	0	0	26
c22700	12	0	-1	35	0	14	25	23	0	0	-1	21	-1	-1	0	0	0	0	0	25	0	0	-1	2	0	0	47	0	28	0
