	0	1	2	3	4	5	6	7	8	9	10	11	12	13	14	15	16	17	18	19	20	21	22	23	24	25	26	27	28	29
c899	0	12	-1	21	12	37	0	0	-1	8	0	-1	0	-1	-1	21	-1	0	0	12	48	0	0	-1	0	4	-1	-1	44	-1
c1721	0	12	2	12	0	0	0	0	0	17	0	30	-1	0	0	0	-1	-1	0	0	-1	6	-1	-1	0	48	-1	1	-1	-1
c1938	0	12	2	0	0	-1	0	0	0	0	0	30	-1	-1	0	0	0	0	0	0	0	0	0	0	0	48	-1	1	-1	-1
c2386	0	12	33	36	-1	0	-1	0	0	8	0	0	12	-1	0	0	0	0	4	0	-1	0	0	0	-1	0	36	0	0	-1
c2387	0	-1	33	36	0	-1	0	4	0	8	0	0	0	0	0	-1	-1	0	4	0	32	-1	0	-1	33	0	36	0	0	-1
c2487	0	12	0	-1	21	0	-1	17	-1	0	0	30	0	0	35	0	48	0	39	0	0	44	-1	0	10	48	-1	0	-1	-1
c2918	0	12	0	0	21	23	0	-1	-1	0	0	-1	-1	0	0	0	-1	0	-1	-1	43	-1	-1	0	0	-1	-1	0	25	-1
c3145	-1	12	44	0	0	0	0	-1	0	26	0	30	-1	0	0	0	0	0	0	0	0	0	0	-1	0	49	33	39	4	-1
c3159	0	12	-1	-1	4	-1	-1	44	-1	-1	0	30	0	32	-1	0	-1	0	44	0	35	0	-1	-1	0	0	15	30	0	-1
c3401	-1	12	0	0	-1	12	0	0	-1	0	0	-1	0	32	0	0	-1	0	44	0	35	0	-1	0	-1	0	41	0	-1	-1
c3448	44	-1	0	0	4	48	44	0	-1	0	0	30	45	32	48	0	26	15	44	0	-1	0	-1	12	0	0	0	0	0	-1
c3624	0	12	17	0	10	0	-1	45	0	0	0	30	39	32	0	0	0	25	0	-1	0	0	-1	0	-1	0	0	-1	40	-1
c3695	0	12	2	0	32	0	0	-1	-1	36	-1	-1	-1	0	-1	0	38	-1	-1	-1	0	0	14	3	27	48	0	0	35	-1
c3752	0	-1	0	0	12	-1	-1	17	-1	0	0	30	0	0	0	0	48	39	39	0	25	44	-1	0	-1	48	25	-1	25	-1
c3753	0	12	0	0	0	5	0	-1	0	0	0	30	0	0	0	48	48	39	39	0	-1	44	0	0	0	-1	25	17	25	-1
c4018	0	12	0	36	0	0	-1	0	0	0	-1	-1	-1	-1	17	-1	0	0	0	0	-1	16	12	0	0	0	0	0	-1	-1
c4143	-1	12	0	-1	0	-1	21	-1	0	-1	-1	-1	0	32	0	0	-1	0	0	0	32	0	-1	-1	0	-1	0	0	0	-1
c4386	0	12	2	0	0	0	9	0	-1	42	0	30	-1	0	0	37	0	27	-1	-1	27	8	0	0	27	48	0	-1	35	-1
c4497	0	-1	1	0	-1	40	0	0	-1	0	-1	30	0	32	38	0	26	15	44	0	35	0	-1	12	-1	0	0	0	0	-1
c4523	0	12	-1	21	0	0	0	12	-1	0	39	30	0	16	0	0	4	0	0	12	-1	0	44	-1	0	0	-1	0	44	-1
c4589	-1	-1	36	-1	0	-1	18	0	0	-1	0	30	-1	32	0	0	23	-1	-1	0	-1	0	-1	-1	0	0	17	-1	-1	-1
c4641	-1	12	0	0	-1	0	0	0	0	0	0	30	35	-1	-1	12	0	0	-1	0	0	0	0	-1	-1	-1	0	0	0	-1
c4709	0	12	2	0	0	36	0	0	0	-1	-1	-1	0	0	-1	0	35	0	-1	0	0	-1	0	0	0	48	0	30	0	-1
c4791	-1	12	-1	-1	0	0	4	0	0	0	0	30	-1	32	0	21	0	-1	0	-1	-1	0	-1	-1	0	0	0	0	0	-1
c4960	-1	12	0	21	-1	0	0	0	-1	-1	0	30	-1	0	0	0	27	0	0	12	0	0	0	0	0	0	-1	44	44	-1
c5204	0	12	2	-1	0	0	44	-1	38	0	0	30	0	0	-1	0	-1	0	25	0	0	0	0	-1	-1	48	0	0	0	-1
c5257	-1	12	2	0	0	0	0	0	0	0	-1	30	-1	0	-1	-1	0	0	0	-1	0	-1	0	-1	-1	48	0	0	0	-1
c5281	0	12	-1	0	33	0	8	0	0	-1	0	30	0	0	0	0	0	4	-1	36	0	-1	-1	38	35	48	0	0	0	-1
c5409	0	12	2	0	0	-1	44	43	0	12	0	30	0	-1	0	0	22	-1	4	-1	0	-1	0	-1	38	48	0	0	17	-1
c5456	48	12	0	8	0	-1	0	-1	0	0	0	-1	-1	0	-1	0	-1	0	0	35	-1	-1	0	-1	0	33	0	0	-1	-1
c5511	-1	12	0	36	0	0	1	0	0	23	25	0	-1	-1	-1	0	32	-1	0	-1	0	-1	-1	0	0	40	33	0	0	-1
c5545	0	12	0	27	0	0	50	44	-1	0	12	30	0	0	27	-1	0	0	0	0	0	0	21	0	0	-1	-1	-1	44	-1
c5553	0	12	2	0	33	0	0	21	0	44	-1	30	0	-1	0	0	0	4	44	36	0	-1	-1	38	0	48	0	0	0	-1
c5672	0	12	0	0	0	39	0	0	-1	-1	4	30	0	32	29	0	0	0	-1	0	10	0	-1	0	0	0	33	1	0	-1
c5763	0	12	36	36	3	-1	0	-1	39	23	25	0	0	-1	44	8	32	-1	0	17	0	-1	35	-1	0	40	-1	0	35	-1
c5943	-1	12	0	0	16	0	0	0	0	0	0	30	0	6	16	-1	-1	0	-1	0	17	-1	0	-1	13	0	0	0	48	-1
c5973	0	12	0	-1	0	0	-1	0	0	48	0	30	-1	19	0	0	-1	-1	0	0	0	-1	0	0	48	0	44	-1	44	-1
c6041	50	12	48	36	0	-1	0	44	38	-1	0	-1	-1	-1	0	0	0	0	0	0	0	41	12	22	0	-1	-1	0	0	-1
c6073	0	12	-1	17	44	0	0	0	0	42	0	30	-1	0	-1	0	0	-1	0	-1	0	8	0	49	27	-1	0	0	35	-1
c6077	0	12	2	17	0	8	0	0	0	42	12	30	-1	0	0	0	-1	39	0	-1	0	8	-1	0	27	48	0	0	35	-1
c6126	0	-1	0	0	0	10	0	17	-1	0	0	30	-1	12	39	23	48	0	0	0	13	44	0	0	0	48	25	18	-1	-1
c6170	0	12	0	0	0	0	0	-1	48	0	29	30	0	0	0	0	-1	0	48	2	0	-1	0	0	0	0	0	-1	-1	-1
c6216	0	12	1	-1	-1	44	0	0	-1	17	-1	-1	0	32	0	0	-1	0	32	0	0	0	-1	-1	-1	-1	0	-1	41	-1
c6319	0	12	48	-1	0	-1	-1	44	0	35	27	-1	-1	-1	0	0	16	0	0	-1	-1	32	12	22	0	-1	-1	0	-1	-1
c6351	0	12	2	0	0	0	44	-1	0	-1	0	30	-1	39	0	0	0	-1	0	0	0	6	2	0	0	-1	-1	-1	-1	-1
c6421	0	12	0	0	21	-1	-1	17	-1	21	0	30	-1	0	0	0	48	0	0	-1	-1	-1	-1	0	0	-1	0	0	25	-1
c6441	0	12	0	36	36	0	36	0	7	23	-1	0	0	-1	0	-1	0	0	-1	-1	0	-1	35	-1	-1	40	-1	0	33	-1
c6468	0	12	22	-1	-1	0	0	48	-1	0	0	30	8	0	0	0	-1	0	0	45	0	-1	22	6	-1	0	-1	0	44	-1
c6588	-1	12	33	-1	0	0	0	0	-1	0	0	30	0	32	12	0	0	0	0	0	0	0	-1	-1	0	0	8	12	0	-1
c6786	0	-1	0	0	0	-1	-1	0	0	0	0	30	0	-1	0	0	-1	0	0	0	0	39	-1	0	5	0	0	1	0	-1
c6840	-1	12	0	0	0	0	0	-1	-1	35	0	30	-1	-1	-1	27	-1	-1	0	-1	0	-1	-1	0	0	0	0	16	0	-1
c6851	-1	12	-1	48	4	10	-1	-1	-1	0	0	30	0	0	0	0	0	0	0	-1	-1	-1	0	-1	-1	0	0	0	-1	-1
c6910	0	-1	0	49	4	0	0	17	0	0	0	-1	0	-1	-1	0	48	-1	0	0	-1	44	0	0	0	-1	-1	0	25	-1
c6919	0	12	0	0	0	0	0	0	-1	0	0	30	-1	32	0	0	26	10	0	0	0	0	-1	0	17	-1	0	43	-1	-1
c6922	0	12	22	0	-1	0	8	48	-1	0	0	30	25	-1	0	-1	0	0	0	0	-1	0	22	0	-1	0	-1	0	44	-1
c6966	0	-1	-1	25	48	0	0	35	0	-1	0	-1	-1	-1	-1	0	0	0	0	0	21	25	-1	-1	0	0	33	-1	-1	-1
c6973	0	12	0	21	0	0	0	0	-1	-1	0	30	0	0	0	-1	18	0	8	-1	-1	0	0	0	0	0	-1	0	-1	-1
c6986	33	12	0	0	0	0	26	0	0	0	0	30	0	6	-1	-1	0	4	0	33	0	29	0	0	0	0	0	-1	0	-1
c7040	44	-1	0	44	4	0	-1	0	-1	0	0	-1	0	32	-1	0	26	15	44	0	35	0	-1	12	0	12	0	0	0	-1
c7057	12	-1	2	0	0	0	-1	0	26	44	0	30	-1	0	-1	0	0	0	0	0	0	0	0	0	0	48	-1	1	-1	-1
c7073	-1	12	0	-1	0	-1	0	21	35	0	0	30	16	32	0	0	0	0	45	0	0	0	-1	-1	0	0	0	0	0	-1
c7096	0	12	0	0	0	0	0	0	0	0	7	30	-1	-1	-1	10	0	-1	-1	0	10	1	0	0	-1	0	0	-1	0	-1
c7189	0	12	0	0	4	0	-1	23	-1	0	0	30	1	32	0	0	-1	0	44	0	35	0	-1	0	21	39	41	0	12	-1
c7195	39	-1	-1	-1	0	0	50	0	0	-1	48	30	44	0	-1	-1	8	-1	0	16	-1	0	10	0	0	-1	0	20	0	-1
c7197	0	12	12	49	-1	48	0	0	0	-1	0	-1	0	25	38	0	-1	-1	-1	0	0	0	0	0	27	2	0	0	0	-1
c7285	-1	12	0	0	17	6	0	17	0	-1	0	30	0	0	40	0	48	-1	0	0	-1	44	-1	39	0	48	-1	0	25	-1
c7321	0	-1	0	-1	0	0	0	-1	35	0	0	30	16	32	-1	12	0	0	-1	0	0	0	-1	-1	0	0	-1	0	0	-1
c7334	0	12	-1	0	-1	0	44	0	0	0	0	30	0	-1	0	0	22	-1	4	0	0	0	12	-1	-1	-1	24	0	17	-1
c7364	0	-1	2	0	33	0	0	0	-1	12	0	30	-1	0	0	-1	-1	4	44	36	0	-1	0	38	0	48	-1	0	0	-1
c7442	0	-1	26	0	0	0	0	0	0	0	0	30	35	6	-1	0	0	-1	0	0	0	-1	0	0	0	21	0	-1	36	-1
c7447	0	12	0	0	-1	0	0	0	-1	-1	35	30	8	32	0	0	26	15	44	0	35	-1	-1	12	0	0	10	-1	0	-1
c7488	0	-1	12	-1	0	48	-1	0	0	-1	-1	30	0	25	12	6	0	-1	4	-1	0	0	-1	48	0	0	0	0	0	-1
c7653	17	12	2	-1	0	0	0	0	0	-1	0	30	-1	0	0	-1	-1	0	0	0	0	6	0	-1	39	-1	0	1	35	-1
c7695	0	-1	-1	-1	48	0	-1	0	0	0	0	30	0	32	0	-1	32	0	0	-1	32	-1	-1	-1	0	0	0	0	0	-1
c7720	0	-1	0	36	0	-1	0	8	0	23	25	0	0	-1	0	33	0	0	-1	10	-1	-1	35	0	0	40	33	0	8	-1
c7743	-1	-1	-1	-1	-1	0	18	-1	0	0	2	30	-1	32	0	0	0	1	-1	-1	0	20	-1	-1	0	-1	13	0	-1	-1
c7835	0	12	2	0	33	-1	0	-1	0	0	0	30	0	-1	-1	0	0	4	44	36	0	-1	0	38	0	48	-1	0	44	-1
c7867	1	12	0	-1	36	0	0	0	0	0	0	30	0	6	16	0	48	0	0	0	0	0	0	0	0	0	48	23	0	-1
c7888	0	12	0	0	4	0	0	0	-1	0	35	30	0	32	0	-1	26	15	44	0	35	-1	-1	12	-1	-1	0	0	0	-1
c7904	45	12	48	-1	0	0	0	32	0	0	0	0	0	-1	0	0	0	0	0	-1	0	-1	-1	-1	0	25	0	0	0	-1
c8001	32	-1	-1	0	8	10	-1	0	0	0	7	30	-1	12	-1	10	0	-1	39	0	0	-1	0	0	0	-1	0	8	0	-1
c8079	0	12	-1	0	-1	0	0	48	-1	0	0	30	0	-1	0	-1	-1	0	-1	-1	0	-1	22	25	-1	0	-1	0	44	-1
c8181	0	12	2	-1	-1	0	0	0	-1	42	0	30	-1	0	0	0	-1	38	0	-1	0	8	0	0	27	48	0	0	35	-1
c8208	-1	12	2	0	36	-1	0	0	0	-1	0	30	0	-1	0	0	-1	4	44	36	-1	-1	0	34	-1	48	0	5	0	-1
c8289	0	12	12	0	-1	-1	33	0	0	0	33	30	0	0	10	8	-1	0	0	0	0	-1	-1	0	-1	0	0	0	0	-1
c8304	-1	-1	2	10	0	0	44	0	0	-1	0	30	-1	-1	-1	0	-1	0	4	-1	12	0	44	-1	0	48	0	-1	0	-1
c8331	0	-1	-1	0	0	0	-1	0	39	0	0	30	-1	6	16	0	-1	-1	0	-1	0	-1	0	0	0	0	0	0	-1	-1
c8366	0	12	6	0	0	-1	0	17	12	0	0	30	0	0	-1	0	-1	0	-1	0	0	44	-1	-1	10	48	25	0	25	-1
c8368	0	12	18	-1	0	0	-1	0	0	0	-1	-1	0	-1	0	0	0	0	0	-1	0	0	-1	8	0	-1	0	0	0	-1
c8392	0	12	0	-1	44	33	17	0	-1	0	-1	30	0	0	0	-1	12	0	0	-1	0	0	4	0	17	0	0	0	0	-1
c8542	0	12	48	0	4	0	0	-1	-1	2	0	30	0	32	0	0	26	-1	-1	0	35	-1	-1	-1	0	0	0	0	-1	-1
c8605	44	12	16	12	4	-1	44	-1	-1	-1	0	-1	0	32	0	0	26	15	44	0	35	0	-1	12	0	0	-1	0	0	-1
c8615	-1	12	0	-1	-1	10	0	17	0	0	0	-1	0	-1	-1	0	-1	0	0	-1	13	-1	-1	0	-1	48	25	18	-1	-1
c8650	0	12	0	-1	21	0	0	17	-1	0	0	-1	0	0	0	6	48	0	0	10	0	-1	0	0	0	48	0	0	25	-1
c8669	0	12	-1	-1	0	12	44	12	38	6	0	-1	0	0	-1	36	-1	-1	25	0	0	0	44	-1	-1	48	0	0	0	-1
c8698	-1	12	2	17	0	0	0	0	23	42	-1	30	-1	0	-1	0	0	0	0	-1	48	8	0	0	27	-1	0	0	35	-1
c8754	0	12	0	0	4	0	0	0	-1	0	0	30	-1	32	6	0	26	15	-1	0	35	0	-1	12	0	22	0	0	0	-1
c8860	-1	12	22	0	10	0	0	9	-1	44	0	-1	0	0	0	-1	-1	-1	0	0	-1	0	0	0	-1	0	-1	17	44	-1
c8871	0	12	2	17	-1	0	0	0	0	42	-1	30	-1	0	-1	-1	0	38	0	-1	0	8	0	0	27	48	-1	0	35	-1
c8872	-1	12	33	45	-1	0	50	0	45	0	48	-1	0	0	0	-1	0	0	0	16	0	-1	-1	0	0	0	0	20	0	-1
c8927	12	-1	-1	36	-1	0	0	0	0	-1	0	0	-1	-1	0	-1	0	0	-1	0	44	0	-1	22	-1	17	0	0	0	-1
c8944	-1	12	-1	-1	0	-1	6	-1	21	0	48	30	9	0	0	-1	0	0	-1	0	0	-1	0	0	0	48	-1	0	35	-1
c8984	0	-1	0	21	-1	6	-1	0	-1	-1	0	30	0	0	0	-1	0	-1	0	-1	0	30	0	0	0	-1	-1	0	44	-1
c9005	0	12	0	0	0	0	0	38	-1	12	7	30	-1	0	-1	-1	0	-1	39	0	-1	0	0	0	0	0	50	8	0	-1
c9016	0	12	0	12	22	0	0	0	0	0	0	30	0	32	0	12	8	0	-1	-1	0	50	-1	0	0	0	12	1	0	-1
c9035	0	12	0	36	0	0	-1	8	0	23	25	0	0	-1	0	0	0	0	0	0	35	-1	-1	0	0	40	-1	0	0	-1
c9067	0	12	36	-1	0	0	18	0	0	0	-1	30	0	-1	0	-1	0	-1	-1	33	-1	-1	-1	-1	0	0	0	0	0	-1
c9144	25	12	0	0	0	0	0	0	0	0	-1	30	-1	0	9	-1	0	27	-1	0	-1	0	0	0	0	0	33	0	-1	-1
c9193	-1	12	2	0	-1	0	0	0	0	0	0	-1	0	-1	-1	0	0	4	44	36	0	-1	0	-1	0	-1	0	5	0	-1
c9202	0	12	33	45	-1	0	-1	0	0	0	-1	30	0	-1	0	24	0	-1	0	0	0	35	-1	-1	0	0	-1	20	-1	-1
c9267	-1	12	2	0	33	-1	48	0	0	0	0	-1	0	50	-1	0	0	4	44	36	0	-1	0	38	0	-1	0	0	0	-1
c9294	-1	12	0	0	0	48	0	17	0	44	0	30	0	0	0	28	-1	0	8	48	8	44	-1	22	0	48	-1	0	25	-1
c9296	26	12	-1	2	0	-1	44	0	0	12	0	30	35	36	0	0	-1	0	4	0	0	0	-1	-1	-1	-1	0	0	17	-1
c9310	0	12	0	-1	0	0	-1	0	0	23	25	0	33	-1	0	0	13	0	0	-1	-1	-1	-1	0	44	40	-1	0	0	-1
c9356	0	-1	-1	0	0	0	-1	0	-1	0	0	30	-1	6	16	-1	-1	4	-1	10	0	0	29	0	4	23	0	0	8	-1
c9378	0	12	-1	0	-1	-1	20	35	0	26	0	30	0	26	12	-1	-1	0	0	0	-1	-1	-1	18	17	0	8	0	0	-1
c9403	0	-1	2	0	0	21	-1	0	0	-1	-1	30	0	0	0	49	22	0	4	-1	0	0	-1	-1	38	48	0	-1	17	-1
c9412	-1	12	0	0	10	0	-1	0	-1	0	-1	30	-1	0	-1	10	0	-1	39	0	0	-1	0	17	-1	4	0	8	0	-1
c9419	0	-1	2	-1	0	-1	9	0	0	42	0	30	-1	0	0	37	0	0	0	21	-1	8	0	0	27	48	0	0	-1	-1
c9427	-1	-1	2	0	0	0	0	0	26	32	-1	30	-1	0	-1	0	-1	0	0	-1	-1	0	0	0	0	-1	0	1	35	-1
c9445	0	12	2	0	12	0	0	0	26	0	0	30	-1	-1	0	0	-1	-1	0	0	0	0	0	8	0	-1	0	-1	35	-1
c9489	4	12	0	36	0	-1	0	-1	-1	23	-1	0	0	-1	-1	0	0	12	0	-1	0	-1	35	-1	0	40	33	0	33	-1
c9511	0	12	2	-1	0	33	0	0	26	0	0	30	-1	0	-1	0	0	0	0	0	0	0	0	0	0	48	0	1	35	-1
c9521	23	12	0	-1	0	0	4	0	0	-1	0	30	-1	32	0	-1	0	-1	0	0	33	0	-1	-1	0	0	0	0	0	-1
c9575	0	12	0	12	0	0	0	0	0	0	7	30	-1	0	-1	10	0	-1	39	0	10	0	0	0	0	0	0	-1	0	-1
c9596	-1	12	0	0	0	0	0	-1	32	0	0	30	0	0	0	0	48	0	0	0	0	44	0	0	0	-1	-1	0	25	-1
c9609	17	12	0	0	0	0	-1	-1	0	0	-1	30	32	33	-1	0	0	0	0	0	0	-1	-1	-1	0	36	0	0	0	-1
c9615	0	-1	0	0	-1	-1	-1	-1	-1	-1	0	30	0	0	12	0	-1	41	0	0	0	44	50	0	0	48	0	0	25	-1
c9616	17	12	0	-1	0	21	-1	-1	43	-1	0	30	-1	33	-1	0	0	-1	0	0	0	-1	-1	0	0	0	0	-1	0	-1
c9711	0	12	-1	45	0	-1	-1	0	6	10	-1	30	0	-1	0	24	0	0	0	0	0	35	10	-1	0	17	0	20	-1	-1
c9720	0	12	2	17	0	0	0	0	0	42	-1	-1	-1	0	-1	24	-1	0	13	-1	0	-1	0	0	-1	48	0	0	35	-1
c9745	0	12	-1	36	0	0	0	-1	-1	0	-1	8	0	-1	0	0	0	0	0	0	0	0	-1	8	0	0	-1	0	-1	-1
c9747	-1	12	2	-1	0	0	32	10	0	-1	39	30	-1	14	0	-1	0	0	0	0	-1	0	12	0	0	48	0	-1	35	-1
c9782	0	-1	0	0	12	0	0	17	0	-1	0	30	0	0	-1	0	48	-1	0	39	0	-1	0	0	0	-1	-1	-1	25	-1
c9794	35	-1	0	0	0	0	0	-1	-1	35	0	30	-1	32	0	27	26	0	0	0	0	-1	-1	0	0	0	-1	-1	-1	-1
c9816	-1	12	0	-1	0	0	8	0	0	20	-1	30	0	32	0	0	0	0	0	0	32	0	-1	-1	0	0	0	0	0	-1
c9839	0	12	0	36	0	-1	0	0	0	21	27	0	0	0	4	0	0	0	4	0	32	-1	0	0	0	0	24	0	0	-1
c9881	0	-1	0	0	-1	0	0	0	0	0	0	30	0	6	16	-1	-1	0	0	50	0	0	0	0	0	-1	-1	0	0	-1
c9892	44	-1	0	0	4	0	0	-1	-1	0	48	30	-1	32	4	0	26	15	44	0	35	0	-1	-1	0	0	0	0	0	-1
c9916	8	12	0	-1	-1	-1	0	-1	-1	-1	0	30	-1	-1	0	0	26	0	44	0	35	-1	-1	-1	-1	0	-1	30	0	-1
c9935	0	12	-1	38	0	0	-1	0	0	-1	10	30	-1	0	0	-1	0	0	0	21	0	8	0	0	27	48	0	0	35	-1
c9989	0	12	0	-1	0	10	-1	0	0	0	7	30	-1	0	-1	10	0	-1	39	-1	0	0	20	0	44	0	0	8	0	-1
c10007	-1	12	0	36	-1	-1	0	0	-1	-1	25	0	48	-1	-1	0	0	4	0	21	0	-1	35	0	-1	40	33	0	-1	-1
c10101	44	12	-1	0	4	0	0	-1	-1	-1	0	30	0	32	-1	-1	-1	15	44	0	35	0	-1	12	0	0	-1	0	0	-1
c10113	0	12	0	33	21	-1	0	-1	-1	0	-1	30	-1	17	-1	0	48	0	0	0	43	44	-1	0	0	-1	0	0	25	-1
c10144	0	12	2	0	0	-1	0	0	26	39	0	30	-1	0	4	35	0	0	0	0	0	0	0	0	0	-1	0	1	35	-1
c10158	-1	12	-1	21	0	0	-1	-1	-1	-1	45	30	0	0	0	0	0	0	-1	12	48	0	-1	-1	-1	-1	-1	0	44	-1
c10173	0	12	0	0	4	0	0	0	-1	0	0	30	0	-1	-1	0	26	0	44	-1	35	-1	-1	0	0	0	0	0	-1	-1
c10205	0	12	48	36	0	0	-1	0	0	0	-1	0	-1	-1	0	0	16	0	26	0	0	0	12	22	0	-1	0	0	27	-1
c10249	44	12	-1	0	4	0	0	-1	-1	-1	0	-1	0	32	0	-1	26	15	-1	0	35	0	-1	12	0	0	0	39	0	-1
c10269	21	12	2	0	0	0	-1	-1	26	0	0	30	-1	0	0	48	-1	12	32	0	0	0	8	0	-1	48	0	1	35	-1
c10273	-1	12	-1	17	0	0	0	0	0	42	0	30	-1	0	0	0	-1	-1	0	-1	0	-1	0	0	-1	-1	0	43	35	-1
c10283	0	12	0	0	0	0	0	-1	-1	0	7	30	-1	43	-1	10	0	-1	39	0	10	0	24	0	0	-1	0	-1	0	-1
c10289	0	12	0	36	-1	0	48	0	0	23	25	0	-1	-1	39	30	32	0	0	0	0	-1	35	0	0	-1	33	0	0	-1
c10334	0	-1	48	0	4	0	5	-1	-1	0	0	30	0	-1	0	0	26	-1	44	0	35	48	-1	32	0	0	1	0	-1	-1
c10380	23	12	21	-1	48	0	-1	0	3	0	0	30	0	-1	-1	-1	0	0	0	43	0	0	-1	-1	0	0	10	0	0	-1
c10472	0	12	0	-1	0	0	-1	-1	0	-1	-1	30	0	-1	-1	0	0	12	0	0	32	0	-1	-1	0	-1	0	0	0	-1
c10478	0	12	0	0	4	0	0	-1	-1	48	0	30	0	32	0	0	26	0	44	-1	35	0	-1	0	0	0	0	-1	0	-1
c10514	20	12	12	0	0	48	-1	0	0	0	10	-1	0	0	0	48	0	-1	0	48	0	44	-1	0	0	0	0	0	0	-1
c10520	49	12	0	8	-1	0	0	-1	0	-1	-1	30	0	-1	-1	32	0	0	0	0	0	0	4	-1	17	0	-1	41	25	-1
c10548	-1	12	22	0	-1	-1	-1	48	-1	0	0	30	0	0	0	0	0	0	44	0	0	0	22	25	-1	0	-1	0	44	-1
c10589	0	-1	-1	25	0	33	38	0	0	49	0	30	-1	0	0	-1	36	0	0	0	16	0	0	10	0	0	33	0	0	-1
c10692	0	12	-1	0	0	0	2	0	-1	-1	-1	30	0	32	0	0	26	-1	16	0	-1	-1	-1	0	0	0	0	43	-1	-1
c10723	0	-1	2	13	-1	44	0	-1	0	0	0	30	0	0	0	-1	0	4	-1	36	0	-1	0	38	0	-1	0	0	0	-1
c10758	44	12	0	0	4	-1	0	0	-1	-1	0	30	0	32	-1	0	26	-1	-1	0	-1	0	-1	12	0	0	0	48	0	-1
c10785	0	12	2	-1	0	48	44	8	0	-1	0	30	0	-1	0	0	22	16	4	0	-1	0	0	-1	38	48	0	0	17	-1
c10804	0	12	0	-1	0	47	4	0	0	0	-1	-1	0	32	0	-1	0	0	0	0	0	0	-1	-1	0	0	0	35	-1	-1
c10811	0	12	-1	35	44	33	17	4	-1	-1	39	30	0	-1	-1	-1	0	-1	0	0	0	0	4	0	17	0	0	0	12	-1
c10824	-1	12	-1	21	-1	0	0	0	-1	0	0	30	28	0	48	0	0	0	-1	12	48	33	0	-1	44	0	-1	0	44	-1
c10877	0	12	12	-1	44	33	0	0	0	0	0	30	-1	-1	0	0	0	0	0	0	0	-1	4	0	17	-1	0	0	34	-1
c10915	44	12	0	0	4	-1	-1	0	-1	-1	0	30	0	32	0	0	26	-1	-1	-1	35	0	-1	-1	-1	0	0	17	35	-1
c10938	0	12	-1	0	0	16	44	0	0	26	0	30	36	0	44	-1	0	-1	0	0	12	0	-1	-1	0	48	-1	0	-1	-1
c10949	0	12	0	-1	4	0	-1	0	-1	0	0	30	0	32	0	0	26	25	44	0	35	0	-1	0	0	0	0	0	0	-1
c10954	0	-1	0	0	4	1	0	0	-1	0	0	30	0	32	0	0	26	-1	-1	-1	35	0	-1	-1	0	-1	-1	0	-1	-1
c10968	0	12	0	12	0	18	0	0	0	0	0	30	32	32	12	12	35	0	-1	0	-1	20	-1	0	0	-1	0	1	0	-1
c11011	0	12	0	-1	0	0	-1	-1	-1	0	0	30	-1	32	0	25	0	48	16	32	32	-1	-1	-1	0	0	0	0	44	-1
c11013	-1	12	-1	-1	0	0	0	0	0	0	-1	30	35	6	16	0	0	25	0	0	-1	-1	0	0	0	0	0	0	0	-1
c11036	-1	12	0	-1	0	-1	0	0	-1	27	-1	30	16	-1	-1	0	0	-1	45	0	-1	0	-1	-1	0	0	-1	-1	-1	-1
c11058	-1	12	0	-1	21	0	0	-1	-1	0	0	30	-1	33	0	0	48	0	0	0	0	44	-1	8	10	48	-1	0	25	-1
c11089	0	12	-1	0	-1	0	0	33	-1	12	0	-1	0	-1	16	0	0	0	48	0	-1	0	0	0	0	0	0	39	0	-1
c11097	0	12	0	36	0	0	-1	0	0	-1	0	-1	0	-1	-1	0	-1	0	10	48	-1	0	12	0	0	0	0	-1	-1	-1
c11179	0	12	2	-1	33	0	0	0	0	-1	-1	-1	0	36	0	32	40	4	-1	36	0	-1	0	38	0	48	0	0	0	-1
c11207	12	12	22	0	9	0	-1	-1	-1	0	49	30	-1	0	18	0	0	0	12	0	17	0	42	0	-1	0	-1	-1	44	-1
c11214	0	12	0	8	0	0	0	27	-1	-1	0	30	0	-1	0	0	-1	10	0	0	0	0	-1	-1	17	-1	44	43	0	-1
c11215	-1	12	-1	8	4	-1	0	27	-1	-1	16	30	0	-1	0	-1	26	10	-1	0	0	0	-1	-1	17	-1	44	43	0	-1
c11227	0	12	0	-1	0	0	-1	27	-1	0	0	30	0	32	0	0	0	0	0	0	0	12	-1	-1	-1	0	0	0	0	-1
c11241	-1	12	0	36	0	0	0	0	0	23	25	-1	0	-1	0	0	32	0	0	17	0	-1	-1	0	0	40	33	0	39	-1
c11261	40	12	2	0	-1	0	-1	0	0	-1	-1	30	-1	0	0	0	22	0	4	0	0	0	0	-1	38	48	36	0	-1	-1
c11287	0	-1	-1	0	0	0	-1	-1	-1	0	0	30	-1	32	-1	0	-1	10	-1	-1	0	0	-1	0	0	0	0	43	0	-1
c11303	0	-1	6	-1	0	0	0	0	0	0	0	30	-1	32	0	0	0	0	-1	0	-1	0	-1	-1	0	0	2	0	10	-1
c11345	44	12	0	-1	4	0	0	0	-1	27	48	30	0	32	4	0	-1	-1	-1	0	-1	-1	-1	12	0	0	0	0	0	-1
c11349	0	12	2	0	0	-1	-1	0	0	0	0	30	-1	17	0	39	-1	0	32	48	8	39	0	0	0	48	-1	1	35	-1
c11359	36	12	0	0	0	14	-1	0	8	8	7	30	-1	49	-1	-1	0	-1	39	0	0	0	0	0	-1	-1	0	8	0	-1
c11363	0	12	0	0	0	10	0	0	-1	0	7	30	-1	0	-1	10	0	-1	-1	-1	0	-1	20	0	0	0	0	8	0	-1
c11390	-1	12	48	36	0	35	0	0	-1	-1	0	-1	-1	-1	4	-1	0	-1	0	0	0	0	12	-1	0	17	-1	0	13	-1
c11416	0	12	2	-1	32	0	22	10	0	45	0	30	9	0	0	0	-1	-1	0	0	-1	-1	0	-1	0	-1	4	0	0	-1
c11418	-1	12	0	-1	-1	-1	0	0	7	-1	25	0	0	-1	32	0	0	0	0	-1	0	-1	35	-1	0	-1	33	0	33	-1
c11486	0	-1	2	0	39	0	0	0	0	0	-1	-1	-1	0	-1	39	-1	0	0	0	8	39	0	0	-1	48	-1	1	-1	-1
c11488	-1	12	0	-1	4	0	0	0	-1	0	0	30	0	-1	0	-1	26	15	-1	0	-1	38	-1	-1	0	0	-1	-1	-1	-1
c11489	-1	12	-1	0	4	-1	-1	0	-1	0	0	30	0	-1	0	0	26	15	44	0	35	0	-1	-1	0	0	0	-1	35	-1
c11492	0	12	22	-1	10	0	0	-1	-1	0	0	30	-1	0	0	0	0	0	0	0	0	33	0	0	0	0	-1	-1	-1	-1
c11524	0	12	0	0	-1	0	0	0	-1	-1	-1	30	0	32	0	0	26	15	44	0	35	24	-1	12	0	0	-1	0	0	-1
c11566	0	12	2	-1	0	0	0	0	0	-1	-1	30	-1	12	0	39	-1	17	0	0	-1	39	-1	0	0	48	-1	1	35	-1
c11580	0	12	48	36	0	0	0	32	0	0	0	-1	-1	-1	0	2	-1	0	-1	-1	-1	0	12	22	0	25	0	0	0	-1
c11623	9	12	-1	36	0	0	25	-1	23	23	25	-1	47	-1	0	0	-1	-1	0	0	0	-1	35	0	0	-1	33	0	0	-1
c11666	-1	-1	0	0	0	0	-1	38	0	12	-1	30	-1	0	-1	10	0	-1	39	-1	0	0	0	-1	0	0	0	8	0	-1
c11715	0	12	-1	36	0	0	8	0	0	-1	-1	8	0	-1	31	-1	0	30	0	0	-1	-1	12	39	-1	0	-1	18	0	-1
c11730	0	12	26	-1	0	0	44	0	-1	0	0	30	35	6	16	0	0	25	0	39	0	0	0	0	0	0	6	0	0	-1
c11735	0	12	-1	0	4	0	0	0	-1	0	35	30	-1	32	0	0	26	15	44	0	35	24	-1	12	0	-1	0	-1	0	-1
c11754	0	-1	0	-1	0	-1	0	0	0	12	0	30	0	6	-1	21	-1	0	48	0	0	9	0	0	-1	0	0	0	0	-1
c11756	0	12	48	-1	0	0	2	0	-1	-1	0	-1	-1	-1	-1	0	0	0	0	0	0	0	12	22	0	-1	-1	0	27	-1
c11761	20	12	48	-1	0	0	0	0	-1	0	0	30	0	32	12	0	-1	0	0	-1	0	0	-1	-1	0	4	0	12	0	-1
c11764	0	-1	22	0	-1	-1	-1	48	-1	0	-1	30	-1	0	0	-1	0	-1	0	0	0	17	22	0	-1	0	-1	0	44	-1
c11807	-1	-1	-1	0	4	0	44	0	-1	-1	0	30	-1	-1	0	-1	-1	15	44	-1	35	0	-1	12	0	0	0	0	35	-1
c11808	-1	12	12	-1	-1	48	33	0	0	0	0	-1	10	0	-1	0	-1	0	0	0	17	8	0	0	0	35	0	0	-1	-1
c11822	0	-1	0	0	-1	0	0	17	0	0	0	-1	0	0	0	0	48	0	0	16	-1	44	0	-1	0	48	25	-1	25	-1
c11830	-1	-1	0	-1	21	0	0	17	-1	-1	0	30	0	0	0	6	48	0	0	10	0	44	0	-1	0	48	0	36	25	-1
c11904	-1	-1	0	0	4	14	49	-1	-1	32	44	30	0	0	-1	0	0	0	0	8	0	-1	0	0	-1	-1	-1	10	-1	-1
c11925	0	12	-1	0	0	0	0	0	26	-1	0	30	-1	0	0	0	-1	0	0	8	0	0	0	-1	-1	48	0	1	35	-1
c11953	0	12	0	44	4	18	-1	-1	-1	0	10	30	0	6	16	-1	5	4	12	-1	0	0	44	0	29	-1	-1	0	-1	-1
c11957	0	12	-1	-1	0	0	-1	-1	-1	0	0	-1	0	0	-1	0	0	0	-1	12	48	0	-1	-1	0	8	-1	0	-1	-1
c11966	0	12	-1	8	47	0	0	0	-1	0	0	30	35	-1	16	0	0	0	44	0	0	0	0	0	-1	-1	0	0	0	-1
c11976	49	12	0	8	0	0	0	12	0	0	-1	30	0	35	0	0	0	0	48	21	-1	12	4	0	17	0	-1	0	48	-1
c11996	0	12	0	-1	-1	0	-1	0	-1	-1	8	30	-1	6	16	0	0	0	-1	0	0	0	-1	0	-1	-1	-1	-1	39	-1
c12003	0	12	2	0	33	0	13	0	-1	0	0	30	0	0	0	-1	-1	4	44	36	-1	-1	0	-1	0	48	-1	0	0	-1
c12027	48	12	-1	0	-1	0	-1	0	-1	0	-1	30	-1	-1	0	0	26	-1	44	0	35	-1	-1	12	0	0	35	5	0	-1
c12098	49	12	-1	8	0	0	0	0	-1	9	0	-1	-1	0	0	-1	0	22	17	21	0	0	4	0	17	-1	-1	0	0	-1
c12114	0	12	0	0	4	0	0	-1	-1	23	0	-1	0	32	5	4	26	15	44	25	35	0	-1	12	0	-1	12	0	0	-1
c12115	-1	12	0	0	4	0	0	0	-1	-1	0	30	0	32	-1	0	26	-1	44	25	35	-1	-1	12	0	-1	12	0	0	-1
c12153	0	12	0	0	-1	0	0	-1	0	8	0	30	0	44	49	6	48	0	-1	0	0	44	0	0	9	-1	0	15	25	-1
c12155	0	12	0	-1	4	-1	0	0	-1	12	-1	-1	-1	32	0	-1	26	15	44	0	35	0	-1	12	-1	0	0	0	0	-1
c12176	0	12	-1	-1	0	0	-1	0	0	0	0	30	0	32	0	0	32	0	-1	-1	32	0	-1	-1	0	-1	0	0	0	-1
c12232	0	-1	0	-1	-1	0	-1	0	13	0	0	-1	0	32	-1	24	0	-1	0	0	0	0	-1	-1	0	-1	0	0	0	-1
c12239	0	12	0	0	0	0	0	32	0	0	0	30	0	6	16	-1	-1	4	0	0	0	0	0	0	0	0	0	-1	10	-1
c12248	0	12	0	0	10	0	0	0	0	0	-1	30	-1	0	-1	10	0	-1	39	48	21	0	0	17	0	0	0	8	0	-1
c12250	0	12	0	0	4	-1	12	0	-1	0	0	30	0	32	0	0	26	0	44	-1	35	-1	-1	0	0	0	-1	0	-1	-1
c12258	-1	12	0	-1	0	0	4	0	33	-1	0	30	0	32	-1	0	0	0	0	0	0	0	-1	-1	-1	-1	0	0	0	-1
c12261	0	12	0	25	0	-1	-1	0	0	49	0	-1	-1	0	0	0	-1	-1	0	0	0	0	0	0	36	-1	33	-1	0	-1
c12270	0	12	0	-1	0	0	0	0	0	0	0	30	0	32	-1	0	0	10	0	49	0	0	-1	-1	-1	23	35	12	12	-1
c12357	0	12	2	0	33	0	0	0	39	0	-1	30	0	0	0	0	0	4	44	36	0	-1	-1	38	0	-1	0	-1	-1	-1
c12363	0	12	0	-1	0	-1	0	0	0	12	0	30	0	6	-1	21	-1	0	48	0	48	0	0	0	0	0	0	12	0	-1
c12364	0	12	12	-1	0	0	0	17	0	-1	0	30	0	0	0	0	48	0	-1	16	0	44	-1	18	0	48	25	-1	25	-1
c12370	0	-1	0	-1	0	-1	33	0	0	0	0	30	0	32	0	12	-1	0	-1	0	0	0	-1	-1	-1	0	0	-1	0	-1
c12383	0	12	0	-1	0	0	0	0	39	13	0	30	39	32	0	0	0	17	0	0	0	48	-1	-1	0	-1	0	21	0	-1
c12403	49	12	0	8	0	0	16	0	-1	-1	0	30	0	0	0	-1	0	-1	0	21	45	12	-1	0	-1	-1	-1	-1	-1	-1
c12447	0	12	33	45	0	48	50	0	45	-1	48	30	0	20	0	24	0	0	-1	16	0	44	10	-1	0	0	-1	20	0	-1
c12483	0	12	2	10	0	0	0	0	0	0	0	30	-1	0	0	10	0	4	0	36	0	-1	0	0	-1	48	0	0	0	-1
c12492	0	12	2	17	0	0	0	-1	-1	42	-1	30	-1	0	-1	0	-1	39	-1	-1	0	8	0	0	27	-1	0	0	-1	-1
c12505	0	-1	39	-1	-1	0	18	0	0	0	48	30	0	32	26	0	0	0	0	-1	0	-1	-1	-1	0	0	0	0	-1	-1
c12506	-1	12	12	0	0	48	-1	0	-1	13	-1	30	0	0	21	2	0	0	0	-1	-1	0	0	0	0	4	-1	0	11	-1
c12508	0	12	0	36	0	0	0	0	0	0	0	8	0	-1	0	0	0	0	-1	0	0	0	12	0	0	-1	-1	-1	0	-1
c12551	0	-1	2	0	0	0	8	0	36	-1	0	30	-1	0	-1	39	0	0	0	16	-1	33	0	21	0	48	-1	1	-1	-1
c12564	48	12	-1	0	0	39	0	-1	0	0	48	30	-1	0	0	0	0	44	0	0	0	-1	0	0	0	-1	26	-1	0	-1
c12568	0	12	-1	0	33	0	0	0	0	44	-1	-1	0	36	-1	-1	40	4	44	-1	0	-1	0	-1	0	-1	0	0	0	-1
c12572	39	12	18	36	-1	0	0	0	-1	0	0	8	0	-1	0	-1	0	-1	0	0	44	0	-1	8	0	0	0	0	0	-1
c12629	-1	-1	-1	21	0	-1	0	0	-1	-1	0	30	0	0	0	39	0	0	-1	12	48	0	26	-1	-1	0	-1	-1	44	-1
c12640	0	12	-1	-1	0	0	0	44	0	0	24	30	-1	0	0	39	-1	0	0	0	-1	-1	0	0	0	48	-1	1	35	-1
c12649	0	-1	-1	36	17	4	0	0	0	45	27	39	0	-1	0	0	20	0	0	33	-1	-1	12	22	0	-1	0	0	-1	-1
c12666	0	-1	0	-1	10	39	21	0	44	-1	0	30	-1	-1	0	0	32	0	0	0	32	0	-1	-1	0	0	0	44	0	-1
c12668	0	12	0	-1	13	-1	8	0	0	-1	0	-1	35	-1	0	0	-1	0	4	0	-1	0	0	-1	0	0	24	-1	0	-1
c12672	0	12	-1	17	-1	0	0	48	0	-1	0	30	-1	0	-1	0	0	0	0	-1	-1	8	0	0	27	48	48	-1	35	-1
c12694	-1	12	2	17	-1	0	0	0	5	42	0	30	-1	0	0	0	0	38	-1	-1	-1	8	-1	0	27	-1	0	0	35	-1
c12704	0	12	0	-1	0	0	0	0	5	26	0	30	0	32	12	0	10	-1	-1	-1	-1	0	-1	-1	-1	4	0	12	0	-1
c12725	0	12	-1	-1	0	0	-1	-1	0	23	25	-1	-1	-1	0	0	0	7	0	0	35	-1	35	0	0	40	33	0	25	-1
c12746	0	12	0	-1	0	0	-1	0	-1	0	0	30	-1	32	0	17	0	17	0	0	-1	0	-1	-1	-1	-1	0	-1	0	-1
c12748	0	12	-1	36	0	0	0	8	-1	23	25	0	0	-1	0	-1	0	7	0	48	35	-1	-1	-1	0	40	33	-1	25	-1
c12753	0	12	-1	0	0	-1	0	0	26	39	-1	-1	-1	0	-1	2	0	0	0	0	0	0	0	0	0	48	-1	-1	-1	-1
c12759	39	12	33	-1	-1	25	0	8	0	0	48	-1	0	-1	-1	0	36	16	-1	0	0	0	10	0	0	0	0	-1	-1	-1
c12796	20	12	0	-1	0	0	0	0	-1	-1	0	30	0	32	12	0	0	-1	0	0	0	0	-1	-1	-1	4	-1	12	0	-1
c12818	0	12	2	-1	-1	0	-1	0	0	0	0	30	0	36	32	0	12	0	4	0	12	0	0	-1	0	48	0	0	0	-1
c12827	0	12	0	-1	8	-1	-1	0	0	0	7	30	-1	0	-1	10	0	-1	39	0	-1	0	0	0	0	39	0	8	0	-1
c12855	0	12	0	-1	49	10	0	0	0	0	7	30	-1	0	-1	10	-1	-1	39	0	0	0	20	0	44	0	0	8	44	-1
c12885	44	12	0	-1	4	-1	0	0	-1	0	48	30	0	32	0	-1	26	15	44	0	35	0	-1	12	0	0	0	0	29	-1
c12887	0	12	0	0	-1	-1	0	17	-1	0	-1	30	0	0	0	-1	48	-1	0	0	-1	44	0	-1	-1	48	0	0	25	-1
c12889	0	-1	35	-1	0	10	0	0	-1	0	7	30	-1	36	-1	10	-1	-1	39	0	0	0	0	0	-1	10	25	-1	0	-1
c12902	0	-1	0	0	0	0	0	-1	0	-1	0	30	0	-1	16	-1	0	4	-1	0	-1	0	0	0	0	0	0	0	10	-1
c12947	-1	12	12	12	0	0	0	44	-1	-1	0	30	25	-1	27	0	0	0	1	0	0	0	0	-1	0	0	-1	0	44	-1
c12973	-1	12	-1	-1	27	0	0	0	0	48	0	30	-1	0	0	8	-1	0	0	0	45	-1	0	-1	48	0	44	12	44	-1
c12991	0	12	2	27	-1	0	20	-1	0	-1	0	30	0	0	0	0	33	-1	0	0	0	-1	0	-1	4	48	0	-1	0	-1
c13031	0	-1	12	0	0	0	0	0	-1	35	0	30	6	-1	0	27	-1	12	0	0	0	-1	-1	0	0	-1	0	16	0	-1
c13047	17	12	0	-1	0	0	-1	0	0	0	-1	30	0	-1	0	4	0	0	-1	0	0	35	-1	-1	25	0	12	12	-1	-1
c13065	0	12	0	0	-1	0	0	44	35	0	7	-1	-1	0	-1	10	0	-1	39	0	0	0	0	-1	22	0	0	8	45	-1
c13072	0	12	0	-1	21	-1	0	17	-1	0	0	-1	0	0	0	0	-1	0	0	10	0	44	0	0	0	48	0	0	25	-1
c13088	9	12	-1	-1	0	0	0	-1	0	42	0	30	-1	-1	0	0	0	38	-1	-1	-1	8	0	0	27	48	0	0	35	-1
c13124	0	12	0	-1	-1	47	4	0	0	-1	-1	30	0	32	0	35	0	-1	0	0	0	0	-1	-1	-1	-1	0	35	-1	-1
c13138	-1	12	-1	-1	4	0	0	-1	-1	-1	4	30	0	-1	0	-1	26	-1	44	-1	35	-1	-1	0	0	0	0	0	47	-1
c13151	0	-1	0	-1	0	0	0	0	0	12	0	30	0	-1	16	-1	33	0	48	0	0	0	27	0	0	0	0	12	0	-1
c13167	0	-1	0	-1	0	0	0	0	0	0	0	30	-1	-1	12	0	27	-1	-1	0	0	0	-1	-1	0	0	0	12	-1	-1
c13183	0	-1	36	-1	-1	0	-1	0	0	0	0	30	-1	32	0	-1	0	0	0	15	39	0	-1	-1	16	0	0	-1	48	-1
c13207	0	12	0	-1	0	-1	0	-1	0	0	0	30	-1	32	12	21	0	0	0	0	0	0	-1	-1	0	0	27	12	0	-1
c13209	-1	12	2	0	0	0	0	0	5	-1	0	-1	0	0	-1	0	0	4	44	-1	0	-1	-1	-1	-1	48	8	13	0	-1
c13210	0	12	0	0	0	0	0	0	-1	12	0	30	0	6	16	-1	-1	0	48	-1	0	0	-1	0	0	0	0	12	0	-1
c13215	0	12	2	0	0	-1	0	0	0	-1	0	30	0	-1	35	0	0	4	44	36	0	-1	17	0	0	48	-1	0	0	-1
c13287	0	12	33	-1	0	0	0	0	0	8	0	0	0	18	29	4	0	0	4	26	32	0	17	-1	-1	0	-1	29	0	-1
c13361	-1	12	-1	-1	0	0	0	0	0	-1	0	30	0	32	-1	0	0	0	0	0	32	0	-1	-1	0	0	0	0	0	-1
c13375	0	12	22	0	-1	0	-1	-1	-1	0	0	30	-1	0	8	0	0	0	0	45	0	-1	22	-1	-1	0	-1	0	-1	-1
c13379	0	-1	2	2	0	0	44	0	0	0	0	30	35	0	-1	-1	22	0	-1	0	0	0	0	-1	12	48	0	-1	17	-1
c13398	-1	12	2	0	33	-1	0	0	0	0	0	-1	-1	0	0	0	0	4	-1	36	0	-1	0	38	0	48	-1	0	0	-1
c13417	-1	12	33	0	-1	-1	0	8	1	0	48	30	0	0	-1	0	-1	16	12	-1	0	0	-1	0	0	0	-1	0	0	-1
c13420	0	12	9	36	0	-1	0	-1	-1	0	0	30	0	-1	44	0	0	0	0	0	10	-1	0	33	-1	0	-1	0	44	-1
c13423	0	12	2	-1	20	0	-1	4	23	42	0	30	-1	0	8	17	0	48	0	-1	0	8	0	-1	27	48	0	0	35	-1
c13429	0	12	-1	21	-1	0	21	-1	-1	0	0	-1	0	0	0	0	0	-1	-1	12	48	41	22	-1	0	8	-1	0	44	-1
c13446	0	12	-1	0	0	0	0	-1	0	0	-1	-1	-1	-1	49	-1	0	0	10	22	0	-1	0	3	27	48	0	-1	-1	-1
c13448	0	12	2	0	0	0	0	0	26	0	0	30	-1	0	0	-1	38	-1	0	0	0	-1	0	0	0	48	0	-1	35	-1
c13462	0	12	1	0	-1	44	0	33	-1	0	-1	30	-1	32	0	0	-1	0	-1	-1	0	33	-1	-1	44	17	0	0	29	-1
c13497	0	12	-1	-1	-1	0	-1	-1	0	0	0	30	33	-1	0	0	0	0	-1	0	-1	0	-1	-1	0	0	0	0	-1	-1
c13499	0	12	0	0	4	0	0	0	-1	0	1	30	0	32	0	12	26	-1	44	22	35	0	-1	0	0	0	0	0	0	-1
c13527	44	-1	0	0	4	0	0	0	-1	-1	0	30	0	32	-1	0	26	15	-1	0	35	49	-1	12	0	0	0	0	4	-1
c13546	0	12	-1	0	4	0	0	0	-1	0	0	30	0	32	5	17	-1	-1	44	-1	35	0	-1	12	0	0	0	0	-1	-1
c13559	49	12	-1	-1	0	0	26	0	0	0	0	30	1	-1	-1	0	0	0	0	21	-1	12	4	-1	17	41	-1	-1	-1	-1
c13593	20	12	0	-1	0	0	0	0	5	-1	0	30	0	32	-1	0	0	0	0	0	0	-1	-1	-1	-1	-1	0	12	0	-1
c13614	0	12	-1	0	33	32	0	0	0	44	-1	30	0	32	0	0	0	4	44	36	0	-1	0	38	0	48	0	0	0	-1
c13638	49	12	39	8	0	25	41	0	39	-1	0	30	0	0	35	0	0	-1	-1	21	-1	12	4	0	17	41	-1	0	-1	-1
c13654	0	12	-1	-1	0	0	-1	7	0	0	0	30	0	0	-1	-1	0	21	0	33	0	-1	0	0	0	-1	0	0	0	-1
c13672	-1	12	2	-1	0	0	6	-1	25	-1	0	30	-1	0	0	-1	0	0	0	0	0	0	0	0	-1	48	0	-1	35	-1
c13685	0	12	0	0	0	0	10	0	0	0	0	30	0	32	8	-1	0	0	0	0	0	0	-1	0	-1	-1	0	-1	-1	-1
c13686	-1	-1	0	-1	-1	0	0	-1	-1	0	0	-1	0	-1	0	26	26	15	-1	-1	-1	-1	-1	12	0	0	0	0	0	-1
c13727	0	12	-1	-1	0	0	0	0	-1	0	-1	30	0	32	-1	0	0	0	0	0	0	0	-1	-1	0	-1	8	12	-1	-1
c13735	0	12	2	0	44	-1	0	0	0	0	0	30	-1	17	0	0	0	33	0	-1	0	-1	-1	0	0	48	0	1	35	-1
c13741	0	12	0	-1	4	0	0	0	-1	-1	35	30	-1	32	0	0	26	15	44	0	-1	-1	-1	12	0	0	0	0	0	-1
c13763	0	12	-1	0	33	0	-1	-1	-1	44	-1	30	0	0	0	0	0	4	44	36	-1	-1	16	38	0	48	39	0	0	-1
c13793	0	12	0	-1	0	24	0	0	-1	12	0	30	0	-1	16	21	33	-1	-1	0	0	0	0	0	-1	0	0	12	0	-1
c13805	0	-1	0	0	0	-1	0	0	33	-1	-1	30	-1	13	0	0	0	0	8	0	-1	39	38	8	0	6	33	0	-1	-1
c13808	0	-1	2	0	0	-1	0	0	0	0	0	-1	-1	-1	0	39	-1	0	0	0	8	39	0	0	-1	48	-1	1	35	-1
c13832	-1	12	22	0	0	0	0	0	-1	0	0	30	0	39	14	0	-1	0	0	0	0	0	0	0	0	0	-1	20	-1	-1
c13842	0	-1	2	0	-1	-1	-1	0	-1	26	36	30	0	42	-1	-1	0	20	-1	-1	12	0	-1	-1	-1	48	0	12	0	-1
c13858	0	12	2	0	-1	0	0	0	26	0	-1	30	-1	8	0	0	0	-1	0	0	0	0	-1	8	36	-1	0	1	35	-1
c13868	40	12	2	0	-1	0	44	0	-1	0	0	30	-1	0	0	-1	-1	0	4	0	0	0	0	-1	38	48	36	0	17	-1
c13881	25	12	12	0	0	48	0	5	-1	-1	-1	30	0	25	35	0	0	12	-1	0	0	0	-1	0	8	-1	0	0	0	-1
c13886	0	-1	12	0	-1	48	33	0	0	0	-1	-1	48	-1	-1	0	0	-1	0	-1	-1	26	0	0	0	0	-1	-1	0	-1
c13890	-1	-1	0	2	4	-1	25	-1	-1	0	0	30	-1	32	-1	0	26	15	-1	0	35	0	-1	12	0	0	-1	0	0	-1
c13894	-1	12	-1	0	4	0	0	0	-1	-1	48	30	0	-1	-1	0	26	-1	44	-1	-1	38	-1	12	0	0	0	0	0	-1
c13907	0	12	0	0	4	-1	-1	0	-1	12	0	-1	0	32	0	0	26	15	44	12	-1	0	-1	12	0	0	44	0	44	-1
c13935	0	12	26	0	0	0	0	-1	0	0	0	30	35	6	16	0	0	25	-1	39	0	0	0	0	0	-1	6	0	0	-1
c13972	-1	12	0	0	-1	0	-1	0	35	-1	0	30	0	32	0	0	0	0	0	0	4	0	-1	0	0	-1	0	1	10	-1
c13981	0	12	22	0	10	0	-1	-1	-1	-1	0	30	-1	0	0	0	0	0	0	0	0	-1	0	0	0	0	-1	17	44	-1
c14008	-1	12	2	0	0	0	0	0	0	-1	-1	-1	0	-1	-1	0	0	0	39	0	0	-1	-1	0	0	48	0	30	-1	-1
c14009	0	12	2	0	0	0	0	0	0	-1	-1	30	0	0	-1	0	-1	0	39	-1	0	-1	0	0	-1	48	0	30	0	-1
c14014	0	12	6	0	-1	-1	0	17	0	0	0	30	0	-1	0	35	48	-1	0	0	-1	44	0	33	0	48	25	0	25	-1
c14020	44	12	0	0	4	-1	0	0	-1	0	48	30	-1	32	-1	-1	-1	-1	44	0	-1	0	-1	12	0	0	0	0	-1	-1
c14050	0	12	22	25	0	45	0	0	-1	0	-1	-1	0	39	14	0	-1	0	0	0	0	0	0	-1	-1	0	-1	20	44	-1
c14051	0	-1	22	0	0	45	0	0	-1	0	0	30	0	39	14	0	-1	0	0	-1	-1	0	0	0	0	0	-1	20	44	-1
c14073	0	-1	0	-1	0	0	-1	0	0	-1	-1	30	0	32	0	0	-1	-1	0	0	0	0	-1	-1	44	0	0	-1	0	-1
c14074	-1	12	36	-1	0	0	18	-1	0	0	-1	30	0	32	0	0	0	0	0	0	0	0	-1	-1	0	0	0	0	0	-1
c14092	39	-1	33	0	5	25	0	8	5	0	48	30	-1	0	0	0	0	16	48	0	0	0	10	20	0	-1	0	0	0	-1
c14171	-1	-1	6	0	0	0	0	17	21	0	-1	30	-1	0	0	0	48	0	0	0	0	44	0	33	0	48	25	0	25	-1
c14175	0	12	0	-1	0	0	0	0	0	0	0	-1	0	-1	26	-1	0	0	0	0	0	-1	12	0	-1	0	-1	-1	-1	-1
c14212	-1	12	2	17	0	0	-1	-1	0	-1	12	30	-1	0	0	0	0	39	0	-1	0	8	0	0	27	-1	0	0	35	-1
c14214	-1	12	-1	0	0	-1	8	0	0	0	-1	30	-1	0	-1	39	0	0	0	16	-1	0	0	21	0	48	-1	1	35	-1
c14218	0	12	0	0	4	-1	12	-1	-1	0	0	30	0	32	0	0	26	0	44	-1	35	-1	-1	0	0	0	0	0	47	-1
c14219	0	12	0	-1	4	35	12	0	-1	0	0	30	0	32	0	-1	26	0	44	-1	35	0	-1	0	-1	-1	0	0	47	-1
c14233	0	12	2	17	-1	0	-1	0	0	42	0	-1	-1	-1	0	0	0	0	0	-1	-1	8	-1	0	27	-1	0	0	35	-1
c14245	0	12	2	17	0	0	0	0	-1	42	0	30	-1	-1	-1	-1	0	0	0	-1	0	-1	0	0	27	48	0	0	35	-1
c14261	0	12	48	36	-1	0	0	-1	0	-1	0	-1	0	-1	0	0	0	26	-1	0	-1	0	12	22	35	-1	0	0	0	-1
c14272	44	12	0	-1	4	0	0	0	-1	0	48	30	0	32	4	-1	26	15	-1	0	35	0	-1	12	-1	0	-1	0	-1	-1
c14291	0	12	2	-1	0	0	0	0	-1	0	0	30	0	48	0	45	0	-1	-1	36	-1	-1	0	0	0	-1	0	0	0	-1
c14292	-1	12	2	33	0	0	0	0	-1	0	0	30	0	0	0	0	0	4	44	-1	0	-1	0	34	0	48	-1	5	0	-1
c14306	49	12	0	8	0	-1	0	0	0	0	-1	30	33	0	0	32	0	0	-1	26	0	0	4	0	17	0	17	0	0	-1
c14315	0	-1	-1	-1	0	0	0	-1	-1	0	-1	30	-1	0	17	0	-1	-1	0	0	0	0	-1	-1	-1	-1	-1	1	35	-1
c14320	25	12	0	0	-1	0	-1	-1	-1	-1	-1	30	-1	0	9	25	0	27	-1	0	-1	0	30	0	0	0	33	0	0	-1
c14322	0	-1	0	0	12	0	0	17	0	0	0	30	0	0	0	0	48	0	0	39	0	-1	0	0	0	-1	-1	33	25	-1
c14355	0	12	0	-1	21	0	-1	17	-1	0	0	30	-1	-1	27	39	48	0	0	-1	0	44	-1	-1	0	-1	-1	0	25	-1
c14369	48	12	2	0	0	0	9	0	-1	42	48	30	-1	0	0	-1	0	0	0	0	0	8	0	0	27	48	-1	0	35	-1
c14384	-1	-1	48	-1	0	0	0	32	0	0	0	-1	0	-1	-1	-1	0	0	-1	0	-1	0	12	22	0	25	0	0	0	-1
c14408	40	12	2	-1	2	0	44	0	0	-1	0	-1	0	0	0	0	-1	0	-1	0	0	0	0	-1	38	48	0	-1	17	-1
c14418	0	-1	0	16	0	0	0	7	-1	0	9	-1	0	0	0	0	0	-1	44	0	-1	0	0	0	0	0	-1	0	-1	-1
c14441	0	12	2	17	-1	0	0	-1	0	42	0	30	-1	0	-1	0	0	0	32	-1	-1	-1	0	0	27	-1	0	-1	35	-1
c14448	0	12	-1	0	0	0	0	-1	0	0	48	30	-1	-1	0	0	0	36	0	-1	0	-1	0	-1	0	48	0	0	0	-1
c14457	0	12	0	0	4	0	0	0	-1	0	35	30	0	32	-1	0	26	15	-1	0	35	0	-1	12	0	0	0	-1	0	-1
c14465	0	12	-1	-1	0	0	0	35	0	0	0	30	-1	32	0	0	0	0	0	0	-1	0	-1	-1	0	-1	0	0	0	-1
c14468	0	12	-1	-1	-1	33	-1	0	0	0	0	30	0	0	0	0	0	35	0	0	0	36	4	4	-1	0	0	10	0	-1
c14503	-1	12	2	0	0	39	-1	0	0	0	-1	30	9	0	-1	-1	0	0	0	-1	-1	-1	0	0	-1	48	0	0	0	-1
c14523	0	12	36	-1	0	0	18	0	0	0	0	-1	0	32	0	-1	-1	0	0	0	0	-1	-1	-1	0	0	0	0	0	-1
c14524	-1	12	0	24	-1	0	-1	0	0	0	0	30	-1	0	0	0	0	0	-1	16	-1	0	-1	0	0	0	33	-1	0	-1
c14545	-1	12	2	0	0	50	0	-1	-1	0	-1	30	-1	0	0	0	0	4	-1	36	0	-1	0	0	-1	-1	-1	0	0	-1
c14570	6	12	2	0	-1	39	0	0	0	0	48	30	9	5	0	-1	0	0	0	-1	0	-1	-1	0	0	48	32	-1	0	-1
c14571	6	-1	2	0	0	39	3	0	0	0	48	30	-1	5	0	0	-1	0	0	-1	0	-1	-1	-1	0	48	-1	-1	0	-1
c14587	0	12	0	-1	0	-1	-1	0	0	0	0	30	-1	32	-1	12	0	-1	-1	-1	0	0	-1	-1	0	0	0	-1	0	-1
c14643	0	12	0	0	-1	0	0	0	-1	0	-1	30	-1	-1	-1	17	26	-1	44	0	35	0	-1	12	0	0	-1	0	0	-1
c14644	-1	12	0	0	0	0	-1	44	0	0	0	30	44	6	-1	-1	0	4	0	0	0	0	0	0	-1	0	-1	0	-1	-1
c14651	0	12	0	-1	0	0	0	0	0	0	0	8	0	-1	0	-1	0	0	0	48	0	0	12	39	0	0	-1	0	0	-1
c14659	49	-1	-1	8	0	16	0	0	0	-1	0	30	0	0	-1	0	0	0	0	21	-1	0	4	0	17	0	-1	0	4	-1
c14667	0	12	0	0	0	0	0	0	-1	-1	0	30	0	-1	0	-1	-1	10	0	0	0	-1	-1	0	0	8	33	43	0	-1
c14668	-1	12	0	39	0	10	0	0	-1	39	7	30	-1	0	-1	10	48	-1	39	0	0	0	0	-1	0	0	0	8	0	-1
c14672	-1	12	-1	0	4	0	0	44	0	-1	24	30	-1	0	0	39	-1	0	0	0	8	39	0	0	0	48	-1	-1	35	-1
c14692	0	12	0	-1	0	0	0	0	5	0	0	30	0	-1	12	0	10	0	-1	0	0	0	-1	-1	0	4	0	12	0	-1
c14695	0	12	-1	21	-1	-1	0	-1	-1	0	-1	30	-1	16	-1	0	0	0	-1	12	48	0	32	-1	0	0	-1	0	44	-1
c14714	-1	12	0	0	0	0	0	0	0	0	0	30	0	-1	-1	-1	-1	4	0	0	0	0	0	0	4	0	0	0	-1	-1
c14723	6	12	2	0	-1	39	0	0	0	0	-1	30	9	5	-1	0	-1	0	0	-1	0	-1	-1	-1	0	48	-1	0	0	-1
c14733	0	12	-1	-1	10	0	0	0	-1	-1	0	30	-1	0	20	0	0	16	0	12	-1	0	-1	0	17	-1	-1	-1	44	-1
c14774	33	-1	-1	2	0	0	44	0	0	0	0	30	0	-1	0	0	22	0	4	0	0	0	0	-1	0	48	-1	0	17	-1
c14814	-1	12	2	-1	-1	0	48	0	0	0	0	30	0	4	-1	-1	0	-1	0	36	0	-1	0	0	0	-1	0	0	0	-1
c14853	-1	-1	48	36	0	0	43	48	0	-1	27	0	0	-1	0	0	0	0	-1	0	-1	-1	-1	22	0	17	0	0	-1	-1
c14860	0	12	2	0	0	39	0	-1	21	26	48	30	9	0	0	0	0	-1	0	0	-1	-1	0	0	0	-1	33	-1	35	-1
c14867	0	-1	2	-1	0	0	-1	0	-1	-1	0	30	-1	-1	0	0	17	0	0	0	-1	-1	0	-1	39	48	0	-1	35	-1
c14876	0	12	20	36	0	0	-1	0	0	-1	0	8	17	-1	-1	1	-1	0	3	0	-1	0	12	0	0	0	0	25	0	-1
c14900	0	12	0	36	0	0	0	0	33	0	4	-1	0	0	-1	-1	0	0	0	0	-1	16	12	0	0	0	0	0	0	-1
c14925	0	12	-1	0	-1	36	-1	0	26	-1	22	30	-1	0	-1	0	0	0	0	0	-1	0	0	-1	0	48	0	1	-1	-1
c14942	0	12	0	-1	0	0	44	17	0	0	0	-1	0	-1	0	0	-1	0	0	-1	44	-1	0	0	-1	48	25	-1	25	-1
c14944	-1	12	2	0	0	39	0	0	-1	0	48	30	9	-1	0	0	0	0	0	-1	0	-1	-1	0	-1	48	32	-1	0	-1
c14998	-1	12	0	0	0	14	-1	0	8	-1	7	-1	-1	0	-1	10	0	-1	-1	0	0	0	0	0	-1	-1	0	8	-1	-1
c15031	0	12	0	-1	0	0	-1	0	35	-1	0	30	16	32	-1	27	0	0	45	0	0	0	-1	-1	-1	0	-1	0	-1	-1
c15032	0	12	0	0	0	0	0	0	-1	35	48	-1	6	-1	48	-1	26	12	0	0	0	-1	-1	0	0	0	-1	16	0	-1
c15039	0	12	0	0	0	0	0	17	-1	0	16	30	0	6	16	-1	0	0	0	0	17	-1	0	0	13	0	0	0	0	-1
c15042	0	12	36	36	-1	0	0	0	0	-1	-1	-1	0	-1	44	-1	-1	0	-1	17	0	-1	35	0	0	40	-1	0	48	-1
c15047	-1	12	0	-1	0	22	0	0	7	-1	25	0	0	-1	-1	0	0	0	0	0	0	-1	35	0	0	40	33	-1	33	-1
c15084	6	12	22	-1	-1	-1	-1	0	-1	0	0	30	-1	0	0	0	0	0	0	0	0	0	0	-1	0	-1	-1	-1	44	-1
c15088	9	12	35	12	0	0	0	-1	-1	0	0	-1	0	32	0	0	-1	-1	4	0	-1	0	-1	0	0	-1	0	1	0	-1
c15108	0	12	2	0	0	-1	0	0	0	0	0	30	0	0	0	36	0	0	-1	33	0	-1	0	0	-1	-1	0	0	-1	-1
c15121	44	12	0	0	4	0	0	0	-1	0	20	30	27	32	-1	0	26	15	44	33	35	0	-1	-1	0	0	0	0	-1	-1
c15134	44	12	0	-1	4	0	-1	9	-1	0	0	-1	0	-1	0	0	26	15	44	0	35	0	-1	-1	0	0	0	0	-1	-1
c15139	40	12	2	0	2	0	44	0	0	0	0	30	0	-1	0	0	22	-1	4	0	0	0	0	-1	38	48	36	0	17	-1
c15140	0	12	2	0	21	0	-1	0	-1	-1	23	-1	-1	0	-1	39	-1	0	0	16	0	0	0	36	12	48	-1	-1	35	-1
c15166	0	12	16	0	4	-1	0	-1	-1	25	0	30	0	-1	0	0	26	0	44	0	35	0	-1	-1	0	0	0	0	-1	-1
c15170	0	12	0	36	0	-1	0	8	0	23	25	0	0	-1	-1	0	0	0	0	0	35	-1	35	0	8	-1	33	0	0	-1
c15172	0	-1	17	0	0	44	0	11	33	48	0	-1	0	6	-1	0	-1	0	0	0	0	0	0	0	0	0	0	23	-1	-1
c15181	0	12	0	-1	0	0	0	0	0	0	0	30	-1	-1	0	0	0	32	0	0	0	-1	-1	-1	0	0	0	-1	0	-1
c15190	21	12	2	10	0	-1	44	0	-1	0	0	30	0	-1	-1	17	0	23	4	0	12	0	0	-1	0	-1	10	0	0	-1
c15191	21	-1	2	10	35	0	44	-1	0	0	0	30	0	0	17	17	0	23	-1	0	12	32	0	-1	0	48	10	0	0	-1
c15224	-1	12	-1	21	0	0	0	-1	-1	-1	-1	30	0	0	0	-1	0	-1	-1	12	48	0	0	-1	-1	0	-1	-1	-1	-1
c15225	0	12	-1	21	0	0	0	8	-1	0	0	30	0	0	-1	0	0	0	-1	12	48	0	0	-1	-1	0	-1	0	44	-1
c15231	0	12	0	0	44	-1	0	0	0	0	40	30	12	44	-1	0	0	45	0	0	0	39	4	0	-1	0	-1	0	-1	-1
c15258	0	12	0	-1	0	0	4	-1	0	0	32	-1	0	32	0	-1	0	0	0	-1	-1	16	-1	-1	0	0	0	0	-1	-1
c15262	44	12	-1	0	4	0	0	48	-1	5	0	30	0	32	0	0	26	15	44	0	35	0	-1	12	0	0	0	0	0	-1
c15276	0	12	48	0	4	0	0	0	-1	0	0	-1	0	32	0	14	26	0	44	9	35	0	-1	-1	0	20	0	0	0	-1
c15286	0	12	0	-1	0	-1	0	0	0	0	0	-1	16	32	0	0	0	0	0	0	0	2	-1	-1	0	8	0	0	0	-1
c15290	49	-1	0	8	16	23	0	-1	0	0	0	-1	0	50	0	-1	0	0	0	21	0	12	4	0	17	-1	-1	0	-1	-1
c15318	0	12	0	36	0	0	39	0	-1	23	25	0	-1	-1	-1	0	32	0	0	0	0	-1	35	-1	44	40	33	-1	-1	-1
c15334	0	12	2	0	0	0	0	0	32	0	-1	-1	0	0	0	0	-1	12	-1	36	0	-1	0	0	-1	48	0	0	25	-1
c15346	-1	-1	2	0	0	0	0	0	0	0	0	30	0	0	0	0	0	4	44	-1	-1	-1	-1	34	0	48	0	5	0	-1
c15354	0	-1	0	-1	-1	33	17	0	0	0	-1	30	-1	-1	-1	0	0	-1	0	0	-1	0	4	0	17	0	0	0	0	-1
c15356	17	12	0	-1	22	0	-1	-1	-1	0	0	30	0	0	0	0	41	9	0	0	0	-1	0	0	0	10	39	0	0	-1
c15357	17	-1	0	0	22	0	-1	-1	-1	0	0	30	0	0	38	0	41	9	0	0	0	-1	0	0	-1	10	39	0	-1	-1
c15367	0	12	-1	0	-1	-1	0	0	0	22	0	30	0	-1	0	0	0	0	-1	36	0	-1	8	0	0	-1	0	0	0	-1
c15386	33	12	0	36	0	0	-1	0	0	23	25	0	-1	-1	0	0	13	0	-1	17	0	-1	35	0	44	40	-1	0	0	-1
c15401	1	12	0	0	36	25	0	0	0	-1	0	30	0	6	-1	0	0	0	0	12	0	16	0	-1	-1	0	0	23	0	-1
c15435	0	-1	2	0	0	0	0	-1	-1	0	21	-1	-1	0	0	39	-1	-1	0	0	8	39	0	0	0	48	-1	1	-1	-1
c15444	-1	12	-1	22	-1	-1	0	-1	-1	0	0	30	-1	0	-1	48	0	0	32	0	-1	0	8	0	12	48	-1	1	-1	-1
c15470	0	12	2	0	0	-1	0	-1	0	0	0	30	-1	0	0	39	-1	0	0	0	8	39	0	0	0	48	-1	1	35	-1
c15472	20	-1	0	-1	0	0	0	-1	5	0	0	30	0	32	12	0	0	0	0	0	0	-1	-1	-1	0	4	0	12	0	-1
c15487	20	12	-1	-1	0	0	0	0	-1	0	0	-1	-1	32	-1	0	0	0	0	0	-1	0	-1	-1	0	4	0	12	0	-1
c15495	0	-1	0	0	4	0	-1	-1	33	0	44	-1	0	-1	0	-1	0	-1	0	0	0	-1	0	0	0	0	35	10	-1	-1
c15496	0	12	2	0	-1	0	0	-1	0	26	0	30	17	0	0	0	33	0	0	0	0	-1	0	0	4	48	0	12	0	-1
c15518	-1	-1	2	0	0	0	0	0	-1	0	0	30	-1	-1	0	-1	17	0	0	0	0	6	-1	-1	-1	48	0	1	35	-1
c15531	-1	12	0	-1	0	-1	0	1	0	48	0	30	0	32	-1	-1	0	0	0	38	44	-1	-1	0	0	0	0	-1	-1	-1
c15549	-1	12	2	0	-1	0	9	-1	0	42	-1	30	-1	0	0	-1	50	0	10	21	0	8	0	-1	27	48	0	0	35	-1
c15550	0	12	2	-1	0	0	0	-1	-1	0	-1	30	-1	0	49	-1	0	0	10	22	-1	0	-1	3	27	48	0	0	-1	-1
c15565	0	-1	0	0	0	-1	0	32	0	26	0	-1	0	6	16	-1	0	4	0	0	0	0	0	0	2	0	0	0	10	-1
c15571	0	12	2	0	0	0	-1	0	0	0	42	30	-1	32	-1	39	-1	0	0	16	-1	0	0	21	0	48	-1	-1	-1	-1
c15588	17	12	-1	0	-1	0	-1	-1	0	48	0	30	0	33	0	0	-1	0	26	0	0	-1	-1	13	-1	0	-1	0	0	-1
c15592	-1	12	0	0	-1	0	-1	-1	0	-1	0	-1	-1	33	0	0	-1	0	-1	-1	-1	-1	-1	-1	-1	0	0	0	-1	-1
c15594	29	-1	-1	-1	25	48	0	0	-1	0	0	30	0	0	0	0	0	0	-1	12	48	0	0	-1	-1	-1	-1	0	44	-1
c15595	29	-1	-1	-1	0	48	0	0	-1	0	-1	30	0	0	26	0	0	0	-1	12	-1	0	0	-1	-1	0	-1	-1	-1	-1
c15599	-1	12	27	0	-1	0	0	-1	-1	0	48	30	0	32	0	25	26	15	44	0	35	0	-1	12	0	0	0	0	0	-1
c15604	0	-1	-1	0	0	0	0	-1	0	0	0	30	-1	0	0	0	48	-1	0	0	0	44	0	0	0	48	25	43	25	-1
c15605	0	12	6	-1	0	-1	0	17	0	0	0	30	-1	0	0	0	48	0	0	0	0	44	0	-1	-1	48	25	43	25	-1
c15620	0	12	12	-1	0	48	33	23	0	0	0	30	0	-1	0	25	-1	0	-1	0	-1	0	0	-1	15	0	32	0	0	-1
c15655	16	-1	-1	36	0	0	0	-1	0	-1	0	0	-1	-1	0	0	0	0	0	0	44	8	-1	-1	0	17	49	0	-1	-1
c15707	0	12	2	17	0	0	0	0	0	-1	0	-1	-1	-1	0	0	0	0	32	-1	0	8	0	0	27	-1	0	24	35	-1
c15717	0	-1	2	0	0	39	0	-1	0	0	48	30	-1	0	0	-1	0	0	0	0	0	-1	0	0	-1	48	0	0	35	-1
c15748	-1	12	-1	36	0	45	0	33	0	0	0	-1	0	22	4	-1	0	0	4	0	-1	0	0	0	0	0	24	-1	0	-1
c15755	-1	12	0	0	44	33	-1	0	0	0	23	-1	0	-1	-1	0	0	26	0	0	0	0	4	0	17	-1	12	8	0	-1
c15802	49	12	-1	8	0	-1	0	0	0	-1	0	30	0	-1	0	-1	0	0	-1	-1	0	0	4	0	17	0	-1	0	0	-1
c15822	0	12	2	0	0	0	0	0	5	0	-1	30	0	4	0	0	0	-1	0	-1	0	-1	0	0	0	48	-1	0	0	-1
c15829	-1	12	0	-1	21	0	0	-1	-1	0	0	30	22	0	-1	-1	48	0	-1	0	0	44	0	0	8	48	0	38	25	-1
c15830	0	-1	-1	0	-1	0	0	-1	0	0	0	30	-1	0	49	-1	22	-1	0	-1	0	-1	-1	3	27	48	0	0	35	-1
c15846	0	12	0	0	0	0	25	17	0	0	0	30	0	0	0	-1	48	0	-1	16	0	44	-1	18	-1	48	25	-1	25	-1
c15879	0	12	2	0	49	32	0	-1	0	22	0	-1	-1	-1	0	0	0	44	-1	36	0	-1	8	-1	0	48	0	0	0	-1
c15913	-1	12	0	50	0	0	-1	0	0	-1	0	30	48	-1	16	0	0	0	0	0	17	0	-1	0	13	0	-1	0	0	-1
c15931	0	12	0	-1	0	0	-1	0	33	0	0	-1	0	32	0	0	0	48	0	0	32	-1	-1	-1	-1	0	0	0	0	-1
c15950	0	-1	33	45	0	0	50	0	45	0	48	30	-1	0	0	24	44	-1	12	16	0	44	10	0	0	0	-1	20	0	-1
c15957	-1	-1	48	36	0	10	-1	32	0	0	0	25	0	-1	0	0	0	0	-1	0	0	48	12	22	0	-1	0	0	0	-1
c15961	0	12	0	0	4	0	0	0	-1	0	0	30	-1	32	0	-1	26	0	44	-1	35	0	-1	0	21	0	41	0	12	-1
c15963	0	-1	-1	0	0	0	8	0	0	0	-1	-1	-1	0	-1	39	-1	0	-1	16	0	-1	0	21	0	-1	-1	1	35	-1
c15970	0	12	0	-1	0	-1	0	0	0	0	0	30	0	32	12	0	0	0	0	0	0	0	-1	-1	0	0	0	12	0	-1
c15983	0	12	2	0	0	-1	-1	0	0	0	-1	30	-1	-1	0	33	0	-1	-1	-1	0	0	0	0	0	-1	0	1	35	-1
c15985	0	12	0	0	0	0	0	-1	0	0	0	30	2	6	16	0	-1	0	0	-1	17	0	0	0	13	0	39	0	0	-1
c15990	0	12	0	0	4	0	-1	0	-1	48	-1	30	-1	32	12	0	26	15	44	-1	35	-1	-1	-1	0	49	0	0	-1	-1
c16004	-1	12	-1	21	0	-1	0	0	-1	0	0	30	0	0	0	0	0	0	-1	12	48	0	0	-1	0	-1	-1	0	44	-1
c16040	0	12	22	0	10	0	0	0	-1	0	-1	30	-1	0	20	0	-1	0	0	-1	0	0	0	44	0	0	-1	17	44	-1
c16041	0	-1	-1	-1	10	0	0	0	-1	0	-1	30	-1	0	20	0	-1	0	0	-1	0	-1	0	44	0	0	-1	17	44	-1
c16075	-1	12	2	-1	0	0	0	-1	-1	-1	48	30	9	0	0	0	-1	8	0	0	0	-1	-1	-1	0	-1	0	0	0	-1
c16085	-1	12	0	0	0	0	-1	0	0	0	0	30	0	32	0	-1	0	-1	-1	-1	0	39	-1	0	5	0	0	1	0	-1
c16105	49	12	0	0	-1	0	12	0	-1	-1	-1	-1	-1	32	0	0	26	0	44	-1	35	0	-1	0	0	0	12	-1	-1	-1
c16109	0	-1	0	2	44	33	-1	-1	17	0	0	30	-1	-1	-1	0	0	0	0	-1	12	-1	4	0	17	0	0	-1	4	-1
c16112	0	-1	-1	0	-1	39	0	0	0	0	48	30	-1	0	0	0	32	0	0	0	0	-1	0	0	-1	48	-1	-1	0	-1
c16122	0	12	0	50	0	0	0	0	0	0	0	30	-1	6	16	0	0	0	0	0	17	0	0	0	13	0	0	0	0	-1
c16123	0	12	0	50	-1	0	0	-1	0	0	-1	-1	48	6	16	0	0	0	0	0	-1	0	0	0	13	0	0	48	0	-1
c16140	25	12	16	-1	33	-1	0	0	-1	0	8	-1	0	6	16	0	12	-1	5	0	0	0	0	0	0	0	0	0	0	-1
c16162	0	12	-1	36	0	0	-1	0	0	23	-1	6	0	-1	0	0	32	-1	-1	0	0	-1	35	0	0	40	-1	0	-1	-1
c16166	44	12	0	0	-1	-1	-1	-1	-1	-1	33	30	0	-1	0	0	26	15	-1	0	35	0	-1	-1	0	0	-1	0	-1	-1
c16172	-1	12	44	0	44	33	17	0	2	0	-1	30	0	0	0	-1	12	-1	0	0	0	0	4	0	17	0	0	0	0	-1
c16177	-1	12	35	0	4	-1	0	-1	0	0	0	30	0	0	0	-1	0	0	-1	-1	0	-1	0	0	0	17	-1	-1	-1	-1
c16203	0	-1	0	0	44	33	0	-1	0	0	0	30	0	0	0	0	-1	0	0	0	-1	-1	4	0	17	0	0	0	0	-1
c16204	6	-1	22	0	10	0	0	0	-1	0	0	30	0	0	0	0	0	0	-1	0	0	0	0	0	0	0	-1	17	44	-1
c16206	0	12	22	0	-1	0	0	0	-1	-1	0	30	-1	0	20	0	0	0	0	12	24	0	0	0	0	-1	-1	17	44	-1
c16209	8	12	0	-1	4	17	0	0	-1	-1	0	-1	-1	32	0	0	26	-1	44	33	35	0	-1	-1	0	0	0	-1	47	-1
c16250	-1	12	-1	-1	0	0	18	0	-1	0	0	30	-1	32	-1	0	-1	21	0	15	0	0	-1	-1	0	26	-1	0	0	-1
c16251	0	12	36	-1	0	0	18	0	0	0	0	30	-1	32	0	0	0	21	0	-1	0	-1	-1	-1	0	26	0	0	-1	-1
c16269	0	12	-1	-1	-1	0	0	50	-1	0	0	30	-1	32	0	36	0	-1	0	0	0	36	-1	-1	0	0	0	0	0	-1
c16281	0	-1	0	18	44	-1	26	0	0	0	0	-1	-1	-1	0	0	0	44	0	0	0	0	4	0	17	44	0	36	0	-1
c16301	0	12	0	36	0	0	0	-1	0	-1	0	-1	-1	-1	0	0	0	0	33	-1	32	0	12	0	-1	0	0	-1	0	-1
c16305	0	12	2	-1	0	0	44	0	0	0	0	30	0	39	0	0	0	-1	0	0	0	0	2	-1	-1	48	-1	0	0	-1
c16309	44	12	0	0	4	0	44	0	-1	0	0	30	-1	32	-1	0	26	-1	44	0	35	0	-1	12	0	0	0	0	35	-1
c16337	44	12	0	-1	4	0	0	0	-1	0	0	30	0	-1	0	-1	26	15	44	0	-1	-1	-1	12	0	0	0	0	0	-1
c16342	0	12	2	0	0	0	-1	0	32	0	0	30	0	0	0	0	0	12	-1	36	0	-1	0	-1	0	48	9	0	-1	-1
c16347	48	12	2	0	-1	0	44	0	0	26	26	30	6	-1	-1	0	0	-1	0	-1	12	35	0	-1	0	48	-1	12	0	-1
c16364	0	-1	1	0	-1	-1	0	33	-1	0	-1	30	0	32	-1	-1	-1	23	0	0	-1	0	-1	-1	44	0	0	-1	0	-1
c16370	0	12	33	0	0	0	0	0	0	0	-1	30	35	-1	0	2	-1	16	0	48	0	0	10	0	0	33	0	21	0	-1
c16381	0	12	33	45	0	-1	50	0	-1	26	-1	30	-1	0	0	24	0	0	12	-1	0	44	10	0	0	0	0	20	0	-1
c16385	-1	12	0	0	0	0	44	17	0	-1	0	30	0	-1	0	0	48	0	0	0	0	44	0	-1	9	-1	0	-1	-1	-1
c16396	0	12	0	0	4	0	-1	0	-1	0	0	-1	0	32	0	0	-1	-1	44	0	35	0	-1	0	21	0	-1	0	-1	-1
c16404	-1	-1	0	44	0	0	23	39	0	0	26	30	-1	6	-1	0	-1	0	0	0	0	-1	0	12	-1	0	0	0	0	-1
c16414	49	12	8	8	0	0	0	0	0	0	0	30	0	0	0	-1	0	-1	0	21	12	12	4	0	-1	41	-1	0	-1	-1
c16419	44	12	0	0	4	48	44	0	-1	-1	-1	30	0	32	0	0	-1	15	44	0	35	0	-1	-1	-1	0	0	0	0	-1
c16433	-1	12	2	0	33	32	0	0	0	44	-1	30	-1	0	-1	0	0	4	44	36	0	-1	0	38	0	48	0	0	0	-1
c16439	0	12	-1	0	-1	44	0	0	-1	5	-1	30	0	32	0	-1	26	-1	0	0	-1	-1	-1	-1	-1	0	-1	-1	41	-1
c16442	0	12	1	0	20	0	33	-1	35	15	0	30	44	0	17	0	0	0	10	4	0	-1	49	0	0	0	0	0	-1	-1
c16445	0	12	0	0	0	0	0	17	0	17	0	30	0	0	-1	-1	48	0	0	0	-1	44	0	0	24	48	25	0	25	-1
c16448	0	12	22	0	10	33	0	0	-1	0	0	30	-1	0	0	45	0	0	0	39	0	0	10	0	-1	0	-1	17	44	-1
c16451	0	12	-1	0	33	0	0	0	0	44	-1	-1	-1	36	0	39	40	4	44	36	0	-1	0	38	0	-1	0	0	0	-1
c16498	0	-1	0	0	44	33	-1	0	-1	0	0	30	36	0	0	0	0	0	35	0	0	0	4	4	17	-1	-1	-1	0	-1
c16501	0	12	0	0	0	0	0	17	0	-1	0	30	0	0	0	9	48	-1	-1	16	0	44	0	0	0	48	25	-1	25	-1
c16526	0	12	-1	0	0	0	0	-1	0	12	0	30	0	6	16	-1	-1	0	48	-1	0	0	0	0	0	-1	-1	12	0	-1
c16532	27	12	-1	21	-1	0	0	0	-1	0	0	30	0	12	0	26	0	-1	-1	12	-1	48	-1	-1	-1	0	-1	50	44	-1
c16567	1	-1	0	0	36	0	0	0	0	0	0	-1	0	6	16	0	48	0	22	0	0	-1	-1	0	0	-1	-1	23	0	-1
c16598	-1	12	0	2	4	0	25	-1	-1	0	-1	30	-1	32	0	0	26	15	-1	0	35	34	-1	12	0	0	0	0	0	-1
c16621	0	12	47	44	0	33	-1	0	0	0	0	30	0	6	16	-1	5	4	12	-1	0	0	0	0	0	0	0	-1	0	-1
c16622	0	12	6	0	-1	0	0	17	12	0	-1	30	0	10	0	0	-1	0	-1	0	-1	44	0	0	10	48	-1	0	25	-1
c16623	0	-1	6	-1	0	0	0	17	12	-1	0	30	0	10	-1	-1	48	0	0	0	0	44	-1	0	10	48	-1	-1	-1	-1
c16654	-1	-1	0	0	0	10	0	0	0	-1	7	30	-1	43	-1	10	0	-1	39	-1	0	0	20	13	44	-1	-1	-1	9	-1
c16677	50	12	48	36	0	0	0	0	-1	-1	0	-1	-1	-1	0	-1	33	0	0	0	0	41	12	22	-1	-1	0	0	0	-1
c16680	0	12	0	-1	0	39	21	0	0	-1	-1	30	0	-1	39	0	32	0	0	0	32	0	-1	-1	0	0	-1	-1	0	-1
c16683	0	12	0	0	4	-1	0	-1	16	0	8	-1	0	0	0	0	0	0	0	26	0	-1	0	1	48	-1	0	-1	-1	-1
c16721	0	-1	0	-1	4	-1	0	0	-1	-1	0	30	-1	-1	-1	0	26	0	44	0	35	0	-1	0	0	0	0	0	0	-1
c16722	44	12	0	0	-1	0	44	0	-1	0	0	30	0	32	17	0	26	15	44	0	35	-1	-1	-1	0	-1	0	0	-1	-1
c16730	0	-1	-1	-1	0	0	32	0	0	0	0	30	0	-1	12	-1	0	0	-1	-1	0	0	-1	-1	-1	0	-1	12	0	-1
c16740	0	12	0	0	0	2	-1	17	0	0	12	30	-1	0	0	0	48	0	0	16	44	44	0	0	-1	48	25	-1	25	-1
c16777	0	12	-1	0	0	0	44	0	-1	0	0	30	0	0	0	0	-1	0	32	-1	0	-1	0	-1	0	48	0	17	0	-1
c16778	0	-1	-1	-1	-1	0	-1	-1	-1	0	0	30	0	0	-1	0	48	-1	-1	10	0	44	0	-1	0	48	-1	0	25	-1
c16799	0	12	0	36	-1	0	0	10	0	20	0	-1	0	-1	0	1	0	36	0	0	-1	-1	12	21	0	0	8	0	0	-1
c16820	0	12	-1	0	4	0	0	0	-1	0	0	30	0	32	0	0	-1	0	44	0	35	0	-1	0	0	0	41	0	-1	-1
c16830	0	12	36	-1	0	0	-1	0	26	0	12	30	-1	32	-1	0	0	35	0	-1	0	-1	-1	-1	0	21	-1	0	0	-1
c16845	29	12	-1	21	-1	48	0	0	-1	0	0	30	12	0	-1	-1	0	20	-1	-1	-1	0	0	-1	0	-1	-1	0	44	-1
c16860	0	-1	12	-1	-1	48	0	0	44	-1	-1	30	0	25	38	0	21	-1	0	-1	0	0	0	-1	-1	2	0	33	0	-1
c16892	-1	12	0	0	0	48	0	17	-1	44	0	30	0	0	0	0	-1	-1	-1	0	0	44	-1	22	0	48	0	0	25	-1
c16893	0	12	0	0	0	48	0	17	-1	44	0	30	0	0	0	0	48	-1	8	0	0	44	0	22	0	-1	-1	0	25	-1
c16908	0	-1	-1	0	-1	0	-1	48	-1	0	0	30	-1	-1	0	0	0	0	0	-1	-1	-1	-1	0	-1	0	-1	20	44	-1
c16929	0	12	0	0	0	0	0	-1	0	26	-1	-1	-1	6	16	-1	0	4	0	-1	0	0	-1	-1	0	0	0	0	10	-1
c16931	0	12	-1	0	4	0	0	0	-1	0	-1	30	0	-1	32	-1	26	-1	44	0	35	0	-1	0	0	0	0	8	0	-1
c16952	26	12	0	36	0	0	0	0	0	39	-1	-1	0	-1	0	1	0	-1	0	0	0	-1	12	0	0	0	0	-1	0	-1
c16991	0	-1	0	36	-1	0	-1	0	0	23	25	32	47	-1	0	0	-1	0	-1	0	0	-1	35	37	0	-1	33	0	21	-1
c16996	0	-1	0	0	0	0	0	17	0	0	0	30	6	-1	0	0	-1	-1	0	0	0	44	0	21	9	48	0	-1	25	-1
c16998	6	12	2	0	0	39	0	0	0	0	48	-1	-1	5	12	0	-1	-1	0	-1	0	-1	-1	0	0	48	32	0	0	-1
c17011	0	12	2	0	0	-1	-1	0	0	-1	0	30	-1	17	-1	39	-1	-1	32	48	8	39	0	0	0	48	-1	1	-1	-1
c17024	0	12	-1	-1	4	0	0	0	-1	0	-1	30	0	32	6	-1	26	15	44	0	-1	0	-1	12	0	0	0	0	0	-1
c17030	0	12	2	0	16	-1	0	33	0	-1	0	30	48	0	-1	-1	0	0	39	0	-1	-1	0	-1	-1	48	-1	-1	0	-1
c17037	0	12	2	0	0	0	32	-1	0	0	0	30	0	0	0	-1	0	0	-1	-1	0	-1	-1	0	0	48	0	0	-1	-1
c17043	0	12	12	12	0	-1	0	44	-1	0	0	30	25	10	-1	0	0	0	-1	0	0	0	0	0	-1	0	-1	0	44	-1
c17064	0	12	2	0	0	39	-1	0	21	26	48	30	9	0	0	0	-1	0	0	0	0	-1	0	0	0	-1	-1	0	-1	-1
c17107	0	-1	36	-1	0	0	18	0	0	0	0	30	0	32	0	0	-1	0	0	0	0	0	-1	-1	-1	0	0	0	0	-1
c17192	0	12	2	-1	0	0	44	0	0	0	0	30	0	0	0	0	22	0	-1	0	0	-1	0	-1	0	48	0	0	17	-1
c17225	0	12	-1	-1	0	-1	0	0	35	-1	-1	30	16	32	0	-1	0	0	45	0	0	0	-1	-1	-1	0	-1	0	0	-1
c17246	44	12	12	-1	-1	8	0	-1	-1	0	0	30	0	32	-1	0	26	-1	44	0	35	0	-1	12	0	0	0	0	0	-1
c17247	44	-1	12	-1	4	8	0	-1	-1	0	0	30	0	32	-1	0	26	15	44	0	35	-1	-1	-1	0	0	0	0	0	-1
c17253	17	12	-1	0	0	0	-1	-1	0	0	0	-1	0	33	-1	0	0	-1	0	43	0	-1	-1	-1	0	-1	0	0	0	-1
c17260	12	12	0	-1	0	0	32	0	0	-1	0	30	0	32	12	0	-1	0	-1	0	-1	0	-1	-1	-1	0	0	-1	0	-1
c17261	12	12	0	-1	-1	0	32	0	0	0	0	30	0	-1	12	0	0	0	0	0	0	0	-1	-1	0	0	0	12	-1	-1
c17289	48	-1	-1	-1	0	0	0	0	0	0	0	30	0	-1	0	0	0	0	0	35	-1	12	-1	-1	0	0	-1	0	0	-1
c17308	0	-1	22	-1	10	-1	-1	0	-1	0	0	30	0	0	0	0	0	0	0	0	0	0	-1	-1	0	33	-1	-1	-1	-1
c17309	0	12	22	-1	-1	0	0	0	-1	0	0	-1	0	0	0	0	0	0	0	-1	0	-1	-1	0	0	33	-1	17	44	-1
c17329	-1	12	44	0	-1	0	0	17	-1	0	-1	-1	0	0	17	-1	48	25	0	-1	17	44	0	-1	-1	48	-1	0	-1	-1
c17336	0	12	-1	-1	0	0	-1	0	0	0	0	30	0	-1	0	34	0	-1	49	-1	0	0	-1	-1	-1	0	13	0	43	-1
c17342	-1	12	-1	0	4	0	-1	0	-1	12	0	30	0	32	0	0	26	15	44	12	35	0	-1	12	0	0	44	0	-1	-1
c17343	0	12	0	0	-1	0	0	0	-1	12	-1	30	-1	32	-1	0	-1	15	44	12	35	-1	-1	12	0	0	44	0	44	-1
c17345	0	12	49	0	0	-1	0	17	-1	32	46	30	0	-1	0	0	48	0	-1	0	0	44	0	50	0	48	-1	0	25	-1
c17346	0	-1	2	0	0	-1	0	0	0	0	0	30	0	0	35	0	-1	4	44	36	-1	-1	-1	0	0	-1	8	0	0	-1
c17347	0	-1	2	0	0	49	-1	0	0	0	0	30	24	0	35	0	-1	-1	44	36	0	-1	17	0	-1	48	-1	0	0	-1
c17378	0	12	0	-1	0	0	44	0	39	0	0	30	39	32	-1	0	-1	17	0	0	12	0	-1	-1	8	0	-1	-1	0	-1
c17385	0	12	0	-1	44	33	0	0	0	0	0	30	0	0	0	-1	0	0	0	0	0	0	4	0	17	0	-1	0	-1	-1
c17402	0	-1	0	25	0	33	38	0	0	49	0	30	-1	1	0	0	0	-1	0	-1	0	0	35	0	0	0	-1	0	0	-1
c17408	0	12	48	36	0	0	0	0	27	0	27	-1	-1	-1	0	0	-1	0	0	0	-1	25	12	22	0	17	0	-1	0	-1
c17417	0	12	0	0	4	0	0	0	-1	0	35	30	0	32	0	-1	-1	15	44	0	-1	0	-1	12	0	0	0	0	0	-1
c17418	0	12	-1	0	4	-1	0	0	-1	25	0	30	0	32	5	0	26	-1	44	-1	35	-1	-1	12	-1	0	0	0	0	-1
c17448	14	12	0	-1	0	0	0	0	39	0	-1	30	39	-1	0	0	22	17	2	0	0	-1	-1	-1	2	48	0	0	0	-1
c17449	14	12	0	-1	-1	0	0	0	39	0	0	30	39	32	0	0	0	17	2	0	22	0	-1	-1	-1	48	0	-1	0	-1
c17469	0	12	2	0	-1	0	-1	-1	0	39	-1	30	-1	0	-1	0	0	-1	0	0	0	10	49	3	27	48	-1	48	35	-1
c17493	0	12	0	-1	-1	0	0	-1	42	0	-1	30	0	6	16	-1	0	4	0	0	0	0	-1	-1	0	0	-1	0	0	-1
c17497	0	12	48	36	0	0	0	0	0	-1	-1	0	-1	-1	0	17	0	0	8	0	0	0	12	22	0	17	0	-1	0	-1
c17498	0	12	2	-1	-1	0	0	0	26	0	0	-1	-1	0	-1	0	0	0	0	0	0	0	0	0	0	48	0	1	35	-1
c17521	0	12	-1	21	0	0	0	-1	-1	0	0	30	39	0	0	0	0	-1	-1	12	-1	0	0	-1	10	8	-1	0	44	-1
c17537	0	-1	-1	-1	12	-1	0	0	-1	0	-1	30	0	-1	0	26	-1	8	0	12	-1	0	-1	-1	0	0	-1	50	44	-1
c17543	0	-1	0	0	0	0	0	0	-1	35	-1	30	6	-1	-1	27	26	12	0	0	0	-1	-1	0	-1	0	0	-1	0	-1
c17565	49	12	2	48	0	0	0	0	26	0	0	30	-1	0	0	0	0	-1	12	0	-1	-1	-1	0	0	48	0	1	35	-1
c17568	-1	-1	2	0	-1	0	35	0	0	44	-1	-1	0	-1	0	0	-1	4	-1	-1	0	-1	0	38	0	48	0	0	0	-1
c17604	0	12	48	0	4	-1	0	0	-1	0	0	-1	8	32	-1	0	26	0	44	-1	35	48	-1	0	0	-1	-1	0	0	-1
c17619	0	12	4	36	0	26	8	0	0	0	0	0	35	17	0	-1	2	0	4	0	-1	0	0	-1	0	0	24	0	21	-1
c17629	0	12	0	0	0	0	0	17	21	22	0	30	0	0	-1	0	-1	0	0	-1	0	44	0	-1	48	-1	0	0	25	-1
c17642	-1	12	12	-1	-1	-1	0	17	0	0	0	30	0	0	0	0	48	0	-1	16	0	-1	0	-1	-1	48	-1	-1	25	-1
c17643	0	12	12	-1	0	0	0	-1	0	0	0	30	0	2	0	-1	48	0	-1	16	0	44	0	-1	-1	48	25	-1	25	-1
c17655	0	12	2	-1	0	0	0	0	33	42	-1	30	-1	0	-1	0	0	38	0	-1	0	8	0	0	-1	48	0	0	35	-1
c17674	0	-1	36	-1	0	0	18	0	0	0	48	30	0	32	0	0	1	0	0	15	0	0	-1	-1	0	0	-1	-1	0	-1
c17676	-1	12	0	-1	0	0	0	22	0	0	0	30	25	32	12	21	-1	41	0	0	0	-1	-1	-1	0	0	0	12	-1	-1
c17696	-1	12	0	0	0	0	0	17	0	-1	0	-1	0	0	0	0	48	-1	15	-1	0	44	-1	0	-1	48	0	15	-1	-1
c17706	39	12	18	36	0	0	0	0	-1	0	-1	8	16	-1	0	-1	0	0	-1	0	0	0	-1	8	0	0	0	0	0	-1
c17709	0	12	-1	0	4	0	0	-1	-1	12	0	30	-1	32	-1	0	26	15	44	0	35	38	-1	12	0	0	0	0	0	-1
c17721	0	-1	0	0	0	0	-1	0	0	0	1	-1	0	6	16	-1	0	4	12	0	0	0	0	0	4	40	0	0	8	-1
c17748	6	-1	2	0	0	39	0	0	0	0	48	30	9	5	2	0	0	0	0	-1	0	-1	-1	0	0	48	32	0	0	-1
c17775	-1	12	0	0	0	-1	10	0	0	0	0	-1	17	32	8	0	-1	0	0	0	0	0	-1	0	-1	0	-1	1	0	-1
c17783	0	12	0	0	4	0	0	0	-1	0	35	30	-1	-1	0	0	26	15	44	-1	35	16	-1	12	0	0	0	5	0	-1
c17787	0	12	36	0	0	-1	0	-1	-1	-1	0	30	0	0	0	23	-1	0	0	0	0	44	0	21	8	48	0	0	25	-1
c17798	0	12	0	36	0	0	0	8	-1	23	25	0	0	-1	-1	0	-1	-1	0	0	-1	-1	35	0	8	40	-1	0	0	-1
c17800	0	12	2	0	4	20	0	0	26	39	-1	30	-1	0	0	32	0	-1	0	0	4	-1	0	0	0	48	0	1	35	-1
c17806	0	-1	0	0	-1	0	0	38	0	0	0	30	-1	0	-1	45	0	32	0	0	-1	0	0	-1	0	0	33	0	0	-1
c17829	0	12	48	-1	8	10	0	-1	-1	-1	-1	-1	-1	0	-1	10	0	-1	39	0	0	0	0	0	0	39	-1	8	0	-1
c17852	0	12	-1	-1	21	-1	0	-1	0	0	0	8	0	-1	0	-1	0	0	-1	36	0	12	12	0	0	-1	35	-1	0	-1
c17862	0	12	-1	17	-1	-1	0	0	0	42	0	-1	-1	0	0	0	26	0	32	-1	0	8	0	0	-1	-1	0	24	-1	-1
c17868	0	12	0	0	0	0	-1	35	0	0	-1	30	-1	-1	0	0	0	0	0	0	0	0	-1	0	0	-1	0	1	0	-1
c17869	0	-1	0	0	0	0	-1	-1	0	-1	0	-1	0	32	0	0	0	0	0	0	0	-1	-1	-1	0	-1	0	1	-1	-1
c17901	0	12	-1	-1	0	5	0	17	0	0	0	30	0	0	0	12	-1	-1	39	0	-1	44	0	0	0	48	25	-1	25	-1
c17924	0	12	0	8	0	0	0	0	0	0	0	30	35	6	16	0	0	0	0	0	0	0	0	-1	12	0	0	0	0	-1
c17937	-1	12	0	-1	0	0	26	0	-1	0	0	30	22	32	-1	0	0	-1	-1	38	0	-1	-1	0	0	0	-1	1	0	-1
c17964	0	12	2	0	33	0	0	0	-1	44	-1	30	0	17	0	0	-1	4	44	36	-1	-1	0	38	0	48	0	-1	0	-1
c17973	0	12	0	0	4	19	0	0	-1	-1	0	30	0	32	0	0	-1	0	44	0	35	0	-1	0	0	0	0	0	0	-1
c17986	0	-1	2	0	0	0	0	0	0	0	-1	-1	-1	0	0	39	-1	0	0	0	8	39	-1	0	0	48	-1	-1	35	-1
c18008	0	12	22	-1	0	0	0	-1	-1	0	0	30	0	-1	14	0	0	-1	0	0	-1	0	12	-1	-1	0	-1	20	44	-1
c18014	-1	12	0	-1	10	0	0	-1	-1	0	0	30	16	32	0	0	0	0	45	0	0	0	-1	-1	0	0	0	0	0	-1
c18022	0	12	0	-1	4	0	0	0	-1	0	0	-1	-1	-1	0	0	26	0	44	0	35	0	-1	0	21	-1	41	0	12	-1
c18037	49	12	-1	8	0	0	0	0	0	0	0	30	0	-1	0	0	8	-1	-1	21	0	-1	4	-1	17	0	-1	0	0	-1
c18039	0	12	2	0	0	0	-1	0	-1	0	4	30	-1	-1	0	-1	0	0	0	0	0	-1	-1	12	25	-1	0	-1	35	-1
c18066	0	12	2	-1	0	0	32	10	-1	0	-1	30	-1	0	-1	0	-1	0	0	0	0	0	-1	0	0	48	0	1	35	-1
c18085	-1	12	0	-1	0	-1	0	-1	0	0	0	30	21	0	-1	0	0	0	0	21	0	12	4	0	17	-1	-1	-1	0	-1
c18090	8	12	0	-1	4	0	0	0	-1	0	0	-1	0	32	0	0	-1	0	44	0	35	0	-1	0	0	-1	0	0	-1	-1
c18099	44	-1	-1	0	4	0	-1	0	-1	0	0	30	-1	32	0	0	26	15	44	0	35	0	-1	-1	0	0	0	-1	-1	-1
c18115	0	12	0	-1	0	0	0	0	5	0	-1	30	0	32	12	0	0	0	0	-1	0	0	-1	-1	0	4	0	12	-1	-1
c18116	0	-1	-1	0	0	0	0	48	0	0	-1	30	-1	0	-1	39	-1	0	0	0	8	39	-1	0	0	48	-1	1	35	-1
c18120	25	-1	2	0	-1	0	0	0	-1	-1	0	30	-1	0	0	-1	-1	0	0	0	-1	6	0	-1	0	48	0	-1	35	-1
c18127	29	12	-1	-1	-1	48	-1	0	-1	0	-1	30	0	0	26	0	-1	20	-1	12	-1	0	0	-1	0	0	-1	0	44	-1
c18137	48	12	-1	0	-1	0	-1	17	0	-1	0	30	0	0	0	0	48	-1	-1	39	0	44	0	-1	17	-1	-1	-1	25	-1
c18161	0	12	0	-1	0	-1	0	0	12	-1	0	8	0	-1	12	0	0	0	-1	0	0	0	12	0	0	0	35	-1	0	-1
c18168	-1	-1	0	12	22	0	0	0	0	0	0	30	0	32	0	12	-1	0	-1	35	-1	50	-1	0	0	0	0	1	0	-1
c18181	0	12	2	0	0	0	0	0	0	0	-1	-1	0	-1	0	0	0	0	0	36	0	-1	-1	0	26	48	44	0	0	-1
c18198	0	12	48	36	0	0	0	0	0	-1	27	-1	0	-1	0	0	0	0	0	0	-1	10	12	22	0	-1	-1	0	0	-1
c18218	0	12	0	-1	4	0	12	0	-1	-1	0	30	0	32	0	0	-1	0	44	-1	35	0	-1	0	0	0	0	0	47	-1
c18220	0	12	0	36	0	0	25	0	0	23	25	0	47	-1	0	0	-1	0	-1	0	-1	-1	35	0	4	40	33	0	0	-1
c18229	0	12	0	0	4	0	-1	0	-1	-1	0	30	-1	32	0	-1	26	-1	-1	0	35	0	-1	12	0	-1	0	0	0	-1
c18238	0	12	-1	0	-1	33	33	12	0	0	0	-1	20	0	-1	0	0	0	0	0	0	12	4	0	17	-1	0	0	-1	-1
c18258	0	-1	0	35	0	0	44	-1	0	-1	0	-1	0	0	0	0	-1	33	0	0	-1	-1	0	0	0	0	-1	12	44	-1
c18265	-1	12	0	0	4	0	0	5	-1	0	0	30	0	-1	0	-1	-1	-1	44	0	35	0	-1	0	0	0	0	0	-1	-1
c18270	0	12	0	36	-1	0	0	0	0	0	0	-1	0	-1	0	0	18	0	-1	0	0	0	12	0	0	0	35	-1	-1	-1
c18282	0	12	0	0	0	0	0	0	-1	0	0	-1	0	32	0	0	26	10	0	0	0	-1	-1	0	0	8	33	43	0	-1
c18288	0	12	0	0	0	0	-1	0	0	0	0	30	0	-1	0	0	0	0	0	0	0	39	-1	-1	5	0	0	1	0	-1
c18310	0	12	0	-1	-1	0	-1	-1	-1	23	-1	30	0	32	0	0	26	0	44	-1	35	44	-1	0	0	0	-1	0	-1	-1
c18320	0	12	0	0	0	0	0	0	0	0	-1	-1	0	-1	0	0	44	0	0	0	48	0	-1	-1	0	-1	0	1	-1	-1
c18346	17	12	0	0	22	10	-1	-1	0	0	21	30	0	0	33	0	-1	0	0	0	0	-1	0	5	0	0	12	0	21	-1
c18347	17	12	0	0	22	10	-1	-1	0	0	21	30	0	0	33	0	-1	-1	0	-1	-1	-1	-1	-1	0	0	12	0	21	-1
c18348	0	12	0	36	0	0	0	0	-1	0	4	0	0	-1	-1	0	-1	-1	0	0	-1	16	12	0	0	0	0	0	0	-1
c18349	0	12	-1	-1	0	0	-1	0	-1	0	4	-1	0	0	0	0	-1	0	0	0	-1	16	12	0	0	0	0	0	0	-1
c18360	0	12	0	0	0	-1	0	-1	0	0	-1	30	-1	0	0	0	0	0	0	0	0	-1	-1	-1	0	0	0	0	-1	-1
c18368	0	12	0	-1	-1	0	0	8	-1	23	25	-1	0	-1	0	0	0	-1	0	0	35	-1	35	0	8	40	-1	0	0	-1
c18373	0	-1	0	-1	0	-1	0	0	-1	0	0	-1	39	32	0	0	0	17	-1	0	-1	0	-1	-1	0	-1	0	44	0	-1
c18375	-1	12	0	0	-1	0	0	17	0	0	0	30	0	12	0	0	-1	-1	0	39	0	44	-1	0	0	-1	-1	0	25	-1
c18377	-1	12	0	-1	-1	39	-1	9	0	0	0	30	0	32	26	0	32	0	0	26	32	41	-1	-1	0	0	0	0	-1	-1
c18378	-1	12	-1	36	-1	-1	0	0	0	23	25	0	0	-1	0	0	0	0	0	0	35	-1	35	0	0	40	33	-1	-1	-1
c18383	-1	12	49	25	4	-1	27	17	0	32	0	30	0	0	0	-1	48	0	0	0	-1	44	0	0	0	-1	25	-1	-1	-1
c18385	0	12	-1	20	8	10	0	0	0	0	7	-1	-1	0	-1	10	0	-1	39	-1	39	0	0	0	-1	39	0	-1	-1	-1
c18399	-1	12	0	-1	0	0	-1	0	0	0	0	30	-1	6	16	0	0	-1	0	0	0	0	0	0	12	0	0	0	0	-1
c18403	0	12	0	-1	16	0	0	0	-1	0	0	-1	0	32	12	-1	0	0	0	0	-1	0	-1	-1	0	0	0	-1	0	-1
c18411	-1	12	-1	-1	0	0	-1	0	0	0	0	30	0	32	12	0	0	-1	0	-1	36	0	-1	-1	0	0	0	12	-1	-1
c18436	0	-1	-1	0	0	-1	0	-1	0	0	44	30	-1	0	0	39	-1	10	0	0	8	39	-1	0	0	48	-1	1	35	-1
c18437	0	12	2	-1	0	0	-1	0	0	0	44	30	-1	0	0	39	-1	10	0	0	8	39	0	0	-1	48	-1	1	35	-1
c18449	-1	-1	48	23	-1	10	0	17	45	44	-1	30	-1	12	-1	23	48	0	-1	0	13	44	32	0	0	48	-1	18	-1	-1
c18468	0	12	2	0	33	-1	0	0	0	35	0	30	44	18	0	8	0	4	44	36	0	-1	-1	38	0	48	9	0	-1	-1
c18477	44	12	0	-1	4	0	44	48	-1	0	7	30	0	32	0	0	26	15	-1	0	35	0	-1	-1	0	-1	0	0	0	-1
c18484	-1	12	0	36	-1	0	0	48	0	23	25	0	0	-1	0	-1	32	0	-1	0	0	-1	-1	0	-1	40	33	-1	22	-1
c18495	0	12	0	0	0	0	0	0	48	0	0	30	35	6	16	0	0	0	0	0	0	0	0	0	0	0	0	0	-1	-1
c18497	0	12	0	0	0	48	0	17	0	44	0	30	0	4	0	0	48	8	-1	0	0	44	0	22	0	48	0	0	25	-1
c18498	0	12	0	0	0	-1	0	17	-1	0	0	-1	0	0	0	45	48	-1	-1	0	0	-1	0	0	-1	48	0	43	25	-1
c18504	48	12	2	49	32	0	0	-1	0	0	0	-1	-1	0	-1	0	38	0	0	0	45	0	0	3	27	48	0	0	35	-1
c18516	39	12	-1	36	-1	-1	35	0	44	-1	0	-1	-1	-1	0	0	0	0	0	-1	44	-1	-1	22	0	-1	0	0	22	-1
c18529	0	12	0	-1	0	38	0	0	33	0	0	30	-1	32	0	-1	0	0	0	0	-1	-1	-1	-1	26	-1	-1	0	-1	-1
c18531	0	12	0	0	0	0	0	-1	-1	0	-1	30	0	32	0	0	26	10	0	0	39	0	-1	0	0	8	33	-1	0	-1
c18544	0	12	0	0	0	-1	0	17	0	0	-1	30	5	0	0	0	48	0	0	0	-1	44	0	-1	9	48	0	15	25	-1
c18546	0	12	0	0	4	-1	0	-1	-1	9	0	30	0	32	-1	-1	26	15	44	-1	35	0	-1	-1	0	0	-1	0	0	-1
c18547	0	-1	-1	-1	4	0	0	0	-1	9	0	30	0	32	0	0	26	15	44	0	35	0	-1	12	0	-1	0	0	0	-1
c18555	-1	-1	2	0	0	0	0	0	0	17	0	-1	-1	0	0	0	17	-1	0	0	8	6	-1	-1	39	48	0	1	35	-1
c18575	0	12	2	0	0	0	44	0	-1	0	0	30	0	0	0	0	0	0	-1	0	-1	0	-1	-1	0	-1	-1	0	-1	-1
c18581	-1	12	-1	0	23	-1	0	17	0	0	0	30	0	5	36	0	48	0	-1	0	0	-1	-1	0	0	48	25	0	25	-1
c18583	0	12	4	15	4	-1	0	-1	0	0	0	30	0	0	0	0	0	0	0	0	0	-1	0	0	0	0	0	35	-1	-1
c18598	0	-1	0	36	0	0	0	-1	-1	0	0	8	0	-1	-1	1	35	-1	0	48	0	0	12	-1	0	0	0	-1	-1	-1
c18609	0	12	0	0	4	0	-1	-1	-1	0	-1	30	0	32	5	17	26	15	44	0	35	0	-1	-1	0	0	0	0	0	-1
c18633	0	12	2	0	33	-1	0	0	0	35	0	-1	44	18	0	8	0	4	44	36	0	-1	-1	38	0	48	0	-1	0	-1
c18634	23	12	21	-1	48	0	4	0	3	0	0	30	0	-1	23	-1	0	0	0	0	0	-1	-1	-1	0	0	10	0	0	-1
c18662	26	12	0	-1	0	0	0	-1	5	0	-1	-1	0	32	12	-1	10	0	-1	0	0	0	-1	-1	0	4	1	12	0	-1
c18677	0	-1	0	36	48	26	-1	17	-1	0	10	0	0	-1	0	0	0	0	48	0	0	40	-1	0	0	0	0	8	0	-1
c18700	-1	-1	1	-1	0	-1	-1	21	-1	0	0	30	0	-1	-1	0	26	10	16	0	0	-1	-1	0	-1	0	0	43	0	-1
c18702	-1	12	0	0	44	33	0	0	0	0	23	30	0	0	0	-1	-1	26	0	48	0	0	4	32	17	0	-1	8	0	-1
c18718	0	12	0	44	10	0	0	0	0	0	26	30	0	6	-1	-1	10	-1	-1	8	0	0	0	10	10	0	0	0	-1	-1
c18754	44	12	0	0	4	0	44	0	-1	-1	-1	30	0	32	0	0	26	-1	44	0	35	0	-1	12	0	0	0	30	0	-1
c18756	-1	12	0	-1	0	0	-1	0	-1	0	-1	30	0	32	0	0	32	0	0	33	32	0	-1	-1	0	0	0	0	8	-1
c18757	0	12	0	-1	0	0	-1	0	-1	0	0	30	0	32	0	0	32	-1	0	-1	32	0	-1	-1	-1	0	-1	0	8	-1
c18772	0	-1	2	0	15	0	44	0	0	26	0	30	-1	2	0	0	0	0	0	0	8	0	0	-1	22	48	0	0	32	-1
c18778	0	12	-1	-1	0	0	39	0	0	-1	0	-1	0	32	49	-1	32	0	0	0	32	-1	-1	-1	-1	0	44	0	0	-1
c18786	0	12	-1	0	33	-1	0	0	0	0	0	30	-1	-1	0	0	0	4	-1	36	0	-1	0	38	0	48	0	0	44	-1
c18794	-1	-1	2	-1	-1	-1	0	-1	1	33	-1	30	14	0	0	36	0	0	0	-1	-1	-1	0	39	-1	48	0	-1	-1	-1
c18808	0	12	1	0	-1	44	0	33	-1	0	-1	30	0	32	-1	-1	26	0	-1	0	0	33	-1	-1	44	17	0	0	-1	-1
c18825	0	-1	33	45	48	0	-1	0	0	-1	48	-1	0	0	-1	24	0	0	0	0	0	-1	10	-1	1	21	-1	20	9	-1
c18834	0	12	26	-1	35	35	18	0	0	0	-1	30	0	32	0	0	0	-1	-1	0	0	0	-1	-1	0	0	0	33	0	-1
c18846	0	12	0	-1	0	0	0	0	49	0	-1	30	10	-1	-1	0	0	-1	0	0	0	-1	-1	-1	-1	0	0	0	0	-1
c18847	-1	-1	0	-1	0	0	0	0	49	-1	-1	30	0	32	0	0	0	0	0	0	0	12	-1	-1	-1	0	0	-1	0	-1
c18866	0	12	27	0	4	10	0	-1	0	0	0	-1	-1	0	-1	4	0	0	0	0	-1	-1	0	0	0	-1	-1	0	-1	-1
c18868	-1	12	0	-1	-1	33	0	0	0	0	40	-1	0	44	-1	0	0	45	0	0	0	39	4	0	-1	0	0	0	0	-1
c18887	0	12	12	-1	-1	-1	0	0	0	-1	0	30	0	-1	26	-1	0	-1	0	0	-1	0	26	-1	-1	43	0	36	-1	-1
c18896	0	12	0	-1	0	0	-1	0	-1	0	0	30	0	32	0	0	0	0	0	0	32	0	-1	-1	0	41	-1	0	-1	-1
c18904	0	12	0	-1	18	6	10	0	-1	-1	0	-1	0	39	0	0	0	0	-1	-1	0	-1	0	0	0	0	-1	0	44	-1
c18922	-1	12	0	-1	10	-1	-1	0	0	0	-1	30	-1	0	-1	10	-1	-1	39	48	21	0	-1	17	33	-1	-1	8	-1	-1
c18932	-1	12	2	0	0	0	0	0	0	0	35	30	0	0	0	-1	0	0	0	36	-1	-1	0	-1	-1	48	0	0	0	-1
c18940	0	-1	0	0	4	0	10	0	-1	-1	0	30	0	32	0	0	26	-1	44	0	35	0	-1	-1	0	0	0	0	16	-1
c18964	0	12	-1	0	9	0	-1	-1	0	26	0	30	0	0	0	-1	0	20	-1	0	12	0	0	-1	0	48	-1	12	0	-1
c18999	0	12	0	0	0	-1	0	0	48	0	0	-1	35	6	16	0	0	0	0	36	0	0	-1	0	0	0	0	0	0	-1
c19010	0	12	0	0	-1	0	-1	17	-1	0	0	-1	-1	0	0	0	48	0	0	16	-1	44	-1	0	-1	48	25	-1	25	-1
c19015	0	12	2	0	0	-1	44	17	-1	0	8	30	0	-1	0	0	22	0	4	0	0	-1	0	-1	-1	48	0	0	17	-1
c19045	0	12	0	44	4	18	13	0	0	-1	0	30	0	6	16	-1	5	4	12	0	0	0	44	0	0	0	0	0	0	-1
c19049	0	12	2	0	33	0	0	0	-1	35	0	30	-1	18	-1	8	0	4	44	36	0	-1	-1	38	0	-1	0	0	-1	-1
c19050	0	-1	0	36	0	0	0	0	-1	0	0	0	0	0	4	0	-1	0	4	0	32	0	0	0	5	0	24	0	0	-1
c19061	26	12	-1	-1	0	0	0	0	5	0	0	-1	-1	32	12	0	10	0	0	0	0	0	-1	-1	0	4	0	12	0	-1
c19078	0	12	0	-1	-1	0	-1	-1	0	21	-1	0	26	0	-1	0	1	0	4	0	-1	50	-1	0	0	0	24	0	0	-1
c19079	0	12	0	36	1	0	-1	0	0	21	0	0	26	0	4	0	-1	10	4	0	-1	50	0	-1	0	0	24	0	0	-1
c19082	17	12	0	9	22	0	-1	-1	-1	0	-1	30	0	-1	-1	0	41	-1	0	0	0	-1	0	5	0	0	-1	15	0	-1
c19090	0	12	-1	0	-1	0	0	0	0	0	48	-1	-1	0	-1	39	-1	0	0	0	8	39	23	0	0	48	-1	1	35	-1
c19115	0	12	12	-1	0	48	33	0	0	0	10	30	0	-1	0	0	-1	0	0	0	0	-1	-1	0	0	22	-1	-1	0	-1
c19123	0	12	0	0	4	-1	-1	0	-1	0	0	30	0	32	-1	0	26	15	44	0	35	0	-1	12	0	0	0	0	0	-1
c19141	49	12	0	0	4	0	12	0	-1	0	-1	30	0	32	0	0	26	0	44	-1	35	0	-1	0	0	0	12	0	-1	-1
c19160	0	12	0	0	0	0	0	0	0	0	0	30	35	-1	16	0	25	0	0	0	0	0	-1	0	0	10	0	0	0	-1
c19174	0	12	-1	-1	0	0	0	0	0	0	0	30	0	32	-1	0	0	43	27	-1	0	0	-1	-1	-1	0	0	12	-1	-1
c19175	0	12	0	-1	0	0	-1	0	0	0	-1	30	0	32	12	0	0	43	0	0	-1	-1	-1	-1	0	0	33	12	12	-1
c19179	0	12	2	0	-1	0	-1	-1	0	0	0	30	0	-1	0	44	-1	4	44	36	-1	-1	0	-1	-1	-1	11	0	0	-1
c19190	0	12	33	36	0	0	0	0	0	8	0	-1	0	0	-1	0	0	-1	4	0	32	0	17	-1	0	0	0	0	-1	-1
c19194	0	-1	0	0	4	48	0	-1	-1	33	0	30	0	32	0	0	26	0	44	-1	35	0	-1	-1	0	0	41	-1	12	-1
c19206	0	12	6	-1	0	-1	0	17	21	0	0	30	-1	0	-1	0	48	0	-1	-1	0	44	0	-1	0	48	25	0	-1	-1
c19211	0	-1	0	0	-1	0	0	0	-1	-1	12	30	-1	32	0	0	26	0	44	0	35	0	-1	0	0	-1	-1	-1	0	-1
c19217	0	12	0	0	0	0	47	-1	16	0	0	30	-1	0	-1	17	0	0	0	21	0	-1	-1	32	20	49	33	-1	-1	-1
c19220	-1	-1	0	0	4	0	0	0	-1	0	0	30	27	32	0	0	26	15	-1	-1	35	0	-1	-1	0	0	0	0	35	-1
c19225	0	12	0	10	4	0	0	0	-1	0	4	30	0	32	0	-1	-1	0	-1	-1	35	0	-1	0	0	-1	-1	0	-1	-1
c19242	0	12	2	20	0	0	6	0	0	0	0	30	-1	0	0	0	0	0	0	0	-1	0	0	0	0	48	0	1	-1	-1
c19254	0	12	0	-1	0	-1	33	0	0	0	0	-1	0	-1	0	12	0	-1	-1	-1	0	-1	-1	-1	0	0	0	-1	0	-1
c19256	-1	12	0	0	0	0	0	-1	0	36	0	30	0	0	0	0	48	0	15	0	0	44	0	0	9	48	27	15	-1	-1
c19257	17	12	0	-1	-1	0	0	17	0	36	0	30	0	-1	0	0	48	0	15	0	0	-1	-1	0	9	48	27	-1	25	-1
c19267	0	12	22	0	-1	0	1	0	-1	0	0	-1	0	35	-1	0	0	0	0	0	8	0	0	0	0	0	-1	0	44	-1
c19279	0	12	2	-1	0	0	0	0	-1	0	0	30	-1	0	0	-1	17	0	0	0	0	6	0	-1	0	48	0	1	35	-1
c19280	0	12	-1	-1	0	0	0	0	0	23	25	0	0	-1	0	0	0	0	0	-1	0	-1	35	0	-1	40	33	0	0	-1
c19282	0	12	22	0	-1	-1	0	48	-1	0	0	30	0	0	0	0	-1	0	0	0	0	0	22	0	-1	0	-1	-1	44	-1
c19283	0	12	22	0	-1	0	-1	-1	-1	0	0	30	0	0	0	0	38	0	0	0	0	0	22	-1	-1	0	-1	0	44	-1
c19303	0	-1	0	0	0	0	0	0	0	0	-1	30	-1	-1	22	0	0	-1	0	0	6	0	-1	0	15	0	0	1	0	-1
c19307	-1	12	2	0	33	0	0	0	0	44	-1	30	0	0	-1	0	0	-1	44	36	0	-1	0	38	0	48	0	23	35	-1
c19312	49	12	-1	8	0	0	0	0	0	5	-1	-1	0	0	0	0	0	0	0	0	26	-1	4	0	17	0	0	0	-1	-1
c19318	0	12	0	-1	44	33	17	-1	2	0	0	30	0	0	0	0	12	-1	-1	0	-1	0	-1	0	17	0	0	39	0	-1
c19332	0	12	-1	36	0	35	5	0	33	8	0	0	12	18	29	0	-1	0	4	0	32	0	17	-1	-1	0	0	-1	0	-1
c19351	17	12	-1	-1	0	0	38	-1	0	0	0	30	0	-1	-1	48	0	0	-1	0	-1	0	-1	-1	25	0	-1	12	0	-1
c19355	0	12	33	0	0	-1	0	-1	0	-1	48	30	0	0	0	0	0	-1	0	17	48	0	10	-1	0	-1	26	0	0	-1
c19362	0	12	2	-1	33	17	0	1	-1	44	-1	30	-1	36	-1	-1	-1	4	44	36	0	-1	0	38	0	-1	0	0	0	-1
c19363	-1	12	2	0	-1	17	-1	0	0	44	-1	30	0	-1	26	0	40	4	44	36	0	-1	0	38	-1	48	0	0	0	-1
c19368	-1	12	2	0	-1	0	9	0	-1	-1	0	30	-1	-1	-1	-1	0	-1	0	0	0	8	-1	0	27	48	27	0	35	-1
c19395	0	12	0	0	0	0	44	0	0	48	-1	-1	-1	0	-1	0	0	33	0	0	-1	-1	-1	0	0	0	-1	12	44	-1
c19398	0	12	-1	0	-1	48	0	17	0	44	0	30	0	0	0	0	48	0	8	-1	8	44	-1	22	0	-1	-1	0	25	-1
c19407	0	12	2	-1	0	0	0	-1	0	0	21	30	-1	0	-1	39	-1	-1	0	0	8	-1	0	0	0	-1	-1	1	35	-1
c19416	0	12	12	4	0	48	0	0	0	0	0	30	-1	-1	12	6	0	12	0	23	0	0	0	0	-1	-1	0	0	-1	-1
c19430	0	12	0	36	0	-1	0	8	-1	23	25	0	0	-1	0	0	0	0	0	0	35	-1	-1	0	-1	40	-1	0	0	-1
c19439	0	12	0	-1	0	0	0	-1	0	-1	-1	30	0	0	0	0	48	0	-1	-1	-1	44	0	18	-1	48	25	-1	25	-1
c19440	48	-1	-1	21	-1	0	0	0	-1	0	11	30	0	0	0	0	-1	0	-1	12	-1	0	44	-1	0	-1	-1	0	44	-1
c19456	0	12	12	0	0	0	0	0	0	-1	0	30	8	-1	0	0	0	0	49	-1	0	0	-1	0	12	0	0	-1	0	-1
c19472	0	12	0	-1	0	0	0	-1	0	-1	0	8	0	-1	0	0	0	0	-1	0	-1	0	12	0	49	0	35	-1	-1	-1
c19477	0	12	2	0	34	0	0	-1	0	0	0	30	-1	0	0	39	-1	0	16	-1	8	39	0	-1	-1	48	-1	1	-1	-1
c19481	0	12	0	8	44	-1	0	35	0	26	0	30	0	26	12	0	-1	0	0	0	0	36	4	0	17	0	8	0	-1	-1
c19482	0	-1	-1	0	-1	-1	0	-1	0	0	0	30	-1	6	16	-1	0	-1	0	0	0	0	0	0	0	0	0	-1	0	-1
c19483	0	12	0	0	0	0	0	0	0	0	0	30	0	-1	16	0	0	0	0	-1	0	0	0	0	-1	0	-1	23	0	-1
c19488	0	12	-1	21	0	0	0	44	-1	0	0	30	0	0	0	-1	0	6	-1	12	48	-1	12	-1	0	-1	-1	0	44	-1
c19495	-1	-1	33	36	0	0	0	-1	0	8	0	0	0	18	29	0	0	0	4	26	32	15	17	0	0	0	0	0	0	-1
c19523	0	12	0	-1	0	-1	-1	0	0	0	0	30	0	-1	-1	0	32	44	-1	0	32	-1	-1	-1	0	0	49	0	-1	-1
c19532	0	-1	0	-1	20	-1	0	0	0	23	-1	0	0	-1	12	0	-1	0	39	-1	0	-1	35	0	22	40	33	33	0	-1
c19534	0	12	33	45	0	0	50	0	-1	15	48	30	0	0	0	24	0	0	-1	-1	0	44	10	0	0	0	0	20	0	-1
c19548	0	-1	0	-1	21	-1	39	-1	-1	-1	-1	30	22	0	0	16	48	0	23	0	0	-1	0	-1	0	48	0	0	25	-1
c19571	0	12	0	0	0	-1	0	0	-1	0	7	30	-1	-1	-1	10	0	-1	39	0	27	0	0	0	0	0	0	8	35	-1
c19582	0	12	-1	12	-1	0	-1	12	38	6	0	-1	0	0	21	36	0	0	25	-1	-1	0	0	-1	0	48	0	-1	0	-1
c19593	0	12	-1	0	-1	45	0	0	-1	35	0	-1	0	39	14	0	-1	0	0	0	0	0	0	0	-1	0	-1	20	44	-1
c19607	0	-1	-1	0	0	25	0	8	0	0	48	30	47	0	0	0	-1	-1	0	0	0	0	10	0	0	0	0	0	-1	-1
c19617	0	12	-1	0	21	0	0	-1	-1	-1	0	30	-1	9	27	39	48	0	-1	0	0	44	-1	32	0	48	0	0	25	-1
c19627	-1	12	49	36	-1	0	0	-1	0	23	-1	0	0	-1	-1	0	0	0	-1	0	0	-1	35	-1	0	40	33	0	44	-1
c19630	-1	12	0	-1	0	0	0	-1	39	0	0	30	39	32	-1	-1	0	17	-1	0	0	-1	-1	-1	0	-1	0	0	0	-1
c19631	-1	12	0	-1	0	0	0	0	39	-1	0	-1	39	32	0	0	0	17	0	0	0	0	-1	-1	0	0	-1	0	-1	-1
c19646	0	12	2	0	0	0	0	0	0	-1	48	30	9	0	0	0	0	0	0	0	0	-1	0	0	25	48	-1	-1	0	-1
c19649	0	12	36	0	0	0	44	17	0	0	-1	30	0	-1	0	0	48	0	0	0	0	44	10	0	9	-1	0	-1	25	-1
c19654	44	12	0	0	-1	0	0	0	-1	5	0	30	0	32	-1	17	26	15	44	0	35	0	-1	12	-1	0	0	-1	0	-1
c19661	16	-1	36	-1	0	0	18	0	0	0	-1	30	0	32	35	0	1	0	0	15	0	0	-1	-1	0	0	0	0	0	-1
c19665	49	-1	-1	-1	0	0	0	0	0	0	0	30	0	-1	0	0	-1	0	39	21	0	0	4	0	17	0	-1	0	-1	-1
c19681	0	12	0	-1	0	0	4	0	-1	48	0	30	0	-1	0	0	23	0	-1	-1	0	27	-1	-1	10	0	0	0	0	-1
c19689	0	12	1	0	-1	-1	-1	0	-1	17	-1	30	35	32	0	0	-1	0	-1	-1	0	0	-1	-1	44	-1	0	0	41	-1
c19704	48	12	2	0	0	0	9	48	-1	-1	-1	30	-1	0	0	37	0	-1	0	0	20	8	-1	39	27	-1	0	0	35	-1
c19707	0	12	12	0	0	48	-1	-1	0	0	48	30	0	0	10	0	0	0	0	0	0	-1	0	35	-1	0	0	0	-1	-1
c19712	9	12	-1	-1	0	0	-1	0	0	42	0	30	-1	0	0	0	12	38	-1	-1	0	8	0	0	27	-1	0	-1	35	-1
c19722	0	12	2	0	-1	21	44	0	0	0	-1	-1	0	0	0	49	-1	0	4	0	0	0	-1	-1	38	48	0	0	17	-1
c19742	0	12	-1	0	-1	0	-1	48	-1	0	0	30	21	-1	0	-1	0	0	0	0	0	17	22	0	-1	0	-1	-1	-1	-1
c19743	0	-1	-1	0	-1	0	-1	48	-1	0	0	-1	21	-1	0	0	0	0	0	0	0	-1	-1	0	-1	-1	-1	0	44	-1
c19754	0	12	33	36	-1	0	44	32	0	8	0	0	21	-1	29	0	-1	0	4	26	32	0	17	0	0	0	0	0	0	-1
c19758	44	12	0	-1	4	0	-1	0	-1	33	17	30	0	32	-1	0	26	15	44	0	35	4	-1	12	0	32	0	0	0	-1
c19759	44	12	0	0	4	0	0	0	-1	33	17	30	0	32	-1	-1	26	15	-1	0	35	4	-1	12	-1	32	0	0	0	-1
c19762	44	-1	0	0	4	0	0	0	-1	17	0	-1	0	32	0	-1	26	15	44	0	35	0	-1	-1	0	-1	0	0	-1	-1
c19765	-1	12	0	0	-1	0	0	17	0	-1	26	-1	0	0	0	-1	48	0	0	0	0	44	0	-1	-1	48	0	0	25	-1
c19775	15	-1	2	0	25	8	44	0	44	0	0	30	0	0	0	0	22	0	4	-1	0	-1	0	-1	-1	48	0	0	17	-1
c19786	0	12	12	-1	0	-1	33	-1	0	0	0	30	0	0	0	0	-1	0	-1	0	0	-1	0	36	0	0	-1	-1	-1	-1
c19789	-1	12	-1	35	0	-1	0	-1	0	15	10	30	0	6	16	-1	0	4	0	-1	0	0	0	0	25	0	0	35	-1	-1
c19791	0	12	-1	-1	26	0	0	0	33	0	0	30	0	32	0	0	0	48	0	-1	32	0	-1	-1	0	-1	0	0	0	-1
c19792	17	-1	0	0	0	0	-1	-1	0	-1	0	-1	0	33	0	0	0	0	-1	0	0	-1	-1	-1	-1	6	0	-1	0	-1
c19800	44	12	0	0	4	0	0	0	-1	0	48	30	0	32	0	-1	26	15	44	0	35	0	-1	12	-1	-1	1	-1	-1	-1
c19802	0	12	-1	0	0	13	0	0	-1	35	48	-1	6	-1	48	27	26	12	0	-1	-1	-1	-1	-1	0	0	0	16	0	-1
c19804	10	-1	0	49	4	0	0	0	-1	0	6	30	0	32	0	-1	26	15	44	0	-1	34	-1	12	0	0	1	48	0	-1
c19805	10	-1	0	49	-1	-1	0	0	-1	0	6	30	0	32	0	0	-1	-1	44	0	35	34	-1	12	0	0	1	48	0	-1
c19809	0	-1	0	0	-1	33	17	0	0	0	-1	-1	-1	21	-1	0	0	-1	-1	0	0	-1	4	0	17	0	0	-1	0	-1
c19812	0	-1	0	-1	21	-1	0	17	-1	0	0	30	0	0	0	25	48	-1	-1	10	-1	44	-1	0	0	48	0	20	25	-1
c19825	29	12	-1	-1	0	48	-1	-1	-1	0	0	30	-1	-1	26	0	4	20	-1	-1	48	0	0	-1	0	-1	-1	0	44	-1
c19827	-1	-1	0	8	0	-1	-1	0	-1	0	0	30	0	0	0	8	0	0	-1	-1	-1	12	4	0	17	41	-1	-1	-1	-1
c19832	0	-1	-1	21	0	0	-1	-1	-1	0	39	30	0	-1	0	0	25	0	0	12	48	0	44	-1	0	0	-1	0	44	-1
c19833	0	-1	-1	21	0	-1	-1	-1	-1	0	39	30	0	16	0	0	25	0	0	12	48	0	44	-1	0	0	-1	0	-1	-1
c19835	0	12	22	0	-1	38	-1	48	-1	0	0	-1	-1	-1	-1	48	0	0	-1	0	-1	-1	-1	0	-1	-1	-1	-1	44	-1
c19836	0	12	2	0	-1	0	-1	3	0	26	0	30	-1	0	-1	0	33	0	0	0	0	-1	0	0	4	48	0	0	0	-1
c19839	0	12	0	36	0	0	0	0	-1	0	0	8	0	-1	0	-1	0	0	-1	0	0	0	12	-1	0	0	35	-1	-1	-1
c19846	0	12	0	-1	0	0	47	-1	16	0	0	30	-1	-1	0	-1	8	-1	-1	0	0	0	0	-1	20	49	33	-1	0	-1
c19851	0	12	0	-1	0	0	0	50	0	0	0	30	-1	32	0	36	0	-1	-1	0	0	36	-1	-1	-1	0	0	0	0	-1
c19853	44	12	0	0	4	33	-1	9	-1	0	0	30	0	-1	0	0	26	-1	44	-1	35	0	-1	-1	0	0	0	0	-1	-1
c19880	-1	12	0	-1	0	0	0	0	0	44	0	30	25	32	12	0	0	0	-1	12	0	-1	-1	-1	0	-1	0	12	-1	-1
c19891	0	-1	2	0	0	0	0	0	0	0	12	30	-1	0	0	39	-1	0	-1	-1	8	39	0	0	0	48	-1	1	35	-1
c19894	0	12	2	0	0	-1	0	0	0	-1	0	30	36	0	-1	0	0	0	39	-1	0	-1	0	0	0	48	0	30	0	-1
c19910	0	12	0	36	0	0	0	-1	-1	0	0	-1	0	-1	0	0	0	-1	-1	0	0	0	12	-1	0	0	8	-1	0	-1
c19912	-1	12	-1	17	-1	0	0	-1	19	42	0	30	-1	0	-1	-1	0	0	0	-1	-1	8	5	-1	27	48	-1	12	35	-1
c19929	49	12	16	-1	0	0	0	13	8	-1	0	30	0	0	-1	-1	0	0	-1	-1	0	-1	-1	-1	17	-1	0	0	-1	-1
c19932	0	12	-1	27	0	0	-1	-1	-1	-1	12	30	0	0	27	33	0	0	-1	0	0	0	21	0	0	48	-1	0	44	-1
c19935	0	12	48	36	0	0	2	0	0	0	0	0	-1	-1	0	0	-1	-1	0	0	38	0	12	-1	-1	17	33	33	27	-1
c19937	0	12	0	-1	12	0	44	45	17	0	-1	30	-1	-1	-1	0	8	0	-1	0	0	0	-1	0	4	0	21	1	0	-1
c19939	17	12	-1	0	0	10	0	35	0	0	7	-1	-1	0	-1	10	-1	-1	39	0	0	-1	20	0	44	0	-1	8	44	-1
c19951	0	12	2	0	0	-1	0	0	0	-1	48	30	9	0	0	-1	0	0	0	0	-1	-1	0	1	-1	48	0	-1	0	-1
c19959	0	12	-1	0	0	0	26	44	0	0	0	30	0	6	16	-1	0	4	0	0	0	-1	0	-1	0	0	0	0	0	-1
c19979	0	12	49	-1	4	0	-1	17	0	32	0	30	0	0	0	0	-1	0	0	0	0	-1	0	35	0	48	25	0	25	-1
c19980	0	12	2	0	0	0	0	0	0	0	0	30	0	0	-1	0	0	4	44	36	0	-1	-1	0	0	48	8	13	0	-1
c19990	0	12	-1	-1	0	0	0	-1	30	0	0	-1	39	32	0	0	1	-1	0	0	0	-1	-1	-1	0	0	0	0	-1	-1
c19995	0	12	12	22	0	48	0	-1	-1	0	0	30	-1	0	21	0	0	0	-1	-1	-1	0	0	0	-1	-1	0	0	0	-1
c19998	0	12	12	-1	0	-1	-1	50	-1	0	48	30	0	0	10	0	0	0	0	0	0	32	-1	0	0	0	48	16	0	-1
c20015	49	12	-1	8	0	0	-1	0	0	-1	0	-1	0	-1	0	0	0	-1	-1	21	0	0	4	21	-1	0	-1	9	0	-1
c20020	0	12	0	0	0	-1	0	17	-1	0	0	30	0	0	0	0	-1	0	-1	0	0	-1	0	-1	0	-1	0	43	25	-1
c20040	0	-1	0	0	4	0	0	-1	33	-1	44	-1	0	0	0	0	0	0	0	0	-1	-1	0	0	0	0	35	10	-1	-1
c20047	-1	-1	8	-1	0	0	0	0	0	48	0	30	-1	0	0	0	0	0	0	0	0	-1	35	0	48	-1	44	12	44	-1
c20048	1	12	2	0	0	0	-1	48	0	0	0	30	10	39	-1	-1	0	-1	-1	-1	0	0	2	0	0	-1	0	0	39	-1
c20059	0	12	0	0	4	0	0	-1	-1	12	-1	30	0	32	0	-1	-1	15	44	-1	35	-1	-1	12	0	0	0	0	0	-1
c20061	-1	12	48	-1	-1	0	2	0	0	0	33	0	-1	-1	-1	0	0	12	0	0	38	0	12	22	0	17	0	0	27	-1
c20067	-1	12	22	-1	10	0	0	0	-1	0	-1	30	-1	0	0	0	0	0	-1	0	0	-1	48	0	0	33	-1	17	44	-1
c20082	29	-1	-1	21	0	48	-1	-1	-1	0	-1	30	0	0	-1	0	0	20	-1	12	-1	0	0	-1	0	0	-1	0	44	-1
c20093	44	12	0	0	4	0	0	0	-1	0	0	30	0	32	-1	0	26	-1	44	26	35	0	-1	-1	0	0	0	0	0	-1
c20095	0	12	0	-1	0	0	0	-1	0	0	-1	30	0	32	0	0	49	0	0	0	0	0	-1	-1	0	0	0	0	0	-1
c20101	0	12	0	-1	-1	0	0	-1	0	-1	0	30	39	-1	2	0	1	0	0	0	0	-1	-1	-1	0	0	0	48	0	-1
c20116	0	12	0	0	4	-1	0	0	-1	33	-1	30	0	32	0	0	26	0	-1	0	35	0	-1	0	0	0	41	0	12	-1
c20118	0	12	-1	0	4	-1	-1	0	-1	0	0	30	0	32	0	14	26	0	44	9	-1	0	-1	39	0	20	0	0	0	-1
c20122	0	12	0	0	-1	0	0	0	-1	-1	35	-1	-1	32	-1	-1	26	15	44	-1	35	24	-1	12	0	-1	-1	0	-1	-1
c20128	0	-1	0	36	0	0	-1	16	0	-1	0	8	0	-1	36	0	-1	0	0	0	0	39	-1	0	10	0	0	-1	13	-1
c20132	-1	-1	0	25	24	0	0	-1	0	49	-1	-1	-1	0	0	41	0	0	0	14	0	-1	-1	12	44	0	-1	-1	0	-1
c20150	0	12	0	0	-1	5	-1	17	36	-1	0	30	0	-1	0	-1	48	0	39	0	0	44	0	0	0	48	25	0	25	-1
c20160	0	12	0	24	0	-1	0	0	0	0	0	30	-1	0	0	25	-1	0	-1	-1	-1	0	0	0	0	0	-1	50	-1	-1
c20172	44	-1	0	-1	4	0	44	0	-1	0	0	30	0	32	-1	-1	26	15	-1	0	35	0	-1	12	0	0	0	0	-1	-1
c20173	-1	12	-1	0	4	-1	-1	0	-1	0	0	30	0	32	0	0	26	15	44	0	35	-1	-1	12	0	0	0	0	-1	-1
c20176	0	12	0	-1	0	0	0	-1	0	12	-1	30	0	-1	16	25	0	0	48	-1	0	0	0	0	0	0	0	10	0	-1
c20179	48	12	0	0	-1	0	0	17	-1	0	0	30	-1	0	0	0	48	-1	0	39	33	44	-1	-1	0	-1	-1	0	-1	-1
c20183	0	12	2	10	0	0	44	0	-1	-1	-1	30	0	-1	0	0	22	0	4	-1	0	0	0	-1	21	48	0	0	-1	-1
c20186	49	12	0	8	-1	0	-1	0	-1	-1	-1	-1	22	-1	0	0	6	0	0	0	26	0	4	-1	17	-1	0	0	0	-1
c20199	0	-1	0	44	4	0	13	0	12	0	0	30	12	-1	16	-1	5	4	12	0	-1	0	0	0	0	0	0	0	0	-1
c20202	0	12	12	0	-1	-1	0	17	0	-1	0	30	0	0	21	36	0	0	0	-1	0	-1	0	0	0	4	0	0	0	-1
c20210	17	12	2	0	0	0	0	0	0	17	0	30	-1	0	0	0	17	0	0	0	-1	6	0	-1	39	-1	-1	1	35	-1
c20215	-1	12	2	0	0	0	0	0	0	-1	0	30	-1	0	0	-1	0	0	0	36	0	-1	0	0	26	-1	0	0	0	-1
c20216	0	12	2	0	0	0	44	0	0	0	0	-1	0	39	0	-1	0	12	-1	0	0	0	2	0	0	48	26	0	0	-1
c20237	9	12	2	17	0	0	-1	0	-1	42	0	30	-1	0	0	0	12	38	0	-1	0	-1	0	0	-1	48	0	0	-1	-1
c20249	0	12	-1	-1	0	0	21	0	0	23	25	-1	33	-1	0	-1	13	0	-1	0	0	-1	35	0	-1	40	-1	0	0	-1
c20254	0	12	12	12	0	0	0	44	-1	0	-1	30	25	10	27	0	0	45	1	0	0	12	0	-1	0	0	-1	0	44	-1
c20255	0	12	12	-1	0	0	0	44	-1	0	-1	30	25	10	27	-1	-1	-1	1	0	0	12	0	-1	0	0	-1	0	44	-1
c20257	0	12	0	0	4	0	0	0	-1	0	35	30	0	32	-1	0	26	15	44	-1	35	24	-1	12	0	0	0	-1	0	-1
c20270	0	12	0	0	0	-1	0	-1	0	0	-1	30	-1	0	0	0	0	0	0	-1	0	-1	0	-1	0	0	-1	0	-1	-1
c20272	0	12	0	-1	4	0	0	0	-1	-1	-1	30	-1	32	-1	0	26	15	44	-1	35	24	-1	12	0	0	0	0	0	-1
c20285	0	-1	0	36	48	0	0	0	0	23	25	0	0	-1	0	0	0	0	-1	0	26	-1	-1	36	0	40	33	0	-1	-1
c20287	0	12	2	0	-1	0	0	0	-1	0	48	30	9	0	0	0	0	0	0	-1	0	-1	0	0	0	-1	0	0	-1	-1
c20295	-1	-1	48	0	0	0	0	0	35	-1	0	30	0	32	-1	0	0	0	0	0	4	0	-1	0	0	0	-1	1	10	-1
c20299	0	12	2	40	-1	0	44	0	0	0	0	30	0	0	32	0	12	48	4	0	-1	0	47	-1	-1	-1	0	0	0	-1
c20316	0	-1	0	-1	0	0	26	8	-1	-1	6	-1	0	-1	0	-1	0	0	0	8	-1	0	-1	0	-1	0	0	39	0	-1
c20352	-1	12	0	0	0	5	0	17	0	0	0	-1	0	0	0	0	-1	0	39	0	22	44	-1	-1	33	48	25	17	25	-1
c20367	8	12	0	8	4	17	-1	0	-1	0	12	30	0	-1	0	0	26	0	44	33	35	-1	-1	0	0	0	0	0	47	-1
c20375	0	-1	-1	-1	-1	-1	0	-1	-1	0	-1	30	0	0	0	-1	-1	26	-1	-1	0	-1	0	0	-1	48	-1	43	25	-1
c20378	0	12	2	0	15	0	44	27	-1	26	0	30	-1	2	0	0	0	0	0	-1	8	0	0	-1	-1	48	0	0	32	-1
c20388	39	12	33	45	-1	0	50	-1	10	0	48	30	-1	0	-1	24	0	0	0	16	-1	0	-1	-1	0	0	0	20	16	-1
c20402	-1	-1	0	0	0	0	0	44	-1	0	0	-1	0	0	27	48	0	0	48	0	38	0	0	0	0	0	-1	0	44	-1
c20403	1	-1	0	0	-1	0	0	44	-1	-1	-1	30	-1	-1	-1	-1	0	0	48	0	38	0	0	0	0	0	-1	-1	44	-1
c20414	0	12	0	-1	0	0	0	0	-1	0	0	-1	0	-1	-1	0	0	23	-1	0	0	0	12	-1	0	0	0	-1	0	-1
c20417	0	12	0	-1	-1	0	0	-1	15	-1	0	30	0	32	0	0	0	0	0	0	0	-1	-1	-1	44	0	0	-1	0	-1
c20438	0	12	-1	38	0	0	0	0	0	0	0	-1	0	-1	0	45	-1	4	0	36	0	-1	0	0	0	48	-1	0	0	-1
c20441	35	12	-1	0	0	0	0	17	-1	0	0	-1	0	5	36	0	48	0	0	0	-1	44	34	-1	-1	-1	25	0	25	-1
c20451	-1	12	0	36	0	0	-1	0	0	23	25	0	0	-1	0	0	32	0	0	17	0	-1	-1	0	0	40	33	0	39	-1
c20467	44	12	0	0	4	-1	-1	0	-1	-1	48	30	0	32	0	0	-1	15	44	0	35	0	-1	12	-1	-1	-1	0	0	-1
c20469	0	12	2	0	0	-1	0	0	0	-1	-1	30	-1	0	0	-1	-1	10	-1	-1	8	39	-1	0	0	48	-1	1	35	-1
c20473	-1	12	9	0	0	0	0	-1	-1	0	0	30	0	0	44	0	-1	0	0	0	10	0	0	-1	-1	0	-1	0	44	-1
c20478	0	12	-1	17	0	4	0	0	23	42	0	-1	-1	0	0	0	12	-1	-1	-1	0	-1	0	0	27	48	-1	0	35	-1
c20479	0	12	-1	17	0	4	0	0	23	-1	-1	30	-1	0	-1	0	-1	0	0	-1	0	8	0	0	-1	48	0	-1	35	-1
c20503	48	12	-1	0	-1	0	12	-1	0	0	0	30	0	-1	4	-1	48	0	0	39	-1	-1	0	-1	0	-1	-1	0	25	-1
c20508	44	12	0	0	4	0	0	0	-1	0	0	30	0	32	-1	0	26	15	44	0	35	0	-1	12	0	0	0	0	0	-1
c20509	44	12	0	0	-1	0	0	0	-1	0	0	-1	0	32	-1	0	26	15	44	-1	35	0	-1	12	0	0	0	0	0	-1
c20516	0	12	22	-1	10	0	0	0	-1	0	0	30	0	0	0	0	0	0	0	0	-1	0	48	0	0	0	-1	17	44	-1
c20530	33	12	0	-1	0	0	0	0	0	0	0	-1	0	32	12	30	0	32	0	0	0	44	-1	-1	0	0	0	12	-1	-1
c20536	33	12	0	-1	0	0	26	0	0	0	0	-1	0	6	16	-1	0	4	-1	-1	0	29	0	0	-1	0	4	-1	0	-1
c20548	0	12	-1	-1	0	27	-1	38	0	12	7	30	-1	0	-1	10	0	-1	-1	27	0	37	0	0	0	12	0	-1	0	-1
c20550	21	12	2	0	0	0	0	0	0	0	49	30	0	0	0	-1	0	-1	-1	-1	1	-1	0	-1	0	48	0	0	0	-1
c20556	33	-1	2	2	0	-1	-1	-1	0	-1	26	30	0	-1	0	0	22	0	4	0	0	10	0	-1	0	48	0	0	17	-1
c20573	0	-1	0	-1	44	-1	-1	0	0	0	0	30	0	0	0	0	0	0	0	0	-1	-1	4	0	17	-1	0	0	35	-1
c20582	0	12	-1	21	0	0	-1	0	-1	0	0	30	0	2	0	0	0	0	-1	-1	48	-1	0	-1	0	0	-1	-1	44	-1
c20606	0	12	0	-1	0	0	-1	-1	33	0	0	30	0	-1	0	-1	0	48	0	0	32	0	-1	-1	0	0	0	-1	0	-1
c20609	0	-1	0	-1	0	0	-1	0	-1	0	-1	30	0	32	-1	0	32	6	0	0	32	0	-1	-1	-1	0	0	0	0	-1
c20610	0	12	-1	0	33	0	44	-1	-1	0	0	-1	-1	39	0	0	0	0	0	-1	0	0	2	0	0	48	-1	0	0	-1
c20617	0	12	0	44	0	-1	0	0	0	0	26	30	-1	-1	16	0	-1	0	0	8	0	0	4	-1	10	0	-1	0	-1	-1
c20619	17	12	1	0	-1	44	0	33	-1	0	-1	30	0	32	0	0	26	0	0	0	12	0	-1	-1	44	0	48	0	-1	-1
c20630	0	12	-1	-1	-1	-1	0	0	26	0	0	30	-1	0	0	48	0	0	32	0	-1	0	8	0	12	48	0	-1	35	-1
c20649	0	-1	0	0	0	0	0	0	0	-1	0	30	0	6	16	0	0	0	48	0	0	0	0	0	0	0	0	0	0	-1
c20670	0	12	2	0	-1	0	0	0	5	12	0	30	-1	0	19	0	0	4	-1	36	0	-1	0	-1	0	48	-1	13	0	-1
c20683	4	-1	0	0	-1	0	35	0	-1	35	0	30	-1	32	39	27	26	-1	0	0	0	-1	-1	49	-1	0	1	16	0	-1
c20693	12	12	0	0	4	0	48	0	-1	0	35	30	0	32	0	-1	26	15	44	-1	-1	0	-1	12	0	0	0	0	0	-1
c20696	0	-1	-1	0	0	0	8	0	0	0	0	30	-1	0	-1	39	-1	0	-1	-1	0	0	10	21	-1	48	-1	1	35	-1
c20704	-1	-1	0	0	0	0	44	0	-1	48	0	30	0	0	-1	0	-1	-1	0	0	0	-1	0	0	0	0	0	12	44	-1
c20724	17	12	2	0	0	0	0	-1	0	-1	0	30	-1	0	45	0	0	0	-1	-1	0	0	0	-1	-1	48	-1	-1	35	-1
c20729	0	12	-1	0	4	0	0	-1	-1	12	0	30	0	32	0	0	26	-1	-1	0	-1	0	-1	12	0	0	0	0	0	-1
c20736	0	12	2	17	0	0	0	0	-1	42	0	-1	-1	0	0	-1	0	38	0	-1	0	8	-1	0	27	48	0	0	35	-1
c20740	0	12	-1	0	0	0	0	0	-1	0	-1	-1	-1	32	-1	0	26	10	0	0	-1	0	-1	0	47	0	0	43	0	-1
c20760	0	12	2	0	33	0	0	0	0	0	0	30	0	0	0	0	-1	4	44	36	0	-1	0	38	-1	48	12	0	27	-1
c20777	0	-1	2	0	0	0	0	-1	0	39	0	30	-1	15	-1	36	0	0	0	22	0	44	0	3	27	48	-1	0	35	-1
c20794	0	12	2	-1	-1	0	44	0	-1	0	-1	30	0	0	32	0	12	0	4	0	12	0	0	-1	0	48	0	-1	0	-1
c20796	-1	12	-1	21	0	0	23	0	-1	0	0	-1	0	0	0	-1	-1	0	-1	12	48	-1	-1	-1	0	0	-1	0	44	-1
c20799	44	12	0	0	4	-1	48	0	-1	0	-1	30	0	32	-1	0	26	15	44	-1	35	21	-1	12	0	0	0	0	0	-1
c20815	0	12	-1	0	35	0	-1	0	0	0	0	30	35	6	16	0	0	25	-1	5	0	0	0	0	0	0	0	-1	0	-1
c20818	0	12	2	-1	-1	-1	0	0	0	33	0	30	0	0	-1	36	-1	-1	0	33	-1	-1	0	39	-1	48	0	0	0	-1
c20820	0	12	22	-1	0	0	0	0	-1	0	0	30	-1	0	14	0	0	0	0	0	0	0	12	-1	-1	0	-1	-1	44	-1
c20821	0	12	-1	0	0	0	0	0	-1	0	-1	-1	0	0	14	0	0	-1	0	-1	-1	0	12	-1	-1	0	-1	20	44	-1
c20826	44	12	0	0	4	-1	-1	0	-1	0	0	30	0	32	-1	0	26	15	-1	0	-1	21	-1	-1	-1	-1	0	0	0	-1
c20838	-1	12	22	0	-1	0	0	48	-1	0	0	-1	21	0	0	0	-1	0	0	0	0	-1	22	0	-1	0	-1	0	44	-1
c20842	-1	-1	-1	36	0	0	0	8	0	-1	25	-1	0	-1	-1	0	0	0	11	0	35	-1	35	0	8	-1	-1	-1	0	-1
c20852	-1	12	0	0	4	0	0	0	-1	-1	-1	30	0	32	0	0	-1	-1	-1	-1	35	0	-1	0	32	0	0	-1	47	-1
c20853	0	12	-1	0	4	0	0	-1	-1	12	-1	30	0	32	0	0	-1	-1	44	-1	35	-1	-1	0	32	0	0	-1	-1	-1
c20859	0	12	-1	0	4	0	0	-1	-1	0	35	30	0	32	0	0	26	15	44	0	35	16	-1	12	-1	-1	0	5	0	-1
c20863	44	12	0	0	4	0	0	-1	-1	0	8	30	0	32	0	0	-1	15	44	0	35	0	-1	-1	0	-1	-1	0	35	-1
c20865	0	12	0	-1	4	48	0	0	-1	-1	0	30	0	32	0	-1	26	0	44	33	-1	0	-1	0	0	0	41	0	12	-1
c20868	0	-1	-1	25	24	0	-1	13	0	49	-1	30	-1	13	0	41	48	0	32	14	0	0	-1	-1	0	0	33	-1	0	-1
c20878	0	-1	35	-1	0	0	4	0	-1	0	0	30	-1	-1	-1	-1	0	-1	0	-1	0	-1	-1	-1	0	0	0	0	-1	-1
c20879	-1	12	0	-1	0	0	4	0	0	0	0	30	-1	32	36	24	0	0	0	0	0	0	-1	-1	0	0	0	-1	0	-1
c20881	0	-1	49	0	0	0	0	-1	0	32	0	30	0	-1	-1	0	-1	-1	0	0	0	44	-1	0	-1	48	25	0	25	-1
c20883	0	12	0	-1	0	0	0	-1	-1	0	0	30	-1	0	0	-1	0	0	48	0	0	-1	-1	-1	0	-1	0	0	-1	-1
c20888	-1	12	1	0	-1	44	0	0	-1	17	-1	-1	0	-1	0	-1	26	0	0	0	-1	-1	-1	-1	44	-1	0	0	41	-1
c20908	0	12	-1	0	-1	0	-1	17	21	0	0	-1	0	0	0	0	-1	35	0	0	0	44	0	0	9	48	0	-1	25	-1
c20915	0	12	0	0	-1	0	-1	0	-1	0	0	30	0	32	0	-1	-1	-1	44	-1	-1	-1	-1	0	21	-1	41	0	12	-1
c20919	0	12	0	-1	0	0	44	17	0	0	0	30	0	0	0	-1	48	-1	0	16	0	44	-1	0	-1	48	25	-1	25	-1
c20925	0	-1	0	0	4	-1	48	0	-1	22	0	30	0	32	0	14	26	0	44	9	35	0	-1	0	0	20	0	0	-1	-1
c20926	0	12	0	36	0	-1	39	-1	-1	-1	-1	0	0	-1	0	0	32	0	0	0	-1	-1	35	-1	44	40	33	0	27	-1
c20947	0	-1	2	-1	33	44	0	-1	0	0	0	30	0	0	0	0	-1	-1	44	36	0	-1	0	38	0	48	0	0	0	-1
c20966	1	12	48	36	-1	-1	0	32	0	0	0	-1	0	-1	-1	0	-1	0	0	0	0	0	12	22	0	25	0	0	0	-1
c20968	0	12	-1	-1	-1	0	44	12	-1	0	0	30	0	0	21	0	0	0	25	0	0	0	0	-1	0	48	0	23	0	-1
c20976	0	12	0	36	0	0	-1	0	0	0	0	8	-1	-1	0	-1	18	0	-1	0	-1	0	12	0	0	0	35	-1	0	-1
c20984	0	12	2	44	35	0	-1	-1	-1	0	0	30	-1	0	0	0	17	0	0	0	0	6	0	-1	0	48	0	1	35	-1
c20986	0	-1	0	-1	0	17	0	-1	0	-1	0	30	-1	-1	16	21	33	0	48	0	0	0	-1	0	0	0	0	12	0	-1
c20991	0	-1	-1	21	0	0	-1	0	-1	0	0	30	-1	0	0	0	0	0	-1	12	48	0	0	-1	0	0	-1	0	44	-1
c20998	-1	12	2	0	0	0	-1	0	-1	0	-1	-1	-1	0	-1	0	17	38	0	0	0	6	0	-1	0	48	0	1	35	-1
c21021	0	12	0	0	0	-1	0	17	45	0	0	30	-1	-1	39	23	48	0	0	-1	13	44	0	0	0	-1	25	-1	-1	-1
c21024	0	12	-1	21	0	0	0	0	-1	0	45	30	-1	0	0	0	0	0	-1	-1	48	12	-1	-1	0	0	-1	0	-1	-1
c21028	17	-1	33	0	0	25	-1	8	0	-1	-1	30	47	0	0	0	-1	16	0	-1	0	0	10	0	0	0	0	0	0	-1
c21038	0	12	18	36	39	0	0	35	39	-1	0	8	0	-1	0	-1	0	0	0	0	0	-1	-1	-1	0	15	0	0	0	-1
c21050	21	12	2	10	-1	3	44	-1	0	0	0	30	41	0	17	17	0	23	4	0	12	-1	-1	-1	0	48	10	-1	0	-1
c21055	0	12	22	0	-1	0	0	-1	-1	0	0	30	-1	0	0	0	0	-1	0	0	0	0	22	0	-1	0	-1	0	44	-1
c21056	0	12	0	-1	0	0	0	0	-1	0	-1	30	-1	-1	12	0	0	0	4	17	0	0	-1	-1	0	0	-1	-1	32	-1
c21059	0	-1	2	0	33	0	0	45	-1	0	0	30	0	0	-1	-1	-1	-1	44	36	0	-1	-1	38	0	48	45	0	22	-1
c21061	0	12	-1	-1	0	0	0	22	-1	-1	0	-1	25	32	12	-1	-1	-1	0	0	0	0	-1	-1	0	-1	27	-1	-1	-1
c21065	-1	12	2	-1	0	-1	0	0	0	0	0	30	-1	0	0	39	-1	0	0	0	8	39	0	21	0	-1	-1	1	35	-1
c21075	0	-1	2	0	33	0	0	0	0	-1	0	30	44	18	0	8	0	4	44	36	0	-1	-1	38	0	48	0	0	-1	-1
c21094	-1	12	2	-1	0	0	0	0	38	-1	0	30	0	0	0	0	0	4	-1	36	20	-1	0	34	0	48	0	5	0	-1
c21095	-1	12	2	0	0	0	0	0	38	0	0	-1	-1	0	0	0	0	4	44	36	20	-1	0	34	0	-1	0	5	0	-1
c21108	-1	12	12	4	0	48	0	-1	0	44	0	30	-1	25	0	-1	0	12	-1	-1	-1	48	0	-1	0	0	26	-1	-1	-1
c21111	-1	12	33	45	0	-1	50	0	0	0	48	30	0	-1	48	-1	0	0	0	0	0	35	10	12	0	0	0	20	0	-1
c21112	40	12	2	0	2	0	44	0	0	0	0	30	0	-1	0	0	22	0	4	-1	-1	0	0	-1	38	48	-1	0	17	-1
c21113	-1	12	2	0	2	0	44	0	0	0	0	30	0	0	0	0	22	0	4	-1	33	0	-1	-1	38	48	36	0	17	-1
c21118	-1	12	22	-1	0	0	0	0	-1	-1	0	-1	0	39	14	0	-1	0	49	0	-1	0	0	0	0	0	-1	20	-1	-1
c21146	0	-1	0	0	10	-1	0	17	25	-1	0	30	0	-1	0	0	-1	0	33	16	0	44	0	0	0	48	-1	-1	25	-1
c21147	-1	12	0	0	10	0	0	17	-1	0	0	30	0	-1	-1	0	48	0	-1	16	-1	-1	0	0	0	48	25	-1	25	-1
c21156	17	12	0	0	0	0	-1	-1	0	0	0	30	0	33	0	0	0	0	0	0	17	-1	-1	-1	-1	0	0	0	12	-1
c21190	0	12	20	36	32	0	0	0	0	0	0	8	0	-1	0	1	48	48	0	0	0	-1	12	-1	-1	0	0	0	0	-1
c21199	0	12	-1	35	0	0	44	0	0	-1	-1	-1	0	-1	-1	0	0	33	-1	0	-1	-1	0	-1	-1	0	0	12	-1	-1
c21206	-1	12	36	-1	0	0	18	0	0	0	0	30	0	32	0	0	0	0	0	0	0	0	-1	-1	0	0	0	0	0	-1
c21211	0	12	0	-1	0	5	0	17	0	0	0	30	0	0	0	0	48	0	39	0	-1	-1	10	0	-1	48	-1	17	-1	-1
c21214	0	12	0	-1	0	35	18	0	0	0	0	30	-1	32	0	0	0	-1	0	0	0	0	-1	-1	0	0	0	0	-1	-1
c21217	49	12	-1	8	-1	-1	0	0	0	0	0	-1	0	-1	0	32	0	0	0	0	0	0	4	0	-1	-1	0	-1	25	-1
c21218	-1	12	2	-1	0	49	0	0	0	0	-1	30	0	0	0	-1	0	4	44	-1	0	-1	39	0	0	48	8	0	0	-1
c21234	0	12	0	0	-1	10	0	17	45	0	0	-1	0	12	39	-1	48	12	0	0	-1	44	0	0	9	48	-1	18	-1	-1
c21244	0	-1	33	45	0	0	50	0	0	0	-1	30	0	39	-1	24	0	0	0	0	0	35	10	0	0	17	0	20	-1	-1
c21247	0	-1	0	0	-1	33	0	35	-1	0	0	30	0	32	-1	0	26	10	0	0	0	-1	-1	0	0	0	0	43	-1	-1
c21248	0	12	-1	0	29	0	44	0	0	0	0	30	10	-1	0	0	0	0	4	0	-1	0	0	-1	0	-1	0	0	-1	-1
c21252	0	12	12	0	-1	48	33	0	0	0	0	30	10	0	-1	0	-1	-1	0	0	17	8	0	0	-1	35	0	0	-1	-1
c21266	0	12	-1	-1	0	0	44	0	2	-1	0	30	0	-1	0	0	-1	0	-1	-1	0	0	-1	-1	0	0	-1	0	0	-1
c21274	-1	12	-1	0	8	-1	-1	0	-1	-1	7	30	-1	12	-1	-1	0	-1	39	0	-1	0	0	0	0	39	0	8	0	-1
c21278	6	-1	-1	0	0	0	0	0	0	12	0	30	0	6	16	21	33	0	48	0	0	0	0	0	0	-1	-1	12	0	-1
c21279	0	12	0	0	0	0	0	0	0	12	0	30	0	6	16	21	33	0	-1	0	0	0	0	0	0	0	0	12	-1	-1
c21284	0	12	-1	36	0	0	2	0	47	0	33	0	-1	-1	0	0	0	-1	-1	0	-1	0	12	22	0	17	-1	0	27	-1
c21291	0	12	0	36	0	-1	0	0	0	0	26	8	34	-1	-1	1	0	0	0	48	0	-1	12	39	0	16	0	0	0	-1
c21344	-1	12	2	-1	33	-1	0	0	-1	0	0	30	0	0	0	0	0	-1	-1	36	0	-1	0	38	-1	48	0	0	44	-1
c21345	-1	12	2	0	33	-1	-1	0	0	0	0	30	0	-1	0	0	0	4	44	-1	-1	-1	0	-1	-1	48	0	0	44	-1
c21349	0	12	0	36	0	39	-1	0	0	0	0	-1	0	0	-1	0	0	0	4	0	32	0	0	0	5	-1	24	0	-1	-1
c21353	0	12	36	-1	0	0	-1	-1	0	0	0	30	0	32	0	0	0	34	12	15	0	0	-1	-1	0	0	0	-1	0	-1
c21355	49	12	0	8	0	0	0	-1	0	0	38	-1	0	-1	0	0	0	0	0	21	0	12	4	0	17	0	-1	0	0	-1
c21360	0	12	48	36	9	0	2	0	0	-1	0	0	-1	-1	50	0	0	0	0	0	-1	-1	12	22	-1	-1	38	0	27	-1
c21368	0	12	0	0	0	0	10	0	0	0	-1	30	0	32	0	0	-1	-1	0	0	0	-1	-1	0	-1	-1	0	1	0	-1
c21370	-1	12	8	-1	-1	0	0	0	0	48	0	30	-1	-1	0	0	-1	0	-1	0	0	-1	-1	0	48	0	44	-1	44	-1
c21372	6	-1	22	0	10	0	0	0	-1	0	0	30	0	0	-1	0	0	0	0	-1	0	0	0	0	-1	0	-1	17	44	-1
c21373	6	12	-1	0	10	0	0	0	-1	-1	0	30	0	0	-1	0	-1	0	0	0	0	0	-1	0	0	0	-1	17	-1	-1
c21384	0	12	2	0	0	9	44	0	0	0	0	30	0	-1	0	-1	0	0	4	0	0	0	0	-1	0	-1	0	0	-1	-1
c21387	0	12	0	-1	0	0	0	0	0	0	7	30	-1	0	-1	10	0	-1	39	0	-1	0	0	-1	0	0	21	8	0	-1
c21414	25	12	-1	24	-1	0	17	-1	21	5	0	30	-1	26	0	32	0	-1	0	-1	-1	-1	0	0	0	0	33	0	10	-1
c21433	-1	12	0	-1	44	33	-1	0	17	0	0	30	12	-1	-1	0	0	0	0	0	12	39	4	0	17	-1	-1	-1	4	-1
c21440	44	12	0	-1	4	-1	0	-1	-1	0	0	-1	-1	32	-1	0	26	15	44	0	35	21	-1	-1	0	0	0	0	0	-1
c21446	-1	12	0	-1	22	0	-1	-1	-1	0	0	-1	16	0	0	0	41	-1	0	0	0	-1	0	5	0	0	-1	-1	0	-1
c21459	44	-1	0	0	4	-1	0	0	-1	-1	-1	-1	0	32	-1	0	-1	15	-1	0	35	-1	-1	12	0	0	0	0	0	-1
c21466	-1	12	-1	-1	-1	0	0	-1	0	0	0	30	0	32	12	0	-1	0	0	0	0	44	-1	-1	-1	0	0	-1	0	-1
c21471	0	12	0	-1	32	0	-1	-1	0	0	0	-1	-1	32	-1	0	0	-1	-1	0	-1	0	-1	-1	0	0	0	-1	26	-1
c21477	0	-1	0	-1	0	0	44	0	-1	0	0	-1	39	32	-1	0	0	17	-1	0	12	0	-1	-1	8	0	0	-1	0	-1
c21481	44	12	0	0	4	0	0	0	-1	0	0	30	-1	-1	-1	-1	26	15	44	0	-1	4	-1	12	0	32	0	0	0	-1
c21494	44	12	33	-1	0	0	0	39	17	0	0	30	0	32	12	0	0	0	22	-1	0	0	-1	-1	0	0	0	12	8	-1
c21506	0	12	2	-1	0	-1	32	10	-1	0	39	30	-1	-1	-1	0	0	0	-1	8	0	0	12	0	-1	48	0	-1	35	-1
c21513	0	12	-1	-1	-1	44	0	0	-1	-1	-1	30	35	32	0	33	26	0	-1	0	-1	0	-1	-1	44	-1	-1	0	41	-1
c21523	0	12	12	0	0	0	0	0	-1	-1	0	30	6	-1	-1	27	-1	12	0	0	0	-1	-1	-1	-1	0	0	16	0	-1
c21527	0	12	-1	0	4	10	-1	-1	16	0	-1	30	0	0	0	-1	-1	0	0	0	-1	-1	0	-1	0	0	0	-1	-1	-1
c21542	0	-1	0	36	0	0	0	10	0	0	0	8	0	-1	0	-1	0	36	8	0	-1	-1	12	21	0	0	-1	-1	-1	-1
c21544	-1	12	2	33	-1	-1	0	0	26	-1	36	30	-1	0	0	0	0	33	4	0	0	-1	0	0	0	48	14	1	35	-1
c21546	0	12	-1	0	0	-1	0	0	-1	-1	0	30	0	-1	0	-1	26	10	-1	0	0	0	-1	0	0	0	0	43	0	-1
c21567	-1	12	0	-1	4	0	0	0	-1	0	0	30	0	32	0	-1	26	15	-1	0	35	-1	-1	12	-1	0	0	-1	0	-1
c21572	44	12	0	0	4	0	0	0	-1	0	0	30	0	32	-1	-1	26	15	44	39	35	0	-1	12	0	0	2	-1	0	-1
c21573	44	12	0	0	4	0	0	-1	-1	0	0	30	0	32	-1	0	26	-1	44	39	35	0	-1	12	0	0	2	-1	0	-1
c21583	44	12	0	0	4	0	0	0	-1	5	-1	30	0	32	0	0	-1	15	44	0	35	0	-1	12	0	0	-1	0	0	-1
c21586	0	12	0	0	4	0	-1	0	-1	0	35	30	0	32	-1	0	26	15	44	0	-1	-1	-1	12	0	0	-1	0	0	-1
c21587	0	12	0	0	4	0	0	0	-1	0	-1	30	0	32	0	0	26	15	44	-1	-1	0	-1	-1	0	12	0	0	0	-1
c21593	0	12	0	0	4	0	0	0	0	0	7	30	-1	0	-1	10	0	-1	39	0	-1	0	0	0	-1	0	0	8	0	-1
c21605	0	12	0	-1	4	0	-1	0	-1	-1	-1	-1	0	32	-1	0	26	0	44	0	35	39	-1	0	0	0	41	0	12	-1
c21610	0	12	0	0	0	-1	-1	17	45	-1	0	30	-1	12	39	23	48	0	0	0	13	44	-1	0	0	-1	25	18	-1	-1
c21611	0	12	0	0	0	-1	0	17	45	0	0	30	0	-1	39	23	48	0	0	0	13	-1	-1	0	0	48	25	-1	-1	-1
c21615	0	12	-1	4	-1	48	0	-1	-1	0	-1	30	-1	25	-1	6	-1	12	0	23	0	0	-1	0	-1	0	0	-1	0	-1
c21618	0	12	0	0	0	-1	0	44	-1	0	7	-1	-1	0	-1	10	0	-1	39	0	0	-1	0	50	0	27	0	8	-1	-1
c21628	44	12	12	-1	-1	48	-1	0	0	0	0	-1	0	25	0	0	0	12	0	-1	0	0	48	0	-1	0	0	0	-1	-1
c21633	0	12	0	44	0	0	0	0	0	20	26	-1	0	6	16	0	10	0	0	8	0	0	0	10	10	0	0	-1	-1	-1
c21637	0	12	-1	0	0	-1	0	-1	0	-1	-1	30	-1	0	23	0	21	13	0	0	0	-1	0	-1	0	0	22	-1	-1	-1
c21638	0	12	-1	25	0	33	38	21	0	49	0	30	-1	0	0	16	48	0	0	0	-1	0	0	10	7	-1	33	0	36	-1
c21658	39	12	2	0	0	0	0	-1	26	0	0	30	-1	8	0	0	0	0	0	0	0	0	-1	-1	36	-1	-1	1	35	-1
c21666	0	12	2	17	0	0	0	0	0	42	-1	-1	-1	0	0	0	-1	39	0	-1	-1	8	48	-1	27	48	33	0	35	-1
c21667	-1	12	2	17	-1	0	0	0	0	42	12	30	-1	0	0	0	-1	39	0	-1	-1	8	48	0	27	48	33	0	35	-1
c21670	0	12	2	0	-1	0	0	0	0	0	0	30	0	0	0	0	0	4	44	36	0	-1	0	38	0	-1	-1	0	0	-1
c21671	0	12	2	0	33	0	0	0	0	0	0	30	-1	0	-1	0	0	4	44	36	0	-1	-1	38	0	-1	0	0	0	-1
c21674	0	12	2	0	0	0	0	33	0	-1	-1	30	0	0	19	-1	26	4	-1	36	0	-1	0	0	0	-1	8	13	0	-1
c21675	0	12	2	0	0	0	0	33	0	0	0	-1	0	0	19	0	26	4	44	36	-1	-1	0	0	0	48	8	13	0	-1
c21683	0	12	22	22	-1	0	-1	48	-1	0	0	30	0	0	0	0	0	0	0	0	50	0	22	-1	-1	0	-1	12	44	-1
c21710	0	-1	0	0	40	-1	48	0	0	0	0	-1	0	32	0	49	0	0	0	-1	17	33	-1	0	0	0	0	1	0	-1
c21716	0	12	-1	0	0	0	0	-1	0	-1	0	-1	-1	0	17	39	-1	0	0	0	8	39	-1	0	0	-1	-1	1	35	-1
c21725	0	12	0	36	0	38	21	0	0	0	-1	0	17	0	0	0	-1	0	4	-1	0	-1	0	-1	5	0	0	0	0	-1
c21747	0	12	2	0	0	0	0	39	0	12	48	30	9	0	0	-1	44	0	0	0	-1	-1	0	-1	0	48	0	0	0	-1
c21753	0	-1	10	36	0	0	0	0	0	24	0	-1	-1	-1	-1	0	0	0	-1	-1	0	0	12	0	0	0	-1	-1	0	-1
c21755	-1	12	2	0	-1	0	-1	0	0	0	0	-1	0	-1	0	36	0	0	-1	33	0	-1	0	39	0	48	0	0	0	-1
c21758	0	12	-1	-1	0	0	4	0	0	8	0	30	-1	32	36	24	0	0	0	0	-1	0	-1	-1	0	0	-1	0	0	-1
c21759	0	12	0	-1	0	-1	4	0	0	8	0	30	0	32	36	24	0	0	-1	0	0	0	-1	-1	0	0	-1	0	0	-1
c21768	-1	12	0	-1	12	0	0	-1	-1	-1	0	8	0	-1	0	1	0	0	0	48	0	0	12	39	9	0	0	0	44	-1
c21771	0	12	0	0	-1	0	12	-1	-1	0	-1	30	0	32	0	0	26	-1	44	-1	35	0	-1	0	0	0	0	-1	47	-1
c21794	0	12	0	9	4	0	0	-1	-1	48	35	-1	44	32	39	-1	-1	15	44	0	-1	0	-1	12	0	49	0	2	0	-1
c21807	0	-1	0	36	0	0	-1	0	-1	-1	26	8	34	-1	0	1	-1	0	0	48	0	0	12	39	0	-1	0	0	-1	-1
c21810	10	12	-1	-1	0	5	0	17	0	0	0	30	0	0	0	0	48	0	39	0	27	-1	0	0	0	48	25	24	25	-1
c21828	-1	12	-1	-1	0	-1	0	0	39	-1	0	30	39	32	-1	-1	0	-1	0	-1	0	0	-1	-1	0	0	0	0	0	-1
c21836	-1	12	-1	0	0	0	-1	17	49	0	0	30	0	-1	0	0	48	0	0	-1	0	44	0	0	17	-1	-1	0	-1	-1
c21861	-1	12	0	0	4	0	0	0	-1	17	0	30	0	-1	0	26	26	15	44	0	35	0	-1	-1	0	0	0	0	-1	-1
c21868	48	12	2	0	0	0	9	48	-1	42	0	-1	-1	0	0	37	0	0	-1	1	0	8	0	39	27	-1	0	0	35	-1
c21869	48	-1	2	-1	-1	0	9	-1	-1	42	0	30	-1	0	0	37	0	0	0	1	0	8	0	39	27	-1	0	0	-1	-1
c21894	0	12	0	0	0	0	-1	33	0	12	0	-1	0	6	-1	0	0	0	-1	0	0	-1	0	0	0	0	0	39	-1	-1
c21898	0	12	-1	0	-1	0	0	0	0	0	-1	30	0	-1	19	0	0	4	44	36	0	-1	0	0	0	48	8	-1	-1	-1
c21907	0	12	22	0	10	-1	-1	0	-1	-1	0	30	-1	0	20	0	0	16	0	12	25	0	0	0	0	0	-1	17	44	-1
c21910	0	-1	2	0	-1	-1	0	3	0	26	0	30	-1	-1	0	0	33	0	0	0	0	-1	0	0	-1	48	0	0	0	-1
c21917	0	12	-1	36	38	0	0	0	0	23	25	-1	44	-1	0	0	32	0	0	0	0	-1	-1	0	-1	40	33	-1	0	-1
c21918	0	12	-1	-1	-1	0	0	33	0	42	0	30	-1	0	0	0	-1	0	0	-1	-1	8	0	0	27	48	0	0	35	-1
c21919	0	12	2	17	-1	-1	0	-1	0	42	-1	30	-1	0	0	0	0	0	0	-1	-1	8	-1	0	27	48	-1	0	35	-1
c21924	0	12	1	0	-1	-1	0	-1	-1	0	-1	30	0	32	-1	-1	26	0	-1	0	0	33	-1	-1	-1	17	0	0	-1	-1
c21950	8	12	0	0	-1	0	0	0	-1	-1	0	30	0	32	0	0	26	0	44	0	-1	0	-1	0	0	0	0	-1	47	-1
c21953	0	12	2	17	0	0	-1	23	-1	-1	0	30	-1	0	0	0	0	0	0	-1	0	8	0	0	27	48	0	0	35	-1
c21958	0	-1	2	-1	0	0	0	0	0	0	0	30	0	0	35	36	0	-1	44	36	-1	-1	-1	0	0	48	8	0	0	-1
c21959	0	12	-1	0	0	0	0	-1	-1	0	0	30	0	-1	35	36	0	4	44	-1	0	-1	0	0	0	-1	8	-1	-1	-1
c21963	-1	12	-1	21	0	0	20	0	-1	0	39	30	0	0	-1	0	0	-1	0	12	-1	0	-1	-1	33	0	-1	-1	44	-1
c21967	0	12	2	0	-1	21	44	26	0	-1	0	30	0	0	0	49	22	0	4	0	0	0	0	-1	38	48	-1	-1	17	-1
c21970	17	12	0	-1	0	0	-1	0	0	-1	0	30	0	32	0	48	0	0	-1	0	0	0	-1	-1	25	0	-1	12	0	-1
c21984	0	-1	2	0	0	0	0	-1	-1	0	0	-1	0	0	0	0	0	0	-1	36	0	-1	0	0	0	-1	0	32	0	-1
c21993	0	-1	2	6	33	0	-1	0	-1	0	0	30	-1	-1	0	0	0	4	44	36	0	-1	0	38	0	48	45	0	-1	-1
c22002	17	12	0	-1	0	4	38	0	0	0	0	30	0	32	0	0	0	0	-1	0	0	0	-1	-1	25	0	12	-1	-1	-1
c22003	17	12	-1	-1	0	4	38	0	0	0	0	30	0	32	0	0	0	0	-1	0	-1	0	-1	-1	25	-1	12	12	0	-1
c22008	0	12	2	-1	29	-1	-1	0	0	0	0	30	10	-1	0	0	0	0	-1	0	0	-1	0	-1	0	-1	0	-1	17	-1
c22009	0	12	2	0	29	-1	44	0	0	0	0	30	10	-1	0	0	0	0	4	-1	0	0	0	-1	0	-1	0	0	-1	-1
c22011	-1	12	-1	0	21	0	0	17	-1	0	0	-1	0	-1	-1	17	48	0	0	0	17	44	4	0	-1	48	0	0	-1	-1
c22015	36	12	0	36	0	0	0	-1	0	23	-1	8	0	-1	0	0	0	0	0	0	0	-1	35	0	-1	-1	33	0	35	-1
c22016	0	12	0	-1	-1	48	0	17	0	44	0	30	0	0	-1	0	48	8	8	48	0	44	10	-1	-1	48	0	0	25	-1
c22022	-1	12	-1	-1	0	-1	0	0	33	0	0	30	0	32	-1	0	0	0	0	0	32	0	-1	-1	0	0	0	-1	0	-1
c22048	0	12	-1	0	4	0	0	-1	-1	0	-1	30	0	32	-1	17	26	15	44	0	35	0	-1	12	12	0	0	0	0	-1
c22050	0	12	0	0	0	0	0	17	0	0	-1	30	0	0	0	0	48	0	0	-1	44	-1	-1	0	36	48	-1	-1	25	-1
c22051	0	12	0	-1	0	0	0	17	0	0	48	30	0	0	0	0	48	0	0	16	44	44	0	0	-1	-1	-1	-1	25	-1
c22061	0	12	0	36	12	-1	0	0	-1	23	-1	0	0	-1	0	0	0	0	39	0	0	-1	35	0	22	40	33	0	12	-1
c22069	0	12	0	0	-1	-1	0	17	-1	29	0	30	0	12	-1	-1	48	0	-1	0	0	-1	0	0	0	48	-1	43	-1	-1
c22087	0	12	2	0	0	0	0	0	0	0	44	30	-1	0	-1	39	-1	10	-1	0	8	39	0	25	0	-1	-1	1	35	-1
c22090	0	12	0	0	-1	0	-1	38	48	12	7	30	-1	0	-1	10	10	-1	39	0	-1	22	0	0	0	0	0	8	0	-1
c22096	17	-1	0	49	22	35	-1	-1	0	-1	0	30	0	0	0	0	-1	-1	0	0	0	-1	0	5	0	12	12	0	-1	-1
c22113	0	-1	0	21	18	-1	-1	0	-1	-1	0	30	0	-1	0	0	0	32	0	-1	0	30	0	0	0	-1	-1	0	44	-1
c22124	0	12	0	0	0	-1	0	17	-1	0	0	-1	0	0	0	45	48	0	-1	0	-1	-1	-1	0	-1	48	0	43	25	-1
c22127	0	12	0	0	0	0	0	0	0	0	7	30	-1	34	-1	-1	0	-1	-1	17	-1	-1	0	0	0	0	0	8	35	-1
c22138	0	12	0	-1	0	0	0	50	0	0	-1	30	0	-1	0	0	0	-1	0	-1	0	-1	-1	-1	-1	0	0	0	0	-1
c22145	0	12	-1	-1	33	0	13	0	0	0	0	30	0	0	0	0	-1	4	44	-1	0	-1	0	38	0	48	0	-1	-1	-1
c22154	0	-1	0	-1	0	-1	0	-1	39	0	0	30	39	32	0	0	0	17	0	-1	0	48	-1	-1	0	0	-1	0	0	-1
c22161	0	12	-1	0	0	0	0	43	-1	0	0	30	0	-1	16	0	0	0	0	-1	17	0	-1	-1	13	0	0	0	0	-1
c22170	-1	12	-1	21	48	48	0	0	-1	0	39	30	0	0	-1	0	0	0	8	12	-1	0	0	-1	-1	-1	-1	0	44	-1
c22173	0	12	2	0	0	-1	1	0	-1	-1	0	30	-1	-1	0	0	10	-1	-1	0	0	0	0	-1	-1	-1	0	-1	35	-1
c22185	0	12	-1	-1	16	0	12	0	0	0	0	30	-1	0	0	39	-1	0	0	-1	8	39	0	-1	0	48	-1	1	35	-1
c22187	0	-1	12	0	0	-1	33	0	0	0	48	30	10	0	10	0	0	0	0	-1	0	8	-1	0	0	-1	0	-1	0	-1
c22189	-1	12	0	-1	0	-1	0	-1	-1	-1	-1	30	0	0	-1	0	-1	0	0	-1	0	44	0	0	0	-1	0	43	25	-1
c22192	0	-1	2	0	0	0	-1	0	-1	0	-1	30	-1	0	19	0	0	4	44	36	0	-1	-1	0	0	48	8	13	-1	-1
c22193	0	-1	2	0	0	0	-1	0	0	0	6	30	-1	0	19	0	0	4	44	36	0	-1	0	-1	0	48	-1	13	-1	-1
c22194	0	-1	-1	48	0	-1	0	-1	0	0	0	30	0	4	-1	0	0	0	-1	36	0	-1	-1	0	0	48	0	0	0	-1
c22201	-1	12	2	0	0	-1	0	0	0	-1	0	30	-1	-1	0	39	-1	0	-1	48	8	39	0	0	0	48	-1	1	35	-1
c22204	0	12	0	-1	0	-1	0	0	0	0	44	8	0	-1	0	0	-1	0	-1	0	0	0	12	0	0	0	35	-1	0	-1
c22211	44	-1	0	0	4	-1	-1	-1	-1	-1	-1	30	0	32	0	0	26	15	44	0	35	0	-1	-1	-1	0	0	0	0	-1
c22212	0	12	0	36	0	-1	0	8	0	-1	25	0	0	-1	-1	12	0	0	0	30	35	-1	-1	0	35	40	-1	0	8	-1
c22229	-1	12	0	0	0	0	0	0	-1	-1	25	30	0	32	39	27	26	1	-1	-1	0	-1	-1	-1	0	0	0	16	0	-1
c22237	6	12	-1	0	10	0	31	0	-1	0	-1	30	0	-1	0	0	0	0	-1	32	0	0	-1	-1	0	0	-1	17	44	-1
c22238	0	12	0	0	0	-1	35	17	-1	0	0	30	0	0	0	-1	48	0	0	-1	0	44	0	-1	0	48	-1	-1	-1	-1
c22245	-1	12	-1	-1	10	0	0	0	-1	0	0	30	0	0	0	-1	0	0	0	0	0	0	-1	0	0	0	-1	17	44	-1
c22249	0	-1	0	-1	0	0	0	0	33	0	-1	30	0	32	0	0	0	-1	0	0	32	0	-1	-1	0	-1	0	0	0	-1
c22252	0	12	2	48	17	0	0	0	0	0	0	-1	0	4	-1	0	0	0	0	-1	0	-1	0	-1	-1	48	0	0	0	-1
c22262	0	12	0	0	-1	-1	-1	0	-1	0	0	30	-1	32	0	12	26	0	-1	36	35	0	-1	-1	-1	0	0	0	0	-1
c22263	0	12	0	0	-1	0	-1	0	-1	0	0	30	0	32	-1	12	26	0	-1	-1	-1	-1	-1	0	0	-1	0	0	0	-1
c22264	0	12	0	0	4	1	0	0	-1	-1	0	30	0	32	48	0	26	0	-1	0	-1	0	-1	-1	0	-1	0	0	0	-1
c22265	0	12	0	0	4	-1	0	0	-1	0	-1	30	0	32	48	0	26	0	44	0	35	0	-1	-1	-1	0	0	0	0	-1
c22267	0	12	2	8	32	48	0	-1	17	0	0	30	-1	0	0	0	0	-1	0	0	0	0	44	3	27	48	-1	0	35	-1
c22268	-1	12	0	0	-1	0	0	17	49	0	0	30	0	-1	0	0	48	0	-1	39	0	44	0	0	-1	-1	-1	0	-1	-1
c22276	0	12	2	0	0	0	-1	-1	0	39	0	30	-1	-1	49	-1	0	0	0	-1	0	-1	0	-1	-1	48	39	0	-1	-1
c22285	23	-1	21	-1	-1	0	-1	0	3	-1	-1	-1	0	-1	23	0	-1	0	0	43	0	0	-1	-1	-1	0	10	0	0	-1
c22289	0	12	0	0	0	13	0	-1	-1	35	48	30	-1	-1	48	27	-1	12	0	0	0	-1	-1	0	0	0	0	16	0	-1
c22311	0	12	-1	0	-1	0	0	0	-1	0	0	30	0	32	0	0	26	15	44	-1	35	0	-1	12	0	0	0	0	0	-1
c22312	0	12	-1	36	-1	-1	0	8	7	23	-1	0	26	-1	0	-1	0	0	0	-1	0	-1	35	0	0	40	33	0	-1	-1
c22327	0	-1	-1	21	0	-1	-1	0	-1	-1	21	30	0	-1	0	0	0	0	0	12	0	-1	0	33	0	-1	-1	0	-1	-1
c22330	49	12	-1	8	0	0	22	0	0	0	0	30	0	-1	0	0	0	0	39	21	0	26	4	0	-1	-1	-1	0	12	-1
c22349	-1	12	-1	0	4	48	44	0	-1	-1	0	30	0	32	0	0	26	15	44	0	35	0	-1	12	0	0	0	-1	0	-1
c22353	0	12	-1	0	0	-1	0	-1	-1	0	0	30	0	0	0	0	48	0	0	0	0	44	0	0	-1	48	0	43	25	-1
c22354	0	12	22	0	-1	0	0	-1	-1	-1	0	30	0	0	1	0	0	0	44	0	0	0	-1	25	-1	0	-1	0	44	-1
c22355	0	12	22	-1	-1	0	-1	48	-1	-1	0	-1	0	0	0	0	0	0	44	0	0	0	22	25	-1	0	-1	0	44	-1
c22369	0	12	-1	21	0	10	0	0	-1	0	-1	30	0	-1	0	0	0	0	-1	12	48	0	-1	-1	-1	0	-1	0	44	-1
c22376	0	12	0	-1	0	-1	0	0	-1	0	0	30	0	32	0	-1	0	0	-1	0	32	0	-1	-1	0	0	0	0	0	-1
c22377	0	12	0	-1	0	-1	0	-1	33	0	0	30	0	-1	-1	0	0	-1	0	0	32	0	-1	-1	0	0	-1	-1	0	-1
c22391	0	12	0	0	-1	-1	26	8	0	0	6	30	0	32	0	-1	0	0	0	0	-1	0	-1	0	0	0	0	-1	0	-1
c22394	17	12	0	0	-1	-1	-1	-1	0	48	0	30	-1	-1	0	0	-1	0	26	0	0	-1	-1	13	-1	-1	0	0	0	-1
c22396	-1	-1	45	25	0	33	38	21	0	49	0	30	-1	0	0	-1	48	0	0	0	0	0	0	10	7	0	33	0	-1	-1
c22407	0	12	2	-1	0	-1	44	-1	0	0	-1	30	0	0	0	49	22	16	4	0	21	0	0	-1	-1	-1	0	0	17	-1
c22424	0	12	0	0	0	-1	0	0	-1	35	0	-1	0	32	0	27	-1	0	0	-1	0	-1	-1	0	0	0	0	-1	0	-1
c22425	0	12	0	0	0	0	0	-1	-1	35	0	30	0	-1	0	27	26	0	0	0	-1	-1	-1	0	0	0	0	0	0	-1
c22429	-1	12	0	0	0	0	0	0	0	-1	0	30	0	-1	22	0	0	-1	0	0	6	-1	-1	-1	-1	0	0	1	0	-1
c22461	0	12	0	0	4	9	0	-1	-1	0	35	30	0	32	0	0	26	-1	44	6	35	0	-1	12	-1	0	0	0	0	-1
c22463	3	12	12	4	32	48	10	0	0	0	0	30	0	-1	0	6	0	-1	-1	0	0	0	0	0	0	0	-1	0	0	-1
c22475	10	12	0	0	4	0	0	10	-1	0	0	30	49	32	0	0	26	0	44	-1	35	5	-1	0	0	0	0	0	0	-1
c22478	44	-1	0	-1	4	0	0	-1	-1	0	0	30	0	32	-1	0	26	15	44	0	35	-1	-1	-1	0	0	0	0	0	-1
c22483	0	12	0	-1	0	0	0	0	0	44	0	30	25	32	12	0	0	0	-1	12	0	0	-1	-1	0	0	0	12	0	-1
c22494	0	12	36	36	-1	0	0	0	-1	23	25	0	0	-1	44	8	32	-1	0	17	0	-1	35	0	-1	-1	33	5	0	-1
c22498	-1	12	2	0	0	0	-1	0	-1	-1	48	-1	-1	0	8	37	0	0	0	-1	0	8	-1	-1	-1	48	0	0	35	-1
c22500	0	-1	48	23	-1	-1	0	-1	-1	0	8	30	0	-1	-1	0	4	0	0	17	0	35	36	44	-1	0	-1	0	-1	-1
c22502	0	12	2	-1	0	39	0	0	0	0	48	-1	9	-1	0	0	0	0	-1	0	-1	-1	0	0	0	48	-1	0	35	-1
c22511	-1	12	2	17	0	-1	-1	0	0	42	0	30	-1	0	-1	0	-1	0	32	-1	0	8	0	0	27	-1	0	0	35	-1
c22524	5	12	-1	21	0	20	20	0	-1	0	39	30	0	0	0	0	-1	-1	-1	12	48	0	-1	-1	0	-1	-1	-1	44	-1
c22527	0	-1	0	36	0	0	0	-1	0	0	0	8	-1	-1	0	0	0	0	-1	20	0	0	12	0	0	10	35	-1	-1	-1
c22540	48	12	2	-1	32	0	0	-1	0	-1	0	30	-1	0	-1	0	38	0	0	41	45	-1	-1	3	27	48	0	-1	35	-1
c22544	0	12	2	-1	0	12	44	-1	-1	0	0	30	0	-1	-1	0	0	0	25	0	47	0	0	-1	0	48	0	0	0	-1
c22583	0	12	-1	0	0	0	0	0	32	0	0	30	0	0	0	0	-1	-1	-1	36	0	-1	0	0	0	48	0	0	25	-1
c22595	-1	12	33	36	0	-1	0	0	-1	8	0	50	0	-1	0	41	-1	0	-1	-1	32	0	-1	0	-1	-1	0	17	0	-1
c22604	-1	12	0	0	0	0	0	38	48	12	7	30	-1	0	-1	10	0	-1	39	-1	-1	0	1	0	0	0	50	8	0	-1
c22607	-1	12	49	0	0	0	-1	-1	-1	0	7	-1	-1	-1	-1	10	0	-1	-1	0	0	0	34	0	0	29	0	8	35	-1
c22610	17	12	12	-1	0	-1	-1	0	0	-1	0	30	0	0	0	36	-1	0	0	-1	0	-1	0	0	0	8	-1	0	-1	-1
c22617	22	12	0	0	-1	33	0	0	45	-1	-1	30	0	0	-1	48	0	0	0	0	0	39	4	0	17	33	0	0	0	-1
c22620	0	12	0	39	0	10	-1	0	0	0	-1	30	-1	-1	-1	10	0	-1	-1	0	0	0	0	22	0	0	26	8	0	-1
c22641	0	-1	2	0	-1	32	-1	0	0	0	0	30	0	0	0	0	0	0	-1	36	0	-1	-1	0	0	48	0	0	0	-1
c22646	-1	12	-1	-1	-1	0	0	-1	-1	0	-1	30	0	32	12	33	0	-1	0	-1	0	0	-1	-1	0	0	0	12	0	-1
c22652	8	12	0	0	4	17	20	0	-1	0	0	30	-1	32	0	0	26	0	44	0	35	0	-1	0	0	0	-1	0	47	-1
c22653	8	-1	0	0	4	-1	20	0	-1	0	0	30	0	32	-1	0	-1	0	44	-1	35	0	-1	0	0	0	0	-1	47	-1
c22654	0	12	2	0	0	0	0	-1	49	0	21	-1	-1	0	0	-1	-1	-1	0	0	8	-1	0	0	0	-1	-1	-1	-1	-1
c22656	-1	12	-1	36	0	0	0	-1	0	27	0	0	0	39	4	0	0	0	-1	0	32	0	0	0	48	0	24	0	0	-1
c22667	44	12	-1	18	4	0	0	0	-1	0	0	30	0	32	0	0	-1	15	44	0	35	0	-1	-1	0	0	0	0	0	-1
c22676	0	-1	-1	0	-1	10	0	-1	0	-1	0	30	12	17	0	0	-1	0	8	0	0	-1	0	0	0	0	0	0	-1	-1
c22685	0	12	0	0	-1	0	0	-1	-1	0	35	30	0	32	-1	0	26	15	44	0	35	-1	-1	12	0	0	10	0	-1	-1
c22690	0	12	0	0	44	33	17	0	0	0	6	-1	0	21	-1	0	-1	-1	27	0	0	-1	4	0	-1	0	25	0	0	-1
c22698	-1	12	0	0	4	0	0	23	-1	0	0	-1	35	32	-1	0	26	0	44	-1	-1	4	-1	0	0	0	0	0	0	-1
c22699	0	12	0	0	4	-1	0	23	-1	-1	0	30	35	-1	-1	0	26	-1	44	0	35	4	-1	0	0	0	-1	-1	0	-1
c22704	0	12	-1	0	4	0	0	0	-1	0	35	30	0	32	0	0	26	15	-1	0	35	0	-1	12	0	-1	-1	5	0	-1
c22709	-1	12	-1	0	4	0	0	0	-1	-1	-1	30	-1	-1	0	0	26	0	44	0	-1	17	-1	0	-1	0	41	-1	12	-1
c22710	0	12	12	-1	-1	0	0	44	-1	0	0	30	25	10	27	-1	0	-1	1	0	-1	0	0	0	-1	0	-1	-1	44	-1
c22720	0	12	0	0	-1	0	0	17	0	-1	26	30	0	0	0	9	48	-1	0	16	0	44	0	-1	-1	48	25	-1	-1	-1
