	0	1	2	3	4	5	6	7	8	9	10	11	12	13	14	15	16	17	18	19	20	21	22	23	24	25	26	27	28	29
c1975	0	19	0	0	0	0	0	-1	11	45	18	0	0	0	0	0	18	0	3	0	0	34	11	-1	0	0	0	0	12	0
c2682	-1	0	0	-1	23	-1	18	31	-1	0	17	-1	4	0	-1	0	41	0	-1	0	-1	0	0	0	-1	0	-1	0	-1	0
c2734	0	0	-1	-1	40	-1	0	5	0	3	-1	0	4	0	26	0	0	0	-1	0	0	41	0	-1	0	0	3	0	0	0
c2783	7	3	0	0	3	-1	-1	0	0	0	0	34	4	3	0	29	-1	0	0	-1	35	0	0	0	5	0	5	0	0	-1
c3007	0	0	26	4	5	0	0	-1	0	0	12	0	-1	30	0	-1	-1	-1	0	0	11	-1	11	23	8	3	-1	3	34	-1
c3956	0	45	0	0	0	0	7	-1	0	0	18	0	0	0	0	0	-1	-1	0	17	0	34	26	0	35	3	0	0	21	-1
c3964	0	-1	0	0	0	0	1	-1	0	0	4	0	0	0	0	45	0	5	-1	0	0	0	-1	3	0	3	0	0	0	3
c4214	0	0	5	0	0	0	0	0	0	0	21	5	-1	0	0	0	0	-1	0	-1	12	0	-1	0	0	0	0	-1	-1	0
c4606	0	0	0	0	-1	0	0	-1	0	0	0	0	42	0	17	0	41	0	0	-1	0	-1	7	12	0	0	11	0	0	5
c5001	0	11	-1	0	0	0	0	45	0	0	18	0	0	10	0	-1	18	0	0	5	0	34	0	21	41	0	27	0	-1	10
c5233	-1	-1	49	-1	0	-1	-1	0	-1	8	0	-1	4	11	-1	-1	0	0	-1	0	-1	0	-1	31	-1	-1	0	0	0	33
c5321	0	-1	0	0	0	-1	0	0	0	-1	-1	0	0	0	0	45	18	-1	0	-1	0	34	-1	-1	-1	15	-1	8	0	-1
c5357	0	0	0	0	0	18	0	0	0	45	18	0	-1	0	0	37	18	47	0	0	17	34	31	11	0	11	48	0	-1	0
c5615	0	0	0	0	28	3	-1	0	0	0	18	0	-1	10	0	0	-1	0	0	34	3	34	0	0	45	0	0	0	-1	10
c5768	0	0	26	-1	5	-1	0	0	0	0	0	0	34	3	-1	-1	-1	4	0	0	0	0	11	-1	8	3	3	3	34	-1
c5817	46	0	0	0	0	0	0	0	0	45	-1	10	0	0	0	0	-1	17	0	-1	0	34	0	-1	0	0	0	-1	0	0
c5851	0	0	0	0	0	-1	-1	-1	0	0	0	0	4	0	26	-1	12	-1	0	0	-1	3	-1	18	-1	0	4	0	0	0
c5854	-1	0	0	-1	41	0	0	-1	-1	0	-1	-1	3	23	0	0	18	5	-1	0	0	34	0	0	0	-1	0	3	0	0
c6168	0	1	-1	3	3	48	0	0	-1	0	-1	-1	0	0	-1	26	0	0	0	5	0	0	18	42	0	3	40	13	12	0
c6204	0	0	0	0	0	0	-1	-1	0	0	4	-1	0	0	0	0	0	-1	0	0	0	-1	0	3	-1	3	-1	-1	-1	3
c6375	0	0	3	0	17	0	0	17	13	0	18	-1	0	10	0	0	18	49	0	0	0	-1	0	-1	0	0	5	0	0	10
c6454	0	21	0	21	-1	26	-1	-1	-1	-1	-1	35	0	0	-1	0	-1	0	5	5	-1	-1	0	0	0	3	-1	21	0	0
c6703	0	-1	11	0	0	5	-1	7	0	-1	18	0	0	0	0	0	-1	47	0	0	-1	34	0	11	0	3	-1	0	0	0
c6708	34	0	0	3	-1	-1	-1	0	0	0	9	0	0	11	-1	0	-1	-1	0	0	0	0	0	0	0	0	-1	0	0	-1
c6764	-1	0	49	19	0	-1	0	-1	0	0	-1	0	4	0	35	-1	0	0	21	0	0	0	0	0	3	-1	-1	0	-1	33
c6879	35	-1	34	-1	-1	-1	0	0	0	0	5	-1	49	0	10	-1	0	0	-1	0	-1	-1	49	0	-1	-1	0	3	34	17
c6986	0	0	0	3	0	0	1	14	0	0	4	0	-1	0	0	-1	0	-1	0	0	7	0	0	3	49	3	0	-1	0	3
c7073	0	0	0	-1	21	0	1	0	0	7	4	0	34	0	0	0	11	12	0	0	7	0	-1	3	0	-1	-1	0	45	3
c7134	0	10	23	0	-1	0	3	45	-1	0	0	0	0	-1	3	0	13	35	0	5	-1	-1	0	-1	0	3	-1	0	0	0
c7216	17	0	0	-1	5	0	-1	0	0	0	0	0	0	0	0	-1	0	-1	0	-1	42	45	45	0	0	-1	3	3	-1	17
c7233	0	0	26	0	0	0	0	21	0	-1	18	0	0	0	-1	0	18	0	0	17	0	34	26	0	35	3	0	0	0	0
c7263	-1	-1	17	0	0	-1	0	0	0	27	0	4	4	-1	17	0	-1	35	0	0	-1	-1	21	0	48	-1	0	-1	0	0
c7289	0	0	-1	-1	-1	0	1	-1	0	0	4	0	11	-1	0	-1	0	0	0	0	7	0	0	3	0	3	0	0	0	-1
c7361	0	-1	-1	0	-1	-1	18	5	0	0	0	0	4	26	26	0	0	0	-1	0	0	49	0	18	0	-1	0	9	0	0
c7364	0	0	-1	5	21	-1	-1	-1	37	49	18	0	0	-1	0	0	18	0	3	0	5	34	0	41	17	0	0	-1	5	0
c7388	0	-1	0	3	-1	0	1	21	0	0	-1	-1	0	0	0	0	0	0	0	0	7	0	0	3	0	3	-1	0	0	-1
c7389	0	-1	0	3	12	-1	1	21	0	0	4	0	0	-1	0	0	11	0	0	0	-1	0	-1	3	0	-1	-1	0	-1	3
c7454	-1	0	0	0	17	-1	1	0	0	-1	4	35	7	35	0	0	0	21	0	0	7	0	0	3	0	3	0	35	-1	3
c7469	45	0	-1	0	0	-1	12	0	-1	0	0	0	4	-1	45	0	-1	7	0	0	35	0	0	0	0	-1	5	0	0	0
c7541	0	0	7	0	3	-1	0	45	0	-1	-1	0	12	0	-1	4	0	-1	0	5	0	0	0	-1	-1	3	40	-1	9	32
c7543	0	10	0	0	0	0	49	0	-1	45	18	-1	-1	-1	0	-1	18	0	0	0	0	34	0	11	0	0	0	0	0	0
c7615	0	11	-1	-1	5	0	0	0	-1	-1	-1	0	45	0	0	3	0	0	0	12	42	13	-1	0	0	-1	3	3	34	17
c7869	11	0	0	19	0	-1	0	0	-1	-1	3	-1	4	-1	35	3	0	-1	-1	12	0	0	-1	0	3	-1	0	-1	0	33
c7978	0	0	0	0	-1	-1	18	-1	0	0	17	-1	4	3	0	0	41	-1	0	0	-1	0	0	49	0	0	0	0	0	0
c7982	34	21	0	3	-1	3	0	6	3	-1	9	19	0	17	-1	0	-1	0	0	-1	0	0	0	0	0	-1	-1	-1	0	0
c8069	11	0	-1	19	31	-1	0	0	-1	0	0	-1	4	-1	35	3	0	-1	-1	12	0	-1	0	49	3	0	0	0	0	-1
c8114	-1	34	17	5	34	-1	0	0	-1	-1	-1	-1	0	-1	-1	-1	0	0	35	0	11	0	0	0	18	0	0	0	0	33
c8168	-1	0	-1	0	0	0	0	-1	7	0	0	0	0	0	0	0	11	33	0	5	0	21	0	-1	-1	-1	0	0	0	18
c8244	13	0	0	0	0	0	0	0	-1	45	18	0	0	12	0	-1	-1	0	0	0	-1	34	0	11	0	0	0	0	0	0
c8255	-1	42	0	12	40	-1	0	5	-1	-1	0	-1	-1	0	26	3	0	-1	21	0	0	0	-1	-1	0	-1	0	17	-1	0
c8322	0	-1	-1	19	13	-1	5	0	3	11	0	0	4	0	35	0	0	0	3	-1	0	0	0	0	3	-1	45	0	0	33
c8372	0	10	-1	0	3	0	3	45	0	0	0	-1	0	0	48	0	0	35	-1	5	0	40	0	-1	0	3	40	0	21	-1
c8502	-1	-1	7	0	0	0	0	0	-1	0	-1	0	0	0	-1	-1	18	0	0	0	44	34	37	-1	18	0	0	0	1	21
c8649	-1	0	-1	0	0	0	0	13	49	0	0	0	21	3	0	-1	11	33	0	5	0	-1	0	0	0	3	0	0	0	18
c8696	0	-1	-1	0	3	0	0	45	0	0	-1	11	-1	0	-1	0	0	12	11	5	0	0	0	-1	-1	3	-1	0	0	-1
c8735	0	3	0	0	-1	0	-1	45	-1	-1	0	40	-1	0	0	0	-1	0	0	-1	-1	-1	0	0	0	-1	40	0	-1	45
c8780	0	18	-1	0	0	15	18	-1	0	0	21	5	-1	17	0	0	-1	-1	-1	21	-1	1	-1	0	0	0	0	0	-1	0
c8882	0	0	0	3	0	0	-1	5	0	0	4	0	0	-1	-1	18	0	0	46	0	0	0	0	3	-1	3	0	-1	34	3
c8940	0	49	8	0	8	0	40	-1	-1	0	18	-1	0	-1	0	0	18	0	13	0	0	-1	0	12	8	0	0	0	0	0
c8981	0	0	0	0	0	0	-1	-1	0	45	18	0	0	-1	0	17	18	0	-1	11	-1	-1	0	11	0	-1	0	0	-1	0
c8987	0	-1	0	0	3	0	-1	40	-1	0	-1	0	40	0	-1	11	-1	-1	0	-1	0	0	0	0	-1	3	-1	0	36	0
c9071	0	6	0	-1	18	0	1	0	21	44	4	0	-1	0	0	-1	0	-1	0	-1	7	0	-1	-1	0	-1	-1	0	0	3
c9198	0	0	0	3	0	21	-1	0	0	0	4	0	0	11	0	0	0	-1	0	0	7	-1	0	3	49	3	0	-1	0	3
c9215	3	0	0	0	0	-1	18	-1	-1	-1	17	0	4	0	0	0	41	-1	0	-1	0	-1	21	-1	0	0	-1	0	0	0
c9226	31	0	0	0	43	0	0	0	0	0	-1	4	0	50	0	0	7	21	26	0	-1	-1	3	-1	48	0	-1	0	0	0
c9296	3	0	0	23	41	0	0	-1	-1	13	-1	-1	3	-1	0	0	18	0	0	-1	0	34	15	0	-1	0	0	3	0	0
c9346	0	35	0	13	34	0	0	0	0	0	-1	43	0	0	17	-1	19	-1	0	0	0	48	0	0	0	29	0	-1	9	17
c9434	-1	0	0	-1	0	2	0	11	0	0	-1	0	-1	0	0	0	18	15	3	17	0	34	26	0	35	3	-1	0	0	-1
c9486	0	0	0	0	0	0	0	0	0	-1	4	-1	0	0	0	0	3	17	0	26	0	0	0	3	0	-1	-1	48	0	-1
c9554	-1	0	0	4	-1	0	0	-1	0	-1	0	0	49	0	0	-1	0	18	-1	0	-1	0	-1	0	21	-1	-1	3	-1	-1
c9556	0	0	0	-1	40	-1	10	-1	0	-1	-1	45	-1	0	26	0	0	-1	48	0	-1	0	0	-1	11	21	0	21	0	0
c9569	0	10	23	0	3	37	3	45	0	0	0	-1	0	0	-1	11	0	35	0	5	0	40	0	0	-1	3	40	0	0	-1
c9591	0	34	17	0	34	21	0	0	7	0	0	0	0	0	-1	0	0	0	11	0	0	0	0	-1	18	0	11	-1	-1	0
c9597	0	0	21	-1	0	0	0	0	29	0	18	0	0	10	-1	0	18	0	0	-1	-1	34	0	0	8	0	0	0	0	10
c9654	-1	-1	49	-1	-1	-1	5	-1	3	11	0	0	4	-1	35	0	0	0	0	0	-1	0	0	-1	3	-1	0	0	-1	33
c9725	0	0	0	43	0	-1	0	-1	0	0	18	0	0	-1	31	0	18	0	13	-1	-1	34	0	-1	0	-1	0	-1	0	49
c9867	0	-1	49	19	0	-1	-1	-1	3	3	21	0	4	0	35	11	0	0	0	-1	0	0	0	0	3	-1	0	11	0	33
c9869	19	0	0	0	0	13	0	0	0	0	-1	48	0	10	-1	0	18	-1	-1	0	0	-1	-1	0	0	0	0	0	0	10
c9915	0	0	26	-1	0	-1	4	0	-1	0	-1	4	-1	-1	0	0	7	0	0	0	1	0	3	-1	-1	0	0	0	-1	0
c10017	49	0	-1	0	-1	-1	37	18	-1	3	0	3	3	-1	-1	-1	49	0	0	-1	3	-1	0	0	0	-1	-1	0	0	0
c10090	0	0	0	-1	5	11	0	0	0	0	3	-1	45	0	-1	3	0	0	0	-1	42	21	0	0	0	3	3	3	34	17
c10104	0	-1	-1	0	3	-1	-1	0	0	45	18	0	0	0	0	31	18	0	0	45	-1	-1	0	11	-1	-1	0	0	0	0
c10110	-1	0	-1	5	0	2	0	0	0	-1	18	0	0	0	0	-1	18	0	0	-1	0	34	-1	11	35	3	0	0	0	0
c10176	0	0	0	4	5	45	0	-1	0	3	-1	-1	45	-1	14	3	41	-1	-1	12	42	-1	0	-1	0	3	3	-1	34	17
c10178	21	-1	-1	11	0	0	0	0	-1	3	0	0	-1	0	0	-1	-1	33	0	-1	-1	0	19	0	0	-1	0	0	-1	-1
c10180	0	0	0	49	0	3	17	-1	0	-1	18	0	-1	10	0	0	-1	0	16	34	-1	34	0	0	-1	0	0	0	0	10
c10186	-1	-1	0	0	0	-1	0	0	49	45	18	0	-1	0	45	-1	18	0	-1	0	22	34	-1	11	0	0	0	-1	0	0
c10228	0	-1	0	0	34	7	0	-1	-1	17	3	48	0	-1	17	17	0	-1	0	0	0	-1	0	0	0	0	-1	11	4	4
c10247	0	-1	-1	-1	0	-1	-1	0	0	0	0	5	4	0	35	0	0	-1	0	0	0	-1	40	0	3	-1	0	0	0	33
c10335	0	0	0	0	21	0	-1	0	49	0	18	0	0	0	-1	0	18	0	0	0	0	-1	-1	0	41	0	0	0	0	0
c10337	-1	0	5	-1	0	-1	0	21	0	0	0	0	4	15	35	45	0	3	-1	45	17	0	-1	0	3	19	0	-1	0	33
c10372	0	0	-1	0	0	-1	18	31	0	0	0	0	-1	0	-1	-1	41	-1	0	0	0	0	-1	0	3	-1	-1	35	-1	-1
c10420	-1	0	0	0	-1	-1	0	-1	-1	0	-1	15	0	0	0	0	-1	0	5	5	49	0	0	0	0	3	40	-1	0	0
c10453	0	0	-1	0	34	0	-1	-1	0	0	0	0	0	0	17	0	-1	0	0	0	-1	0	0	0	-1	-1	0	11	4	0
c10455	0	0	11	45	0	-1	-1	49	0	0	17	3	4	0	0	35	0	0	-1	42	0	0	0	0	0	0	0	0	-1	0
c10514	0	0	0	0	0	4	4	0	-1	-1	0	-1	0	50	0	0	7	-1	-1	10	1	0	3	0	48	0	0	49	0	0
c10527	10	3	0	0	-1	0	0	0	11	45	18	0	0	-1	0	0	-1	7	0	-1	0	-1	11	0	0	0	18	11	12	0
c10538	0	0	0	0	-1	-1	0	0	0	3	18	-1	0	-1	-1	-1	18	0	0	-1	0	34	0	0	46	0	21	0	0	10
c10547	0	-1	49	19	5	-1	34	0	3	-1	-1	0	-1	0	35	-1	0	-1	-1	23	0	0	0	0	3	-1	0	11	0	33
c10558	0	-1	0	0	-1	0	-1	-1	-1	0	-1	0	0	0	-1	0	0	0	-1	-1	0	-1	17	-1	0	3	40	-1	0	0
c10559	-1	0	0	-1	-1	0	-1	0	-1	0	-1	0	0	-1	0	0	-1	0	5	-1	-1	-1	-1	35	0	3	40	0	0	12
c10590	0	0	-1	0	-1	3	0	45	-1	0	33	11	0	0	-1	0	0	-1	0	-1	0	0	0	0	-1	3	40	-1	0	-1
c10602	17	-1	0	0	0	8	0	0	-1	-1	0	-1	-1	0	-1	-1	-1	0	0	0	0	-1	15	0	0	3	0	0	0	0
c10603	17	-1	-1	0	0	49	0	0	0	-1	0	-1	0	0	0	0	0	0	0	0	0	3	-1	0	-1	3	0	0	35	0
c10644	0	0	31	0	3	-1	-1	-1	-1	0	-1	0	40	0	7	-1	0	7	0	5	0	-1	0	0	0	3	40	-1	0	0
c10713	0	0	0	31	-1	0	0	0	0	0	-1	4	4	-1	0	0	-1	5	0	-1	1	0	21	0	-1	0	0	29	0	0
c10727	3	0	0	-1	41	0	-1	-1	0	0	-1	-1	3	0	0	0	18	3	0	0	-1	34	0	-1	0	4	0	3	0	0
c10814	0	-1	48	0	-1	31	1	0	17	0	4	0	-1	0	-1	11	0	49	0	-1	0	0	0	3	-1	3	0	7	0	3
c10901	0	-1	0	-1	0	0	1	5	46	0	4	-1	-1	0	0	0	-1	0	0	18	7	0	21	3	-1	3	0	0	-1	-1
c10927	0	0	38	0	3	0	-1	0	-1	5	-1	0	0	0	0	17	18	-1	0	-1	-1	0	0	35	0	3	40	35	0	-1
c10931	0	0	-1	0	-1	0	41	0	0	21	-1	0	0	0	0	0	-1	33	0	5	0	0	0	0	0	-1	-1	0	-1	18
c10975	0	18	-1	-1	0	-1	0	0	7	0	-1	-1	0	0	0	0	11	-1	0	5	3	21	0	0	-1	-1	0	0	21	18
c10995	0	10	23	-1	3	37	-1	45	0	-1	-1	0	0	-1	-1	-1	0	35	0	5	0	-1	0	0	-1	-1	40	-1	0	-1
c11002	-1	-1	0	19	-1	-1	0	0	0	-1	0	0	4	0	35	-1	0	0	0	45	-1	-1	-1	-1	3	35	-1	0	45	33
c11029	0	0	0	49	3	32	0	0	-1	25	-1	37	0	0	0	-1	42	0	0	5	-1	40	0	0	0	-1	40	49	34	8
c11066	0	18	3	-1	-1	-1	18	31	-1	0	0	0	-1	2	12	0	41	5	-1	-1	-1	0	0	0	11	0	0	0	33	0
c11257	-1	0	49	19	0	-1	0	0	0	0	-1	0	4	0	35	0	-1	0	-1	0	-1	0	-1	0	-1	-1	0	0	0	33
c11260	-1	0	0	-1	0	0	12	0	-1	-1	4	0	0	0	0	0	26	0	0	0	-1	-1	0	3	0	3	0	48	0	3
c11339	-1	17	0	3	34	0	0	-1	-1	5	0	0	0	0	17	-1	0	0	0	0	0	0	0	0	-1	0	0	11	4	-1
c11448	0	-1	23	-1	3	5	0	45	0	0	-1	3	0	0	-1	26	0	0	48	5	0	0	-1	0	0	-1	40	-1	-1	-1
c11453	34	4	41	3	34	0	0	0	0	-1	9	0	0	11	17	0	0	35	0	0	0	0	-1	0	0	-1	-1	0	-1	45
c11502	0	0	-1	-1	-1	-1	0	0	0	11	0	21	19	0	0	0	-1	0	0	5	0	0	0	0	0	3	-1	-1	0	18
c11512	0	0	37	27	-1	-1	0	0	49	0	18	-1	0	-1	31	0	18	0	-1	0	32	34	0	-1	41	0	-1	0	-1	-1
c11517	0	0	4	0	0	0	0	0	3	45	18	0	0	-1	0	0	18	17	0	0	0	34	0	11	-1	0	0	0	0	0
c11546	0	0	0	0	0	-1	18	31	3	-1	17	45	-1	0	0	0	41	0	0	0	48	3	0	0	35	-1	17	0	0	0
c11561	-1	-1	6	-1	0	11	0	0	-1	45	18	0	-1	-1	0	34	18	-1	-1	0	50	34	-1	0	-1	0	3	0	12	45
c11570	0	0	0	3	34	0	-1	0	0	0	0	0	0	0	-1	0	0	-1	0	0	0	-1	0	0	21	0	0	11	4	0
c11571	0	-1	0	3	-1	0	-1	0	0	-1	0	0	0	0	17	0	0	0	0	0	0	0	0	45	21	0	0	11	4	-1
c11611	0	0	0	0	17	0	0	0	13	0	18	45	0	10	0	0	-1	-1	0	0	-1	-1	-1	0	0	0	5	0	0	10
c11632	0	0	0	0	0	0	0	0	0	0	0	4	12	50	45	-1	7	0	-1	0	1	5	3	0	48	-1	0	0	0	-1
c11656	13	0	-1	0	0	0	0	0	0	45	18	3	0	0	12	49	18	0	0	-1	0	34	0	11	0	-1	0	0	12	46
c11770	0	-1	0	0	0	-1	-1	31	3	0	17	-1	-1	0	-1	-1	41	-1	0	3	-1	0	0	3	-1	0	0	0	0	0
c11805	0	0	0	-1	0	4	4	-1	-1	0	-1	4	0	50	0	0	7	3	0	-1	1	0	3	0	48	0	0	-1	0	0
c11826	49	-1	0	0	-1	0	0	0	0	0	0	-1	3	38	17	-1	49	0	0	0	-1	0	0	0	0	-1	-1	0	0	-1
c11827	49	0	11	0	34	0	0	0	0	0	0	-1	-1	38	17	0	49	0	0	0	3	0	0	0	0	0	49	0	-1	0
c11838	0	0	0	0	-1	17	0	0	0	0	-1	0	0	0	0	-1	18	0	0	0	0	34	0	0	41	15	0	0	13	0
c11863	-1	34	33	0	-1	11	0	0	0	0	18	35	-1	0	0	-1	18	-1	0	0	0	34	48	17	0	0	-1	21	49	-1
c11871	-1	9	0	19	-1	-1	0	-1	31	0	-1	0	4	0	35	-1	0	0	0	45	0	-1	0	3	-1	0	0	0	49	33
c11900	46	0	0	-1	5	45	0	-1	0	45	-1	10	0	0	0	31	18	-1	0	0	0	34	0	11	-1	0	-1	35	0	0
c11901	46	0	0	0	5	0	0	0	0	45	-1	10	-1	0	0	31	18	17	0	-1	0	34	0	11	0	0	0	35	0	-1
c11903	18	0	-1	45	-1	0	0	0	0	0	-1	0	-1	0	-1	-1	0	0	-1	5	29	0	0	3	-1	3	29	48	4	-1
c11904	0	3	0	0	21	0	-1	0	49	-1	18	0	0	0	-1	-1	18	0	0	0	-1	-1	0	-1	41	0	0	0	0	0
c11939	31	0	0	-1	-1	-1	18	31	-1	3	0	-1	-1	2	-1	0	41	5	48	-1	-1	0	0	-1	0	0	0	-1	33	0
c11972	31	0	-1	3	-1	0	-1	0	0	0	18	11	3	0	35	0	18	0	0	-1	45	34	48	0	-1	-1	-1	0	7	-1
c12065	45	12	0	0	13	0	6	37	0	-1	18	-1	0	-1	0	0	18	-1	-1	-1	0	34	48	-1	0	0	0	0	49	0
c12094	-1	26	-1	3	-1	-1	0	6	3	0	9	0	0	17	-1	-1	-1	10	-1	12	-1	0	0	0	0	0	-1	-1	0	-1
c12106	0	0	-1	0	-1	-1	0	48	0	0	0	0	4	0	0	29	41	0	0	0	35	0	8	-1	48	0	42	0	49	0
c12166	0	0	0	0	17	-1	0	-1	49	0	18	0	-1	-1	0	-1	18	11	0	0	0	34	0	-1	0	0	0	0	0	10
c12194	-1	0	0	-1	0	0	0	0	0	0	18	0	0	0	-1	0	18	0	0	17	0	34	26	0	35	3	0	0	-1	6
c12203	17	0	21	18	3	0	35	45	-1	0	35	0	13	0	45	0	0	0	0	5	0	0	0	0	0	3	-1	-1	-1	45
c12254	0	0	17	-1	0	0	0	-1	-1	45	18	0	0	0	0	0	18	0	3	0	0	-1	11	-1	0	11	0	-1	12	-1
c12269	0	-1	0	0	0	0	0	0	-1	0	18	0	0	0	-1	0	18	35	-1	17	0	34	26	-1	35	3	0	0	0	0
c12317	0	10	23	0	3	0	3	-1	-1	0	0	0	-1	0	3	0	0	35	0	5	0	0	0	0	0	-1	40	0	-1	0
c12325	34	-1	0	-1	34	3	0	0	0	0	0	0	-1	45	17	-1	49	18	-1	0	0	0	0	-1	0	8	0	0	0	0
c12338	11	42	0	-1	40	-1	-1	5	0	0	-1	0	4	-1	26	3	0	0	-1	-1	-1	-1	0	18	0	0	-1	0	0	45
c12339	11	-1	0	12	-1	-1	4	5	0	0	0	0	4	0	26	3	0	0	0	0	-1	0	0	18	0	0	0	0	0	-1
c12367	0	0	-1	0	0	0	0	0	0	-1	18	0	0	0	0	0	18	0	0	0	0	34	0	0	41	0	-1	11	0	0
c12393	0	0	0	-1	5	0	0	0	0	0	0	0	45	-1	0	-1	0	0	0	12	42	21	-1	0	-1	3	3	3	34	17
c12397	3	0	0	0	0	0	0	50	0	0	18	0	-1	0	0	0	18	0	0	0	0	34	48	0	0	0	-1	0	49	0
c12431	0	0	0	12	40	-1	0	5	0	0	0	0	4	49	26	3	0	0	-1	0	-1	0	12	18	0	0	0	-1	-1	0
c12441	0	0	0	19	-1	-1	26	0	-1	0	0	0	4	0	35	-1	0	0	0	45	0	0	-1	0	3	35	0	45	-1	33
c12462	0	-1	0	0	34	-1	3	21	0	0	0	-1	3	5	17	0	0	0	-1	0	0	0	0	0	0	-1	0	0	0	45
c12606	0	0	3	49	3	-1	0	0	0	0	0	-1	4	0	0	0	41	0	0	0	-1	0	35	5	45	11	48	0	0	21
c12632	0	0	0	0	34	0	0	0	-1	0	0	0	42	0	17	17	41	0	0	0	0	-1	7	-1	0	-1	-1	-1	0	0
c12638	0	0	49	0	0	0	0	0	0	0	18	0	12	-1	0	-1	18	0	0	0	-1	34	0	41	17	0	0	49	5	17
c12659	0	-1	0	0	0	0	0	0	0	49	4	3	0	4	0	0	35	19	37	12	0	26	13	-1	0	3	0	48	0	3
c12683	0	-1	3	0	-1	0	1	0	-1	12	-1	-1	0	-1	0	0	40	0	0	0	-1	0	-1	-1	26	3	0	0	0	3
c12744	-1	0	34	4	5	0	-1	11	-1	15	0	0	0	0	13	3	0	0	0	12	42	0	-1	0	35	3	3	-1	-1	17
c12809	0	0	0	0	-1	48	0	3	-1	0	-1	12	12	0	0	0	0	0	0	5	0	0	0	0	0	-1	-1	0	-1	-1
c12857	0	0	0	0	-1	45	0	-1	-1	26	18	0	0	0	3	0	-1	0	13	3	-1	34	0	0	0	36	0	21	-1	0
c12874	-1	0	0	0	8	0	0	0	-1	-1	-1	0	0	0	0	-1	18	0	45	0	0	34	48	0	-1	0	-1	0	49	0
c12896	45	49	-1	19	0	-1	0	0	0	0	-1	37	4	0	35	0	0	0	0	17	-1	0	0	0	3	0	11	0	-1	33
c12903	11	0	38	-1	3	0	0	0	-1	5	-1	0	0	0	0	17	18	0	0	-1	0	0	49	-1	0	3	40	35	0	-1
c12948	0	0	0	0	-1	0	0	0	0	45	18	0	0	31	0	-1	18	0	7	-1	45	34	3	11	0	0	-1	0	-1	-1
c12988	0	-1	26	4	-1	25	0	-1	0	0	12	0	0	0	0	0	0	31	-1	-1	0	0	11	23	-1	3	0	3	34	17
c13112	0	-1	0	0	-1	0	0	0	0	0	-1	4	0	-1	-1	33	7	0	26	0	1	0	3	-1	48	0	43	0	41	0
c13113	0	0	0	0	-1	0	0	-1	0	0	-1	4	0	50	0	-1	7	0	26	0	1	0	3	0	-1	-1	43	0	41	0
c13137	0	0	0	45	8	0	0	-1	0	-1	0	26	0	-1	1	0	-1	3	-1	0	-1	0	0	0	-1	3	17	17	0	-1
c13204	0	0	-1	0	13	-1	-1	0	0	0	-1	4	4	50	-1	-1	-1	0	0	0	1	5	21	0	-1	5	0	0	0	30
c13259	-1	0	-1	0	0	-1	18	0	0	0	21	5	-1	-1	0	0	-1	-1	-1	21	0	-1	-1	49	0	11	0	0	-1	0
c13302	-1	0	0	0	41	0	0	-1	0	0	-1	-1	3	23	11	0	18	0	0	21	0	-1	0	0	0	0	-1	3	-1	0
c13313	0	0	0	0	-1	0	-1	0	0	0	18	0	0	0	0	0	-1	0	0	0	-1	34	0	0	41	0	0	46	0	0
c13404	0	0	-1	0	3	0	0	45	0	-1	0	11	0	-1	-1	0	0	12	0	5	0	0	0	0	0	3	40	-1	0	0
c13413	17	-1	-1	0	0	0	34	0	7	-1	0	0	0	0	0	-1	-1	0	0	0	0	0	0	0	-1	3	48	-1	0	17
c13485	0	21	0	0	-1	0	12	0	-1	0	4	0	0	-1	0	0	-1	0	0	-1	0	0	-1	3	0	3	3	48	0	-1
c13488	0	29	0	11	41	0	0	49	0	-1	-1	0	0	0	0	3	18	-1	0	0	0	34	49	0	0	34	0	0	0	0
c13552	0	-1	49	19	13	-1	5	0	-1	-1	0	0	4	0	35	0	0	-1	-1	0	0	0	0	0	3	-1	45	-1	0	-1
c13586	-1	26	0	0	3	-1	-1	-1	49	0	0	0	-1	19	0	0	41	-1	0	0	-1	0	0	0	0	0	0	0	11	0
c13657	17	0	0	0	-1	-1	11	-1	0	0	18	0	0	0	0	0	18	0	13	0	0	34	49	0	0	-1	0	0	-1	3
c13743	0	0	-1	-1	26	-1	0	0	0	0	0	0	19	-1	-1	0	-1	0	0	5	0	0	0	0	3	3	0	-1	0	18
c13778	0	21	0	0	0	-1	18	-1	0	0	17	0	4	0	32	0	41	0	0	-1	0	0	-1	-1	8	0	0	0	0	0
c13779	0	21	18	0	0	-1	18	31	0	0	-1	0	4	-1	32	-1	41	0	0	-1	0	0	0	0	0	0	-1	0	0	-1
c13797	0	0	0	0	34	0	0	0	-1	45	0	0	0	34	17	0	0	0	23	0	0	0	0	0	0	13	49	4	0	10
c13808	0	0	0	0	-1	0	-1	-1	5	45	-1	0	21	0	0	-1	18	0	0	0	0	-1	0	11	0	0	0	0	0	21
c13872	27	0	0	0	0	-1	-1	31	0	-1	-1	-1	-1	0	-1	10	41	34	0	0	-1	0	0	21	0	0	0	0	0	0
c13887	0	0	-1	-1	0	0	1	0	0	0	4	0	0	0	-1	35	0	0	0	12	0	0	-1	3	-1	3	0	0	0	3
c13892	0	10	0	-1	0	0	0	0	10	0	4	0	0	0	0	0	0	-1	0	0	0	-1	0	3	-1	3	29	48	0	-1
c13913	0	49	0	35	43	-1	0	0	-1	0	-1	4	0	-1	0	27	7	-1	26	0	-1	0	-1	0	48	0	0	0	-1	0
c13929	0	-1	49	7	0	0	0	-1	0	45	-1	0	0	0	-1	-1	0	-1	0	0	-1	-1	21	3	0	-1	0	48	0	-1
c13947	-1	0	6	0	0	0	3	0	11	-1	18	0	17	10	34	34	18	0	0	47	50	34	11	0	0	0	-1	0	-1	0
c13989	0	49	0	34	31	-1	1	-1	0	0	4	0	-1	-1	0	-1	0	0	0	-1	5	-1	11	3	21	3	0	0	-1	-1
c14012	0	0	3	8	3	0	0	15	-1	0	-1	0	0	0	0	-1	0	-1	0	5	15	0	35	-1	26	-1	40	0	0	0
c14105	0	0	23	0	-1	0	0	-1	23	0	0	-1	49	0	30	26	3	0	-1	5	13	0	-1	0	-1	3	40	0	34	0
c14118	34	0	0	0	34	0	12	0	0	10	0	-1	-1	0	17	0	37	0	-1	-1	0	5	0	0	48	-1	0	-1	7	3
c14194	0	0	23	0	3	0	0	45	0	0	11	0	-1	0	-1	26	0	-1	-1	5	0	-1	-1	0	0	3	40	0	-1	-1
c14216	-1	-1	5	-1	5	40	0	0	-1	45	-1	10	0	-1	0	31	18	17	0	0	0	34	0	11	0	0	-1	0	0	0
c14239	0	0	49	19	-1	-1	-1	-1	0	-1	-1	19	4	-1	35	7	0	0	0	0	0	0	7	0	3	-1	0	0	0	33
c14251	7	0	-1	0	-1	-1	15	0	0	11	4	33	18	0	0	-1	0	12	-1	0	0	0	0	3	0	3	0	48	0	3
c14259	0	0	-1	-1	43	0	49	0	3	0	-1	-1	0	50	-1	0	-1	-1	26	0	-1	-1	3	0	48	0	43	0	-1	0
c14269	40	0	-1	-1	3	0	0	45	0	0	-1	0	49	0	21	-1	3	0	-1	5	34	0	0	3	-1	3	-1	13	-1	-1
c14286	0	0	-1	0	0	19	0	0	-1	0	0	4	-1	50	30	0	7	0	0	0	1	0	3	0	48	0	-1	0	29	0
c14309	0	0	0	45	46	-1	8	-1	18	18	-1	0	4	0	0	35	17	34	-1	0	-1	-1	0	0	26	0	0	0	0	0
c14333	-1	-1	0	45	17	0	0	0	-1	0	-1	0	0	-1	0	0	18	0	0	0	0	34	-1	0	0	17	0	-1	0	10
c14400	0	4	0	19	0	-1	-1	0	0	0	-1	-1	4	-1	35	-1	11	-1	-1	-1	0	-1	0	0	3	0	49	7	-1	33
c14417	-1	0	0	1	3	0	0	45	-1	17	0	-1	45	0	-1	-1	0	0	-1	-1	0	-1	0	-1	0	3	40	17	0	-1
c14440	17	0	0	0	17	0	0	0	49	0	18	49	0	-1	0	0	18	0	-1	0	0	34	0	-1	0	0	0	0	0	10
c14441	-1	-1	0	0	17	0	-1	0	49	0	18	49	0	-1	0	0	18	0	-1	0	-1	34	0	-1	0	0	0	0	-1	10
c14488	0	0	0	0	0	-1	18	31	34	0	17	-1	4	0	0	0	41	0	0	0	3	-1	-1	12	-1	50	0	-1	45	0
c14557	0	31	-1	18	0	0	0	0	0	-1	-1	0	34	0	17	0	48	0	-1	0	-1	0	-1	0	0	3	18	0	0	0
c14565	0	43	0	0	41	0	0	49	0	-1	18	-1	0	0	0	0	18	0	0	0	0	34	49	0	-1	0	-1	0	0	0
c14633	0	0	6	-1	0	11	10	0	11	45	-1	0	0	-1	-1	33	18	0	-1	0	0	34	11	0	11	0	0	-1	12	-1
c14638	0	-1	0	0	0	-1	1	-1	-1	0	4	0	49	0	3	0	-1	-1	0	18	7	0	0	3	0	3	0	0	0	-1
c14730	-1	0	7	0	-1	3	0	45	0	-1	-1	11	0	0	-1	0	0	-1	0	5	0	17	7	0	0	3	40	-1	0	0
c14766	17	0	0	0	0	48	0	-1	-1	0	18	0	0	-1	0	-1	18	0	13	-1	0	34	49	0	0	0	0	-1	-1	3
c14790	0	0	23	0	3	-1	0	-1	0	-1	12	-1	49	0	21	26	-1	-1	0	5	0	-1	0	0	-1	3	-1	0	0	-1
c14812	34	0	-1	3	34	-1	-1	0	0	0	-1	0	14	11	17	0	0	19	0	-1	0	0	0	0	10	0	-1	0	0	0
c14834	11	42	0	12	40	-1	-1	5	0	0	0	-1	4	0	26	3	0	0	0	0	-1	-1	0	18	-1	0	0	0	0	-1
c14873	0	0	0	12	40	-1	48	5	0	0	0	-1	4	49	26	-1	0	0	0	0	0	0	0	-1	-1	48	0	0	0	-1
c14889	4	0	26	0	0	4	-1	-1	-1	0	10	4	-1	50	0	0	7	0	0	-1	1	0	3	0	-1	17	0	0	0	0
c14904	-1	0	4	0	7	0	1	5	0	0	4	0	0	-1	-1	18	0	0	46	0	1	0	0	3	0	-1	0	-1	34	3
c14922	11	0	0	-1	31	-1	0	0	-1	-1	0	-1	4	-1	35	3	0	0	0	12	0	0	0	49	3	0	0	0	-1	33
c14942	0	0	49	19	-1	-1	0	-1	0	-1	26	-1	4	-1	35	17	-1	-1	0	0	17	0	0	0	3	-1	0	3	12	33
c14945	0	0	0	0	-1	0	0	0	0	0	0	4	-1	50	-1	0	-1	45	26	26	1	5	3	0	48	0	0	0	-1	0
c14966	0	46	0	4	-1	7	0	-1	0	47	0	0	0	0	0	-1	0	0	0	12	42	45	-1	-1	0	3	3	-1	34	-1
c15012	-1	0	0	0	3	0	5	-1	-1	0	-1	-1	6	0	0	0	-1	0	0	5	-1	-1	1	-1	-1	-1	40	0	0	0
c15045	0	0	0	0	34	0	-1	0	-1	0	11	0	0	5	17	0	-1	0	0	-1	0	0	0	-1	21	-1	0	11	4	49
c15052	0	0	0	-1	-1	0	0	-1	0	0	-1	0	-1	0	0	0	5	0	0	0	0	0	0	0	5	-1	0	3	-1	17
c15059	-1	5	-1	3	3	-1	-1	0	-1	0	-1	5	0	0	0	0	0	-1	0	5	0	0	0	0	0	3	40	0	0	0
c15119	-1	4	0	3	34	0	0	0	-1	0	9	0	-1	11	17	0	0	0	0	0	-1	0	0	0	0	-1	-1	0	0	45
c15194	0	11	-1	17	-1	0	0	0	0	0	18	0	0	10	5	0	18	0	0	5	0	34	0	21	0	0	0	0	0	10
c15210	19	-1	0	0	33	0	1	-1	11	0	-1	0	0	0	49	0	10	35	0	0	7	-1	-1	-1	0	3	37	0	0	-1
c15211	0	0	0	0	33	0	1	0	11	0	4	-1	0	0	49	-1	10	35	0	0	-1	0	0	-1	0	3	37	0	0	3
c15228	0	0	0	0	-1	-1	0	0	-1	0	-1	0	0	0	0	-1	18	26	-1	-1	44	34	0	-1	0	34	0	45	1	21
c15323	0	9	0	7	-1	-1	0	0	0	0	4	0	0	0	0	0	0	3	0	0	0	0	0	3	0	3	-1	48	-1	-1
c15338	0	-1	0	0	-1	-1	0	-1	0	0	0	0	4	0	0	0	41	42	0	21	35	0	0	-1	0	48	0	0	0	0
c15340	34	0	0	3	34	-1	0	0	0	0	-1	0	14	11	17	0	9	0	0	0	-1	0	3	21	0	0	-1	0	-1	0
c15371	-1	0	-1	0	0	-1	18	31	11	0	17	0	4	23	0	0	41	0	7	0	3	21	-1	0	-1	-1	-1	0	0	0
c15378	0	0	0	0	34	0	35	17	-1	0	-1	0	0	-1	-1	0	0	0	0	0	-1	7	-1	42	0	34	29	-1	-1	5
c15384	-1	0	6	45	0	0	0	0	-1	45	-1	0	17	10	34	34	18	0	0	17	50	34	11	-1	0	0	-1	-1	12	0
c15402	0	-1	49	19	13	-1	5	31	3	11	3	0	-1	-1	35	0	-1	0	3	-1	-1	0	0	-1	-1	-1	45	0	0	-1
c15431	12	0	-1	-1	0	0	0	0	20	0	-1	4	0	50	0	-1	7	-1	0	0	1	-1	3	0	48	49	0	0	45	0
c15447	0	0	0	0	17	-1	11	0	0	0	18	0	0	10	0	0	18	-1	0	0	0	34	0	0	0	26	0	0	-1	10
c15468	12	-1	0	-1	0	-1	0	0	0	45	-1	-1	0	0	-1	0	18	0	0	0	0	34	-1	-1	0	-1	45	13	0	-1
c15501	0	-1	0	0	-1	48	0	3	-1	5	-1	-1	0	0	-1	0	0	0	48	5	-1	0	0	-1	0	3	40	0	-1	0
c15514	-1	35	0	13	34	0	0	0	0	0	0	43	-1	0	-1	-1	0	-1	0	0	-1	0	-1	0	0	29	-1	-1	-1	17
c15515	-1	35	-1	13	-1	-1	0	0	0	0	0	43	-1	0	17	-1	0	-1	0	-1	0	-1	0	0	0	29	0	0	9	-1
c15554	-1	0	7	-1	-1	5	0	45	21	0	0	11	0	0	-1	-1	0	12	0	5	0	0	0	0	0	3	-1	0	0	-1
c15558	0	0	49	-1	0	-1	0	0	0	0	0	0	-1	-1	35	7	0	0	0	17	0	45	0	-1	3	-1	0	-1	0	33
c15603	0	0	0	-1	-1	-1	0	0	-1	0	0	0	4	0	0	0	-1	0	0	0	35	-1	0	0	25	-1	5	0	-1	0
c15614	0	-1	29	-1	0	-1	0	0	0	-1	0	0	4	0	35	0	0	-1	0	17	0	0	0	0	3	-1	11	13	0	33
c15627	0	0	0	4	5	0	0	0	0	0	-1	-1	45	0	0	3	0	0	0	12	42	21	0	0	0	3	3	3	34	17
c15628	0	0	48	-1	5	3	1	0	0	21	4	0	49	0	-1	11	0	48	0	0	0	0	19	3	0	3	-1	0	-1	3
c15687	0	0	0	7	0	0	1	0	-1	-1	4	4	0	0	0	-1	0	0	0	0	-1	-1	0	3	-1	-1	34	-1	0	3
c15688	-1	-1	0	-1	5	-1	0	-1	0	0	5	0	0	5	0	3	0	0	49	12	42	0	0	0	0	3	3	-1	34	17
c15692	0	-1	0	0	0	0	0	0	0	-1	3	0	-1	-1	3	0	0	0	0	15	-1	17	0	-1	0	3	0	0	-1	-1
c15709	15	0	0	0	5	29	15	-1	0	11	-1	0	18	0	0	-1	0	12	0	0	-1	0	0	3	0	3	-1	-1	0	-1
c15710	0	0	0	-1	40	-1	3	-1	0	-1	0	35	4	49	26	3	0	0	-1	0	0	0	0	18	0	0	-1	0	49	0
c15776	4	-1	26	0	0	4	-1	45	-1	4	0	-1	0	50	0	0	7	-1	0	0	1	0	3	0	48	17	0	-1	1	0
c15802	-1	34	0	21	0	0	0	0	0	-1	18	0	-1	-1	0	17	18	0	7	11	0	34	0	11	-1	0	0	-1	0	3
c15809	0	-1	0	-1	0	-1	0	-1	0	0	-1	4	0	50	0	5	7	0	26	0	-1	0	-1	0	48	0	0	0	-1	11
c15827	0	0	0	0	19	0	0	0	0	0	18	0	0	-1	0	0	-1	0	0	-1	0	34	26	0	35	3	0	0	0	4
c15843	-1	-1	0	-1	5	-1	-1	-1	0	3	0	-1	45	0	0	3	41	0	0	12	-1	0	-1	0	0	3	3	3	34	17
c15860	0	0	0	0	0	-1	-1	0	0	45	18	0	0	0	0	0	18	0	0	0	0	34	0	11	-1	0	0	-1	0	-1
c15885	0	0	0	0	0	-1	18	-1	-1	0	-1	3	4	-1	-1	0	41	-1	-1	0	0	0	0	0	-1	0	0	0	5	0
c15906	49	-1	0	0	34	0	0	0	0	3	-1	-1	3	38	17	0	-1	0	0	0	3	0	-1	0	0	0	49	0	0	0
c15961	49	-1	0	0	17	0	35	0	13	0	-1	5	0	10	49	0	18	0	0	0	0	34	0	0	0	0	5	29	5	10
c15964	0	0	3	11	0	0	1	3	0	0	-1	0	0	0	0	-1	0	-1	0	0	7	0	0	-1	-1	3	0	0	45	-1
c15971	0	47	0	4	0	0	12	17	0	0	18	0	0	-1	0	49	18	0	0	0	0	34	-1	0	41	-1	0	0	0	3
c15973	0	-1	26	4	5	5	34	0	0	-1	0	0	0	-1	0	0	0	0	12	0	0	0	11	-1	8	3	0	-1	34	17
c15974	0	-1	3	0	0	-1	-1	31	-1	0	-1	0	4	41	32	0	41	0	-1	0	-1	45	-1	-1	0	0	-1	0	0	0
c15975	-1	0	3	0	0	-1	18	31	0	0	17	48	4	0	32	0	41	0	0	-1	0	45	0	-1	0	0	0	0	0	0
c15997	0	0	-1	0	0	0	-1	0	49	0	0	-1	0	3	0	0	-1	33	0	5	0	0	0	0	-1	3	0	0	0	18
c16036	-1	-1	23	12	3	0	0	45	-1	-1	0	-1	0	0	0	-1	0	0	-1	5	0	3	0	-1	0	3	40	21	-1	49
c16044	-1	11	0	45	0	0	-1	-1	0	0	-1	0	0	-1	37	0	18	0	0	5	0	34	0	21	0	0	27	0	0	10
c16059	0	0	0	-1	0	45	0	0	0	0	18	0	0	0	0	0	18	-1	0	17	0	-1	26	0	35	-1	0	0	0	-1
c16099	-1	0	-1	0	-1	0	-1	0	0	-1	0	5	0	-1	17	0	0	-1	0	0	0	7	0	-1	0	-1	0	0	0	0
c16147	31	23	-1	19	0	0	-1	-1	0	0	18	0	0	10	-1	0	-1	-1	-1	17	-1	34	-1	35	-1	-1	-1	0	-1	0
c16149	49	0	0	-1	-1	0	-1	0	49	0	17	3	3	38	17	0	49	-1	-1	0	3	21	0	0	0	-1	-1	0	0	8
c16154	0	0	0	0	0	0	0	37	0	0	18	41	0	-1	0	3	18	3	0	0	0	34	48	0	-1	0	35	0	49	-1
c16155	0	0	-1	0	0	0	0	37	-1	0	18	41	0	0	0	3	18	3	0	0	0	34	48	0	-1	0	35	0	49	-1
c16159	-1	0	-1	3	0	-1	8	49	26	0	17	3	-1	3	0	35	0	0	-1	42	17	0	0	-1	31	-1	0	0	0	45
c16160	46	0	0	0	5	49	0	0	0	-1	18	10	-1	0	0	0	18	17	-1	-1	0	34	0	-1	0	0	0	5	0	0
c16220	3	0	0	0	41	0	-1	-1	0	0	18	-1	3	23	-1	0	18	0	0	0	0	34	-1	0	-1	-1	-1	-1	0	0
c16233	3	0	0	0	0	-1	18	-1	-1	0	17	0	4	0	0	0	41	0	0	35	0	46	21	0	0	-1	-1	0	0	0
c16242	3	35	-1	-1	34	0	0	0	-1	0	0	43	0	0	17	-1	0	-1	0	0	0	0	0	0	0	29	0	0	9	17
c16256	-1	-1	23	0	3	0	3	-1	0	-1	0	0	0	0	-1	0	0	35	-1	5	0	-1	0	25	0	3	40	0	0	-1
c16281	0	0	-1	19	-1	-1	0	21	0	0	-1	0	4	0	35	0	30	0	-1	45	49	-1	0	0	3	-1	0	-1	-1	-1
c16295	0	-1	-1	-1	26	0	8	0	0	-1	0	0	19	-1	-1	-1	-1	0	49	5	0	0	0	0	18	3	0	-1	0	18
c16296	0	17	0	3	-1	-1	0	-1	-1	5	0	0	-1	0	17	-1	0	0	0	-1	0	-1	0	11	21	0	0	11	-1	0
c16309	0	0	0	0	-1	0	-1	0	0	0	18	0	-1	-1	0	-1	-1	0	0	0	0	34	0	0	41	15	0	0	-1	0
c16317	-1	0	-1	4	5	0	0	0	0	-1	0	0	-1	0	13	42	-1	-1	0	-1	42	-1	45	0	0	3	3	3	34	17
c16347	17	-1	0	0	0	0	-1	0	0	-1	0	-1	0	0	-1	0	-1	37	-1	-1	0	3	15	0	0	3	-1	34	-1	-1
c16376	0	0	0	0	0	0	49	0	0	-1	18	0	0	-1	0	17	18	-1	-1	0	0	34	0	11	-1	0	-1	0	-1	0
c16393	0	0	0	0	21	18	1	0	-1	7	4	0	0	-1	0	0	11	-1	29	0	7	0	0	3	0	3	-1	0	0	3
c16404	8	0	3	8	-1	-1	-1	15	-1	0	-1	0	-1	0	0	-1	0	-1	0	5	0	0	-1	7	-1	3	40	-1	0	0
c16409	46	-1	0	0	-1	49	0	48	0	-1	18	10	0	0	0	0	18	17	0	0	0	34	0	11	-1	0	0	5	0	0
c16410	11	0	-1	0	0	-1	0	24	-1	0	0	4	0	50	-1	0	7	35	0	0	1	23	3	0	48	0	0	-1	29	0
c16417	-1	0	0	-1	-1	-1	0	0	0	11	-1	0	4	0	18	0	41	5	0	-1	35	0	0	0	45	11	11	0	21	22
c16436	0	5	7	0	3	0	0	45	-1	0	10	0	12	0	-1	4	0	12	0	5	0	0	-1	0	49	3	40	0	9	-1
c16447	34	0	0	-1	34	-1	0	-1	0	0	0	0	-1	45	-1	0	0	18	0	0	0	-1	0	0	0	8	-1	0	0	0
c16448	0	1	-1	-1	3	48	0	-1	-1	-1	-1	-1	0	0	0	0	-1	0	0	-1	0	0	18	0	0	3	40	13	-1	0
c16472	0	0	23	-1	3	0	0	45	23	0	4	0	49	-1	0	26	3	0	0	5	0	0	0	0	-1	3	40	0	34	0
c16511	0	0	-1	-1	-1	-1	0	0	0	0	0	0	4	0	0	0	41	0	0	0	35	17	0	5	45	11	-1	0	0	26
c16532	0	0	9	1	3	29	0	45	17	0	49	0	31	-1	0	3	5	0	-1	5	0	0	0	-1	0	3	40	0	29	0
c16546	0	0	48	-1	0	0	1	-1	-1	0	-1	0	0	0	0	0	-1	12	0	0	7	0	0	3	31	3	-1	0	0	3
c16565	0	0	0	0	-1	3	1	0	0	-1	4	0	0	-1	-1	0	-1	-1	0	0	7	0	-1	3	0	3	-1	0	0	3
c16573	0	-1	45	10	0	-1	18	-1	0	0	17	0	4	0	-1	0	41	36	0	-1	0	-1	21	17	0	0	0	0	-1	34
c16577	-1	0	0	4	5	0	23	0	-1	34	-1	0	0	0	-1	0	-1	-1	0	12	42	26	-1	0	0	3	3	-1	34	17
c16633	0	11	0	4	5	0	0	0	0	0	0	-1	0	0	0	3	-1	0	0	-1	42	0	0	0	0	3	-1	3	34	-1
c16650	0	0	0	-1	-1	-1	1	0	46	0	4	-1	0	0	-1	0	-1	5	-1	0	7	0	0	3	49	-1	5	0	0	-1
c16667	39	0	0	19	0	-1	-1	21	0	0	21	0	4	-1	35	0	11	0	0	45	0	-1	0	0	3	26	0	0	0	33
c16668	0	0	45	0	5	5	0	-1	0	26	18	0	-1	0	3	-1	18	0	13	-1	0	34	0	0	-1	28	18	21	-1	0
c16680	-1	-1	17	0	34	21	-1	0	0	0	0	0	0	0	17	0	-1	0	0	-1	0	-1	0	0	18	0	-1	0	-1	0
c16756	0	0	0	-1	0	0	-1	0	0	-1	4	0	-1	-1	-1	0	0	-1	0	0	7	0	-1	3	0	3	0	19	-1	3
c16777	0	0	0	26	34	0	3	42	0	0	0	0	3	0	17	0	0	-1	0	-1	0	0	-1	26	-1	-1	-1	0	0	-1
c16783	0	-1	-1	0	26	-1	0	0	-1	0	48	0	19	-1	0	-1	-1	0	12	5	3	0	0	0	0	-1	-1	0	-1	18
c16789	0	-1	0	0	0	11	1	-1	-1	0	4	-1	49	0	3	0	-1	0	0	18	7	0	0	3	0	3	0	0	-1	-1
c16822	0	10	23	0	3	-1	-1	45	49	0	0	0	0	0	0	0	0	35	18	-1	41	0	41	0	0	3	40	0	0	0
c16857	31	0	0	19	0	-1	0	0	0	0	18	0	0	10	35	0	18	0	0	17	-1	34	-1	-1	-1	0	-1	-1	-1	0
c16869	0	0	-1	0	34	-1	9	0	0	0	-1	0	42	0	17	0	41	0	11	-1	0	-1	7	0	-1	0	11	0	0	3
c16873	0	0	-1	-1	0	0	0	0	0	0	18	-1	0	10	-1	-1	18	0	34	0	-1	34	0	0	0	0	0	0	0	10
c16878	0	-1	0	0	0	0	0	-1	-1	45	0	-1	0	-1	5	33	-1	0	0	0	1	0	-1	0	48	18	0	-1	0	0
c16923	-1	1	-1	0	3	48	0	0	-1	0	-1	-1	0	0	0	-1	0	0	-1	5	0	-1	-1	0	0	3	40	13	-1	0
c16927	0	0	-1	0	3	0	3	45	0	0	0	11	0	0	-1	0	-1	12	0	-1	0	0	0	0	0	-1	-1	0	0	0
c16957	0	0	-1	19	0	-1	12	0	5	0	0	-1	4	0	35	34	0	-1	0	0	0	3	11	0	3	35	0	-1	0	33
c16962	0	-1	0	3	-1	0	48	0	-1	45	-1	-1	0	-1	0	31	18	0	0	-1	-1	34	0	11	-1	0	0	0	0	0
c16975	-1	-1	0	0	0	0	0	0	0	45	-1	0	0	0	0	-1	18	0	0	-1	0	34	0	11	0	0	0	0	-1	0
c17001	0	0	-1	0	0	17	0	8	17	0	10	4	4	-1	-1	0	-1	0	0	21	1	0	21	0	48	0	0	18	0	-1
c17008	-1	0	6	0	0	-1	0	-1	11	45	18	0	17	10	34	34	18	0	0	-1	50	-1	-1	0	0	-1	0	0	-1	-1
c17009	-1	0	6	0	0	0	0	0	11	45	18	0	17	10	34	34	18	0	0	0	50	-1	-1	0	0	0	45	0	-1	0
c17037	0	3	0	0	3	-1	35	45	-1	0	0	0	0	0	0	0	-1	0	0	5	0	0	0	18	0	3	-1	-1	-1	-1
c17045	0	0	0	-1	0	-1	-1	0	0	0	4	0	0	0	0	35	0	3	0	-1	0	-1	0	3	-1	3	0	48	0	-1
c17070	0	0	0	0	41	0	-1	-1	0	-1	18	0	-1	-1	0	0	18	0	0	0	-1	34	49	0	0	0	-1	0	0	0
c17076	-1	0	6	-1	0	-1	42	0	-1	-1	18	0	17	-1	0	34	18	36	5	0	-1	34	11	0	-1	0	3	-1	12	45
c17085	0	0	0	0	0	11	1	0	46	0	4	-1	0	0	13	0	-1	0	0	0	7	0	1	3	-1	-1	5	0	-1	-1
c17087	34	-1	0	3	-1	-1	0	6	3	0	9	0	-1	17	17	0	-1	0	0	0	-1	-1	-1	0	0	0	-1	-1	0	11
c17091	7	0	3	0	0	-1	0	-1	-1	0	18	-1	0	0	0	-1	18	-1	17	0	44	-1	0	-1	0	0	0	11	1	21
c17140	0	-1	0	0	17	0	0	0	-1	0	18	0	0	10	-1	0	18	31	0	0	0	34	0	0	18	0	0	-1	-1	10
c17146	0	0	32	32	8	0	-1	-1	0	0	18	0	0	0	-1	0	18	0	13	0	0	-1	-1	13	21	0	0	-1	0	0
c17159	0	0	0	-1	3	5	18	-1	-1	-1	-1	0	35	-1	15	49	0	-1	-1	0	-1	0	-1	26	0	-1	-1	-1	0	21
c17180	0	-1	11	4	-1	0	0	0	0	0	5	0	-1	0	0	0	0	0	0	0	-1	0	49	0	21	-1	0	3	-1	-1
c17183	-1	0	21	0	34	0	0	11	0	0	-1	0	0	-1	17	-1	49	0	0	41	3	0	-1	5	0	11	49	-1	0	11
c17234	0	-1	26	0	0	4	-1	0	-1	0	-1	4	0	-1	17	0	-1	1	-1	0	-1	0	3	0	48	11	0	0	1	-1
c17256	0	0	26	4	5	-1	0	0	0	0	17	0	0	0	0	0	-1	0	-1	0	0	0	11	0	8	-1	0	3	34	17
c17258	0	0	-1	0	-1	0	0	0	-1	0	21	0	-1	0	0	0	0	-1	-1	21	0	-1	19	0	0	11	0	45	0	-1
c17267	0	30	26	-1	0	-1	1	0	19	0	4	0	0	2	0	18	3	-1	0	0	0	0	0	3	0	3	0	-1	0	3
c17268	0	-1	10	0	3	0	-1	45	0	0	0	34	-1	0	0	0	19	0	-1	5	17	8	8	0	0	3	-1	2	3	21
c17300	0	-1	49	19	0	-1	-1	-1	-1	0	-1	0	4	0	35	11	-1	0	0	0	0	0	0	-1	3	-1	0	11	0	33
c17314	17	-1	0	0	0	-1	0	0	7	-1	0	0	-1	0	0	21	0	0	0	-1	0	0	1	0	-1	3	48	0	0	-1
c17315	17	0	0	-1	0	0	0	0	7	-1	0	0	0	17	0	21	0	0	0	-1	0	0	1	0	0	3	48	-1	0	45
c17329	0	1	-1	0	3	48	0	0	-1	0	-1	0	0	0	0	0	0	0	0	5	-1	26	24	0	0	3	40	13	0	0
c17331	0	0	48	0	0	0	1	-1	-1	0	-1	0	-1	0	-1	0	0	-1	0	0	7	34	0	3	-1	3	35	0	-1	3
c17342	0	0	0	0	-1	3	0	0	-1	0	-1	-1	0	0	0	-1	0	0	5	5	0	0	12	0	0	3	40	0	0	0
c17343	0	0	0	-1	-1	3	0	0	-1	0	-1	0	-1	0	0	3	0	0	5	5	-1	-1	-1	0	0	-1	40	0	-1	0
c17356	0	0	0	0	-1	5	0	0	0	-1	4	0	-1	0	0	0	-1	0	0	0	-1	0	11	3	0	3	29	48	0	-1
c17387	0	-1	-1	-1	0	-1	0	0	-1	8	0	-1	4	-1	35	1	-1	0	-1	-1	0	0	-1	0	3	-1	0	0	-1	33
c17407	0	0	0	0	0	0	1	0	0	0	4	-1	0	0	-1	-1	-1	0	-1	0	0	0	-1	3	4	3	0	0	0	-1
c17413	0	-1	0	0	0	0	0	0	0	45	18	0	45	0	0	31	-1	5	0	-1	-1	34	0	11	0	0	0	-1	0	0
c17426	12	-1	-1	-1	-1	0	0	0	-1	0	0	4	0	50	0	0	7	0	0	0	1	0	3	0	48	49	0	11	0	0
c17428	-1	8	0	4	5	0	0	23	0	0	0	-1	-1	5	45	-1	0	0	0	12	42	5	-1	-1	-1	3	3	-1	34	17
c17461	0	0	0	0	34	0	0	10	0	-1	11	0	-1	-1	-1	0	41	0	-1	5	0	27	7	0	-1	-1	11	0	0	3
c17467	0	21	0	-1	17	0	0	45	0	-1	3	0	-1	0	3	0	0	44	0	0	0	17	3	27	-1	3	0	-1	12	0
c17477	-1	0	-1	4	5	-1	0	0	-1	0	11	0	-1	0	0	3	0	0	0	-1	42	-1	-1	0	45	3	3	3	34	17
c17482	0	0	0	0	43	0	0	0	-1	0	-1	4	-1	50	0	-1	7	0	26	3	1	0	3	0	48	0	43	0	0	0
c17505	0	-1	-1	0	0	-1	18	31	0	0	17	5	4	0	-1	0	41	-1	0	-1	0	46	-1	0	0	10	-1	-1	0	-1
c17513	3	0	0	0	-1	-1	18	31	0	-1	-1	26	-1	18	-1	3	41	5	0	0	0	0	0	41	18	-1	23	0	33	-1
c17515	23	0	0	0	0	-1	18	31	0	0	17	0	4	0	-1	0	41	0	0	0	3	0	-1	0	0	-1	0	0	0	-1
c17566	-1	0	0	0	-1	48	1	0	0	0	4	0	0	31	35	0	0	0	0	37	0	0	0	-1	-1	3	0	-1	-1	3
c17567	-1	0	0	0	0	0	1	-1	0	0	-1	0	0	-1	35	0	-1	0	0	37	0	0	0	-1	-1	3	0	34	-1	3
c17568	0	0	0	4	-1	0	-1	-1	0	0	0	0	49	0	0	0	0	0	26	0	-1	-1	49	0	21	-1	0	-1	34	17
c17580	0	0	0	0	-1	0	1	0	0	-1	4	0	-1	0	0	-1	-1	-1	0	0	0	0	0	3	0	3	0	-1	11	-1
c17585	-1	0	23	0	-1	0	-1	45	-1	0	0	0	49	0	0	-1	3	0	0	5	17	0	0	0	-1	-1	40	0	-1	0
c17586	0	0	0	-1	0	-1	-1	0	-1	0	4	0	0	-1	-1	34	1	0	0	3	0	0	0	3	45	3	0	-1	11	3
c17594	0	-1	0	0	-1	-1	18	31	0	19	17	0	4	0	0	0	-1	0	0	0	0	49	12	0	0	-1	0	0	0	0
c17603	-1	0	0	-1	0	-1	18	31	3	0	17	0	4	0	-1	-1	41	0	0	0	17	49	0	0	-1	-1	-1	0	0	8
c17611	46	0	-1	3	-1	0	-1	0	-1	7	-1	5	0	35	0	-1	-1	0	0	5	0	0	0	-1	0	3	40	0	0	0
c17622	0	0	-1	0	0	4	0	3	-1	0	9	-1	4	-1	50	0	7	47	25	0	1	0	17	0	48	48	49	3	0	0
c17624	0	-1	0	0	3	0	-1	0	0	45	18	0	0	0	0	0	18	0	-1	0	0	34	0	11	0	17	0	0	0	0
c17625	0	0	0	0	3	0	0	-1	0	45	18	0	-1	0	0	0	18	-1	0	0	0	-1	-1	11	0	17	0	0	0	0
c17627	0	-1	0	-1	0	0	-1	0	0	-1	-1	-1	0	-1	0	0	0	0	0	10	0	0	15	0	0	3	0	0	0	0
c17643	17	0	26	49	0	4	4	-1	-1	0	0	4	0	50	0	0	7	0	0	0	1	-1	3	0	48	0	0	0	17	0
c17688	0	0	0	-1	34	45	-1	-1	0	5	0	46	0	0	17	45	0	0	-1	-1	0	0	-1	0	21	0	0	11	-1	49
c17692	0	0	0	-1	3	0	18	0	0	10	-1	0	-1	0	-1	-1	0	0	0	0	45	0	0	5	0	3	40	7	0	0
c17707	-1	-1	0	0	34	0	0	0	12	23	0	0	0	0	-1	17	0	0	8	7	-1	-1	0	0	27	0	-1	0	0	0
c17734	-1	-1	3	11	0	0	1	3	0	3	4	0	0	0	0	0	0	0	0	0	7	0	0	3	-1	3	0	0	0	-1
c17791	0	0	0	0	0	17	0	0	0	-1	18	0	0	0	0	45	18	0	0	0	0	-1	0	0	41	15	0	0	0	0
c17802	49	0	-1	-1	34	0	0	0	0	3	0	3	3	-1	17	0	49	0	0	-1	3	0	0	0	0	-1	49	0	0	0
c17839	34	0	0	3	34	0	0	0	0	0	9	0	31	3	-1	49	-1	0	19	-1	2	0	0	-1	19	0	-1	3	0	-1
c17848	-1	-1	-1	-1	-1	-1	18	31	0	0	17	0	4	0	-1	0	41	0	0	0	0	0	-1	0	-1	-1	0	-1	0	0
c17869	0	0	-1	0	0	0	17	-1	-1	0	0	-1	19	0	0	-1	-1	0	35	5	12	3	0	0	0	-1	21	0	5	18
c17886	0	0	0	49	34	-1	3	4	0	0	0	0	-1	0	17	0	0	19	7	0	0	-1	0	0	3	0	0	-1	3	45
c17887	0	0	0	49	-1	0	3	4	-1	-1	0	0	-1	0	17	0	0	19	7	0	0	0	0	0	3	0	26	0	3	-1
c17901	3	0	-1	0	-1	-1	18	-1	4	0	17	0	4	-1	0	0	-1	0	0	-1	0	46	21	-1	0	0	-1	-1	0	0
c17924	34	0	0	3	34	3	0	6	3	0	9	-1	0	-1	-1	0	0	0	0	12	0	-1	-1	0	0	0	-1	-1	0	0
c17926	0	0	0	-1	-1	0	3	0	0	45	-1	0	0	0	0	17	18	0	0	19	0	34	0	-1	0	0	0	35	0	0
c17944	-1	-1	-1	0	0	0	12	0	0	0	-1	0	0	-1	0	48	-1	33	0	5	0	0	0	-1	-1	-1	0	0	0	18
c17975	49	45	0	19	3	-1	0	0	0	-1	0	13	4	0	35	0	0	0	0	45	0	19	0	0	-1	26	0	0	0	33
c17999	0	0	-1	0	0	0	0	0	0	0	18	0	0	10	0	0	-1	0	0	34	3	34	-1	0	0	0	0	21	-1	10
c18032	-1	0	0	21	0	-1	0	-1	0	0	18	0	0	0	18	0	18	0	7	0	-1	34	26	0	0	0	0	0	0	0
c18038	0	11	0	-1	3	0	0	0	40	0	-1	0	0	10	0	0	18	0	-1	42	0	34	0	0	0	0	0	0	0	10
c18068	5	-1	35	12	0	-1	0	3	0	0	37	-1	-1	50	0	0	7	0	26	3	-1	42	3	-1	48	0	4	0	-1	10
c18072	-1	42	0	-1	40	-1	4	-1	0	4	0	-1	4	-1	26	3	0	-1	-1	0	0	-1	-1	18	0	-1	-1	0	0	0
c18132	0	-1	-1	-1	0	29	-1	0	0	0	4	0	0	0	-1	-1	-1	17	-1	26	0	-1	0	3	-1	3	29	48	0	-1
c18134	3	-1	5	26	-1	-1	18	-1	4	0	17	0	4	0	21	-1	41	0	-1	0	4	-1	-1	-1	0	0	0	0	10	0
c18160	-1	-1	23	0	3	0	0	-1	0	0	0	0	0	50	0	-1	29	-1	0	5	-1	0	8	0	0	3	40	0	0	31
c18200	-1	-1	-1	0	0	-1	18	31	0	0	17	0	-1	0	-1	3	-1	-1	-1	0	3	0	-1	0	0	0	0	0	0	0
c18206	0	0	-1	-1	0	-1	8	-1	8	13	0	0	4	0	-1	-1	0	0	-1	0	0	17	-1	0	26	0	0	49	26	0
c18207	22	0	-1	-1	0	-1	8	-1	8	13	-1	0	4	-1	35	-1	0	-1	-1	-1	-1	17	0	0	26	0	-1	49	-1	0
c18217	-1	0	0	-1	10	35	0	0	0	45	18	0	0	0	15	0	-1	-1	-1	0	0	34	0	11	0	0	-1	0	0	0
c18227	0	0	0	-1	0	17	1	0	0	0	4	0	0	-1	-1	35	0	-1	0	0	0	0	-1	3	0	-1	0	0	0	3
c18250	0	-1	-1	-1	5	0	0	0	0	0	0	0	0	0	0	0	26	-1	0	0	0	0	-1	-1	8	3	5	3	34	17
c18252	0	6	0	-1	-1	0	1	0	21	0	4	0	0	0	-1	0	0	0	0	0	7	0	0	3	0	3	0	0	0	3
c18253	0	6	-1	3	3	0	1	-1	-1	0	4	0	0	19	0	0	0	0	-1	7	7	0	0	3	0	3	0	0	0	3
c18271	3	0	0	-1	8	0	0	0	0	0	18	0	0	0	0	-1	18	0	45	19	0	34	48	7	0	21	-1	0	49	0
c18293	0	9	-1	19	-1	-1	0	-1	-1	0	-1	0	4	-1	35	0	0	15	0	45	0	35	0	-1	3	-1	-1	-1	0	-1
c18308	21	0	26	0	0	-1	4	7	-1	26	26	4	0	-1	-1	-1	-1	0	7	0	1	0	3	-1	48	0	0	0	0	0
c18322	-1	-1	49	19	5	-1	0	0	3	0	0	0	4	-1	35	0	0	0	0	-1	0	-1	0	0	3	-1	0	-1	-1	-1
c18329	0	0	-1	-1	3	0	0	0	11	-1	18	0	-1	0	-1	0	18	0	0	37	0	34	-1	0	0	0	-1	0	12	0
c18342	0	-1	-1	-1	34	0	3	21	0	0	0	0	3	5	17	0	-1	0	-1	0	0	-1	0	-1	-1	8	0	-1	0	45
c18343	0	-1	0	5	34	27	3	21	-1	0	-1	0	3	5	17	0	-1	-1	-1	0	0	0	0	3	0	-1	0	0	0	45
c18373	11	0	0	19	-1	-1	0	-1	-1	0	0	0	4	-1	-1	-1	11	0	0	12	0	-1	-1	0	3	-1	0	0	0	33
c18374	0	0	0	0	0	-1	1	0	46	0	4	-1	0	0	-1	0	-1	0	5	0	7	0	0	3	49	3	5	-1	0	-1
c18375	0	0	0	0	0	49	-1	0	46	0	4	-1	0	0	13	0	-1	0	-1	0	7	0	0	3	49	-1	5	0	0	-1
c18389	34	0	5	12	34	0	-1	0	0	0	3	32	0	0	17	0	0	21	0	7	0	0	-1	-1	0	-1	0	0	0	3
c18398	-1	-1	-1	0	0	-1	0	0	9	-1	18	0	0	0	0	0	18	18	-1	0	0	34	-1	11	0	0	18	8	0	0
c18407	7	-1	26	4	5	0	0	0	-1	0	0	0	0	0	18	0	0	0	-1	0	0	0	11	0	8	3	0	3	34	17
c18431	3	-1	3	0	41	0	0	-1	31	0	18	-1	3	23	0	-1	-1	0	0	0	0	34	-1	0	0	0	0	3	49	-1
c18473	0	0	45	-1	0	-1	0	0	0	0	0	-1	4	0	35	-1	0	-1	6	45	0	0	0	0	3	0	0	7	0	33
c18474	26	0	0	4	5	0	0	21	0	0	0	25	-1	0	0	-1	0	0	0	0	-1	0	49	0	21	-1	0	-1	34	17
c18531	0	4	48	43	21	0	0	-1	0	5	18	0	0	0	31	30	18	0	13	0	0	34	-1	0	0	21	0	-1	18	0
c18553	3	0	0	0	0	-1	18	-1	4	0	17	0	4	0	0	0	41	0	0	0	-1	46	21	-1	0	0	0	0	0	0
c18554	10	26	-1	19	0	-1	0	-1	10	49	45	-1	4	18	35	-1	0	0	0	45	21	0	0	0	3	0	0	0	3	33
c18558	46	0	0	3	3	0	0	-1	-1	7	-1	5	0	35	0	1	0	-1	0	5	0	0	0	0	0	3	40	0	0	21
c18582	0	0	0	0	3	48	26	3	-1	5	-1	12	0	0	0	0	-1	0	48	5	0	0	0	0	-1	3	-1	0	-1	0
c18620	0	0	-1	0	3	-1	0	45	23	0	0	0	49	0	0	26	-1	0	0	5	0	0	-1	0	-1	3	40	0	34	0
c18621	0	-1	23	0	3	-1	0	45	23	0	0	0	49	0	0	-1	3	-1	0	-1	0	0	0	0	-1	3	40	0	-1	0
c18635	0	0	0	-1	-1	2	0	0	0	0	18	-1	0	0	0	0	18	0	0	17	0	34	26	-1	35	3	0	0	-1	0
c18639	34	0	0	-1	3	0	0	3	0	-1	0	0	-1	0	0	0	0	-1	17	21	3	31	0	0	0	0	0	0	26	-1
c18651	45	0	-1	1	3	0	0	45	17	0	0	0	0	0	0	3	0	0	0	5	-1	19	0	-1	-1	-1	40	0	0	-1
c18663	11	-1	49	19	-1	-1	29	0	-1	0	0	45	-1	-1	35	11	-1	0	0	0	0	0	0	0	3	-1	0	11	-1	33
c18667	11	-1	0	12	40	-1	0	-1	-1	0	0	0	4	-1	26	3	0	-1	0	0	-1	3	0	18	-1	0	0	13	0	45
c18714	3	-1	0	0	-1	18	0	0	0	0	18	0	-1	-1	-1	-1	18	0	-1	-1	0	-1	48	4	0	0	-1	-1	49	0
c18753	0	-1	23	0	3	0	0	45	23	0	-1	0	49	0	0	26	3	0	0	5	0	0	-1	-1	-1	3	40	0	34	0
c18758	0	-1	22	0	-1	-1	0	5	0	0	0	0	-1	3	26	0	0	0	0	0	-1	-1	31	18	0	0	0	-1	-1	0
c18763	34	0	0	-1	34	-1	0	-1	21	0	0	0	0	-1	17	0	0	45	0	-1	7	49	0	5	27	-1	-1	0	0	0
c18774	0	21	-1	-1	0	-1	-1	49	0	0	17	3	-1	0	-1	35	0	-1	-1	42	0	0	0	0	-1	0	0	0	22	-1
c18783	0	0	0	-1	3	-1	47	3	0	0	-1	0	-1	0	0	0	0	-1	17	21	5	0	-1	0	0	0	0	-1	26	-1
c18814	5	0	0	0	3	-1	0	5	-1	0	-1	-1	4	19	0	0	41	46	-1	0	35	0	-1	0	-1	0	0	0	11	0
c18821	0	0	0	0	-1	11	-1	0	-1	0	-1	0	0	0	46	-1	18	0	0	0	44	-1	49	-1	0	0	3	-1	1	21
c18853	0	-1	0	0	-1	0	-1	7	0	0	4	0	-1	34	0	0	-1	17	12	0	0	0	7	3	0	3	29	-1	-1	-1
c18876	0	-1	-1	0	0	-1	-1	-1	0	0	-1	-1	-1	0	26	-1	12	-1	0	0	-1	-1	-1	18	0	0	-1	0	0	0
c18901	-1	2	0	0	0	2	0	0	0	-1	18	0	0	-1	0	-1	18	0	0	17	0	34	26	0	35	3	-1	0	0	1
c18922	-1	-1	0	31	5	0	0	49	-1	0	-1	4	4	-1	0	-1	-1	5	-1	-1	1	-1	21	0	-1	0	0	29	0	0
c18952	0	-1	23	49	3	11	0	45	23	0	4	0	-1	0	15	26	3	0	-1	5	-1	0	0	0	-1	3	40	-1	34	0
c18961	0	0	-1	0	0	0	0	0	0	-1	3	0	35	-1	-1	0	0	-1	-1	0	-1	17	0	27	-1	3	0	-1	12	0
c18965	0	0	0	0	0	-1	0	5	0	-1	0	41	4	0	26	0	12	-1	-1	0	-1	-1	-1	18	0	0	4	0	-1	-1
c18992	0	0	-1	0	-1	-1	0	0	11	-1	18	-1	-1	-1	0	-1	-1	0	0	0	0	34	11	-1	0	0	21	0	12	0
c19018	0	10	-1	0	34	0	0	-1	0	0	0	0	42	0	17	17	41	0	-1	0	0	-1	-1	12	0	0	-1	-1	-1	0
c19049	34	0	-1	0	-1	0	21	0	-1	0	0	0	0	0	17	0	3	45	-1	3	-1	-1	29	3	0	-1	0	5	-1	49
c19053	49	-1	0	0	17	0	0	0	13	0	18	0	-1	10	-1	0	-1	0	0	0	0	34	0	0	-1	0	-1	29	-1	10
c19097	-1	0	0	-1	-1	5	18	26	0	10	0	11	0	21	-1	0	0	0	11	0	-1	35	0	-1	0	-1	-1	-1	3	21
c19154	0	0	-1	0	0	-1	0	5	0	0	0	0	4	0	26	0	0	-1	0	0	-1	0	0	18	0	-1	8	-1	0	-1
c19158	31	0	0	3	-1	0	0	-1	0	0	18	18	3	0	35	-1	18	0	0	0	45	34	48	0	-1	0	-1	0	7	0
c19161	-1	-1	0	-1	17	8	-1	0	-1	-1	18	0	0	10	0	49	18	0	0	0	0	-1	0	0	7	0	5	29	0	-1
c19186	0	-1	0	-1	0	7	0	37	49	0	-1	41	0	0	0	3	18	-1	0	0	0	34	48	0	0	-1	0	0	49	0
c19195	-1	0	5	-1	34	-1	-1	34	0	0	-1	-1	0	0	17	0	0	21	21	-1	0	0	-1	0	0	3	0	3	0	3
c19198	0	0	0	0	17	-1	0	3	23	31	18	-1	10	-1	26	0	18	17	0	-1	0	34	0	0	45	-1	-1	-1	0	10
c19201	0	0	0	0	-1	0	1	0	11	0	4	0	0	0	0	0	10	35	-1	0	7	0	0	3	0	3	37	0	0	-1
c19229	0	39	0	0	-1	0	-1	45	7	0	0	21	0	-1	0	40	-1	0	0	-1	0	12	0	11	0	3	40	0	-1	45
c19237	17	0	-1	0	-1	0	0	0	-1	-1	-1	0	0	0	0	0	0	0	5	-1	-1	0	0	0	-1	-1	40	0	0	0
c19245	-1	-1	-1	0	0	0	4	0	-1	0	-1	0	0	10	0	0	18	0	-1	-1	3	34	-1	0	3	17	0	21	0	10
c19265	-1	29	-1	0	34	0	-1	0	-1	-1	0	32	0	0	17	0	-1	-1	0	31	0	-1	0	-1	-1	3	37	0	-1	0
c19276	0	0	0	0	0	0	0	0	0	-1	0	4	12	50	0	-1	7	0	26	0	1	5	3	0	48	31	0	0	0	0
c19283	0	49	0	0	-1	0	48	-1	-1	0	-1	0	0	0	0	30	0	0	-1	-1	-1	35	0	-1	7	-1	40	18	0	0
c19306	0	0	0	0	-1	0	1	0	-1	3	4	0	0	0	0	0	0	0	-1	26	0	0	-1	3	1	3	0	0	0	3
c19307	0	0	0	0	0	12	1	0	-1	3	4	19	0	0	0	0	0	0	0	0	0	-1	-1	3	1	3	0	0	0	3
c19321	0	-1	0	0	34	0	0	0	0	-1	0	0	0	-1	17	0	0	0	23	-1	0	0	0	-1	30	-1	49	4	0	10
c19348	45	-1	-1	0	0	0	0	-1	-1	-1	3	17	-1	0	3	0	-1	-1	0	7	0	-1	0	-1	49	3	0	0	12	0
c19359	46	0	0	0	12	0	0	26	0	45	18	10	-1	0	0	15	18	17	0	0	0	-1	0	-1	-1	0	0	-1	0	0
c19362	49	0	49	19	0	-1	0	0	0	0	0	3	-1	-1	35	7	0	11	0	-1	0	-1	0	0	-1	-1	0	-1	0	33
c19396	0	1	-1	-1	3	48	21	0	-1	0	-1	0	-1	-1	-1	0	0	0	0	5	0	0	0	0	0	-1	-1	-1	-1	0
c19399	49	21	0	19	0	-1	0	0	-1	0	0	0	4	0	-1	0	0	0	-1	45	-1	19	0	-1	-1	-1	-1	0	0	33
c19436	18	0	-1	0	-1	0	0	-1	0	21	0	-1	0	0	3	0	11	33	0	5	0	0	-1	0	0	3	0	0	26	18
c19440	0	-1	0	0	0	0	1	5	46	0	4	0	0	0	0	-1	-1	0	0	18	7	0	0	3	0	3	0	0	0	-1
c19491	0	0	0	0	3	0	0	-1	0	0	18	0	0	10	0	0	-1	0	-1	34	-1	34	0	0	0	0	0	-1	-1	10
c19517	18	0	0	0	21	-1	0	0	11	-1	18	0	13	0	0	0	18	0	0	0	0	-1	11	-1	-1	0	0	18	12	0
c19522	0	49	0	4	5	-1	0	0	-1	0	0	0	0	3	0	0	-1	-1	0	-1	42	0	0	0	-1	3	3	3	34	17
c19529	0	3	-1	0	-1	48	0	-1	-1	0	21	-1	0	0	0	12	11	33	5	5	0	21	17	0	0	3	18	45	45	18
c19561	21	-1	0	-1	9	0	-1	0	0	0	18	49	-1	0	0	-1	18	-1	0	41	-1	34	21	41	17	0	0	49	5	0
c19566	0	0	0	0	26	-1	0	0	5	-1	-1	-1	0	-1	3	4	0	0	0	0	0	17	-1	0	0	3	8	11	-1	0
c19573	0	3	0	0	0	-1	-1	31	0	0	17	0	4	0	0	0	41	-1	7	-1	3	-1	-1	0	35	-1	-1	0	0	-1
c19584	-1	0	-1	19	0	-1	0	0	0	0	0	0	4	0	-1	-1	0	0	0	17	0	0	-1	0	3	0	11	0	0	33
c19590	18	0	0	0	-1	0	-1	0	-1	0	4	0	32	-1	-1	13	30	50	0	0	0	0	0	-1	-1	-1	29	-1	4	-1
c19593	19	0	0	3	0	13	0	0	0	0	-1	-1	0	-1	-1	0	-1	-1	0	0	-1	34	-1	0	0	-1	0	0	-1	10
c19620	49	11	0	-1	34	0	-1	0	-1	0	0	3	3	38	17	-1	49	0	-1	0	-1	0	-1	0	0	0	49	0	-1	0
c19636	0	-1	49	19	31	-1	0	0	0	0	0	0	4	-1	35	7	11	0	0	0	0	-1	0	0	3	-1	-1	0	0	33
c19641	0	-1	-1	0	0	-1	18	31	0	0	0	0	-1	-1	-1	0	41	7	0	0	12	0	-1	-1	-1	0	-1	45	33	0
c19655	-1	0	0	4	5	-1	-1	0	0	-1	21	0	11	0	49	0	-1	0	0	0	-1	0	0	0	0	-1	0	3	-1	-1
c19667	0	0	-1	49	3	-1	-1	0	0	0	0	-1	4	0	0	-1	41	0	-1	0	35	0	35	5	45	11	48	0	-1	0
c19708	0	0	0	0	-1	0	-1	0	0	17	4	0	0	0	0	0	-1	17	-1	0	-1	0	0	3	0	3	29	48	40	-1
c19709	-1	0	0	0	0	0	0	0	0	17	4	0	-1	-1	-1	0	-1	17	0	-1	0	-1	0	-1	0	-1	-1	-1	0	-1
c19743	0	0	7	0	3	0	0	-1	-1	0	-1	0	12	0	-1	4	0	12	0	5	0	-1	0	0	0	3	40	0	9	32
c19757	0	0	0	-1	0	0	0	0	0	0	18	0	5	0	0	-1	18	0	0	-1	1	34	0	-1	41	0	0	-1	-1	29
c19788	0	0	-1	0	0	-1	0	0	0	45	18	0	21	0	0	0	18	0	0	0	0	34	0	11	-1	0	0	-1	0	0
c19789	0	-1	0	0	0	0	0	0	0	45	-1	-1	0	0	0	0	18	0	0	0	0	34	0	11	-1	0	0	8	0	0
c19816	0	19	29	19	-1	-1	0	-1	-1	-1	-1	0	4	-1	35	-1	0	-1	0	17	0	0	0	0	3	0	-1	0	0	33
c19821	-1	-1	11	0	0	0	-1	0	0	-1	18	0	45	-1	0	31	-1	5	0	-1	0	34	0	11	0	0	-1	0	0	0
c19843	0	0	0	4	5	-1	0	0	-1	-1	0	0	0	-1	0	0	-1	-1	0	12	42	0	45	0	0	3	3	3	34	17
c19851	34	-1	0	0	34	0	0	0	21	0	0	0	0	0	-1	-1	0	-1	0	0	-1	49	18	0	27	0	-1	-1	23	31
c19852	0	0	0	0	-1	0	3	0	0	45	18	0	0	0	0	17	18	0	0	19	0	-1	0	11	3	0	0	35	0	0
c19869	-1	0	0	0	-1	-1	-1	0	0	0	26	-1	-1	0	0	1	41	-1	0	0	35	32	0	0	45	11	0	23	0	0
c19871	-1	42	-1	-1	41	-1	0	0	-1	49	-1	4	0	50	0	-1	7	0	-1	0	1	0	3	0	48	0	0	0	0	3
c19889	17	0	3	4	-1	-1	0	0	0	0	0	0	-1	0	0	0	0	-1	0	12	-1	45	-1	0	0	3	3	3	34	17
c19893	-1	-1	49	19	0	-1	0	0	3	5	0	0	4	0	35	0	0	0	0	0	0	0	-1	0	3	-1	0	21	11	33
c19917	0	-1	0	0	0	0	-1	0	-1	7	4	0	0	-1	0	0	0	12	0	-1	7	-1	-1	-1	0	-1	0	0	0	3
c19955	0	-1	0	0	0	-1	-1	-1	0	0	17	0	4	0	17	0	41	45	0	0	0	49	0	0	0	0	0	21	0	0
c19956	0	8	-1	0	0	41	1	0	4	0	4	0	0	0	35	-1	0	0	-1	0	0	-1	-1	3	0	3	0	34	12	3
c19958	0	0	0	0	3	0	-1	-1	-1	0	-1	0	40	-1	7	0	0	7	45	5	0	0	11	0	0	3	40	0	0	0
c19972	0	0	7	17	-1	3	6	45	0	0	33	11	0	0	-1	0	0	12	0	-1	0	17	0	0	0	3	40	-1	0	0
c20014	34	0	5	0	34	0	-1	0	0	-1	3	32	0	0	17	0	0	21	0	7	-1	-1	0	0	-1	3	0	0	0	3
c20018	0	0	23	-1	3	0	-1	-1	-1	0	-1	0	-1	-1	0	0	0	-1	-1	5	0	-1	-1	0	0	3	40	0	0	49
c20035	-1	0	-1	0	0	-1	0	5	0	45	0	19	-1	-1	26	0	0	0	11	0	0	0	0	18	0	0	-1	0	0	0
c20041	0	0	-1	0	34	45	0	0	45	0	-1	0	0	0	-1	0	0	-1	0	-1	0	7	0	0	0	34	0	0	0	0
c20055	0	18	-1	-1	-1	40	0	0	7	0	0	0	-1	0	0	-1	11	33	0	5	0	21	0	-1	31	3	0	0	0	18
c20058	15	0	0	0	5	-1	15	0	0	11	4	34	-1	0	0	0	0	12	0	0	0	0	0	3	0	3	0	-1	-1	-1
c20063	0	0	-1	19	0	-1	0	-1	0	0	0	45	4	0	35	-1	0	0	0	17	0	0	0	0	3	0	11	0	0	-1
c20076	17	0	0	4	5	0	21	0	0	15	-1	0	0	0	0	0	0	-1	0	12	42	-1	-1	0	-1	3	3	3	34	17
c20081	0	0	0	0	0	47	0	0	0	45	-1	-1	-1	0	-1	0	18	0	0	-1	26	34	0	11	0	0	0	0	0	0
c20101	0	0	0	4	-1	0	-1	50	-1	0	-1	0	45	-1	3	3	0	0	18	12	-1	21	0	0	0	3	3	-1	-1	-1
c20112	0	15	26	4	-1	0	0	0	0	0	12	0	0	0	0	0	0	31	0	0	0	0	11	23	8	3	35	3	34	17
c20113	0	15	26	4	5	-1	0	0	0	0	12	0	0	-1	0	0	0	31	0	0	0	0	-1	23	8	3	0	3	34	17
c20118	46	49	0	0	0	0	0	0	0	45	-1	10	31	0	-1	-1	18	17	27	19	-1	34	0	-1	-1	0	0	-1	-1	-1
c20122	0	-1	-1	12	-1	-1	0	0	-1	21	0	0	0	0	0	0	11	-1	0	5	0	0	-1	-1	0	3	0	-1	0	18
c20125	-1	0	-1	4	-1	-1	0	0	0	0	0	-1	45	0	0	3	-1	-1	0	12	-1	0	-1	-1	0	-1	3	3	-1	17
c20132	0	0	0	4	-1	0	0	50	0	0	0	0	-1	-1	3	3	-1	-1	18	12	42	21	0	0	-1	3	3	3	-1	17
c20135	0	10	23	0	3	-1	3	45	49	0	0	-1	0	0	0	0	0	35	-1	5	0	0	0	0	-1	3	40	0	0	0
c20136	-1	0	6	0	-1	0	0	0	-1	45	18	0	17	10	34	34	18	0	0	21	50	34	11	0	0	0	0	0	-1	0
c20159	0	25	0	-1	31	0	0	-1	-1	0	18	4	0	0	4	0	18	3	-1	-1	0	-1	-1	-1	0	0	45	43	0	0
c20173	34	-1	-1	0	34	0	-1	0	21	0	0	0	0	0	17	17	0	-1	0	-1	49	49	-1	0	27	0	-1	-1	23	0
c20176	0	46	0	0	-1	0	0	45	0	0	0	0	0	0	12	0	11	-1	49	-1	41	49	-1	0	0	3	40	-1	0	48
c20192	-1	21	0	0	0	-1	0	0	0	-1	0	0	-1	0	-1	0	0	-1	17	-1	0	0	41	-1	0	-1	0	8	0	28
c20207	0	-1	-1	0	40	-1	0	5	0	0	0	0	4	0	26	-1	-1	0	0	-1	26	0	0	18	0	-1	0	0	5	-1
c20239	0	0	0	3	-1	0	1	0	0	0	-1	-1	0	-1	0	0	0	0	21	0	7	-1	0	3	49	3	0	-1	0	3
c20246	0	0	-1	0	0	31	-1	40	0	0	4	0	0	0	-1	-1	0	0	0	0	0	0	0	3	0	3	0	0	0	3
c20254	0	23	-1	-1	-1	-1	-1	0	-1	0	0	19	4	41	0	-1	0	-1	-1	-1	17	5	0	0	0	10	0	0	0	0
c20269	17	0	3	4	5	-1	0	0	0	0	0	0	0	0	0	0	3	-1	0	-1	42	45	-1	0	-1	3	3	3	34	17
c20303	0	-1	7	0	3	0	0	45	0	0	10	-1	12	0	-1	4	12	12	0	5	0	0	0	0	0	3	40	0	9	32
c20308	0	8	0	19	0	-1	-1	23	-1	0	-1	-1	-1	0	35	0	0	0	0	45	0	0	0	-1	3	-1	0	0	49	33
c20360	0	4	0	0	0	11	0	-1	0	-1	18	0	49	-1	3	0	18	0	13	0	0	-1	-1	0	0	0	0	21	-1	-1
c20370	0	0	48	0	0	0	0	0	-1	1	18	0	0	10	-1	-1	18	0	0	0	0	34	-1	0	-1	0	-1	-1	0	-1
c20377	9	10	49	19	0	-1	0	-1	48	0	0	-1	4	-1	-1	7	0	7	0	0	0	0	0	0	-1	-1	0	0	0	33
c20379	-1	-1	0	-1	0	0	-1	0	-1	45	18	-1	45	-1	0	-1	18	5	-1	-1	0	34	23	11	0	0	1	0	0	0
c20414	0	0	-1	43	40	-1	0	5	-1	0	0	45	4	0	26	0	27	0	0	0	0	0	0	18	0	0	-1	21	35	0
c20421	0	-1	0	-1	3	0	-1	0	-1	-1	-1	-1	-1	0	11	0	12	0	-1	5	-1	-1	0	0	0	3	40	0	0	0
c20448	0	0	0	-1	26	-1	0	0	5	-1	-1	0	0	0	-1	-1	0	0	0	0	0	17	3	0	0	3	8	11	12	0
c20459	0	0	3	0	-1	-1	0	0	-1	-1	-1	-1	0	0	0	-1	0	0	5	5	0	0	11	0	0	-1	40	-1	0	0
c20461	0	-1	-1	0	3	-1	0	45	45	0	0	11	0	0	-1	0	0	12	0	5	0	-1	-1	0	0	-1	-1	0	0	34
c20480	-1	0	0	-1	-1	0	0	0	49	0	18	0	0	-1	-1	0	18	0	0	0	-1	34	0	0	-1	0	-1	-1	0	0
c20493	0	0	0	0	17	49	4	0	3	0	-1	5	-1	17	-1	-1	0	-1	0	21	0	0	-1	-1	-1	0	0	3	0	0
c20510	0	0	0	0	0	18	-1	0	0	3	-1	0	0	0	-1	0	-1	0	0	0	0	0	-1	3	0	3	0	-1	0	3
c20522	-1	-1	0	-1	17	0	-1	-1	-1	0	18	17	0	10	0	0	18	0	0	-1	0	-1	0	0	0	0	0	-1	26	-1
c20535	0	0	-1	0	0	0	-1	0	0	0	0	0	19	0	0	0	-1	0	-1	5	0	0	0	0	0	-1	21	21	46	18
c20574	48	-1	0	0	0	-1	18	31	0	-1	-1	-1	4	0	0	11	-1	0	0	13	3	-1	-1	-1	0	0	0	0	0	0
c20578	0	0	7	11	3	0	0	45	0	45	0	11	-1	0	-1	-1	0	12	0	5	0	0	11	-1	-1	3	40	0	11	0
c20582	0	0	1	0	0	0	1	-1	-1	-1	4	0	0	0	35	0	0	0	0	0	46	-1	0	3	0	-1	0	34	0	3
c20586	0	0	0	4	5	12	0	-1	0	0	0	0	49	0	0	0	0	0	0	0	-1	0	49	0	21	-1	0	-1	34	17
c20590	-1	-1	0	0	3	-1	34	0	-1	48	-1	0	4	0	0	0	41	3	-1	0	35	0	0	-1	45	11	30	46	-1	21
c20614	-1	-1	26	4	5	30	0	5	0	0	-1	0	0	49	0	0	-1	0	0	-1	-1	0	11	23	8	3	0	3	34	17
c20653	49	0	0	0	34	0	-1	0	0	0	-1	3	3	38	17	-1	49	0	0	0	3	0	0	0	0	0	49	0	0	0
c20702	11	0	0	8	0	0	15	11	5	11	4	0	12	0	0	-1	0	0	-1	49	-1	-1	0	3	0	3	0	-1	26	3
c20706	0	0	-1	0	12	0	0	-1	0	5	-1	0	19	0	0	19	-1	49	34	5	0	0	0	-1	0	3	21	0	0	18
c20718	0	0	-1	-1	34	-1	0	0	0	-1	0	-1	-1	-1	17	0	0	0	0	0	0	-1	0	0	21	0	0	11	4	-1
c20720	34	0	0	10	34	0	0	0	0	-1	0	0	0	3	-1	-1	21	0	32	0	0	0	0	-1	0	-1	0	0	0	23
c20730	0	42	0	0	41	1	0	0	0	-1	11	4	0	50	0	-1	-1	0	26	0	-1	-1	3	0	48	-1	0	0	0	0
c20735	0	0	0	43	-1	-1	18	31	3	0	17	45	4	-1	0	0	41	0	19	-1	48	3	-1	0	35	-1	0	0	0	0
c20742	5	0	0	0	11	0	49	0	0	45	18	-1	21	0	0	-1	18	0	0	-1	0	34	0	11	-1	0	-1	0	0	0
c20750	34	-1	0	3	34	0	0	0	0	-1	-1	-1	0	-1	17	0	0	0	0	0	0	0	0	0	11	0	-1	0	11	-1
c20751	34	0	0	3	34	0	0	0	0	-1	-1	0	0	11	17	0	0	-1	0	0	0	0	0	-1	-1	0	-1	0	11	-1
c20753	3	0	-1	23	41	4	0	-1	-1	0	18	-1	-1	0	-1	0	18	0	0	3	0	34	0	-1	0	0	0	3	0	0
c20778	0	0	0	4	-1	50	0	0	0	0	0	0	-1	0	-1	3	0	0	0	12	42	21	-1	0	0	3	3	3	34	-1
c20791	0	-1	0	-1	0	49	1	0	46	0	4	-1	0	0	13	0	-1	5	0	0	7	0	0	3	-1	3	5	0	0	-1
c20796	0	0	26	-1	5	0	0	0	0	-1	0	-1	0	0	17	0	3	4	0	-1	-1	0	11	-1	8	3	0	3	34	-1
c20800	0	0	-1	0	3	-1	-1	0	0	0	0	0	4	-1	0	0	41	0	0	0	-1	17	0	5	45	11	0	0	0	26
c20805	0	0	-1	4	5	0	0	0	0	0	21	0	-1	0	0	-1	0	-1	0	0	-1	0	0	0	0	-1	0	3	-1	17
c20810	0	1	0	0	34	0	0	32	45	0	0	0	0	0	-1	5	0	0	-1	0	0	7	0	0	0	-1	0	17	-1	11
c20811	0	1	0	0	-1	0	0	32	45	0	0	0	0	0	17	-1	0	0	0	0	0	7	0	0	0	34	0	17	0	0
c20842	3	0	0	49	41	0	0	-1	0	0	18	-1	3	23	0	0	18	0	0	0	21	34	24	0	0	0	-1	-1	-1	0
c20843	-1	0	0	-1	41	0	-1	-1	-1	0	18	-1	3	23	0	0	18	0	0	-1	21	-1	-1	0	0	0	0	3	0	0
c20846	0	0	23	0	3	0	0	-1	0	0	0	0	0	50	-1	49	29	0	0	5	0	0	8	0	0	3	40	0	0	-1
c20850	0	-1	0	-1	3	0	18	0	0	-1	-1	11	0	0	12	3	0	-1	0	-1	-1	-1	0	5	17	3	-1	0	0	0
c20855	0	0	0	0	0	0	0	0	3	3	18	0	0	0	0	0	18	0	-1	17	0	34	26	21	35	3	-1	0	-1	0
c20873	0	0	23	0	-1	0	-1	45	-1	0	3	0	14	-1	-1	45	5	41	-1	5	11	3	-1	21	7	-1	40	-1	0	0
c20880	45	12	0	0	13	-1	0	37	0	0	18	-1	0	-1	0	0	-1	-1	0	-1	0	34	-1	0	3	0	0	0	49	-1
c20881	45	12	0	-1	13	0	0	37	0	0	-1	-1	-1	0	0	0	18	35	0	-1	0	34	48	32	-1	0	0	0	49	0
c20891	0	0	0	0	0	-1	18	-1	34	0	-1	0	-1	0	0	0	41	0	-1	0	3	0	-1	12	0	50	0	-1	45	49
c20915	18	10	-1	0	-1	0	1	0	-1	0	4	-1	0	0	13	5	-1	5	-1	-1	7	0	0	3	49	3	5	0	-1	-1
c20921	0	0	23	49	-1	11	0	45	23	0	4	0	49	0	15	26	3	0	0	5	0	0	0	0	-1	3	40	0	34	0
c20927	0	0	45	19	0	-1	0	0	-1	0	0	0	4	0	35	10	0	-1	6	45	0	0	0	0	3	0	0	7	0	33
c20938	-1	0	0	-1	0	-1	0	0	49	8	0	0	4	0	35	0	-1	0	-1	45	0	19	0	0	3	0	0	0	0	-1
c20955	49	-1	0	0	34	0	0	0	0	3	0	3	3	38	17	0	49	0	0	0	3	0	0	-1	-1	0	-1	0	0	0
c20960	-1	-1	0	3	3	0	0	0	-1	0	-1	5	0	0	-1	3	-1	0	0	5	18	0	0	0	0	3	-1	0	0	0
c20969	-1	-1	49	19	8	-1	0	0	3	5	0	48	-1	0	35	0	0	0	-1	0	0	0	0	0	3	-1	0	0	0	-1
c20979	0	-1	-1	0	0	0	0	0	0	0	0	0	19	0	0	-1	-1	0	0	5	0	0	-1	0	-1	3	21	0	0	18
c20997	0	0	0	17	0	3	-1	0	-1	0	4	-1	0	0	-1	0	49	26	-1	0	7	21	0	3	0	3	0	0	0	3
c20999	-1	48	0	0	0	0	1	0	0	35	4	0	-1	0	35	0	0	0	0	0	0	0	0	-1	18	3	0	34	-1	3
c21009	0	0	0	19	0	-1	0	21	0	0	7	0	-1	0	-1	1	0	0	0	45	0	-1	-1	0	3	18	0	0	0	33
c21011	5	0	0	0	3	-1	0	5	49	-1	0	0	4	19	0	-1	-1	46	0	-1	35	0	0	0	0	0	0	-1	11	0
c21013	34	-1	0	3	34	-1	0	-1	3	0	-1	-1	0	17	17	0	0	0	0	0	0	0	0	-1	0	0	-1	-1	0	11
c21020	0	45	0	-1	0	5	17	7	-1	-1	-1	0	-1	0	-1	0	18	47	0	0	-1	34	0	-1	0	-1	-1	0	0	-1
c21065	0	0	17	0	0	-1	0	0	0	-1	18	0	7	-1	0	0	-1	0	0	34	3	34	0	0	0	0	0	0	0	-1
c21081	0	0	0	0	0	-1	0	0	0	0	18	0	0	0	0	45	18	0	0	0	0	34	0	0	41	15	0	-1	-1	0
c21089	0	0	11	0	-1	-1	-1	-1	0	0	28	0	4	0	21	35	0	31	-1	0	0	17	0	0	0	0	49	0	0	5
c21091	0	0	0	-1	17	0	0	0	-1	21	18	0	0	-1	0	0	18	0	-1	-1	0	-1	-1	-1	0	0	0	-1	0	10
c21101	0	8	-1	-1	5	0	-1	0	-1	11	0	48	-1	0	11	3	35	0	0	12	-1	0	-1	0	3	3	-1	3	34	-1
c21165	30	46	-1	-1	3	0	49	45	0	33	0	45	-1	0	12	0	0	0	49	-1	41	49	-1	0	-1	3	40	0	0	0
c21168	-1	0	0	0	34	0	0	0	0	0	11	0	21	0	17	-1	0	0	49	-1	0	0	0	0	21	0	0	11	4	-1
c21170	0	0	49	19	0	-1	0	0	0	-1	0	-1	4	-1	35	7	-1	0	34	0	0	-1	0	0	-1	-1	-1	0	0	33
c21171	0	0	49	19	0	-1	0	-1	-1	0	0	35	4	-1	35	7	0	0	34	-1	-1	-1	0	-1	3	-1	-1	0	0	33
c21196	0	0	0	-1	21	0	0	0	11	45	-1	0	13	-1	0	-1	18	0	0	-1	0	34	11	-1	0	-1	0	0	12	0
c21214	-1	0	0	3	3	0	5	45	17	-1	0	0	0	0	0	0	0	0	0	5	49	0	0	0	0	3	-1	0	0	0
c21215	0	0	0	3	-1	0	5	45	17	-1	0	-1	0	0	0	0	-1	-1	0	5	49	0	-1	0	0	-1	-1	0	3	-1
c21248	-1	0	0	0	0	0	1	0	0	0	4	21	0	0	0	0	49	0	0	0	-1	-1	0	-1	-1	3	-1	0	0	3
c21249	0	-1	0	0	0	-1	1	0	0	0	4	-1	0	0	-1	0	49	0	-1	0	7	0	0	3	0	3	-1	0	-1	3
c21256	0	-1	5	-1	-1	0	-1	-1	-1	0	-1	0	49	0	3	0	-1	0	0	18	7	0	-1	3	0	3	-1	0	0	-1
c21257	31	-1	5	-1	0	0	1	-1	46	0	4	0	49	0	3	0	-1	-1	-1	18	7	0	0	3	0	3	-1	-1	0	-1
c21261	0	35	0	0	-1	0	0	0	-1	0	-1	-1	0	0	0	-1	0	-1	5	-1	0	0	-1	0	0	3	40	-1	0	0
c21264	0	-1	0	0	0	0	1	-1	-1	0	4	-1	49	0	3	0	-1	-1	0	-1	7	0	0	3	0	3	-1	0	0	-1
c21274	3	0	48	-1	41	-1	-1	-1	-1	0	-1	-1	3	0	0	0	18	-1	0	0	0	34	0	0	0	0	0	3	11	49
c21334	0	0	0	0	5	5	0	-1	-1	26	-1	0	0	5	3	-1	18	-1	13	18	0	34	0	0	0	28	18	21	-1	0
c21336	0	0	0	0	0	47	-1	0	0	45	18	0	0	0	18	0	18	0	0	11	-1	34	0	11	0	0	-1	0	0	0
c21354	46	0	0	0	10	10	0	0	0	45	-1	10	0	-1	0	-1	18	-1	0	-1	0	34	0	11	0	0	0	-1	0	0
c21360	0	0	-1	0	21	0	0	0	-1	-1	18	0	0	-1	0	0	18	-1	0	-1	0	34	-1	-1	0	0	0	8	0	0
c21361	0	0	0	0	21	0	0	0	0	45	18	0	0	0	0	-1	18	18	0	0	0	34	0	11	0	-1	0	8	-1	0
c21363	0	-1	0	19	0	-1	0	21	0	-1	0	0	4	0	35	0	0	0	0	45	0	0	0	0	3	0	0	0	0	33
c21379	0	0	6	-1	0	-1	0	-1	-1	45	18	0	0	0	0	33	18	-1	0	-1	0	34	11	0	11	0	0	0	-1	0
c21380	0	45	17	0	-1	-1	0	7	0	45	-1	0	0	0	12	-1	18	-1	-1	-1	-1	34	0	11	0	3	14	0	0	0
c21394	0	0	0	0	3	0	18	0	-1	23	-1	-1	0	0	0	3	0	-1	0	5	0	0	0	0	-1	3	-1	0	0	0
c21436	0	3	0	0	0	-1	18	-1	0	0	17	-1	4	0	0	0	41	-1	7	0	3	40	-1	-1	35	40	0	0	0	45
c21464	-1	0	0	-1	-1	0	-1	45	0	3	0	45	0	0	0	3	0	0	34	5	0	-1	0	0	0	3	40	-1	-1	45
c21481	-1	-1	0	4	-1	50	0	0	0	0	0	0	45	0	0	-1	0	0	0	12	-1	21	-1	-1	0	3	3	3	34	17
c21484	-1	0	0	0	-1	0	0	0	48	0	-1	0	0	-1	17	0	21	0	-1	-1	0	0	0	-1	21	0	7	11	4	0
c21499	45	0	0	11	3	21	0	0	-1	-1	-1	-1	40	0	0	0	0	-1	0	5	0	-1	-1	0	0	3	40	0	0	30
c21508	0	5	0	0	-1	0	0	0	11	45	-1	0	0	0	0	0	18	10	-1	0	-1	34	-1	-1	0	0	0	-1	12	-1
c21513	0	11	0	45	0	0	0	-1	0	-1	-1	0	0	10	0	0	18	0	0	5	-1	34	0	21	0	0	27	0	-1	-1
c21520	-1	0	0	0	-1	-1	-1	48	-1	3	-1	0	40	34	45	0	0	7	21	5	0	0	0	0	0	3	-1	-1	0	-1
c21529	-1	42	0	-1	40	-1	-1	-1	0	-1	0	5	4	0	26	-1	0	5	0	-1	0	0	0	18	34	0	0	0	-1	0
c21564	13	-1	0	0	0	4	4	0	-1	0	-1	4	0	50	0	-1	7	0	0	0	1	-1	3	0	48	0	-1	-1	0	0
c21572	0	0	3	49	-1	-1	-1	0	-1	-1	0	-1	4	0	0	0	41	0	0	0	-1	0	35	5	45	11	-1	0	0	0
c21585	31	0	0	0	0	5	0	0	-1	0	18	0	3	0	35	-1	18	0	0	0	45	34	48	17	-1	5	-1	7	0	0
c21592	0	21	0	0	-1	-1	18	-1	-1	0	17	-1	-1	0	32	0	41	0	0	-1	0	0	0	0	0	0	-1	0	0	-1
c21601	-1	0	0	-1	-1	0	47	0	-1	3	-1	0	-1	34	0	-1	-1	-1	10	5	0	0	0	0	0	3	40	-1	0	-1
c21611	5	0	-1	18	0	0	49	3	0	-1	0	0	-1	0	0	-1	48	0	0	0	3	0	0	0	32	3	-1	45	0	21
c21633	0	0	0	0	34	0	-1	0	0	-1	11	0	0	0	17	0	0	0	-1	0	0	27	0	0	21	0	-1	-1	4	21
c21646	0	0	0	3	40	5	1	0	0	0	4	0	0	0	0	0	0	-1	-1	0	7	0	45	3	49	3	0	0	0	3
c21670	0	0	0	0	41	-1	13	0	49	0	-1	-1	0	-1	0	0	7	0	26	-1	1	0	3	0	48	-1	0	-1	0	0
c21686	45	-1	0	0	-1	0	19	0	10	27	0	4	-1	50	17	0	-1	35	-1	0	-1	0	-1	0	48	0	0	-1	-1	0
c21693	0	0	0	-1	-1	45	0	0	0	-1	-1	4	11	50	-1	0	7	-1	26	0	1	5	3	0	48	0	0	37	0	0
c21702	0	3	49	-1	-1	-1	-1	-1	0	0	29	11	4	-1	-1	7	0	0	0	0	0	-1	0	0	3	-1	0	-1	0	-1
c21730	0	0	0	0	40	-1	0	5	0	0	0	0	-1	0	26	0	0	0	0	0	26	0	0	18	0	0	0	0	5	0
c21740	0	-1	23	0	3	0	0	45	0	0	12	3	0	12	0	26	0	0	0	5	0	0	-1	0	-1	3	40	0	0	0
c21754	-1	0	-1	19	0	-1	-1	0	0	0	0	12	-1	0	35	0	0	0	0	45	-1	34	0	0	3	0	21	-1	0	33
c21756	-1	0	6	12	0	0	42	0	11	45	18	-1	17	10	0	-1	18	0	0	0	50	34	11	0	0	0	3	0	12	45
c21759	-1	-1	0	-1	-1	5	18	0	0	10	0	0	-1	21	-1	0	-1	0	0	0	0	0	12	0	43	3	-1	0	0	40
c21764	1	-1	-1	9	0	0	-1	0	0	0	-1	-1	-1	50	-1	0	7	0	0	0	1	0	21	0	-1	0	-1	0	0	-1
c21781	0	-1	30	49	3	-1	0	0	0	0	0	-1	4	19	-1	0	41	0	-1	0	35	11	0	5	45	11	48	0	0	26
c21799	0	0	-1	0	3	-1	18	-1	3	48	17	0	4	-1	11	-1	-1	-1	0	0	0	35	17	0	13	0	-1	0	-1	0
c21814	0	0	0	0	-1	0	0	-1	-1	11	-1	0	-1	0	0	0	0	0	5	5	0	0	0	5	-1	3	40	21	0	-1
c21823	49	0	-1	0	-1	-1	-1	-1	34	0	17	0	4	49	-1	-1	41	0	0	0	3	0	-1	0	0	-1	-1	0	-1	-1
c21824	-1	39	0	-1	3	-1	-1	45	7	0	0	-1	-1	0	0	-1	0	0	-1	-1	-1	12	-1	11	0	3	40	0	-1	45
c21841	-1	0	0	0	-1	0	0	0	0	0	-1	0	-1	38	17	0	49	0	0	41	3	0	0	5	-1	11	49	31	0	-1
c21864	0	-1	0	-1	0	-1	-1	31	-1	0	17	0	4	11	0	-1	41	0	-1	0	3	0	-1	12	30	50	8	0	45	19
c21878	0	0	26	4	5	0	0	-1	-1	0	0	0	0	0	0	0	0	-1	0	0	0	0	11	0	8	-1	0	3	34	17
c21884	0	-1	49	19	0	-1	0	0	3	-1	0	48	4	0	35	-1	-1	-1	-1	0	0	-1	-1	0	-1	-1	0	45	-1	33
c21895	19	0	0	-1	0	0	-1	0	0	-1	3	0	0	41	-1	0	-1	21	0	0	0	17	0	-1	45	3	0	0	12	5
c21909	0	0	0	0	0	0	1	-1	0	12	-1	0	0	-1	-1	11	40	0	0	30	-1	0	0	-1	0	3	45	0	0	3
c21919	0	0	0	4	5	0	0	3	-1	0	0	0	-1	0	0	21	0	-1	0	-1	42	11	0	0	0	-1	3	3	34	17
c21953	0	-1	0	0	17	0	0	0	23	-1	-1	-1	0	-1	0	0	18	45	0	0	0	34	0	0	0	17	0	-1	-1	10
c21962	0	0	3	0	0	-1	0	0	0	0	0	0	-1	-1	17	-1	0	-1	40	21	0	0	0	4	0	0	21	-1	-1	0
c21966	0	0	0	7	21	0	1	0	0	-1	4	-1	0	0	0	0	0	12	-1	0	7	0	-1	3	0	3	0	0	0	3
c21972	0	0	0	0	0	5	1	0	-1	0	-1	0	36	0	0	0	-1	0	0	-1	0	-1	-1	3	0	3	0	0	-1	3
c21976	0	0	0	27	0	0	0	0	-1	0	-1	0	0	0	-1	0	18	0	0	0	0	-1	0	0	41	0	-1	0	0	-1
c21977	0	0	0	27	-1	0	0	0	0	0	18	0	0	0	0	0	18	0	-1	0	0	34	0	0	41	0	-1	0	0	-1
c21980	0	0	0	0	21	0	0	0	11	45	18	0	13	0	0	-1	-1	0	0	0	0	34	11	-1	0	-1	0	0	12	-1
c21986	11	42	0	12	40	-1	0	-1	45	0	-1	0	4	0	26	-1	0	0	0	0	0	3	9	18	0	-1	0	3	0	-1
c21987	11	42	0	12	40	-1	0	-1	45	0	-1	-1	4	-1	26	3	0	3	0	-1	0	-1	-1	-1	0	0	0	3	0	0
c21992	0	0	0	0	0	0	49	0	11	45	18	0	0	-1	0	0	-1	0	0	48	17	34	-1	0	0	0	-1	0	12	0
c21998	0	0	0	7	-1	-1	0	0	35	0	11	-1	42	0	-1	0	41	0	-1	0	-1	11	-1	5	-1	0	11	0	0	-1
c22015	-1	34	17	5	-1	21	0	0	46	0	0	41	0	7	-1	0	0	0	35	0	-1	0	-1	0	18	0	0	0	0	33
c22055	0	-1	9	-1	0	-1	-1	0	-1	0	26	0	4	-1	0	0	41	0	0	0	35	0	0	-1	0	0	0	0	-1	0
c22073	40	0	23	0	-1	0	0	45	11	0	-1	0	49	0	21	-1	3	0	0	5	0	0	0	0	-1	3	40	0	0	0
c22082	0	0	0	0	0	0	0	0	0	0	18	0	0	-1	0	0	18	0	0	34	3	34	-1	0	0	3	50	21	-1	10
c22096	0	-1	-1	-1	-1	-1	0	0	0	0	0	-1	4	11	0	0	41	0	0	0	35	-1	0	-1	-1	11	48	0	-1	26
c22104	5	0	7	0	3	0	-1	45	-1	0	0	17	0	0	-1	0	-1	12	0	5	0	0	32	0	0	3	40	0	0	0
c22107	0	34	17	0	34	21	0	0	0	0	0	0	0	0	17	0	0	0	0	11	0	0	0	0	18	0	0	0	-1	0
c22128	0	0	0	0	0	0	0	0	0	49	18	48	-1	10	-1	0	-1	0	0	-1	0	34	-1	45	-1	-1	21	0	0	10
c22144	0	3	-1	0	8	-1	0	-1	0	0	0	0	4	0	26	0	-1	-1	0	0	-1	3	-1	18	39	0	4	11	0	-1
c22156	18	0	0	0	34	0	-1	0	0	-1	37	0	0	38	17	0	49	10	0	-1	3	-1	-1	0	0	11	49	-1	0	11
c22165	-1	0	-1	0	21	0	-1	0	11	45	18	3	13	0	0	0	18	0	-1	0	0	34	-1	-1	0	0	0	0	-1	0
c22183	-1	49	-1	4	5	0	0	0	-1	-1	0	0	0	3	0	0	0	-1	0	12	-1	0	0	0	0	3	-1	3	34	17
c22185	0	0	26	0	0	4	-1	0	-1	0	0	4	-1	50	0	0	7	-1	-1	-1	-1	-1	3	0	-1	0	0	-1	10	0
c22196	0	-1	48	0	-1	0	1	0	-1	0	4	0	3	0	-1	11	0	48	0	0	0	0	-1	3	0	3	-1	0	1	3
c22198	-1	0	0	0	0	4	4	-1	-1	0	0	-1	0	50	0	0	7	10	17	0	1	0	3	0	48	0	17	0	0	0
c22199	-1	0	-1	0	0	4	4	-1	-1	0	0	4	0	50	0	0	7	10	17	0	1	0	3	0	48	0	17	-1	0	0
c22202	0	0	0	-1	3	5	18	0	0	-1	-1	-1	0	0	15	49	0	0	-1	3	30	0	0	26	0	3	40	-1	0	17
c22204	0	0	5	0	-1	0	8	0	0	0	-1	5	-1	0	0	0	0	-1	-1	21	-1	0	0	0	0	0	4	-1	11	-1
c22208	49	45	0	19	3	-1	0	0	-1	29	0	13	4	0	35	0	0	-1	0	45	0	19	0	0	3	26	-1	0	0	33
c22209	49	45	0	19	3	-1	-1	0	0	29	0	13	4	0	35	0	0	0	0	45	0	19	0	0	3	26	0	0	0	33
c22211	0	10	23	3	3	-1	-1	45	0	0	-1	0	-1	25	0	0	0	35	-1	5	0	0	0	0	5	-1	-1	0	50	0
c22217	18	0	0	0	0	0	1	0	0	0	4	34	0	0	0	-1	0	0	-1	0	0	0	11	3	21	3	0	0	0	3
c22229	0	0	0	4	5	0	0	0	0	-1	0	46	-1	0	0	3	45	0	0	12	42	21	-1	0	0	3	-1	3	34	17
c22252	0	0	-1	0	-1	0	0	45	-1	0	0	11	0	0	-1	-1	0	12	0	-1	-1	0	-1	-1	0	-1	-1	0	0	-1
c22268	0	0	26	-1	-1	-1	-1	0	0	0	0	0	0	0	0	0	-1	-1	0	0	0	0	11	0	8	-1	0	-1	34	-1
c22269	0	-1	26	4	5	0	26	0	0	0	0	0	0	-1	0	0	0	11	0	0	0	0	11	0	8	3	0	3	34	-1
c22299	17	30	-1	17	0	-1	0	-1	-1	0	0	-1	4	0	11	0	-1	-1	0	0	35	0	49	0	-1	-1	5	-1	0	0
c22326	0	0	0	0	-1	21	0	0	0	0	0	-1	-1	50	0	0	7	0	0	17	-1	48	-1	0	-1	0	0	0	0	0
c22401	0	42	0	18	0	-1	18	31	0	-1	17	0	4	0	0	0	-1	0	0	3	3	0	-1	8	17	0	0	0	0	0
c22402	0	0	-1	-1	0	0	0	0	-1	21	0	0	0	-1	0	49	11	33	0	5	-1	0	-1	0	0	3	0	0	0	18
c22406	0	0	0	-1	5	-1	0	-1	-1	0	0	-1	0	17	-1	-1	0	-1	1	-1	42	0	45	34	0	3	3	-1	34	-1
c22415	0	0	0	12	40	-1	-1	5	0	0	-1	-1	4	49	26	-1	0	0	-1	0	0	0	0	18	0	-1	0	0	49	0
c22439	0	0	7	11	3	0	-1	-1	0	45	0	-1	0	0	-1	0	-1	-1	0	5	35	0	5	-1	0	3	40	0	0	0
c22469	21	-1	23	0	3	0	0	45	-1	0	-1	11	0	50	0	0	0	-1	0	5	0	3	-1	0	0	3	40	0	0	49
c22486	46	5	0	3	-1	0	19	0	-1	0	-1	5	-1	0	0	0	0	-1	0	5	18	0	0	0	0	3	-1	0	0	0
c22501	0	0	0	-1	0	45	49	0	0	0	18	0	0	0	0	0	18	0	0	17	0	34	26	0	35	3	0	0	-1	0
c22512	-1	-1	48	0	-1	31	1	-1	0	0	4	-1	0	0	-1	11	0	0	34	0	0	0	0	3	17	3	0	0	5	3
c22516	0	3	0	-1	0	-1	19	-1	7	-1	0	-1	0	0	0	49	0	0	0	0	0	0	0	0	0	3	48	0	0	0
c22521	0	-1	0	-1	-1	5	34	-1	26	-1	18	0	0	0	3	-1	18	0	13	18	-1	34	-1	0	0	28	18	21	-1	0
c22557	-1	34	17	0	34	21	0	-1	0	0	11	41	0	-1	-1	-1	-1	0	-1	0	0	0	-1	0	18	0	-1	-1	0	0
c22568	0	0	0	0	5	-1	18	-1	-1	0	-1	0	4	0	0	-1	41	-1	0	-1	0	0	0	21	-1	0	0	5	-1	0
c22585	0	0	-1	11	0	0	0	3	-1	0	-1	0	-1	0	17	-1	0	-1	-1	-1	34	-1	0	11	0	0	1	48	0	0
c22588	0	0	1	-1	0	-1	1	0	0	0	4	0	-1	0	35	-1	0	-1	0	3	-1	0	-1	3	0	3	0	34	0	3
c22594	17	23	-1	0	0	-1	0	0	5	0	18	-1	17	10	0	0	18	49	21	49	0	34	-1	0	0	0	0	-1	0	10
c22606	0	0	0	-1	0	-1	0	21	0	0	0	0	4	15	35	0	0	-1	0	45	-1	0	0	34	3	0	-1	-1	0	33
c22619	0	0	7	11	3	0	0	45	0	0	0	-1	0	3	-1	-1	47	12	0	5	0	0	0	0	0	3	40	0	11	0
c22660	46	0	0	0	5	40	0	11	0	45	18	10	-1	-1	0	31	18	-1	0	0	0	34	-1	11	0	0	0	0	0	0
c22661	46	0	-1	-1	-1	40	0	0	0	45	-1	10	0	0	0	31	18	17	0	0	0	34	-1	11	0	0	0	0	-1	0
c22666	0	8	-1	4	5	0	0	0	0	-1	0	0	-1	-1	0	0	0	0	11	-1	42	5	-1	0	0	3	3	3	34	17
c22744	0	0	0	0	-1	0	0	0	0	0	-1	4	0	-1	0	-1	7	0	26	0	1	0	3	0	48	7	43	13	-1	0
c22746	0	0	-1	11	3	0	5	45	0	45	-1	-1	0	0	-1	0	0	12	0	5	7	45	-1	1	0	3	-1	0	0	0
c22749	0	-1	26	4	-1	0	-1	5	0	0	-1	0	0	0	-1	0	0	0	0	-1	0	0	11	23	8	3	0	3	34	17
c22750	10	0	0	1	3	0	0	45	17	0	-1	-1	0	17	0	3	17	0	0	5	12	-1	0	-1	0	-1	40	3	-1	0
c22756	0	0	0	19	0	-1	-1	0	0	-1	0	0	-1	0	35	0	0	0	0	45	0	19	0	0	3	0	0	0	0	33
c22762	0	18	-1	18	0	0	0	0	7	0	0	0	0	0	0	0	11	33	0	5	0	21	-1	0	31	3	0	0	0	18
c22764	-1	0	0	0	-1	-1	41	0	-1	0	-1	-1	0	-1	0	-1	-1	0	5	-1	0	0	0	0	0	3	40	-1	-1	-1
c22778	-1	-1	-1	0	0	0	0	0	-1	0	0	0	0	-1	0	-1	-1	33	0	5	0	50	0	0	0	3	0	1	-1	18
c22779	0	35	-1	-1	-1	0	-1	0	0	0	-1	0	0	3	-1	-1	-1	33	0	5	0	0	0	0	0	-1	0	1	13	18
c22780	49	0	-1	0	34	0	15	1	0	0	0	3	-1	38	17	0	-1	17	0	45	-1	-1	0	0	12	0	49	0	0	0
c22782	0	0	-1	18	3	-1	35	45	7	35	0	0	13	0	0	0	0	-1	-1	5	0	0	-1	0	0	3	40	0	-1	45
c22785	-1	0	0	0	0	-1	0	5	0	0	0	0	4	0	26	0	12	-1	-1	0	-1	3	-1	18	0	0	-1	0	0	-1
c22795	0	0	-1	39	3	-1	0	45	0	-1	12	0	49	0	21	26	3	0	-1	5	-1	-1	0	0	-1	3	40	0	0	0
c22808	0	0	0	0	0	-1	0	23	-1	0	0	-1	22	50	0	0	7	-1	-1	0	1	-1	3	0	-1	0	0	0	-1	-1
c22820	17	0	0	4	5	0	0	-1	-1	15	0	0	0	-1	0	-1	0	-1	0	12	42	-1	45	0	0	3	3	-1	-1	17
c22841	-1	0	-1	0	0	0	-1	37	0	0	18	41	7	-1	0	3	18	3	0	0	-1	34	48	0	-1	-1	0	0	-1	0
c22849	0	0	7	-1	-1	-1	0	-1	0	0	49	-1	0	18	-1	0	0	12	0	5	0	-1	0	34	0	3	40	0	11	0
c22853	0	0	0	0	0	0	-1	0	-1	0	0	-1	12	50	-1	-1	-1	-1	26	0	1	5	3	0	48	31	-1	0	0	0
c22870	-1	0	0	35	3	0	3	0	-1	-1	-1	-1	17	17	0	-1	0	17	3	5	0	0	-1	0	-1	3	-1	3	0	0
c22895	45	8	-1	-1	5	-1	0	-1	-1	-1	0	-1	26	0	0	44	-1	12	-1	-1	42	11	0	0	12	-1	-1	3	34	17
c22903	34	11	0	0	34	-1	5	0	21	0	0	0	0	21	17	17	0	-1	0	-1	-1	49	-1	0	-1	-1	-1	-1	0	0
c22907	17	29	0	0	0	-1	0	0	5	-1	-1	38	0	-1	-1	30	18	-1	0	0	0	34	0	0	0	0	0	0	0	10
c22948	0	-1	0	0	-1	-1	-1	0	0	45	18	0	11	4	0	0	-1	0	0	0	22	34	0	11	9	0	0	0	-1	0
c22950	3	0	-1	0	8	0	0	0	0	0	18	-1	0	0	0	45	18	-1	45	0	0	34	48	0	0	0	-1	0	49	49
c22954	-1	0	7	-1	3	0	0	45	0	0	0	11	0	-1	-1	0	0	-1	0	-1	0	0	-1	0	0	-1	40	0	-1	0
c22967	0	-1	0	0	34	45	0	0	45	0	0	0	0	0	17	0	0	35	0	0	0	7	0	0	0	34	0	0	0	0
c22973	0	8	-1	4	-1	0	0	23	0	0	0	0	-1	5	0	-1	0	-1	0	12	42	-1	0	0	0	3	-1	3	34	17
c23008	0	-1	-1	0	0	0	-1	0	-1	45	18	-1	10	0	11	0	18	0	0	37	0	34	-1	0	-1	0	0	0	12	0
c23013	0	-1	0	45	0	-1	0	3	0	-1	3	0	-1	0	-1	0	0	-1	0	3	0	17	3	0	0	3	0	11	12	0
c23019	0	0	3	11	-1	-1	1	3	-1	0	-1	0	-1	0	0	0	0	0	0	0	7	0	0	3	-1	3	-1	0	0	-1
c23020	0	0	-1	0	-1	0	0	-1	0	5	0	0	-1	0	3	19	-1	49	34	-1	0	0	-1	0	0	3	21	0	0	18
c23021	-1	0	-1	0	12	0	0	-1	0	-1	0	0	19	-1	3	-1	-1	49	34	-1	0	-1	0	0	0	-1	-1	0	0	18
c23025	0	0	0	0	-1	0	0	0	-1	45	18	0	0	-1	0	0	18	35	0	-1	5	-1	-1	41	17	0	0	-1	-1	0
c23032	0	0	7	0	-1	-1	0	45	0	17	33	-1	0	0	-1	0	0	12	0	5	0	0	0	29	0	3	-1	0	0	0
c23042	0	0	-1	-1	0	-1	-1	5	0	0	0	0	4	0	26	-1	12	-1	0	0	-1	3	-1	-1	0	0	-1	0	0	0
c23055	11	42	0	-1	40	-1	4	-1	0	-1	0	-1	4	0	26	3	0	0	-1	0	0	0	0	18	0	0	0	0	0	45
c23058	0	0	1	-1	0	41	1	0	4	0	4	0	0	-1	-1	-1	-1	-1	-1	0	0	0	0	3	0	3	0	-1	12	3
c23060	3	35	0	13	34	-1	0	0	0	0	0	43	0	-1	-1	-1	0	-1	0	0	0	0	17	0	0	29	0	0	-1	-1
c23061	3	35	0	13	34	0	0	0	0	0	0	43	0	17	17	-1	0	-1	0	0	-1	0	17	0	0	29	0	0	9	17
c23070	0	12	21	0	3	0	35	45	7	-1	40	0	0	0	0	0	0	0	0	5	0	0	-1	0	-1	3	40	0	-1	45
c23076	-1	-1	0	0	0	23	0	0	0	-1	3	3	0	0	-1	0	0	-1	0	-1	-1	-1	-1	0	0	3	12	11	12	0
c23082	0	0	-1	0	3	0	0	45	0	31	0	0	0	19	0	45	5	-1	17	5	0	3	3	0	7	3	-1	0	0	0
c23084	0	0	-1	45	-1	0	0	0	0	-1	3	0	-1	13	-1	0	-1	-1	0	0	0	17	3	-1	0	3	0	11	12	0
c23094	-1	0	0	4	5	0	0	0	0	5	0	0	31	0	5	3	0	0	-1	12	42	0	0	0	25	3	3	3	34	-1
c23104	3	0	0	-1	21	0	0	0	49	0	18	0	0	0	-1	-1	18	0	-1	0	0	34	0	-1	41	0	0	0	0	0
c23125	0	0	0	-1	0	-1	0	5	0	0	0	-1	4	0	26	-1	12	-1	11	0	-1	3	-1	18	49	-1	4	-1	0	0
c23141	0	0	22	0	40	-1	0	5	-1	0	-1	0	-1	3	26	0	0	-1	0	0	-1	0	31	18	0	0	0	0	0	0
c23162	0	0	0	0	-1	0	0	0	0	0	-1	4	26	-1	0	0	7	-1	26	0	-1	5	3	0	48	0	0	-1	-1	0
c23167	0	39	21	0	3	0	11	45	7	0	-1	21	0	0	0	-1	-1	0	0	-1	-1	-1	0	11	0	3	40	11	-1	45
c23176	11	-1	-1	19	0	-1	3	0	3	8	0	-1	4	21	35	1	0	-1	0	0	0	26	-1	-1	-1	-1	17	49	-1	-1
c23177	11	-1	-1	-1	0	-1	3	0	3	-1	0	0	4	21	35	1	0	-1	-1	0	0	26	-1	0	3	-1	17	49	-1	33
c23207	0	0	0	-1	0	-1	8	-1	0	-1	0	0	4	-1	0	35	0	0	-1	-1	-1	17	0	0	-1	-1	0	0	-1	0
c23216	0	0	26	4	5	0	-1	-1	0	5	-1	7	0	0	0	0	-1	0	0	-1	0	26	11	-1	8	-1	0	3	34	17
c23219	0	-1	0	-1	3	-1	-1	0	0	10	5	18	1	0	15	-1	0	0	-1	-1	-1	11	-1	0	11	3	40	0	0	0
c23245	0	0	0	0	0	0	0	-1	11	-1	18	-1	7	4	0	3	18	-1	0	0	0	34	11	-1	-1	0	0	0	12	0
c23287	46	-1	0	3	3	49	0	-1	-1	7	-1	5	0	35	0	1	0	0	-1	5	0	0	0	0	0	3	40	0	0	21
c23298	-1	49	0	17	43	0	0	0	0	0	-1	-1	0	-1	0	27	-1	0	26	0	-1	-1	-1	0	48	0	0	0	0	0
c23310	0	0	0	0	-1	-1	8	0	0	-1	28	0	4	-1	0	35	0	31	-1	0	0	17	0	-1	-1	0	49	0	46	5
c23313	-1	0	0	0	0	0	1	-1	-1	3	4	0	0	0	0	0	0	0	0	0	-1	21	21	3	-1	3	0	0	0	3
c23327	0	0	0	-1	0	-1	12	-1	0	-1	4	0	0	0	0	0	0	0	0	0	7	5	0	3	34	3	-1	48	3	3
c23336	3	0	0	-1	-1	5	18	0	0	10	-1	0	-1	21	0	0	0	11	38	0	0	0	0	0	0	-1	40	0	0	-1
c23339	34	0	0	3	34	0	-1	13	0	0	-1	0	-1	0	17	0	0	0	-1	0	0	-1	0	0	-1	0	0	-1	0	0
c23351	35	0	0	0	7	0	-1	0	0	0	18	0	0	-1	0	-1	18	0	-1	0	0	34	-1	-1	-1	21	0	-1	0	0
c23354	-1	-1	23	0	-1	0	0	45	23	0	4	0	49	-1	0	-1	3	0	0	5	0	0	0	0	-1	3	40	0	34	0
c23362	0	0	0	-1	21	0	0	0	11	-1	18	0	13	0	0	-1	18	-1	0	0	0	34	11	-1	0	0	0	-1	12	0
c23399	-1	-1	0	-1	3	-1	0	0	-1	0	-1	0	0	-1	0	3	0	17	3	5	0	0	-1	42	0	3	40	3	0	0
c23406	0	0	1	11	-1	0	1	0	0	0	4	0	0	0	35	0	30	0	0	3	0	0	0	3	0	3	0	34	21	3
c23407	0	0	1	-1	0	0	-1	0	0	0	4	0	0	0	35	0	30	0	0	3	0	0	0	3	0	3	0	34	21	3
c23421	0	2	-1	0	10	-1	18	31	0	0	17	0	4	-1	-1	11	-1	0	0	-1	3	0	-1	3	-1	0	0	0	0	0
c23426	-1	-1	-1	0	0	-1	0	0	49	45	18	0	-1	0	45	-1	-1	0	0	0	22	34	0	11	0	0	0	41	0	0
c23431	0	0	35	0	-1	48	0	3	0	0	0	4	0	50	-1	0	7	0	26	0	1	-1	3	0	48	0	-1	45	45	-1
c23432	0	0	11	0	0	-1	18	31	-1	0	-1	48	-1	0	-1	0	41	0	0	-1	0	0	0	0	7	0	48	0	-1	-1
c23443	0	-1	-1	19	-1	-1	0	0	-1	0	0	-1	4	45	35	0	0	0	-1	0	0	17	-1	0	3	0	0	0	0	33
c23444	0	5	35	0	0	-1	0	-1	0	0	-1	-1	0	50	0	0	7	0	26	0	-1	0	3	0	48	0	0	0	0	0
c23445	0	5	35	0	11	0	0	3	0	0	-1	4	0	50	0	0	7	0	26	0	1	0	3	11	-1	0	0	0	0	0
c23448	17	0	0	0	0	-1	0	0	5	0	18	0	17	-1	-1	12	18	0	0	0	0	34	0	0	0	-1	0	0	0	10
c23450	31	0	0	-1	0	0	0	0	-1	0	18	-1	3	0	35	0	18	-1	-1	0	45	34	48	-1	-1	0	-1	45	7	0
c23451	31	0	0	3	0	-1	-1	-1	0	0	18	18	3	0	35	0	18	0	0	0	45	34	48	-1	-1	0	-1	45	7	3
c23458	0	0	0	0	21	-1	0	0	11	45	18	0	13	0	0	0	18	0	0	25	0	34	11	-1	-1	-1	0	0	-1	0
c23470	-1	0	-1	-1	0	0	0	-1	0	26	-1	0	0	0	-1	0	18	0	13	0	-1	34	0	0	0	0	0	21	-1	0
c23494	-1	-1	5	0	-1	0	0	-1	0	0	3	32	0	0	17	0	0	21	0	7	0	45	-1	0	0	3	-1	0	0	3
c23505	0	0	0	-1	5	45	-1	0	-1	3	0	26	45	0	0	3	-1	-1	0	12	42	0	-1	0	0	3	3	3	34	17
c23515	-1	0	0	23	41	4	0	-1	-1	0	18	-1	3	21	0	0	18	0	0	-1	0	34	0	-1	0	0	0	3	0	0
c23530	0	0	0	0	0	0	1	0	0	0	4	-1	0	-1	0	-1	1	21	0	3	0	-1	0	3	0	3	0	18	11	3
c23534	0	-1	0	0	0	-1	0	0	-1	45	-1	-1	0	0	0	31	18	-1	42	-1	0	34	0	11	3	-1	0	0	0	0
c23535	0	-1	0	0	0	0	0	0	-1	45	-1	0	-1	-1	0	31	-1	0	-1	0	0	34	0	11	3	0	0	0	0	-1
c23568	0	-1	0	3	0	-1	48	0	0	45	18	0	0	0	0	31	18	0	-1	0	0	34	0	11	-1	0	0	0	0	0
c23574	-1	11	0	0	34	0	-1	0	-1	0	0	-1	42	0	17	0	41	0	0	0	0	-1	7	12	-1	0	11	0	23	0
c23583	34	0	0	0	34	10	17	0	0	-1	0	45	0	-1	17	-1	-1	49	42	3	0	0	0	0	0	0	0	-1	0	0
c23633	0	-1	0	0	41	-1	-1	0	0	0	28	0	-1	0	0	35	0	-1	-1	0	0	17	48	0	-1	-1	49	35	0	5
c23635	0	-1	-1	0	0	-1	18	31	0	21	17	11	4	0	0	0	-1	-1	0	0	0	3	0	-1	0	0	0	0	7	0
c23640	-1	-1	0	0	34	0	0	0	0	11	-1	0	0	38	17	0	-1	0	0	0	3	0	0	0	0	0	49	-1	0	-1
c23648	0	0	-1	-1	-1	5	18	-1	0	10	0	0	-1	21	0	0	0	0	0	45	0	0	0	-1	49	-1	40	0	0	-1
c23663	0	0	0	17	0	3	1	0	0	0	-1	0	0	0	-1	2	49	-1	0	0	7	0	0	3	0	3	0	-1	-1	-1
c23670	0	0	0	4	5	0	0	11	11	-1	0	0	0	0	13	3	0	0	0	12	42	0	0	0	0	-1	3	-1	34	17
c23683	0	-1	-1	3	13	31	1	-1	0	0	4	0	0	0	-1	11	0	-1	0	-1	-1	0	0	3	-1	-1	0	0	0	3
c23696	0	0	26	0	0	0	0	-1	0	49	18	0	0	0	0	0	-1	0	0	17	-1	34	26	-1	35	3	-1	0	0	-1
c23707	0	0	-1	-1	34	0	0	0	45	45	0	0	0	0	17	0	0	-1	0	-1	-1	7	0	0	8	-1	-1	49	0	0
c23710	-1	0	0	3	0	-1	1	0	0	0	4	-1	0	4	0	0	0	0	21	0	7	0	0	3	49	3	0	0	0	-1
c23714	0	25	-1	43	31	0	0	-1	-1	0	-1	4	-1	41	0	0	18	0	13	0	-1	34	-1	-1	0	0	0	43	0	0
c23724	-1	0	29	0	0	0	45	-1	0	0	0	4	26	50	0	0	7	45	26	-1	1	5	-1	0	48	0	0	0	-1	-1
c23755	-1	0	0	0	0	19	0	0	-1	45	18	0	-1	0	0	0	18	30	0	0	0	34	11	0	0	0	34	0	12	49
c23761	-1	21	0	-1	0	21	0	0	-1	0	18	0	0	0	0	-1	18	0	0	-1	44	34	45	-1	0	12	0	-1	1	21
c23767	3	0	0	0	0	-1	0	0	0	0	0	0	4	0	5	0	41	0	-1	-1	35	49	0	0	-1	0	-1	0	0	0
c23769	0	0	7	0	-1	3	0	45	0	0	33	11	0	0	-1	0	0	-1	0	5	-1	17	0	0	0	3	40	39	0	30
c23775	-1	0	0	0	34	0	0	0	0	11	0	-1	0	38	17	0	-1	0	-1	0	3	18	0	0	0	0	49	0	10	-1
c23791	-1	0	0	0	0	0	-1	5	0	49	-1	0	0	0	0	-1	0	0	46	0	0	-1	0	3	0	-1	0	-1	34	3
c23792	0	17	0	0	12	0	-1	0	46	0	4	0	0	-1	0	3	-1	0	0	-1	7	0	0	3	0	-1	0	0	0	3
c23856	0	-1	0	0	0	-1	18	31	0	0	17	0	4	0	0	11	41	0	0	13	3	0	-1	0	-1	0	0	-1	-1	-1
c23858	-1	42	0	12	40	-1	0	5	0	0	0	0	4	0	26	3	0	3	-1	0	0	3	0	18	0	-1	0	13	0	45
c23868	31	0	0	19	0	0	-1	0	0	0	-1	0	0	10	35	0	-1	0	-1	17	45	-1	48	0	-1	0	-1	0	0	0
c23870	0	0	0	4	5	0	0	0	0	0	0	0	0	0	0	3	-1	-1	-1	12	42	0	0	0	0	-1	-1	3	34	-1
c23895	-1	0	0	0	0	-1	1	0	0	0	4	0	0	0	-1	0	0	0	0	37	-1	0	-1	3	-1	3	0	34	0	3
c23910	0	0	0	30	43	-1	0	0	0	0	-1	4	0	50	-1	-1	7	0	26	7	1	0	3	0	48	0	-1	0	3	0
c23921	0	0	-1	-1	3	5	18	0	0	-1	0	48	-1	0	15	49	0	0	-1	3	0	0	0	26	0	-1	-1	0	0	17
c23922	3	0	0	-1	0	0	0	50	0	-1	18	-1	0	0	0	0	-1	-1	0	0	0	-1	48	0	0	0	-1	0	49	0
c23929	-1	-1	0	1	0	0	-1	0	0	45	18	10	31	0	0	0	18	17	0	3	0	-1	0	11	-1	0	0	-1	0	30
c23940	0	0	0	0	34	0	3	21	0	0	0	0	3	5	17	0	0	0	-1	0	0	-1	-1	49	0	0	0	0	0	45
c23946	-1	0	0	0	-1	0	1	0	0	0	4	0	0	0	-1	0	0	-1	0	4	-1	0	21	3	0	3	0	-1	0	3
c23959	0	0	-1	0	17	-1	37	0	23	31	-1	0	10	10	0	0	-1	25	0	-1	0	34	10	-1	0	48	0	0	0	-1
c24003	0	0	-1	19	-1	-1	0	0	0	0	0	0	4	-1	35	7	0	0	0	0	0	-1	-1	-1	3	-1	-1	0	0	33
c24010	-1	35	0	0	-1	0	-1	0	-1	0	-1	0	0	0	0	0	-1	0	-1	-1	0	0	0	0	0	3	40	-1	0	0
c24018	0	0	0	0	0	0	33	-1	11	-1	18	0	-1	4	0	3	18	0	48	0	0	34	11	-1	0	3	0	0	12	17
c24019	0	0	-1	-1	0	0	33	0	11	45	18	0	0	4	0	3	-1	0	48	0	0	34	-1	-1	0	-1	0	0	12	17
c24025	-1	0	0	-1	-1	6	0	-1	1	0	18	-1	3	0	35	-1	-1	-1	46	45	45	34	48	-1	-1	-1	-1	0	0	0
c24030	0	17	23	0	3	0	0	-1	0	0	-1	0	0	50	0	49	-1	0	0	5	0	0	8	0	0	3	40	0	0	31
c24031	0	0	23	0	-1	0	0	-1	-1	0	0	0	0	50	0	-1	29	0	-1	5	-1	0	8	37	0	3	40	0	0	31
c24034	0	0	7	0	3	3	-1	45	0	0	0	11	0	0	-1	0	0	-1	0	5	0	0	0	0	0	3	40	0	3	0
c24048	45	23	-1	0	-1	-1	8	0	0	0	-1	0	4	0	0	-1	0	-1	-1	0	17	5	15	-1	0	10	0	-1	0	-1
c24056	0	-1	0	-1	3	0	0	45	7	0	0	0	-1	0	0	40	0	-1	3	5	0	-1	0	11	0	3	40	0	-1	-1
c24059	0	0	0	12	40	-1	0	5	-1	-1	0	0	4	49	26	-1	0	0	-1	0	0	0	0	18	0	0	0	0	49	0
c24069	0	-1	5	0	0	0	1	-1	-1	0	4	-1	49	-1	3	-1	-1	-1	0	18	7	0	0	3	0	3	0	0	7	-1
c24073	0	0	0	0	0	-1	-1	5	5	0	3	0	-1	0	26	0	12	-1	17	-1	-1	3	-1	18	11	19	4	0	0	0
c24093	0	0	0	-1	0	0	17	0	0	-1	-1	0	0	0	0	0	18	-1	0	-1	5	34	0	-1	17	49	-1	49	5	-1
c24120	0	0	0	0	0	-1	-1	-1	46	0	4	-1	0	0	13	0	-1	5	0	0	7	0	-1	3	49	3	5	-1	0	-1
c24124	-1	0	17	-1	5	0	0	0	-1	0	21	0	11	-1	49	0	0	0	-1	0	0	0	0	0	0	-1	0	3	34	-1
c24125	0	0	17	-1	5	0	0	0	0	0	21	-1	11	-1	49	0	-1	0	0	-1	0	0	-1	0	-1	-1	0	-1	34	-1
c24129	0	0	0	0	0	0	0	0	0	-1	18	-1	0	0	0	0	18	0	0	17	0	34	-1	0	35	3	0	-1	0	0
c24136	0	34	0	0	0	11	-1	0	1	0	-1	0	45	0	0	0	18	-1	-1	-1	0	34	48	-1	0	0	-1	21	49	-1
c24140	0	0	0	0	-1	0	1	49	0	0	-1	0	-1	0	-1	-1	0	0	0	0	7	0	0	3	49	3	0	32	0	-1
c24145	-1	0	6	45	0	0	0	39	11	45	-1	-1	-1	10	34	34	18	0	0	0	50	34	11	0	0	0	0	-1	12	0
c24146	0	0	-1	0	3	3	-1	45	0	-1	0	11	0	-1	-1	0	0	12	-1	5	0	0	0	-1	0	3	40	0	0	0
c24149	0	-1	0	0	-1	-1	-1	49	0	-1	18	0	0	0	0	-1	18	-1	0	-1	0	34	49	0	-1	-1	0	0	0	0
c24173	0	45	0	0	0	-1	17	7	0	-1	18	0	0	0	0	0	18	-1	0	0	-1	34	0	11	0	3	14	0	-1	0
c24174	-1	0	45	0	0	0	0	0	-1	-1	0	4	-1	50	17	0	7	0	0	21	1	0	21	0	48	25	0	0	0	-1
c24187	-1	0	0	32	0	0	0	-1	-1	26	18	0	21	0	3	0	18	-1	13	0	26	34	21	45	0	36	0	21	-1	-1
c24197	0	-1	-1	0	-1	0	0	0	45	0	0	0	0	0	4	48	11	33	0	5	-1	0	0	-1	0	3	-1	35	0	18
c24200	0	21	0	0	8	0	23	0	0	-1	0	26	0	-1	0	0	-1	-1	-1	-1	0	0	0	0	-1	3	-1	0	0	-1
c24212	-1	-1	0	-1	3	-1	0	45	0	0	0	-1	0	0	0	-1	-1	0	-1	5	0	-1	0	41	0	3	40	-1	-1	45
c24234	0	0	-1	4	5	0	0	-1	0	0	-1	0	45	0	17	-1	0	0	0	-1	42	21	0	0	1	3	3	3	34	17
c24238	0	0	0	0	0	-1	1	0	-1	-1	4	0	0	1	0	43	0	0	0	0	0	0	0	3	-1	3	-1	-1	0	3
c24278	0	0	0	0	21	-1	-1	0	11	45	-1	0	13	0	0	-1	18	0	0	0	0	34	11	-1	0	0	-1	0	12	5
c24279	0	0	0	0	21	0	0	0	11	45	18	0	13	0	0	0	18	-1	0	0	0	34	-1	-1	-1	-1	0	0	12	5
c24280	0	0	0	0	34	-1	-1	0	0	-1	17	11	0	0	17	-1	10	0	5	-1	0	7	0	-1	0	34	0	0	0	-1
c24289	0	-1	0	0	-1	0	-1	0	-1	-1	-1	0	35	0	0	0	0	11	5	-1	0	0	0	-1	-1	3	40	0	0	-1
c24290	-1	-1	48	0	0	31	1	0	0	0	4	0	0	0	-1	-1	0	0	34	-1	0	0	0	-1	0	3	0	0	5	3
c24292	0	0	-1	4	5	21	0	0	39	0	11	0	45	0	0	-1	-1	0	0	-1	42	0	-1	0	0	3	3	3	34	17
c24293	-1	0	-1	4	5	21	0	0	39	0	11	0	45	-1	0	3	-1	0	0	12	42	0	-1	0	0	3	3	3	34	17
c24303	46	0	0	0	0	0	0	19	0	45	18	10	-1	-1	0	0	18	17	0	-1	0	34	-1	11	-1	0	0	-1	0	-1
c24309	0	0	0	0	11	-1	-1	0	0	-1	49	-1	26	50	0	-1	7	45	26	0	1	5	3	0	48	0	0	0	-1	30
c24310	45	34	0	1	3	0	0	45	-1	0	0	0	3	0	45	3	0	0	-1	5	0	-1	0	-1	0	3	40	0	0	0
c24335	45	0	0	-1	3	21	-1	0	-1	0	-1	49	-1	0	0	0	-1	12	0	5	-1	0	0	0	29	-1	40	0	0	30
c24340	3	0	0	0	-1	0	0	-1	0	49	18	-1	3	0	0	0	18	3	0	0	-1	-1	0	0	0	0	0	3	-1	0
c24353	0	25	0	43	31	0	0	-1	-1	0	18	4	0	-1	0	0	18	3	13	0	0	34	0	-1	0	0	45	43	0	0
c24354	-1	0	0	0	-1	48	26	3	-1	5	-1	12	0	0	0	0	0	0	48	5	0	0	0	0	26	3	-1	0	-1	0
c24361	5	0	0	-1	11	0	49	-1	0	45	18	0	21	0	-1	-1	18	0	0	0	0	34	0	11	0	0	-1	0	0	0
c24376	0	0	0	-1	-1	45	0	-1	0	-1	45	-1	45	-1	0	3	41	31	0	12	42	-1	45	0	0	-1	-1	3	34	17
c24381	0	-1	0	4	5	-1	-1	0	5	0	0	0	-1	0	0	3	41	0	0	12	42	0	0	-1	0	3	3	3	-1	17
c24386	46	11	-1	34	5	-1	0	0	0	45	18	10	0	-1	0	-1	18	17	49	0	0	34	0	11	0	0	0	49	0	0
c24391	0	0	0	0	3	-1	0	0	0	0	0	11	4	0	0	0	-1	0	0	21	35	-1	0	0	-1	-1	0	0	-1	-1
c24394	0	38	0	-1	0	47	13	0	0	45	18	0	0	0	18	0	18	0	0	11	0	34	0	11	0	-1	7	0	-1	0
c24429	0	-1	-1	0	0	-1	0	0	0	0	21	5	-1	17	1	0	0	-1	-1	-1	0	0	-1	0	7	0	0	0	-1	-1
c24430	0	-1	-1	0	-1	0	0	0	11	45	18	0	0	0	-1	0	18	0	0	37	0	-1	11	0	0	0	0	0	12	0
c24457	31	0	3	-1	17	0	0	0	-1	0	18	0	-1	-1	35	-1	18	0	0	35	45	34	-1	-1	-1	-1	-1	0	7	0
c24461	0	-1	-1	-1	5	21	0	0	39	0	11	0	45	0	0	3	-1	0	0	-1	42	0	-1	0	0	3	-1	3	34	17
c24472	0	40	0	43	8	0	-1	-1	0	-1	18	0	0	0	0	0	18	0	13	0	0	34	0	0	0	0	-1	0	0	48
c24475	0	-1	0	12	40	-1	3	5	0	0	0	35	4	49	26	3	0	0	-1	0	0	0	0	18	0	0	0	0	-1	0
c24479	11	0	0	19	-1	-1	0	0	0	0	-1	0	4	-1	35	-1	0	-1	-1	12	0	0	0	0	3	7	-1	0	-1	33
c24481	0	0	21	0	0	-1	-1	0	-1	0	18	0	7	10	0	0	-1	-1	0	34	-1	34	0	0	0	0	0	0	0	10
c24494	0	0	0	-1	5	0	45	0	0	0	21	0	-1	0	0	0	0	0	0	11	0	0	0	0	0	-1	-1	3	34	-1
c24512	45	23	0	0	-1	-1	8	-1	0	18	0	0	4	0	0	-1	-1	-1	-1	0	17	5	-1	0	0	10	0	0	0	0
c24541	12	0	-1	0	3	0	0	45	-1	30	0	0	0	0	0	0	19	0	10	-1	0	0	0	-1	0	3	40	10	3	21
c24543	0	0	49	19	0	-1	0	0	0	0	26	0	4	49	35	0	0	0	0	-1	0	-1	0	0	3	-1	0	0	0	33
c24558	45	-1	-1	0	13	0	0	-1	0	-1	18	-1	0	0	0	0	-1	35	0	0	-1	34	48	0	3	0	0	0	49	0
c24567	0	-1	0	0	0	-1	-1	0	-1	0	18	0	0	0	-1	0	18	0	0	17	-1	34	26	0	35	3	0	0	-1	0
c24578	0	0	0	0	21	0	1	0	-1	17	-1	0	0	0	0	43	0	-1	0	-1	0	-1	-1	3	-1	3	11	0	0	3
c24588	0	-1	-1	4	-1	0	47	-1	-1	3	-1	0	-1	-1	45	0	0	7	-1	5	0	0	11	0	-1	3	40	0	3	3
c24594	49	17	-1	0	-1	0	0	0	-1	0	-1	48	0	-1	-1	0	11	-1	17	5	0	0	0	0	-1	3	0	1	0	18
c24606	0	-1	-1	-1	3	0	-1	0	-1	0	-1	0	40	0	-1	11	0	12	-1	5	-1	8	0	0	-1	3	-1	0	-1	0
c24608	0	0	0	0	34	-1	-1	0	0	-1	11	0	-1	-1	17	-1	-1	0	0	0	0	0	0	-1	21	0	-1	11	-1	0
c24621	18	0	-1	0	34	0	0	0	0	0	37	0	-1	-1	17	48	-1	10	0	0	3	0	0	0	0	11	49	0	-1	11
c24635	-1	0	11	-1	0	-1	-1	49	11	0	17	3	4	0	26	35	0	26	-1	42	-1	-1	0	-1	0	0	0	43	0	0
c24655	3	0	0	49	41	0	0	-1	0	0	18	-1	3	23	-1	0	-1	0	0	0	21	34	24	0	0	0	0	3	0	0
c24665	-1	0	0	11	0	0	0	0	0	0	18	0	-1	0	0	45	18	0	0	0	-1	34	0	0	41	-1	0	0	45	0
c24672	0	0	0	0	-1	0	-1	-1	-1	-1	18	0	-1	-1	-1	-1	18	0	0	11	44	34	0	-1	0	0	3	-1	1	-1
c24682	0	-1	0	0	4	11	-1	0	-1	0	18	0	0	0	0	-1	18	-1	0	2	44	34	0	-1	-1	-1	3	-1	1	21
c24706	11	0	-1	0	0	0	0	7	0	0	4	0	0	-1	0	0	3	-1	0	0	0	0	-1	3	0	3	29	48	0	-1
c24728	35	12	0	11	0	-1	19	5	0	-1	11	4	0	-1	0	3	7	17	26	0	-1	33	3	-1	48	0	0	46	0	0
c24730	-1	-1	-1	0	-1	0	0	0	0	-1	0	4	5	50	-1	0	7	0	26	0	1	-1	-1	0	48	0	0	0	0	11
c24732	0	0	0	27	0	0	0	0	0	0	18	0	2	0	0	-1	18	0	0	0	0	34	-1	0	41	0	-1	0	0	-1
c24734	0	0	0	43	40	-1	0	5	0	-1	5	45	4	0	26	0	27	0	0	0	0	0	0	18	0	0	0	21	35	0
c24741	0	0	7	0	-1	3	21	-1	-1	0	-1	11	0	0	-1	0	0	12	0	5	0	0	0	0	0	3	-1	0	17	0
c24758	-1	42	18	12	40	-1	4	5	0	4	0	5	4	0	26	-1	-1	0	0	0	0	0	-1	18	0	-1	0	-1	-1	0
c24759	-1	42	-1	12	40	-1	4	5	0	-1	0	5	4	0	26	3	0	0	0	0	-1	0	-1	18	-1	0	0	-1	0	0
c24761	46	0	-1	1	0	-1	0	0	0	-1	18	-1	31	-1	0	0	18	17	0	0	0	-1	-1	11	-1	0	0	-1	0	30
c24764	0	-1	-1	0	0	0	0	0	-1	0	18	0	21	0	0	-1	-1	0	0	0	44	34	-1	-1	0	0	0	0	1	21
c24775	18	0	-1	0	34	0	0	48	5	0	37	0	0	-1	17	0	-1	10	0	0	3	0	0	0	45	11	49	0	0	-1
c24781	0	0	0	-1	-1	0	0	0	0	3	18	48	-1	10	-1	0	18	0	-1	-1	0	34	0	0	46	-1	21	-1	0	10
c24782	0	0	-1	0	3	-1	0	-1	0	0	0	1	-1	0	-1	0	41	0	0	0	35	17	0	5	45	11	-1	0	-1	26
c24785	46	5	0	3	3	0	0	0	-1	0	-1	5	0	0	0	0	-1	0	0	-1	0	0	0	-1	0	3	-1	0	0	0
c24790	45	23	49	0	-1	-1	8	0	0	0	0	0	4	0	0	-1	0	-1	-1	0	17	5	0	0	0	10	0	0	-1	0
c24792	0	0	-1	0	34	0	-1	-1	-1	11	0	0	0	0	17	0	0	0	5	-1	0	7	0	3	0	34	0	0	0	0
c24815	0	-1	0	0	-1	0	-1	0	0	45	18	0	45	0	0	31	18	0	0	0	0	34	-1	11	0	0	0	0	0	0
c24816	0	0	0	0	-1	0	0	-1	0	-1	0	26	0	-1	0	0	48	3	18	0	-1	-1	0	0	-1	3	17	0	0	0
c24819	-1	0	26	4	5	45	0	0	-1	3	45	0	45	0	0	3	41	0	-1	12	-1	0	-1	0	0	3	3	-1	34	17
c24827	-1	49	0	29	0	-1	-1	5	0	0	-1	0	4	-1	26	0	0	0	35	-1	29	11	0	18	0	5	0	0	0	0
c24831	0	0	0	0	21	0	0	0	11	-1	18	0	-1	0	0	0	18	-1	0	0	0	34	11	-1	0	0	0	0	12	0
c24843	0	0	0	-1	0	0	0	0	11	45	18	-1	0	0	-1	0	18	0	3	0	0	-1	11	-1	0	0	0	0	12	0
c24886	0	0	0	-1	40	-1	0	5	-1	-1	0	-1	4	49	26	3	0	0	-1	0	0	0	0	18	0	0	0	-1	49	0
c24914	0	-1	0	0	41	-1	0	49	0	-1	18	0	0	0	0	0	18	0	0	0	-1	34	-1	-1	0	3	0	-1	0	0
c24919	23	7	0	34	-1	13	0	45	0	0	-1	0	5	23	-1	0	-1	0	-1	-1	0	0	0	41	-1	-1	40	-1	0	45
c24923	-1	0	-1	-1	0	0	-1	0	0	0	18	48	0	10	-1	-1	18	0	0	0	0	34	0	0	-1	0	21	0	32	10
c24932	0	-1	0	0	5	-1	34	-1	26	26	18	0	0	0	3	-1	-1	0	13	-1	-1	34	0	0	0	-1	18	21	-1	0
c24937	3	0	0	0	0	0	0	0	0	-1	-1	0	0	0	0	0	0	0	0	48	0	0	-1	3	-1	3	29	48	-1	-1
c24939	0	0	0	0	0	17	0	-1	0	-1	18	0	0	0	0	45	18	0	0	0	0	34	0	0	41	15	-1	0	-1	0
c24950	5	0	49	19	0	-1	0	0	-1	0	26	0	4	26	35	0	-1	0	0	0	0	0	0	0	-1	-1	-1	-1	0	33
c24957	-1	0	26	4	5	0	0	0	0	-1	0	0	0	0	-1	0	0	-1	-1	0	0	0	11	0	8	3	18	3	-1	-1
c24968	0	21	-1	10	-1	0	4	0	-1	0	-1	35	0	0	0	0	-1	0	5	5	0	0	-1	-1	-1	3	40	21	0	0
c25023	0	0	0	0	0	0	1	0	0	0	4	0	0	0	0	18	0	-1	-1	0	0	-1	0	3	0	-1	0	-1	34	3
c25038	0	0	0	-1	34	-1	9	0	0	0	0	0	42	-1	17	0	41	3	0	-1	0	-1	-1	0	-1	0	11	0	0	3
c25054	0	0	0	0	17	-1	0	0	49	0	-1	0	0	-1	0	0	18	0	-1	0	0	34	0	-1	0	0	-1	0	-1	10
c25091	0	49	0	-1	-1	0	48	48	-1	-1	-1	0	0	0	-1	30	0	0	-1	-1	0	35	0	-1	-1	-1	-1	18	0	0
c25095	11	8	40	0	0	-1	15	35	0	11	4	-1	0	11	0	0	0	0	49	3	0	0	0	-1	0	3	0	48	0	-1
c25131	17	-1	0	-1	-1	0	13	-1	21	0	18	0	0	-1	23	0	18	-1	13	0	0	-1	48	0	0	0	0	0	-1	17
c25138	17	-1	0	23	0	0	0	0	7	-1	17	0	-1	30	0	21	0	0	0	3	0	-1	0	-1	0	3	48	0	0	0
c25148	0	-1	49	19	13	-1	5	10	3	11	0	11	4	0	35	0	-1	10	3	0	-1	0	0	0	3	-1	45	48	42	33
c25149	-1	-1	49	19	13	-1	5	10	-1	11	0	11	4	9	35	3	0	10	3	-1	-1	-1	-1	0	3	-1	45	-1	42	33
c25156	46	-1	0	0	31	0	11	0	-1	-1	18	10	-1	21	-1	0	18	-1	0	0	0	34	0	-1	-1	-1	-1	-1	10	0
c25162	23	0	23	0	-1	0	0	45	0	0	0	0	0	47	0	-1	0	0	0	5	0	-1	0	-1	-1	3	40	0	10	49
c25166	0	0	0	0	0	-1	0	5	0	0	0	0	4	0	26	0	-1	-1	0	0	-1	3	-1	18	0	0	4	-1	0	0
c25174	-1	0	0	0	-1	0	0	49	0	0	0	-1	-1	50	0	0	7	-1	0	0	-1	0	3	-1	48	35	0	0	0	0
c25175	34	0	0	0	21	-1	-1	49	0	0	-1	4	-1	50	0	-1	7	-1	0	0	1	0	3	42	-1	-1	0	-1	0	0
c25179	-1	0	-1	0	0	5	1	0	0	-1	4	0	36	0	0	0	0	0	0	0	0	0	-1	-1	0	3	0	0	3	3
c25181	0	0	-1	19	0	-1	0	0	0	0	10	35	4	-1	35	7	0	11	34	0	0	-1	0	0	3	-1	0	0	0	33
c25185	0	0	48	-1	0	0	-1	0	-1	-1	-1	0	0	0	0	0	-1	-1	-1	0	7	0	0	3	-1	3	0	0	0	3
c25195	-1	49	45	-1	0	0	-1	-1	0	0	-1	-1	-1	-1	17	-1	7	0	49	11	1	0	21	0	48	0	-1	0	0	0
c25211	0	-1	0	-1	3	-1	0	45	7	0	0	0	-1	-1	0	40	0	0	0	5	-1	12	0	11	0	3	40	0	-1	-1
c25213	11	0	0	-1	-1	-1	0	0	0	-1	0	-1	4	-1	35	3	0	0	-1	12	0	0	0	0	3	0	-1	-1	0	33
c25224	-1	0	48	-1	5	0	-1	0	0	0	4	-1	49	0	-1	11	0	-1	0	0	-1	0	-1	3	-1	3	-1	0	-1	3
c25234	0	0	0	0	35	0	21	0	0	-1	-1	4	4	50	0	0	-1	0	0	0	1	0	21	-1	-1	5	0	0	0	0
c25238	17	0	0	0	0	0	0	-1	7	-1	-1	0	21	48	0	21	0	0	0	17	0	0	1	0	0	3	-1	0	-1	-1
c25258	0	0	17	19	0	-1	12	-1	5	0	0	-1	-1	-1	35	34	0	0	0	0	0	3	11	0	3	35	0	-1	0	33
c25269	0	18	0	19	-1	-1	18	31	1	-1	-1	0	-1	11	0	0	41	0	0	-1	0	48	-1	0	11	0	0	-1	33	0
c25280	0	0	0	0	-1	0	0	0	-1	0	18	0	0	0	11	-1	18	-1	0	0	-1	34	26	-1	0	-1	0	0	1	-1
c25290	0	27	0	0	0	-1	8	0	0	0	35	0	4	-1	5	0	41	0	0	-1	35	0	0	0	0	0	0	0	0	0
c25326	-1	-1	49	19	5	-1	0	-1	3	-1	0	0	4	0	35	0	0	0	-1	-1	0	-1	0	-1	3	-1	0	-1	0	33
c25332	0	8	0	4	-1	0	-1	-1	0	0	0	-1	-1	5	0	0	0	0	0	12	-1	5	0	0	0	3	3	3	-1	-1
c25333	0	8	-1	4	5	0	0	23	-1	0	0	0	-1	5	0	0	0	0	0	12	42	5	0	0	0	3	3	3	34	17
c25355	0	0	0	3	40	5	1	0	0	0	4	0	0	0	0	0	0	0	5	0	7	0	-1	3	49	3	-1	0	0	3
c25361	0	0	-1	0	0	-1	0	0	0	0	18	0	0	0	-1	0	18	0	0	-1	-1	34	26	0	35	3	0	0	0	0
c25377	34	-1	0	3	34	0	31	-1	0	0	-1	0	0	0	17	0	0	0	-1	0	0	0	-1	0	0	0	-1	0	0	0
c25405	0	17	23	0	3	32	0	-1	11	35	0	0	49	0	0	26	3	0	0	5	17	0	-1	0	-1	-1	-1	0	0	0
c25412	49	0	0	0	34	0	15	0	0	0	0	3	3	38	17	-1	49	17	0	-1	-1	0	0	0	12	-1	49	0	0	0
c25415	-1	-1	0	0	-1	0	0	0	-1	45	-1	0	0	0	11	31	18	0	0	0	0	34	0	11	17	0	0	-1	0	-1
c25435	0	-1	0	-1	5	-1	-1	-1	0	11	-1	0	-1	-1	0	-1	0	0	0	-1	42	0	0	0	3	3	3	3	34	17
c25439	0	32	-1	4	5	0	0	0	0	-1	0	0	45	0	0	3	41	0	0	12	42	-1	45	-1	0	3	3	3	34	-1
c25476	-1	0	0	0	0	0	-1	0	3	45	-1	0	0	0	0	0	18	-1	0	0	0	34	0	-1	0	0	0	0	0	0
c25482	-1	0	5	-1	34	-1	0	0	0	42	0	-1	0	0	-1	-1	0	21	0	7	0	0	-1	0	-1	3	0	0	4	3
c25494	45	41	-1	0	3	-1	-1	0	-1	21	12	29	4	0	-1	0	41	19	0	-1	35	0	0	0	-1	11	-1	-1	0	26
c25503	-1	-1	-1	19	-1	0	0	0	11	5	18	0	0	10	35	0	18	0	-1	17	45	34	48	0	-1	0	-1	-1	0	0
c25505	0	0	0	0	8	0	0	-1	-1	11	18	0	0	-1	0	-1	18	-1	13	0	5	34	-1	0	37	11	0	0	-1	-1
c25506	0	0	49	19	0	-1	0	0	21	-1	-1	0	4	18	35	0	0	-1	0	0	-1	1	0	0	3	-1	0	-1	0	33
c25507	-1	0	49	-1	0	-1	0	0	21	-1	-1	0	4	18	35	18	0	0	-1	0	-1	1	0	0	3	-1	0	0	0	33
c25517	0	0	-1	4	-1	0	18	0	0	11	0	0	-1	-1	0	-1	0	0	0	-1	42	0	0	-1	3	3	3	3	34	17
c25536	34	0	0	0	34	0	-1	13	17	0	0	0	-1	0	17	0	0	0	0	0	0	0	0	21	-1	0	0	0	12	12
c25539	0	19	0	-1	-1	0	0	45	0	45	18	45	0	0	0	17	18	-1	0	0	0	34	0	11	0	3	10	0	-1	0
c25554	34	-1	0	0	34	0	0	0	0	0	8	13	0	3	17	0	21	-1	32	-1	0	0	0	0	4	0	0	-1	0	0
c25555	34	-1	0	0	34	0	0	-1	0	0	8	13	0	3	-1	0	21	0	-1	-1	0	0	0	-1	4	0	0	0	0	0
c25559	-1	-1	-1	19	5	-1	-1	0	3	0	0	0	4	-1	35	0	0	0	-1	-1	0	0	0	0	3	-1	0	-1	0	33
c25566	0	0	-1	0	21	0	0	0	49	0	18	0	0	0	-1	0	18	0	0	0	0	34	0	0	41	-1	0	0	0	0
c25575	-1	0	0	0	-1	0	0	22	0	-1	18	-1	-1	12	0	0	18	0	-1	-1	0	34	0	11	0	-1	0	0	0	0
c25581	0	-1	0	4	5	0	18	0	0	11	0	0	-1	-1	0	-1	0	0	-1	12	42	-1	0	0	3	3	-1	3	-1	17
c25594	0	-1	0	-1	5	0	-1	0	8	0	-1	-1	49	0	0	0	0	0	0	17	-1	-1	49	-1	21	-1	0	3	-1	17
c25607	0	0	0	0	0	-1	0	0	0	7	-1	5	-1	0	0	0	41	0	0	0	-1	11	0	-1	3	0	0	-1	0	0
c25630	0	0	0	0	34	0	0	0	-1	0	0	0	42	0	17	17	41	0	0	0	0	-1	7	12	0	0	11	-1	0	0
c25633	-1	-1	23	6	3	0	0	45	0	-1	-1	0	49	-1	10	26	3	0	0	-1	0	0	0	-1	-1	3	-1	0	0	0
c25638	47	0	0	0	17	0	-1	0	0	17	4	35	35	0	10	0	0	21	0	-1	-1	0	0	3	-1	3	0	35	-1	3
c25642	0	8	0	0	0	0	15	0	0	11	4	0	0	0	0	0	0	0	-1	0	0	0	0	-1	0	3	0	48	0	-1
c25655	0	0	0	-1	0	0	-1	-1	0	0	-1	0	0	0	31	0	18	0	13	-1	-1	-1	0	0	0	0	0	0	0	49
c25670	-1	0	0	-1	34	-1	0	50	45	0	0	0	0	0	17	0	0	-1	0	0	-1	0	0	5	-1	0	0	11	0	0
c25680	0	1	-1	-1	3	-1	-1	0	-1	0	-1	23	0	0	-1	0	0	0	0	5	0	0	17	0	-1	3	40	13	0	0
c25686	-1	-1	-1	-1	5	5	0	-1	0	-1	18	0	0	0	3	-1	-1	0	13	18	0	34	30	29	0	-1	18	21	-1	0
c25693	-1	0	48	0	21	31	-1	0	0	0	4	0	-1	26	-1	11	0	0	0	0	0	45	0	-1	0	3	0	0	5	3
c25715	10	18	3	0	-1	0	0	15	-1	0	-1	0	-1	-1	0	0	0	39	0	-1	0	0	-1	7	-1	3	40	-1	0	31
c25724	0	0	-1	0	3	11	0	-1	0	0	0	21	0	0	0	26	0	41	0	5	0	0	0	0	-1	3	40	17	-1	0
c25730	40	3	23	0	3	0	0	45	-1	5	12	0	-1	0	21	26	-1	48	0	5	0	0	0	3	-1	3	40	13	-1	0
c25735	-1	0	0	0	-1	0	0	0	-1	45	18	0	0	0	-1	0	18	0	-1	-1	0	-1	11	-1	0	26	-1	0	12	35
c25740	-1	0	0	19	42	-1	0	0	0	0	0	0	4	0	35	10	0	-1	6	-1	5	-1	-1	0	-1	0	-1	7	0	-1
c25746	0	0	0	0	0	0	1	5	0	0	4	-1	0	0	0	18	0	0	46	0	0	2	0	-1	0	3	0	-1	34	3
c25752	0	0	7	11	3	0	0	45	0	0	-1	0	18	3	-1	0	0	-1	0	5	-1	0	0	0	0	-1	40	0	-1	0
c25777	11	-1	-1	0	-1	0	0	-1	25	3	0	-1	0	0	-1	0	0	12	-1	5	0	0	0	-1	0	3	40	0	0	-1
c25796	-1	0	35	0	0	0	0	0	-1	17	4	0	32	0	0	0	3	17	0	0	0	0	0	3	0	3	29	48	-1	-1
c25822	-1	0	7	0	-1	3	0	45	0	0	-1	11	0	0	-1	0	0	12	-1	5	-1	17	-1	0	21	3	40	0	0	45
c25835	34	-1	0	-1	34	-1	45	0	0	0	9	0	14	11	17	-1	-1	19	0	0	0	0	-1	0	0	-1	-1	0	0	-1
c25844	0	45	17	-1	0	-1	-1	-1	-1	-1	18	-1	-1	12	0	-1	-1	47	-1	0	-1	34	0	11	0	3	14	0	0	0
c25847	0	0	11	0	-1	-1	8	-1	0	0	28	0	4	0	0	-1	0	-1	-1	0	0	17	-1	0	0	0	49	-1	0	5
c25853	11	0	0	23	0	0	0	13	0	0	0	-1	0	50	26	0	7	0	-1	0	1	0	3	0	48	0	0	0	0	-1
c25859	0	0	0	0	5	-1	-1	-1	49	17	-1	0	4	-1	5	10	41	34	35	0	0	0	0	-1	0	-1	3	45	17	0
c25870	-1	0	7	0	3	0	26	45	0	0	0	0	21	-1	-1	0	0	12	0	5	0	0	0	0	0	3	-1	0	48	0
c25878	46	-1	0	0	0	0	0	0	0	45	18	10	-1	5	-1	0	18	17	0	0	0	34	0	11	-1	0	0	-1	-1	0
c25883	31	17	0	3	0	0	0	0	17	0	18	0	3	0	-1	-1	18	0	-1	0	45	-1	48	0	-1	0	-1	-1	7	0
c25887	0	0	0	0	-1	0	-1	0	-1	34	-1	0	-1	0	0	0	21	-1	5	5	0	41	0	0	0	-1	40	-1	0	0
c25894	0	0	29	19	0	-1	0	-1	0	-1	0	0	4	0	35	3	0	0	0	17	0	0	-1	0	3	-1	-1	0	0	-1
c25896	0	0	-1	0	34	0	0	0	0	48	17	11	0	0	17	-1	10	0	5	0	0	7	0	0	0	34	0	0	0	0
c25898	11	0	18	19	0	-1	0	0	0	0	0	0	4	-1	35	3	-1	0	0	12	0	-1	-1	0	-1	0	0	0	0	-1
c25902	-1	-1	0	5	21	5	0	0	-1	21	18	-1	0	0	0	0	18	0	0	46	5	34	0	41	17	19	0	49	-1	0
c25914	0	-1	0	0	34	-1	0	-1	-1	0	-1	0	-1	0	17	0	0	0	5	15	0	7	0	0	0	34	0	0	5	9
c25935	-1	0	0	0	3	-1	-1	-1	49	0	0	-1	4	-1	0	0	41	0	1	0	35	49	-1	7	0	3	0	-1	0	0
c25937	0	-1	49	0	-1	0	-1	0	46	0	4	0	0	-1	0	0	-1	0	0	0	7	0	0	3	0	3	0	45	0	-1
c25941	0	49	0	4	5	0	-1	0	0	0	0	0	0	-1	0	0	0	-1	0	12	42	0	0	-1	0	3	3	3	-1	17
c25945	-1	0	0	-1	3	0	-1	-1	-1	-1	-1	0	-1	0	0	0	0	-1	17	-1	-1	0	0	0	0	17	0	0	26	-1
c25954	3	0	0	0	0	-1	0	0	0	0	0	0	4	0	5	0	41	0	-1	0	35	-1	0	-1	-1	0	-1	0	0	0
c25955	3	0	0	-1	0	-1	0	0	0	0	0	0	-1	-1	-1	-1	41	0	0	0	35	49	0	0	-1	0	-1	0	0	0
c25982	0	0	3	0	50	-1	18	31	0	0	17	0	4	0	32	0	41	-1	0	0	0	45	0	-1	-1	0	0	0	0	-1
c25985	0	0	0	0	0	-1	18	31	3	0	17	0	4	0	32	0	41	0	0	3	-1	0	0	31	0	0	0	0	0	-1
c25988	46	0	0	0	0	-1	0	19	0	45	18	10	-1	0	0	0	18	17	0	0	0	-1	0	11	-1	0	0	-1	0	0
c25989	-1	0	0	0	0	0	0	-1	-1	45	18	10	-1	-1	0	0	18	17	0	0	-1	34	0	-1	-1	0	0	-1	0	0
c26004	34	0	0	0	34	-1	31	13	-1	21	0	0	0	-1	17	-1	19	0	31	49	0	0	0	-1	0	0	0	0	-1	0
c26015	0	0	49	0	0	0	0	17	11	45	-1	0	0	0	23	0	18	0	0	12	0	34	11	0	0	0	-1	0	12	0
c26020	3	-1	0	-1	0	0	0	0	0	-1	-1	0	0	-1	0	0	0	0	0	48	0	-1	0	3	-1	3	29	48	7	-1
c26031	-1	-1	-1	-1	3	0	22	0	-1	0	-1	0	5	0	30	-1	0	17	3	5	0	0	49	0	0	3	40	3	49	0
c26034	3	0	0	23	41	4	0	-1	-1	-1	18	-1	3	0	0	5	18	0	0	3	0	-1	0	0	0	0	-1	3	0	0
c26037	0	0	23	-1	3	50	-1	45	0	0	0	-1	0	0	0	0	0	0	0	5	0	0	7	0	0	3	40	-1	0	-1
c26054	4	0	26	0	0	4	4	45	-1	0	0	-1	-1	50	0	0	7	12	0	0	1	0	3	0	48	-1	0	0	0	0
c26056	0	-1	0	4	5	0	-1	0	0	0	0	0	49	0	-1	0	0	0	26	0	-1	0	49	0	21	-1	0	3	34	17
c26071	0	-1	0	-1	0	-1	-1	21	0	0	0	0	-1	0	-1	-1	-1	0	0	45	0	0	-1	0	-1	34	0	-1	-1	33
c26080	0	-1	0	-1	0	-1	8	-1	-1	0	0	0	4	-1	0	35	0	0	-1	0	-1	17	7	42	-1	48	0	-1	0	-1
c26082	0	-1	-1	19	-1	-1	5	-1	-1	11	0	0	4	0	35	0	0	0	0	0	-1	0	0	-1	3	-1	-1	0	0	33
c26098	0	0	-1	-1	0	0	0	23	0	11	21	5	-1	17	-1	0	0	-1	-1	21	26	0	-1	0	0	0	0	0	23	45
c26102	0	0	0	-1	21	0	0	-1	11	45	18	0	13	0	0	0	18	0	0	-1	0	34	11	-1	-1	0	0	0	12	0
c26105	-1	0	0	18	34	0	3	21	0	0	0	17	3	5	17	0	0	0	-1	0	0	0	0	0	0	0	0	0	0	45
c26113	11	0	11	19	31	-1	-1	0	0	0	0	-1	4	-1	35	3	0	0	0	-1	0	0	17	49	3	0	-1	0	0	-1
c26135	0	0	-1	-1	0	-1	0	5	-1	0	0	35	4	0	26	0	0	-1	0	0	-1	0	0	18	0	0	0	-1	-1	-1
c26136	0	18	0	0	0	0	0	0	0	0	18	0	-1	0	0	-1	-1	4	4	0	-1	-1	0	0	0	0	0	29	0	0
c26141	0	0	0	-1	47	5	1	6	-1	0	-1	0	0	-1	0	0	0	0	0	0	45	5	-1	3	-1	3	0	0	0	3
c26166	0	0	-1	0	-1	0	-1	45	0	0	12	0	49	0	-1	26	-1	3	0	5	0	0	0	0	-1	3	40	0	0	0
c26204	45	5	0	1	3	0	0	45	17	0	0	0	0	0	-1	3	0	0	0	-1	0	0	0	-1	-1	3	40	27	0	0
c26210	3	0	0	-1	41	4	0	-1	-1	0	18	-1	-1	0	0	0	18	0	0	3	0	-1	49	-1	0	0	0	3	0	0
c26217	-1	0	49	-1	0	-1	0	0	0	0	0	35	4	-1	35	7	0	0	34	-1	0	-1	0	0	3	-1	-1	0	0	33
c26234	0	0	23	-1	3	0	0	45	0	0	0	0	0	38	0	26	-1	37	0	5	0	0	-1	0	0	3	40	0	0	21
c26236	45	0	0	4	5	33	0	-1	-1	-1	0	33	49	0	0	-1	-1	11	0	-1	-1	0	49	0	21	-1	-1	-1	34	17
c26237	45	0	-1	4	5	33	0	-1	0	-1	0	33	-1	0	-1	0	0	11	0	0	-1	0	49	0	-1	-1	0	3	34	17
c26239	0	0	1	-1	-1	0	1	0	0	-1	4	0	0	0	35	0	-1	49	0	3	0	0	0	3	-1	-1	-1	34	0	-1
c26244	-1	-1	0	0	41	0	13	0	49	-1	11	4	0	50	-1	-1	7	7	26	13	1	0	3	0	48	50	-1	0	0	0
c26246	7	-1	7	0	-1	0	-1	0	46	0	4	-1	0	0	0	-1	-1	0	0	0	7	0	0	3	0	3	13	-1	0	-1
c26253	0	0	-1	0	-1	0	0	0	0	11	0	-1	19	-1	0	-1	-1	0	0	5	0	0	0	-1	-1	3	21	-1	0	18
c26260	-1	0	-1	0	0	-1	0	0	-1	21	0	-1	-1	3	41	1	-1	33	0	-1	0	0	0	-1	0	3	0	0	0	18
c26262	-1	5	-1	40	3	-1	0	0	0	-1	0	0	4	0	-1	0	41	0	0	-1	-1	0	-1	0	-1	11	0	0	21	0
c26288	11	-1	-1	19	-1	-1	3	0	3	8	0	0	4	21	35	-1	-1	0	-1	0	0	-1	-1	0	3	-1	-1	0	-1	33
c26291	46	0	0	0	0	0	0	0	-1	-1	18	10	40	0	0	0	18	-1	0	0	0	34	34	11	0	0	0	-1	-1	45
c26306	0	0	-1	0	0	-1	0	-1	0	0	0	0	4	0	26	0	12	-1	17	0	-1	-1	-1	18	0	0	4	0	0	0
c26307	0	0	-1	0	-1	-1	0	5	0	0	0	-1	4	0	-1	0	-1	-1	17	0	-1	3	-1	18	0	0	4	0	0	0
c26314	49	0	0	-1	34	0	0	1	0	0	0	-1	3	38	-1	0	49	0	-1	0	3	0	0	0	0	0	-1	0	-1	0
c26322	35	-1	0	0	0	0	-1	21	-1	0	18	0	-1	0	0	0	-1	0	-1	17	0	34	26	-1	35	-1	-1	0	0	34
c26323	35	11	0	0	0	0	0	21	-1	0	18	0	0	0	0	0	-1	0	0	17	0	34	26	0	-1	3	-1	0	-1	34
c26333	0	0	0	4	5	0	0	0	0	5	22	0	31	-1	5	3	0	-1	0	12	42	0	0	0	25	3	3	3	34	-1
c26336	0	0	0	45	10	-1	18	31	0	-1	17	-1	4	23	-1	-1	41	-1	0	-1	3	0	-1	3	0	0	0	0	0	0
c26339	38	0	48	0	0	0	1	0	-1	0	4	-1	0	0	0	0	43	-1	-1	0	7	0	0	3	31	3	23	-1	0	3
c26370	34	-1	0	0	34	0	0	-1	0	-1	8	-1	0	0	17	0	21	0	-1	-1	0	0	0	0	4	0	0	0	0	0
c26375	0	0	0	12	-1	-1	0	5	0	0	0	0	4	49	26	3	0	0	-1	0	0	0	-1	18	-1	0	0	0	49	0
c26382	-1	-1	-1	-1	0	0	-1	0	20	0	-1	4	0	50	0	0	7	0	0	0	1	0	3	0	48	-1	0	0	0	-1
c26384	-1	0	0	0	0	3	-1	0	0	-1	18	0	0	10	0	0	-1	0	0	34	3	34	0	1	0	-1	-1	0	1	10
c26398	0	0	0	0	17	0	0	0	49	0	18	-1	0	-1	0	0	18	0	0	0	0	34	-1	-1	-1	0	0	0	-1	10
c26427	10	26	0	-1	0	-1	-1	0	0	49	45	0	-1	0	35	0	0	4	0	45	21	-1	0	0	3	0	0	0	-1	33
c26435	0	0	0	0	0	0	49	0	-1	0	18	0	0	48	0	0	18	0	0	17	0	34	26	0	35	3	0	-1	40	0
c26436	0	0	0	0	-1	8	0	-1	49	-1	18	0	0	0	0	0	18	0	45	0	0	34	0	0	41	-1	0	-1	0	0
c26453	0	-1	0	7	-1	-1	18	31	0	0	17	49	4	0	19	0	41	17	12	-1	21	46	21	0	0	-1	0	0	0	0
c26461	-1	-1	0	0	0	0	0	0	0	17	4	0	0	-1	0	0	3	17	0	0	0	0	0	3	0	3	29	48	0	-1
c26468	0	0	10	0	0	0	-1	0	12	0	18	-1	-1	-1	26	-1	18	0	0	-1	0	34	48	0	0	0	-1	21	-1	18
c26475	0	21	0	0	43	5	0	0	-1	-1	3	0	0	-1	3	-1	0	44	0	-1	0	17	0	27	-1	-1	0	0	-1	-1
c26481	-1	0	0	0	5	29	15	0	0	11	4	34	18	0	-1	-1	0	-1	0	0	0	-1	0	-1	21	3	-1	-1	0	3
c26495	-1	0	0	0	0	-1	-1	5	0	0	0	0	4	0	-1	0	12	-1	0	0	-1	3	-1	18	0	0	4	0	0	0
c26508	0	0	-1	0	0	-1	0	0	21	0	4	0	0	0	0	22	3	-1	0	0	21	11	0	3	0	-1	29	48	0	-1
c26510	0	0	-1	19	-1	-1	0	0	-1	0	-1	0	4	0	-1	-1	0	0	0	0	0	0	0	0	-1	0	0	0	0	-1
c26517	-1	0	-1	0	19	48	0	-1	7	0	0	0	4	-1	0	0	11	33	0	5	0	21	0	0	0	-1	0	0	0	-1
c26528	0	0	-1	35	-1	-1	0	49	49	0	-1	0	0	3	0	0	11	33	0	5	0	0	0	-1	0	3	0	0	0	18
c26532	0	0	26	-1	-1	0	-1	0	0	0	0	0	0	0	0	0	0	0	0	0	0	-1	11	-1	8	3	0	3	34	17
c26548	-1	0	0	-1	0	34	1	0	-1	0	-1	0	0	0	-1	0	0	48	0	0	0	-1	-1	3	0	3	0	0	-1	3
c26562	46	0	49	0	-1	0	0	26	0	-1	18	-1	31	-1	0	0	-1	17	0	-1	0	34	0	11	-1	-1	0	-1	0	0
c26564	0	0	0	3	-1	0	0	0	-1	0	-1	-1	0	0	0	0	-1	0	-1	-1	11	0	0	-1	-1	3	40	0	-1	-1
c26568	-1	0	0	0	0	0	0	-1	0	45	18	0	-1	-1	-1	-1	18	-1	-1	-1	0	34	-1	-1	0	49	0	0	0	0
c26569	13	0	0	0	0	0	0	0	0	45	-1	0	0	45	21	0	-1	0	0	-1	0	34	-1	11	0	49	0	-1	-1	0
c26574	0	0	0	0	-1	-1	5	-1	-1	0	-1	-1	-1	0	0	0	6	0	0	5	-1	21	0	0	-1	3	40	0	0	0
c26585	0	0	0	3	3	0	0	45	17	0	0	-1	3	0	0	0	-1	0	-1	5	49	0	3	-1	0	3	40	11	0	-1
c26588	0	15	26	-1	5	0	-1	0	0	0	12	-1	0	0	0	0	-1	31	49	0	-1	0	11	23	-1	-1	0	3	34	17
c26604	0	21	0	0	0	-1	0	0	10	-1	3	4	4	50	17	0	-1	0	-1	5	1	0	21	35	-1	49	17	0	-1	-1
c26630	0	0	-1	0	3	-1	0	-1	0	0	0	-1	0	21	27	-1	-1	-1	0	5	0	3	-1	0	0	3	40	0	0	49
c26635	45	8	0	-1	-1	0	0	0	0	-1	-1	0	26	0	3	-1	0	45	0	12	42	0	11	0	-1	3	3	3	34	-1
c26639	0	0	0	4	5	0	19	0	5	0	-1	0	45	-1	-1	3	41	0	0	12	42	0	0	0	0	3	3	3	-1	17
c26645	0	-1	7	-1	3	0	-1	45	-1	0	10	0	12	0	-1	4	0	12	0	-1	-1	0	0	0	0	3	40	0	9	32
c26646	19	0	0	-1	-1	0	0	-1	0	-1	18	0	-1	0	0	0	18	0	0	0	0	34	49	-1	0	0	0	-1	0	0
c26689	0	0	-1	19	-1	-1	-1	0	-1	0	0	12	4	0	35	-1	-1	-1	0	45	-1	0	-1	0	3	-1	-1	0	0	33
c26694	0	0	0	0	-1	-1	0	-1	11	45	18	-1	0	0	0	0	18	-1	3	-1	0	-1	11	-1	-1	0	0	-1	12	-1
c26710	46	0	0	0	-1	0	0	7	0	45	-1	10	0	0	0	0	18	17	-1	0	0	34	0	11	0	0	0	0	0	0
c26727	0	0	3	-1	0	-1	0	0	-1	0	0	0	4	0	35	0	11	-1	-1	-1	-1	17	-1	0	3	0	-1	7	0	33
c26731	0	0	48	0	-1	31	1	0	0	0	4	0	0	-1	-1	11	0	-1	0	0	0	-1	0	3	-1	3	0	0	0	3
c26742	0	0	0	-1	21	0	0	0	11	45	18	0	13	0	0	-1	18	0	0	0	0	34	11	-1	0	0	0	0	12	-1
c26743	0	0	0	0	21	-1	0	0	11	45	18	0	13	0	0	0	18	0	0	-1	0	34	11	-1	0	0	0	-1	12	0
c26746	0	0	0	19	0	-1	0	0	31	17	11	0	4	0	35	0	3	0	0	0	0	0	0	0	3	0	0	-1	0	33
c26748	11	-1	49	19	-1	-1	-1	-1	3	0	-1	45	-1	-1	-1	11	0	-1	0	0	0	-1	0	0	3	-1	0	11	0	33
c26782	0	45	0	0	0	-1	0	5	0	0	0	35	4	0	26	-1	0	-1	-1	0	-1	0	0	-1	0	18	0	0	0	-1
c26783	0	45	0	-1	0	-1	0	5	-1	0	0	35	-1	0	26	0	0	-1	0	0	-1	0	-1	-1	0	18	0	-1	0	-1
c26791	-1	0	0	1	0	0	0	0	0	-1	18	-1	31	-1	0	0	-1	17	0	0	0	-1	0	11	-1	0	0	-1	0	-1
c26814	0	49	0	37	34	0	23	0	-1	0	0	0	-1	0	17	0	0	0	0	-1	0	-1	0	0	0	-1	0	34	34	0
c26831	46	0	0	0	0	10	0	0	0	-1	-1	10	0	-1	0	0	18	-1	0	0	-1	34	0	11	0	0	-1	0	0	0
c26832	0	0	-1	0	17	45	11	-1	0	0	18	0	-1	10	0	0	18	0	0	0	0	34	0	0	-1	26	0	0	0	-1
c26838	0	8	0	0	43	3	15	0	0	11	-1	0	0	0	31	-1	0	-1	-1	0	0	0	-1	3	0	-1	0	48	29	3
c26862	49	-1	-1	19	0	-1	0	0	0	-1	0	13	4	0	35	17	-1	0	-1	45	0	19	0	0	3	-1	-1	0	0	33
c26863	49	45	-1	19	0	-1	0	-1	0	0	0	13	4	-1	35	17	0	0	0	-1	0	19	0	0	-1	0	-1	-1	0	-1
c26864	-1	0	-1	-1	0	0	0	0	11	21	0	4	26	-1	-1	0	7	45	26	-1	1	5	3	0	48	0	0	-1	-1	-1
c26874	0	45	17	-1	0	-1	-1	7	0	45	18	0	21	0	12	-1	18	47	0	0	-1	34	0	11	-1	-1	14	0	0	0
c26885	7	-1	0	0	-1	0	1	-1	46	21	-1	0	0	0	0	31	-1	0	0	0	7	-1	0	-1	0	3	13	0	0	-1
c26895	0	-1	23	0	3	0	0	-1	-1	0	4	0	49	0	0	26	3	0	0	5	0	-1	0	0	-1	-1	-1	0	34	0
c26933	0	0	48	-1	-1	31	1	-1	0	0	4	-1	0	0	-1	11	0	0	0	0	0	-1	-1	-1	0	3	-1	0	0	3
c26941	-1	0	0	3	0	0	-1	5	0	0	4	-1	0	-1	-1	-1	-1	0	46	0	0	0	0	-1	0	3	7	-1	34	3
c26943	-1	-1	0	0	0	-1	18	-1	34	-1	17	0	4	0	-1	0	-1	0	-1	0	3	0	-1	0	0	50	0	0	21	0
c26945	0	0	0	0	0	0	1	-1	-1	0	4	0	0	0	26	0	0	0	0	0	-1	0	-1	3	0	-1	0	49	0	3
c26965	0	13	-1	-1	0	-1	-1	30	-1	0	4	-1	-1	7	0	0	-1	-1	-1	0	7	0	0	3	31	3	0	31	0	-1
c26982	3	29	0	0	41	-1	0	-1	0	0	18	-1	3	23	0	3	18	0	0	11	0	34	-1	0	19	-1	0	3	0	0
c26985	0	0	0	0	3	48	0	3	-1	5	-1	12	0	0	0	0	0	0	48	5	0	0	0	0	26	-1	-1	0	-1	0
c26986	0	0	0	27	0	0	-1	0	0	0	-1	0	0	0	0	0	18	0	0	21	0	34	0	0	-1	49	-1	0	0	0
c26996	0	0	0	4	5	-1	45	-1	0	-1	21	-1	11	0	0	0	0	-1	0	-1	0	0	0	0	0	-1	0	3	34	17
c27002	-1	0	0	3	3	-1	-1	0	-1	-1	-1	5	0	0	-1	0	0	0	0	5	0	0	0	3	0	3	40	17	0	0
c27009	0	0	-1	4	0	3	0	0	10	-1	18	0	7	10	0	0	-1	0	0	34	-1	34	0	0	0	0	0	0	0	10
c27022	0	0	3	0	5	-1	18	31	3	0	-1	0	4	0	0	0	-1	0	0	-1	0	0	0	21	5	-1	0	5	-1	0
c27027	0	11	-1	0	3	0	0	45	0	0	-1	11	0	0	-1	0	-1	12	0	5	-1	0	0	0	0	3	40	3	0	0
c27031	0	-1	0	31	21	0	-1	0	49	0	18	-1	0	0	-1	0	18	0	0	-1	0	34	0	0	41	0	0	0	49	0
c27037	0	10	23	0	3	0	-1	45	-1	0	0	0	6	0	-1	0	0	-1	-1	5	0	0	23	25	-1	-1	40	0	-1	0
c27043	30	-1	0	7	0	0	1	49	0	0	-1	0	0	0	0	-1	0	-1	0	0	-1	0	11	3	21	3	0	0	0	3
c27052	0	-1	-1	0	17	0	0	0	-1	0	18	0	-1	10	0	0	18	11	-1	0	0	34	0	26	11	18	5	0	0	10
c27053	-1	-1	-1	0	17	0	0	-1	13	0	18	0	0	10	0	0	18	11	-1	0	-1	-1	0	26	11	-1	5	-1	0	10
c27060	-1	-1	0	-1	3	5	18	0	-1	-1	0	48	0	0	-1	49	0	-1	-1	3	0	42	0	26	0	3	40	0	0	-1
c27086	0	-1	-1	0	0	0	1	-1	0	0	-1	0	0	-1	0	-1	0	0	0	0	-1	0	11	-1	-1	3	0	0	11	3
c27088	0	-1	-1	-1	0	-1	0	0	3	8	0	-1	4	0	35	-1	0	0	0	0	0	0	-1	0	3	-1	17	0	-1	33
c27089	-1	-1	-1	19	0	-1	0	0	-1	8	0	-1	-1	-1	35	1	0	0	0	0	0	0	-1	0	-1	-1	17	0	-1	33
c27101	0	0	-1	0	-1	-1	42	5	-1	0	0	0	4	0	26	0	12	-1	17	0	-1	-1	-1	18	0	0	4	0	0	0
c27108	0	-1	-1	-1	-1	3	0	0	0	21	-1	0	0	49	35	0	-1	33	0	5	0	0	0	0	0	3	0	0	0	-1
c27109	0	-1	-1	0	0	3	0	0	0	21	0	0	-1	49	35	0	11	33	0	-1	0	0	0	-1	0	3	0	0	0	18
c27112	-1	-1	0	0	34	0	0	0	-1	0	0	0	-1	38	-1	42	-1	0	-1	41	-1	0	0	5	0	11	49	-1	0	-1
c27121	0	34	-1	0	0	11	21	0	0	-1	-1	0	0	0	0	0	18	0	0	0	0	-1	48	-1	0	0	-1	21	49	-1
c27174	11	-1	-1	19	0	-1	-1	0	3	8	0	0	4	21	35	-1	0	0	0	0	0	26	-1	0	3	-1	17	0	-1	33
c27177	0	0	48	0	-1	31	1	-1	0	0	4	0	0	-1	-1	11	0	0	0	0	-1	0	0	3	-1	3	0	0	-1	3
c27204	-1	0	23	0	3	11	0	45	0	0	0	-1	0	0	0	-1	0	41	0	5	0	-1	0	3	0	3	40	-1	-1	0
c27262	0	-1	0	4	-1	0	0	4	0	0	0	0	45	0	0	-1	0	0	0	12	-1	-1	0	0	0	3	3	3	-1	17
