	0	1	2	3	4	5	6	7	8	9	10	11	12	13	14	15	16	17	18	19	20	21	22	23	24	25	26	27	28	29
c1829	-1	-1	48	26	0	45	9	-1	-1	0	0	0	0	0	6	0	20	0	0	0	0	36	0	0	0	0	29	-1	-1	31
c2337	-1	0	0	0	0	35	4	0	-1	-1	29	37	-1	-1	31	0	0	0	31	0	31	21	16	-1	0	0	48	45	47	31
c2450	-1	-1	0	-1	-1	0	0	0	-1	0	21	6	0	-1	0	0	0	0	31	0	0	-1	0	0	0	0	0	0	-1	31
c2748	49	0	-1	48	0	0	0	-1	46	-1	0	31	-1	0	24	43	34	0	22	0	-1	0	0	47	24	-1	-1	0	0	31
c3526	-1	0	0	0	31	4	0	-1	0	0	0	-1	-1	-1	0	43	34	-1	0	0	0	0	46	9	0	0	0	-1	40	31
c3528	-1	-1	49	0	-1	48	0	-1	0	0	0	-1	0	-1	0	43	34	0	0	-1	0	0	0	9	-1	0	-1	0	40	31
c3538	0	0	-1	0	-1	10	0	-1	-1	10	33	0	0	0	0	0	0	-1	31	-1	3	21	0	0	0	3	0	45	30	31
c3565	49	0	0	0	29	7	0	-1	-1	-1	0	31	48	0	0	43	-1	-1	31	-1	0	31	0	0	0	0	0	-1	-1	31
c3850	15	29	10	0	0	0	0	-1	0	0	0	0	0	0	6	18	0	0	0	11	-1	36	0	38	0	0	31	0	-1	31
c4165	-1	0	-1	15	45	0	-1	0	0	0	7	0	0	-1	31	46	0	0	0	-1	0	0	10	-1	-1	0	-1	-1	0	31
c4484	-1	0	-1	0	6	0	-1	-1	46	-1	0	31	4	-1	0	43	34	0	0	0	0	0	0	-1	24	0	-1	-1	0	31
c4533	49	0	-1	0	-1	0	24	-1	0	-1	0	31	46	-1	0	43	34	0	49	43	45	0	-1	0	-1	0	11	0	0	31
c4543	33	9	3	0	-1	-1	0	-1	0	-1	26	31	0	0	48	43	34	0	16	-1	30	0	34	-1	0	-1	0	0	-1	31
c4560	0	45	0	-1	48	0	0	-1	-1	0	0	29	0	0	0	3	0	0	31	-1	0	21	37	33	41	0	0	45	-1	-1
c4670	49	0	0	0	-1	36	24	-1	0	-1	0	-1	-1	0	0	-1	34	-1	49	48	-1	0	0	-1	24	-1	0	0	0	31
c4713	0	0	0	0	-1	-1	-1	0	-1	0	-1	15	0	0	0	0	47	0	0	-1	0	-1	-1	41	0	0	0	-1	-1	31
c4755	-1	0	0	4	-1	-1	4	29	0	37	0	15	0	0	0	-1	0	-1	47	7	-1	0	0	0	0	36	-1	-1	0	31
c4823	33	0	0	41	-1	0	0	-1	45	-1	31	0	-1	34	6	0	18	38	-1	0	-1	36	0	0	-1	-1	0	46	33	31
c4985	33	9	26	0	0	0	0	-1	0	-1	26	31	0	0	48	43	34	0	16	23	0	-1	34	31	47	0	0	9	-1	31
c5223	0	0	0	20	0	0	0	-1	-1	-1	0	0	0	0	6	3	0	0	0	0	0	36	0	0	0	11	0	0	33	31
c5266	-1	0	0	0	0	35	29	0	-1	0	21	0	0	0	0	30	-1	39	31	0	0	26	18	-1	0	0	0	-1	23	31
c5378	0	-1	0	-1	-1	0	11	-1	0	0	0	31	31	-1	6	-1	0	0	-1	30	-1	36	0	0	0	0	0	0	11	31
c5637	0	34	-1	0	0	31	4	0	-1	0	0	-1	0	0	0	0	0	29	31	0	0	21	-1	-1	0	-1	24	45	33	31
c5674	0	0	49	0	31	43	-1	31	0	33	31	15	0	0	22	0	34	0	-1	0	-1	10	0	0	-1	46	31	-1	-1	31
c5727	0	0	0	0	20	21	0	0	-1	24	36	-1	-1	47	0	0	0	0	31	0	0	-1	26	0	0	0	0	0	-1	31
c5739	0	0	35	-1	37	0	31	-1	0	0	0	6	0	0	6	0	0	0	0	0	0	36	0	16	-1	-1	4	-1	-1	-1
c5833	0	0	0	0	0	43	-1	0	0	0	0	15	0	0	-1	45	0	-1	0	0	0	-1	0	0	0	0	-1	31	0	31
c5920	30	46	31	-1	0	0	24	0	-1	-1	-1	0	-1	0	46	0	-1	0	31	-1	15	0	0	0	0	0	0	0	23	31
c6031	0	0	0	24	0	-1	4	-1	-1	0	7	0	-1	-1	49	46	0	-1	0	0	0	20	-1	0	0	-1	0	0	0	31
c6254	0	45	0	15	0	43	4	0	34	-1	-1	15	0	0	0	-1	-1	0	-1	0	0	0	-1	-1	0	-1	37	0	34	31
c6276	0	-1	0	0	0	0	-1	-1	-1	-1	0	-1	0	31	0	-1	34	0	0	0	0	9	0	-1	-1	-1	0	0	31	-1
c6298	0	34	-1	0	0	31	4	0	-1	45	0	37	0	0	0	0	0	-1	31	0	0	21	0	0	0	0	0	45	0	31
c6381	0	7	0	0	24	43	4	-1	-1	0	-1	-1	-1	0	-1	0	0	0	47	-1	22	0	45	0	0	0	0	4	0	31
c6426	33	9	-1	41	-1	0	-1	-1	0	-1	26	31	0	0	48	43	34	0	16	0	-1	0	34	31	0	0	24	0	-1	31
c6566	0	0	-1	26	0	0	46	0	-1	46	0	0	0	9	0	-1	0	0	31	-1	-1	0	35	0	-1	10	18	24	-1	-1
c6639	0	0	0	0	0	-1	4	0	-1	-1	-1	37	0	0	-1	0	0	-1	31	0	31	21	16	0	0	0	0	45	4	31
c6840	0	0	0	-1	16	0	0	-1	0	-1	26	31	47	0	48	43	-1	0	-1	0	0	-1	35	0	0	0	31	15	0	31
c6907	-1	-1	0	-1	-1	23	0	0	-1	0	21	0	0	-1	24	46	0	0	31	0	0	-1	0	0	0	0	-1	0	-1	-1
c6960	49	0	9	0	0	0	46	-1	-1	-1	-1	31	-1	0	-1	-1	34	0	31	0	-1	-1	0	0	0	0	0	0	28	31
c6976	-1	10	21	0	0	43	-1	-1	34	0	-1	15	0	-1	9	-1	0	-1	0	-1	0	-1	0	0	0	0	0	40	0	31
c7026	49	0	0	29	0	26	-1	-1	0	-1	-1	-1	46	31	0	43	34	50	49	43	0	0	0	0	24	0	0	0	0	31
c7123	0	0	0	0	0	0	0	-1	0	0	0	31	0	19	46	43	34	0	0	0	0	0	0	9	-1	0	0	0	0	31
c7142	0	0	11	0	48	0	0	-1	-1	0	0	0	0	-1	-1	16	-1	-1	31	0	0	21	0	33	0	0	26	-1	0	31
c7350	0	0	0	0	46	-1	-1	-1	0	0	31	-1	0	0	0	0	0	23	31	0	0	0	0	0	0	0	0	0	0	31
c7586	0	0	0	0	0	0	48	-1	0	0	23	0	0	-1	6	31	0	49	0	0	0	36	0	0	0	11	0	0	0	-1
c7610	33	34	-1	0	-1	-1	6	-1	-1	0	0	-1	0	-1	6	-1	0	0	26	0	0	36	-1	-1	0	0	0	0	0	31
c7654	0	0	-1	18	20	0	0	0	-1	0	0	0	0	0	0	45	-1	0	31	0	24	0	26	0	47	23	-1	-1	-1	-1
c7662	37	0	-1	15	45	0	4	0	0	0	7	-1	0	-1	0	46	0	0	-1	35	0	-1	10	15	-1	0	0	47	-1	31
c7685	31	-1	0	-1	-1	0	0	-1	-1	0	-1	-1	0	-1	-1	0	0	0	31	0	0	21	0	0	0	0	35	45	-1	31
c7762	33	0	-1	0	-1	0	0	-1	-1	0	-1	3	-1	0	6	9	-1	0	6	0	0	36	-1	-1	25	41	-1	0	-1	31
c8042	37	-1	47	0	0	24	0	-1	-1	43	0	31	0	8	9	43	0	9	0	0	0	0	0	18	0	45	0	0	0	31
c8073	-1	8	-1	0	0	0	-1	-1	11	-1	0	31	-1	0	-1	-1	34	33	49	0	0	-1	4	45	24	0	0	0	31	-1
c8251	0	0	-1	0	21	24	31	-1	34	0	0	-1	45	-1	23	43	0	0	0	-1	-1	24	-1	-1	34	-1	0	0	47	31
c8299	0	0	0	24	0	33	-1	0	0	0	7	0	12	-1	26	46	46	-1	0	0	0	0	10	0	-1	0	0	-1	16	31
c8305	0	37	0	0	48	0	-1	-1	-1	46	0	0	-1	0	18	0	0	9	31	0	0	-1	0	0	31	0	0	45	40	31
c8437	33	-1	0	0	-1	0	0	-1	0	-1	26	31	0	0	48	43	34	-1	16	0	0	0	34	31	0	-1	0	-1	-1	-1
c8499	0	10	0	0	0	24	0	-1	34	0	-1	31	0	0	0	-1	0	0	0	-1	0	31	0	-1	-1	0	0	0	-1	31
c8547	49	31	33	0	0	0	0	-1	0	-1	-1	31	-1	0	0	43	34	0	-1	0	0	-1	-1	0	24	0	0	0	0	31
c8636	-1	24	-1	0	10	43	4	0	0	31	0	15	-1	0	0	-1	0	0	31	0	0	0	-1	0	0	-1	31	0	0	31
c8674	0	0	0	0	-1	24	-1	-1	34	0	-1	31	0	0	0	-1	3	0	0	31	0	31	0	0	-1	-1	0	11	0	31
c8680	49	2	0	33	0	-1	0	-1	-1	-1	-1	31	0	0	-1	43	-1	0	49	0	12	-1	0	0	24	0	-1	0	41	31
c8767	0	0	0	19	20	0	-1	16	-1	29	-1	0	-1	0	0	15	0	-1	31	0	0	-1	0	-1	0	0	-1	-1	23	31
c8771	0	0	-1	0	0	24	-1	-1	34	9	37	-1	-1	0	-1	43	0	0	0	-1	0	31	0	-1	-1	43	41	0	0	31
c8815	33	9	-1	41	-1	-1	0	-1	0	-1	26	31	0	0	-1	43	34	0	-1	0	0	-1	-1	31	0	-1	-1	0	-1	31
c8912	0	31	-1	-1	26	-1	4	0	-1	0	21	0	0	31	0	46	26	0	31	0	21	-1	0	-1	0	0	-1	0	23	31
c8955	-1	0	0	0	0	24	0	-1	34	-1	0	31	0	0	24	-1	-1	43	46	0	-1	-1	0	18	0	0	0	0	0	31
c8999	29	0	0	0	0	24	0	-1	34	0	0	31	0	0	4	43	-1	8	0	0	0	0	30	0	0	-1	0	0	0	31
c9042	-1	0	-1	15	0	43	-1	-1	34	0	-1	15	0	45	-1	0	0	0	0	0	0	0	0	0	-1	9	0	0	34	31
c9172	33	-1	-1	0	0	0	0	-1	6	-1	26	31	0	0	48	43	34	15	-1	0	-1	4	34	0	0	-1	-1	0	0	-1
c9182	33	0	-1	0	0	0	-1	-1	45	0	-1	-1	0	46	6	0	0	0	0	-1	0	36	0	-1	25	41	-1	0	9	31
c9314	0	0	0	0	0	43	4	-1	0	-1	0	15	-1	0	0	0	0	47	0	-1	20	0	0	0	-1	0	31	-1	0	-1
c9345	0	-1	0	24	-1	33	4	0	0	0	7	0	-1	-1	0	46	46	0	0	0	0	-1	10	0	0	0	0	0	0	31
c9438	20	0	0	-1	0	-1	4	0	-1	0	-1	15	-1	-1	0	45	0	0	-1	0	0	-1	0	-1	0	0	31	0	9	-1
c9525	49	-1	-1	0	0	-1	31	-1	0	-1	0	31	0	-1	0	43	34	-1	49	0	24	0	0	0	24	0	48	23	0	-1
c9559	0	0	0	-1	0	0	0	-1	0	0	22	48	-1	-1	-1	0	15	0	0	0	0	36	0	16	30	11	0	0	0	-1
c9600	33	9	-1	21	-1	0	0	-1	0	-1	26	31	0	0	48	43	34	0	0	0	30	-1	-1	0	0	0	0	24	0	31
c9628	15	0	10	0	-1	0	0	-1	0	0	-1	0	0	0	6	-1	0	0	0	0	46	-1	0	38	0	0	-1	0	46	31
c9669	49	6	-1	0	0	-1	24	-1	-1	-1	0	31	46	-1	0	43	34	0	49	0	-1	0	0	0	24	0	31	0	0	-1
c9681	0	0	-1	-1	0	0	-1	-1	10	0	-1	26	16	0	6	31	0	0	-1	0	45	36	0	0	28	-1	-1	0	-1	31
c9700	-1	0	0	-1	-1	48	0	-1	-1	7	-1	31	-1	0	0	43	34	0	0	0	0	0	0	9	21	0	0	0	40	31
c9834	-1	45	0	0	31	0	0	-1	37	0	37	31	0	-1	0	43	34	0	0	0	0	47	46	9	-1	0	0	0	-1	31
c9916	-1	-1	0	0	0	0	0	-1	0	-1	-1	-1	0	0	-1	43	-1	-1	16	0	0	0	-1	31	0	0	0	0	-1	31
c9950	0	-1	0	0	0	43	4	-1	35	0	47	15	0	-1	0	-1	0	-1	47	0	-1	0	0	0	0	0	-1	9	0	31
c9951	0	0	0	0	0	43	4	15	0	0	47	15	0	-1	0	0	0	0	47	0	0	0	0	-1	0	0	0	-1	0	-1
c9960	0	0	0	15	0	43	4	0	-1	0	-1	15	-1	24	-1	0	-1	-1	0	0	31	0	0	-1	0	0	37	0	-1	31
c10048	0	0	0	-1	0	24	0	-1	34	0	0	31	29	0	-1	-1	0	0	0	-1	31	-1	-1	0	-1	-1	0	0	0	31
c10099	46	0	0	0	0	31	4	-1	-1	0	0	-1	0	0	0	24	0	0	31	-1	0	21	0	11	0	0	0	45	-1	31
c10147	-1	0	0	46	0	-1	0	0	-1	0	21	0	31	0	18	39	0	0	31	3	37	0	0	0	9	0	0	0	23	31
c10185	0	-1	0	47	-1	0	-1	-1	-1	0	0	9	-1	-1	0	4	0	0	31	-1	33	-1	-1	0	0	0	0	45	0	31
c10498	-1	24	0	-1	0	0	-1	-1	0	-1	26	31	0	-1	48	43	34	0	10	-1	37	0	35	0	16	0	31	0	0	31
c10542	0	0	0	-1	0	0	24	-1	0	0	0	38	0	0	6	11	35	0	0	15	0	0	0	0	-1	-1	24	-1	0	31
c10600	0	-1	-1	0	0	31	-1	-1	0	-1	0	31	-1	15	48	43	34	0	0	0	0	0	0	0	0	0	0	46	29	31
c10692	49	0	-1	0	-1	0	24	-1	0	-1	0	31	0	-1	0	43	34	-1	49	0	37	-1	0	-1	24	0	-1	49	0	-1
c10693	49	0	0	0	-1	-1	24	-1	0	-1	0	31	0	0	-1	43	34	0	49	0	37	-1	0	31	-1	31	0	0	0	31
c10696	15	0	10	0	0	48	0	-1	0	0	0	-1	18	0	6	18	-1	0	0	0	0	36	0	38	-1	0	-1	0	-1	31
c10826	-1	24	0	-1	-1	31	-1	-1	-1	-1	0	31	0	-1	0	-1	34	0	0	0	-1	0	-1	9	33	0	0	0	40	31
c10834	0	0	0	0	-1	-1	0	-1	36	0	0	31	-1	47	46	43	34	0	0	-1	0	0	0	-1	0	0	-1	-1	0	31
c10854	31	0	0	0	0	0	0	0	-1	6	21	0	0	0	0	-1	0	0	31	46	0	26	0	-1	0	0	0	0	23	31
c10868	0	-1	46	9	0	0	-1	-1	-1	26	21	-1	0	-1	0	0	45	0	31	0	24	0	-1	34	0	0	0	46	23	-1
c10875	49	0	0	0	-1	0	24	-1	0	-1	0	31	-1	0	0	-1	34	0	49	0	0	-1	4	45	24	0	-1	0	31	31
c10953	0	0	0	0	0	24	0	-1	34	0	0	31	0	0	-1	43	0	-1	0	31	0	22	0	-1	0	0	-1	33	4	31
c11013	33	34	-1	21	46	0	-1	-1	-1	0	0	20	0	0	6	-1	-1	-1	0	0	-1	36	-1	0	0	34	0	0	-1	-1
c11031	49	0	0	0	0	0	-1	-1	0	-1	0	31	0	0	9	43	34	0	31	34	-1	0	0	-1	0	-1	0	0	48	31
c11051	-1	0	0	-1	0	0	-1	-1	-1	9	-1	31	48	0	0	-1	-1	48	0	-1	0	34	0	38	26	23	0	0	0	-1
c11084	49	0	0	0	0	0	-1	-1	35	-1	0	31	0	-1	0	43	-1	0	31	45	31	-1	-1	0	0	0	50	0	-1	31
c11101	0	0	0	-1	0	0	0	0	-1	29	21	-1	31	0	0	0	-1	-1	31	0	0	-1	-1	0	0	0	-1	0	23	31
c11185	0	0	0	0	47	18	0	-1	45	0	-1	45	0	0	6	31	-1	0	0	-1	15	-1	-1	0	0	11	0	0	0	31
c11187	15	0	-1	31	23	-1	-1	-1	0	0	0	0	31	0	-1	-1	0	0	0	0	0	36	0	38	33	0	23	-1	37	31
c11225	49	0	-1	0	-1	0	0	-1	0	-1	0	31	-1	0	0	43	-1	0	-1	34	-1	0	0	0	0	0	0	0	0	31
c11282	0	0	0	0	0	43	4	0	0	0	0	15	4	0	0	0	0	0	-1	0	0	0	0	0	0	0	-1	0	-1	31
c11284	0	36	23	0	0	24	0	-1	34	0	45	31	11	-1	0	43	0	-1	0	-1	-1	0	0	0	-1	0	0	-1	-1	31
c11313	49	22	0	0	0	-1	0	-1	0	-1	-1	31	-1	0	0	43	-1	0	49	-1	12	0	0	0	24	31	0	0	0	31
c11335	0	0	0	0	0	0	0	0	-1	0	47	4	0	-1	0	-1	9	0	31	43	0	21	-1	0	0	0	-1	45	0	31
c11349	0	34	0	0	0	31	4	0	-1	45	-1	37	0	0	0	0	0	0	31	35	-1	-1	0	-1	0	0	0	45	0	31
c11362	49	0	-1	0	26	-1	0	-1	46	-1	0	31	4	-1	0	-1	34	0	0	0	0	0	0	0	24	0	-1	-1	0	31
c11384	33	9	-1	21	0	0	-1	-1	-1	-1	26	-1	0	0	48	43	34	18	0	0	30	0	0	0	0	0	0	-1	-1	-1
c11406	0	24	16	0	-1	43	4	0	0	0	0	-1	0	0	-1	31	0	-1	31	0	0	-1	0	0	-1	0	31	0	0	31
c11415	-1	0	35	0	31	0	0	-1	-1	-1	23	31	0	0	0	43	34	0	49	-1	0	47	0	46	24	0	0	0	-1	31
c11529	0	-1	0	-1	0	-1	-1	31	-1	-1	21	-1	-1	0	31	0	0	0	31	46	0	26	0	0	0	0	0	0	23	31
c11537	49	0	0	0	26	26	24	-1	0	-1	0	31	-1	31	0	43	34	0	49	43	0	0	-1	0	24	0	0	0	0	31
c11579	0	0	-1	0	0	-1	0	-1	0	0	-1	-1	48	0	46	43	34	0	-1	0	0	0	0	-1	0	22	0	0	-1	31
c11583	0	-1	0	0	0	43	4	-1	0	0	0	15	0	0	0	0	33	-1	-1	-1	0	0	0	33	0	0	0	0	-1	31
c11612	0	0	0	0	21	-1	-1	-1	-1	47	-1	0	-1	0	0	0	0	0	31	-1	0	-1	0	0	0	0	31	-1	23	31
c11613	0	0	0	-1	-1	36	0	0	-1	-1	21	31	-1	0	0	0	0	0	31	46	0	26	0	-1	0	0	0	0	-1	-1
c11615	0	0	30	15	-1	43	4	0	34	-1	-1	15	0	31	0	0	0	0	0	0	-1	-1	-1	34	0	0	0	0	34	31
c11659	-1	0	0	-1	31	31	3	-1	0	-1	0	31	0	37	-1	-1	34	0	0	0	24	36	0	9	0	-1	0	0	40	31
c11671	0	18	0	-1	-1	0	16	-1	-1	0	0	-1	11	0	0	4	0	0	31	-1	33	-1	-1	-1	0	0	0	-1	0	31
c11702	49	-1	0	0	0	0	24	-1	0	-1	0	31	0	0	-1	43	34	0	49	0	37	-1	0	31	-1	-1	0	0	-1	-1
c11703	49	0	-1	0	0	0	24	-1	0	-1	0	31	0	0	0	43	34	0	49	0	37	-1	0	31	24	0	0	0	0	31
c11778	0	29	6	0	-1	33	0	-1	-1	33	4	0	31	0	-1	0	35	-1	31	-1	0	21	0	0	0	0	0	45	0	31
c11786	33	9	0	-1	0	0	0	-1	0	-1	26	31	0	-1	-1	43	34	28	0	0	-1	9	34	0	31	0	0	0	18	-1
c11803	0	-1	0	-1	0	0	0	0	-1	0	21	-1	0	0	-1	0	-1	-1	31	-1	10	-1	0	0	0	0	-1	0	-1	-1
c11808	49	0	13	0	0	0	-1	-1	-1	-1	0	31	46	31	9	43	34	0	49	0	-1	24	0	0	24	-1	0	26	0	31
c11809	49	0	13	0	0	46	-1	-1	0	-1	-1	31	-1	-1	9	43	34	-1	49	0	0	-1	0	-1	24	0	0	0	0	31
c11857	49	0	0	0	0	-1	0	-1	0	-1	0	-1	-1	0	0	43	34	0	49	-1	12	-1	0	0	-1	0	0	-1	0	31
c11877	-1	31	16	-1	0	46	0	44	-1	29	-1	0	0	0	0	0	0	31	-1	23	0	-1	0	0	6	0	-1	0	23	31
c11884	46	-1	0	0	0	31	4	0	-1	0	0	37	0	0	0	0	0	0	31	-1	0	21	31	0	0	0	0	45	-1	31
c11917	-1	0	0	-1	31	-1	36	-1	-1	0	-1	31	0	0	0	43	-1	0	0	0	0	0	0	-1	21	-1	0	-1	40	31
c11919	31	-1	-1	-1	0	0	0	-1	-1	0	35	0	47	-1	0	23	-1	0	31	0	-1	0	33	0	49	0	0	0	-1	31
c11963	-1	0	0	-1	-1	36	4	0	0	-1	7	0	-1	48	0	46	-1	0	0	0	-1	39	10	45	6	0	0	0	-1	31
c11964	49	0	13	-1	0	0	-1	-1	0	-1	0	31	46	-1	9	43	34	-1	-1	0	0	24	0	0	24	0	0	0	0	31
c11995	0	0	-1	0	0	-1	-1	-1	-1	-1	31	15	0	0	0	0	0	23	-1	0	-1	0	-1	32	0	0	0	0	0	31
c12017	0	-1	-1	7	0	0	-1	-1	-1	0	0	-1	0	46	0	0	0	31	-1	0	0	6	33	0	33	0	0	0	12	31
c12020	0	0	0	6	0	-1	4	0	-1	0	29	37	0	0	0	0	0	0	31	0	31	21	16	-1	0	-1	0	45	31	-1
c12041	0	0	0	0	-1	0	-1	-1	36	-1	0	31	35	-1	0	43	34	0	15	0	0	-1	0	11	0	0	0	34	0	31
c12091	0	26	-1	0	45	0	4	0	-1	-1	29	37	0	-1	0	-1	0	0	-1	0	-1	-1	-1	0	-1	0	6	45	31	31
c12094	-1	0	0	31	0	-1	-1	0	46	0	-1	0	0	-1	0	-1	0	0	33	0	0	0	10	0	0	0	-1	0	-1	-1
c12126	0	0	-1	-1	0	0	0	-1	0	-1	0	31	0	0	48	43	34	-1	0	49	0	0	35	0	0	0	0	0	0	31
c12127	0	0	0	-1	-1	-1	-1	-1	0	-1	0	31	0	0	48	43	-1	0	0	0	-1	0	35	0	-1	0	0	34	0	31
c12152	-1	0	-1	0	0	-1	31	-1	0	-1	-1	31	0	-1	0	43	34	0	49	-1	24	0	0	0	24	0	48	23	0	31
c12153	49	0	-1	0	0	-1	31	-1	0	-1	-1	31	0	-1	0	43	34	0	49	0	24	0	0	0	24	0	48	23	0	31
c12168	33	9	0	41	0	0	0	-1	0	-1	-1	31	0	0	48	43	-1	0	16	0	-1	0	34	31	0	0	-1	0	-1	31
c12178	0	0	26	0	-1	30	4	-1	0	0	7	23	0	-1	0	-1	0	0	0	-1	0	-1	10	0	-1	-1	-1	-1	0	31
c12300	0	0	0	-1	0	43	4	0	-1	0	-1	15	4	0	0	0	35	0	-1	0	0	0	0	0	0	0	31	0	0	-1
c12321	0	0	0	0	0	24	0	-1	34	36	0	31	0	0	46	43	0	0	7	31	47	0	0	18	0	0	47	0	4	31
c12382	0	0	-1	-1	0	43	4	0	34	0	-1	15	31	-1	0	0	0	0	0	-1	36	0	0	-1	24	10	0	40	0	31
c12405	-1	-1	-1	0	31	0	0	-1	31	47	18	-1	24	9	-1	43	34	21	0	-1	0	-1	46	9	0	0	46	49	-1	31
c12416	0	45	0	31	0	0	39	-1	-1	0	21	-1	0	-1	0	0	45	0	31	0	0	0	3	0	0	-1	0	0	23	31
c12421	4	-1	0	-1	38	-1	4	-1	0	-1	0	15	-1	0	0	-1	0	23	9	0	-1	-1	6	0	0	0	-1	-1	0	31
c12533	-1	-1	0	0	-1	-1	0	-1	-1	0	-1	-1	15	7	-1	43	34	0	-1	0	3	0	0	9	0	-1	-1	0	-1	31
c12601	-1	0	-1	37	-1	43	-1	0	0	36	0	15	0	0	0	0	0	0	0	0	4	0	-1	11	0	9	0	-1	0	31
c12635	0	0	-1	0	0	31	0	-1	-1	-1	0	0	0	0	0	0	0	0	-1	21	0	24	33	-1	0	0	-1	0	12	-1
c12644	49	-1	0	0	0	-1	24	-1	0	-1	0	31	46	31	0	43	34	30	49	43	0	0	-1	0	-1	0	0	0	0	31
c12645	49	0	0	0	0	26	24	-1	0	-1	0	31	46	31	0	43	34	0	49	43	0	24	0	0	24	-1	0	0	0	31
c12694	0	-1	-1	33	0	-1	0	-1	-1	0	0	31	30	0	46	-1	34	0	0	0	38	0	0	0	0	31	26	0	0	31
c12741	0	33	-1	0	0	45	4	0	-1	0	-1	37	38	0	35	0	0	0	31	50	0	-1	9	0	0	0	-1	45	0	31
c12747	-1	-1	35	0	31	0	0	-1	0	-1	-1	-1	-1	0	-1	43	34	0	49	0	0	47	0	0	-1	0	-1	0	0	31
c12803	49	0	0	0	0	0	23	-1	-1	-1	0	31	0	-1	-1	43	34	22	31	0	-1	0	0	16	0	0	0	0	0	31
c12827	0	0	0	26	-1	-1	0	43	-1	46	-1	0	0	9	-1	0	0	0	31	0	0	0	35	0	0	0	18	0	-1	31
c12849	-1	-1	0	0	0	24	0	-1	34	0	45	31	0	0	-1	43	-1	-1	0	37	0	0	15	0	0	46	0	31	-1	31
c12875	23	-1	-1	0	31	6	29	-1	-1	31	0	0	-1	44	-1	-1	0	0	31	-1	0	0	26	45	0	0	33	0	10	31
c12920	15	0	10	0	0	0	0	-1	0	0	0	0	-1	0	-1	18	0	-1	-1	0	-1	36	0	38	9	-1	-1	0	0	-1
c12925	-1	0	-1	0	0	-1	0	-1	0	0	0	38	-1	6	-1	49	0	0	0	15	0	0	0	31	-1	15	-1	-1	-1	31
c12926	33	-1	0	-1	0	0	0	-1	0	-1	26	31	0	0	48	43	34	-1	16	0	0	0	-1	31	0	0	0	0	-1	31
c13002	0	0	0	0	0	24	0	-1	34	0	0	31	0	34	-1	-1	-1	-1	1	-1	0	31	0	16	-1	0	0	0	0	31
c13003	0	-1	0	0	0	24	0	-1	34	0	0	31	0	34	0	43	0	31	-1	-1	0	31	-1	16	-1	35	0	0	0	-1
c13176	0	-1	0	0	7	43	4	0	-1	0	0	15	0	0	0	0	0	0	0	0	4	0	0	16	6	0	0	46	21	31
c13213	49	0	0	0	0	-1	46	-1	31	-1	0	31	15	46	-1	43	34	0	-1	0	0	4	0	21	30	49	0	-1	0	31
c13235	-1	9	0	0	0	0	0	-1	0	-1	26	-1	0	23	48	43	-1	0	0	-1	0	0	34	0	-1	0	-1	3	0	31
c13273	-1	0	0	24	0	0	42	-1	0	-1	18	31	35	50	24	43	34	45	9	-1	0	0	-1	0	0	0	0	26	0	31
c13336	0	0	-1	0	46	24	0	-1	34	-1	33	31	0	9	46	-1	4	-1	0	31	0	0	31	31	-1	-1	-1	0	0	31
c13345	49	31	-1	0	0	0	-1	-1	-1	-1	0	31	4	0	-1	-1	34	0	0	0	39	0	-1	0	24	-1	-1	-1	0	31
c13347	0	0	0	-1	35	0	0	0	-1	29	21	0	-1	33	0	0	33	0	31	0	0	-1	0	0	0	34	-1	0	-1	-1
c13383	34	0	0	0	0	-1	4	0	0	0	-1	15	0	20	0	-1	-1	-1	-1	0	0	0	33	0	0	-1	0	0	22	31
c13398	33	0	0	-1	0	-1	0	-1	45	0	0	0	0	0	6	0	18	38	23	-1	-1	36	0	0	0	0	0	0	0	31
c13479	49	0	-1	-1	31	0	-1	-1	0	-1	31	31	0	0	0	-1	34	-1	31	-1	-1	0	0	-1	0	0	0	-1	0	-1
c13480	0	0	0	0	-1	0	33	0	-1	0	-1	-1	-1	-1	0	31	0	0	-1	45	0	0	26	0	-1	31	-1	0	0	31
c13522	33	0	0	0	0	0	4	34	0	-1	-1	-1	31	-1	-1	46	48	0	0	0	0	22	10	0	0	0	-1	0	0	31
c13554	0	-1	-1	0	0	31	-1	0	-1	-1	-1	37	0	0	0	-1	-1	0	31	0	0	21	0	0	0	0	-1	-1	0	-1
c13556	-1	35	0	0	0	-1	0	0	-1	0	21	0	-1	0	0	0	0	22	31	0	0	0	16	0	2	6	-1	0	23	31
c13583	-1	0	10	0	-1	0	0	-1	0	0	0	0	-1	-1	6	18	0	0	0	0	0	36	-1	38	-1	0	0	-1	46	31
c13588	49	43	0	0	0	0	0	-1	46	-1	0	31	4	0	0	43	-1	0	0	0	0	0	0	-1	24	0	-1	0	0	31
c13623	-1	-1	0	0	0	0	50	-1	0	-1	-1	31	39	0	31	43	34	0	0	0	-1	9	0	0	0	-1	29	21	0	31
c13638	0	-1	0	15	0	43	4	0	-1	-1	-1	15	0	-1	0	16	0	26	0	24	0	-1	0	34	0	-1	0	7	34	31
c13644	49	0	0	0	0	0	0	-1	0	-1	0	31	0	0	-1	43	34	0	31	0	0	0	0	16	0	0	0	-1	-1	31
c13645	49	0	0	0	0	0	0	-1	0	-1	-1	31	-1	0	0	43	34	0	31	0	0	-1	0	16	0	0	-1	0	0	31
c13661	49	0	31	-1	31	0	0	-1	0	-1	0	31	0	0	0	43	34	0	-1	0	-1	0	0	0	0	0	0	0	0	31
c13665	33	9	0	0	0	0	-1	-1	-1	-1	26	-1	-1	-1	48	-1	34	0	-1	0	0	-1	34	-1	0	0	0	-1	0	31
c13672	0	31	21	6	0	-1	4	0	41	0	0	15	0	0	0	-1	43	0	0	0	0	0	-1	25	0	0	31	0	0	-1
c13694	0	0	0	-1	0	0	-1	-1	-1	-1	26	31	-1	0	48	43	34	0	10	0	0	0	35	-1	16	0	31	0	-1	31
c13701	-1	0	0	0	31	4	0	-1	0	37	0	31	0	49	0	43	34	-1	0	0	0	47	-1	9	0	0	0	0	40	31
c13704	33	9	0	21	0	-1	0	-1	0	-1	26	-1	0	-1	48	43	34	0	0	0	-1	-1	-1	0	-1	0	0	24	0	31
c13724	23	0	20	31	0	24	9	-1	34	33	0	31	0	24	-1	43	0	-1	0	0	39	0	11	18	0	0	0	0	0	-1
c13728	15	0	0	44	0	0	-1	-1	0	-1	0	0	31	0	6	0	-1	0	0	0	0	36	0	38	-1	0	23	18	37	31
c13810	49	8	0	0	9	0	24	-1	11	-1	0	31	-1	0	0	43	-1	-1	49	0	-1	0	-1	-1	24	0	0	0	31	31
c13820	-1	-1	-1	0	46	0	6	-1	45	37	-1	0	0	0	6	0	0	0	-1	26	0	36	0	0	0	0	9	0	0	31
c13821	33	34	-1	0	46	0	6	-1	45	0	0	31	0	0	6	0	0	0	0	0	0	36	0	0	-1	-1	9	0	0	31
c13866	33	9	0	21	0	0	0	-1	0	-1	26	-1	-1	0	48	-1	-1	0	0	0	30	0	-1	0	0	23	-1	24	0	-1
c13876	30	-1	0	0	0	0	0	34	-1	33	21	0	0	-1	-1	0	45	0	31	-1	-1	0	-1	0	24	0	-1	0	23	-1
c13883	15	0	10	0	0	37	-1	-1	0	0	0	0	0	0	-1	18	-1	0	9	0	0	36	31	38	31	0	0	-1	0	31
c13884	0	0	0	-1	0	-1	0	0	-1	0	21	0	0	-1	0	-1	-1	0	31	0	-1	0	-1	0	0	0	0	-1	-1	31
c13898	-1	-1	0	0	48	-1	0	-1	-1	6	-1	6	0	-1	0	0	-1	0	31	0	0	21	-1	31	0	-1	-1	45	46	31
c13938	0	0	-1	-1	-1	0	0	0	-1	29	21	-1	-1	33	-1	0	33	0	-1	0	0	-1	0	0	0	0	-1	0	23	-1
c13966	0	0	0	31	-1	6	47	6	-1	0	0	18	0	0	0	20	0	0	31	-1	0	0	26	0	0	-1	-1	0	0	31
c13986	0	0	0	0	0	-1	0	-1	-1	0	-1	31	0	-1	46	43	34	-1	0	0	0	-1	0	9	0	0	0	-1	0	31
c14018	49	0	47	0	0	0	46	-1	-1	-1	0	31	15	-1	0	43	34	0	31	0	-1	0	0	0	0	-1	0	0	0	31
c14078	-1	9	0	0	0	0	10	-1	-1	-1	26	31	0	0	48	-1	34	-1	16	0	-1	0	34	31	0	9	0	0	-1	31
c14082	0	0	0	0	0	0	4	34	0	0	7	0	31	0	0	-1	48	0	-1	43	0	0	10	0	35	47	0	0	0	31
c14094	-1	0	-1	0	0	0	-1	-1	4	-1	0	31	0	0	0	43	34	0	31	0	-1	-1	31	-1	-1	39	-1	0	28	31
c14122	-1	0	-1	-1	-1	0	0	-1	46	-1	0	-1	4	0	0	43	34	0	0	0	39	0	-1	12	24	0	-1	0	0	31
c14141	49	0	0	0	0	0	0	-1	0	-1	0	-1	0	0	0	-1	34	0	31	-1	0	0	0	0	-1	-1	0	0	0	31
c14145	0	0	0	0	0	31	-1	-1	0	-1	0	31	-1	0	48	43	34	36	0	0	-1	0	0	0	0	0	-1	46	29	31
c14172	0	0	0	21	9	0	50	-1	0	16	0	-1	39	0	0	43	-1	-1	0	0	31	9	0	-1	0	0	29	21	6	-1
c14207	0	0	45	41	0	43	4	47	-1	0	-1	-1	0	0	-1	-1	33	0	47	0	0	-1	-1	0	-1	0	0	0	45	31
c14211	-1	0	0	0	-1	43	-1	-1	31	-1	0	-1	0	-1	0	0	-1	0	47	0	0	0	0	0	0	-1	0	0	-1	31
c14219	0	0	0	-1	0	43	4	0	-1	0	-1	-1	0	0	18	0	0	0	0	-1	0	0	0	0	0	9	-1	0	34	31
c14221	0	-1	-1	0	0	0	35	-1	-1	-1	21	0	0	-1	0	-1	-1	0	31	46	0	26	0	0	0	0	45	0	-1	31
c14246	0	0	0	-1	0	0	-1	0	-1	29	21	0	0	20	-1	0	-1	0	31	-1	-1	-1	-1	0	0	31	-1	0	23	31
c14271	-1	0	-1	0	0	43	-1	-1	0	36	0	15	0	0	-1	0	0	0	0	-1	4	0	31	0	0	-1	0	-1	0	31
c14280	-1	-1	0	26	-1	0	0	0	-1	42	0	0	0	0	35	-1	0	0	31	0	0	0	3	0	0	31	18	21	0	31
c14337	0	-1	31	0	47	22	-1	-1	-1	-1	-1	-1	11	0	48	43	34	34	35	0	-1	-1	0	0	0	46	-1	0	-1	31
c14346	0	0	0	-1	0	24	33	-1	34	0	-1	31	0	0	-1	43	3	0	34	0	0	0	0	18	-1	0	-1	0	-1	31
c14355	49	0	35	0	31	0	0	-1	0	-1	0	31	-1	16	0	-1	34	0	49	0	0	0	0	0	24	0	15	0	0	31
c14363	49	0	0	31	-1	-1	0	-1	-1	-1	-1	31	-1	-1	0	43	34	0	49	-1	12	-1	0	0	-1	0	0	-1	0	31
c14380	0	0	31	0	-1	0	-1	-1	0	-1	0	31	11	0	48	43	-1	0	0	0	0	0	0	0	0	46	0	0	29	31
c14396	-1	0	0	0	31	0	4	0	-1	0	29	37	-1	0	0	31	0	0	31	0	20	21	-1	-1	0	11	0	45	0	31
c14397	21	0	-1	0	31	0	4	0	-1	0	29	-1	-1	0	-1	31	-1	0	-1	0	20	21	0	0	0	11	0	-1	0	-1
c14413	-1	-1	0	-1	-1	-1	3	0	-1	42	0	0	0	0	-1	-1	0	0	31	0	-1	-1	3	0	-1	31	18	21	0	31
c14463	33	-1	0	49	0	45	0	-1	-1	-1	26	31	12	-1	48	43	-1	22	0	45	-1	46	34	0	-1	0	0	0	-1	31
c14503	33	9	0	24	0	0	0	-1	0	-1	26	31	0	0	48	43	34	0	16	0	0	0	-1	-1	0	0	0	0	-1	31
c14511	33	34	-1	-1	46	-1	6	-1	45	-1	0	0	0	-1	-1	0	-1	0	0	0	0	36	0	0	0	0	0	0	31	31
c14558	-1	0	0	24	0	0	-1	-1	0	-1	18	31	-1	50	24	43	34	0	-1	-1	0	0	0	0	0	0	0	0	0	31
c14583	-1	47	0	0	23	-1	4	0	-1	30	0	15	45	-1	0	0	33	-1	-1	0	0	-1	0	43	0	0	0	0	-1	31
c14593	33	9	0	0	0	31	0	-1	0	-1	26	31	-1	-1	48	-1	34	0	0	28	0	-1	34	0	0	0	0	0	0	31
c14614	-1	0	0	15	0	43	-1	0	34	0	-1	15	-1	0	-1	0	9	0	0	0	31	-1	0	0	0	-1	0	-1	0	31
c14615	0	0	-1	-1	0	43	-1	0	-1	-1	-1	15	-1	0	0	-1	-1	0	0	0	31	-1	-1	0	0	0	0	-1	0	31
c14666	-1	0	0	-1	0	31	4	0	-1	0	31	37	0	0	0	0	0	10	31	-1	0	21	0	0	-1	-1	0	45	0	31
c14679	0	31	0	0	26	0	-1	0	-1	34	21	39	0	0	0	46	0	0	31	0	-1	0	0	0	0	46	31	0	23	31
c14710	33	9	-1	0	-1	45	0	-1	0	-1	26	-1	0	48	-1	43	-1	0	0	0	-1	46	34	-1	0	0	-1	0	0	31
c14757	-1	0	0	-1	0	43	4	0	0	37	0	-1	0	0	0	0	-1	-1	47	7	31	16	0	-1	-1	-1	0	0	0	31
c14805	49	48	0	0	0	0	0	-1	0	-1	0	31	0	0	0	43	34	-1	-1	0	0	0	-1	0	-1	7	0	0	0	31
c14809	35	-1	-1	0	0	24	0	-1	34	0	0	31	-1	0	0	-1	0	26	-1	31	0	31	-1	0	-1	-1	0	0	-1	31
c14831	0	0	0	0	0	43	4	0	0	-1	-1	15	6	-1	0	0	0	0	47	0	0	46	0	0	0	0	0	0	0	-1
c14904	0	33	0	0	-1	0	0	0	-1	-1	21	-1	0	0	0	9	-1	0	31	23	0	-1	0	0	0	0	-1	-1	23	31
c14943	0	0	-1	-1	0	-1	-1	-1	0	-1	0	-1	11	0	48	-1	34	0	0	46	0	0	0	0	0	0	0	46	-1	31
c14950	0	9	0	0	0	-1	-1	-1	0	-1	0	31	-1	0	48	-1	34	0	0	8	-1	0	-1	0	31	0	0	-1	-1	-1
c14984	49	0	0	0	0	0	16	-1	0	-1	0	-1	0	-1	0	43	34	0	31	0	0	-1	-1	0	-1	0	6	0	0	31
c15003	0	0	26	0	0	0	4	0	0	18	-1	23	-1	-1	0	46	0	-1	-1	-1	-1	-1	-1	0	-1	21	0	0	0	31
c15031	-1	-1	0	0	31	0	-1	-1	0	0	50	31	34	0	0	43	34	0	0	26	31	0	-1	9	0	-1	0	0	40	31
c15063	0	0	-1	50	0	0	0	0	-1	0	21	0	0	25	0	0	0	0	-1	37	49	26	-1	0	0	0	0	-1	23	31
c15074	0	31	-1	0	18	0	4	-1	3	-1	-1	31	0	0	0	43	34	46	0	-1	29	0	-1	0	0	31	0	0	0	-1
c15075	0	31	0	-1	18	0	4	-1	3	-1	0	31	0	0	0	-1	34	46	31	0	29	0	-1	0	0	31	0	0	0	31
c15136	-1	10	-1	0	0	24	0	-1	-1	0	-1	-1	0	0	0	43	0	0	-1	31	31	31	0	9	-1	0	-1	0	0	-1
c15160	0	34	0	9	0	31	4	0	-1	45	0	37	0	-1	-1	0	-1	0	31	-1	0	21	0	-1	0	0	0	45	0	31
c15233	0	0	-1	31	0	43	4	0	0	0	0	15	0	31	49	0	-1	0	47	-1	0	0	0	0	0	0	-1	0	0	-1
c15235	0	-1	0	19	20	0	0	16	-1	29	-1	0	9	-1	-1	15	0	-1	31	0	0	-1	0	-1	0	-1	0	0	23	31
c15268	0	0	-1	-1	0	-1	-1	-1	-1	-1	26	31	0	-1	48	43	34	30	-1	0	-1	-1	35	0	16	9	-1	0	-1	-1
c15313	49	0	0	0	0	-1	-1	-1	-1	-1	0	31	-1	0	0	43	-1	0	-1	-1	12	0	0	-1	-1	0	0	-1	0	31
c15340	-1	0	31	0	0	0	46	-1	31	-1	0	31	15	0	0	43	-1	-1	-1	-1	0	0	0	0	0	49	21	0	46	31
c15360	-1	0	0	0	0	0	0	-1	0	0	0	16	0	-1	6	18	39	0	0	0	-1	36	0	-1	0	-1	0	0	43	31
c15361	15	0	0	38	-1	0	0	-1	0	-1	0	-1	0	-1	6	18	0	0	0	0	31	36	0	38	-1	-1	0	0	43	31
c15399	0	31	0	0	26	0	0	-1	-1	0	21	45	-1	0	0	46	0	0	31	0	0	-1	0	0	15	0	31	0	23	-1
c15412	0	24	8	0	10	43	4	0	45	0	0	15	39	0	-1	-1	-1	-1	31	0	-1	0	0	31	0	0	31	0	0	31
c15436	0	0	-1	30	33	0	0	-1	-1	-1	0	0	0	-1	0	-1	19	0	31	-1	31	0	33	0	-1	0	30	0	-1	31
c15449	0	-1	0	0	-1	24	0	-1	-1	-1	0	31	0	38	26	43	0	49	0	-1	-1	0	-1	18	0	0	0	34	-1	31
c15457	0	0	0	-1	0	0	0	-1	-1	0	-1	31	45	0	46	43	34	22	-1	-1	0	0	-1	0	-1	0	0	0	-1	31
c15470	49	0	0	0	0	31	0	-1	0	-1	-1	31	0	0	0	43	34	0	31	0	0	0	39	-1	0	30	0	0	-1	31
c15473	0	-1	0	0	26	0	31	0	-1	0	21	0	0	24	0	46	0	-1	31	0	-1	0	0	33	0	0	31	0	-1	31
c15474	0	0	31	-1	47	22	-1	-1	36	-1	0	31	-1	0	48	43	34	-1	35	0	24	-1	0	0	-1	46	0	0	-1	31
c15478	-1	0	0	0	0	24	0	-1	34	0	0	-1	29	0	-1	43	0	0	0	31	0	-1	0	0	-1	-1	33	0	0	31
c15500	0	-1	0	0	48	49	45	-1	-1	46	4	0	-1	0	0	0	0	0	31	16	0	21	-1	0	0	0	0	45	0	31
c15563	49	0	0	0	0	0	24	-1	0	-1	0	31	-1	-1	0	43	34	0	-1	48	0	-1	0	-1	24	11	-1	0	0	31
c15567	-1	0	45	-1	0	-1	4	0	0	0	0	-1	0	0	0	47	33	24	47	0	0	-1	33	9	0	-1	0	0	0	-1
c15570	49	0	0	0	0	0	0	-1	0	-1	-1	-1	-1	0	0	43	34	0	31	0	26	-1	15	0	0	-1	0	0	0	31
c15571	49	0	-1	0	33	-1	-1	-1	0	-1	0	-1	0	-1	0	43	34	0	-1	0	-1	0	0	0	0	0	0	-1	0	31
c15606	-1	9	-1	0	0	0	0	-1	0	-1	-1	31	-1	23	48	-1	34	0	0	28	0	22	34	-1	0	-1	26	3	0	31
c15619	15	0	0	0	-1	-1	0	-1	-1	0	-1	11	31	0	6	-1	37	0	0	0	0	36	29	38	0	-1	23	0	-1	31
c15623	0	0	0	0	0	0	-1	-1	-1	-1	0	31	11	0	48	43	34	-1	0	0	0	0	0	-1	0	46	0	-1	29	31
c15627	-1	0	-1	0	-1	0	-1	0	-1	0	21	0	0	-1	0	46	0	0	-1	-1	0	26	0	0	0	-1	0	0	23	31
c15645	-1	0	0	0	0	0	-1	-1	0	-1	0	31	11	0	48	-1	34	47	31	0	0	-1	0	0	9	0	0	15	29	31
c15660	0	48	0	0	-1	-1	-1	-1	-1	18	0	-1	-1	0	0	-1	21	-1	0	-1	0	-1	20	0	-1	43	0	21	0	31
c15678	33	9	0	0	-1	-1	0	-1	3	-1	26	31	0	0	-1	43	-1	0	16	0	24	0	-1	9	20	0	0	0	0	31
c15690	0	0	0	-1	20	6	0	6	-1	26	39	0	33	-1	-1	-1	0	0	31	0	0	-1	-1	0	0	-1	33	0	-1	-1
c15697	15	0	10	0	0	0	-1	-1	-1	0	0	0	0	0	6	18	0	0	0	0	-1	36	0	38	0	0	0	0	46	31
c15745	-1	6	0	0	0	31	-1	-1	0	-1	-1	31	11	0	-1	43	34	0	0	0	-1	0	0	0	0	0	0	46	29	31
c15752	33	0	0	0	0	-1	0	-1	34	-1	0	31	34	38	26	43	0	49	0	-1	48	0	0	18	0	0	0	0	0	31
c15799	0	0	0	-1	0	-1	0	48	-1	-1	21	0	0	0	-1	22	26	-1	-1	-1	-1	-1	0	0	-1	0	-1	0	-1	31
c15818	0	0	0	-1	0	0	0	-1	9	-1	26	31	-1	0	-1	-1	34	0	0	0	11	0	35	0	16	0	31	0	0	31
c15819	0	0	0	-1	0	0	-1	-1	9	-1	-1	31	49	-1	-1	43	34	0	0	21	-1	0	35	0	-1	0	31	0	0	31
c15822	-1	-1	-1	0	48	0	31	-1	-1	0	0	0	0	0	6	0	0	0	0	0	0	36	0	-1	0	-1	0	0	35	31
c15845	-1	0	0	15	0	-1	4	0	34	0	-1	15	0	0	0	-1	0	-1	0	0	31	-1	45	0	0	-1	-1	0	34	31
c15850	0	0	-1	0	0	21	0	-1	31	-1	0	31	0	-1	46	43	-1	0	-1	0	0	9	0	-1	0	22	-1	0	-1	31
c15854	0	0	0	-1	0	0	0	-1	-1	-1	26	31	0	0	48	43	34	0	10	0	-1	0	35	0	-1	0	-1	0	0	31
c15888	33	9	0	-1	0	0	-1	-1	0	-1	26	31	-1	-1	48	-1	-1	-1	16	0	31	0	34	31	-1	-1	0	0	-1	-1
c15927	-1	2	0	0	0	-1	0	-1	0	-1	0	31	0	0	-1	43	34	0	-1	-1	12	-1	0	-1	24	0	-1	33	0	-1
c15942	49	0	0	-1	48	0	0	-1	0	-1	0	31	0	0	0	43	34	0	31	-1	0	-1	-1	0	0	0	22	0	-1	31
c15959	-1	0	31	0	31	0	-1	-1	0	0	-1	31	-1	33	0	43	-1	0	-1	0	0	0	48	9	31	-1	-1	46	40	31
c15960	15	0	41	-1	0	-1	-1	-1	0	0	0	0	-1	-1	6	0	0	0	-1	0	-1	36	31	38	0	0	-1	0	37	31
c15976	0	0	0	0	11	45	-1	0	-1	-1	0	-1	11	0	35	0	45	0	31	0	0	21	-1	0	0	-1	0	45	0	31
c16037	0	4	0	31	48	0	0	-1	-1	0	-1	0	-1	45	-1	0	-1	0	31	0	-1	21	0	0	-1	0	0	-1	-1	-1
c16058	49	0	-1	0	0	0	24	-1	0	-1	0	31	46	31	21	43	34	0	49	-1	0	0	9	0	24	0	-1	-1	0	-1
c16059	-1	0	-1	0	0	-1	-1	-1	-1	-1	0	31	46	31	21	43	34	0	49	-1	-1	0	9	-1	24	0	0	0	0	-1
c16079	0	0	0	0	0	0	0	-1	-1	-1	-1	45	0	-1	-1	0	0	-1	31	-1	0	26	0	0	-1	0	-1	-1	-1	31
c16083	-1	31	45	0	0	43	-1	11	0	0	-1	15	0	-1	-1	0	33	35	47	0	0	0	33	-1	0	0	0	31	37	31
c16084	0	0	0	-1	-1	31	-1	-1	36	-1	0	31	-1	50	30	43	34	23	15	15	-1	0	34	11	20	0	0	0	0	31
c16085	0	-1	0	-1	-1	31	-1	-1	36	-1	-1	31	35	50	30	43	34	0	15	15	0	0	34	11	-1	0	0	0	0	31
c16125	-1	-1	0	0	48	10	0	-1	-1	-1	-1	0	0	0	0	0	0	0	31	31	0	21	0	0	0	3	0	45	0	31
c16141	0	0	0	15	-1	-1	4	-1	34	-1	-1	15	0	0	0	0	0	0	0	0	31	-1	0	34	-1	0	-1	0	34	31
c16151	0	-1	0	0	-1	45	4	0	-1	0	0	37	11	0	35	0	0	0	31	0	0	21	9	0	0	0	0	45	0	31
c16159	-1	35	0	0	0	-1	0	0	-1	0	21	0	0	0	-1	0	0	22	31	0	0	0	16	0	2	0	0	0	-1	31
c16197	0	-1	-1	0	0	24	0	-1	34	0	-1	31	0	-1	24	43	0	0	0	-1	-1	0	0	18	0	0	0	0	0	31
c16220	0	-1	0	-1	-1	0	0	-1	0	-1	4	31	-1	50	11	43	34	45	9	-1	0	0	7	-1	-1	-1	0	0	-1	31
c16261	0	31	0	0	26	-1	47	0	-1	0	-1	-1	31	22	-1	-1	-1	0	31	0	0	0	39	0	0	0	31	0	23	31
c16295	0	0	-1	0	0	45	4	0	-1	0	0	37	-1	0	35	0	0	0	-1	-1	0	21	9	-1	0	0	0	45	0	-1
c16298	33	9	0	0	0	0	0	-1	0	-1	-1	31	0	0	48	-1	34	0	16	23	-1	0	-1	31	-1	0	0	9	-1	31
c16308	49	0	-1	0	0	-1	31	-1	0	-1	0	-1	0	-1	-1	43	34	0	49	0	0	0	0	15	24	-1	0	9	0	31
c16320	0	0	-1	0	0	6	31	6	-1	-1	-1	0	0	0	0	0	46	-1	31	0	0	0	26	0	0	47	33	-1	0	31
c16370	0	0	46	-1	0	0	0	-1	34	-1	26	31	0	0	48	43	34	-1	0	-1	0	31	35	0	16	0	31	0	0	31
c16371	0	-1	-1	-1	0	0	0	-1	34	-1	-1	31	-1	-1	48	43	34	0	0	0	0	31	35	0	16	0	31	-1	-1	31
c16428	0	-1	0	0	0	37	0	0	-1	0	0	0	0	0	0	0	0	0	31	34	0	0	26	0	0	0	33	0	-1	-1
c16470	15	-1	0	0	-1	0	26	-1	-1	0	0	-1	0	0	6	0	0	20	0	-1	0	36	0	38	-1	0	0	0	0	31
c16476	0	0	0	15	0	43	-1	0	34	-1	-1	15	0	45	18	-1	0	0	0	0	0	0	0	4	0	9	0	0	34	-1
c16479	-1	-1	0	0	0	24	0	-1	34	0	0	-1	0	-1	26	43	11	49	0	45	0	-1	0	18	0	22	0	49	42	31
c16513	0	-1	0	0	0	45	4	-1	-1	0	0	37	24	0	35	33	0	0	31	-1	0	-1	-1	47	0	-1	0	45	10	31
c16560	30	-1	0	-1	-1	24	-1	-1	-1	0	0	31	-1	0	0	43	0	0	0	31	0	-1	0	18	-1	0	0	0	4	31
c16566	49	-1	31	0	0	0	46	-1	31	-1	0	31	15	0	0	43	34	0	31	0	0	0	0	0	0	49	21	0	0	31
c16576	0	0	37	15	0	43	4	0	34	-1	-1	15	-1	-1	0	-1	0	-1	0	-1	-1	0	0	0	0	0	0	41	34	31
c16655	-1	0	0	-1	0	24	0	-1	-1	0	0	31	29	0	0	43	35	0	0	31	0	-1	20	0	-1	-1	0	11	0	31
c16661	0	0	31	0	0	0	4	-1	-1	0	-1	-1	-1	-1	0	-1	0	0	0	-1	-1	-1	-1	0	0	0	-1	0	0	31
c16678	0	-1	0	-1	18	0	4	-1	3	-1	0	31	0	0	0	43	34	0	0	0	-1	-1	0	0	0	31	0	23	0	31
c16680	15	0	10	0	-1	-1	0	-1	-1	0	0	-1	0	0	6	18	0	0	0	0	46	36	0	38	-1	0	0	0	-1	31
c16700	-1	20	31	0	0	0	0	-1	17	-1	24	31	-1	39	0	43	34	0	0	0	45	46	0	0	-1	0	0	0	31	-1
c16727	0	0	0	0	0	45	4	49	-1	0	0	37	0	29	35	33	0	0	-1	48	-1	21	9	0	0	31	0	45	0	-1
c16734	0	0	0	0	0	24	0	-1	34	0	33	31	0	0	0	-1	0	0	0	31	-1	0	0	0	0	0	31	0	9	31
c16755	-1	-1	0	4	0	43	4	0	0	37	41	15	-1	0	0	50	-1	-1	47	7	31	0	-1	0	-1	36	10	0	0	-1
c16777	0	0	-1	-1	0	43	4	0	34	-1	-1	15	-1	22	0	16	-1	26	0	24	0	-1	0	34	0	-1	0	7	34	31
c16778	0	0	0	0	48	0	-1	-1	-1	-1	0	31	-1	50	0	43	34	0	0	0	31	0	7	0	0	0	0	0	-1	-1
c16790	-1	0	31	0	0	43	4	0	-1	-1	0	15	0	0	0	-1	0	0	31	0	-1	0	0	0	0	-1	31	-1	-1	31
c16791	0	-1	31	-1	0	43	4	0	-1	0	-1	-1	0	0	0	-1	0	0	31	0	0	0	0	0	0	-1	-1	-1	0	31
c16810	15	30	-1	0	-1	0	0	-1	-1	0	0	0	-1	0	-1	18	0	0	0	0	26	36	0	38	0	0	0	-1	0	31
c16811	15	-1	10	0	0	0	-1	-1	0	0	0	0	0	0	-1	18	-1	0	0	0	26	36	0	38	0	0	-1	0	0	31
c16881	49	-1	0	0	-1	0	0	-1	0	-1	-1	-1	0	0	0	43	34	0	31	0	0	0	-1	0	9	0	7	0	0	-1
c16883	-1	34	0	0	0	31	4	0	-1	45	0	37	0	0	0	-1	0	47	-1	0	0	21	-1	0	0	0	0	-1	0	31
c16892	33	9	0	0	0	0	-1	-1	0	-1	26	31	0	-1	48	-1	-1	0	16	23	0	0	34	31	0	0	0	-1	-1	-1
c16941	0	0	0	0	-1	24	31	-1	34	0	0	31	45	10	23	43	45	0	0	-1	-1	24	0	24	0	0	0	0	0	31
c16954	0	0	31	3	20	0	0	0	-1	0	0	-1	-1	-1	46	-1	0	0	31	0	0	0	26	0	24	0	0	0	0	31
c16964	-1	0	0	-1	0	0	-1	-1	0	-1	26	31	0	0	48	43	34	0	-1	0	0	0	35	0	16	0	31	0	0	31
c16965	0	0	0	-1	0	0	0	-1	0	-1	26	31	-1	0	48	43	34	0	-1	0	-1	0	35	0	16	0	31	0	0	31
c16994	15	29	10	0	0	0	-1	-1	0	0	0	0	0	0	-1	18	-1	0	0	-1	0	36	-1	38	0	0	0	-1	0	31
c17041	0	34	0	0	0	-1	4	0	-1	0	0	37	0	0	0	-1	0	29	31	0	0	21	0	0	0	0	0	-1	33	31
c17067	33	34	-1	0	0	0	6	-1	45	0	9	0	0	0	6	0	-1	-1	-1	-1	-1	36	0	0	-1	0	0	9	0	31
c17073	-1	-1	-1	0	0	0	0	-1	0	0	-1	31	0	0	-1	43	34	0	0	0	0	44	34	-1	0	0	-1	0	0	31
c17083	49	0	13	0	0	-1	-1	-1	0	-1	0	-1	46	31	9	43	34	46	49	0	0	24	0	0	24	0	0	0	0	31
c17084	0	-1	-1	0	0	43	4	0	0	0	31	15	0	18	10	0	0	23	31	-1	4	0	31	0	0	0	0	-1	0	31
c17101	0	-1	24	0	0	-1	4	0	11	0	0	-1	-1	-1	0	31	46	0	31	0	-1	0	0	0	9	0	31	0	20	-1
c17113	-1	-1	-1	-1	0	-1	0	-1	12	-1	0	0	0	-1	-1	0	0	0	0	-1	-1	36	0	16	0	11	4	0	0	31
c17153	0	11	0	0	0	31	-1	-1	-1	-1	-1	31	11	0	48	-1	34	0	0	-1	0	0	0	0	0	0	0	46	29	31
c17171	9	-1	0	0	0	45	4	-1	-1	0	0	-1	18	0	35	33	0	18	31	-1	0	21	9	22	0	31	0	45	0	-1
c17194	46	0	-1	0	0	31	0	-1	0	31	0	31	0	46	6	0	-1	0	0	-1	0	-1	-1	0	31	11	31	0	0	31
c17209	33	9	0	-1	0	0	0	-1	25	-1	26	31	0	0	48	43	34	0	0	0	30	9	0	0	0	24	0	24	38	31
c17241	-1	9	0	21	0	0	0	-1	-1	-1	26	31	0	0	48	43	34	0	0	0	30	0	0	0	-1	0	0	24	0	31
c17264	0	0	-1	0	0	6	-1	-1	-1	-1	0	0	0	15	-1	0	0	0	31	0	15	-1	26	0	6	0	33	0	43	31
c17273	0	0	0	-1	0	6	31	-1	-1	-1	-1	0	31	0	0	0	46	0	31	0	0	0	26	0	0	8	33	0	-1	31
c17289	33	0	0	-1	0	0	0	-1	-1	0	0	0	0	46	-1	0	0	0	-1	0	0	-1	0	0	0	0	0	0	0	31
c17291	0	0	0	0	0	43	4	0	0	0	-1	15	0	0	0	45	23	0	0	0	0	0	0	0	0	0	31	31	0	31
c17303	-1	9	0	21	0	0	-1	-1	0	-1	26	31	0	0	48	43	34	0	0	0	30	0	0	0	0	45	35	24	0	31
c17309	0	0	0	15	45	0	4	0	0	0	7	11	0	-1	0	-1	0	0	0	35	-1	0	10	0	-1	0	0	47	0	31
c17318	0	0	0	0	-1	-1	4	0	0	0	7	49	-1	-1	0	46	0	0	0	0	0	39	10	45	-1	0	0	0	26	31
c17320	0	0	0	15	0	-1	-1	0	-1	-1	-1	-1	0	0	0	0	0	-1	-1	0	0	0	0	0	0	0	0	0	34	31
c17321	0	0	0	15	0	43	-1	0	34	-1	-1	15	0	-1	-1	0	0	-1	-1	0	0	0	-1	0	0	0	0	0	34	31
c17326	0	-1	0	24	0	43	4	0	-1	-1	0	15	-1	0	0	0	35	45	9	0	0	-1	0	0	0	0	31	-1	0	31
c17331	45	0	49	0	0	-1	-1	-1	-1	9	31	-1	48	0	0	43	0	-1	0	0	-1	34	0	38	26	0	0	0	0	31
c17363	0	-1	0	0	-1	-1	0	0	-1	24	-1	0	46	20	-1	-1	-1	-1	31	0	-1	-1	37	-1	9	0	6	30	23	-1
c17372	0	0	0	46	0	24	-1	-1	-1	0	-1	31	0	0	26	43	0	0	0	0	0	-1	0	18	-1	0	0	47	0	31
c17374	49	0	0	0	0	0	46	-1	0	-1	-1	31	0	0	0	43	34	-1	31	0	-1	0	0	0	0	3	0	0	38	31
c17413	-1	0	-1	0	0	0	0	-1	0	0	0	-1	31	35	-1	-1	0	12	0	0	26	-1	39	-1	0	26	-1	33	37	31
c17416	15	0	0	-1	-1	0	0	-1	-1	0	0	11	31	-1	6	0	-1	-1	0	-1	0	36	-1	38	0	-1	23	29	-1	-1
c17421	21	0	0	0	31	0	4	-1	-1	-1	29	37	-1	38	0	-1	0	-1	31	-1	-1	21	0	0	0	11	0	45	0	31
c17440	0	0	0	0	0	43	4	0	-1	31	-1	15	0	0	0	0	45	-1	47	-1	22	0	0	0	0	0	-1	0	0	31
c17456	0	0	0	0	0	0	45	0	-1	0	-1	0	0	0	0	0	-1	8	31	0	45	0	0	0	0	0	0	-1	-1	31
c17489	0	0	0	0	-1	24	0	-1	34	0	45	31	0	0	0	43	0	11	-1	37	0	0	15	0	0	46	0	0	0	31
c17497	0	-1	0	-1	0	24	0	-1	34	0	0	31	45	0	-1	43	0	-1	0	0	-1	24	0	0	0	0	0	0	0	31
c17521	0	0	-1	0	0	6	0	6	-1	-1	0	0	0	0	0	-1	0	0	-1	0	0	-1	26	0	0	0	33	0	34	31
c17529	-1	0	-1	0	9	26	24	-1	0	-1	0	31	46	-1	-1	-1	34	-1	49	43	-1	0	0	0	24	35	-1	-1	0	-1
c17534	-1	0	31	0	0	-1	0	6	-1	0	0	33	0	0	0	33	0	0	31	0	0	0	26	29	0	0	33	0	-1	-1
c17569	-1	0	0	0	23	45	-1	-1	-1	0	-1	37	0	0	-1	-1	0	0	31	0	-1	21	9	0	0	46	-1	45	0	31
c17597	0	10	0	0	0	24	0	-1	34	0	0	31	0	-1	-1	43	0	0	0	31	0	-1	0	0	-1	0	-1	0	0	31
c17604	49	-1	0	0	18	0	46	-1	4	-1	0	31	0	0	0	43	-1	0	31	0	-1	0	-1	0	0	15	0	0	28	31
c17617	49	-1	10	0	29	0	-1	-1	-1	-1	0	31	0	0	-1	43	34	-1	-1	-1	0	0	0	-1	-1	0	0	0	28	31
c17654	33	9	0	-1	0	0	-1	-1	0	-1	-1	31	0	23	48	43	34	-1	0	28	0	0	-1	0	42	0	-1	0	0	31
c17669	33	9	0	0	0	-1	0	-1	-1	-1	26	31	-1	0	48	43	34	0	0	0	0	0	34	-1	0	0	0	0	0	31
c17675	49	0	0	0	-1	-1	0	-1	46	-1	0	31	4	0	0	43	34	-1	-1	0	0	39	0	0	24	0	-1	-1	0	31
c17685	0	0	0	0	48	0	15	-1	-1	-1	0	31	35	-1	0	43	34	45	0	0	0	0	7	-1	0	-1	0	0	0	31
c17693	49	0	-1	0	38	26	4	-1	-1	-1	0	-1	-1	0	0	43	34	15	0	48	0	0	0	0	24	0	-1	0	-1	31
c17756	37	24	0	0	-1	0	0	-1	20	-1	24	31	0	11	-1	43	34	0	40	0	0	-1	-1	-1	0	0	0	0	0	31
c17765	12	46	-1	0	0	31	-1	-1	0	-1	0	31	11	-1	48	43	34	-1	16	-1	0	0	0	0	0	-1	0	46	29	31
c17772	0	0	0	0	0	45	4	0	-1	28	0	37	-1	-1	35	33	-1	0	31	0	0	21	9	0	0	-1	-1	-1	0	31
c17797	-1	0	0	0	48	0	0	-1	-1	0	-1	-1	0	0	6	31	0	49	0	0	0	36	0	26	0	11	-1	0	0	31
c17811	0	-1	0	26	-1	0	0	0	-1	46	0	0	0	-1	0	0	0	0	-1	0	-1	0	35	-1	0	-1	18	0	0	31
c17816	0	-1	0	0	0	0	0	0	-1	0	-1	0	0	-1	0	0	-1	0	31	4	0	0	-1	0	0	-1	33	0	0	31
c17842	0	0	26	0	23	0	12	0	-1	0	0	0	0	-1	0	0	-1	0	31	0	30	-1	26	0	-1	0	33	0	-1	31
c17862	0	0	0	0	0	0	-1	-1	0	-1	7	-1	31	-1	0	46	48	0	0	-1	-1	-1	10	0	35	0	0	0	0	31
c17882	0	12	-1	0	-1	0	0	-1	-1	0	21	9	0	-1	0	0	0	0	31	46	0	26	0	0	0	0	0	0	23	31
c17918	-1	0	47	-1	-1	-1	0	-1	0	0	0	-1	0	0	0	43	34	0	0	-1	0	0	-1	9	21	0	0	-1	40	31
c17930	33	0	0	41	0	0	31	-1	45	9	31	0	0	-1	6	-1	18	38	0	0	0	36	34	0	0	-1	0	45	0	31
c17934	0	0	0	9	0	-1	0	-1	0	0	-1	-1	-1	0	-1	-1	0	0	-1	0	0	36	-1	16	0	11	0	0	-1	-1
c17950	0	31	0	0	0	-1	0	0	-1	0	21	0	-1	0	11	-1	31	0	31	46	0	26	0	0	46	-1	-1	0	-1	31
c17966	46	0	37	0	0	31	4	0	-1	0	0	37	0	-1	0	31	-1	0	31	0	0	21	-1	0	0	-1	0	45	-1	31
c17988	0	0	0	0	-1	24	9	-1	34	0	-1	31	0	0	-1	43	46	-1	0	0	0	0	-1	18	0	0	-1	0	0	31
c17989	-1	0	0	0	36	24	9	-1	34	0	0	31	0	0	-1	43	46	-1	0	0	-1	-1	0	18	0	0	34	0	-1	31
c17998	0	0	0	26	0	0	0	0	-1	0	-1	0	31	-1	0	0	-1	0	-1	0	0	-1	0	0	0	0	-1	-1	-1	31
c18008	15	0	-1	-1	0	0	0	-1	0	0	0	0	9	0	-1	18	0	0	0	0	46	36	0	-1	0	0	0	0	-1	-1
c18022	0	0	0	-1	-1	-1	0	-1	0	-1	-1	-1	47	0	48	-1	34	0	0	0	0	-1	35	0	-1	0	31	0	0	31
c18023	-1	0	0	-1	16	0	0	-1	0	-1	26	31	47	0	48	43	34	0	-1	0	0	0	35	0	0	-1	31	0	0	31
c18072	49	0	0	0	0	0	0	-1	46	-1	0	31	4	0	0	43	-1	-1	0	0	0	0	-1	0	24	35	-1	0	-1	31
c18076	-1	-1	0	-1	0	-1	-1	-1	-1	-1	0	31	-1	-1	48	43	34	0	0	-1	24	0	0	0	-1	-1	0	46	29	31
c18079	-1	45	0	0	31	0	-1	-1	37	35	37	31	0	9	0	-1	-1	0	0	0	0	47	46	9	0	-1	0	-1	40	31
c18084	33	-1	0	0	-1	-1	0	-1	0	-1	26	31	0	0	48	43	34	-1	16	-1	0	0	34	31	0	0	0	0	-1	31
c18134	49	0	-1	0	-1	0	-1	-1	0	-1	0	31	-1	0	0	43	34	0	49	0	-1	-1	-1	-1	24	-1	0	-1	-1	31
c18135	49	0	-1	0	-1	0	24	-1	0	-1	0	31	-1	-1	0	43	34	0	49	0	0	0	-1	45	-1	6	-1	0	31	-1
c18147	-1	0	0	-1	0	-1	-1	0	0	18	31	15	0	-1	0	0	12	23	31	0	0	0	0	15	0	0	29	0	0	-1
c18176	49	0	-1	0	-1	0	0	-1	46	-1	39	31	4	0	0	43	34	0	0	0	0	-1	-1	0	24	0	-1	0	0	31
c18181	33	0	-1	0	0	0	0	-1	0	-1	0	0	-1	-1	6	18	0	0	0	-1	0	36	0	0	46	0	0	-1	33	31
c18198	-1	-1	45	0	0	-1	24	-1	0	-1	0	31	46	31	0	43	-1	0	49	-1	0	0	0	0	24	35	0	0	0	31
c18219	0	0	0	39	48	0	0	-1	-1	0	0	0	0	0	0	0	0	0	31	0	31	21	-1	-1	-1	0	-1	45	0	31
c18243	0	0	0	0	0	45	4	0	-1	0	0	37	11	0	35	0	-1	0	-1	0	0	21	9	22	-1	0	0	45	0	31
c18258	15	0	10	0	0	0	0	-1	0	0	0	0	0	0	-1	18	-1	0	0	31	0	36	0	38	0	0	0	-1	0	31
c18311	0	0	0	0	0	24	0	-1	34	0	0	31	0	0	0	43	0	-1	0	-1	26	31	0	0	-1	0	0	0	0	31
c18325	31	-1	-1	0	-1	43	4	0	34	0	-1	15	0	-1	0	45	-1	0	-1	-1	0	0	0	0	0	0	-1	31	0	-1
c18336	-1	0	0	0	0	21	-1	-1	0	0	0	31	0	-1	46	43	-1	0	-1	0	0	0	-1	-1	0	22	0	0	-1	31
c18366	0	-1	-1	0	0	0	-1	-1	0	-1	0	-1	-1	0	-1	-1	34	0	0	0	0	0	0	0	0	46	0	0	29	31
c18382	0	-1	0	0	48	-1	-1	-1	-1	0	0	0	0	0	0	0	-1	-1	31	-1	20	-1	0	20	0	33	15	45	0	31
c18385	-1	0	-1	-1	31	-1	-1	-1	9	0	0	31	24	0	0	43	34	0	-1	0	21	0	46	9	-1	-1	46	49	40	31
c18389	0	0	45	41	0	43	-1	0	0	-1	0	15	0	-1	-1	-1	-1	-1	47	30	0	0	33	-1	0	0	0	0	45	-1
c18410	0	0	0	9	0	0	0	-1	0	0	-1	48	0	0	-1	0	0	0	0	-1	0	36	-1	-1	0	11	-1	-1	6	31
c18419	0	0	0	0	26	24	-1	-1	-1	0	45	31	6	44	47	43	11	11	0	37	-1	43	0	0	0	0	-1	-1	0	31
c18426	0	-1	-1	-1	-1	0	0	-1	0	-1	0	31	0	-1	48	43	34	0	0	0	-1	0	35	0	0	0	0	0	0	31
c18427	0	0	0	-1	0	0	0	-1	0	-1	-1	-1	0	-1	48	43	34	0	0	0	0	0	35	0	-1	-1	0	0	0	31
c18454	-1	0	21	37	48	43	-1	-1	47	0	0	15	0	0	-1	-1	33	9	47	26	0	0	-1	0	0	0	0	0	0	31
c18455	0	0	-1	-1	48	43	-1	7	47	-1	0	-1	0	0	-1	0	33	9	-1	26	0	0	0	0	0	0	0	0	0	31
c18467	0	0	0	0	-1	0	0	0	-1	-1	21	-1	0	0	0	0	31	0	31	46	-1	26	11	-1	11	0	-1	0	-1	-1
c18488	49	-1	0	0	-1	0	46	-1	4	-1	0	31	0	0	-1	43	34	-1	31	0	-1	0	0	0	0	15	0	0	-1	31
c18542	0	34	-1	-1	0	31	4	-1	-1	45	0	37	0	0	-1	-1	0	0	-1	0	0	-1	0	0	0	-1	0	-1	0	-1
c18555	0	0	0	-1	23	0	0	0	-1	0	0	0	-1	-1	25	0	0	-1	31	0	0	0	-1	-1	-1	0	33	3	0	31
c18568	0	0	31	0	0	43	4	0	0	0	0	15	0	0	0	31	0	0	-1	0	0	0	-1	0	0	-1	31	0	-1	31
c18613	-1	8	0	0	9	0	24	-1	11	-1	0	31	-1	0	0	43	34	0	49	0	0	0	4	0	24	0	0	0	31	31
c18624	31	0	0	-1	0	24	-1	-1	-1	0	45	-1	0	0	0	43	0	11	-1	37	0	0	-1	-1	0	46	0	3	0	31
c18625	31	0	0	-1	0	24	0	-1	-1	0	45	-1	0	0	0	43	0	11	0	37	-1	-1	-1	-1	0	-1	0	3	-1	31
c18636	15	0	-1	-1	0	-1	-1	-1	0	0	0	-1	0	0	6	18	0	0	0	-1	-1	36	0	38	37	0	0	0	46	31
c18637	15	-1	-1	0	0	0	0	-1	0	-1	-1	0	0	-1	6	18	0	0	0	0	46	36	0	38	37	-1	0	0	-1	31
c18641	0	0	0	-1	7	-1	-1	0	0	0	0	-1	0	0	0	0	0	0	0	0	4	0	-1	-1	-1	-1	0	46	12	31
c18671	-1	0	-1	-1	48	0	0	-1	0	-1	0	31	35	-1	0	43	34	0	0	0	31	0	7	0	33	-1	0	-1	0	31
c18686	41	48	0	0	0	0	-1	-1	0	-1	0	31	-1	9	48	43	34	26	-1	46	-1	-1	0	-1	0	0	0	-1	29	31
c18722	-1	0	0	0	0	43	-1	0	0	0	0	15	0	31	49	0	-1	0	47	0	-1	37	0	0	0	-1	0	0	-1	31
c18725	33	34	-1	-1	0	0	-1	-1	45	-1	0	-1	-1	33	-1	0	0	0	26	0	0	36	0	0	20	-1	0	39	0	31
c18729	41	0	0	0	0	0	-1	-1	0	-1	0	31	11	-1	48	43	-1	26	0	46	0	0	0	-1	0	0	-1	0	29	31
c18733	49	0	0	0	0	0	0	-1	-1	-1	0	31	-1	-1	0	-1	34	0	31	24	0	0	0	16	0	0	0	-1	0	31
c18741	49	2	0	-1	0	-1	-1	-1	-1	-1	-1	31	0	0	-1	43	34	0	49	0	12	-1	0	0	24	0	-1	-1	0	-1
c18746	-1	-1	0	0	-1	43	-1	-1	0	0	0	15	0	24	0	-1	0	0	47	-1	22	0	-1	21	0	0	-1	0	-1	31
c18768	0	41	0	-1	-1	24	0	-1	34	0	-1	31	0	-1	-1	43	0	0	0	-1	-1	0	-1	0	0	-1	0	-1	0	31
c18769	0	41	0	0	41	24	0	-1	34	0	45	31	-1	-1	0	43	0	-1	0	37	-1	0	31	-1	0	0	0	0	0	31
c18771	49	0	0	0	0	-1	31	-1	-1	-1	-1	-1	-1	0	-1	43	34	0	49	0	-1	0	0	15	24	38	0	0	0	31
c18773	-1	0	0	0	11	-1	-1	16	0	0	0	-1	0	26	34	0	0	2	0	-1	0	0	0	-1	-1	0	-1	0	0	-1
c18786	0	0	0	0	-1	0	4	34	0	0	7	0	31	0	0	46	48	0	0	43	0	0	10	0	35	0	-1	0	0	31
c18795	0	0	0	-1	0	43	4	-1	0	0	31	15	0	0	0	9	12	23	31	0	-1	0	0	0	0	6	0	0	0	31
c18846	0	-1	31	0	0	31	4	0	-1	45	-1	37	0	0	0	-1	0	46	31	9	-1	21	-1	0	0	0	0	45	0	-1
c18855	49	0	0	0	0	-1	0	-1	46	-1	0	31	4	0	0	43	34	0	0	0	0	0	0	-1	-1	0	-1	-1	21	31
c18862	0	6	0	21	0	0	0	0	-1	31	21	0	0	0	0	0	45	0	31	0	0	-1	10	9	0	-1	0	0	-1	-1
c18883	-1	9	0	-1	47	0	0	-1	0	-1	26	31	0	0	48	43	34	0	16	-1	-1	0	34	31	0	33	45	0	-1	-1
c18951	-1	-1	0	-1	0	0	9	-1	0	-1	26	31	0	23	48	43	34	0	0	28	0	22	34	-1	-1	0	26	3	0	31
c18962	0	21	-1	0	0	-1	4	9	-1	-1	-1	37	0	0	-1	-1	0	49	31	0	31	21	16	0	33	12	0	45	0	31
c18969	0	0	0	15	0	43	4	0	34	0	-1	15	-1	45	18	0	-1	-1	0	0	0	0	0	0	0	9	0	0	34	31
c18977	33	9	0	0	38	0	0	-1	-1	-1	26	31	0	38	48	-1	34	0	16	0	24	0	-1	0	33	0	0	0	0	31
c18984	-1	0	24	0	0	33	0	-1	-1	-1	0	0	0	0	6	-1	0	0	-1	-1	0	36	0	16	9	11	0	4	0	31
c18999	0	-1	0	0	0	0	0	0	-1	-1	21	6	45	0	0	0	0	0	31	0	-1	26	0	-1	-1	0	31	0	-1	31
c19028	0	-1	0	0	0	0	4	0	0	0	-1	0	-1	-1	0	46	0	0	33	0	0	0	10	0	-1	0	0	0	-1	31
c19030	0	0	0	0	0	0	-1	-1	0	-1	0	31	11	0	48	43	34	47	-1	0	0	-1	0	0	-1	0	-1	0	-1	31
c19058	0	0	0	0	0	24	0	-1	34	0	0	31	0	0	0	-1	0	31	-1	-1	-1	31	0	16	-1	0	-1	0	0	31
c19063	0	-1	0	-1	0	-1	0	0	-1	0	21	0	0	-1	11	0	31	0	31	46	0	26	0	0	-1	0	0	0	-1	31
c19064	-1	0	0	0	48	0	0	-1	-1	-1	-1	-1	0	-1	0	0	-1	0	31	0	0	21	-1	0	-1	0	0	45	-1	31
c19066	0	0	0	-1	-1	43	-1	-1	34	0	-1	15	0	-1	31	11	0	0	0	-1	0	-1	-1	48	0	31	11	-1	-1	31
c19070	49	0	13	-1	0	0	-1	-1	0	-1	0	31	46	31	9	43	34	46	49	0	0	24	0	0	-1	0	-1	-1	0	31
c19072	15	0	10	44	0	-1	0	-1	-1	45	0	-1	18	0	6	18	0	0	0	0	-1	36	0	38	0	-1	0	0	0	31
c19073	15	0	-1	0	0	48	0	-1	-1	45	0	24	18	0	6	-1	0	0	0	0	0	36	0	38	0	0	0	0	-1	31
c19080	0	15	0	-1	0	0	6	-1	-1	0	21	24	0	0	9	-1	15	0	31	0	0	26	0	0	0	0	0	0	23	31
c19090	0	-1	28	0	31	43	-1	0	0	33	31	15	7	0	0	0	-1	0	0	0	4	0	0	0	-1	-1	-1	0	0	31
c19093	33	9	0	0	0	0	0	-1	-1	-1	26	31	0	0	-1	43	34	0	16	0	24	0	34	9	20	0	0	-1	0	31
c19139	31	0	0	24	-1	43	4	0	-1	0	0	15	4	0	-1	0	35	45	9	0	31	0	0	0	0	0	31	-1	0	31
c19140	0	0	0	33	20	-1	46	-1	0	0	0	31	0	-1	46	43	34	-1	-1	-1	9	34	0	0	0	0	-1	-1	0	31
c19149	8	20	0	9	0	43	4	0	0	0	0	15	0	-1	-1	0	0	31	0	-1	0	-1	0	0	0	16	47	34	-1	31
c19154	0	0	-1	23	0	43	-1	0	0	0	31	15	0	-1	-1	0	0	23	31	-1	0	0	0	0	0	0	0	0	0	31
c19155	0	0	16	23	0	-1	-1	0	0	-1	31	15	-1	-1	0	0	-1	23	31	0	0	0	0	44	-1	0	-1	-1	0	31
c19160	49	0	0	0	0	-1	0	-1	0	-1	0	31	0	0	0	43	34	0	31	-1	0	0	0	16	0	0	0	-1	0	-1
c19169	-1	0	0	0	-1	24	0	-1	34	0	0	31	-1	-1	26	43	0	49	-1	-1	0	0	0	18	0	-1	26	0	0	31
c19173	-1	-1	0	0	0	41	-1	0	-1	0	21	0	0	0	4	29	0	46	31	0	0	0	0	0	0	0	9	11	23	31
c19174	9	18	0	0	0	24	-1	-1	-1	0	-1	31	0	0	0	43	-1	0	16	31	-1	-1	0	24	-1	0	0	18	0	31
c19175	-1	18	0	0	0	24	-1	-1	-1	0	0	-1	0	0	-1	43	0	-1	16	31	15	31	0	24	-1	0	0	18	0	-1
c19182	-1	0	22	0	-1	-1	0	-1	-1	0	0	0	23	0	6	0	0	1	-1	0	0	-1	-1	48	0	0	-1	0	-1	31
c19195	33	0	0	41	0	0	31	-1	45	0	31	0	0	34	6	0	18	38	0	-1	0	36	34	0	0	-1	0	-1	0	31
c19198	49	-1	13	0	0	0	-1	-1	0	-1	-1	31	46	31	9	-1	34	0	49	-1	0	24	0	16	24	0	-1	0	0	31
c19259	0	0	-1	-1	0	-1	4	0	0	0	-1	0	0	-1	0	46	0	0	33	0	0	0	10	0	0	0	0	-1	0	31
c19263	-1	9	0	21	0	0	0	-1	0	-1	26	31	39	0	48	43	34	0	-1	0	-1	0	0	-1	0	45	35	24	0	31
c19280	0	-1	0	0	0	0	-1	-1	0	-1	0	31	8	19	46	43	-1	-1	0	-1	9	-1	-1	9	0	0	-1	0	-1	31
c19307	0	0	21	0	-1	-1	4	-1	34	0	-1	15	49	0	0	-1	-1	-1	0	-1	0	-1	0	0	0	0	-1	-1	0	-1
c19326	49	0	0	0	0	0	0	-1	-1	-1	0	31	-1	0	0	43	34	0	0	0	0	0	0	0	-1	-1	-1	7	0	31
c19346	49	-1	0	0	0	0	-1	-1	0	-1	-1	31	-1	-1	0	-1	34	0	49	48	0	0	-1	0	24	11	0	0	0	31
c19347	49	0	0	0	0	0	24	-1	0	-1	0	31	-1	0	0	43	34	0	49	48	0	0	0	0	24	11	-1	0	0	31
c19409	0	-1	35	0	50	0	-1	-1	0	11	0	35	0	-1	-1	0	0	0	0	0	0	36	-1	16	0	11	-1	23	0	31
c19412	-1	0	0	24	21	0	0	-1	0	-1	18	31	-1	50	24	43	-1	0	0	0	0	0	-1	-1	0	0	0	-1	0	31
c19450	0	-1	0	0	31	24	0	-1	34	0	0	31	0	0	0	43	0	-1	0	31	0	31	0	-1	-1	0	0	0	0	31
c19458	10	29	0	0	0	0	0	31	-1	-1	10	0	34	31	36	0	-1	23	31	0	0	0	26	30	-1	-1	33	0	39	31
c19473	0	0	0	0	0	31	-1	-1	0	-1	0	31	11	0	48	-1	34	0	0	0	18	0	0	0	31	0	-1	46	29	31
c19477	33	9	0	41	0	0	0	-1	0	-1	26	-1	45	20	-1	43	34	-1	-1	0	-1	0	34	31	0	-1	0	47	-1	31
c19488	9	0	0	-1	37	-1	0	-1	-1	-1	21	31	0	-1	26	43	-1	49	0	31	0	0	0	-1	-1	0	0	0	-1	31
c19502	49	0	21	-1	0	45	-1	-1	0	-1	-1	-1	-1	31	0	-1	-1	0	49	0	0	24	-1	0	-1	0	-1	9	0	31
c19512	-1	0	22	10	31	0	0	-1	31	0	0	31	0	-1	46	43	34	0	0	-1	-1	0	46	9	-1	-1	0	0	40	31
c19526	33	9	-1	41	-1	-1	0	-1	0	-1	26	31	-1	-1	48	43	-1	0	16	0	0	-1	34	31	0	-1	24	0	-1	31
c19541	15	0	10	-1	0	0	0	-1	0	0	0	0	0	0	6	18	-1	0	-1	0	-1	36	0	38	20	0	8	-1	44	31
c19569	33	-1	0	-1	-1	-1	0	-1	-1	-1	-1	-1	0	0	48	43	34	-1	16	0	0	-1	34	-1	0	-1	0	-1	-1	31
c19584	0	0	0	-1	0	0	0	0	-1	29	21	0	0	20	-1	0	0	0	-1	-1	0	-1	0	-1	0	0	-1	0	23	31
c19596	49	0	-1	0	0	0	0	-1	46	-1	0	-1	4	0	0	43	34	0	0	0	0	0	-1	-1	24	0	-1	0	0	31
c19610	49	45	0	-1	0	0	0	-1	35	-1	-1	31	0	0	0	43	34	-1	31	-1	31	-1	-1	0	0	-1	-1	0	-1	31
c19616	-1	-1	0	15	0	43	4	0	34	0	-1	15	0	0	18	0	0	34	0	0	0	0	0	11	0	9	0	0	34	31
c19619	0	31	16	-1	0	0	0	-1	-1	-1	21	-1	0	-1	0	0	0	0	-1	-1	36	-1	49	0	-1	0	-1	-1	-1	31
c19628	0	-1	9	0	-1	43	4	0	-1	0	0	-1	-1	0	-1	0	0	47	-1	-1	0	0	46	0	0	0	31	-1	0	-1
c19629	0	0	9	0	-1	43	4	0	0	0	-1	15	-1	0	0	0	0	47	0	0	0	0	46	-1	0	0	31	0	0	31
c19631	24	0	-1	0	0	0	-1	-1	0	-1	-1	31	-1	0	-1	-1	34	35	-1	0	0	-1	0	0	0	46	0	0	29	31
c19636	-1	9	0	21	33	-1	-1	-1	-1	-1	26	31	0	0	48	43	34	0	0	-1	30	0	0	0	0	0	0	24	0	31
c19637	33	-1	0	21	0	0	-1	-1	-1	-1	26	31	0	0	48	43	-1	0	0	0	30	0	0	0	0	0	0	-1	-1	31
c19658	0	0	0	24	0	33	4	0	0	0	7	0	12	-1	-1	46	46	-1	0	0	0	0	10	0	0	0	0	0	-1	31
c19671	33	34	-1	0	0	0	6	-1	45	-1	0	0	-1	49	6	0	0	0	-1	0	-1	36	-1	0	0	0	0	9	0	31
c19683	-1	0	33	0	-1	0	4	48	-1	0	29	37	0	-1	0	45	0	0	-1	0	-1	21	16	0	0	0	-1	45	-1	31
c19708	0	-1	-1	0	0	24	9	-1	34	33	0	-1	0	0	26	43	0	-1	31	-1	39	0	11	18	-1	0	0	34	0	31
c19717	29	0	6	0	0	24	0	-1	34	-1	0	31	0	0	0	43	0	0	0	31	0	31	0	0	-1	0	-1	0	49	31
c19743	-1	0	49	0	-1	43	4	0	0	0	0	15	0	24	0	0	0	0	0	0	4	0	-1	0	-1	-1	0	46	0	31
c19768	49	0	-1	0	-1	0	0	-1	46	-1	-1	31	4	-1	0	43	34	0	0	0	0	0	12	0	24	0	-1	0	-1	31
c19770	15	0	0	-1	-1	0	31	-1	0	0	0	0	31	0	-1	0	0	0	0	-1	0	-1	-1	-1	0	0	23	21	37	31
c19773	0	0	0	-1	-1	0	0	-1	-1	0	21	-1	40	-1	0	33	0	0	31	0	0	26	31	49	0	0	-1	0	23	31
c19778	49	0	0	-1	0	0	0	-1	0	-1	31	31	0	0	0	-1	34	0	-1	-1	-1	45	0	0	-1	0	26	26	0	-1
c19783	-1	34	0	37	31	0	0	-1	0	23	4	31	0	0	-1	43	34	0	0	0	0	0	46	9	31	0	0	0	40	31
c19786	49	-1	0	-1	0	26	24	-1	0	-1	0	31	46	-1	0	-1	34	0	49	-1	0	0	0	0	24	35	0	0	0	31
c19812	49	2	0	0	0	-1	-1	-1	0	-1	0	31	0	0	-1	43	34	0	49	0	12	-1	0	0	24	31	-1	31	-1	31
c19813	49	2	0	0	0	-1	0	-1	0	-1	0	31	0	0	-1	43	-1	0	-1	0	12	-1	0	0	24	0	-1	31	0	-1
c19815	0	46	0	-1	-1	31	-1	-1	0	-1	-1	31	11	6	48	43	-1	0	0	-1	0	0	0	45	0	31	0	-1	29	31
c19823	0	-1	0	-1	0	-1	0	-1	0	0	0	-1	-1	0	46	-1	-1	-1	31	0	0	0	0	-1	0	22	16	0	-1	31
c19844	-1	0	0	0	0	0	0	-1	-1	-1	-1	0	46	0	0	-1	0	0	31	-1	0	-1	37	0	0	0	0	-1	23	31
c19855	0	0	0	0	0	-1	-1	-1	0	-1	0	31	11	0	48	43	-1	0	31	0	0	0	37	0	38	46	0	-1	29	31
c19862	-1	-1	0	0	0	43	4	0	31	0	-1	15	0	-1	0	47	0	0	47	0	0	0	20	0	0	0	0	0	0	31
c19864	0	0	0	0	0	24	0	-1	34	0	45	-1	0	-1	0	43	0	0	0	37	-1	0	0	0	0	-1	-1	0	-1	-1
c19866	49	-1	0	0	18	-1	46	-1	-1	-1	0	31	-1	0	0	-1	34	-1	-1	0	-1	0	0	0	0	15	0	0	-1	31
c19880	0	6	0	0	0	0	0	0	-1	-1	21	-1	0	0	45	0	0	0	31	0	0	-1	-1	9	-1	-1	0	0	23	-1
c19922	0	10	0	0	-1	-1	0	-1	34	0	11	31	0	0	0	43	0	0	-1	31	0	31	0	0	-1	-1	0	0	0	31
c19923	0	10	0	0	-1	24	0	-1	34	0	11	31	0	0	0	43	0	0	-1	31	0	31	0	0	-1	0	0	0	-1	31
c19935	15	-1	0	-1	0	0	0	-1	-1	29	-1	-1	0	20	6	0	0	0	31	0	0	-1	0	0	-1	12	-1	0	23	-1
c19963	31	10	0	0	0	43	-1	0	-1	31	-1	15	0	0	0	-1	0	0	-1	0	31	0	0	-1	-1	0	-1	-1	0	31
c19968	0	0	0	-1	0	31	0	0	-1	29	21	0	0	-1	0	0	26	0	-1	-1	0	-1	0	0	-1	0	-1	0	23	31
c19998	33	9	0	21	0	0	0	-1	0	-1	26	-1	0	0	48	43	34	0	0	0	30	-1	-1	21	0	0	0	24	21	31
c20000	49	0	-1	-1	-1	0	-1	-1	0	-1	0	31	46	31	-1	-1	34	46	49	0	0	-1	0	0	24	-1	0	0	-1	31
c20030	-1	0	35	0	48	0	31	-1	-1	0	-1	0	0	0	6	0	-1	0	0	0	0	36	0	16	0	11	0	0	35	31
c20032	49	0	0	0	0	-1	31	-1	-1	-1	0	31	0	0	-1	43	-1	0	49	-1	-1	0	0	0	24	0	0	10	0	31
c20056	0	0	0	-1	0	0	-1	-1	0	-1	0	31	11	0	-1	43	34	0	0	33	15	0	28	0	-1	46	0	0	-1	31
c20060	49	0	13	0	0	0	-1	-1	0	-1	0	-1	46	-1	-1	43	34	0	49	0	-1	-1	0	0	24	0	0	-1	0	31
c20061	49	0	13	0	0	48	-1	-1	0	-1	0	31	46	-1	-1	43	34	0	49	0	0	24	0	-1	24	0	0	-1	0	31
c20066	0	0	-1	0	7	43	-1	0	0	0	0	15	0	-1	0	0	0	0	0	0	4	0	48	0	6	0	0	46	12	31
c20078	0	0	0	0	0	24	0	-1	34	-1	-1	31	-1	0	0	43	31	0	-1	31	0	31	-1	36	-1	43	0	0	0	31
c20085	49	0	31	-1	31	0	0	-1	0	-1	0	31	-1	0	0	43	34	31	-1	0	0	0	0	-1	0	0	0	0	0	31
c20091	0	0	0	-1	0	0	0	-1	-1	0	-1	0	0	-1	-1	0	0	23	31	0	-1	0	26	0	-1	0	33	0	31	31
c20102	0	31	31	0	0	31	-1	-1	0	-1	0	31	11	0	48	-1	34	0	0	0	0	0	0	0	0	0	0	46	29	31
c20107	49	0	0	0	4	-1	0	-1	0	-1	0	31	-1	0	9	43	34	0	49	-1	12	0	0	0	-1	-1	0	0	0	31
c20137	-1	0	0	0	20	36	4	0	-1	-1	7	49	0	48	-1	46	0	0	0	0	0	39	10	45	-1	0	0	0	26	31
c20146	-1	0	24	-1	0	33	-1	-1	0	0	0	0	0	-1	6	0	45	-1	-1	0	0	36	0	16	0	11	0	0	0	31
c20147	-1	0	24	31	0	33	0	-1	0	-1	0	0	0	0	-1	0	45	0	0	0	0	-1	-1	16	0	11	0	0	-1	31
c20148	-1	-1	0	0	3	-1	0	-1	0	-1	0	0	-1	0	6	0	0	0	-1	0	0	36	26	16	-1	11	-1	-1	0	31
c20160	30	0	-1	35	0	-1	-1	0	-1	0	21	0	0	0	4	0	0	46	31	-1	0	0	0	0	0	0	9	11	23	31
c20173	-1	0	0	-1	0	-1	0	0	-1	24	-1	-1	46	20	0	0	0	7	31	0	0	-1	-1	0	9	-1	0	30	23	31
c20184	49	0	0	0	0	-1	0	-1	0	-1	0	31	-1	0	-1	-1	34	0	49	-1	-1	0	0	0	-1	0	0	0	0	31
c20186	0	0	0	0	0	24	0	-1	34	0	0	31	0	0	-1	43	0	8	-1	0	0	0	30	0	-1	0	0	0	0	31
c20187	0	0	0	0	-1	24	0	-1	34	-1	-1	-1	0	0	4	-1	0	-1	-1	-1	0	0	30	0	-1	0	0	0	-1	31
c20197	0	0	0	0	0	-1	45	-1	-1	0	0	-1	-1	-1	6	-1	0	0	31	0	-1	-1	-1	-1	0	0	33	-1	0	31
c20208	-1	0	26	26	-1	31	0	0	-1	42	-1	0	0	0	-1	10	0	-1	-1	0	0	0	0	0	0	31	18	-1	-1	31
c20212	33	34	-1	0	46	0	6	-1	45	0	0	0	0	0	6	-1	0	0	-1	0	0	36	0	-1	-1	0	0	-1	0	31
c20213	-1	34	-1	0	46	0	6	-1	45	0	0	0	0	-1	6	0	0	0	0	0	0	36	0	-1	0	0	0	0	0	31
c20217	0	0	31	0	47	22	-1	-1	36	-1	0	31	11	0	48	-1	34	-1	35	0	24	0	0	0	0	46	-1	0	-1	31
c20220	49	0	0	-1	0	0	0	-1	35	-1	0	-1	0	-1	0	43	34	0	31	0	0	0	-1	0	-1	0	0	0	0	31
c20228	31	0	0	0	0	43	4	0	31	0	0	15	-1	0	0	47	0	-1	-1	0	0	-1	20	0	0	0	0	0	0	31
c20229	31	0	0	0	0	-1	4	-1	-1	-1	0	-1	-1	0	0	47	0	0	47	-1	0	0	20	0	0	0	0	0	-1	31
c20236	34	31	46	33	0	0	0	-1	0	-1	24	31	0	0	0	43	34	-1	0	31	45	0	-1	-1	0	0	0	0	-1	31
c20270	49	48	0	0	0	0	0	-1	43	-1	0	31	-1	0	0	-1	34	0	31	0	0	0	0	0	0	-1	0	0	0	31
c20307	0	0	0	0	45	43	4	0	0	0	0	15	-1	9	33	-1	-1	31	-1	0	-1	-1	0	-1	16	4	-1	11	39	31
c20310	0	0	-1	0	7	43	-1	0	0	0	-1	15	0	-1	0	0	0	0	-1	0	4	0	0	0	6	0	0	-1	0	31
c20312	-1	0	0	0	0	0	24	0	-1	0	-1	0	0	0	46	0	-1	-1	-1	0	0	0	0	0	0	34	0	-1	23	31
c20325	0	0	-1	0	0	0	0	-1	-1	46	0	-1	0	45	-1	0	19	-1	31	0	0	0	-1	0	-1	0	30	-1	12	31
c20328	0	0	0	0	0	45	4	0	-1	28	0	37	38	0	-1	33	6	0	31	0	0	21	9	0	0	31	21	45	-1	31
c20337	0	0	-1	0	0	24	15	-1	-1	0	-1	31	0	0	0	43	0	0	0	31	0	0	34	18	0	0	-1	-1	0	31
c20341	0	0	0	0	-1	24	0	-1	34	26	-1	31	35	0	0	43	0	31	0	0	22	-1	0	18	33	0	0	0	0	-1
c20366	-1	0	0	0	0	31	4	0	-1	-1	0	37	0	0	0	0	0	0	31	-1	0	-1	31	0	0	0	0	45	-1	31
c20428	-1	0	0	0	0	-1	-1	0	0	37	31	15	0	0	0	-1	0	-1	47	7	-1	0	-1	0	0	36	0	24	-1	31
c20437	-1	33	0	0	31	-1	0	-1	0	24	31	31	24	0	0	-1	34	-1	0	-1	48	0	46	9	0	0	46	49	40	31
c20456	0	0	0	0	-1	43	4	0	0	-1	-1	15	31	-1	0	0	33	0	47	0	47	0	0	33	0	0	0	0	0	31
c20457	0	0	0	0	-1	43	4	-1	0	0	0	15	31	0	-1	0	33	0	47	0	47	0	-1	33	0	0	0	0	0	31
c20471	33	9	0	0	0	24	50	-1	45	0	0	-1	35	0	6	0	0	0	-1	0	0	36	0	-1	0	-1	16	0	0	31
c20488	0	33	34	0	0	0	-1	0	-1	0	21	0	0	-1	0	-1	0	0	31	-1	20	26	0	0	0	16	26	-1	-1	31
c20504	33	34	-1	0	-1	0	6	-1	45	0	0	0	0	0	6	0	0	0	0	0	48	36	0	-1	0	0	0	-1	0	31
c20505	33	34	-1	0	46	0	6	-1	-1	-1	0	0	0	0	6	0	0	-1	0	0	48	36	0	0	0	-1	0	0	0	31
c20536	-1	35	0	-1	-1	0	24	-1	0	-1	-1	31	-1	-1	-1	43	34	0	49	-1	0	31	4	0	24	0	0	0	31	31
c20537	49	35	0	0	-1	0	24	-1	0	-1	0	31	-1	0	0	43	34	0	49	0	0	0	-1	0	24	0	0	0	31	31
c20551	15	0	0	-1	0	0	0	-1	-1	-1	0	0	31	31	6	36	0	-1	0	0	0	36	0	38	0	0	23	18	37	-1
c20581	0	21	0	0	0	-1	0	0	-1	-1	-1	4	-1	-1	0	23	45	-1	31	43	3	21	7	-1	0	0	-1	-1	24	31
c20600	46	0	-1	31	0	24	-1	-1	34	0	0	31	0	0	0	43	-1	0	0	31	0	31	-1	0	-1	0	49	0	0	31
c20614	11	30	0	0	-1	-1	0	0	-1	0	10	0	0	26	0	0	48	-1	-1	0	0	0	26	0	46	30	-1	-1	0	31
c20636	0	24	8	0	10	43	4	0	45	0	-1	15	0	-1	0	31	0	0	31	0	-1	0	0	31	0	0	31	0	0	31
c20655	0	0	0	0	-1	24	0	-1	34	0	45	31	0	-1	0	43	0	0	11	37	-1	30	-1	-1	0	0	0	30	0	31
c20656	0	0	-1	0	0	31	-1	-1	-1	-1	0	31	11	0	48	43	-1	0	0	0	18	-1	-1	-1	-1	0	-1	-1	29	31
c20666	31	0	0	-1	0	43	4	0	0	31	-1	15	0	-1	0	-1	0	34	47	0	31	-1	0	0	-1	-1	0	0	42	31
c20681	0	20	-1	0	0	43	4	0	-1	24	-1	15	15	34	34	-1	47	-1	31	-1	0	-1	-1	38	0	0	31	-1	0	31
c20689	31	0	11	0	0	43	4	0	-1	-1	-1	15	0	0	0	0	0	0	-1	0	31	0	0	0	0	0	-1	-1	0	-1
c20699	0	0	21	6	0	-1	4	0	41	0	0	15	0	-1	-1	45	43	0	0	0	0	0	-1	0	0	-1	-1	0	0	31
c20726	0	-1	0	-1	31	31	4	0	-1	45	0	37	0	-1	-1	0	0	15	31	0	0	21	0	0	0	0	0	45	-1	31
c20732	-1	31	0	0	18	0	-1	-1	3	-1	0	31	0	-1	0	43	34	-1	45	0	0	-1	0	0	-1	31	0	23	0	31
c20748	0	0	-1	-1	0	36	4	0	-1	35	7	49	0	48	0	46	0	0	0	-1	0	39	-1	45	-1	0	-1	-1	0	-1
c20764	0	0	0	-1	-1	43	-1	0	0	9	31	15	0	0	0	9	12	23	-1	0	-1	0	0	0	0	6	0	0	0	31
c20803	-1	35	0	0	-1	0	24	-1	0	-1	0	31	-1	0	0	43	-1	0	49	0	0	0	4	0	24	0	0	-1	31	31
c20808	46	0	-1	0	-1	0	0	0	-1	0	21	15	-1	0	-1	0	0	-1	-1	0	0	-1	-1	-1	0	0	0	31	23	31
c20823	-1	0	-1	0	0	6	0	6	-1	0	0	-1	0	0	46	18	0	0	31	0	0	-1	26	-1	4	-1	33	-1	0	31
c20843	0	-1	45	-1	-1	-1	0	-1	-1	0	-1	-1	0	0	46	-1	0	-1	31	22	4	-1	-1	45	2	-1	0	0	23	31
c20868	0	0	-1	0	0	-1	-1	-1	-1	0	7	0	0	-1	0	46	-1	0	33	0	-1	-1	10	0	0	0	24	0	0	-1
c20899	-1	31	0	0	-1	-1	-1	-1	-1	-1	24	31	0	11	0	43	-1	-1	-1	-1	0	-1	0	6	0	0	16	0	0	31
c20914	0	0	0	-1	-1	43	4	0	0	0	-1	15	31	0	0	-1	33	0	47	-1	47	0	0	33	0	0	20	0	0	31
c20931	-1	-1	0	26	-1	0	0	49	-1	46	0	0	0	9	0	-1	0	21	31	0	0	0	35	0	21	10	18	-1	0	-1
c20932	-1	0	0	0	0	43	4	0	0	37	0	15	41	-1	0	0	0	-1	47	-1	31	0	0	0	0	-1	10	31	0	-1
c20934	-1	23	35	0	-1	0	0	-1	12	0	0	0	0	0	-1	-1	0	-1	0	46	0	36	0	-1	0	11	4	0	0	31
c20943	46	-1	-1	31	0	24	-1	-1	34	-1	31	31	0	0	0	43	-1	0	0	31	-1	31	0	-1	-1	0	49	-1	0	31
c20955	0	0	0	-1	0	0	20	-1	0	-1	0	-1	0	0	6	0	0	0	-1	15	0	0	0	0	0	-1	24	0	0	31
c20979	-1	0	31	0	31	-1	0	-1	0	0	50	-1	0	-1	0	43	-1	0	0	0	0	0	0	9	34	0	0	0	40	31
c20986	33	33	-1	31	0	0	10	-1	20	-1	0	0	0	-1	6	-1	0	0	0	0	0	36	0	0	37	0	29	0	9	31
c20990	49	0	-1	0	0	0	0	-1	46	-1	-1	31	-1	-1	-1	43	-1	0	0	-1	0	-1	-1	0	24	0	-1	0	-1	31
c21004	0	0	0	-1	-1	43	4	0	-1	-1	-1	15	-1	0	18	0	46	0	0	0	0	0	0	0	0	9	0	0	-1	31
c21019	49	0	0	-1	48	-1	0	-1	0	-1	0	31	-1	-1	0	43	-1	0	31	-1	31	0	0	0	0	0	0	0	37	31
c21020	-1	-1	0	-1	-1	33	0	-1	0	0	0	0	0	0	-1	-1	0	0	0	0	0	36	26	16	0	11	0	0	-1	31
c21021	-1	0	0	0	-1	33	-1	-1	0	0	0	-1	0	-1	-1	-1	0	-1	0	0	-1	36	-1	16	0	11	0	-1	0	31
c21053	-1	0	0	0	0	0	0	-1	38	-1	33	31	0	0	0	43	34	0	-1	0	0	0	0	16	0	0	24	46	0	-1
c21059	-1	0	0	31	0	0	-1	-1	-1	0	21	-1	-1	-1	0	0	45	33	-1	29	0	0	0	-1	0	0	0	0	-1	31
c21111	0	0	0	6	0	-1	-1	0	-1	0	29	37	0	0	0	0	0	0	31	0	31	21	16	-1	0	0	0	45	31	-1
c21121	0	31	18	0	26	23	0	-1	-1	0	21	0	0	0	-1	46	0	0	31	0	0	0	0	-1	-1	-1	-1	0	-1	31
c21142	0	31	0	31	26	0	0	0	-1	-1	21	0	-1	24	0	46	0	0	31	0	0	46	0	0	0	0	31	46	-1	31
c21153	33	34	-1	21	46	0	-1	-1	45	20	0	31	0	0	-1	11	0	-1	15	-1	-1	36	0	0	0	0	0	-1	0	31
c21170	49	0	0	-1	6	0	0	-1	46	-1	0	31	4	0	24	-1	34	0	0	0	0	0	0	0	24	0	-1	-1	-1	31
c21177	33	34	-1	0	9	26	-1	-1	45	0	0	-1	-1	0	6	0	-1	-1	0	33	0	36	0	0	-1	21	0	13	-1	31
c21215	-1	0	-1	0	0	-1	4	16	49	0	0	15	0	0	34	0	0	0	0	0	0	31	-1	0	0	0	-1	-1	0	-1
c21236	-1	0	0	24	-1	-1	-1	-1	0	-1	18	31	35	50	24	-1	34	-1	-1	-1	-1	0	0	0	0	0	-1	0	0	-1
c21243	0	0	0	34	0	0	4	0	0	0	-1	0	0	-1	46	46	0	0	-1	7	0	0	10	0	0	0	0	0	0	31
c21253	33	9	0	21	0	0	0	-1	0	-1	26	-1	-1	0	48	-1	34	0	-1	0	30	-1	-1	0	-1	0	-1	24	0	31
c21254	21	0	0	0	31	0	4	0	-1	-1	29	37	-1	0	0	6	-1	0	31	-1	20	21	0	0	-1	11	-1	45	0	31
c21267	31	-1	0	0	0	24	0	-1	34	0	45	31	0	0	-1	-1	0	11	0	37	0	0	15	0	0	46	-1	3	0	31
c21272	45	6	35	0	0	0	-1	-1	34	-1	0	31	48	0	0	-1	24	48	0	0	-1	34	0	35	26	0	0	-1	0	31
c21278	0	-1	-1	15	-1	43	-1	0	34	0	-1	15	-1	-1	-1	0	0	0	-1	0	31	0	0	-1	0	-1	-1	-1	34	31
c21280	0	0	0	0	0	0	41	-1	0	-1	-1	-1	35	50	-1	43	-1	-1	0	-1	-1	0	7	0	0	0	-1	0	-1	31
c21287	23	0	0	47	0	0	0	0	-1	0	26	4	38	-1	0	23	0	-1	-1	43	3	21	-1	0	0	-1	46	45	-1	31
c21300	0	0	0	-1	0	0	4	0	24	0	7	0	0	-1	0	46	0	0	0	0	0	48	10	-1	-1	21	0	0	0	31
c21308	0	-1	0	15	0	43	4	0	34	-1	-1	15	0	-1	9	0	0	0	0	0	0	0	0	0	0	0	0	0	34	31
c21334	26	-1	-1	0	-1	43	-1	6	0	49	0	15	0	0	0	-1	-1	23	49	-1	0	24	-1	-1	34	-1	0	31	-1	-1
c21338	0	-1	-1	0	0	0	-1	0	-1	0	21	0	-1	-1	0	0	0	0	-1	0	-1	26	0	-1	0	0	0	0	-1	31
c21339	0	0	0	0	0	-1	0	0	-1	0	21	-1	0	0	0	0	0	0	31	0	-1	26	-1	-1	0	0	0	0	23	-1
c21360	0	0	0	0	39	24	0	-1	34	0	0	31	0	38	26	43	0	49	0	-1	0	0	0	18	-1	22	-1	0	-1	31
c21362	49	0	0	0	31	-1	46	-1	31	-1	0	31	-1	0	0	43	34	0	31	10	0	0	0	0	30	49	34	0	0	31
c21389	0	0	-1	15	0	43	4	-1	34	-1	-1	15	0	-1	18	-1	48	34	-1	0	0	0	-1	0	0	9	-1	31	34	31
c21401	-1	9	0	41	-1	0	0	-1	0	-1	26	31	0	0	48	43	34	0	16	0	0	0	34	31	0	-1	45	0	-1	31
c21410	0	0	0	8	0	-1	0	-1	34	0	0	31	29	35	0	-1	0	-1	0	31	0	-1	0	0	-1	3	0	0	0	-1
c21428	-1	-1	0	0	0	43	4	16	-1	0	11	15	31	0	34	0	0	0	0	0	0	0	-1	0	0	0	-1	0	0	31
c21439	-1	-1	0	0	0	24	0	-1	34	0	0	31	0	0	0	43	0	26	1	31	0	31	0	-1	-1	-1	0	0	-1	31
c21459	0	0	0	0	0	-1	4	0	-1	0	29	37	0	0	-1	0	0	0	31	0	31	21	16	45	-1	0	0	45	4	31
c21460	49	0	-1	0	0	0	0	-1	46	-1	0	31	-1	0	0	43	34	0	0	18	0	0	-1	3	24	0	-1	0	-1	31
c21466	-1	33	0	0	31	0	0	-1	0	0	-1	31	24	-1	0	-1	34	-1	0	0	0	4	46	9	0	0	46	49	40	-1
c21467	-1	33	-1	0	31	-1	0	-1	47	0	31	31	24	0	0	-1	34	-1	0	-1	0	0	46	9	0	0	46	-1	40	31
c21492	49	6	-1	0	0	0	-1	-1	0	-1	0	31	46	31	0	43	34	0	49	0	0	-1	-1	0	24	0	-1	-1	-1	31
c21524	0	0	-1	0	20	-1	0	0	-1	-1	21	0	46	20	0	0	0	-1	31	-1	0	0	37	0	-1	0	0	30	23	31
c21530	33	0	0	0	36	48	0	-1	0	0	0	0	-1	0	-1	-1	-1	0	0	10	-1	-1	0	41	0	0	29	0	9	31
c21545	-1	0	0	0	0	-1	50	-1	-1	-1	-1	-1	-1	0	31	-1	34	-1	24	0	12	9	0	0	-1	0	-1	21	0	-1
c21560	0	0	-1	0	0	0	0	0	-1	24	-1	-1	46	0	0	0	0	0	31	0	0	0	37	0	-1	0	0	30	23	31
c21562	49	0	0	0	0	26	24	-1	0	-1	0	31	46	-1	0	-1	34	0	49	-1	0	-1	0	0	24	0	10	0	0	31
c21563	-1	-1	0	-1	-1	-1	24	-1	-1	-1	-1	31	46	31	0	43	34	0	49	43	0	-1	-1	0	24	0	10	0	0	31
c21564	-1	0	0	0	29	0	46	-1	-1	-1	-1	31	0	0	0	43	-1	-1	31	19	0	0	0	-1	-1	0	8	0	28	31
c21605	0	0	0	0	0	-1	4	0	24	-1	0	15	0	0	29	0	33	0	-1	-1	0	-1	0	-1	0	0	0	-1	0	31
c21607	0	0	-1	0	0	0	-1	-1	-1	0	0	9	0	0	0	0	0	0	31	0	-1	-1	33	0	23	0	0	-1	12	31
c21609	-1	0	0	31	20	-1	0	0	-1	0	0	-1	0	0	0	0	0	0	31	0	0	0	26	-1	0	-1	-1	0	0	31
c21620	0	0	-1	0	0	-1	4	-1	-1	0	29	-1	0	0	0	0	0	0	31	-1	31	21	16	0	-1	0	0	45	0	31
c21625	-1	-1	0	26	0	0	0	9	-1	-1	31	0	0	0	0	10	0	0	-1	0	0	0	3	0	0	31	18	21	0	31
c21631	0	0	0	0	20	21	0	0	-1	24	36	-1	3	0	-1	-1	0	0	31	0	0	0	-1	0	0	-1	-1	0	0	31
c21637	-1	0	0	0	0	0	0	-1	-1	0	21	0	0	-1	-1	0	38	-1	31	0	45	-1	0	0	-1	0	0	24	23	31
c21661	-1	0	10	0	0	-1	0	-1	0	0	23	20	0	0	-1	18	0	-1	9	0	0	36	31	38	0	0	0	0	0	31
c21672	0	0	0	0	0	-1	-1	-1	-1	-1	0	31	11	0	48	43	-1	0	-1	0	-1	-1	0	0	0	-1	0	-1	29	31
c21678	33	0	0	9	0	0	0	-1	45	0	0	0	35	0	6	0	0	-1	0	49	0	36	34	34	0	0	-1	0	-1	31
c21693	15	0	0	-1	0	0	0	-1	34	0	-1	0	0	-1	6	18	0	0	0	0	46	36	0	38	0	-1	-1	0	43	31
c21719	33	-1	0	6	-1	0	-1	-1	0	-1	26	31	-1	0	48	-1	34	-1	0	0	0	0	34	-1	-1	-1	0	0	0	31
c21724	0	0	0	-1	-1	0	0	-1	0	0	0	31	0	0	46	-1	34	22	0	48	0	0	-1	-1	0	-1	-1	6	35	31
c21763	0	0	0	0	0	-1	0	0	-1	0	21	0	21	0	11	0	-1	0	31	46	0	26	0	0	10	0	-1	0	23	31
c21774	0	0	0	0	-1	31	-1	-1	-1	-1	0	31	11	0	48	43	34	-1	20	0	0	0	0	0	0	0	-1	46	29	31
c21782	49	24	0	0	0	26	24	-1	-1	-1	-1	31	46	31	0	43	-1	0	-1	43	0	-1	-1	0	-1	0	0	0	-1	-1
c21783	49	24	0	0	0	26	24	-1	0	-1	0	31	46	31	-1	-1	-1	0	49	43	-1	0	0	0	24	0	-1	0	-1	-1
c21798	30	0	-1	0	0	0	-1	-1	-1	0	21	-1	-1	0	-1	-1	0	46	31	0	-1	0	-1	31	-1	0	9	11	23	31
c21832	49	0	13	0	0	0	-1	-1	0	-1	0	31	46	31	9	-1	34	0	49	0	0	-1	0	0	24	0	0	0	0	31
c21833	-1	0	13	0	-1	0	-1	-1	0	-1	0	31	46	31	-1	43	34	24	49	0	0	24	0	0	24	0	0	0	0	31
c21851	0	0	38	0	-1	43	-1	0	0	49	0	15	0	0	0	0	0	23	0	0	0	0	-1	0	-1	0	0	46	-1	31
c21867	0	-1	0	-1	0	-1	0	0	-1	29	21	0	0	33	0	0	-1	24	-1	0	-1	-1	0	0	0	0	-1	0	-1	31
c21872	0	24	-1	0	0	-1	4	0	0	0	0	-1	0	0	0	31	0	0	31	0	0	0	0	0	-1	-1	-1	0	-1	31
c21899	33	-1	0	0	0	0	0	-1	0	-1	26	31	-1	0	-1	-1	-1	0	16	-1	24	0	34	31	0	0	0	0	0	-1
c21912	-1	0	0	24	21	6	0	-1	0	-1	18	31	35	50	24	43	34	0	0	0	0	0	0	0	-1	0	-1	0	-1	31
c21927	0	45	24	6	0	-1	4	21	-1	0	9	37	-1	28	0	0	0	0	-1	0	0	21	-1	-1	0	0	21	45	-1	31
c21931	-1	0	0	0	0	0	0	-1	0	-1	0	-1	0	0	0	43	-1	3	31	0	-1	-1	0	0	0	0	0	0	-1	31
c21950	-1	0	0	0	-1	0	0	0	-1	47	21	0	-1	0	0	0	0	0	31	46	0	26	0	0	-1	0	0	0	23	31
c21973	22	0	0	0	0	0	0	-1	-1	47	21	0	0	-1	0	0	0	0	31	-1	0	26	0	10	0	0	0	0	23	31
c21987	0	0	0	0	-1	0	0	-1	36	-1	-1	31	35	50	0	-1	34	-1	15	0	9	0	-1	11	0	0	22	0	-1	31
c21998	31	0	0	-1	0	43	4	0	31	0	0	-1	0	0	0	47	0	0	47	9	0	0	0	0	21	0	0	0	0	31
c22011	-1	18	0	0	48	0	-1	-1	-1	0	0	34	0	0	0	24	0	-1	-1	-1	0	21	0	0	-1	0	0	45	0	31
c22024	0	-1	0	0	0	43	4	0	-1	0	0	15	0	0	0	0	0	0	0	0	-1	18	-1	0	0	0	0	46	-1	31
c22028	0	0	-1	0	11	43	4	-1	0	0	0	15	-1	0	0	0	16	47	-1	0	0	0	0	4	0	0	-1	0	0	-1
c22032	0	0	0	0	0	0	0	-1	-1	41	21	6	45	0	0	0	-1	0	31	0	0	26	0	0	0	0	31	0	-1	-1
c22070	-1	-1	0	-1	6	0	0	-1	46	-1	0	31	-1	0	24	43	34	0	-1	0	-1	0	-1	-1	24	0	-1	-1	-1	-1
c22080	15	0	10	-1	0	0	0	-1	0	0	0	0	0	0	6	18	0	-1	-1	-1	0	36	0	38	20	-1	-1	0	0	-1
c22081	15	0	10	0	0	-1	0	-1	0	0	0	-1	-1	-1	6	18	0	-1	0	0	-1	36	0	38	-1	0	-1	0	0	31
c22084	0	0	0	-1	0	-1	-1	-1	38	0	-1	15	0	-1	0	0	26	0	-1	0	0	0	33	0	-1	0	0	0	22	31
c22085	0	-1	0	0	0	-1	4	0	0	18	-1	15	0	20	0	0	-1	-1	-1	0	0	0	33	0	0	0	0	0	22	31
c22097	0	-1	-1	-1	0	-1	-1	0	-1	29	-1	-1	-1	0	0	-1	0	0	31	24	0	-1	26	-1	31	0	0	0	23	31
c22108	-1	0	0	0	-1	0	0	-1	45	-1	0	0	0	-1	6	0	-1	31	-1	-1	-1	36	0	-1	0	0	0	0	15	-1
c22112	-1	0	-1	-1	0	26	24	-1	0	-1	0	31	46	31	0	43	34	0	49	43	-1	0	-1	0	24	35	0	0	29	31
c22113	49	0	-1	0	0	26	24	-1	0	-1	0	31	46	31	0	43	-1	0	49	43	-1	0	0	0	24	35	0	0	0	31
c22122	0	0	31	0	0	-1	0	-1	0	0	0	31	0	0	46	43	34	0	-1	0	0	44	0	-1	31	0	0	0	0	31
c22127	-1	-1	-1	0	31	0	0	-1	-1	-1	0	31	24	9	0	43	34	0	0	-1	0	0	46	9	0	0	46	49	-1	31
c22139	-1	0	0	0	31	0	0	0	-1	47	21	15	0	-1	0	0	-1	0	31	46	0	26	11	0	0	-1	0	0	23	31
c22144	-1	0	-1	0	0	37	0	-1	-1	0	-1	0	0	0	0	0	0	0	31	-1	0	-1	26	0	0	0	-1	0	0	-1
c22154	0	-1	35	0	0	-1	31	-1	4	0	0	0	15	19	6	0	0	0	0	-1	0	36	0	-1	0	11	0	-1	0	31
c22155	-1	-1	35	-1	0	0	31	-1	0	0	0	-1	15	19	6	0	0	0	0	0	0	-1	-1	16	0	11	-1	-1	0	31
c22168	49	-1	0	0	0	26	24	-1	0	-1	21	-1	46	-1	0	-1	34	0	49	-1	0	0	0	0	24	35	0	0	0	31
c22169	49	0	0	0	0	26	24	-1	-1	-1	0	31	46	31	0	43	34	0	49	43	0	-1	-1	0	24	35	-1	0	0	31
c22173	33	0	-1	-1	0	-1	-1	-1	-1	-1	0	0	0	0	6	0	18	38	-1	0	0	-1	0	35	0	-1	0	0	0	31
c22190	0	0	0	24	0	0	-1	34	0	0	-1	34	31	0	0	46	0	0	-1	0	0	0	-1	0	0	0	0	-1	0	31
c22198	0	0	0	33	0	24	0	-1	0	-1	0	31	0	0	-1	43	34	33	-1	0	0	-1	0	0	0	29	0	0	0	31
c22208	46	-1	-1	-1	0	31	4	0	-1	0	0	-1	-1	-1	0	0	0	0	31	0	42	21	0	0	0	25	0	45	-1	31
c22251	0	0	0	4	0	0	6	-1	-1	-1	21	-1	0	0	9	-1	15	0	31	0	0	26	0	0	0	0	0	-1	23	31
c22270	0	0	0	0	0	0	-1	-1	0	-1	0	-1	35	-1	-1	43	34	0	-1	-1	0	0	7	0	35	-1	0	20	0	31
c22284	30	30	33	0	0	47	0	35	-1	0	-1	0	0	0	9	20	0	0	31	-1	0	0	0	0	0	0	9	11	23	31
c22289	-1	46	0	0	0	31	-1	-1	0	-1	0	-1	11	-1	48	43	-1	0	36	0	0	0	24	24	0	31	0	46	29	31
c22291	49	-1	11	29	31	0	0	-1	-1	-1	0	31	0	0	0	43	34	0	31	0	0	0	0	0	0	0	46	0	-1	31
c22305	-1	-1	31	0	0	0	0	-1	-1	0	0	31	0	0	46	43	34	0	0	0	0	44	0	0	31	0	0	-1	20	31
c22309	0	-1	-1	0	-1	0	-1	0	-1	0	21	-1	0	0	-1	0	-1	-1	31	0	0	26	-1	0	0	0	23	0	23	31
c22313	0	0	0	-1	0	-1	0	-1	34	0	0	31	0	-1	-1	43	0	0	0	31	-1	-1	0	0	-1	-1	-1	21	-1	31
c22328	33	9	0	0	0	0	0	-1	0	-1	-1	-1	0	0	-1	43	34	0	16	-1	0	4	34	-1	0	0	0	-1	0	31
c22340	34	34	20	0	0	0	0	-1	17	-1	24	-1	0	39	0	43	34	0	0	0	45	-1	-1	0	0	0	0	0	0	-1
c22361	0	33	0	0	0	0	0	0	-1	0	21	-1	0	-1	0	0	0	-1	31	-1	-1	26	0	0	0	-1	31	-1	23	31
c22373	0	0	0	0	-1	0	0	-1	36	-1	0	31	35	-1	0	-1	34	0	15	-1	0	0	-1	-1	0	0	0	-1	0	-1
c22398	-1	-1	0	-1	0	0	0	-1	-1	28	0	26	16	0	6	31	0	0	33	0	0	36	0	0	28	11	10	0	-1	31
c22415	47	0	0	0	-1	0	-1	0	-1	0	21	0	0	-1	0	-1	0	8	-1	0	-1	-1	-1	0	-1	0	35	0	23	31
c22437	0	0	0	0	0	0	4	-1	-1	0	29	37	0	-1	0	0	-1	0	31	-1	20	21	-1	0	0	0	24	45	-1	31
c22445	46	0	-1	0	0	31	0	-1	0	31	0	0	0	-1	6	-1	0	0	0	-1	0	36	0	-1	31	11	31	0	0	31
c22484	33	-1	0	-1	-1	0	0	-1	0	-1	26	31	0	0	-1	43	-1	0	0	0	30	-1	-1	36	0	0	-1	-1	0	31
c22517	15	0	0	0	-1	0	0	-1	0	0	0	-1	31	0	6	0	0	0	0	47	0	36	0	-1	0	0	23	0	37	31
c22518	-1	45	0	0	31	-1	0	-1	37	0	37	31	0	9	0	43	34	0	9	0	0	47	46	9	0	0	0	0	40	31
c22527	0	35	0	0	20	24	0	0	-1	0	36	0	0	-1	0	0	33	0	-1	-1	0	0	26	7	-1	0	0	0	-1	31
c22547	49	2	0	0	0	-1	0	-1	0	-1	0	31	0	0	-1	43	-1	0	49	0	12	-1	0	0	24	0	-1	31	-1	31
c22554	-1	0	0	-1	30	-1	0	-1	45	0	0	0	35	26	6	0	0	0	0	0	0	36	0	-1	9	0	16	0	-1	31
c22563	0	0	21	6	0	-1	-1	0	-1	0	0	15	-1	-1	9	45	43	0	0	0	0	-1	9	0	0	0	-1	0	-1	31
c22615	31	0	0	0	0	43	4	0	34	0	-1	15	-1	-1	0	45	0	0	-1	-1	-1	0	-1	0	0	0	11	31	0	31
c22617	-1	-1	0	0	0	31	4	0	-1	45	7	37	0	0	0	-1	0	0	31	0	0	21	-1	0	0	-1	-1	45	0	31
c22634	0	0	0	0	0	45	-1	0	-1	0	0	37	11	0	35	0	0	0	-1	0	0	21	9	-1	0	0	0	45	0	31
c22635	0	0	0	0	0	45	4	0	-1	0	0	37	11	0	35	0	0	0	31	0	0	21	9	0	0	0	-1	45	0	31
c22664	0	34	-1	0	-1	-1	4	-1	-1	45	0	-1	0	-1	46	-1	0	0	-1	30	-1	21	0	0	0	0	0	-1	23	31
c22665	0	34	-1	0	0	31	4	0	-1	45	-1	37	0	0	46	-1	0	0	-1	-1	0	21	0	-1	0	0	0	-1	23	31
c22673	33	9	0	0	-1	-1	0	-1	0	-1	-1	31	0	0	48	43	34	-1	0	-1	-1	0	34	0	0	0	0	0	0	31
c22684	33	-1	-1	21	34	0	0	-1	-1	-1	26	-1	0	4	48	43	-1	0	-1	-1	-1	-1	-1	21	-1	0	0	24	-1	31
c22714	0	0	0	15	0	-1	4	0	34	-1	-1	15	0	0	9	45	-1	0	0	31	0	-1	0	0	0	0	0	0	34	-1
c22715	0	0	0	15	0	43	4	0	34	-1	-1	15	0	0	9	45	0	0	0	31	-1	0	-1	0	0	0	0	0	34	-1
c22731	0	0	0	-1	0	0	-1	0	-1	18	21	0	0	0	-1	0	38	-1	31	0	45	-1	0	0	0	0	49	24	23	31
c22742	0	0	0	0	0	21	0	-1	0	-1	-1	31	0	-1	46	43	34	0	-1	0	24	0	0	9	0	22	46	0	-1	31
c22805	49	0	35	0	31	0	-1	-1	0	-1	0	31	-1	16	0	43	34	31	49	-1	-1	0	0	0	-1	-1	15	-1	0	31
c22828	0	0	0	0	0	24	0	-1	34	0	-1	31	-1	0	0	-1	0	0	-1	0	-1	-1	-1	0	0	0	0	0	0	31
c22848	-1	0	47	0	0	0	-1	4	-1	-1	21	0	0	0	46	0	0	0	31	22	-1	-1	16	0	2	0	0	0	23	-1
c22853	31	0	0	0	0	43	4	0	0	0	-1	-1	-1	46	0	0	-1	0	47	0	-1	0	0	0	-1	0	0	0	-1	31
c22866	33	34	-1	45	46	35	6	-1	45	0	0	0	0	0	6	-1	0	0	0	0	0	36	0	0	0	0	0	0	0	31
c22867	33	34	-1	0	46	35	-1	-1	45	-1	0	0	0	-1	-1	0	0	0	0	-1	0	36	0	0	0	0	0	0	0	31
c22902	49	8	0	0	9	0	24	-1	11	-1	0	31	-1	0	0	43	34	0	49	-1	0	0	4	0	-1	0	0	0	31	-1
c22907	-1	12	-1	-1	0	0	0	0	-1	0	21	0	0	0	0	31	0	8	31	0	0	46	0	0	0	0	35	0	-1	31
c22934	0	-1	24	0	46	31	-1	-1	0	-1	-1	31	11	0	48	43	34	0	0	0	18	-1	0	0	31	0	31	-1	-1	31
c22939	0	34	-1	0	-1	-1	-1	0	-1	-1	29	37	0	0	-1	0	0	0	31	0	-1	21	16	0	0	0	0	45	0	-1
c22952	0	0	0	0	0	-1	-1	-1	34	-1	0	-1	36	11	39	43	-1	-1	0	-1	-1	-1	0	18	0	0	0	0	-1	31
c22960	15	0	10	0	0	0	0	-1	0	-1	0	0	23	0	6	18	0	0	-1	0	0	36	0	38	20	0	0	0	-1	31
c22961	15	0	10	0	0	-1	-1	-1	0	0	0	0	23	0	6	18	0	-1	0	0	0	36	0	38	20	0	0	0	44	31
c22979	33	9	0	0	0	0	0	-1	0	-1	26	31	-1	0	48	43	34	0	16	0	0	48	34	31	0	42	0	0	-1	31
c22985	31	18	0	0	48	11	0	-1	-1	-1	0	0	0	9	0	-1	0	0	31	0	0	21	0	0	0	0	0	-1	0	31
c22996	0	0	0	-1	0	-1	0	-1	-1	45	21	-1	0	0	11	31	31	0	-1	-1	0	26	0	0	0	0	-1	28	23	31
c23029	49	0	0	-1	0	-1	31	-1	-1	-1	0	31	0	0	0	43	34	-1	49	0	0	0	0	15	24	-1	0	0	0	31
c23034	0	-1	31	0	0	24	0	-1	34	0	-1	31	45	0	0	43	0	-1	0	-1	-1	24	-1	0	0	0	-1	0	0	31
c23036	-1	9	-1	21	0	0	34	-1	0	-1	26	31	-1	-1	48	43	34	0	0	0	30	0	0	0	0	45	0	-1	0	31
c23050	0	-1	0	0	-1	-1	0	-1	-1	0	24	31	0	0	46	43	34	0	0	-1	-1	-1	-1	0	0	0	0	0	0	31
c23061	0	31	0	0	0	24	9	-1	-1	0	0	31	0	-1	-1	43	0	49	0	-1	0	0	0	18	31	0	0	0	0	31
c23068	0	0	0	0	0	0	4	-1	0	0	7	6	0	-1	0	46	0	0	33	0	0	0	10	0	-1	0	0	-1	0	31
c23071	0	31	0	33	0	0	24	-1	-1	0	0	31	0	-1	46	-1	34	0	0	0	0	-1	33	21	-1	-1	-1	0	-1	-1
c23077	33	-1	-1	-1	-1	0	6	-1	45	0	-1	0	0	0	6	0	34	0	0	-1	0	36	0	0	0	0	0	0	0	31
c23117	-1	0	0	0	0	31	0	0	-1	0	21	0	15	0	0	35	0	0	31	30	9	26	-1	0	0	0	0	0	23	31
c23123	33	46	0	15	0	43	4	0	34	0	-1	15	0	0	18	0	0	0	0	0	0	0	0	48	-1	9	0	0	34	31
c23128	6	0	0	-1	0	0	4	31	-1	0	7	-1	0	-1	0	46	0	0	0	0	0	0	10	0	0	0	0	0	5	31
c23162	0	0	0	0	0	43	-1	0	0	49	0	15	0	0	-1	0	0	-1	0	0	41	0	-1	0	34	0	0	0	46	31
c23185	-1	0	0	0	0	-1	0	-1	0	-1	0	-1	-1	-1	-1	43	-1	0	49	-1	12	-1	0	0	24	0	-1	-1	0	31
c23186	0	0	0	0	0	43	4	-1	0	0	0	15	-1	0	-1	-1	0	47	-1	0	-1	0	0	-1	0	0	31	0	0	-1
c23192	0	0	0	0	-1	43	4	0	0	0	31	-1	0	-1	-1	0	12	23	-1	0	0	0	0	-1	0	-1	0	-1	0	31
c23197	-1	0	0	46	38	43	4	-1	0	0	0	15	-1	0	0	0	0	23	9	0	0	0	-1	0	0	0	4	0	0	-1
c23209	-1	0	0	0	0	-1	-1	-1	0	-1	0	31	0	0	-1	43	34	0	49	0	0	0	0	15	24	38	0	0	0	31
c23210	0	0	0	-1	0	-1	0	-1	0	-1	26	31	0	18	-1	-1	34	0	10	-1	0	0	35	0	16	0	-1	0	0	31
c23211	0	0	0	-1	0	0	0	-1	0	-1	26	-1	0	18	48	-1	34	0	10	0	0	0	35	0	16	0	-1	0	0	31
c23231	0	0	-1	0	-1	24	0	-1	-1	0	0	31	0	48	4	43	0	8	-1	0	0	0	30	0	47	0	24	0	0	-1
c23234	-1	4	0	0	20	0	0	0	-1	0	0	0	0	0	22	0	0	0	31	-1	0	-1	26	0	0	23	0	-1	0	31
c23239	0	0	0	15	0	43	-1	0	34	0	-1	15	0	45	-1	-1	0	0	-1	0	0	0	0	0	0	9	0	-1	-1	31
c23245	15	-1	10	0	0	0	0	-1	0	0	0	39	0	0	-1	18	0	0	9	0	-1	36	31	38	0	34	0	0	0	31
c23247	-1	0	0	0	0	0	46	-1	0	-1	0	31	-1	0	0	-1	34	0	-1	46	4	45	15	43	0	26	31	0	0	31
c23252	-1	9	0	9	0	0	0	-1	0	-1	26	31	0	0	48	-1	-1	0	16	0	0	37	34	31	0	0	0	0	-1	31
c23261	0	9	0	0	0	0	4	45	-1	-1	7	23	0	-1	0	46	0	24	0	0	0	48	-1	0	-1	21	0	0	-1	31
c23281	0	0	15	0	-1	0	0	-1	0	31	-1	0	0	0	6	0	6	0	0	0	0	36	0	-1	46	11	0	-1	0	-1
c23295	-1	-1	0	-1	0	43	-1	0	34	-1	-1	-1	0	0	0	0	0	-1	23	-1	0	0	-1	-1	0	0	0	40	0	31
c23307	49	0	0	0	-1	0	0	-1	31	-1	31	31	46	0	48	43	34	0	-1	0	-1	0	0	0	0	-1	26	-1	0	-1
c23320	33	9	0	49	0	45	0	-1	0	-1	26	31	12	48	48	43	34	22	-1	45	-1	46	-1	0	-1	-1	-1	-1	0	-1
c23325	0	0	0	0	-1	43	4	0	0	0	-1	-1	0	0	-1	0	0	-1	0	0	4	-1	0	0	6	0	-1	46	0	31
c23329	0	0	0	0	0	0	-1	-1	30	-1	16	31	0	31	0	43	34	0	0	-1	0	9	0	-1	0	0	0	0	-1	31
c23343	-1	17	0	-1	0	-1	45	-1	0	-1	18	31	35	50	24	43	34	0	-1	0	48	0	-1	0	0	9	0	24	0	31
c23345	0	33	0	0	-1	0	0	0	-1	0	-1	-1	-1	0	24	0	0	0	31	-1	-1	26	0	0	-1	0	0	-1	23	31
c23355	-1	0	0	26	0	0	0	0	-1	46	0	0	26	9	0	0	-1	0	31	0	-1	0	35	0	0	0	18	0	0	-1
c23384	0	0	0	0	-1	24	0	-1	34	-1	0	31	0	48	-1	43	0	8	-1	0	-1	0	30	0	47	0	0	-1	0	31
c23419	0	0	0	0	-1	45	4	0	-1	0	0	37	11	31	35	0	0	0	31	0	0	21	9	-1	-1	-1	0	45	0	31
c23463	45	0	35	0	0	0	-1	-1	34	9	0	-1	48	0	0	-1	0	48	0	0	-1	34	0	-1	26	0	11	23	0	31
c23464	0	0	0	-1	16	0	0	-1	33	-1	-1	31	47	0	48	43	34	0	-1	0	0	0	35	31	0	-1	-1	-1	-1	31
c23465	0	0	0	-1	16	0	0	-1	0	-1	-1	31	47	0	48	-1	34	0	0	0	0	0	35	31	0	0	31	0	-1	31
c23469	0	0	-1	0	0	0	23	-1	45	31	0	-1	0	0	6	0	0	0	0	-1	0	36	0	0	50	11	-1	-1	0	31
c23475	0	0	11	0	-1	0	0	-1	50	0	16	31	0	-1	31	43	34	-1	0	0	0	9	0	-1	0	-1	-1	9	-1	31
c23491	33	0	22	0	0	-1	0	-1	0	0	0	0	0	-1	-1	0	0	1	0	0	0	36	0	48	0	0	29	0	9	31
c23497	0	0	0	26	0	0	38	9	-1	40	30	-1	-1	0	0	0	31	-1	31	0	0	0	23	0	28	9	-1	-1	0	31
c23503	0	0	0	-1	-1	43	4	-1	47	0	34	15	0	0	-1	0	0	15	47	31	0	-1	-1	0	-1	-1	0	0	0	31
c23517	49	0	0	-1	0	0	46	-1	-1	-1	0	31	15	-1	0	43	34	-1	-1	4	-1	-1	0	0	-1	30	0	0	28	31
c23525	0	0	0	-1	0	0	-1	0	-1	29	21	0	31	4	18	0	26	0	-1	35	30	-1	0	0	-1	0	-1	0	23	-1
c23537	0	35	0	0	0	0	0	0	-1	0	21	0	0	0	0	37	0	22	31	0	0	0	16	7	2	0	0	0	-1	31
c23540	-1	34	-1	0	9	0	6	-1	45	0	-1	46	-1	0	6	0	0	-1	0	-1	0	36	-1	0	0	-1	0	13	-1	31
c23580	11	18	-1	0	48	0	-1	-1	-1	0	0	0	6	38	0	0	-1	0	31	0	0	21	0	21	0	0	0	45	0	31
c23582	35	24	16	0	0	43	4	0	-1	-1	-1	15	0	0	0	31	0	0	31	0	-1	0	0	0	9	-1	31	-1	0	31
c23590	-1	0	0	33	0	45	4	-1	-1	0	0	37	0	0	-1	33	0	0	31	11	0	-1	9	0	0	31	33	45	0	31
c23633	0	-1	0	0	32	-1	0	-1	-1	0	-1	31	-1	0	0	9	0	0	31	-1	47	26	0	0	-1	0	0	0	23	31
c23634	0	-1	-1	0	0	-1	0	4	-1	0	21	0	0	0	46	0	0	0	-1	22	0	0	16	0	2	0	0	0	23	-1
c23639	0	0	-1	0	0	0	8	0	-1	-1	21	6	-1	0	0	31	-1	35	31	0	0	26	0	0	0	-1	0	0	-1	-1
c23640	0	0	0	0	0	0	0	-1	0	0	0	31	48	0	46	43	34	0	0	16	-1	0	0	9	0	-1	0	-1	-1	31
c23655	33	0	0	0	0	0	0	-1	31	-1	0	0	0	-1	-1	0	-1	-1	0	0	0	36	0	-1	0	0	29	0	9	31
c23674	49	0	0	0	0	0	11	-1	0	-1	31	31	0	0	0	43	34	0	31	0	0	0	0	21	-1	0	-1	-1	-1	-1
c23675	-1	0	0	0	0	-1	11	-1	0	-1	-1	31	0	0	0	43	34	0	31	0	0	0	0	21	-1	0	0	26	-1	-1
c23676	33	0	-1	0	0	3	0	-1	0	48	0	0	0	0	6	16	0	0	0	10	0	-1	0	-1	0	0	-1	-1	9	31
c23680	-1	-1	0	26	0	21	0	0	-1	42	0	0	0	0	0	10	24	0	31	0	0	0	3	0	0	31	18	21	-1	31
c23682	46	0	0	0	0	0	-1	0	-1	0	21	0	40	0	0	0	0	0	31	-1	0	26	-1	0	0	0	-1	31	23	31
c23685	0	-1	0	-1	0	43	4	0	0	0	0	15	0	31	49	0	47	-1	47	-1	0	0	0	0	0	-1	0	-1	0	31
c23697	15	0	-1	0	0	0	0	-1	0	0	0	0	0	-1	-1	18	23	0	9	0	0	36	-1	38	0	-1	-1	0	0	31
c23698	0	0	0	-1	0	-1	0	-1	-1	-1	0	31	-1	0	0	43	0	-1	-1	31	0	0	0	18	0	0	-1	0	0	31
c23722	0	45	24	-1	0	-1	4	21	-1	0	0	37	46	0	0	-1	0	0	31	0	0	21	49	0	0	0	31	45	23	31
c23729	-1	0	-1	0	48	0	0	-1	-1	0	0	0	0	10	-1	0	0	0	31	0	0	21	0	0	0	33	15	-1	0	-1
c23742	0	0	0	-1	-1	46	4	48	-1	0	29	37	0	-1	0	45	0	0	31	-1	31	-1	-1	0	0	0	0	45	0	31
c23752	0	7	0	0	0	24	0	-1	-1	0	0	31	0	0	-1	-1	0	47	31	31	-1	0	0	18	0	10	0	0	-1	31
c23754	49	6	-1	0	0	0	24	-1	0	-1	-1	31	46	-1	0	43	-1	0	49	0	0	0	0	0	-1	0	31	0	0	-1
c23755	49	-1	-1	0	0	0	24	-1	0	-1	0	-1	46	31	0	43	34	-1	49	-1	-1	-1	0	0	24	0	31	0	0	31
c23766	49	-1	35	0	-1	24	0	-1	0	-1	0	31	0	0	0	43	34	-1	49	0	0	47	0	-1	24	0	-1	0	0	31
c23772	0	34	0	-1	0	31	4	-1	-1	0	0	37	0	-1	0	-1	0	0	31	0	0	21	0	0	0	0	0	45	0	31
c23773	-1	34	0	0	0	31	4	0	-1	0	0	37	0	0	0	24	0	0	31	0	0	21	0	0	0	0	-1	45	0	31
c23786	4	-1	-1	-1	38	43	4	-1	0	0	0	15	31	0	0	0	-1	23	9	31	0	0	6	0	0	-1	4	0	0	31
c23789	0	26	-1	0	0	0	4	-1	-1	0	29	37	-1	33	0	-1	0	-1	31	0	20	21	-1	0	-1	45	0	45	0	31
c23793	0	0	0	0	-1	24	0	-1	34	0	45	31	0	-1	0	-1	0	0	11	37	-1	30	0	0	-1	0	31	-1	-1	31
c23804	-1	0	0	0	0	-1	0	-1	34	0	45	31	-1	0	-1	-1	-1	11	0	37	0	0	-1	0	0	46	0	-1	-1	31
c23805	0	0	0	0	0	-1	0	-1	34	0	45	-1	-1	0	0	43	0	-1	0	37	-1	0	15	0	0	46	0	-1	0	31
c23809	-1	0	0	-1	-1	43	4	0	34	-1	-1	15	0	0	9	-1	0	-1	0	31	0	0	0	0	0	0	0	0	34	31
c23822	0	0	-1	0	0	0	0	0	-1	0	21	0	-1	0	0	0	-1	0	31	-1	-1	26	0	0	0	0	0	0	-1	31
c23831	0	-1	35	-1	-1	0	31	-1	0	-1	0	0	-1	0	6	0	0	31	-1	0	0	-1	0	16	0	-1	-1	0	-1	31
c23853	0	0	0	0	0	-1	4	0	0	21	31	15	-1	-1	0	-1	0	23	31	0	0	0	36	-1	0	0	0	0	0	31
c23861	33	-1	-1	0	0	-1	6	-1	45	0	24	0	0	0	6	0	0	0	34	-1	0	36	0	0	0	0	0	0	0	31
c23892	0	0	0	0	0	0	4	-1	34	-1	7	0	-1	-1	49	46	0	0	0	0	0	0	-1	46	0	0	0	0	0	31
c23897	-1	0	45	0	0	43	4	-1	24	0	-1	15	0	0	0	0	-1	-1	-1	0	-1	-1	-1	11	31	0	0	0	0	-1
c23910	45	0	-1	0	0	0	-1	-1	34	9	0	31	-1	0	0	43	24	-1	0	-1	-1	34	0	-1	26	6	0	0	0	31
c23932	0	-1	-1	0	0	0	4	-1	0	-1	-1	-1	0	-1	49	46	0	0	0	-1	0	0	10	0	0	0	0	0	0	-1
c23941	33	-1	22	-1	0	-1	0	-1	45	0	0	38	-1	-1	6	-1	-1	0	0	0	0	36	-1	50	0	-1	-1	0	0	31
c23944	49	-1	0	0	-1	0	0	-1	0	-1	0	31	0	0	0	43	34	16	31	0	8	-1	-1	0	0	0	0	0	-1	31
c23964	33	0	-1	41	0	0	31	-1	-1	0	31	0	0	34	-1	0	-1	38	-1	-1	0	36	34	0	0	-1	0	45	0	31
c23977	0	0	0	0	-1	43	4	0	0	0	-1	-1	0	-1	0	0	0	0	-1	0	0	0	-1	0	-1	0	0	0	31	31
c23995	0	-1	-1	-1	0	43	4	0	34	9	-1	15	-1	0	0	0	-1	0	0	-1	0	4	-1	0	-1	0	11	0	0	31
c24023	24	7	0	0	48	0	0	-1	-1	0	0	-1	0	-1	22	0	0	0	-1	0	0	21	0	0	0	0	46	45	0	-1
c24053	49	-1	-1	-1	6	0	0	-1	46	-1	0	-1	4	0	24	-1	34	0	-1	0	0	0	0	0	24	0	-1	-1	-1	-1
c24073	0	0	0	0	0	43	4	-1	-1	36	0	15	0	0	0	0	-1	0	0	0	4	-1	31	-1	0	9	0	0	0	31
c24094	0	-1	-1	46	0	-1	0	-1	34	0	0	31	0	-1	26	43	-1	-1	47	-1	-1	34	-1	18	0	0	0	0	0	31
c24111	0	-1	0	0	-1	0	31	-1	-1	-1	0	31	35	-1	0	43	34	0	-1	0	0	0	0	-1	-1	0	0	26	-1	-1
c24126	11	0	-1	0	20	0	-1	3	-1	0	10	0	0	-1	0	0	48	-1	31	0	0	0	26	0	46	30	0	0	0	-1
c24129	0	0	-1	0	0	0	0	-1	-1	0	0	0	0	-1	0	0	0	0	31	0	0	0	33	0	0	0	31	0	12	31
c24133	0	0	-1	0	0	24	0	-1	34	0	-1	31	45	0	0	43	0	0	0	-1	-1	24	0	31	0	0	0	-1	0	31
c24134	0	0	0	-1	0	0	-1	-1	-1	-1	21	-1	0	0	0	0	0	0	31	0	0	-1	0	0	-1	0	-1	0	23	31
c24145	33	9	0	-1	0	0	0	-1	0	-1	26	-1	0	0	48	43	34	-1	-1	-1	31	0	34	31	0	0	0	0	-1	31
c24149	0	0	-1	-1	0	0	0	0	-1	29	21	0	26	20	-1	31	0	10	31	-1	0	-1	0	0	0	-1	-1	0	23	31
c24170	-1	0	0	-1	0	24	0	-1	34	0	0	31	0	0	0	43	0	0	0	-1	33	-1	0	0	-1	-1	0	0	0	-1
c24206	-1	6	0	0	0	43	4	0	0	0	0	15	0	34	34	-1	0	0	0	18	0	-1	31	0	0	0	-1	31	0	31
c24212	0	46	0	0	0	31	-1	-1	0	-1	0	31	11	-1	48	43	34	0	0	0	0	0	0	45	0	31	-1	46	29	31
c24222	9	-1	-1	0	34	43	4	-1	38	0	26	15	0	0	0	33	-1	0	47	0	0	0	47	0	0	0	0	0	0	31
c24240	34	16	0	0	0	0	-1	-1	0	-1	24	31	-1	0	0	43	-1	30	0	-1	-1	0	15	-1	-1	-1	45	12	31	31
c24252	46	0	0	0	0	45	-1	0	-1	0	0	37	0	0	35	0	0	0	-1	0	0	21	9	-1	0	-1	-1	45	0	31
c24256	-1	0	-1	0	0	0	4	0	-1	0	29	37	0	0	-1	0	0	0	-1	20	20	21	22	-1	0	-1	24	45	-1	31
c24269	-1	0	0	0	-1	43	4	16	0	0	-1	15	0	0	34	44	0	47	-1	0	0	0	0	-1	-1	0	0	0	0	31
c24275	49	0	35	0	31	18	0	-1	0	-1	0	31	0	-1	-1	43	34	0	49	0	34	47	0	47	24	-1	0	0	0	31
c24276	-1	34	0	37	31	0	0	-1	0	23	-1	31	0	0	0	43	34	0	0	-1	0	0	-1	-1	0	0	0	0	40	31
c24284	0	-1	0	0	0	31	-1	-1	0	-1	0	31	-1	0	48	-1	34	35	0	-1	0	31	0	0	0	0	0	-1	29	31
c24288	0	0	0	0	0	0	10	-1	-1	0	-1	0	47	31	0	-1	0	0	31	-1	0	31	33	0	-1	0	-1	-1	12	31
c24297	0	34	0	0	0	31	-1	0	-1	-1	0	37	0	0	0	-1	0	0	31	0	46	21	0	0	0	0	0	45	0	-1
c24303	0	-1	35	0	0	0	31	-1	-1	-1	0	0	15	-1	6	0	-1	-1	-1	0	0	36	0	-1	0	11	0	0	0	31
c24304	-1	18	-1	0	48	0	0	-1	-1	0	0	0	6	38	0	-1	0	-1	31	-1	0	21	-1	-1	0	0	0	45	-1	31
c24308	-1	9	0	-1	0	0	0	-1	41	-1	26	31	0	23	48	43	34	-1	0	28	0	22	34	0	0	6	0	3	0	-1
c24318	0	0	0	0	-1	0	-1	-1	36	-1	0	31	35	-1	0	43	-1	0	15	15	0	0	34	11	-1	0	-1	0	-1	31
c24335	15	0	10	-1	-1	0	0	-1	0	0	0	0	0	0	6	-1	0	0	-1	0	46	36	0	38	0	0	0	0	46	31
c24353	33	9	0	0	0	0	-1	-1	0	-1	26	31	-1	0	48	43	34	0	-1	0	0	0	34	6	0	0	21	0	0	-1
c24361	-1	-1	0	37	31	0	0	-1	0	23	0	31	0	0	0	43	34	19	0	0	46	0	46	-1	6	-1	-1	-1	40	31
c24375	0	0	-1	-1	36	24	9	-1	34	33	0	31	0	0	26	43	46	-1	0	0	0	0	0	18	0	0	34	-1	0	31
c24395	15	0	0	0	0	-1	0	-1	0	0	0	0	31	35	6	-1	0	0	0	0	0	36	39	-1	0	26	0	0	37	31
c24398	28	0	0	28	0	0	-1	-1	-1	0	0	0	49	-1	6	31	-1	31	-1	0	0	36	0	-1	0	-1	0	0	0	-1
c24447	-1	0	0	0	0	31	-1	-1	-1	-1	0	31	11	0	48	43	34	0	0	0	18	0	0	0	31	0	0	46	29	31
c24451	0	0	0	0	0	0	0	0	-1	-1	0	0	-1	-1	-1	0	0	23	31	-1	0	0	-1	6	4	0	33	0	-1	-1
c24467	0	0	35	-1	48	0	31	-1	0	0	-1	0	0	0	6	0	0	0	-1	0	0	36	-1	-1	0	11	0	0	35	31
c24468	26	-1	0	-1	0	43	-1	0	0	49	0	-1	0	0	0	0	0	23	-1	0	0	0	48	-1	34	0	0	0	0	31
c24474	49	2	-1	0	0	-1	0	-1	0	-1	0	31	0	0	-1	43	34	0	49	0	12	-1	0	-1	24	0	-1	31	0	31
c24475	49	2	0	-1	-1	-1	0	-1	-1	-1	0	-1	0	0	-1	43	34	0	49	0	12	-1	0	0	24	0	-1	31	0	31
c24479	0	0	0	0	0	0	0	-1	-1	24	21	-1	46	20	-1	0	0	7	31	0	0	0	37	-1	9	0	0	30	-1	31
c24500	26	12	0	0	0	43	-1	6	0	49	0	15	0	0	0	9	0	23	0	0	0	24	0	0	34	-1	0	31	0	31
c24512	0	0	-1	24	0	43	4	0	-1	0	0	15	4	0	-1	0	35	0	0	0	-1	0	0	0	-1	0	-1	0	0	31
c24517	0	0	0	-1	-1	45	-1	0	-1	0	0	37	0	0	35	33	0	0	-1	0	0	21	9	47	0	31	0	45	0	31
c24531	-1	0	0	0	0	24	0	-1	34	-1	45	-1	0	0	0	43	0	-1	0	37	22	0	-1	0	0	46	-1	0	0	31
c24546	33	-1	-1	-1	-1	0	-1	-1	45	0	0	0	0	0	6	0	34	0	0	0	0	36	-1	0	0	0	0	0	0	-1
c24547	33	-1	-1	0	-1	0	6	-1	45	0	0	0	-1	0	6	0	34	0	0	0	0	36	0	0	0	0	0	0	0	31
c24561	0	-1	-1	0	0	-1	0	-1	34	0	0	31	0	3	0	43	0	0	0	31	0	31	0	48	-1	0	0	0	0	31
c24562	-1	0	0	0	-1	31	0	33	-1	-1	21	-1	0	-1	0	0	0	31	31	0	-1	26	-1	0	0	0	0	0	23	31
c24585	0	0	6	0	-1	33	0	-1	-1	0	0	0	31	-1	-1	0	35	0	31	0	0	21	0	0	-1	-1	0	-1	0	31
c24614	31	0	0	0	0	-1	50	-1	21	0	3	31	26	0	0	43	34	0	-1	0	31	9	0	0	-1	0	29	21	0	31
c24616	0	0	0	0	-1	0	-1	-1	0	-1	0	31	11	10	48	43	34	-1	31	0	0	0	0	0	0	0	0	0	29	31
c24629	0	0	0	0	0	43	4	0	-1	0	0	-1	-1	0	0	0	0	47	0	0	0	0	0	-1	24	0	31	0	-1	31
c24648	31	0	0	0	0	-1	4	0	11	31	-1	15	-1	0	-1	-1	0	0	-1	0	31	0	0	0	-1	-1	0	0	0	31
c24653	0	-1	0	0	0	24	0	-1	-1	0	-1	31	45	0	0	43	-1	0	0	-1	-1	24	0	0	0	0	-1	0	0	31
c24659	-1	0	0	0	4	-1	0	-1	0	-1	0	31	-1	-1	9	43	34	0	49	-1	12	0	0	0	-1	0	0	0	0	31
c24661	33	0	20	31	0	0	0	-1	45	0	0	0	0	0	6	0	0	0	-1	33	-1	36	0	-1	0	0	-1	-1	15	-1
c24668	31	0	0	-1	0	-1	-1	-1	0	-1	45	31	-1	0	48	43	34	0	0	0	0	0	0	0	0	-1	0	0	29	31
c24670	49	0	-1	-1	31	23	-1	-1	0	-1	0	31	-1	0	0	43	34	-1	31	0	0	0	0	-1	0	-1	0	0	0	31
c24671	49	0	0	0	31	23	-1	-1	0	-1	0	31	-1	0	0	43	34	-1	31	0	-1	0	0	0	-1	-1	0	0	0	31
c24673	0	-1	0	0	-1	0	0	-1	-1	34	0	25	0	0	0	0	-1	-1	31	45	-1	21	0	0	0	0	24	45	0	31
c24681	0	0	0	0	0	0	0	-1	-1	0	-1	0	0	-1	0	0	0	-1	31	-1	45	-1	0	0	0	0	0	24	23	31
c24711	0	0	0	0	0	0	0	-1	0	-1	0	31	0	0	-1	43	34	0	0	-1	0	44	34	0	-1	0	-1	-1	0	-1
c24721	49	0	0	0	-1	0	46	-1	0	-1	0	31	0	0	0	43	34	0	31	46	4	-1	-1	43	-1	0	31	-1	0	31
c24726	33	9	0	0	33	0	0	-1	0	-1	-1	31	47	-1	48	43	34	0	0	31	0	46	-1	23	0	0	0	0	0	31
c24728	49	-1	-1	0	-1	0	24	-1	0	-1	0	-1	-1	18	0	43	34	0	49	0	0	0	4	-1	24	0	0	0	31	-1
c24729	49	35	0	0	-1	-1	-1	-1	0	-1	0	31	-1	18	0	43	34	0	49	0	0	0	4	-1	-1	0	-1	0	31	31
c24742	0	0	0	-1	0	24	0	-1	34	0	-1	-1	34	38	-1	43	0	49	-1	-1	-1	-1	-1	18	0	-1	26	0	0	31
c24743	26	0	-1	-1	0	-1	0	-1	34	0	0	31	34	38	26	43	0	-1	0	0	-1	-1	0	18	0	0	-1	0	0	31
c24745	-1	34	0	37	-1	0	0	-1	0	23	0	-1	0	-1	0	43	-1	0	0	0	0	0	46	9	0	-1	-1	0	-1	31
c24752	0	0	-1	0	0	-1	4	0	-1	-1	29	37	0	0	0	0	20	0	31	-1	31	21	16	-1	0	3	0	45	-1	-1
c24753	-1	0	-1	-1	0	-1	4	-1	-1	-1	29	37	0	0	-1	-1	20	0	31	-1	31	21	16	0	0	3	0	45	0	-1
c24754	49	-1	20	0	0	0	46	-1	4	-1	0	31	0	0	0	43	34	0	31	0	-1	41	0	0	0	15	37	0	-1	31
c24762	33	9	-1	0	0	0	0	-1	0	-1	26	31	0	0	-1	43	34	0	16	23	0	0	34	31	0	0	-1	9	-1	31
c24802	49	-1	-1	0	0	0	0	-1	46	-1	0	31	4	0	0	43	34	-1	0	0	0	39	0	11	24	0	-1	0	0	31
c24807	-1	-1	-1	-1	31	48	0	-1	38	0	0	31	47	0	0	43	34	-1	0	0	4	-1	0	-1	0	0	-1	0	40	31
c24822	29	0	6	0	0	24	0	-1	34	0	0	31	0	0	0	-1	-1	0	0	31	0	31	0	-1	-1	0	0	0	49	31
c24823	29	0	6	0	0	24	0	-1	-1	0	0	-1	0	-1	0	43	45	0	0	31	0	31	0	0	-1	0	0	0	-1	31
c24828	0	0	0	15	-1	43	-1	0	0	-1	0	15	-1	-1	0	0	0	47	0	0	0	0	-1	-1	0	0	31	0	0	-1
c24831	-1	-1	0	-1	-1	0	0	-1	0	24	-1	-1	24	-1	0	-1	34	-1	0	0	-1	0	46	9	0	0	46	49	40	31
c24833	31	0	0	36	-1	43	4	-1	0	31	-1	15	0	-1	9	0	0	0	-1	-1	-1	0	0	24	0	0	0	0	-1	31
c24843	0	-1	0	0	0	43	4	-1	-1	0	0	15	0	0	0	45	0	0	0	-1	0	0	23	-1	-1	0	31	46	9	31
c24856	46	-1	-1	0	0	0	0	-1	-1	0	0	0	0	0	0	0	0	0	31	0	0	0	33	0	49	0	0	-1	12	-1
c24861	-1	0	0	0	0	-1	-1	0	-1	0	21	-1	0	0	38	0	-1	0	31	-1	0	26	0	0	0	0	0	0	23	31
c24870	33	9	0	-1	0	0	0	-1	0	-1	26	31	0	0	48	-1	34	-1	16	-1	31	0	34	-1	0	0	0	0	-1	31
c24871	33	9	0	0	0	-1	0	-1	0	-1	26	31	0	-1	48	-1	34	-1	16	0	31	0	34	31	0	0	0	0	-1	31
c24884	9	0	0	35	20	0	29	0	-1	0	36	0	0	-1	0	0	33	-1	31	0	0	0	26	0	-1	0	0	-1	-1	31
c24898	49	-1	13	0	0	0	-1	-1	0	-1	0	31	46	31	-1	43	-1	46	49	0	0	24	0	0	24	0	-1	0	0	31
c24899	-1	0	13	0	0	0	-1	-1	0	-1	0	31	46	31	9	-1	-1	46	49	0	0	-1	0	0	-1	0	-1	0	0	31
c24929	-1	0	0	0	-1	0	26	-1	0	0	0	0	-1	33	6	0	0	20	0	-1	0	36	0	-1	3	0	0	0	0	31
c24930	0	0	-1	15	-1	-1	4	0	34	0	-1	-1	0	0	18	0	0	0	0	0	-1	45	0	-1	0	9	0	-1	34	31
c24952	33	9	0	0	0	45	0	-1	0	-1	26	31	0	48	48	-1	34	0	0	0	0	-1	34	0	0	0	0	-1	0	31
c24967	0	0	41	0	0	-1	50	-1	-1	0	0	-1	0	0	0	43	34	31	0	0	23	-1	0	0	0	0	-1	21	0	31
c24986	0	0	0	0	35	43	4	0	-1	0	-1	15	0	0	0	-1	12	-1	31	0	0	-1	0	0	0	-1	0	0	0	31
c24987	0	-1	0	-1	35	43	4	0	0	0	-1	15	0	0	0	-1	-1	23	31	0	0	-1	0	0	0	6	0	0	0	31
c25008	0	20	0	9	0	43	4	23	0	0	0	15	0	34	34	-1	0	31	-1	-1	-1	31	-1	-1	0	16	0	34	0	31
c25017	49	0	0	0	-1	12	0	-1	0	-1	0	31	0	0	0	43	34	0	31	-1	-1	0	0	0	0	-1	31	0	-1	31
c25033	0	0	0	0	0	24	-1	-1	34	-1	0	31	0	0	-1	43	9	0	33	31	0	0	0	18	6	0	-1	0	4	31
c25034	0	0	0	0	0	-1	-1	-1	36	0	0	31	0	-1	46	43	34	0	-1	0	0	0	0	9	0	0	0	-1	0	31
c25043	49	0	31	0	0	0	46	-1	31	-1	-1	31	15	0	0	43	-1	0	31	-1	0	0	0	-1	-1	-1	-1	0	46	31
c25051	0	0	0	-1	-1	0	0	-1	-1	-1	26	-1	47	0	48	43	34	0	-1	-1	0	0	35	0	0	0	31	0	-1	-1
c25065	0	0	0	0	-1	-1	4	0	0	0	31	15	0	0	0	0	12	23	31	-1	0	0	0	0	-1	6	0	0	-1	31
c25076	49	43	20	0	0	0	0	-1	46	-1	0	31	4	0	0	43	34	-1	-1	-1	-1	-1	0	0	24	0	-1	0	0	31
c25078	-1	0	-1	0	0	43	4	0	31	0	-1	15	0	0	-1	31	0	0	31	-1	0	0	-1	0	0	0	31	0	0	31
c25086	0	0	-1	0	-1	43	4	0	39	0	-1	15	0	0	0	0	12	23	31	0	-1	0	0	15	0	0	0	0	0	31
c25106	-1	21	0	0	33	0	-1	0	-1	0	-1	4	-1	0	0	23	-1	-1	-1	-1	-1	21	7	0	0	0	20	45	0	31
c25114	0	0	26	-1	0	-1	4	0	0	0	7	23	-1	-1	0	46	0	0	-1	0	0	-1	-1	0	-1	-1	0	0	0	31
c25121	0	34	0	-1	0	31	4	0	-1	45	0	37	0	0	0	0	0	0	31	0	0	21	0	-1	0	0	48	45	0	31
c25127	0	-1	-1	33	20	-1	46	-1	31	0	-1	-1	31	0	46	-1	-1	31	46	0	0	0	-1	24	0	0	0	39	-1	31
c25149	0	0	0	0	0	0	0	0	-1	24	21	0	46	20	0	21	0	0	-1	0	0	-1	37	0	9	0	0	30	23	31
c25193	0	0	0	19	0	47	0	0	-1	-1	21	-1	0	0	0	15	-1	0	-1	0	0	-1	0	-1	-1	35	0	0	23	-1
c25208	49	0	-1	-1	0	0	0	-1	-1	-1	-1	31	4	33	0	43	34	0	0	0	-1	39	15	-1	24	0	-1	0	0	-1
c25215	0	35	0	0	20	0	0	0	-1	0	-1	9	0	-1	-1	0	33	0	31	0	0	46	26	0	-1	0	0	15	-1	31
c25240	-1	-1	0	0	0	-1	0	-1	0	-1	0	31	0	0	-1	43	34	0	49	0	12	-1	0	0	24	0	-1	31	0	31
c25241	49	-1	0	0	0	-1	-1	-1	-1	-1	0	31	0	0	-1	43	34	0	49	0	12	-1	-1	-1	24	0	-1	31	0	31
c25242	0	-1	0	-1	0	0	0	-1	0	0	0	31	0	0	46	43	34	22	0	48	-1	-1	0	31	0	-1	0	0	-1	31
c25246	49	0	11	0	0	-1	0	-1	-1	-1	-1	31	0	0	0	43	34	0	-1	0	0	0	0	35	0	0	-1	-1	0	31
c25248	0	0	0	26	0	0	0	-1	-1	46	0	-1	0	9	0	-1	0	0	-1	0	-1	0	35	0	-1	0	-1	0	0	31
c25269	-1	0	-1	0	20	0	0	-1	-1	0	36	-1	3	0	9	-1	0	-1	31	0	0	-1	26	-1	0	0	0	-1	0	31
c25270	0	0	0	9	0	0	0	-1	0	0	-1	48	0	0	-1	0	0	0	-1	0	0	36	0	-1	0	11	0	0	6	31
c25294	33	9	0	-1	0	0	48	-1	25	-1	26	31	0	0	48	43	34	0	-1	-1	30	-1	0	-1	0	0	0	24	38	31
c25300	0	0	0	-1	0	24	0	-1	34	49	45	31	0	-1	-1	43	-1	0	0	37	-1	0	0	0	-1	0	0	-1	0	-1
c25350	49	-1	0	0	-1	-1	24	-1	-1	-1	0	31	-1	0	0	43	34	0	49	0	0	0	4	0	-1	0	0	0	-1	31
c25353	0	0	0	-1	0	43	4	0	0	0	-1	15	-1	24	0	0	12	23	-1	0	0	0	0	15	0	0	0	0	-1	31
c25362	-1	-1	0	9	0	0	-1	-1	0	-1	26	-1	0	23	48	43	34	0	0	-1	0	-1	34	0	0	-1	0	3	0	-1
c25384	33	9	0	0	0	-1	0	-1	0	-1	26	31	0	0	48	43	34	0	16	-1	0	0	34	31	-1	0	0	0	-1	31
c25388	0	31	0	0	18	0	4	-1	3	-1	-1	31	0	0	0	43	34	-1	0	0	0	0	0	-1	0	31	0	-1	-1	31
c25395	33	-1	0	0	-1	0	0	-1	-1	35	0	0	0	-1	6	0	0	0	0	10	0	-1	-1	45	0	0	29	49	-1	31
c25442	-1	0	-1	-1	0	0	0	-1	-1	-1	-1	31	0	0	48	43	34	0	10	0	0	-1	35	0	-1	0	-1	0	-1	31
c25443	0	0	0	-1	-1	0	-1	-1	-1	-1	-1	31	0	0	48	43	34	0	10	0	-1	0	35	0	16	0	-1	0	0	31
c25449	0	0	-1	0	0	43	4	0	-1	0	-1	15	0	0	0	0	-1	0	26	-1	35	-1	0	-1	-1	0	0	0	0	31
c25455	49	0	0	0	0	-1	31	-1	0	-1	0	31	0	0	0	43	34	0	49	0	0	0	0	15	24	38	0	0	0	31
c25468	-1	48	0	-1	0	43	4	-1	0	0	-1	15	31	0	34	0	-1	-1	0	0	0	0	-1	0	0	20	0	0	0	31
c25475	0	0	0	-1	0	0	0	-1	0	0	0	31	-1	0	-1	43	34	0	33	0	0	0	9	0	39	0	0	0	0	31
c25507	15	0	10	0	-1	0	0	-1	0	0	0	-1	0	-1	-1	18	0	0	0	0	-1	36	0	38	-1	-1	0	0	44	31
c25514	31	0	0	0	0	43	4	0	31	0	-1	-1	0	46	-1	-1	0	-1	47	0	-1	0	-1	0	0	0	0	-1	-1	31
c25538	0	0	37	0	0	0	0	-1	-1	11	21	6	0	0	-1	0	-1	0	31	-1	0	26	0	-1	-1	0	0	0	-1	31
c25541	-1	0	0	24	-1	0	0	-1	-1	-1	18	31	35	50	24	43	34	-1	0	0	-1	-1	0	0	-1	47	0	0	-1	-1
c25579	0	0	0	47	0	24	0	-1	34	0	31	31	45	-1	0	-1	0	-1	-1	0	-1	24	0	0	0	19	0	39	0	-1
c25594	15	0	10	0	0	0	0	-1	0	0	-1	39	0	0	-1	18	0	0	9	0	0	36	31	38	0	0	0	0	0	31
c25598	44	23	-1	0	23	-1	4	0	-1	0	-1	37	0	-1	0	0	-1	33	31	0	-1	21	-1	0	0	3	0	45	0	31
c25601	49	-1	0	0	0	-1	-1	-1	31	-1	44	-1	-1	0	0	43	34	0	31	0	0	3	0	0	0	49	0	0	16	31
c25617	46	0	-1	31	0	24	47	-1	-1	0	0	31	0	0	0	-1	0	-1	0	31	0	31	0	0	-1	-1	49	0	0	31
c25635	0	18	0	-1	48	-1	0	-1	-1	0	0	6	0	-1	0	-1	0	0	31	0	0	21	-1	31	0	0	-1	45	46	31
c25636	0	-1	0	33	0	0	-1	-1	39	0	0	31	0	0	46	43	34	0	0	0	0	0	-1	-1	0	45	24	0	0	31
c25637	0	31	-1	33	0	0	-1	-1	39	0	0	31	0	0	46	43	34	0	0	0	0	0	-1	0	0	0	24	0	0	-1
c25642	33	0	0	0	0	0	-1	-1	0	49	0	0	0	-1	6	0	0	0	-1	0	0	36	0	-1	0	-1	11	0	-1	31
c25646	0	0	0	0	0	43	4	-1	-1	0	0	-1	4	0	-1	0	0	0	0	-1	-1	-1	0	0	0	0	31	0	-1	-1
c25652	4	0	0	0	43	-1	4	-1	0	0	0	15	0	0	0	-1	0	23	-1	0	0	0	0	0	0	-1	0	0	0	31
c25654	0	0	0	4	-1	0	4	34	-1	0	7	0	31	0	0	46	48	0	0	0	0	-1	10	0	0	-1	9	0	0	31
c25655	-1	0	-1	4	0	-1	4	34	-1	0	7	0	31	0	0	46	48	0	-1	-1	0	0	10	0	0	-1	9	0	0	31
c25663	31	0	0	0	0	43	4	0	31	0	0	15	0	0	0	47	0	0	47	9	0	0	0	0	21	0	-1	0	0	-1
c25669	49	0	0	-1	0	0	46	-1	-1	-1	0	31	0	0	0	43	34	-1	31	0	-1	41	0	0	0	15	0	0	28	31
c25679	15	0	10	0	0	-1	0	-1	0	0	0	0	23	0	-1	18	0	0	0	0	9	36	0	38	-1	0	0	0	44	31
c25681	49	0	0	-1	0	-1	31	-1	0	-1	-1	31	0	0	-1	-1	34	0	49	0	0	0	-1	15	24	38	0	-1	0	31
c25689	0	-1	0	0	-1	31	0	4	-1	0	21	0	0	0	46	-1	-1	0	31	22	0	0	16	0	2	0	0	-1	23	31
c25695	34	20	0	0	0	0	0	-1	17	-1	24	31	0	39	0	-1	34	-1	0	0	45	-1	0	0	-1	0	0	0	-1	31
c25700	0	0	-1	31	0	9	-1	-1	0	-1	0	31	11	0	48	43	34	0	0	0	15	-1	0	-1	0	46	-1	0	29	31
c25718	0	-1	0	-1	-1	-1	4	0	26	0	7	0	0	-1	-1	46	9	0	-1	0	0	48	10	0	0	0	0	0	12	-1
c25733	49	39	0	0	0	-1	0	-1	0	-1	0	31	-1	-1	0	43	-1	8	31	0	0	0	-1	0	0	7	0	9	0	31
c25738	0	0	-1	0	0	31	-1	-1	0	-1	9	-1	11	0	48	43	34	0	0	0	0	0	0	4	24	0	0	46	29	31
c25750	33	0	0	0	0	0	0	-1	21	-1	0	-1	0	0	6	0	0	0	0	0	0	36	0	-1	0	-1	29	0	9	31
c25753	0	-1	-1	15	0	43	4	0	-1	-1	-1	15	0	0	0	-1	31	0	0	31	0	0	0	50	0	-1	0	0	34	31
c25755	0	0	-1	0	0	24	9	-1	-1	33	0	-1	0	0	-1	43	0	-1	0	-1	39	0	11	18	0	0	0	0	0	-1
c25764	16	0	0	-1	0	0	-1	-1	0	-1	-1	31	0	0	48	43	34	0	10	0	-1	0	35	0	16	0	-1	0	0	31
c25765	16	0	0	-1	0	0	0	-1	0	-1	26	31	0	0	48	43	-1	0	10	0	-1	0	35	-1	16	0	31	0	0	-1
c25778	33	9	-1	-1	0	23	0	-1	0	-1	26	31	0	0	48	-1	34	0	34	0	0	0	-1	0	-1	0	0	0	0	31
c25779	33	9	-1	0	0	23	0	-1	-1	-1	26	31	0	0	48	43	34	0	34	0	0	0	34	0	0	-1	0	0	-1	31
c25780	0	0	35	0	0	0	0	-1	-1	0	-1	0	0	0	-1	0	0	0	0	0	0	-1	-1	16	0	11	-1	23	0	-1
c25784	0	0	0	0	0	24	0	-1	34	0	0	31	0	49	-1	-1	0	0	0	31	0	31	0	0	-1	0	0	-1	0	31
c25798	49	-1	0	0	-1	0	24	-1	0	-1	-1	31	-1	0	0	43	34	-1	49	0	0	0	4	0	24	0	-1	0	31	-1
c25799	-1	35	0	0	-1	0	-1	-1	0	-1	0	31	-1	0	0	43	34	-1	49	-1	0	0	4	0	24	0	0	-1	31	31
c25821	-1	0	0	0	0	24	0	-1	34	0	0	31	9	0	0	43	0	31	1	31	0	-1	0	16	-1	0	0	-1	0	31
c25832	33	9	0	0	0	-1	0	-1	0	-1	26	-1	0	0	48	43	34	0	16	-1	-1	0	34	31	0	0	0	9	-1	31
c25858	49	0	0	0	0	0	0	-1	0	-1	0	31	0	0	0	43	-1	4	31	0	40	37	0	0	0	0	0	0	0	-1
c25863	0	0	0	0	-1	0	-1	-1	-1	-1	0	-1	11	-1	48	43	34	47	-1	0	-1	0	0	0	9	0	0	-1	29	31
c25871	0	0	0	-1	48	0	0	-1	-1	29	46	47	0	-1	0	-1	0	-1	31	-1	20	21	0	20	0	33	15	45	0	31
c25877	31	0	0	0	0	43	-1	0	0	0	-1	15	0	46	0	-1	-1	0	47	0	-1	0	0	0	0	11	0	0	31	31
c25879	33	0	0	41	0	0	-1	-1	45	9	31	0	36	34	6	-1	-1	-1	0	0	0	36	34	0	0	-1	-1	45	-1	31
c25890	0	0	0	-1	0	0	4	34	0	0	7	34	31	0	0	-1	45	-1	0	0	0	0	10	30	-1	0	0	46	0	31
c25891	-1	0	0	-1	0	0	4	34	-1	0	-1	34	31	0	0	46	45	0	0	0	-1	0	-1	30	-1	0	0	46	0	31
c25903	33	9	0	21	0	0	0	-1	0	-1	-1	31	-1	0	48	43	34	0	0	-1	30	0	0	0	0	0	0	24	0	-1
c25909	0	0	29	0	4	43	4	0	0	0	-1	15	0	0	0	31	-1	0	31	-1	0	9	-1	46	0	-1	31	0	0	31
c25911	-1	4	0	-1	-1	31	-1	-1	0	0	36	31	35	-1	0	43	34	0	0	0	0	21	4	9	0	26	0	0	40	-1
c25921	0	-1	0	0	10	43	4	-1	-1	0	0	15	-1	0	0	31	0	0	31	0	0	48	0	0	0	-1	31	0	0	31
c25928	-1	0	26	24	0	0	0	-1	0	-1	18	31	35	50	-1	43	34	0	0	0	-1	0	0	0	0	26	0	0	3	31
c25944	45	0	0	25	0	15	-1	-1	34	9	0	31	48	0	0	43	0	48	0	0	0	34	0	38	-1	0	0	0	0	31
c25946	15	0	10	0	0	0	-1	-1	0	0	0	0	0	0	6	-1	-1	-1	0	0	46	-1	0	-1	0	0	0	0	46	31
c25947	15	0	-1	-1	0	0	0	-1	0	0	0	0	0	0	6	18	0	0	0	0	-1	36	-1	-1	0	0	0	0	46	31
c25957	-1	0	22	37	-1	0	-1	-1	0	-1	9	-1	-1	0	0	43	-1	0	31	0	-1	0	0	0	-1	0	26	0	46	-1
c25986	0	0	0	0	0	0	-1	-1	-1	-1	21	-1	40	-1	26	-1	0	0	-1	0	0	26	-1	-1	0	0	12	4	23	31
c25989	0	31	0	-1	-1	0	0	-1	-1	0	0	-1	0	0	6	0	0	0	0	15	21	21	0	0	-1	-1	24	0	-1	31
c26014	0	-1	0	0	0	24	0	-1	-1	0	45	31	0	-1	-1	43	0	0	11	37	-1	-1	0	0	0	0	31	30	0	31
c26024	33	9	0	21	0	0	0	-1	0	-1	26	31	0	0	48	43	34	-1	0	-1	30	-1	-1	0	0	-1	0	24	0	31
c26035	0	0	34	0	1	0	0	0	-1	-1	31	0	-1	-1	0	0	0	4	-1	0	0	0	26	-1	0	0	-1	4	31	31
c26036	0	0	41	0	0	43	4	9	0	11	-1	15	4	-1	0	-1	-1	16	0	0	0	-1	0	-1	-1	0	-1	-1	-1	-1
c26046	0	0	0	0	0	-1	0	0	-1	0	-1	0	0	0	11	0	31	0	31	46	0	26	-1	0	-1	0	0	0	23	31
c26050	0	-1	0	0	-1	31	4	-1	-1	45	0	37	0	0	-1	0	0	0	31	0	0	-1	0	-1	0	0	0	45	0	-1
c26106	49	39	0	0	0	0	-1	-1	0	-1	0	-1	0	0	0	43	34	8	31	0	0	0	-1	0	0	7	-1	9	0	31
c26109	33	-1	0	0	45	0	22	-1	45	0	0	-1	0	0	6	48	18	38	0	-1	0	36	0	-1	0	0	39	0	0	31
c26120	49	0	0	-1	6	0	0	-1	46	-1	0	31	4	0	-1	43	34	0	0	0	-1	0	0	0	24	0	-1	-1	-1	31
c26121	49	-1	0	-1	6	0	-1	-1	46	-1	-1	31	4	0	24	43	34	-1	0	0	0	0	0	0	24	0	-1	0	-1	-1
c26127	0	-1	0	9	-1	31	-1	-1	36	-1	0	31	-1	-1	0	43	34	-1	15	-1	0	0	0	-1	0	0	-1	-1	37	31
c26147	-1	0	0	0	0	0	-1	0	-1	0	-1	-1	-1	0	0	0	0	0	31	-1	20	21	0	0	0	0	0	45	0	31
c26148	0	0	18	0	45	43	4	0	0	0	0	15	0	9	33	0	-1	31	-1	0	31	-1	0	0	16	4	0	-1	-1	31
c26152	0	0	-1	0	46	-1	0	-1	-1	0	33	31	0	9	-1	43	0	0	0	31	0	-1	31	31	-1	0	-1	0	0	31
c26167	0	46	-1	-1	-1	43	4	-1	0	-1	0	15	0	-1	18	0	0	0	-1	0	16	0	0	0	0	0	-1	0	31	31
c26186	-1	0	0	0	0	0	0	-1	46	31	0	0	0	0	-1	-1	0	-1	0	0	0	36	-1	-1	0	11	20	-1	-1	31
c26194	33	9	-1	21	0	0	0	-1	-1	-1	-1	31	0	0	-1	43	34	0	0	0	30	-1	-1	0	0	-1	-1	-1	-1	31
c26195	-1	9	0	21	0	0	0	-1	0	-1	-1	-1	0	0	-1	43	34	0	-1	0	30	-1	-1	0	0	4	0	24	0	31
c26198	-1	8	0	0	9	-1	-1	-1	11	-1	37	31	-1	0	0	43	-1	0	49	0	-1	-1	4	0	24	0	-1	-1	31	31
c26199	49	8	0	0	9	0	24	-1	11	-1	37	31	-1	0	0	43	-1	0	49	0	0	0	4	-1	24	0	0	-1	31	31
c26207	49	0	0	0	0	-1	31	-1	0	-1	0	31	-1	-1	0	43	34	0	49	0	31	0	0	15	24	38	0	0	-1	31
c26214	0	-1	0	0	-1	0	4	0	0	0	-1	0	0	-1	0	46	-1	0	0	0	0	48	-1	0	0	0	0	0	0	31
c26217	0	0	0	26	-1	0	0	9	-1	-1	30	-1	-1	-1	0	10	-1	-1	31	0	0	0	23	0	0	9	-1	-1	0	31
c26230	-1	0	31	20	-1	43	4	-1	-1	37	0	15	0	0	-1	0	-1	9	47	0	0	0	0	0	0	36	0	0	0	31
c26247	-1	0	36	0	0	24	0	-1	34	0	0	-1	34	38	26	43	0	49	0	-1	-1	0	-1	18	0	-1	0	-1	-1	31
c26255	0	-1	0	0	0	31	0	0	-1	0	-1	0	0	0	-1	0	-1	-1	31	0	9	26	-1	45	15	0	0	0	23	31
c26257	-1	0	34	0	1	-1	-1	0	-1	-1	31	0	0	0	0	0	0	0	-1	0	0	0	26	0	0	0	0	0	31	31
c26261	15	0	0	0	0	-1	0	-1	-1	0	0	-1	31	3	-1	-1	-1	-1	0	0	0	36	0	38	0	0	-1	18	37	31
c26270	15	0	0	0	0	0	-1	-1	-1	46	-1	0	31	0	6	49	-1	-1	-1	-1	0	-1	0	38	31	0	-1	0	37	-1
c26272	0	-1	0	0	-1	0	-1	-1	-1	-1	0	-1	11	0	48	-1	-1	0	-1	0	0	0	-1	0	0	-1	0	0	-1	31
c26289	49	0	0	-1	0	26	24	-1	0	-1	0	31	46	31	-1	43	34	0	49	43	0	48	0	-1	-1	0	-1	0	-1	-1
c26294	-1	0	35	9	0	0	-1	-1	34	9	0	-1	-1	-1	0	43	0	-1	0	0	-1	34	0	-1	26	-1	0	4	-1	31
c26303	49	-1	0	0	18	0	-1	-1	4	-1	0	31	0	0	0	-1	34	-1	31	0	-1	0	0	35	0	15	0	0	28	31
c26311	0	18	0	0	48	-1	0	-1	-1	6	0	6	0	-1	0	0	0	0	-1	-1	0	21	-1	31	0	-1	-1	45	46	-1
c26328	49	-1	13	-1	-1	0	-1	-1	0	-1	0	31	46	31	9	43	34	0	49	0	0	24	0	0	24	0	0	0	0	31
c26329	49	0	-1	0	0	0	-1	-1	0	-1	-1	31	46	31	9	43	34	0	49	0	0	24	0	0	24	0	0	0	0	31
c26333	0	0	0	0	0	0	0	-1	-1	0	34	0	-1	-1	0	0	0	23	31	0	-1	0	26	0	0	0	33	-1	0	31
c26341	26	0	45	0	0	43	-1	0	0	49	-1	15	0	-1	0	0	0	23	-1	-1	0	0	0	0	34	0	0	0	0	31
c26350	-1	0	0	0	0	0	-1	-1	-1	-1	0	31	-1	9	48	43	34	0	0	0	0	0	0	-1	-1	0	0	0	29	-1
c26368	-1	0	13	0	0	-1	-1	-1	0	-1	-1	31	46	-1	9	43	-1	0	49	0	0	24	0	0	24	0	-1	0	-1	31
c26369	49	0	13	-1	-1	-1	-1	-1	0	-1	-1	31	-1	31	-1	43	34	-1	49	33	0	24	-1	0	24	0	0	0	0	31
c26383	-1	0	0	0	-1	43	4	16	0	26	0	15	31	0	34	0	0	0	0	0	0	0	0	0	0	0	0	0	-1	31
c26386	-1	0	0	-1	0	0	0	-1	-1	0	0	0	31	3	6	0	0	0	0	0	0	36	0	38	-1	0	23	18	37	31
c26392	-1	0	0	41	0	0	31	-1	45	0	-1	-1	0	34	6	0	18	38	-1	0	0	36	34	0	0	-1	0	0	0	31
c26408	33	9	0	0	-1	-1	0	-1	0	-1	-1	31	0	48	48	43	34	0	33	0	0	46	34	31	0	-1	0	0	0	31
c26412	0	0	35	31	20	-1	-1	42	-1	0	0	-1	31	0	0	0	0	0	-1	16	-1	0	26	0	0	0	0	-1	0	-1
c26414	49	48	0	0	0	0	0	-1	0	-1	0	31	-1	0	-1	-1	34	0	31	0	-1	0	-1	0	0	7	0	0	0	-1
c26456	0	-1	0	-1	0	43	4	-1	0	-1	4	15	-1	0	0	0	0	47	0	-1	0	-1	-1	0	0	-1	31	-1	0	31
c26486	0	0	0	15	0	43	-1	0	34	0	-1	15	0	0	-1	0	0	34	0	-1	0	0	0	11	0	9	0	0	34	31
c26497	30	0	0	35	0	0	0	0	-1	0	21	-1	-1	0	4	0	0	46	31	0	0	-1	0	0	0	0	-1	11	23	31
c26518	24	0	0	-1	0	0	0	-1	0	31	0	-1	0	-1	6	0	0	0	0	11	0	36	0	0	0	11	-1	0	0	31
c26543	15	0	0	15	0	0	0	26	-1	0	-1	0	0	0	0	9	0	0	-1	46	-1	26	0	0	0	0	0	0	23	31
c26546	-1	-1	0	20	-1	0	0	-1	45	0	-1	38	0	4	6	0	0	0	42	-1	0	36	0	0	0	0	0	0	31	31
c26548	-1	0	4	0	0	26	-1	-1	0	-1	0	31	46	31	0	43	-1	0	49	43	-1	0	0	0	24	0	-1	0	0	31
c26549	-1	0	4	-1	0	26	24	-1	0	-1	0	31	46	31	-1	43	-1	0	49	43	-1	-1	0	-1	24	0	0	0	0	31
c26575	0	0	0	0	0	0	0	0	-1	0	21	0	0	0	0	41	0	31	31	0	0	26	-1	0	0	0	0	-1	23	31
c26592	49	-1	0	0	-1	0	11	-1	0	-1	31	31	-1	0	-1	43	34	-1	31	0	-1	0	0	0	-1	0	0	26	0	-1
c26594	-1	0	0	18	0	43	4	-1	0	0	0	15	-1	18	34	-1	0	0	-1	-1	0	0	0	0	-1	0	-1	-1	21	31
c26622	0	0	0	0	0	45	-1	0	-1	0	0	37	38	22	35	0	0	31	31	50	0	-1	9	0	0	0	-1	45	0	31
c26626	0	0	35	0	-1	0	0	-1	0	11	0	35	0	0	-1	0	0	0	0	0	0	36	-1	16	0	11	0	23	0	31
c26631	0	-1	0	0	-1	43	4	0	0	0	0	15	4	0	0	0	0	-1	0	0	0	0	0	0	0	0	31	0	-1	-1
c26636	-1	0	-1	0	0	0	-1	-1	0	0	0	0	31	0	-1	0	0	0	0	0	0	36	39	-1	0	0	15	0	37	-1
c26642	0	0	0	0	48	0	0	-1	-1	0	0	0	0	0	0	0	0	0	31	0	20	-1	0	20	0	-1	15	-1	0	31
c26652	0	0	0	0	0	-1	-1	-1	0	-1	0	31	-1	0	48	43	34	0	0	0	18	0	-1	0	31	0	-1	46	29	31
c26661	0	29	0	0	0	0	0	31	-1	0	0	-1	34	0	0	0	-1	0	-1	0	0	0	26	-1	-1	0	33	-1	0	31
c26671	26	0	0	0	0	43	-1	6	0	-1	0	15	0	0	0	9	0	23	0	0	0	0	0	0	34	0	0	0	-1	31
c26695	49	0	0	0	9	-1	0	-1	-1	-1	0	-1	-1	-1	24	-1	34	0	31	0	-1	0	-1	-1	0	0	-1	0	0	31
c26697	0	-1	-1	0	-1	31	4	49	-1	0	45	37	-1	-1	0	24	0	0	31	0	0	21	0	39	0	0	0	-1	-1	31
c26724	-1	9	-1	21	0	0	0	-1	0	-1	26	-1	0	-1	48	43	34	0	0	0	30	0	41	0	0	-1	0	-1	0	31
c26728	0	-1	0	0	0	24	0	-1	-1	9	0	31	0	-1	-1	43	0	0	0	31	31	31	0	0	-1	43	0	0	0	31
c26736	0	31	-1	0	0	-1	0	-1	-1	0	0	31	0	38	26	-1	0	49	0	26	0	0	0	-1	31	-1	-1	0	0	31
c26737	0	31	-1	-1	0	-1	0	-1	34	-1	0	31	0	38	26	43	0	-1	0	26	-1	-1	0	18	31	0	0	0	0	31
c26738	0	0	-1	-1	0	43	4	-1	34	-1	-1	15	0	0	18	0	0	0	0	0	31	0	-1	48	0	9	0	0	34	31
c26739	0	0	0	-1	-1	-1	4	0	34	-1	-1	15	0	0	18	0	0	0	0	0	31	0	0	48	0	9	0	0	34	31
c26758	0	33	0	-1	-1	0	-1	0	-1	0	21	0	0	0	0	0	0	-1	-1	-1	-1	-1	0	0	0	0	31	-1	23	31
c26766	0	0	0	0	20	0	0	0	-1	24	36	0	3	0	-1	0	0	0	-1	26	0	0	26	0	0	0	-1	0	0	31
c26773	9	0	-1	0	34	45	4	0	-1	0	10	-1	18	0	35	33	-1	18	31	0	0	21	9	0	0	31	0	45	0	31
c26808	0	0	35	31	0	41	0	0	-1	0	21	0	-1	0	0	0	0	0	31	0	0	26	0	0	-1	-1	0	0	23	31
c26819	15	-1	0	-1	0	0	0	-1	0	0	-1	-1	-1	35	-1	-1	0	-1	0	0	-1	36	0	38	-1	-1	0	0	37	31
c26823	0	0	-1	-1	-1	-1	4	-1	-1	-1	29	37	0	-1	-1	0	20	0	31	0	-1	21	-1	0	0	3	0	-1	0	-1
c26826	0	31	0	0	0	-1	-1	0	-1	-1	21	0	0	0	11	0	31	0	31	46	0	26	0	0	0	0	0	0	23	31
c26833	15	0	0	-1	0	0	-1	36	-1	29	-1	-1	0	-1	0	0	0	0	31	0	0	-1	0	0	0	0	-1	-1	23	31
c26835	-1	0	0	24	0	-1	0	-1	0	-1	18	31	35	50	24	43	34	0	0	0	-1	-1	0	0	0	-1	0	-1	0	31
c26842	0	0	0	-1	-1	43	-1	0	0	0	0	15	0	31	-1	0	47	0	-1	0	-1	0	0	0	-1	0	0	0	0	31
c26905	-1	0	-1	0	0	0	-1	0	-1	0	7	0	0	-1	0	-1	0	0	33	0	0	0	10	0	-1	0	0	0	0	31
c26907	0	0	0	0	-1	24	0	-1	34	46	45	31	0	-1	0	43	0	0	11	37	-1	0	0	0	0	0	0	30	0	-1
c26920	49	0	31	-1	0	0	46	-1	31	-1	0	31	15	0	-1	43	34	0	31	0	0	0	-1	0	-1	-1	-1	0	0	31
c26921	49	0	31	0	0	0	46	-1	31	-1	0	31	15	0	0	43	-1	0	31	0	0	-1	0	0	0	49	21	0	0	-1
c26923	0	0	-1	6	0	0	4	0	-1	-1	-1	37	-1	0	0	0	31	-1	31	-1	0	21	0	-1	0	0	-1	45	23	31
c26927	37	0	0	0	0	0	0	-1	9	-1	24	31	0	-1	26	43	34	9	-1	0	0	0	0	0	0	-1	0	0	0	31
c26983	0	0	0	0	0	0	0	-1	0	-1	-1	-1	-1	50	11	43	34	-1	9	-1	0	0	7	0	0	0	0	0	-1	-1
c26984	-1	0	0	-1	0	0	-1	-1	0	-1	0	-1	11	9	48	43	34	0	0	0	0	0	0	-1	0	0	0	0	29	31
c26997	0	-1	0	0	0	31	-1	-1	-1	-1	0	31	11	0	48	-1	34	0	-1	0	0	0	-1	0	-1	0	0	46	29	31
c27044	45	0	0	25	0	0	-1	-1	34	9	0	31	-1	-1	-1	43	0	-1	-1	0	0	34	-1	38	26	0	0	0	0	-1
c27056	0	-1	0	41	0	35	-1	0	-1	0	21	0	0	0	0	0	0	-1	-1	0	-1	26	18	0	0	31	0	0	23	31
c27060	0	0	0	-1	0	-1	4	0	-1	0	29	37	0	0	0	-1	0	0	31	0	-1	21	16	9	0	0	0	45	31	31
c27079	0	0	0	0	0	0	0	0	-1	-1	21	0	0	-1	0	0	0	-1	31	0	45	0	-1	0	0	-1	30	24	23	31
c27095	10	29	0	-1	29	0	0	31	-1	-1	-1	-1	34	31	0	45	-1	23	31	-1	0	-1	26	-1	0	31	33	0	39	-1
c27097	33	9	-1	0	0	0	0	-1	0	-1	-1	31	0	0	48	43	-1	0	0	-1	0	46	34	-1	0	-1	0	4	0	31
c27104	-1	0	13	0	-1	-1	-1	-1	0	-1	31	-1	46	31	9	43	34	0	-1	0	0	24	-1	0	24	0	-1	0	-1	-1
c27105	49	0	13	-1	-1	-1	-1	-1	-1	-1	31	31	-1	31	-1	43	34	0	49	0	0	24	0	0	-1	0	0	0	0	-1
c27122	0	34	0	0	-1	31	4	0	-1	45	0	37	33	45	0	0	0	0	-1	0	0	-1	-1	43	0	0	-1	45	-1	31
c27143	0	0	0	26	0	0	38	9	-1	40	30	-1	-1	0	0	0	31	-1	31	-1	0	0	23	0	28	9	18	-1	0	31
c27160	30	0	-1	0	0	24	0	-1	34	0	0	31	-1	0	-1	43	0	0	-1	31	0	31	0	0	-1	43	0	0	0	31
c27198	-1	33	0	0	0	45	4	-1	-1	0	0	37	38	0	35	0	0	0	31	50	0	21	9	-1	-1	-1	0	45	0	31
c27200	-1	0	0	0	-1	-1	0	-1	-1	0	0	38	0	0	-1	-1	41	46	31	0	0	21	0	-1	0	0	0	45	0	31
c27207	-1	4	0	-1	20	0	0	0	-1	0	0	0	0	0	-1	0	0	0	31	0	0	0	26	0	0	23	0	0	0	31
c27232	0	0	0	-1	0	47	0	-1	-1	29	-1	0	0	-1	0	22	26	10	-1	-1	0	-1	0	0	0	0	-1	0	23	31
c27261	49	-1	0	0	0	-1	-1	-1	46	-1	0	31	4	0	0	43	34	0	0	0	0	39	0	11	24	0	-1	0	0	31
c27263	49	0	-1	0	11	0	0	-1	46	-1	0	31	4	0	0	-1	34	0	0	0	0	-1	-1	-1	24	-1	-1	0	0	31
c27282	0	-1	0	0	41	24	-1	-1	34	0	45	31	0	-1	0	-1	49	0	0	-1	-1	0	0	0	31	0	0	0	0	31
c27286	49	0	4	0	0	26	24	-1	20	-1	-1	31	46	31	0	43	-1	0	49	43	0	0	0	-1	24	0	0	0	0	31
c27287	49	0	4	0	0	26	24	-1	20	-1	0	31	46	31	0	-1	34	0	-1	43	-1	0	0	-1	24	0	0	0	-1	-1
c27298	-1	-1	0	15	31	43	-1	-1	0	-1	-1	-1	0	-1	0	0	-1	0	0	-1	4	0	0	41	0	46	31	0	18	31
c27307	-1	0	39	-1	0	-1	4	34	0	0	7	-1	31	36	0	46	-1	34	0	0	-1	47	10	-1	0	0	0	46	0	31
c27359	0	0	0	0	-1	-1	-1	-1	-1	0	-1	31	0	0	-1	43	0	0	0	31	0	-1	0	0	-1	43	0	21	0	31
