	0	1	2	3	4	5	6	7	8	9	10	11	12	13	14	15	16	17	18	19	20	21	22	23	24	25	26	27	28	29
c566	-1	0	0	30	0	41	-1	-1	0	0	-1	0	0	0	0	0	0	0	0	23	0	0	19	0	0	0	0	19	-1	37
c2254	0	0	-1	-1	0	-1	32	0	2	0	-1	0	0	0	-1	0	47	0	0	0	17	50	7	0	0	0	0	-1	0	37
c2437	0	0	0	0	-1	0	0	37	2	-1	-1	0	0	0	-1	0	47	42	0	0	-1	50	-1	0	0	-1	-1	19	0	37
c3266	34	-1	0	0	0	0	0	0	0	0	0	0	0	6	0	0	1	11	0	7	0	0	24	20	43	38	0	0	3	0
c3986	0	0	-1	0	35	27	2	0	0	-1	-1	0	-1	0	12	0	0	-1	0	-1	-1	0	38	-1	42	-1	0	-1	0	0
c4107	-1	0	33	0	0	41	-1	0	0	-1	23	-1	36	4	-1	0	0	-1	0	23	0	0	42	0	0	12	-1	19	0	37
c4152	-1	0	-1	0	0	41	28	0	0	0	0	-1	0	0	-1	28	0	-1	0	23	-1	-1	0	31	0	0	29	-1	0	37
c4403	3	0	0	0	0	41	0	22	0	0	-1	0	33	15	7	31	-1	0	-1	23	0	0	0	39	0	0	0	19	-1	-1
c4460	0	7	38	0	-1	27	2	-1	0	0	-1	-1	31	0	12	-1	0	7	0	7	0	39	0	-1	0	14	0	-1	-1	-1
c4681	0	0	0	0	0	0	-1	0	2	0	-1	0	0	0	-1	0	47	0	0	0	26	50	7	0	0	-1	0	19	-1	37
c4946	-1	26	0	41	0	0	0	-1	0	0	0	0	0	-1	39	0	0	0	0	7	0	38	0	0	-1	0	0	-1	-1	31
c5051	3	0	0	0	0	41	-1	-1	0	0	-1	0	39	-1	-1	15	-1	0	0	23	0	0	0	-1	0	0	-1	19	0	37
c5111	7	-1	0	-1	-1	0	0	0	-1	-1	0	0	7	-1	0	0	-1	0	0	7	0	31	0	-1	-1	-1	-1	0	0	31
c5170	7	26	0	-1	0	0	0	0	12	-1	0	0	-1	0	-1	0	0	-1	0	7	0	-1	0	34	0	0	39	42	0	31
c5352	7	26	26	41	-1	0	-1	0	0	0	0	7	-1	0	0	0	0	-1	-1	-1	0	20	17	0	0	38	0	0	0	31
c5385	-1	0	-1	0	-1	41	0	0	0	0	12	-1	0	0	-1	0	0	26	-1	23	0	0	0	7	0	0	0	-1	0	37
c5488	-1	26	-1	41	0	0	0	0	0	0	0	0	0	22	0	0	0	-1	-1	7	0	0	0	0	-1	26	0	0	0	31
c5497	3	22	0	0	0	-1	0	0	-1	-1	-1	7	-1	-1	-1	0	0	0	49	23	30	0	-1	28	0	-1	0	-1	38	37
c5518	3	0	0	-1	42	0	0	-1	2	41	-1	20	37	0	-1	0	-1	-1	0	0	0	50	0	0	-1	33	0	-1	-1	37
c5545	0	0	0	-1	7	0	38	0	0	0	-1	0	0	6	22	0	0	26	0	-1	-1	0	24	-1	33	0	0	31	0	28
c5950	3	-1	0	0	0	41	0	0	-1	-1	0	0	-1	0	0	-1	37	-1	22	23	0	-1	0	3	0	0	0	19	23	37
c5953	-1	0	-1	0	0	0	0	0	-1	0	-1	0	0	-1	-1	1	47	0	0	0	0	50	7	23	9	0	0	-1	-1	37
c6105	-1	-1	29	7	0	41	-1	0	0	0	0	0	0	0	0	0	0	0	0	23	0	0	0	0	38	0	0	19	19	37
c6425	3	0	0	-1	0	41	0	22	28	-1	12	0	0	-1	0	-1	-1	0	0	23	-1	0	0	0	-1	38	0	19	0	37
c6443	0	26	38	-1	35	27	2	0	-1	0	-1	-1	31	-1	12	0	-1	7	0	7	-1	0	0	-1	0	14	-1	-1	17	-1
c6546	3	-1	0	0	-1	41	-1	-1	0	0	-1	7	0	-1	0	23	0	19	-1	23	-1	0	-1	31	23	0	0	19	0	37
c6763	-1	0	38	0	35	-1	0	-1	0	0	42	-1	0	0	0	0	21	7	-1	7	0	0	22	-1	0	0	-1	37	0	0
c6884	-1	0	0	26	38	0	7	0	2	0	-1	0	-1	-1	-1	0	-1	27	0	-1	0	50	41	26	0	0	-1	19	26	37
c6885	0	0	0	26	-1	0	7	0	2	0	-1	0	0	29	-1	0	47	0	0	-1	0	50	41	26	0	0	0	19	26	37
c6953	0	-1	38	0	35	-1	-1	15	-1	28	0	0	17	0	0	0	23	-1	0	7	0	0	-1	0	-1	0	42	37	0	0
c6973	3	0	33	22	0	41	0	0	-1	0	-1	34	-1	0	0	0	0	0	0	23	0	0	-1	-1	0	12	0	-1	0	37
c7050	-1	-1	0	-1	1	0	0	0	0	0	0	0	0	6	0	0	1	0	0	7	38	0	-1	-1	43	38	0	0	0	0
c7075	0	0	0	0	0	0	0	42	-1	-1	-1	0	-1	6	0	0	37	0	0	7	0	42	24	0	0	0	0	0	0	34
c7078	3	0	0	0	0	41	0	-1	-1	0	-1	0	0	28	38	-1	49	0	7	23	22	0	0	-1	-1	31	14	19	-1	-1
c7405	0	0	38	0	35	27	0	22	12	0	47	0	-1	0	0	28	0	4	0	7	0	0	-1	-1	0	0	0	37	0	4
c7582	0	0	0	0	-1	0	0	0	-1	0	-1	-1	0	-1	-1	0	47	0	0	0	0	50	0	0	34	0	-1	19	0	37
c7608	0	0	38	0	-1	-1	17	0	0	28	0	0	0	0	0	0	23	0	0	7	0	0	0	0	-1	0	42	37	0	-1
c7695	0	22	0	0	33	0	0	16	-1	0	0	0	0	6	0	4	0	0	0	7	0	0	24	0	0	0	0	0	0	-1
c7804	7	26	0	-1	-1	0	38	0	12	-1	0	0	0	0	-1	0	0	0	10	7	0	-1	-1	34	-1	-1	39	42	0	31
c7809	7	-1	0	41	0	26	0	-1	0	0	47	-1	0	-1	-1	26	38	0	0	7	-1	0	0	0	14	-1	-1	0	28	31
c7921	0	0	-1	0	0	0	16	0	2	14	-1	-1	17	36	-1	0	-1	-1	-1	26	26	50	7	0	0	0	0	-1	-1	37
c7930	0	0	0	0	-1	0	0	12	0	0	0	0	0	-1	-1	0	0	0	0	7	0	0	24	0	0	49	-1	0	0	34
c7939	0	-1	-1	0	-1	48	0	0	24	-1	7	0	0	-1	0	0	0	26	0	7	0	0	24	17	-1	0	18	0	0	0
c8018	0	0	0	26	0	-1	0	7	2	0	-1	-1	0	29	-1	0	-1	0	0	0	0	50	-1	0	0	-1	-1	19	0	-1
c8025	0	0	0	0	10	0	0	0	2	0	-1	0	-1	0	-1	22	47	0	0	-1	40	50	7	0	0	0	0	19	-1	37
c8042	-1	26	0	41	0	0	0	0	19	0	28	0	0	0	0	-1	0	0	0	7	43	0	0	-1	28	0	-1	0	0	31
c8080	3	-1	0	0	-1	41	0	0	-1	0	0	-1	0	28	0	-1	-1	0	0	23	-1	0	0	-1	18	0	-1	19	0	-1
c8197	0	0	38	0	35	27	0	22	12	0	47	0	-1	0	0	28	0	0	0	7	0	0	0	-1	0	0	0	37	-1	4
c8258	28	-1	-1	0	35	27	0	0	-1	38	-1	0	-1	0	14	0	0	-1	-1	7	-1	-1	-1	-1	22	0	-1	37	0	38
c8430	28	0	0	0	0	38	23	0	0	23	23	0	0	-1	0	0	0	-1	0	7	26	0	24	0	-1	0	0	0	-1	0
c8436	0	-1	38	0	35	27	38	0	0	0	-1	0	18	-1	48	0	0	-1	0	7	-1	0	0	-1	0	0	27	37	0	0
c8467	7	26	0	41	0	0	-1	-1	0	0	-1	0	0	8	39	27	0	0	-1	7	-1	0	0	0	-1	0	0	-1	0	31
c8480	7	-1	0	41	-1	43	-1	1	31	0	0	-1	0	26	0	26	0	38	-1	7	0	0	26	0	0	49	-1	-1	0	16
c8561	-1	0	0	-1	0	-1	-1	0	0	0	23	0	-1	6	34	0	0	-1	0	7	0	0	-1	0	37	0	-1	-1	28	26
c8573	3	28	26	19	46	-1	0	0	42	7	0	49	15	0	0	0	0	49	0	-1	0	31	0	2	0	-1	31	19	-1	37
c8574	0	23	38	0	35	27	38	-1	0	0	-1	0	-1	-1	48	0	21	7	0	7	0	0	-1	-1	34	38	-1	37	49	0
c8575	-1	23	38	0	35	27	38	0	0	0	-1	0	-1	0	-1	0	21	7	0	-1	0	0	0	-1	34	38	0	37	49	0
c8627	-1	0	38	-1	35	27	0	0	0	0	42	0	0	32	17	0	0	7	0	7	-1	-1	12	-1	0	0	0	37	0	0
c8639	3	-1	-1	0	0	41	0	-1	38	0	0	0	-1	0	0	0	0	0	0	23	0	0	0	31	0	0	-1	19	0	-1
c8670	-1	-1	0	0	0	0	14	0	0	39	0	7	0	6	0	0	0	-1	-1	7	0	-1	24	-1	33	-1	0	31	0	0
c8702	3	28	26	37	46	41	-1	-1	20	0	0	0	15	-1	0	0	0	15	42	23	0	31	0	2	0	0	-1	19	0	37
c9195	26	0	0	27	-1	0	0	42	0	0	39	0	0	-1	28	-1	0	0	0	7	0	-1	24	-1	0	0	0	-1	0	0
c9221	3	0	0	30	0	-1	0	-1	34	-1	12	0	31	-1	0	31	0	-1	-1	23	0	-1	12	-1	0	0	0	19	0	37
c9232	0	0	38	12	35	27	-1	38	15	0	-1	0	18	0	-1	0	1	-1	0	7	0	0	0	-1	0	38	0	37	0	0
c9292	-1	12	12	0	0	0	0	0	23	31	23	0	0	6	0	0	0	0	49	7	8	0	24	26	0	0	0	0	38	0
c9306	-1	0	0	0	0	41	0	-1	-1	0	-1	0	0	28	38	0	0	42	7	23	22	0	-1	0	-1	31	14	-1	-1	37
c9322	-1	0	0	0	0	0	0	0	2	0	-1	-1	0	0	-1	42	47	42	-1	-1	-1	50	0	23	0	0	38	-1	0	37
c9424	7	26	0	41	0	43	0	-1	31	0	0	-1	0	0	31	26	0	38	34	7	0	17	26	0	0	0	-1	0	4	-1
c9519	23	0	-1	31	35	27	0	0	12	0	47	0	-1	0	0	0	-1	0	0	7	0	0	0	-1	-1	-1	0	37	9	-1
c9532	0	0	0	26	0	0	0	-1	-1	0	-1	0	0	-1	-1	19	47	0	-1	0	22	50	-1	-1	0	33	-1	19	0	37
c9550	0	0	0	-1	0	0	0	31	2	0	-1	0	-1	29	-1	0	47	0	0	0	-1	50	0	-1	-1	0	0	19	-1	37
c9555	-1	0	0	0	0	11	-1	-1	0	0	-1	0	0	0	-1	0	0	16	0	-1	0	-1	0	-1	38	0	-1	-1	0	0
c9672	-1	0	0	0	0	-1	-1	31	0	0	0	0	0	-1	0	0	0	16	0	-1	-1	12	0	-1	38	0	39	-1	0	0
c9692	-1	0	-1	0	0	0	0	0	-1	0	-1	0	0	0	-1	0	47	0	17	8	0	50	7	34	15	0	-1	-1	0	37
c9711	3	0	31	0	0	41	0	22	0	23	12	0	33	15	7	31	28	0	0	23	0	-1	0	0	-1	0	39	-1	7	37
c9777	3	0	0	0	0	41	0	22	0	-1	-1	0	0	-1	2	31	0	0	0	23	0	-1	0	0	0	0	0	19	0	37
c9867	3	0	0	0	0	41	0	-1	0	-1	12	0	12	0	2	31	0	28	0	23	0	0	43	-1	-1	0	0	19	0	37
c9883	3	38	33	12	0	41	0	0	0	0	0	0	7	0	0	0	32	0	0	23	-1	0	42	0	0	-1	42	-1	0	37
c9916	0	-1	28	0	35	0	6	16	0	0	7	42	0	-1	-1	0	-1	-1	-1	-1	29	-1	7	0	23	47	23	0	0	0
c9917	0	0	28	0	35	0	6	16	24	-1	7	42	0	-1	26	0	0	-1	0	-1	-1	11	7	0	23	47	23	-1	-1	0
c9974	0	0	38	0	35	27	0	0	-1	0	-1	0	-1	0	0	0	0	7	0	7	0	-1	22	-1	23	0	0	37	0	0
c10090	28	12	38	0	35	27	0	0	12	0	-1	0	-1	0	0	28	-1	0	0	-1	0	8	-1	-1	0	0	-1	37	0	4
c10125	22	0	38	0	35	27	38	42	42	0	-1	-1	18	-1	-1	0	0	-1	0	7	0	-1	0	-1	37	19	0	37	0	0
c10161	28	26	-1	0	35	27	2	-1	0	0	-1	-1	-1	23	12	-1	-1	7	0	7	0	0	0	-1	0	14	-1	-1	17	-1
c10175	7	26	0	41	27	43	0	0	31	0	0	0	-1	0	0	0	6	38	0	7	17	0	0	-1	0	-1	-1	0	0	16
c10189	3	28	0	0	-1	41	0	0	42	0	0	-1	15	0	0	0	-1	0	0	23	0	31	33	2	0	-1	31	-1	0	37
c10276	0	26	0	0	-1	-1	0	0	24	0	7	0	0	6	-1	-1	31	-1	18	7	14	0	24	0	-1	0	-1	0	0	36
c10316	26	-1	37	27	0	0	7	0	-1	0	0	-1	-1	6	28	0	0	0	0	7	-1	0	24	0	0	0	33	39	0	-1
c10325	-1	-1	38	0	35	27	0	47	-1	0	47	0	-1	0	-1	0	0	0	0	7	22	0	22	-1	0	0	0	37	0	4
c10343	-1	24	0	26	-1	37	-1	0	2	0	-1	0	-1	29	-1	0	47	22	0	19	23	50	39	0	0	-1	-1	19	0	37
c10383	-1	0	0	0	7	41	0	0	-1	0	12	0	0	28	38	0	-1	0	7	23	0	0	0	0	-1	31	14	19	-1	-1
c10407	21	-1	0	0	0	46	23	17	0	0	0	0	0	6	-1	7	23	0	-1	-1	-1	-1	-1	0	-1	0	26	0	0	23
c10474	7	26	39	41	28	-1	22	28	-1	-1	0	0	-1	0	-1	39	23	0	0	-1	0	0	0	0	22	0	0	-1	0	31
c10514	28	0	38	32	35	27	39	0	0	0	42	0	0	-1	0	47	0	-1	-1	-1	27	0	22	-1	0	0	-1	37	0	0
c10517	-1	0	17	0	0	-1	0	0	0	0	23	-1	23	6	0	-1	0	0	-1	7	0	0	-1	2	26	-1	27	0	38	-1
c10550	0	0	0	0	0	0	0	0	-1	0	-1	-1	0	26	-1	0	47	-1	0	0	28	50	0	0	0	0	0	-1	0	37
c10551	-1	0	0	0	0	0	17	0	2	0	-1	-1	0	0	-1	0	-1	0	0	0	0	-1	0	0	0	0	0	19	17	37
c10580	3	-1	-1	-1	-1	41	0	0	14	-1	0	-1	0	0	0	0	-1	0	0	23	-1	0	0	0	24	0	28	19	0	37
c10635	0	0	0	0	0	-1	31	0	2	0	-1	-1	22	39	-1	0	47	42	26	-1	0	50	7	0	23	0	0	19	0	37
c10665	0	-1	-1	2	0	22	0	0	2	0	-1	0	0	-1	-1	0	47	28	0	-1	32	-1	0	-1	-1	37	39	19	0	37
c10669	3	0	0	-1	-1	41	7	45	-1	26	0	33	15	-1	0	0	0	0	0	23	28	35	0	0	42	0	0	19	0	37
c10764	19	0	22	-1	1	0	-1	-1	-1	-1	0	15	23	6	26	0	39	0	-1	7	-1	11	24	0	0	0	23	38	0	0
c10792	3	0	0	12	0	41	7	0	33	42	0	0	0	0	0	0	0	0	0	-1	-1	-1	-1	0	17	0	7	19	0	37
c10821	26	0	0	27	0	0	0	0	0	-1	0	0	1	6	28	0	0	39	0	7	-1	0	24	0	-1	0	0	0	40	-1
c10831	3	0	0	0	-1	41	0	22	-1	-1	12	49	33	0	0	-1	0	-1	-1	23	0	0	0	0	0	-1	0	19	23	37
c10846	3	38	-1	0	-1	-1	0	0	-1	0	12	0	0	28	38	-1	0	0	7	23	-1	0	0	0	-1	31	14	-1	-1	-1
c10863	0	0	38	-1	35	27	38	0	7	0	-1	0	18	0	48	0	0	7	0	7	0	0	0	-1	0	0	0	37	0	0
c10875	-1	0	-1	23	35	27	0	0	0	-1	42	0	-1	0	26	0	0	7	22	7	-1	0	0	-1	0	0	0	-1	42	28
c10932	21	0	0	0	-1	0	0	0	37	0	0	-1	49	6	0	-1	0	42	17	7	0	0	24	0	0	0	26	0	38	23
c10989	0	0	26	-1	0	0	0	0	2	0	-1	0	17	-1	-1	28	47	41	0	-1	0	-1	-1	42	0	-1	0	19	26	37
c11001	-1	-1	0	42	0	41	0	23	0	0	-1	0	26	0	-1	0	0	0	-1	23	0	11	0	0	0	0	0	-1	0	37
c11012	3	-1	0	0	0	41	0	0	0	0	0	-1	0	0	0	-1	-1	0	0	23	0	32	0	0	0	0	26	-1	-1	-1
c11034	-1	26	0	41	0	0	2	-1	-1	-1	0	-1	38	0	0	-1	42	23	0	7	0	20	0	7	-1	-1	0	0	10	31
c11077	7	26	0	41	0	-1	0	0	0	0	3	0	0	-1	0	0	0	0	0	7	-1	0	49	0	0	0	0	0	0	31
c11100	0	0	38	42	35	27	38	42	0	0	-1	0	18	-1	48	0	26	7	41	7	-1	-1	0	-1	0	0	0	-1	-1	0
c11152	3	-1	-1	0	0	41	0	30	0	0	-1	0	-1	0	0	26	0	0	0	23	0	-1	0	0	-1	0	0	19	43	-1
c11181	-1	-1	0	0	-1	-1	0	0	0	0	23	0	0	6	34	-1	0	0	-1	7	0	0	-1	0	37	-1	38	0	28	26
c11201	0	26	0	0	8	-1	0	47	24	0	7	22	-1	6	0	0	0	0	-1	7	0	0	24	0	-1	-1	0	0	0	-1
c11247	-1	28	0	0	46	41	0	-1	-1	0	37	0	15	17	0	-1	-1	0	0	23	0	-1	-1	2	0	0	0	-1	-1	37
c11250	26	-1	0	27	-1	0	0	0	0	0	0	0	1	6	28	0	0	32	0	7	-1	-1	24	0	0	-1	0	0	40	0
c11256	7	26	-1	-1	0	0	0	0	34	39	0	0	-1	42	0	12	0	0	0	7	0	0	0	0	0	0	0	0	0	0
c11297	26	0	0	-1	0	0	-1	27	2	0	-1	0	0	29	-1	0	47	-1	-1	0	0	50	0	-1	1	0	-1	19	0	37
c11367	7	26	-1	-1	0	0	0	0	22	0	0	0	-1	-1	0	31	0	0	-1	7	0	0	0	0	0	0	0	0	0	31
c11380	7	0	0	0	0	0	0	0	2	0	-1	1	0	0	-1	-1	47	42	39	0	-1	50	0	0	0	26	38	19	0	-1
c11395	0	-1	0	0	23	-1	-1	37	24	0	-1	-1	0	-1	0	12	0	0	0	7	0	-1	24	-1	-1	0	39	3	0	0
c11414	3	0	0	-1	0	41	0	22	0	-1	12	0	23	-1	-1	31	0	0	0	-1	0	0	0	-1	0	-1	0	-1	0	37
c11443	-1	26	-1	41	0	0	0	0	12	-1	0	-1	0	-1	-1	0	-1	22	-1	7	0	0	0	0	22	0	0	42	-1	31
c11498	0	0	7	-1	0	-1	0	0	2	0	-1	38	0	-1	-1	0	47	0	0	43	0	50	0	0	0	0	0	-1	0	37
c11499	-1	0	0	26	0	-1	0	0	2	0	-1	38	0	29	-1	0	47	0	0	0	0	-1	0	0	0	0	-1	-1	0	37
c11543	-1	26	0	0	0	-1	-1	0	24	15	-1	0	0	6	26	0	-1	0	-1	7	-1	0	24	-1	-1	0	-1	0	0	36
c11546	-1	0	-1	12	0	41	0	0	0	0	19	-1	0	39	-1	0	0	0	32	23	0	0	0	0	0	0	0	19	26	37
c11581	0	-1	0	0	0	3	-1	-1	0	-1	0	0	0	6	15	0	46	23	0	7	16	-1	24	-1	0	19	0	-1	0	41
c11590	3	-1	0	0	-1	41	-1	0	0	0	0	35	0	-1	26	0	0	-1	0	23	1	-1	0	0	0	-1	-1	19	-1	37
c11612	0	-1	0	0	0	0	-1	0	2	0	-1	0	0	38	-1	0	47	-1	0	-1	0	50	0	0	26	-1	0	-1	0	-1
c11687	7	26	0	41	0	43	0	0	31	0	0	7	0	0	0	26	45	38	0	7	28	0	26	24	0	0	-1	0	4	-1
c11778	3	37	-1	-1	0	41	0	39	-1	0	27	0	-1	-1	0	38	-1	0	7	23	0	0	0	17	0	0	26	19	-1	37
c11784	0	0	38	0	-1	27	-1	-1	0	0	-1	0	18	0	48	0	0	7	0	7	37	0	-1	-1	-1	0	-1	-1	0	0
c11795	0	0	-1	-1	0	0	0	0	0	0	0	0	0	6	0	0	0	0	3	7	-1	0	24	0	0	-1	-1	0	0	-1
c11846	0	0	0	0	-1	0	0	-1	2	0	-1	0	0	39	-1	0	47	42	15	0	0	50	0	0	0	0	0	19	0	37
c11852	0	0	-1	-1	35	27	38	42	42	-1	-1	-1	18	0	48	0	0	7	0	7	0	-1	0	-1	0	0	0	37	31	-1
c11853	0	-1	38	0	35	27	38	42	42	0	-1	22	18	0	48	0	0	7	-1	7	0	-1	-1	-1	0	0	0	37	31	0
c11886	7	26	0	41	27	43	0	0	-1	0	-1	-1	-1	0	0	0	0	38	0	7	0	0	0	0	-1	0	-1	-1	0	16
c11898	0	-1	-1	0	29	0	0	0	0	-1	0	0	-1	6	27	0	0	0	-1	7	0	0	24	0	0	49	0	31	0	-1
c11942	26	0	38	0	35	27	17	0	0	0	0	0	0	0	0	0	23	50	1	7	49	43	0	0	38	0	42	37	39	0
c11963	3	0	0	0	0	41	0	0	23	0	0	0	12	0	0	0	-1	0	0	23	0	0	0	41	0	0	0	19	43	37
c11968	22	-1	38	0	35	27	-1	42	42	0	-1	0	18	-1	48	0	0	7	0	7	-1	-1	0	-1	-1	0	0	37	-1	0
c12030	3	37	0	41	0	41	0	39	38	0	0	-1	0	-1	-1	0	-1	22	0	23	0	0	28	26	-1	-1	-1	19	28	37
c12031	3	37	0	41	0	41	0	39	38	0	0	-1	-1	0	31	0	-1	22	0	-1	0	0	28	0	1	0	26	-1	28	37
c12035	-1	0	-1	0	0	41	0	0	-1	0	0	-1	-1	0	0	0	0	22	-1	-1	-1	-1	0	-1	-1	37	26	19	14	37
c12069	-1	-1	19	0	0	41	0	-1	-1	0	0	0	15	17	12	-1	0	0	-1	23	-1	0	0	0	0	0	0	19	-1	-1
c12144	3	0	31	-1	0	41	-1	22	0	23	12	0	33	15	7	31	28	0	0	23	-1	0	0	0	0	-1	0	19	0	-1
c12169	0	12	-1	0	12	0	0	0	26	0	23	0	30	6	0	0	0	-1	0	-1	-1	0	24	0	0	-1	0	-1	0	0
c12188	3	0	-1	0	0	41	0	0	0	-1	0	0	0	0	0	0	-1	0	-1	23	-1	0	0	39	24	0	26	19	-1	37
c12239	3	0	0	-1	0	41	-1	0	0	0	-1	-1	0	0	-1	37	-1	0	0	23	34	0	0	-1	0	0	0	19	-1	37
c12294	3	0	0	22	-1	-1	46	0	-1	0	0	0	15	0	-1	0	0	-1	-1	23	28	28	0	-1	22	0	0	19	0	37
c12307	0	-1	-1	46	-1	0	-1	0	0	0	23	0	0	6	0	0	0	33	0	-1	0	-1	24	0	0	-1	0	33	0	0
c12362	0	0	0	0	0	0	0	0	2	0	-1	38	0	-1	-1	0	47	0	-1	0	0	50	-1	-1	0	0	-1	19	0	37
c12376	28	-1	-1	0	35	27	2	-1	0	-1	-1	0	31	0	12	26	0	7	-1	7	0	0	0	-1	0	14	0	-1	-1	0
c12377	28	-1	38	-1	35	27	2	-1	0	0	-1	0	-1	0	-1	-1	-1	7	0	-1	0	0	0	-1	0	14	0	-1	-1	0
c12392	0	-1	38	0	-1	27	49	0	0	0	-1	0	26	0	-1	38	0	7	22	7	0	-1	33	-1	0	0	38	37	0	-1
c12403	-1	26	28	-1	-1	-1	-1	0	12	0	0	-1	26	35	-1	-1	0	0	8	7	0	31	42	0	-1	0	39	-1	0	31
c12518	7	26	39	41	0	-1	0	-1	-1	30	0	0	0	0	-1	0	0	0	-1	7	0	-1	0	0	22	-1	0	42	0	31
c12526	3	28	-1	0	46	-1	-1	0	-1	-1	0	0	15	0	18	0	0	0	0	23	0	31	0	2	0	0	14	19	0	37
c12550	0	0	38	0	35	-1	0	47	12	0	47	0	-1	0	45	0	33	0	0	-1	0	0	22	-1	0	0	49	37	0	4
c12551	0	0	38	0	35	-1	0	47	12	0	47	0	-1	0	45	-1	0	0	0	7	0	0	22	-1	0	0	0	37	0	4
c12592	3	0	-1	0	-1	41	37	0	49	0	12	0	0	0	0	-1	0	0	39	23	37	0	0	-1	-1	31	0	19	-1	37
c12608	19	0	38	41	35	27	2	0	0	-1	-1	-1	-1	0	12	0	0	-1	-1	-1	12	0	0	-1	42	14	0	-1	0	0
c12623	7	26	-1	41	0	0	0	-1	12	0	-1	-1	-1	0	-1	0	-1	-1	0	7	0	0	0	34	0	0	39	-1	0	31
c12629	-1	26	0	41	-1	43	0	0	-1	0	0	38	-1	-1	0	26	39	38	35	-1	0	0	26	0	0	0	-1	0	0	16
c12654	-1	0	19	0	26	0	0	0	0	0	0	-1	0	-1	0	0	-1	0	0	7	0	0	24	0	0	-1	0	0	0	0
c12735	3	23	0	-1	0	41	0	0	26	-1	34	0	15	0	33	0	0	0	0	23	28	0	31	-1	0	0	0	19	28	37
c12789	3	0	0	-1	0	41	0	0	0	0	12	0	0	0	0	37	0	0	0	23	0	0	26	7	0	0	0	19	0	37
c12795	0	0	38	0	35	-1	0	47	12	0	-1	0	-1	0	0	0	0	0	0	7	0	0	22	-1	0	0	0	37	0	4
c12804	0	0	0	-1	31	0	-1	0	2	0	-1	-1	38	29	-1	0	47	0	-1	0	22	50	19	0	-1	33	0	19	0	37
c12828	3	-1	0	0	0	41	0	22	-1	-1	12	0	0	-1	0	31	0	-1	-1	23	-1	-1	-1	0	-1	38	0	19	-1	37
c12834	0	0	-1	-1	35	-1	38	28	22	0	-1	0	-1	0	-1	0	0	7	0	7	-1	0	22	-1	17	0	0	37	2	-1
c12866	0	0	38	42	35	27	38	0	0	37	-1	0	18	0	-1	-1	0	7	0	7	0	0	-1	-1	0	0	-1	37	0	-1
c12888	0	26	38	0	35	27	2	0	0	-1	-1	0	31	-1	12	0	0	7	0	7	0	0	-1	-1	0	14	0	-1	17	22
c12899	7	26	0	-1	0	0	0	26	0	-1	-1	-1	-1	22	0	0	37	0	7	7	0	31	23	0	0	31	0	0	-1	31
c12955	3	0	0	0	26	41	0	-1	0	-1	-1	0	0	0	-1	0	0	0	0	-1	0	0	0	31	0	0	14	19	-1	-1
c13021	0	26	-1	1	-1	-1	0	38	2	0	-1	0	0	0	-1	26	47	0	0	0	0	50	7	0	0	43	0	19	0	37
c13024	-1	26	0	0	26	4	0	0	24	0	7	0	0	6	0	24	0	0	0	7	28	0	24	0	-1	0	0	0	-1	0
c13090	0	-1	38	12	35	27	38	-1	15	0	-1	0	18	0	-1	0	1	-1	-1	-1	-1	0	1	-1	0	38	0	37	3	0
c13123	0	-1	-1	0	35	27	2	0	-1	0	-1	0	31	23	12	0	0	7	-1	7	0	0	0	-1	0	14	0	-1	17	0
c13126	7	26	-1	41	-1	0	0	0	12	0	0	0	-1	0	-1	-1	0	-1	23	7	-1	-1	-1	29	22	-1	0	42	-1	31
c13184	7	26	-1	41	-1	0	0	0	0	0	32	0	49	-1	0	0	0	-1	0	7	-1	-1	-1	26	0	0	0	0	0	31
c13285	3	0	-1	-1	0	41	-1	22	0	0	12	0	33	-1	7	31	-1	7	38	23	0	-1	0	0	0	0	0	19	0	37
c13286	3	-1	0	-1	0	41	0	-1	-1	0	0	0	0	0	0	0	0	-1	0	23	0	0	-1	31	0	0	0	19	-1	37
c13330	-1	0	26	0	-1	41	0	-1	-1	0	0	0	7	0	0	30	0	0	0	23	0	0	-1	31	0	7	-1	19	7	-1
c13377	0	0	38	0	35	27	0	0	12	0	47	0	-1	0	0	-1	39	0	0	7	0	0	0	-1	0	0	0	37	0	4
c13397	26	-1	0	0	0	-1	0	0	0	0	-1	0	42	6	-1	-1	-1	0	-1	7	0	-1	24	-1	0	0	0	26	0	22
c13402	3	37	0	41	0	41	0	39	27	0	0	0	0	0	0	0	-1	0	0	23	0	0	0	0	0	0	26	-1	30	37
c13468	19	0	0	-1	0	0	38	10	0	0	0	15	23	6	-1	0	0	0	17	7	-1	0	-1	23	0	0	23	0	0	0
c13492	3	17	0	-1	0	41	-1	-1	0	0	-1	0	0	0	31	0	26	17	-1	23	-1	0	7	0	0	0	-1	19	-1	-1
c13509	0	12	12	0	-1	-1	26	0	26	0	-1	0	-1	6	0	0	0	0	0	-1	0	-1	24	0	0	0	0	0	0	32
c13510	7	-1	-1	-1	0	28	41	0	0	-1	0	0	0	22	15	-1	37	0	0	7	0	31	0	0	26	-1	0	0	0	31
c13515	7	26	-1	-1	-1	0	0	0	0	0	0	0	31	-1	39	-1	0	0	31	7	33	0	49	0	30	0	39	0	0	-1
c13538	3	0	7	0	49	41	3	0	49	0	-1	32	0	15	0	26	42	-1	-1	23	-1	0	0	4	-1	31	28	19	-1	37
c13564	-1	-1	0	0	38	0	-1	31	0	0	-1	0	0	0	0	0	-1	16	0	7	0	12	-1	-1	38	0	-1	-1	0	0
c13664	7	26	0	41	0	43	0	0	31	0	-1	-1	0	0	-1	26	22	38	0	7	0	42	26	36	0	0	-1	-1	0	-1
c13683	3	28	-1	0	46	41	0	0	0	37	-1	0	-1	-1	0	-1	-1	0	0	23	-1	31	0	2	0	26	14	19	0	37
c13687	3	-1	0	0	-1	41	23	-1	0	0	-1	0	15	0	7	-1	0	0	0	23	0	0	0	-1	0	-1	0	19	-1	37
c13732	36	-1	-1	0	35	-1	0	-1	0	-1	-1	-1	0	0	0	0	-1	7	0	7	-1	-1	0	-1	0	0	0	37	0	0
c13812	38	0	37	0	0	0	0	42	0	0	0	0	0	6	0	38	-1	0	0	7	-1	28	24	-1	34	-1	0	0	38	-1
c13828	7	-1	35	-1	0	0	-1	16	-1	7	0	0	0	0	-1	0	0	22	-1	7	0	0	0	-1	22	-1	0	42	0	31
c13835	33	17	-1	0	0	0	-1	0	0	0	-1	0	0	6	39	0	0	0	0	7	-1	0	24	0	0	26	0	23	0	0
c13866	26	0	0	27	0	0	0	0	0	0	-1	0	1	-1	28	0	0	-1	0	7	-1	-1	24	0	0	0	0	-1	40	0
c13874	0	0	38	0	-1	27	-1	0	0	-1	-1	34	-1	0	12	0	0	-1	0	7	12	0	0	-1	42	14	0	-1	-1	0
c13877	0	-1	38	0	35	27	38	42	-1	-1	-1	0	-1	29	48	0	0	7	0	7	0	-1	-1	-1	0	-1	-1	37	0	23
c13900	3	-1	0	26	0	-1	0	-1	-1	0	-1	7	0	50	0	0	0	0	0	23	-1	0	0	0	0	0	0	19	0	37
c13927	0	0	-1	0	0	39	0	0	0	0	7	0	-1	6	-1	-1	0	0	-1	7	-1	0	24	39	0	0	0	-1	3	0
c13932	-1	0	-1	0	35	27	38	42	0	38	-1	0	18	29	48	0	0	7	0	7	0	-1	0	-1	38	30	0	37	0	0
c13997	36	0	38	0	-1	27	31	0	0	0	42	-1	-1	0	0	0	0	7	-1	7	-1	-1	0	-1	0	0	0	37	-1	-1
c14031	0	0	38	0	35	27	38	0	-1	37	-1	0	18	0	48	0	0	7	-1	7	0	0	-1	-1	0	-1	3	37	0	0
c14040	7	-1	0	41	0	43	0	0	31	-1	0	7	0	-1	28	26	45	38	0	7	0	0	26	24	0	0	-1	-1	-1	-1
c14064	3	41	-1	0	0	41	0	22	0	-1	12	0	0	-1	-1	-1	0	0	0	23	0	0	0	0	0	0	0	19	-1	37
c14114	0	23	0	26	-1	0	-1	0	2	0	-1	0	0	29	-1	0	47	0	-1	19	38	-1	0	0	0	0	0	19	31	37
c14116	3	28	49	0	-1	41	0	-1	0	42	33	0	15	0	0	0	0	1	26	-1	0	0	0	2	1	0	7	19	-1	37
c14205	3	0	0	0	7	-1	0	0	-1	0	-1	0	0	28	38	0	-1	0	7	23	-1	0	0	0	-1	31	-1	19	-1	37
c14214	7	26	0	41	0	0	0	-1	0	0	-1	0	0	8	39	-1	0	0	0	7	22	-1	0	0	0	0	0	-1	38	31
c14238	49	0	38	12	35	27	-1	0	0	0	-1	0	18	0	-1	0	0	-1	0	7	12	0	0	-1	0	38	0	37	0	0
c14295	3	0	0	0	0	-1	0	0	0	0	30	0	0	0	0	0	0	0	-1	23	0	0	0	-1	0	0	0	-1	-1	-1
c14319	-1	26	0	41	0	0	0	-1	-1	0	0	0	6	22	7	0	28	42	0	7	14	-1	-1	-1	1	33	28	-1	0	31
c14333	-1	14	-1	0	-1	0	0	-1	-1	-1	-1	49	0	6	0	-1	0	37	0	7	-1	-1	24	0	7	0	-1	0	1	-1
c14336	3	-1	38	-1	-1	41	0	0	0	0	6	0	26	-1	0	0	0	0	0	23	0	11	0	-1	0	0	-1	-1	0	37
c14357	7	26	-1	41	0	26	0	35	42	0	-1	47	0	-1	0	0	-1	0	0	7	43	0	0	-1	-1	0	27	0	-1	31
c14362	3	0	0	0	0	41	0	-1	0	0	0	0	0	-1	29	-1	0	0	0	-1	0	17	37	31	23	0	0	-1	0	37
c14377	0	26	-1	26	0	31	0	-1	24	0	-1	0	22	6	12	0	0	-1	0	7	-1	-1	-1	0	-1	28	0	0	-1	-1
c14430	7	26	0	-1	0	-1	0	0	12	-1	0	-1	0	36	-1	0	-1	0	0	-1	0	0	0	0	-1	0	39	42	-1	-1
c14440	0	0	28	0	35	0	6	16	0	0	7	-1	0	-1	26	0	-1	-1	-1	7	29	-1	7	-1	23	47	23	0	0	0
c14460	0	0	37	26	0	-1	0	42	2	0	-1	38	0	29	-1	0	47	0	38	0	-1	50	0	-1	0	42	0	19	-1	37
c14466	3	17	0	0	-1	41	0	0	0	0	34	0	0	0	31	28	35	-1	28	23	0	-1	7	0	49	0	-1	19	38	37
c14469	0	-1	-1	0	0	27	0	0	0	26	0	22	0	6	32	0	0	0	3	7	0	0	24	0	30	0	0	0	0	0
c14477	26	0	0	-1	0	7	0	42	39	0	-1	0	0	6	28	-1	0	1	0	7	-1	0	24	0	0	0	0	0	0	0
c14479	-1	0	-1	0	0	-1	-1	-1	0	0	42	37	0	-1	0	28	0	0	0	-1	0	0	0	31	-1	-1	0	-1	0	37
c14493	-1	-1	7	0	0	0	-1	26	0	0	24	0	0	0	0	0	30	-1	0	7	0	-1	0	-1	-1	-1	28	-1	-1	0
c14516	3	0	0	-1	0	41	0	0	0	0	0	0	26	0	0	-1	0	0	0	23	0	11	0	0	0	-1	-1	-1	0	37
c14591	0	31	0	0	0	0	0	0	2	0	-1	0	38	-1	-1	41	47	0	0	0	0	50	7	23	0	28	-1	19	0	37
c14619	3	0	-1	12	0	-1	0	35	7	0	0	-1	-1	0	39	8	0	39	-1	23	0	-1	0	17	0	0	33	19	0	-1
c14627	3	0	0	0	0	-1	-1	22	0	0	-1	-1	33	15	7	31	28	-1	0	-1	0	-1	-1	23	0	0	0	19	-1	37
c14632	3	0	0	0	0	41	0	-1	34	-1	12	-1	31	-1	-1	31	0	0	0	23	0	0	-1	0	-1	0	0	19	0	37
c14633	3	0	0	0	0	-1	0	-1	34	-1	12	0	31	-1	0	31	0	0	0	23	0	-1	0	0	0	23	-1	19	-1	-1
c14640	0	12	12	0	-1	-1	19	-1	49	-1	-1	-1	38	6	0	-1	0	-1	-1	7	38	-1	24	0	23	0	11	0	0	0
c14679	7	26	-1	41	-1	-1	0	0	12	0	0	0	26	0	-1	0	0	17	0	-1	-1	-1	0	0	-1	0	39	42	0	-1
c14769	7	26	-1	41	28	26	0	0	12	0	0	0	-1	-1	-1	46	0	0	0	7	-1	0	-1	-1	0	32	39	-1	-1	-1
c14774	0	0	42	0	0	0	23	-1	0	23	23	24	0	6	0	0	7	0	-1	7	0	0	-1	0	0	0	0	0	28	0
c14781	28	-1	38	23	35	-1	0	0	0	0	42	15	0	-1	-1	0	-1	-1	0	7	0	0	22	-1	0	0	-1	37	0	0
c14788	3	28	0	0	26	41	7	0	0	0	-1	30	15	0	0	0	28	0	0	23	0	-1	0	2	0	0	38	19	0	37
c14797	0	0	38	0	35	27	0	0	12	0	47	0	-1	0	0	28	0	0	-1	7	0	-1	0	-1	0	0	-1	-1	0	4
c14874	-1	-1	28	41	28	-1	0	0	-1	38	-1	0	23	35	-1	-1	0	0	8	7	-1	0	-1	0	22	0	39	-1	0	31
c14882	-1	26	39	41	0	0	0	-1	-1	36	-1	0	23	0	-1	23	0	26	-1	-1	0	17	0	0	22	0	17	42	0	31
c14897	3	17	0	0	0	41	0	0	24	0	-1	0	-1	-1	31	0	-1	17	28	23	0	0	7	38	0	0	-1	19	0	37
c14936	3	0	0	0	31	-1	0	0	0	-1	0	0	-1	-1	-1	-1	0	-1	0	23	0	0	0	0	0	0	28	19	43	37
c14961	0	0	28	0	-1	0	-1	0	0	0	0	0	-1	6	27	0	0	0	-1	7	0	0	24	0	0	49	0	31	0	34
c14969	26	-1	0	-1	0	0	0	-1	0	0	0	0	0	6	28	0	0	0	0	7	0	-1	24	-1	0	0	0	0	0	19
c15070	-1	0	-1	0	-1	-1	-1	0	-1	38	37	0	34	6	0	0	0	26	0	-1	-1	0	24	0	33	-1	28	0	0	0
c15092	0	-1	-1	0	0	-1	0	0	0	0	0	0	-1	6	0	0	-1	0	3	7	35	-1	24	0	0	-1	-1	0	0	0
c15125	0	0	-1	0	0	31	0	0	0	0	0	0	0	-1	0	0	0	0	3	-1	1	0	24	0	0	-1	-1	-1	-1	-1
c15133	7	26	0	-1	0	0	-1	0	0	0	0	0	0	22	0	0	37	0	0	7	0	31	0	0	0	0	0	0	32	31
c15142	0	-1	-1	-1	0	0	0	0	0	0	-1	23	-1	6	0	0	0	50	19	7	0	0	24	-1	0	0	-1	0	3	49
c15206	-1	23	0	0	0	41	0	42	26	0	34	0	15	-1	-1	0	48	-1	0	-1	-1	0	0	0	37	0	0	19	0	-1
c15244	7	26	39	-1	0	0	-1	-1	12	0	-1	0	0	33	-1	0	0	0	0	7	0	-1	-1	41	22	0	33	42	40	31
c15287	7	26	16	-1	0	0	0	0	12	-1	0	0	-1	0	-1	0	0	0	0	-1	-1	-1	17	0	0	0	39	-1	0	31
c15307	0	23	38	0	35	27	38	0	-1	0	-1	0	-1	-1	-1	-1	0	7	0	7	0	0	0	-1	34	38	0	37	0	0
c15317	3	-1	0	0	0	41	0	0	-1	-1	34	0	0	0	31	28	35	17	28	23	33	0	7	0	-1	0	-1	19	0	37
c15330	0	-1	-1	37	26	0	0	0	-1	-1	0	0	0	6	0	0	-1	0	-1	7	-1	-1	24	38	0	19	0	0	0	0
c15342	3	-1	0	0	0	-1	7	0	-1	0	0	0	15	0	-1	0	49	0	0	23	-1	0	0	23	0	0	0	19	0	37
c15345	3	31	33	-1	-1	41	2	30	0	6	-1	34	0	0	37	0	-1	-1	0	-1	0	0	28	0	22	12	-1	19	-1	37
c15365	-1	0	0	0	0	0	-1	0	0	0	24	0	-1	0	0	7	0	16	0	-1	0	-1	0	-1	-1	-1	0	-1	27	0
c15373	3	0	-1	37	1	41	31	0	17	-1	0	0	0	0	49	0	0	34	38	-1	0	24	-1	31	0	28	0	19	0	37
c15420	-1	0	-1	0	42	0	0	0	2	0	-1	0	37	0	-1	0	47	0	0	0	-1	50	0	27	0	-1	0	-1	0	37
c15474	0	-1	0	-1	0	-1	0	42	34	-1	0	0	0	6	-1	0	0	16	0	-1	0	0	24	-1	0	-1	0	0	30	-1
c15477	3	0	0	26	0	41	0	-1	0	0	-1	-1	21	50	0	0	-1	-1	0	23	0	0	-1	26	0	0	0	19	0	37
c15559	0	26	-1	-1	35	-1	-1	0	15	0	-1	0	31	-1	12	-1	26	7	0	7	0	0	-1	-1	0	14	0	-1	17	23
c15568	3	-1	0	0	0	41	26	22	-1	33	-1	0	33	15	-1	31	28	0	0	23	-1	0	0	-1	-1	0	0	19	-1	37
c15590	0	12	12	-1	39	0	0	0	26	-1	23	42	-1	6	-1	38	0	-1	6	-1	-1	0	24	0	0	0	0	0	0	0
c15598	3	0	0	0	0	41	36	0	49	-1	12	0	0	0	0	-1	0	0	7	23	0	0	-1	-1	-1	31	14	19	-1	37
c15631	-1	0	38	0	35	27	38	0	0	0	-1	-1	-1	0	48	0	-1	7	0	7	37	0	0	-1	0	0	-1	-1	0	0
c15645	0	0	38	0	-1	27	38	42	-1	0	-1	-1	18	29	48	0	0	-1	0	7	0	-1	0	-1	0	30	0	37	-1	-1
c15653	0	0	-1	0	0	0	0	-1	0	-1	0	0	0	-1	-1	0	0	0	-1	7	35	0	24	0	0	0	-1	0	-1	0
c15678	0	0	-1	0	-1	-1	0	0	-1	0	0	29	0	6	0	26	0	0	19	7	0	0	-1	0	0	-1	-1	0	3	0
c15700	3	0	0	-1	47	41	0	0	0	0	0	-1	16	0	-1	0	0	0	23	23	0	0	-1	0	0	38	-1	19	-1	-1
c15738	0	26	-1	26	-1	31	0	0	24	0	7	0	22	6	-1	0	0	0	0	7	28	0	-1	0	-1	28	0	0	-1	0
c15741	3	0	-1	0	0	41	-1	22	0	-1	12	0	0	0	2	31	0	0	0	23	0	0	0	0	0	0	0	19	0	37
c15753	3	0	0	0	0	41	0	22	-1	-1	12	0	0	-1	0	-1	48	0	-1	23	0	0	-1	0	0	38	0	19	-1	37
c15766	3	0	-1	12	0	41	0	0	0	0	30	0	0	0	0	0	0	23	0	23	0	0	0	-1	0	-1	0	19	-1	-1
c15767	3	0	0	0	0	41	0	0	0	0	30	0	-1	0	0	0	0	23	0	-1	-1	-1	-1	0	0	-1	0	19	31	37
c15793	0	26	0	0	37	-1	0	0	-1	0	-1	0	0	6	23	-1	0	0	-1	7	0	0	24	0	-1	-1	0	40	0	0
c15803	7	-1	-1	41	-1	-1	0	0	12	39	0	0	-1	-1	-1	0	0	0	0	-1	0	-1	0	0	-1	0	39	42	0	31
c15804	3	0	30	37	1	41	0	0	17	0	-1	0	0	0	49	0	-1	34	38	23	0	24	0	31	0	28	-1	19	-1	37
c15823	7	26	0	41	0	-1	2	-1	9	0	37	49	0	0	0	0	-1	23	0	7	0	20	21	-1	0	0	-1	0	0	31
c15833	3	28	-1	-1	3	-1	0	-1	17	0	0	0	37	0	49	0	0	0	0	23	14	18	-1	-1	0	28	-1	19	0	-1
c15856	0	0	0	0	0	0	0	27	-1	0	0	-1	-1	6	22	0	-1	0	0	7	-1	-1	-1	31	0	0	0	-1	0	-1
c15894	0	0	38	0	35	-1	-1	0	-1	0	-1	0	18	0	48	-1	0	7	0	7	-1	0	0	-1	0	0	0	37	0	0
c15895	0	0	38	0	35	-1	38	0	0	0	-1	0	18	-1	48	-1	0	7	-1	7	0	0	0	-1	0	0	0	37	0	0
c15898	-1	28	0	-1	0	-1	0	19	0	16	0	50	-1	-1	0	0	-1	0	-1	23	-1	45	0	34	0	0	0	19	31	37
c15901	7	26	0	41	27	43	0	-1	31	0	0	0	-1	0	0	23	-1	38	0	7	-1	0	-1	0	0	0	-1	0	0	16
c15913	3	-1	-1	-1	-1	41	0	0	0	0	0	0	0	0	0	-1	-1	0	0	23	-1	-1	0	0	24	0	28	-1	0	37
c15920	-1	-1	0	41	-1	-1	0	-1	-1	-1	-1	-1	0	-1	-1	0	-1	-1	0	7	0	0	0	0	-1	-1	0	42	0	31
c15941	3	0	0	0	-1	41	0	0	49	0	12	0	-1	0	0	26	0	0	39	23	-1	0	0	0	-1	31	0	19	-1	37
c15975	0	26	0	0	0	0	0	0	24	0	7	0	0	6	0	24	-1	0	-1	-1	28	0	-1	0	-1	0	0	0	0	0
c15983	3	17	0	0	0	-1	-1	0	-1	28	0	31	0	0	31	0	0	17	-1	23	0	0	7	-1	0	0	-1	19	-1	37
c16025	7	26	0	41	0	50	0	0	12	7	26	4	0	0	-1	-1	0	22	0	7	-1	0	0	0	22	-1	0	42	0	31
c16053	-1	-1	49	0	0	0	-1	0	0	0	-1	-1	0	6	0	-1	-1	26	-1	-1	46	-1	24	0	33	-1	28	0	0	0
c16066	0	0	38	0	-1	27	9	0	0	0	42	0	26	0	0	0	0	7	22	-1	-1	0	33	-1	0	0	38	37	0	0
c16100	7	-1	0	41	-1	0	0	42	12	-1	0	0	0	0	-1	0	0	49	0	7	0	0	23	34	0	0	-1	42	0	31
c16120	-1	26	0	-1	0	-1	0	0	-1	29	0	0	0	-1	0	0	37	31	-1	-1	-1	-1	-1	42	-1	27	-1	0	-1	31
c16124	0	0	38	12	-1	27	38	0	0	0	-1	32	-1	0	48	0	0	-1	0	7	0	0	-1	-1	6	38	0	37	0	0
c16125	0	0	38	12	35	27	38	0	0	0	-1	32	18	0	48	-1	-1	-1	0	-1	0	0	0	-1	6	38	0	37	-1	0
c16146	0	-1	38	12	-1	-1	-1	0	0	0	-1	0	0	0	14	-1	0	7	0	7	42	-1	22	-1	0	0	-1	37	0	-1
c16199	7	26	34	41	-1	43	0	0	31	-1	0	0	-1	0	0	0	-1	38	-1	7	0	0	0	0	0	0	-1	28	0	16
c16207	32	0	0	0	0	-1	0	42	-1	26	0	-1	0	6	0	0	37	0	0	7	-1	0	24	0	0	-1	-1	0	-1	34
c16209	-1	26	0	41	0	-1	0	0	12	0	0	0	0	-1	-1	0	-1	16	-1	-1	0	0	0	0	-1	-1	39	42	0	-1
c16216	-1	0	0	0	-1	0	0	16	0	0	7	0	43	0	26	0	0	-1	0	-1	22	32	-1	0	-1	47	0	0	-1	-1
c16244	7	26	40	41	-1	43	-1	26	31	0	0	31	0	-1	0	0	0	-1	0	-1	-1	0	26	31	0	0	-1	0	-1	16
c16259	0	12	12	0	0	0	-1	0	-1	0	23	-1	0	6	49	0	12	33	0	7	0	0	24	7	0	23	0	0	0	0
c16321	-1	-1	0	41	-1	0	0	0	12	0	-1	0	0	0	-1	22	0	0	0	-1	0	-1	28	22	-1	17	39	42	0	31
c16380	-1	0	32	-1	0	41	39	-1	0	0	0	0	0	19	0	0	0	-1	0	23	0	0	-1	0	0	0	0	19	-1	-1
c16395	0	0	-1	0	40	0	-1	-1	0	37	24	-1	0	0	0	7	2	-1	-1	-1	-1	-1	0	-1	38	0	-1	-1	0	0
c16400	-1	0	19	-1	0	41	-1	-1	26	0	0	0	-1	0	12	-1	0	0	0	23	28	-1	-1	0	0	0	-1	-1	0	37
c16418	0	0	0	0	35	0	0	16	0	0	-1	0	0	0	26	-1	41	31	-1	7	7	0	0	-1	-1	47	23	0	0	34
c16432	-1	0	-1	7	24	41	0	0	-1	-1	34	0	15	0	0	41	0	0	0	-1	-1	0	0	32	0	0	34	19	0	37
c16438	3	0	0	-1	0	41	0	22	0	-1	12	0	33	0	0	-1	0	-1	0	-1	1	0	0	-1	0	-1	0	19	23	37
c16462	0	0	0	-1	5	14	42	0	0	39	-1	-1	0	6	-1	0	0	0	-1	-1	-1	26	-1	0	0	0	0	23	0	36
c16480	0	26	38	0	35	27	2	4	-1	0	-1	0	31	0	12	0	42	7	0	7	0	0	0	-1	-1	14	18	-1	17	0
c16484	26	0	0	27	-1	-1	0	42	0	0	39	0	0	6	28	0	0	0	0	7	0	-1	24	-1	0	7	0	0	0	0
c16507	0	0	0	0	0	0	0	42	-1	0	0	0	0	-1	0	-1	37	0	0	7	0	42	24	0	-1	-1	0	0	-1	34
c16510	0	7	0	0	0	0	-1	39	0	0	24	0	0	0	0	0	0	16	0	7	-1	-1	0	-1	38	-1	0	-1	0	0
c16520	0	0	38	0	35	-1	38	42	-1	-1	-1	0	-1	29	48	0	0	7	0	7	0	-1	0	-1	0	-1	-1	37	0	23
c16556	3	-1	-1	0	-1	41	7	0	0	0	-1	30	15	0	0	0	-1	0	39	23	0	0	0	2	0	22	38	19	37	37
c16572	-1	0	19	0	0	41	-1	0	26	23	0	0	15	0	9	-1	-1	-1	0	23	-1	0	0	0	0	0	0	19	0	-1
c16587	3	0	45	41	37	41	-1	0	0	0	0	0	-1	0	0	7	0	0	0	23	0	0	-1	0	0	0	-1	19	0	37
c16594	26	0	0	27	0	0	0	42	0	49	39	0	0	6	28	37	0	0	0	7	-1	0	24	-1	0	0	0	0	0	0
c16602	3	0	0	-1	0	41	-1	22	0	0	-1	0	33	15	7	-1	28	-1	0	23	0	-1	-1	0	0	0	0	-1	-1	37
c16603	-1	0	0	0	0	-1	0	22	0	0	-1	0	33	15	7	31	28	23	-1	23	0	0	-1	0	0	0	-1	19	-1	37
c16622	7	26	0	-1	0	-1	0	0	-1	0	0	-1	0	26	-1	26	0	38	0	7	0	-1	26	-1	0	-1	-1	-1	0	-1
c16684	3	38	-1	12	0	41	-1	-1	0	30	-1	0	7	0	0	0	-1	-1	-1	23	2	0	-1	-1	38	0	-1	-1	-1	37
c16707	3	28	0	0	46	-1	0	0	42	0	0	49	15	0	0	0	-1	0	0	23	0	-1	33	-1	0	0	31	19	-1	37
c16732	0	0	0	0	0	0	39	0	2	0	-1	-1	0	0	-1	38	47	0	7	0	0	50	0	-1	0	0	0	19	0	37
c16750	3	0	-1	38	0	41	0	0	0	-1	-1	0	0	-1	0	0	0	0	0	23	37	-1	-1	0	-1	0	0	19	17	37
c16753	3	-1	0	-1	0	-1	-1	0	0	0	0	37	0	0	0	0	0	0	0	23	-1	39	0	1	-1	0	-1	19	0	37
c16786	3	0	-1	26	3	41	0	-1	0	-1	-1	0	0	0	0	0	0	0	0	23	0	0	42	-1	-1	7	0	-1	-1	37
c16814	7	26	26	-1	0	-1	-1	0	7	0	0	0	26	22	0	31	0	-1	0	7	0	17	0	-1	0	0	-1	0	-1	31
c16842	3	-1	0	0	26	-1	-1	0	0	49	0	30	15	0	-1	0	0	0	0	-1	-1	0	0	2	0	0	38	19	-1	37
c16862	-1	26	0	41	0	0	-1	-1	0	0	0	0	0	22	0	-1	38	-1	-1	7	36	0	0	42	0	7	0	0	0	31
c16891	-1	26	-1	41	28	-1	0	0	12	32	0	-1	0	0	-1	39	-1	0	-1	7	0	0	0	-1	-1	26	0	42	-1	31
c16902	7	26	0	41	0	-1	2	-1	0	-1	0	0	0	28	0	0	0	23	0	-1	0	20	0	26	0	0	31	0	10	31
c16915	0	0	38	0	35	-1	-1	0	-1	0	0	0	0	0	0	0	23	-1	0	-1	26	0	0	0	26	38	42	37	0	-1
c16963	7	26	0	41	-1	0	0	16	-1	7	0	0	0	0	-1	0	0	22	-1	7	0	0	0	0	22	-1	0	42	0	31
c16985	26	0	-1	-1	0	0	-1	0	0	0	0	0	0	-1	28	0	0	0	0	7	-1	0	24	0	0	0	0	0	0	0
c16998	-1	-1	45	41	37	41	0	0	0	0	0	0	0	0	0	7	-1	0	0	23	0	0	-1	50	0	0	-1	19	0	37
c17028	3	-1	-1	0	-1	41	0	-1	0	0	-1	-1	-1	7	0	0	-1	0	0	23	-1	0	0	0	-1	-1	0	19	43	37
c17058	0	14	0	-1	0	0	0	0	-1	-1	-1	38	42	29	-1	0	47	0	0	0	0	50	-1	-1	0	0	0	19	0	37
c17064	3	12	0	12	-1	41	-1	0	7	0	-1	0	0	26	-1	8	0	0	0	23	0	0	0	17	0	0	33	-1	0	37
c17076	3	-1	0	0	0	41	0	0	49	23	12	32	0	0	-1	26	42	28	-1	23	39	0	0	4	-1	31	28	19	-1	37
c17109	-1	0	0	0	49	0	0	-1	2	0	-1	0	0	0	-1	28	47	-1	0	0	0	50	7	35	-1	0	0	-1	26	37
c17115	3	-1	-1	-1	0	41	-1	0	0	9	0	11	0	0	-1	0	0	0	0	-1	-1	-1	0	23	24	31	-1	19	0	37
c17129	-1	0	0	0	0	-1	0	31	-1	0	-1	31	-1	28	38	19	0	0	7	23	0	0	0	0	-1	31	14	19	-1	37
c17169	-1	-1	0	0	35	0	-1	-1	-1	-1	7	0	-1	23	26	0	22	0	16	-1	0	24	0	0	23	47	28	-1	0	0
c17178	0	12	38	0	-1	27	0	0	12	-1	47	-1	-1	0	0	28	46	7	0	7	0	8	0	-1	0	-1	-1	37	-1	4
c17183	26	0	38	-1	35	-1	-1	28	0	0	0	0	-1	-1	0	0	23	50	1	-1	0	0	0	0	-1	39	-1	37	0	27
c17225	3	-1	0	0	0	41	0	0	-1	0	-1	0	0	0	0	37	0	0	0	-1	-1	0	0	7	0	-1	31	19	0	37
c17257	3	-1	0	26	0	41	0	0	0	0	0	7	0	50	-1	0	-1	0	22	23	0	0	0	26	0	0	-1	19	0	37
c17306	-1	-1	0	0	28	41	-1	0	-1	0	-1	0	0	-1	0	0	0	0	39	7	0	0	24	0	0	0	0	28	-1	34
c17322	3	17	0	0	0	41	0	41	0	-1	0	-1	0	-1	31	0	0	17	0	23	31	0	7	0	0	42	-1	19	-1	37
c17405	0	26	0	1	0	0	0	38	2	0	-1	0	0	0	-1	-1	47	-1	-1	-1	0	50	7	0	0	-1	0	19	0	37
c17408	3	17	0	-1	0	41	0	0	0	0	38	0	-1	-1	31	-1	26	17	28	23	-1	0	7	0	0	0	-1	19	-1	37
c17437	-1	0	38	48	35	27	17	0	-1	28	0	0	0	0	0	50	23	-1	0	-1	0	0	0	-1	-1	18	42	37	0	32
c17454	3	41	-1	37	1	41	0	38	17	14	12	0	0	0	49	0	0	22	38	23	-1	0	0	31	0	-1	0	19	0	-1
c17455	3	41	0	-1	1	-1	0	-1	17	14	12	0	0	0	49	0	0	-1	38	23	-1	0	0	31	-1	28	0	19	-1	-1
c17484	-1	-1	17	26	0	0	-1	0	2	0	-1	30	0	29	-1	-1	47	24	0	-1	38	50	0	-1	7	0	0	19	0	37
c17490	-1	0	0	26	-1	26	0	-1	-1	0	23	0	0	-1	42	46	0	0	0	-1	26	0	24	-1	0	30	0	0	0	0
c17513	26	-1	-1	26	26	0	-1	0	2	0	-1	0	0	29	-1	0	47	0	-1	0	10	50	32	-1	1	0	-1	19	0	37
c17524	0	0	-1	-1	37	-1	0	0	2	0	-1	0	-1	0	-1	0	47	0	0	0	0	-1	26	-1	22	0	7	-1	0	-1
c17560	7	26	37	41	0	0	23	0	12	-1	-1	0	-1	-1	-1	0	0	-1	0	-1	-1	0	-1	-1	22	-1	-1	42	0	31
c17574	0	0	0	-1	0	-1	23	0	0	-1	-1	0	0	-1	0	0	-1	-1	0	7	0	-1	24	0	0	0	0	0	0	0
c17578	0	26	-1	0	0	0	0	-1	24	0	7	22	0	-1	-1	0	38	0	-1	-1	0	0	24	0	-1	38	-1	0	0	0
c17586	28	0	-1	0	35	27	28	-1	0	-1	42	-1	-1	-1	0	0	0	-1	0	7	0	0	22	-1	12	0	-1	37	0	0
c17594	0	0	-1	39	-1	27	38	0	0	1	-1	0	18	-1	48	0	0	-1	0	7	0	0	3	-1	7	38	0	37	0	0
c17605	3	0	-1	0	9	-1	-1	0	0	0	0	8	-1	38	26	0	37	0	0	23	-1	0	0	7	37	30	0	19	1	37
c17641	7	26	0	41	0	-1	0	0	0	-1	0	0	0	22	15	-1	37	0	0	7	-1	31	0	0	26	38	-1	-1	0	31
c17654	7	26	-1	41	1	0	0	0	34	39	0	0	0	42	-1	12	0	0	41	7	0	23	0	0	17	0	0	26	-1	0
c17662	0	-1	0	0	-1	0	-1	0	24	0	7	22	0	-1	17	0	0	0	0	7	0	0	24	-1	-1	38	0	0	0	0
c17671	3	0	0	0	0	41	26	0	49	0	12	-1	0	-1	0	0	0	0	7	23	0	0	0	0	-1	31	14	19	-1	-1
c17712	-1	26	39	41	0	0	0	-1	12	36	0	-1	23	0	-1	23	0	26	49	7	0	17	0	0	22	0	0	42	0	-1
c17715	-1	0	14	49	10	0	0	0	0	-1	0	26	-1	-1	0	0	-1	31	0	7	0	28	24	28	0	0	26	0	0	23
c17723	0	26	-1	0	35	27	2	0	15	0	-1	0	31	0	12	0	0	7	0	7	0	0	0	-1	0	14	0	-1	17	23
c17752	0	0	-1	26	-1	-1	0	0	2	0	-1	-1	0	-1	-1	0	47	0	-1	-1	0	50	0	0	-1	18	0	19	-1	37
c17753	0	-1	0	26	-1	0	-1	-1	2	0	-1	-1	0	29	-1	0	47	0	22	-1	0	50	0	0	0	0	0	19	-1	37
c17774	0	-1	-1	0	0	0	0	0	24	0	0	0	-1	6	0	0	0	14	-1	7	0	0	24	-1	-1	-1	-1	0	0	0
c17784	0	0	0	0	0	0	0	0	2	0	-1	0	0	-1	-1	0	47	0	0	0	0	50	7	26	0	43	-1	-1	0	-1
c17810	-1	-1	-1	26	0	0	-1	0	2	0	-1	-1	-1	26	-1	0	47	-1	0	31	0	-1	0	0	31	7	39	19	0	37
c17862	-1	26	39	41	-1	-1	0	-1	12	0	17	-1	0	38	-1	34	0	0	-1	7	-1	0	0	-1	22	-1	0	42	0	-1
c17871	0	0	38	0	35	27	38	42	0	-1	-1	0	18	29	48	0	0	7	-1	7	0	-1	0	-1	0	-1	0	37	0	23
c17876	7	26	0	41	-1	26	3	35	-1	49	23	47	0	0	0	0	-1	0	-1	7	43	0	0	0	0	0	27	0	-1	-1
c17881	26	-1	-1	0	35	27	17	12	0	0	0	0	0	-1	0	0	23	50	1	7	0	-1	0	0	7	0	42	37	-1	0
c17886	-1	0	-1	-1	0	41	0	0	0	48	0	0	0	0	0	0	0	0	0	23	30	-1	0	-1	-1	0	0	19	0	37
c17895	0	0	0	0	0	0	39	0	-1	0	-1	0	0	-1	-1	17	47	22	-1	-1	0	50	14	33	-1	0	0	-1	0	37
c17899	7	-1	10	41	28	43	-1	0	31	0	0	29	28	0	0	0	0	38	28	7	-1	-1	7	26	-1	23	-1	-1	0	16
c17902	28	0	-1	0	35	27	0	28	0	0	-1	10	0	0	14	0	0	7	-1	-1	0	33	22	-1	2	0	-1	37	-1	0
c17945	3	-1	0	0	0	41	-1	-1	7	-1	0	0	0	0	0	0	0	0	-1	23	0	0	-1	-1	0	0	14	19	-1	37
c17969	-1	0	-1	0	0	41	0	22	-1	-1	12	0	0	-1	-1	31	0	0	0	23	0	-1	0	36	0	38	0	19	39	37
c17983	21	0	-1	0	-1	0	0	0	0	-1	14	0	-1	6	0	0	0	-1	0	7	-1	-1	24	-1	12	-1	26	34	-1	23
c17987	-1	26	-1	41	-1	-1	0	0	12	0	43	0	0	0	-1	-1	0	31	-1	-1	0	0	0	-1	-1	0	39	-1	0	31
c18021	3	0	12	-1	0	41	0	0	0	0	-1	0	0	0	0	-1	0	0	37	23	0	40	0	7	-1	0	0	19	38	37
c18026	0	-1	12	46	0	0	19	0	15	0	23	0	0	6	0	0	0	33	0	-1	0	-1	24	0	0	0	0	0	0	-1
c18034	3	-1	0	28	23	-1	-1	0	-1	0	-1	19	0	-1	0	-1	0	-1	-1	23	-1	23	0	-1	0	23	0	-1	0	37
c18038	1	0	38	-1	35	27	17	0	0	0	0	0	0	0	0	0	23	0	-1	7	0	0	0	0	0	38	42	37	0	0
c18059	7	26	0	41	0	43	0	0	-1	-1	0	7	0	0	0	26	-1	-1	0	-1	-1	8	26	0	8	7	-1	0	4	-1
c18066	-1	0	38	-1	35	27	38	0	15	-1	-1	0	18	0	48	0	1	-1	-1	-1	0	0	0	-1	0	38	-1	37	0	0
c18067	0	0	38	12	35	27	38	-1	15	-1	-1	-1	18	0	48	-1	1	-1	0	7	0	0	0	-1	0	38	0	37	0	0
c18087	2	0	0	0	0	0	0	0	2	-1	-1	0	7	0	-1	0	47	42	0	-1	0	50	0	-1	0	0	0	-1	0	37
c18124	3	17	26	0	0	41	18	0	0	0	-1	-1	22	0	31	0	46	-1	28	23	0	-1	7	-1	0	0	-1	19	0	37
c18130	3	-1	0	0	0	41	0	-1	38	0	0	28	0	0	0	0	0	0	0	23	0	0	-1	31	-1	0	0	19	0	37
c18144	-1	0	38	31	35	-1	-1	0	0	49	42	0	0	0	-1	0	0	7	-1	-1	0	28	22	-1	0	-1	-1	-1	0	-1
c18148	0	0	-1	-1	0	0	0	0	0	0	23	7	0	6	0	0	0	26	0	7	-1	-1	24	-1	0	0	0	0	-1	0
c18163	7	26	0	-1	0	0	0	0	-1	0	43	46	0	0	-1	0	0	31	0	-1	-1	0	0	0	-1	-1	39	42	0	31
c18176	0	0	28	26	31	32	8	0	-1	0	-1	-1	0	29	-1	0	47	0	23	14	-1	50	19	39	0	33	0	-1	0	37
c18178	0	-1	0	0	42	0	30	0	0	0	0	0	0	6	-1	34	0	26	0	7	-1	-1	24	-1	0	-1	0	39	-1	0
c18188	-1	26	28	-1	28	-1	0	0	12	23	-1	0	-1	0	-1	46	-1	0	0	-1	0	0	0	-1	0	-1	-1	-1	49	31
c18196	3	0	0	0	-1	-1	-1	22	0	0	12	0	33	15	7	31	-1	7	34	23	0	0	-1	0	-1	-1	0	19	0	37
c18197	3	0	0	31	-1	41	0	22	0	0	-1	0	33	15	7	31	28	-1	34	23	0	0	0	0	-1	0	0	19	0	37
c18209	-1	0	0	0	0	0	0	0	0	0	0	-1	0	6	0	12	0	-1	0	7	0	0	24	0	0	0	0	-1	0	0
c18220	3	0	0	0	0	41	-1	-1	38	-1	0	0	7	0	-1	0	0	37	0	23	-1	33	-1	31	-1	0	0	19	0	37
c18232	7	26	28	-1	-1	0	0	-1	12	0	42	0	-1	35	-1	-1	0	0	-1	7	0	-1	42	0	22	26	39	-1	0	31
c18239	-1	0	0	-1	0	-1	0	-1	-1	-1	0	28	37	0	0	-1	0	0	-1	-1	0	0	-1	31	-1	0	0	-1	0	37
c18252	3	0	0	37	0	41	0	-1	38	0	0	0	7	26	0	0	0	0	0	23	-1	0	-1	31	0	27	0	19	-1	37
c18257	7	26	0	41	0	0	0	0	-1	0	0	-1	0	-1	12	-1	27	0	0	7	0	-1	0	0	26	-1	0	0	0	31
c18302	-1	-1	29	0	0	23	0	16	-1	0	47	-1	0	6	7	7	0	0	0	7	0	0	-1	0	0	0	0	0	7	3
c18311	3	28	35	-1	31	41	0	0	0	0	0	-1	15	0	-1	0	0	17	0	23	0	31	0	2	-1	0	0	19	-1	37
c18334	-1	-1	0	0	0	41	-1	0	49	0	12	0	0	0	-1	0	0	0	7	-1	0	-1	0	0	-1	31	14	19	-1	-1
c18339	23	-1	38	-1	35	27	-1	0	12	0	47	-1	-1	-1	0	0	0	0	45	7	-1	0	-1	-1	-1	0	-1	-1	9	0
c18411	0	24	0	38	0	3	-1	0	0	-1	0	34	0	6	15	0	-1	23	0	7	-1	0	24	0	0	-1	0	-1	0	41
c18420	7	0	38	0	-1	27	2	0	0	0	-1	0	-1	0	12	26	0	7	0	-1	0	0	0	-1	0	-1	-1	-1	-1	0
c18421	7	0	38	0	35	27	2	-1	0	0	-1	17	31	0	12	-1	-1	7	0	7	0	0	0	-1	-1	14	0	-1	-1	0
c18437	3	38	23	12	0	41	0	0	0	0	0	0	7	22	-1	0	-1	0	0	23	0	0	0	-1	0	0	42	19	-1	37
c18447	0	-1	49	0	0	0	0	0	0	0	-1	0	0	6	0	49	0	26	0	7	-1	-1	24	0	33	7	28	0	0	0
c18507	26	0	0	0	0	0	37	0	0	10	0	0	31	6	28	0	0	0	0	7	0	-1	24	0	0	0	-1	17	0	0
c18557	7	-1	0	-1	-1	0	-1	28	0	0	0	0	0	0	0	0	0	16	0	7	0	12	0	-1	38	0	31	-1	0	0
c18562	7	26	10	41	-1	43	0	23	31	38	49	28	7	-1	0	-1	7	38	-1	-1	0	0	0	0	3	0	-1	0	-1	16
c18614	7	-1	26	-1	0	0	-1	-1	-1	0	0	0	0	22	0	-1	0	0	0	7	-1	0	0	32	-1	0	0	0	-1	31
c18650	-1	-1	0	41	0	0	-1	0	12	0	0	-1	0	0	-1	41	0	-1	-1	-1	-1	-1	0	0	22	-1	0	42	0	-1
c18657	0	26	-1	0	-1	0	0	0	24	0	7	-1	-1	6	-1	24	0	0	0	7	28	0	24	0	-1	46	-1	0	0	0
c18663	36	0	-1	-1	35	-1	0	0	-1	0	42	0	0	26	-1	0	0	7	0	7	20	-1	28	-1	0	43	0	37	0	0
c18668	0	22	0	0	37	0	0	0	0	0	0	0	-1	6	-1	0	-1	0	0	7	0	0	24	0	0	0	-1	0	-1	0
c18686	26	0	38	0	35	27	17	0	0	0	-1	-1	31	0	0	28	23	0	1	7	-1	0	-1	0	17	-1	42	37	37	42
c18726	0	26	-1	0	35	27	2	4	-1	0	-1	-1	31	0	-1	0	42	7	0	7	0	0	0	-1	0	14	-1	-1	17	0
c18732	0	0	-1	0	0	-1	7	-1	31	-1	0	0	-1	6	0	0	0	17	-1	7	-1	0	24	0	30	-1	0	0	0	-1
c18755	0	0	-1	0	-1	0	0	0	0	26	0	22	0	6	32	0	0	-1	3	7	0	-1	24	0	30	0	28	0	0	0
c18765	0	0	40	-1	0	14	42	0	0	0	-1	-1	0	6	0	0	0	0	38	-1	1	26	-1	0	-1	-1	-1	23	0	36
c18768	0	0	38	-1	35	27	-1	0	-1	0	-1	0	18	0	48	0	1	-1	0	7	0	0	0	-1	42	38	0	37	0	0
c18782	0	-1	-1	12	35	27	-1	-1	0	0	-1	0	18	0	48	0	0	-1	0	7	12	0	0	-1	-1	38	-1	-1	-1	0
c18810	0	0	38	-1	35	27	38	-1	0	0	-1	7	18	0	48	0	-1	-1	0	-1	-1	0	0	-1	0	0	31	37	0	0
c18827	3	0	0	0	-1	41	-1	22	0	-1	12	-1	0	-1	0	31	0	-1	0	23	0	0	0	0	0	38	0	-1	0	-1
c18837	-1	0	-1	0	0	-1	0	-1	-1	0	-1	0	0	0	12	32	0	-1	-1	23	0	0	0	31	0	0	0	19	0	37
c18872	3	28	0	0	26	-1	7	0	-1	0	0	-1	15	0	32	0	-1	0	-1	23	0	-1	0	-1	0	0	38	19	0	37
c18877	-1	0	0	27	0	0	0	0	0	0	0	0	0	6	-1	0	0	0	0	7	0	-1	24	0	0	-1	0	27	0	0
c18880	0	38	0	-1	5	14	42	0	0	0	-1	26	0	6	0	-1	42	0	0	-1	1	-1	24	0	0	0	0	23	0	-1
c18905	0	0	0	-1	0	37	0	-1	2	23	-1	0	0	28	-1	0	47	42	0	0	0	50	0	0	0	0	0	19	41	-1
c18906	7	26	0	41	0	43	4	8	31	0	0	7	0	0	-1	-1	0	38	-1	-1	-1	0	-1	0	0	0	-1	0	-1	-1
c18911	0	-1	-1	0	35	27	38	0	0	-1	-1	0	18	-1	48	0	0	-1	-1	7	0	0	-1	-1	0	0	3	37	0	0
c18916	-1	-1	0	0	0	41	0	0	-1	0	0	0	0	0	0	-1	0	23	0	23	0	-1	0	0	26	-1	-1	19	-1	37
c18928	3	0	0	0	0	-1	0	-1	38	0	23	33	0	0	0	0	0	0	0	-1	0	0	-1	31	32	0	-1	19	32	37
c18930	-1	0	0	0	0	41	26	-1	0	0	-1	24	39	0	-1	15	-1	0	0	23	42	0	-1	31	0	0	0	19	0	37
c18936	0	26	38	0	-1	27	2	0	0	0	-1	-1	-1	23	12	0	0	7	0	7	0	0	0	-1	-1	14	-1	-1	17	0
c18941	0	-1	26	0	-1	0	0	0	2	0	-1	0	-1	0	-1	28	47	0	0	0	0	50	7	42	0	0	0	19	26	37
c18948	7	26	37	41	0	24	0	-1	0	0	0	-1	0	8	39	0	0	39	0	7	31	7	0	0	0	0	42	-1	0	-1
c18958	3	23	0	39	49	41	35	-1	-1	0	34	-1	15	0	0	37	0	0	23	23	28	0	10	0	0	0	0	19	-1	37
c19047	0	-1	0	0	0	23	0	0	2	0	-1	7	-1	-1	-1	0	47	38	38	8	0	50	7	34	0	0	0	19	0	37
c19053	7	26	39	41	-1	-1	22	0	12	-1	0	0	0	0	-1	-1	23	0	-1	-1	0	0	0	0	22	0	0	-1	0	-1
c19064	-1	-1	0	0	0	0	26	0	24	0	7	22	-1	6	-1	-1	0	-1	-1	7	0	0	24	0	-1	38	0	0	0	0
c19068	0	0	38	0	35	27	38	42	-1	0	-1	0	18	29	48	0	0	7	0	7	0	-1	0	-1	0	30	0	-1	-1	-1
c19069	0	0	38	0	-1	-1	38	42	0	0	-1	0	-1	-1	48	0	0	-1	0	7	0	-1	0	-1	0	30	-1	37	-1	0
c19098	-1	-1	-1	26	0	0	-1	0	2	12	-1	-1	0	0	-1	27	47	-1	0	0	0	50	0	0	0	7	39	19	0	37
c19147	0	38	0	0	-1	0	0	29	0	0	0	-1	-1	6	0	0	0	0	38	7	41	-1	24	0	0	-1	28	0	0	0
c19190	-1	0	19	0	0	41	0	0	26	8	0	1	15	0	0	0	0	0	0	23	28	0	0	0	0	0	0	19	0	37
c19200	0	28	-1	-1	0	0	-1	0	2	-1	-1	0	0	28	-1	0	47	-1	-1	0	0	50	-1	7	-1	0	0	-1	0	37
c19222	7	26	0	41	0	-1	0	-1	0	-1	-1	0	0	6	0	0	0	0	-1	7	43	0	38	0	14	-1	27	0	0	31
c19232	7	26	0	-1	16	0	19	0	0	0	0	0	-1	22	0	0	0	0	0	7	0	0	-1	26	0	-1	0	0	0	31
c19260	47	0	-1	0	35	27	38	0	0	0	-1	-1	18	-1	48	0	0	7	0	7	-1	0	0	-1	0	0	-1	37	0	-1
c19261	-1	0	38	0	35	-1	-1	0	0	0	-1	0	18	-1	48	0	0	7	0	7	0	0	0	-1	0	0	0	37	0	-1
c19324	21	35	0	0	0	0	0	0	0	0	0	0	-1	6	0	0	38	0	0	7	0	-1	-1	0	0	0	-1	-1	0	-1
c19339	-1	14	0	0	-1	-1	0	0	-1	0	7	49	-1	6	-1	0	0	0	0	-1	-1	-1	-1	0	-1	39	23	0	0	48
c19342	0	0	0	0	-1	0	0	0	0	-1	0	-1	-1	6	0	0	1	-1	7	7	0	-1	24	20	43	38	0	0	0	-1
c19370	3	0	0	0	0	-1	-1	-1	34	-1	12	0	31	-1	0	31	0	0	0	23	0	0	0	0	0	0	-1	19	0	-1
c19371	3	0	0	0	0	-1	0	-1	34	-1	12	0	-1	-1	0	31	0	0	0	23	0	0	0	0	0	0	0	19	0	37
c19380	-1	0	37	-1	0	-1	0	-1	0	0	0	0	0	6	-1	0	-1	0	0	-1	-1	0	-1	-1	-1	0	0	-1	0	0
c19381	26	0	37	27	0	0	0	0	0	0	-1	-1	0	6	28	0	0	0	0	7	-1	0	24	0	0	0	0	0	0	-1
c19400	0	7	0	0	0	0	-1	0	0	0	24	0	-1	-1	0	0	0	-1	-1	7	0	-1	0	-1	38	0	0	-1	0	-1
c19407	3	-1	0	37	1	-1	37	0	-1	0	14	-1	0	0	49	31	0	-1	38	23	0	24	0	-1	0	28	0	-1	0	-1
c19419	28	-1	0	0	0	0	-1	0	2	0	-1	0	-1	-1	-1	0	47	0	-1	-1	0	50	7	0	-1	0	-1	19	0	37
c19429	0	24	0	-1	0	-1	0	-1	2	-1	-1	0	0	29	-1	0	47	-1	0	19	0	50	39	0	-1	-1	0	19	0	37
c19449	3	38	-1	12	-1	41	0	0	0	0	0	37	-1	0	0	0	0	0	43	23	0	0	0	0	0	-1	-1	19	0	37
c19456	-1	0	28	0	35	0	17	-1	-1	-1	7	-1	0	0	26	0	0	0	37	-1	0	0	-1	-1	23	47	0	39	0	-1
c19459	7	26	0	41	0	0	23	-1	12	0	0	0	-1	0	-1	0	0	-1	0	7	2	0	-1	0	-1	-1	0	42	0	31
c19470	19	-1	38	0	35	27	2	0	0	0	-1	0	31	12	12	0	0	-1	0	-1	12	0	0	-1	42	14	-1	-1	0	0
c19471	19	0	38	0	35	27	2	0	-1	0	-1	-1	-1	12	12	0	0	-1	0	-1	12	0	-1	-1	42	14	0	-1	-1	0
c19472	0	33	-1	0	0	-1	0	0	39	0	0	-1	0	6	0	0	0	0	-1	7	0	0	24	0	37	0	-1	-1	-1	0
c19501	-1	0	0	0	0	0	-1	0	0	0	23	0	0	-1	0	-1	0	0	0	7	33	7	-1	2	0	35	0	0	0	0
c19511	0	-1	0	0	0	0	-1	26	42	0	23	0	0	-1	23	0	0	26	39	7	0	-1	24	0	0	0	-1	28	0	0
c19515	-1	0	-1	0	0	-1	-1	0	2	0	-1	0	0	39	-1	0	-1	42	0	0	0	-1	0	-1	0	49	0	19	0	37
c19536	0	0	-1	0	35	27	-1	0	0	0	0	-1	0	0	0	0	-1	0	-1	7	0	0	0	-1	26	38	42	37	0	0
c19539	-1	37	-1	41	0	41	0	39	0	0	0	0	0	0	-1	0	-1	0	0	23	-1	0	0	17	0	0	26	-1	0	37
c19540	3	28	-1	-1	46	-1	0	0	42	-1	0	49	15	0	-1	0	-1	0	0	23	0	31	-1	-1	38	0	31	19	0	37
c19572	7	26	0	41	0	26	26	0	26	0	0	0	0	6	0	-1	-1	-1	0	7	43	0	0	-1	14	-1	27	0	0	31
c19590	7	26	-1	41	-1	0	0	-1	12	0	-1	-1	7	0	-1	0	0	3	0	-1	0	42	-1	-1	-1	0	39	42	0	31
c19614	35	-1	0	0	0	0	-1	0	0	0	-1	0	27	0	0	0	0	-1	0	7	0	-1	0	-1	38	0	0	-1	0	14
c19630	3	-1	0	0	38	-1	0	0	0	0	0	0	0	0	31	0	-1	17	35	23	0	0	-1	0	0	42	-1	19	38	37
c19633	3	28	26	0	46	41	-1	0	20	0	-1	0	15	17	0	0	0	15	0	23	-1	31	0	2	-1	0	0	19	0	37
c19648	3	0	0	0	0	41	0	-1	-1	-1	12	0	31	-1	0	31	23	0	0	23	0	-1	0	0	-1	0	0	19	2	37
c19667	0	0	38	12	35	27	38	0	0	-1	-1	0	18	0	48	-1	0	-1	0	-1	12	0	0	-1	0	38	0	37	-1	0
c19678	-1	-1	0	0	-1	-1	0	0	-1	0	-1	0	-1	6	0	0	0	0	32	7	0	37	24	0	0	46	26	-1	39	23
c19689	7	-1	0	-1	27	-1	0	0	31	0	0	0	-1	0	0	0	-1	38	0	7	0	0	11	0	31	0	-1	-1	0	16
c19690	7	26	0	41	0	0	7	0	0	0	0	-1	0	-1	0	0	0	0	38	7	20	0	-1	0	29	-1	-1	0	0	31
c19695	26	0	0	-1	26	26	27	38	-1	17	0	0	0	6	0	42	0	0	0	7	0	0	24	7	-1	0	39	-1	0	39
c19702	-1	17	0	0	35	0	-1	16	0	0	7	0	0	0	26	-1	0	0	0	-1	14	0	0	-1	23	47	16	0	0	0
c19735	7	26	39	41	38	0	-1	0	12	0	0	-1	12	-1	-1	0	0	0	0	7	0	-1	0	41	22	0	0	42	26	31
c19783	0	0	0	0	26	0	0	29	7	0	0	0	0	6	0	0	-1	0	38	7	41	-1	-1	0	0	-1	0	0	0	0
c19785	3	0	0	-1	3	41	0	-1	0	0	0	0	0	0	0	-1	0	0	0	23	-1	0	42	31	28	7	0	19	-1	37
c19805	-1	26	39	41	0	0	-1	0	12	0	0	-1	38	-1	-1	0	0	0	0	7	0	0	0	41	22	-1	0	42	0	-1
c19849	-1	26	39	41	28	-1	0	-1	12	0	0	0	15	0	-1	1	0	0	0	7	0	0	0	27	22	-1	0	-1	0	31
c19850	-1	0	45	0	23	41	-1	0	0	-1	-1	-1	23	38	0	0	0	30	39	23	0	0	0	0	0	0	0	19	0	37
c19855	3	18	0	0	0	41	0	0	0	-1	0	-1	0	0	0	0	0	-1	0	23	0	0	0	0	0	0	0	19	43	37
c19868	3	0	33	0	0	41	35	0	0	6	-1	34	0	0	37	0	0	0	0	23	46	-1	28	0	0	12	7	19	39	37
c19874	-1	0	32	0	46	41	-1	0	-1	-1	0	-1	0	19	0	0	0	0	-1	23	0	0	7	-1	-1	0	-1	19	43	37
c19904	3	28	0	0	46	41	0	27	42	0	0	49	15	0	0	0	-1	0	-1	-1	0	31	33	2	0	-1	31	19	0	37
c19906	7	0	-1	26	0	0	0	0	2	-1	-1	0	0	0	-1	-1	47	2	0	0	0	50	0	0	0	7	39	19	0	37
c19944	3	0	0	0	-1	41	0	-1	38	0	0	-1	0	0	0	0	-1	0	0	23	0	0	0	31	-1	0	0	-1	0	37
c19952	0	0	-1	0	17	0	-1	-1	-1	23	0	0	0	6	22	0	0	-1	0	-1	-1	-1	24	0	0	-1	0	-1	-1	-1
c19966	-1	-1	-1	0	26	-1	39	0	38	-1	-1	0	15	42	0	0	-1	0	-1	23	49	0	7	2	0	17	0	19	0	37
c19976	26	-1	22	0	-1	0	-1	-1	0	0	-1	12	42	6	28	-1	-1	0	0	7	12	0	24	0	0	0	0	0	0	-1
c19987	3	0	0	0	0	-1	37	-1	-1	-1	0	7	-1	0	23	0	0	0	0	-1	7	0	30	28	0	0	23	19	-1	37
c20002	0	1	-1	7	26	0	-1	0	0	-1	-1	30	0	6	23	0	0	0	3	7	26	7	24	0	38	0	0	0	37	0
c20009	7	26	0	41	0	-1	0	0	-1	-1	0	0	0	0	0	-1	0	-1	-1	7	43	0	-1	0	0	0	27	0	38	31
c20010	0	26	-1	0	35	-1	2	0	0	0	-1	0	31	0	12	11	0	7	0	7	0	0	0	-1	34	14	-1	-1	17	-1
c20037	3	0	0	37	1	-1	31	0	17	-1	0	-1	0	0	49	0	0	-1	38	-1	0	-1	0	31	-1	-1	-1	19	0	37
c20052	3	-1	-1	0	0	41	0	22	0	23	12	0	33	15	7	-1	28	0	0	23	-1	0	0	0	-1	0	0	19	0	37
c20064	-1	0	0	0	0	0	0	0	2	0	-1	42	12	46	-1	0	47	26	15	8	0	50	-1	34	0	0	28	19	0	37
c20080	3	0	0	0	-1	41	46	0	26	-1	0	28	15	-1	37	0	0	0	14	23	28	0	0	-1	22	-1	-1	19	0	37
c20087	26	0	-1	26	0	0	-1	0	2	0	-1	0	0	29	-1	0	47	0	-1	0	0	50	0	0	1	0	-1	19	0	37
c20093	0	26	0	-1	0	-1	-1	0	24	0	-1	22	0	6	-1	0	0	0	0	-1	0	-1	24	0	-1	38	0	0	-1	0
c20099	3	-1	42	26	-1	41	0	-1	-1	0	0	0	0	0	0	0	0	0	12	23	0	38	0	31	0	0	14	19	14	37
c20138	26	0	-1	27	-1	0	0	-1	0	0	39	0	0	-1	28	-1	0	0	0	7	0	0	24	-1	49	-1	0	0	0	-1
c20139	-1	0	0	27	0	-1	0	42	0	0	39	0	0	6	-1	-1	0	0	0	7	0	-1	24	-1	0	0	0	0	0	-1
c20174	0	0	-1	0	0	-1	-1	0	0	0	12	0	0	6	0	0	0	0	3	7	1	0	24	0	-1	0	-1	0	0	0
c20213	-1	0	0	0	26	0	19	0	0	0	0	0	0	6	0	0	0	-1	-1	7	37	23	24	-1	0	0	0	0	0	0
c20218	3	-1	0	0	0	-1	0	22	0	-1	12	0	0	0	2	-1	0	0	0	23	0	0	24	-1	0	0	0	19	-1	37
c20219	3	0	0	0	0	41	0	22	0	-1	12	0	0	0	-1	31	0	-1	0	23	0	0	24	0	0	0	0	19	0	37
c20242	-1	0	29	-1	0	0	-1	0	-1	1	0	0	0	6	0	0	0	0	0	7	0	-1	24	0	0	0	0	0	0	-1
c20246	0	0	38	0	35	27	38	0	-1	37	-1	0	18	0	48	0	0	7	0	7	0	0	0	-1	0	0	3	37	0	0
c20260	-1	0	14	-1	-1	41	0	27	0	6	41	0	-1	0	0	-1	-1	-1	-1	23	0	-1	0	0	0	0	0	19	0	-1
c20279	0	-1	12	0	-1	0	19	-1	0	0	23	1	0	6	49	0	-1	33	-1	7	-1	-1	24	0	0	0	-1	0	0	-1
c20288	0	26	-1	0	35	27	2	0	15	-1	-1	0	31	0	12	-1	0	7	-1	7	0	0	0	-1	0	14	0	-1	17	23
c20297	3	28	26	-1	46	41	0	0	20	0	0	0	15	17	-1	0	0	49	26	23	-1	31	0	-1	0	0	42	19	0	37
c20325	3	0	0	0	0	-1	-1	0	-1	-1	12	0	0	31	0	-1	0	0	0	23	-1	0	-1	0	-1	31	0	19	-1	37
c20336	0	0	0	0	0	0	0	-1	-1	0	0	0	0	6	22	0	0	0	0	7	-1	-1	24	0	0	0	0	26	0	48
c20338	-1	26	32	-1	-1	0	0	0	12	0	43	-1	0	0	-1	0	0	31	0	-1	0	0	0	0	-1	-1	-1	42	0	31
c20344	-1	26	0	0	-1	43	38	0	24	0	0	0	-1	-1	0	0	0	-1	-1	7	0	0	24	0	-1	0	0	0	0	26
c20347	7	26	0	-1	0	0	23	-1	0	-1	0	0	-1	42	0	0	23	0	0	7	0	0	0	22	0	-1	-1	0	0	0
c20380	26	-1	-1	0	26	-1	-1	38	-1	-1	-1	0	-1	6	39	-1	0	0	-1	-1	0	0	24	0	0	0	0	0	0	39
c20418	0	0	-1	0	-1	0	-1	-1	0	0	0	0	0	6	0	0	0	0	3	7	35	0	24	0	0	-1	-1	0	-1	0
c20421	-1	0	29	-1	0	38	49	0	-1	49	0	34	0	6	31	7	0	0	0	7	0	-1	24	34	16	0	0	0	0	-1
c20446	-1	0	38	0	35	27	0	0	12	42	47	0	-1	0	-1	0	0	0	0	7	31	0	-1	-1	22	0	0	37	23	0
c20447	0	0	38	0	-1	-1	0	0	12	42	47	-1	-1	0	0	0	0	0	-1	7	31	0	0	-1	22	0	0	37	0	0
c20460	38	36	-1	-1	5	14	42	-1	0	0	-1	-1	0	6	0	0	39	-1	0	-1	1	26	-1	39	0	0	0	23	0	-1
c20494	0	0	-1	39	35	27	38	0	0	1	-1	0	18	-1	-1	0	0	7	0	7	0	0	3	-1	7	38	0	37	0	0
c20513	0	0	28	-1	31	32	8	0	2	0	-1	0	0	29	-1	0	47	0	-1	14	22	50	19	39	0	33	0	19	0	37
c20516	-1	-1	-1	1	0	-1	-1	-1	23	0	-1	-1	0	6	0	0	-1	0	0	7	-1	0	24	-1	0	-1	0	12	0	26
c20535	-1	0	0	0	0	41	0	-1	0	0	0	0	0	0	0	-1	0	0	-1	23	-1	0	0	31	-1	0	14	19	0	37
c20536	-1	22	-1	0	35	27	38	42	0	-1	-1	0	18	29	-1	-1	0	7	-1	7	0	-1	-1	-1	0	0	-1	37	0	0
c20537	38	22	38	0	35	27	38	42	23	-1	-1	0	-1	29	-1	-1	0	7	0	7	0	-1	-1	-1	26	-1	0	37	0	-1
c20547	-1	0	0	-1	0	-1	0	0	0	0	12	0	0	0	0	0	0	-1	0	23	0	-1	0	7	0	-1	-1	19	0	-1
c20550	3	0	0	7	0	41	49	0	0	0	18	37	0	0	0	0	0	23	-1	23	0	0	0	-1	0	0	0	19	0	-1
c20574	3	-1	0	12	-1	41	0	-1	0	30	0	0	-1	0	0	28	12	-1	0	23	0	0	-1	0	38	0	-1	19	0	-1
c20575	3	38	0	12	-1	41	0	0	0	30	0	0	0	0	0	-1	12	-1	-1	23	0	0	19	0	38	0	-1	19	-1	-1
c20578	-1	0	0	-1	0	41	0	-1	0	0	-1	0	-1	15	7	31	28	0	0	23	-1	-1	0	0	0	0	0	19	0	37
c20579	3	0	0	0	0	41	0	22	0	0	-1	0	33	15	7	31	28	-1	0	23	-1	0	-1	0	0	0	-1	19	0	37
c20589	0	-1	-1	0	0	0	0	-1	0	-1	0	0	0	-1	0	0	0	-1	-1	-1	0	0	24	0	30	0	0	0	0	0
c20590	3	0	0	0	0	41	0	22	0	-1	12	0	33	0	-1	31	0	-1	-1	23	-1	0	0	0	0	0	0	19	23	37
c20591	3	0	-1	-1	0	41	-1	22	0	-1	12	0	33	-1	0	31	0	-1	-1	23	0	0	0	0	-1	0	0	-1	23	37
c20620	0	0	0	31	0	7	0	26	2	23	-1	0	0	28	-1	0	47	42	0	0	0	50	0	0	-1	-1	0	-1	0	-1
c20625	-1	0	38	0	35	27	38	42	0	-1	-1	0	-1	29	-1	0	0	7	0	7	0	-1	-1	-1	0	0	0	37	0	23
c20631	7	26	39	-1	0	0	7	-1	12	30	0	0	0	15	-1	24	-1	0	-1	7	0	0	0	0	22	0	-1	-1	-1	31
c20640	0	37	38	0	-1	27	0	-1	-1	42	47	0	-1	12	0	-1	0	0	0	7	0	0	0	-1	38	2	-1	37	0	0
c20646	-1	-1	38	37	1	41	0	0	17	1	-1	0	0	0	49	-1	0	0	-1	23	0	-1	0	31	0	28	0	19	0	37
c20661	38	0	0	26	0	22	17	7	-1	-1	-1	0	0	29	-1	0	47	28	22	-1	0	50	0	0	0	0	3	19	0	-1
c20677	0	22	-1	0	0	0	-1	26	2	0	-1	0	0	0	-1	0	47	42	-1	0	0	50	0	0	0	0	0	19	-1	37
c20694	0	0	0	0	35	0	0	16	0	0	7	0	0	0	26	0	0	-1	0	7	0	0	0	0	23	47	-1	0	0	0
c20730	23	38	-1	0	0	0	0	0	0	0	-1	0	-1	6	0	12	0	0	31	7	0	0	24	39	0	0	0	0	3	0
c20746	22	0	-1	0	35	27	38	42	42	0	-1	0	-1	0	48	0	0	7	-1	7	12	-1	-1	-1	0	0	0	37	0	0
c20751	3	38	0	-1	0	41	-1	0	0	0	0	0	-1	-1	0	0	-1	0	0	23	0	0	0	0	0	0	42	19	39	37
c20756	0	23	-1	0	35	27	-1	0	0	0	-1	0	18	26	-1	0	-1	7	0	7	0	0	0	-1	0	0	0	37	0	0
c20761	-1	26	0	41	0	-1	-1	0	12	-1	-1	46	0	0	-1	0	0	31	0	-1	-1	0	0	0	-1	-1	39	42	0	-1
c20765	3	31	37	0	0	41	26	0	-1	0	0	0	-1	0	0	0	19	0	33	23	28	0	0	0	0	-1	22	19	34	37
c20777	0	0	0	0	0	0	0	0	-1	-1	0	0	-1	6	0	0	0	0	0	7	38	0	-1	0	22	38	0	-1	0	0
c20785	7	-1	0	41	27	-1	7	0	-1	30	-1	0	-1	0	0	0	0	38	0	7	0	0	-1	0	0	0	-1	0	0	16
c20810	-1	14	0	0	0	41	12	0	-1	-1	-1	49	0	-1	37	0	12	0	-1	7	-1	-1	24	-1	0	-1	-1	26	0	48
c20818	3	0	28	0	0	-1	0	-1	34	-1	12	0	-1	-1	-1	31	0	0	0	-1	0	0	0	0	0	0	0	19	0	-1
c20819	-1	0	28	-1	23	41	0	-1	34	-1	12	0	31	-1	26	-1	0	0	31	-1	-1	0	0	0	-1	0	-1	19	0	37
c20836	0	0	0	-1	0	6	0	0	2	0	-1	38	0	29	-1	12	-1	0	0	-1	0	50	0	-1	0	-1	0	19	0	-1
c20839	0	-1	0	0	28	0	0	0	-1	0	0	0	-1	6	0	0	-1	49	23	7	0	7	24	-1	0	49	19	0	0	34
c20844	0	-1	0	0	28	0	0	0	2	0	-1	0	-1	39	-1	-1	47	-1	0	0	0	50	0	0	14	0	0	19	-1	37
c20857	3	0	0	38	0	41	0	0	0	0	0	0	0	0	0	0	0	0	-1	23	37	0	0	0	0	0	0	19	0	37
c20861	0	0	38	0	35	27	38	42	0	-1	-1	0	18	29	48	0	0	7	40	7	0	-1	0	-1	-1	-1	0	37	7	23
c20863	3	0	2	12	-1	41	0	0	7	-1	0	-1	0	0	-1	8	0	-1	0	23	0	31	0	17	0	0	31	19	0	37
c20885	0	-1	-1	0	35	27	0	22	12	0	47	0	-1	0	0	28	0	4	-1	7	0	0	0	-1	-1	0	39	-1	0	4
c20886	-1	0	38	0	35	27	38	42	42	0	-1	0	-1	0	48	0	0	7	0	-1	0	-1	0	-1	-1	0	-1	37	28	0
c20890	7	26	10	41	28	43	34	0	31	0	0	0	0	0	-1	0	0	38	0	7	-1	0	0	26	0	23	-1	0	-1	16
c20897	0	-1	38	0	35	27	38	0	0	0	-1	0	-1	-1	48	0	0	7	0	-1	-1	42	0	-1	0	0	0	37	0	-1
c20904	7	26	39	41	0	0	7	0	12	-1	0	0	0	15	-1	0	11	0	-1	7	-1	0	0	-1	22	0	0	-1	0	31
c20907	3	0	0	0	0	41	0	-1	39	0	-1	0	0	19	0	0	-1	-1	0	23	0	0	7	28	0	0	0	-1	43	-1
c20915	3	0	33	0	31	-1	0	0	0	6	33	34	0	0	37	-1	39	1	0	-1	0	0	-1	0	0	12	-1	19	0	37
c20926	3	0	-1	-1	23	41	0	-1	0	0	-1	0	19	17	0	0	0	-1	0	23	0	0	0	31	0	-1	-1	19	0	37
c20936	-1	26	39	41	-1	0	-1	0	12	36	0	0	-1	0	-1	23	0	26	49	7	0	17	0	-1	22	0	-1	-1	0	31
c20944	0	0	38	0	35	27	-1	0	0	37	-1	17	18	0	48	0	0	7	0	7	0	0	0	-1	-1	0	3	37	-1	0
c20945	0	0	38	-1	35	27	38	0	0	37	-1	-1	18	0	48	0	0	7	0	7	0	0	0	-1	0	0	3	37	0	0
c20961	38	0	-1	0	0	0	-1	0	-1	0	-1	0	45	42	0	0	-1	16	0	7	0	-1	0	-1	38	26	26	-1	0	-1
c21016	3	-1	0	-1	23	41	0	0	-1	0	38	-1	37	-1	0	0	0	0	0	23	-1	17	-1	39	0	0	0	19	0	37
c21027	3	0	-1	0	0	41	0	0	0	0	0	-1	0	0	0	-1	0	0	0	-1	0	0	7	-1	32	0	0	19	43	37
c21047	3	7	-1	0	0	41	0	0	0	-1	0	0	0	0	0	0	0	0	0	23	-1	-1	7	45	0	-1	0	19	43	37
c21048	3	28	0	0	0	-1	0	0	0	-1	-1	50	15	-1	0	0	34	0	0	23	0	45	0	0	0	0	0	19	31	37
c21065	0	-1	0	-1	-1	0	0	42	-1	0	0	0	0	6	0	0	37	0	0	7	0	42	24	-1	0	0	0	0	0	34
c21080	3	28	26	0	46	41	-1	0	20	0	0	0	-1	17	0	0	0	0	0	23	0	31	-1	2	0	0	-1	19	0	37
c21101	-1	0	0	0	-1	0	0	0	-1	-1	-1	-1	0	0	-1	28	-1	0	38	0	-1	-1	7	-1	0	0	0	-1	-1	37
c21114	7	26	18	-1	0	0	37	3	31	0	0	-1	7	0	0	38	0	-1	0	7	0	0	-1	0	-1	0	0	0	0	31
c21122	-1	7	7	0	26	0	22	29	-1	0	0	0	0	6	0	0	0	0	0	7	41	0	24	0	0	28	-1	0	0	0
c21138	0	-1	0	-1	0	0	0	-1	2	-1	-1	17	-1	29	-1	0	47	0	-1	-1	0	50	37	0	0	-1	0	-1	0	37
c21150	0	0	38	39	-1	27	38	42	-1	-1	-1	0	18	29	48	0	0	7	0	7	0	-1	0	-1	0	-1	-1	37	0	0
c21151	0	0	38	0	35	-1	-1	-1	0	0	-1	0	18	29	48	0	0	7	0	7	0	-1	-1	-1	0	30	0	-1	-1	0
c21187	17	-1	0	0	0	0	-1	-1	-1	0	0	0	0	0	-1	38	0	-1	0	7	0	12	0	-1	38	-1	-1	-1	0	0
c21188	0	0	38	-1	35	27	2	34	-1	0	-1	-1	-1	0	12	26	0	7	0	7	0	-1	0	-1	31	14	0	-1	-1	-1
c21189	0	0	38	0	35	27	2	34	0	0	-1	-1	-1	0	12	26	0	7	0	7	0	0	45	-1	31	14	0	-1	-1	0
c21205	0	-1	-1	33	0	-1	23	0	0	-1	23	0	28	-1	0	0	0	0	-1	7	-1	0	24	0	0	0	0	28	0	26
c21212	7	26	0	41	-1	43	0	-1	31	-1	39	0	-1	0	0	0	0	38	0	-1	0	34	24	0	0	0	-1	-1	26	16
c21239	7	-1	39	41	28	-1	32	-1	12	0	-1	0	0	0	-1	15	0	47	-1	-1	0	0	-1	0	22	26	-1	42	0	31
c21263	3	-1	0	0	-1	41	0	0	-1	0	-1	0	15	0	0	0	0	-1	-1	23	28	0	0	0	0	0	0	19	28	37
c21295	3	-1	0	0	0	41	0	0	49	33	12	0	0	0	-1	26	0	0	0	23	39	0	0	0	-1	31	0	19	-1	37
c21298	3	37	33	0	0	41	-1	37	0	34	0	28	0	0	0	-1	-1	0	0	23	0	0	42	0	0	-1	26	19	-1	37
c21303	-1	0	-1	0	0	-1	-1	31	0	0	-1	0	0	0	0	-1	0	16	0	7	0	12	0	-1	38	-1	-1	-1	-1	0
c21316	-1	0	19	0	-1	41	0	-1	26	29	0	0	15	-1	12	-1	0	0	-1	23	28	0	0	0	0	-1	0	-1	0	37
c21320	-1	26	-1	41	0	43	0	0	-1	-1	-1	38	-1	-1	0	-1	39	38	0	7	0	-1	26	0	0	31	-1	0	0	16
c21329	-1	26	0	41	-1	43	-1	0	31	0	0	7	0	-1	-1	26	0	-1	-1	7	41	0	26	0	0	0	-1	0	4	-1
c21347	3	-1	36	0	24	-1	0	0	-1	0	34	0	-1	0	-1	0	0	1	0	23	28	0	0	0	0	0	0	19	-1	-1
c21353	26	0	0	27	0	-1	0	0	0	0	-1	29	0	6	28	-1	0	0	26	7	-1	0	24	0	-1	0	-1	0	12	0
c21366	7	26	10	41	28	43	0	0	31	-1	-1	0	7	0	0	0	0	38	50	7	0	0	37	-1	0	0	-1	0	-1	16
c21395	26	0	0	-1	0	0	0	32	0	0	0	0	42	6	-1	0	0	0	0	7	0	0	24	12	0	31	-1	0	-1	-1
c21397	7	26	39	41	0	0	-1	-1	12	0	-1	31	-1	0	-1	0	0	0	0	7	0	2	0	41	22	0	0	-1	0	31
c21418	7	26	0	41	0	0	7	0	0	-1	19	-1	0	22	0	0	0	-1	38	-1	20	-1	-1	-1	0	17	0	0	-1	-1
c21421	0	0	0	26	-1	27	8	-1	2	0	-1	2	-1	-1	-1	-1	47	26	-1	-1	22	50	19	0	-1	33	0	-1	0	-1
c21437	0	-1	38	39	35	-1	0	0	12	-1	-1	0	-1	0	0	-1	0	0	0	7	0	0	0	-1	0	0	0	37	0	-1
c21452	0	0	0	-1	0	-1	0	-1	0	0	23	7	0	6	0	-1	0	26	0	-1	0	-1	-1	0	0	0	0	0	-1	0
c21457	0	38	0	0	-1	0	0	29	-1	0	31	7	0	6	38	0	-1	0	38	-1	41	0	-1	0	-1	-1	-1	-1	-1	0
c21464	0	0	38	0	-1	-1	38	0	22	-1	-1	0	18	0	48	-1	0	7	0	7	0	0	22	-1	-1	0	0	37	2	-1
c21465	0	0	38	0	35	-1	38	0	22	0	-1	0	-1	0	48	2	0	7	0	7	0	0	22	-1	-1	0	0	37	-1	-1
c21487	3	37	0	0	0	41	0	-1	23	0	-1	35	0	-1	0	-1	-1	0	0	23	0	-1	0	0	0	-1	26	19	0	37
c21513	3	0	-1	12	-1	41	0	0	7	-1	0	0	-1	0	-1	-1	0	34	0	23	0	31	0	17	-1	0	31	-1	-1	37
c21529	3	0	0	0	0	41	0	49	49	-1	12	14	0	0	-1	0	0	0	7	23	0	-1	0	0	-1	31	-1	19	-1	37
c21535	-1	0	0	0	0	0	30	41	2	-1	-1	0	0	46	-1	0	47	0	15	8	0	50	7	-1	0	0	-1	19	0	37
c21550	0	0	0	0	26	0	0	0	0	26	0	0	0	6	0	0	-1	0	-1	7	0	0	-1	0	0	0	-1	0	-1	0
c21567	3	38	0	12	-1	41	0	0	0	0	0	37	7	0	0	0	0	0	43	23	0	0	0	0	0	-1	42	19	-1	37
c21581	3	31	0	0	0	41	0	0	-1	-1	12	0	0	0	-1	-1	0	26	-1	23	0	-1	0	7	0	0	0	19	0	37
c21583	7	26	28	-1	28	26	-1	0	-1	0	0	14	0	31	-1	-1	-1	-1	0	7	-1	0	-1	-1	0	32	39	-1	39	31
c21591	0	22	0	0	0	-1	0	0	-1	0	0	0	0	6	0	0	0	26	11	7	-1	40	24	0	-1	-1	0	0	0	0
c21616	-1	-1	0	-1	0	41	0	22	0	-1	12	0	33	0	0	31	0	-1	0	23	0	-1	0	0	0	-1	0	19	23	37
c21617	3	0	0	-1	0	41	0	22	0	-1	12	-1	-1	-1	0	-1	0	-1	-1	23	-1	0	0	0	0	-1	0	19	23	37
c21636	-1	0	0	0	0	41	42	-1	0	0	0	0	28	0	-1	1	-1	0	17	23	0	-1	0	-1	0	0	0	-1	0	37
c21651	0	0	-1	-1	0	0	0	0	0	26	12	22	0	-1	-1	-1	0	0	-1	7	0	0	24	45	30	0	-1	0	-1	-1
c21660	-1	-1	0	27	0	0	-1	42	0	0	39	0	0	6	-1	0	0	0	0	7	-1	-1	-1	-1	0	0	0	0	0	0
c21661	-1	0	-1	27	0	0	0	-1	0	0	-1	-1	0	6	-1	0	0	0	0	7	0	0	24	-1	0	0	0	-1	0	0
c21670	42	26	-1	0	0	-1	0	-1	24	0	38	-1	-1	6	0	0	38	0	0	7	0	0	24	0	-1	0	-1	-1	-1	-1
c21671	-1	26	0	0	0	0	0	0	24	-1	-1	7	0	6	0	-1	38	-1	0	7	0	0	24	0	-1	-1	0	0	-1	0
c21679	3	-1	-1	-1	0	41	0	37	0	34	0	0	0	0	0	0	-1	0	0	23	0	0	42	-1	0	22	-1	19	0	37
c21686	17	0	38	28	35	0	0	16	1	-1	7	0	-1	0	26	-1	7	0	-1	7	0	0	-1	0	23	47	-1	0	0	0
c21711	17	0	38	0	-1	-1	0	0	12	42	47	0	-1	0	0	19	0	0	0	7	0	0	0	-1	0	0	0	37	0	0
c21749	-1	37	0	0	-1	-1	31	37	0	0	0	0	39	-1	0	0	-1	0	-1	23	0	0	0	17	0	7	26	19	0	37
c21750	3	0	-1	0	0	41	0	-1	-1	0	0	0	0	0	0	-1	0	23	12	23	0	0	-1	31	0	0	0	19	14	37
c21771	3	17	33	0	0	-1	0	0	0	0	0	34	0	0	0	0	31	0	35	23	0	30	0	49	0	12	-1	19	34	37
c21781	-1	41	0	19	49	0	0	-1	2	0	-1	42	0	46	-1	0	47	0	-1	-1	0	50	7	34	0	0	-1	19	-1	37
c21800	3	27	33	0	0	-1	0	0	0	0	0	0	-1	0	-1	41	-1	-1	22	23	-1	-1	0	31	0	-1	0	19	12	37
c21828	0	0	-1	0	-1	0	-1	-1	-1	0	0	0	0	6	-1	47	0	0	0	7	0	0	24	0	0	-1	0	0	0	0
c21839	0	0	40	-1	-1	14	-1	-1	0	0	-1	26	0	6	0	0	0	-1	38	-1	1	26	-1	0	0	0	0	23	0	-1
c21847	7	26	0	-1	-1	0	0	0	0	0	0	-1	0	-1	-1	28	-1	0	0	7	-1	31	0	0	0	0	0	0	32	31
c21899	26	0	38	0	35	27	-1	0	0	0	0	34	15	-1	0	-1	23	50	-1	-1	-1	0	0	-1	-1	39	42	37	0	0
c21909	0	1	0	26	-1	0	0	0	2	0	-1	26	0	29	-1	41	-1	-1	-1	-1	-1	50	0	0	0	0	0	19	0	37
c21923	0	0	-1	0	0	42	0	0	0	26	0	0	-1	6	0	14	-1	-1	3	7	0	-1	24	0	0	0	0	-1	0	0
c21951	0	0	-1	12	26	38	-1	0	-1	0	-1	15	0	-1	0	0	26	50	0	7	26	26	24	0	0	0	0	0	0	0
c21974	0	0	0	0	0	0	0	-1	0	-1	0	23	0	6	27	0	-1	0	-1	7	0	0	24	0	0	-1	0	-1	0	34
c21992	-1	0	38	0	-1	27	17	0	0	0	0	-1	0	0	-1	0	23	-1	-1	7	0	0	-1	-1	0	38	42	37	0	0
c22008	-1	12	-1	-1	0	0	-1	0	0	0	-1	-1	0	-1	49	-1	0	33	0	7	0	0	24	0	0	0	0	-1	0	31
c22024	3	0	0	0	0	-1	39	0	-1	-1	12	0	0	-1	-1	-1	0	0	39	23	37	0	0	-1	-1	31	0	19	-1	37
c22030	0	0	38	0	35	27	-1	-1	0	0	-1	-1	18	0	48	-1	31	7	0	7	0	0	0	-1	0	0	0	37	0	0
c22031	-1	0	38	0	-1	27	38	0	0	-1	-1	0	18	-1	48	0	31	-1	0	7	-1	0	0	-1	0	0	0	37	0	0
c22038	3	38	0	12	0	-1	0	0	0	0	0	0	-1	22	0	0	-1	0	0	23	0	-1	0	0	-1	0	42	19	0	37
c22048	0	22	0	0	37	-1	-1	-1	0	-1	-1	-1	-1	-1	0	0	0	0	0	7	0	-1	24	0	0	0	-1	0	0	-1
c22051	7	26	-1	-1	-1	-1	-1	0	12	0	0	0	0	36	-1	0	0	-1	0	-1	-1	-1	0	0	-1	0	39	42	0	31
c22066	-1	0	0	0	0	0	-1	39	0	0	31	0	0	6	0	0	0	0	0	7	0	0	-1	0	-1	0	-1	-1	0	23
c22075	3	34	0	-1	24	-1	35	0	26	42	-1	-1	15	0	0	0	0	0	0	23	28	0	0	0	0	0	12	19	33	37
c22076	28	12	38	-1	35	27	0	0	12	0	47	0	-1	0	-1	28	23	-1	-1	7	0	8	-1	-1	0	0	0	37	-1	4
c22084	38	7	0	-1	26	0	22	-1	0	0	-1	0	0	6	0	0	0	0	0	7	41	0	24	0	0	28	0	14	0	0
c22102	0	0	-1	-1	5	-1	42	0	0	-1	-1	26	0	6	31	0	0	0	-1	-1	1	26	24	0	0	15	0	23	-1	36
c22103	0	0	0	-1	5	14	42	-1	0	39	-1	26	-1	6	31	0	0	0	0	-1	1	26	-1	0	38	15	0	-1	-1	36
c22123	-1	28	0	0	26	41	0	26	0	0	-1	0	15	0	0	0	0	0	17	23	0	0	0	2	0	0	0	19	0	37
c22124	-1	-1	0	-1	0	-1	0	0	-1	10	0	0	15	0	0	-1	0	0	-1	23	0	28	0	-1	-1	0	0	19	0	37
c22125	3	-1	0	0	0	41	-1	0	0	10	0	0	15	0	-1	0	0	0	-1	23	0	28	0	-1	-1	0	0	19	0	37
c22136	-1	-1	-1	0	0	41	0	0	0	0	34	0	42	0	0	0	-1	-1	-1	23	0	-1	0	-1	-1	0	0	19	41	-1
c22137	-1	10	-1	0	0	41	0	-1	0	0	-1	0	-1	0	0	0	0	0	0	23	0	-1	0	0	-1	0	0	19	41	37
c22162	-1	-1	0	41	0	0	0	0	12	0	43	46	0	-1	-1	-1	0	31	0	-1	0	-1	0	0	-1	0	39	42	0	31
c22163	-1	26	0	41	0	-1	-1	0	12	0	43	46	0	0	-1	0	0	-1	0	-1	-1	0	0	0	-1	31	39	42	0	31
c22165	3	37	0	0	0	41	-1	0	7	0	-1	-1	-1	0	0	-1	-1	-1	0	23	0	32	0	0	0	0	26	19	0	37
c22169	28	0	38	0	35	27	0	0	-1	0	-1	0	0	34	0	-1	-1	-1	-1	7	0	0	-1	-1	0	0	-1	37	0	0
c22171	0	17	0	0	0	0	23	0	-1	0	-1	0	15	6	19	0	0	-1	-1	7	0	0	-1	0	0	26	1	23	0	0
c22192	-1	-1	33	0	-1	0	23	0	0	0	23	41	0	6	0	0	-1	0	0	7	-1	-1	24	0	-1	37	-1	-1	38	0
c22198	42	26	-1	0	-1	0	-1	0	24	0	0	0	0	-1	0	0	34	0	0	7	-1	0	-1	0	-1	-1	0	0	0	7
c22229	7	26	25	-1	0	0	-1	-1	0	0	0	31	0	22	0	7	37	-1	0	7	-1	31	23	0	-1	31	28	0	26	31
c22236	0	-1	0	0	0	0	-1	0	0	-1	0	-1	0	6	0	-1	-1	-1	0	-1	0	-1	24	0	0	0	0	-1	0	0
c22267	3	-1	12	0	0	-1	0	30	-1	0	0	0	39	0	31	-1	0	17	0	23	0	49	-1	0	0	42	-1	19	-1	37
c22270	0	0	38	0	35	27	0	0	0	0	42	-1	1	-1	-1	-1	-1	7	14	7	0	38	22	-1	0	-1	35	37	0	0
c22324	7	26	-1	-1	1	28	-1	0	-1	39	-1	0	0	42	0	12	-1	0	-1	7	0	0	-1	-1	-1	-1	0	26	-1	0
c22325	7	26	-1	41	1	0	0	-1	34	39	0	0	0	42	0	12	0	0	-1	7	0	0	0	0	17	0	-1	26	-1	0
c22337	0	0	-1	0	0	3	-1	0	-1	-1	7	0	-1	6	-1	0	26	0	0	7	31	-1	24	0	7	0	0	-1	0	-1
c22369	0	-1	0	0	0	14	-1	0	24	-1	7	-1	0	6	0	0	0	-1	0	7	0	0	24	30	-1	38	0	0	26	0
c22381	3	31	0	-1	3	-1	17	-1	17	0	0	0	37	0	-1	0	0	-1	34	-1	14	18	-1	31	0	28	-1	19	0	-1
c22382	0	0	0	26	0	0	38	0	2	37	-1	0	0	29	-1	0	47	-1	17	-1	0	50	39	26	-1	0	0	19	0	-1
c22395	7	-1	-1	-1	0	-1	0	-1	12	0	0	0	0	0	-1	-1	0	41	0	7	2	0	19	-1	22	-1	0	-1	0	31
c22401	22	-1	0	0	-1	0	0	0	0	0	42	8	0	6	0	27	-1	0	0	7	-1	19	-1	-1	-1	0	0	-1	0	0
c22425	7	26	0	-1	0	26	26	0	26	0	11	0	0	6	0	0	0	0	0	7	43	24	0	0	14	-1	-1	-1	0	-1
c22427	3	0	0	0	-1	41	0	-1	-1	0	0	0	-1	0	-1	0	0	0	0	23	0	0	0	31	-1	0	-1	19	0	-1
c22431	0	0	0	-1	0	3	-1	-1	-1	-1	0	-1	0	-1	0	38	-1	23	0	7	0	0	24	0	0	0	0	-1	-1	41
c22438	-1	0	0	27	0	0	0	42	-1	0	39	0	0	6	28	0	0	0	0	7	0	0	24	-1	0	0	0	0	0	-1
c22439	-1	0	0	27	0	0	0	42	0	0	39	0	0	6	28	0	-1	0	0	7	0	0	24	-1	0	0	0	-1	0	0
c22449	0	-1	-1	-1	35	27	0	0	12	-1	-1	0	-1	0	0	-1	0	0	0	7	-1	0	0	-1	-1	49	0	37	0	0
c22451	0	26	48	0	1	33	0	0	-1	-1	7	0	0	6	7	42	39	0	0	7	-1	42	24	31	-1	0	-1	0	0	0
c22479	7	-1	39	41	28	-1	-1	-1	12	0	-1	0	0	0	-1	-1	0	47	0	7	0	0	0	0	22	26	-1	42	-1	31
c22495	3	-1	-1	0	0	41	42	0	0	-1	0	32	0	0	0	0	-1	0	0	23	-1	0	0	0	0	0	0	19	43	-1
c22502	-1	0	19	37	0	41	0	0	26	0	0	-1	15	0	0	-1	0	-1	0	23	28	0	0	0	0	0	-1	19	0	37
c22503	-1	0	-1	37	0	41	0	0	26	0	0	-1	15	-1	0	-1	0	0	0	23	28	0	0	0	0	0	0	19	0	37
c22544	0	-1	0	0	0	0	-1	-1	0	0	0	0	0	0	0	0	0	16	0	-1	0	12	0	-1	38	0	-1	-1	0	0
c22552	0	-1	0	26	31	0	8	0	2	0	-1	0	0	29	-1	0	47	0	0	0	22	50	19	-1	-1	33	0	19	0	-1
c22576	7	26	0	41	0	0	0	0	-1	0	-1	-1	0	0	-1	0	-1	0	0	-1	0	-1	0	0	-1	35	39	42	0	31
c22580	0	0	0	-1	-1	0	0	-1	2	0	-1	26	0	0	-1	0	47	-1	0	26	0	50	7	26	0	43	0	19	0	37
c22590	0	26	38	0	35	27	-1	-1	0	-1	-1	38	31	0	12	0	0	7	0	7	0	0	0	-1	0	14	0	-1	17	0
c22596	3	0	-1	-1	0	41	0	18	7	-1	0	0	0	-1	0	8	0	-1	0	23	-1	31	0	17	0	-1	31	19	0	37
c22612	7	26	28	41	-1	0	0	0	12	-1	0	0	0	-1	-1	-1	0	0	-1	-1	0	0	0	0	0	-1	39	-1	0	31
c22640	-1	17	-1	3	0	41	-1	0	0	-1	0	0	-1	0	31	0	28	17	0	23	0	0	7	0	0	0	-1	19	0	37
c22653	0	28	38	0	35	27	-1	22	12	0	47	0	-1	0	-1	28	-1	0	0	7	0	-1	0	-1	-1	0	0	37	0	-1
c22667	0	17	0	0	0	0	-1	-1	-1	0	-1	0	0	6	0	0	0	0	0	-1	0	0	-1	0	-1	26	0	23	-1	0
c22675	0	-1	23	-1	-1	-1	0	0	-1	0	0	0	0	6	9	-1	0	0	23	-1	-1	0	24	7	-1	-1	0	28	0	0
c22686	-1	26	-1	41	0	0	0	-1	-1	-1	0	0	23	0	-1	-1	0	26	49	7	0	-1	0	-1	22	0	0	42	0	31
c22696	0	0	0	9	0	0	26	-1	2	0	-1	0	0	0	-1	28	47	-1	0	0	0	50	7	42	-1	0	0	19	26	37
c22703	7	26	10	41	28	43	0	-1	31	38	49	28	7	0	0	-1	7	-1	-1	7	0	0	0	0	0	0	-1	0	31	16
c22733	7	-1	0	-1	0	-1	0	0	-1	39	-1	0	0	-1	0	0	39	0	0	7	0	-1	0	-1	0	-1	0	0	27	0
c22747	0	17	0	0	0	0	23	0	-1	0	-1	0	-1	6	19	0	0	-1	0	7	0	-1	24	-1	0	26	-1	-1	0	0
c22763	21	0	7	0	-1	-1	0	0	0	34	0	-1	0	6	0	0	0	0	0	-1	19	0	24	28	0	0	26	-1	0	23
c22784	0	34	0	-1	0	0	0	42	0	-1	0	0	0	6	0	0	0	-1	-1	7	0	-1	24	0	0	49	-1	0	-1	34
c22793	37	0	-1	0	0	0	0	0	-1	0	0	0	0	6	0	0	0	-1	-1	7	-1	38	24	0	23	0	-1	-1	0	0
c22823	3	-1	-1	41	0	41	0	39	27	0	-1	0	0	0	0	0	-1	0	-1	23	0	0	0	0	0	0	26	19	0	37
c22846	3	0	0	0	0	41	0	22	0	0	-1	0	33	-1	7	31	28	23	0	23	0	0	0	0	-1	-1	-1	19	-1	37
c22847	3	0	0	0	0	41	0	22	0	0	-1	0	33	15	7	-1	28	23	0	23	-1	-1	0	0	-1	0	0	19	-1	37
c22857	3	28	26	0	46	41	0	0	20	0	0	0	15	17	0	38	0	-1	0	-1	-1	31	0	2	0	0	0	19	0	-1
c22860	3	42	0	0	0	41	0	-1	38	0	0	0	-1	0	0	-1	0	0	0	23	0	0	0	31	0	0	0	19	0	37
c22861	3	42	-1	0	0	41	0	-1	38	0	0	0	-1	0	0	32	0	-1	0	-1	0	-1	-1	31	-1	0	-1	19	0	37
c22862	-1	-1	0	0	0	0	0	0	2	31	-1	0	26	-1	-1	-1	47	0	36	0	0	50	7	0	-1	0	-1	-1	0	37
c22864	0	-1	-1	0	0	0	-1	0	0	26	0	0	0	-1	0	0	0	17	-1	7	0	0	24	0	30	0	0	0	0	0
c22896	3	0	-1	0	0	-1	-1	0	33	0	0	0	0	0	-1	-1	0	0	-1	23	0	-1	5	0	0	0	0	-1	43	37
c22908	3	0	-1	0	0	41	0	22	0	-1	12	0	0	-1	0	-1	0	0	0	23	0	0	0	-1	0	-1	0	-1	39	37
c22909	3	0	0	0	0	41	0	22	0	-1	12	0	0	-1	0	31	0	0	0	23	0	-1	0	-1	-1	-1	0	19	39	37
c22910	0	0	38	0	-1	27	38	42	42	0	-1	22	-1	-1	48	0	-1	7	0	7	0	-1	0	-1	-1	0	-1	-1	0	0
c22911	0	0	38	-1	35	-1	38	42	42	0	-1	22	18	-1	48	0	0	7	0	7	0	-1	-1	-1	-1	0	-1	-1	0	0
c22939	-1	37	-1	41	0	-1	0	39	0	0	0	0	0	0	0	0	-1	0	0	23	0	0	0	-1	-1	0	26	-1	0	37
c22940	3	0	0	26	3	41	25	-1	-1	26	0	0	0	0	0	0	0	0	-1	-1	-1	26	42	31	-1	7	0	19	-1	37
c22954	0	0	-1	39	35	27	-1	0	0	1	-1	-1	18	28	48	0	0	7	0	7	-1	-1	3	-1	-1	38	0	37	0	-1
c22955	0	0	38	-1	35	27	-1	0	0	1	-1	-1	18	28	48	0	0	-1	0	-1	0	-1	3	-1	7	38	-1	37	-1	0
c22961	0	-1	0	26	0	-1	-1	7	2	0	-1	0	7	29	-1	0	47	0	22	0	-1	50	0	-1	0	0	3	19	-1	37
c22976	3	28	0	22	-1	41	-1	0	41	0	24	-1	15	-1	0	0	49	-1	0	23	0	31	0	2	0	-1	-1	19	0	37
c22977	3	28	0	22	46	41	0	0	41	0	24	49	15	0	0	0	49	0	0	23	0	-1	0	2	0	0	0	-1	0	37
c22989	0	0	0	-1	28	-1	0	0	0	-1	0	0	0	6	22	0	15	49	0	7	0	0	-1	0	0	49	19	0	0	34
c22993	36	28	38	0	35	27	0	0	0	-1	42	0	0	32	0	0	0	-1	-1	7	0	-1	0	-1	22	0	-1	37	0	-1
c22999	0	0	0	0	28	-1	-1	0	0	0	0	0	0	6	22	0	0	49	-1	7	-1	0	-1	0	49	49	19	0	0	34
c23004	0	-1	12	46	0	0	19	-1	0	0	23	0	0	6	-1	0	0	33	0	7	0	-1	24	-1	-1	0	0	0	38	0
c23049	7	26	39	41	38	30	0	0	-1	0	0	7	12	0	-1	0	0	0	0	7	0	0	0	41	22	0	0	-1	26	31
c23051	3	0	0	23	7	-1	-1	31	-1	0	12	0	0	28	38	0	-1	-1	7	23	0	-1	0	0	-1	31	14	19	-1	37
c23065	26	0	22	0	0	0	0	0	0	0	0	12	42	6	28	-1	0	0	0	7	0	0	24	0	-1	0	0	0	0	-1
c23095	3	0	0	0	0	41	0	0	0	15	-1	7	0	0	0	0	0	-1	0	23	0	-1	30	28	-1	-1	10	19	38	37
c23101	3	39	-1	0	0	-1	-1	0	0	0	0	0	0	-1	0	-1	-1	0	0	23	-1	0	0	0	-1	0	-1	19	0	37
c23107	3	28	35	-1	0	41	0	0	-1	1	0	0	15	-1	0	0	0	0	-1	23	-1	31	0	-1	-1	0	0	19	0	-1
c23111	3	-1	0	37	0	41	0	-1	38	0	0	0	7	26	0	0	0	0	0	23	0	0	-1	31	-1	27	34	-1	0	37
c23130	0	-1	38	0	35	27	-1	-1	0	0	-1	0	18	-1	-1	0	31	7	0	7	0	0	0	-1	0	0	0	37	-1	0
c23131	0	0	38	-1	35	27	38	0	0	0	-1	0	18	0	48	0	31	7	0	7	0	0	0	-1	0	0	0	37	0	0
c23138	-1	26	-1	12	0	-1	-1	0	0	-1	-1	-1	0	39	-1	0	0	0	32	23	0	28	0	0	-1	-1	-1	19	0	-1
c23143	0	38	-1	0	-1	0	-1	0	2	0	-1	0	7	0	-1	31	-1	0	-1	0	0	-1	0	-1	22	0	7	19	0	37
c23148	-1	0	-1	0	0	-1	0	-1	-1	-1	0	0	0	6	0	0	0	0	0	7	0	0	24	0	0	49	-1	-1	0	34
c23175	7	26	0	41	0	0	0	0	12	0	0	0	0	0	-1	0	0	0	-1	-1	0	-1	0	0	-1	0	39	42	0	-1
c23187	3	17	-1	0	0	-1	0	-1	-1	0	-1	0	0	0	31	0	0	17	5	23	0	0	7	0	15	26	-1	19	38	37
c23191	0	0	47	1	-1	0	0	0	0	0	8	0	-1	6	-1	0	0	3	0	7	0	-1	24	23	-1	-1	19	0	17	34
c23195	-1	0	-1	30	-1	-1	28	0	42	26	0	28	-1	6	0	-1	0	0	-1	7	0	7	24	0	0	-1	0	0	0	0
c23250	0	0	40	0	0	3	-1	0	33	-1	7	0	0	6	0	28	0	-1	-1	7	0	0	-1	38	0	0	0	-1	0	41
c23264	7	26	0	41	-1	0	0	0	-1	35	0	0	0	0	0	0	0	0	0	7	43	0	0	-1	28	0	-1	0	0	-1
c23289	0	0	38	45	35	27	-1	0	12	42	-1	-1	-1	0	0	19	23	0	0	-1	0	0	-1	-1	0	0	-1	37	0	0
c23293	7	26	39	41	28	-1	22	-1	12	-1	-1	0	0	0	-1	0	0	0	0	-1	0	0	-1	15	22	-1	-1	-1	0	31
c23295	-1	0	19	0	-1	41	0	0	26	0	-1	0	15	0	9	-1	0	0	0	-1	28	-1	0	0	0	0	0	-1	0	37
c23297	0	0	0	0	49	26	0	0	-1	0	-1	0	0	0	-1	28	47	0	0	0	0	50	7	35	0	0	33	19	26	37
c23310	-1	-1	-1	-1	27	43	-1	0	31	0	-1	0	-1	0	-1	-1	-1	-1	0	7	17	0	0	-1	-1	0	-1	0	0	16
c23319	0	0	38	0	35	27	38	42	42	0	-1	-1	18	0	48	-1	0	7	0	7	0	-1	0	-1	0	0	-1	37	31	0
c23325	7	26	39	41	0	0	0	39	12	-1	0	0	0	-1	-1	0	0	0	-1	7	-1	0	-1	0	22	7	15	42	0	31
c23344	-1	26	0	41	0	30	-1	0	12	7	0	16	-1	40	-1	0	7	22	-1	7	-1	0	-1	0	22	0	0	42	0	31
c23352	0	0	38	26	35	27	17	0	-1	-1	-1	0	0	0	0	0	-1	0	0	-1	0	-1	0	0	38	0	42	37	0	0
c23390	0	-1	0	-1	-1	0	0	0	-1	0	-1	0	0	6	0	0	0	26	0	7	0	0	24	-1	0	0	0	-1	0	0
c23394	3	0	-1	-1	0	41	-1	22	0	0	-1	0	33	15	-1	-1	28	7	38	23	0	0	0	-1	0	0	0	19	0	37
c23395	3	0	0	-1	-1	41	0	22	0	-1	-1	0	33	15	-1	31	28	7	38	23	0	0	-1	-1	0	0	0	19	0	-1
c23396	0	12	0	26	0	22	17	7	2	-1	-1	0	-1	-1	-1	-1	47	0	-1	-1	0	50	-1	0	-1	0	3	-1	0	37
c23402	0	0	49	0	-1	0	-1	0	0	0	0	0	0	6	0	0	31	26	0	7	0	-1	-1	0	33	0	28	0	0	23
c23404	0	0	0	-1	0	7	0	0	2	0	-1	0	-1	0	-1	-1	47	44	7	0	0	-1	42	-1	22	-1	7	19	38	37
c23408	3	0	0	0	0	41	0	-1	0	0	0	0	0	0	0	-1	-1	0	0	23	0	17	37	31	23	0	0	19	0	37
c23429	7	26	-1	-1	27	-1	0	0	31	-1	-1	0	-1	-1	0	0	0	38	41	-1	0	-1	0	-1	0	0	-1	0	0	16
c23436	0	0	38	12	35	-1	38	0	-1	0	-1	0	18	0	48	0	1	-1	-1	7	0	0	-1	-1	-1	38	0	37	0	0
c23437	-1	0	38	12	35	-1	38	0	15	0	-1	0	-1	0	-1	0	1	-1	-1	7	-1	-1	0	-1	42	38	0	37	0	0
c23445	0	26	23	-1	0	0	0	0	24	26	-1	0	0	6	0	0	0	39	-1	-1	0	0	24	0	-1	0	39	-1	0	0
c23446	-1	0	-1	26	0	0	0	0	-1	23	-1	0	0	29	-1	-1	47	0	0	0	0	50	27	0	0	49	0	-1	0	-1
c23458	0	-1	-1	1	0	0	0	-1	23	0	0	26	0	6	0	0	0	0	30	7	-1	0	24	0	-1	0	0	12	0	-1
c23459	0	-1	-1	1	0	0	0	-1	23	0	0	0	-1	6	0	0	0	0	0	7	-1	-1	24	0	0	0	0	12	0	26
c23462	3	0	17	38	0	41	0	-1	33	0	0	0	0	48	0	0	37	-1	0	23	0	16	-1	31	-1	26	0	-1	0	37
c23499	0	0	0	-1	0	0	-1	0	0	0	24	0	0	-1	0	0	0	-1	-1	7	0	-1	0	-1	38	0	0	-1	-1	17
c23519	28	0	38	26	35	-1	31	-1	0	0	42	0	0	0	30	41	0	7	-1	7	0	38	22	-1	28	0	-1	37	0	-1
c23520	3	0	0	0	0	41	37	-1	0	0	0	7	49	0	23	-1	0	0	0	23	7	0	30	28	-1	0	23	19	-1	37
c23528	3	0	0	-1	0	41	37	0	0	0	0	0	26	-1	0	0	-1	37	29	23	0	11	0	0	0	0	0	19	0	37
c23531	-1	0	38	0	35	27	38	-1	-1	37	-1	0	18	0	48	0	0	7	0	7	0	0	0	-1	-1	0	3	37	0	0
c23533	7	26	0	-1	-1	43	7	0	31	0	0	-1	0	0	0	0	0	-1	0	7	0	0	-1	0	0	37	-1	0	0	16
c23534	0	0	-1	0	0	0	0	-1	0	0	0	29	-1	6	0	26	0	0	19	7	0	0	24	0	-1	0	-1	0	-1	0
c23542	36	0	38	0	35	27	-1	0	0	46	42	49	0	0	0	-1	0	7	-1	7	35	-1	31	-1	-1	0	0	37	0	0
c23549	-1	0	0	-1	23	41	0	-1	-1	0	38	0	0	-1	0	0	50	0	0	23	0	17	0	39	0	26	0	-1	0	37
c23565	3	0	0	-1	0	41	0	22	0	-1	12	0	0	-1	0	31	0	0	0	-1	0	0	-1	0	0	38	0	19	39	-1
c23600	7	26	0	41	27	43	0	0	31	0	0	39	-1	0	0	0	0	38	0	7	45	-1	28	0	0	0	-1	0	0	16
c23603	-1	0	0	0	0	41	46	0	26	-1	0	-1	15	0	-1	0	-1	-1	14	23	28	0	-1	0	22	0	0	19	-1	37
c23604	3	0	0	0	0	-1	0	-1	-1	-1	12	0	-1	0	0	0	9	0	7	23	0	-1	0	0	-1	31	14	19	-1	37
c23605	3	0	38	0	0	41	0	-1	-1	0	-1	0	-1	0	0	0	-1	0	7	23	0	-1	0	0	-1	31	14	19	-1	-1
c23612	-1	0	0	0	-1	-1	0	0	0	-1	26	0	0	-1	23	0	0	0	-1	23	0	0	0	0	0	-1	26	19	0	37
c23625	0	-1	-1	-1	35	27	0	0	12	42	47	0	-1	0	0	0	-1	0	0	7	-1	26	0	-1	0	-1	0	37	-1	0
c23629	3	22	-1	0	0	-1	0	-1	-1	0	26	7	-1	-1	0	0	0	0	49	23	30	37	30	28	0	-1	0	19	-1	-1
c23630	0	-1	-1	0	0	0	-1	-1	0	0	0	0	0	6	0	-1	0	0	3	7	35	0	24	0	0	0	-1	-1	0	0
c23645	7	26	39	-1	0	-1	0	0	-1	0	-1	-1	12	0	-1	0	38	32	0	7	41	0	0	41	-1	23	0	42	-1	31
c23647	3	0	33	0	0	41	0	0	-1	6	0	34	0	0	-1	-1	39	1	22	23	0	0	28	0	0	12	7	19	-1	37
c23691	7	26	-1	41	0	0	2	0	-1	0	0	0	38	0	-1	0	42	23	0	7	0	-1	0	0	23	38	0	-1	10	-1
c23694	0	0	38	0	35	-1	0	-1	0	0	-1	-1	1	0	0	34	0	-1	0	7	0	-1	22	-1	-1	-1	35	-1	0	0
c23704	-1	-1	38	0	35	27	0	23	0	0	42	0	0	0	0	0	0	7	-1	7	0	28	22	-1	0	0	-1	37	-1	0
c23713	7	26	39	41	0	0	0	0	12	0	0	0	0	-1	-1	0	0	0	0	-1	-1	0	-1	0	22	20	0	42	-1	31
c23714	0	12	12	-1	0	0	19	0	0	0	23	0	-1	-1	49	31	0	33	-1	7	0	0	24	-1	0	31	0	0	0	0
c23721	21	0	0	0	0	16	0	39	-1	0	31	0	0	6	-1	-1	0	0	0	-1	0	0	-1	0	0	0	-1	-1	0	23
c23722	0	17	-1	-1	35	-1	-1	0	-1	0	-1	0	-1	0	0	0	0	7	22	-1	-1	0	0	-1	0	0	0	37	48	0
c23725	26	0	0	0	26	0	-1	38	31	0	0	38	0	6	0	0	0	0	0	7	23	0	24	0	0	0	-1	0	0	39
c23726	0	23	38	0	35	27	38	0	0	0	-1	0	18	26	48	0	49	7	0	7	-1	0	-1	-1	0	-1	0	37	0	0
c23727	0	23	38	0	35	27	38	0	0	0	-1	0	-1	26	48	0	49	7	0	7	0	0	0	-1	0	0	0	37	0	0
c23746	7	26	0	-1	0	0	0	0	0	-1	-1	-1	0	22	0	0	-1	0	-1	7	0	31	-1	0	-1	31	0	-1	0	-1
c23753	3	0	38	37	-1	41	0	0	-1	0	-1	0	0	0	49	0	39	0	0	23	0	0	0	31	0	28	-1	19	0	37
c23765	0	14	0	26	-1	-1	-1	0	2	0	-1	38	-1	-1	-1	0	47	0	-1	-1	0	50	-1	0	0	-1	0	19	0	37
c23767	28	-1	34	0	-1	0	26	-1	-1	0	0	0	40	6	-1	0	0	0	0	7	0	0	24	0	0	0	0	0	0	0
c23771	0	0	-1	-1	0	0	14	0	0	0	1	-1	-1	6	0	-1	0	26	0	7	0	28	24	0	33	0	0	31	35	0
c23777	7	26	0	41	0	0	2	23	0	0	0	0	38	38	0	0	42	-1	0	7	0	20	31	0	-1	-1	0	0	10	31
c23782	-1	26	0	0	-1	0	0	0	24	0	0	-1	0	6	0	32	0	14	0	7	0	0	24	7	-1	0	-1	-1	-1	0
c23793	3	0	0	-1	0	-1	-1	-1	-1	-1	12	-1	0	28	-1	-1	0	0	7	23	22	0	0	0	-1	-1	-1	19	-1	37
c23800	0	0	-1	0	0	0	0	0	-1	0	-1	42	0	0	-1	-1	47	22	0	0	0	50	0	-1	0	0	0	-1	0	37
c23825	7	26	39	41	28	-1	0	22	-1	-1	-1	0	-1	0	-1	0	37	1	0	7	0	0	0	0	22	0	0	-1	12	31
c23829	-1	0	38	26	35	27	0	38	-1	0	42	0	0	0	0	-1	0	7	0	7	-1	-1	0	-1	38	-1	38	-1	0	0
c23839	7	26	28	41	0	-1	-1	-1	-1	42	26	-1	0	0	0	0	16	23	-1	-1	0	20	-1	-1	0	0	0	0	10	31
c23842	3	-1	-1	-1	19	41	0	36	0	0	0	0	0	0	0	0	-1	0	-1	23	-1	-1	0	-1	-1	0	26	19	0	37
c23856	33	17	-1	0	0	0	0	0	0	0	-1	0	0	6	7	-1	34	0	0	7	-1	0	24	0	0	26	0	23	0	0
c23860	0	26	-1	0	35	27	-1	0	15	0	-1	-1	31	-1	12	0	24	7	0	7	0	0	0	-1	0	14	0	-1	17	23
c23861	0	26	-1	0	35	27	2	-1	-1	-1	-1	0	31	0	12	0	24	7	-1	7	0	0	0	-1	0	-1	-1	-1	17	23
c23863	3	28	0	-1	-1	41	0	0	-1	33	0	0	15	42	-1	-1	19	0	-1	23	-1	0	-1	2	-1	17	0	19	7	37
c23869	0	0	0	26	-1	6	0	0	2	0	-1	38	0	29	-1	12	47	-1	0	0	0	50	0	0	-1	-1	0	19	0	-1
c23877	-1	26	0	41	-1	0	-1	0	12	0	-1	1	7	0	-1	0	0	3	-1	-1	0	28	0	0	-1	0	-1	42	0	31
c23878	7	26	0	-1	0	-1	0	0	-1	0	0	0	-1	22	0	0	37	0	-1	7	-1	31	-1	42	0	0	12	0	31	31
c23889	27	-1	-1	26	0	0	0	0	2	0	-1	-1	-1	26	-1	0	47	0	0	31	0	-1	-1	0	-1	-1	39	-1	0	-1
c23892	0	0	-1	0	0	0	0	0	0	0	-1	0	0	6	0	-1	0	0	-1	7	35	-1	-1	0	-1	0	-1	0	0	0
c23894	-1	28	0	0	26	41	7	0	0	0	0	-1	15	0	0	0	-1	0	0	23	0	-1	0	2	0	0	38	-1	0	37
c23925	3	0	7	-1	0	41	-1	-1	-1	0	0	-1	-1	37	0	0	0	0	0	23	0	11	0	0	0	0	0	-1	0	37
c23939	-1	0	0	0	-1	41	0	0	0	-1	17	23	0	0	0	0	0	0	0	23	0	42	-1	-1	-1	-1	0	19	0	37
c23945	-1	33	0	-1	26	0	0	0	0	-1	0	9	0	6	16	-1	0	41	-1	7	-1	-1	24	0	0	0	-1	0	0	0
c23950	3	0	0	-1	0	41	0	0	0	39	-1	-1	25	0	0	0	0	0	-1	23	0	0	14	0	0	0	-1	19	34	37
c23954	3	0	0	0	23	-1	0	0	0	0	38	0	0	-1	0	0	-1	0	0	23	0	17	31	39	-1	0	0	-1	0	37
c23961	-1	0	0	0	0	0	0	0	-1	0	-1	39	0	-1	-1	0	47	0	0	-1	0	50	7	23	0	0	0	19	-1	37
c23963	7	26	0	41	0	0	0	0	0	-1	0	0	-1	-1	0	19	0	0	-1	7	43	-1	0	-1	0	0	27	0	0	31
c23977	3	-1	0	0	0	41	0	0	-1	-1	-1	0	-1	0	0	26	0	0	0	23	0	-1	0	7	-1	-1	-1	19	0	-1
c24001	-1	0	-1	37	0	41	0	0	26	0	0	-1	15	0	0	0	0	0	0	23	28	0	-1	-1	0	0	31	-1	0	37
c24006	3	0	0	0	0	41	-1	-1	0	0	0	0	0	0	0	-1	0	0	0	23	0	17	37	-1	23	0	-1	19	-1	37
c24012	0	28	-1	0	-1	0	0	-1	-1	23	-1	-1	0	6	22	0	-1	-1	0	7	-1	-1	-1	-1	0	0	0	-1	30	48
c24035	-1	12	-1	-1	0	-1	19	0	49	-1	23	0	38	6	-1	12	0	33	-1	7	34	-1	24	-1	0	0	11	0	-1	0
c24045	-1	0	29	0	1	-1	0	0	-1	0	0	0	0	6	0	-1	0	-1	-1	7	-1	0	-1	-1	0	-1	0	0	-1	-1
c24061	0	26	-1	-1	35	27	2	0	15	0	-1	0	31	-1	12	0	0	7	0	-1	0	0	0	-1	0	14	-1	-1	17	-1
c24066	7	26	0	41	0	0	18	0	12	-1	26	-1	0	-1	-1	0	-1	-1	-1	7	0	0	0	-1	-1	0	0	42	0	31
c24076	0	0	38	0	-1	27	0	-1	12	0	47	0	-1	39	0	28	0	4	0	7	0	0	0	-1	17	0	0	37	0	4
c24078	28	0	38	0	35	27	0	0	-1	0	42	0	42	34	0	0	0	-1	-1	7	0	0	22	-1	0	0	-1	37	0	23
c24101	3	22	0	0	0	41	-1	0	0	-1	-1	7	-1	-1	-1	0	0	0	-1	23	-1	-1	30	-1	-1	0	0	-1	38	37
c24102	7	26	0	41	-1	43	0	0	-1	0	0	7	-1	0	0	26	45	38	0	7	0	0	26	24	0	0	-1	0	-1	-1
c24103	7	26	0	41	0	43	0	0	31	0	0	7	0	0	0	26	45	38	0	7	-1	0	26	-1	0	-1	-1	0	4	-1
c24104	-1	26	0	41	0	42	-1	0	-1	0	0	0	30	22	0	0	0	0	0	7	0	0	-1	0	-1	26	23	49	37	-1
c24107	-1	0	-1	0	35	27	-1	0	0	0	42	0	0	0	37	-1	0	7	22	7	0	0	0	-1	-1	0	-1	-1	0	17
c24108	7	-1	0	41	0	43	0	0	31	-1	0	7	0	-1	0	26	0	-1	-1	7	41	-1	26	0	-1	0	-1	-1	4	-1
c24109	7	26	0	41	-1	43	0	-1	-1	0	0	7	-1	-1	0	26	0	-1	-1	-1	41	0	26	0	0	0	-1	-1	4	-1
c24110	3	31	0	0	0	-1	26	0	-1	0	0	0	-1	-1	0	-1	19	0	0	23	28	-1	0	0	0	0	-1	19	34	-1
c24111	3	31	0	0	0	41	26	0	-1	0	0	0	-1	0	0	0	19	0	0	23	28	6	0	0	-1	0	22	-1	-1	37
c24114	3	37	0	31	0	-1	17	0	0	0	0	-1	0	0	0	-1	-1	-1	0	23	26	24	0	26	0	-1	26	19	0	37
c24130	3	30	0	0	34	41	-1	-1	0	0	0	0	26	-1	38	0	-1	34	0	23	0	0	0	49	26	-1	-1	19	27	-1
c24139	0	-1	-1	0	-1	19	0	0	0	37	0	-1	0	6	0	0	0	-1	3	7	35	0	24	0	0	0	-1	0	0	0
c24149	-1	0	40	0	0	3	-1	0	33	-1	7	-1	0	6	0	28	0	0	-1	-1	0	0	24	0	0	0	0	-1	0	41
c24156	-1	0	-1	12	-1	-1	0	0	0	0	19	0	0	39	-1	0	0	0	32	23	0	0	0	0	0	0	0	19	26	37
c24158	7	26	-1	41	0	0	2	0	0	-1	0	-1	0	-1	-1	0	0	23	0	-1	0	20	0	0	0	0	0	-1	10	31
c24168	26	38	0	-1	0	0	37	-1	0	0	38	0	0	6	28	4	0	0	12	-1	0	0	-1	0	0	29	0	-1	0	0
c24169	26	38	0	0	0	0	37	0	0	0	38	0	0	6	28	4	0	-1	-1	-1	0	0	-1	0	-1	29	0	17	0	0
c24175	3	0	0	0	0	-1	0	-1	49	0	12	0	0	0	0	26	0	0	-1	-1	0	0	0	0	-1	31	42	19	-1	37
c24176	0	0	0	0	-1	0	-1	0	0	0	23	41	0	6	0	0	0	0	0	-1	0	-1	24	0	-1	-1	-1	0	0	0
c24208	0	0	0	-1	-1	14	42	0	0	0	0	26	0	6	0	-1	0	0	43	-1	1	0	24	0	0	46	0	23	7	36
c24210	7	26	0	41	31	0	0	27	12	0	0	0	-1	0	-1	0	-1	0	0	-1	0	0	-1	0	-1	0	39	42	0	-1
c24215	-1	0	0	0	0	41	49	0	-1	0	-1	0	0	0	0	-1	0	0	39	23	37	-1	0	0	-1	31	0	19	-1	-1
c24218	-1	0	0	0	0	41	0	-1	0	0	0	0	-1	23	-1	0	0	0	0	23	-1	0	7	-1	0	-1	0	-1	43	-1
c24241	3	0	0	0	0	41	-1	0	-1	-1	12	0	0	28	38	-1	0	0	7	23	0	0	-1	0	-1	31	14	19	-1	37
c24264	3	41	0	-1	1	41	0	0	17	-1	12	0	0	-1	49	0	-1	22	38	23	-1	0	0	31	-1	28	0	19	0	37
c24271	3	11	42	-1	8	41	49	-1	0	0	-1	0	0	-1	0	0	0	0	-1	-1	0	0	0	31	-1	0	27	19	0	-1
c24272	-1	0	38	-1	35	-1	-1	0	-1	0	42	-1	0	23	39	0	0	7	0	7	20	-1	0	-1	38	-1	38	37	0	0
c24280	7	26	40	41	0	43	-1	0	31	0	0	31	0	42	0	0	-1	-1	31	7	0	0	-1	-1	0	31	-1	0	0	16
c24290	26	-1	-1	-1	0	0	-1	16	0	0	0	0	1	6	28	0	0	0	0	7	-1	0	24	0	0	0	28	-1	-1	0
c24298	-1	-1	-1	27	-1	0	0	-1	0	0	0	0	0	6	28	0	-1	0	0	7	0	0	-1	-1	-1	0	0	27	0	0
c24320	7	26	41	41	0	43	0	0	31	0	0	7	0	-1	0	26	0	-1	0	7	0	0	-1	16	0	41	-1	0	-1	-1
c24326	-1	0	-1	0	-1	41	0	0	26	0	49	0	15	17	12	-1	0	0	0	23	28	-1	0	20	0	0	0	19	0	-1
c24327	-1	-1	19	0	0	41	-1	0	26	-1	49	-1	15	17	-1	-1	0	-1	-1	23	28	0	0	0	-1	0	0	-1	0	37
c24337	0	0	-1	-1	0	14	42	-1	17	0	0	26	-1	6	0	0	-1	0	-1	-1	1	-1	-1	0	0	0	0	-1	0	-1
c24346	3	0	0	-1	23	41	0	0	0	0	38	0	0	-1	0	-1	-1	0	0	23	0	17	0	39	0	0	-1	19	0	37
c24347	-1	-1	0	0	23	41	0	0	0	0	-1	0	0	-1	0	0	0	0	0	23	0	17	-1	-1	0	0	0	-1	0	37
c24358	-1	0	0	0	0	0	-1	0	0	48	24	35	-1	0	-1	0	0	-1	0	7	-1	-1	0	-1	38	-1	0	-1	0	0
c24362	0	0	38	0	35	27	0	0	12	-1	47	-1	-1	0	0	23	0	0	0	7	31	0	-1	-1	22	0	0	-1	26	0
c24383	0	-1	0	0	23	12	0	0	0	0	0	0	-1	6	9	0	0	0	17	-1	19	0	24	-1	28	0	0	28	0	35
c24385	0	0	0	0	42	-1	-1	0	2	0	-1	0	-1	0	-1	0	47	-1	0	-1	0	50	0	32	0	33	0	19	0	37
c24389	0	0	-1	9	0	0	0	0	-1	0	-1	38	-1	0	-1	28	47	12	-1	0	0	50	7	42	0	-1	0	19	26	37
c24426	26	15	0	0	26	0	0	38	31	0	0	0	0	6	0	29	0	0	0	-1	0	-1	24	0	0	-1	-1	0	-1	39
c24428	0	12	12	0	39	0	0	1	26	26	23	0	0	6	0	0	0	0	6	7	-1	0	24	0	-1	0	0	34	-1	0
c24431	0	0	0	0	0	37	26	0	2	-1	-1	0	0	28	-1	0	47	42	0	-1	0	50	0	-1	0	0	0	-1	41	-1
c24435	0	0	0	0	0	0	-1	0	-1	0	-1	39	0	0	-1	28	-1	42	14	-1	-1	50	-1	-1	42	0	39	19	-1	37
c24436	3	0	33	0	0	-1	0	0	0	6	0	34	0	0	-1	0	0	-1	0	-1	46	0	28	-1	-1	12	7	19	-1	37
c24453	7	26	0	-1	31	0	0	27	12	0	0	0	1	0	-1	0	-1	0	0	-1	16	0	-1	0	-1	-1	-1	42	0	31
c24464	7	26	0	-1	-1	43	7	-1	31	-1	0	-1	0	0	0	0	0	38	0	7	0	0	26	0	0	0	-1	0	-1	16
c24466	-1	-1	-1	0	0	-1	-1	-1	23	0	0	0	0	6	0	0	0	0	0	7	0	0	-1	0	0	0	0	0	0	0
c24481	-1	0	0	-1	26	0	-1	14	7	-1	-1	0	0	6	24	27	-1	0	0	-1	0	-1	24	0	-1	31	0	0	0	-1
c24485	-1	0	38	-1	-1	27	17	-1	0	0	0	0	0	0	0	0	-1	0	-1	7	0	-1	0	1	38	-1	42	37	0	0
c24488	-1	12	33	0	0	41	-1	0	0	0	-1	-1	-1	0	0	0	-1	-1	35	23	0	0	0	0	37	-1	0	19	0	37
c24501	28	0	0	-1	0	-1	23	0	0	23	23	0	0	-1	0	0	0	-1	0	7	-1	-1	-1	0	28	0	-1	0	0	14
c24520	-1	28	-1	0	46	41	0	0	0	-1	-1	0	15	0	0	0	37	27	-1	-1	0	31	0	2	7	0	-1	19	-1	-1
c24521	-1	28	-1	0	-1	41	-1	0	0	37	-1	-1	-1	0	0	0	37	27	-1	-1	0	-1	0	-1	-1	0	14	19	-1	37
c24532	3	31	33	17	0	41	0	0	0	6	-1	34	0	0	37	39	0	0	0	23	0	0	28	0	0	-1	7	19	-1	37
c24547	0	12	12	0	-1	-1	19	0	0	-1	-1	0	0	6	49	0	0	33	0	7	37	0	24	0	0	0	0	0	0	0
c24552	7	26	0	41	0	0	0	-1	-1	0	28	0	0	8	39	0	20	39	0	-1	0	0	0	0	0	0	0	-1	0	31
c24560	3	22	0	0	0	41	0	0	0	0	-1	-1	-1	-1	0	-1	0	0	49	-1	30	0	30	28	0	0	-1	19	38	-1
c24564	-1	0	-1	0	35	27	0	28	0	0	-1	26	-1	0	14	0	0	7	-1	7	0	0	22	-1	0	0	-1	37	0	0
c24567	3	0	0	0	0	-1	0	0	-1	0	-1	0	0	0	0	-1	0	0	0	23	0	0	0	7	0	-1	-1	-1	38	37
c24569	3	28	0	0	46	41	0	1	42	0	0	49	15	-1	0	0	0	0	0	23	-1	31	0	2	7	-1	-1	19	0	37
c24588	-1	23	38	-1	35	27	38	0	0	0	-1	0	-1	0	48	0	0	7	0	7	0	0	0	-1	34	38	0	-1	0	0
c24589	0	23	38	0	35	27	38	0	-1	0	-1	-1	-1	0	-1	0	0	7	-1	7	-1	0	0	-1	34	38	0	37	0	0
c24599	7	-1	49	-1	0	43	7	0	-1	0	0	0	0	-1	0	0	0	38	0	7	0	0	26	19	0	-1	-1	0	0	16
c24601	26	0	-1	0	0	0	37	0	-1	0	-1	0	31	6	28	-1	-1	0	0	7	0	-1	24	0	0	0	-1	17	0	0
c24607	-1	0	33	0	0	41	0	0	0	6	-1	34	14	38	37	6	39	1	22	23	-1	0	28	0	-1	12	7	-1	0	37
c24618	0	-1	0	-1	26	0	0	29	0	33	0	0	0	6	-1	0	0	0	38	7	41	0	-1	0	0	0	28	0	0	0
c24629	0	0	-1	0	0	0	39	0	-1	0	-1	0	0	0	-1	17	-1	22	0	0	-1	50	14	33	-1	0	0	19	0	37
c24638	3	0	0	0	-1	41	0	-1	38	0	0	28	0	0	0	0	-1	-1	0	23	31	0	41	31	-1	0	-1	19	0	37
c24675	3	-1	0	44	0	41	0	0	0	39	-1	-1	0	0	-1	0	0	0	0	23	0	0	14	-1	0	22	-1	19	34	37
c24683	-1	-1	0	3	23	0	0	0	-1	0	-1	0	-1	6	9	0	0	-1	0	7	-1	0	-1	7	28	0	0	28	0	35
c24686	0	0	32	0	-1	0	0	-1	-1	0	0	-1	0	6	0	0	0	26	0	7	0	0	24	0	0	-1	0	39	0	-1
c24692	3	37	39	31	0	-1	0	37	0	0	0	0	28	-1	-1	0	-1	0	0	23	0	19	0	0	0	0	26	-1	-1	37
c24696	0	0	-1	0	0	0	0	6	-1	-1	0	49	0	-1	0	0	26	19	0	7	-1	-1	24	0	0	0	0	0	0	48
c24710	-1	-1	-1	0	46	41	31	-1	0	37	-1	0	15	0	-1	0	37	-1	0	23	0	31	0	-1	7	0	-1	19	0	37
c24711	-1	28	-1	0	46	41	31	-1	0	37	-1	0	15	0	0	0	37	27	0	23	0	31	0	2	7	0	14	-1	-1	37
c24725	-1	-1	0	0	-1	41	-1	0	-1	0	0	-1	-1	0	-1	-1	0	4	0	23	-1	0	0	0	-1	0	28	-1	43	37
c24732	7	-1	-1	-1	28	43	0	23	31	38	49	28	7	-1	0	-1	0	38	0	7	0	-1	0	0	-1	0	-1	-1	31	16
c24766	7	26	40	41	23	43	-1	0	31	0	0	31	0	-1	0	0	0	38	0	7	39	0	-1	0	0	-1	-1	0	0	16
c24779	42	0	-1	0	0	1	0	-1	0	0	0	0	0	-1	38	0	0	26	0	-1	23	-1	24	0	-1	0	0	-1	0	0
c24810	0	-1	0	0	-1	-1	0	0	0	0	0	0	-1	6	-1	0	30	0	0	7	0	0	24	0	0	0	0	0	28	0
c24824	-1	26	0	41	0	26	28	0	12	0	-1	-1	1	0	-1	41	0	-1	-1	7	2	0	0	0	22	-1	0	-1	0	-1
c24831	-1	10	0	0	0	41	0	0	0	-1	0	0	0	-1	0	0	0	0	0	23	0	-1	0	-1	0	0	0	19	41	-1
c24846	0	-1	0	26	0	22	17	7	-1	-1	-1	0	0	29	-1	33	47	0	-1	-1	-1	50	0	0	-1	0	3	19	0	-1
c24866	7	26	0	41	0	0	-1	0	-1	0	0	0	0	0	0	0	0	23	0	-1	0	20	0	0	31	14	0	-1	10	31
c24871	3	28	0	-1	46	41	0	27	42	0	-1	49	15	0	0	-1	0	0	0	-1	0	31	33	2	-1	0	31	-1	0	37
c24876	0	0	38	12	35	-1	38	-1	15	0	-1	0	18	-1	48	0	1	-1	0	7	0	0	0	-1	-1	38	-1	37	3	-1
c24877	0	0	38	12	35	27	38	0	15	0	-1	0	18	0	48	0	1	-1	0	-1	0	0	0	-1	0	38	0	37	-1	0
c24880	0	0	38	0	35	27	38	-1	0	1	-1	0	18	0	48	-1	0	7	22	7	-1	-1	-1	-1	7	38	0	37	0	-1
c24881	0	0	38	0	35	-1	38	0	0	-1	-1	0	18	0	48	0	-1	7	22	7	-1	7	3	-1	-1	38	0	-1	0	0
c24888	0	0	-1	-1	35	27	0	47	-1	0	-1	0	-1	0	0	-1	0	0	0	7	0	0	22	-1	0	-1	0	37	14	4
c24892	0	0	38	39	35	27	38	0	0	1	-1	0	18	28	48	0	0	7	0	-1	0	39	-1	-1	-1	38	0	37	0	0
c24893	0	0	38	39	35	27	-1	0	0	1	-1	0	18	28	48	0	0	7	0	-1	0	39	3	-1	-1	-1	0	-1	0	0
c24895	-1	-1	0	41	0	43	-1	0	31	0	0	38	-1	26	0	26	-1	38	0	7	0	0	26	0	0	-1	-1	0	-1	-1
c24919	-1	0	0	0	0	41	-1	-1	0	0	0	0	-1	0	-1	0	0	0	0	23	0	-1	0	37	0	0	39	19	41	-1
c24922	22	0	-1	0	35	27	38	-1	-1	0	-1	0	18	-1	48	0	-1	7	0	7	12	-1	0	-1	0	0	0	37	0	0
c24923	22	0	-1	-1	35	-1	38	42	-1	0	-1	0	18	0	48	0	0	7	0	7	12	-1	0	-1	0	0	0	37	-1	0
c24933	0	38	27	0	38	0	-1	31	-1	0	-1	0	0	0	0	0	0	16	0	7	0	12	0	-1	38	0	14	-1	0	0
c24936	-1	0	0	7	26	0	0	14	7	-1	0	0	-1	6	24	27	17	0	0	-1	0	-1	24	0	-1	31	-1	0	0	-1
c24937	31	-1	0	7	26	0	-1	14	7	0	0	0	0	6	24	27	17	0	0	7	0	-1	-1	0	-1	31	-1	0	0	0
c24944	0	0	38	-1	-1	27	38	0	-1	-1	-1	-1	-1	0	-1	-1	0	7	0	7	-1	0	0	-1	0	0	0	-1	0	0
c24945	0	0	-1	-1	35	27	38	0	-1	-1	-1	-1	-1	-1	0	0	0	-1	0	7	0	0	-1	-1	0	0	0	-1	0	0
c24964	0	0	38	-1	35	27	38	21	-1	0	-1	-1	0	0	0	-1	-1	7	0	-1	0	0	-1	-1	-1	0	-1	37	0	-1
c24965	0	0	38	-1	35	27	-1	21	-1	0	-1	-1	-1	-1	0	0	0	7	0	7	0	0	0	-1	0	0	28	37	0	0
c24967	7	-1	0	41	0	-1	-1	0	12	-1	0	0	0	0	-1	-1	0	-1	-1	7	0	0	0	-1	0	-1	39	42	-1	31
c24969	0	0	0	0	0	0	0	-1	2	0	-1	38	-1	-1	-1	0	47	-1	0	-1	0	-1	-1	-1	0	30	0	-1	0	-1
c24978	7	-1	39	41	38	0	0	-1	12	0	0	0	12	42	-1	0	38	-1	0	7	2	0	0	41	-1	29	2	-1	-1	31
c24989	0	0	-1	0	0	0	0	0	0	0	-1	-1	0	6	0	0	0	0	31	-1	0	0	24	39	0	0	0	0	-1	0
c25003	3	37	0	0	-1	41	11	12	0	-1	0	35	0	31	-1	-1	-1	0	0	23	-1	16	0	0	-1	0	26	19	0	37
c25013	-1	-1	0	23	0	46	-1	0	0	-1	0	0	-1	6	-1	7	0	-1	0	7	0	-1	-1	0	0	-1	26	0	0	-1
c25052	7	26	-1	-1	0	-1	0	-1	0	0	0	0	0	22	-1	0	-1	0	-1	7	-1	31	-1	42	0	0	12	0	31	31
c25066	3	-1	0	0	0	41	0	22	-1	33	12	-1	-1	15	7	31	28	7	34	23	0	0	0	0	0	0	0	19	0	37
c25070	-1	0	0	0	0	0	0	0	7	0	0	0	-1	6	0	27	0	0	0	-1	0	-1	-1	0	-1	31	0	0	1	-1
c25081	0	0	0	26	31	-1	8	0	2	0	-1	0	0	29	-1	0	47	0	0	0	22	50	19	0	0	33	-1	19	0	37
c25100	0	-1	-1	0	23	0	0	45	-1	0	-1	42	-1	6	-1	-1	0	-1	0	7	38	0	-1	7	28	28	0	-1	-1	0
c25113	21	0	0	12	-1	0	0	0	0	0	-1	0	0	6	42	26	-1	42	17	7	0	0	-1	0	0	0	-1	-1	0	23
c25150	7	-1	0	41	0	-1	9	34	12	7	-1	0	0	40	-1	0	12	22	-1	7	0	0	0	23	22	0	0	-1	27	31
c25154	19	-1	38	0	35	27	2	0	0	0	-1	0	31	0	12	0	0	-1	0	-1	12	0	0	-1	42	14	0	-1	0	0
c25155	19	0	-1	0	-1	27	2	0	0	0	-1	0	31	0	12	0	0	-1	0	-1	-1	0	28	-1	42	14	0	-1	0	-1
c25168	8	0	0	26	0	-1	-1	0	2	0	-1	0	0	29	-1	0	47	0	0	0	22	-1	19	-1	-1	33	0	-1	0	37
c25176	0	0	38	0	35	27	38	0	0	-1	-1	0	18	0	48	0	-1	7	0	7	0	0	0	-1	0	0	-1	37	0	0
c25177	-1	0	38	0	35	27	38	0	0	-1	-1	0	-1	0	48	0	-1	7	-1	-1	0	0	0	-1	0	-1	0	37	0	0
c25180	7	-1	10	41	28	43	-1	0	31	0	0	-1	7	0	0	0	0	38	-1	7	0	0	37	33	0	0	-1	0	-1	16
c25190	0	0	0	0	0	0	22	0	-1	0	-1	0	7	0	-1	-1	47	0	-1	7	0	-1	0	-1	22	0	7	-1	0	37
c25191	0	0	0	0	0	-1	-1	0	2	0	-1	-1	7	0	-1	0	47	0	-1	7	0	-1	0	-1	-1	0	7	19	0	37
c25197	-1	0	0	0	-1	0	-1	0	0	26	0	0	0	6	0	0	0	-1	0	7	-1	28	24	28	0	0	26	0	0	23
c25199	0	0	-1	0	-1	0	0	0	39	26	-1	-1	-1	6	46	0	0	0	3	7	0	0	-1	0	0	0	-1	7	0	0
c25210	7	26	0	41	0	43	0	0	31	0	0	7	0	-1	0	26	0	38	-1	7	41	0	26	0	0	0	-1	0	4	-1
c25212	-1	0	38	-1	-1	27	38	0	-1	0	-1	-1	0	-1	-1	0	0	7	-1	7	-1	-1	0	-1	0	-1	0	-1	0	-1
c25213	0	0	38	-1	35	-1	-1	0	-1	-1	-1	-1	-1	0	0	0	0	7	0	7	0	-1	0	-1	0	0	0	-1	0	-1
c25226	28	32	-1	-1	35	-1	0	30	0	0	42	0	0	-1	0	0	0	7	-1	7	0	0	22	-1	-1	0	-1	37	-1	0
c25229	7	-1	0	41	0	0	0	0	-1	-1	-1	0	36	42	0	0	0	0	0	7	0	0	38	0	0	0	0	-1	0	0
c25239	-1	7	0	0	0	0	0	0	0	0	-1	0	0	-1	0	0	0	0	0	7	33	12	24	0	-1	0	38	0	28	26
c25260	26	0	0	-1	26	0	0	38	31	0	49	0	0	6	0	-1	0	-1	0	7	0	0	24	0	0	-1	0	0	0	39
c25263	-1	0	30	37	1	41	0	0	17	0	0	0	0	-1	49	-1	40	34	38	23	0	24	0	31	0	28	-1	19	-1	37
c25271	3	17	0	0	0	41	-1	49	0	0	0	0	0	0	31	0	0	17	5	-1	0	-1	7	0	15	26	-1	19	-1	37
c25292	-1	-1	39	41	0	0	-1	0	12	36	0	0	23	-1	-1	23	0	26	49	7	0	17	0	0	22	0	0	42	0	31
c25293	-1	26	39	41	0	0	0	0	12	36	0	0	-1	0	-1	23	0	26	49	-1	0	17	0	0	22	0	-1	42	-1	31
c25300	7	26	0	41	27	43	26	0	-1	0	0	-1	-1	-1	0	0	0	38	-1	7	38	0	0	-1	0	0	-1	0	0	16
c25318	0	0	38	-1	35	27	-1	0	-1	0	-1	0	18	-1	48	-1	0	7	22	-1	0	-1	-1	-1	-1	0	0	-1	0	0
c25319	0	0	-1	0	35	27	38	0	0	-1	-1	0	18	0	48	0	0	7	22	7	0	0	0	-1	0	0	-1	-1	0	0
c25326	0	26	0	0	0	14	0	0	24	0	7	-1	0	6	-1	0	0	0	0	7	0	0	24	0	-1	38	-1	0	26	0
c25348	19	-1	38	0	35	27	2	0	0	0	-1	26	31	0	12	0	-1	-1	-1	7	-1	-1	0	-1	-1	-1	-1	-1	-1	0
c25365	0	0	-1	0	0	0	0	0	-1	-1	-1	-1	0	46	-1	-1	47	-1	15	8	0	50	7	34	-1	0	0	19	0	37
c25387	0	0	0	0	14	0	0	0	2	0	-1	0	-1	-1	-1	0	-1	0	36	0	0	50	-1	0	0	0	0	-1	0	-1
c25389	0	0	0	26	0	0	0	29	2	0	-1	0	0	29	-1	0	47	-1	12	-1	0	50	0	26	0	-1	0	19	0	37
c25398	0	0	28	-1	-1	32	8	0	2	0	-1	0	0	29	-1	0	47	-1	23	14	22	50	19	39	0	33	0	19	0	37
c25399	0	0	28	26	31	-1	8	0	2	0	-1	0	0	29	-1	-1	47	0	23	14	22	50	19	39	-1	33	0	19	0	37
c25416	7	26	28	41	0	31	2	0	0	0	0	0	-1	0	39	-1	0	23	0	7	0	20	27	0	0	0	0	-1	10	-1
c25422	-1	0	-1	0	0	0	0	0	-1	0	0	-1	0	6	0	0	0	0	3	7	1	0	24	0	-1	0	-1	0	-1	0
c25423	0	0	-1	0	0	-1	0	0	0	-1	0	0	0	6	0	-1	0	0	-1	7	1	0	-1	0	0	0	-1	0	0	0
c25443	3	-1	0	0	0	41	0	0	0	0	12	0	0	0	0	37	-1	0	0	23	0	0	26	7	0	0	0	19	-1	37
c25466	0	0	-1	-1	0	0	-1	0	2	0	-1	0	0	38	-1	-1	47	0	0	0	0	50	46	0	-1	0	-1	19	-1	37
c25467	0	0	0	-1	0	0	-1	0	2	0	-1	0	-1	38	-1	0	-1	0	0	0	0	50	46	0	-1	0	0	19	0	37
c25469	0	0	38	0	35	27	26	0	12	0	47	0	-1	0	0	28	19	0	0	7	-1	-1	0	-1	0	0	0	37	0	4
c25483	-1	31	0	-1	7	41	0	0	0	0	12	0	0	0	0	-1	0	26	-1	-1	0	0	0	7	0	-1	0	19	0	37
c25489	0	0	0	-1	-1	0	0	-1	0	0	7	-1	0	7	26	0	41	-1	0	7	0	-1	0	0	23	47	23	0	0	-1
c25492	0	-1	-1	0	35	27	0	0	12	-1	47	0	-1	0	0	0	-1	0	0	7	0	0	-1	-1	0	-1	23	37	0	0
c25493	0	-1	-1	0	35	27	0	0	12	-1	47	-1	-1	0	-1	0	0	0	-1	7	0	0	-1	-1	-1	49	23	-1	0	0
c25500	3	0	-1	0	0	41	0	0	-1	0	0	0	0	0	0	0	0	0	0	-1	0	0	0	0	0	0	-1	19	-1	-1
c25534	0	0	-1	-1	35	27	38	0	15	0	-1	0	18	-1	48	0	1	-1	0	7	0	0	0	-1	0	-1	-1	37	3	15
c25552	-1	26	0	-1	0	0	0	0	2	31	-1	0	26	0	-1	-1	47	0	-1	0	0	50	7	0	0	0	0	19	0	37
c25568	0	23	0	26	-1	0	-1	0	2	0	-1	0	31	29	-1	0	47	-1	0	19	38	-1	0	0	0	0	0	-1	-1	37
c25569	0	23	0	26	-1	0	-1	0	2	0	-1	0	31	29	-1	0	47	-1	0	19	38	-1	0	0	0	0	0	19	31	37
c25586	0	7	38	-1	35	27	38	42	42	0	-1	22	-1	-1	-1	0	0	7	0	7	-1	-1	23	-1	0	0	37	37	31	15
c25587	0	7	38	-1	35	27	-1	42	42	0	-1	22	18	0	48	0	-1	7	0	7	0	-1	23	-1	0	0	37	37	31	15
c25589	7	26	-1	41	0	43	0	49	31	0	0	7	0	-1	0	26	0	38	0	7	41	0	26	0	0	0	-1	0	4	-1
c25590	0	26	0	-1	0	0	0	0	24	26	-1	-1	-1	6	0	0	-1	14	0	7	0	0	-1	7	-1	0	0	-1	0	0
c25602	3	0	0	0	-1	-1	0	22	0	-1	12	0	0	-1	0	31	0	0	0	23	0	0	-1	0	0	-1	0	19	-1	37
c25603	-1	0	-1	0	-1	-1	0	22	0	-1	12	0	0	-1	0	31	0	0	0	23	0	0	0	-1	0	38	0	19	39	37
c25617	0	38	19	-1	0	0	41	0	0	0	0	41	0	6	0	27	43	0	0	7	0	19	-1	0	-1	0	0	0	-1	0
c25623	7	26	39	41	0	0	0	0	12	0	28	0	0	7	-1	-1	26	23	8	7	0	0	0	41	-1	-1	0	42	-1	31
c25637	19	0	0	0	1	0	38	10	-1	0	0	15	23	6	26	0	39	-1	17	7	-1	0	24	0	26	0	23	0	0	0
c25644	3	0	26	33	-1	41	0	26	0	0	0	0	0	-1	0	-1	0	0	0	23	0	0	0	31	0	0	0	19	0	37
c25651	31	0	0	7	26	46	0	14	7	0	0	0	0	6	24	27	0	-1	-1	7	0	-1	24	0	-1	31	-1	0	0	0
c25661	7	-1	-1	-1	-1	-1	0	46	0	39	-1	0	26	42	0	0	37	38	0	7	0	37	0	-1	0	0	0	23	15	0
c25675	-1	0	0	0	0	0	0	0	2	-1	-1	42	0	0	-1	-1	-1	0	29	-1	-1	50	7	0	0	-1	0	-1	0	-1
c25686	3	0	0	0	0	41	0	-1	38	0	-1	0	-1	0	0	0	0	-1	0	23	-1	-1	0	31	0	0	0	-1	0	37
c25687	3	0	0	0	0	41	0	-1	38	-1	-1	0	23	0	0	0	0	-1	0	-1	0	0	0	31	0	0	0	19	0	-1
c25693	3	37	0	28	0	41	0	-1	0	0	-1	0	-1	21	-1	0	-1	0	7	23	-1	0	0	0	0	31	26	19	0	37
c25698	0	0	1	26	0	0	0	0	2	-1	-1	38	0	-1	-1	0	47	22	0	0	0	50	24	0	0	-1	0	-1	-1	37
c25734	3	23	0	0	17	-1	0	26	-1	-1	34	-1	15	0	0	0	32	7	-1	-1	-1	0	23	0	0	-1	-1	19	0	37
c25750	3	0	-1	33	0	41	0	0	39	0	0	0	-1	0	0	0	0	-1	-1	23	-1	20	-1	31	-1	0	0	19	-1	37
c25754	-1	26	40	-1	-1	43	-1	0	31	0	0	31	0	-1	0	0	0	38	23	-1	-1	0	26	-1	-1	0	-1	0	0	16
c25784	0	-1	0	-1	26	-1	-1	-1	0	0	26	0	0	6	-1	-1	0	-1	0	7	41	0	24	-1	0	-1	-1	0	0	7
c25789	0	0	-1	0	35	27	38	0	0	0	-1	-1	-1	0	48	0	31	7	0	7	0	0	0	-1	0	0	0	-1	0	0
c25794	3	28	26	-1	46	41	0	0	20	-1	0	0	15	17	0	-1	0	0	-1	23	-1	31	0	2	0	-1	-1	-1	0	-1
c25796	-1	0	-1	12	0	41	0	-1	0	0	19	0	0	39	-1	-1	0	0	32	23	-1	0	0	0	0	0	0	19	26	37
c25798	-1	-1	38	0	35	27	2	4	0	0	-1	38	31	-1	12	0	0	7	0	7	0	0	0	-1	0	14	0	-1	17	0
c25799	0	26	-1	0	35	27	2	4	-1	0	-1	38	31	-1	12	0	0	7	0	-1	0	0	-1	-1	-1	-1	0	-1	17	0
c25812	3	17	0	0	0	41	-1	23	0	0	0	0	0	0	31	0	0	17	0	23	23	0	7	0	0	0	-1	19	0	-1
c25823	3	-1	0	12	0	41	0	0	0	0	0	37	7	0	0	0	0	0	-1	23	0	-1	0	0	0	0	42	19	0	37
c25826	7	26	-1	-1	0	-1	0	0	12	0	0	0	0	0	-1	0	-1	0	0	-1	0	0	7	34	0	0	39	42	0	31
c25849	21	0	31	-1	-1	0	0	0	-1	0	37	-1	0	-1	0	0	-1	0	32	-1	22	37	24	0	0	46	26	-1	0	23
c25850	0	0	0	26	0	11	0	0	2	19	-1	38	0	29	-1	-1	47	0	0	0	1	-1	-1	0	0	30	28	19	-1	-1
c25873	0	0	-1	0	0	0	0	0	-1	0	12	-1	0	-1	0	0	-1	-1	3	7	1	0	24	0	-1	0	-1	0	0	0
c25889	7	26	49	41	0	43	7	6	31	0	0	0	7	0	0	0	0	38	0	7	-1	0	26	0	0	28	-1	0	0	16
c25910	0	-1	-1	0	0	0	0	41	0	-1	-1	29	0	6	0	26	0	0	19	7	0	0	24	-1	-1	0	-1	0	3	0
c25932	0	0	-1	-1	0	-1	0	42	34	-1	0	0	0	6	-1	0	0	-1	0	-1	0	-1	24	0	0	49	0	0	30	34
c25935	7	-1	0	41	27	43	-1	-1	31	0	0	0	-1	0	0	0	0	-1	8	7	0	0	0	0	31	38	-1	0	-1	16
c25937	7	26	0	-1	0	38	0	0	12	0	0	0	26	0	-1	0	0	17	0	-1	-1	-1	0	0	0	0	39	42	0	31
c25938	3	0	0	0	0	41	0	0	-1	0	42	0	0	0	0	-1	0	0	-1	23	-1	39	0	0	-1	0	42	19	0	37
c25958	0	0	0	26	0	0	-1	0	2	7	-1	38	0	29	-1	0	47	-1	0	-1	0	-1	28	0	0	0	-1	-1	17	-1
c25982	0	-1	38	0	35	27	-1	-1	0	0	-1	-1	31	0	12	0	0	7	0	7	0	0	0	-1	0	14	0	-1	17	-1
c25983	0	26	38	0	35	27	2	0	0	0	-1	-1	31	-1	12	0	0	7	-1	7	0	0	0	-1	0	-1	0	-1	17	0
c25987	0	0	0	0	-1	0	0	0	2	0	-1	0	-1	0	-1	0	47	-1	0	0	-1	50	0	0	43	33	0	19	0	37
c26000	3	28	-1	37	46	41	0	-1	0	0	24	49	15	0	0	-1	-1	0	0	23	0	31	39	2	0	0	0	19	0	-1
c26003	0	36	0	-1	5	14	-1	0	0	0	-1	26	0	-1	-1	-1	0	0	-1	-1	1	-1	24	-1	0	0	0	23	0	36
c26010	3	0	0	16	0	41	-1	-1	0	-1	21	0	0	0	-1	-1	-1	-1	-1	23	0	16	-1	31	0	26	0	19	0	37
c26018	7	-1	0	41	0	0	0	0	12	0	-1	0	0	0	-1	0	0	41	0	7	-1	0	-1	0	22	-1	0	42	-1	31
c26019	7	26	-1	41	0	0	0	0	12	0	0	0	0	-1	-1	0	0	41	0	7	2	0	0	0	22	-1	0	42	-1	31
c26038	3	-1	-1	-1	0	41	0	-1	-1	0	12	0	-1	-1	-1	0	0	42	-1	23	0	0	0	0	-1	31	14	19	-1	37
c26058	-1	26	-1	41	0	43	-1	0	31	0	0	0	-1	26	0	26	0	38	0	7	0	0	26	0	0	-1	-1	0	0	-1
c26059	7	26	0	41	0	43	-1	0	31	0	0	0	-1	26	0	-1	-1	38	0	7	0	0	26	0	-1	0	-1	0	0	16
c26063	3	0	0	0	-1	41	0	0	33	0	0	-1	-1	0	0	0	0	19	-1	23	0	0	-1	0	0	0	0	19	43	37
c26072	-1	39	0	-1	-1	0	33	16	0	0	-1	0	-1	0	26	-1	0	0	-1	7	0	0	0	0	23	47	16	-1	31	0
c26083	-1	26	-1	41	0	-1	2	0	-1	0	0	0	0	0	39	0	-1	23	0	-1	0	20	27	0	-1	-1	0	-1	10	31
c26095	0	0	-1	0	19	0	0	0	0	-1	0	0	-1	6	0	0	0	0	-1	7	49	0	-1	-1	0	0	-1	-1	-1	0
c26111	26	0	0	-1	0	-1	-1	0	2	0	-1	0	0	-1	-1	-1	47	0	33	0	0	-1	0	0	1	0	-1	19	0	-1
c26123	3	0	30	-1	1	41	0	0	17	0	-1	0	0	0	49	-1	40	34	38	23	0	24	0	31	0	28	0	19	32	37
c26126	-1	22	0	0	0	0	-1	0	-1	0	23	-1	0	6	-1	0	0	-1	7	7	0	-1	-1	42	37	0	38	0	28	26
c26158	3	28	0	0	46	-1	0	-1	0	0	0	7	15	-1	-1	37	0	3	-1	23	0	31	0	2	0	7	0	19	-1	-1
c26172	0	26	-1	0	-1	-1	2	0	-1	0	-1	0	31	0	12	0	0	-1	0	-1	0	0	-1	-1	0	14	0	-1	17	0
c26173	0	-1	-1	-1	35	27	2	0	15	-1	-1	0	31	0	-1	0	0	7	0	7	0	0	0	-1	-1	14	0	-1	17	-1
c26188	3	37	-1	41	-1	41	0	-1	-1	0	27	0	0	0	0	0	-1	0	0	23	0	0	0	17	0	0	26	-1	0	37
c26189	3	37	-1	41	0	41	0	39	0	0	-1	0	0	0	0	-1	-1	0	0	23	0	0	0	17	-1	-1	-1	-1	0	37
c26210	-1	-1	0	-1	0	41	0	-1	0	0	-1	0	33	15	7	31	28	0	0	23	0	0	0	0	0	0	0	19	0	37
c26211	3	0	0	0	0	41	0	22	0	0	-1	0	33	15	-1	31	28	-1	0	23	0	0	0	0	0	0	0	19	0	37
c26214	0	0	-1	-1	0	0	-1	0	0	0	24	0	45	0	0	0	2	16	0	7	0	-1	0	-1	38	-1	0	-1	0	0
c26227	3	-1	17	-1	0	41	0	-1	-1	0	0	0	0	48	23	0	37	-1	0	23	0	-1	35	31	0	26	0	-1	0	37
c26244	0	0	38	0	-1	27	-1	0	22	0	-1	0	18	0	48	-1	0	-1	-1	-1	0	0	-1	-1	0	0	0	37	2	-1
c26245	0	-1	38	0	35	-1	38	0	22	0	-1	-1	18	0	-1	0	0	7	-1	7	-1	0	22	-1	0	0	0	37	-1	-1
c26267	0	0	38	-1	35	-1	38	42	-1	-1	-1	0	18	29	-1	0	-1	7	0	7	0	-1	0	-1	0	0	0	37	0	23
c26271	0	0	0	-1	0	0	-1	0	-1	-1	0	0	0	6	0	26	0	26	0	7	0	0	24	0	-1	-1	0	-1	42	0
c26274	3	0	0	37	-1	41	31	0	17	-1	-1	0	-1	0	49	0	0	34	-1	-1	0	24	0	31	0	-1	-1	19	0	37
c26276	0	0	0	0	-1	0	0	0	2	-1	-1	0	0	0	-1	0	47	0	0	8	0	50	-1	-1	0	-1	-1	19	0	37
c26284	7	-1	28	41	-1	26	0	0	12	-1	0	14	0	31	-1	46	0	-1	0	7	-1	0	0	-1	0	32	-1	-1	39	31
c26297	0	0	-1	-1	0	0	0	0	-1	-1	23	-1	0	6	0	7	0	-1	0	7	-1	0	24	0	0	38	31	-1	26	46
c26309	0	0	38	0	-1	27	0	47	12	-1	47	0	-1	0	0	0	0	0	0	7	0	0	22	-1	0	0	0	37	0	-1
c26312	0	26	27	23	-1	0	0	0	2	2	-1	0	0	0	-1	0	47	0	0	0	-1	50	-1	0	0	43	0	19	0	37
c26338	0	-1	-1	26	0	0	0	34	2	0	-1	0	0	29	-1	0	47	-1	-1	15	0	50	0	-1	-1	0	0	19	-1	37
c26344	0	0	-1	27	35	27	0	0	-1	0	42	0	-1	11	0	0	0	7	17	7	-1	22	0	-1	37	0	0	37	0	0
c26358	7	26	0	41	27	43	-1	0	31	-1	0	0	-1	0	0	47	0	38	-1	7	0	0	14	0	-1	-1	-1	-1	-1	16
c26359	7	26	-1	41	27	43	0	0	31	38	0	-1	-1	0	0	47	0	-1	0	7	0	-1	14	-1	-1	0	-1	0	0	-1
c26386	7	0	0	26	0	0	0	0	2	0	-1	27	0	29	-1	0	47	0	0	-1	0	50	39	26	-1	0	0	19	0	37
c26387	-1	-1	0	26	0	0	-1	-1	-1	0	-1	27	-1	29	-1	-1	47	0	0	-1	0	50	39	26	-1	0	0	19	0	37
c26407	-1	26	-1	43	6	41	0	-1	7	0	0	0	0	0	0	0	-1	0	0	23	0	0	19	0	0	0	0	19	-1	37
c26412	-1	10	0	-1	-1	41	0	0	0	0	0	0	-1	0	0	0	19	0	0	23	0	-1	0	0	0	0	0	19	41	37
c26425	-1	26	0	-1	0	0	0	47	24	-1	7	22	-1	-1	0	0	-1	0	0	7	0	0	24	0	-1	38	0	0	0	12
c26439	7	26	-1	41	27	43	0	0	31	0	-1	0	-1	0	17	0	0	38	0	7	19	0	0	37	38	0	-1	-1	0	16
c26442	0	0	38	12	35	27	-1	0	0	0	-1	0	-1	0	48	0	0	-1	0	7	12	-1	0	-1	0	38	0	37	0	-1
c26443	0	0	-1	12	35	27	-1	-1	0	0	-1	0	18	0	-1	0	0	-1	0	-1	12	-1	0	-1	0	38	0	37	0	0
c26449	0	0	0	26	0	0	-1	0	2	12	-1	38	42	-1	-1	-1	47	-1	0	0	0	50	0	-1	-1	0	-1	-1	0	37
c26463	-1	0	38	0	35	27	17	0	0	0	-1	48	0	-1	-1	0	23	-1	1	7	0	-1	-1	0	7	0	42	37	-1	0
c26479	38	0	-1	0	0	0	0	0	0	0	17	0	0	6	0	-1	0	0	3	7	0	0	24	-1	-1	0	0	0	0	0
c26487	-1	0	8	-1	-1	41	0	0	37	0	19	0	-1	30	0	0	31	-1	0	-1	0	0	0	0	0	-1	-1	19	28	-1
c26514	-1	0	-1	0	35	-1	17	0	0	0	0	0	0	0	0	0	23	0	-1	-1	0	0	0	0	22	-1	42	-1	-1	0
c26532	7	-1	39	41	38	7	0	0	12	0	0	0	12	42	-1	0	38	0	0	7	2	0	0	41	22	29	0	42	26	31
c26542	7	26	0	41	27	43	0	-1	31	-1	0	0	-1	0	0	0	0	38	0	7	17	0	0	-1	0	0	-1	0	0	16
c26605	0	0	38	0	35	27	0	4	12	42	47	0	-1	0	-1	19	0	0	0	7	0	-1	0	-1	0	0	-1	-1	-1	0
c26620	3	0	0	-1	-1	41	0	0	-1	0	0	-1	0	50	0	0	0	0	0	23	0	0	0	37	0	-1	0	19	0	-1
c26635	3	28	-1	-1	-1	41	0	-1	0	-1	0	-1	15	0	0	18	0	0	0	23	0	31	0	-1	0	0	0	-1	0	37
c26639	28	0	-1	0	35	27	0	0	-1	-1	42	-1	42	34	0	0	41	-1	-1	7	0	0	22	-1	0	0	-1	-1	7	-1
c26661	-1	26	0	-1	27	43	0	-1	31	0	0	0	-1	0	0	0	0	-1	-1	7	17	0	0	-1	0	0	-1	0	-1	16
c26665	26	34	0	-1	26	-1	0	38	31	-1	-1	-1	0	6	0	-1	0	0	31	7	26	0	24	0	6	0	39	0	-1	39
c26671	0	12	-1	39	0	0	19	0	-1	0	23	0	17	6	49	-1	0	33	0	7	0	0	24	-1	-1	31	0	0	0	0
c26689	7	26	10	41	-1	43	0	-1	31	0	0	-1	0	0	-1	0	0	38	0	-1	8	26	0	26	2	23	-1	0	31	16
c26717	0	-1	40	-1	0	3	-1	0	33	-1	7	0	0	6	0	28	0	0	-1	-1	-1	0	24	-1	-1	0	0	-1	34	41
c26719	22	0	-1	0	35	27	38	42	42	0	-1	0	18	0	48	0	26	-1	0	7	0	-1	0	-1	-1	0	0	37	0	-1
c26724	3	0	-1	0	-1	41	-1	0	0	0	-1	0	0	0	0	42	0	0	0	23	-1	0	31	0	24	0	28	19	1	-1
c26733	-1	0	19	-1	0	41	0	0	26	0	0	-1	15	0	12	-1	0	0	22	23	-1	-1	0	0	0	0	0	-1	0	37
c26744	0	7	-1	0	35	27	38	42	42	-1	-1	22	18	-1	48	-1	0	7	0	7	0	-1	23	-1	0	0	37	-1	31	0
c26755	0	0	-1	23	0	0	0	38	2	0	-1	0	-1	0	-1	0	47	0	0	0	0	50	0	0	-1	33	0	-1	-1	37
c26757	3	0	0	0	-1	41	0	0	0	0	-1	0	16	0	-1	0	-1	0	0	-1	0	0	-1	0	0	38	-1	19	0	37
c26774	0	0	0	0	26	0	0	29	0	0	0	0	34	6	0	0	-1	0	38	7	41	19	24	0	-1	0	0	0	0	0
c26799	17	0	0	38	0	-1	-1	31	0	0	0	0	0	0	-1	0	0	16	0	-1	0	12	0	-1	38	0	39	-1	0	-1
c26802	3	28	-1	0	46	41	0	0	-1	0	0	0	15	17	32	0	33	0	0	-1	0	31	0	2	-1	0	0	19	-1	-1
c26812	36	-1	-1	0	35	27	0	22	0	-1	42	-1	38	0	0	0	0	7	0	7	0	-1	0	-1	-1	0	0	37	-1	0
c26828	3	0	0	0	0	41	0	22	-1	-1	12	0	0	-1	0	31	0	0	0	23	0	0	0	-1	0	38	0	19	39	-1
c26829	3	-1	0	0	0	41	0	22	-1	-1	12	0	-1	-1	0	31	0	0	0	23	0	-1	0	0	0	38	0	19	-1	-1
c26846	26	0	0	0	26	0	-1	38	-1	-1	0	-1	19	6	0	0	0	0	-1	7	23	0	24	0	0	0	0	0	0	-1
c26872	-1	0	0	0	26	-1	-1	45	-1	0	0	0	-1	6	0	0	0	0	0	7	19	0	-1	-1	38	0	-1	0	0	0
c26889	7	26	41	41	0	-1	0	0	31	-1	-1	7	0	0	7	26	0	38	0	7	0	0	26	16	0	0	-1	39	4	-1
c26893	-1	28	-1	-1	46	41	0	0	0	37	0	0	15	-1	0	0	-1	0	-1	23	0	31	0	2	0	0	14	19	0	37
c26896	3	0	0	0	0	41	-1	-1	-1	0	23	33	0	-1	-1	0	0	0	0	23	-1	22	0	31	32	0	0	19	-1	37
c26939	-1	-1	-1	12	0	-1	0	0	0	-1	19	0	-1	39	-1	0	0	0	32	23	0	0	0	0	0	0	0	19	26	37
c26945	7	26	10	41	28	43	0	-1	31	0	0	29	0	0	12	0	0	-1	28	-1	-1	-1	-1	-1	-1	23	-1	-1	43	16
c26977	0	0	-1	0	-1	0	39	16	-1	0	-1	0	-1	0	-1	17	47	22	0	0	0	-1	14	0	0	0	-1	19	0	37
c26982	-1	-1	22	0	0	0	0	0	-1	0	0	12	42	6	28	0	-1	-1	0	7	0	0	-1	0	0	0	0	0	0	0
c26988	3	-1	0	0	0	41	0	-1	38	0	0	0	-1	-1	41	0	0	37	0	23	0	33	-1	-1	0	0	0	19	0	37
c26997	0	-1	-1	1	0	0	0	-1	23	0	0	0	0	6	0	0	0	0	0	7	-1	0	24	0	0	0	0	12	0	26
c27032	7	26	0	-1	22	0	0	39	12	7	0	0	19	0	-1	0	0	-1	-1	7	0	0	0	-1	22	0	-1	42	24	31
c27043	0	28	-1	0	35	-1	0	-1	-1	-1	47	0	-1	-1	26	-1	-1	0	0	7	-1	0	0	-1	0	0	-1	37	0	0
c27044	19	-1	0	0	0	0	0	0	2	23	-1	0	0	28	-1	0	47	42	0	0	0	50	0	0	-1	-1	17	19	0	-1
c27065	-1	26	39	41	-1	-1	22	7	12	-1	0	0	49	29	-1	42	-1	0	0	-1	14	0	0	0	22	0	-1	-1	-1	31
c27081	3	11	-1	-1	-1	41	49	-1	-1	0	0	0	0	34	0	0	0	-1	0	23	0	-1	0	31	0	-1	27	-1	-1	-1
c27130	35	0	0	0	14	0	-1	0	-1	0	-1	0	26	-1	-1	0	-1	0	36	-1	-1	50	7	22	0	0	0	19	0	37
c27140	-1	0	38	0	-1	27	2	-1	0	0	-1	0	31	0	12	0	0	-1	0	7	12	0	0	-1	42	14	0	-1	0	28
c27141	0	0	38	0	35	27	2	0	0	0	-1	0	-1	0	12	0	-1	-1	0	7	12	0	0	-1	42	-1	-1	-1	-1	28
c27149	-1	-1	-1	0	0	41	0	0	0	0	-1	0	0	0	0	0	0	0	0	23	0	-1	-1	0	-1	0	0	-1	-1	37
c27162	0	0	38	-1	35	-1	38	0	0	38	-1	0	18	0	-1	0	0	-1	42	7	12	0	0	-1	0	38	-1	-1	-1	0
c27163	0	0	-1	12	-1	27	38	0	0	38	-1	0	-1	0	48	0	-1	-1	42	7	-1	0	-1	-1	0	-1	0	37	0	0
c27166	3	38	0	0	0	-1	37	-1	-1	0	0	7	0	0	23	0	42	0	42	23	0	0	30	28	0	0	-1	19	38	37
c27169	-1	-1	0	0	-1	31	0	0	24	0	7	-1	-1	6	0	0	-1	0	0	7	38	0	24	0	-1	0	0	0	0	0
c27187	3	0	-1	0	-1	-1	0	-1	0	0	-1	7	0	28	-1	0	-1	0	0	-1	0	0	30	28	0	0	0	19	38	37
c27190	0	0	-1	-1	-1	-1	23	0	0	-1	23	41	0	-1	-1	0	0	-1	-1	7	-1	-1	24	-1	-1	37	0	-1	0	0
c27199	0	0	0	0	-1	0	0	0	0	0	-1	-1	0	6	-1	19	0	0	0	7	0	0	24	0	0	0	0	0	0	-1
c27226	3	0	0	0	-1	-1	0	0	26	0	0	42	15	0	0	-1	-1	0	0	23	-1	0	31	0	-1	0	28	19	0	37
