	0	1	2	3	4	5	6	7	8	9	10	11	12	13	14	15	16	17	18	19	20	21	22	23	24	25	26	27	28	29
c765	-1	37	0	0	0	0	48	47	0	9	0	40	0	0	-1	0	0	0	0	-1	-1	22	0	40	0	-1	-1	5	0	-1
c784	48	0	0	0	0	0	48	-1	-1	33	0	-1	-1	0	0	0	0	5	43	0	0	0	0	10	36	-1	0	0	-1	38
c1229	-1	0	0	0	0	-1	48	47	0	9	0	40	0	0	0	0	-1	0	0	-1	-1	0	0	40	0	-1	-1	5	0	0
c1305	-1	12	0	35	-1	-1	48	-1	0	0	0	0	0	-1	-1	47	0	0	0	-1	0	0	40	0	0	0	0	41	-1	0
c1784	-1	0	0	0	-1	-1	48	-1	0	1	0	23	0	0	37	-1	0	5	0	5	0	0	0	0	-1	0	0	0	-1	0
c2127	-1	-1	0	0	42	0	48	47	0	9	0	40	0	-1	0	0	0	0	0	-1	-1	-1	0	40	0	-1	-1	5	-1	0
c2129	-1	0	-1	-1	0	0	-1	-1	-1	0	0	0	0	46	-1	-1	0	12	0	0	0	3	40	-1	-1	23	27	0	-1	0
c2266	-1	-1	0	0	0	0	-1	47	0	9	0	40	4	0	48	-1	0	12	0	-1	-1	0	0	-1	0	-1	-1	5	0	23
c2414	-1	12	0	35	-1	-1	48	-1	0	0	-1	38	0	0	0	0	0	0	37	0	0	23	40	10	0	0	5	0	-1	-1
c2524	0	-1	-1	0	12	-1	48	-1	0	0	-1	48	0	46	-1	36	10	0	0	-1	0	0	40	22	0	23	0	0	12	-1
c2600	-1	-1	0	0	42	0	48	47	-1	9	0	40	4	0	0	41	0	0	-1	-1	4	0	-1	40	0	-1	-1	5	0	0
c2612	48	0	-1	-1	0	0	48	-1	0	0	0	-1	-1	0	0	0	-1	5	0	0	0	-1	9	0	36	5	0	0	-1	10
c2715	0	-1	0	0	0	0	48	-1	0	0	0	0	43	0	37	-1	0	40	5	0	-1	46	-1	3	37	27	42	0	-1	0
c2794	48	0	0	42	0	0	48	-1	0	33	0	0	-1	0	0	0	0	5	0	0	10	2	5	10	-1	-1	0	0	12	-1
c2916	48	-1	0	-1	0	0	48	-1	-1	-1	0	10	0	4	-1	-1	-1	5	0	0	0	0	0	10	36	0	0	-1	-1	-1
c2993	-1	12	0	35	-1	-1	48	-1	0	0	11	38	0	0	0	0	0	0	37	0	0	0	40	10	0	6	5	0	-1	0
c3009	0	-1	-1	0	-1	0	48	-1	0	-1	0	-1	10	0	-1	1	47	0	0	4	40	0	40	48	-1	0	42	0	-1	0
c3105	48	10	0	0	0	0	48	-1	0	-1	-1	0	-1	0	-1	0	0	5	-1	0	26	0	42	0	-1	25	17	41	12	0
c3211	0	12	-1	0	26	0	48	-1	0	0	0	0	0	0	37	20	0	-1	0	-1	0	0	40	0	37	27	42	0	-1	0
c3265	22	12	0	0	10	5	48	-1	0	37	0	4	0	0	0	12	-1	0	0	-1	-1	0	40	0	1	0	42	-1	-1	-1
c3272	0	12	0	-1	0	0	48	-1	0	0	28	0	0	-1	37	0	-1	40	0	15	0	0	-1	37	-1	0	42	-1	-1	-1
c3375	-1	0	-1	0	0	-1	48	47	0	9	0	40	0	0	0	-1	0	0	0	-1	-1	0	0	40	-1	-1	-1	5	42	0
c3379	48	0	5	5	5	40	48	-1	0	0	41	0	-1	-1	0	0	0	-1	0	0	26	0	42	0	36	25	0	0	-1	-1
c3381	0	0	-1	0	12	0	48	-1	0	0	0	0	-1	46	-1	36	0	12	0	0	4	0	40	22	0	23	0	0	-1	0
c3426	0	-1	-1	-1	0	0	48	-1	0	37	0	10	-1	46	26	-1	0	-1	0	40	0	0	40	22	0	-1	0	0	12	9
c3502	48	10	0	0	0	0	48	-1	-1	0	40	0	0	0	-1	48	0	5	0	0	26	0	-1	-1	36	25	0	41	12	5
c3564	-1	0	-1	0	0	0	-1	47	0	9	0	40	3	0	42	0	-1	0	0	-1	-1	-1	-1	40	0	-1	-1	-1	42	0
c3587	34	0	0	-1	0	0	48	47	41	-1	48	0	0	-1	42	-1	0	-1	-1	0	-1	22	0	-1	0	-1	-1	5	5	0
c3725	48	0	0	-1	0	0	48	-1	0	33	-1	0	-1	0	1	-1	0	5	0	0	0	0	0	0	36	16	0	0	12	47
c3824	-1	0	0	0	3	0	48	47	-1	9	48	41	0	0	0	0	10	-1	-1	0	0	22	0	40	-1	0	-1	5	5	47
c3955	48	0	0	-1	0	0	48	-1	0	0	-1	0	0	0	4	40	0	5	-1	0	-1	0	9	-1	-1	0	0	0	12	10
c4130	-1	0	0	0	0	0	48	47	0	9	0	-1	0	-1	-1	0	0	0	0	-1	-1	0	0	40	0	-1	-1	5	0	-1
c4133	-1	0	0	-1	0	0	48	-1	0	1	0	0	0	0	37	1	0	5	0	5	0	0	0	0	36	0	-1	0	-1	0
c4315	48	0	5	5	0	40	48	-1	0	5	41	0	-1	1	3	0	0	5	0	0	26	0	42	0	36	-1	0	-1	-1	-1
c4404	-1	12	0	35	-1	-1	-1	-1	0	-1	11	38	0	0	0	0	0	0	-1	0	-1	0	40	10	-1	0	5	0	-1	0
c4447	48	0	0	-1	0	-1	48	-1	1	33	0	0	27	0	-1	0	-1	5	-1	0	0	-1	0	10	36	0	-1	0	12	48
c4448	34	-1	12	-1	0	0	48	47	0	9	0	44	0	0	0	-1	0	-1	0	0	-1	22	4	40	0	4	-1	5	5	0
c4587	34	-1	-1	-1	0	0	-1	-1	0	9	31	-1	0	10	0	0	0	-1	0	0	0	22	0	40	-1	-1	-1	5	5	0
c4668	10	12	0	35	10	12	48	-1	0	0	0	0	4	0	0	0	0	0	0	47	0	0	40	0	0	0	0	0	-1	-1
c4800	-1	12	0	0	-1	0	48	-1	0	0	28	0	0	0	37	0	-1	40	-1	-1	0	50	40	0	0	0	42	0	-1	-1
c4876	-1	0	0	-1	37	-1	48	47	0	-1	0	40	0	0	0	0	0	0	-1	-1	-1	-1	0	-1	0	-1	-1	5	42	0
c4906	5	12	0	4	0	0	48	-1	12	-1	0	0	10	46	0	1	-1	0	0	-1	37	0	-1	48	-1	0	42	-1	-1	0
c4908	48	20	0	0	0	0	48	-1	0	33	5	-1	0	-1	0	0	0	5	43	-1	-1	-1	0	10	36	0	0	5	12	0
c4940	-1	37	5	5	0	40	48	-1	15	27	-1	0	-1	40	0	-1	0	-1	0	0	26	0	42	0	36	25	0	0	-1	-1
c5003	0	12	0	0	0	0	48	-1	0	0	0	0	3	-1	48	-1	-1	0	0	0	41	19	40	23	0	0	0	0	-1	0
c5007	-1	0	0	0	0	0	48	47	0	9	0	40	0	0	-1	10	0	3	0	-1	-1	0	0	40	0	-1	-1	5	-1	0
c5016	20	-1	0	-1	0	0	48	-1	0	0	10	0	-1	0	-1	1	9	0	0	-1	-1	0	-1	48	2	0	-1	0	-1	0
c5059	34	0	0	0	23	0	48	-1	41	9	0	44	0	0	0	0	26	-1	0	0	0	22	47	40	20	0	-1	5	5	0
c5082	0	12	0	5	0	0	48	-1	48	0	28	-1	-1	40	37	-1	0	40	-1	0	0	0	-1	0	0	4	42	-1	-1	0
c5101	0	27	-1	0	0	0	48	-1	41	1	1	37	0	46	26	42	0	0	-1	-1	0	0	40	22	0	-1	-1	0	12	0
c5144	-1	0	22	0	10	0	48	-1	0	0	12	0	0	0	-1	0	2	5	0	0	26	0	42	0	36	25	-1	0	-1	-1
c5477	34	-1	0	0	3	0	48	47	-1	9	48	0	0	0	0	-1	10	-1	0	0	0	22	-1	40	-1	0	-1	-1	-1	47
c5508	48	0	0	10	0	0	-1	-1	3	1	-1	0	0	0	37	0	0	5	0	5	0	0	0	0	36	0	-1	0	-1	0
c5518	0	12	0	0	22	0	-1	-1	37	-1	0	-1	5	0	0	5	0	0	0	0	40	0	40	0	0	0	0	0	-1	0
c5589	-1	1	0	48	0	0	-1	47	0	-1	0	40	0	0	-1	38	0	0	-1	-1	-1	0	0	40	22	-1	-1	5	0	0
c5628	34	0	23	-1	0	0	48	47	0	-1	48	0	-1	-1	42	-1	0	-1	0	-1	0	-1	0	-1	0	4	-1	-1	5	-1
c5699	0	12	0	-1	0	0	-1	-1	-1	40	-1	0	0	0	-1	-1	0	0	0	22	0	0	40	0	35	0	-1	48	-1	0
c5764	48	48	0	48	0	-1	-1	-1	-1	-1	11	0	27	4	0	0	15	-1	0	0	0	-1	-1	10	36	0	0	42	12	0
c5765	48	48	0	48	0	-1	48	-1	-1	33	11	0	27	4	0	0	15	5	0	0	0	-1	0	10	36	0	0	42	12	-1
c5785	-1	0	0	0	0	-1	48	47	0	9	4	-1	0	0	0	0	0	0	0	-1	-1	0	-1	40	0	-1	-1	5	42	0
c5837	34	0	-1	0	-1	-1	-1	47	-1	9	-1	0	0	0	0	0	-1	-1	0	0	0	22	-1	-1	-1	37	-1	5	5	0
c5933	34	6	0	0	-1	-1	48	47	-1	-1	48	0	0	0	0	0	0	-1	37	0	0	22	0	40	-1	0	-1	5	5	47
c5988	48	0	-1	0	10	0	48	-1	0	33	0	-1	3	0	48	0	-1	5	43	0	37	0	0	10	-1	0	0	0	12	0
c5993	34	0	42	-1	0	0	48	47	-1	9	48	0	0	-1	42	-1	0	-1	-1	0	15	-1	0	-1	0	-1	-1	5	5	0
c6001	48	0	0	9	-1	0	48	-1	0	33	3	0	16	-1	0	0	15	5	22	-1	0	5	-1	10	36	0	0	-1	12	-1
c6019	-1	-1	0	-1	22	0	48	-1	37	0	0	0	5	0	0	5	0	0	0	0	0	0	-1	0	0	0	0	0	-1	0
c6041	-1	0	0	0	0	48	48	47	0	9	-1	-1	4	-1	10	0	0	-1	0	-1	-1	-1	0	40	0	-1	-1	5	0	0
c6074	48	0	-1	0	-1	5	48	-1	0	33	0	-1	0	37	30	0	0	5	43	0	37	0	-1	10	36	0	0	0	-1	0
c6145	-1	12	0	-1	23	0	48	-1	0	-1	0	0	-1	38	37	0	5	40	5	0	-1	0	-1	-1	37	27	42	0	-1	0
c6237	-1	0	1	0	0	-1	48	47	-1	9	0	40	0	3	0	0	0	-1	0	-1	-1	0	0	40	0	-1	-1	5	-1	0
c6247	0	12	0	-1	0	12	48	-1	-1	12	0	0	4	0	0	-1	-1	0	0	47	0	3	-1	0	0	0	0	0	-1	-1
c6293	34	0	42	-1	0	0	48	47	0	9	-1	0	0	-1	-1	-1	0	-1	0	0	0	22	0	-1	0	4	-1	5	5	22
c6294	0	12	-1	0	0	-1	48	-1	3	3	5	48	10	0	0	1	47	0	0	4	0	0	-1	48	0	0	42	0	-1	-1
c6396	-1	0	-1	-1	0	10	48	47	2	9	-1	40	0	0	0	0	-1	0	0	-1	-1	0	19	40	0	-1	-1	-1	42	0
c6469	-1	12	-1	35	-1	-1	48	-1	0	-1	11	38	0	0	0	0	0	0	37	-1	0	0	40	0	26	-1	5	-1	-1	0
c6485	-1	12	10	35	-1	-1	48	-1	0	0	11	38	0	0	0	0	0	0	37	0	41	0	40	-1	0	-1	5	-1	-1	-1
c6486	34	0	0	0	-1	0	48	47	0	-1	0	0	0	20	0	-1	0	-1	0	37	40	22	0	40	0	0	-1	5	5	-1
c6489	34	0	0	0	-1	0	48	47	0	-1	-1	18	-1	0	0	0	-1	-1	0	0	0	22	-1	40	10	-1	-1	5	5	31
c6506	34	0	9	0	3	0	-1	47	-1	9	-1	22	0	-1	0	0	0	-1	0	-1	-1	22	0	40	-1	0	-1	5	-1	-1
c6534	34	0	0	3	3	0	48	47	-1	9	48	0	0	0	0	0	37	-1	-1	0	0	22	0	40	-1	0	-1	5	5	47
c6561	-1	-1	0	35	-1	-1	48	-1	0	-1	11	-1	0	0	0	0	-1	0	37	0	-1	0	-1	10	0	0	5	0	-1	0
c6627	-1	12	0	35	-1	-1	-1	-1	0	0	-1	38	0	0	41	0	0	0	37	0	-1	0	40	-1	0	0	5	0	-1	0
c6630	34	0	41	-1	3	-1	48	47	-1	9	-1	0	-1	0	10	0	-1	-1	-1	0	0	22	0	40	-1	0	-1	5	5	47
c6639	-1	12	-1	0	0	5	48	-1	0	4	0	0	37	-1	0	0	0	12	47	-1	0	0	-1	49	28	0	42	0	-1	-1
c6649	-1	0	-1	1	0	48	48	47	0	9	0	40	-1	0	0	0	0	-1	0	-1	4	0	0	40	-1	-1	-1	5	0	0
c6651	-1	0	0	0	0	-1	48	47	0	9	0	40	4	0	48	0	0	-1	-1	-1	0	0	0	40	5	-1	-1	5	0	0
c6661	-1	12	0	0	47	0	48	-1	0	37	17	0	41	0	41	0	0	0	0	0	0	0	-1	42	0	0	43	0	-1	0
c6682	18	0	-1	48	-1	-1	-1	-1	0	0	14	-1	0	46	26	0	0	0	47	-1	0	0	-1	-1	0	0	0	0	12	22
c6692	0	-1	-1	0	26	0	48	-1	-1	0	0	0	-1	0	37	20	0	40	0	-1	0	-1	40	0	-1	-1	42	0	-1	0
c6730	0	0	-1	37	0	37	48	-1	0	23	22	0	23	46	26	0	0	0	0	-1	0	0	40	22	-1	-1	0	37	-1	0
c6763	-1	-1	26	0	-1	0	48	47	-1	9	0	40	4	0	0	-1	0	0	-1	-1	0	0	0	-1	0	-1	-1	5	4	-1
c6779	0	12	0	0	0	-1	48	-1	0	0	0	0	36	0	48	-1	0	0	10	22	0	0	40	0	-1	37	0	-1	-1	0
c6787	-1	-1	-1	-1	0	0	48	-1	0	0	0	0	42	46	-1	36	0	12	0	0	-1	0	40	22	0	23	0	0	-1	0
c6804	34	0	0	-1	-1	22	48	47	0	9	-1	44	0	37	0	-1	0	-1	0	0	-1	22	33	-1	23	10	-1	5	5	41
c6862	48	-1	-1	0	28	37	48	-1	0	-1	-1	0	0	0	0	0	5	5	12	0	0	0	9	0	36	0	-1	0	12	10
c6887	-1	0	0	-1	10	0	48	47	0	9	0	40	4	-1	48	0	0	0	48	-1	41	0	0	-1	0	-1	-1	5	-1	0
c6945	0	12	35	22	0	50	48	-1	1	-1	0	-1	50	0	37	0	-1	40	-1	0	0	-1	40	0	0	27	42	0	-1	-1
c6946	34	0	0	12	0	0	48	-1	-1	9	-1	0	0	10	-1	0	0	-1	0	0	0	22	-1	40	0	0	-1	5	5	0
c6947	34	0	-1	12	-1	0	-1	-1	0	9	-1	0	0	10	-1	-1	0	-1	0	0	0	22	22	40	0	0	-1	5	-1	0
c6986	-1	0	0	-1	-1	0	48	47	0	9	-1	40	0	-1	0	-1	0	0	0	-1	-1	0	0	40	22	-1	-1	5	0	0
c7018	-1	-1	0	-1	0	0	48	47	0	9	0	40	0	-1	-1	0	-1	-1	0	-1	-1	-1	0	40	22	-1	-1	5	0	0
c7032	-1	0	-1	-1	0	0	48	-1	0	0	0	0	0	46	-1	-1	41	12	48	-1	0	0	40	22	0	23	27	0	12	0
c7092	-1	-1	-1	-1	-1	26	48	-1	3	0	0	0	0	-1	-1	36	10	0	0	0	-1	0	40	22	0	23	0	0	12	-1
c7160	-1	0	-1	-1	3	0	48	47	-1	9	-1	48	4	0	36	0	0	-1	0	0	0	22	0	40	-1	0	-1	5	5	47
c7221	-1	-1	-1	0	-1	0	48	-1	-1	0	0	0	0	-1	26	-1	0	40	0	-1	-1	16	40	22	0	37	0	36	-1	0
c7238	-1	0	42	-1	0	0	48	-1	0	9	48	0	1	-1	42	-1	0	-1	0	0	-1	22	0	-1	0	4	-1	5	-1	0
c7279	-1	0	-1	0	0	0	48	-1	0	0	0	0	0	46	-1	36	0	-1	-1	-1	4	-1	-1	22	0	-1	0	0	-1	0
c7280	-1	37	5	5	0	-1	48	-1	-1	27	41	0	-1	40	0	0	0	5	-1	-1	-1	0	42	0	-1	25	0	0	-1	-1
c7326	-1	12	-1	0	0	-1	48	-1	0	0	0	-1	10	0	0	1	47	0	49	-1	0	-1	40	-1	0	0	42	0	-1	-1
c7330	0	-1	41	0	0	0	48	-1	0	0	10	0	0	0	0	1	0	0	0	4	0	0	40	48	0	0	42	0	-1	-1
c7339	48	0	5	5	0	40	48	-1	0	0	41	-1	0	0	0	0	0	5	0	-1	26	-1	42	-1	36	25	27	0	-1	-1
c7360	-1	-1	0	35	-1	0	-1	-1	0	0	0	-1	0	0	0	2	0	0	0	47	0	-1	40	0	-1	5	0	-1	-1	0
c7398	0	12	-1	0	23	0	-1	-1	0	0	0	0	0	38	37	-1	5	40	5	0	0	0	-1	0	37	27	-1	-1	-1	37
c7462	-1	-1	-1	0	-1	0	48	47	48	9	4	0	0	20	2	0	0	-1	-1	0	0	22	0	40	0	0	-1	-1	5	15
c7485	0	42	-1	0	-1	-1	-1	-1	0	0	0	-1	0	46	26	-1	41	0	47	30	0	0	-1	-1	0	0	41	3	12	22
c7486	42	12	49	4	50	-1	48	-1	0	-1	-1	0	2	0	0	37	22	-1	0	0	0	-1	40	0	0	0	0	0	-1	-1
c7498	0	-1	0	0	5	-1	48	-1	0	0	0	0	10	0	0	-1	-1	0	0	4	36	-1	-1	48	-1	0	-1	0	-1	0
c7509	-1	-1	0	0	0	5	48	-1	0	-1	0	10	0	4	-1	0	0	5	-1	0	0	0	0	10	-1	0	0	0	-1	4
c7517	-1	12	0	-1	-1	-1	48	-1	0	50	-1	38	0	0	-1	0	0	37	37	-1	0	-1	-1	10	-1	0	5	0	-1	-1
c7623	-1	0	0	0	0	0	-1	47	0	9	0	-1	0	-1	0	0	0	-1	0	-1	-1	14	0	40	0	-1	-1	5	42	0
c7627	-1	-1	0	42	0	0	48	-1	0	-1	0	0	38	-1	0	0	0	5	-1	0	-1	0	9	0	36	0	0	0	-1	10
c7630	34	-1	12	0	-1	0	48	47	-1	9	-1	0	0	0	0	0	10	-1	0	0	-1	22	0	40	-1	0	-1	5	5	47
c7633	34	-1	0	0	-1	0	48	47	-1	9	48	0	0	0	0	0	0	-1	-1	3	-1	22	0	40	-1	0	-1	5	-1	47
c7639	0	12	0	0	0	0	48	-1	0	-1	0	36	26	0	22	1	0	-1	0	4	41	0	40	-1	0	5	42	0	-1	-1
c7657	-1	-1	0	9	12	0	48	47	-1	9	0	40	4	0	-1	0	0	36	0	-1	22	0	0	40	-1	-1	-1	5	0	0
c7659	0	-1	0	0	-1	-1	-1	-1	0	5	-1	1	0	0	48	0	-1	22	0	0	4	3	-1	0	0	0	0	41	-1	0
c7676	-1	0	22	0	0	-1	48	47	-1	9	0	-1	0	0	0	0	0	0	0	-1	-1	0	19	40	-1	-1	-1	5	42	48
c7685	0	12	0	-1	0	0	48	-1	0	37	28	0	0	5	37	0	0	40	0	14	5	0	40	-1	0	0	42	0	-1	0
c7714	-1	12	2	0	0	0	-1	-1	-1	0	-1	-1	-1	-1	-1	0	0	40	0	23	0	-1	40	-1	41	27	42	0	-1	4
c7716	34	0	0	0	3	10	48	-1	0	9	50	27	0	0	0	0	-1	-1	0	5	0	22	-1	40	-1	26	-1	5	5	0
c7734	48	-1	48	40	0	0	48	-1	0	33	0	-1	0	0	0	0	0	5	0	0	48	0	18	10	-1	0	0	0	12	0
c7758	-1	4	5	5	-1	40	48	-1	15	27	-1	0	0	0	0	-1	0	5	0	0	26	0	42	0	36	25	-1	0	-1	42
c7802	48	0	-1	5	-1	40	48	-1	0	0	41	0	27	-1	1	0	0	-1	0	0	26	0	42	0	36	25	0	22	-1	0
c7812	0	12	0	0	0	0	48	-1	0	0	10	0	-1	0	-1	-1	-1	0	0	-1	-1	0	40	48	5	0	-1	-1	-1	0
c7830	-1	12	0	35	-1	-1	48	-1	-1	-1	11	38	0	0	-1	-1	0	0	37	0	0	23	40	-1	0	0	5	0	-1	0
c7847	0	12	0	0	0	5	48	-1	0	4	0	0	37	47	0	0	0	12	47	0	0	0	-1	49	28	0	42	0	-1	-1
c7852	0	12	0	-1	0	0	48	-1	0	0	0	-1	-1	0	0	1	0	0	-1	4	41	0	40	0	0	0	-1	0	-1	0
c7864	0	-1	0	0	0	0	48	-1	0	22	0	0	5	0	0	0	0	0	0	0	0	12	40	0	0	43	-1	0	-1	0
c7883	0	12	0	-1	0	0	48	-1	0	-1	28	0	-1	0	37	0	0	40	0	0	10	0	40	0	0	14	-1	0	-1	0
c7893	48	0	0	-1	0	0	-1	-1	0	33	0	35	0	46	-1	0	0	-1	0	-1	0	5	0	10	36	-1	3	27	12	26
c7924	0	12	0	0	23	0	48	-1	42	-1	0	0	0	38	37	0	5	-1	5	-1	-1	0	-1	0	37	27	42	0	-1	-1
c7943	-1	0	0	-1	-1	0	48	47	0	9	0	40	-1	0	0	10	0	-1	-1	-1	-1	0	-1	40	0	-1	-1	-1	-1	0
c7974	-1	0	5	5	0	40	48	-1	15	27	-1	37	0	0	0	0	0	5	0	0	26	0	-1	0	36	25	10	-1	-1	42
c7977	34	0	0	0	0	0	48	47	-1	9	0	44	0	-1	0	-1	42	-1	0	5	0	22	0	40	0	-1	-1	-1	5	0
c7996	27	-1	-1	-1	-1	0	48	-1	-1	-1	1	37	0	46	26	42	0	0	-1	20	33	0	40	22	0	37	-1	5	12	-1
c8039	34	26	0	35	0	0	48	47	0	9	0	0	12	36	0	0	0	-1	0	48	0	22	0	-1	0	-1	-1	5	5	0
c8051	-1	-1	22	27	-1	0	-1	-1	0	0	0	-1	46	-1	27	0	-1	5	-1	0	26	-1	42	0	36	-1	-1	0	-1	12
c8065	0	12	0	0	0	0	48	-1	-1	-1	0	0	-1	0	37	0	0	40	5	0	0	26	40	0	-1	-1	-1	41	-1	-1
c8071	-1	22	1	18	22	0	48	-1	0	33	0	26	12	0	0	0	-1	5	0	-1	-1	-1	0	10	36	0	-1	-1	12	0
c8093	34	0	0	0	0	-1	-1	47	3	-1	-1	41	0	0	40	0	0	-1	-1	0	0	-1	-1	40	10	-1	-1	5	-1	0
c8095	0	12	0	0	2	0	48	-1	-1	0	0	35	0	37	0	1	47	47	0	4	0	-1	40	0	0	0	42	34	-1	-1
c8102	20	12	1	0	5	-1	-1	-1	0	20	0	0	0	0	0	0	-1	-1	0	0	0	-1	-1	-1	1	0	42	-1	-1	-1
c8118	0	12	0	35	0	12	-1	-1	0	-1	-1	-1	-1	-1	0	0	0	0	0	47	-1	-1	40	0	0	1	0	0	-1	0
c8132	34	27	-1	-1	0	0	48	47	0	9	-1	0	0	-1	42	-1	0	-1	0	0	0	22	0	40	-1	4	-1	-1	5	0
c8147	34	0	-1	-1	-1	0	48	47	-1	9	48	-1	-1	0	0	41	0	-1	0	4	0	-1	0	40	-1	-1	-1	5	-1	-1
c8152	-1	0	0	-1	0	0	48	47	0	9	0	44	0	0	0	0	0	-1	0	5	0	22	0	40	0	0	-1	-1	-1	0
c8187	-1	12	0	0	-1	0	-1	-1	0	-1	-1	0	5	0	0	0	-1	0	0	0	0	0	40	0	0	0	0	0	-1	0
c8243	0	0	-1	-1	0	4	48	-1	0	0	-1	44	0	46	26	0	-1	0	37	-1	0	22	40	22	-1	-1	0	-1	-1	22
c8270	-1	36	-1	0	0	0	48	-1	-1	9	0	-1	4	0	0	-1	40	0	22	-1	-1	0	-1	-1	0	-1	-1	5	0	-1
c8286	34	-1	0	-1	-1	0	-1	47	-1	-1	0	44	0	0	0	-1	0	-1	0	0	-1	22	-1	40	0	4	-1	5	5	-1
c8305	-1	0	-1	-1	-1	-1	48	47	40	-1	0	40	4	0	0	0	-1	0	0	-1	-1	0	-1	40	-1	-1	-1	-1	0	-1
c8309	0	-1	0	0	0	0	48	-1	-1	0	0	0	5	0	0	-1	0	0	0	0	0	0	40	-1	0	-1	0	0	-1	0
c8360	34	20	23	-1	0	0	48	47	0	9	48	0	-1	-1	42	-1	0	-1	0	0	0	22	0	40	0	-1	-1	5	5	0
c8394	48	-1	0	0	28	-1	48	-1	0	0	-1	-1	0	-1	0	0	5	5	4	0	0	0	-1	0	36	0	0	0	-1	10
c8412	34	0	42	-1	0	-1	48	47	0	9	48	0	0	-1	42	-1	0	-1	-1	0	15	22	0	-1	-1	-1	-1	5	5	0
c8453	-1	0	4	0	-1	0	48	47	0	9	-1	40	0	0	-1	0	-1	0	0	-1	-1	40	0	40	-1	-1	-1	5	43	0
c8471	-1	0	-1	0	-1	0	48	-1	0	0	0	0	0	-1	-1	36	0	-1	0	0	0	0	40	22	0	23	27	0	12	0
c8473	34	0	23	-1	0	0	48	47	0	9	48	0	-1	-1	42	-1	-1	-1	0	-1	0	22	20	40	46	4	-1	5	-1	0
c8488	34	15	0	0	3	0	48	47	-1	9	48	0	-1	-1	-1	0	0	-1	0	-1	-1	22	-1	40	-1	22	-1	5	5	-1
c8499	-1	-1	0	35	-1	1	48	-1	0	0	-1	-1	-1	1	-1	0	0	-1	-1	0	0	0	40	-1	0	-1	0	0	-1	0
c8510	0	12	0	0	0	5	48	-1	-1	0	0	-1	0	0	0	1	0	0	0	0	40	0	40	0	1	0	-1	0	-1	0
c8529	-1	0	22	0	0	-1	48	47	-1	9	0	40	0	0	0	0	0	42	-1	-1	-1	0	-1	40	0	-1	-1	5	42	0
c8544	0	-1	0	0	0	0	48	-1	-1	-1	-1	-1	10	0	0	1	47	-1	0	4	0	0	40	48	0	0	42	0	-1	0
c8550	-1	10	0	0	3	0	48	-1	-1	9	-1	0	0	0	0	0	0	-1	-1	0	-1	22	0	-1	-1	0	-1	-1	-1	47
c8630	34	-1	0	5	0	-1	48	47	0	-1	50	0	0	-1	0	-1	-1	-1	-1	0	0	22	-1	40	0	26	-1	5	5	0
c8679	0	0	-1	0	0	-1	-1	-1	22	-1	0	3	0	46	-1	4	0	0	3	0	0	0	-1	22	47	-1	0	36	-1	48
c8705	48	0	22	0	0	0	48	-1	0	-1	-1	0	0	0	-1	0	2	5	0	0	-1	-1	42	0	36	25	0	-1	-1	0
c8718	-1	12	-1	-1	-1	0	-1	-1	0	-1	36	43	0	48	41	0	0	0	-1	0	0	0	40	0	0	-1	-1	0	-1	0
c8720	-1	-1	-1	-1	0	0	48	-1	0	33	-1	-1	0	0	0	0	47	5	0	0	0	-1	27	0	36	-1	-1	0	12	1
c8800	34	0	-1	0	-1	0	48	47	0	9	0	0	0	20	0	0	0	-1	42	37	40	22	0	40	0	0	-1	5	5	15
c8804	-1	12	-1	35	-1	-1	48	-1	3	0	-1	-1	0	0	23	0	0	0	37	-1	14	-1	40	0	0	0	-1	0	-1	0
c8822	14	-1	0	0	0	-1	48	-1	48	0	28	22	-1	0	37	0	0	40	35	-1	-1	0	-1	-1	0	0	42	0	-1	0
c8836	-1	0	-1	-1	0	0	48	47	0	9	48	-1	0	-1	42	-1	-1	-1	0	0	0	22	0	40	0	4	-1	5	5	0
c8837	34	-1	0	-1	0	0	-1	47	-1	9	48	0	0	-1	42	-1	4	-1	0	0	0	22	-1	40	0	4	-1	5	5	0
c8869	34	0	42	-1	0	0	48	47	0	9	48	0	-1	-1	42	-1	0	-1	0	0	15	22	0	-1	0	4	-1	5	5	0
c8897	0	15	-1	0	28	0	48	-1	0	0	0	0	0	-1	26	0	0	0	-1	50	0	0	40	-1	0	0	4	-1	12	0
c8907	34	0	23	-1	0	0	-1	-1	46	9	48	0	-1	-1	42	-1	-1	-1	0	-1	0	22	0	40	-1	4	-1	5	-1	0
c8921	0	12	-1	0	22	0	48	-1	37	0	0	0	5	-1	0	5	0	0	0	0	0	0	40	0	0	-1	-1	0	-1	0
c8940	-1	-1	0	0	-1	0	48	-1	0	0	0	36	0	0	0	1	0	47	0	4	41	0	40	0	0	0	42	-1	-1	0
c8945	34	26	0	0	43	-1	48	47	-1	-1	0	0	-1	0	-1	0	5	-1	0	38	0	22	0	40	-1	-1	-1	5	5	0
c8992	-1	0	0	-1	0	-1	48	-1	0	9	48	48	34	-1	42	0	-1	-1	0	0	-1	22	0	40	-1	4	-1	-1	5	5
c9002	-1	12	0	35	-1	-1	-1	-1	0	0	-1	38	-1	-1	41	0	0	0	37	0	0	26	40	-1	0	-1	5	16	-1	-1
c9012	48	0	5	-1	0	40	-1	-1	0	0	41	-1	0	0	0	-1	3	5	0	-1	26	-1	42	0	36	25	1	5	-1	-1
c9105	0	12	-1	0	0	0	48	-1	10	0	0	0	0	0	41	0	0	0	-1	0	-1	0	40	-1	0	0	0	0	-1	-1
c9139	34	43	0	0	3	41	48	-1	-1	9	48	9	0	-1	0	0	38	-1	-1	0	-1	-1	0	40	-1	0	-1	5	5	47
c9177	48	-1	-1	0	-1	0	48	-1	0	-1	0	0	0	0	0	0	-1	5	-1	0	0	-1	-1	10	36	0	0	0	12	0
c9179	0	12	0	0	0	15	-1	-1	-1	0	28	48	5	-1	-1	0	0	40	-1	-1	-1	0	40	0	0	0	42	0	-1	0
c9186	0	-1	0	48	0	10	48	-1	0	0	-1	43	0	0	41	0	0	-1	-1	0	0	0	40	0	0	0	0	0	-1	0
c9211	34	0	0	0	-1	0	48	47	-1	9	48	0	0	0	0	0	0	-1	0	0	-1	22	0	40	-1	0	-1	-1	5	47
c9224	48	0	5	5	-1	-1	48	-1	0	0	41	0	-1	0	-1	48	0	-1	0	-1	26	0	42	0	-1	25	0	40	-1	0
c9225	48	0	5	-1	5	40	-1	-1	-1	0	41	0	0	-1	-1	48	0	-1	0	0	26	0	-1	-1	36	25	0	40	-1	0
c9230	34	0	23	-1	0	0	48	47	0	-1	48	0	-1	-1	-1	-1	0	-1	0	-1	0	22	0	40	0	4	-1	5	5	0
c9260	48	-1	22	27	0	0	48	-1	-1	0	0	0	46	48	27	0	0	5	-1	36	26	0	42	0	-1	25	-1	0	-1	12
c9282	0	12	-1	0	0	0	-1	-1	0	37	-1	0	0	-1	37	3	0	40	0	0	-1	0	40	0	0	0	42	0	-1	0
c9300	5	12	2	0	0	-1	48	-1	0	-1	38	-1	35	0	37	22	0	40	0	-1	-1	-1	40	0	0	27	-1	5	-1	36
c9358	48	-1	-1	0	0	-1	48	-1	0	0	0	0	0	0	0	0	5	5	0	0	26	0	42	0	36	25	0	0	-1	0
c9373	34	0	20	-1	0	48	48	47	0	-1	0	-1	0	0	0	-1	0	-1	0	0	0	22	0	40	-1	0	-1	5	5	4
c9414	0	12	0	0	0	-1	48	-1	0	0	48	27	0	3	-1	0	0	-1	5	8	0	0	40	0	0	27	42	41	-1	-1
c9421	20	12	0	-1	0	0	-1	-1	0	0	0	0	0	0	37	23	0	40	5	0	0	48	-1	0	37	27	42	0	-1	0
c9433	-1	12	0	-1	-1	-1	48	-1	0	-1	11	38	0	0	0	0	0	-1	-1	0	0	5	40	0	0	0	5	0	-1	22
c9475	48	0	0	-1	0	0	48	-1	0	-1	0	48	0	0	0	0	-1	-1	20	28	28	0	0	-1	36	0	0	-1	12	-1
c9479	34	37	0	0	3	0	48	47	-1	9	48	0	0	0	0	0	0	-1	0	-1	-1	22	0	40	-1	0	-1	-1	5	47
c9491	-1	-1	-1	-1	-1	0	48	47	-1	-1	-1	40	0	0	0	0	0	-1	0	-1	-1	0	0	40	0	-1	-1	5	42	-1
c9515	-1	12	-1	5	0	40	48	-1	-1	0	10	0	-1	-1	0	-1	0	-1	0	-1	0	-1	40	48	10	0	42	23	-1	-1
c9524	-1	0	5	5	0	40	-1	-1	0	5	41	0	-1	-1	0	0	-1	5	-1	0	26	0	42	0	36	25	0	0	-1	42
c9539	34	0	23	-1	0	0	48	47	0	-1	48	0	-1	-1	42	-1	0	-1	0	43	0	22	0	40	0	4	-1	5	5	0
c9543	-1	-1	0	-1	0	0	-1	-1	0	33	0	48	12	0	-1	0	-1	5	0	0	-1	0	-1	0	-1	-1	0	0	12	1
c9582	-1	0	0	-1	25	0	48	47	0	9	0	-1	37	0	-1	37	0	-1	0	-1	0	22	0	40	20	22	-1	5	5	-1
c9632	48	-1	5	5	-1	-1	-1	-1	0	10	-1	-1	0	0	0	0	0	5	-1	0	26	27	42	-1	36	25	20	28	-1	0
c9654	12	12	2	3	0	0	48	-1	0	0	40	3	0	-1	37	22	0	40	3	0	11	-1	40	0	12	27	42	0	-1	0
c9670	0	12	0	0	0	0	48	-1	0	0	0	23	0	0	48	0	0	0	0	22	0	0	-1	-1	0	27	0	0	-1	0
c9676	0	12	2	0	0	0	48	-1	0	-1	-1	0	0	0	37	-1	0	40	5	0	0	0	40	0	0	27	-1	0	-1	0
c9708	48	0	0	0	-1	-1	48	-1	0	0	0	0	-1	0	0	40	-1	5	0	0	0	0	9	0	36	0	-1	-1	12	10
c9730	34	48	0	0	0	0	48	-1	0	9	0	0	-1	0	-1	0	-1	-1	-1	-1	0	22	-1	40	0	0	-1	5	5	0
c9775	48	37	-1	-1	0	0	48	-1	0	-1	-1	0	0	0	0	0	0	5	0	0	0	0	0	10	36	0	0	3	12	0
c9788	-1	-1	0	-1	0	0	48	47	-1	9	0	-1	0	0	0	0	0	0	0	-1	-1	0	0	40	22	-1	-1	-1	-1	0
c9795	-1	-1	0	35	-1	0	48	-1	0	0	-1	4	0	0	-1	0	41	0	37	0	0	0	-1	0	-1	3	5	0	-1	1
c9808	48	-1	-1	-1	-1	0	48	-1	0	33	0	48	0	0	0	0	47	5	-1	-1	2	0	27	-1	-1	0	0	0	12	1
c9822	-1	0	0	-1	-1	0	-1	47	0	9	0	40	-1	0	0	0	48	0	0	-1	-1	0	0	40	0	-1	-1	5	0	-1
c9828	-1	0	-1	5	0	0	48	-1	40	-1	48	0	12	0	48	0	37	5	0	0	0	0	-1	10	36	0	0	-1	12	0
c9862	48	26	-1	-1	0	0	48	-1	0	33	0	-1	0	0	0	0	47	-1	0	0	-1	-1	27	-1	36	-1	0	-1	12	1
c9864	48	0	22	27	22	0	48	-1	0	0	0	-1	46	0	27	-1	0	5	-1	0	26	-1	42	-1	36	-1	-1	0	-1	12
c9913	34	26	0	0	0	0	48	47	0	9	0	-1	12	36	0	-1	0	-1	0	-1	0	-1	-1	40	0	-1	-1	5	5	0
c9931	-1	12	49	4	0	0	-1	-1	0	-1	36	0	2	-1	0	37	-1	2	-1	-1	0	0	-1	0	0	0	0	0	-1	10
c9951	34	0	0	0	3	0	48	47	-1	9	48	0	0	0	0	0	0	-1	0	0	37	22	0	-1	-1	-1	-1	5	-1	47
c9994	34	0	-1	-1	0	0	-1	47	0	9	48	0	-1	-1	-1	-1	0	-1	-1	0	0	22	0	40	0	-1	-1	-1	5	0
c10005	34	26	0	35	0	-1	48	-1	0	-1	0	0	-1	36	0	0	6	-1	0	-1	0	22	-1	40	37	-1	-1	5	5	0
c10077	0	12	0	10	-1	0	48	-1	1	37	28	0	0	0	37	-1	0	-1	0	-1	0	1	40	-1	49	0	42	0	-1	-1
c10097	48	0	9	0	0	0	48	-1	0	33	0	-1	0	22	0	5	-1	5	-1	0	0	-1	0	10	-1	-1	-1	-1	12	0
c10124	34	0	-1	0	3	0	48	47	-1	9	-1	0	41	0	0	0	0	-1	0	0	0	22	0	-1	-1	0	-1	5	5	47
c10137	48	0	0	-1	0	-1	48	-1	0	33	0	48	36	0	0	0	47	5	0	0	0	0	27	0	36	-1	0	12	12	1
c10146	34	-1	41	-1	3	0	48	47	-1	9	48	0	48	0	0	-1	-1	-1	0	-1	15	22	20	40	-1	0	-1	5	5	47
c10148	-1	12	0	0	0	-1	48	-1	0	37	28	10	0	0	-1	0	0	40	0	-1	0	40	40	-1	12	-1	-1	41	-1	0
c10150	48	0	0	0	0	-1	48	-1	0	0	-1	0	-1	0	-1	0	0	5	0	0	0	0	9	43	36	0	0	0	-1	10
c10163	0	0	-1	0	0	0	48	-1	0	-1	0	50	0	46	-1	36	0	0	0	0	-1	0	40	-1	0	23	0	0	12	-1
c10177	-1	12	0	0	0	0	-1	-1	0	0	10	10	0	0	0	1	0	0	0	4	-1	0	40	48	0	0	42	-1	-1	-1
c10199	-1	0	0	48	0	0	48	-1	0	9	-1	40	0	10	-1	0	0	0	0	-1	-1	0	0	40	0	-1	-1	5	0	-1
c10204	-1	12	0	-1	-1	0	-1	-1	-1	0	0	0	0	0	0	-1	0	0	37	0	0	0	40	37	0	0	5	0	-1	0
c10208	0	12	35	0	0	0	48	-1	0	0	0	0	12	0	37	0	0	40	0	0	-1	0	40	0	0	27	42	-1	-1	-1
c10224	48	0	22	27	0	0	48	-1	0	0	0	0	46	27	27	0	0	5	-1	0	26	-1	42	0	36	25	-1	0	-1	12
c10242	0	12	0	0	0	0	48	-1	5	37	28	0	0	-1	37	0	4	40	0	48	0	0	40	0	0	0	42	0	-1	0
c10263	34	0	0	-1	3	0	48	-1	-1	-1	48	-1	0	0	-1	-1	0	-1	0	0	0	22	0	40	-1	0	-1	5	5	47
c10281	0	-1	0	0	0	0	48	-1	0	0	0	0	5	0	0	0	0	0	-1	0	0	0	40	0	0	40	0	-1	-1	0
c10287	-1	12	0	5	0	0	48	-1	0	0	10	-1	0	0	0	1	-1	-1	0	4	0	20	40	48	2	0	-1	0	-1	-1
c10293	-1	0	0	0	-1	0	48	47	0	9	-1	44	37	0	0	0	-1	-1	0	5	42	22	0	40	0	0	-1	5	5	-1
c10308	-1	0	0	0	0	0	48	47	40	9	0	40	4	-1	0	-1	0	-1	0	-1	-1	0	0	40	0	-1	-1	5	-1	42
c10316	11	-1	0	-1	-1	0	48	-1	0	0	28	-1	0	0	37	0	0	40	35	0	-1	0	-1	0	0	-1	42	0	-1	0
c10356	34	0	10	0	0	0	-1	47	0	9	0	0	-1	0	47	0	-1	-1	0	42	0	-1	-1	40	0	26	-1	5	-1	0
c10357	34	-1	10	0	0	0	48	-1	0	9	0	-1	0	-1	47	-1	-1	-1	0	42	0	-1	-1	40	0	-1	-1	5	5	0
c10359	-1	0	0	-1	0	2	48	47	0	9	48	0	0	-1	42	-1	0	-1	0	0	42	22	5	-1	0	-1	-1	5	5	0
c10369	-1	0	5	5	0	40	48	-1	15	27	-1	0	0	0	0	0	0	5	0	-1	26	0	-1	0	36	-1	0	0	-1	42
c10391	48	0	40	9	-1	0	48	-1	0	33	23	0	16	-1	0	0	15	5	0	0	0	5	0	10	36	0	0	0	12	-1
c10420	-1	0	0	0	3	0	48	47	-1	-1	48	0	0	0	0	1	0	-1	-1	-1	0	22	0	-1	-1	-1	-1	5	5	47
c10424	34	0	-1	37	3	0	-1	47	-1	9	-1	0	10	0	0	2	0	-1	0	0	0	22	0	40	-1	37	-1	-1	5	0
c10427	0	0	-1	-1	0	-1	48	-1	22	0	0	3	0	46	26	4	0	0	-1	0	0	0	40	-1	-1	0	0	0	-1	-1
c10440	-1	-1	-1	0	-1	0	-1	-1	0	-1	0	0	0	-1	-1	36	0	-1	0	48	0	22	-1	22	0	23	27	-1	12	0
c10454	-1	-1	0	0	-1	0	48	-1	0	-1	-1	0	-1	-1	0	23	0	0	0	0	0	0	40	0	0	26	-1	0	-1	0
c10476	-1	12	0	35	-1	1	-1	-1	0	37	0	0	5	1	-1	0	-1	0	0	0	8	-1	-1	0	27	0	0	0	-1	0
c10481	-1	0	-1	0	0	-1	48	47	0	9	0	-1	27	10	0	0	0	0	0	-1	-1	23	0	40	-1	-1	-1	5	0	-1
c10492	34	0	0	0	42	0	48	47	0	9	0	44	-1	0	0	2	0	-1	3	0	0	22	4	40	0	4	-1	5	5	0
c10500	0	12	0	0	0	0	48	-1	0	0	0	5	48	0	37	0	0	40	5	0	-1	26	40	0	0	27	42	41	-1	0
c10509	34	0	0	-1	-1	48	48	47	23	-1	-1	44	0	-1	-1	0	0	-1	0	-1	0	22	0	40	23	0	-1	5	5	0
c10522	-1	5	9	37	-1	0	-1	-1	-1	9	48	0	10	-1	0	2	0	-1	0	-1	0	22	0	40	-1	-1	-1	5	5	0
c10547	0	12	0	0	0	0	48	-1	-1	0	28	0	-1	0	-1	5	0	-1	43	0	0	0	40	0	0	0	42	0	-1	-1
c10548	0	12	40	35	0	0	-1	-1	0	23	0	0	-1	-1	-1	0	0	0	-1	-1	12	-1	40	0	0	-1	0	44	-1	0
c10558	48	48	0	-1	0	-1	-1	-1	37	-1	0	0	-1	0	0	0	15	5	0	0	0	-1	0	-1	36	0	-1	42	12	0
c10562	-1	-1	0	-1	0	0	48	-1	0	9	0	-1	0	0	0	0	48	0	0	-1	-1	0	0	-1	0	-1	-1	5	0	0
c10564	-1	-1	10	35	-1	-1	48	-1	0	0	11	38	0	-1	0	0	0	0	37	20	10	0	40	0	0	10	5	0	-1	0
c10565	-1	12	10	35	-1	-1	48	-1	0	-1	11	38	-1	-1	0	0	0	0	37	20	10	-1	40	0	-1	-1	5	0	-1	-1
c10595	48	0	0	0	23	-1	48	-1	0	33	27	-1	0	0	0	0	0	5	43	0	37	-1	0	-1	36	0	10	0	12	0
c10616	34	26	34	35	-1	4	48	47	0	-1	0	0	-1	36	0	0	0	-1	0	5	0	22	0	40	4	-1	-1	5	5	0
c10625	-1	0	0	0	-1	0	48	47	0	9	0	40	4	-1	-1	0	0	0	0	-1	0	0	0	40	0	-1	-1	5	-1	0
c10628	-1	0	-1	0	0	0	48	-1	-1	9	0	40	27	9	12	0	3	0	0	-1	-1	0	0	40	27	-1	-1	5	0	0
c10651	0	12	0	-1	0	-1	48	-1	-1	-1	-1	35	5	0	0	0	0	0	0	0	0	0	40	0	0	0	0	0	-1	0
c10659	-1	14	0	0	0	0	-1	47	0	9	0	40	-1	0	0	10	0	0	0	-1	-1	0	0	40	22	-1	-1	5	12	0
c10675	0	12	0	0	0	-1	-1	-1	-1	0	36	43	0	0	41	0	0	0	-1	0	0	-1	40	0	0	0	0	0	-1	0
c10706	48	-1	0	0	0	0	-1	-1	-1	-1	5	-1	-1	0	48	0	49	22	-1	0	0	-1	40	0	1	-1	-1	-1	-1	0
c10723	-1	12	0	35	-1	0	-1	-1	0	0	0	0	0	0	0	0	-1	0	37	0	0	0	-1	0	0	0	5	-1	-1	0
c10742	0	-1	0	-1	0	-1	-1	-1	48	0	28	22	0	0	37	0	0	40	35	-1	0	0	-1	0	0	4	42	-1	-1	0
c10747	-1	-1	-1	-1	-1	0	48	-1	0	0	0	0	0	0	48	0	-1	0	0	0	0	23	40	23	0	0	-1	-1	-1	0
c10764	34	0	-1	0	0	0	-1	47	0	9	0	0	0	0	40	0	0	-1	-1	0	0	22	-1	40	10	-1	-1	5	5	0
c10815	0	0	-1	-1	0	-1	48	-1	0	0	0	-1	-1	46	26	0	-1	0	-1	-1	0	0	40	22	-1	0	0	0	12	-1
c10866	50	12	0	0	-1	0	48	-1	0	37	28	-1	0	16	37	6	0	-1	-1	0	-1	0	40	0	0	0	-1	0	-1	0
c10869	0	12	-1	-1	0	0	48	-1	0	-1	36	0	0	0	48	0	0	0	0	0	0	0	-1	23	0	0	-1	42	-1	0
c10879	48	0	22	-1	0	0	48	-1	-1	0	-1	0	-1	0	-1	0	-1	5	-1	0	26	0	-1	0	36	25	-1	0	-1	12
c10882	48	0	0	0	-1	0	-1	-1	0	-1	0	0	12	-1	2	-1	0	5	-1	0	2	0	-1	10	36	-1	0	0	12	0
c10911	34	0	0	0	-1	0	48	-1	-1	9	0	44	37	0	0	0	0	-1	0	5	42	22	46	40	0	0	-1	5	5	-1
c10935	-1	4	48	48	0	0	48	-1	0	-1	-1	0	0	0	-1	-1	0	5	0	0	-1	10	-1	-1	36	0	0	-1	12	0
c10940	-1	0	0	-1	0	10	48	-1	0	-1	-1	-1	0	1	0	-1	0	0	0	-1	-1	0	-1	-1	0	-1	-1	-1	42	0
c10954	-1	0	0	0	0	0	48	47	0	-1	0	40	0	0	-1	10	0	-1	0	-1	-1	0	0	40	0	-1	-1	5	0	0
c10955	-1	0	0	-1	-1	0	48	47	0	9	0	40	0	0	0	10	0	-1	0	-1	-1	-1	0	-1	0	-1	-1	5	0	0
c10966	-1	-1	0	-1	-1	-1	48	-1	0	0	-1	-1	0	-1	0	0	0	0	37	20	10	-1	-1	0	0	-1	5	0	-1	0
c10974	48	0	-1	0	0	-1	-1	-1	-1	0	0	0	0	-1	4	0	0	5	0	-1	4	3	-1	0	36	0	-1	-1	12	10
c10981	0	12	0	0	-1	0	48	-1	0	-1	5	48	0	0	48	41	0	22	0	-1	0	-1	40	0	0	0	0	-1	-1	0
c10997	42	12	49	4	0	0	48	-1	0	-1	36	0	2	-1	0	37	22	2	-1	12	0	0	-1	-1	-1	0	0	0	-1	10
c11017	-1	0	0	0	0	0	-1	47	0	9	0	40	-1	-1	-1	0	0	-1	0	-1	0	9	0	40	-1	-1	-1	-1	0	-1
c11030	-1	0	0	0	0	0	48	47	0	9	0	0	0	0	0	0	0	-1	-1	0	-1	22	-1	40	10	0	-1	5	5	31
c11077	-1	0	0	0	3	0	48	-1	-1	9	48	0	0	0	0	0	-1	-1	-1	0	0	22	0	-1	-1	0	-1	5	5	47
c11090	0	12	2	0	0	-1	48	-1	47	-1	0	0	0	0	37	-1	0	40	0	0	-1	40	40	0	20	27	42	0	-1	0
c11096	0	12	0	0	0	0	48	-1	0	41	28	0	0	-1	37	40	0	40	0	-1	0	0	40	0	-1	0	-1	-1	-1	-1
c11104	-1	12	0	35	-1	4	48	-1	0	0	26	0	0	0	0	0	-1	0	37	0	0	-1	-1	0	41	0	5	48	-1	0
c11110	-1	12	0	35	-1	-1	48	-1	37	0	11	38	2	0	0	0	46	0	37	0	0	23	40	-1	0	-1	5	0	-1	0
c11111	-1	12	0	35	-1	-1	48	-1	0	0	11	38	0	0	0	0	46	0	37	0	-1	-1	40	-1	0	0	-1	0	-1	-1
c11128	34	40	22	0	3	-1	-1	47	-1	9	48	-1	41	0	0	0	-1	-1	36	-1	0	22	-1	40	-1	0	-1	5	-1	47
c11150	0	-1	0	0	-1	0	48	-1	22	0	28	0	48	0	-1	0	40	-1	0	0	-1	0	40	0	0	0	42	22	-1	0
c11153	-1	12	0	35	-1	-1	-1	-1	0	0	11	38	0	0	-1	-1	0	0	37	0	14	0	40	-1	-1	-1	5	0	-1	-1
c11159	28	12	-1	0	-1	0	48	-1	0	0	0	42	0	0	41	0	0	0	0	0	0	23	40	0	0	0	0	8	-1	40
c11160	-1	12	-1	0	0	0	48	-1	0	0	-1	3	0	8	37	-1	0	-1	0	0	-1	0	40	0	12	27	42	0	-1	0
c11181	34	-1	0	-1	26	0	48	47	0	9	0	-1	0	0	40	0	0	-1	-1	0	0	22	-1	40	10	0	-1	5	5	0
c11211	-1	0	0	0	0	42	48	47	0	9	48	40	0	0	0	-1	0	0	0	-1	-1	0	0	40	0	-1	-1	5	-1	0
c11235	-1	0	-1	0	0	-1	-1	-1	0	0	0	-1	-1	46	26	0	0	0	-1	0	5	0	40	22	0	0	-1	0	12	0
c11242	-1	12	0	35	-1	-1	48	-1	0	0	11	38	0	0	-1	0	0	0	37	5	-1	0	-1	0	0	0	5	0	-1	0
c11245	-1	-1	0	35	-1	-1	48	-1	0	0	-1	38	0	-1	-1	0	0	0	-1	0	-1	-1	40	10	0	0	-1	0	-1	0
c11276	-1	3	20	0	0	-1	48	47	0	9	0	44	0	8	0	0	35	-1	-1	0	0	22	0	40	0	4	-1	5	5	-1
c11301	0	-1	0	0	0	-1	-1	-1	0	0	0	-1	0	-1	48	0	0	0	0	22	0	0	-1	0	22	0	0	0	-1	25
c11341	48	48	0	48	0	-1	48	-1	0	33	41	-1	27	0	0	0	15	-1	42	-1	0	5	0	10	36	0	0	34	12	0
c11358	0	12	-1	40	0	0	48	-1	0	0	10	0	0	-1	0	1	0	5	-1	4	0	0	40	48	-1	40	42	0	-1	0
c11370	34	0	0	-1	0	-1	-1	47	0	9	0	0	-1	0	0	26	-1	-1	0	0	0	22	-1	40	0	26	-1	5	5	0
c11384	34	0	0	-1	20	-1	48	47	-1	9	0	0	36	-1	0	0	-1	-1	0	-1	0	22	-1	40	0	9	-1	5	5	0
c11408	48	-1	0	-1	3	-1	48	-1	-1	33	0	0	27	0	0	0	15	5	0	0	0	5	-1	-1	36	0	0	-1	12	0
c11421	-1	0	5	5	0	40	48	-1	-1	27	41	0	0	41	-1	0	0	5	-1	0	26	0	42	-1	36	25	0	0	-1	-1
c11427	-1	0	41	-1	3	0	48	47	-1	9	48	0	-1	0	0	-1	0	-1	0	0	15	22	20	40	-1	0	-1	5	-1	-1
c11436	-1	0	0	0	0	0	48	-1	0	-1	0	40	0	0	0	0	-1	0	0	-1	-1	44	0	40	0	-1	-1	5	0	0
c11441	-1	0	23	-1	0	0	48	47	0	9	48	0	-1	-1	42	-1	0	-1	50	43	0	22	0	40	0	4	-1	5	-1	0
c11450	48	0	0	-1	0	0	48	-1	0	33	0	48	0	-1	0	0	-1	5	0	-1	0	0	27	0	-1	0	0	0	12	1
c11453	48	-1	0	48	-1	-1	48	-1	-1	33	0	0	27	0	0	0	15	5	3	-1	0	5	0	10	36	0	-1	0	12	0
c11457	0	12	2	-1	0	0	48	-1	0	0	0	0	-1	0	-1	22	0	40	0	0	0	40	40	0	0	27	42	0	-1	-1
c11490	-1	-1	-1	35	-1	-1	-1	-1	0	0	11	38	0	0	0	0	0	0	37	0	0	0	40	0	26	-1	-1	0	-1	0
c11517	34	0	0	-1	-1	-1	48	47	0	9	10	0	0	20	0	0	0	-1	0	0	0	22	0	40	0	0	-1	5	5	15
c11530	0	12	0	0	-1	0	48	-1	0	0	0	0	0	-1	37	0	5	-1	-1	0	-1	0	-1	-1	37	27	-1	0	-1	0
c11542	0	12	0	35	0	-1	48	-1	-1	0	0	0	4	0	-1	-1	0	-1	-1	47	0	0	-1	0	0	0	0	0	-1	-1
c11543	0	12	0	35	0	-1	48	-1	0	0	0	0	4	0	0	0	0	42	0	47	0	0	40	0	0	0	-1	0	-1	-1
c11581	34	0	-1	-1	0	0	48	47	0	-1	0	-1	0	0	0	0	0	-1	0	0	0	22	-1	40	-1	0	-1	5	5	0
c11605	0	12	0	-1	0	-1	48	-1	0	0	28	0	0	-1	37	0	48	-1	-1	-1	0	0	40	-1	0	0	-1	0	-1	0
c11619	48	0	-1	0	0	-1	-1	-1	0	33	0	-1	0	-1	0	3	26	-1	0	0	5	41	36	-1	36	0	-1	-1	-1	0
c11632	-1	12	-1	-1	-1	0	-1	-1	37	-1	0	0	-1	-1	-1	0	0	41	37	-1	0	-1	40	-1	-1	0	5	0	-1	1
c11638	-1	12	0	35	-1	-1	48	-1	0	-1	11	38	0	0	-1	0	-1	0	37	0	0	0	40	-1	-1	0	5	-1	-1	0
c11639	-1	12	0	35	-1	-1	48	-1	0	-1	11	38	0	0	0	0	0	0	37	0	0	-1	40	0	26	0	5	0	-1	0
c11650	48	0	5	5	5	40	48	-1	0	0	41	0	0	0	0	48	48	-1	0	0	26	22	42	0	36	25	0	40	-1	0
c11668	34	0	0	-1	0	2	48	47	0	9	-1	0	0	-1	-1	-1	0	-1	0	0	0	22	-1	40	0	-1	-1	5	5	0
c11683	34	26	22	0	-1	33	-1	47	0	9	-1	-1	-1	0	0	0	0	-1	0	0	0	22	0	-1	0	0	-1	5	5	0
c11716	48	0	0	-1	0	0	-1	-1	0	33	-1	0	0	0	-1	-1	0	5	0	-1	0	0	-1	10	-1	0	0	12	12	0
c11723	0	12	0	0	0	0	48	-1	0	-1	-1	0	0	0	37	0	0	40	0	15	0	-1	40	-1	-1	0	42	-1	-1	-1
c11743	-1	12	0	35	-1	-1	48	-1	0	-1	11	38	-1	0	0	0	0	-1	37	0	0	-1	-1	0	-1	0	-1	0	-1	0
c11747	-1	12	-1	0	0	-1	-1	-1	-1	-1	-1	10	0	-1	-1	-1	0	0	0	22	0	0	40	0	-1	-1	0	48	-1	0
c11752	-1	12	-1	35	-1	-1	48	-1	0	0	11	38	-1	43	0	0	0	-1	37	41	0	5	40	10	0	0	-1	0	-1	0
c11766	34	0	0	0	0	0	48	47	0	9	-1	-1	0	0	0	0	0	-1	0	0	0	22	0	40	23	-1	-1	5	5	0
c11776	48	-1	-1	0	4	0	48	-1	0	33	-1	-1	-1	0	0	0	-1	5	43	-1	41	0	0	10	36	-1	0	-1	12	0
c11803	0	12	2	0	0	-1	-1	-1	-1	12	-1	4	0	0	37	22	-1	40	0	0	5	3	-1	-1	0	27	42	49	-1	-1
c11829	0	12	-1	35	0	0	48	-1	0	23	0	0	37	15	0	0	0	0	0	47	0	-1	-1	0	0	-1	0	44	-1	0
c11854	-1	0	0	0	37	-1	48	-1	0	9	0	-1	0	0	-1	0	-1	-1	-1	0	0	22	-1	40	-1	4	-1	5	-1	22
c11857	34	0	0	-1	0	-1	48	47	-1	-1	48	-1	0	-1	42	-1	-1	-1	0	0	-1	22	0	40	-1	4	-1	-1	5	0
c11868	-1	0	5	5	0	-1	48	-1	15	27	41	37	0	0	0	0	0	5	0	0	26	-1	42	0	36	25	-1	0	-1	42
c11881	34	0	0	0	3	0	48	47	-1	9	-1	-1	41	0	0	0	0	-1	36	4	0	22	0	40	-1	0	-1	5	5	-1
c11883	48	0	22	27	0	0	-1	-1	-1	0	0	0	46	0	27	-1	0	5	-1	15	26	0	42	37	-1	25	-1	0	-1	12
c11887	0	12	0	0	0	-1	48	-1	0	0	-1	0	0	0	48	0	27	0	-1	0	0	14	40	0	-1	-1	0	0	-1	0
c11894	-1	12	0	-1	-1	-1	48	-1	0	0	11	38	0	0	-1	0	0	-1	37	0	0	5	40	0	0	0	5	0	-1	22
c11973	0	0	-1	0	0	0	48	-1	0	0	0	0	0	46	26	42	0	40	0	0	0	16	40	22	0	37	0	0	12	-1
c11976	34	26	0	0	12	0	48	47	0	9	0	0	12	36	0	-1	0	-1	0	0	0	22	0	-1	0	-1	-1	-1	5	0
c12009	34	0	0	0	-1	0	-1	47	0	-1	-1	44	0	-1	0	0	-1	-1	-1	-1	0	22	5	40	0	0	-1	5	-1	0
c12010	11	0	-1	0	0	0	48	-1	-1	0	-1	38	48	46	-1	36	0	0	0	0	-1	0	40	-1	0	23	0	0	-1	37
c12029	-1	-1	10	35	-1	-1	-1	-1	0	0	-1	38	0	-1	0	0	0	0	37	20	10	41	-1	0	0	10	5	-1	-1	0
c12038	48	-1	-1	0	41	35	-1	-1	-1	33	-1	0	0	0	27	-1	0	5	-1	0	10	0	0	-1	36	0	0	-1	12	-1
c12077	0	12	41	5	-1	5	48	-1	0	0	0	0	37	0	0	0	-1	-1	-1	0	0	0	-1	49	28	0	42	0	-1	0
c12103	48	48	0	48	-1	-1	48	-1	0	33	0	9	27	0	0	0	-1	5	0	0	-1	-1	0	10	36	-1	0	-1	12	0
c12119	34	-1	22	-1	-1	0	-1	47	0	9	0	0	0	0	0	-1	0	-1	0	-1	0	22	3	40	-1	0	-1	5	5	0
c12153	48	48	0	48	-1	-1	48	-1	0	33	0	0	27	-1	0	0	-1	-1	0	-1	0	5	0	10	-1	0	-1	34	12	0
c12179	0	12	5	0	-1	0	48	-1	0	0	0	0	-1	-1	48	12	0	0	0	22	0	-1	-1	-1	0	0	0	0	-1	0
c12185	-1	0	-1	-1	0	0	48	47	27	-1	-1	0	-1	0	47	-1	-1	-1	0	0	-1	-1	-1	40	0	26	-1	5	5	0
c12188	0	12	0	35	0	0	48	-1	0	0	0	0	0	0	0	0	0	0	0	47	-1	0	-1	0	0	0	0	0	-1	-1
c12193	-1	0	38	-1	0	0	48	47	0	9	0	40	4	-1	48	0	0	0	0	-1	41	0	0	40	-1	-1	-1	5	-1	0
c12200	0	12	0	-1	-1	49	48	-1	0	0	0	-1	-1	0	-1	0	0	40	-1	0	-1	26	40	0	-1	27	42	41	-1	0
c12205	-1	0	0	-1	0	0	48	47	0	9	0	0	0	0	-1	0	0	-1	-1	0	-1	22	-1	-1	10	0	-1	5	5	0
c12223	0	12	0	0	-1	-1	-1	-1	0	0	28	0	0	0	37	0	0	40	-1	0	0	47	40	0	0	0	42	0	-1	-1
c12256	34	0	-1	-1	-1	0	48	47	0	-1	48	44	0	0	23	0	0	-1	0	0	0	22	4	40	0	4	-1	5	5	0
c12257	-1	0	-1	0	0	0	-1	47	0	9	48	44	0	0	23	0	-1	-1	0	0	-1	-1	4	40	0	4	-1	-1	5	0
c12279	0	12	0	0	0	0	48	-1	0	37	-1	0	10	0	0	-1	47	0	-1	-1	0	0	40	48	0	0	42	0	-1	-1
c12282	0	12	0	37	0	0	48	-1	0	0	0	0	0	0	37	0	0	-1	-1	0	0	0	-1	0	0	27	42	41	-1	1
c12291	-1	12	0	-1	-1	0	48	-1	-1	0	28	0	-1	0	37	0	0	40	0	0	0	-1	-1	0	-1	0	42	-1	-1	-1
c12304	-1	12	0	0	0	0	-1	-1	0	37	28	0	5	0	37	-1	0	40	0	0	-1	40	40	0	0	-1	42	-1	-1	0
c12305	-1	-1	0	0	0	36	48	-1	0	37	28	0	5	-1	37	-1	-1	-1	0	0	-1	40	40	0	0	-1	42	0	-1	-1
c12319	-1	0	22	48	-1	-1	48	47	-1	-1	0	0	0	0	0	4	40	-1	22	0	41	22	0	40	50	-1	-1	-1	5	0
c12323	0	12	0	-1	-1	0	48	-1	40	0	0	0	0	-1	48	0	0	0	0	22	0	0	-1	-1	-1	0	0	0	-1	0
c12325	-1	-1	0	-1	-1	-1	48	-1	0	0	11	-1	0	-1	0	0	0	0	37	0	0	0	40	10	0	0	-1	0	-1	0
c12332	0	12	-1	0	0	0	48	-1	0	0	0	-1	-1	-1	37	22	-1	40	-1	0	11	0	40	0	0	27	42	0	-1	0
c12387	-1	4	-1	0	0	0	-1	-1	0	33	-1	-1	0	0	0	37	-1	5	34	-1	0	0	20	10	36	38	0	-1	-1	-1
c12394	34	0	0	0	0	0	48	47	-1	9	0	0	-1	0	-1	-1	0	-1	-1	0	0	22	-1	40	10	0	-1	5	5	0
c12399	0	12	0	-1	-1	0	48	-1	10	-1	-1	0	0	0	48	0	0	37	-1	17	0	0	40	23	0	-1	0	0	-1	0
c12413	0	12	0	10	0	-1	48	-1	-1	-1	28	0	0	0	37	40	0	40	0	0	-1	0	40	4	0	0	42	23	-1	-1
c12420	-1	0	0	3	0	0	48	47	0	9	0	40	0	0	-1	0	0	-1	0	-1	-1	0	5	40	0	-1	-1	5	-1	0
c12473	-1	0	15	0	0	0	48	-1	0	9	0	40	42	0	-1	-1	0	0	0	-1	-1	0	0	-1	48	-1	-1	-1	0	38
c12489	-1	0	0	0	0	0	48	47	0	9	0	40	0	0	0	0	0	-1	0	-1	-1	37	-1	40	-1	-1	-1	5	0	40
c12496	0	12	2	-1	0	0	-1	-1	0	0	0	5	0	0	37	22	0	-1	0	-1	0	50	-1	0	0	-1	42	0	-1	0
c12518	-1	0	0	0	0	-1	48	-1	0	-1	0	40	0	1	0	0	0	-1	0	-1	-1	0	19	-1	0	-1	-1	5	42	0
c12526	-1	0	0	4	0	0	48	47	37	9	0	40	0	22	0	0	0	0	0	-1	-1	0	0	40	-1	-1	-1	5	0	30
c12535	0	12	-1	35	0	12	48	-1	0	0	0	15	-1	0	0	0	0	-1	0	47	-1	-1	-1	0	0	1	0	0	-1	0
c12536	-1	0	0	-1	0	-1	48	47	-1	9	0	40	4	0	48	0	22	0	0	-1	0	0	37	40	-1	-1	-1	5	0	0
c12537	-1	0	0	0	0	-1	48	47	-1	9	0	40	4	0	48	0	22	0	0	-1	0	0	37	40	5	-1	-1	5	-1	0
c12540	37	12	-1	0	0	0	48	-1	-1	0	0	0	10	0	0	-1	47	0	0	-1	0	0	40	48	0	22	42	0	-1	0
c12552	-1	0	0	0	0	0	-1	47	0	9	0	-1	4	0	0	0	-1	-1	0	-1	-1	-1	-1	-1	22	-1	-1	5	-1	0
c12556	20	12	0	0	-1	-1	48	-1	-1	0	0	0	37	37	0	-1	0	12	47	-1	37	0	40	-1	28	0	42	-1	-1	0
c12570	34	0	0	0	3	10	48	-1	10	9	50	-1	0	-1	-1	0	-1	-1	0	5	0	22	-1	-1	-1	26	-1	5	5	0
c12578	34	0	0	0	0	0	-1	-1	-1	9	-1	0	0	10	-1	0	0	-1	-1	47	0	-1	0	40	41	0	-1	5	5	0
c12583	34	-1	22	-1	0	0	48	47	0	9	37	34	-1	0	-1	0	0	-1	0	0	0	22	0	40	0	0	-1	-1	5	0
c12592	0	12	-1	0	0	0	-1	-1	-1	0	5	0	0	-1	48	41	27	0	0	0	0	0	40	0	0	-1	0	0	-1	0
c12598	-1	0	-1	0	12	0	48	47	0	9	0	40	4	-1	0	0	-1	-1	0	-1	0	0	0	40	0	-1	-1	5	4	0
c12599	-1	0	26	0	12	0	48	47	0	-1	0	40	4	-1	-1	-1	-1	0	0	-1	0	0	0	40	-1	-1	-1	5	4	-1
c12611	48	-1	4	-1	0	0	48	-1	0	33	0	0	-1	0	1	50	0	-1	-1	0	0	0	0	0	36	16	-1	0	-1	47
c12616	0	12	0	0	0	0	48	-1	0	0	0	0	10	0	-1	1	47	0	0	-1	0	0	-1	48	0	0	-1	0	-1	0
c12637	48	12	2	-1	0	0	48	-1	0	0	46	0	-1	-1	37	-1	-1	40	26	-1	0	37	40	0	0	27	-1	0	-1	-1
c12643	4	-1	2	0	0	0	48	-1	5	0	-1	0	22	0	37	0	0	40	23	-1	0	0	40	0	35	-1	42	0	-1	-1
c12661	0	1	-1	0	0	37	48	-1	23	0	-1	-1	0	46	-1	0	-1	-1	-1	0	0	0	40	22	47	0	50	0	-1	-1
c12663	34	26	0	0	3	0	48	47	-1	9	0	0	12	36	-1	0	0	-1	-1	0	-1	-1	0	40	0	-1	-1	5	5	-1
c12680	34	-1	0	0	-1	0	48	47	-1	9	48	0	0	0	0	0	0	-1	0	3	0	22	0	40	-1	-1	-1	5	5	47
c12681	-1	-1	0	-1	3	0	48	47	-1	-1	48	0	0	0	0	0	0	-1	0	3	0	22	0	40	-1	0	-1	5	5	47
c12682	-1	12	-1	-1	-1	-1	48	-1	0	0	11	38	0	0	0	0	0	0	37	0	0	5	40	-1	-1	0	5	0	-1	22
c12686	-1	12	-1	35	-1	-1	48	-1	-1	0	-1	38	0	0	0	0	0	0	37	0	0	0	40	10	0	0	5	0	-1	0
c12687	-1	12	0	35	-1	-1	48	-1	48	-1	11	38	0	0	0	-1	0	-1	37	0	0	0	40	10	0	0	5	0	-1	-1
c12690	34	-1	23	-1	0	0	48	47	0	9	-1	0	-1	-1	42	-1	0	-1	0	-1	-1	22	36	40	0	4	-1	5	5	0
c12691	34	0	23	-1	0	0	48	47	0	9	48	-1	-1	-1	42	-1	0	-1	0	-1	0	22	36	40	0	4	-1	5	5	0
c12695	-1	12	0	35	-1	-1	48	-1	0	0	0	0	5	1	0	-1	-1	0	0	-1	-1	0	40	0	0	-1	0	0	-1	0
c12723	0	12	0	0	0	0	48	-1	0	0	0	23	0	0	48	50	-1	5	0	22	0	0	40	-1	0	-1	0	0	-1	0
c12746	0	-1	0	35	0	0	48	-1	0	0	0	-1	0	0	0	0	0	0	-1	47	0	0	40	0	-1	0	-1	0	-1	-1
c12763	48	0	0	-1	-1	0	48	-1	0	33	47	48	0	0	-1	0	47	-1	-1	-1	0	0	27	-1	-1	0	0	-1	12	1
c12780	34	0	0	0	23	-1	48	47	0	9	0	37	0	0	0	0	-1	-1	0	-1	-1	22	-1	40	5	-1	-1	5	5	22
c12785	-1	-1	0	37	0	0	48	-1	0	-1	-1	10	0	4	-1	-1	0	5	0	0	0	0	0	10	36	0	-1	0	-1	0
c12787	-1	0	0	0	0	0	48	47	0	9	-1	-1	0	0	0	0	-1	-1	0	0	0	22	-1	40	-1	26	-1	-1	5	-1
c12790	0	15	-1	0	28	0	48	-1	0	0	42	0	0	46	26	-1	0	0	5	50	-1	0	-1	-1	0	0	-1	12	12	0
c12791	0	15	-1	0	28	0	48	-1	0	0	42	0	0	-1	26	0	0	0	5	50	-1	0	40	22	0	0	4	12	12	0
c12795	-1	0	-1	-1	0	0	48	47	0	-1	0	40	0	0	-1	0	0	0	0	-1	-1	0	5	40	0	-1	-1	5	43	0
c12804	48	-1	-1	0	0	-1	48	-1	0	33	0	0	0	0	0	0	0	-1	0	-1	0	5	0	10	36	-1	0	0	12	26
c12833	-1	0	0	-1	12	0	48	-1	-1	9	-1	40	4	3	0	0	0	36	0	-1	-1	0	0	40	-1	-1	-1	5	0	-1
c12841	-1	12	0	35	22	0	48	-1	0	0	-1	0	0	0	0	2	0	0	0	-1	0	-1	40	0	0	5	-1	-1	-1	0
c12858	0	-1	0	0	0	0	48	-1	-1	0	0	-1	-1	0	0	1	47	0	0	-1	0	28	40	48	37	-1	42	0	-1	0
c12877	0	-1	0	35	0	-1	48	-1	0	0	0	0	0	-1	35	-1	0	0	0	-1	0	0	40	0	0	0	0	0	-1	-1
c12905	0	12	2	0	0	-1	48	-1	0	4	0	0	0	-1	-1	0	0	40	-1	-1	0	0	40	0	-1	-1	42	0	-1	0
c12925	4	12	0	0	0	23	48	-1	0	0	0	0	5	0	22	5	-1	0	0	0	0	0	-1	0	0	0	0	-1	-1	0
c12927	-1	0	0	25	10	0	-1	-1	0	33	0	-1	0	-1	-1	0	0	5	43	-1	17	0	0	10	36	0	-1	0	12	0
c12934	48	0	5	5	0	40	48	-1	0	0	-1	0	-1	0	0	-1	0	5	0	-1	26	-1	42	0	36	25	27	0	-1	0
c12970	-1	-1	0	-1	3	0	48	47	-1	9	48	0	0	0	0	0	0	-1	0	3	0	22	-1	-1	-1	0	-1	5	5	47
c12971	-1	-1	0	0	3	-1	48	47	-1	9	48	0	0	48	0	0	0	-1	-1	3	0	22	0	40	-1	0	-1	-1	5	47
c12978	-1	0	0	0	-1	30	48	47	0	-1	0	44	-1	0	-1	0	0	-1	0	-1	0	22	-1	40	0	4	-1	5	5	0
c12983	34	0	0	-1	10	2	48	47	30	9	48	0	-1	-1	-1	-1	0	-1	0	0	0	22	0	40	0	-1	-1	5	5	0
c12988	0	-1	0	-1	-1	5	-1	-1	0	-1	0	0	0	0	0	0	0	0	0	0	4	0	40	33	-1	8	42	0	-1	0
c13005	34	-1	0	-1	0	2	48	47	-1	9	48	0	0	-1	42	-1	-1	-1	0	-1	-1	22	5	40	0	4	-1	5	5	-1
c13015	48	0	5	5	0	40	48	-1	0	0	41	-1	27	0	1	0	0	-1	-1	0	26	0	-1	0	36	25	0	22	-1	0
c13019	-1	-1	22	0	0	10	48	47	0	9	0	40	0	0	0	0	0	0	-1	-1	-1	0	-1	40	0	-1	-1	-1	-1	-1
c13020	-1	12	-1	35	-1	0	-1	-1	0	-1	0	-1	0	0	0	0	0	41	37	-1	0	40	40	0	-1	0	5	0	-1	1
c13038	0	12	0	-1	0	0	48	-1	0	-1	22	-1	0	0	0	1	0	0	0	4	0	0	40	-1	40	0	42	0	-1	0
c13040	34	-1	0	0	-1	0	48	-1	0	9	22	44	0	0	0	0	0	-1	0	15	0	-1	0	40	-1	48	-1	5	5	10
c13041	34	0	0	-1	0	0	48	-1	0	9	22	44	0	0	0	0	0	-1	0	15	0	22	0	40	0	48	-1	5	-1	10
c13042	34	-1	0	0	0	-1	48	47	3	9	0	0	0	0	-1	0	-1	-1	-1	0	-1	22	-1	40	10	0	-1	5	5	0
c13044	48	48	-1	48	3	-1	48	-1	0	33	0	0	27	0	0	0	15	5	0	0	0	-1	0	-1	36	0	49	34	12	0
c13055	-1	-1	-1	-1	0	0	-1	-1	0	-1	-1	0	-1	46	26	0	0	0	47	0	0	-1	-1	-1	0	42	0	0	12	0
c13065	0	12	0	35	22	0	48	-1	0	0	0	0	0	0	0	-1	0	0	0	47	0	0	40	0	0	0	20	41	-1	0
c13068	48	37	48	0	0	0	48	-1	-1	33	0	0	0	46	0	0	0	5	0	0	0	0	0	10	36	0	0	3	-1	0
c13071	0	12	6	35	0	0	48	-1	0	0	0	-1	0	0	0	22	0	0	0	47	0	0	40	-1	0	0	0	41	-1	0
c13086	-1	0	-1	0	10	-1	48	-1	0	33	-1	-1	0	-1	0	0	-1	5	43	0	37	0	0	10	36	0	0	0	12	0
c13114	48	0	0	0	0	0	48	-1	0	0	-1	0	-1	-1	0	-1	0	5	-1	0	0	15	9	-1	36	0	0	-1	12	-1
c13117	48	0	0	-1	0	-1	48	-1	-1	33	0	48	-1	0	0	0	-1	-1	-1	0	0	0	27	0	-1	0	42	0	-1	1
c13123	-1	0	5	5	0	40	48	-1	15	27	-1	-1	0	0	0	0	0	5	0	-1	26	0	-1	0	36	25	0	1	-1	42
c13139	48	0	5	0	0	0	-1	-1	0	33	0	35	0	-1	0	0	41	-1	40	-1	0	5	-1	10	36	-1	0	27	12	-1
c13165	22	12	0	-1	0	5	48	-1	0	0	0	0	0	0	0	0	0	0	0	0	0	0	40	-1	1	-1	42	0	-1	0
c13168	-1	0	5	5	-1	40	-1	-1	15	-1	41	0	0	0	0	0	0	5	-1	0	26	0	42	0	36	25	0	0	-1	42
c13181	-1	12	0	0	0	28	48	-1	-1	41	28	0	48	0	37	37	0	40	5	-1	0	0	40	0	0	0	42	-1	-1	-1
c13188	34	0	0	-1	0	48	48	47	0	-1	-1	44	-1	-1	-1	0	0	-1	0	0	0	22	0	40	23	0	-1	5	-1	0
c13192	22	12	0	0	0	5	-1	-1	0	-1	0	0	0	0	0	0	0	0	0	-1	42	0	40	0	-1	0	-1	0	-1	0
c13206	-1	12	0	-1	0	-1	48	-1	0	0	-1	0	0	-1	37	0	0	-1	-1	0	0	0	40	-1	-1	27	42	41	-1	-1
c13212	34	0	23	-1	-1	0	-1	47	0	-1	48	0	-1	-1	42	-1	4	-1	0	-1	22	22	-1	40	0	4	-1	5	5	0
c13213	-1	0	23	-1	0	0	-1	47	0	9	48	0	-1	-1	42	-1	0	-1	0	-1	-1	22	-1	-1	0	4	-1	5	5	0
c13219	-1	-1	0	35	-1	0	-1	-1	0	0	0	-1	5	1	0	-1	5	-1	0	0	-1	0	40	0	0	0	0	0	-1	0
c13230	48	0	-1	5	0	40	48	-1	-1	0	41	0	23	0	0	0	0	5	0	-1	26	-1	42	-1	-1	25	27	-1	-1	0
c13235	-1	26	-1	-1	0	0	48	-1	0	9	48	-1	0	-1	42	-1	0	-1	0	-1	0	22	0	40	-1	4	-1	-1	5	22
c13240	0	-1	-1	0	-1	4	48	-1	0	0	-1	44	0	46	26	0	15	-1	-1	0	0	0	40	22	-1	0	0	10	-1	22
c13244	-1	42	11	-1	-1	0	-1	-1	0	-1	0	-1	-1	0	-1	0	-1	0	0	-1	-1	0	0	-1	0	-1	-1	-1	0	0
c13250	34	0	-1	-1	0	29	48	47	-1	9	0	44	0	0	0	0	0	-1	0	0	0	22	0	40	0	4	-1	5	5	3
c13259	48	41	48	41	0	0	48	-1	0	-1	0	0	0	0	-1	0	9	5	0	-1	0	0	0	10	-1	0	0	-1	-1	0
c13263	0	12	2	0	0	0	48	-1	0	-1	40	0	0	-1	37	22	0	40	0	0	11	0	-1	0	0	27	42	0	-1	37
c13276	-1	12	0	-1	-1	0	-1	-1	0	0	0	0	0	0	0	-1	49	0	-1	0	0	0	40	33	-1	0	-1	0	-1	-1
c13277	-1	12	0	35	-1	0	48	-1	-1	0	0	0	0	-1	0	0	49	0	37	0	0	-1	40	33	0	0	-1	0	-1	-1
c13297	48	5	0	0	28	37	48	-1	0	0	0	0	0	-1	0	3	0	5	0	-1	-1	0	9	0	-1	-1	0	28	12	10
c13300	-1	12	0	35	-1	-1	48	-1	0	0	11	38	0	0	46	0	0	0	37	0	0	0	-1	0	26	0	-1	0	-1	0
c13301	-1	12	0	35	-1	-1	48	-1	0	0	11	38	0	0	46	0	0	0	37	0	0	0	40	0	26	0	5	-1	-1	0
c13316	-1	0	0	0	0	-1	48	47	11	9	0	40	0	-1	0	0	0	-1	0	-1	-1	0	0	40	-1	-1	-1	5	42	-1
c13320	-1	0	0	0	0	0	48	-1	0	9	0	-1	0	0	0	-1	0	0	0	-1	-1	0	0	40	0	-1	-1	-1	12	-1
c13321	-1	0	-1	0	0	0	-1	47	0	9	0	40	0	0	-1	10	0	0	0	-1	-1	0	0	40	0	-1	-1	5	12	0
c13325	48	0	48	0	0	0	48	-1	0	-1	0	0	0	3	5	0	0	-1	0	0	0	15	0	10	36	0	0	0	12	0
c13340	-1	0	-1	0	0	0	48	47	0	9	0	40	-1	-1	0	0	48	0	0	-1	-1	0	0	-1	0	-1	-1	5	0	0
c13360	-1	0	-1	37	0	-1	-1	47	0	9	0	40	4	0	0	0	0	-1	0	-1	0	0	0	40	0	-1	-1	-1	-1	0
c13364	34	-1	22	0	-1	0	48	47	-1	9	0	-1	-1	0	0	-1	0	-1	2	-1	0	22	3	40	0	0	-1	5	-1	0
c13369	0	12	0	35	0	-1	48	-1	22	-1	0	31	37	-1	0	0	0	0	0	47	-1	0	40	0	0	-1	0	0	-1	0
c13399	48	-1	-1	5	40	-1	-1	-1	0	0	-1	0	0	0	0	0	-1	5	0	0	26	0	-1	0	36	25	37	0	-1	0
c13401	-1	0	0	0	0	0	48	-1	0	0	0	0	-1	-1	0	0	-1	5	0	0	0	0	9	0	-1	5	0	-1	-1	10
c13408	34	10	0	0	-1	0	48	47	0	9	0	-1	-1	-1	0	0	0	-1	-1	0	0	22	0	40	-1	-1	-1	5	5	22
c13409	-1	10	0	0	-1	0	-1	47	0	9	0	44	5	0	0	0	0	-1	0	0	0	22	0	-1	-1	4	-1	5	5	22
c13462	0	12	22	0	0	0	48	-1	0	-1	-1	36	0	0	0	-1	-1	0	0	4	-1	-1	40	-1	-1	0	42	0	-1	-1
c13464	-1	-1	0	0	0	0	48	47	0	9	0	40	4	0	48	0	0	0	0	-1	41	0	0	-1	0	-1	-1	-1	0	0
c13467	0	12	0	0	-1	0	48	-1	0	0	-1	43	-1	0	-1	0	0	0	-1	0	0	-1	40	0	0	0	0	0	-1	0
c13469	-1	-1	0	35	-1	-1	48	-1	0	0	11	38	-1	0	0	10	0	0	37	0	0	0	40	10	0	0	5	-1	-1	0
c13495	0	0	-1	0	0	0	48	-1	0	0	0	0	-1	46	-1	36	-1	0	0	-1	48	0	40	22	-1	23	0	0	-1	-1
c13507	-1	12	-1	0	26	0	48	-1	0	0	0	-1	-1	0	-1	20	41	40	0	0	-1	-1	40	-1	37	-1	-1	0	-1	0
c13511	0	-1	2	22	0	5	48	-1	1	0	0	0	49	0	37	22	-1	-1	0	0	-1	0	40	0	0	27	42	0	-1	0
c13526	0	12	-1	0	0	0	-1	-1	0	0	0	-1	5	0	0	0	-1	0	0	0	0	35	-1	0	-1	0	-1	0	-1	0
c13533	-1	0	0	-1	0	-1	-1	47	0	9	0	40	0	-1	0	0	1	0	-1	-1	-1	0	-1	40	0	-1	-1	5	0	0
c13537	0	0	-1	0	0	-1	48	-1	-1	0	0	3	0	46	26	4	0	0	0	-1	-1	0	-1	22	47	0	0	0	-1	48
c13538	48	0	0	0	0	38	48	-1	10	33	1	0	-1	0	-1	-1	15	5	-1	-1	0	5	37	10	36	0	-1	5	12	0
c13551	34	10	22	0	3	0	48	47	-1	-1	48	0	0	-1	0	-1	0	-1	-1	0	0	-1	0	40	-1	0	-1	-1	5	47
c13556	-1	0	0	47	0	0	48	47	-1	9	0	44	0	0	0	0	0	-1	10	23	0	-1	0	40	0	-1	-1	5	-1	0
c13563	48	0	48	0	0	0	-1	-1	-1	33	-1	0	0	-1	0	0	0	-1	0	0	0	15	0	-1	-1	0	0	-1	12	0
c13566	34	0	41	0	3	0	48	47	-1	9	48	-1	48	-1	-1	-1	0	-1	5	0	15	22	20	40	-1	0	-1	5	5	47
c13572	-1	0	0	0	0	0	48	47	0	9	2	40	0	0	-1	0	0	0	0	-1	-1	0	0	-1	0	-1	-1	5	0	23
c13586	34	0	0	-1	26	0	48	47	0	9	0	0	0	0	31	0	-1	-1	0	0	0	22	-1	40	10	0	-1	5	5	31
c13589	34	0	0	-1	0	0	48	47	5	9	3	44	-1	-1	0	0	0	-1	-1	5	0	22	0	40	0	0	-1	-1	-1	0
c13597	-1	4	0	0	0	40	-1	-1	0	33	-1	-1	0	0	0	0	0	5	34	0	0	0	20	10	-1	-1	0	0	12	0
c13599	0	12	0	-1	0	0	48	-1	0	0	28	0	0	0	37	0	0	40	-1	15	0	37	-1	37	-1	0	42	-1	-1	-1
c13604	48	0	0	23	-1	-1	48	-1	-1	-1	15	-1	0	0	50	23	-1	-1	-1	8	48	3	48	10	36	0	0	-1	12	-1
c13614	48	0	0	5	-1	0	48	-1	-1	33	0	0	12	-1	0	-1	0	5	0	-1	46	-1	0	10	36	-1	9	0	12	50
c13640	-1	12	0	35	-1	-1	48	-1	-1	0	11	-1	0	0	0	0	0	0	37	0	0	0	40	0	0	12	5	0	-1	-1
c13648	-1	0	-1	0	10	0	48	-1	0	9	-1	40	0	-1	0	10	0	0	0	-1	-1	0	0	40	0	-1	-1	5	0	0
c13653	34	0	0	-1	-1	-1	48	-1	0	-1	48	48	34	-1	42	0	0	-1	0	0	0	22	0	40	0	-1	-1	-1	5	-1
c13656	0	12	0	-1	0	42	48	-1	37	0	0	0	0	0	48	-1	-1	0	-1	0	-1	27	40	23	0	0	-1	0	-1	0
c13658	-1	12	0	0	0	-1	-1	-1	-1	-1	0	0	10	0	0	1	47	0	0	4	0	-1	40	48	47	-1	42	0	-1	0
c13664	-1	-1	-1	4	0	-1	48	-1	0	-1	0	3	0	46	26	0	0	0	0	0	49	0	40	-1	47	-1	0	43	-1	-1
c13673	48	0	0	0	10	0	48	-1	0	37	0	5	-1	22	0	0	0	-1	0	0	0	48	-1	-1	36	0	48	0	12	-1
c13678	34	-1	0	0	-1	-1	48	47	-1	9	-1	0	-1	0	3	0	-1	-1	0	4	0	22	0	40	-1	0	-1	-1	5	47
c13679	34	9	0	0	3	0	48	47	-1	9	48	0	0	0	0	0	0	-1	0	4	0	22	0	40	-1	0	-1	5	5	47
c13685	0	12	-1	0	0	0	48	-1	0	37	28	0	0	5	37	0	10	40	0	0	0	0	-1	48	0	0	-1	0	-1	0
c13704	34	0	20	0	-1	0	-1	-1	0	9	31	0	38	10	0	37	-1	-1	0	0	0	22	-1	40	-1	20	-1	5	-1	0
c13713	-1	12	-1	35	-1	-1	-1	-1	0	0	11	-1	0	0	0	0	0	-1	37	5	0	0	40	-1	0	-1	5	0	-1	0
c13726	48	22	-1	18	-1	0	48	-1	0	33	0	-1	12	0	-1	0	-1	-1	0	-1	46	0	0	10	36	0	0	0	12	0
c13729	48	48	40	48	0	-1	48	-1	0	-1	0	-1	27	0	0	0	15	-1	0	0	0	5	0	10	36	43	-1	-1	-1	0
c13738	34	26	22	0	-1	0	48	-1	0	9	0	0	-1	0	0	0	-1	-1	0	0	0	22	0	-1	0	0	-1	5	5	0
c13746	48	0	0	-1	0	0	48	-1	0	33	0	3	0	-1	0	0	-1	-1	0	-1	0	-1	0	10	-1	-1	0	0	12	26
c13761	34	0	0	-1	0	0	48	47	-1	9	48	0	0	-1	42	-1	0	-1	0	0	-1	22	0	40	0	4	-1	5	5	0
c13785	-1	0	0	0	0	0	48	47	0	9	0	40	-1	0	48	0	10	0	43	-1	22	0	0	40	0	-1	-1	5	0	-1
c13795	34	0	0	0	-1	-1	48	47	3	9	0	-1	0	0	40	0	-1	-1	-1	-1	0	22	-1	40	10	0	-1	5	5	0
c13803	34	0	0	-1	0	-1	48	-1	0	9	48	0	0	-1	42	-1	10	-1	0	0	-1	22	0	40	-1	-1	-1	5	5	0
c13814	34	0	0	-1	0	2	48	47	0	9	48	0	-1	-1	42	-1	0	-1	0	0	0	22	5	-1	0	4	-1	5	-1	0
c13829	-1	0	-1	0	0	-1	-1	47	-1	9	0	40	4	0	48	0	0	0	0	-1	0	0	0	40	0	-1	-1	5	-1	0
c13846	47	12	0	-1	0	0	48	-1	-1	0	0	0	-1	2	48	0	-1	0	0	-1	0	27	40	23	-1	0	0	15	-1	50
c13847	47	12	0	-1	0	-1	48	-1	-1	0	-1	0	-1	2	48	0	48	0	0	-1	0	27	40	23	0	0	0	15	-1	-1
c13853	0	12	0	0	0	0	48	-1	-1	0	0	-1	0	-1	0	1	-1	-1	0	4	41	0	40	0	-1	0	42	0	-1	0
c13865	34	0	0	0	0	0	48	47	0	9	0	44	0	0	-1	0	37	-1	0	5	35	22	-1	-1	-1	-1	-1	5	-1	0
c13885	48	-1	0	0	4	-1	48	-1	0	-1	0	-1	-1	0	0	0	0	5	43	0	0	50	0	-1	36	0	32	-1	-1	0
c13889	0	12	0	0	0	0	48	-1	0	40	0	-1	0	0	41	-1	0	0	-1	0	0	0	40	0	0	0	0	0	-1	4
c13900	-1	12	10	35	-1	-1	-1	-1	0	0	11	38	0	-1	0	-1	0	0	37	-1	10	41	40	0	-1	10	5	-1	-1	0
c13915	-1	12	0	35	-1	0	48	-1	-1	0	0	0	5	1	0	0	0	-1	-1	0	0	10	40	0	0	0	0	0	-1	-1
c13916	34	-1	0	0	0	0	48	-1	0	9	-1	44	0	0	0	50	0	-1	0	-1	-1	22	4	40	0	-1	-1	5	5	0
c13926	-1	12	0	35	-1	-1	48	-1	-1	0	0	0	5	1	0	0	0	0	0	-1	0	0	40	-1	0	0	0	0	-1	-1
c13935	0	12	0	-1	3	5	48	-1	-1	-1	0	0	0	-1	0	-1	0	0	0	0	4	0	40	33	1	8	42	0	-1	0
c13940	48	0	0	0	-1	0	48	-1	0	0	0	-1	0	-1	0	3	12	5	0	5	0	0	0	0	36	-1	0	-1	12	10
c13952	-1	-1	-1	0	0	-1	48	-1	0	0	0	-1	0	-1	26	0	-1	0	47	0	0	0	-1	22	0	0	0	10	-1	-1
c13957	34	26	12	35	0	0	48	47	-1	9	0	0	-1	36	-1	-1	37	-1	-1	0	0	22	0	40	0	-1	-1	5	-1	0
c13963	34	0	0	47	0	0	48	47	0	9	-1	-1	0	-1	0	37	-1	-1	49	0	0	-1	-1	40	0	-1	-1	5	5	-1
c13988	-1	12	0	0	0	0	-1	47	0	9	-1	50	-1	-1	0	0	0	-1	0	0	0	22	-1	40	10	0	-1	5	5	-1
c13989	34	12	-1	0	0	0	48	-1	0	9	-1	0	0	-1	0	0	-1	-1	0	0	0	22	-1	-1	10	0	-1	5	5	31
c14003	-1	-1	22	-1	-1	0	48	47	0	-1	0	0	-1	22	12	-1	0	-1	0	0	0	22	3	-1	0	0	-1	-1	5	0
c14008	0	12	-1	0	23	0	-1	-1	0	0	3	0	-1	0	0	-1	-1	-1	0	4	0	0	40	0	-1	-1	-1	0	-1	0
c14019	0	-1	0	-1	0	0	48	-1	0	37	36	0	0	0	-1	0	0	0	0	0	0	0	-1	23	0	-1	-1	0	-1	0
c14024	48	0	-1	0	0	-1	48	-1	0	0	0	-1	-1	0	0	0	-1	5	0	0	26	-1	42	4	36	25	0	0	-1	0
c14026	-1	12	1	35	-1	-1	48	-1	0	0	11	-1	0	-1	0	0	0	0	37	0	0	23	40	10	0	-1	-1	0	-1	-1
c14027	-1	-1	1	35	-1	-1	48	-1	0	0	11	-1	0	0	0	0	0	0	37	0	0	23	40	10	0	-1	5	0	-1	0
c14034	-1	-1	0	0	0	-1	48	47	0	9	12	40	-1	0	-1	0	0	0	0	-1	0	0	0	40	5	-1	-1	5	0	37
c14049	0	12	0	0	-1	-1	48	-1	0	-1	0	36	0	0	-1	1	0	0	0	4	41	0	40	-1	0	0	42	0	-1	-1
c14057	0	12	-1	0	0	36	48	-1	5	-1	-1	0	0	0	37	0	0	-1	23	23	0	0	40	0	0	-1	42	0	-1	0
c14058	48	0	0	0	41	35	-1	-1	-1	33	-1	0	0	0	-1	0	0	5	8	0	10	-1	0	10	36	0	0	0	12	0
c14101	-1	12	2	0	0	0	48	-1	0	0	38	0	41	0	37	22	0	40	-1	0	-1	0	-1	0	0	27	42	0	-1	-1
c14114	12	12	2	0	0	0	-1	-1	0	0	40	3	0	8	37	-1	0	40	0	-1	11	-1	40	0	-1	27	42	0	-1	0
c14117	10	12	2	0	47	-1	-1	-1	0	0	0	0	41	0	37	22	-1	40	0	10	11	0	40	-1	0	27	42	0	-1	0
c14121	34	0	0	-1	3	0	48	47	-1	-1	48	0	4	-1	36	0	0	-1	0	0	3	22	0	40	-1	0	-1	5	5	47
c14126	0	12	0	0	-1	0	48	-1	0	42	28	0	0	0	37	0	0	-1	35	0	-1	0	-1	0	0	0	42	0	-1	0
c14130	-1	12	0	35	-1	0	-1	-1	0	0	0	0	-1	-1	0	0	0	0	37	0	0	2	40	0	-1	0	5	0	-1	1
c14132	0	12	0	0	8	0	48	-1	50	0	5	0	0	0	48	41	0	22	0	0	0	0	40	0	0	0	-1	0	-1	0
c14156	-1	12	0	35	-1	-1	48	-1	0	0	0	0	5	1	0	0	0	0	0	-1	0	-1	40	23	-1	-1	0	0	-1	-1
c14178	48	40	5	5	0	40	48	-1	-1	0	41	0	0	-1	10	0	0	5	0	11	26	0	42	0	36	25	0	3	-1	0
c14179	48	40	-1	5	0	40	48	-1	-1	0	41	0	0	-1	10	0	0	-1	0	11	26	0	42	-1	36	-1	0	3	-1	0
c14202	3	0	-1	-1	0	0	48	-1	0	4	0	0	0	46	26	0	15	-1	0	0	0	0	40	22	47	0	0	0	-1	40
c14203	-1	-1	-1	0	0	0	-1	-1	0	-1	-1	0	0	46	26	0	15	0	0	-1	0	0	40	22	-1	0	0	0	-1	-1
c14212	34	0	-1	48	3	-1	-1	47	0	9	50	0	0	0	0	0	-1	-1	0	0	-1	-1	-1	40	0	26	-1	-1	-1	0
c14225	0	12	0	0	0	0	48	-1	0	0	48	-1	-1	0	48	-1	0	22	0	0	0	3	40	0	0	0	10	0	-1	0
c14229	48	0	22	0	0	0	-1	-1	0	0	0	0	0	0	27	0	12	5	5	-1	26	0	42	0	36	25	-1	0	-1	0
c14240	0	12	2	0	0	-1	48	-1	0	0	-1	5	0	34	37	22	-1	40	0	0	-1	50	40	0	0	27	42	0	-1	5
c14243	-1	0	0	-1	0	-1	48	47	0	-1	-1	40	0	-1	0	-1	0	0	-1	-1	-1	0	-1	40	-1	-1	-1	-1	0	30
c14261	0	12	2	0	-1	0	48	-1	22	-1	0	0	0	0	37	-1	0	40	0	0	42	0	-1	-1	0	27	42	5	-1	0
c14266	-1	0	0	27	0	0	48	-1	0	9	-1	40	0	0	0	0	0	0	0	-1	-1	14	0	-1	0	-1	-1	5	42	0
c14272	34	0	0	0	37	0	48	47	0	9	0	44	0	0	0	0	0	-1	0	0	0	22	0	40	0	4	-1	5	5	22
c14273	34	0	0	0	37	0	48	47	0	9	0	44	0	0	0	-1	0	-1	0	0	-1	22	-1	40	0	4	-1	-1	5	22
c14305	-1	-1	-1	0	0	0	48	47	0	9	0	40	0	0	0	-1	0	0	0	-1	-1	0	22	40	22	-1	-1	5	0	0
c14308	-1	-1	37	35	-1	-1	48	-1	0	0	11	38	0	0	-1	-1	0	5	37	0	0	-1	40	10	0	0	-1	-1	-1	0
c14312	-1	12	0	35	-1	-1	48	-1	0	0	11	38	0	0	0	0	0	0	37	0	0	-1	40	10	0	0	5	0	-1	0
c14314	48	48	-1	48	0	-1	48	-1	0	33	41	-1	27	-1	0	0	15	-1	0	-1	0	-1	0	10	36	0	0	-1	12	0
c14325	0	-1	-1	0	40	0	48	-1	10	0	0	3	0	46	26	0	4	0	47	0	0	0	-1	22	47	0	0	-1	-1	48
c14328	48	0	0	0	-1	0	48	-1	0	33	0	-1	-1	0	-1	0	0	5	-1	-1	-1	3	44	10	36	0	0	-1	12	0
c14334	0	12	2	0	0	-1	48	-1	0	0	40	3	0	-1	37	22	-1	40	0	-1	11	0	-1	0	-1	27	42	0	-1	0
c14338	47	12	0	-1	0	0	48	-1	-1	-1	-1	0	0	2	48	0	48	0	0	-1	-1	27	40	23	0	0	0	15	-1	-1
c14341	0	12	0	0	-1	0	48	-1	19	0	28	0	0	-1	37	0	22	40	-1	0	0	0	40	-1	0	-1	42	0	-1	0
c14343	34	0	36	0	-1	0	48	47	0	9	-1	0	0	20	0	0	0	-1	-1	37	-1	22	0	40	-1	0	-1	5	5	15
c14346	-1	12	-1	-1	-1	-1	48	-1	0	-1	11	38	0	0	0	0	0	0	37	0	0	-1	-1	-1	0	0	5	0	-1	22
c14350	48	0	-1	23	0	-1	48	-1	0	-1	0	-1	-1	0	50	0	42	-1	-1	-1	48	3	-1	10	36	0	-1	-1	-1	0
c14359	-1	12	0	35	-1	0	48	-1	0	5	0	0	5	1	5	0	40	0	0	0	-1	0	40	-1	-1	0	0	5	-1	0
c14370	34	0	-1	-1	3	0	-1	47	-1	9	-1	0	-1	0	36	0	0	-1	-1	0	3	-1	-1	40	-1	-1	-1	5	-1	47
c14396	-1	-1	5	5	-1	40	48	-1	15	27	41	0	-1	0	0	0	0	5	0	0	26	0	42	0	-1	25	-1	0	-1	42
c14397	-1	-1	5	5	-1	40	48	-1	-1	-1	-1	0	0	0	0	0	-1	-1	0	0	26	0	42	0	36	25	-1	0	-1	42
c14415	26	12	0	0	0	0	-1	-1	0	37	28	0	0	0	37	0	-1	40	40	0	0	0	40	10	0	3	42	0	-1	0
c14416	-1	0	-1	5	0	0	48	-1	40	33	-1	0	12	0	48	0	0	5	-1	0	0	0	-1	10	-1	0	0	44	12	-1
c14422	34	-1	0	-1	0	0	48	47	-1	9	48	0	0	-1	42	-1	10	-1	0	0	0	22	0	40	0	4	-1	5	-1	0
c14423	34	-1	0	-1	0	0	48	47	-1	9	48	0	0	-1	-1	-1	10	-1	0	0	-1	22	-1	40	0	4	-1	5	5	0
c14433	-1	0	0	4	0	0	48	47	0	-1	23	40	-1	22	20	0	0	0	-1	-1	-1	-1	22	40	28	-1	-1	5	0	30
c14446	0	12	0	0	0	-1	48	-1	0	0	0	1	0	0	48	-1	-1	-1	0	-1	-1	3	-1	0	0	0	0	0	-1	0
c14453	48	0	5	5	0	40	48	-1	0	5	41	0	10	1	0	0	-1	5	0	0	26	0	42	0	36	25	0	0	-1	42
c14468	0	12	0	35	22	41	48	-1	0	0	0	0	40	0	0	2	0	49	-1	47	0	0	40	0	0	-1	-1	41	-1	-1
c14480	0	12	0	0	37	0	48	-1	-1	-1	0	0	0	0	48	0	0	48	40	22	0	22	40	23	35	0	0	-1	-1	0
c14481	-1	12	0	0	37	0	48	-1	0	0	0	0	0	0	48	0	0	0	40	22	0	22	40	23	35	0	0	0	-1	0
c14497	0	-1	-1	0	0	0	-1	-1	0	0	0	0	0	-1	-1	36	0	12	0	-1	4	0	-1	22	-1	-1	0	0	-1	-1
c14499	-1	12	-1	0	-1	-1	48	-1	-1	-1	0	0	10	0	0	1	47	0	-1	4	0	0	40	48	-1	14	42	0	-1	1
c14502	34	0	23	-1	0	0	-1	47	0	9	-1	0	0	-1	42	-1	-1	-1	-1	0	0	22	-1	40	0	-1	-1	5	5	0
c14508	34	0	0	0	0	0	48	47	0	9	0	0	0	0	40	0	-1	-1	-1	0	0	22	-1	40	-1	48	-1	5	5	3
c14509	34	-1	0	0	0	-1	48	47	0	9	0	0	0	-1	40	-1	0	-1	-1	0	0	22	-1	40	10	48	-1	-1	5	3
c14510	-1	12	-1	0	0	0	48	-1	0	41	28	-1	0	0	37	0	0	-1	0	0	0	0	-1	-1	0	0	-1	-1	-1	-1
c14513	-1	0	5	-1	0	40	-1	-1	15	27	41	0	-1	0	0	-1	0	5	0	0	-1	0	42	15	36	25	0	0	-1	42
c14554	34	-1	0	-1	-1	-1	48	47	0	9	0	44	0	20	0	-1	0	-1	0	0	0	22	-1	40	-1	-1	-1	5	5	0
c14567	34	-1	23	-1	0	0	48	-1	0	9	-1	0	0	-1	42	-1	0	-1	0	0	0	22	0	-1	0	4	-1	-1	-1	0
c14577	-1	0	0	0	0	0	48	47	-1	9	0	40	0	-1	0	10	0	0	0	-1	-1	0	0	40	0	-1	-1	5	0	0
c14590	34	0	0	0	-1	0	48	47	0	9	0	0	0	0	33	0	-1	-1	0	-1	0	-1	-1	40	0	26	-1	5	-1	0
c14592	18	0	-1	0	0	-1	48	-1	0	0	-1	-1	0	-1	26	0	0	0	47	0	0	0	40	22	0	0	0	-1	12	22
c14598	-1	12	0	-1	0	0	-1	-1	0	-1	28	0	0	0	37	-1	0	40	0	3	0	0	-1	0	0	-1	42	0	-1	-1
c14600	-1	0	0	-1	0	10	48	-1	0	0	-1	0	0	0	37	0	-1	5	-1	5	-1	0	0	-1	36	0	0	-1	-1	0
c14603	-1	0	1	0	-1	-1	48	47	-1	9	-1	40	0	-1	0	0	0	0	0	-1	-1	0	0	40	0	-1	-1	5	42	0
c14611	0	-1	41	5	-1	5	-1	-1	0	0	0	0	37	0	0	-1	0	12	-1	0	0	0	-1	49	28	0	42	0	-1	0
c14615	0	12	-1	0	0	-1	48	-1	0	0	28	0	0	0	37	-1	0	-1	0	0	-1	0	-1	0	0	0	-1	0	-1	0
c14616	-1	0	5	5	-1	-1	48	-1	15	27	41	37	0	0	0	0	0	5	0	0	26	0	42	-1	36	25	0	-1	-1	42
c14617	-1	0	5	-1	0	-1	48	-1	15	27	41	37	-1	0	0	0	0	5	0	0	26	0	42	0	36	25	0	0	-1	42
c14630	0	12	37	0	0	0	48	-1	0	41	-1	0	0	0	37	0	0	40	0	0	-1	-1	40	-1	0	0	42	-1	-1	-1
c14634	0	12	0	0	0	0	48	-1	22	1	0	10	0	0	41	0	0	27	-1	0	0	0	-1	-1	0	5	38	0	-1	0
c14647	-1	0	0	4	-1	0	48	47	0	9	0	-1	-1	20	-1	0	0	-1	0	37	40	22	0	40	0	0	-1	5	5	15
c14651	34	0	0	-1	0	0	48	47	-1	9	0	44	0	-1	0	0	0	-1	0	0	0	22	0	40	-1	0	-1	-1	5	0
c14655	48	0	-1	0	0	41	48	-1	0	33	5	0	0	0	-1	0	-1	-1	-1	-1	-1	0	-1	10	36	0	0	12	12	0
c14658	34	0	0	37	-1	-1	-1	47	0	-1	4	44	0	5	0	0	0	-1	0	0	0	-1	-1	40	23	0	-1	5	5	0
c14668	-1	36	-1	0	0	-1	48	-1	0	9	35	40	-1	0	-1	0	40	0	22	-1	-1	0	0	40	0	-1	-1	5	0	0
c14669	-1	-1	-1	0	0	-1	48	47	0	9	-1	-1	0	0	0	0	40	0	22	-1	-1	0	0	40	0	-1	-1	5	0	0
c14677	48	0	-1	0	0	0	48	-1	-1	-1	0	-1	0	-1	0	0	0	-1	0	0	0	3	9	0	36	0	-1	0	12	10
c14682	0	12	0	0	48	-1	48	-1	0	-1	0	0	0	0	41	0	0	0	0	-1	0	0	40	0	0	-1	0	-1	-1	37
c14690	-1	-1	15	0	0	0	48	47	0	9	-1	40	42	0	-1	0	0	0	0	-1	-1	0	0	-1	-1	-1	-1	-1	-1	38
c14695	-1	0	0	4	0	0	-1	47	0	9	-1	40	0	0	23	0	0	0	-1	-1	-1	0	0	40	28	-1	-1	5	0	30
c14696	34	0	0	0	-1	0	-1	47	-1	9	48	0	0	0	0	-1	0	-1	0	0	37	22	0	-1	-1	0	-1	5	5	-1
c14701	48	0	-1	0	0	0	48	-1	-1	0	0	48	-1	-1	0	0	-1	5	0	0	10	0	9	43	36	38	0	0	12	10
c14716	34	0	22	48	41	-1	48	-1	-1	9	0	0	-1	42	0	4	43	-1	0	49	-1	22	0	40	-1	0	-1	5	-1	0
c14717	34	0	22	48	41	-1	48	47	-1	9	0	0	0	42	0	-1	43	-1	0	49	0	22	0	-1	-1	0	-1	5	5	0
c14721	-1	-1	0	-1	0	-1	48	47	0	9	23	40	-1	22	20	-1	-1	-1	0	-1	-1	0	-1	40	28	-1	-1	5	-1	30
c14724	48	0	0	23	0	0	48	-1	0	33	15	-1	0	0	50	23	42	5	-1	8	48	3	48	10	36	33	0	0	12	-1
c14732	0	-1	-1	0	0	23	-1	-1	0	0	0	0	0	46	26	0	0	0	-1	0	42	0	-1	22	47	-1	0	0	-1	0
c14735	-1	0	23	33	0	0	-1	47	0	9	50	0	0	-1	-1	0	-1	-1	5	0	0	22	-1	40	0	26	-1	5	5	0
c14737	-1	-1	0	-1	-1	0	48	47	-1	9	-1	-1	30	0	0	0	-1	-1	47	0	0	22	-1	40	0	26	-1	5	5	0
c14738	-1	-1	23	4	-1	0	48	-1	0	9	-1	40	-1	0	0	0	0	0	0	-1	-1	0	0	40	28	-1	-1	5	0	30
c14747	-1	0	22	25	0	0	48	-1	-1	-1	41	0	0	-1	0	0	0	5	50	0	26	-1	-1	0	-1	25	0	0	-1	0
c14748	48	48	0	48	0	-1	48	-1	0	33	0	9	27	-1	1	0	15	5	22	0	2	5	0	10	36	0	0	42	12	0
c14749	48	48	0	48	0	-1	48	-1	0	33	0	9	27	0	-1	0	15	5	22	0	2	5	0	10	36	0	0	42	12	0
c14751	0	12	-1	0	0	0	48	-1	0	0	28	0	0	-1	37	0	-1	-1	15	-1	-1	0	40	0	0	0	42	0	-1	4
c14756	34	0	-1	-1	-1	0	48	-1	9	9	0	44	0	15	-1	-1	0	-1	0	0	0	22	4	-1	0	4	-1	5	5	0
c14772	-1	-1	0	35	-1	-1	48	-1	0	0	11	38	0	0	0	0	0	-1	37	0	0	37	40	0	0	12	5	0	-1	11
c14780	-1	12	5	-1	0	40	48	-1	15	-1	41	41	0	0	0	0	0	5	0	0	26	0	-1	-1	36	25	0	0	-1	42
c14782	48	0	0	0	0	0	-1	-1	0	33	0	0	0	0	-1	11	0	5	0	-1	0	0	0	-1	36	0	0	12	12	0
c14791	0	12	-1	0	0	0	-1	-1	0	0	5	0	37	0	48	41	0	-1	0	0	0	0	40	0	0	-1	0	0	-1	0
c14792	48	0	22	27	0	0	48	-1	0	0	0	-1	-1	0	27	0	0	5	-1	0	26	0	42	0	36	-1	-1	0	-1	12
c14795	-1	12	0	0	0	0	-1	-1	10	0	0	0	0	0	41	-1	0	-1	-1	0	-1	0	40	0	0	-1	-1	0	-1	0
c14799	-1	0	-1	0	-1	-1	48	47	0	9	-1	40	0	0	-1	-1	0	-1	49	-1	-1	0	0	40	0	-1	-1	5	42	-1
c14810	48	0	0	-1	0	-1	48	-1	0	0	-1	0	22	0	0	0	-1	5	-1	0	0	0	-1	0	36	5	0	0	12	10
c14812	0	0	-1	0	0	-1	48	-1	22	0	0	3	0	46	-1	4	0	0	0	0	-1	-1	40	-1	47	0	0	0	-1	48
c14813	-1	0	-1	0	-1	-1	48	-1	22	0	0	3	-1	46	-1	4	0	0	0	-1	0	0	40	22	47	0	-1	0	-1	48
c14817	0	-1	-1	0	-1	30	48	-1	0	0	0	-1	0	-1	26	0	0	0	0	5	0	0	40	22	47	0	-1	-1	-1	4
c14848	-1	-1	-1	0	0	0	48	-1	0	0	0	-1	22	-1	0	0	-1	-1	-1	0	0	0	9	-1	-1	5	0	0	-1	10
c14857	-1	12	0	-1	0	0	-1	-1	0	0	0	0	37	15	0	0	0	0	0	-1	-1	-1	40	0	-1	0	0	0	-1	0
c14870	34	-1	-1	0	3	0	48	47	-1	9	48	0	48	0	0	-1	0	-1	0	0	0	22	20	40	-1	0	-1	5	-1	-1
c14885	5	12	0	0	0	0	48	-1	0	-1	10	0	0	0	-1	1	0	-1	22	4	-1	0	40	48	0	-1	-1	0	-1	-1
c14900	-1	0	0	4	0	-1	-1	47	37	9	5	-1	0	22	0	0	-1	-1	-1	-1	-1	0	0	40	28	-1	-1	5	0	30
c14901	-1	0	0	4	0	0	48	47	37	9	5	40	0	22	0	0	0	-1	0	-1	-1	0	0	40	-1	-1	-1	5	0	30
c14909	-1	-1	0	37	-1	0	-1	47	-1	9	4	-1	0	5	0	0	0	-1	0	0	0	22	0	40	23	0	-1	5	5	0
c14911	-1	12	0	0	0	-1	48	-1	0	0	0	0	0	0	48	0	-1	0	0	22	0	0	40	23	-1	0	0	0	-1	0
c14913	-1	0	0	0	0	-1	48	47	0	9	0	40	-1	0	0	-1	0	0	0	-1	-1	0	0	40	-1	-1	-1	5	-1	0
c14920	34	0	23	-1	0	0	48	47	0	-1	48	0	0	-1	42	-1	-1	-1	0	0	0	22	22	40	0	4	-1	5	5	0
c14925	2	-1	0	-1	50	0	48	-1	0	37	28	-1	0	-1	37	0	0	40	0	0	0	0	-1	-1	0	0	42	0	-1	0
c14945	-1	0	0	50	0	0	-1	47	0	9	2	40	-1	0	0	0	0	10	0	-1	-1	0	-1	40	0	-1	-1	-1	0	23
c14962	-1	12	-1	35	-1	-1	48	-1	0	-1	11	-1	0	0	-1	0	10	0	37	0	0	0	40	0	50	0	-1	0	-1	0
c14965	34	0	0	0	23	0	48	-1	41	9	-1	44	0	48	0	0	-1	-1	0	0	0	22	0	-1	-1	0	-1	5	5	0
c14968	-1	0	48	-1	0	0	48	-1	0	-1	-1	0	0	0	0	0	12	-1	0	-1	0	10	-1	10	-1	0	0	0	12	-1
c14982	0	-1	2	0	40	0	-1	-1	0	-1	0	0	0	0	37	-1	-1	40	0	15	0	0	-1	0	10	27	42	0	-1	0
c14991	0	12	0	0	0	15	48	-1	0	-1	28	0	0	-1	-1	0	-1	40	0	0	-1	0	40	0	0	0	42	0	-1	0
c14996	-1	-1	0	-1	3	0	48	-1	-1	9	48	-1	-1	0	-1	0	0	-1	0	0	3	22	0	40	-1	0	-1	5	5	47
c14997	34	0	0	-1	3	0	48	-1	-1	9	48	0	4	0	36	0	0	-1	0	0	-1	22	-1	40	-1	-1	-1	5	5	47
c15014	34	0	0	0	3	-1	48	-1	-1	9	48	48	4	0	36	0	0	-1	0	0	-1	22	-1	40	-1	0	-1	-1	5	47
c15015	34	0	0	0	3	-1	48	-1	-1	9	48	48	4	0	36	0	-1	-1	0	0	-1	22	0	40	-1	0	-1	-1	5	47
c15020	-1	-1	-1	0	42	0	48	47	0	9	0	40	0	-1	0	0	40	0	22	-1	-1	0	0	40	0	-1	-1	5	0	15
c15023	48	0	-1	5	0	40	48	-1	0	20	-1	0	0	0	0	-1	0	5	0	-1	26	0	42	0	36	25	-1	0	-1	-1
c15024	0	12	-1	0	26	0	48	-1	0	-1	0	0	0	0	37	20	0	-1	0	0	0	-1	40	0	37	27	42	0	-1	0
c15032	48	0	-1	0	6	42	-1	-1	-1	33	0	43	0	0	0	0	0	5	0	0	-1	0	0	10	36	0	0	0	12	0
c15053	48	37	48	-1	0	0	48	-1	0	33	-1	0	0	0	0	0	0	5	0	0	0	0	0	10	-1	0	0	-1	12	0
c15102	-1	12	0	41	-1	-1	-1	-1	-1	-1	0	28	0	0	37	0	0	40	5	0	0	-1	40	0	8	27	42	41	-1	0
c15111	-1	12	0	35	-1	0	48	-1	0	0	0	0	5	1	-1	-1	0	0	-1	-1	0	-1	-1	-1	0	0	0	-1	-1	0
c15130	34	0	0	-1	0	0	-1	47	5	-1	3	44	0	0	0	-1	0	-1	0	5	0	-1	0	40	0	0	-1	-1	-1	0
c15131	34	0	0	-1	-1	0	48	-1	5	9	3	-1	0	0	0	0	0	-1	0	-1	0	-1	0	40	0	-1	-1	-1	5	0
c15139	0	12	0	0	0	0	48	-1	0	0	0	36	0	0	-1	1	-1	0	0	4	-1	-1	40	0	0	0	42	-1	-1	0
c15148	48	0	22	-1	15	-1	48	-1	0	0	0	0	0	0	0	-1	12	5	-1	0	26	-1	42	0	36	25	-1	0	-1	0
c15154	34	0	9	0	3	0	-1	47	-1	9	-1	41	-1	0	0	2	0	-1	0	-1	0	-1	0	40	-1	37	-1	5	5	0
c15155	34	0	9	0	3	0	-1	47	-1	9	48	41	-1	0	0	2	0	-1	0	0	0	22	0	40	-1	-1	-1	-1	5	0
c15162	48	-1	0	0	0	0	48	-1	-1	0	0	-1	22	44	0	0	-1	5	0	0	0	0	9	0	36	5	-1	0	12	10
c15168	34	0	0	-1	3	-1	48	47	0	9	-1	27	0	0	48	0	-1	-1	0	-1	0	22	-1	40	-1	-1	-1	5	5	-1
c15177	12	12	0	-1	-1	0	-1	-1	0	0	0	0	-1	0	-1	36	0	20	-1	0	0	-1	40	23	0	0	0	0	-1	-1
c15178	-1	0	0	0	0	0	48	47	-1	-1	0	10	0	0	-1	0	0	-1	-1	0	0	22	-1	40	10	0	-1	5	5	0
c15187	0	12	0	35	0	0	48	-1	-1	0	0	0	37	15	0	-1	0	-1	0	47	-1	-1	40	-1	-1	0	0	0	-1	0
c15193	0	12	0	0	48	0	-1	-1	-1	0	0	0	-1	0	41	0	0	0	0	0	0	0	40	0	0	-1	-1	0	-1	37
c15195	48	0	0	0	0	-1	48	-1	0	0	0	0	0	0	0	40	0	5	0	0	0	-1	9	0	36	0	-1	0	12	10
c15198	12	12	0	0	0	0	48	-1	0	-1	0	0	0	0	48	36	-1	20	0	0	0	0	-1	23	0	0	0	0	-1	-1
c15199	12	12	-1	0	0	-1	48	-1	0	0	0	0	0	0	48	36	0	20	0	-1	0	0	40	23	0	0	0	0	-1	0
c15207	0	12	41	-1	0	0	48	-1	0	0	28	0	0	40	37	0	0	40	0	0	0	0	40	0	22	0	42	0	-1	11
c15210	48	0	0	9	0	0	48	-1	0	33	0	-1	16	-1	0	0	15	5	48	0	0	5	0	10	-1	0	0	-1	12	-1
c15222	-1	0	0	0	0	0	48	47	0	-1	0	-1	0	0	0	10	0	0	0	-1	-1	0	0	40	-1	-1	-1	-1	0	0
c15227	0	12	37	0	0	0	48	-1	0	-1	28	0	0	0	37	0	0	-1	-1	0	0	0	-1	-1	0	-1	42	-1	-1	-1
c15238	34	0	0	-1	0	-1	48	47	0	-1	48	48	34	-1	42	0	0	-1	0	0	0	-1	0	40	0	4	-1	5	5	-1
c15242	-1	12	0	35	-1	-1	48	-1	0	0	-1	38	-1	0	0	0	0	0	37	0	0	23	40	10	-1	-1	-1	0	-1	0
c15259	34	0	0	0	3	0	48	-1	-1	9	48	0	41	0	0	-1	0	-1	36	4	0	22	0	-1	-1	0	-1	5	5	-1
c15263	-1	12	0	35	-1	0	48	-1	0	0	-1	-1	0	-1	0	0	41	5	37	0	0	0	40	37	-1	0	5	0	-1	1
c15273	34	0	0	0	-1	0	48	47	0	9	0	-1	0	0	40	0	0	-1	-1	-1	-1	22	-1	40	10	48	-1	5	5	0
c15278	0	-1	0	0	0	0	48	-1	23	37	0	0	41	-1	41	0	0	0	48	1	0	0	40	0	0	0	-1	0	-1	36
c15284	-1	12	0	35	-1	1	-1	-1	0	0	0	0	5	-1	0	0	0	-1	0	0	0	0	40	0	0	0	-1	0	-1	0
c15290	0	-1	2	48	0	0	48	-1	0	4	-1	-1	0	0	37	0	0	40	-1	0	0	0	40	0	0	27	42	0	-1	0
c15301	0	12	0	0	-1	-1	48	-1	0	0	0	0	0	0	41	-1	0	0	48	0	-1	0	40	10	0	0	-1	0	-1	0
c15314	0	12	0	-1	50	5	48	-1	0	0	0	0	22	0	0	3	0	0	0	0	-1	5	40	0	1	0	42	-1	-1	0
c15352	34	0	0	-1	26	0	48	47	-1	9	0	5	0	0	40	0	0	-1	-1	0	0	22	-1	40	-1	0	-1	5	5	0
c15355	34	0	23	-1	0	-1	48	47	0	-1	48	-1	-1	-1	42	-1	0	-1	0	-1	0	22	0	40	48	4	-1	5	5	0
c15359	34	0	0	0	-1	0	48	-1	0	9	5	0	-1	0	-1	-1	-1	-1	10	-1	-1	22	-1	-1	0	-1	-1	5	-1	0
c15360	-1	12	0	-1	-1	-1	48	-1	3	0	-1	38	-1	0	0	0	0	-1	37	-1	22	-1	40	-1	0	0	-1	0	-1	0
c15363	48	0	0	29	0	0	48	-1	0	0	0	0	0	-1	-1	40	0	5	0	-1	0	0	9	0	36	-1	0	0	12	10
c15364	0	-1	-1	0	40	0	48	-1	-1	0	0	3	0	46	26	0	0	0	0	-1	46	-1	40	22	47	0	36	22	-1	48
c15370	0	12	2	0	-1	0	48	-1	0	0	40	0	-1	8	-1	-1	-1	40	-1	0	11	0	40	0	0	27	42	0	-1	0
c15374	34	0	0	-1	0	0	48	47	0	9	0	44	-1	-1	0	0	0	-1	0	0	0	22	0	-1	23	-1	-1	5	-1	0
c15396	-1	12	0	35	-1	-1	48	-1	0	-1	11	38	0	0	0	0	0	0	37	0	0	-1	40	10	0	0	5	0	-1	0
c15399	34	26	22	0	-1	0	48	47	0	9	-1	0	33	0	12	0	0	-1	0	0	0	22	3	40	0	0	-1	5	5	0
c15400	34	-1	0	-1	0	0	48	47	0	9	-1	0	0	-1	42	-1	10	-1	0	0	0	-1	0	-1	-1	-1	-1	-1	5	-1
c15415	-1	0	-1	0	-1	3	48	-1	0	-1	0	0	-1	46	26	0	-1	0	47	0	0	3	40	22	0	-1	0	-1	-1	0
c15419	34	0	5	-1	-1	-1	48	47	-1	9	-1	44	-1	0	0	0	0	-1	-1	23	0	22	0	40	23	-1	-1	-1	5	-1
c15426	0	12	0	35	-1	0	48	-1	0	0	-1	37	0	0	-1	0	0	0	0	47	0	0	40	0	0	0	-1	0	-1	-1
c15454	34	-1	23	-1	0	0	48	47	-1	9	-1	0	-1	-1	-1	-1	0	-1	0	0	0	-1	0	40	-1	-1	-1	5	5	-1
c15466	34	0	23	-1	0	0	-1	-1	-1	9	48	0	-1	-1	-1	-1	0	-1	0	0	0	22	0	40	0	4	-1	5	5	-1
c15472	-1	12	-1	0	26	-1	48	-1	0	-1	0	-1	3	0	-1	20	41	40	0	0	-1	3	40	0	37	-1	42	-1	-1	0
c15480	0	-1	0	-1	0	0	48	-1	0	0	-1	0	-1	0	0	1	47	0	49	4	0	0	-1	48	0	0	42	0	-1	0
c15487	34	9	0	0	3	0	48	47	-1	9	48	0	0	0	-1	0	0	-1	0	4	0	-1	0	40	-1	0	-1	5	-1	-1
c15488	0	12	-1	-1	0	42	48	-1	37	0	0	0	-1	0	48	0	-1	0	-1	0	0	-1	-1	23	0	22	0	0	-1	0
c15493	-1	0	-1	0	0	0	48	47	-1	9	-1	40	0	0	0	0	-1	0	0	-1	-1	0	0	40	22	-1	-1	5	-1	-1
c15541	-1	-1	-1	10	0	0	48	47	0	9	0	40	0	-1	0	0	0	-1	0	-1	-1	0	-1	40	0	-1	-1	5	42	0
c15562	-1	0	0	0	0	0	48	47	0	9	-1	40	2	10	0	0	0	0	0	-1	-1	0	0	40	0	-1	-1	-1	0	0
c15566	-1	0	-1	0	0	30	48	-1	0	-1	0	3	0	46	26	0	4	0	22	0	0	0	-1	22	47	0	0	0	-1	0
c15567	0	0	-1	0	0	30	48	-1	0	-1	0	-1	0	-1	26	0	4	0	22	0	0	0	40	22	-1	-1	0	0	-1	-1
c15570	48	0	0	0	0	-1	-1	-1	0	33	0	-1	0	0	41	0	0	5	43	0	-1	0	0	10	36	0	0	0	12	0
c15584	-1	12	-1	0	26	0	48	-1	0	0	0	0	-1	-1	37	20	41	40	41	-1	0	0	40	0	37	27	42	0	-1	0
c15593	-1	0	0	-1	0	-1	48	-1	0	9	48	0	0	-1	42	-1	-1	-1	0	-1	-1	22	0	40	0	-1	-1	5	5	0
c15595	0	42	-1	0	-1	-1	-1	-1	0	0	49	-1	0	-1	26	0	41	-1	-1	30	0	0	40	22	-1	0	0	0	12	-1
c15596	34	0	0	47	0	-1	-1	47	42	9	0	44	-1	0	0	0	0	-1	10	23	0	22	0	40	0	0	-1	5	5	-1
c15599	0	0	-1	4	0	0	48	-1	0	0	-1	3	0	-1	-1	0	0	0	0	0	0	0	40	22	47	-1	-1	-1	-1	0
c15609	-1	-1	-1	-1	-1	-1	48	-1	0	0	11	38	-1	0	0	0	0	0	37	0	0	5	-1	0	0	0	-1	-1	-1	22
c15622	48	0	0	0	0	0	-1	-1	-1	-1	0	5	-1	0	0	0	0	-1	0	0	-1	0	9	43	36	0	-1	0	-1	10
c15625	-1	12	0	38	0	-1	48	-1	0	0	37	0	0	2	41	0	23	10	0	37	49	0	-1	-1	0	42	-1	-1	-1	-1
c15627	-1	12	-1	35	-1	0	-1	-1	0	-1	0	47	0	0	0	0	0	41	37	23	0	40	40	0	-1	0	-1	0	-1	-1
c15632	0	12	0	0	1	-1	48	-1	0	-1	0	0	10	0	0	1	47	4	0	-1	0	0	40	-1	0	0	-1	40	-1	-1
c15637	34	0	-1	-1	3	0	48	47	-1	9	48	-1	4	0	36	0	0	-1	0	0	3	22	0	40	-1	0	-1	5	5	47
c15696	0	12	0	22	0	0	48	-1	0	41	28	0	0	0	37	0	0	-1	0	0	0	0	40	0	0	26	-1	-1	-1	-1
c15704	-1	12	0	35	-1	-1	48	-1	0	0	-1	38	0	0	0	0	-1	0	37	41	-1	5	40	10	0	0	5	0	-1	0
c15739	-1	12	0	35	-1	-1	48	-1	0	-1	-1	38	0	0	0	0	0	0	37	5	0	0	-1	0	0	0	5	-1	-1	0
c15748	-1	0	0	-1	0	0	48	47	-1	9	0	44	0	0	0	0	0	-1	0	0	-1	22	0	40	-1	0	-1	5	5	-1
c15754	48	0	9	0	0	35	48	-1	0	-1	0	-1	0	22	-1	5	0	-1	43	0	0	-1	0	-1	36	1	0	0	12	0
c15755	48	0	-1	0	0	35	48	-1	0	33	0	-1	-1	22	-1	5	-1	-1	43	0	0	-1	0	10	36	-1	0	0	12	0
c15759	48	-1	22	27	0	0	-1	-1	0	0	0	0	46	27	27	0	0	5	-1	0	26	0	42	0	36	25	-1	0	-1	12
c15767	48	0	0	0	26	10	48	-1	0	-1	-1	0	0	0	37	-1	41	5	0	5	42	0	0	0	36	0	0	0	-1	0
c15776	-1	12	0	35	-1	0	48	-1	0	0	0	0	0	0	-1	0	0	0	37	0	10	2	40	0	-1	0	5	-1	-1	1
c15779	0	-1	0	33	0	0	48	-1	-1	0	10	0	0	0	-1	1	0	0	0	4	0	-1	40	48	10	0	42	23	-1	-1
c15788	48	12	0	-1	0	0	-1	-1	0	0	0	0	0	0	48	0	0	22	0	-1	-1	-1	40	0	0	-1	0	0	-1	-1
c15811	-1	12	22	0	0	-1	48	-1	0	-1	0	36	0	0	0	1	-1	-1	0	-1	41	0	40	-1	-1	0	-1	-1	-1	0
c15823	48	0	48	0	0	0	48	-1	-1	33	0	-1	0	-1	-1	-1	0	5	0	-1	-1	-1	48	10	36	0	-1	0	-1	-1
c15832	34	0	0	0	0	0	48	47	0	9	0	44	0	-1	0	0	0	-1	0	9	0	22	4	40	-1	4	-1	5	-1	0
c15837	48	0	0	9	-1	0	48	-1	0	33	0	0	16	-1	0	0	15	5	0	0	0	5	0	10	36	0	0	40	12	-1
c15858	12	-1	0	0	0	0	48	-1	0	0	0	0	0	0	48	36	0	20	0	0	0	0	40	23	0	0	0	0	-1	0
c15859	12	12	-1	-1	-1	0	-1	-1	0	-1	0	0	0	0	48	36	0	20	0	0	-1	0	40	23	-1	0	0	0	-1	0
c15861	-1	0	-1	0	0	0	48	-1	0	-1	0	0	-1	46	26	-1	-1	0	47	0	-1	3	40	-1	0	42	0	0	12	0
c15862	34	0	-1	0	3	0	48	47	-1	-1	48	0	0	0	3	-1	37	-1	0	0	0	22	0	40	-1	0	-1	-1	5	47
c15874	-1	12	5	0	0	-1	48	-1	0	37	28	0	5	33	37	0	0	40	0	0	0	-1	-1	0	0	-1	42	0	-1	26
c15886	-1	12	-1	35	-1	0	-1	-1	0	0	-1	-1	-1	0	0	-1	41	0	37	-1	-1	0	40	0	-1	0	5	-1	-1	1
c15899	0	-1	-1	0	0	-1	48	-1	0	0	-1	0	0	46	-1	36	-1	-1	0	0	48	0	-1	22	0	23	0	0	12	37
c15903	34	0	20	14	0	-1	48	-1	0	9	-1	44	0	0	0	-1	-1	-1	0	0	-1	22	0	40	48	-1	-1	5	5	10
c15908	0	-1	0	0	0	0	-1	-1	0	0	0	0	0	46	37	0	48	-1	5	23	0	50	40	0	0	27	-1	-1	-1	-1
c15919	48	48	0	-1	0	-1	48	-1	-1	33	0	0	27	0	0	0	15	5	-1	6	0	5	-1	10	36	3	0	-1	12	-1
c15921	34	0	0	0	0	0	-1	47	0	-1	4	44	0	0	8	0	0	-1	0	0	0	22	0	40	-1	-1	-1	5	5	-1
