	0	1	2	3	4	5	6	7	8	9	10	11	12	13	14	15	16	17	18	19	20	21	22	23	24	25	26	27	28	29
c619	0	8	0	12	33	4	0	-1	-1	1	0	0	0	4	-1	0	3	0	0	0	-1	0	-1	1	-1	24	-1	-1	0	0
c1320	0	10	11	0	-1	11	0	11	2	0	43	25	0	39	2	24	3	-1	-1	10	47	-1	39	-1	-1	9	34	-1	0	9
c1486	2	0	-1	0	-1	14	0	11	0	0	43	-1	0	0	-1	-1	3	0	0	10	-1	-1	-1	0	39	9	0	9	0	9
c1497	0	0	0	0	-1	0	0	11	0	-1	11	9	-1	0	-1	23	3	36	0	49	-1	0	41	-1	39	0	0	-1	0	27
c1764	11	0	11	0	29	-1	0	11	0	0	43	-1	0	0	2	24	3	0	0	-1	0	0	0	21	39	-1	0	-1	0	9
c2323	26	11	4	0	-1	0	-1	-1	-1	-1	0	0	0	0	-1	-1	3	0	-1	0	0	-1	39	-1	39	0	0	-1	39	27
c2378	0	0	11	-1	14	0	42	11	0	27	0	0	-1	0	-1	47	3	0	0	-1	1	-1	0	0	-1	3	2	0	0	36
c2471	0	0	36	0	2	29	0	11	0	-1	0	0	0	0	0	23	3	0	-1	0	0	-1	18	4	39	-1	-1	0	-1	-1
c2590	-1	11	1	0	-1	0	0	11	0	-1	-1	0	0	48	0	-1	3	0	0	42	-1	0	0	4	39	11	15	33	0	-1
c2710	0	10	11	0	-1	0	0	-1	2	0	43	25	39	-1	2	24	3	0	0	10	0	-1	-1	-1	-1	9	-1	39	0	-1
c2752	-1	8	0	0	0	-1	0	11	0	1	0	0	4	4	39	-1	3	-1	0	0	0	-1	42	21	39	24	0	0	0	0
c2864	1	0	-1	-1	4	14	39	11	0	0	43	0	0	49	2	24	3	-1	-1	10	39	-1	-1	0	-1	9	0	0	0	9
c2884	2	0	0	0	2	0	0	11	0	-1	0	0	-1	35	21	-1	3	0	-1	-1	-1	33	0	4	39	0	0	-1	39	-1
c3053	-1	0	11	-1	29	0	0	11	0	-1	43	0	0	0	2	24	3	39	0	10	-1	-1	0	21	39	0	0	0	-1	9
c3105	0	19	-1	25	-1	39	39	11	-1	-1	0	0	0	0	-1	-1	3	0	0	-1	0	0	0	-1	39	36	0	0	37	0
c3115	0	0	0	0	2	0	0	-1	0	-1	0	0	-1	-1	0	-1	3	-1	-1	0	-1	-1	0	-1	39	12	45	0	0	27
c3122	0	0	-1	-1	12	0	42	11	0	0	0	0	-1	0	0	0	3	-1	0	10	-1	0	0	0	-1	0	0	0	0	11
c3127	42	0	11	-1	-1	33	0	11	-1	48	43	0	0	0	2	-1	3	0	0	10	0	0	0	0	39	15	0	-1	0	9
c3175	0	0	0	0	2	14	-1	11	0	-1	0	-1	-1	0	-1	23	3	0	0	37	-1	33	0	4	39	26	0	0	39	27
c3223	0	11	0	-1	2	-1	26	11	26	-1	0	0	0	0	0	-1	3	29	0	32	0	19	0	4	39	0	0	0	4	27
c3240	0	10	11	-1	-1	0	0	-1	2	0	43	25	39	-1	2	24	3	-1	0	-1	24	-1	39	-1	39	-1	-1	39	-1	9
c3260	25	0	0	-1	2	0	29	11	0	-1	-1	0	0	-1	0	23	3	0	9	0	10	-1	0	4	39	12	30	0	0	27
c3325	0	0	11	0	-1	0	0	11	0	0	43	0	0	0	-1	24	3	0	0	10	0	-1	0	40	39	-1	0	-1	0	9
c3370	0	0	-1	25	2	39	39	11	0	-1	-1	0	41	0	0	-1	3	0	0	4	-1	0	0	4	39	-1	37	0	37	11
c3394	-1	0	11	0	0	0	42	-1	0	0	0	-1	0	19	0	0	3	0	8	-1	0	-1	0	-1	-1	-1	0	0	0	0
c3465	-1	11	-1	25	-1	39	39	11	0	-1	0	-1	0	0	0	-1	3	0	0	0	-1	0	0	4	39	-1	0	0	37	1
c3574	-1	0	0	0	2	0	0	-1	0	-1	0	49	0	0	-1	23	3	0	0	0	29	0	-1	4	39	25	0	33	0	27
c3643	33	10	11	-1	-1	0	0	11	2	-1	43	-1	0	0	-1	-1	-1	0	-1	10	0	-1	-1	-1	39	9	0	39	12	-1
c3670	-1	-1	-1	25	2	39	-1	-1	0	-1	0	-1	41	0	0	0	-1	8	0	48	10	0	0	4	-1	-1	-1	1	37	0
c3672	0	0	1	13	2	-1	0	-1	0	-1	-1	-1	-1	48	0	23	3	0	2	42	0	0	-1	4	39	0	11	33	-1	-1
c3748	0	0	-1	25	2	39	-1	11	0	-1	0	0	0	0	48	0	3	-1	0	-1	48	4	11	-1	39	-1	42	-1	-1	0
c3767	48	0	0	47	2	0	0	11	8	-1	-1	0	0	0	24	-1	3	2	0	-1	0	0	-1	4	-1	0	0	33	0	27
c3783	12	0	-1	-1	2	39	39	11	-1	-1	0	-1	0	50	0	0	3	0	0	0	-1	0	-1	4	-1	0	0	42	-1	0
c3889	0	0	0	0	2	9	0	11	0	-1	-1	-1	-1	-1	0	23	3	-1	9	0	10	0	-1	4	39	12	30	0	0	27
c3952	0	0	-1	25	2	39	39	11	19	-1	-1	-1	0	0	37	0	3	0	0	-1	0	-1	0	-1	39	29	0	0	37	0
c3992	36	0	33	0	2	0	0	11	0	-1	48	0	0	0	0	23	-1	0	0	-1	0	0	13	4	-1	0	0	-1	29	27
c4118	33	0	11	0	3	9	-1	-1	-1	0	0	0	0	0	0	0	-1	0	45	-1	0	26	-1	0	39	0	0	29	-1	19
c4170	0	0	0	0	2	0	0	11	0	-1	-1	9	0	-1	-1	23	3	0	0	49	0	0	-1	-1	39	0	0	0	0	27
c4252	11	0	11	0	0	0	0	11	0	0	-1	47	25	0	2	24	3	-1	0	-1	0	0	0	-1	39	0	-1	0	0	9
c4332	-1	29	29	0	2	0	0	11	0	-1	0	0	-1	0	0	23	3	0	9	0	10	0	0	4	39	-1	45	-1	0	27
c4494	0	0	-1	-1	2	39	39	11	12	-1	-1	-1	0	-1	10	-1	-1	0	0	15	0	-1	-1	4	-1	0	0	0	37	0
c4553	0	-1	-1	-1	2	-1	39	11	0	-1	0	-1	41	0	0	0	3	0	0	4	0	0	0	4	-1	0	37	0	37	-1
c4560	0	0	11	-1	0	4	0	11	0	0	43	0	0	-1	-1	24	-1	-1	0	-1	0	-1	-1	0	39	9	-1	0	50	9
c4736	-1	-1	0	0	2	0	0	-1	0	-1	-1	-1	0	-1	39	23	-1	0	26	-1	-1	-1	0	4	39	0	48	37	0	-1
c4877	9	8	0	41	33	0	0	11	0	1	0	0	0	4	0	-1	-1	2	0	4	9	0	42	0	39	24	48	0	0	0
c4914	39	0	0	0	2	0	0	11	-1	-1	0	0	0	-1	36	23	3	0	0	0	0	0	0	4	39	12	0	0	11	27
c5083	0	0	0	-1	2	-1	0	11	26	-1	0	-1	0	0	0	-1	3	29	0	-1	0	0	-1	4	-1	35	0	0	0	27
c5098	0	0	0	0	2	0	0	11	0	-1	0	-1	0	0	-1	23	3	0	0	49	11	-1	0	4	39	-1	0	-1	-1	-1
c5113	27	-1	-1	25	-1	39	39	-1	0	-1	0	-1	0	0	0	1	3	0	29	-1	-1	-1	0	4	39	0	0	0	37	-1
c5131	11	-1	-1	0	-1	-1	0	11	0	0	43	47	0	0	2	24	3	0	36	10	-1	0	0	21	-1	-1	-1	0	-1	9
c5201	0	0	0	0	2	0	0	11	0	-1	0	9	0	0	0	23	3	25	0	0	0	0	0	-1	-1	0	-1	11	0	27
c5238	0	0	-1	25	2	39	39	11	-1	-1	26	33	-1	0	8	0	3	10	0	0	-1	-1	-1	4	39	-1	15	0	37	0
c5249	0	0	0	0	2	-1	36	11	0	-1	0	0	-1	3	-1	23	3	-1	45	0	0	-1	14	4	39	0	-1	10	39	27
c5254	0	-1	11	0	3	0	0	-1	4	0	0	0	0	0	27	0	3	0	45	10	0	-1	-1	0	39	0	0	29	0	19
c5282	-1	0	-1	-1	2	39	39	11	0	-1	0	0	0	42	10	0	3	0	-1	15	0	0	-1	4	-1	0	0	0	37	0
c5294	0	0	0	0	2	0	0	11	-1	-1	0	-1	0	0	0	23	3	29	0	32	0	0	-1	4	39	0	0	29	0	-1
c5330	0	-1	-1	25	2	39	39	11	0	-1	0	-1	0	0	0	0	3	0	0	0	0	0	0	4	39	0	26	-1	37	-1
c5378	0	-1	11	0	3	0	0	11	4	0	0	2	24	0	0	9	3	-1	45	10	0	-1	-1	0	39	0	0	29	0	19
c5406	9	0	-1	27	-1	0	18	11	0	-1	0	0	0	2	0	-1	3	0	9	-1	10	0	0	-1	39	12	0	2	0	27
c5423	0	47	-1	-1	2	0	0	11	13	-1	0	0	-1	-1	-1	23	3	0	0	0	-1	33	0	4	39	-1	0	0	-1	27
c5454	-1	-1	14	0	2	-1	-1	-1	0	-1	-1	11	0	-1	0	-1	3	47	9	0	10	0	0	4	39	12	45	0	0	27
c5497	11	0	-1	0	-1	-1	0	11	-1	0	-1	47	0	0	2	24	-1	0	0	10	0	0	0	21	39	0	0	-1	0	9
c5502	11	0	11	33	0	0	-1	11	0	-1	43	0	0	0	2	24	3	0	0	10	0	0	0	21	39	0	47	0	0	9
c5544	0	8	0	0	33	27	0	11	0	1	0	-1	0	4	-1	0	-1	0	0	0	-1	25	42	0	39	-1	0	0	0	0
c5604	46	13	1	0	2	0	0	11	0	-1	0	0	33	0	0	23	3	-1	39	-1	0	-1	0	-1	39	0	0	33	0	27
c5660	0	0	-1	0	0	0	-1	11	0	0	-1	-1	0	0	0	-1	3	0	11	10	0	0	0	0	39	-1	-1	0	0	-1
c5684	-1	-1	11	0	0	19	0	11	0	0	43	-1	0	-1	2	24	3	0	0	10	0	0	0	21	39	-1	0	-1	0	9
c5687	-1	28	0	0	-1	-1	0	11	-1	-1	-1	-1	0	0	1	23	-1	0	0	-1	29	0	0	-1	-1	0	0	0	-1	27
c5704	-1	0	-1	25	-1	39	-1	11	0	-1	0	0	41	0	-1	0	-1	-1	-1	0	-1	0	0	4	39	-1	0	0	37	0
c5731	-1	0	11	0	0	0	0	11	33	-1	43	-1	-1	0	2	24	3	-1	0	10	-1	-1	11	-1	39	0	-1	0	0	-1
c5738	0	0	11	0	0	11	-1	11	0	-1	-1	0	0	0	0	0	3	0	0	10	0	0	0	-1	39	19	0	0	0	-1
c5857	0	4	11	0	4	-1	39	11	0	0	43	0	-1	0	-1	24	3	-1	0	10	39	-1	-1	0	-1	9	2	0	0	9
c5859	0	0	0	0	2	0	-1	-1	-1	-1	0	49	5	27	0	23	3	0	-1	49	29	0	-1	-1	39	-1	0	33	0	-1
c5924	27	-1	0	-1	2	0	0	11	0	-1	0	22	-1	0	0	23	-1	0	45	0	0	33	-1	4	39	0	0	0	39	27
c5925	-1	0	0	0	-1	0	0	11	0	-1	4	22	-1	0	0	23	-1	0	45	0	0	33	14	-1	39	0	0	11	-1	27
c5927	0	0	-1	0	2	-1	0	11	0	-1	0	9	36	0	-1	23	3	0	0	0	0	0	-1	4	39	0	0	0	0	-1
c5942	0	-1	-1	0	28	-1	0	11	33	0	43	0	-1	48	2	24	3	0	0	10	29	-1	5	0	39	9	-1	0	35	9
c5958	-1	0	0	35	2	-1	0	-1	0	-1	-1	-1	-1	0	0	23	3	0	1	-1	11	0	0	4	39	0	0	0	-1	-1
c5973	0	0	-1	-1	-1	0	-1	11	0	27	43	0	-1	-1	2	24	3	0	0	10	46	-1	0	0	-1	9	0	39	-1	9
c6055	-1	-1	11	0	0	-1	-1	11	17	0	43	0	0	48	2	24	3	0	0	10	0	-1	5	0	39	9	0	0	49	9
c6105	0	8	32	11	0	0	-1	11	0	1	-1	2	0	4	0	-1	-1	0	0	0	0	0	42	-1	39	24	-1	0	0	48
c6162	0	-1	11	0	0	-1	-1	11	0	0	-1	0	0	48	-1	24	3	0	0	10	0	-1	-1	-1	-1	9	0	0	33	9
c6224	-1	1	-1	-1	2	39	39	11	-1	-1	-1	-1	-1	-1	39	-1	3	0	0	0	0	39	0	4	39	0	-1	-1	37	-1
c6264	0	0	-1	0	2	0	0	11	-1	-1	0	9	48	-1	0	23	3	-1	0	0	0	0	0	4	-1	0	33	-1	27	27
c6313	-1	0	11	0	0	0	0	-1	0	0	43	47	0	0	2	24	3	0	0	-1	-1	0	0	21	39	0	0	35	0	-1
c6370	0	0	-1	25	-1	39	39	11	10	-1	0	0	0	0	-1	0	3	0	0	-1	0	-1	0	4	39	-1	0	26	37	0
c6376	0	0	48	-1	-1	0	0	11	0	-1	0	0	0	-1	0	23	-1	29	9	0	0	0	-1	4	39	0	-1	1	39	-1
c6380	39	0	-1	25	2	-1	-1	11	-1	-1	-1	0	0	13	-1	0	-1	0	0	0	0	9	0	4	39	0	0	0	37	0
c6386	-1	0	-1	25	2	39	-1	-1	11	-1	39	-1	15	42	0	0	-1	0	0	0	0	-1	-1	4	39	0	0	0	37	0
c6406	0	0	-1	0	2	-1	0	11	0	-1	-1	0	0	0	0	23	3	-1	0	0	0	-1	0	4	39	-1	0	0	-1	27
c6418	0	0	11	0	0	0	-1	11	36	-1	43	0	0	0	2	24	3	0	-1	-1	0	-1	-1	0	39	-1	0	39	-1	9
c6442	0	8	0	0	-1	-1	0	11	-1	1	-1	0	0	4	28	0	-1	0	0	-1	0	0	42	0	39	24	0	13	0	0
c6450	0	9	-1	0	0	0	-1	11	0	-1	0	0	-1	0	0	0	3	-1	11	10	0	0	0	0	-1	0	-1	0	0	4
c6480	0	-1	-1	25	2	39	-1	11	0	-1	-1	0	0	0	-1	0	3	43	0	0	0	0	0	4	39	11	0	0	37	0
c6489	0	0	11	-1	0	0	-1	11	0	0	-1	0	12	0	13	-1	3	0	-1	-1	0	0	0	25	39	0	-1	0	0	4
c6615	-1	-1	11	0	0	0	0	11	0	0	43	0	0	48	-1	-1	3	0	-1	10	-1	-1	5	0	39	9	0	0	17	9
c6624	-1	0	1	0	2	0	0	11	-1	-1	19	0	0	48	-1	-1	3	-1	0	42	0	-1	-1	4	-1	-1	0	33	0	27
c6635	0	0	-1	25	2	-1	39	11	0	-1	0	0	0	25	0	-1	3	0	15	0	-1	0	0	4	39	0	0	26	37	0
c6640	5	24	11	0	0	0	42	11	-1	-1	0	3	-1	0	0	11	3	0	0	10	0	0	0	-1	39	0	0	-1	0	0
c6644	0	8	32	0	33	27	30	11	0	1	0	-1	0	4	0	0	3	49	0	0	0	-1	-1	-1	39	24	13	0	0	0
c6648	0	0	11	0	14	0	42	11	0	-1	44	-1	35	0	0	47	3	0	39	10	-1	-1	0	0	39	-1	0	0	39	36
c6655	39	0	11	0	0	0	42	-1	-1	0	-1	0	0	0	41	2	3	0	0	10	0	0	0	0	39	0	0	0	0	0
c6771	0	0	11	10	0	-1	42	11	0	0	0	0	10	0	0	0	3	0	0	10	-1	0	0	0	39	-1	0	0	-1	-1
c6800	-1	-1	0	0	2	29	-1	11	0	-1	-1	-1	0	0	0	23	3	0	-1	0	0	-1	11	4	39	12	0	0	-1	27
c6855	-1	0	-1	25	2	39	39	-1	39	-1	0	0	-1	-1	0	0	3	-1	0	9	0	0	0	4	39	0	19	0	37	0
c6864	-1	-1	-1	0	-1	0	42	11	39	0	0	0	0	0	1	0	3	-1	0	-1	1	0	0	48	39	3	0	0	0	-1
c6866	39	0	0	0	2	0	0	11	0	-1	0	0	0	-1	0	23	-1	0	11	0	-1	-1	0	4	-1	12	-1	0	11	27
c6877	11	33	11	0	0	0	0	11	33	0	43	47	0	0	-1	-1	3	0	0	10	-1	0	0	21	39	0	0	0	0	9
c6908	0	4	11	0	4	14	39	11	-1	0	43	0	0	-1	2	24	-1	0	0	10	-1	-1	-1	0	39	9	2	0	0	9
c6915	-1	8	-1	0	0	-1	0	11	-1	1	0	0	8	4	0	0	3	0	0	0	0	0	42	-1	-1	24	-1	0	0	0
c6944	11	0	11	0	0	0	0	11	0	-1	43	47	0	0	2	-1	3	0	0	10	-1	0	0	21	39	0	0	0	-1	9
c6956	-1	0	-1	0	0	0	0	11	33	0	43	0	0	0	2	24	-1	26	0	-1	0	-1	0	0	39	0	0	0	0	9
c6992	0	0	11	47	0	0	-1	11	0	27	43	-1	0	11	2	24	3	0	19	10	0	-1	0	0	39	9	39	39	39	9
c7003	0	8	0	-1	33	0	0	11	0	1	0	0	25	4	0	0	3	-1	0	4	0	0	42	0	-1	24	48	0	0	0
c7094	0	0	-1	25	2	39	-1	-1	0	-1	0	0	0	0	0	0	3	0	0	0	-1	0	8	4	39	0	0	0	-1	1
c7120	0	0	-1	25	2	39	-1	11	33	-1	9	0	0	0	30	0	3	0	0	36	0	10	0	4	39	0	0	-1	-1	0
c7136	10	-1	0	0	2	0	0	11	0	-1	0	0	0	13	0	23	3	0	-1	0	0	41	-1	4	39	0	0	0	0	-1
c7166	0	0	-1	-1	2	39	39	11	32	-1	0	0	0	0	-1	-1	-1	0	9	0	3	-1	-1	4	-1	11	0	4	37	1
c7183	0	0	2	0	2	0	-1	11	26	-1	0	0	-1	0	0	23	3	40	-1	0	-1	-1	0	4	-1	35	33	0	23	-1
c7221	-1	0	-1	-1	0	0	-1	11	33	0	43	0	0	0	-1	24	3	26	0	-1	0	-1	11	0	39	0	0	0	43	9
c7300	0	8	-1	0	33	27	-1	11	-1	1	0	0	0	4	0	0	-1	0	0	39	0	0	42	-1	-1	24	0	0	0	0
c7319	0	-1	-1	0	-1	0	-1	11	0	-1	43	0	0	48	2	24	-1	-1	0	10	0	-1	5	0	39	9	-1	0	0	9
c7325	0	0	0	0	2	0	29	-1	0	-1	11	0	-1	0	-1	23	3	-1	9	0	10	0	-1	-1	-1	12	30	-1	32	-1
c7349	11	0	11	0	29	0	0	11	0	0	-1	0	0	10	2	24	3	0	0	10	-1	0	0	-1	39	-1	0	-1	-1	9
c7356	0	0	11	0	36	0	-1	11	-1	-1	43	-1	-1	0	2	-1	-1	0	27	10	-1	29	-1	0	39	-1	0	0	0	-1
c7358	-1	0	11	0	0	0	0	11	0	0	-1	0	0	0	2	0	-1	0	27	10	0	-1	0	0	39	0	-1	0	48	0
c7395	0	0	11	12	2	0	0	11	25	-1	0	9	9	0	46	23	3	0	0	0	-1	41	0	4	39	9	-1	0	0	-1
c7404	39	8	0	41	33	0	0	11	12	1	24	0	0	4	0	0	3	0	0	-1	39	-1	42	26	39	24	-1	0	19	0
c7412	0	8	0	11	0	-1	-1	11	0	1	0	-1	-1	-1	-1	0	-1	-1	0	0	-1	0	42	-1	39	24	0	-1	0	-1
c7417	-1	-1	0	39	-1	29	-1	11	0	-1	0	0	0	0	0	23	3	0	-1	0	-1	0	0	4	-1	12	0	0	-1	27
c7433	0	42	0	0	2	0	50	11	21	-1	0	-1	-1	3	5	23	3	25	45	35	10	33	14	4	39	0	0	0	39	27
c7451	0	-1	0	0	2	0	0	11	0	-1	24	0	0	13	0	23	3	0	36	-1	0	0	-1	4	-1	0	-1	0	29	27
c7528	11	0	11	0	-1	0	0	11	0	0	-1	47	0	0	2	24	-1	0	0	10	-1	0	0	21	39	0	0	-1	-1	9
c7579	0	-1	-1	-1	-1	0	27	-1	0	-1	-1	9	45	-1	-1	23	3	0	0	49	-1	0	0	4	-1	0	0	-1	0	-1
c7597	0	-1	-1	25	-1	39	39	11	-1	-1	-1	-1	0	-1	30	0	3	0	0	0	0	10	0	4	39	0	0	35	-1	0
c7609	28	0	0	0	2	0	0	-1	-1	-1	0	9	0	29	-1	23	3	0	26	0	0	0	0	4	39	-1	48	0	0	27
c7612	0	0	2	-1	2	0	0	11	26	-1	0	0	0	0	39	23	3	0	23	0	36	0	19	4	39	27	33	35	0	27
c7624	-1	0	0	0	2	29	0	11	0	-1	0	7	0	0	0	23	3	-1	-1	0	0	-1	0	-1	39	12	-1	0	0	27
c7627	24	0	0	-1	2	0	0	-1	0	-1	-1	-1	0	0	0	23	3	0	-1	-1	0	-1	19	4	39	12	-1	0	0	27
c7646	39	19	11	-1	41	0	42	11	0	-1	0	0	0	0	0	0	3	5	0	10	0	0	0	0	39	0	0	37	-1	0
c7681	0	-1	0	11	2	0	0	11	0	-1	0	0	-1	0	42	23	3	0	45	0	0	-1	-1	4	39	0	0	-1	39	27
c7731	0	35	0	0	-1	0	27	11	0	-1	8	48	0	-1	0	23	3	26	-1	0	0	0	-1	4	39	0	-1	-1	39	27
c7738	0	-1	0	0	-1	0	0	11	26	-1	0	0	-1	0	0	23	-1	29	0	32	0	0	0	-1	39	48	0	29	0	27
c7745	0	8	0	0	11	0	-1	11	0	1	-1	-1	-1	4	0	11	3	-1	-1	0	0	0	42	0	39	24	0	-1	-1	0
c7761	-1	0	-1	-1	0	0	0	11	0	0	43	0	0	11	2	0	3	0	25	10	0	0	0	0	-1	10	0	0	48	0
c7766	-1	8	-1	0	11	0	0	11	0	1	0	27	0	-1	0	-1	3	9	-1	0	9	0	42	-1	39	24	0	0	-1	50
c7770	0	29	48	0	2	0	0	11	0	-1	43	0	25	0	0	23	3	-1	9	0	0	0	39	-1	-1	0	-1	-1	39	-1
c7781	0	-1	-1	-1	0	0	0	11	0	0	43	0	0	48	-1	24	3	-1	0	-1	-1	-1	5	-1	-1	-1	0	-1	-1	9
c7794	0	0	-1	25	2	39	39	11	0	-1	33	0	0	-1	3	-1	3	0	0	-1	0	10	33	-1	39	-1	-1	0	-1	11
c7845	-1	0	-1	25	2	39	39	11	0	-1	0	10	-1	-1	0	0	3	0	11	45	0	-1	-1	-1	39	0	-1	0	37	0
c7908	0	0	11	10	42	0	42	11	-1	0	0	0	10	-1	0	0	3	0	0	10	-1	0	25	0	39	0	0	0	0	0
c7934	0	0	0	0	-1	14	0	11	0	-1	-1	0	0	0	0	23	3	0	-1	-1	0	0	0	4	-1	12	-1	0	0	-1
c7936	0	0	11	0	0	0	0	11	0	0	43	0	-1	0	-1	-1	3	0	0	10	-1	-1	0	0	39	9	0	0	-1	9
c7938	39	0	11	0	12	-1	42	11	0	0	-1	-1	0	-1	41	2	3	0	0	10	0	0	0	-1	-1	0	-1	0	0	0
c7939	39	0	11	0	0	36	42	11	0	0	0	0	0	0	41	2	3	0	0	10	0	18	0	0	39	-1	0	0	0	0
c7951	0	0	-1	-1	-1	-1	-1	11	0	-1	-1	0	-1	-1	0	0	3	0	15	0	0	-1	0	-1	39	-1	0	26	37	0
c7981	0	-1	-1	0	-1	0	0	-1	15	-1	0	49	0	0	0	23	3	0	0	0	29	0	0	4	-1	25	0	33	0	27
c7987	0	0	-1	25	2	39	39	11	39	-1	-1	-1	-1	0	0	-1	3	0	0	12	36	0	-1	4	39	29	8	0	-1	-1
c8003	-1	11	48	0	2	0	0	11	0	-1	0	0	0	-1	-1	23	3	0	9	0	0	0	0	4	39	0	0	1	39	27
c8006	-1	0	0	0	2	0	-1	11	0	-1	-1	-1	45	0	-1	23	3	0	0	-1	-1	0	0	4	39	0	0	-1	0	27
c8017	0	-1	-1	0	0	-1	48	11	0	1	0	0	8	4	0	-1	3	0	-1	0	-1	0	42	27	39	24	0	-1	0	0
c8027	0	0	11	0	-1	0	0	11	35	0	43	0	0	0	-1	24	3	0	32	10	27	-1	-1	0	-1	9	0	-1	0	9
c8046	0	-1	0	41	33	0	-1	11	-1	1	0	0	0	4	0	-1	3	0	0	-1	26	32	42	0	-1	24	0	0	19	-1
c8085	9	19	0	-1	2	0	18	-1	0	-1	49	37	0	-1	0	23	3	0	-1	-1	10	0	0	4	-1	12	0	22	-1	-1
c8100	33	10	-1	11	-1	0	0	11	2	0	-1	25	-1	0	2	24	3	0	-1	10	-1	-1	39	-1	39	9	0	-1	12	9
c8143	0	18	-1	25	2	39	39	-1	0	-1	-1	0	0	0	0	0	3	-1	0	0	-1	0	-1	4	39	0	-1	39	37	-1
c8145	0	0	-1	25	-1	39	39	-1	0	-1	0	-1	0	42	0	-1	3	0	0	0	0	0	-1	4	39	0	0	0	-1	0
c8194	0	-1	-1	25	2	39	39	11	0	-1	-1	0	-1	0	-1	-1	3	33	0	-1	48	0	0	4	39	0	0	-1	37	0
c8200	0	0	2	-1	2	-1	-1	11	26	-1	0	9	0	0	-1	23	3	0	0	0	0	0	-1	4	39	0	33	0	-1	27
c8222	0	-1	-1	25	2	39	39	11	0	-1	0	-1	0	0	0	-1	3	-1	0	0	48	0	0	-1	39	0	0	0	37	0
c8228	42	0	-1	-1	0	-1	0	11	19	-1	43	-1	25	0	-1	24	3	0	33	-1	0	0	0	0	39	0	48	5	0	9
c8237	0	-1	-1	0	2	0	0	11	0	-1	0	-1	0	-1	0	-1	-1	0	0	42	-1	0	-1	4	-1	9	25	33	-1	-1
c8255	33	0	-1	-1	2	0	-1	11	-1	-1	-1	0	-1	10	0	23	-1	-1	2	0	0	-1	14	4	-1	0	0	0	39	27
c8270	0	39	0	0	2	0	0	11	0	-1	0	0	0	0	0	23	3	35	9	0	0	0	39	4	39	0	-1	1	39	27
c8280	0	-1	-1	25	2	39	39	-1	-1	-1	0	39	0	0	-1	0	3	-1	-1	0	0	0	0	4	39	-1	0	-1	37	0
c8295	0	0	-1	25	2	-1	39	-1	0	-1	0	0	-1	-1	0	3	3	0	0	4	-1	0	0	4	39	0	37	0	-1	0
c8316	0	0	-1	-1	-1	39	-1	11	-1	-1	-1	0	-1	0	-1	40	3	-1	-1	0	11	0	0	-1	39	0	15	0	37	0
c8326	-1	0	-1	36	-1	12	0	11	-1	-1	0	-1	0	0	0	23	3	0	0	15	10	0	26	4	39	12	5	0	0	27
c8375	0	0	11	0	0	0	42	11	0	0	0	-1	0	0	0	0	3	0	0	10	9	0	0	0	39	0	0	0	0	25
c8390	-1	0	11	22	3	-1	0	11	4	-1	0	0	0	0	0	0	3	0	45	10	0	26	-1	0	39	0	0	29	0	19
c8407	0	0	0	0	-1	0	-1	11	-1	-1	0	-1	-1	0	0	23	3	0	0	0	0	33	0	4	-1	-1	0	0	-1	27
c8438	29	1	-1	-1	2	39	39	11	0	-1	27	-1	0	0	0	1	3	0	-1	0	-1	26	-1	4	39	-1	0	-1	37	-1
c8439	-1	1	-1	-1	2	39	39	11	0	-1	27	-1	27	-1	0	1	3	0	0	-1	-1	26	-1	4	-1	0	0	-1	-1	-1
c8480	0	39	11	0	0	0	-1	11	33	27	43	-1	11	0	2	24	3	-1	0	10	48	-1	0	0	39	9	0	39	0	9
c8484	12	27	11	0	0	25	0	-1	0	0	43	-1	0	0	2	-1	3	-1	0	10	0	0	0	0	39	0	-1	0	0	9
c8494	0	0	-1	25	2	-1	39	-1	0	-1	0	0	0	0	0	0	-1	0	0	39	3	11	0	-1	39	0	36	-1	37	1
c8508	42	-1	11	-1	0	25	0	11	-1	0	43	-1	0	0	2	24	-1	0	0	-1	-1	-1	1	0	39	35	-1	0	0	9
c8577	0	-1	0	0	-1	-1	0	11	0	-1	0	-1	0	29	0	23	-1	-1	0	5	-1	0	-1	4	39	-1	-1	0	0	27
c8620	0	-1	-1	25	2	39	39	11	47	-1	-1	11	0	0	13	0	3	0	0	47	-1	0	0	4	39	0	0	26	37	0
c8627	0	0	11	0	-1	0	48	11	4	-1	0	-1	0	0	0	0	3	-1	45	10	-1	26	-1	0	39	0	-1	29	25	19
c8636	9	0	0	0	-1	0	18	11	36	-1	0	0	45	26	0	23	3	0	-1	-1	10	0	0	4	-1	12	-1	11	13	-1
c8679	0	0	-1	-1	2	39	39	-1	-1	-1	25	0	-1	-1	19	16	3	0	0	12	0	0	35	4	39	29	0	-1	37	-1
c8718	13	-1	11	0	3	39	0	-1	4	0	0	0	0	0	0	0	3	-1	45	-1	-1	26	-1	0	39	0	0	29	0	19
c8720	-1	11	11	39	0	35	42	11	0	1	-1	0	0	-1	0	0	-1	0	0	10	0	-1	0	0	-1	0	14	11	0	0
c8787	0	11	-1	-1	-1	39	-1	-1	0	-1	-1	0	0	42	-1	0	-1	0	0	21	-1	39	-1	4	39	-1	0	0	-1	0
c8796	0	0	1	0	-1	0	0	11	0	-1	0	0	0	0	0	23	3	0	0	42	0	0	0	-1	39	0	0	33	0	27
c8807	0	-1	0	41	-1	49	0	11	-1	1	0	46	0	4	0	-1	3	0	0	-1	0	0	42	39	39	24	0	0	19	0
c8862	0	0	-1	0	2	14	0	-1	-1	-1	26	-1	0	-1	48	23	3	0	0	0	29	0	0	4	39	25	-1	-1	0	-1
c8912	42	0	-1	-1	0	-1	0	11	0	0	43	0	0	0	-1	24	3	39	0	10	0	0	-1	0	39	-1	0	0	0	9
c8913	42	0	11	-1	0	33	-1	11	-1	0	43	0	0	0	2	24	3	39	0	10	-1	0	39	0	39	-1	-1	0	0	9
c8979	0	-1	-1	-1	2	-1	-1	11	0	-1	0	0	0	-1	0	0	-1	0	0	0	3	-1	0	4	39	11	-1	0	37	1
c8996	-1	0	11	-1	0	0	42	11	0	0	35	3	0	0	0	0	3	0	-1	10	0	-1	-1	0	39	4	-1	0	0	0
c8998	0	-1	11	0	-1	0	0	11	12	0	43	-1	0	0	2	0	3	-1	0	-1	0	-1	0	0	-1	10	0	-1	48	26
c9016	0	-1	-1	0	-1	-1	2	11	11	-1	43	0	13	2	2	24	3	0	0	10	0	-1	-1	-1	39	9	-1	39	11	9
c9036	0	0	0	0	2	0	39	11	26	-1	42	0	27	0	-1	23	3	11	-1	-1	0	0	0	4	39	0	0	27	0	27
c9064	0	-1	25	47	0	0	0	11	0	1	0	0	0	4	0	11	3	0	0	-1	0	0	-1	0	39	24	0	27	25	0
c9066	0	-1	-1	0	0	48	-1	11	0	-1	43	0	0	0	2	17	-1	0	27	10	-1	-1	0	49	-1	-1	-1	0	-1	0
c9091	0	0	39	0	2	0	-1	11	0	-1	0	0	0	0	4	23	-1	0	0	0	-1	-1	48	-1	39	12	0	0	0	27
c9116	-1	-1	-1	25	-1	39	39	11	-1	-1	0	0	26	0	0	0	3	0	0	0	0	0	29	4	39	-1	46	0	-1	1
c9122	0	8	25	0	0	0	0	11	0	1	0	0	-1	4	-1	11	3	0	11	0	0	-1	-1	0	39	24	0	27	25	-1
c9134	0	0	0	-1	2	14	0	11	0	-1	-1	0	0	0	-1	23	-1	-1	11	0	0	0	-1	4	-1	12	-1	0	0	27
c9194	0	-1	-1	25	-1	39	39	11	-1	-1	0	-1	-1	0	-1	0	3	39	0	0	0	0	11	-1	39	0	43	0	37	-1
c9199	-1	0	11	0	0	0	-1	11	0	0	43	-1	0	0	2	-1	-1	0	0	10	-1	-1	0	21	-1	0	0	0	-1	9
c9208	0	0	0	0	-1	0	0	11	0	-1	0	-1	-1	0	0	23	3	-1	-1	-1	-1	0	26	4	-1	12	32	4	0	27
c9212	-1	0	1	0	2	0	0	11	-1	-1	-1	0	39	48	-1	-1	3	0	-1	42	0	0	0	4	39	0	0	33	-1	27
c9216	-1	0	0	-1	2	0	0	11	-1	-1	39	49	0	0	0	23	3	0	-1	-1	0	-1	0	4	39	0	0	0	-1	27
c9238	0	-1	0	27	-1	-1	0	11	42	-1	0	9	19	0	-1	23	3	-1	0	49	0	0	-1	-1	39	5	-1	-1	41	27
c9261	-1	-1	11	0	-1	0	0	11	2	0	43	25	39	0	2	24	3	0	0	10	0	-1	39	-1	39	9	-1	39	-1	9
c9263	0	0	11	0	0	11	0	11	0	0	43	0	-1	13	2	0	3	-1	0	10	0	-1	-1	0	39	0	0	0	-1	0
c9271	0	0	11	0	2	0	10	-1	0	-1	-1	0	0	0	0	-1	3	0	0	42	0	-1	0	4	39	0	-1	-1	0	-1
c9272	0	0	11	0	0	0	-1	11	0	0	-1	0	0	4	2	0	3	0	19	10	0	0	-1	-1	-1	0	0	0	48	-1
c9273	0	0	11	0	48	0	0	11	0	0	43	-1	0	4	2	0	-1	0	-1	10	0	0	0	0	-1	0	0	0	-1	0
c9284	-1	0	-1	-1	2	39	39	-1	0	-1	0	0	0	42	23	0	3	0	0	0	-1	0	-1	4	39	11	0	26	37	7
c9291	0	0	-1	25	-1	39	-1	-1	0	-1	0	0	0	0	30	-1	3	0	0	0	0	-1	0	4	39	0	0	-1	37	0
c9295	0	0	-1	0	-1	0	42	11	-1	0	-1	0	0	19	0	0	3	0	8	-1	41	0	0	39	-1	0	0	0	0	0
c9302	0	0	11	-1	2	0	0	11	25	-1	0	9	9	0	0	23	3	0	-1	0	0	41	0	4	39	9	-1	0	-1	27
c9366	0	8	0	0	33	27	30	11	0	1	-1	2	0	4	-1	0	3	49	-1	-1	0	0	42	0	39	24	13	0	0	-1
c9370	27	0	0	0	2	0	0	11	0	-1	0	0	-1	0	0	23	3	0	45	0	-1	33	-1	-1	39	0	0	27	39	27
c9373	-1	-1	0	0	2	0	0	-1	0	-1	0	0	0	0	0	23	3	0	9	-1	10	0	0	4	39	12	30	25	0	-1
c9397	0	8	32	11	0	-1	-1	-1	0	1	0	0	0	4	-1	0	-1	-1	-1	0	-1	0	-1	-1	39	24	-1	0	0	-1
c9432	0	0	-1	25	2	39	39	11	0	-1	-1	39	0	0	10	0	3	11	0	0	0	-1	-1	-1	39	11	0	-1	37	49
c9439	-1	0	-1	0	0	0	42	11	0	0	-1	0	0	0	41	0	3	0	0	10	0	0	0	0	39	0	-1	-1	-1	0
c9440	39	46	-1	-1	2	39	39	11	0	-1	0	0	0	0	0	0	3	0	-1	-1	0	9	-1	4	-1	27	0	0	37	0
c9468	0	0	0	-1	2	-1	0	11	0	-1	-1	-1	-1	26	0	-1	3	-1	0	0	10	0	-1	-1	39	12	5	0	0	27
c9484	1	0	-1	2	-1	14	39	11	0	0	-1	0	0	49	-1	-1	3	0	0	-1	39	-1	-1	-1	39	9	-1	0	0	9
c9491	0	1	-1	-1	2	39	39	11	33	-1	0	-1	0	-1	39	1	3	0	0	0	0	39	-1	4	-1	0	0	-1	-1	-1
c9511	0	0	11	-1	0	0	0	11	0	0	43	-1	0	13	2	0	-1	-1	0	10	0	29	-1	0	39	42	0	-1	-1	-1
c9517	0	-1	11	0	4	-1	-1	11	0	29	43	0	0	0	-1	24	3	0	0	10	-1	-1	-1	0	-1	9	2	0	-1	9
c9524	0	-1	11	0	0	0	0	11	0	0	43	-1	-1	48	2	24	3	0	0	10	0	-1	5	0	39	-1	0	-1	0	9
c9544	0	0	-1	25	2	-1	39	11	10	-1	0	0	0	0	-1	-1	3	0	0	0	0	0	0	4	39	0	8	26	-1	-1
c9576	0	-1	-1	25	2	-1	39	11	0	-1	0	-1	0	42	0	0	-1	14	0	-1	0	0	-1	4	39	0	0	26	-1	7
c9637	0	0	-1	25	2	39	39	11	48	-1	-1	0	0	42	-1	0	3	0	-1	0	0	39	-1	4	39	0	0	-1	37	0
c9705	0	8	0	0	33	-1	-1	-1	27	1	0	0	11	-1	0	0	3	0	0	-1	41	26	42	0	39	24	0	-1	-1	39
c9709	0	-1	29	-1	2	0	0	11	0	-1	27	40	0	0	0	-1	3	0	9	0	10	0	0	4	39	12	45	0	-1	27
c9721	0	39	0	0	-1	0	0	11	-1	-1	-1	9	0	-1	0	23	3	0	2	8	29	0	0	4	-1	0	0	0	0	27
c9740	2	0	-1	25	2	-1	39	11	0	-1	0	0	41	0	0	3	3	0	0	4	0	-1	0	4	39	0	37	0	37	0
c9748	0	-1	11	35	0	0	0	11	0	0	43	0	-1	48	-1	24	-1	0	-1	-1	0	-1	5	0	39	9	0	0	0	-1
c9751	0	-1	-1	0	2	0	-1	-1	0	-1	26	-1	-1	0	2	23	-1	0	-1	0	29	0	0	4	39	25	36	-1	0	27
c9763	-1	0	-1	0	21	0	-1	11	0	0	43	0	-1	-1	2	0	-1	0	0	-1	0	-1	0	1	-1	0	0	0	48	0
c9778	-1	0	11	0	0	0	0	11	0	-1	43	0	0	0	2	0	-1	0	27	-1	0	29	0	-1	39	-1	0	39	48	0
c9805	43	-1	-1	11	0	0	25	11	0	-1	0	9	9	4	0	0	3	0	0	0	-1	0	-1	-1	39	24	-1	-1	0	0
c9816	0	-1	1	0	2	-1	0	-1	-1	-1	-1	49	0	33	0	-1	-1	0	0	-1	0	0	-1	4	-1	-1	0	0	43	27
c9833	8	0	11	-1	0	0	0	11	33	-1	43	0	0	0	2	24	-1	-1	0	10	1	-1	0	0	39	-1	0	0	-1	9
c9840	0	0	11	0	3	0	-1	11	4	26	0	-1	-1	0	0	13	3	0	45	10	0	26	-1	0	39	-1	-1	29	10	19
c9851	0	0	-1	-1	2	0	0	11	13	-1	-1	0	-1	0	0	23	3	0	0	0	0	33	0	4	39	-1	0	-1	39	27
c9855	0	0	-1	-1	2	-1	39	11	0	-1	0	0	0	0	0	16	-1	0	0	0	0	41	0	4	39	0	50	0	37	-1
c9875	0	0	11	-1	2	0	0	11	25	-1	-1	9	-1	0	0	23	3	0	0	-1	0	-1	19	4	39	9	0	0	0	27
c9890	0	0	-1	0	2	-1	0	11	-1	-1	0	9	0	11	0	23	-1	0	-1	42	-1	0	-1	4	-1	9	25	-1	41	-1
c9901	-1	8	2	11	33	-1	0	11	0	-1	39	0	0	4	0	0	3	0	0	0	-1	-1	42	0	-1	24	0	-1	0	-1
c9935	0	0	40	3	2	0	39	11	-1	-1	0	0	0	0	0	-1	3	11	11	0	0	-1	0	4	39	0	-1	0	0	-1
c9946	0	0	-1	33	2	0	0	11	0	-1	0	0	-1	0	0	23	3	-1	-1	0	0	-1	0	4	-1	12	9	0	0	27
c9952	0	0	0	-1	2	0	0	11	0	-1	0	9	0	0	-1	23	3	-1	0	49	-1	0	0	4	39	0	0	-1	0	27
c9962	33	-1	11	-1	0	0	-1	11	33	0	43	0	0	0	-1	24	3	-1	0	10	0	-1	0	0	39	0	0	0	0	9
c9964	0	0	0	0	2	7	0	11	0	-1	39	49	37	0	0	23	-1	0	0	48	11	0	0	4	39	8	-1	0	43	27
c9982	48	0	0	0	2	0	-1	11	32	-1	0	0	0	0	47	23	3	0	-1	-1	10	0	0	4	39	12	-1	45	0	27
c10010	0	0	0	-1	2	0	0	11	0	-1	0	9	0	-1	-1	23	-1	-1	0	49	0	0	-1	4	39	0	-1	0	-1	27
c10018	0	0	0	0	-1	0	0	11	0	-1	0	11	0	-1	0	-1	-1	47	9	0	10	0	0	4	39	-1	45	0	0	27
c10032	0	0	-1	0	2	0	0	-1	0	-1	0	9	-1	25	0	-1	-1	-1	0	0	-1	0	0	-1	39	0	0	-1	48	27
c10037	0	0	0	0	2	0	0	11	0	-1	-1	0	-1	0	0	23	3	0	-1	0	0	0	44	4	-1	12	0	0	0	27
c10039	-1	0	0	0	2	-1	-1	-1	-1	-1	39	49	0	0	0	23	3	0	-1	26	0	32	0	-1	-1	0	0	0	-1	27
c10063	-1	0	-1	0	-1	0	-1	-1	0	0	43	47	0	0	2	24	3	0	0	10	0	0	-1	-1	39	0	0	0	-1	-1
c10129	0	0	48	15	2	0	-1	11	0	-1	0	-1	0	0	-1	23	3	-1	9	0	-1	0	0	-1	39	0	0	1	39	27
c10137	-1	0	-1	0	-1	-1	-1	11	-1	-1	0	0	-1	0	0	-1	3	0	9	2	10	0	0	4	39	12	30	0	0	-1
c10145	0	0	-1	25	2	39	39	11	0	-1	0	0	0	21	8	0	3	-1	-1	-1	0	0	9	4	39	0	-1	0	37	0
c10165	0	-1	-1	-1	2	0	47	11	0	-1	0	0	0	0	0	23	-1	0	-1	0	0	0	-1	4	39	12	0	0	-1	-1
c10170	0	0	0	-1	2	0	0	11	11	-1	0	0	-1	0	-1	23	3	0	0	0	0	0	0	-1	-1	12	0	0	0	27
c10191	0	0	11	10	12	0	42	11	-1	0	0	0	0	2	0	0	3	0	0	10	-1	0	0	16	39	0	-1	0	-1	0
c10197	0	0	11	24	0	0	0	11	0	0	43	0	0	0	2	0	-1	-1	27	10	0	-1	0	32	39	0	-1	0	0	48
c10198	0	39	-1	25	2	39	39	11	0	-1	33	0	0	0	1	0	3	-1	-1	0	3	0	-1	4	39	0	-1	36	-1	-1
c10218	-1	0	0	0	2	0	-1	11	39	-1	0	0	0	0	0	-1	3	0	-1	0	10	0	0	4	39	-1	30	0	0	27
c10251	0	0	-1	-1	-1	39	-1	11	0	-1	0	0	0	42	0	-1	3	0	0	-1	0	0	-1	4	39	0	0	26	37	7
c10282	-1	-1	0	0	2	0	-1	11	42	-1	0	0	0	2	-1	-1	3	0	-1	0	-1	-1	26	4	39	12	-1	0	0	-1
c10302	0	0	0	0	2	-1	-1	11	0	-1	0	0	-1	13	-1	23	3	0	-1	0	0	-1	0	4	39	0	0	0	39	27
c10309	0	8	32	11	0	0	25	11	0	1	0	0	0	4	-1	-1	3	0	-1	0	9	0	42	-1	39	24	-1	0	19	0
c10340	0	0	-1	25	2	39	39	11	0	-1	0	0	42	-1	0	0	3	26	0	0	0	26	0	4	39	0	0	0	37	39
c10355	0	-1	0	0	2	0	0	-1	-1	-1	26	49	-1	-1	-1	23	3	0	-1	0	29	39	-1	4	39	25	0	33	0	27
c10366	0	-1	0	0	2	0	-1	-1	19	-1	0	0	-1	0	0	23	3	0	0	0	0	33	-1	4	39	-1	0	0	-1	-1
c10371	42	0	11	-1	-1	33	0	-1	0	-1	43	0	0	0	-1	24	3	0	0	10	0	-1	0	0	39	0	0	-1	0	9
c10372	0	0	0	0	2	7	48	11	0	-1	3	0	-1	0	-1	23	3	0	0	0	0	-1	0	4	39	-1	0	-1	-1	27
c10386	0	8	-1	0	33	27	0	11	0	1	0	46	0	-1	3	0	3	0	0	0	0	0	-1	9	-1	-1	0	0	0	-1
c10401	-1	-1	1	0	2	0	0	11	48	-1	0	-1	0	0	0	23	3	0	0	42	0	0	0	4	39	0	0	33	0	27
c10410	0	0	-1	25	2	-1	39	11	-1	-1	0	0	0	0	0	0	3	43	0	0	0	9	-1	4	39	0	0	0	-1	0
c10436	0	0	11	0	0	25	-1	11	-1	0	43	0	0	0	2	24	3	-1	0	10	0	-1	0	0	39	0	0	0	0	9
c10442	42	0	11	-1	0	33	0	11	0	10	43	0	0	0	2	24	3	0	17	10	0	-1	0	0	39	24	0	0	0	9
c10443	42	0	11	-1	0	33	0	-1	0	0	43	1	0	0	2	24	3	0	17	10	0	-1	-1	0	39	24	0	0	0	9
c10468	0	0	11	0	0	0	42	-1	0	0	-1	43	0	0	-1	-1	3	-1	0	10	0	-1	0	0	39	0	-1	48	0	0
c10485	0	0	0	0	-1	4	0	-1	49	-1	42	0	0	0	0	23	-1	-1	0	0	0	-1	40	4	39	12	0	0	0	27
c10506	-1	0	11	0	-1	0	-1	11	-1	26	0	0	-1	0	0	0	3	11	45	10	0	-1	-1	0	39	0	0	29	-1	19
c10509	48	0	0	0	2	-1	-1	-1	0	-1	0	0	-1	0	0	23	-1	-1	9	2	10	0	0	4	39	12	30	0	0	27
c10524	0	0	11	0	21	0	0	11	0	0	43	0	-1	-1	2	0	3	0	0	10	0	-1	0	-1	-1	0	-1	0	48	0
c10527	-1	-1	-1	0	2	0	-1	-1	-1	-1	-1	9	9	0	0	23	3	0	0	0	0	0	-1	-1	39	0	0	-1	0	-1
c10532	-1	0	1	0	2	0	-1	11	0	-1	-1	0	0	0	0	23	3	0	-1	-1	0	-1	0	4	-1	0	-1	-1	0	27
c10534	-1	-1	-1	0	0	-1	-1	11	-1	0	-1	0	0	48	-1	-1	-1	0	-1	-1	-1	-1	5	0	39	9	0	0	17	9
c10594	0	0	-1	-1	0	-1	0	11	-1	11	43	0	0	0	2	-1	-1	0	27	10	-1	29	-1	19	39	-1	-1	0	0	0
c10595	0	0	-1	-1	0	0	0	11	-1	11	-1	13	0	0	2	-1	-1	0	27	10	0	29	-1	19	39	-1	-1	0	0	0
c10603	0	0	11	0	14	0	42	11	-1	27	27	0	0	0	0	47	3	0	0	-1	1	-1	0	9	39	3	0	0	39	36
c10638	0	8	0	41	-1	0	-1	11	0	1	0	26	36	4	-1	0	3	25	0	-1	0	0	42	-1	39	24	0	0	19	11
c10652	0	21	11	0	0	0	0	11	-1	0	43	0	36	0	2	-1	-1	11	27	10	0	29	0	0	39	-1	-1	0	0	0
c10695	0	-1	-1	27	2	-1	0	11	0	-1	-1	0	0	0	0	23	3	0	0	0	-1	0	0	4	39	12	0	0	11	27
c10728	0	-1	-1	-1	2	0	0	11	0	-1	0	9	-1	-1	0	23	3	0	0	-1	-1	0	11	4	-1	0	0	0	0	-1
c10736	0	0	11	0	-1	0	42	11	0	0	0	-1	0	0	-1	0	3	0	11	10	0	0	0	0	39	0	0	0	0	4
c10737	0	0	11	0	0	0	42	11	0	0	0	0	0	0	13	0	-1	-1	11	-1	0	0	0	0	39	0	0	0	-1	4
c10742	-1	0	11	-1	0	0	-1	11	-1	27	43	-1	11	-1	-1	-1	3	0	0	-1	46	-1	0	0	39	9	-1	39	0	9
c10748	0	-1	0	1	2	0	-1	11	48	-1	0	0	0	-1	0	23	3	0	0	0	0	-1	-1	4	39	-1	-1	0	0	27
c10817	0	0	0	0	-1	0	0	11	0	-1	0	-1	0	-1	0	-1	3	47	9	0	-1	0	0	-1	39	12	-1	0	0	27
c10834	0	0	11	0	2	0	0	-1	0	-1	-1	9	0	0	0	23	3	25	0	0	26	0	0	4	39	0	48	-1	0	27
c10836	-1	48	0	0	2	0	29	11	0	-1	0	-1	0	0	-1	23	3	41	-1	-1	10	0	0	4	39	12	30	0	-1	27
c10859	0	-1	0	0	2	0	0	11	0	-1	0	0	0	-1	0	23	3	0	0	0	-1	0	-1	4	39	-1	-1	35	4	27
c10881	11	-1	11	0	0	0	0	11	0	0	43	47	0	0	2	24	3	0	0	-1	-1	0	0	21	39	48	24	-1	0	9
c10888	-1	0	11	-1	-1	0	42	11	0	0	0	0	27	0	41	0	3	-1	0	10	0	0	0	0	39	0	-1	0	0	0
c10901	0	0	0	-1	2	-1	0	11	0	-1	0	9	0	0	0	23	3	0	-1	48	0	0	43	4	-1	0	0	-1	0	27
c10903	0	-1	-1	-1	2	39	39	-1	0	-1	0	-1	-1	42	10	-1	3	0	0	-1	-1	0	-1	4	39	-1	0	0	37	0
c10936	-1	0	11	-1	0	33	0	11	0	0	43	-1	0	0	2	24	3	0	0	-1	0	0	0	0	39	0	0	0	0	9
c10954	0	0	0	0	2	0	0	11	23	-1	0	42	-1	3	0	23	3	0	45	-1	0	33	14	4	39	0	0	0	39	27
c10958	0	0	48	0	2	0	0	11	48	-1	0	0	-1	28	0	23	3	0	9	9	-1	0	0	-1	39	0	-1	1	39	-1
c10965	0	0	11	0	0	0	0	11	0	47	43	40	-1	11	2	24	3	25	10	10	-1	-1	-1	0	-1	9	0	-1	0	-1
c10990	0	8	0	0	14	0	0	11	23	1	-1	0	0	4	-1	11	3	0	0	0	0	0	42	0	39	24	0	27	25	0
c10991	0	8	0	0	14	0	0	11	23	1	-1	0	0	4	0	11	3	0	-1	0	0	0	42	0	39	24	0	27	25	0
c11009	0	0	-1	25	2	39	39	-1	39	-1	-1	11	-1	0	10	0	3	27	0	-1	0	0	-1	4	39	0	0	-1	37	0
c11025	0	8	0	0	0	0	-1	11	23	1	0	0	0	4	-1	11	3	0	-1	0	0	-1	42	0	-1	24	0	27	25	0
c11037	10	0	-1	0	-1	29	0	11	-1	-1	29	-1	0	-1	-1	23	3	-1	-1	0	0	0	0	-1	39	12	0	0	1	27
c11039	0	-1	11	0	0	0	-1	11	-1	0	43	-1	-1	-1	-1	-1	3	0	0	10	-1	-1	-1	-1	39	9	0	0	-1	9
c11048	-1	1	-1	-1	2	39	39	11	0	-1	-1	-1	0	0	39	1	3	0	-1	0	0	39	0	4	39	-1	0	-1	-1	-1
c11049	0	1	-1	-1	2	39	39	11	0	-1	0	-1	0	0	39	1	3	0	0	0	-1	-1	-1	4	39	0	0	-1	-1	-1
c11064	-1	-1	0	0	2	47	18	11	-1	-1	0	0	0	0	0	23	3	0	9	0	10	35	0	4	39	12	0	2	0	27
c11083	0	-1	-1	-1	2	0	39	-1	26	-1	0	0	27	0	0	-1	3	11	0	-1	0	-1	-1	4	39	-1	-1	27	0	27
c11101	0	0	1	-1	2	16	0	11	0	-1	4	0	0	49	0	23	3	15	0	42	0	25	0	4	39	0	0	33	-1	27
c11134	0	0	11	0	0	-1	42	11	26	0	0	0	-1	0	34	0	3	0	34	10	-1	0	0	0	39	0	39	48	0	-1
c11143	-1	29	11	0	-1	25	0	11	0	0	43	0	0	0	2	24	3	0	0	10	0	0	-1	-1	39	0	0	0	0	9
c11152	0	0	0	0	2	-1	0	11	-1	-1	39	49	0	0	0	-1	3	0	0	-1	-1	0	0	4	39	0	-1	0	43	27
c11192	0	8	25	-1	0	-1	0	-1	0	1	0	-1	48	4	0	11	-1	0	11	0	0	0	42	0	39	24	0	27	25	0
c11193	0	8	25	0	0	0	0	-1	-1	1	0	0	-1	4	0	11	3	-1	11	0	0	0	42	0	39	24	0	27	25	0
c11222	0	0	-1	25	2	39	39	11	0	-1	-1	0	0	-1	0	0	-1	0	0	44	0	25	-1	4	39	0	0	-1	37	0
c11238	0	0	0	0	2	4	35	11	0	-1	42	0	-1	44	0	23	3	25	0	-1	0	-1	40	4	39	12	0	0	0	27
c11264	11	29	-1	0	2	13	0	11	0	-1	0	2	0	48	0	23	-1	0	39	-1	0	0	0	4	39	0	11	-1	0	27
c11265	0	-1	1	0	2	13	0	11	0	-1	-1	-1	-1	48	0	23	-1	0	0	42	0	41	0	4	39	0	11	33	0	-1
c11318	0	-1	-1	25	2	39	39	-1	0	-1	0	-1	0	50	-1	-1	3	-1	0	0	0	0	-1	4	-1	-1	0	-1	37	0
c11319	0	-1	-1	25	2	39	39	11	0	-1	0	-1	0	50	0	-1	3	-1	0	0	0	0	-1	4	39	-1	-1	42	37	-1
c11324	0	-1	11	0	14	0	42	11	-1	27	0	0	0	9	0	47	3	-1	0	10	1	0	0	0	-1	3	0	-1	0	-1
c11348	-1	8	0	0	22	-1	39	11	-1	1	0	0	0	4	0	0	3	0	-1	21	0	10	42	0	39	24	0	0	-1	0
c11349	-1	8	-1	-1	0	-1	39	11	0	1	0	0	0	-1	0	0	3	0	-1	21	0	10	42	0	-1	-1	0	0	0	-1
c11351	0	0	0	-1	2	-1	-1	-1	26	-1	-1	-1	0	22	0	23	3	29	-1	32	0	0	0	4	39	-1	0	29	0	27
c11385	-1	0	-1	25	2	39	39	11	-1	-1	0	-1	38	-1	-1	0	3	39	0	0	2	0	11	4	39	-1	0	0	37	-1
c11389	0	0	0	0	2	0	-1	11	0	-1	0	-1	45	-1	-1	23	-1	0	0	49	0	0	0	4	-1	0	0	9	0	27
c11391	15	8	0	41	33	4	-1	11	0	1	0	-1	-1	4	36	0	3	25	0	-1	-1	0	-1	1	39	24	0	0	19	0
c11398	0	0	11	0	0	39	0	11	0	0	43	0	0	13	2	0	3	0	0	10	-1	-1	0	-1	39	0	33	0	0	0
c11418	0	-1	-1	25	2	39	-1	11	-1	-1	0	0	0	-1	-1	0	-1	1	0	0	0	-1	0	4	39	0	0	26	-1	0
c11423	0	0	11	0	-1	0	42	11	0	0	45	3	0	0	0	-1	3	-1	0	10	0	0	0	-1	39	0	0	0	0	0
c11439	-1	-1	0	0	0	0	0	11	0	1	0	27	0	-1	18	0	3	0	0	0	0	0	42	0	39	24	0	0	0	0
c11440	0	12	0	0	-1	0	0	11	0	-1	-1	0	25	0	0	-1	3	0	-1	0	0	0	39	-1	39	0	0	1	39	-1
c11441	-1	12	0	0	2	0	0	11	0	-1	43	0	25	0	0	23	3	0	9	0	0	0	39	-1	39	0	-1	1	39	27
c11446	0	0	-1	25	2	39	39	11	18	-1	0	0	36	50	33	0	3	2	-1	-1	0	0	-1	4	39	0	0	42	37	0
c11468	0	0	11	0	-1	0	39	11	33	0	43	-1	0	0	2	-1	3	26	0	-1	0	-1	37	0	39	0	0	-1	0	9
c11477	-1	-1	0	29	2	0	-1	-1	-1	-1	5	0	-1	0	0	23	3	0	45	0	0	33	14	-1	39	13	0	0	39	27
c11487	26	2	0	0	2	26	-1	-1	0	-1	0	-1	0	27	-1	23	3	0	0	0	29	0	0	4	39	25	0	33	0	-1
c11497	42	-1	11	-1	0	33	0	11	0	-1	43	0	-1	0	2	24	3	0	-1	10	0	0	0	-1	39	0	-1	-1	0	9
c11500	0	8	0	-1	33	0	39	11	8	1	0	-1	0	-1	44	0	3	0	0	-1	-1	19	-1	0	-1	24	0	0	-1	0
c11504	0	0	-1	-1	2	39	39	11	-1	-1	-1	-1	42	0	25	24	3	26	0	0	1	0	0	-1	-1	0	0	0	37	39
c11525	0	0	-1	-1	2	0	0	11	0	-1	0	0	-1	0	-1	-1	3	0	0	42	0	0	0	4	39	0	-1	33	0	27
c11532	0	-1	11	-1	0	-1	0	11	2	0	43	0	0	-1	2	0	3	36	0	10	0	0	0	13	-1	42	0	-1	-1	-1
c11546	0	-1	11	0	0	0	0	11	-1	0	43	0	-1	48	2	24	3	0	0	-1	0	-1	5	0	39	9	0	0	0	9
c11555	-1	-1	0	0	-1	0	-1	11	40	-1	-1	0	-1	0	0	23	-1	-1	-1	0	33	33	0	4	39	0	-1	0	-1	27
c11571	-1	0	11	10	12	0	42	11	0	-1	0	0	-1	0	-1	0	3	0	0	10	-1	-1	0	0	39	0	0	35	36	0
c11601	0	-1	0	0	2	0	0	-1	-1	-1	-1	0	0	0	0	23	-1	0	0	0	8	0	-1	4	39	-1	-1	0	0	27
c11638	36	0	0	-1	2	0	0	11	0	-1	0	29	27	0	0	23	-1	-1	25	0	-1	0	13	-1	39	0	0	9	0	27
c11650	0	0	0	0	2	-1	0	11	0	-1	-1	9	0	0	48	23	-1	28	0	0	0	0	0	4	39	-1	0	-1	0	-1
c11661	13	0	11	0	-1	39	0	-1	4	0	-1	0	0	0	0	0	-1	0	45	-1	36	-1	-1	0	-1	0	0	29	0	19
c11676	42	0	11	-1	0	33	0	11	-1	0	43	0	0	0	2	-1	3	0	0	10	0	0	0	0	39	-1	0	-1	0	9
c11680	-1	0	0	0	2	24	0	11	0	-1	-1	0	4	26	0	23	3	-1	0	39	10	-1	26	4	39	12	5	28	-1	27
c11686	48	0	0	-1	2	0	39	11	0	-1	0	39	12	1	0	23	-1	12	9	0	10	-1	0	-1	39	12	30	0	0	27
c11704	26	0	11	0	21	0	0	11	0	0	43	0	0	48	2	0	3	0	0	-1	0	0	0	0	-1	46	0	0	-1	-1
c11717	0	0	0	0	2	-1	0	11	0	-1	0	11	0	-1	0	-1	3	-1	9	0	10	0	0	-1	39	12	45	0	0	27
c11738	0	0	11	47	0	-1	-1	11	0	-1	43	-1	-1	-1	2	24	3	0	0	10	0	-1	0	0	-1	9	0	39	39	9
c11747	0	0	0	0	2	0	11	11	0	-1	0	9	36	0	0	23	3	-1	0	-1	0	19	0	4	39	0	0	-1	0	27
c11757	11	0	11	0	29	0	0	11	0	-1	43	0	0	0	-1	24	3	0	0	10	-1	0	0	21	39	19	48	0	0	9
c11761	0	0	11	0	0	0	0	11	0	0	43	0	0	-1	2	0	3	0	-1	10	0	0	0	0	-1	0	0	0	-1	0
c11768	-1	0	-1	25	2	39	39	11	0	-1	0	0	-1	0	-1	0	3	26	0	0	0	26	0	-1	-1	-1	-1	0	37	39
c11775	0	-1	11	10	0	0	42	11	0	0	-1	0	10	0	0	0	3	0	0	10	-1	0	0	0	39	0	0	-1	0	0
c11778	-1	0	-1	0	-1	-1	-1	11	0	-1	0	0	-1	0	0	23	3	-1	-1	2	10	0	0	4	39	-1	-1	-1	0	27
c11784	0	-1	-1	25	2	39	39	11	0	-1	0	0	0	50	0	-1	3	0	0	0	0	-1	-1	4	39	-1	0	42	-1	0
c11787	27	-1	-1	-1	2	-1	39	11	0	-1	0	-1	0	-1	0	-1	3	0	0	0	0	0	0	4	39	0	49	0	37	-1
c11791	0	-1	0	0	2	0	0	11	0	-1	0	0	-1	-1	0	23	3	0	0	0	0	0	-1	4	-1	-1	-1	0	0	27
c11800	0	0	0	0	2	0	0	-1	-1	-1	0	0	0	-1	0	-1	3	29	0	32	-1	0	0	-1	39	0	0	-1	0	27
c11802	0	-1	11	0	0	-1	42	11	0	-1	0	0	-1	0	0	-1	-1	0	11	10	0	0	0	0	39	0	-1	0	-1	-1
c11813	0	0	1	0	2	0	0	-1	0	-1	0	0	0	48	0	23	3	0	0	42	29	0	-1	4	39	11	0	33	0	27
c11819	0	29	0	0	2	0	10	11	0	-1	43	0	25	0	-1	23	-1	0	9	0	0	0	39	-1	39	-1	0	1	39	27
c11822	-1	0	0	0	2	0	0	-1	0	-1	0	49	0	0	0	23	3	0	0	0	29	0	0	4	39	25	0	33	0	27
c11824	0	15	-1	0	-1	-1	23	11	33	27	43	-1	11	-1	2	24	3	0	0	10	48	-1	0	0	-1	-1	0	39	0	9
c11836	-1	10	11	0	-1	-1	0	11	2	0	43	25	0	0	2	24	3	0	-1	10	0	-1	-1	-1	39	9	0	39	0	9
c11842	0	36	-1	0	2	0	24	11	0	-1	0	0	0	0	-1	23	-1	-1	-1	15	10	18	26	-1	39	12	5	0	2	27
c11848	0	-1	0	0	2	-1	0	11	-1	-1	0	-1	0	0	0	23	-1	0	0	0	0	0	-1	4	39	-1	-1	35	4	27
c11849	0	-1	0	0	2	0	0	11	0	-1	0	0	-1	-1	0	23	3	0	0	-1	0	0	-1	4	-1	-1	-1	-1	4	27
c11852	0	25	-1	25	-1	39	39	-1	0	-1	-1	0	41	0	0	0	3	8	0	-1	10	0	0	4	39	0	0	0	37	-1
c11856	9	0	0	-1	2	0	0	11	36	-1	0	0	-1	0	0	-1	3	0	0	-1	-1	-1	0	4	39	0	0	33	0	27
c11865	-1	-1	11	0	0	0	42	11	0	0	0	0	0	0	-1	0	3	0	0	-1	-1	0	0	0	39	32	0	0	0	0
c11901	0	11	11	0	0	-1	0	11	0	-1	43	-1	0	0	-1	24	3	-1	0	10	0	-1	48	0	39	9	0	0	50	9
c11912	0	-1	-1	0	2	-1	0	-1	0	-1	19	11	12	13	0	23	3	-1	0	0	0	48	-1	-1	39	-1	0	0	39	27
c11934	-1	0	-1	-1	0	25	0	11	0	24	43	11	0	0	2	-1	3	0	0	10	0	-1	-1	-1	-1	0	0	0	0	9
c11951	0	0	0	-1	2	7	0	-1	0	-1	39	49	-1	0	0	23	-1	0	0	48	11	0	0	4	39	8	-1	0	43	27
c11955	0	0	0	49	2	0	-1	11	2	-1	0	-1	0	0	-1	23	3	0	-1	49	0	0	0	4	39	0	0	-1	-1	-1
c11958	0	0	0	-1	2	0	0	11	13	-1	0	0	-1	0	0	23	3	0	0	-1	0	33	0	4	39	-1	0	0	39	27
c11972	0	0	0	0	2	0	47	11	0	-1	0	9	45	46	-1	23	3	0	0	49	-1	11	-1	4	39	0	0	9	0	27
c11973	0	0	0	0	2	0	47	11	0	-1	0	9	45	46	-1	23	-1	0	0	49	0	11	0	4	-1	0	0	9	0	27
c11974	0	0	-1	-1	2	39	39	11	-1	-1	39	0	-1	42	0	0	3	0	-1	39	15	0	-1	-1	39	-1	0	0	37	0
c11985	0	-1	11	0	0	0	-1	11	0	0	43	0	-1	-1	-1	24	3	0	0	10	27	-1	43	0	39	-1	0	0	0	9
c11987	0	22	11	0	3	0	0	11	4	0	-1	0	0	25	0	0	-1	39	45	-1	0	26	-1	-1	39	11	0	29	0	19
c12017	0	0	-1	-1	2	7	0	11	0	-1	39	-1	-1	0	0	23	3	0	1	-1	11	-1	25	4	39	0	0	0	43	27
c12027	0	2	11	-1	0	0	0	11	33	0	43	45	0	0	2	24	3	26	0	10	0	-1	-1	0	39	0	0	0	21	9
c12028	0	0	11	0	0	0	0	11	-1	0	43	-1	-1	4	2	0	3	-1	19	10	-1	0	0	0	-1	0	0	0	-1	0
c12032	0	0	-1	-1	2	39	-1	-1	-1	-1	0	0	0	0	13	0	3	0	19	47	0	0	0	4	39	0	0	-1	37	0
c12054	11	36	2	0	-1	0	-1	11	26	-1	-1	-1	0	0	42	23	3	0	0	0	0	0	19	4	39	0	33	36	-1	27
c12069	0	0	-1	25	2	39	39	11	47	-1	-1	0	-1	0	13	0	3	0	0	47	0	0	0	4	39	0	0	-1	-1	-1
c12072	0	19	-1	25	2	39	39	11	18	-1	0	0	0	-1	0	0	3	0	1	15	-1	0	-1	4	-1	44	-1	42	37	11
c12093	-1	0	0	0	2	0	-1	11	42	-1	-1	0	11	-1	0	23	3	0	0	-1	10	0	26	4	39	-1	5	0	-1	27
c12105	0	0	-1	25	2	39	39	11	0	-1	-1	0	15	42	48	-1	-1	0	0	0	0	0	-1	4	-1	0	0	0	37	0
c12116	11	33	11	18	0	-1	0	-1	0	-1	43	47	0	0	2	24	3	-1	-1	-1	-1	0	0	21	39	0	0	-1	0	-1
c12133	0	-1	0	0	2	0	-1	11	0	-1	0	0	-1	0	-1	23	-1	0	-1	5	20	0	-1	4	39	-1	-1	24	-1	27
c12136	0	25	0	0	2	23	0	-1	0	-1	0	26	10	0	-1	23	3	0	0	0	36	-1	0	-1	39	25	0	33	-1	27
c12138	0	0	-1	25	-1	-1	39	11	0	-1	0	-1	41	10	-1	-1	3	-1	0	-1	48	-1	-1	4	39	-1	0	0	-1	33
c12147	0	0	-1	25	2	39	39	11	-1	-1	0	0	0	-1	0	48	-1	0	-1	-1	0	0	-1	-1	39	-1	0	0	-1	33
c12158	0	-1	-1	-1	2	0	0	11	0	-1	0	9	0	48	0	23	3	0	0	0	0	2	-1	4	-1	0	0	44	0	27
c12160	0	0	0	0	2	0	-1	11	8	-1	-1	18	0	0	0	-1	3	0	39	-1	-1	0	0	4	39	-1	0	33	-1	27
c12176	0	-1	0	0	0	-1	0	11	23	1	0	0	-1	4	0	11	3	0	0	-1	0	-1	42	26	-1	24	0	27	25	0
c12177	0	8	-1	0	-1	0	0	11	23	-1	0	-1	0	4	0	11	-1	17	0	0	0	0	42	26	39	24	0	-1	25	0
c12186	36	-1	0	0	-1	29	0	-1	0	-1	0	7	16	0	47	23	3	0	-1	0	0	-1	12	4	39	12	10	0	0	27
c12187	36	-1	-1	-1	2	29	-1	11	0	-1	0	7	16	0	47	23	3	0	-1	0	0	0	12	4	39	12	10	0	0	27
c12197	-1	0	-1	25	-1	39	39	-1	0	-1	0	0	-1	19	0	0	-1	-1	0	11	3	11	0	4	39	0	10	0	-1	1
c12199	0	0	11	0	-1	0	0	11	0	-1	-1	0	0	0	-1	24	3	0	0	10	27	-1	0	0	-1	9	0	11	0	-1
c12204	0	-1	0	0	2	7	32	-1	-1	-1	39	49	0	0	0	23	3	0	0	48	11	0	0	-1	-1	0	0	0	43	27
c12225	-1	-1	0	0	2	0	0	11	0	-1	0	0	-1	27	-1	23	3	0	0	0	0	33	0	4	39	-1	0	-1	39	-1
c12251	0	-1	0	41	-1	0	-1	11	8	1	0	-1	0	4	0	0	3	0	0	4	0	-1	42	0	-1	24	48	0	0	0
c12257	-1	0	11	-1	-1	0	42	11	-1	-1	0	0	-1	-1	0	-1	3	0	8	10	44	0	-1	0	-1	39	0	0	0	0
c12301	0	8	0	0	0	-1	0	11	0	-1	0	0	0	4	0	0	-1	0	0	-1	0	0	42	-1	39	24	0	0	0	0
c12303	9	0	-1	25	2	39	39	11	0	-1	-1	-1	11	1	8	9	3	0	0	0	0	0	-1	4	39	0	0	0	37	-1
c12304	0	0	0	0	2	-1	-1	11	0	-1	0	2	0	0	0	23	3	13	0	0	0	0	0	4	39	12	-1	0	11	-1
c12336	0	8	0	0	0	-1	-1	11	0	1	0	0	0	4	0	0	-1	0	0	0	0	0	42	19	39	24	0	0	0	11
c12341	47	0	-1	0	0	-1	42	11	0	-1	0	0	0	19	0	0	-1	-1	8	-1	0	0	0	0	-1	0	0	0	0	-1
c12356	0	19	-1	25	2	-1	39	11	0	-1	-1	-1	0	-1	0	35	3	0	0	0	0	0	0	4	39	0	-1	0	37	-1
c12357	0	19	-1	25	2	39	39	11	-1	-1	0	9	0	0	0	35	3	-1	0	0	0	0	-1	-1	39	0	46	0	37	4
c12358	-1	0	11	0	-1	-1	-1	-1	4	-1	0	2	-1	0	-1	9	3	0	45	10	0	26	-1	0	39	0	-1	29	26	19
c12363	0	0	-1	5	0	25	0	11	33	0	-1	0	0	-1	2	24	3	26	0	10	0	-1	0	0	39	-1	-1	-1	-1	-1
c12365	0	-1	11	-1	0	-1	0	11	0	-1	43	-1	0	0	-1	24	3	0	26	10	0	-1	48	0	39	9	-1	0	50	-1
c12373	42	0	11	-1	0	33	0	-1	-1	-1	-1	0	0	0	2	24	-1	10	0	10	0	0	0	0	-1	-1	0	0	0	9
c12384	-1	0	1	0	2	-1	0	11	0	-1	0	0	0	48	-1	23	-1	0	0	42	-1	-1	0	-1	-1	11	0	-1	0	-1
c12387	0	0	0	0	2	0	0	11	23	-1	0	42	-1	3	-1	23	-1	0	-1	0	0	33	14	-1	39	0	0	0	39	27
c12401	0	25	0	0	2	0	0	11	-1	-1	0	0	-1	-1	25	23	3	0	0	42	0	0	-1	4	-1	0	32	33	-1	27
c12403	0	0	29	0	2	-1	0	11	-1	-1	39	-1	0	-1	0	23	3	0	-1	-1	0	-1	0	4	39	26	0	0	43	27
c12406	19	8	-1	0	0	0	0	11	0	-1	0	0	0	4	0	-1	3	0	11	0	0	0	42	0	39	24	-1	27	25	0
c12408	0	0	-1	0	2	0	0	11	0	-1	35	0	4	26	0	-1	3	0	0	0	10	0	-1	4	39	12	-1	-1	0	27
c12444	0	0	-1	25	-1	39	39	11	39	-1	0	26	-1	0	10	0	3	0	-1	0	0	0	28	4	-1	0	0	-1	37	0
c12487	0	11	0	0	-1	-1	-1	11	-1	-1	0	0	0	0	43	23	3	0	23	-1	-1	0	-1	4	-1	-1	32	0	0	27
c12495	0	-1	0	19	2	-1	0	-1	0	-1	0	0	0	0	0	23	-1	0	0	-1	20	0	-1	4	39	0	-1	0	0	27
c12528	0	-1	-1	0	2	0	0	11	0	-1	0	9	0	-1	0	23	3	48	0	-1	0	-1	0	4	-1	0	-1	0	30	27
c12530	9	-1	11	-1	0	0	0	11	0	0	43	0	36	-1	2	-1	3	-1	0	10	39	-1	-1	0	39	-1	-1	-1	-1	9
c12541	11	0	11	0	0	0	0	11	0	0	-1	-1	0	0	2	24	3	0	-1	10	-1	0	0	21	39	0	0	0	-1	9
c12549	0	39	0	0	2	0	0	-1	0	-1	0	0	0	0	-1	23	3	35	-1	-1	0	0	39	4	39	0	-1	1	39	27
c12556	0	-1	-1	25	2	39	39	11	0	-1	-1	-1	0	45	-1	0	-1	0	15	0	0	-1	0	-1	39	0	0	26	37	0
c12562	0	11	-1	-1	2	-1	0	11	0	-1	0	-1	0	0	0	-1	-1	0	23	-1	10	0	26	4	39	-1	32	0	0	27
c12605	26	-1	1	0	2	0	0	11	0	-1	0	0	-1	48	-1	23	3	0	0	42	0	0	0	4	39	0	-1	-1	0	-1
c12636	0	0	11	12	0	25	0	-1	-1	0	43	-1	0	-1	-1	24	-1	0	0	10	0	0	0	0	39	0	0	0	0	9
c12664	-1	-1	11	-1	3	-1	0	-1	4	-1	-1	0	0	0	0	0	3	0	45	10	0	26	-1	0	39	0	0	29	0	-1
c12669	0	0	0	-1	-1	0	0	11	0	-1	0	42	-1	3	-1	23	3	0	45	0	-1	33	14	4	39	0	0	10	39	27
c12674	0	-1	0	0	2	0	0	11	0	-1	0	0	-1	13	0	-1	3	0	0	0	0	41	-1	-1	39	0	-1	0	0	-1
c12680	-1	0	0	0	2	0	-1	11	-1	-1	0	9	-1	0	1	23	3	0	0	0	29	0	0	-1	-1	0	0	-1	-1	-1
c12691	0	0	-1	0	-1	0	0	11	0	0	43	40	0	0	2	24	3	25	10	10	0	-1	-1	0	-1	9	0	0	0	9
c12696	0	0	-1	25	2	39	39	11	-1	-1	0	0	0	0	3	2	3	0	-1	0	29	-1	0	4	39	27	0	0	37	0
c12701	42	-1	11	-1	0	33	0	11	0	11	43	0	0	0	2	24	3	0	0	10	0	0	0	0	-1	0	-1	0	0	-1
c12702	0	0	-1	25	2	39	39	11	0	-1	0	0	0	50	0	0	3	43	-1	0	0	-1	-1	4	39	-1	0	42	37	0
c12730	-1	-1	-1	0	-1	0	0	-1	0	-1	19	0	39	48	0	23	3	0	0	42	0	0	0	4	39	0	-1	33	0	27
c12741	0	-1	0	41	33	0	0	-1	48	1	0	0	0	4	0	-1	3	0	19	-1	11	0	42	0	39	24	0	0	19	0
c12759	-1	0	-1	-1	2	39	39	-1	32	-1	0	47	0	0	0	-1	3	0	0	0	0	42	0	4	39	0	0	-1	37	0
c12778	0	0	-1	-1	-1	39	39	11	0	-1	0	0	-1	50	0	0	3	-1	0	0	0	0	-1	4	39	0	0	42	37	0
c12780	0	39	32	0	2	0	0	11	0	-1	0	9	0	0	0	23	3	0	0	0	39	0	0	4	-1	-1	0	0	0	27
c12799	46	0	-1	-1	2	39	39	11	0	-1	-1	0	15	-1	0	0	3	0	-1	0	15	-1	-1	-1	-1	0	-1	42	37	0
c12803	0	-1	0	0	0	0	0	-1	-1	1	-1	0	0	4	43	-1	3	0	-1	0	0	0	-1	-1	39	24	-1	27	25	0
c12809	0	0	-1	25	2	-1	39	11	0	-1	0	0	42	0	25	-1	3	26	0	0	-1	0	0	4	39	0	0	0	37	39
c12811	15	8	0	41	33	0	-1	11	0	1	0	0	0	4	36	0	3	25	-1	-1	0	0	-1	1	39	24	0	-1	19	0
c12845	-1	-1	-1	25	2	39	39	11	0	-1	0	0	0	-1	18	0	3	-1	0	0	0	36	0	4	39	0	0	0	-1	1
c12858	0	0	-1	25	2	-1	39	11	0	-1	0	-1	0	0	-1	-1	3	0	43	0	0	0	9	4	39	0	-1	0	37	0
c12864	0	0	11	15	0	-1	42	-1	0	0	0	0	0	19	0	0	3	0	-1	-1	0	0	0	0	39	0	0	0	0	-1
c12882	-1	0	0	0	2	11	-1	11	26	-1	0	37	0	0	0	-1	-1	29	4	32	0	0	0	4	39	0	0	29	-1	27
c12922	0	0	-1	47	0	0	-1	11	0	-1	43	0	0	-1	2	-1	3	0	0	10	0	-1	0	0	39	9	-1	39	-1	9
c12925	0	0	-1	25	2	39	39	11	0	-1	0	0	41	0	0	3	3	0	0	4	12	-1	0	4	39	0	-1	0	-1	0
c12931	0	0	11	0	0	-1	0	11	0	0	43	0	0	13	2	-1	3	0	0	10	-1	-1	0	0	39	42	0	0	0	36
c12943	0	0	-1	0	21	0	-1	11	0	0	43	0	0	0	2	0	3	0	0	10	-1	0	0	-1	-1	0	-1	0	48	0
c12948	0	0	0	0	2	7	48	11	0	-1	3	0	-1	29	0	23	-1	0	0	0	-1	33	0	4	39	0	0	-1	-1	-1
c12960	-1	0	11	0	0	29	0	11	0	0	43	0	0	-1	-1	24	3	0	0	10	-1	-1	0	0	39	9	11	0	0	9
c12969	42	0	-1	-1	0	33	0	11	0	0	43	0	0	0	2	-1	3	0	0	10	0	0	0	0	39	0	0	-1	0	9
c12983	11	8	-1	0	33	27	0	-1	-1	1	0	0	0	4	0	0	3	0	0	0	22	0	42	0	-1	24	0	0	0	0
c12992	13	0	0	0	2	0	-1	11	0	-1	-1	9	-1	0	0	23	3	25	-1	0	-1	0	0	4	39	0	48	11	0	-1
c13022	0	10	11	0	-1	34	0	11	2	0	43	25	0	-1	-1	24	-1	35	0	10	-1	-1	-1	-1	-1	9	0	-1	-1	9
c13038	9	0	0	0	2	0	18	11	36	-1	-1	-1	45	26	0	-1	3	0	9	0	10	0	0	4	-1	-1	0	-1	13	-1
c13040	42	0	11	-1	-1	25	0	-1	0	0	43	32	0	0	2	24	-1	-1	-1	10	0	0	0	0	39	35	-1	-1	0	9
c13058	-1	-1	32	11	0	0	25	11	0	1	0	9	9	4	0	0	3	0	0	0	0	0	-1	-1	39	24	-1	-1	0	0
c13067	28	0	0	0	2	0	0	-1	0	-1	-1	9	-1	29	0	-1	3	0	26	0	0	0	0	4	39	-1	48	0	19	27
c13096	-1	8	0	41	33	0	-1	11	-1	1	24	0	0	4	0	37	3	0	-1	-1	39	0	-1	43	39	24	37	0	-1	-1
c13098	0	-1	0	0	2	0	-1	11	0	-1	0	11	12	13	-1	23	3	-1	0	0	0	0	-1	4	39	0	0	-1	39	-1
c13114	0	-1	0	11	-1	-1	-1	11	0	-1	0	0	0	0	-1	-1	3	0	0	-1	0	0	-1	4	39	0	0	33	0	27
c13169	0	25	0	-1	2	23	-1	-1	0	-1	0	26	10	0	-1	23	3	0	-1	0	36	0	0	-1	39	25	0	33	0	27
c13174	0	-1	0	0	2	-1	27	11	0	-1	0	-1	0	0	-1	23	3	-1	0	49	0	0	-1	4	39	0	0	-1	0	27
c13184	0	0	0	0	2	-1	0	11	0	-1	0	9	0	0	21	23	3	0	0	-1	29	0	0	4	-1	0	-1	-1	19	27
c13204	46	0	1	0	-1	0	-1	11	-1	-1	0	0	-1	0	8	23	3	0	39	-1	0	0	0	4	39	0	0	33	14	-1
c13219	-1	-1	-1	0	14	0	42	11	0	0	0	0	21	0	0	47	3	0	-1	10	1	0	0	-1	39	3	-1	-1	0	36
c13223	36	0	19	0	2	0	-1	11	0	-1	-1	0	0	0	0	23	3	-1	0	0	0	0	13	4	39	0	0	0	0	27
c13225	0	0	-1	25	-1	39	39	11	19	-1	0	-1	-1	-1	0	0	3	0	0	4	-1	0	-1	-1	39	0	-1	0	-1	0
c13226	0	11	0	0	2	0	0	-1	0	-1	0	0	0	0	0	23	3	0	23	-1	-1	0	26	4	-1	-1	32	0	0	27
c13228	39	0	-1	-1	0	0	42	-1	-1	0	-1	-1	-1	-1	41	-1	3	0	0	10	0	-1	-1	-1	39	0	0	-1	0	0
c13236	-1	0	11	0	-1	-1	0	11	0	0	43	0	0	4	2	-1	-1	0	19	-1	0	-1	0	-1	-1	0	11	0	48	0
c13242	-1	0	1	0	2	0	0	11	10	-1	0	0	0	48	0	23	3	-1	0	42	0	0	0	-1	-1	0	0	33	-1	27
c13250	0	8	0	0	0	-1	0	11	0	1	0	0	0	4	0	-1	3	1	0	0	-1	-1	42	0	39	24	0	0	0	50
c13252	0	0	0	15	2	19	0	-1	0	-1	0	0	0	-1	0	23	3	0	0	-1	0	0	13	4	-1	0	13	0	0	27
c13299	0	0	-1	-1	2	39	39	-1	0	-1	-1	0	0	0	0	0	-1	-1	0	-1	0	10	0	4	39	11	-1	0	37	-1
c13313	0	0	0	0	2	-1	36	11	0	-1	-1	0	-1	3	-1	23	3	0	45	0	0	33	14	4	-1	0	0	0	39	-1
c13321	0	-1	48	0	-1	0	0	11	-1	-1	19	27	0	-1	0	-1	3	0	9	0	-1	-1	-1	4	39	0	0	-1	39	27
c13357	0	0	0	0	2	0	7	11	8	-1	0	0	8	-1	0	-1	-1	0	0	-1	0	0	0	4	39	-1	0	33	-1	27
c13359	-1	8	0	0	33	0	0	11	-1	1	0	0	0	4	-1	14	-1	-1	16	25	-1	0	42	0	39	24	0	0	0	0
c13370	0	0	-1	25	2	39	39	11	0	-1	0	-1	38	41	-1	0	3	-1	0	0	0	0	0	4	39	0	25	0	-1	-1
c13371	0	0	-1	25	2	39	39	11	0	-1	0	-1	38	41	-1	0	3	0	0	0	0	-1	0	4	39	0	25	0	-1	-1
c13372	0	0	11	0	-1	0	0	11	0	0	43	0	32	0	2	-1	-1	0	-1	-1	-1	0	0	-1	-1	0	0	0	-1	-1
c13378	0	0	-1	25	2	-1	39	11	0	-1	33	-1	0	0	0	0	3	-1	0	0	3	0	11	4	-1	0	-1	0	37	1
c13391	0	0	0	0	2	29	36	11	0	-1	0	0	-1	-1	0	-1	3	0	45	0	-1	-1	14	4	39	0	-1	-1	-1	27
c13393	-1	29	48	0	2	0	0	-1	-1	-1	-1	-1	25	-1	0	23	3	0	9	-1	-1	0	-1	-1	39	0	0	-1	39	-1
c13408	39	48	-1	-1	0	-1	42	11	11	-1	-1	0	0	0	41	0	3	0	10	10	0	-1	0	0	39	-1	-1	0	35	0
c13410	0	0	-1	-1	-1	-1	39	-1	-1	-1	0	0	-1	0	-1	0	3	-1	-1	0	-1	0	28	4	-1	-1	0	39	37	-1
c13426	42	0	11	-1	0	33	-1	11	-1	-1	43	0	0	0	2	24	3	-1	0	-1	0	0	0	0	39	-1	0	0	0	9
c13430	33	25	0	-1	2	0	0	-1	0	-1	0	-1	0	0	0	23	3	0	9	42	0	0	0	4	39	0	0	-1	0	-1
c13440	-1	8	32	11	0	-1	25	11	17	1	0	0	0	4	-1	-1	3	0	39	0	0	0	42	-1	39	-1	-1	-1	0	0
c13448	28	-1	0	0	2	0	-1	-1	0	-1	39	9	0	29	48	23	3	0	26	0	0	0	0	4	39	0	48	0	-1	-1
c13454	0	-1	0	-1	2	-1	0	11	-1	-1	39	49	0	0	-1	23	3	0	0	-1	0	0	0	4	39	-1	0	-1	43	27
c13469	2	-1	11	0	0	14	0	11	45	0	-1	0	0	-1	2	24	3	0	0	10	39	-1	-1	0	39	9	0	-1	0	9
c13471	0	0	-1	25	-1	39	39	11	0	-1	0	39	0	0	0	0	3	-1	0	0	0	0	0	4	39	0	0	15	37	0
c13479	10	0	11	-1	0	0	0	11	0	0	43	0	0	0	2	0	-1	-1	-1	-1	0	29	0	-1	39	-1	0	0	0	0
c13491	-1	-1	-1	0	0	11	42	-1	1	0	0	0	41	0	34	0	3	0	34	10	0	0	-1	0	39	0	39	48	0	0
c13506	-1	0	0	15	2	0	-1	11	0	-1	0	-1	0	0	0	23	3	0	0	0	0	0	13	4	39	0	13	0	0	27
c13536	0	0	11	0	-1	0	47	11	-1	-1	-1	9	45	0	-1	23	3	0	0	-1	0	0	0	-1	39	-1	42	9	0	27
c13546	0	25	-1	0	-1	0	0	11	0	-1	-1	9	-1	0	0	-1	-1	11	0	42	0	-1	-1	4	39	25	0	33	0	27
c13547	0	25	0	0	-1	0	0	11	0	-1	0	9	-1	0	0	23	3	11	0	42	-1	0	-1	-1	39	-1	0	33	-1	27
c13577	-1	-1	4	0	-1	0	-1	11	0	-1	0	0	0	0	0	23	3	0	9	-1	0	11	39	4	-1	0	0	1	39	27
c13580	0	-1	-1	0	0	0	0	11	-1	0	43	0	0	48	-1	24	3	0	0	10	-1	-1	5	0	39	9	0	0	0	9
c13594	0	11	11	0	-1	0	0	-1	33	0	43	0	-1	0	2	-1	3	-1	0	10	0	-1	0	0	39	39	26	25	0	9
c13605	0	29	0	-1	2	0	9	11	0	-1	0	4	0	0	2	23	-1	0	-1	0	0	34	-1	4	39	12	-1	0	-1	27
c13634	42	0	11	-1	0	33	0	11	0	0	-1	0	-1	0	2	-1	-1	0	-1	10	-1	0	0	0	39	-1	0	4	0	9
c13635	42	0	11	-1	-1	33	0	11	0	0	43	0	0	-1	2	24	3	-1	-1	10	0	0	0	0	39	0	-1	4	0	9
c13639	0	-1	-1	25	2	39	39	11	0	-1	11	-1	38	0	0	0	3	-1	0	-1	-1	0	0	-1	39	0	0	19	-1	-1
c13658	0	0	11	-1	0	-1	0	11	-1	-1	-1	0	0	-1	2	24	-1	26	0	10	0	-1	-1	0	39	-1	0	0	43	9
c13661	-1	8	0	11	0	-1	25	11	-1	1	0	-1	0	-1	-1	-1	-1	0	0	48	0	0	42	0	-1	24	-1	0	0	-1
c13667	0	29	1	0	2	-1	0	11	0	-1	0	9	0	-1	0	23	-1	0	0	42	0	0	0	4	-1	9	25	33	-1	-1
c13674	0	0	48	0	-1	0	0	11	48	-1	-1	0	0	0	0	23	3	0	-1	0	-1	0	0	4	-1	-1	0	-1	-1	27
c13682	-1	0	0	0	-1	0	0	11	8	-1	0	18	0	0	0	-1	3	0	39	-1	-1	-1	35	4	39	-1	0	-1	28	27
c13684	0	-1	0	0	2	-1	0	11	0	-1	0	11	12	13	-1	23	3	-1	0	0	0	48	-1	-1	39	-1	0	0	39	27
c13696	0	0	11	0	0	-1	42	11	0	0	0	0	-1	-1	0	0	3	0	8	10	0	9	0	0	39	0	0	0	1	0
c13701	28	0	0	-1	2	0	0	-1	-1	-1	-1	9	0	-1	0	23	3	0	26	-1	0	0	0	-1	-1	0	48	-1	0	27
c13708	0	-1	-1	11	-1	0	25	11	0	-1	-1	39	-1	4	0	0	3	0	0	0	19	0	42	-1	39	24	-1	0	0	0
c13714	0	0	-1	25	2	39	39	11	0	-1	0	-1	38	0	-1	0	3	0	-1	-1	-1	-1	0	4	39	-1	0	-1	-1	-1
c13725	0	0	0	0	2	0	0	11	-1	-1	0	0	-1	10	0	-1	3	0	0	0	26	-1	14	4	39	0	0	0	39	27
c13731	28	0	0	0	2	0	-1	-1	0	-1	-1	9	0	29	-1	23	3	0	-1	0	0	-1	0	4	39	0	48	0	0	27
c13744	-1	0	11	0	0	0	42	11	0	0	0	-1	17	0	0	0	3	0	0	10	0	48	-1	0	39	0	0	0	0	-1
c13746	-1	0	11	0	21	-1	0	11	0	0	43	-1	0	0	2	0	3	0	0	10	0	0	0	-1	-1	0	0	0	48	-1
c13781	0	0	11	0	0	0	0	11	33	19	43	0	0	0	2	24	-1	0	-1	10	-1	-1	0	0	39	-1	26	25	0	9
c13785	11	0	11	0	3	0	0	11	4	0	0	-1	-1	0	0	0	3	0	-1	10	0	26	-1	0	39	0	0	29	-1	19
c13791	0	0	0	0	2	0	0	11	-1	-1	0	0	-1	10	-1	-1	3	0	48	0	26	-1	14	4	39	0	0	0	-1	-1
c13794	0	-1	-1	25	2	39	39	11	0	-1	0	0	-1	0	0	0	-1	33	0	0	48	0	0	4	39	0	0	0	37	-1
c13802	0	8	0	12	33	0	0	11	-1	1	-1	0	-1	4	22	0	3	0	0	10	0	0	-1	0	39	24	8	-1	-1	0
c13847	0	0	0	11	-1	14	0	-1	0	-1	42	0	0	0	0	23	3	0	0	0	0	-1	-1	4	39	12	2	0	0	-1
c13849	9	0	0	0	2	0	18	11	36	-1	0	0	0	0	0	23	3	0	9	0	-1	0	48	4	39	12	0	-1	-1	27
c13865	0	0	-1	25	2	39	-1	11	0	-1	-1	0	41	0	-1	0	3	0	0	4	0	0	2	4	39	0	37	0	37	0
c13876	0	-1	-1	25	2	39	39	11	0	-1	1	-1	38	0	24	0	3	44	0	-1	0	0	-1	-1	39	29	0	0	-1	-1
c13886	0	1	-1	-1	2	39	-1	11	0	-1	0	-1	0	0	39	1	-1	0	0	0	0	-1	-1	4	39	0	0	-1	37	-1
c13911	0	0	11	47	0	0	-1	-1	0	27	43	-1	0	11	2	24	3	0	0	10	0	-1	0	0	-1	9	0	39	39	-1
c13913	-1	25	32	0	-1	-1	0	11	0	-1	0	0	9	0	0	23	3	0	-1	42	0	0	0	4	39	48	0	33	-1	27
c13919	0	8	0	12	33	0	0	11	0	1	0	0	0	-1	19	0	3	0	0	0	-1	-1	-1	48	-1	24	0	33	0	0
c13932	0	8	0	0	-1	0	0	-1	23	1	0	0	0	4	0	11	3	0	0	-1	-1	-1	-1	0	39	24	0	27	25	0
c13934	0	0	-1	0	2	0	0	11	0	-1	0	42	-1	3	0	23	3	19	45	35	0	33	14	4	39	0	0	0	-1	27
c13935	0	0	0	0	2	0	0	11	0	-1	-1	42	-1	3	0	23	3	-1	45	35	0	33	-1	4	39	0	0	0	-1	27
c13936	0	0	-1	-1	2	7	0	11	0	-1	39	-1	0	2	0	23	3	0	0	-1	11	0	25	4	39	0	0	0	43	27
c13950	28	0	28	0	2	0	0	-1	0	-1	-1	9	0	-1	0	-1	3	0	26	0	0	0	-1	4	39	0	48	0	0	27
c13953	0	-1	0	-1	2	0	26	11	0	-1	0	0	0	13	-1	23	3	0	0	0	0	0	-1	-1	39	-1	0	0	-1	27
c13961	0	0	1	0	2	-1	0	11	0	-1	0	0	0	48	-1	23	-1	-1	-1	42	0	-1	47	4	39	0	0	-1	0	27
c13965	-1	-1	-1	0	-1	0	0	11	0	-1	0	0	0	0	0	23	-1	0	0	42	39	-1	0	4	39	0	0	-1	-1	27
c13975	0	-1	48	15	2	0	0	11	0	-1	0	0	0	11	-1	23	3	0	9	0	-1	0	-1	4	39	0	0	1	39	-1
c13976	-1	-1	0	0	2	0	0	-1	-1	-1	0	-1	0	0	0	23	-1	0	0	-1	20	0	-1	4	39	0	-1	0	0	27
c13985	28	22	0	0	-1	0	0	-1	0	-1	0	-1	-1	29	0	-1	3	0	-1	0	0	0	0	4	39	-1	48	0	0	27
c14009	42	0	-1	-1	0	-1	0	11	0	-1	-1	0	0	0	-1	24	3	-1	0	-1	0	0	0	0	39	-1	0	-1	0	9
c14029	39	0	-1	-1	2	13	-1	11	0	-1	0	2	0	0	-1	23	-1	0	0	-1	-1	0	0	4	39	12	0	0	11	27
c14033	-1	2	11	0	0	0	0	11	33	0	43	45	-1	0	2	24	3	26	0	10	0	-1	0	-1	39	0	0	0	21	9
c14055	0	-1	-1	24	0	0	0	11	-1	0	43	0	0	0	2	0	-1	0	27	10	48	-1	0	32	39	0	0	0	0	48
c14077	0	-1	11	0	17	15	-1	11	0	0	43	0	0	48	2	24	3	0	0	10	39	-1	5	0	39	-1	0	0	0	9
c14099	0	10	11	0	0	0	42	11	0	0	0	0	12	0	-1	0	3	42	11	10	-1	0	0	25	39	0	-1	0	-1	4
c14112	1	0	-1	0	4	-1	39	11	29	0	43	0	0	49	2	24	3	0	-1	10	39	-1	-1	0	39	9	0	0	-1	9
c14124	0	0	-1	25	2	39	39	11	0	-1	0	47	0	-1	0	0	3	0	0	0	-1	0	-1	4	-1	0	0	0	37	0
c14140	-1	8	0	41	33	0	0	-1	-1	1	-1	-1	0	4	0	0	3	0	0	4	-1	0	42	-1	39	24	48	0	-1	0
c14144	39	0	11	0	-1	-1	42	11	0	0	0	0	0	0	41	0	3	-1	0	10	0	0	0	0	39	-1	-1	0	0	0
c14169	0	-1	11	-1	0	0	0	11	0	0	43	-1	0	48	2	24	3	0	0	10	0	-1	5	2	-1	9	0	0	-1	-1
c14180	0	-1	10	0	2	12	36	11	1	-1	0	0	-1	3	0	23	3	-1	45	0	0	33	14	4	39	0	0	0	39	27
c14185	0	0	-1	25	2	39	-1	11	0	-1	0	28	0	-1	0	23	3	19	0	0	30	0	-1	4	39	0	-1	-1	-1	-1
c14209	0	0	-1	0	2	0	0	11	19	-1	-1	0	0	0	-1	23	3	0	0	19	-1	-1	0	4	39	12	0	-1	0	27
c14210	0	0	-1	25	2	39	39	11	0	-1	0	0	0	0	0	0	3	0	0	0	-1	10	0	4	39	0	0	0	37	0
c14231	0	8	0	41	33	-1	0	11	0	1	0	0	0	4	-1	0	3	-1	0	-1	29	0	-1	-1	-1	24	0	0	19	0
c14246	0	25	0	0	-1	-1	0	11	-1	-1	0	-1	0	-1	25	-1	3	0	-1	-1	0	35	1	-1	39	0	32	33	0	-1
c14247	0	-1	-1	0	-1	0	0	11	-1	-1	0	-1	0	-1	25	23	3	0	-1	42	0	-1	1	4	39	0	32	33	0	27
c14253	0	0	11	0	-1	-1	42	11	0	0	-1	0	16	-1	0	28	3	0	0	-1	0	11	0	0	39	-1	0	-1	-1	0
c14266	0	19	-1	-1	2	39	39	11	-1	-1	0	0	0	-1	0	35	3	0	-1	0	0	0	0	4	39	0	-1	0	37	0
c14267	0	19	-1	25	2	39	39	11	0	-1	0	-1	-1	0	0	35	-1	0	0	0	0	0	0	4	39	0	0	0	37	-1
c14272	-1	0	11	0	0	0	0	11	0	0	43	1	0	13	2	0	3	-1	0	-1	0	-1	0	0	39	0	0	0	0	-1
c14273	-1	0	11	0	0	-1	25	11	0	-1	-1	-1	0	13	2	-1	3	0	0	-1	0	29	0	-1	39	0	0	0	0	36
c14279	-1	0	1	48	2	0	0	11	0	-1	0	0	48	0	0	23	3	0	0	42	0	0	46	-1	39	0	0	33	0	27
c14282	36	-1	0	-1	2	0	0	11	0	-1	0	0	0	0	0	23	3	0	0	-1	0	0	13	4	39	0	0	0	0	27
c14288	0	-1	11	-1	-1	0	0	11	0	27	43	36	11	0	2	24	3	0	0	10	0	-1	0	10	39	9	0	39	0	9
c14295	0	0	-1	11	2	0	-1	11	0	-1	0	-1	12	-1	-1	23	-1	0	0	0	0	0	0	4	-1	12	0	0	11	27
c14297	0	0	-1	47	0	-1	-1	11	-1	27	43	-1	0	11	2	24	3	0	0	10	0	-1	-1	0	39	-1	0	-1	39	9
c14312	-1	0	-1	0	-1	0	0	-1	-1	-1	0	0	0	0	42	23	3	0	0	0	0	0	13	-1	-1	0	0	0	0	27
c14315	0	15	0	-1	2	7	0	-1	0	-1	-1	49	0	2	0	23	3	0	-1	48	11	0	0	4	39	0	0	42	43	-1
c14321	0	-1	-1	-1	0	-1	0	-1	0	-1	43	0	0	48	2	24	3	0	0	10	0	-1	5	-1	39	9	-1	0	35	9
c14323	0	0	0	0	2	0	27	11	0	-1	-1	0	5	0	-1	23	3	-1	9	0	0	0	39	4	39	0	0	1	39	27
c14334	0	-1	-1	25	2	39	-1	11	0	-1	-1	-1	-1	0	11	-1	3	-1	-1	0	-1	0	0	4	39	11	2	0	37	-1
c14337	0	-1	11	0	-1	39	33	-1	4	-1	-1	0	0	0	0	0	3	0	45	10	0	26	-1	0	39	-1	0	29	0	19
c14343	0	0	-1	0	2	0	27	11	0	-1	0	-1	45	0	-1	23	3	0	0	49	-1	-1	0	-1	39	0	-1	9	-1	27
c14344	0	-1	11	0	0	0	0	-1	-1	0	43	0	-1	0	2	0	3	0	0	10	0	0	0	0	-1	0	0	0	48	0
c14347	39	0	-1	25	2	-1	-1	-1	-1	-1	0	46	-1	-1	0	-1	3	0	-1	0	0	9	0	4	-1	48	0	0	-1	0
c14356	0	-1	-1	0	-1	0	0	11	0	0	43	0	0	48	2	24	3	0	0	10	0	-1	-1	0	39	-1	-1	0	-1	9
c14360	0	-1	0	-1	2	0	0	11	0	-1	0	-1	0	-1	0	23	3	0	0	0	0	0	-1	-1	39	-1	-1	35	4	27
c14361	0	-1	-1	0	2	0	-1	11	0	-1	-1	-1	-1	0	0	23	3	0	0	0	0	0	-1	4	39	-1	-1	35	4	27
c14365	-1	0	-1	25	2	39	-1	11	0	-1	29	0	-1	-1	-1	-1	-1	18	0	4	-1	-1	0	4	39	0	37	0	37	0
c14369	-1	-1	-1	0	33	27	-1	-1	9	1	0	0	-1	4	0	0	-1	0	-1	0	-1	25	42	0	-1	24	0	2	0	0
c14383	-1	29	0	0	2	-1	0	11	-1	-1	-1	0	0	0	0	23	3	0	-1	0	-1	0	13	4	39	0	0	0	-1	-1
c14384	-1	-1	0	0	-1	0	-1	11	26	-1	0	0	0	0	-1	23	-1	11	0	-1	-1	0	0	4	39	0	0	0	27	27
c14387	-1	8	0	0	0	-1	0	11	0	1	0	-1	0	4	-1	-1	3	-1	0	0	0	0	42	0	39	24	0	0	0	0
c14418	4	0	-1	25	2	-1	39	-1	0	-1	0	0	-1	0	1	0	3	-1	0	4	0	0	0	4	-1	0	-1	0	37	0
c14419	4	0	-1	25	2	-1	39	-1	0	-1	0	0	41	0	1	0	-1	0	0	4	0	0	0	4	-1	0	37	0	-1	0
c14429	0	9	11	0	0	0	42	11	0	47	0	-1	0	-1	0	-1	3	0	11	10	-1	0	0	0	39	0	0	0	0	4
c14433	0	0	4	0	2	0	-1	-1	0	-1	0	0	0	-1	-1	23	-1	-1	9	0	0	11	-1	4	39	0	0	1	39	27
c14438	0	0	11	0	0	0	-1	11	0	0	-1	0	0	13	-1	0	3	0	0	10	0	29	0	0	39	-1	0	0	0	-1
c14446	0	8	-1	0	0	-1	0	11	-1	1	0	0	0	4	0	0	3	0	0	0	-1	0	42	0	-1	24	0	-1	-1	0
c14447	0	8	0	0	0	-1	0	11	-1	1	-1	0	0	-1	0	0	3	0	-1	0	0	0	42	0	39	24	0	0	-1	0
c14449	0	21	-1	25	2	39	39	11	0	-1	0	-1	-1	-1	8	0	3	1	0	43	0	33	-1	4	39	0	0	26	37	19
c14450	-1	0	11	33	0	0	0	-1	0	0	43	0	-1	19	-1	-1	3	-1	0	10	0	0	0	21	39	-1	0	0	0	9
c14452	0	8	0	0	0	-1	39	11	-1	-1	0	-1	-1	4	0	-1	-1	0	48	21	0	10	42	0	39	24	-1	-1	0	-1
c14453	0	-1	0	0	-1	-1	39	-1	0	-1	0	0	0	4	-1	0	3	0	-1	21	-1	10	-1	0	39	24	0	0	0	0
c14455	11	-1	0	0	33	27	0	11	0	1	0	-1	-1	4	24	-1	3	-1	0	0	0	-1	42	-1	39	24	0	0	0	0
c14458	0	-1	0	41	33	0	0	11	-1	-1	-1	27	-1	4	36	0	3	24	0	-1	-1	0	42	0	-1	24	0	10	-1	0
c14478	0	0	0	0	-1	14	0	11	0	-1	42	0	0	0	0	23	-1	0	0	0	0	-1	2	4	-1	12	0	0	0	27
c14480	-1	0	1	0	2	0	0	11	0	-1	19	0	39	48	9	23	3	0	-1	42	0	0	0	-1	39	0	0	33	0	27
c14489	0	-1	0	41	33	0	0	11	0	-1	0	26	36	4	36	0	3	25	43	-1	-1	0	42	0	-1	24	0	0	19	-1
c14492	0	-1	-1	0	2	0	0	11	0	-1	-1	0	0	0	0	23	-1	0	-1	5	20	-1	-1	4	39	0	-1	24	-1	27
c14497	0	0	-1	-1	2	39	39	11	0	-1	9	0	0	0	0	0	3	0	-1	-1	-1	0	-1	4	39	-1	0	0	37	0
c14525	-1	48	-1	0	2	0	29	11	0	-1	0	0	0	-1	-1	23	-1	0	9	0	10	0	0	4	39	12	30	0	-1	27
c14526	2	0	-1	0	0	14	0	-1	21	0	43	0	-1	0	2	24	3	0	0	10	39	-1	-1	0	-1	9	48	0	0	-1
c14528	0	0	36	0	2	-1	0	11	0	-1	-1	0	0	-1	0	23	3	0	-1	0	0	0	0	-1	39	12	0	0	-1	27
c14534	-1	-1	0	-1	2	-1	0	-1	0	-1	-1	0	0	-1	-1	23	3	0	36	0	0	0	-1	4	39	0	0	0	29	27
c14550	0	0	0	0	2	7	48	11	0	-1	3	-1	-1	29	0	23	3	11	-1	-1	0	33	0	4	39	0	0	0	-1	27
c14561	0	22	11	0	3	0	0	11	4	0	-1	0	0	25	0	-1	3	0	45	-1	0	26	-1	-1	39	11	0	29	0	19
c14562	0	0	0	0	-1	0	-1	11	0	-1	0	0	-1	0	-1	23	3	-1	0	0	0	33	36	4	39	0	-1	1	39	27
c14568	11	0	11	0	0	0	0	11	0	0	43	47	0	0	2	24	3	10	-1	10	-1	-1	0	21	39	39	0	-1	0	-1
c14586	-1	0	11	-1	0	0	0	11	33	0	43	0	0	0	-1	-1	3	26	0	10	1	-1	0	0	39	0	0	0	43	-1
c14592	0	0	-1	-1	-1	39	39	11	-1	-1	0	39	0	0	10	0	3	0	0	0	0	0	0	4	39	11	0	0	37	49
c14612	-1	0	-1	25	2	39	39	11	-1	-1	0	-1	41	0	0	-1	-1	0	0	0	0	0	0	4	-1	2	-1	-1	37	0
c14617	0	-1	-1	-1	-1	0	0	11	0	0	43	0	0	0	-1	24	3	0	-1	10	-1	-1	-1	1	39	-1	-1	0	5	9
c14681	0	0	11	0	0	4	0	11	0	0	43	44	0	10	-1	-1	3	0	0	10	39	-1	11	0	39	-1	0	0	18	9
c14687	0	0	-1	25	2	39	-1	11	39	-1	0	8	0	0	0	-1	3	0	-1	0	-1	0	0	4	39	0	-1	10	37	-1
c14698	0	11	48	0	-1	0	0	-1	-1	-1	0	0	0	0	0	23	3	0	9	0	-1	0	0	4	39	0	0	1	39	27
c14699	0	-1	48	-1	-1	-1	-1	11	-1	-1	0	0	0	0	0	23	3	-1	-1	0	-1	0	-1	-1	39	0	0	-1	39	27
c14702	-1	0	11	-1	-1	-1	42	11	0	27	0	-1	0	0	0	47	3	0	-1	-1	1	-1	-1	-1	-1	3	0	0	39	36
c14707	42	0	11	-1	0	33	0	11	0	47	-1	0	-1	0	2	24	3	0	0	10	0	0	0	0	39	0	0	0	0	9
c14727	42	0	11	-1	0	33	0	11	0	0	43	0	-1	0	2	24	-1	0	0	10	-1	0	-1	-1	39	-1	0	-1	0	9
c14731	0	-1	11	0	0	-1	0	11	0	5	43	-1	0	48	2	24	-1	0	1	10	0	-1	5	0	-1	9	0	0	0	9
c14733	11	0	11	0	29	-1	0	11	0	26	43	0	-1	0	2	24	3	0	-1	10	0	0	-1	21	39	0	0	0	-1	9
c14734	0	0	-1	0	2	0	0	-1	42	-1	0	0	0	2	0	23	3	0	0	0	-1	0	26	4	39	-1	5	0	0	27
c14738	-1	8	0	11	0	-1	25	11	0	1	0	-1	-1	-1	0	41	3	17	0	10	-1	-1	42	0	-1	24	-1	0	0	0
c14743	0	-1	-1	0	-1	-1	0	-1	-1	-1	-1	49	0	0	0	23	3	0	0	26	0	-1	0	4	39	0	0	0	43	27
c14761	0	8	-1	0	0	-1	0	11	0	-1	0	-1	4	4	0	0	-1	0	0	0	0	-1	42	0	39	24	-1	0	0	36
c14775	0	0	0	0	2	0	8	11	0	-1	0	42	-1	3	0	23	3	0	45	-1	0	33	14	4	39	0	-1	0	39	27
c14778	0	-1	0	8	-1	12	-1	11	0	1	0	0	28	4	0	-1	3	27	0	-1	0	0	42	0	39	24	0	27	25	0
c14789	0	0	11	-1	3	0	0	11	4	21	0	-1	0	0	0	0	3	0	45	-1	-1	26	-1	0	39	0	0	29	0	19
c14809	0	8	0	-1	33	0	0	-1	12	1	24	-1	0	4	0	0	3	0	0	-1	39	-1	42	43	39	24	37	0	-1	-1
c14814	42	0	-1	-1	0	33	0	11	0	0	-1	0	-1	-1	2	-1	3	-1	-1	-1	0	0	0	-1	39	-1	-1	0	0	9
c14823	0	-1	11	0	-1	0	-1	11	-1	0	0	0	0	0	0	0	3	-1	11	10	9	0	0	37	39	1	-1	-1	0	4
c14829	42	0	11	-1	-1	33	-1	11	0	-1	43	0	-1	0	2	24	3	39	29	10	0	0	0	-1	39	-1	47	-1	0	9
c14843	0	39	11	-1	0	0	-1	11	29	0	0	3	0	11	0	0	3	-1	0	10	0	0	0	0	-1	0	0	-1	0	0
c14847	0	35	0	0	2	0	27	-1	0	-1	8	48	0	0	0	23	3	0	9	0	0	-1	39	-1	39	25	0	1	39	27
c14857	0	0	0	16	-1	0	0	11	-1	-1	0	0	0	0	9	23	3	-1	-1	0	-1	-1	39	4	39	29	-1	1	-1	27
c14860	0	8	0	11	0	0	25	11	-1	-1	0	0	0	4	0	-1	3	0	-1	0	0	0	42	-1	39	24	-1	0	0	0
c14864	0	0	-1	0	0	0	-1	11	-1	0	43	0	0	-1	2	27	3	45	0	-1	0	29	-1	-1	39	-1	0	0	0	-1
c14870	0	0	11	0	0	-1	42	11	0	0	-1	0	-1	0	2	0	3	-1	33	10	0	0	0	-1	39	-1	0	0	-1	4
c14903	-1	0	-1	25	2	-1	-1	11	33	-1	0	0	0	-1	0	0	3	0	0	0	-1	0	-1	4	39	0	0	-1	37	0
c14920	36	0	-1	0	2	-1	0	11	0	-1	-1	0	0	0	0	23	3	0	-1	0	9	0	-1	-1	39	0	-1	19	0	27
c14923	0	8	0	41	-1	-1	0	11	0	1	-1	0	0	4	-1	0	3	10	48	4	0	0	42	-1	39	24	-1	0	0	0
c14924	0	0	-1	0	-1	0	-1	11	48	-1	0	-1	-1	0	0	-1	3	0	9	0	-1	-1	-1	4	39	0	0	-1	39	27
c14935	-1	0	0	-1	-1	0	11	11	-1	-1	0	9	36	0	0	23	3	0	0	0	-1	19	0	4	39	0	-1	0	0	27
c14956	27	-1	11	12	-1	0	0	11	0	0	-1	-1	0	-1	2	24	-1	0	0	10	-1	-1	5	0	39	-1	0	0	0	9
c14957	27	-1	11	12	0	0	0	11	0	0	43	0	0	-1	2	24	3	0	0	10	-1	-1	-1	0	-1	9	0	0	0	-1
c14981	0	0	0	0	2	-1	48	11	-1	-1	0	0	0	0	0	23	3	-1	0	-1	0	0	-1	4	39	0	0	-1	0	27
c14993	0	-1	11	0	3	0	0	11	-1	0	0	-1	0	0	44	0	3	29	-1	-1	-1	26	-1	0	-1	0	0	29	0	-1
c15030	0	0	0	0	2	0	0	-1	-1	-1	0	49	0	-1	0	23	3	-1	0	39	-1	-1	0	4	39	25	-1	33	0	27
c15037	42	48	11	-1	0	-1	9	11	47	0	43	-1	0	0	2	-1	-1	0	-1	10	9	0	0	0	39	0	-1	-1	0	9
c15047	0	0	-1	0	2	0	0	11	0	-1	0	9	0	-1	0	23	3	0	0	0	-1	0	0	-1	-1	0	0	27	0	27
c15063	-1	0	48	15	2	45	0	11	0	-1	0	0	0	0	0	23	3	0	9	0	-1	-1	0	4	39	0	0	1	39	27
c15091	-1	0	-1	0	3	25	0	-1	4	0	0	0	-1	0	0	0	3	0	45	10	-1	26	-1	-1	39	0	0	29	0	19
c15094	0	0	-1	0	2	0	0	11	0	-1	9	9	-1	-1	0	23	3	0	0	0	-1	0	-1	4	39	0	0	-1	0	27
c15102	0	0	0	0	-1	-1	0	11	19	-1	0	27	0	0	0	-1	3	0	36	19	0	1	0	4	39	12	0	-1	0	27
c15108	-1	0	0	11	2	0	0	11	-1	-1	0	0	-1	0	0	23	3	-1	29	-1	0	0	0	4	39	12	0	-1	11	27
c15116	36	29	0	-1	-1	-1	0	11	-1	-1	0	0	0	27	0	23	3	0	-1	0	0	0	13	4	39	-1	0	0	-1	27
c15122	0	0	0	0	-1	29	36	11	-1	-1	0	0	-1	3	0	23	3	0	45	0	0	33	14	4	-1	0	0	0	-1	27
c15126	9	0	-1	25	2	39	39	-1	0	-1	9	39	-1	0	10	0	3	0	0	10	0	0	0	4	-1	-1	0	-1	37	0
c15127	9	-1	-1	25	2	-1	39	-1	0	-1	9	39	0	0	10	-1	3	0	0	10	0	0	0	4	39	11	0	0	37	0
c15146	-1	0	0	0	2	-1	-1	-1	2	-1	26	49	0	0	2	23	3	0	0	0	29	-1	0	4	39	25	36	33	0	27
c15149	0	0	-1	0	0	0	0	11	27	-1	43	0	0	4	-1	-1	3	-1	19	-1	0	0	0	-1	-1	0	0	-1	48	0
c15172	36	0	0	0	2	0	0	11	0	-1	0	0	0	0	-1	23	3	0	0	0	0	0	13	4	-1	0	0	19	-1	27
c15217	-1	8	0	-1	33	0	0	-1	0	1	0	26	36	-1	36	-1	3	25	0	-1	0	0	42	0	39	-1	0	0	19	-1
c15221	36	0	0	0	2	0	-1	11	-1	-1	0	0	-1	0	0	-1	3	0	-1	0	0	0	13	4	39	0	-1	11	-1	27
c15223	0	0	11	-1	12	-1	42	11	-1	0	0	0	4	2	0	0	3	-1	-1	10	-1	0	0	16	39	48	0	0	0	0
c15229	-1	0	11	0	0	-1	0	11	33	0	43	0	0	0	2	24	3	0	44	10	0	-1	0	-1	39	-1	26	25	0	9
c15232	-1	0	-1	-1	2	-1	0	11	0	-1	0	0	0	48	0	23	3	0	0	42	0	0	0	4	39	0	-1	33	-1	27
c15240	-1	0	0	0	2	0	29	11	-1	-1	0	0	0	-1	-1	23	3	-1	-1	-1	10	0	11	4	39	12	30	0	0	27
c15253	0	-1	-1	-1	2	0	0	-1	0	-1	0	9	-1	-1	0	23	3	48	0	0	0	0	-1	4	-1	-1	-1	0	30	27
c15260	12	0	-1	0	-1	0	0	11	48	-1	21	0	0	-1	-1	23	3	-1	0	42	0	-1	-1	4	-1	0	0	33	0	-1
c15282	9	-1	0	-1	2	-1	18	11	0	-1	-1	0	3	0	0	23	3	0	-1	0	10	35	5	-1	39	12	-1	2	0	27
c15300	-1	0	0	-1	2	0	0	11	-1	-1	0	9	-1	0	-1	23	3	0	0	0	0	-1	0	4	-1	0	48	11	0	-1
c15311	0	0	-1	-1	2	-1	39	11	0	-1	0	0	0	0	-1	0	3	-1	0	0	0	41	0	4	39	0	50	0	37	0
c15328	-1	0	4	0	2	0	0	-1	0	-1	0	0	0	0	48	23	3	0	9	0	0	-1	39	4	39	0	0	-1	39	27
c15339	-1	2	11	0	14	0	42	11	0	-1	0	0	21	0	0	47	3	0	0	10	-1	0	0	0	39	-1	0	0	0	-1
c15350	0	-1	11	0	0	15	0	-1	0	0	43	0	0	48	2	24	3	0	0	10	0	-1	5	34	39	9	0	0	-1	9
c15357	0	0	0	-1	2	0	0	-1	0	-1	0	0	0	0	0	23	3	0	-1	0	-1	0	19	4	39	-1	0	0	-1	27
c15362	-1	0	-1	25	2	39	39	11	0	-1	0	-1	38	0	0	0	3	0	39	0	0	0	0	4	39	0	0	0	-1	-1
c15371	-1	0	1	-1	2	0	0	-1	0	-1	19	0	39	48	-1	-1	3	0	0	42	0	0	0	-1	39	0	0	33	0	-1
c15372	0	0	0	0	2	7	-1	11	-1	-1	39	49	0	2	0	23	3	0	0	48	11	0	0	4	39	0	0	-1	43	27
c15375	0	-1	-1	25	2	-1	39	11	-1	-1	0	48	41	10	-1	0	3	0	0	-1	48	0	-1	4	39	-1	-1	0	37	33
c15376	0	0	0	0	2	-1	-1	11	0	-1	0	-1	45	0	-1	23	3	-1	-1	49	-1	-1	15	4	-1	0	0	9	-1	27
c15381	-1	0	1	0	2	0	0	11	0	-1	19	0	39	48	0	23	3	0	22	42	0	0	0	4	-1	0	0	-1	0	-1
c15406	0	9	11	0	-1	0	42	11	0	0	-1	0	0	0	0	0	3	0	11	10	-1	0	0	0	39	0	42	10	0	4
c15438	2	-1	11	0	0	-1	0	11	0	0	-1	32	0	48	2	24	3	0	0	10	0	-1	5	0	-1	9	0	-1	0	9
c15439	-1	-1	11	0	-1	-1	0	11	0	-1	43	32	0	-1	2	-1	3	-1	0	10	0	-1	5	0	39	9	0	0	0	9
c15447	0	8	0	41	-1	0	0	11	12	1	24	0	-1	4	0	0	3	0	0	-1	0	0	-1	0	39	24	37	0	19	0
c15452	0	-1	-1	0	0	0	-1	11	0	0	43	0	0	48	-1	-1	3	-1	0	10	0	-1	5	0	39	9	0	0	-1	-1
c15453	0	-1	11	0	-1	0	-1	11	0	0	43	0	0	-1	2	24	3	0	-1	10	0	-1	5	0	39	9	0	0	-1	-1
c15457	0	8	0	41	33	-1	0	-1	0	1	0	26	36	-1	-1	0	3	25	43	-1	0	0	42	-1	39	24	0	0	19	0
c15462	0	10	11	0	-1	-1	0	11	-1	0	43	25	0	-1	-1	24	3	0	0	10	-1	-1	-1	-1	39	9	0	39	-1	-1
c15465	17	8	-1	0	33	27	26	11	0	1	0	0	0	4	1	0	3	0	0	0	-1	0	42	0	39	24	0	-1	0	-1
c15469	0	-1	-1	25	2	39	39	11	-1	-1	-1	-1	-1	42	10	-1	3	0	0	0	0	0	-1	-1	39	0	0	0	37	0
c15480	0	-1	11	0	-1	0	11	11	35	0	43	0	-1	0	-1	24	-1	0	0	10	27	-1	0	-1	-1	9	0	-1	26	9
c15486	0	0	11	0	0	0	0	-1	0	0	-1	0	0	13	2	0	3	0	0	10	0	29	0	0	39	42	0	0	0	-1
c15495	0	-1	-1	25	2	39	39	11	0	-1	0	0	0	0	-1	0	3	15	34	0	0	0	0	4	39	0	0	26	37	0
c15509	39	0	-1	25	2	39	39	11	-1	-1	17	0	0	42	34	-1	3	0	-1	-1	0	0	-1	-1	39	19	0	10	37	0
c15511	0	0	11	0	0	0	42	11	-1	0	-1	10	0	27	27	0	-1	0	0	-1	0	0	0	0	39	0	-1	0	0	0
c15514	0	0	-1	25	-1	39	39	11	-1	-1	-1	0	0	0	-1	0	3	0	0	0	25	0	0	4	39	0	-1	0	37	0
c15527	0	0	11	-1	0	11	42	11	1	-1	-1	0	41	0	34	0	-1	-1	34	10	42	0	0	0	39	-1	39	48	-1	0
c15561	0	8	-1	0	0	-1	0	11	29	1	0	0	0	-1	0	0	-1	0	0	0	0	0	42	0	39	-1	0	0	0	0
c15588	-1	0	0	0	2	0	0	11	8	-1	-1	-1	0	0	0	-1	3	-1	0	-1	0	0	11	4	-1	-1	0	33	-1	27
c15596	11	0	11	-1	-1	48	0	11	0	-1	43	47	-1	0	2	24	-1	0	0	10	-1	0	0	-1	-1	0	0	0	3	9
c15614	0	0	0	0	2	0	0	11	0	-1	-1	0	22	0	0	23	3	49	0	3	0	1	0	4	39	12	0	0	0	27
c15655	49	2	-1	-1	0	0	0	11	33	0	43	45	0	0	2	24	3	-1	0	10	0	-1	0	0	-1	0	0	0	-1	9
c15657	0	-1	39	0	2	0	18	11	0	-1	0	0	0	0	0	23	-1	-1	0	0	0	33	48	4	-1	12	-1	0	0	27
c15664	0	-1	-1	-1	2	39	39	11	1	-1	0	0	-1	-1	8	41	3	-1	0	-1	0	0	-1	4	39	0	0	28	-1	0
c15668	11	0	11	0	0	0	-1	11	0	0	43	47	0	0	2	24	3	0	-1	10	0	-1	0	-1	39	0	0	0	0	9
c15686	0	0	11	0	0	-1	0	-1	0	0	43	0	0	-1	-1	0	3	-1	12	10	0	-1	0	0	39	0	0	0	0	-1
c15699	0	0	0	11	2	0	0	11	-1	-1	0	-1	16	0	0	23	3	0	0	4	0	0	0	4	39	12	0	-1	-1	27
c15702	0	3	-1	-1	-1	39	-1	11	0	-1	-1	-1	0	0	-1	0	3	-1	0	0	25	-1	0	-1	39	0	15	0	37	0
c15710	0	0	0	0	2	0	0	11	0	-1	-1	9	0	0	-1	-1	3	0	0	49	0	0	-1	4	39	0	0	0	0	27
c15720	0	27	11	0	0	25	0	-1	0	0	-1	0	-1	0	2	-1	3	-1	0	10	0	0	0	-1	39	-1	0	46	0	9
c15732	28	0	0	-1	2	0	0	-1	-1	-1	0	9	0	29	0	23	3	0	26	0	-1	-1	0	4	39	-1	48	-1	0	27
c15748	0	0	-1	25	-1	39	-1	11	0	-1	-1	-1	0	0	8	0	3	0	-1	0	0	29	0	4	39	0	0	0	37	0
c15762	0	11	0	-1	-1	7	48	-1	-1	-1	3	0	-1	-1	-1	23	3	-1	-1	0	0	-1	0	-1	39	11	-1	0	-1	27
c15774	0	0	0	15	2	0	-1	-1	-1	-1	0	-1	0	0	0	23	3	0	0	0	-1	0	13	4	39	0	13	0	-1	-1
c15781	-1	0	11	0	-1	0	-1	-1	4	0	0	0	0	0	0	-1	3	0	45	10	0	26	-1	-1	39	0	0	29	0	-1
c15785	41	-1	-1	25	2	39	39	11	0	-1	0	0	0	39	0	-1	3	0	0	0	2	0	0	4	39	0	0	0	37	0
c15803	0	0	-1	-1	2	0	0	11	-1	-1	11	-1	0	-1	0	23	-1	0	0	0	0	0	0	4	-1	0	-1	0	0	27
c15816	0	-1	0	41	33	0	0	11	0	1	0	0	0	4	0	-1	3	0	0	-1	0	-1	42	0	39	24	-1	0	19	-1
c15818	0	-1	-1	0	0	-1	39	11	0	0	43	0	0	48	2	-1	3	0	0	10	5	-1	5	-1	39	9	0	0	0	-1
c15826	0	0	0	0	2	0	0	11	26	-1	0	0	0	0	0	23	3	29	-1	32	0	0	0	4	39	0	0	0	-1	-1
c15828	0	0	0	0	2	0	0	11	0	-1	0	0	-1	0	-1	-1	3	0	0	-1	0	33	10	-1	39	29	0	0	-1	27
c15831	0	0	2	-1	-1	0	0	11	26	-1	0	-1	0	0	0	23	3	0	-1	0	-1	0	-1	4	39	0	-1	0	23	-1
c15832	-1	-1	0	0	2	0	0	11	0	-1	-1	-1	0	0	-1	23	3	28	-1	0	0	0	0	4	39	-1	0	0	-1	-1
c15843	0	0	-1	0	0	0	42	11	0	0	-1	0	0	0	0	0	3	0	0	10	0	0	-1	-1	39	0	0	35	0	0
c15878	0	43	-1	0	-1	0	-1	11	0	-1	-1	12	11	0	39	23	3	0	9	-1	-1	0	0	4	39	12	45	0	-1	27
c15879	0	-1	-1	0	2	0	0	11	0	-1	0	-1	11	0	39	23	3	0	9	-1	10	0	0	4	39	12	45	0	10	27
c15888	0	0	-1	25	-1	39	39	11	-1	-1	-1	0	0	0	8	0	3	0	0	0	25	0	2	4	-1	0	-1	0	37	3
c15891	0	0	-1	0	-1	7	0	11	0	-1	-1	49	0	2	-1	23	3	0	0	48	11	0	0	4	-1	0	0	0	-1	-1
c15918	-1	-1	11	0	0	0	-1	11	0	0	43	26	0	11	-1	24	-1	0	-1	10	0	-1	0	0	39	9	0	0	0	9
c15937	0	-1	11	0	0	0	-1	11	0	-1	43	0	0	48	2	24	3	0	-1	10	0	-1	5	-1	39	-1	0	0	0	9
c15942	0	0	0	-1	2	-1	0	11	0	-1	9	9	9	-1	0	23	3	-1	0	0	0	0	0	-1	-1	0	0	0	0	27
c15967	0	0	11	0	3	-1	0	11	4	0	-1	0	0	-1	44	0	-1	-1	45	10	4	26	-1	0	39	0	0	29	-1	19
c15971	0	-1	0	0	2	-1	2	11	0	-1	0	-1	0	0	0	-1	-1	-1	0	-1	-1	0	-1	4	39	9	-1	0	0	-1
c15973	0	0	-1	-1	0	0	42	11	0	48	11	32	-1	26	0	0	3	0	0	10	0	48	-1	0	-1	-1	-1	0	-1	-1
c15978	0	0	0	35	2	7	0	11	0	-1	39	-1	-1	-1	0	23	3	0	1	48	11	33	-1	4	-1	0	0	0	43	27
c15980	42	-1	11	-1	0	-1	0	11	0	0	-1	0	0	0	2	24	3	0	0	10	0	0	0	-1	-1	-1	-1	0	0	-1
c15988	0	0	11	0	-1	-1	39	-1	33	0	43	0	-1	-1	2	24	3	26	0	10	0	-1	37	0	39	0	-1	-1	0	9
c15989	0	0	11	0	0	-1	39	11	-1	0	43	0	0	0	2	24	3	26	0	-1	0	-1	-1	0	39	-1	0	0	0	9
c15990	0	0	-1	-1	-1	39	39	11	0	-1	11	-1	38	0	0	0	-1	0	0	-1	-1	-1	-1	4	39	0	0	19	-1	-1
c15997	0	0	0	-1	2	-1	29	11	0	-1	0	41	0	0	-1	-1	-1	0	9	0	10	0	-1	-1	39	12	30	-1	0	27
c16000	11	0	11	33	0	0	29	11	0	0	-1	0	-1	-1	2	-1	3	16	0	10	0	0	0	21	39	-1	0	0	-1	9
c16015	0	-1	-1	25	2	39	39	11	0	-1	0	-1	0	0	0	0	-1	0	0	0	0	-1	0	-1	-1	11	0	0	37	-1
