	0	1	2	3	4	5	6	7	8	9	10	11	12	13	14	15	16	17	18	19	20	21	22	23	24	25	26	27	28	29
c1329	0	0	0	-1	-1	20	29	11	-1	36	39	-1	35	6	11	0	0	-1	0	19	0	0	-1	-1	20	0	15	36	-1	0
c1859	0	44	-1	-1	0	0	9	0	0	45	0	-1	32	0	-1	0	0	-1	0	0	0	21	31	31	20	0	0	-1	-1	0
c2024	0	0	0	-1	-1	0	29	0	0	-1	6	-1	0	0	47	0	-1	-1	0	19	0	42	0	-1	-1	36	19	7	-1	0
c2155	27	0	-1	0	0	21	29	0	44	-1	-1	-1	-1	13	6	29	0	0	0	19	-1	0	0	-1	20	-1	21	0	-1	0
c2255	0	-1	0	0	0	0	-1	0	-1	39	0	-1	0	-1	16	0	44	0	-1	19	-1	0	27	-1	20	0	-1	0	-1	0
c2333	-1	0	0	33	32	0	29	0	44	-1	0	-1	-1	0	36	-1	-1	0	-1	19	0	27	0	-1	20	-1	0	34	-1	0
c2432	7	41	35	0	19	0	29	-1	-1	-1	4	-1	0	0	0	-1	-1	-1	0	46	44	0	0	-1	20	0	19	0	-1	37
c2778	-1	0	0	46	0	-1	29	29	-1	32	21	-1	0	0	21	34	0	0	0	46	13	0	-1	-1	20	-1	17	35	-1	4
c2957	7	0	0	21	0	0	29	19	0	-1	4	-1	0	23	0	-1	0	31	-1	46	44	0	-1	-1	20	0	21	0	-1	37
c2961	0	-1	-1	0	0	0	29	0	-1	39	19	-1	0	-1	-1	-1	0	0	0	-1	-1	0	0	-1	-1	0	21	4	-1	-1
c3105	0	0	37	29	23	0	-1	-1	36	-1	0	-1	32	32	0	0	0	-1	32	0	-1	0	-1	0	20	-1	19	50	-1	0
c3116	0	0	0	0	0	-1	-1	0	0	-1	6	-1	0	0	47	26	33	10	0	19	0	42	-1	-1	20	36	19	0	-1	0
c3337	45	0	-1	6	4	44	-1	-1	0	-1	0	-1	32	39	0	-1	0	-1	0	0	19	45	-1	0	20	-1	29	0	-1	0
c3345	-1	0	0	27	0	0	29	-1	31	-1	0	-1	0	0	0	32	-1	31	-1	-1	44	0	13	-1	-1	44	0	27	-1	37
c3563	0	0	0	0	0	0	-1	-1	44	22	32	-1	0	33	0	0	-1	19	-1	-1	0	0	0	-1	20	34	21	0	-1	4
c3578	0	0	33	0	0	0	-1	0	0	0	27	-1	0	0	0	45	27	0	0	19	0	0	0	-1	20	0	-1	0	-1	0
c3628	-1	0	0	0	23	0	29	0	39	32	-1	-1	44	-1	21	36	0	0	0	0	0	32	0	-1	20	0	19	35	-1	-1
c3653	-1	-1	33	-1	0	0	-1	-1	15	19	27	-1	0	0	-1	0	0	0	-1	19	0	0	0	-1	20	0	36	-1	-1	-1
c3792	7	0	45	0	0	0	29	-1	0	-1	4	-1	-1	0	0	-1	0	-1	0	46	44	0	0	-1	20	0	0	0	-1	37
c3829	0	-1	0	0	-1	0	29	6	44	39	-1	-1	0	0	16	20	44	27	23	-1	-1	0	29	-1	20	0	21	-1	-1	-1
c3902	48	17	0	-1	0	0	29	0	44	28	-1	-1	-1	0	-1	0	0	-1	0	19	15	0	3	-1	20	0	21	0	-1	48
c3915	0	21	27	0	-1	-1	34	0	-1	0	19	-1	32	0	26	0	28	0	0	0	0	0	44	7	-1	0	-1	0	-1	0
c3993	0	0	22	-1	0	3	29	41	0	-1	17	-1	13	0	-1	0	0	0	0	32	41	15	45	-1	20	0	0	0	-1	37
c4207	-1	0	-1	6	-1	0	27	0	0	44	0	-1	32	39	0	-1	0	-1	0	0	0	45	36	0	20	-1	0	-1	-1	-1
c4244	27	0	0	-1	0	21	29	0	-1	20	0	-1	-1	13	6	29	0	-1	-1	19	-1	34	0	-1	20	0	21	0	-1	0
c4459	27	34	-1	0	-1	6	0	-1	0	-1	-1	-1	32	0	2	-1	0	0	0	-1	29	45	0	-1	20	36	-1	-1	-1	6
c4507	27	0	0	0	0	-1	29	0	-1	20	0	-1	-1	13	6	29	-1	-1	0	19	-1	-1	0	-1	20	-1	-1	0	-1	0
c4597	0	-1	0	0	0	0	-1	0	-1	39	0	-1	0	27	16	0	44	0	-1	19	-1	0	0	-1	20	-1	21	0	-1	0
c4628	23	41	4	29	41	-1	20	6	0	27	-1	-1	32	32	0	21	0	32	0	13	-1	0	6	0	20	45	0	0	-1	0
c4631	0	49	-1	6	4	0	0	0	0	-1	0	-1	32	39	0	0	0	-1	-1	26	0	0	36	0	20	-1	0	0	-1	0
c4678	0	0	0	0	0	-1	-1	-1	44	22	32	-1	0	0	-1	0	31	19	0	-1	0	0	0	-1	20	34	21	50	-1	4
c4810	0	11	33	0	0	19	-1	0	-1	0	27	-1	-1	39	0	0	7	3	-1	19	0	0	-1	-1	20	0	0	-1	-1	0
c4865	-1	0	12	-1	0	0	29	-1	0	0	0	-1	41	29	41	0	11	0	-1	19	6	0	0	-1	20	0	-1	0	-1	41
c4901	-1	-1	0	0	0	0	-1	0	44	39	0	-1	0	-1	16	0	-1	0	26	19	-1	0	0	-1	20	-1	21	0	-1	-1
c5002	0	-1	0	0	0	0	29	0	44	-1	19	-1	0	0	0	32	32	0	0	19	-1	0	0	-1	20	0	21	-1	-1	-1
c5086	0	0	33	-1	0	-1	-1	0	0	0	27	-1	12	0	0	-1	0	0	0	-1	0	0	0	-1	20	7	-1	0	-1	27
c5125	11	0	3	3	-1	-1	11	6	-1	0	11	-1	7	0	45	0	11	-1	-1	26	0	0	0	15	20	39	0	0	-1	45
c5233	0	3	0	7	39	11	-1	0	35	-1	0	-1	0	-1	0	-1	-1	0	0	0	0	0	13	-1	20	0	0	0	-1	-1
c5258	0	0	-1	0	0	38	29	19	0	-1	-1	-1	39	0	-1	-1	0	31	-1	29	44	0	0	-1	20	0	-1	0	-1	37
c5263	0	0	0	0	-1	0	29	0	-1	0	0	-1	-1	44	21	-1	17	0	0	0	0	0	-1	-1	-1	-1	16	35	-1	0
c5293	-1	0	7	-1	-1	0	-1	0	0	0	44	-1	32	0	0	32	41	0	0	-1	0	0	49	31	-1	0	-1	0	-1	0
c5354	34	0	-1	-1	6	45	29	19	3	26	0	-1	-1	0	26	0	15	6	-1	19	0	0	-1	-1	20	0	48	0	-1	45
c5365	36	-1	23	0	0	0	29	0	0	0	-1	-1	0	21	21	-1	-1	0	0	0	13	-1	-1	-1	20	36	0	35	-1	0
c5408	0	0	-1	23	-1	-1	0	0	0	44	0	-1	32	39	-1	-1	0	0	23	0	0	19	36	0	-1	-1	23	0	-1	0
c5495	0	0	-1	0	0	38	29	19	0	-1	4	-1	39	0	0	-1	-1	31	0	29	44	50	0	-1	20	0	6	0	-1	37
c5542	49	-1	-1	-1	0	-1	0	0	0	-1	0	-1	-1	0	35	0	0	0	0	0	0	0	-1	0	-1	17	0	0	-1	-1
c5563	0	0	33	0	0	0	-1	0	0	0	27	-1	39	39	0	0	7	0	0	19	0	0	19	-1	20	0	0	0	-1	0
c5603	36	0	19	0	19	-1	29	-1	0	0	0	-1	22	0	11	0	-1	0	0	19	44	0	0	-1	20	0	36	0	-1	0
c5653	-1	0	0	0	19	-1	-1	-1	0	0	0	-1	0	6	11	0	0	0	0	19	0	-1	19	-1	-1	0	0	19	-1	0
c5717	-1	0	29	0	-1	0	-1	0	44	-1	0	-1	0	0	44	0	0	-1	0	19	15	39	0	-1	-1	0	21	0	-1	0
c5747	-1	-1	-1	0	-1	0	45	-1	-1	44	7	-1	32	39	0	0	0	-1	-1	-1	0	-1	36	0	20	-1	-1	0	-1	0
c5801	0	0	29	0	0	6	29	-1	44	22	32	-1	0	48	0	0	31	19	0	19	0	-1	0	-1	-1	34	21	0	-1	-1
c5812	-1	-1	0	-1	0	-1	-1	0	44	39	19	-1	0	0	-1	0	0	0	0	19	-1	0	0	-1	-1	0	-1	-1	-1	-1
c5961	0	36	0	0	-1	0	0	11	11	0	-1	-1	-1	0	0	0	38	44	-1	-1	-1	0	0	0	-1	17	0	-1	-1	7
c6077	0	0	0	0	44	0	-1	19	0	-1	21	-1	0	-1	-1	0	-1	0	0	0	0	0	13	-1	20	-1	0	21	-1	37
c6173	27	0	-1	0	-1	0	3	-1	0	44	0	-1	32	-1	0	4	-1	-1	0	-1	0	45	36	0	20	-1	26	0	-1	-1
c6228	0	0	35	0	0	0	-1	46	44	19	-1	-1	39	0	-1	26	-1	0	0	19	35	-1	6	-1	20	22	21	0	-1	10
c6274	34	0	-1	5	0	-1	-1	19	3	4	0	-1	0	0	-1	-1	0	0	0	19	-1	50	0	-1	20	21	0	17	-1	-1
c6323	0	0	29	-1	-1	0	-1	-1	44	28	0	-1	19	0	44	-1	0	-1	0	-1	15	39	-1	-1	-1	0	21	0	-1	0
c6329	-1	0	-1	-1	-1	29	29	19	3	0	0	-1	0	-1	16	-1	0	0	-1	19	0	29	0	-1	20	0	0	0	-1	-1
c6339	-1	39	-1	5	0	0	29	19	3	4	0	-1	0	0	0	-1	22	0	-1	-1	0	28	44	-1	20	0	0	0	-1	15
c6359	34	0	39	5	-1	0	-1	-1	3	4	0	-1	0	0	0	-1	0	0	0	-1	0	50	0	-1	20	21	0	17	-1	-1
c6389	-1	0	45	0	0	47	29	0	44	0	0	-1	-1	0	21	0	0	0	0	0	13	0	-1	-1	20	0	19	35	-1	0
c6431	21	0	7	-1	19	13	29	-1	44	26	0	-1	22	3	-1	0	-1	0	28	19	-1	19	0	-1	20	44	36	0	-1	0
c6453	-1	31	0	10	0	-1	29	29	13	-1	39	-1	6	26	-1	0	-1	0	-1	-1	0	0	3	-1	20	17	21	0	-1	0
c6484	0	49	-1	6	4	-1	0	-1	0	44	0	-1	-1	39	0	0	0	-1	0	26	-1	-1	36	0	20	-1	0	0	-1	-1
c6497	-1	0	0	-1	0	0	29	19	-1	-1	4	-1	0	0	0	-1	16	31	0	46	44	0	0	-1	20	-1	0	-1	-1	37
c6515	0	0	4	-1	-1	-1	29	27	-1	-1	0	-1	0	-1	21	4	0	-1	3	0	-1	0	0	-1	20	0	0	35	-1	31
c6527	0	0	0	0	0	0	0	0	0	0	19	-1	32	-1	-1	0	0	-1	0	0	0	0	0	0	20	0	-1	0	-1	0
c6547	-1	0	23	0	45	-1	-1	0	0	0	0	-1	-1	-1	21	0	0	0	0	0	13	-1	0	-1	-1	36	-1	35	-1	-1
c6548	-1	0	0	0	0	0	29	19	0	-1	4	-1	0	0	0	-1	0	31	0	-1	44	0	-1	-1	-1	0	0	0	-1	37
c6561	0	-1	0	0	0	-1	-1	0	44	39	19	-1	0	0	0	0	0	-1	-1	19	-1	-1	-1	-1	20	0	21	13	-1	-1
c6575	7	0	0	10	0	0	29	19	-1	-1	4	-1	0	0	28	-1	16	31	0	46	-1	0	0	-1	20	0	0	0	-1	37
c6616	28	-1	29	0	21	-1	29	-1	0	-1	0	-1	-1	0	0	0	0	0	0	19	-1	-1	7	-1	20	0	0	4	-1	0
c6632	0	0	-1	0	0	0	-1	-1	44	22	32	-1	0	-1	-1	0	31	19	-1	19	0	11	-1	-1	20	-1	21	0	-1	4
c6633	0	0	0	0	0	0	29	-1	44	22	32	-1	0	0	0	0	31	19	-1	19	0	11	0	-1	20	34	21	0	-1	4
c6658	0	32	0	0	0	-1	-1	0	-1	0	32	-1	0	6	0	0	-1	0	0	19	0	-1	36	-1	20	0	21	22	-1	0
c6660	0	0	-1	0	-1	38	29	19	0	-1	4	-1	0	0	0	-1	0	-1	0	29	-1	0	-1	-1	20	0	-1	0	-1	37
c6683	34	0	0	5	0	-1	29	19	3	4	0	-1	0	-1	0	-1	0	11	0	19	0	-1	-1	-1	20	21	0	17	-1	0
c6693	-1	0	27	0	0	0	29	6	-1	-1	0	-1	0	0	20	0	-1	0	0	0	0	0	-1	-1	20	0	0	0	-1	37
c6710	0	-1	0	0	-1	28	29	-1	0	-1	0	-1	37	28	0	-1	-1	-1	36	0	-1	0	13	-1	-1	-1	0	0	-1	37
c6752	0	0	-1	0	0	-1	29	-1	-1	-1	32	-1	0	0	0	-1	31	19	0	19	0	11	0	-1	-1	34	21	46	-1	-1
c6811	0	0	-1	0	0	3	-1	0	0	-1	17	-1	13	-1	-1	0	0	0	0	32	41	15	-1	-1	20	0	-1	21	-1	37
c6822	0	49	-1	-1	4	0	0	0	-1	44	-1	-1	32	39	0	0	0	-1	-1	26	-1	0	36	0	20	-1	0	0	-1	-1
c6826	-1	0	0	0	12	21	29	0	-1	-1	19	-1	-1	13	6	29	0	0	48	19	-1	34	0	-1	20	0	21	0	-1	0
c6828	0	0	0	-1	0	11	29	0	0	-1	-1	-1	0	0	0	0	-1	0	0	0	0	0	13	-1	-1	-1	0	-1	-1	37
c6877	7	0	0	0	0	0	-1	19	0	-1	4	-1	0	0	0	-1	0	31	34	46	44	0	-1	-1	20	-1	0	0	-1	37
c6885	0	0	-1	0	19	13	29	45	44	26	0	-1	-1	3	-1	0	-1	0	-1	19	-1	19	0	-1	20	44	36	0	-1	0
c6930	0	-1	0	0	-1	0	-1	0	44	39	-1	-1	0	-1	16	0	44	29	0	19	-1	0	-1	-1	20	-1	21	0	-1	0
c6948	0	0	33	0	0	22	-1	-1	0	0	27	-1	21	-1	-1	0	-1	0	0	19	0	0	0	-1	20	0	-1	0	-1	-1
c7006	0	0	-1	23	-1	0	0	0	0	44	0	-1	-1	39	0	0	-1	-1	-1	0	-1	0	36	-1	20	-1	-1	45	-1	0
c7015	32	0	29	0	11	0	29	19	0	0	15	-1	0	0	0	0	-1	0	-1	19	33	-1	0	-1	20	0	-1	0	-1	4
c7038	0	0	33	0	0	28	-1	0	0	0	27	-1	-1	-1	0	0	7	7	0	19	-1	0	19	-1	-1	0	-1	0	-1	0
c7043	39	0	-1	0	-1	0	29	0	-1	-1	0	-1	-1	0	0	0	-1	0	0	19	0	27	7	-1	20	0	0	0	-1	0
c7047	-1	-1	-1	6	4	0	0	0	-1	44	-1	-1	32	39	7	-1	-1	-1	0	26	0	-1	36	0	20	-1	0	0	-1	22
c7098	-1	31	0	10	0	29	29	29	13	0	39	-1	0	26	-1	-1	0	-1	6	0	0	0	-1	-1	20	0	6	0	-1	11
c7137	25	0	29	0	21	0	29	-1	-1	-1	0	-1	0	-1	0	0	-1	0	0	19	-1	0	-1	-1	20	26	0	0	-1	0
c7172	-1	-1	0	0	0	0	0	-1	-1	4	0	-1	32	0	0	21	0	0	0	0	29	-1	0	36	20	6	41	0	-1	0
c7212	0	0	-1	-1	0	-1	-1	-1	0	-1	4	-1	0	29	0	-1	0	31	0	-1	44	0	0	-1	20	0	-1	27	-1	37
c7220	-1	-1	0	27	0	0	29	0	0	-1	-1	-1	0	0	39	32	-1	37	0	-1	-1	-1	13	-1	20	0	-1	0	-1	37
c7231	0	0	0	35	-1	-1	0	17	-1	0	19	-1	32	0	-1	0	29	-1	0	0	0	0	0	0	-1	39	0	0	-1	37
c7280	0	0	0	-1	0	0	-1	0	0	0	0	-1	32	0	0	0	-1	0	-1	12	0	19	41	31	20	0	0	-1	-1	0
c7290	0	7	0	0	0	0	29	0	44	28	-1	-1	0	0	-1	0	36	-1	0	19	15	0	0	-1	20	0	21	-1	-1	48
c7309	22	0	0	6	19	0	-1	27	0	44	35	-1	0	0	11	0	-1	0	-1	-1	0	0	0	-1	-1	0	0	-1	-1	-1
c7310	7	0	0	-1	0	-1	29	-1	0	-1	4	-1	0	0	0	-1	0	31	0	46	44	0	0	-1	20	-1	0	0	-1	37
c7350	0	-1	0	0	-1	0	29	-1	4	0	-1	-1	-1	44	21	-1	17	0	0	19	-1	-1	0	-1	20	0	0	35	-1	0
c7360	0	0	37	29	0	-1	-1	44	36	-1	0	-1	32	0	0	0	0	-1	32	0	0	0	0	0	20	-1	0	50	-1	0
c7364	0	0	0	19	0	0	0	0	-1	6	19	-1	32	-1	0	-1	0	0	-1	0	-1	-1	6	0	20	-1	0	0	-1	31
c7412	0	0	0	-1	0	0	29	0	0	0	0	-1	0	0	21	0	-1	0	-1	-1	13	0	0	-1	20	-1	0	35	-1	0
c7420	0	0	-1	0	0	0	-1	0	0	0	27	-1	0	19	-1	0	31	0	0	19	0	0	0	-1	-1	0	-1	0	-1	0
c7429	-1	0	0	10	0	-1	29	19	11	-1	-1	-1	0	0	28	-1	-1	31	0	46	-1	0	0	-1	-1	0	0	0	-1	-1
c7478	34	-1	-1	0	6	0	29	19	3	0	0	-1	0	0	0	0	15	0	-1	19	-1	0	6	-1	20	-1	29	0	-1	2
c7545	27	-1	0	45	0	0	0	-1	-1	11	-1	-1	32	0	0	21	-1	0	0	-1	29	0	0	-1	20	0	41	0	-1	0
c7547	13	-1	0	-1	0	0	29	27	0	0	0	-1	0	5	-1	-1	0	33	0	0	-1	0	-1	-1	-1	0	0	35	-1	-1
c7565	0	0	0	0	0	0	29	0	-1	0	-1	-1	0	33	0	-1	0	35	0	19	0	0	36	-1	20	-1	21	0	-1	0
c7572	0	0	0	10	-1	29	29	0	0	19	0	-1	6	0	-1	-1	0	11	0	28	0	0	3	-1	20	0	0	0	-1	0
c7583	34	0	-1	0	6	0	-1	19	-1	0	0	-1	0	0	-1	0	27	0	-1	19	0	0	36	-1	20	-1	0	3	-1	0
c7603	-1	-1	46	0	0	0	0	0	29	0	0	-1	-1	27	-1	0	-1	-1	0	50	0	0	0	0	20	17	0	0	-1	7
c7644	6	0	0	0	32	-1	29	0	0	0	-1	-1	28	36	41	27	0	46	0	-1	0	-1	0	-1	-1	0	0	0	-1	0
c7648	0	33	-1	0	0	28	-1	-1	0	0	-1	-1	0	39	0	44	7	-1	-1	19	7	0	-1	-1	-1	-1	-1	-1	-1	0
c7649	0	33	-1	0	0	28	-1	-1	0	0	-1	-1	0	39	21	0	7	7	0	19	7	0	19	-1	20	0	0	-1	-1	0
c7662	7	0	7	-1	0	0	29	19	-1	-1	-1	-1	0	0	46	-1	16	31	0	46	44	-1	0	-1	20	0	0	0	-1	-1
c7739	29	-1	2	0	-1	-1	29	0	-1	0	46	-1	-1	0	21	0	7	32	-1	6	0	-1	0	-1	20	-1	-1	35	-1	36
c7752	3	-1	0	0	0	0	29	0	-1	0	32	-1	0	0	0	27	0	0	-1	19	-1	0	36	-1	-1	23	21	0	-1	-1
c7784	34	0	0	5	0	0	29	19	3	4	-1	-1	0	0	-1	-1	0	0	0	19	-1	0	0	-1	20	48	0	-1	-1	0
c7797	-1	-1	-1	0	-1	0	29	0	0	0	0	-1	7	-1	21	-1	7	0	0	0	0	-1	0	-1	20	-1	-1	35	-1	0
c7808	0	49	-1	6	-1	0	0	-1	15	-1	0	-1	32	39	0	-1	0	-1	0	26	27	-1	36	-1	20	-1	0	0	-1	0
c7831	49	-1	46	-1	0	0	0	0	46	0	0	-1	32	0	35	0	0	0	0	0	0	0	0	0	20	17	0	0	-1	-1
c7895	7	-1	6	0	0	0	29	19	0	-1	4	-1	0	0	0	-1	-1	-1	-1	46	44	0	0	-1	20	0	21	-1	-1	37
c7915	27	0	0	0	0	6	0	-1	-1	-1	0	-1	32	27	0	-1	0	0	-1	27	29	21	0	0	-1	19	0	0	-1	0
c7916	0	-1	-1	-1	0	0	29	0	44	39	19	-1	0	0	-1	0	-1	0	0	19	-1	0	0	-1	-1	0	-1	0	-1	-1
c7952	0	31	-1	10	0	29	29	-1	29	0	-1	-1	19	0	-1	0	-1	0	-1	0	-1	0	0	-1	20	-1	-1	21	-1	46
c7961	7	0	13	0	0	0	29	19	-1	-1	4	-1	0	48	0	-1	0	31	0	46	-1	0	0	-1	20	0	0	-1	-1	37
c7966	41	0	0	10	-1	29	29	0	0	0	0	-1	0	0	-1	0	48	0	-1	28	0	-1	-1	-1	20	22	-1	44	-1	-1
c8014	0	0	-1	0	0	31	29	0	44	28	26	-1	0	0	0	0	33	-1	-1	19	-1	0	0	-1	20	0	21	0	-1	0
c8084	0	49	-1	6	4	-1	0	-1	0	-1	0	-1	32	39	0	0	0	-1	0	26	0	0	-1	0	20	-1	0	0	-1	32
c8088	0	0	-1	10	0	29	-1	0	3	35	0	-1	0	27	-1	0	30	-1	0	28	0	0	3	-1	-1	0	0	0	-1	0
c8090	0	-1	0	0	19	0	-1	0	-1	39	39	-1	0	27	-1	0	44	29	31	19	-1	0	38	-1	-1	36	21	0	-1	0
c8101	0	23	0	-1	19	0	29	0	0	0	0	-1	22	0	11	-1	-1	19	-1	19	0	0	0	-1	-1	0	36	33	-1	50
c8107	-1	0	-1	0	-1	0	29	-1	3	0	0	-1	0	41	16	0	0	0	-1	19	-1	29	0	-1	20	-1	0	0	-1	0
c8110	-1	3	0	7	0	11	29	0	35	-1	27	-1	0	0	0	0	-1	0	0	41	-1	0	13	-1	20	0	0	0	-1	37
c8147	34	0	39	5	0	27	29	19	3	4	0	-1	0	0	0	-1	-1	0	0	19	0	50	0	-1	20	-1	0	17	-1	5
c8153	0	0	37	29	0	0	0	-1	-1	-1	0	-1	32	0	0	-1	0	0	0	0	-1	23	31	21	-1	29	0	50	-1	-1
c8184	0	17	0	0	0	7	29	15	-1	-1	32	-1	11	-1	0	35	0	0	0	19	0	0	36	-1	20	23	-1	0	-1	-1
c8195	0	0	-1	-1	0	0	29	-1	44	-1	32	-1	36	0	39	0	0	0	0	19	0	-1	-1	-1	20	0	21	-1	-1	-1
c8243	-1	0	27	0	-1	0	29	0	0	-1	32	-1	-1	0	0	0	-1	0	-1	0	4	21	13	-1	-1	0	0	0	-1	37
c8251	0	3	0	0	0	-1	0	0	41	-1	-1	-1	32	0	0	29	28	0	0	44	0	0	0	-1	20	0	0	0	-1	-1
c8254	0	-1	0	0	-1	0	29	-1	0	19	0	-1	22	0	11	0	0	3	7	19	-1	0	35	-1	-1	0	36	0	-1	0
c8276	0	0	-1	6	-1	0	27	0	45	44	0	-1	-1	-1	0	-1	0	-1	0	0	0	45	36	0	20	-1	0	0	-1	0
c8289	-1	32	46	-1	28	0	0	0	3	0	0	-1	-1	-1	35	0	0	0	0	0	-1	0	0	0	20	17	0	0	-1	7
c8297	23	41	-1	29	-1	-1	0	6	-1	27	-1	-1	32	32	22	21	0	-1	0	13	-1	0	6	-1	-1	45	29	0	-1	0
c8320	17	0	28	29	-1	0	50	0	-1	0	44	-1	-1	0	0	32	-1	0	0	-1	6	0	0	31	20	0	-1	0	-1	0
c8342	0	0	-1	0	0	-1	29	19	0	-1	4	-1	-1	29	0	-1	-1	31	0	-1	44	0	-1	-1	20	0	0	27	-1	-1
c8379	0	0	0	0	0	0	29	0	-1	0	32	-1	0	0	0	27	0	0	0	-1	0	0	36	-1	20	-1	21	0	-1	0
c8389	0	-1	0	0	-1	0	29	0	-1	39	19	-1	0	-1	0	0	0	0	0	-1	-1	26	-1	-1	20	0	21	0	-1	0
c8399	0	-1	42	0	0	0	29	4	44	28	-1	-1	4	-1	0	0	0	-1	6	19	0	0	0	-1	20	-1	-1	0	-1	0
c8404	45	0	0	27	0	0	29	0	0	-1	0	-1	0	-1	39	32	-1	-1	0	0	-1	-1	13	-1	-1	0	-1	-1	-1	37
c8420	0	-1	32	-1	0	0	29	0	44	-1	31	-1	0	0	0	0	0	0	0	19	-1	-1	0	-1	-1	0	21	46	-1	-1
c8421	0	-1	32	0	0	0	-1	0	44	39	31	-1	0	0	0	0	0	0	0	19	-1	-1	0	-1	20	0	21	46	-1	-1
c8435	-1	0	0	10	0	29	-1	0	0	0	-1	-1	0	0	-1	27	0	0	0	28	-1	35	3	-1	-1	0	-1	44	-1	-1
c8444	0	49	-1	6	4	44	0	0	0	44	16	-1	32	39	-1	-1	-1	-1	-1	26	0	0	36	50	20	-1	0	0	-1	0
c8454	0	0	-1	7	0	11	-1	0	0	-1	0	-1	0	0	0	0	-1	0	-1	0	-1	0	13	-1	-1	0	0	39	-1	37
c8471	0	0	-1	-1	-1	-1	29	19	0	-1	-1	-1	0	29	0	-1	36	31	10	-1	44	-1	0	-1	20	0	0	27	-1	37
c8473	0	0	0	10	0	29	29	-1	19	0	-1	-1	36	0	-1	0	-1	0	0	0	0	0	-1	-1	20	26	0	0	-1	0
c8477	-1	0	0	21	-1	-1	0	-1	-1	0	-1	-1	-1	4	-1	21	0	0	7	-1	29	0	0	36	-1	-1	41	26	-1	0
c8494	-1	0	0	0	0	21	29	0	-1	20	0	-1	0	13	0	29	0	0	46	19	-1	0	0	-1	20	-1	21	0	-1	0
c8506	6	11	0	0	0	0	29	9	41	0	0	-1	28	0	0	-1	0	4	42	-1	0	-1	0	-1	-1	0	19	0	-1	-1
c8586	34	0	-1	0	6	-1	29	19	3	0	0	-1	-1	0	-1	0	15	-1	-1	19	0	0	0	-1	20	0	0	-1	-1	-1
c8629	4	21	29	0	-1	0	29	19	0	0	0	-1	0	32	0	0	-1	-1	-1	19	33	-1	-1	-1	20	0	0	0	-1	0
c8638	19	0	33	-1	-1	-1	29	0	15	0	-1	-1	0	0	27	0	0	0	-1	19	0	-1	-1	-1	-1	0	36	0	-1	6
c8661	0	-1	-1	0	-1	-1	29	19	-1	-1	4	-1	0	0	0	-1	0	31	-1	29	-1	-1	3	-1	20	-1	0	0	-1	37
c8672	-1	39	0	5	7	0	-1	19	3	-1	0	-1	0	0	0	-1	0	0	0	-1	0	0	44	-1	-1	0	0	0	-1	-1
c8688	0	0	-1	0	4	23	0	0	0	44	-1	-1	32	39	-1	0	0	-1	32	0	0	-1	36	0	-1	-1	27	42	-1	-1
c8699	0	0	-1	-1	4	-1	0	27	0	44	0	-1	32	39	0	0	0	-1	0	0	0	10	36	-1	20	-1	0	0	-1	-1
c8702	-1	0	45	0	-1	0	29	-1	6	0	0	-1	0	0	-1	0	0	0	0	19	-1	0	0	-1	-1	0	0	0	-1	19
c8768	0	7	0	-1	0	11	29	0	44	-1	-1	-1	-1	0	44	0	0	-1	-1	19	15	-1	0	-1	20	0	21	26	-1	48
c8815	0	-1	6	10	-1	-1	29	13	0	0	0	-1	0	-1	-1	0	-1	-1	0	0	0	-1	0	-1	20	22	0	0	-1	0
c8825	11	6	3	3	0	-1	0	6	-1	0	11	-1	7	-1	45	0	11	15	31	26	-1	0	21	0	20	39	0	-1	-1	0
c8826	22	0	0	-1	19	16	-1	27	0	44	0	-1	0	0	11	0	0	0	-1	19	0	0	27	-1	20	-1	0	0	-1	0
c8883	0	-1	0	0	0	0	29	31	44	39	0	-1	0	0	45	-1	0	-1	0	19	-1	0	41	-1	20	0	21	-1	-1	-1
c8886	34	-1	-1	-1	6	45	29	19	3	50	0	-1	0	0	26	0	15	0	-1	19	0	-1	0	-1	-1	0	0	0	-1	-1
c8906	0	17	0	-1	0	7	29	15	-1	0	32	-1	11	0	0	35	-1	0	-1	19	0	-1	36	-1	20	23	21	0	-1	0
c8934	0	0	-1	0	-1	-1	29	0	0	-1	0	-1	7	31	21	-1	7	0	0	0	0	19	0	-1	20	-1	-1	35	-1	0
c8945	0	0	-1	0	0	38	29	19	0	-1	4	-1	39	0	0	-1	0	31	0	29	44	0	0	-1	-1	0	6	0	-1	37
c8953	0	0	0	0	0	0	29	-1	44	19	-1	-1	0	-1	20	26	0	-1	0	19	-1	0	0	-1	20	0	21	46	-1	0
c8980	-1	0	-1	0	4	-1	0	0	0	-1	28	-1	-1	39	0	0	0	-1	25	0	6	-1	-1	26	20	-1	-1	0	-1	45
c8988	0	0	0	26	19	0	29	11	-1	0	-1	-1	41	-1	-1	0	0	0	6	19	0	0	-1	-1	20	-1	0	29	-1	0
c9009	17	0	4	-1	0	0	50	0	0	0	44	-1	32	29	0	32	-1	0	0	0	0	0	0	31	20	0	-1	0	-1	5
c9015	0	0	15	-1	0	-1	-1	-1	0	-1	0	-1	0	0	0	19	-1	0	-1	0	0	0	13	-1	20	0	0	0	-1	37
c9019	38	0	-1	0	-1	0	0	0	0	44	0	-1	32	39	0	-1	6	-1	-1	0	6	0	36	0	20	-1	0	0	-1	11
c9033	0	0	-1	10	0	-1	-1	-1	-1	36	-1	-1	6	0	-1	0	-1	0	0	11	-1	48	0	-1	-1	0	-1	0	-1	0
c9096	0	0	-1	0	-1	0	-1	0	44	0	0	-1	7	26	21	0	7	-1	0	0	0	19	0	-1	20	-1	-1	35	-1	-1
c9097	0	0	-1	0	-1	-1	29	15	-1	0	-1	-1	7	0	21	0	7	0	-1	0	-1	-1	0	-1	20	-1	-1	-1	-1	0
c9127	0	0	-1	0	4	0	0	0	0	44	7	-1	32	39	-1	44	0	-1	0	0	0	-1	36	0	-1	-1	-1	-1	-1	0
c9154	0	0	0	10	-1	29	29	0	0	-1	0	-1	6	0	-1	0	0	11	0	28	0	0	-1	-1	-1	-1	0	0	-1	0
c9207	0	-1	0	10	0	29	29	-1	-1	42	0	-1	-1	0	-1	0	-1	0	-1	0	0	-1	11	-1	20	0	-1	0	-1	-1
c9212	29	0	0	10	44	29	-1	13	0	-1	-1	-1	0	-1	-1	0	-1	0	0	0	0	0	0	-1	20	23	0	0	-1	39
c9259	0	0	0	0	-1	-1	29	0	0	0	36	-1	0	0	21	-1	7	0	5	0	0	19	0	-1	-1	0	0	-1	-1	0
c9272	0	31	0	10	21	29	-1	-1	-1	37	39	-1	-1	26	-1	0	-1	0	-1	36	0	0	3	-1	20	-1	0	0	-1	0
c9292	21	0	37	29	-1	-1	0	39	0	-1	0	-1	32	0	0	-1	0	0	0	34	-1	0	21	27	20	-1	0	50	-1	39
c9309	27	-1	26	0	0	-1	-1	-1	36	0	0	-1	-1	0	0	-1	0	35	-1	-1	29	0	0	0	20	0	0	0	-1	-1
c9310	23	41	0	29	41	-1	20	6	0	27	-1	-1	32	-1	0	21	44	32	0	13	16	0	6	0	20	45	0	0	-1	0
c9318	34	-1	-1	0	6	0	29	-1	3	-1	0	-1	0	0	-1	0	15	-1	-1	19	19	0	0	-1	20	0	0	0	-1	-1
c9321	-1	-1	0	10	0	29	-1	-1	44	36	0	-1	0	28	-1	31	-1	0	0	11	-1	36	23	-1	20	-1	0	0	-1	0
c9333	-1	22	0	0	0	0	29	0	0	-1	-1	-1	0	26	0	0	-1	0	21	0	0	0	-1	-1	20	-1	-1	0	-1	37
c9343	27	21	0	0	-1	0	-1	-1	-1	0	0	-1	32	0	17	21	0	-1	0	-1	-1	-1	0	36	20	0	41	0	-1	0
c9357	-1	0	0	0	4	0	29	-1	44	22	32	-1	0	0	0	0	31	19	0	19	0	0	0	-1	20	34	21	0	-1	4
c9382	-1	0	33	45	0	0	29	0	15	0	27	-1	0	-1	-1	0	0	0	0	19	0	0	-1	-1	20	0	-1	0	-1	-1
c9417	0	0	-1	19	4	-1	-1	-1	0	44	0	-1	32	39	23	-1	0	-1	-1	0	0	-1	36	22	20	-1	0	0	-1	-1
c9463	0	0	0	0	0	0	29	2	0	-1	6	-1	0	-1	47	0	33	0	0	19	22	42	0	-1	-1	36	-1	0	-1	0
c9467	0	-1	0	-1	-1	0	-1	0	44	39	0	-1	0	27	16	0	-1	0	22	-1	-1	35	0	-1	20	0	-1	0	-1	-1
c9483	-1	0	0	10	0	29	29	0	0	0	0	-1	0	0	-1	-1	0	45	6	28	-1	0	3	-1	-1	0	-1	0	-1	0
c9488	0	0	-1	0	-1	-1	29	-1	0	0	0	-1	-1	0	21	-1	7	0	0	-1	0	19	0	-1	20	-1	-1	35	-1	0
c9499	0	0	-1	10	44	29	29	-1	0	0	32	-1	0	-1	-1	-1	-1	0	0	-1	0	-1	-1	-1	20	0	-1	0	-1	39
c9537	0	11	17	10	0	29	-1	0	0	36	0	-1	9	34	-1	0	-1	-1	6	0	11	0	0	-1	20	0	0	0	-1	0
c9545	27	7	0	0	0	0	-1	0	44	28	-1	-1	-1	0	44	0	0	-1	-1	19	15	0	33	-1	20	0	21	-1	-1	48
c9575	34	0	-1	41	6	45	29	19	-1	0	0	-1	0	0	26	0	15	-1	-1	-1	0	0	0	-1	20	0	0	0	-1	-1
c9586	0	49	-1	6	4	0	0	0	0	44	0	-1	32	39	0	0	0	-1	-1	0	-1	0	36	3	20	-1	-1	0	-1	-1
c9588	41	0	4	-1	10	0	29	-1	-1	22	-1	-1	0	0	0	0	31	-1	0	19	0	-1	0	-1	20	34	21	22	-1	-1
c9595	0	0	29	0	11	-1	-1	19	0	0	0	-1	0	32	-1	27	-1	-1	22	19	33	0	0	-1	20	0	0	27	-1	0
c9610	-1	26	0	0	0	0	29	29	0	32	0	-1	0	0	21	34	0	0	-1	0	13	0	0	-1	20	0	-1	35	-1	0
c9615	45	0	-1	0	4	-1	0	0	-1	44	-1	-1	32	39	0	0	0	-1	-1	38	6	27	-1	0	20	-1	0	0	-1	45
c9617	0	0	-1	32	26	29	29	19	-1	0	0	-1	32	0	0	0	29	0	-1	0	-1	0	0	-1	20	0	0	0	-1	0
c9664	0	0	5	0	19	20	-1	-1	0	0	11	-1	0	6	11	0	0	0	-1	-1	0	0	19	-1	20	-1	0	19	-1	0
c9672	0	0	-1	0	19	0	29	11	0	0	0	-1	-1	6	11	0	0	-1	0	19	-1	4	0	-1	-1	0	0	0	-1	27
c9697	-1	0	-1	0	0	-1	29	19	0	-1	-1	-1	0	29	-1	-1	0	31	6	0	-1	-1	0	-1	20	-1	21	0	-1	-1
c9717	0	-1	0	0	-1	0	29	11	0	0	-1	-1	-1	6	11	34	-1	0	-1	-1	0	0	0	-1	-1	45	-1	21	-1	0
c9720	0	0	0	0	0	0	29	4	44	-1	0	-1	0	39	0	0	0	-1	0	19	0	0	-1	-1	20	22	-1	-1	-1	33
c9728	0	0	-1	0	0	-1	0	0	-1	0	19	-1	-1	39	0	-1	0	-1	0	44	0	13	0	16	20	0	0	0	-1	0
c9743	0	0	0	0	19	20	29	11	0	0	0	-1	0	-1	11	-1	0	4	0	-1	0	0	19	-1	20	0	0	19	-1	0
c9792	34	0	-1	0	6	0	-1	19	-1	-1	0	-1	0	0	-1	-1	-1	-1	-1	19	0	0	0	-1	-1	0	29	0	-1	-1
c9797	33	-1	-1	0	0	0	29	20	44	39	0	-1	0	0	0	0	-1	-1	0	19	-1	-1	0	-1	20	0	-1	46	-1	-1
c9856	-1	39	0	5	0	0	29	-1	3	4	0	-1	-1	0	0	-1	0	0	0	19	0	0	44	-1	20	0	0	-1	-1	15
c9868	0	0	0	0	-1	0	29	0	-1	28	0	-1	0	0	0	37	0	-1	0	-1	0	0	0	-1	20	0	-1	0	-1	0
c9871	25	0	29	0	-1	3	29	19	19	-1	0	-1	34	-1	0	21	-1	0	0	19	-1	0	7	-1	20	26	-1	0	-1	0
c9901	0	-1	0	-1	-1	5	-1	11	11	0	0	-1	32	0	0	0	0	-1	0	-1	0	0	0	0	20	17	-1	0	-1	7
c9928	0	3	0	7	0	11	29	0	0	-1	-1	-1	27	0	0	0	-1	0	0	0	-1	0	13	-1	20	0	0	-1	-1	37
c9939	0	0	-1	0	0	3	-1	41	0	-1	17	-1	13	0	0	0	0	0	0	-1	41	15	0	-1	-1	0	0	0	-1	37
c9957	44	0	27	-1	0	0	29	-1	19	-1	32	-1	-1	0	0	0	-1	0	0	4	-1	0	13	-1	20	36	0	0	-1	37
c9961	-1	0	-1	0	0	-1	29	19	0	-1	4	-1	-1	0	0	-1	0	31	-1	29	44	0	-1	-1	20	0	0	0	-1	37
c9963	0	37	-1	0	-1	-1	-1	0	4	0	-1	-1	0	44	-1	-1	17	0	0	-1	0	0	0	-1	20	0	0	35	-1	0
c9971	41	0	-1	10	-1	29	29	0	0	0	15	-1	0	0	-1	0	16	0	0	28	0	41	3	-1	20	0	-1	-1	-1	-1
c9974	0	-1	0	0	-1	23	-1	0	44	-1	0	-1	0	27	16	0	44	39	0	-1	-1	0	0	-1	20	-1	21	0	-1	0
c9981	6	0	0	-1	0	-1	-1	0	0	0	-1	-1	28	0	0	0	0	0	0	19	0	0	0	-1	-1	0	0	0	-1	11
c9984	0	-1	0	0	-1	0	29	0	44	39	19	-1	-1	0	0	0	0	0	0	-1	-1	0	0	-1	20	0	21	0	-1	-1
c10011	33	-1	0	-1	-1	0	29	31	44	39	-1	-1	0	0	-1	0	0	-1	6	19	-1	0	0	-1	20	-1	21	0	-1	0
c10015	0	-1	0	10	-1	-1	-1	-1	13	0	39	-1	0	26	-1	0	0	13	0	0	0	0	3	-1	20	0	0	-1	-1	0
c10028	-1	-1	0	0	0	0	29	0	-1	-1	19	-1	0	0	0	0	0	0	-1	19	-1	-1	0	-1	20	0	-1	0	-1	0
c10029	0	-1	0	0	0	0	29	0	-1	39	19	-1	0	0	0	0	0	0	0	19	-1	26	0	-1	20	0	21	0	-1	0
c10031	27	0	-1	-1	0	0	0	-1	0	0	0	-1	32	0	2	21	0	0	29	0	29	0	0	36	-1	36	41	0	-1	0
c10035	0	3	0	7	0	11	29	0	0	-1	0	-1	-1	0	0	0	-1	0	0	0	35	-1	13	-1	20	0	0	0	-1	37
c10048	0	0	33	0	0	0	-1	19	0	0	-1	-1	39	39	0	28	7	0	0	19	0	0	19	-1	20	50	19	0	-1	-1
c10063	17	0	0	29	0	0	50	0	0	0	44	-1	32	9	0	32	41	0	26	0	0	0	0	-1	-1	-1	-1	0	-1	19
c10101	-1	0	0	0	23	0	29	-1	-1	32	0	-1	44	45	21	-1	0	0	-1	0	4	-1	0	-1	20	-1	0	35	-1	0
c10109	7	0	0	0	0	0	29	19	0	-1	4	-1	0	-1	0	-1	0	31	34	46	44	0	0	-1	20	0	0	0	-1	37
c10128	0	8	32	-1	0	-1	-1	24	-1	0	0	-1	24	0	-1	0	-1	0	-1	0	-1	13	-1	-1	20	0	0	0	-1	0
c10146	0	31	0	-1	29	29	29	-1	13	-1	39	-1	-1	26	-1	45	0	-1	0	0	0	0	3	-1	20	6	6	-1	-1	0
c10148	-1	0	-1	-1	6	0	29	19	3	21	0	-1	0	0	0	0	15	-1	-1	19	0	0	-1	-1	20	0	-1	0	-1	2
c10160	-1	0	0	0	-1	0	29	0	-1	0	0	-1	0	-1	21	-1	17	-1	0	0	-1	0	0	-1	20	20	0	35	-1	0
c10167	19	0	33	-1	-1	-1	29	0	15	0	27	-1	0	0	0	0	0	0	0	19	0	0	0	-1	20	0	36	0	-1	6
c10224	0	-1	0	0	-1	0	29	-1	0	0	-1	-1	0	0	21	0	7	0	0	6	6	19	0	-1	20	-1	-1	35	-1	6
c10262	7	0	0	-1	0	0	29	19	-1	-1	4	-1	0	0	0	-1	0	31	9	-1	44	21	0	-1	20	0	21	0	-1	37
c10287	-1	-1	0	0	0	23	-1	0	44	39	0	-1	0	27	16	0	44	-1	0	19	-1	-1	-1	-1	20	0	21	0	-1	0
c10324	0	0	-1	0	0	-1	29	19	0	-1	4	-1	0	29	-1	-1	0	31	0	9	44	0	-1	-1	-1	0	21	0	-1	37
c10325	0	0	-1	0	0	-1	29	19	0	-1	4	-1	0	29	-1	-1	-1	31	0	0	44	0	0	-1	20	0	21	0	-1	37
c10354	0	0	0	7	-1	11	-1	-1	0	-1	0	-1	0	0	0	-1	-1	0	0	0	0	0	13	-1	20	-1	0	39	-1	37
c10367	21	0	-1	0	-1	38	29	19	-1	-1	-1	-1	0	0	0	-1	-1	31	0	29	44	0	-1	-1	20	0	0	0	-1	37
c10397	45	0	0	27	0	-1	29	0	0	-1	0	-1	-1	0	17	32	-1	-1	0	0	0	0	13	-1	20	-1	0	0	-1	37
c10427	7	0	0	0	0	0	29	19	13	-1	4	-1	0	0	-1	-1	16	-1	19	46	-1	0	0	-1	20	0	0	-1	-1	37
c10430	34	0	-1	0	6	0	29	19	-1	0	0	-1	22	0	0	-1	0	-1	-1	19	0	26	0	-1	20	5	-1	0	-1	34
c10431	34	0	-1	0	6	0	29	19	3	0	0	-1	22	-1	0	-1	0	-1	-1	19	0	26	-1	-1	-1	5	-1	0	-1	34
c10516	0	44	0	0	0	-1	29	0	44	-1	32	-1	36	0	39	0	0	-1	46	19	21	-1	-1	-1	20	0	21	-1	-1	0
c10520	-1	0	0	0	-1	0	-1	0	0	0	0	-1	0	0	11	0	44	0	0	19	-1	0	-1	-1	20	0	-1	0	-1	0
c10530	19	21	33	0	0	0	-1	-1	15	19	27	-1	-1	-1	-1	-1	0	0	-1	19	0	0	0	-1	-1	-1	36	3	-1	-1
c10565	0	0	0	-1	0	-1	29	-1	0	-1	22	-1	0	0	-1	0	-1	0	-1	44	0	-1	0	-1	20	0	-1	0	-1	21
c10567	0	-1	0	0	0	0	29	0	44	39	-1	-1	0	0	-1	-1	0	0	0	19	-1	0	0	-1	-1	-1	21	0	-1	-1
c10570	0	0	-1	19	-1	0	29	-1	0	-1	0	-1	7	0	21	0	7	-1	-1	0	28	19	0	-1	20	-1	-1	35	-1	9
c10572	0	0	-1	32	0	29	0	47	-1	0	-1	-1	32	0	0	0	0	-1	0	-1	31	-1	-1	0	20	0	-1	0	-1	24
c10599	0	-1	0	0	19	0	-1	11	-1	0	0	-1	13	6	-1	21	-1	0	0	-1	-1	0	0	-1	20	0	0	-1	-1	-1
c10604	-1	17	0	0	0	7	29	-1	-1	0	32	-1	11	-1	0	35	0	0	0	19	0	0	36	-1	-1	23	21	0	-1	0
c10620	0	0	0	0	-1	38	29	19	0	-1	-1	-1	0	4	4	-1	-1	-1	0	0	-1	0	0	-1	20	-1	0	0	-1	37
c10651	0	3	0	-1	0	11	29	21	0	-1	-1	-1	0	0	0	0	-1	-1	0	-1	0	0	-1	-1	20	0	0	0	-1	37
c10653	0	49	-1	6	4	0	-1	0	0	-1	0	-1	32	39	0	0	0	-1	0	0	-1	0	-1	3	20	-1	0	0	-1	-1
c10667	-1	-1	0	-1	-1	0	29	0	0	0	0	-1	0	35	21	6	17	0	0	0	0	0	-1	-1	20	-1	0	35	-1	29
c10690	36	-1	23	28	0	0	29	0	0	5	0	-1	-1	21	21	0	0	0	0	0	13	0	0	-1	20	36	29	35	-1	31
c10695	-1	-1	0	-1	0	0	29	0	44	0	32	-1	0	0	0	0	0	0	0	19	-1	-1	36	-1	-1	0	21	-1	-1	0
c10730	-1	0	0	0	-1	0	29	-1	-1	28	0	-1	0	-1	0	0	33	-1	7	-1	0	0	0	-1	20	-1	21	0	-1	0
c10749	0	0	0	0	-1	0	-1	27	-1	0	27	-1	-1	5	21	0	0	-1	-1	-1	0	0	0	-1	-1	0	0	35	-1	-1
c10758	-1	49	-1	6	-1	0	-1	0	0	-1	0	-1	32	39	0	-1	0	-1	0	26	0	0	-1	-1	-1	-1	0	0	-1	-1
c10776	-1	0	-1	0	19	0	29	39	0	0	-1	-1	-1	-1	11	40	0	0	0	19	0	31	0	-1	20	0	0	0	-1	0
c10782	0	0	0	5	19	20	29	-1	0	4	-1	-1	0	6	11	0	0	0	0	-1	19	0	-1	-1	20	0	-1	34	-1	0
c10796	34	22	-1	-1	6	0	29	19	3	19	0	-1	49	0	-1	0	15	0	-1	19	0	0	0	-1	20	0	0	0	-1	0
c10801	27	0	0	-1	0	21	29	0	-1	-1	0	-1	-1	13	6	29	0	0	41	19	-1	-1	0	-1	20	0	-1	0	-1	0
c10816	-1	0	48	0	-1	0	0	0	0	0	0	-1	32	-1	0	0	0	0	0	0	0	0	0	44	20	17	0	0	-1	7
c10839	0	3	0	7	0	11	29	0	35	-1	0	-1	0	0	0	-1	-1	0	0	0	0	0	13	-1	20	0	0	0	-1	37
c10840	0	-1	0	-1	0	0	-1	11	11	-1	0	-1	-1	0	-1	0	38	44	0	19	0	19	0	-1	20	17	0	19	-1	7
c10845	0	-1	0	19	0	0	29	-1	44	0	-1	-1	36	-1	39	0	0	32	0	19	0	-1	36	-1	20	-1	21	0	-1	0
c10867	0	-1	0	0	-1	0	-1	-1	-1	-1	-1	-1	0	0	0	27	36	0	0	19	0	39	-1	-1	20	23	21	0	-1	-1
c10869	0	2	-1	-1	0	28	-1	39	-1	-1	-1	-1	37	0	0	0	-1	-1	0	0	0	0	13	-1	-1	19	-1	0	-1	37
c10879	26	-1	0	0	0	0	29	0	44	0	-1	-1	36	0	39	-1	-1	29	0	-1	0	0	36	-1	20	0	21	0	-1	11
c10891	27	7	0	0	0	0	29	3	44	28	-1	-1	0	0	44	0	0	-1	-1	19	-1	0	0	-1	20	0	21	-1	-1	-1
c10901	23	41	0	29	41	32	0	6	0	27	-1	-1	32	32	36	21	0	32	0	13	16	0	6	7	-1	45	0	0	-1	0
c10905	0	-1	-1	10	-1	29	29	-1	-1	42	0	-1	0	0	-1	0	-1	0	-1	0	41	-1	0	-1	20	0	-1	0	-1	0
c10917	0	-1	0	0	-1	0	29	0	0	0	-1	-1	0	0	21	0	7	0	0	6	0	19	21	-1	20	-1	-1	35	-1	6
c10924	49	-1	-1	0	0	0	0	-1	0	0	0	-1	32	0	35	0	0	0	-1	0	-1	0	0	0	20	17	0	32	-1	7
c10928	0	0	27	6	0	0	29	-1	0	-1	32	-1	0	-1	0	19	-1	0	0	0	4	0	13	-1	-1	0	0	0	-1	-1
c10943	0	0	-1	0	4	6	4	0	0	-1	-1	-1	32	39	0	21	44	-1	0	0	6	0	36	0	20	-1	0	0	-1	0
c10945	0	0	0	0	-1	-1	-1	-1	0	0	0	-1	0	6	-1	0	0	0	-1	19	0	-1	0	-1	20	0	-1	-1	-1	0
c10970	0	0	-1	10	0	29	-1	29	3	0	0	-1	27	27	-1	0	-1	-1	-1	28	-1	0	3	-1	20	0	0	0	-1	0
c10975	0	0	0	0	-1	-1	29	0	0	0	-1	-1	0	0	21	0	7	0	0	26	0	19	0	-1	20	-1	-1	35	-1	0
c10988	0	-1	37	-1	-1	0	0	39	0	-1	0	-1	32	0	0	0	0	0	0	34	0	0	21	27	-1	0	0	50	-1	39
c10996	-1	11	34	0	-1	0	0	0	0	22	-1	-1	32	-1	0	0	-1	-1	0	0	0	0	0	0	-1	0	0	46	-1	-1
c11005	21	-1	0	-1	0	22	29	29	0	32	0	-1	0	0	21	34	0	0	0	0	13	-1	0	-1	20	0	17	35	-1	-1
c11016	0	-1	0	0	-1	0	-1	0	44	39	0	-1	0	27	16	0	44	29	0	19	-1	-1	0	-1	20	36	21	0	-1	0
c11017	0	-1	0	0	0	0	-1	0	44	39	0	-1	0	27	16	0	44	29	0	19	-1	-1	0	-1	20	36	-1	-1	-1	-1
c11018	0	0	33	0	32	0	29	-1	0	0	27	-1	0	0	-1	0	-1	0	0	19	0	36	0	-1	20	-1	-1	0	-1	0
c11031	0	49	-1	6	4	0	0	-1	0	44	-1	-1	32	39	0	-1	0	-1	0	-1	-1	0	36	3	20	-1	0	0	-1	-1
c11039	-1	0	-1	0	-1	45	-1	19	3	0	0	-1	0	41	-1	-1	15	44	-1	19	33	0	3	-1	20	-1	0	-1	-1	0
c11057	0	-1	-1	0	0	-1	-1	19	0	-1	4	-1	-1	-1	0	-1	0	-1	0	29	44	0	0	-1	20	0	6	0	-1	37
c11069	23	19	0	-1	-1	0	29	0	44	19	0	-1	7	19	20	0	0	0	33	-1	35	0	-1	-1	20	0	21	29	-1	0
c11094	-1	-1	0	-1	0	29	29	0	-1	0	37	-1	0	0	-1	-1	0	45	0	28	-1	-1	3	-1	20	0	-1	0	-1	0
c11103	-1	39	0	5	0	0	29	19	3	4	0	-1	-1	0	0	-1	-1	0	0	19	0	0	-1	-1	20	-1	0	0	-1	15
c11110	7	0	0	0	29	0	29	19	-1	-1	-1	-1	0	0	-1	-1	0	31	35	46	-1	0	0	-1	20	0	-1	0	-1	-1
c11128	-1	31	0	10	0	29	-1	29	13	37	-1	-1	6	26	-1	-1	-1	0	-1	-1	0	0	3	-1	-1	17	-1	0	-1	0
c11156	-1	-1	-1	0	6	0	29	19	3	0	0	-1	-1	0	16	0	0	0	-1	19	0	29	4	-1	20	0	0	0	-1	0
c11157	-1	-1	-1	0	6	0	-1	19	3	0	-1	-1	0	0	16	-1	0	-1	-1	19	-1	29	0	-1	20	-1	0	-1	-1	0
c11166	0	2	0	-1	0	28	29	39	-1	-1	0	-1	37	0	0	0	-1	-1	-1	0	0	0	-1	-1	-1	19	0	0	-1	37
c11167	0	2	-1	0	0	28	29	-1	0	-1	0	-1	-1	0	-1	0	-1	0	-1	0	0	0	13	-1	20	19	33	0	-1	-1
c11171	-1	-1	0	-1	-1	0	29	19	0	-1	4	-1	11	13	0	-1	45	31	0	-1	44	0	0	-1	20	-1	21	-1	-1	37
c11173	0	31	-1	10	0	29	29	-1	13	0	39	-1	0	26	-1	0	0	0	0	0	0	0	3	-1	20	0	6	0	-1	-1
c11179	0	0	37	29	0	0	0	-1	36	-1	-1	-1	32	0	0	0	0	0	32	-1	0	-1	0	0	20	29	19	50	-1	0
c11186	7	0	0	-1	0	0	29	19	0	-1	4	-1	0	0	28	-1	16	31	45	46	44	28	0	-1	20	0	0	0	-1	-1
c11194	0	33	0	0	-1	0	29	-1	-1	0	32	-1	0	0	0	27	0	0	31	19	-1	0	36	-1	20	23	-1	0	-1	0
c11195	0	33	0	0	-1	0	-1	0	-1	0	-1	-1	0	0	0	-1	0	-1	-1	19	0	-1	36	-1	20	23	-1	0	-1	0
c11245	0	-1	0	0	-1	0	29	0	-1	-1	19	-1	0	0	0	0	0	0	0	19	-1	0	0	-1	20	-1	21	0	-1	-1
c11247	23	49	-1	6	4	32	0	0	0	44	-1	-1	32	-1	0	0	0	-1	0	26	0	0	36	0	20	-1	0	32	-1	-1
c11248	0	7	0	0	0	0	29	0	-1	28	-1	-1	-1	0	-1	0	-1	-1	0	19	15	0	0	-1	20	0	21	0	-1	48
c11253	7	0	45	0	19	0	-1	19	0	-1	4	-1	0	0	0	-1	0	31	0	46	-1	0	40	-1	20	0	0	0	-1	37
c11262	0	3	0	7	0	11	-1	0	-1	-1	0	-1	-1	0	0	0	-1	0	0	0	0	0	13	-1	20	0	-1	0	-1	-1
c11263	0	3	-1	7	0	11	29	0	0	-1	-1	-1	27	0	0	0	-1	-1	0	0	0	0	-1	-1	20	0	0	0	-1	37
c11280	0	0	0	-1	0	0	-1	-1	-1	0	32	-1	0	-1	0	27	-1	0	0	19	0	0	36	-1	20	23	-1	0	-1	0
c11282	21	0	37	29	-1	0	0	39	0	-1	-1	-1	32	0	0	0	0	0	-1	34	-1	0	21	27	20	0	0	-1	-1	39
c11286	0	3	0	7	0	11	29	0	35	-1	0	-1	0	0	0	0	-1	0	0	0	39	-1	13	-1	20	-1	12	0	-1	-1
c11290	34	-1	-1	0	6	0	29	19	3	-1	-1	-1	0	0	0	0	35	44	-1	19	0	27	0	-1	-1	6	22	7	-1	0
c11328	0	26	-1	10	0	29	29	0	3	0	-1	-1	0	0	-1	-1	30	0	0	28	0	0	-1	-1	20	0	0	0	-1	0
c11351	0	0	31	0	0	0	29	27	-1	0	0	-1	0	5	21	0	0	33	0	0	-1	21	0	-1	20	0	-1	35	-1	-1
c11360	0	31	24	10	6	-1	29	29	-1	0	39	-1	0	26	-1	0	0	13	0	-1	-1	0	3	-1	20	0	-1	0	-1	0
c11366	0	0	6	0	0	0	39	11	-1	-1	38	-1	32	0	0	0	19	29	0	-1	0	0	-1	0	-1	17	0	0	-1	7
c11386	0	0	-1	0	4	0	0	0	-1	44	-1	-1	32	-1	0	-1	44	-1	0	0	6	0	-1	21	-1	-1	-1	39	-1	0
c11445	34	0	0	5	-1	36	29	19	3	4	0	-1	-1	0	0	-1	-1	0	0	19	0	-1	0	-1	20	-1	0	17	-1	-1
c11456	0	-1	-1	0	4	0	0	-1	0	44	7	-1	32	39	0	-1	-1	-1	-1	0	0	-1	36	0	20	-1	27	0	-1	0
c11488	34	-1	-1	0	6	0	29	-1	3	0	0	-1	0	48	13	0	0	44	-1	-1	0	-1	0	-1	20	-1	3	0	-1	0
c11515	49	-1	46	0	0	0	0	0	9	0	0	-1	32	-1	35	0	0	-1	-1	0	0	0	0	0	20	17	0	32	-1	7
c11516	0	49	-1	-1	4	0	0	0	0	44	-1	-1	32	39	0	0	0	-1	0	26	0	0	36	0	-1	-1	0	32	-1	0
c11528	34	-1	-1	0	6	45	29	19	3	0	0	-1	0	0	26	-1	15	-1	-1	19	0	0	0	-1	20	-1	0	-1	-1	0
c11530	34	-1	-1	-1	6	45	29	-1	-1	0	0	-1	0	38	-1	0	15	0	-1	19	0	12	0	-1	20	0	-1	0	-1	0
c11536	6	0	-1	-1	0	0	29	0	0	0	0	-1	28	33	0	0	4	0	0	19	0	0	-1	-1	-1	0	0	0	-1	-1
c11549	-1	-1	29	0	-1	0	-1	44	44	39	-1	-1	0	0	-1	21	0	-1	0	19	-1	0	-1	-1	20	31	21	-1	-1	0
c11565	34	0	-1	0	-1	-1	29	19	3	0	0	-1	0	19	0	0	15	0	-1	-1	0	0	0	-1	20	0	-1	0	-1	0
c11571	0	0	29	0	11	0	29	19	0	0	0	-1	0	-1	-1	0	0	0	22	-1	33	11	0	-1	20	0	0	0	-1	0
c11573	-1	19	-1	10	0	29	29	-1	0	-1	0	-1	36	44	-1	0	-1	-1	-1	0	0	-1	4	-1	20	-1	0	0	-1	0
c11584	0	0	33	0	0	0	29	12	-1	0	27	-1	0	0	0	0	0	0	0	19	-1	0	0	-1	20	31	-1	0	-1	0
c11613	0	0	0	-1	0	0	-1	-1	44	22	32	-1	-1	0	0	0	31	-1	0	19	0	11	0	-1	20	34	21	0	-1	4
c11631	0	-1	-1	0	4	-1	0	27	39	44	0	-1	-1	39	0	0	-1	-1	0	0	0	10	36	0	-1	-1	0	0	-1	-1
c11636	3	21	0	7	-1	-1	29	0	-1	-1	0	-1	0	0	-1	-1	-1	0	0	46	-1	0	-1	-1	20	0	0	23	-1	-1
c11648	27	46	0	0	-1	0	0	-1	-1	0	0	-1	32	0	0	21	0	0	0	0	-1	0	0	36	20	0	41	0	-1	0
c11652	0	0	-1	-1	-1	38	29	19	0	-1	4	-1	0	0	0	-1	0	31	7	29	44	-1	37	-1	20	0	0	0	-1	37
c11660	0	0	0	36	-1	29	-1	0	0	0	0	-1	0	45	21	-1	17	0	0	0	-1	44	0	-1	20	0	0	35	-1	0
c11666	34	0	0	5	0	0	29	19	3	4	13	-1	0	0	0	-1	0	0	0	19	0	-1	0	-1	20	21	0	17	-1	-1
c11690	0	0	0	0	-1	0	-1	0	-1	0	-1	-1	0	33	0	27	0	35	0	19	0	23	36	-1	20	23	21	0	-1	0
c11692	45	0	7	0	19	13	29	45	44	26	0	-1	22	3	-1	0	-1	0	0	-1	-1	19	0	-1	20	44	-1	0	-1	0
c11704	0	-1	-1	-1	0	29	29	-1	13	0	39	-1	0	26	-1	-1	0	0	0	0	0	0	3	-1	-1	0	6	0	-1	39
c11712	0	0	0	0	0	0	29	19	-1	-1	6	-1	0	26	-1	0	-1	-1	0	0	0	0	13	-1	20	0	0	-1	-1	37
c11725	-1	-1	3	3	-1	40	41	-1	6	0	11	-1	7	-1	-1	-1	-1	-1	-1	26	0	19	0	0	20	39	-1	-1	-1	27
c11751	0	-1	-1	0	-1	0	29	-1	44	22	32	-1	0	-1	0	-1	31	19	0	-1	0	-1	6	-1	-1	34	21	0	-1	4
c11793	21	0	0	0	0	17	-1	29	0	32	0	-1	-1	0	21	34	32	0	0	0	13	0	0	-1	20	0	17	35	-1	0
c11798	49	32	46	0	0	0	0	-1	0	0	-1	-1	32	31	0	0	0	-1	0	-1	48	0	0	34	20	-1	0	0	-1	7
c11801	0	0	-1	6	-1	0	27	0	0	44	0	-1	-1	39	0	0	0	-1	-1	45	-1	45	-1	0	20	-1	0	-1	-1	0
c11837	0	0	-1	34	-1	0	29	46	44	19	0	-1	39	-1	20	26	4	0	0	19	35	0	0	-1	20	22	21	-1	-1	0
c11840	0	32	0	0	0	-1	29	0	44	-1	32	-1	0	6	0	-1	-1	0	0	19	0	0	36	-1	-1	0	21	0	-1	0
c11848	46	0	29	0	11	0	29	19	0	0	0	-1	36	0	0	0	0	28	22	19	-1	-1	0	-1	20	0	0	-1	-1	-1
c11856	0	-1	-1	0	0	-1	29	-1	0	-1	4	-1	0	-1	0	-1	-1	31	0	29	44	-1	0	-1	20	0	0	0	-1	-1
c11868	0	-1	0	-1	0	0	29	0	-1	39	19	-1	35	0	0	0	0	0	0	19	-1	26	0	-1	20	0	21	0	-1	0
c11875	-1	-1	0	10	-1	29	29	29	13	0	39	-1	-1	26	-1	-1	0	-1	0	0	0	0	3	-1	20	0	6	39	-1	-1
c11891	27	0	0	0	0	6	0	-1	-1	-1	0	-1	32	-1	0	-1	0	0	0	-1	29	-1	-1	0	-1	-1	0	0	-1	0
c11922	39	-1	0	0	32	0	29	0	44	-1	0	-1	-1	-1	0	45	0	0	0	-1	-1	-1	5	-1	20	-1	0	34	-1	0
c11969	27	0	0	0	0	0	0	-1	0	0	-1	-1	32	0	2	21	0	50	-1	0	29	0	0	36	20	36	-1	0	-1	0
c11972	-1	31	0	10	-1	29	29	13	-1	0	0	-1	19	0	-1	-1	-1	0	0	29	0	0	0	-1	20	-1	0	0	-1	46
c11996	0	31	33	0	0	0	29	0	0	0	27	-1	-1	0	0	0	0	0	44	-1	0	0	0	-1	20	0	-1	0	-1	0
c12014	-1	0	-1	-1	31	29	29	0	3	0	0	-1	0	27	-1	0	30	0	-1	28	0	-1	3	-1	20	0	0	0	-1	0
c12016	-1	0	0	0	-1	-1	29	16	0	0	0	-1	39	44	-1	6	17	0	0	0	-1	0	0	-1	20	13	0	35	-1	-1
c12026	0	-1	0	0	-1	0	29	-1	-1	-1	32	-1	0	0	0	0	31	19	0	19	0	0	-1	-1	20	34	21	0	-1	4
c12027	0	0	-1	0	17	0	29	-1	-1	22	32	-1	0	0	0	0	31	19	-1	19	-1	0	41	-1	20	34	21	0	-1	4
c12032	0	0	33	0	19	0	29	26	46	0	0	-1	29	0	11	0	24	0	0	-1	7	0	0	-1	20	0	-1	0	-1	0
c12040	0	45	0	10	0	29	-1	6	0	36	0	-1	0	-1	-1	0	-1	0	0	0	0	-1	0	-1	20	-1	0	23	-1	0
c12052	34	-1	-1	0	6	0	29	19	3	0	0	-1	0	0	0	0	0	44	-1	19	0	27	0	-1	20	0	-1	7	-1	-1
c12059	0	0	3	0	0	0	29	0	44	-1	32	-1	0	0	-1	0	-1	-1	-1	19	50	0	36	-1	-1	0	-1	32	-1	0
c12079	-1	-1	0	0	-1	0	29	6	44	39	0	-1	45	33	16	0	44	0	-1	-1	-1	0	29	-1	20	0	21	45	-1	13
c12086	0	37	0	0	-1	0	29	0	4	0	0	-1	0	-1	21	-1	17	0	0	0	-1	0	0	-1	20	0	0	35	-1	0
c12109	0	33	-1	0	-1	28	-1	0	0	0	27	-1	0	-1	0	-1	7	7	0	19	7	2	19	-1	-1	-1	0	0	-1	0
c12133	-1	0	33	0	-1	22	29	0	-1	0	27	-1	-1	0	0	0	0	0	0	-1	0	0	0	-1	20	-1	-1	0	-1	0
c12134	0	-1	34	0	19	19	29	11	19	-1	0	-1	0	6	11	19	-1	0	0	-1	0	0	-1	-1	20	0	0	-1	-1	-1
c12140	6	0	-1	32	0	29	6	-1	-1	0	0	-1	32	0	22	27	0	0	0	0	0	0	0	-1	20	0	0	0	-1	24
c12142	27	0	0	0	-1	-1	29	-1	44	20	0	-1	0	13	0	29	0	0	0	19	-1	0	0	-1	20	0	-1	0	-1	0
c12145	6	0	0	34	0	0	29	0	0	0	-1	-1	-1	0	31	0	-1	0	-1	19	39	0	0	-1	-1	0	0	0	-1	0
c12149	0	-1	29	0	0	-1	29	-1	44	22	32	-1	0	48	0	0	31	19	0	-1	0	0	0	-1	-1	34	21	0	-1	4
c12152	0	0	-1	0	-1	38	29	19	0	-1	4	-1	39	-1	-1	-1	0	31	0	29	44	0	-1	-1	-1	0	0	21	-1	37
c12156	-1	-1	46	-1	0	0	-1	0	0	0	-1	-1	32	0	-1	0	0	0	0	0	0	0	-1	-1	20	-1	0	0	-1	-1
c12162	0	-1	0	10	0	-1	29	0	0	0	0	-1	0	0	-1	0	0	45	0	28	-1	0	3	-1	20	0	-1	0	-1	-1
c12164	-1	-1	0	0	0	-1	-1	-1	0	0	17	-1	0	-1	-1	0	0	0	0	19	-1	0	6	-1	20	-1	11	-1	-1	7
c12168	27	-1	0	0	0	0	-1	0	44	28	-1	-1	0	0	-1	0	0	-1	-1	19	-1	-1	33	-1	20	0	21	0	-1	48
c12173	-1	0	0	0	0	-1	29	-1	44	-1	-1	-1	0	39	-1	-1	0	-1	0	19	0	-1	0	-1	20	-1	21	0	-1	-1
c12183	-1	-1	3	3	0	0	0	6	6	0	11	-1	7	0	45	39	11	0	-1	26	0	19	35	-1	20	39	0	0	-1	0
c12191	0	0	27	-1	-1	0	0	0	11	0	19	-1	32	0	0	41	28	0	0	0	0	0	44	44	20	0	11	-1	-1	0
c12198	0	0	0	29	-1	11	0	-1	0	-1	0	-1	-1	11	0	0	0	-1	0	21	0	45	19	31	20	0	0	-1	-1	0
c12199	0	0	0	29	-1	11	45	0	0	0	0	-1	32	11	-1	0	0	-1	0	21	-1	45	-1	31	20	0	-1	-1	-1	0
c12218	0	-1	-1	0	0	7	29	15	0	0	27	-1	0	0	0	0	0	0	0	19	-1	0	-1	-1	20	0	-1	0	-1	0
c12223	0	0	0	-1	0	-1	29	0	44	0	32	-1	36	0	39	0	0	0	-1	19	0	0	36	-1	20	0	21	0	-1	0
c12232	0	-1	0	0	0	-1	-1	19	0	-1	4	-1	-1	0	0	-1	0	31	32	46	-1	19	-1	-1	20	0	0	0	-1	-1
c12234	-1	39	-1	5	0	-1	29	19	3	4	0	-1	0	-1	-1	-1	39	0	0	19	0	-1	44	-1	20	21	0	0	-1	15
c12237	-1	0	-1	45	6	0	29	19	-1	0	-1	-1	-1	0	16	45	-1	0	-1	19	0	0	0	-1	20	0	7	0	-1	35
c12257	49	32	46	0	28	-1	0	0	-1	0	0	-1	32	-1	35	0	0	0	0	-1	0	0	0	0	20	17	-1	27	-1	7
c12271	0	0	0	7	0	11	29	0	0	-1	0	-1	0	0	0	36	-1	0	0	0	0	0	13	-1	20	0	-1	0	-1	37
c12275	31	0	0	0	-1	0	29	0	0	-1	27	-1	0	0	11	-1	0	0	0	-1	0	0	0	-1	20	-1	-1	0	-1	0
c12277	0	0	-1	10	-1	29	-1	13	-1	-1	0	-1	0	-1	-1	44	-1	0	0	0	0	0	-1	-1	-1	0	0	0	-1	0
c12287	0	0	33	21	0	0	29	0	32	-1	27	-1	0	-1	0	0	0	0	0	19	0	-1	0	-1	-1	7	-1	0	-1	0
c12288	0	0	0	-1	0	0	29	27	0	-1	0	-1	0	-1	21	0	0	33	0	0	22	0	-1	-1	20	-1	0	35	-1	31
c12353	-1	0	-1	19	4	-1	0	27	0	44	0	-1	32	-1	26	0	0	-1	0	0	0	-1	36	0	20	-1	-1	0	-1	-1
c12359	49	32	-1	44	28	0	0	0	-1	0	0	-1	32	0	35	0	5	0	-1	0	0	-1	0	0	20	17	44	0	-1	7
c12364	0	-1	37	29	-1	0	0	44	36	-1	0	-1	32	0	0	-1	0	0	0	0	0	0	31	0	20	29	-1	-1	-1	0
c12370	-1	0	3	3	0	11	-1	6	-1	0	11	-1	7	0	45	27	11	15	31	-1	-1	0	0	21	20	39	0	15	-1	0
c12376	-1	0	0	0	0	0	-1	19	-1	-1	0	-1	-1	26	46	-1	-1	-1	0	0	0	0	13	-1	20	-1	0	-1	-1	37
c12394	0	-1	29	0	-1	0	29	0	44	28	16	-1	0	-1	44	0	-1	-1	0	19	-1	39	0	-1	-1	0	21	31	-1	0
c12439	0	0	0	0	0	0	29	19	-1	-1	-1	-1	0	-1	46	0	-1	-1	-1	0	0	0	-1	-1	20	0	0	21	-1	37
c12448	29	-1	0	0	0	37	-1	6	44	-1	0	-1	0	-1	16	0	44	0	0	19	-1	0	29	-1	20	-1	21	0	-1	0
c12485	0	0	-1	0	0	-1	29	0	0	-1	32	-1	-1	3	0	-1	-1	0	22	0	4	0	13	-1	-1	0	0	-1	-1	37
c12501	0	31	-1	10	-1	29	29	29	13	-1	39	-1	0	-1	-1	0	-1	0	0	0	0	0	3	-1	-1	0	6	0	-1	0
c12510	-1	0	23	27	0	0	29	0	0	37	-1	-1	-1	21	21	0	0	0	0	0	-1	0	0	-1	20	36	0	35	-1	0
c12517	0	0	33	0	0	-1	-1	19	0	0	27	-1	39	39	0	28	7	-1	0	19	0	-1	-1	-1	20	-1	-1	0	-1	-1
c12526	0	-1	-1	0	-1	0	-1	0	0	-1	7	-1	32	39	0	44	-1	-1	0	0	0	-1	36	0	-1	-1	27	0	-1	0
c12527	0	0	-1	0	4	0	-1	0	0	44	-1	-1	32	-1	0	44	0	-1	0	-1	-1	-1	-1	0	20	-1	27	0	-1	-1
c12536	-1	0	-1	0	-1	-1	29	-1	3	0	-1	-1	0	-1	16	0	0	-1	-1	19	19	29	0	-1	-1	0	0	0	-1	0
c12544	27	0	0	0	0	-1	-1	-1	-1	0	17	-1	32	0	0	21	-1	0	45	0	29	-1	0	36	20	46	41	0	-1	-1
c12562	0	0	-1	0	-1	0	29	-1	4	6	36	-1	0	44	21	-1	17	-1	0	-1	0	0	0	-1	20	0	0	35	-1	-1
c12598	-1	-1	0	0	0	0	29	17	44	-1	19	-1	-1	-1	0	0	0	27	0	19	-1	-1	0	-1	-1	0	21	0	-1	0
c12604	0	3	0	7	-1	-1	-1	0	0	-1	-1	-1	0	0	0	0	-1	0	0	0	0	0	-1	-1	20	0	48	-1	-1	37
c12622	45	11	0	27	-1	0	29	50	0	-1	0	-1	-1	0	-1	-1	-1	0	-1	0	0	0	13	-1	-1	0	0	0	-1	37
c12660	0	0	0	-1	19	33	-1	0	0	23	0	-1	0	-1	-1	0	28	0	-1	19	-1	46	0	-1	20	-1	25	0	-1	0
c12684	0	34	29	0	0	0	29	19	0	13	0	-1	-1	45	0	0	0	0	0	19	7	28	0	-1	20	0	-1	0	-1	45
c12690	0	0	-1	-1	4	0	27	0	0	44	0	-1	32	-1	21	0	0	-1	0	0	0	45	-1	0	20	-1	21	-1	-1	0
c12697	0	0	0	-1	0	29	-1	34	44	36	-1	-1	0	0	-1	0	-1	0	0	11	0	0	36	-1	20	0	0	0	-1	0
c12747	0	19	-1	-1	0	-1	29	46	44	19	0	-1	32	19	20	26	0	6	0	19	35	-1	-1	-1	20	0	-1	0	-1	11
c12750	23	41	0	29	-1	-1	-1	6	0	27	-1	-1	32	32	0	-1	0	-1	0	13	16	-1	6	19	20	45	0	0	-1	-1
c12770	-1	19	0	4	-1	-1	-1	21	3	-1	6	-1	0	29	0	-1	-1	0	0	45	-1	-1	13	-1	20	0	48	0	-1	37
c12795	0	0	0	0	-1	-1	29	0	0	-1	36	-1	0	0	21	0	7	34	0	0	0	19	0	-1	20	-1	0	-1	-1	0
c12799	0	0	29	42	-1	0	29	-1	44	28	-1	-1	0	-1	44	0	28	-1	0	19	15	39	0	-1	20	-1	21	10	-1	-1
c12805	-1	0	17	-1	-1	0	29	46	44	-1	0	-1	0	-1	20	-1	0	0	0	19	35	0	-1	-1	20	0	21	46	-1	0
c12807	0	0	-1	0	-1	26	-1	11	0	31	-1	-1	13	6	11	21	22	0	44	19	-1	0	0	-1	20	0	0	0	-1	27
c12821	11	0	-1	3	35	0	-1	-1	6	0	11	-1	7	0	45	32	11	0	0	26	0	0	0	0	20	39	0	0	-1	-1
c12822	0	0	22	0	0	-1	-1	21	0	-1	17	-1	13	0	-1	0	-1	0	0	32	41	15	0	-1	20	-1	-1	0	-1	37
c12823	-1	0	22	0	0	3	29	21	0	-1	17	-1	13	0	0	0	-1	-1	0	32	41	15	0	-1	20	0	-1	0	-1	37
c12834	0	-1	32	10	0	29	29	24	0	0	0	-1	24	0	-1	7	0	0	0	42	0	13	0	-1	20	19	0	-1	-1	0
c12858	34	39	-1	5	0	19	29	19	3	4	0	-1	-1	0	0	-1	0	-1	41	-1	0	50	0	-1	20	21	0	-1	-1	0
c12871	0	49	-1	6	4	-1	-1	0	-1	44	-1	-1	32	39	0	-1	0	-1	0	26	0	0	36	-1	20	-1	0	0	-1	0
c12882	0	0	-1	10	0	-1	29	0	3	0	0	-1	0	27	-1	-1	30	0	0	28	-1	4	3	-1	-1	26	22	0	-1	-1
c12889	0	0	-1	-1	0	-1	29	19	0	0	0	-1	41	29	-1	0	-1	0	0	19	6	0	0	-1	20	0	-1	0	-1	41
c12890	31	0	-1	-1	-1	0	29	0	0	0	-1	-1	45	0	11	0	0	44	-1	19	0	0	-1	-1	20	0	0	0	-1	0
c12903	17	-1	-1	29	-1	0	50	0	0	0	44	-1	32	0	0	32	41	0	0	34	0	-1	0	31	20	-1	-1	0	-1	-1
c12919	-1	0	-1	0	6	45	-1	19	3	0	0	-1	-1	-1	26	0	15	0	-1	19	0	0	-1	-1	20	0	0	-1	-1	32
c12930	45	6	0	-1	0	46	-1	-1	0	-1	0	-1	0	0	-1	32	-1	37	0	0	44	-1	13	-1	-1	0	-1	0	-1	37
c12938	19	21	33	0	-1	0	-1	0	15	19	27	-1	0	-1	0	0	0	0	-1	19	0	-1	0	-1	20	0	36	0	-1	-1
c12945	0	-1	0	0	0	-1	29	19	-1	-1	0	-1	0	26	46	0	-1	0	0	41	0	0	13	-1	20	-1	0	21	-1	-1
c12954	-1	0	-1	0	0	38	-1	19	0	-1	4	-1	0	0	4	-1	0	-1	0	-1	44	0	-1	-1	20	6	0	0	-1	37
c12980	0	0	0	29	0	11	-1	0	-1	0	0	-1	32	0	0	0	-1	-1	0	21	0	0	0	31	20	19	-1	-1	-1	-1
c12988	7	0	0	0	0	0	29	19	0	-1	4	-1	0	0	0	-1	0	31	0	46	-1	0	0	-1	20	0	0	-1	-1	37
c13013	49	32	-1	0	28	-1	-1	0	0	29	0	-1	-1	-1	-1	0	-1	0	48	0	0	-1	0	0	20	17	0	0	-1	-1
c13015	0	0	-1	19	4	-1	0	27	0	44	-1	-1	32	-1	-1	0	-1	-1	11	0	0	10	36	0	20	-1	0	0	-1	0
c13022	-1	0	0	0	6	44	-1	-1	3	-1	-1	-1	0	0	0	0	0	0	-1	-1	0	19	0	-1	20	0	7	-1	-1	0
c13040	7	0	0	0	28	0	29	19	0	-1	-1	-1	0	0	15	-1	0	31	-1	-1	44	0	0	-1	20	0	-1	0	-1	37
c13064	0	0	0	0	0	0	29	27	0	0	-1	-1	-1	5	-1	0	0	-1	0	0	0	0	0	-1	20	32	0	35	-1	-1
c13102	31	0	0	0	19	-1	29	0	0	0	0	-1	0	0	11	11	0	0	0	19	-1	0	-1	-1	20	0	0	-1	-1	0
c13116	27	0	-1	0	0	21	29	0	-1	20	-1	-1	0	13	0	29	0	0	0	19	-1	0	0	-1	20	0	21	-1	-1	0
c13124	26	0	-1	0	4	0	0	0	0	-1	7	-1	32	39	0	44	0	-1	0	0	-1	-1	36	0	20	-1	27	-1	-1	-1
c13129	0	-1	0	10	0	-1	29	29	-1	0	-1	-1	-1	-1	-1	-1	0	0	-1	0	17	-1	3	-1	20	17	-1	-1	-1	0
c13132	-1	-1	-1	0	-1	38	29	-1	0	-1	4	-1	0	0	0	-1	0	31	32	-1	44	0	-1	-1	20	-1	0	-1	-1	37
c13141	-1	0	0	0	0	6	29	0	41	0	-1	-1	-1	0	-1	0	0	4	0	-1	0	0	0	-1	-1	0	-1	0	-1	0
c13142	-1	0	0	0	-1	29	-1	0	0	0	0	-1	0	45	21	6	17	0	0	0	0	44	-1	-1	-1	-1	0	35	-1	0
c13176	-1	0	-1	0	-1	0	29	0	4	0	0	-1	0	44	21	6	17	27	0	-1	0	0	0	-1	20	20	0	-1	-1	-1
c13197	0	0	-1	29	0	0	0	44	36	-1	0	-1	32	0	0	-1	0	0	32	0	-1	0	-1	0	20	-1	0	50	-1	0
c13245	34	0	-1	0	6	0	29	19	3	0	0	-1	0	0	-1	0	0	-1	-1	19	0	26	0	-1	20	5	-1	-1	-1	0
c13246	27	7	0	0	-1	0	-1	0	44	28	-1	-1	42	-1	44	0	-1	-1	-1	-1	-1	0	33	-1	-1	0	21	0	-1	-1
c13247	-1	7	0	0	0	0	-1	0	44	28	-1	-1	0	0	-1	0	0	-1	-1	19	15	0	33	-1	20	0	21	0	-1	48
c13254	0	0	-1	0	4	0	-1	0	-1	44	7	-1	32	39	-1	-1	0	-1	33	-1	0	-1	36	-1	-1	-1	27	0	-1	0
c13258	0	-1	0	4	42	11	29	-1	3	-1	0	-1	0	29	0	0	-1	0	-1	45	-1	-1	13	-1	20	0	48	-1	-1	37
c13265	27	0	0	0	21	6	0	-1	-1	-1	0	-1	32	0	0	21	0	0	0	0	29	0	0	0	20	19	0	0	-1	0
c13293	27	0	0	-1	-1	0	0	-1	-1	-1	0	-1	32	-1	-1	21	0	0	0	0	29	0	0	36	-1	22	41	0	-1	0
c13299	0	-1	-1	29	0	0	-1	0	44	39	19	-1	0	-1	0	0	0	-1	-1	19	-1	0	0	-1	20	-1	21	0	-1	-1
c13312	-1	-1	-1	-1	-1	0	27	0	0	44	0	-1	32	39	0	-1	0	-1	0	0	27	45	36	-1	20	-1	-1	-1	-1	-1
c13326	0	-1	0	5	19	20	29	11	21	0	39	-1	11	6	11	0	0	-1	27	-1	0	-1	0	-1	20	-1	0	-1	-1	-1
c13330	23	49	-1	6	4	32	-1	-1	0	44	0	-1	32	-1	-1	0	0	-1	-1	26	0	0	36	-1	20	-1	0	32	-1	0
c13347	0	0	0	10	-1	29	-1	0	0	-1	0	-1	0	13	-1	0	0	-1	0	28	-1	0	3	-1	20	-1	-1	0	-1	0
c13350	-1	11	-1	0	0	-1	-1	0	0	-1	0	-1	-1	26	0	0	-1	0	0	0	0	0	13	-1	20	44	0	0	-1	37
c13361	0	0	0	0	0	0	-1	4	44	28	0	-1	0	39	0	0	0	-1	-1	-1	0	-1	0	-1	20	22	21	0	-1	0
c13416	34	0	-1	0	6	0	29	-1	3	0	0	-1	22	0	50	-1	0	-1	-1	-1	0	26	-1	-1	20	5	-1	0	-1	34
c13417	34	0	-1	0	6	0	29	19	3	0	-1	-1	22	0	-1	0	0	-1	-1	-1	0	26	0	-1	20	5	-1	-1	-1	34
c13425	0	0	37	29	0	0	0	44	-1	-1	0	-1	32	0	0	0	-1	0	-1	0	0	0	0	0	20	29	0	50	-1	0
c13430	0	-1	33	0	0	0	29	0	0	0	27	-1	0	0	0	0	0	-1	0	19	0	0	0	-1	-1	34	-1	-1	-1	-1
c13434	27	0	0	0	0	0	0	-1	0	0	-1	-1	-1	0	0	21	-1	0	0	0	29	0	0	-1	20	0	41	0	-1	-1
c13460	27	-1	0	0	0	-1	0	-1	0	0	-1	-1	32	-1	2	-1	33	23	-1	0	29	0	0	-1	20	36	-1	0	-1	0
c13462	0	0	0	-1	0	0	-1	0	-1	0	0	-1	0	0	21	45	-1	0	0	0	13	0	-1	-1	20	0	4	35	-1	0
c13473	0	-1	0	-1	19	20	29	11	-1	0	39	-1	0	6	11	0	-1	0	22	19	19	0	0	-1	-1	0	0	-1	-1	0
c13477	34	-1	-1	5	0	0	29	19	3	4	-1	-1	0	-1	0	-1	0	0	-1	19	0	0	0	-1	20	21	0	17	-1	0
c13484	0	0	6	-1	0	29	29	13	0	0	-1	-1	0	0	-1	0	-1	0	0	0	19	44	0	-1	20	0	0	0	-1	0
c13496	0	0	-1	0	0	-1	29	19	0	-1	4	-1	39	0	0	-1	0	31	0	29	44	-1	0	-1	-1	0	-1	0	-1	-1
c13497	0	0	-1	0	0	38	29	-1	0	-1	4	-1	39	0	0	-1	-1	31	0	29	44	-1	0	-1	20	0	19	0	-1	37
c13512	-1	-1	32	0	0	0	29	0	44	39	0	-1	0	29	0	0	0	-1	0	-1	-1	0	0	-1	20	0	-1	46	-1	-1
c13532	0	19	0	29	0	-1	0	0	0	-1	0	-1	32	0	0	-1	0	0	0	6	6	0	0	31	20	0	19	-1	-1	22
c13550	27	7	0	0	0	0	29	-1	-1	28	-1	-1	0	0	44	0	-1	-1	0	19	-1	0	-1	-1	20	0	21	-1	-1	48
c13554	0	7	6	-1	36	31	29	0	44	28	-1	-1	0	0	44	0	0	-1	0	19	15	0	0	-1	20	0	21	0	-1	48
c13560	22	0	0	0	-1	0	29	46	44	19	45	-1	0	-1	20	-1	0	0	0	19	35	0	-1	-1	-1	0	21	-1	-1	24
c13569	-1	0	0	27	0	-1	29	0	0	-1	0	-1	-1	0	-1	32	-1	0	0	0	0	0	13	-1	-1	0	-1	0	-1	37
c13615	0	3	0	7	0	11	29	0	0	-1	-1	-1	0	0	0	-1	-1	-1	0	0	0	0	13	-1	-1	0	48	-1	-1	37
c13616	0	-1	36	-1	0	11	29	0	0	-1	0	-1	-1	0	0	-1	-1	0	0	-1	35	0	13	-1	20	0	-1	0	-1	37
c13647	-1	0	-1	0	6	0	29	-1	3	0	14	-1	0	-1	16	0	0	0	-1	19	-1	-1	0	-1	20	-1	-1	0	-1	0
c13651	0	0	-1	0	4	0	0	0	0	-1	7	-1	32	-1	0	0	31	-1	0	0	0	-1	36	0	20	-1	27	7	-1	0
c13666	0	31	33	0	-1	0	29	-1	0	-1	-1	-1	0	0	0	0	0	0	44	19	0	0	0	-1	20	0	-1	0	-1	0
c13669	39	0	0	0	0	31	-1	2	-1	28	0	-1	21	0	21	7	33	-1	0	19	0	4	0	-1	-1	45	21	0	-1	0
c13690	0	-1	0	0	-1	0	29	4	44	28	0	-1	0	39	0	0	-1	-1	-1	19	0	0	0	-1	-1	22	21	0	-1	-1
c13705	21	-1	29	0	11	0	-1	19	0	0	0	-1	-1	0	7	4	0	-1	-1	19	33	11	19	-1	20	0	0	0	-1	0
c13716	0	-1	32	10	0	29	29	0	0	34	15	-1	24	0	-1	-1	0	0	0	-1	0	35	19	-1	20	0	0	0	-1	0
c13718	-1	39	34	5	0	0	-1	19	3	4	0	-1	0	19	-1	-1	0	0	-1	19	0	0	29	-1	20	21	0	17	-1	0
c13725	-1	-1	40	5	37	-1	29	19	3	4	0	-1	-1	0	0	-1	-1	-1	-1	19	0	0	44	-1	20	0	0	0	-1	15
c13734	0	-1	32	-1	0	0	29	0	44	39	-1	-1	-1	-1	0	0	0	0	0	19	-1	0	-1	-1	20	0	21	46	-1	-1
c13737	0	0	-1	6	4	0	27	0	0	44	0	-1	-1	39	0	-1	21	-1	0	0	0	45	36	0	20	-1	0	0	-1	0
c13738	0	-1	0	0	0	0	29	0	0	-1	6	-1	0	0	47	0	33	0	0	19	0	42	0	-1	20	36	19	20	-1	0
c13744	0	-1	29	0	-1	0	29	0	44	28	0	-1	19	0	44	0	-1	-1	0	19	15	39	0	-1	-1	0	-1	0	-1	0
c13751	11	0	3	3	0	11	0	6	-1	0	-1	-1	7	-1	45	-1	11	15	-1	-1	0	0	0	-1	-1	39	0	0	-1	0
c13757	0	-1	-1	0	0	0	-1	46	44	19	0	-1	39	0	-1	26	-1	-1	0	19	35	0	-1	-1	20	22	21	0	-1	0
c13760	7	0	0	0	0	-1	29	19	0	-1	4	-1	0	0	0	-1	0	31	34	46	44	0	0	-1	20	0	0	0	-1	-1
c13761	7	0	-1	0	0	0	29	19	0	-1	4	-1	0	0	0	-1	0	31	34	46	-1	0	0	-1	20	0	-1	0	-1	37
c13762	0	-1	-1	0	4	0	0	0	0	-1	7	-1	32	39	0	-1	-1	-1	0	0	0	-1	36	0	20	-1	27	-1	-1	0
c13765	19	0	-1	-1	-1	11	0	0	0	-1	0	-1	32	11	0	-1	0	-1	0	21	0	0	0	31	20	0	-1	-1	-1	0
c13767	0	0	0	-1	-1	-1	29	-1	44	-1	0	-1	0	0	27	0	-1	0	0	-1	35	0	-1	-1	20	-1	21	36	-1	0
c13768	7	0	0	0	19	0	29	-1	0	-1	-1	-1	0	0	-1	-1	0	31	0	46	44	0	40	-1	20	0	0	0	-1	37
c13772	-1	-1	-1	45	-1	0	29	0	44	39	-1	-1	29	-1	-1	0	0	-1	0	19	-1	0	0	-1	-1	0	21	0	-1	-1
c13773	0	-1	0	45	-1	0	-1	0	44	39	-1	-1	29	32	0	0	0	0	0	19	-1	0	0	-1	20	0	21	-1	-1	-1
c13788	0	17	0	0	0	7	29	15	-1	0	32	-1	11	0	0	35	0	0	0	19	0	0	36	-1	20	23	21	0	-1	0
c13789	0	17	0	0	-1	7	29	15	-1	0	32	-1	11	0	0	35	0	0	0	19	0	-1	36	-1	-1	23	21	0	-1	0
c13794	0	-1	0	0	-1	0	29	17	44	39	-1	-1	-1	-1	0	0	-1	27	0	19	-1	0	0	-1	20	0	-1	-1	-1	0
c13802	-1	-1	0	27	45	0	0	-1	-1	0	0	-1	32	0	17	21	0	-1	21	0	29	-1	0	36	20	-1	41	0	-1	42
c13804	0	0	-1	-1	-1	0	29	-1	0	-1	0	-1	0	-1	-1	6	17	0	-1	0	0	0	-1	-1	-1	0	0	35	-1	-1
c13807	-1	0	0	0	0	41	29	21	-1	0	-1	-1	-1	0	0	0	-1	3	0	19	-1	0	-1	-1	20	-1	0	16	-1	-1
c13822	0	0	15	29	0	11	0	0	0	0	-1	-1	32	11	0	0	0	-1	0	21	0	-1	0	31	-1	-1	23	-1	-1	0
c13841	0	0	-1	-1	19	33	-1	-1	0	23	0	-1	0	0	11	0	28	0	0	19	-1	-1	0	-1	20	-1	25	0	-1	0
c13846	34	0	-1	41	-1	45	29	-1	3	0	0	-1	0	0	26	0	-1	0	-1	-1	-1	-1	19	-1	20	0	-1	-1	-1	45
c13850	0	-1	0	-1	0	0	29	0	0	-1	0	-1	0	0	0	0	-1	0	0	0	28	-1	13	-1	20	-1	0	0	-1	37
c13852	33	-1	0	0	0	0	29	20	44	39	0	-1	-1	0	0	-1	0	-1	-1	19	-1	13	0	-1	20	0	21	46	-1	-1
c13853	33	-1	0	0	0	0	29	20	44	39	0	-1	0	0	0	0	0	0	0	19	-1	13	0	-1	20	0	21	46	-1	-1
c13864	0	-1	0	0	0	0	29	31	44	39	0	-1	-1	0	45	0	0	-1	0	19	-1	0	41	-1	20	0	21	0	-1	0
c13880	34	0	39	-1	0	27	29	19	3	4	0	-1	-1	0	0	-1	33	0	0	19	0	50	0	-1	20	21	0	17	-1	0
c13888	0	3	0	7	0	11	29	0	35	-1	0	-1	-1	0	0	0	-1	0	0	-1	39	-1	13	-1	20	0	12	0	-1	-1
c13889	0	3	0	7	0	11	29	0	35	-1	0	-1	0	0	-1	0	-1	0	0	0	39	0	13	-1	20	0	12	0	-1	37
c13897	17	0	0	-1	-1	0	-1	-1	0	0	44	-1	32	0	0	-1	41	0	0	0	-1	0	49	31	20	0	-1	0	-1	17
c13898	0	0	-1	0	0	-1	29	0	-1	0	32	-1	0	33	0	27	0	0	-1	19	0	0	36	-1	20	23	21	0	-1	-1
c13899	0	0	0	0	0	0	29	0	-1	0	32	-1	0	33	-1	27	-1	0	0	19	0	0	36	-1	20	23	21	0	-1	0
c13900	-1	2	0	-1	0	-1	29	27	32	0	6	-1	19	5	21	0	0	-1	-1	-1	0	0	0	-1	20	0	0	35	-1	-1
c13907	45	11	-1	27	26	0	29	0	0	-1	0	-1	0	0	0	32	-1	-1	-1	0	0	0	13	-1	20	0	0	-1	-1	37
c13930	17	-1	0	29	0	-1	-1	0	0	0	-1	-1	32	0	-1	32	41	-1	-1	0	0	-1	19	31	-1	0	-1	0	-1	0
c13932	34	0	-1	41	-1	45	29	19	3	0	0	-1	0	-1	26	0	15	0	-1	19	29	0	0	-1	-1	0	0	0	-1	-1
c13938	7	-1	0	0	19	15	29	-1	0	-1	4	-1	-1	0	0	-1	0	31	17	46	44	0	-1	-1	20	0	0	0	-1	37
c13939	7	0	-1	0	19	0	29	-1	0	-1	4	-1	0	0	0	-1	0	-1	17	46	44	0	0	-1	20	-1	0	0	-1	37
c13949	-1	0	-1	0	0	38	29	19	0	-1	-1	-1	32	0	-1	-1	0	-1	-1	0	44	0	0	-1	20	6	0	0	-1	37
c13952	0	8	32	10	0	29	29	-1	3	0	21	-1	24	0	-1	21	11	-1	0	42	-1	13	0	-1	20	-1	-1	0	-1	0
c13953	0	8	32	10	0	29	29	24	3	0	21	-1	24	-1	-1	21	-1	0	0	42	0	13	0	-1	20	19	35	0	-1	0
c13972	44	-1	-1	0	0	-1	29	19	0	-1	4	-1	6	29	-1	-1	0	31	0	0	44	38	0	-1	20	-1	21	0	-1	37
c13978	7	0	-1	0	0	0	29	19	0	-1	4	-1	-1	0	0	-1	0	31	0	46	44	0	0	-1	20	-1	13	-1	-1	37
c13979	7	0	-1	0	0	0	29	19	0	-1	4	-1	0	0	0	-1	0	-1	0	46	-1	0	0	-1	20	0	13	0	-1	37
c13984	27	0	-1	0	0	6	-1	-1	-1	-1	0	-1	32	-1	-1	-1	0	0	0	0	29	0	49	0	20	0	27	0	-1	41
c14014	0	46	-1	0	4	-1	0	27	48	44	-1	-1	32	39	0	0	-1	-1	0	0	-1	10	36	-1	20	-1	0	-1	-1	-1
c14027	21	0	-1	0	0	0	29	-1	-1	32	0	-1	0	0	21	34	-1	0	0	-1	13	0	0	-1	-1	0	-1	35	-1	-1
c14035	0	7	-1	0	0	0	29	0	44	28	-1	-1	0	0	44	-1	0	-1	0	-1	15	29	0	-1	20	0	21	26	-1	48
c14044	0	0	0	19	22	0	0	-1	0	0	19	-1	32	0	0	15	0	0	0	0	0	-1	-1	0	20	0	0	0	-1	0
c14051	34	-1	-1	0	6	0	-1	19	3	-1	0	-1	0	0	0	0	0	44	-1	19	0	27	0	-1	20	6	22	7	-1	0
c14052	0	0	27	0	0	0	29	0	0	-1	32	-1	-1	0	0	28	-1	0	0	0	4	0	-1	-1	20	36	0	-1	-1	37
c14053	0	0	27	0	0	-1	29	0	0	-1	32	-1	0	0	0	28	-1	0	0	0	4	0	13	-1	20	36	0	0	-1	37
c14062	0	0	0	-1	0	0	29	-1	44	22	32	-1	0	0	-1	0	31	-1	0	19	0	-1	-1	-1	-1	34	-1	46	-1	4
c14069	0	0	-1	-1	31	0	29	0	0	-1	0	-1	0	39	0	0	-1	0	0	-1	0	-1	13	-1	20	0	-1	0	-1	37
c14070	-1	2	0	-1	0	28	29	39	0	-1	0	-1	37	0	0	0	-1	0	-1	0	0	0	13	-1	20	19	0	0	-1	37
c14072	-1	-1	0	29	0	11	0	0	0	0	0	-1	-1	11	-1	0	0	-1	-1	21	0	42	0	31	20	13	-1	-1	-1	0
c14085	0	0	0	0	0	0	29	19	0	-1	4	-1	-1	0	0	-1	0	31	0	46	44	0	-1	-1	-1	0	0	0	-1	37
c14091	0	-1	0	0	-1	0	29	11	0	-1	0	-1	14	-1	-1	0	6	0	0	19	0	11	0	-1	20	45	-1	21	-1	-1
c14092	-1	0	-1	-1	-1	0	27	0	0	-1	0	-1	32	39	0	0	-1	-1	0	0	0	45	36	0	20	-1	0	0	-1	-1
c14095	0	19	0	34	0	-1	-1	-1	44	-1	0	-1	7	0	20	0	29	0	-1	19	35	0	28	-1	20	0	21	13	-1	0
c14100	23	41	0	-1	41	-1	-1	6	0	27	-1	-1	-1	-1	22	21	0	32	0	13	16	0	6	-1	20	45	29	0	-1	0
c14102	34	0	-1	0	6	45	29	-1	3	-1	-1	-1	0	-1	-1	0	15	0	-1	19	0	-1	0	-1	20	0	0	0	-1	45
c14103	34	0	-1	0	6	45	29	19	3	0	0	-1	0	-1	26	0	-1	-1	-1	19	-1	0	-1	-1	20	-1	39	-1	-1	-1
c14105	6	-1	-1	23	4	0	0	31	0	44	-1	-1	32	39	0	0	0	-1	-1	0	6	0	-1	0	20	-1	0	45	-1	0
c14112	36	0	23	0	-1	0	29	0	-1	0	-1	-1	0	-1	21	0	0	0	0	-1	-1	0	-1	-1	20	36	0	35	-1	-1
c14116	0	-1	-1	0	0	0	29	-1	-1	39	19	-1	0	0	0	0	0	0	0	19	-1	26	0	-1	20	0	21	0	-1	0
c14117	0	-1	0	0	0	0	29	-1	-1	39	19	-1	25	0	0	0	0	0	0	19	-1	26	0	-1	20	0	21	0	-1	-1
c14126	0	0	0	-1	-1	-1	0	0	0	0	0	-1	32	-1	0	-1	0	-1	0	0	-1	19	-1	31	20	0	0	-1	-1	0
c14145	-1	-1	0	3	-1	0	29	6	44	-1	0	-1	0	0	16	35	44	0	0	19	-1	0	29	-1	20	-1	21	0	-1	-1
c14150	0	-1	-1	-1	0	29	0	31	-1	-1	22	-1	32	0	36	0	0	0	0	34	-1	0	15	0	-1	0	0	-1	-1	24
c14196	-1	17	-1	0	19	0	29	16	0	-1	0	-1	22	0	-1	0	36	36	0	19	0	0	0	-1	-1	-1	36	21	-1	-1
c14207	25	0	0	-1	31	0	29	0	46	-1	35	-1	6	39	0	0	-1	-1	0	0	0	-1	13	-1	20	0	-1	0	-1	37
c14214	-1	-1	-1	10	0	29	29	-1	-1	27	0	-1	6	0	-1	0	0	0	0	28	0	0	3	-1	20	-1	13	0	-1	45
c14218	27	0	-1	0	-1	-1	35	0	0	44	0	-1	32	39	0	-1	0	-1	0	-1	0	45	36	-1	20	-1	0	0	-1	0
c14221	45	0	0	27	0	0	29	0	0	-1	0	-1	0	0	39	-1	-1	-1	0	0	44	-1	13	-1	20	0	-1	0	-1	37
c14231	0	0	-1	0	4	0	27	0	-1	44	-1	-1	-1	39	0	44	-1	-1	0	-1	0	-1	36	0	20	-1	27	-1	-1	0
c14235	0	0	0	31	0	0	29	0	-1	0	32	-1	-1	33	-1	-1	0	24	0	19	0	0	36	-1	20	23	21	0	-1	-1
c14251	17	0	0	29	0	0	50	0	0	-1	44	-1	32	-1	0	32	41	0	0	0	0	0	0	31	20	0	-1	0	-1	0
c14253	7	0	0	0	0	-1	29	19	0	-1	4	-1	0	0	0	-1	16	-1	0	46	44	0	0	-1	-1	0	-1	0	-1	37
c14263	0	3	0	-1	0	0	-1	-1	0	-1	0	-1	32	0	0	0	0	0	0	0	0	0	0	-1	20	-1	0	-1	-1	31
c14279	0	-1	-1	6	4	0	0	0	0	44	-1	-1	32	39	0	0	-1	-1	0	26	29	0	36	48	20	-1	0	0	-1	0
c14286	-1	0	19	10	-1	29	29	13	13	0	0	-1	0	0	-1	44	-1	0	48	0	0	0	-1	-1	-1	0	0	0	-1	0
c14319	0	0	-1	10	0	-1	29	13	0	17	0	-1	0	-1	-1	11	-1	0	0	0	-1	0	-1	-1	20	0	19	-1	-1	0
c14324	0	0	27	0	-1	0	0	0	11	0	19	-1	32	35	0	0	28	0	-1	0	0	0	-1	0	-1	0	0	0	-1	-1
c14330	0	0	0	0	-1	0	29	0	0	-1	46	-1	0	36	21	21	7	0	-1	0	20	19	-1	-1	20	-1	-1	35	-1	25
c14344	0	0	0	-1	19	20	29	11	-1	0	39	-1	0	6	11	0	0	39	0	19	19	0	0	-1	20	-1	46	-1	-1	0
c14358	0	-1	0	0	0	0	29	-1	44	22	32	-1	0	-1	0	0	31	19	0	19	0	-1	-1	-1	20	-1	21	0	-1	4
c14359	0	0	0	0	0	0	29	-1	44	22	-1	-1	0	-1	0	0	31	19	0	19	-1	0	0	-1	20	34	21	0	-1	4
c14373	0	31	0	10	0	29	29	29	13	37	-1	-1	-1	26	-1	0	-1	0	-1	0	0	0	3	-1	20	17	0	0	-1	-1
c14376	0	0	37	29	0	0	0	44	36	-1	-1	-1	32	0	0	0	0	0	32	0	0	0	-1	0	-1	29	19	-1	-1	0
c14384	39	0	-1	0	-1	0	29	0	44	-1	0	-1	-1	0	0	0	0	0	0	19	0	-1	5	-1	20	0	0	34	-1	-1
c14385	39	0	-1	0	-1	0	29	0	44	-1	0	-1	-1	-1	0	0	0	-1	-1	19	-1	-1	5	-1	20	0	0	34	-1	0
c14387	0	0	-1	0	4	0	44	0	6	44	3	-1	32	-1	0	0	44	-1	0	-1	6	0	-1	21	20	-1	7	39	-1	0
c14390	0	-1	0	0	0	0	29	6	44	39	0	-1	0	0	16	0	44	0	0	19	-1	0	29	-1	20	0	-1	0	-1	0
c14398	6	0	0	0	0	0	-1	0	0	0	0	-1	28	0	0	0	0	0	6	19	-1	7	-1	-1	20	-1	-1	-1	-1	0
c14402	-1	0	-1	0	6	-1	29	19	3	0	0	-1	0	0	-1	0	0	0	-1	19	0	-1	-1	-1	20	0	-1	0	-1	0
c14404	0	0	-1	0	19	0	-1	0	0	0	0	-1	0	-1	11	0	0	0	0	19	33	0	-1	-1	20	0	0	0	-1	0
c14406	0	0	33	-1	0	0	29	0	0	-1	27	-1	0	0	0	0	0	0	-1	19	0	0	0	-1	20	0	-1	0	-1	0
c14407	0	0	-1	0	-1	0	29	-1	-1	0	-1	-1	0	0	0	0	0	0	-1	19	0	0	0	-1	20	0	-1	-1	-1	0
c14421	0	0	0	10	0	29	29	-1	0	0	-1	-1	-1	44	-1	0	-1	0	-1	0	0	0	0	-1	20	-1	41	0	-1	0
c14428	-1	19	0	29	0	0	-1	0	0	0	0	-1	32	0	0	0	0	0	0	0	6	0	0	31	20	0	19	-1	-1	0
c14430	27	0	-1	0	0	6	0	-1	-1	-1	26	-1	32	27	0	-1	-1	-1	0	0	29	21	0	-1	-1	19	0	0	-1	0
c14433	0	0	29	42	-1	0	29	0	44	28	0	-1	0	0	44	0	28	-1	-1	19	15	39	0	-1	-1	46	21	0	-1	0
c14447	0	-1	29	0	11	0	-1	19	-1	-1	6	-1	44	-1	0	0	-1	36	22	19	-1	0	0	-1	20	0	0	0	-1	0
c14448	0	-1	0	0	0	0	29	31	44	-1	0	-1	0	-1	45	0	0	-1	-1	19	-1	0	-1	-1	20	0	-1	0	-1	0
c14458	0	31	-1	10	6	-1	29	29	13	0	39	-1	0	-1	-1	0	-1	13	-1	-1	0	-1	3	-1	20	0	7	0	-1	-1
c14463	19	21	33	0	0	-1	-1	0	15	-1	-1	-1	34	0	0	0	0	0	0	19	31	0	0	-1	20	-1	36	3	-1	-1
c14465	0	0	0	10	0	29	29	29	0	0	0	-1	-1	47	-1	0	0	0	0	28	-1	0	3	-1	20	0	0	-1	-1	0
c14470	11	0	3	-1	0	0	-1	6	6	0	11	-1	7	0	45	0	-1	0	0	26	0	19	0	0	20	39	0	0	-1	0
c14471	11	0	3	3	0	0	-1	6	6	0	-1	-1	-1	0	45	0	11	0	0	26	0	19	-1	0	20	39	0	0	-1	-1
c14479	0	0	0	0	0	0	29	27	0	-1	0	-1	0	26	-1	0	-1	-1	0	0	0	0	13	-1	20	0	0	0	-1	37
c14487	0	0	27	-1	0	-1	29	0	0	-1	32	-1	0	0	0	28	-1	0	0	0	-1	0	-1	-1	20	36	0	0	-1	37
c14492	34	0	-1	0	6	45	29	-1	3	0	0	-1	0	0	26	0	15	0	-1	19	23	0	0	-1	-1	0	0	-1	-1	0
c14503	0	0	-1	0	-1	-1	29	0	0	0	-1	-1	37	19	21	0	-1	0	-1	0	0	19	0	-1	20	6	0	35	-1	0
c14504	36	0	23	28	21	0	-1	0	0	0	0	-1	-1	-1	-1	19	0	0	0	0	13	0	0	-1	-1	-1	22	35	-1	19
c14505	36	0	23	28	-1	0	29	0	0	-1	0	-1	-1	21	21	19	0	-1	-1	0	-1	0	0	-1	20	36	22	35	-1	19
c14506	22	29	0	0	12	0	29	46	44	19	0	-1	39	21	20	26	0	0	0	-1	35	0	0	-1	20	22	-1	0	-1	0
c14514	0	-1	32	0	0	0	29	0	44	39	0	-1	-1	29	-1	0	-1	0	0	-1	-1	0	-1	-1	20	0	21	46	-1	-1
c14515	0	-1	32	0	0	0	29	0	44	39	0	-1	0	29	-1	0	0	0	0	19	-1	0	0	-1	20	-1	21	46	-1	-1
c14529	20	0	0	10	0	29	-1	0	-1	0	0	-1	22	0	-1	0	0	-1	0	28	0	-1	3	-1	20	-1	0	44	-1	-1
c14531	34	0	-1	41	6	-1	-1	19	3	0	0	-1	0	0	26	0	15	0	-1	19	44	0	0	-1	20	13	-1	-1	-1	45
c14535	0	-1	0	19	0	-1	-1	17	44	39	19	-1	6	0	0	-1	44	-1	0	19	-1	0	0	-1	20	0	21	0	-1	0
c14539	0	0	32	0	19	0	29	45	0	-1	0	-1	22	0	-1	-1	0	27	0	19	-1	0	13	-1	20	-1	36	0	-1	0
c14546	0	0	0	0	0	0	-1	-1	50	-1	4	-1	0	0	0	-1	7	31	0	46	44	0	0	-1	20	0	0	0	-1	37
c14554	-1	49	-1	6	4	0	-1	0	0	44	0	-1	32	39	-1	-1	0	-1	-1	19	-1	0	-1	3	-1	-1	0	0	-1	-1
c14555	0	49	-1	6	4	0	19	0	6	44	0	-1	32	39	-1	-1	0	-1	3	19	-1	0	36	3	20	-1	0	0	-1	-1
c14558	-1	0	-1	0	0	-1	29	19	0	-1	4	-1	4	0	0	-1	0	31	-1	0	-1	-1	0	-1	20	0	0	-1	-1	37
c14559	0	0	-1	0	0	-1	29	19	0	-1	-1	-1	4	-1	0	-1	0	31	-1	0	44	-1	0	-1	-1	0	0	0	-1	37
c14572	0	0	-1	0	-1	-1	29	0	0	0	27	-1	0	0	0	-1	0	-1	0	19	0	0	0	-1	20	34	-1	-1	-1	0
c14574	0	37	0	0	-1	0	-1	-1	4	0	0	-1	0	44	21	-1	17	0	0	0	0	0	0	-1	20	-1	0	35	-1	0
c14576	-1	0	0	0	-1	-1	29	0	21	-1	36	-1	0	0	21	0	-1	-1	19	0	0	19	6	-1	20	0	0	35	-1	0
c14578	27	-1	0	0	0	-1	-1	0	44	20	0	-1	6	13	0	29	0	0	41	19	-1	0	0	-1	20	0	21	-1	-1	-1
c14621	0	0	0	0	-1	0	29	0	4	23	0	-1	0	44	-1	-1	17	46	0	0	0	0	0	-1	-1	0	-1	35	-1	0
c14622	-1	39	0	-1	3	0	29	19	3	4	0	-1	0	0	0	-1	0	0	0	19	0	-1	44	-1	20	0	0	-1	-1	15
c14632	-1	0	-1	32	0	29	0	0	-1	0	0	-1	32	-1	36	0	0	0	0	34	0	0	-1	-1	-1	0	0	-1	-1	24
c14634	-1	3	0	7	0	-1	29	0	0	-1	-1	-1	0	-1	0	-1	-1	0	0	0	0	0	13	-1	20	0	0	0	-1	37
c14635	-1	3	0	7	0	-1	29	-1	0	-1	-1	-1	0	-1	0	0	-1	0	0	0	0	0	13	-1	20	0	0	0	-1	37
c14638	28	-1	-1	-1	-1	-1	29	19	0	0	-1	-1	-1	-1	0	0	30	0	0	19	-1	-1	7	-1	-1	0	39	-1	-1	9
c14644	0	-1	-1	6	4	0	-1	27	0	44	0	-1	32	39	15	0	0	-1	0	26	0	0	36	0	20	-1	0	-1	-1	0
c14650	0	0	-1	-1	4	0	0	45	-1	44	7	-1	32	-1	-1	-1	0	-1	-1	-1	0	-1	36	0	-1	-1	27	0	-1	0
c14651	0	0	-1	39	4	0	0	45	0	44	7	-1	32	39	-1	0	0	-1	0	0	0	-1	36	0	20	-1	-1	0	-1	-1
c14666	-1	7	6	-1	0	31	29	0	-1	28	-1	-1	0	0	44	0	0	-1	0	19	15	-1	0	-1	20	0	21	0	-1	48
c14667	-1	7	6	0	0	31	-1	0	44	28	-1	-1	-1	0	44	0	0	-1	0	19	15	0	0	-1	-1	0	21	-1	-1	48
c14670	27	0	0	0	0	6	0	-1	-1	-1	-1	-1	32	0	0	-1	0	-1	0	0	29	0	49	0	20	0	0	-1	-1	0
c14680	-1	0	-1	-1	4	-1	0	26	0	44	0	-1	32	-1	-1	0	0	0	0	-1	0	19	36	3	-1	-1	23	0	-1	17
c14690	34	0	-1	0	-1	45	29	19	3	0	0	-1	0	24	26	-1	15	0	-1	-1	23	0	0	-1	20	0	0	-1	-1	-1
c14706	-1	0	0	0	0	0	0	-1	0	0	0	-1	-1	13	0	21	27	45	23	45	29	-1	0	36	-1	0	41	0	-1	-1
c14710	0	0	0	0	39	0	-1	27	0	0	27	-1	0	5	-1	0	0	33	0	0	0	0	0	-1	-1	0	-1	35	-1	-1
c14726	0	0	0	0	-1	-1	29	-1	0	0	-1	-1	39	44	-1	6	17	0	-1	0	0	0	0	-1	20	-1	-1	35	-1	0
c14743	-1	0	0	0	29	0	-1	19	-1	-1	4	-1	0	0	-1	-1	0	-1	0	46	44	0	0	-1	20	0	0	0	-1	-1
c14745	0	0	-1	-1	-1	11	29	0	0	0	0	-1	45	0	21	6	-1	0	0	-1	0	0	0	-1	20	0	-1	35	-1	0
c14758	0	0	-1	19	4	-1	0	-1	-1	44	0	-1	32	39	0	0	0	-1	0	0	0	-1	-1	0	20	-1	0	0	-1	0
c14759	0	-1	-1	-1	-1	-1	0	-1	-1	-1	0	-1	32	39	0	-1	0	-1	0	-1	0	10	-1	0	-1	-1	0	0	-1	0
c14764	-1	0	0	0	0	-1	-1	21	0	-1	0	-1	27	0	0	0	0	0	0	19	0	0	0	-1	20	-1	0	27	-1	0
c14779	0	0	0	-1	-1	0	29	27	10	0	0	-1	0	-1	21	0	-1	33	0	0	0	-1	0	-1	-1	0	0	35	-1	31
c14783	0	0	-1	32	26	29	29	0	-1	0	0	-1	32	0	0	0	29	0	0	0	0	0	29	29	20	-1	0	-1	-1	0
c14815	23	41	0	29	41	-1	20	6	0	27	-1	-1	32	32	0	-1	0	32	0	-1	16	-1	6	19	20	45	0	0	-1	0
c14818	7	0	0	0	-1	0	29	19	0	-1	4	-1	0	35	0	-1	0	31	0	46	44	0	0	-1	20	0	21	0	-1	37
c14826	0	-1	-1	0	-1	0	29	0	0	0	0	-1	-1	44	-1	6	17	0	0	0	0	0	0	-1	20	-1	0	35	-1	0
c14836	6	-1	0	0	-1	22	29	0	0	0	0	-1	28	0	0	0	0	-1	28	19	-1	-1	-1	-1	20	0	0	0	-1	0
c14846	0	-1	0	-1	0	29	29	29	13	0	39	-1	0	26	-1	0	-1	13	0	0	0	0	3	-1	20	0	0	0	-1	0
c14856	0	0	-1	-1	26	29	6	0	-1	0	0	-1	32	0	0	0	-1	0	0	-1	0	0	-1	-1	20	0	0	-1	-1	24
c14858	27	-1	19	-1	0	21	-1	-1	44	20	0	-1	-1	13	6	29	0	0	6	19	-1	0	11	-1	20	0	-1	0	-1	0
c14874	27	0	19	0	0	-1	-1	0	44	20	-1	-1	-1	13	-1	29	0	0	-1	19	-1	0	11	-1	20	0	21	0	-1	0
c14875	-1	-1	-1	0	0	21	-1	0	44	20	0	-1	-1	13	-1	-1	0	-1	6	19	-1	0	-1	-1	20	0	21	0	-1	0
c14883	-1	0	-1	6	4	-1	-1	0	-1	44	0	-1	32	39	-1	0	0	-1	0	-1	-1	45	36	-1	20	-1	0	0	-1	0
c14918	-1	0	0	0	-1	29	29	0	27	0	0	-1	0	0	-1	6	-1	0	-1	0	23	44	0	-1	20	0	0	-1	-1	0
c14922	-1	7	-1	0	0	0	29	0	44	28	-1	-1	0	0	-1	0	-1	-1	0	19	15	29	25	-1	20	0	21	26	-1	48
c14923	0	7	0	0	0	-1	29	-1	44	28	-1	-1	0	0	-1	-1	0	-1	0	19	15	29	25	-1	20	0	-1	-1	-1	-1
c14950	7	0	0	0	44	0	29	19	-1	-1	4	-1	0	0	4	-1	0	-1	0	46	44	0	0	-1	20	0	21	31	-1	37
c14963	0	2	0	0	0	-1	29	27	32	0	-1	-1	0	5	21	0	0	33	0	0	-1	0	0	-1	20	-1	0	35	-1	-1
c14983	34	0	0	5	0	0	29	19	3	4	0	-1	0	0	0	-1	0	0	0	19	0	0	-1	-1	20	21	0	17	-1	-1
c14986	0	-1	32	19	0	0	29	0	44	39	31	-1	19	0	-1	0	0	0	0	19	-1	-1	0	-1	20	-1	21	-1	-1	-1
c15014	34	0	-1	0	6	45	-1	-1	-1	-1	0	-1	0	0	-1	0	15	0	-1	19	0	12	14	-1	20	0	-1	0	-1	0
c15019	0	0	38	0	-1	0	29	27	10	0	-1	-1	0	5	21	11	0	33	-1	0	0	0	-1	-1	20	0	0	35	-1	31
c15029	34	0	-1	42	6	0	-1	19	3	-1	0	-1	0	-1	0	-1	0	0	-1	19	-1	0	-1	-1	20	-1	45	0	-1	0
c15030	34	0	-1	41	6	45	29	19	3	0	-1	-1	0	42	26	0	15	0	-1	19	-1	0	0	-1	20	0	0	0	-1	45
c15039	20	0	-1	0	-1	0	29	0	0	0	0	-1	7	31	21	0	7	0	0	0	0	19	0	-1	20	-1	-1	35	-1	0
c15048	-1	19	0	29	0	0	-1	0	0	-1	0	-1	32	0	0	0	0	0	0	-1	-1	-1	-1	31	20	0	19	-1	-1	0
c15049	0	19	0	29	0	0	-1	-1	0	0	0	-1	32	0	0	-1	0	0	0	-1	-1	38	0	31	20	-1	19	-1	-1	0
c15057	29	-1	0	26	0	0	-1	0	-1	0	0	-1	0	0	21	45	0	0	0	0	13	0	0	-1	20	-1	0	35	-1	-1
c15058	0	0	0	0	0	0	29	-1	44	22	32	-1	0	32	0	0	31	19	0	19	-1	0	0	-1	20	34	21	0	-1	4
c15059	0	0	0	0	0	0	29	-1	44	22	-1	-1	0	-1	0	0	31	19	0	19	0	0	0	-1	20	34	21	0	-1	4
c15064	-1	0	-1	0	0	21	29	0	-1	-1	-1	-1	0	13	0	29	0	0	41	19	-1	21	0	-1	20	0	21	0	-1	12
c15065	27	0	-1	0	0	21	29	0	-1	20	0	-1	-1	13	0	29	0	0	41	19	-1	21	0	-1	20	0	21	0	-1	12
c15078	-1	-1	2	10	0	29	29	29	13	0	39	-1	0	26	-1	0	0	0	0	35	0	0	3	-1	20	0	-1	0	-1	0
c15086	0	0	-1	23	4	0	0	0	-1	44	0	-1	32	39	42	0	0	-1	23	0	0	19	-1	-1	-1	-1	23	0	-1	0
c15089	0	-1	-1	-1	0	11	29	0	0	-1	0	-1	29	0	-1	0	-1	0	-1	35	0	0	13	-1	20	0	0	0	-1	-1
c15091	-1	0	31	0	-1	0	-1	0	44	28	35	-1	0	21	0	0	0	-1	-1	19	-1	0	0	-1	20	35	21	-1	-1	0
c15095	38	-1	-1	32	-1	29	29	0	-1	23	0	-1	32	45	0	0	29	35	0	0	-1	0	0	29	20	0	4	-1	-1	0
c15103	21	-1	37	29	-1	0	0	39	-1	-1	-1	-1	-1	0	0	0	-1	0	0	34	0	0	21	27	20	0	0	50	-1	39
c15109	0	11	0	0	0	48	-1	0	0	-1	0	-1	0	26	0	0	-1	-1	0	0	0	0	13	-1	20	44	0	0	-1	37
c15118	29	-1	0	0	0	-1	29	6	44	39	0	-1	0	0	16	0	-1	0	0	19	-1	0	29	-1	20	0	21	0	-1	0
c15119	29	-1	0	0	0	37	29	6	44	39	0	-1	0	0	16	0	44	0	0	19	-1	-1	29	-1	20	-1	21	-1	-1	0
c15122	-1	-1	-1	0	0	0	29	6	-1	39	0	-1	45	33	16	0	44	-1	0	-1	-1	0	29	-1	-1	0	-1	0	-1	13
c15123	0	-1	-1	0	0	0	-1	6	44	39	0	-1	45	-1	-1	-1	44	0	0	-1	-1	0	29	-1	20	0	21	0	-1	-1
c15124	27	7	0	0	0	0	29	0	-1	28	-1	-1	-1	0	44	0	-1	-1	0	19	15	0	0	-1	20	-1	21	-1	-1	48
c15125	27	7	0	-1	0	0	29	0	44	28	-1	-1	0	0	44	0	0	-1	0	19	15	0	0	-1	20	0	21	-1	-1	48
c15131	0	-1	-1	-1	4	6	0	0	-1	44	-1	-1	32	39	-1	21	-1	-1	-1	0	-1	0	36	0	20	-1	0	0	-1	32
c15149	0	-1	-1	0	-1	0	29	0	44	39	0	-1	0	0	0	0	6	0	0	19	-1	26	0	-1	20	42	21	3	-1	33
c15161	34	-1	-1	0	6	45	29	19	3	4	-1	-1	4	0	26	0	15	0	-1	19	23	0	0	-1	20	0	0	-1	-1	0
c15176	0	0	-1	23	4	-1	0	-1	19	44	-1	-1	32	39	-1	0	0	-1	-1	0	6	-1	36	0	20	-1	-1	0	-1	0
c15178	0	0	-1	0	-1	44	29	0	44	28	0	-1	0	-1	44	0	0	-1	0	19	15	39	0	-1	-1	-1	-1	-1	-1	0
c15187	22	7	-1	0	-1	0	29	-1	-1	0	0	-1	-1	44	21	6	17	-1	27	0	0	0	0	-1	-1	20	0	-1	-1	0
c15194	0	17	-1	0	19	-1	29	0	0	-1	0	-1	22	26	-1	0	0	36	0	19	0	0	0	-1	-1	0	36	-1	-1	-1
c15231	-1	39	0	-1	0	0	29	19	3	4	0	-1	0	3	-1	-1	0	0	0	19	-1	11	44	-1	-1	0	0	0	-1	15
c15250	0	-1	-1	0	19	0	29	11	0	0	0	-1	-1	6	11	21	22	0	0	-1	0	0	-1	-1	-1	0	0	0	-1	27
c15262	17	16	0	-1	35	0	50	0	0	0	44	-1	32	0	0	32	0	2	0	0	0	3	0	31	20	0	0	0	-1	-1
c15304	0	19	0	34	0	-1	29	0	44	19	0	-1	7	26	20	-1	0	9	0	19	35	0	28	-1	20	0	21	0	-1	-1
c15305	0	19	0	34	0	-1	-1	0	44	19	0	-1	7	-1	20	0	0	9	0	19	35	-1	28	-1	20	0	21	0	-1	0
c15306	0	-1	-1	32	0	29	0	0	-1	0	0	-1	32	0	0	0	-1	31	-1	0	0	-1	0	0	20	29	0	13	-1	24
c15316	-1	-1	-1	0	6	0	29	-1	3	0	-1	-1	0	-1	-1	-1	0	-1	-1	19	0	29	0	-1	20	0	-1	0	-1	0
c15329	-1	-1	-1	0	-1	0	0	0	-1	44	-1	-1	32	39	0	0	0	-1	0	0	0	-1	36	0	-1	-1	27	0	-1	0
c15330	0	-1	0	0	-1	0	-1	11	-1	-1	0	-1	0	6	11	0	-1	-1	-1	19	-1	-1	0	-1	20	-1	0	0	-1	0
c15335	17	0	4	29	-1	0	-1	0	0	0	44	-1	32	29	-1	32	41	0	-1	0	0	0	0	31	20	0	-1	0	-1	-1
c15345	0	0	0	29	0	0	0	-1	0	-1	0	-1	32	-1	0	-1	0	-1	0	0	27	19	0	-1	-1	0	-1	-1	-1	0
c15347	0	7	-1	0	11	25	29	27	0	0	21	-1	0	5	21	0	19	33	0	26	0	-1	0	-1	20	0	0	35	-1	31
c15372	0	0	29	10	0	29	29	0	-1	-1	0	-1	-1	26	-1	0	0	0	-1	28	0	4	3	-1	20	0	0	0	-1	0
c15407	0	0	-1	0	4	-1	0	-1	39	44	0	-1	32	39	-1	0	0	-1	0	0	0	10	36	0	20	-1	0	0	-1	-1
c15426	-1	6	17	10	0	29	-1	0	-1	36	0	-1	-1	8	-1	-1	-1	-1	38	-1	0	32	0	-1	20	0	0	-1	-1	-1
c15446	0	0	-1	10	0	29	29	0	3	0	3	-1	0	27	-1	6	30	-1	24	28	0	-1	3	-1	20	19	-1	-1	-1	0
c15459	0	0	-1	6	4	0	27	0	0	-1	0	-1	-1	-1	0	0	-1	-1	0	-1	-1	45	36	0	20	-1	0	0	-1	0
c15471	28	-1	29	-1	21	-1	29	19	0	0	0	-1	0	0	0	-1	0	0	0	19	-1	0	7	-1	-1	0	-1	0	-1	-1
c15478	-1	0	-1	0	-1	0	29	0	-1	0	0	-1	-1	-1	21	0	7	0	0	-1	0	19	0	-1	20	-1	-1	35	-1	0
c15495	0	0	0	29	-1	11	0	-1	-1	0	0	-1	32	0	0	0	0	-1	0	21	-1	0	-1	31	20	19	-1	-1	-1	0
c15502	7	0	0	-1	0	0	29	19	0	-1	4	-1	0	0	-1	-1	0	31	-1	46	44	0	0	-1	20	0	0	31	-1	37
c15503	7	0	-1	0	0	0	29	-1	0	-1	4	-1	0	-1	0	-1	0	31	0	46	44	0	0	-1	20	0	0	31	-1	37
c15504	0	0	-1	0	4	0	6	6	0	44	0	-1	32	39	0	0	0	-1	0	3	0	0	36	-1	20	-1	0	0	-1	-1
c15527	0	0	0	29	0	-1	0	0	0	0	0	-1	32	0	-1	-1	0	0	0	0	27	19	0	31	20	0	-1	-1	-1	-1
c15536	0	-1	0	7	0	-1	29	0	0	-1	0	-1	0	0	-1	0	-1	-1	-1	0	0	0	13	-1	20	19	-1	39	-1	37
c15552	34	-1	-1	0	-1	-1	29	19	3	0	0	-1	0	0	0	0	0	-1	-1	19	-1	0	0	-1	20	-1	0	-1	-1	0
c15554	-1	0	0	29	0	0	0	0	-1	0	0	-1	32	0	0	-1	-1	-1	0	-1	27	19	0	31	20	0	0	-1	-1	0
c15571	-1	39	-1	-1	-1	-1	-1	-1	-1	0	0	-1	32	-1	0	21	-1	-1	-1	0	29	-1	-1	-1	20	0	41	0	-1	0
c15583	-1	0	0	10	0	29	29	-1	0	0	0	-1	0	0	-1	0	0	45	6	28	-1	0	3	-1	20	0	-1	0	-1	0
c15596	-1	-1	35	0	0	0	-1	46	44	19	0	-1	39	0	-1	26	0	0	0	19	35	0	6	-1	20	22	21	0	-1	-1
c15611	34	0	-1	0	6	0	29	-1	3	0	11	-1	0	0	0	0	0	0	-1	19	0	27	-1	-1	20	0	-1	0	-1	0
c15616	23	-1	-1	29	41	32	0	-1	0	-1	-1	-1	32	32	36	21	0	32	0	-1	16	0	-1	0	20	-1	0	0	-1	0
c15617	23	41	0	29	41	32	0	-1	-1	-1	-1	-1	32	32	36	21	0	32	0	13	16	0	6	-1	20	45	0	0	-1	0
c15625	17	-1	0	29	-1	44	50	0	20	0	44	-1	32	-1	0	32	41	39	-1	34	-1	-1	0	31	20	-1	-1	12	-1	0
c15627	0	0	-1	0	0	38	29	-1	-1	-1	4	-1	39	0	0	-1	0	31	0	29	44	0	0	-1	20	0	6	0	-1	37
c15667	49	-1	-1	-1	0	0	0	0	29	0	0	-1	32	27	-1	0	0	0	0	0	0	0	-1	0	20	17	0	-1	-1	7
c15676	34	0	0	5	0	0	29	19	3	4	-1	-1	0	-1	0	-1	0	0	0	19	0	0	-1	-1	20	21	0	17	-1	0
c15684	22	0	0	6	19	16	-1	27	-1	44	0	-1	0	0	11	0	0	0	23	19	0	-1	27	-1	20	-1	0	0	-1	-1
c15688	-1	0	8	0	0	0	29	19	-1	-1	0	-1	0	-1	-1	0	-1	-1	0	-1	0	-1	13	-1	20	-1	0	21	-1	37
c15692	-1	32	-1	13	0	-1	-1	0	-1	15	0	-1	32	0	0	0	0	4	0	0	0	-1	0	0	-1	17	0	0	-1	7
c15701	6	0	0	0	0	0	29	0	0	0	0	-1	-1	36	41	27	-1	46	0	-1	0	0	-1	-1	-1	0	0	0	-1	-1
c15704	-1	39	0	-1	4	0	29	19	3	4	-1	-1	0	3	-1	-1	0	0	0	19	28	11	44	-1	20	-1	-1	0	-1	15
c15730	34	0	-1	0	6	45	29	19	3	0	0	-1	0	-1	26	0	-1	0	-1	19	0	0	0	-1	20	0	0	-1	-1	0
c15737	27	-1	0	0	-1	6	-1	-1	-1	-1	0	-1	32	-1	0	-1	0	0	0	0	-1	0	0	-1	20	-1	0	0	-1	0
c15749	0	0	0	0	-1	0	29	4	44	28	0	-1	-1	39	0	0	0	-1	0	19	0	0	0	-1	20	-1	21	0	-1	0
c15765	-1	-1	0	0	0	0	0	-1	0	0	-1	-1	32	0	2	21	33	23	0	0	-1	0	0	36	-1	36	-1	0	-1	0
c15773	34	0	-1	5	41	0	29	19	3	4	0	-1	0	0	-1	-1	29	0	-1	19	0	0	0	-1	20	21	0	17	-1	-1
c15776	-1	17	0	0	19	7	-1	15	-1	0	32	-1	11	0	0	-1	0	0	0	-1	0	11	36	-1	20	23	-1	-1	-1	0
c15777	0	17	-1	0	-1	-1	-1	-1	-1	0	32	-1	-1	0	0	-1	0	0	0	19	0	11	36	-1	20	23	-1	-1	-1	0
c15786	0	-1	0	0	19	0	29	0	44	39	19	-1	-1	0	-1	0	0	-1	0	19	-1	0	0	-1	20	34	21	0	-1	-1
c15808	7	-1	0	-1	19	0	29	19	-1	-1	4	-1	0	0	0	-1	0	-1	0	46	44	0	40	-1	20	0	0	0	-1	-1
c15811	7	-1	0	0	-1	0	29	-1	27	-1	-1	-1	0	0	-1	-1	-1	31	-1	46	-1	0	0	-1	20	0	21	0	-1	37
c15820	0	-1	0	-1	-1	-1	-1	2	4	0	0	-1	0	44	21	6	17	0	0	0	0	-1	0	-1	-1	20	0	-1	-1	-1
c15822	0	7	6	0	36	31	29	0	44	28	-1	-1	0	0	44	0	0	-1	0	19	15	0	0	-1	20	0	21	0	-1	48
c15832	24	0	0	0	0	-1	0	-1	0	0	19	-1	32	-1	0	0	-1	0	0	-1	-1	0	0	0	-1	0	27	0	-1	0
c15844	-1	49	-1	6	-1	0	-1	-1	0	44	0	-1	32	39	-1	-1	0	-1	-1	-1	-1	-1	36	3	20	-1	0	0	-1	-1
c15861	-1	-1	-1	6	4	0	27	0	0	44	-1	-1	32	39	0	0	0	-1	0	0	27	45	36	0	-1	-1	-1	0	-1	0
c15866	7	0	0	10	0	-1	-1	19	13	-1	4	-1	0	0	-1	-1	-1	31	19	46	44	-1	-1	-1	20	0	0	0	-1	-1
c15872	-1	0	-1	23	4	-1	39	-1	-1	-1	0	-1	32	39	42	0	0	0	-1	0	-1	-1	36	0	-1	-1	-1	0	-1	0
c15873	0	-1	-1	23	4	0	39	0	-1	44	0	-1	32	39	42	0	0	0	23	0	0	19	36	0	-1	-1	23	0	-1	0
c15876	0	0	33	0	0	-1	29	0	0	-1	27	-1	-1	0	0	0	0	0	0	19	0	0	0	-1	20	0	-1	0	-1	0
c15880	0	0	0	0	0	0	29	-1	44	22	-1	-1	-1	0	-1	0	31	19	0	19	0	11	0	-1	20	34	21	46	-1	4
