	0	1	2	3	4	5	6	7	8	9	10	11	12	13	14	15	16	17	18	19	20	21	22	23	24	25	26	27	28	29
c1605	16	0	33	1	18	0	0	27	0	1	0	0	43	20	23	0	-1	-1	30	-1	1	0	0	0	0	0	0	38	0	0
c2316	16	0	33	28	-1	0	43	-1	0	-1	26	0	43	47	-1	0	-1	9	32	0	1	-1	0	0	0	29	10	1	0	0
c2329	-1	-1	33	-1	-1	0	-1	-1	27	-1	-1	-1	43	-1	0	0	0	0	0	0	1	28	0	-1	0	33	-1	0	0	0
c2556	0	0	5	-1	-1	0	-1	-1	0	0	0	0	43	0	0	-1	0	-1	0	9	-1	50	12	0	0	15	9	0	0	0
c2670	16	0	33	-1	26	0	0	27	-1	28	0	25	43	20	34	0	0	0	30	-1	1	0	-1	1	0	26	0	0	0	48
c2754	49	34	0	-1	0	17	46	0	-1	21	1	0	43	33	0	0	45	0	-1	0	0	0	1	0	12	-1	43	0	-1	0
c2895	0	33	34	0	0	40	35	-1	0	28	0	0	-1	-1	0	23	0	0	0	26	0	-1	0	0	0	0	0	0	0	33
c2899	0	-1	0	0	10	-1	14	27	0	-1	0	0	43	0	0	0	-1	0	0	0	-1	0	0	-1	0	-1	-1	0	0	34
c2978	-1	-1	0	50	0	0	0	0	25	28	-1	10	43	-1	33	0	-1	0	-1	-1	-1	-1	-1	10	0	0	0	0	16	-1
c2989	0	0	0	0	-1	6	0	0	0	-1	-1	0	43	5	-1	-1	14	0	0	0	17	0	0	0	0	0	23	0	0	4
c3005	0	11	0	0	-1	-1	-1	-1	-1	21	33	-1	43	33	0	-1	20	0	-1	0	0	0	1	0	-1	0	0	-1	0	-1
c3069	-1	-1	0	0	0	0	0	-1	0	0	26	-1	43	0	26	0	0	27	27	-1	-1	0	43	0	0	0	0	0	0	-1
c3078	-1	0	0	27	-1	32	-1	0	0	21	0	-1	43	33	0	25	0	0	0	0	0	0	-1	0	-1	27	0	0	0	0
c3115	16	0	33	28	-1	33	0	-1	-1	-1	0	0	43	23	0	-1	-1	-1	0	-1	1	0	0	34	20	0	0	0	0	0
c3257	0	-1	5	-1	0	0	0	26	0	0	0	0	43	-1	0	-1	0	25	25	0	0	50	12	0	0	-1	0	-1	0	32
c3304	16	27	0	-1	0	46	25	47	0	0	27	32	-1	10	0	17	0	16	25	34	27	49	23	38	0	0	-1	-1	-1	37
c3324	16	0	33	1	18	0	-1	27	27	0	-1	0	43	20	23	0	-1	-1	30	4	1	0	46	0	6	27	0	38	0	0
c3442	30	0	0	43	0	0	47	-1	0	-1	27	0	43	33	0	25	-1	0	33	0	12	0	1	0	0	0	0	0	0	0
c3576	49	0	33	-1	26	0	46	0	0	21	0	0	43	33	-1	-1	0	0	0	0	-1	0	1	-1	0	0	0	0	0	0
c3634	49	0	0	0	0	-1	23	0	0	43	-1	0	43	0	0	0	0	0	0	27	-1	0	25	-1	0	0	0	0	49	0
c3802	16	0	-1	0	26	0	0	27	0	-1	0	0	43	-1	0	-1	0	-1	30	0	1	0	0	0	0	0	49	38	-1	33
c4104	-1	-1	-1	0	0	0	0	27	0	0	0	-1	43	0	38	0	14	49	43	0	-1	0	-1	0	49	0	-1	-1	-1	34
c4169	0	-1	0	0	10	0	0	-1	-1	0	-1	-1	43	0	26	-1	-1	25	0	0	-1	0	0	0	0	0	0	0	0	34
c4181	-1	-1	26	-1	0	0	0	-1	0	0	3	-1	43	1	0	0	0	49	0	-1	-1	0	0	0	49	28	27	0	0	-1
c4236	0	-1	0	0	0	0	0	27	-1	47	0	-1	43	18	0	20	-1	-1	-1	0	-1	24	23	0	0	0	0	-1	0	34
c4302	0	0	-1	0	-1	0	0	18	33	0	0	0	43	0	30	-1	-1	0	32	0	46	-1	0	0	23	-1	0	0	0	26
c4322	30	27	0	-1	0	0	47	-1	0	21	0	0	43	-1	0	25	-1	0	33	0	0	0	1	12	-1	27	0	0	-1	0
c4368	4	-1	9	-1	0	0	-1	0	0	28	0	0	43	0	0	0	8	0	0	0	0	-1	0	1	0	27	-1	0	16	-1
c4377	0	-1	0	0	10	37	14	-1	-1	49	0	0	43	0	0	0	-1	0	23	-1	-1	26	0	0	0	0	0	0	33	34
c4392	-1	0	-1	0	0	0	46	-1	0	21	0	0	43	33	0	0	0	-1	0	-1	43	5	1	0	-1	0	26	0	0	0
c4419	0	34	37	0	0	30	34	-1	0	-1	0	0	43	0	0	0	24	-1	32	0	-1	-1	32	0	0	-1	0	0	-1	-1
c4441	-1	-1	26	-1	0	0	17	27	0	-1	0	0	43	0	0	20	43	-1	-1	32	-1	24	0	0	0	0	0	0	0	34
c4517	0	-1	45	-1	10	0	-1	27	0	43	-1	0	43	0	0	-1	-1	0	-1	0	-1	0	0	0	0	33	17	0	-1	34
c4617	16	10	33	28	0	0	23	-1	27	-1	0	0	43	-1	-1	0	0	0	0	-1	1	0	0	-1	0	33	-1	-1	-1	0
c4691	4	33	0	-1	0	49	0	0	-1	28	0	0	43	0	-1	4	0	0	-1	-1	33	-1	0	-1	0	27	0	0	16	33
c4713	-1	0	33	-1	0	0	25	-1	-1	-1	0	0	-1	23	0	-1	-1	-1	-1	-1	1	0	0	34	-1	-1	0	0	-1	0
c4736	0	12	0	0	46	-1	-1	-1	0	39	27	-1	-1	0	26	-1	0	0	15	27	0	23	0	0	0	0	-1	-1	-1	-1
c4747	0	31	25	0	43	1	-1	47	43	0	27	-1	-1	0	-1	-1	0	0	0	-1	26	0	-1	21	-1	-1	0	-1	-1	6
c4795	-1	-1	0	0	0	0	0	27	-1	0	0	47	43	0	-1	0	25	0	0	0	-1	0	0	-1	37	-1	0	0	-1	34
c4805	26	49	-1	0	0	38	12	0	-1	0	27	0	43	0	0	10	0	0	0	-1	0	-1	1	-1	-1	0	0	10	-1	0
c4823	0	39	0	0	0	0	0	0	0	0	-1	-1	-1	40	10	0	0	0	0	37	-1	0	0	0	23	-1	-1	3	-1	12
c4901	16	0	33	28	0	17	0	-1	0	-1	26	0	43	47	-1	-1	-1	9	0	0	-1	0	0	-1	0	-1	0	0	0	-1
c4939	0	-1	0	-1	0	1	-1	47	0	0	-1	0	-1	0	-1	0	-1	0	0	26	39	0	0	0	0	0	49	-1	-1	0
c4942	-1	3	0	-1	30	-1	46	0	-1	21	0	-1	43	-1	0	-1	-1	0	0	0	0	-1	1	40	-1	0	0	28	29	0
c4999	16	0	33	0	23	-1	26	27	0	0	-1	8	43	-1	0	27	0	0	0	0	-1	0	0	-1	0	-1	0	41	-1	0
c5169	16	27	-1	28	0	0	41	-1	0	-1	0	0	43	49	33	-1	-1	-1	0	0	1	-1	0	0	20	0	0	0	0	0
c5180	30	0	1	-1	-1	0	47	33	0	21	-1	-1	-1	33	41	-1	0	-1	33	0	0	0	-1	33	12	7	0	43	0	0
c5190	16	0	0	26	0	-1	25	47	0	27	27	0	43	0	-1	-1	28	0	32	-1	0	49	23	38	0	0	0	-1	-1	0
c5199	0	-1	-1	12	10	37	14	27	-1	49	0	-1	43	-1	-1	0	0	0	0	0	-1	26	26	0	0	-1	0	0	-1	34
c5334	16	0	-1	0	23	27	26	27	0	-1	-1	0	43	-1	0	0	-1	6	0	0	1	-1	0	0	0	0	-1	-1	0	0
c5341	0	-1	-1	0	0	1	-1	47	0	0	27	17	-1	-1	23	-1	0	0	-1	-1	-1	0	31	0	0	1	0	-1	-1	0
c5356	0	-1	26	-1	0	0	-1	27	-1	0	3	0	43	1	-1	0	0	49	0	0	-1	0	-1	0	49	28	27	-1	47	34
c5364	0	0	0	-1	-1	-1	-1	-1	0	23	27	0	-1	0	-1	-1	41	0	0	0	39	-1	0	-1	0	0	-1	-1	-1	0
c5412	0	0	0	0	26	6	0	0	0	0	-1	0	43	0	0	0	14	0	-1	0	-1	0	0	0	0	0	0	0	-1	0
c5474	0	0	-1	0	23	0	-1	-1	-1	23	0	0	-1	0	0	0	-1	0	0	40	0	50	-1	0	0	-1	-1	0	49	0
c5483	0	0	0	0	0	1	-1	-1	43	0	-1	12	-1	0	-1	0	0	1	-1	49	26	-1	0	0	0	6	0	-1	-1	0
c5508	-1	0	0	26	46	-1	-1	47	0	10	27	0	43	18	18	17	28	0	0	0	0	-1	-1	-1	0	-1	0	-1	-1	1
c5579	49	0	0	0	0	0	46	0	16	21	0	0	-1	33	34	0	0	-1	0	0	0	0	-1	-1	-1	0	0	0	0	-1
c5620	4	34	0	1	-1	-1	0	-1	-1	0	-1	-1	43	0	-1	0	0	0	27	0	-1	6	-1	0	0	0	0	-1	0	34
c5624	26	38	0	-1	0	0	32	-1	0	0	0	-1	-1	40	-1	0	0	-1	0	0	-1	-1	-1	-1	0	0	0	3	-1	-1
c5654	16	0	0	26	43	46	25	-1	0	0	27	0	43	-1	-1	-1	28	0	-1	-1	0	49	23	38	43	0	-1	-1	-1	0
c5732	-1	-1	0	0	0	0	0	27	0	8	32	40	43	6	0	-1	-1	0	10	0	-1	-1	0	0	0	0	0	0	0	34
c5753	-1	-1	-1	0	0	0	0	-1	-1	47	0	33	43	0	0	20	0	0	-1	0	-1	24	-1	18	0	0	0	0	0	34
c5815	49	0	-1	0	0	-1	23	0	0	43	0	0	43	0	0	0	0	0	0	27	-1	0	25	-1	0	-1	-1	0	0	0
c5918	0	-1	-1	0	-1	0	0	0	0	-1	47	0	43	0	0	0	24	0	32	0	46	-1	-1	-1	-1	-1	0	0	0	0
c5946	49	-1	0	0	0	11	46	0	0	-1	0	-1	43	33	34	0	0	27	0	-1	0	-1	1	9	0	0	0	48	0	0
c5981	0	34	-1	0	-1	0	-1	27	10	0	26	-1	43	25	43	-1	23	0	27	0	-1	0	43	0	-1	16	0	0	0	34
c6020	-1	43	0	0	34	0	33	0	26	43	-1	-1	43	0	-1	0	-1	0	0	27	-1	46	0	0	-1	0	27	0	0	37
c6061	16	0	33	0	0	16	3	27	0	28	0	33	-1	20	0	-1	25	0	30	0	1	27	0	17	-1	26	0	0	-1	0
c6073	0	25	0	-1	4	-1	-1	0	0	12	-1	0	-1	0	0	-1	38	0	23	-1	-1	49	0	0	0	0	0	0	50	0
c6082	-1	0	0	27	-1	0	47	0	-1	21	0	26	43	33	0	33	-1	-1	0	-1	0	0	1	0	0	43	0	0	-1	0
c6110	0	-1	0	0	10	0	0	-1	0	0	0	0	43	0	0	0	-1	25	0	0	-1	0	-1	-1	0	0	-1	-1	-1	34
c6223	0	1	37	17	0	-1	0	18	0	0	-1	0	43	0	0	-1	0	0	32	43	46	-1	-1	0	0	-1	0	32	23	26
c6236	49	41	0	0	0	0	46	0	0	21	0	0	43	33	0	0	-1	0	0	0	0	0	1	9	0	0	0	0	0	0
c6259	0	0	-1	17	0	0	0	-1	0	0	0	0	-1	0	0	0	0	0	32	-1	-1	-1	32	-1	27	9	-1	0	0	26
c6270	0	1	37	17	0	-1	0	18	0	0	0	0	-1	0	0	0	0	0	32	0	46	-1	32	0	8	9	0	32	-1	26
c6306	0	-1	-1	0	4	-1	-1	0	0	12	0	0	43	0	-1	27	38	0	-1	-1	0	49	0	-1	0	-1	10	0	50	17
c6317	49	33	-1	0	0	25	0	0	38	43	0	0	43	0	-1	-1	-1	0	0	27	-1	0	-1	27	0	0	0	0	27	0
c6333	16	-1	33	0	26	0	0	27	-1	28	0	25	43	20	0	0	0	-1	30	-1	-1	0	-1	1	0	-1	-1	0	0	48
c6487	16	0	33	0	23	0	26	27	0	0	0	8	43	-1	0	0	0	-1	0	0	1	0	0	0	30	5	0	41	0	0
c6499	0	-1	0	0	-1	-1	25	0	0	0	27	0	0	6	0	22	-1	0	12	0	0	0	0	0	0	0	0	0	-1	10
c6546	0	-1	-1	0	10	37	14	27	0	-1	0	0	43	0	0	0	-1	0	0	20	-1	26	0	0	0	0	-1	49	0	34
c6601	0	34	-1	43	-1	-1	-1	27	10	0	26	-1	43	25	-1	0	0	-1	27	37	-1	0	-1	0	-1	16	0	-1	0	34
c6629	0	41	16	25	0	46	25	47	38	0	27	-1	43	0	-1	17	0	-1	10	-1	0	0	11	38	0	-1	0	-1	-1	-1
c6631	16	0	0	26	0	-1	25	47	34	0	27	0	43	18	0	17	28	0	0	0	0	-1	23	-1	0	0	0	-1	-1	-1
c6665	-1	-1	0	0	0	0	46	0	0	21	0	37	43	33	-1	0	49	0	0	-1	0	0	1	-1	0	-1	0	0	0	0
c6668	31	0	0	-1	0	0	-1	-1	9	0	0	0	43	-1	0	-1	0	32	10	0	1	50	0	0	0	0	0	0	0	0
c6670	49	34	0	0	0	0	46	-1	0	21	1	0	43	33	0	0	0	0	-1	-1	30	-1	1	-1	0	0	43	0	0	0
c6682	0	0	-1	0	0	-1	-1	0	-1	0	-1	-1	-1	1	30	23	0	0	4	-1	0	0	0	32	0	0	-1	0	-1	-1
c6683	0	0	9	-1	0	0	25	0	0	-1	-1	0	0	-1	30	23	0	0	4	-1	-1	0	0	32	-1	0	0	0	-1	0
c6694	0	-1	-1	0	0	0	0	27	0	-1	0	-1	43	-1	0	-1	-1	0	0	0	-1	0	-1	0	0	49	-1	0	0	34
c6706	0	-1	0	25	10	0	14	27	48	-1	0	0	43	0	0	0	12	10	0	0	-1	0	8	0	-1	0	0	0	0	-1
c6742	-1	0	-1	50	-1	0	0	18	38	0	0	-1	43	0	-1	-1	49	0	32	-1	46	-1	0	0	0	9	0	0	0	26
c6798	21	-1	-1	0	10	10	-1	-1	0	0	0	0	43	-1	0	0	0	-1	0	5	-1	0	0	0	-1	0	26	0	-1	34
c6815	12	0	-1	33	-1	0	25	14	0	-1	27	0	0	0	0	-1	0	0	0	0	0	0	38	0	41	0	0	0	6	-1
c6863	49	0	0	18	0	-1	-1	-1	0	21	43	0	43	33	-1	0	0	10	0	-1	-1	0	1	0	0	0	26	0	0	10
c6877	16	0	-1	0	-1	0	26	27	0	0	0	0	43	0	0	0	0	0	-1	-1	1	-1	0	-1	0	0	-1	41	0	0
c6903	0	0	37	16	-1	14	0	0	49	34	0	10	43	0	0	0	0	0	-1	0	0	-1	0	26	0	9	10	0	0	0
c6938	8	0	0	27	47	0	47	24	0	21	0	0	43	-1	0	0	-1	0	33	0	0	0	1	0	0	-1	0	49	0	0
c6976	-1	0	0	0	0	-1	-1	47	-1	0	27	0	-1	-1	0	0	-1	-1	0	-1	0	-1	-1	0	0	1	0	-1	-1	6
c7016	0	23	0	0	21	46	25	47	0	0	27	0	43	0	0	-1	38	-1	23	0	-1	0	0	38	0	30	0	-1	-1	0
c7036	0	0	10	33	0	-1	25	0	0	0	-1	-1	-1	0	-1	0	-1	-1	-1	-1	0	43	30	-1	-1	-1	1	0	0	-1
c7037	0	0	10	33	0	-1	25	-1	0	-1	27	25	43	0	-1	0	6	-1	23	-1	0	-1	30	-1	-1	0	0	0	0	-1
c7062	16	0	-1	26	6	46	25	47	0	0	27	0	-1	0	-1	17	28	0	17	23	27	49	-1	-1	0	0	0	-1	-1	0
c7131	0	-1	26	43	-1	-1	0	27	0	0	-1	0	-1	0	0	0	0	49	0	0	-1	38	-1	0	-1	0	27	43	33	34
c7153	16	0	-1	1	18	0	0	27	-1	0	43	-1	-1	20	23	0	0	-1	-1	4	1	0	-1	-1	12	0	-1	38	0	0
c7155	0	-1	0	0	9	0	0	27	0	-1	0	-1	43	0	-1	15	-1	0	20	38	-1	-1	0	-1	0	0	0	-1	30	34
c7167	34	-1	10	33	0	0	25	0	0	0	27	25	-1	0	-1	33	6	-1	23	-1	0	43	30	-1	-1	0	0	-1	0	-1
c7172	0	-1	-1	0	10	-1	0	27	0	0	15	0	43	1	0	0	0	25	11	0	-1	0	0	-1	0	0	-1	0	0	-1
c7208	0	0	37	-1	0	0	0	18	0	0	0	0	43	0	0	0	0	0	32	0	46	-1	6	0	-1	9	0	0	0	26
c7209	0	0	-1	0	-1	0	32	18	0	0	0	0	43	0	4	-1	0	0	32	-1	-1	-1	0	0	-1	9	0	0	0	26
c7238	16	0	-1	0	23	0	26	27	0	0	0	-1	43	-1	-1	0	-1	12	0	0	1	-1	0	0	-1	0	-1	41	0	-1
c7290	-1	-1	33	28	25	-1	23	-1	27	-1	0	0	43	-1	0	0	0	0	0	0	1	0	-1	0	34	33	0	0	-1	0
c7313	-1	-1	-1	-1	-1	-1	-1	0	0	21	0	37	43	33	0	49	0	0	26	-1	0	0	1	-1	0	0	27	0	0	0
c7346	0	0	-1	-1	0	0	-1	26	0	0	0	0	43	0	0	0	0	25	-1	-1	1	50	12	0	23	15	0	0	0	-1
c7362	0	0	0	0	-1	46	25	47	-1	0	27	0	43	0	0	17	0	41	0	0	-1	0	0	38	0	30	0	-1	-1	-1
c7406	30	0	0	0	0	0	47	-1	0	-1	-1	0	43	33	0	-1	0	0	-1	-1	33	-1	1	0	0	25	0	0	0	-1
c7462	-1	-1	26	0	0	-1	17	27	-1	0	0	0	43	0	-1	-1	43	0	-1	0	-1	24	0	0	0	0	0	0	-1	34
c7474	31	0	0	-1	0	38	0	-1	0	0	0	-1	43	0	0	10	0	0	-1	34	-1	0	1	-1	-1	10	0	-1	0	0
c7499	16	-1	33	0	23	0	26	27	0	0	-1	8	43	-1	-1	-1	1	0	0	0	1	0	0	0	0	0	0	41	-1	0
c7529	0	0	0	-1	-1	-1	-1	0	-1	-1	0	0	43	0	0	0	0	43	23	34	0	-1	1	0	-1	0	-1	0	-1	-1
c7560	49	0	-1	0	0	25	0	-1	0	43	0	0	43	0	-1	-1	0	0	0	27	-1	0	25	-1	0	0	0	0	0	-1
c7626	0	0	0	-1	0	46	25	47	0	26	27	-1	43	0	0	17	0	0	15	0	0	0	-1	38	-1	0	0	-1	-1	27
c7631	-1	0	0	27	-1	-1	47	0	0	21	-1	0	-1	33	0	3	0	0	0	0	0	0	1	-1	0	0	-1	49	0	0
c7646	16	0	-1	0	0	0	0	27	1	0	38	20	-1	20	38	25	0	-1	-1	27	1	0	0	0	0	0	-1	-1	0	-1
c7658	0	34	33	-1	-1	0	-1	27	10	0	26	-1	-1	-1	-1	-1	-1	0	-1	0	-1	-1	43	-1	-1	16	0	33	0	34
c7690	31	0	0	-1	0	0	0	0	9	0	32	0	-1	25	0	-1	37	-1	0	-1	1	50	0	0	0	0	0	0	26	0
c7707	12	0	0	0	3	-1	47	0	-1	21	33	38	43	33	0	33	20	0	0	0	-1	0	1	0	0	0	0	-1	0	26
c7766	-1	0	49	0	34	0	-1	-1	-1	0	27	-1	0	0	40	1	-1	0	12	0	0	-1	0	-1	-1	43	0	0	0	0
c7773	0	0	-1	0	-1	-1	0	0	0	-1	0	0	-1	17	0	0	-1	-1	-1	-1	18	-1	-1	33	27	-1	0	-1	0	33
c7776	16	0	33	0	0	0	0	27	-1	0	0	0	43	20	0	-1	-1	-1	30	0	1	0	0	0	0	41	-1	-1	46	0
c7780	0	-1	0	17	0	-1	-1	0	-1	0	27	0	0	0	0	1	40	0	12	0	25	0	-1	0	-1	-1	0	15	0	-1
c7782	0	0	0	0	4	-1	-1	-1	0	12	0	26	-1	-1	0	0	38	0	0	-1	4	49	-1	0	0	0	49	-1	50	-1
c7783	0	0	0	0	4	-1	-1	0	0	12	0	26	43	25	0	0	38	-1	0	-1	4	49	0	-1	0	0	49	-1	50	30
c7814	10	28	-1	-1	-1	1	-1	47	0	0	-1	0	-1	-1	0	0	0	0	0	0	0	0	0	0	10	0	0	-1	-1	0
c7822	0	0	0	23	0	40	25	0	0	0	27	0	0	0	26	-1	-1	26	12	41	0	26	-1	33	-1	-1	0	10	0	0
c7831	-1	-1	0	0	-1	-1	30	27	0	0	0	-1	43	0	26	0	25	-1	0	-1	-1	-1	-1	0	37	0	0	-1	0	34
c7833	49	34	0	0	0	-1	46	0	-1	21	1	-1	43	33	0	0	0	0	27	-1	0	0	1	0	0	0	43	40	26	10
c7866	16	26	33	28	0	0	23	-1	-1	-1	8	0	43	-1	-1	0	0	0	0	0	1	0	-1	0	-1	33	0	0	0	-1
c7875	-1	43	0	0	0	25	-1	10	0	43	0	0	43	0	0	0	44	8	0	27	-1	0	25	-1	0	0	-1	0	0	-1
c7880	0	-1	-1	0	0	0	38	27	-1	47	0	33	43	0	-1	20	-1	0	-1	0	-1	24	0	38	0	0	-1	0	-1	-1
c7881	0	-1	24	-1	-1	-1	38	-1	-1	47	0	33	43	-1	0	20	0	0	-1	-1	-1	24	0	38	27	-1	0	0	0	34
c7921	38	-1	-1	0	0	0	0	27	0	47	0	0	43	0	23	20	0	46	10	0	-1	24	12	0	0	0	-1	0	0	34
c7977	0	-1	0	0	0	0	0	-1	0	47	0	0	-1	0	0	20	-1	-1	10	0	-1	24	0	-1	26	0	0	0	0	-1
c8000	16	-1	33	0	0	40	0	27	0	0	0	0	43	20	38	0	0	-1	30	0	1	0	0	24	0	0	-1	38	0	0
c8004	0	50	0	0	33	38	0	-1	-1	27	27	0	43	1	10	0	0	-1	0	-1	0	0	1	49	-1	0	11	-1	0	-1
c8042	0	-1	0	-1	10	0	14	27	0	49	0	0	43	0	0	0	-1	0	0	-1	-1	0	0	16	0	-1	30	0	0	-1
c8058	16	0	-1	28	0	0	0	-1	0	-1	0	0	43	0	0	-1	-1	-1	0	0	1	0	0	0	-1	0	46	0	0	0
c8059	16	0	-1	28	0	0	0	-1	0	-1	0	0	43	0	0	-1	-1	-1	0	0	-1	0	0	0	-1	0	0	-1	0	0
c8069	0	-1	0	0	10	-1	0	27	0	27	0	0	-1	-1	43	0	0	25	0	50	-1	30	0	0	0	0	0	27	-1	-1
c8106	0	-1	26	23	37	-1	0	27	16	0	16	0	43	34	0	0	0	49	0	-1	-1	0	0	0	-1	0	27	0	0	34
c8110	16	0	33	0	26	0	0	27	16	28	0	0	43	20	-1	0	0	0	30	0	-1	0	0	1	-1	26	-1	34	0	0
c8142	0	-1	33	-1	0	48	0	-1	0	-1	0	0	43	0	0	20	0	17	10	0	-1	-1	-1	46	0	-1	0	15	27	34
c8145	17	0	-1	27	0	-1	47	-1	10	-1	0	30	43	33	-1	0	0	-1	-1	0	26	0	-1	0	16	0	0	0	0	0
c8245	37	-1	-1	27	10	-1	0	-1	-1	34	49	0	43	0	0	0	0	-1	12	0	-1	0	0	-1	0	0	0	-1	0	34
c8246	0	0	0	0	0	4	0	0	0	25	-1	-1	43	40	0	0	-1	23	0	-1	0	0	-1	41	0	0	33	3	46	-1
c8264	16	0	33	-1	18	0	0	27	0	-1	43	0	43	-1	23	0	0	-1	30	4	-1	0	0	0	12	0	-1	38	0	0
c8295	16	-1	33	-1	0	0	23	-1	-1	-1	27	0	-1	-1	0	0	0	0	9	-1	-1	0	0	0	6	33	0	0	0	-1
c8308	9	-1	-1	17	0	0	25	0	0	0	27	0	0	-1	21	-1	-1	0	12	0	0	0	0	-1	-1	17	0	-1	-1	-1
c8352	0	-1	-1	0	0	0	17	27	0	0	0	0	-1	0	-1	20	43	-1	10	0	-1	24	0	0	0	0	0	0	25	34
c8353	0	-1	-1	0	0	-1	-1	27	0	0	-1	0	43	-1	0	20	43	-1	10	-1	-1	24	0	0	0	0	0	0	25	34
c8358	25	33	-1	33	0	0	25	-1	-1	0	27	25	43	0	-1	-1	6	-1	23	-1	0	43	30	-1	-1	-1	0	0	0	-1
c8374	-1	0	6	0	0	-1	46	9	-1	-1	0	0	43	33	-1	0	0	10	0	0	43	0	1	-1	0	0	26	0	0	34
c8404	4	34	0	-1	0	0	0	27	-1	0	26	-1	-1	0	0	-1	0	0	27	0	-1	-1	43	0	0	0	0	0	0	34
c8405	4	34	0	0	0	0	0	27	-1	0	26	-1	43	0	-1	0	0	0	27	0	-1	0	-1	-1	-1	0	0	0	0	34
c8475	0	0	-1	-1	0	-1	-1	47	0	0	27	0	-1	0	-1	-1	0	-1	-1	26	39	-1	0	0	-1	-1	49	-1	-1	0
c8496	0	-1	-1	33	0	0	25	-1	0	0	27	25	43	0	-1	0	0	-1	23	-1	-1	43	30	-1	-1	0	0	0	0	-1
c8587	16	0	33	1	18	0	0	27	0	0	43	-1	43	-1	23	0	0	-1	30	-1	1	-1	0	0	12	0	0	38	0	0
c8592	0	0	0	-1	0	46	25	-1	-1	0	27	0	-1	0	0	17	-1	0	-1	0	-1	41	0	-1	-1	0	27	-1	-1	27
c8616	0	-1	26	-1	-1	0	0	-1	0	0	43	0	-1	0	0	49	-1	49	0	38	-1	0	-1	0	49	0	27	0	0	-1
c8634	48	12	9	0	0	0	25	0	-1	0	-1	-1	0	1	0	23	-1	0	0	6	0	0	0	32	0	-1	0	33	0	0
c8654	49	0	0	0	43	25	0	0	0	43	0	0	43	0	-1	0	0	0	-1	27	-1	0	-1	27	-1	0	0	0	-1	0
c8662	0	34	0	0	38	0	34	27	41	5	0	-1	43	0	0	0	0	26	12	0	-1	25	43	0	0	15	0	0	0	-1
c8668	0	0	0	0	0	0	-1	0	0	-1	0	0	-1	-1	-1	0	0	0	50	27	-1	0	0	0	0	0	0	-1	0	-1
c8687	4	34	0	0	0	0	0	27	0	-1	26	-1	43	0	0	0	-1	0	-1	0	-1	0	-1	0	0	0	0	0	0	34
c8706	49	0	-1	-1	0	0	46	-1	0	-1	32	0	43	33	0	-1	1	-1	-1	0	0	0	1	0	0	-1	0	0	10	0
c8712	16	0	33	0	26	0	-1	-1	27	28	0	0	-1	20	0	34	23	0	30	0	1	39	-1	1	0	-1	-1	-1	40	16
c8754	0	0	0	27	0	0	47	0	0	21	0	11	43	33	0	25	0	0	33	43	0	-1	1	0	0	49	0	-1	-1	-1
c8775	0	32	0	-1	0	38	-1	-1	0	17	0	0	-1	0	0	43	0	0	23	34	0	0	1	46	-1	0	0	-1	0	0
c8784	16	0	33	0	23	0	26	27	0	0	0	8	43	0	0	0	0	-1	0	-1	1	0	-1	0	-1	0	0	41	-1	0
c8786	0	14	37	-1	27	22	0	46	10	0	0	17	43	0	-1	0	32	0	32	0	-1	-1	0	0	0	9	-1	36	0	-1
c8827	0	-1	0	0	10	37	-1	27	0	49	0	0	-1	0	40	0	-1	0	0	0	-1	26	0	-1	0	0	0	27	-1	34
c8847	26	-1	1	0	0	-1	0	-1	0	0	0	0	43	-1	-1	0	-1	0	0	33	-1	-1	-1	-1	0	16	0	32	30	34
c8860	49	-1	0	-1	26	0	-1	0	-1	21	0	-1	-1	33	0	-1	0	0	0	0	-1	17	1	0	15	0	0	-1	-1	0
c8871	30	0	0	0	16	0	47	0	0	21	-1	0	43	33	5	-1	0	-1	33	0	0	38	1	0	-1	0	46	9	-1	11
c8892	46	-1	0	0	-1	0	-1	27	-1	-1	0	49	43	0	0	49	0	0	26	0	-1	0	0	-1	17	0	47	-1	0	34
c8897	0	41	16	25	0	46	25	47	-1	0	27	0	43	-1	0	17	0	0	10	0	0	0	11	38	0	-1	0	-1	-1	0
c8898	26	0	0	0	0	1	-1	47	0	0	27	0	-1	-1	0	-1	0	-1	0	-1	0	-1	31	0	0	1	0	-1	-1	0
c8900	31	34	26	0	0	38	0	0	0	0	0	0	43	0	0	10	-1	12	0	34	43	0	1	0	-1	-1	0	0	-1	0
c8901	31	34	0	0	0	-1	0	0	0	0	0	0	43	0	-1	10	0	12	0	34	43	-1	-1	-1	-1	10	0	-1	41	0
c8947	-1	-1	26	0	4	-1	0	27	0	33	0	0	43	0	0	0	0	49	0	0	-1	38	0	-1	-1	0	27	43	33	-1
c8985	49	0	23	0	0	0	46	-1	14	21	0	49	-1	33	-1	0	0	10	0	0	-1	-1	1	0	0	49	26	0	0	0
c8990	16	-1	33	0	26	0	-1	27	0	-1	-1	25	43	20	0	0	0	0	30	0	-1	28	-1	1	0	26	0	0	0	48
c9004	0	0	10	15	0	0	-1	0	0	-1	-1	25	43	0	-1	0	0	0	-1	0	0	43	30	-1	-1	0	0	0	0	-1
c9008	0	0	-1	0	0	-1	-1	47	18	0	27	20	-1	-1	-1	-1	0	46	-1	0	0	0	0	-1	-1	19	43	-1	-1	0
c9037	0	-1	0	-1	0	0	25	14	0	0	27	0	-1	0	0	0	0	0	12	0	10	0	0	-1	0	-1	0	-1	-1	0
c9038	0	0	0	27	0	-1	47	-1	0	21	0	0	-1	33	0	0	-1	-1	0	0	-1	0	-1	0	0	0	0	0	49	23
c9052	0	0	0	23	0	0	25	-1	0	43	27	-1	0	0	0	1	0	0	-1	0	40	0	46	-1	0	8	-1	10	-1	14
c9092	0	0	16	-1	0	46	-1	47	0	0	27	0	-1	-1	0	-1	0	0	-1	0	0	-1	0	-1	0	-1	0	-1	-1	0
c9105	0	-1	0	0	10	-1	14	-1	0	49	0	0	43	-1	0	-1	0	0	26	-1	-1	-1	0	0	0	-1	-1	49	0	34
c9115	16	0	33	28	0	0	41	-1	0	-1	-1	0	43	49	33	-1	-1	-1	0	0	1	0	0	0	20	0	0	0	0	0
c9157	0	0	0	0	-1	0	41	0	0	0	-1	-1	43	40	0	28	-1	-1	0	0	0	0	0	1	0	0	0	-1	0	-1
c9168	-1	40	-1	35	0	-1	-1	47	0	-1	-1	-1	-1	30	43	27	0	0	0	43	-1	0	0	0	0	0	-1	-1	-1	0
c9218	38	-1	-1	0	0	0	0	-1	0	47	0	0	43	0	0	20	0	-1	10	0	-1	24	12	0	0	0	0	0	0	34
c9250	4	33	0	0	0	49	0	0	0	28	0	0	43	0	10	4	0	0	0	0	33	-1	0	0	0	27	0	0	16	33
c9290	10	0	0	0	0	1	-1	47	0	-1	-1	0	-1	0	0	0	-1	26	0	0	0	-1	-1	0	-1	0	0	-1	-1	23
c9302	14	0	-1	0	0	26	0	0	27	43	-1	-1	43	12	-1	-1	49	0	0	0	-1	37	26	25	0	25	0	-1	0	11
c9318	0	38	0	0	6	0	0	0	17	0	-1	-1	-1	40	0	0	0	30	-1	-1	0	-1	0	0	0	0	0	-1	0	-1
c9355	17	0	0	27	34	0	47	47	0	21	38	0	43	-1	0	0	-1	-1	0	9	46	0	1	0	0	0	33	0	-1	0
c9359	16	0	33	0	26	0	0	27	0	28	0	25	43	-1	0	-1	-1	0	-1	-1	-1	23	-1	1	0	26	0	0	0	48
c9365	-1	-1	0	0	-1	0	0	27	0	6	-1	47	43	-1	26	0	25	-1	0	0	-1	-1	18	-1	37	41	-1	0	0	34
c9449	0	50	0	0	-1	38	0	0	0	27	31	0	-1	-1	10	0	0	-1	-1	34	0	0	1	49	-1	-1	0	0	0	-1
c9453	49	16	0	0	26	0	-1	0	0	21	-1	27	-1	33	0	0	0	40	0	0	43	0	1	0	0	0	0	0	0	6
c9491	16	25	33	1	26	-1	0	27	-1	28	0	0	43	20	0	34	0	0	-1	0	1	39	0	1	0	26	0	0	40	16
c9492	0	-1	0	0	-1	0	0	27	-1	47	26	33	43	0	0	-1	10	6	10	-1	-1	-1	0	0	0	-1	0	-1	0	34
c9521	-1	34	0	48	0	0	46	0	-1	21	1	0	43	33	0	-1	0	0	-1	-1	-1	30	1	-1	-1	0	43	0	26	0
c9542	0	-1	-1	0	10	0	14	27	48	-1	43	-1	43	-1	-1	0	0	0	0	0	-1	0	0	0	0	27	0	0	0	34
c9546	-1	49	0	-1	21	-1	25	47	0	0	27	0	43	0	0	17	0	27	0	26	0	0	0	38	0	30	0	-1	-1	0
c9553	0	0	0	-1	0	0	47	0	0	21	33	10	-1	33	-1	-1	0	0	-1	0	-1	16	1	0	0	25	0	0	0	27
c9611	31	0	0	0	0	-1	0	34	9	0	-1	0	43	25	0	34	0	32	30	0	1	50	0	28	0	-1	0	0	0	0
c9657	0	33	0	0	0	0	-1	0	0	43	0	-1	-1	0	-1	0	0	0	0	27	-1	0	-1	0	0	0	-1	0	0	-1
c9663	30	23	0	0	0	0	47	27	0	21	-1	33	43	33	0	-1	0	0	33	0	0	0	1	0	-1	0	16	-1	0	5
c9666	0	-1	26	0	-1	0	0	27	-1	0	0	28	43	-1	-1	0	-1	49	0	0	-1	0	0	0	49	0	27	0	-1	34
c9690	0	-1	0	0	10	43	0	-1	0	0	0	0	43	-1	-1	0	-1	47	0	0	-1	0	0	0	0	0	0	0	0	34
c9796	0	-1	-1	0	-1	0	26	-1	0	0	-1	0	43	46	43	0	0	47	0	34	-1	0	0	0	-1	0	0	0	-1	34
c9825	26	-1	0	-1	0	0	0	27	0	-1	-1	12	43	0	0	20	0	0	10	0	-1	24	0	0	-1	0	0	0	0	34
c9851	0	-1	0	-1	10	-1	-1	27	0	43	23	-1	43	-1	27	0	-1	25	0	0	-1	0	-1	-1	0	0	16	0	0	34
c9899	0	-1	-1	0	37	0	-1	27	33	0	43	0	-1	0	-1	0	0	49	-1	38	-1	0	0	0	49	0	-1	0	0	34
c9934	4	34	-1	-1	0	43	0	27	0	-1	26	-1	43	0	0	-1	0	0	27	0	-1	0	43	0	0	0	0	-1	0	34
c9935	4	34	0	1	0	43	0	27	0	0	-1	-1	43	-1	0	0	0	0	27	-1	-1	0	-1	0	0	0	0	0	0	34
c9936	-1	0	0	27	49	0	47	-1	-1	21	-1	0	43	-1	0	0	6	-1	0	-1	0	-1	-1	-1	0	-1	0	4	-1	0
c9954	49	34	0	0	-1	-1	46	0	0	21	1	0	43	33	0	0	0	0	43	23	30	0	1	0	-1	0	43	0	0	-1
c9956	-1	0	34	0	0	27	47	0	-1	21	-1	27	43	33	5	25	27	-1	33	0	0	38	-1	0	0	0	34	23	0	11
c9957	-1	0	0	0	0	27	47	0	0	21	0	27	43	33	-1	-1	27	0	-1	0	0	38	1	0	0	0	34	23	0	11
c9994	-1	0	-1	0	-1	38	-1	-1	0	0	0	0	43	0	-1	-1	25	38	0	34	-1	0	-1	34	-1	43	0	0	0	0
c10009	49	0	0	17	26	-1	46	0	-1	21	0	0	43	33	0	0	0	-1	0	0	43	0	1	25	0	0	0	0	0	0
c10065	0	0	-1	0	0	38	0	0	25	-1	25	0	-1	0	0	-1	0	0	0	49	4	0	-1	-1	-1	-1	0	-1	0	0
c10112	49	0	23	0	0	0	-1	0	-1	-1	0	0	43	33	-1	0	0	10	0	0	-1	-1	1	0	0	49	26	-1	0	0
c10132	16	0	0	26	0	-1	25	47	0	0	27	0	43	-1	0	-1	-1	0	0	0	0	49	23	-1	-1	0	0	-1	-1	0
c10137	5	0	0	0	47	0	-1	0	0	0	0	0	43	0	0	0	14	0	18	-1	0	0	20	40	49	1	26	12	9	0
c10177	0	43	0	0	0	-1	0	-1	26	43	34	10	43	0	27	0	0	0	0	-1	-1	43	0	-1	-1	0	27	-1	0	0
c10179	0	-1	0	0	10	-1	0	27	-1	0	23	25	43	0	18	0	0	0	0	5	-1	43	28	0	12	0	29	0	-1	34
c10195	16	0	33	12	-1	0	0	27	0	-1	0	25	43	20	34	0	-1	0	30	0	1	0	-1	-1	41	26	0	0	-1	-1
c10221	49	-1	-1	0	-1	1	-1	0	0	21	26	37	43	33	-1	0	0	0	26	-1	-1	0	1	-1	0	0	0	-1	0	0
c10228	0	23	0	0	21	46	25	47	-1	-1	27	0	-1	0	0	-1	-1	-1	23	-1	0	-1	0	38	0	30	32	-1	-1	0
c10261	-1	0	0	0	21	-1	-1	47	0	0	27	6	43	0	0	17	48	0	0	26	0	0	-1	38	0	-1	-1	-1	-1	0
c10264	0	-1	0	0	10	0	0	27	0	18	0	-1	43	0	-1	0	0	0	0	0	-1	0	0	0	-1	-1	11	-1	0	34
c10265	0	-1	0	0	10	0	0	27	0	0	-1	-1	43	0	0	0	0	0	0	0	-1	0	0	0	-1	0	11	0	0	34
c10277	0	50	0	0	33	38	0	0	0	27	-1	0	-1	12	10	0	-1	-1	0	34	1	0	-1	-1	-1	0	-1	-1	-1	33
c10304	49	34	0	-1	0	0	-1	27	24	21	1	0	43	33	0	-1	0	9	27	0	-1	27	1	0	0	-1	43	0	0	0
c10305	49	34	0	23	0	0	46	27	-1	21	1	0	43	33	0	0	0	0	27	0	27	27	1	0	0	0	43	0	0	0
c10307	16	0	0	-1	0	46	25	47	0	0	27	0	43	0	0	17	28	-1	0	-1	0	-1	23	-1	0	0	0	-1	-1	0
c10319	4	34	-1	0	-1	-1	0	27	0	0	26	-1	43	0	9	0	0	-1	27	0	-1	0	43	8	0	-1	8	0	0	34
c10325	0	0	-1	0	-1	38	-1	6	0	44	25	0	43	0	0	0	0	32	0	49	4	0	0	12	-1	-1	0	0	0	0
c10333	30	0	0	0	33	0	47	-1	-1	21	0	0	43	33	0	25	0	0	33	30	-1	47	1	0	0	25	0	0	-1	49
c10357	4	34	0	0	26	0	0	27	-1	15	26	-1	43	0	0	0	8	26	-1	0	-1	-1	43	0	-1	0	0	0	0	-1
c10397	49	0	-1	-1	0	0	-1	-1	0	-1	32	0	43	33	0	0	0	25	0	0	0	0	1	0	0	-1	0	0	-1	12
c10410	-1	27	-1	-1	10	46	25	47	0	0	27	34	43	10	0	17	0	16	0	34	27	49	23	38	0	0	0	-1	-1	37
c10420	0	-1	0	0	10	0	-1	27	0	0	0	25	-1	0	-1	0	0	0	0	0	-1	0	0	0	0	0	0	38	-1	34
c10443	0	-1	-1	0	-1	0	-1	-1	-1	43	0	0	43	0	0	0	0	49	-1	-1	-1	0	0	0	49	34	27	0	0	34
c10455	0	0	0	0	0	38	0	0	0	-1	25	0	43	31	0	0	26	-1	35	0	-1	0	0	0	-1	0	0	33	30	0
c10458	49	-1	48	0	0	0	46	0	43	21	0	37	43	33	0	0	49	0	0	-1	-1	0	1	0	0	0	-1	10	14	0
c10460	0	0	0	0	-1	46	25	47	26	0	27	0	43	0	0	17	0	41	0	0	0	0	0	38	43	30	0	-1	-1	0
c10461	0	0	0	-1	-1	46	25	47	26	0	27	-1	43	0	0	17	-1	41	0	0	0	0	0	38	43	30	0	-1	-1	0
c10469	0	-1	5	0	0	0	0	26	0	-1	0	-1	43	0	10	15	0	25	-1	9	1	50	12	0	25	15	0	0	0	0
c10473	0	0	0	-1	0	0	41	0	0	0	-1	-1	-1	-1	-1	28	23	0	0	-1	0	-1	0	0	0	0	0	3	0	0
c10478	0	-1	0	0	-1	0	-1	27	8	-1	23	25	43	0	-1	-1	-1	0	-1	5	-1	43	28	-1	0	-1	-1	0	45	-1
c10487	49	4	0	0	0	-1	46	0	0	-1	0	0	43	33	0	0	-1	46	0	-1	0	0	1	0	0	-1	0	6	0	0
c10513	-1	0	5	0	46	0	-1	26	1	0	0	0	43	0	0	0	0	25	-1	38	38	50	-1	0	0	15	25	0	0	49
c10521	-1	-1	0	0	0	0	0	27	0	0	0	47	43	0	-1	0	25	0	0	0	-1	0	0	-1	37	0	-1	0	-1	34
c10541	0	0	30	-1	46	0	25	18	-1	0	27	0	0	0	0	-1	0	-1	-1	0	0	-1	-1	0	0	0	0	0	49	6
c10553	0	-1	37	0	0	49	0	37	0	47	-1	0	43	0	0	0	0	0	32	0	46	-1	0	0	0	9	0	0	28	0
c10577	10	0	23	0	-1	38	-1	0	0	17	0	0	43	0	0	0	0	0	23	34	0	21	1	0	-1	-1	-1	0	0	-1
c10578	0	-1	-1	23	-1	0	0	-1	16	-1	0	0	43	-1	-1	20	-1	49	0	38	-1	0	0	0	49	0	27	0	0	34
c10597	-1	-1	0	16	10	0	0	27	0	0	0	-1	-1	0	0	0	-1	-1	-1	0	-1	0	47	0	0	-1	0	0	0	-1
c10601	21	-1	0	8	10	0	0	27	27	0	-1	-1	43	34	0	0	0	-1	-1	-1	-1	0	0	0	0	-1	-1	0	0	-1
c10615	0	-1	0	10	10	0	14	27	-1	49	0	0	43	0	0	-1	-1	0	0	-1	-1	-1	-1	0	0	27	0	-1	0	34
c10616	17	-1	-1	27	0	0	-1	-1	24	21	0	0	43	33	0	0	-1	-1	0	38	0	0	1	0	0	8	0	0	-1	33
c10620	46	0	0	0	-1	38	0	0	0	0	12	23	43	-1	0	-1	-1	0	0	34	-1	47	1	0	-1	10	0	0	10	0
c10623	0	26	-1	41	0	-1	25	26	0	0	0	0	43	0	0	0	0	25	0	0	1	50	12	0	-1	-1	0	-1	0	-1
c10634	0	0	0	0	0	20	0	0	-1	-1	-1	-1	43	40	0	0	0	-1	0	-1	10	-1	-1	-1	0	0	0	3	0	-1
c10642	0	0	37	0	0	49	0	0	0	47	0	-1	43	0	0	0	0	0	32	0	-1	-1	0	0	0	9	-1	0	-1	0
c10646	16	0	0	26	0	46	-1	47	10	0	27	-1	43	0	0	-1	28	0	0	0	0	49	23	38	0	0	0	-1	-1	0
c10652	0	-1	-1	0	0	40	0	43	0	28	0	0	43	-1	0	12	0	0	0	0	0	-1	0	-1	0	0	0	0	0	33
c10654	-1	43	-1	46	0	-1	-1	0	26	43	-1	25	43	0	-1	30	-1	0	26	27	-1	-1	0	0	-1	0	27	0	0	49
c10658	16	0	-1	27	26	12	0	27	0	28	0	0	43	20	0	0	0	0	30	10	1	0	0	-1	0	26	0	-1	0	0
c10704	0	-1	0	-1	-1	0	-1	-1	-1	0	0	-1	43	0	0	-1	0	0	-1	0	-1	0	0	0	0	0	11	0	0	34
c10707	-1	0	37	-1	0	-1	0	18	0	0	-1	0	-1	0	0	0	-1	0	32	0	46	-1	32	0	0	9	0	-1	-1	-1
c10708	49	-1	-1	0	0	-1	-1	-1	0	-1	-1	0	43	-1	0	0	0	0	-1	0	0	0	1	0	0	0	43	-1	26	0
c10736	17	0	0	27	-1	0	-1	0	10	-1	0	-1	43	33	17	-1	0	-1	0	0	26	0	1	0	16	0	0	0	-1	-1
c10737	17	-1	0	27	0	0	47	0	-1	21	0	30	43	33	-1	0	0	-1	-1	-1	-1	0	1	46	16	-1	0	0	0	0
c10739	-1	-1	0	0	0	0	-1	0	-1	0	0	-1	43	-1	-1	-1	-1	-1	0	0	0	-1	0	-1	-1	0	0	3	-1	0
c10741	26	-1	0	0	10	37	14	27	0	49	0	-1	43	0	-1	0	0	0	0	-1	-1	26	0	0	0	0	0	0	0	34
c10747	31	17	0	0	0	-1	0	0	23	0	0	0	43	0	0	10	0	0	0	34	43	-1	1	0	-1	10	0	16	-1	0
c10754	0	-1	-1	0	0	0	47	33	43	-1	33	25	43	33	0	0	20	0	0	0	0	0	-1	0	0	-1	0	0	0	0
c10761	0	-1	0	0	0	-1	0	20	26	43	-1	-1	43	0	27	-1	0	0	-1	-1	-1	0	0	34	0	0	-1	0	0	0
c10767	0	0	37	16	43	14	0	0	-1	34	-1	10	43	0	0	0	0	-1	0	-1	0	-1	0	26	-1	-1	10	0	0	-1
c10800	49	-1	0	-1	-1	27	46	0	0	-1	0	30	43	33	0	27	0	0	0	20	-1	0	-1	-1	0	0	0	0	0	0
c10803	-1	-1	-1	0	0	-1	0	27	0	-1	0	49	-1	20	38	18	0	-1	30	0	-1	-1	-1	0	0	0	-1	38	0	0
c10805	16	0	33	28	0	-1	23	-1	-1	-1	0	0	-1	-1	-1	0	0	0	0	0	1	0	-1	0	0	33	0	0	0	-1
c10827	0	-1	-1	20	0	0	-1	-1	0	0	0	0	43	-1	0	6	-1	0	50	0	-1	0	30	33	0	49	-1	0	0	34
c10840	-1	0	49	-1	-1	0	46	0	0	-1	0	0	43	33	0	0	0	10	0	17	43	-1	1	0	3	23	26	0	-1	-1
c10841	-1	0	49	-1	49	0	-1	0	0	21	0	0	43	33	0	0	0	-1	0	17	43	-1	1	-1	3	23	26	0	0	-1
c10879	0	-1	0	0	10	0	0	27	0	27	0	-1	43	-1	43	0	0	25	-1	50	-1	30	0	-1	0	0	0	-1	34	-1
c10897	0	0	0	0	0	46	25	47	0	0	27	-1	43	10	0	-1	-1	0	0	0	-1	26	-1	-1	0	33	-1	-1	-1	41
c10904	48	-1	0	34	0	-1	0	0	-1	0	0	25	43	0	32	0	0	-1	0	34	0	0	1	34	-1	0	0	0	0	-1
c10918	17	10	0	27	0	0	47	0	24	21	0	0	43	33	0	0	30	-1	0	38	-1	0	1	0	-1	8	-1	-1	-1	33
c10919	17	10	-1	27	0	0	47	-1	24	21	-1	0	43	33	0	0	-1	-1	0	38	-1	0	1	-1	0	8	0	0	33	33
c10927	0	0	0	0	0	0	0	12	0	0	0	-1	43	40	-1	-1	-1	30	0	0	-1	0	0	0	-1	0	0	3	0	33
c10930	49	-1	0	0	0	0	46	0	0	-1	0	0	43	33	0	0	-1	46	0	-1	-1	0	1	0	0	0	0	6	-1	0
c10936	16	0	33	28	-1	0	0	-1	0	-1	-1	0	43	0	27	-1	-1	-1	0	0	1	0	-1	0	20	0	0	0	0	-1
c10937	16	0	33	-1	0	0	0	-1	0	-1	-1	0	43	0	27	-1	-1	-1	0	0	1	0	0	-1	20	0	0	0	-1	0
c10947	0	-1	26	0	0	-1	-1	27	30	-1	-1	0	-1	1	0	-1	0	-1	0	-1	-1	0	0	0	49	28	27	0	0	34
c10973	0	-1	37	16	43	14	0	-1	0	34	0	10	43	0	0	0	10	-1	0	-1	0	-1	0	26	-1	9	10	0	0	-1
c10978	0	0	6	-1	0	38	14	12	20	0	12	40	43	49	-1	10	0	0	-1	34	0	0	-1	0	-1	10	0	0	0	0
c11023	0	0	0	27	0	0	-1	34	0	21	0	0	43	-1	-1	0	-1	0	38	0	0	0	1	0	0	0	0	0	0	0
c11025	-1	-1	0	-1	0	26	0	27	-1	0	0	0	43	-1	0	-1	0	0	0	15	-1	-1	0	0	-1	0	0	-1	30	34
c11039	0	0	0	0	0	-1	0	35	0	0	-1	-1	43	40	0	0	0	1	33	-1	-1	49	0	0	0	0	0	3	0	0
c11045	16	0	33	-1	0	0	0	27	-1	-1	0	0	43	20	0	0	0	-1	30	0	1	34	0	0	0	-1	-1	38	46	0
c11048	17	0	0	27	0	0	47	0	0	-1	0	26	43	33	0	0	0	-1	-1	-1	0	-1	1	0	0	37	0	0	0	-1
c11053	0	33	37	0	0	3	50	0	0	0	0	0	-1	0	0	0	0	-1	32	-1	-1	-1	0	0	0	9	0	0	0	0
c11054	0	0	37	0	0	37	0	-1	0	0	0	-1	43	5	0	-1	0	0	-1	0	46	-1	-1	0	0	9	0	-1	0	-1
c11072	0	-1	0	0	10	0	26	27	0	0	0	27	43	46	43	0	0	47	0	-1	-1	49	-1	26	1	0	-1	0	-1	-1
c11073	0	-1	0	0	10	0	26	27	0	0	0	27	43	46	43	0	0	47	0	-1	-1	-1	1	26	-1	0	0	0	-1	-1
c11079	0	-1	0	0	0	46	25	47	0	0	27	0	43	10	0	17	-1	0	0	-1	-1	0	0	38	0	0	46	-1	-1	0
c11110	-1	-1	0	0	-1	0	25	-1	0	0	27	0	0	0	21	0	0	-1	-1	0	0	-1	-1	-1	24	17	0	0	-1	10
c11135	0	6	0	0	1	-1	14	0	0	-1	12	-1	43	0	0	10	-1	-1	0	34	0	0	1	0	-1	10	0	0	-1	0
c11142	16	-1	-1	28	0	0	23	-1	-1	-1	27	-1	-1	-1	0	0	0	34	9	-1	-1	0	0	-1	0	33	0	0	-1	-1
c11182	16	0	33	28	0	0	23	-1	-1	-1	0	30	43	-1	-1	-1	0	-1	0	-1	1	0	0	0	46	-1	0	0	-1	-1
c11185	0	-1	26	-1	-1	0	17	27	0	0	-1	1	43	-1	-1	-1	43	0	10	32	-1	24	0	0	-1	0	-1	0	0	34
c11194	0	0	0	0	-1	46	25	47	0	0	-1	-1	-1	10	0	17	0	0	0	0	-1	0	0	38	0	0	0	-1	-1	0
c11228	0	-1	-1	0	0	0	1	27	0	0	25	0	43	-1	0	0	0	0	0	0	-1	0	-1	-1	49	0	-1	0	30	34
c11236	0	-1	0	0	0	0	17	27	0	0	0	0	43	21	-1	20	0	-1	10	0	-1	24	39	0	0	0	0	37	0	34
c11246	0	-1	37	17	-1	-1	0	18	-1	0	-1	0	43	0	0	0	0	0	32	0	46	-1	32	0	0	9	0	32	23	26
c11289	-1	-1	26	-1	-1	0	17	27	0	0	0	0	43	-1	0	20	43	0	10	0	-1	24	0	0	0	0	0	26	0	34
c11336	49	0	0	0	0	0	46	-1	46	21	32	12	43	33	0	-1	0	0	0	0	0	0	-1	-1	-1	16	26	0	0	30
c11341	-1	10	0	27	0	0	47	0	24	21	0	0	43	33	0	0	30	-1	0	38	-1	0	1	0	0	8	0	0	33	33
c11381	0	0	0	0	-1	0	-1	0	-1	43	0	0	-1	0	-1	0	0	0	0	27	-1	1	0	0	-1	0	0	0	0	0
c11408	0	0	37	14	-1	-1	47	34	-1	21	33	0	-1	33	0	-1	20	0	27	0	0	-1	1	49	0	0	0	0	0	-1
c11416	0	9	9	0	0	0	25	0	-1	0	27	-1	-1	1	-1	23	0	0	4	-1	0	0	0	32	0	0	-1	0	0	0
c11421	0	0	0	0	-1	0	25	0	-1	-1	27	0	-1	0	0	-1	0	-1	-1	0	0	-1	0	0	0	0	0	-1	0	0
c11427	-1	-1	16	0	-1	37	14	27	0	49	0	0	43	0	0	43	0	0	-1	-1	-1	26	0	0	0	0	0	-1	-1	34
c11444	0	-1	26	0	0	0	0	27	0	0	0	0	-1	-1	38	0	23	49	0	0	-1	0	0	-1	49	0	27	0	-1	34
c11445	0	-1	-1	0	0	0	0	27	0	0	-1	0	43	0	38	0	47	49	-1	0	-1	0	0	0	49	0	27	0	-1	-1
c11450	49	-1	-1	0	0	0	46	-1	0	21	1	0	43	33	-1	0	0	12	27	0	0	0	1	0	-1	0	-1	0	26	0
c11452	16	25	33	33	0	0	0	27	0	-1	0	0	-1	-1	38	-1	0	-1	30	0	-1	-1	-1	0	0	0	-1	-1	-1	0
c11480	0	-1	0	34	0	0	25	-1	-1	0	27	-1	-1	1	0	-1	26	0	0	0	0	0	0	32	-1	0	0	0	0	0
c11500	16	0	33	20	23	0	26	27	0	0	0	8	43	0	0	0	-1	0	0	0	1	0	48	0	0	0	0	41	-1	0
c11518	-1	-1	38	-1	0	0	41	0	-1	-1	-1	-1	-1	-1	0	-1	23	0	49	-1	-1	0	0	0	0	0	23	3	0	-1
c11547	16	0	-1	28	0	-1	23	-1	27	-1	0	0	-1	-1	46	0	0	0	0	0	-1	0	0	0	34	33	-1	0	49	0
c11550	16	-1	33	28	-1	0	41	-1	0	-1	0	0	43	-1	33	-1	-1	-1	0	0	1	0	-1	0	20	-1	0	0	0	0
c11555	16	0	33	28	0	0	-1	-1	-1	-1	0	1	43	-1	-1	0	-1	0	27	-1	1	0	0	-1	0	33	0	41	-1	-1
c11586	-1	-1	0	-1	0	38	0	0	-1	0	12	0	43	-1	0	10	0	0	-1	-1	0	47	1	-1	-1	10	0	0	0	-1
c11593	49	0	-1	0	10	0	46	0	0	21	0	0	43	-1	-1	-1	0	-1	0	0	43	0	1	0	0	0	26	25	34	12
c11597	0	-1	0	0	0	0	41	0	0	17	0	-1	43	-1	0	28	0	-1	-1	0	0	0	0	1	0	0	0	-1	-1	0
c11650	0	0	0	0	0	6	26	43	-1	0	-1	0	43	-1	23	0	14	38	0	-1	-1	0	37	-1	10	-1	-1	43	0	0
c11660	49	-1	-1	0	0	0	46	0	0	21	0	0	43	33	21	0	0	0	0	12	0	41	1	0	0	23	-1	0	-1	0
c11663	49	0	-1	0	0	1	46	-1	-1	21	33	-1	43	33	-1	0	0	-1	49	0	0	0	1	0	0	0	0	0	0	0
c11667	-1	-1	0	0	0	26	0	27	41	-1	0	-1	43	20	-1	0	-1	-1	0	15	-1	0	0	0	0	0	-1	-1	30	34
c11676	0	33	0	0	0	-1	15	0	27	43	0	0	43	12	15	0	-1	0	0	33	-1	0	0	25	0	43	-1	0	0	0
c11697	0	0	37	14	0	0	47	34	-1	21	-1	0	43	33	0	33	-1	0	0	0	0	0	1	49	0	0	38	0	0	37
c11698	4	34	0	0	26	0	0	27	0	15	26	-1	43	0	0	-1	-1	26	27	-1	-1	0	43	0	-1	-1	0	0	-1	34
c11699	4	34	-1	0	26	0	0	27	0	15	26	-1	43	0	0	-1	8	-1	-1	0	-1	0	43	0	0	0	0	0	0	34
c11745	49	0	0	0	26	0	-1	0	0	-1	0	0	43	-1	0	0	0	0	14	0	43	0	1	0	0	0	0	0	16	0
c11748	49	34	26	0	-1	0	46	27	0	21	1	-1	43	-1	0	0	0	0	27	0	0	27	1	0	0	-1	43	34	0	-1
c11751	0	-1	0	0	-1	0	0	-1	0	0	0	-1	-1	0	16	0	0	-1	0	0	-1	0	0	0	0	0	11	0	-1	34
c11772	0	-1	23	0	26	6	0	0	0	0	-1	-1	43	0	-1	-1	14	0	-1	0	17	-1	0	0	-1	0	47	0	-1	0
c11815	10	0	25	-1	0	1	-1	47	0	0	27	0	-1	-1	-1	-1	-1	0	0	23	0	0	-1	-1	-1	-1	0	-1	-1	0
c11840	-1	0	0	0	-1	27	47	0	0	-1	0	27	43	33	5	25	-1	0	-1	0	0	38	1	0	0	0	34	0	0	-1
c11846	0	-1	5	0	49	27	0	26	0	0	0	0	43	0	-1	0	-1	25	0	9	1	50	12	-1	0	15	0	0	0	-1
c11847	0	0	5	0	49	27	0	26	-1	0	0	0	43	0	0	-1	0	25	-1	-1	1	50	-1	0	0	15	-1	0	0	3
c11857	16	0	33	-1	-1	26	0	27	41	0	-1	0	43	20	38	18	38	-1	30	5	-1	0	0	0	0	0	-1	38	0	0
c11861	16	0	33	28	0	0	23	-1	-1	-1	0	0	43	-1	-1	0	0	-1	0	0	1	0	0	-1	0	33	0	0	0	-1
c11886	27	-1	-1	0	0	16	-1	27	0	47	0	10	-1	18	0	20	0	46	10	-1	-1	-1	23	0	34	0	0	0	0	34
c11890	-1	0	0	0	0	0	46	0	10	-1	0	0	-1	33	0	-1	0	46	0	0	0	0	1	0	-1	0	0	0	0	0
c11891	49	0	0	0	-1	0	46	0	10	-1	0	0	-1	33	0	0	0	-1	0	-1	-1	0	1	-1	0	0	0	-1	0	0
c11896	0	-1	-1	-1	10	0	0	27	0	43	23	0	-1	38	27	0	-1	25	0	0	-1	0	0	0	0	0	16	0	0	34
c11906	-1	0	33	28	0	37	0	-1	0	-1	0	0	43	0	0	-1	-1	-1	0	0	1	-1	0	0	20	0	0	0	0	0
c11951	31	-1	0	0	-1	38	0	-1	0	0	-1	0	-1	0	0	10	0	0	0	34	-1	-1	1	0	-1	10	0	0	0	0
c11958	16	-1	-1	-1	10	37	14	27	0	49	-1	0	-1	-1	-1	0	0	0	0	0	-1	-1	0	0	0	-1	0	0	-1	34
c11961	34	-1	33	0	0	-1	49	-1	0	0	-1	0	43	0	0	10	0	0	16	0	-1	0	-1	0	0	0	0	-1	-1	34
c11963	0	-1	0	46	10	-1	14	27	0	49	0	0	43	-1	0	43	0	0	0	-1	-1	-1	0	0	0	10	-1	26	-1	34
c11974	-1	-1	-1	28	0	0	23	-1	27	-1	-1	0	43	-1	0	0	-1	0	-1	0	1	0	46	0	34	-1	0	0	0	0
c12010	49	34	0	0	0	0	46	0	-1	-1	1	0	43	-1	0	0	-1	0	43	0	30	0	-1	0	0	0	43	0	0	0
c12022	0	-1	0	0	0	0	17	27	-1	0	0	0	43	0	0	20	43	19	10	0	-1	-1	41	0	0	0	-1	0	25	-1
c12031	0	0	0	27	0	-1	47	-1	49	21	0	0	43	33	20	0	0	0	-1	0	-1	-1	1	0	0	0	28	0	49	0
c12042	31	17	0	38	-1	38	0	-1	23	-1	0	0	-1	0	-1	10	0	0	0	34	43	-1	-1	-1	-1	10	0	-1	0	-1
c12062	30	0	0	0	16	-1	47	0	-1	21	0	0	43	33	5	25	0	0	33	0	0	38	-1	0	0	0	46	9	0	11
c12071	16	0	33	0	0	0	0	27	-1	-1	0	0	43	20	0	0	0	-1	30	0	-1	-1	0	0	14	-1	-1	38	46	0
c12074	0	-1	-1	-1	0	-1	0	18	0	0	-1	-1	43	0	0	3	2	0	32	0	46	-1	32	0	0	9	0	32	23	26
c12079	43	0	0	0	0	-1	0	0	-1	44	-1	0	43	31	0	-1	0	0	0	0	0	-1	0	0	-1	0	0	-1	0	0
c12081	4	-1	0	0	46	-1	0	-1	-1	0	26	-1	43	-1	0	0	47	0	27	0	-1	-1	43	0	-1	-1	8	-1	0	34
c12084	0	-1	0	0	0	-1	0	27	-1	0	0	0	43	-1	0	0	27	0	-1	0	-1	0	0	0	0	0	0	0	0	34
c12097	0	9	9	0	-1	0	-1	0	0	0	27	0	-1	1	-1	23	0	1	-1	-1	0	0	0	32	43	-1	-1	0	0	-1
c12103	4	34	0	0	0	0	0	27	0	0	26	-1	43	0	0	0	0	-1	27	49	-1	1	43	0	0	-1	0	-1	0	34
c12140	-1	-1	-1	0	0	0	17	-1	0	0	-1	0	43	0	-1	20	43	34	10	0	-1	24	0	0	0	0	0	0	25	34
c12148	49	0	0	0	0	11	46	0	0	21	0	-1	43	33	34	0	0	-1	0	0	0	-1	1	9	0	-1	0	0	0	0
c12181	21	-1	0	0	10	0	-1	-1	27	0	0	-1	43	0	0	0	0	0	0	0	-1	-1	0	43	0	20	0	0	0	34
c12212	31	0	0	0	-1	38	0	0	0	0	-1	0	43	0	0	10	0	47	0	34	-1	0	1	0	-1	10	0	0	0	0
c12234	0	-1	37	17	0	-1	0	18	27	0	0	-1	-1	-1	0	0	-1	0	-1	-1	46	-1	32	-1	0	9	0	32	23	26
c12237	-1	-1	0	0	0	0	-1	27	0	0	0	0	43	0	0	0	0	0	0	0	-1	0	-1	-1	0	0	0	0	30	-1
c12240	4	-1	0	0	0	-1	0	27	0	15	26	-1	43	0	0	0	8	-1	27	0	-1	0	43	0	-1	-1	0	0	-1	34
c12262	-1	-1	0	0	34	0	0	27	0	0	-1	47	-1	0	26	0	-1	0	0	0	-1	-1	0	0	37	-1	0	0	0	34
c12263	-1	-1	-1	-1	34	0	0	27	0	0	-1	47	43	0	26	0	-1	0	0	0	-1	-1	0	0	37	0	0	0	-1	34
c12276	37	-1	0	27	10	-1	-1	-1	43	0	49	-1	43	0	34	0	0	0	12	0	-1	0	0	-1	0	28	0	0	-1	-1
c12299	17	0	0	27	34	0	47	47	-1	21	38	0	43	-1	-1	0	-1	-1	0	0	0	0	-1	-1	0	0	33	0	0	0
c12324	0	-1	-1	0	10	-1	-1	27	23	0	0	0	43	-1	0	5	0	0	0	0	-1	-1	0	0	0	0	0	0	-1	34
c12338	0	-1	26	0	0	0	0	-1	-1	0	3	33	43	1	0	-1	0	49	0	0	-1	-1	0	-1	-1	28	27	-1	0	34
c12347	0	-1	26	0	4	-1	0	27	0	0	-1	0	43	0	-1	0	9	49	-1	0	-1	-1	0	0	49	0	-1	43	8	34
c12353	49	-1	0	0	0	0	46	0	0	21	0	0	-1	-1	0	0	0	-1	0	0	0	0	1	0	-1	0	26	0	10	0
c12376	9	-1	-1	0	0	0	25	-1	-1	0	27	0	0	0	21	-1	0	-1	12	0	0	-1	0	0	0	17	0	0	-1	10
c12379	0	50	-1	0	-1	38	0	0	0	-1	31	0	-1	12	10	0	0	-1	-1	34	0	0	1	49	-1	0	0	0	0	33
c12394	0	0	-1	34	0	0	-1	6	43	0	27	0	-1	1	-1	23	26	0	0	0	-1	-1	0	32	0	0	40	49	0	0
c12396	49	-1	0	49	0	49	46	-1	-1	21	0	0	43	33	34	10	0	0	0	-1	0	0	1	-1	-1	0	0	0	0	-1
c12404	-1	0	0	0	26	-1	0	0	0	0	-1	-1	43	0	0	0	14	0	-1	0	17	-1	0	0	0	-1	0	-1	-1	0
c12419	0	21	0	17	0	49	25	0	-1	0	27	0	11	-1	0	1	33	0	12	43	0	-1	0	0	0	-1	0	0	0	0
c12436	30	0	0	0	-1	27	41	0	0	0	6	-1	43	-1	0	-1	0	-1	0	-1	0	-1	0	0	0	0	-1	3	0	0
c12444	21	-1	0	0	10	-1	-1	27	27	0	0	0	43	0	0	0	0	0	0	0	-1	0	0	0	0	-1	0	0	0	-1
c12445	21	-1	0	0	10	-1	0	-1	27	0	0	0	43	0	0	0	0	0	0	0	-1	0	-1	0	0	0	0	0	-1	34
c12463	-1	0	33	-1	26	43	23	-1	16	28	0	0	43	20	23	0	0	0	30	0	-1	0	0	1	-1	-1	0	34	0	-1
c12486	0	-1	0	-1	10	-1	14	27	0	49	0	0	43	0	8	-1	-1	0	-1	0	-1	26	0	-1	-1	0	0	0	33	34
c12492	-1	0	33	25	0	0	27	27	41	0	0	0	43	20	38	-1	0	-1	-1	27	1	0	0	0	0	0	-1	38	0	0
c12550	49	0	0	0	0	25	-1	0	-1	43	0	0	-1	0	-1	-1	-1	0	0	27	-1	-1	25	-1	9	0	0	-1	0	0
c12567	0	0	37	0	-1	0	0	18	0	0	0	0	43	0	-1	0	0	0	32	-1	46	-1	-1	0	23	9	0	0	0	26
c12595	0	0	26	27	0	0	47	0	0	21	0	11	43	33	0	0	0	25	33	0	-1	-1	-1	0	0	0	0	0	0	0
c12596	0	1	-1	-1	0	-1	-1	18	26	0	0	0	43	0	0	43	-1	0	32	43	46	-1	32	-1	-1	9	0	32	23	26
c12606	0	0	0	0	0	0	25	0	-1	0	27	33	-1	1	-1	23	26	0	0	-1	0	43	-1	32	-1	0	26	0	43	0
c12610	0	0	-1	0	0	38	0	0	25	44	25	0	43	0	-1	0	0	-1	-1	49	4	0	41	0	-1	0	0	-1	0	0
c12612	0	0	-1	41	0	0	25	26	12	0	0	0	43	0	0	0	0	25	0	0	1	-1	12	0	25	15	0	0	-1	-1
c12614	-1	34	0	0	0	0	1	27	0	-1	-1	-1	-1	0	0	0	0	27	27	0	-1	0	-1	0	-1	0	0	26	0	34
c12615	-1	34	-1	0	0	0	1	27	0	0	26	-1	-1	0	0	0	-1	-1	-1	-1	-1	-1	43	0	0	0	0	26	0	34
c12623	-1	34	-1	0	-1	0	9	27	0	-1	0	0	43	0	0	10	20	0	0	0	-1	0	43	0	0	0	0	24	0	34
c12626	17	0	27	27	-1	-1	47	0	33	21	32	0	43	33	46	0	0	16	0	0	0	0	-1	0	0	-1	49	0	0	-1
c12665	25	-1	0	-1	10	0	0	27	0	43	0	0	43	0	0	0	-1	25	-1	43	-1	-1	0	0	0	0	-1	0	0	34
c12676	-1	33	-1	0	0	49	0	0	0	28	0	0	43	0	10	-1	-1	0	0	0	-1	-1	0	0	0	-1	0	0	16	33
c12686	0	0	-1	41	0	0	25	26	0	0	0	0	43	0	0	0	0	25	0	0	1	50	12	0	0	15	26	38	0	27
c12690	4	33	-1	50	0	0	-1	0	-1	-1	0	10	43	0	0	0	0	0	0	23	0	-1	0	0	0	0	0	0	16	33
c12693	0	0	5	-1	0	0	0	26	0	-1	0	0	43	0	-1	-1	-1	25	0	9	1	-1	12	0	-1	15	0	0	0	0
c12732	-1	0	33	20	23	10	-1	27	-1	0	0	8	43	0	0	0	0	0	0	-1	1	0	0	0	0	0	0	41	27	-1
c12736	0	-1	-1	0	0	27	0	-1	0	0	0	33	43	-1	0	-1	-1	49	0	0	-1	38	0	0	49	0	27	-1	0	-1
c12737	0	-1	26	0	0	-1	0	-1	-1	0	-1	33	-1	0	0	0	0	49	0	0	-1	38	0	0	49	0	27	43	0	34
c12753	33	-1	0	0	0	1	-1	-1	18	0	27	0	-1	-1	-1	25	0	46	0	0	0	0	0	-1	0	0	0	-1	-1	-1
c12762	-1	-1	26	0	37	0	0	27	0	0	43	0	43	0	16	0	0	49	0	38	-1	0	0	0	49	0	27	-1	0	34
c12763	-1	-1	-1	0	37	-1	0	27	0	0	43	-1	43	0	16	-1	0	49	0	38	-1	-1	0	0	49	0	27	0	0	34
c12770	49	34	0	-1	0	-1	46	0	-1	21	1	0	-1	-1	0	0	-1	0	-1	0	0	-1	1	0	0	0	43	0	-1	0
c12798	4	34	50	-1	-1	0	0	27	0	0	26	-1	43	0	0	0	-1	-1	-1	47	-1	-1	43	0	0	0	0	0	-1	34
c12799	4	34	50	0	0	0	0	27	-1	0	26	-1	43	0	0	-1	0	0	-1	47	-1	0	43	0	0	-1	0	0	0	34
c12801	0	0	26	27	0	0	47	0	0	21	0	11	-1	33	0	0	-1	25	33	-1	-1	0	1	0	-1	0	0	0	-1	23
c12813	49	0	-1	-1	0	0	46	-1	0	21	32	0	43	33	0	0	-1	25	-1	0	0	0	1	0	0	0	46	-1	-1	12
c12822	0	12	0	-1	-1	0	0	0	0	0	-1	-1	43	40	0	0	0	0	0	-1	10	49	0	0	0	47	0	3	0	1
c12832	16	0	33	-1	26	0	-1	27	0	28	0	25	43	-1	34	0	-1	0	30	-1	1	0	-1	1	0	26	0	0	-1	48
c12846	4	34	0	0	46	-1	0	-1	0	6	26	-1	43	0	6	-1	0	0	27	0	-1	0	43	0	0	-1	8	0	0	34
c12847	4	34	0	0	46	-1	0	27	0	6	26	-1	43	0	-1	-1	0	-1	27	0	-1	-1	-1	0	0	0	8	0	0	34
c12861	30	0	0	0	0	14	47	0	0	21	0	27	43	33	5	25	27	43	33	0	0	38	1	0	0	-1	0	0	0	11
c12862	-1	-1	0	-1	0	-1	3	27	0	47	3	0	43	-1	0	20	0	0	10	-1	-1	24	0	0	0	-1	0	0	0	34
c12863	0	-1	-1	-1	0	-1	3	27	0	-1	3	0	43	0	0	20	0	0	10	0	-1	24	0	0	0	-1	0	0	0	34
c12870	16	-1	-1	26	6	-1	25	47	0	0	-1	0	43	0	7	17	-1	0	17	23	27	49	23	38	0	0	0	-1	-1	0
c12878	34	34	33	0	0	0	0	27	0	0	0	0	43	0	0	-1	0	0	0	0	-1	35	43	0	0	-1	0	24	0	34
c12885	49	0	23	-1	0	0	46	-1	-1	21	0	0	-1	33	10	-1	0	10	10	0	-1	0	1	0	0	49	26	0	0	0
c12905	0	0	9	0	-1	0	25	30	-1	0	27	0	0	-1	30	23	0	0	4	-1	0	-1	-1	32	0	0	0	0	0	0
c12959	0	-1	-1	0	0	26	25	0	35	0	27	-1	0	33	-1	23	0	0	12	-1	10	24	0	38	0	0	0	30	0	0
c12978	0	0	0	0	-1	38	0	0	-1	44	25	0	43	18	-1	0	0	-1	0	0	1	-1	0	32	-1	-1	-1	0	0	-1
c12982	0	28	0	16	0	0	-1	10	0	0	0	-1	43	40	-1	0	-1	28	0	0	10	0	-1	0	0	0	0	3	-1	0
c12984	0	-1	26	0	1	0	0	27	-1	0	3	-1	-1	1	0	0	0	49	-1	-1	-1	0	0	0	49	28	27	-1	0	34
c12986	16	0	-1	-1	23	0	26	27	0	0	0	0	43	0	-1	0	43	5	0	-1	1	0	0	0	0	0	0	41	0	0
c12987	16	-1	-1	0	23	0	-1	27	0	0	0	0	43	0	0	0	43	5	0	37	1	0	0	-1	0	0	0	41	-1	0
c12991	-1	-1	-1	0	0	43	47	38	-1	-1	33	0	-1	-1	-1	0	-1	0	0	0	0	0	1	0	30	-1	0	0	17	0
c13015	0	-1	0	0	0	-1	0	0	27	-1	0	0	43	12	-1	33	-1	10	0	0	-1	0	26	-1	0	0	0	0	0	-1
c13020	49	-1	0	0	-1	1	-1	10	46	21	1	0	43	33	-1	0	0	0	-1	-1	0	38	-1	0	0	-1	-1	0	0	8
c13038	0	-1	0	0	10	-1	14	27	0	49	26	-1	43	0	0	-1	0	0	0	0	-1	26	0	0	0	0	-1	10	33	-1
c13039	0	-1	0	0	10	37	14	27	0	49	26	0	43	0	0	0	-1	0	0	0	-1	26	-1	0	0	-1	-1	10	-1	34
c13049	-1	-1	-1	-1	0	-1	0	-1	0	47	0	0	-1	25	34	20	-1	0	10	0	-1	24	0	0	-1	0	27	0	23	-1
c13059	16	0	33	28	0	0	23	-1	-1	-1	0	26	43	-1	-1	0	0	0	-1	-1	1	-1	0	0	0	33	-1	0	30	-1
c13066	16	0	-1	28	0	-1	0	-1	0	-1	26	0	43	47	25	-1	-1	9	0	0	1	0	27	-1	0	-1	0	8	0	0
c13080	49	-1	32	0	0	1	46	10	46	-1	1	0	43	-1	0	0	0	-1	0	0	0	38	-1	0	-1	-1	0	-1	0	-1
c13089	-1	50	0	0	33	38	17	-1	-1	27	0	0	-1	-1	10	0	0	-1	0	34	-1	0	1	49	-1	0	0	0	0	0
c13107	-1	-1	0	17	10	-1	0	27	0	0	15	0	43	-1	0	10	0	25	-1	0	-1	0	0	4	0	0	0	-1	43	-1
c13109	0	34	33	-1	0	0	46	27	10	0	26	-1	43	-1	0	25	0	-1	-1	-1	-1	-1	-1	0	-1	16	0	-1	25	34
c13110	-1	-1	37	50	0	0	0	18	0	-1	0	0	43	0	-1	5	49	0	32	-1	46	-1	0	0	0	9	-1	0	-1	26
c13111	0	0	37	-1	0	0	-1	18	0	0	0	-1	43	0	0	5	-1	0	32	0	-1	-1	0	0	-1	9	0	0	0	26
c13122	0	0	37	0	0	37	0	18	-1	0	0	0	43	5	-1	0	0	0	32	0	46	-1	-1	0	-1	9	0	0	0	26
c13130	0	-1	9	0	0	0	25	-1	0	0	-1	0	-1	-1	30	23	0	0	-1	-1	0	-1	0	32	0	0	0	30	0	-1
c13143	-1	0	12	0	4	40	-1	0	20	28	43	4	43	0	0	-1	-1	0	0	0	0	-1	0	0	0	0	0	40	0	-1
c13148	25	-1	34	0	0	0	0	-1	0	0	4	-1	-1	-1	6	-1	0	0	0	-1	0	0	0	0	0	0	0	3	-1	43
c13150	16	0	33	0	26	-1	0	27	0	-1	0	25	43	20	34	0	-1	-1	30	0	1	0	-1	1	0	26	0	0	0	-1
c13159	-1	26	33	0	-1	0	26	-1	0	-1	0	0	43	-1	0	0	-1	0	0	0	-1	0	0	33	-1	-1	28	41	0	16
c13161	0	34	49	0	38	0	34	-1	41	5	0	-1	43	0	0	0	14	26	12	0	-1	-1	-1	0	0	15	0	0	41	34
c13172	0	0	0	0	10	0	33	0	0	0	0	43	43	-1	0	0	14	0	0	47	0	0	20	40	0	1	-1	0	0	0
c13188	0	0	37	0	-1	0	-1	0	-1	0	0	-1	43	0	0	0	0	0	32	0	-1	-1	0	0	0	9	15	0	0	-1
c13211	49	4	0	0	0	0	46	0	0	-1	-1	0	-1	33	-1	0	0	46	0	0	0	-1	1	-1	0	-1	0	0	0	0
c13219	0	-1	-1	0	0	-1	0	27	0	0	0	-1	43	0	38	-1	0	49	0	0	-1	0	0	0	49	0	27	0	-1	34
c13260	49	0	0	0	26	0	46	0	0	21	-1	0	43	33	0	0	0	-1	-1	0	43	0	1	25	0	0	0	0	0	0
c13288	-1	-1	-1	-1	37	0	49	27	16	0	16	0	43	34	0	0	0	49	0	38	-1	10	0	0	-1	0	27	-1	0	34
c13289	-1	-1	26	23	-1	0	49	27	16	0	16	0	43	-1	0	-1	0	49	0	38	-1	10	0	0	49	0	27	0	0	-1
c13311	0	0	-1	-1	0	1	-1	47	35	0	-1	27	-1	0	-1	0	0	0	-1	0	0	0	0	-1	0	0	0	-1	-1	0
c13313	-1	43	0	0	1	0	0	20	-1	43	34	0	43	34	27	43	0	0	0	27	-1	0	0	34	-1	0	27	0	0	0
c13332	16	0	33	0	26	0	0	-1	0	28	-1	25	43	20	34	0	0	0	-1	0	1	0	-1	1	0	26	-1	-1	0	-1
c13354	0	-1	0	0	0	26	0	27	-1	0	-1	0	43	20	-1	0	0	0	-1	15	-1	43	0	0	0	0	0	0	-1	34
c13381	49	34	-1	41	0	0	46	0	0	21	1	0	43	33	0	0	0	0	27	0	-1	-1	1	0	-1	0	43	0	26	0
c13420	0	0	0	0	-1	38	-1	-1	0	0	12	0	43	-1	0	10	-1	0	0	-1	0	47	1	0	-1	-1	0	0	0	0
c13421	0	0	0	-1	0	38	0	0	0	0	12	0	-1	-1	-1	10	0	0	0	34	0	47	1	0	-1	10	0	0	0	0
c13435	16	0	33	28	0	0	6	-1	0	-1	26	0	43	47	25	0	-1	9	0	0	1	0	27	0	0	0	0	0	0	0
c13441	0	0	-1	41	0	0	-1	26	0	0	0	0	43	0	0	0	0	25	0	0	1	50	12	0	0	15	-1	0	-1	-1
c13470	-1	0	0	-1	0	46	25	-1	-1	0	27	1	43	10	12	17	12	-1	0	23	-1	0	0	-1	0	0	0	-1	-1	0
c13474	31	-1	0	0	0	38	0	0	0	0	0	0	43	0	0	10	0	12	-1	34	43	0	1	0	-1	10	0	0	0	0
c13475	31	0	0	-1	-1	38	0	0	0	21	0	0	43	0	0	10	0	12	0	34	43	0	1	0	-1	10	-1	0	0	0
c13483	0	-1	0	0	0	0	-1	27	0	0	-1	-1	43	0	0	20	0	-1	10	0	-1	-1	39	0	0	0	0	40	0	-1
c13496	-1	35	0	0	-1	0	25	0	26	0	27	33	-1	1	0	23	26	0	0	0	0	-1	0	32	16	27	0	0	43	0
c13504	-1	0	33	28	-1	0	23	-1	-1	-1	0	1	43	-1	-1	0	0	-1	0	0	1	0	0	0	10	33	0	0	0	-1
c13512	20	-1	26	0	0	0	17	27	0	0	0	25	43	-1	-1	-1	43	0	10	0	-1	24	0	0	0	-1	0	26	0	34
c13515	16	0	33	0	23	0	26	-1	-1	-1	0	0	43	0	0	0	43	0	-1	-1	1	12	0	0	0	0	0	41	0	-1
c13561	-1	0	33	28	0	0	-1	-1	-1	-1	0	0	43	-1	-1	0	0	-1	0	0	1	0	43	0	0	33	-1	0	0	-1
c13563	-1	34	34	6	-1	-1	0	-1	0	44	25	-1	43	31	0	0	-1	-1	-1	0	0	0	-1	0	-1	0	0	0	0	-1
c13566	16	0	33	-1	0	-1	0	27	-1	-1	-1	0	43	20	0	0	0	-1	30	-1	1	34	0	0	0	0	-1	-1	46	0
c13570	-1	-1	26	0	0	0	0	27	0	0	0	-1	43	0	38	-1	0	49	0	-1	-1	49	-1	0	49	-1	27	0	0	-1
c13571	0	-1	-1	-1	0	0	0	27	0	0	-1	0	43	0	38	0	-1	49	0	-1	-1	49	0	0	49	0	27	0	0	-1
c13584	0	0	10	33	0	0	25	-1	0	0	-1	25	43	0	-1	0	0	-1	23	-1	0	43	-1	-1	-1	0	0	0	0	-1
c13585	0	0	10	33	0	0	-1	0	0	0	27	-1	43	0	-1	0	0	-1	23	-1	0	43	30	-1	-1	0	0	-1	0	-1
c13587	0	0	0	26	0	1	-1	47	0	0	27	27	-1	-1	-1	10	0	-1	0	0	0	15	0	-1	0	0	0	-1	-1	0
c13597	34	34	0	0	-1	0	0	27	0	0	0	0	-1	0	-1	10	0	-1	0	0	-1	0	43	0	0	-1	0	24	0	-1
c13598	34	34	33	0	0	0	49	27	0	-1	-1	0	43	6	-1	-1	0	0	0	0	-1	0	43	0	0	0	-1	24	0	-1
c13600	0	-1	0	0	10	0	0	-1	0	32	0	-1	43	-1	46	0	-1	-1	0	-1	-1	34	0	0	0	0	11	0	0	-1
c13603	0	-1	-1	0	10	0	0	27	23	0	0	0	-1	0	-1	5	0	0	0	0	-1	-1	0	-1	0	0	-1	38	0	34
c13605	31	-1	-1	0	0	38	0	0	0	0	0	-1	-1	0	-1	-1	0	0	25	34	43	0	1	-1	-1	10	0	0	-1	0
c13630	49	0	-1	0	0	0	46	0	0	21	33	-1	43	33	0	41	0	0	0	0	0	-1	1	9	-1	0	0	40	0	-1
c13631	49	0	-1	-1	0	0	46	0	0	21	33	0	-1	-1	0	41	0	0	0	0	0	0	1	9	0	0	0	40	0	0
c13643	16	0	0	26	6	46	25	47	0	0	27	0	43	0	0	17	-1	0	-1	23	27	49	-1	38	-1	0	0	-1	-1	22
c13644	-1	-1	0	12	10	37	14	27	0	49	0	0	43	0	0	-1	0	0	38	0	-1	26	0	0	-1	0	0	0	0	34
c13655	-1	-1	-1	-1	6	46	25	47	0	0	27	0	43	0	7	17	-1	-1	17	-1	27	49	23	38	0	-1	0	-1	-1	0
c13666	0	28	0	0	0	0	47	0	43	21	33	0	43	33	-1	0	20	0	0	0	-1	0	-1	0	-1	0	0	0	0	0
c13673	0	-1	0	0	0	0	-1	27	0	0	0	0	43	0	-1	0	26	-1	0	-1	-1	0	-1	23	0	-1	0	48	-1	34
c13682	26	-1	0	0	10	37	14	27	0	49	-1	-1	43	0	0	0	0	0	0	-1	-1	26	0	-1	0	0	0	0	0	34
c13689	0	34	37	17	0	0	-1	-1	-1	0	0	0	-1	0	-1	0	0	-1	32	0	-1	-1	32	0	0	9	0	0	0	26
c13693	0	-1	0	-1	0	38	0	0	0	-1	0	25	43	0	32	0	0	38	0	34	-1	-1	1	34	-1	23	0	-1	-1	-1
c13711	0	0	30	0	0	38	0	-1	0	0	12	-1	43	-1	0	10	0	0	0	34	0	8	-1	0	-1	-1	46	-1	0	0
c13731	0	-1	0	0	10	0	0	27	-1	0	0	0	43	0	0	0	0	-1	0	0	-1	0	0	0	0	0	-1	39	0	34
c13732	0	43	-1	0	0	40	0	43	0	28	0	0	43	0	0	0	-1	0	0	0	0	-1	0	-1	0	0	0	-1	0	33
c13742	0	0	-1	27	-1	-1	47	0	34	21	0	0	-1	33	0	0	-1	-1	18	-1	-1	0	1	0	0	0	0	27	0	0
c13744	49	1	0	0	30	0	46	0	1	21	0	0	-1	33	-1	0	0	0	12	0	0	0	-1	-1	14	0	0	-1	0	-1
c13746	0	-1	0	0	10	-1	0	-1	0	0	0	0	43	0	0	-1	0	0	-1	0	-1	0	47	-1	0	-1	0	0	0	34
c13759	-1	0	33	0	0	0	0	27	0	0	0	0	43	20	15	-1	0	-1	30	0	1	0	31	0	-1	0	49	38	-1	0
c13767	16	0	33	28	27	0	41	-1	0	-1	0	0	-1	49	-1	-1	-1	-1	0	-1	1	0	-1	0	20	0	0	-1	-1	-1
c13770	38	0	-1	0	0	-1	-1	47	0	0	27	-1	-1	-1	-1	0	0	0	-1	-1	0	0	31	0	-1	-1	0	-1	-1	0
c13773	0	49	0	0	0	-1	12	0	0	0	0	32	43	0	0	10	0	0	0	34	0	0	1	0	-1	0	0	-1	-1	-1
c13780	34	0	0	-1	0	-1	47	0	43	21	33	-1	43	33	0	0	20	-1	0	-1	0	-1	1	0	0	0	0	0	0	0
c13795	0	-1	-1	-1	0	-1	-1	-1	0	-1	27	0	-1	0	-1	-1	0	-1	0	26	39	0	0	-1	0	0	49	-1	-1	0
c13804	43	-1	-1	0	0	38	0	0	0	44	-1	0	43	31	24	-1	0	-1	-1	0	0	0	0	0	-1	0	0	0	-1	0
c13806	0	0	10	-1	0	0	-1	-1	0	0	-1	25	43	0	-1	0	0	-1	23	-1	-1	-1	30	-1	-1	0	0	0	0	-1
c13814	0	34	-1	0	-1	17	0	-1	10	21	26	-1	43	0	0	0	0	0	27	0	-1	0	43	-1	0	0	0	0	-1	-1
c13815	-1	34	-1	0	0	17	-1	27	10	21	26	-1	43	0	0	0	-1	0	27	0	-1	0	43	0	0	0	0	0	-1	34
c13826	0	-1	0	0	10	0	14	27	26	49	0	-1	-1	0	0	0	0	0	0	0	-1	0	0	0	-1	-1	-1	0	0	-1
c13827	0	-1	0	0	-1	0	14	27	26	49	0	-1	43	-1	0	0	0	0	0	-1	-1	0	0	0	-1	0	0	0	0	34
c13838	0	-1	37	17	0	-1	-1	18	26	0	0	-1	43	0	0	43	-1	0	32	43	46	-1	32	0	0	9	0	-1	-1	26
c13839	0	1	37	-1	0	-1	0	18	26	0	0	0	-1	0	-1	43	0	-1	32	43	46	-1	32	0	0	9	0	32	23	26
c13852	-1	0	-1	28	0	-1	23	-1	27	-1	-1	0	43	-1	0	0	0	0	-1	-1	1	-1	49	0	0	33	0	-1	0	0
c13874	0	0	0	0	0	-1	0	0	0	43	0	0	43	12	-1	0	49	0	0	0	-1	0	-1	25	0	0	0	0	0	0
c13878	0	-1	0	0	10	0	14	27	26	49	0	-1	43	0	0	0	0	0	-1	0	-1	0	0	9	0	0	14	-1	-1	-1
c13884	27	-1	-1	0	10	0	0	27	-1	0	0	0	43	37	0	5	0	0	0	0	-1	-1	0	1	-1	0	0	0	0	34
c13888	34	34	-1	8	0	0	0	27	-1	0	0	0	-1	0	0	10	0	0	-1	0	-1	-1	43	0	0	0	-1	24	0	34
c13889	34	34	0	8	0	-1	0	27	0	0	0	-1	43	-1	0	10	0	-1	0	-1	-1	0	-1	0	0	0	0	24	0	34
c13931	0	-1	26	0	0	0	31	27	0	0	0	0	43	0	0	0	16	49	0	-1	-1	0	0	0	49	0	-1	0	0	-1
c13945	-1	10	23	0	26	46	25	47	34	0	27	0	43	-1	0	-1	27	33	43	-1	0	0	0	0	0	-1	0	-1	-1	27
c13946	0	33	10	-1	0	-1	25	0	0	-1	-1	25	-1	-1	-1	43	6	-1	23	-1	0	43	30	-1	-1	0	30	-1	0	-1
c13951	-1	-1	26	0	16	0	0	27	0	43	0	31	43	1	0	0	0	49	-1	0	-1	-1	0	0	49	0	-1	0	0	-1
c13956	-1	-1	6	0	-1	38	14	12	0	-1	-1	-1	43	0	0	10	43	0	0	34	-1	0	1	15	-1	10	-1	0	6	0
c13962	-1	34	0	0	0	0	0	27	0	0	-1	-1	43	0	-1	0	0	26	27	49	-1	1	-1	0	0	-1	-1	0	0	34
c13963	-1	34	0	0	0	0	0	27	0	0	26	-1	43	0	0	0	-1	26	27	49	-1	1	43	0	-1	0	0	0	0	-1
c13972	0	-1	-1	-1	10	37	14	27	46	-1	0	-1	43	-1	40	0	0	0	-1	0	-1	26	-1	-1	0	0	-1	0	0	34
c13979	16	0	0	26	32	46	25	47	0	0	-1	0	43	18	-1	17	28	0	0	0	0	49	23	38	0	0	0	-1	-1	1
c13990	21	-1	0	-1	10	10	0	27	0	0	0	0	-1	0	0	0	0	25	-1	-1	-1	0	0	26	-1	0	12	-1	-1	34
c13992	-1	0	0	-1	0	1	-1	47	-1	0	-1	-1	-1	-1	0	0	0	0	0	49	-1	0	0	21	0	6	0	-1	-1	-1
c14017	0	-1	26	0	1	-1	0	27	-1	0	3	-1	43	1	0	0	0	49	0	0	-1	0	0	0	49	28	27	-1	0	34
c14030	-1	0	-1	0	26	0	0	27	0	28	-1	25	43	20	34	43	0	-1	30	0	1	0	-1	1	-1	26	0	0	0	48
c14051	0	0	-1	0	0	1	-1	47	10	0	27	0	-1	23	0	-1	0	0	0	-1	0	-1	25	0	0	0	0	-1	-1	-1
c14059	-1	-1	0	0	0	40	26	-1	-1	28	0	0	43	17	0	0	0	43	-1	-1	18	-1	23	-1	27	0	0	-1	0	33
c14063	0	-1	0	-1	10	0	0	27	0	43	-1	0	-1	0	12	0	-1	25	-1	0	-1	0	0	0	0	0	-1	0	0	34
c14075	4	-1	0	50	-1	0	41	0	25	28	-1	-1	43	0	0	0	0	0	0	-1	0	-1	0	0	0	0	-1	0	16	33
c14085	-1	12	-1	49	0	1	-1	47	0	0	27	0	-1	0	-1	0	0	0	-1	27	47	-1	-1	10	0	0	-1	-1	-1	0
c14087	0	0	9	0	0	-1	25	49	0	0	27	0	4	1	30	-1	0	0	4	-1	0	0	0	-1	0	-1	-1	-1	-1	0
c14090	38	-1	-1	0	0	0	0	27	0	-1	0	-1	43	0	0	20	0	-1	-1	0	-1	24	0	-1	-1	0	1	-1	0	34
c14104	49	0	0	0	26	0	-1	-1	0	-1	38	0	43	-1	0	-1	0	0	0	-1	43	0	-1	-1	0	0	0	0	16	0
c14105	49	0	0	0	-1	0	-1	-1	0	21	38	0	-1	-1	-1	0	0	0	0	0	43	0	1	-1	0	-1	0	0	16	0
c14106	16	49	33	0	0	0	0	27	43	28	-1	26	43	20	0	23	0	0	30	0	1	0	-1	-1	41	26	0	-1	34	0
c14114	0	0	26	-1	0	37	0	27	-1	43	12	0	43	12	-1	0	49	0	0	0	-1	0	0	25	43	-1	-1	-1	0	0
c14121	0	33	37	0	0	0	-1	0	0	0	0	-1	43	0	0	0	0	0	32	0	46	-1	0	0	0	9	0	0	0	0
c14128	0	0	5	0	46	0	-1	26	1	0	0	0	43	0	43	0	0	25	0	38	-1	50	12	0	0	15	-1	-1	0	0
c14136	0	0	-1	-1	0	46	0	26	0	0	-1	-1	43	0	0	0	0	25	16	0	1	50	-1	0	0	15	0	0	0	27
c14150	8	0	0	-1	47	0	47	0	0	-1	0	0	43	-1	0	0	0	0	0	0	-1	0	1	-1	0	0	32	49	0	0
c14151	8	-1	0	27	47	0	-1	0	0	21	0	0	-1	33	0	0	0	0	0	0	0	0	1	0	0	-1	32	49	0	0
c14152	21	-1	0	0	10	45	0	27	0	26	0	0	-1	0	0	-1	0	0	0	0	-1	-1	0	0	-1	0	0	0	16	34
c14153	21	-1	0	0	10	45	0	-1	0	26	0	0	43	-1	-1	0	0	0	0	0	-1	-1	0	0	0	0	0	-1	0	34
c14174	-1	0	0	0	0	1	-1	47	0	0	27	0	-1	0	-1	0	0	0	49	17	39	1	0	0	0	0	49	-1	-1	0
c14175	0	0	0	0	0	1	-1	47	0	0	-1	-1	-1	0	-1	0	-1	0	-1	17	39	1	0	0	0	0	49	-1	-1	0
c14187	49	34	0	0	-1	49	46	-1	16	21	0	0	43	-1	34	10	0	0	0	0	-1	0	1	9	0	0	-1	-1	0	0
c14188	0	-1	26	0	0	-1	43	27	-1	0	-1	0	43	0	38	0	0	49	0	-1	-1	0	-1	43	49	-1	27	0	-1	34
c14193	0	0	5	41	0	0	0	26	-1	0	0	0	43	0	33	-1	0	25	0	0	1	50	12	0	0	15	-1	0	0	27
c14196	0	33	10	33	0	-1	25	-1	0	0	-1	25	43	0	-1	34	6	-1	23	-1	0	43	-1	-1	-1	-1	-1	0	-1	-1
c14197	-1	33	10	33	-1	0	25	0	0	-1	27	-1	43	0	-1	34	6	-1	-1	-1	0	43	30	-1	-1	40	-1	0	0	-1
c14198	-1	-1	26	0	0	-1	0	-1	0	18	0	0	43	-1	0	0	32	49	0	0	-1	-1	0	0	49	0	27	-1	0	-1
c14248	0	-1	0	0	10	0	14	27	48	49	0	0	43	0	0	-1	0	0	0	0	-1	0	-1	0	-1	-1	0	-1	0	34
c14259	-1	0	0	0	15	0	25	0	26	0	27	-1	-1	1	0	23	-1	0	0	-1	0	0	0	-1	16	0	0	0	43	0
c14339	-1	-1	-1	0	21	46	25	47	0	0	-1	0	43	43	-1	17	-1	-1	0	0	0	0	10	38	46	30	0	-1	-1	0
c14352	21	-1	0	0	10	-1	0	27	27	0	0	0	43	34	0	0	0	0	-1	0	-1	0	0	0	-1	0	0	0	0	-1
c14353	21	-1	0	0	10	0	0	27	27	0	-1	0	43	-1	0	0	0	0	-1	0	-1	-1	0	0	0	0	-1	0	0	-1
c14364	0	50	0	0	33	38	0	0	0	-1	31	0	-1	-1	10	0	0	-1	0	-1	1	0	1	-1	-1	0	0	0	0	33
c14372	16	0	0	-1	0	-1	25	47	-1	34	-1	0	43	0	0	17	28	0	17	23	0	49	23	-1	-1	16	0	-1	-1	-1
c14405	16	49	0	26	6	46	25	47	0	30	27	0	43	0	0	-1	28	0	-1	-1	-1	49	-1	38	0	0	0	-1	-1	0
c14407	0	-1	26	0	0	0	-1	27	0	0	49	1	43	0	0	20	43	0	10	-1	-1	24	0	-1	-1	-1	0	0	0	34
c14413	49	34	-1	0	0	0	46	0	0	21	1	0	43	33	0	0	0	0	43	0	30	0	1	0	0	0	-1	0	0	0
c14420	-1	0	0	0	16	0	47	0	0	-1	-1	27	-1	-1	-1	25	27	0	33	0	0	38	1	-1	0	-1	0	-1	0	11
c14422	49	0	0	-1	-1	1	46	10	46	21	1	0	43	33	0	-1	-1	0	-1	23	0	38	-1	0	0	-1	0	0	0	0
c14425	0	0	0	0	0	-1	-1	-1	-1	-1	27	0	0	0	40	1	47	0	12	0	0	0	0	0	-1	43	0	0	0	0
c14428	0	34	-1	0	0	17	0	27	10	-1	26	-1	43	-1	0	0	0	0	27	0	-1	0	-1	0	0	0	0	0	-1	-1
c14429	0	34	-1	-1	0	17	0	27	10	21	26	-1	43	-1	0	0	-1	0	27	0	-1	0	43	0	0	-1	-1	0	-1	34
c14436	34	-1	0	-1	0	0	0	27	0	-1	0	0	-1	0	0	10	0	0	0	0	-1	0	43	0	-1	0	16	24	0	34
c14438	47	-1	0	-1	10	0	0	27	23	25	-1	26	43	0	-1	0	-1	0	0	-1	-1	-1	25	0	0	-1	0	0	-1	-1
c14443	16	0	-1	43	26	-1	33	27	0	28	0	0	43	-1	-1	0	14	0	30	0	1	0	0	1	49	26	0	0	-1	16
c14452	12	-1	0	-1	0	0	0	0	0	23	43	-1	43	40	10	0	0	0	0	0	0	26	-1	0	0	0	25	3	0	-1
c14454	0	-1	10	0	0	23	25	0	0	0	27	-1	0	-1	0	0	14	0	12	-1	0	-1	0	38	0	0	4	-1	35	0
c14457	49	0	0	0	0	25	-1	0	-1	43	0	0	-1	0	-1	0	0	0	37	27	-1	0	-1	27	0	0	0	0	0	0
c14476	0	0	0	33	0	-1	0	0	0	0	0	-1	-1	-1	0	0	0	-1	46	-1	-1	-1	1	34	-1	-1	-1	-1	0	0
c14484	-1	-1	0	-1	26	0	46	0	15	21	-1	-1	43	33	-1	0	0	-1	0	0	43	0	1	0	15	0	-1	0	0	0
c14485	49	-1	0	0	26	-1	46	0	15	-1	-1	-1	43	33	0	0	0	0	0	0	43	0	1	0	15	0	0	0	0	-1
c14514	-1	0	0	0	0	1	-1	-1	0	0	-1	-1	-1	-1	0	0	0	46	34	0	23	0	-1	-1	0	0	0	-1	-1	-1
c14524	0	49	0	0	0	1	-1	-1	0	0	27	0	-1	0	0	-1	42	-1	0	-1	0	-1	0	0	0	-1	38	-1	-1	23
c14537	16	27	-1	26	0	46	25	-1	-1	-1	27	0	-1	10	-1	17	0	-1	25	34	27	49	23	-1	0	0	-1	-1	-1	37
c14547	-1	0	33	28	0	21	-1	-1	27	-1	0	0	43	-1	0	-1	0	-1	0	0	1	0	-1	-1	0	33	0	0	0	0
c14555	49	0	0	0	0	0	46	41	0	21	0	0	43	-1	21	0	0	0	0	12	0	41	1	0	0	23	-1	0	-1	0
c14568	0	-1	-1	0	10	0	0	27	23	0	0	0	-1	0	0	5	-1	0	0	0	-1	10	0	0	0	0	0	38	0	34
c14571	0	0	-1	-1	0	0	0	-1	0	28	-1	0	43	0	-1	-1	0	25	-1	9	1	-1	12	0	-1	15	-1	0	-1	0
c14575	0	-1	-1	0	0	0	50	0	0	34	-1	0	43	-1	0	0	0	-1	-1	0	46	-1	-1	0	-1	-1	0	0	0	0
c14577	16	0	33	0	0	0	0	-1	0	28	0	0	43	-1	0	0	25	26	30	0	-1	-1	24	17	41	26	0	0	0	0
c14580	16	0	33	0	26	-1	0	27	0	28	0	25	43	20	-1	0	0	0	-1	0	1	0	-1	1	41	-1	-1	0	0	48
c14585	-1	-1	10	0	0	0	25	0	0	20	27	0	49	0	-1	0	14	-1	12	0	-1	0	0	0	0	-1	0	0	0	34
c14593	0	34	33	34	-1	33	-1	27	-1	0	26	-1	43	25	0	0	0	0	27	0	-1	0	43	0	-1	16	0	0	0	34
c14606	-1	0	0	0	0	0	25	49	-1	0	27	-1	-1	0	-1	-1	47	0	-1	0	0	26	-1	0	-1	-1	0	0	0	25
c14613	49	-1	0	0	0	1	46	10	46	21	-1	-1	43	-1	0	0	-1	0	0	-1	0	-1	-1	-1	0	-1	0	-1	0	8
c14625	-1	-1	0	0	-1	-1	0	-1	-1	0	-1	23	43	12	50	1	-1	15	-1	-1	0	0	-1	-1	0	0	-1	0	0	0
c14628	-1	34	0	0	-1	-1	0	-1	0	0	-1	-1	43	0	9	0	-1	-1	27	-1	-1	0	43	8	-1	0	8	-1	-1	34
c14629	4	34	0	-1	46	-1	0	27	0	0	26	-1	-1	0	-1	-1	0	0	27	0	-1	0	43	-1	-1	0	8	0	0	34
c14631	4	34	0	-1	46	-1	0	27	-1	6	26	-1	43	0	6	0	0	0	-1	0	-1	0	-1	0	0	23	8	0	0	34
c14634	0	0	0	0	33	0	0	0	0	-1	0	0	43	0	0	6	14	-1	0	0	49	-1	-1	40	0	0	0	0	0	-1
c14652	-1	-1	-1	43	-1	0	0	27	0	0	0	-1	43	0	-1	0	0	-1	-1	5	-1	0	5	35	0	27	29	0	0	-1
c14653	-1	-1	0	0	10	0	0	27	0	0	0	25	43	-1	0	0	-1	-1	0	5	-1	0	5	-1	0	27	29	0	0	-1
c14674	0	-1	0	12	10	37	14	27	-1	49	0	0	43	0	0	0	-1	-1	0	0	-1	26	0	0	23	0	0	32	0	34
c14677	16	-1	33	28	0	0	41	-1	0	-1	0	-1	-1	49	33	-1	-1	-1	0	0	1	0	0	0	-1	0	-1	0	24	0
c14682	0	-1	37	17	0	0	0	-1	0	0	0	0	-1	0	0	0	0	-1	32	15	-1	-1	32	0	0	9	0	0	0	-1
c14683	0	-1	37	-1	-1	0	-1	-1	0	-1	0	0	-1	0	0	-1	0	0	32	15	46	-1	32	0	-1	9	-1	0	0	26
c14696	-1	-1	0	-1	-1	10	0	27	38	-1	0	0	-1	0	0	0	0	0	0	-1	-1	0	0	49	0	46	0	-1	0	34
c14700	0	-1	26	0	1	0	0	27	0	0	3	33	-1	1	0	0	49	49	0	0	-1	0	0	0	-1	28	-1	-1	0	34
c14708	0	0	0	0	4	1	-1	47	0	17	27	43	-1	0	-1	-1	-1	-1	-1	3	-1	10	32	0	12	-1	0	-1	-1	0
c14712	0	0	-1	0	0	-1	25	47	0	-1	-1	-1	43	0	0	17	14	-1	34	0	0	-1	0	38	-1	0	27	-1	-1	10
c14731	16	0	0	-1	10	46	25	47	0	0	27	-1	43	0	-1	-1	28	0	0	0	-1	49	23	38	0	-1	0	-1	-1	0
c14732	0	0	0	0	0	0	-1	0	0	43	0	0	43	0	-1	0	0	34	-1	27	-1	0	0	43	0	-1	0	-1	-1	0
c14738	-1	49	0	0	0	-1	12	-1	0	0	0	32	-1	0	27	10	-1	0	0	34	0	0	1	0	-1	0	0	10	-1	34
c14746	30	-1	0	-1	0	0	-1	-1	49	21	37	24	43	33	0	25	0	26	33	0	0	-1	-1	0	0	25	1	0	0	0
c14749	-1	-1	-1	0	-1	-1	-1	0	0	0	-1	-1	43	-1	-1	10	-1	0	0	-1	-1	0	1	0	-1	10	-1	0	0	0
c14765	0	43	0	34	0	0	0	-1	26	43	34	0	43	0	27	43	0	0	0	-1	-1	0	-1	34	-1	0	-1	-1	0	0
c14779	0	0	0	0	0	-1	-1	47	43	0	27	12	-1	0	27	0	0	1	0	49	26	0	0	0	0	6	-1	-1	-1	0
c14817	-1	-1	-1	26	0	46	25	47	0	-1	-1	0	43	10	0	-1	0	16	25	-1	27	49	23	-1	0	0	-1	-1	-1	37
c14832	0	-1	0	0	-1	0	25	-1	-1	-1	27	1	-1	0	-1	0	-1	0	12	0	-1	0	0	-1	-1	0	-1	0	-1	0
c14835	0	0	37	17	-1	-1	0	-1	0	0	-1	0	43	0	0	0	0	-1	32	0	-1	-1	32	-1	0	9	0	32	23	26
c14845	49	34	-1	48	0	0	46	0	18	21	1	0	43	33	0	0	-1	-1	27	0	0	0	1	0	0	-1	43	0	26	0
c14854	-1	-1	0	0	0	1	-1	-1	18	43	27	0	-1	25	-1	25	0	46	-1	26	0	-1	0	-1	0	0	0	-1	-1	0
c14856	0	-1	43	0	-1	0	28	27	8	26	23	25	43	0	0	-1	0	-1	0	5	-1	-1	28	0	-1	0	29	0	45	-1
c14898	16	0	33	0	-1	0	0	27	0	28	0	0	43	20	0	0	0	0	30	0	1	0	-1	1	32	-1	0	41	-1	27
c14910	0	0	-1	0	0	-1	0	-1	0	0	0	0	43	0	0	0	0	25	0	9	1	50	12	-1	25	15	37	0	0	0
c14932	0	-1	26	-1	0	0	0	27	-1	0	0	0	43	-1	38	0	0	49	0	0	-1	34	0	0	49	0	27	0	-1	-1
c14937	49	4	0	-1	-1	0	-1	0	0	-1	0	-1	43	33	0	0	-1	46	0	-1	0	0	1	0	0	-1	0	-1	0	0
c14947	37	0	37	0	0	26	5	-1	10	-1	1	0	43	0	0	0	0	0	32	0	46	-1	0	0	0	9	0	36	0	6
c14968	16	-1	33	28	0	0	23	-1	-1	-1	0	0	-1	-1	-1	0	0	0	0	0	-1	0	-1	-1	0	33	0	0	0	-1
c14969	16	0	33	28	0	0	23	-1	-1	-1	0	0	-1	-1	0	0	0	0	0	0	-1	0	0	0	0	-1	0	-1	0	-1
c14971	16	0	33	0	0	0	0	27	-1	-1	0	0	43	20	0	0	0	-1	30	0	-1	34	-1	0	14	-1	-1	-1	-1	0
c14979	30	0	0	25	20	-1	-1	0	0	21	-1	27	43	33	5	25	27	0	33	6	0	38	-1	0	0	0	0	0	0	11
c14982	21	-1	0	12	10	-1	3	27	27	0	0	-1	-1	34	0	0	-1	-1	0	0	-1	0	0	0	0	9	-1	0	0	-1
c14983	-1	-1	0	0	10	-1	3	27	27	0	0	0	-1	34	0	0	0	-1	0	0	-1	0	0	0	0	9	-1	0	0	-1
c14987	0	0	5	-1	-1	0	-1	26	1	0	0	-1	43	0	-1	-1	0	25	0	38	-1	50	12	-1	0	15	-1	0	0	0
c15014	0	0	5	31	0	0	0	-1	0	0	0	-1	43	0	-1	0	0	-1	0	9	-1	50	12	0	0	15	0	0	-1	-1
c15025	-1	-1	0	0	10	0	0	27	27	0	0	0	-1	0	0	0	0	-1	0	0	-1	0	-1	43	0	0	0	0	0	-1
c15029	0	-1	0	-1	-1	0	0	-1	-1	0	0	-1	43	-1	-1	0	0	0	0	-1	-1	34	0	0	-1	0	11	0	0	34
c15036	0	6	0	-1	0	38	14	-1	-1	23	-1	0	43	0	0	10	0	0	-1	34	0	0	1	0	-1	-1	-1	0	0	0
c15051	-1	-1	0	-1	10	0	14	27	26	49	-1	-1	43	41	0	0	0	-1	0	0	-1	-1	0	33	0	0	11	0	0	34
c15059	-1	-1	0	-1	10	37	14	27	0	-1	0	0	43	0	0	0	0	0	-1	20	-1	26	0	0	0	-1	-1	49	-1	34
c15060	0	12	0	49	0	1	-1	47	-1	0	-1	0	-1	0	26	0	25	-1	15	27	47	23	0	10	0	0	-1	-1	-1	0
c15072	0	-1	37	0	0	0	47	-1	-1	-1	-1	0	43	-1	0	33	-1	0	0	0	0	0	1	0	-1	49	0	0	0	37
c15073	-1	-1	37	0	-1	0	47	34	-1	21	33	0	43	33	-1	33	20	0	0	0	0	-1	-1	0	0	49	-1	0	0	37
c15088	0	-1	0	0	10	37	14	27	0	49	16	-1	43	-1	0	-1	0	0	0	-1	-1	26	0	0	0	0	0	0	0	34
c15089	0	-1	10	0	10	37	14	-1	0	49	16	-1	43	0	0	0	0	0	0	0	-1	26	-1	-1	0	0	0	0	0	34
c15092	16	0	33	-1	-1	0	-1	27	0	0	0	0	43	20	-1	0	0	-1	30	0	1	-1	0	0	0	0	49	38	-1	27
c15093	16	0	-1	12	0	0	0	27	-1	0	-1	0	43	20	0	0	-1	-1	30	0	1	0	0	0	0	0	49	38	-1	27
c15109	0	1	-1	41	0	0	25	26	0	0	0	0	43	0	0	0	-1	25	0	0	1	-1	12	33	25	-1	0	0	0	-1
c15116	0	0	0	0	-1	6	0	0	0	0	-1	0	43	27	-1	0	14	-1	0	-1	17	0	0	0	26	0	0	11	0	0
c15117	0	0	0	0	26	6	0	0	0	0	-1	0	-1	27	-1	0	14	0	0	0	17	0	-1	-1	26	0	0	11	-1	0
c15119	0	-1	0	0	0	-1	-1	0	0	0	12	0	43	0	0	10	0	0	0	34	0	0	1	-1	-1	10	0	-1	0	0
c15120	-1	34	46	-1	0	-1	0	-1	0	0	26	-1	43	0	-1	0	16	0	27	-1	-1	0	43	0	-1	-1	49	0	0	34
c15121	-1	34	46	0	0	0	0	-1	0	0	26	-1	43	0	0	0	16	0	27	-1	-1	0	-1	0	-1	0	49	0	0	34
c15125	-1	0	0	0	-1	0	0	0	-1	28	0	11	43	0	0	0	0	10	-1	-1	32	-1	0	17	49	0	6	0	49	33
c15146	30	0	-1	0	0	0	47	0	0	21	0	0	43	33	5	25	0	0	33	-1	0	38	1	-1	0	0	0	0	0	11
c15179	0	0	0	0	26	-1	0	0	0	0	-1	0	43	0	0	0	14	0	0	-1	-1	0	-1	0	-1	0	0	0	-1	0
c15183	16	0	33	0	0	-1	-1	-1	0	0	-1	0	43	20	-1	0	0	-1	30	-1	1	-1	0	24	0	0	-1	38	0	0
c15192	0	0	-1	-1	34	-1	-1	47	0	0	-1	0	-1	0	0	0	-1	0	0	-1	39	0	0	-1	0	0	0	-1	-1	0
c15202	0	0	0	6	0	1	-1	-1	0	-1	27	0	-1	0	0	0	0	43	-1	-1	39	0	0	0	-1	-1	0	-1	-1	0
c15206	0	-1	0	0	0	-1	-1	27	0	-1	0	33	43	6	0	20	0	0	10	-1	-1	24	0	0	0	-1	0	0	-1	-1
c15212	0	-1	0	49	10	0	26	27	0	41	0	49	43	46	43	0	-1	-1	0	-1	-1	-1	0	0	1	0	0	0	-1	-1
c15213	0	-1	0	49	10	0	26	-1	0	41	0	49	43	46	-1	0	0	-1	0	34	-1	0	0	0	1	-1	0	0	-1	34
c15215	0	-1	0	0	0	0	0	27	-1	47	-1	-1	43	0	-1	20	0	-1	10	0	-1	24	0	0	-1	0	-1	0	-1	34
c15223	0	-1	26	0	-1	0	0	27	-1	0	3	33	-1	1	0	0	0	49	0	0	-1	0	0	-1	49	28	27	-1	14	-1
c15231	0	0	37	0	0	0	0	18	-1	0	0	4	-1	0	-1	0	49	0	32	0	46	-1	0	0	-1	9	12	-1	1	26
c15239	30	-1	0	0	0	0	47	-1	0	21	-1	0	-1	-1	5	25	-1	0	33	-1	0	-1	1	0	0	6	0	49	27	11
c15250	0	-1	-1	0	-1	0	26	27	-1	0	-1	0	43	46	43	-1	0	47	-1	34	-1	0	0	0	1	0	0	0	-1	34
c15252	28	-1	0	0	0	-1	0	27	0	0	-1	0	43	0	0	0	23	0	0	0	-1	0	26	23	-1	-1	0	0	-1	34
c15255	0	-1	33	0	0	0	0	27	0	0	-1	32	-1	0	0	20	0	-1	10	0	-1	24	0	0	-1	37	0	0	-1	-1
c15261	0	0	0	0	-1	0	0	0	0	43	0	0	43	12	-1	0	49	-1	-1	-1	-1	0	0	25	0	0	0	0	0	0
c15272	-1	10	0	0	-1	34	0	23	0	-1	-1	-1	43	-1	0	0	12	0	0	0	10	0	0	0	0	0	0	3	0	0
c15282	-1	-1	-1	12	10	37	14	27	-1	49	-1	0	43	0	0	0	-1	-1	-1	-1	-1	26	0	0	-1	0	0	-1	0	34
c15286	-1	34	-1	0	-1	17	0	27	10	21	26	-1	43	-1	0	0	0	0	27	0	-1	0	43	0	0	0	0	0	-1	34
c15288	0	0	-1	41	0	0	25	26	0	-1	0	0	43	-1	0	0	0	25	0	0	1	50	12	0	0	15	26	38	0	27
c15292	16	32	33	0	23	48	26	27	0	0	-1	-1	43	-1	0	0	0	14	0	0	1	0	0	0	0	0	0	41	0	27
c15293	16	32	33	-1	23	48	26	27	0	0	0	-1	43	0	0	0	0	14	0	0	-1	0	0	0	-1	0	-1	41	0	27
c15298	-1	32	0	0	33	38	-1	0	0	17	-1	0	43	0	0	43	0	0	23	34	0	0	1	46	-1	0	-1	-1	0	0
c15306	0	0	34	-1	-1	40	-1	-1	0	-1	0	0	43	0	0	23	0	0	0	26	0	-1	0	0	0	0	0	0	0	-1
c15308	49	0	0	0	0	0	46	-1	0	-1	0	30	-1	33	-1	0	21	-1	-1	20	-1	0	1	0	0	0	0	0	0	0
c15325	-1	28	0	-1	0	0	0	0	0	-1	0	-1	43	40	0	0	-1	28	0	0	-1	0	0	-1	0	0	-1	3	-1	23
c15332	4	34	-1	0	-1	0	0	-1	0	0	26	-1	43	0	0	0	0	0	-1	47	-1	0	43	0	0	0	0	-1	0	34
c15333	4	34	0	0	0	0	0	27	0	-1	26	-1	43	-1	0	-1	-1	-1	-1	47	-1	0	-1	0	0	-1	0	-1	23	34
c15334	0	-1	0	0	10	0	26	-1	0	-1	0	0	43	46	43	26	0	47	0	34	-1	0	-1	0	1	0	0	0	-1	34
c15341	49	-1	0	23	0	26	25	0	33	0	27	0	0	46	-1	1	-1	26	12	0	0	-1	0	-1	-1	-1	0	10	0	0
c15342	0	-1	-1	-1	10	0	0	27	-1	0	0	0	43	0	0	5	0	0	0	0	-1	10	-1	0	0	0	-1	38	0	34
c15343	0	-1	-1	0	-1	0	0	-1	23	0	0	0	43	0	0	5	-1	0	0	0	-1	-1	-1	-1	0	0	-1	-1	0	34
c15346	-1	1	-1	0	0	1	-1	47	0	0	27	0	-1	0	-1	0	0	0	0	-1	0	0	0	0	-1	0	43	-1	-1	0
c15360	0	0	0	0	21	46	-1	47	0	0	27	0	43	0	0	17	48	0	0	26	0	0	0	38	0	30	-1	-1	-1	0
c15381	4	-1	0	-1	15	-1	34	-1	0	-1	0	0	43	0	-1	26	0	0	0	0	0	-1	-1	0	0	-1	0	0	16	33
c15389	9	-1	0	0	-1	0	25	-1	0	0	-1	0	0	0	21	0	0	0	-1	0	0	0	0	0	0	17	0	0	-1	10
c15408	0	0	10	15	0	0	-1	0	0	0	-1	25	-1	0	-1	0	-1	0	0	-1	-1	43	-1	-1	-1	-1	0	0	0	-1
c15411	16	0	33	0	26	0	0	27	0	28	-1	0	43	20	0	0	0	0	30	-1	1	0	0	1	0	26	-1	-1	0	0
c15415	21	-1	0	-1	-1	-1	0	27	-1	-1	-1	49	43	0	-1	0	0	6	0	0	-1	6	0	0	0	0	-1	0	0	34
c15423	16	0	33	28	27	15	23	-1	27	-1	-1	-1	-1	-1	0	23	-1	8	0	38	-1	0	0	0	0	33	0	18	0	0
c15432	0	0	-1	26	34	0	0	0	6	0	0	-1	43	0	0	0	14	0	35	0	0	0	20	-1	-1	-1	-1	0	0	-1
c15438	-1	0	33	-1	-1	-1	0	-1	0	-1	0	30	43	0	0	-1	-1	-1	0	0	-1	23	0	0	20	0	0	0	0	0
c15439	16	-1	33	-1	0	0	0	-1	0	-1	0	30	43	0	0	-1	-1	-1	0	0	-1	23	-1	0	20	0	0	-1	0	0
c15457	0	0	5	0	-1	0	-1	-1	1	0	0	0	43	-1	-1	0	0	25	-1	38	38	50	12	0	0	15	25	0	0	-1
c15462	-1	0	6	0	-1	-1	-1	12	0	0	12	0	43	0	0	10	0	0	-1	34	-1	-1	1	0	-1	10	0	0	0	0
c15467	16	0	-1	25	26	0	5	-1	1	28	0	25	43	-1	34	-1	0	0	-1	0	1	0	-1	1	-1	-1	0	-1	0	48
c15469	16	0	33	0	0	0	0	27	0	0	0	0	-1	20	38	0	0	-1	30	0	1	-1	0	-1	0	0	-1	-1	0	0
c15478	0	0	0	27	0	-1	47	0	33	21	-1	-1	43	33	46	0	-1	16	0	0	0	0	1	0	0	0	49	-1	0	-1
c15483	0	-1	0	-1	4	-1	-1	0	41	12	0	0	43	38	0	0	0	0	0	-1	6	49	-1	34	0	0	38	43	50	0
c15488	0	-1	0	0	0	0	25	14	44	0	27	0	-1	0	0	0	0	0	12	-1	10	0	0	-1	0	0	46	15	0	0
c15491	4	33	0	0	0	-1	-1	0	0	-1	0	-1	43	0	0	0	0	-1	0	0	-1	-1	16	8	-1	-1	-1	0	16	33
c15492	0	-1	-1	-1	0	-1	3	27	0	47	0	0	43	25	0	20	0	0	10	0	-1	24	0	0	-1	0	-1	-1	-1	34
c15495	0	0	10	33	0	0	-1	0	-1	-1	27	25	-1	0	-1	33	-1	-1	23	-1	0	43	-1	-1	-1	0	0	-1	0	-1
c15501	0	-1	0	-1	10	0	0	27	-1	32	0	-1	43	0	46	0	0	34	0	-1	-1	-1	0	0	-1	0	-1	0	0	34
c15515	49	34	0	0	0	0	46	0	0	21	1	-1	43	33	38	0	0	0	43	0	0	-1	1	0	0	0	43	0	0	32
c15538	49	0	0	0	-1	34	46	0	0	21	0	-1	43	33	0	0	-1	10	0	17	0	-1	1	0	0	0	26	0	27	-1
c15540	0	-1	0	34	-1	0	25	0	43	0	27	0	-1	-1	-1	23	26	0	6	-1	16	0	0	32	-1	0	0	49	0	0
c15549	0	0	0	0	9	46	25	-1	0	0	-1	0	43	0	17	-1	0	41	0	43	0	3	30	38	-1	30	0	-1	-1	0
c15568	0	-1	27	0	0	45	41	0	0	0	0	-1	43	40	38	32	0	0	0	0	0	0	0	-1	0	-1	0	3	0	0
c15580	0	-1	0	1	0	1	-1	47	0	0	27	0	-1	0	0	30	-1	22	0	0	16	0	-1	0	-1	0	0	-1	-1	0
c15599	-1	0	30	0	46	-1	25	18	0	0	27	0	0	0	0	-1	-1	0	37	0	0	0	0	38	0	0	0	-1	-1	0
c15614	0	-1	0	0	10	0	14	27	48	-1	0	0	-1	0	0	0	-1	0	-1	0	-1	0	0	0	0	-1	0	0	0	-1
c15615	0	-1	0	0	10	0	-1	27	48	-1	-1	0	43	-1	0	0	0	0	-1	0	-1	0	0	0	0	-1	0	0	-1	34
c15629	16	0	-1	0	23	-1	26	27	0	0	0	0	-1	-1	16	-1	0	12	34	0	1	0	0	-1	-1	23	0	41	0	0
c15633	0	0	30	0	-1	-1	25	-1	43	-1	27	25	-1	25	33	23	0	0	0	0	-1	0	0	0	41	43	0	0	6	0
c15649	16	0	-1	-1	-1	26	10	27	0	0	0	49	43	-1	38	18	0	-1	30	-1	1	0	-1	0	0	0	-1	38	-1	0
c15652	17	0	0	27	17	0	47	0	10	21	0	-1	-1	-1	0	0	0	-1	43	0	-1	0	1	0	-1	0	0	0	0	0
c15665	0	-1	26	0	0	0	17	27	0	0	0	0	43	0	0	20	43	21	10	32	-1	24	0	-1	0	-1	-1	0	0	34
c15674	49	-1	0	-1	0	-1	46	0	0	21	1	0	-1	33	0	0	0	0	27	0	0	0	1	0	0	0	43	0	26	-1
c15688	10	28	23	0	-1	1	-1	47	0	0	-1	0	-1	0	0	0	43	0	0	0	0	0	0	0	-1	0	0	-1	-1	0
c15694	0	0	37	0	0	-1	-1	18	0	0	0	-1	43	0	23	0	0	0	32	-1	46	-1	0	0	23	9	-1	0	0	26
c15696	0	1	-1	-1	0	-1	0	18	0	-1	-1	0	-1	0	0	0	-1	0	32	43	46	-1	32	-1	0	-1	0	32	23	26
c15698	49	0	0	0	-1	0	-1	-1	-1	21	0	0	43	-1	0	0	0	10	0	0	43	-1	1	25	0	0	26	0	0	34
c15706	0	-1	0	0	0	0	17	27	0	0	0	0	43	0	0	-1	0	-1	10	0	-1	24	39	0	-1	0	0	40	0	34
c15718	0	0	0	0	0	46	25	47	0	0	27	-1	43	10	0	17	5	-1	-1	28	-1	-1	-1	38	0	0	-1	-1	-1	0
c15734	-1	0	30	0	46	0	25	18	26	0	27	0	23	0	0	-1	0	0	37	0	0	0	0	0	0	27	0	0	-1	0
c15748	0	0	-1	0	0	26	47	0	-1	21	-1	0	43	33	-1	0	20	0	0	0	0	0	1	0	35	0	0	0	-1	-1
c15760	16	10	33	28	0	0	41	-1	0	-1	0	0	43	49	33	-1	-1	-1	0	0	1	0	-1	0	20	0	0	0	0	0
c15764	49	0	23	-1	-1	0	-1	-1	0	21	0	0	43	-1	0	0	-1	10	49	0	0	0	1	0	-1	-1	26	0	0	0
c15782	-1	43	-1	0	0	0	0	-1	26	43	34	0	-1	0	27	43	0	0	0	27	-1	0	-1	34	-1	0	-1	0	0	0
c15783	0	43	0	-1	0	0	-1	20	26	43	34	0	43	0	27	43	-1	0	0	27	-1	0	0	34	-1	-1	-1	0	0	0
c15784	25	-1	10	0	0	0	25	0	0	0	27	-1	0	0	-1	49	14	-1	12	0	-1	0	0	0	0	0	0	0	0	0
c15793	31	0	0	-1	0	38	-1	0	-1	-1	-1	-1	-1	-1	0	-1	0	0	0	34	43	12	1	0	-1	-1	0	0	0	0
c15803	0	-1	0	0	10	0	0	-1	0	-1	0	0	43	37	0	0	-1	-1	0	0	-1	0	0	0	0	0	11	0	0	-1
c15820	0	-1	26	0	0	0	0	-1	43	18	0	0	43	0	0	0	0	-1	0	0	-1	-1	-1	0	49	0	-1	0	0	34
c15823	0	0	0	0	0	0	0	0	-1	0	-1	-1	43	40	0	0	0	0	0	-1	10	49	0	0	-1	0	-1	-1	0	49
c15824	0	34	-1	-1	-1	16	-1	27	10	0	-1	-1	43	-1	0	0	-1	0	-1	0	-1	0	43	0	-1	16	0	0	0	34
c15825	0	34	33	-1	-1	16	-1	27	10	0	26	-1	43	25	-1	0	0	0	27	0	-1	0	43	0	-1	16	0	0	0	34
c15827	0	16	25	27	0	-1	47	26	0	-1	0	0	-1	33	0	-1	-1	-1	0	0	0	-1	1	-1	-1	0	0	-1	0	0
c15844	30	-1	-1	-1	-1	0	47	-1	0	21	0	-1	43	33	5	25	-1	-1	-1	0	-1	-1	1	0	-1	0	11	-1	0	11
c15851	-1	-1	26	0	0	0	0	27	0	0	0	0	43	1	23	-1	0	49	0	0	-1	0	0	11	49	28	27	-1	-1	34
c15859	16	0	-1	0	23	0	-1	27	-1	27	0	0	43	-1	0	0	0	-1	-1	0	1	0	0	0	-1	0	0	41	-1	0
c15864	0	0	0	0	0	46	-1	47	0	0	-1	-1	43	10	0	17	5	-1	-1	0	-1	-1	-1	-1	0	33	0	-1	-1	0
c15874	30	27	0	-1	0	0	47	0	0	21	0	0	43	33	0	25	0	0	33	16	0	-1	-1	0	10	27	0	0	-1	0
c15877	16	0	33	33	0	0	-1	27	0	0	-1	-1	-1	20	38	0	0	-1	30	0	1	0	-1	0	0	-1	-1	38	0	0
c15880	0	-1	-1	0	1	-1	1	27	-1	0	0	0	43	0	0	0	0	0	0	-1	-1	0	0	-1	0	15	-1	0	30	34
c15883	34	34	33	0	-1	-1	0	27	0	0	0	0	43	0	0	-1	-1	0	0	0	-1	0	-1	-1	0	-1	0	24	41	34
c15888	-1	0	0	0	4	-1	-1	0	18	12	26	0	43	3	-1	27	38	0	34	-1	0	49	0	0	0	-1	0	0	50	-1
c15908	0	-1	0	-1	10	0	14	27	48	-1	0	-1	43	-1	0	0	-1	0	0	-1	-1	0	0	0	0	0	0	-1	0	34
c15919	-1	-1	-1	44	0	0	-1	43	0	0	27	0	47	0	-1	0	14	-1	-1	0	-1	-1	-1	0	-1	0	0	-1	0	0
c15923	0	0	0	27	0	0	47	0	-1	21	0	10	43	33	33	0	0	0	0	0	0	10	-1	0	0	25	9	0	0	27
c15938	0	-1	-1	-1	0	0	25	14	0	0	27	0	0	0	0	0	0	0	-1	0	10	0	-1	20	0	0	0	32	0	0
c15946	8	-1	0	27	47	0	47	0	-1	21	0	0	43	33	37	-1	32	-1	0	0	0	-1	1	0	0	0	0	49	0	0
