	0	1	2	3	4	5	6	7	8	9	10	11	12	13	14	15	16	17	18	19	20	21	22	23	24	25	26	27	28	29
c1489	5	0	-1	0	27	41	0	0	-1	0	-1	0	0	27	-1	41	0	0	0	40	0	0	13	0	0	11	13	0	0	17
c1768	5	39	-1	0	47	41	0	0	-1	39	4	0	28	-1	47	41	0	30	0	0	12	-1	0	-1	0	11	12	-1	0	-1
c1825	21	-1	-1	27	-1	41	25	7	0	13	46	-1	30	39	13	41	0	24	0	0	0	0	0	0	-1	11	-1	0	13	-1
c1866	5	27	-1	0	0	41	47	0	0	0	4	-1	0	-1	0	41	11	0	0	30	-1	0	-1	47	-1	11	0	0	0	-1
c1934	27	4	-1	0	-1	41	-1	0	-1	0	38	0	0	-1	0	41	44	6	17	0	0	0	0	-1	0	11	0	-1	39	-1
c1961	0	12	-1	0	-1	41	0	0	0	-1	0	-1	0	0	0	41	0	40	0	18	0	0	38	0	0	11	0	0	39	0
c1964	0	0	-1	0	-1	41	13	4	-1	0	-1	-1	0	0	25	-1	25	0	0	0	0	25	0	-1	0	11	-1	0	39	-1
c2040	0	13	-1	0	-1	41	25	-1	0	13	0	44	-1	0	13	-1	0	0	0	0	0	0	0	0	0	11	0	0	-1	0
c2084	5	0	-1	-1	0	-1	0	13	0	19	0	-1	27	0	0	41	0	45	36	-1	32	0	42	0	5	11	0	29	0	0
c2600	-1	0	-1	-1	0	-1	0	0	-1	0	0	0	-1	0	0	41	0	-1	30	38	0	49	0	25	24	11	0	0	27	10
c2690	0	-1	-1	0	0	41	25	-1	16	-1	0	0	-1	-1	13	-1	-1	0	0	0	4	0	0	0	0	11	38	-1	0	0
c3063	0	-1	-1	0	3	-1	25	7	47	-1	-1	27	30	-1	13	41	31	0	0	-1	0	44	-1	0	0	11	-1	0	30	0
c3240	-1	0	-1	0	-1	41	-1	44	0	0	0	24	0	0	-1	41	-1	32	38	0	26	13	0	0	0	11	0	-1	-1	0
c3278	-1	5	-1	0	-1	41	-1	7	0	-1	20	-1	30	46	13	41	-1	0	0	0	0	0	-1	0	0	11	0	-1	47	0
c3309	26	-1	-1	34	-1	-1	25	0	21	-1	25	-1	30	-1	-1	41	0	0	0	0	0	0	0	0	0	11	24	0	0	0
c3335	21	0	-1	0	0	-1	25	7	-1	13	46	0	-1	13	13	41	0	0	0	0	0	41	0	0	-1	11	0	0	0	-1
c3384	-1	4	-1	-1	-1	41	-1	-1	-1	0	25	-1	0	0	0	41	32	-1	0	0	0	0	0	0	0	11	0	0	39	0
c3418	5	0	-1	-1	0	41	-1	0	44	0	4	0	0	-1	-1	41	0	0	0	-1	0	45	0	-1	0	-1	29	15	-1	40
c3498	0	14	-1	34	0	41	25	-1	0	13	-1	-1	-1	-1	13	41	-1	0	41	0	0	42	0	0	0	-1	0	0	0	-1
c4023	-1	0	-1	0	45	41	0	44	-1	38	0	0	-1	0	46	41	-1	0	0	-1	32	0	0	0	24	11	0	0	-1	0
c4059	5	0	-1	-1	0	41	13	0	-1	0	0	47	-1	0	41	-1	0	0	45	0	0	0	42	0	0	11	0	0	-1	0
c4209	5	-1	-1	47	47	41	-1	-1	22	39	4	0	0	26	47	41	44	30	0	0	-1	0	0	0	-1	11	36	0	21	0
c4251	5	0	-1	0	40	41	0	0	-1	0	4	0	0	0	0	41	-1	0	0	0	0	0	27	0	17	11	47	0	0	0
c4335	-1	0	-1	0	0	-1	25	7	0	13	-1	-1	-1	0	-1	41	11	-1	0	0	-1	0	0	-1	0	11	29	-1	24	0
c4586	21	0	-1	-1	-1	41	25	7	0	13	46	25	-1	-1	13	41	0	0	0	-1	0	0	41	0	0	11	25	-1	0	-1
c4617	5	0	-1	0	-1	41	0	0	0	45	-1	25	24	0	0	41	45	22	0	38	-1	0	-1	17	24	11	0	4	27	25
c4746	-1	0	-1	-1	0	41	13	38	0	-1	0	0	-1	-1	0	41	0	38	-1	0	-1	0	42	-1	-1	11	-1	0	0	28
c4812	5	-1	-1	0	0	41	0	-1	-1	11	-1	0	-1	32	-1	41	0	-1	0	0	47	17	-1	47	5	11	39	-1	0	0
c4814	5	-1	-1	0	0	-1	41	0	16	-1	4	-1	-1	40	0	-1	0	0	-1	0	-1	17	0	47	0	11	0	0	-1	0
c4982	24	0	-1	24	0	41	25	7	-1	13	-1	27	30	0	-1	-1	31	0	0	0	0	-1	0	4	0	-1	0	0	30	-1
c4989	25	0	-1	0	41	41	-1	0	17	0	-1	-1	0	39	0	41	0	47	0	24	-1	25	0	0	39	-1	0	-1	39	-1
c5185	30	4	-1	0	-1	41	0	46	-1	0	0	0	7	0	-1	-1	-1	6	0	0	0	0	0	0	0	11	0	0	39	0
c5295	0	0	-1	38	20	41	46	0	-1	-1	0	-1	46	0	0	41	30	0	0	0	0	-1	0	25	0	11	0	44	40	0
c5342	-1	-1	-1	0	0	41	0	-1	-1	0	0	0	0	0	0	41	44	0	0	47	-1	40	-1	0	-1	11	25	0	-1	24
c5344	-1	0	-1	19	-1	41	-1	25	0	0	0	47	-1	38	41	41	0	0	0	0	-1	0	42	0	-1	-1	26	0	0	0
c5354	16	-1	-1	0	-1	-1	25	-1	0	13	27	0	30	0	13	41	0	0	25	46	25	0	0	0	21	11	-1	0	-1	0
c5355	16	30	-1	0	-1	-1	25	7	0	13	27	0	30	0	13	41	0	0	-1	46	25	0	0	0	0	11	-1	0	-1	0
c5388	21	-1	-1	0	0	41	25	7	-1	13	46	-1	30	13	13	41	0	0	17	0	0	0	0	0	-1	11	0	0	0	47
c5389	21	0	-1	0	40	41	25	7	0	13	46	0	30	13	13	41	0	-1	-1	-1	0	0	0	-1	0	11	0	0	0	47
c5391	5	0	-1	-1	0	41	0	0	24	45	0	0	0	0	0	41	-1	0	19	38	0	0	0	0	24	11	0	45	27	-1
c5429	0	0	-1	0	20	-1	0	-1	0	-1	0	0	-1	0	0	41	30	0	-1	0	-1	0	0	25	-1	11	0	0	40	46
c5441	0	19	-1	0	0	41	25	0	-1	13	0	0	30	0	13	-1	0	0	-1	0	-1	0	0	0	0	-1	0	45	0	-1
c5494	0	0	-1	0	6	41	-1	0	0	13	-1	0	30	-1	13	-1	0	0	0	-1	47	46	0	0	0	11	-1	0	30	0
c5529	30	4	-1	0	-1	41	0	0	0	0	0	-1	-1	0	27	41	0	6	26	0	0	0	20	0	0	11	0	0	-1	-1
c5581	16	0	-1	0	0	41	0	0	-1	0	0	0	11	-1	0	41	-1	0	0	47	0	40	-1	0	29	11	25	0	0	0
c5588	5	0	-1	-1	0	41	0	13	-1	44	0	0	0	0	-1	41	0	45	0	0	0	27	42	0	-1	11	-1	0	0	0
c5611	-1	41	-1	0	20	41	0	0	0	27	0	0	0	0	-1	41	30	0	0	0	0	0	-1	0	0	11	0	0	3	-1
c5621	-1	0	-1	0	6	-1	-1	-1	0	13	-1	0	30	-1	13	41	-1	-1	3	-1	47	46	0	0	0	11	0	-1	30	0
c5678	0	0	-1	-1	13	-1	25	7	0	13	0	-1	30	0	13	41	0	0	0	-1	-1	0	0	25	24	11	0	0	0	27
c5721	5	47	-1	-1	0	41	-1	4	-1	0	-1	-1	0	0	13	41	0	-1	-1	-1	0	29	0	-1	0	11	0	15	-1	40
c5831	5	0	-1	7	0	41	0	-1	41	0	0	0	0	0	-1	-1	0	-1	0	0	0	-1	13	0	0	11	0	0	0	0
c5843	0	0	-1	0	7	41	25	-1	0	13	-1	0	30	-1	13	41	0	0	0	0	47	0	0	47	0	11	0	45	0	-1
c5970	-1	41	-1	0	0	-1	-1	0	0	13	0	0	30	-1	13	-1	0	0	-1	0	4	0	-1	0	0	-1	42	25	0	-1
c5975	13	13	-1	0	0	41	25	12	0	-1	44	0	30	50	-1	-1	-1	4	0	41	25	-1	0	0	13	11	0	7	0	0
c5993	-1	0	-1	0	20	41	0	39	0	47	0	0	0	0	0	41	30	-1	0	0	0	40	-1	16	0	11	-1	0	0	-1
c6160	5	30	-1	0	-1	41	-1	0	-1	0	0	24	0	0	-1	41	0	0	0	0	26	-1	0	-1	0	11	0	32	40	0
c6173	0	12	-1	0	47	41	0	7	0	0	0	0	0	0	0	41	44	-1	0	0	0	0	0	-1	-1	-1	13	0	0	0
c6203	-1	0	-1	0	0	41	0	-1	12	0	0	0	-1	25	0	41	-1	25	0	3	0	0	0	0	0	11	0	0	39	0
c6250	25	-1	-1	26	0	41	25	-1	0	13	-1	0	-1	47	13	41	46	-1	24	0	4	0	-1	0	-1	11	38	-1	0	-1
c6268	17	0	-1	0	0	-1	-1	7	30	13	0	27	30	0	13	41	31	0	-1	0	0	-1	0	0	0	-1	47	39	30	27
c6290	30	4	-1	0	-1	-1	0	-1	0	0	0	0	0	0	-1	41	0	6	0	0	0	0	24	0	0	11	0	0	39	0
c6350	5	0	-1	30	38	41	0	0	0	46	17	0	0	0	-1	41	0	-1	0	0	0	4	13	0	0	11	-1	-1	0	-1
c6361	-1	0	-1	0	0	41	-1	0	44	46	4	0	0	0	-1	41	-1	0	-1	0	0	0	-1	0	0	11	-1	0	0	0
c6365	0	-1	-1	0	-1	41	-1	7	47	13	20	-1	30	-1	13	41	-1	4	16	0	-1	44	30	0	0	11	0	-1	30	0
c6439	0	11	-1	0	0	41	25	7	47	13	4	27	30	0	13	41	31	0	0	28	13	-1	0	0	30	11	0	0	30	0
c6547	-1	-1	-1	-1	0	41	-1	0	50	-1	3	-1	0	0	0	41	0	0	-1	0	0	0	-1	13	-1	11	0	0	0	44
c6554	-1	0	-1	0	0	41	-1	7	0	-1	-1	0	30	0	13	41	0	-1	-1	-1	0	0	0	0	0	11	0	0	0	0
c6566	0	-1	-1	0	20	41	46	0	-1	0	0	30	46	0	-1	41	30	0	-1	0	0	0	0	-1	0	11	0	0	40	0
c6589	-1	0	-1	0	0	-1	-1	12	-1	-1	0	0	-1	0	-1	41	-1	0	0	-1	19	-1	0	0	13	11	0	0	0	0
c6634	0	0	-1	47	11	41	25	12	-1	-1	47	0	-1	0	-1	41	-1	0	0	41	-1	0	0	0	13	-1	0	0	30	16
c6659	0	-1	-1	12	0	41	25	-1	0	13	25	-1	30	0	-1	-1	-1	0	0	0	47	0	0	-1	-1	11	0	45	-1	-1
c6693	0	0	-1	-1	20	41	46	44	-1	11	44	0	0	0	37	41	30	0	0	-1	0	0	0	25	0	11	0	0	40	0
c6702	5	0	-1	0	-1	41	39	0	-1	0	-1	17	0	0	0	41	0	-1	0	0	0	0	42	-1	13	11	0	-1	0	44
c6714	5	0	-1	0	0	41	12	0	13	0	-1	0	0	0	-1	-1	0	-1	-1	38	0	0	0	0	-1	11	-1	0	27	0
c6716	13	42	-1	0	-1	-1	-1	0	0	13	0	-1	30	0	13	41	0	0	0	-1	0	0	0	0	0	11	0	-1	0	0
c6877	0	0	-1	-1	36	-1	-1	0	-1	13	-1	0	30	-1	13	41	19	0	0	34	-1	0	0	0	-1	11	0	0	22	0
c6922	5	0	-1	-1	0	41	0	0	26	0	-1	42	0	37	0	41	0	0	30	38	0	-1	0	0	24	11	0	0	27	0
c6952	0	0	-1	40	-1	41	25	7	0	13	44	27	-1	0	-1	-1	31	-1	0	0	-1	0	0	-1	-1	11	-1	17	30	27
c6954	21	0	-1	-1	0	41	25	7	24	13	46	0	-1	-1	13	41	25	0	0	0	0	0	0	0	0	11	0	-1	-1	-1
c6969	5	0	-1	24	19	-1	0	0	0	11	4	0	-1	0	0	-1	0	0	0	27	30	17	0	47	-1	-1	0	0	-1	0
c7030	0	0	-1	0	-1	41	41	0	-1	-1	0	-1	47	0	0	41	30	-1	47	0	0	-1	0	-1	-1	-1	0	0	3	-1
c7065	5	0	-1	0	-1	41	8	27	25	0	4	1	-1	26	0	-1	0	30	0	0	12	-1	18	0	-1	-1	0	-1	0	0
c7088	5	13	-1	0	0	41	0	-1	37	0	0	-1	25	0	0	41	25	45	6	-1	0	-1	0	0	0	11	0	0	30	25
c7091	5	25	-1	0	-1	41	-1	0	44	24	0	24	0	0	-1	-1	0	-1	-1	0	-1	13	0	0	0	11	0	-1	40	0
c7119	-1	0	-1	0	44	41	0	0	-1	0	0	0	32	0	0	-1	0	13	30	38	0	38	-1	25	24	11	0	0	27	0
c7126	0	0	-1	0	-1	41	-1	-1	47	13	0	27	-1	0	13	41	31	0	-1	28	0	44	0	-1	0	-1	0	0	30	0
c7135	39	27	-1	0	0	41	27	44	0	3	-1	0	40	0	13	41	-1	0	0	-1	0	41	0	-1	25	11	-1	0	-1	31
c7136	0	25	-1	0	-1	41	25	12	0	7	0	-1	30	0	-1	-1	-1	0	0	41	3	-1	0	41	13	-1	0	0	-1	-1
c7137	0	-1	-1	0	39	41	25	12	0	7	-1	0	-1	0	-1	-1	-1	0	0	-1	-1	39	25	-1	13	-1	0	0	0	0
c7140	5	32	-1	-1	0	41	0	0	0	0	0	13	0	-1	-1	41	0	0	0	0	39	0	-1	0	13	11	0	0	0	44
c7145	5	0	-1	0	0	-1	0	0	0	-1	0	-1	0	0	0	41	0	-1	0	38	0	0	0	0	24	11	0	4	27	0
c7179	0	47	-1	-1	7	-1	25	0	0	13	0	0	30	0	13	41	27	0	0	-1	4	0	0	0	0	11	-1	45	0	13
c7185	0	42	-1	-1	0	-1	25	0	0	-1	-1	24	30	13	13	41	0	9	0	0	0	0	0	0	30	11	0	0	0	16
c7214	0	0	-1	0	20	41	0	0	0	0	0	0	0	0	0	41	30	-1	26	-1	0	0	40	27	0	11	0	-1	3	-1
c7245	21	0	-1	26	0	41	25	7	0	-1	46	25	30	13	13	41	0	0	0	0	32	0	41	-1	0	11	25	0	0	47
c7265	0	0	-1	0	20	41	0	0	0	-1	-1	21	-1	0	-1	41	30	0	0	-1	0	0	-1	0	0	11	-1	0	-1	-1
c7306	5	0	-1	0	0	41	-1	-1	-1	-1	4	0	0	-1	0	41	0	-1	0	0	35	0	0	0	0	11	25	-1	-1	0
c7331	21	0	-1	0	0	41	-1	7	-1	13	46	25	30	13	13	41	0	0	-1	0	25	-1	41	0	-1	11	25	-1	-1	47
c7352	5	-1	-1	0	-1	41	0	-1	0	1	26	27	0	-1	27	-1	0	0	21	13	-1	38	0	0	-1	-1	0	0	40	13
c7459	5	0	-1	41	-1	41	0	0	0	-1	0	24	17	-1	27	41	0	0	47	0	26	0	0	-1	47	11	-1	0	40	0
c7525	-1	0	-1	0	0	-1	0	0	3	-1	-1	0	-1	13	0	41	-1	0	-1	38	0	0	0	0	-1	11	0	0	27	0
c7552	-1	0	-1	0	-1	41	0	0	-1	27	0	0	0	0	27	41	30	0	0	0	0	0	40	0	0	11	0	0	3	-1
c7561	0	0	-1	0	6	41	-1	0	0	13	-1	24	30	-1	13	41	0	-1	0	-1	47	0	0	0	0	11	7	-1	30	0
c7573	0	12	-1	-1	-1	41	0	0	0	0	0	0	0	-1	0	-1	44	-1	0	-1	0	36	0	0	0	-1	0	0	0	0
c7586	-1	0	-1	0	20	41	0	0	0	-1	0	-1	0	-1	0	-1	30	0	-1	4	0	0	40	-1	-1	11	11	0	3	-1
c7618	5	0	-1	-1	25	41	-1	0	0	-1	0	0	-1	-1	46	-1	0	-1	-1	38	0	0	-1	0	-1	11	0	0	27	0
c7685	0	0	-1	-1	-1	41	-1	0	-1	0	-1	13	-1	0	25	41	0	0	0	0	0	-1	47	47	-1	11	25	0	39	-1
c7687	0	42	-1	0	-1	41	25	0	0	13	-1	24	-1	-1	13	41	0	0	0	0	44	0	0	0	0	11	-1	27	-1	0
c7702	-1	0	-1	0	0	41	0	13	0	0	0	0	0	0	0	41	-1	45	0	0	-1	0	42	14	-1	11	12	0	24	0
c7729	0	44	-1	0	0	41	-1	40	0	13	24	26	-1	27	13	41	0	4	-1	40	47	-1	0	0	-1	-1	46	-1	0	-1
c7732	0	-1	-1	4	0	41	13	-1	0	0	-1	13	0	7	25	-1	0	0	0	0	0	25	47	0	0	11	-1	0	39	-1
c7735	0	0	-1	-1	0	-1	25	-1	0	13	46	0	30	0	-1	41	0	3	0	0	-1	0	0	-1	0	11	0	0	-1	0
c7743	-1	-1	-1	0	20	-1	44	0	-1	0	0	44	0	0	-1	-1	30	44	-1	-1	-1	26	41	-1	0	11	-1	0	0	27
c7779	5	0	-1	-1	47	41	0	-1	22	39	4	0	0	26	0	41	0	30	-1	0	-1	0	0	0	0	11	0	0	24	0
c7812	0	0	-1	45	-1	41	25	7	0	13	44	27	-1	0	13	41	-1	0	-1	0	0	0	-1	0	0	-1	9	17	30	27
c7883	-1	27	-1	6	0	41	29	0	-1	0	4	0	0	19	0	41	11	0	0	0	0	0	0	47	-1	11	40	-1	0	0
c7902	0	-1	-1	0	0	41	25	-1	0	-1	0	0	-1	47	-1	41	46	0	0	34	4	0	0	0	-1	11	38	-1	0	0
c7906	0	0	-1	-1	36	-1	-1	0	0	13	-1	-1	-1	-1	13	41	19	0	-1	34	-1	0	0	44	0	11	16	0	22	0
c7937	5	0	-1	38	19	41	0	0	0	11	-1	0	-1	0	0	41	0	0	44	27	-1	17	-1	47	0	11	-1	-1	17	0
c7941	21	40	-1	0	40	41	25	7	0	13	-1	-1	-1	-1	13	41	32	0	0	0	-1	0	0	0	-1	11	0	0	0	47
c7946	0	-1	-1	0	0	41	25	40	0	13	0	0	30	47	13	41	-1	9	-1	0	-1	0	-1	0	41	11	-1	45	0	-1
c8048	17	-1	-1	0	0	41	25	38	37	13	47	24	30	0	13	-1	44	0	0	0	0	9	16	3	0	11	0	0	0	-1
c8065	5	0	-1	0	0	41	0	0	44	0	4	-1	0	40	0	41	0	0	0	0	25	-1	-1	0	0	-1	0	0	45	38
c8067	-1	47	-1	-1	0	41	25	0	40	13	-1	0	30	-1	13	41	27	-1	-1	0	4	0	0	0	17	-1	25	-1	0	0
c8081	5	0	-1	0	0	41	-1	0	-1	0	0	0	0	25	-1	-1	0	-1	13	-1	0	0	42	26	0	11	0	0	0	40
c8131	39	0	-1	0	0	41	0	46	12	-1	27	0	0	0	0	-1	-1	0	0	-1	8	0	-1	0	0	-1	-1	0	39	31
c8163	5	-1	-1	44	0	-1	0	0	-1	0	4	16	-1	0	-1	41	-1	0	19	41	0	-1	0	-1	17	11	0	0	0	44
c8182	5	0	-1	0	47	-1	0	0	-1	-1	-1	-1	-1	26	-1	41	0	30	0	13	12	45	-1	0	10	-1	0	27	26	0
c8189	0	0	-1	15	0	41	25	7	0	13	0	4	-1	0	-1	41	0	0	-1	0	15	0	0	0	3	11	13	0	39	0
c8193	0	0	-1	0	-1	-1	0	-1	-1	0	0	0	18	-1	-1	-1	30	-1	0	0	0	-1	-1	0	0	11	-1	0	0	-1
c8205	0	0	-1	0	3	41	25	0	0	13	0	0	30	41	13	-1	4	0	0	0	-1	0	0	-1	0	11	0	45	0	-1
c8212	5	0	-1	-1	0	-1	0	13	44	0	4	0	-1	0	0	41	-1	0	0	0	27	0	-1	-1	0	-1	47	0	0	0
c8224	0	0	-1	0	6	41	-1	0	0	13	-1	-1	-1	-1	13	41	27	0	0	-1	-1	0	0	0	-1	-1	0	0	30	34
c8228	-1	13	-1	18	27	41	34	13	0	44	7	0	0	0	0	41	0	-1	0	0	-1	0	-1	0	-1	11	49	45	0	0
c8233	0	17	-1	0	20	41	-1	0	0	0	16	0	0	0	0	41	30	0	0	0	0	0	0	0	0	-1	0	0	3	-1
c8260	0	47	-1	-1	-1	-1	25	0	0	13	0	0	30	0	-1	41	-1	0	-1	13	-1	-1	-1	0	0	11	-1	45	0	0
c8271	5	0	-1	24	-1	41	0	0	-1	0	-1	0	-1	0	0	41	0	-1	0	0	-1	-1	47	47	0	-1	-1	0	0	0
c8301	21	-1	-1	0	0	41	25	-1	24	-1	-1	0	30	13	13	41	25	26	0	-1	0	0	0	0	0	-1	0	0	17	-1
c8306	0	40	-1	0	0	41	25	7	0	13	36	0	30	17	13	41	0	0	0	0	-1	0	-1	24	0	11	0	0	47	0
c8312	30	4	-1	7	-1	41	0	0	0	0	0	0	0	0	0	41	25	6	0	0	-1	-1	-1	-1	-1	-1	0	0	39	0
c8431	39	0	-1	0	-1	41	0	-1	0	0	-1	0	0	0	44	41	0	47	0	-1	-1	0	0	0	-1	11	-1	0	39	0
c8433	0	47	-1	-1	-1	-1	-1	0	0	13	0	0	30	0	13	41	-1	0	0	13	4	0	0	0	0	11	25	-1	0	13
c8436	-1	0	-1	0	0	41	-1	7	0	13	46	0	30	0	13	41	0	-1	0	0	0	0	0	0	46	11	0	-1	0	0
c8474	0	42	-1	50	0	41	25	0	0	13	0	-1	30	0	13	41	0	-1	0	0	0	-1	0	0	0	-1	0	-1	-1	16
c8486	-1	0	-1	44	-1	-1	-1	39	11	0	27	-1	0	13	0	41	30	-1	0	40	-1	0	34	0	0	11	-1	13	-1	0
c8501	0	-1	-1	42	0	41	25	7	30	13	0	0	30	0	13	41	0	0	25	0	-1	0	0	0	0	11	0	0	-1	-1
c8521	5	0	-1	0	-1	41	0	-1	-1	11	4	0	-1	-1	17	-1	25	0	0	-1	0	-1	0	-1	-1	11	0	0	0	-1
c8526	5	0	-1	24	0	41	-1	0	13	0	-1	-1	-1	0	-1	41	0	0	0	15	0	17	0	47	0	11	0	0	0	25
c8548	30	4	-1	0	-1	41	0	46	-1	0	11	0	7	-1	16	41	19	6	0	0	34	0	0	0	0	11	0	0	-1	0
c8554	24	-1	-1	5	20	41	0	0	0	0	36	0	-1	-1	0	41	30	0	0	0	0	0	40	0	-1	-1	0	0	-1	-1
c8602	0	0	-1	0	47	41	25	7	-1	13	0	-1	-1	0	13	41	31	-1	0	28	0	-1	0	0	0	11	0	0	30	0
c8605	0	0	-1	0	-1	41	25	0	0	-1	0	0	30	0	13	-1	0	31	-1	0	47	0	0	-1	0	11	0	45	0	-1
c8671	5	0	-1	0	47	41	-1	0	22	39	4	0	-1	-1	0	41	26	30	0	-1	12	0	-1	0	0	11	0	0	0	0
c8677	-1	0	-1	0	0	41	25	-1	26	13	46	25	-1	0	-1	41	0	38	-1	0	17	0	-1	0	0	11	0	0	0	0
c8704	26	0	-1	0	40	41	25	7	-1	13	-1	27	-1	0	13	41	-1	-1	0	-1	0	-1	0	-1	0	-1	9	17	30	27
c8710	5	39	-1	0	0	-1	4	-1	0	-1	4	0	-1	0	0	41	0	0	0	0	37	-1	-1	47	30	-1	0	0	-1	-1
c8729	45	0	-1	0	6	41	-1	0	0	13	-1	-1	30	-1	13	41	0	-1	0	-1	47	-1	0	-1	-1	-1	42	44	0	-1
c8755	-1	0	-1	0	20	41	0	-1	0	0	0	-1	0	-1	0	41	30	0	0	0	0	0	-1	42	0	11	0	-1	3	-1
c8758	0	0	-1	-1	17	41	25	0	-1	13	-1	0	30	-1	-1	41	-1	40	0	34	-1	0	0	0	4	-1	0	0	0	5
c8760	5	-1	-1	0	-1	41	0	44	0	0	0	24	47	0	-1	41	0	0	-1	0	26	13	3	27	25	-1	24	0	-1	0
c8787	5	17	-1	0	-1	41	17	0	-1	0	-1	-1	17	0	27	41	0	0	47	0	26	-1	-1	0	0	11	0	0	40	0
c8802	-1	5	-1	0	0	41	25	7	0	13	0	0	30	-1	13	41	-1	0	-1	0	0	0	-1	12	0	11	-1	0	47	0
c8816	0	42	-1	0	0	41	25	0	0	13	0	24	30	-1	13	-1	0	0	0	0	0	0	0	4	0	11	0	-1	13	16
c8863	0	0	-1	-1	0	41	13	0	12	0	-1	13	0	0	25	41	0	0	-1	0	0	25	47	47	0	11	25	-1	39	-1
c8907	5	0	-1	0	0	-1	0	-1	37	0	0	0	37	16	-1	41	0	45	6	0	-1	0	0	0	-1	11	25	-1	30	25
c9004	5	0	-1	0	38	41	-1	-1	44	0	4	0	0	0	0	41	0	0	-1	-1	27	45	27	-1	-1	11	47	0	0	0
c9007	5	0	-1	-1	-1	41	0	0	0	0	4	4	-1	47	-1	41	0	-1	0	0	0	17	0	47	0	11	0	0	25	-1
c9051	-1	0	-1	0	25	41	0	0	-1	30	0	15	0	0	-1	41	0	0	0	-1	-1	-1	46	25	0	-1	-1	0	-1	45
c9055	0	-1	-1	0	0	41	-1	0	0	13	0	24	30	45	13	-1	0	0	0	0	-1	0	0	44	45	11	0	4	0	0
c9089	5	0	-1	27	-1	41	0	-1	0	9	26	0	0	-1	27	-1	-1	0	14	0	26	0	0	0	0	11	-1	0	-1	0
c9102	0	0	-1	0	0	41	25	-1	26	13	-1	0	30	-1	13	41	0	0	0	34	47	-1	-1	-1	-1	11	-1	-1	0	0
c9112	5	25	-1	0	-1	41	-1	-1	44	0	0	-1	0	0	-1	41	0	-1	13	0	-1	13	0	0	-1	11	25	0	40	0
c9125	5	-1	-1	0	0	41	0	0	25	0	0	0	0	25	-1	41	-1	24	0	-1	0	0	42	0	0	11	0	0	0	0
c9199	-1	0	-1	0	38	-1	13	0	44	0	4	0	-1	0	0	-1	0	40	0	3	27	45	27	0	0	11	47	0	0	17
c9218	17	30	-1	0	41	41	25	0	37	13	17	24	30	0	13	41	44	-1	0	0	-1	-1	-1	0	50	11	40	0	0	0
c9229	5	-1	-1	0	0	-1	0	13	0	44	-1	-1	0	39	-1	-1	0	45	0	0	0	0	42	0	5	11	13	0	0	0
c9240	0	4	-1	0	-1	41	0	-1	0	-1	0	0	0	0	-1	41	-1	6	-1	0	0	0	0	0	0	11	26	0	39	-1
c9261	44	0	-1	0	-1	41	25	0	-1	-1	0	0	30	44	13	-1	0	16	-1	0	47	0	0	0	47	11	0	-1	0	-1
c9263	0	47	-1	-1	-1	41	25	0	0	13	0	30	30	0	-1	41	27	24	0	19	4	-1	40	0	0	11	25	45	0	0
c9264	0	-1	-1	0	0	41	25	0	21	13	0	-1	30	0	13	-1	27	-1	-1	-1	4	0	0	0	-1	11	25	-1	-1	0
c9267	-1	0	-1	-1	0	41	25	38	37	-1	0	24	30	-1	13	41	44	-1	0	-1	0	0	-1	3	-1	11	0	0	0	0
c9282	0	0	-1	-1	0	41	25	-1	0	13	0	0	30	0	13	-1	0	0	0	41	-1	0	0	0	0	-1	0	0	24	22
c9297	5	-1	-1	-1	0	-1	-1	0	44	0	4	0	0	27	13	-1	0	0	-1	12	0	0	0	-1	-1	11	29	15	20	40
c9316	-1	42	-1	0	-1	41	38	0	-1	-1	-1	-1	0	0	27	41	-1	0	-1	38	26	0	0	0	-1	11	0	0	-1	46
c9337	5	0	-1	0	0	-1	0	0	0	0	-1	0	28	9	30	41	-1	23	36	0	25	0	0	-1	27	11	0	-1	0	0
c9347	25	-1	-1	0	-1	41	25	0	0	0	-1	50	30	0	-1	41	0	-1	0	0	0	-1	-1	0	44	11	3	-1	25	44
c9374	5	0	-1	17	0	-1	39	11	0	0	0	0	0	0	-1	-1	0	24	-1	0	0	4	-1	0	0	11	0	-1	-1	0
c9389	21	-1	-1	0	0	41	-1	7	0	-1	46	0	30	17	13	41	0	0	27	-1	0	0	0	0	0	11	0	-1	0	40
c9393	27	-1	-1	26	0	-1	25	0	-1	13	0	0	30	47	13	41	46	0	40	0	4	0	0	0	41	11	-1	-1	0	0
c9398	17	0	-1	27	0	41	25	38	-1	13	0	24	-1	0	13	41	44	0	0	0	0	0	-1	3	0	11	16	0	-1	0
c9401	0	47	-1	0	0	-1	25	0	0	-1	-1	-1	-1	0	13	41	27	0	-1	0	4	-1	-1	0	-1	-1	25	45	0	-1
c9447	-1	0	-1	44	0	41	9	0	0	0	13	0	13	0	-1	41	0	-1	-1	0	45	0	13	0	44	11	41	47	0	0
c9454	0	0	-1	0	0	41	13	0	-1	0	-1	0	-1	0	25	41	0	-1	-1	0	0	25	0	50	0	11	-1	-1	39	-1
c9459	5	0	-1	0	0	41	-1	11	0	0	0	0	0	0	46	-1	0	-1	0	38	0	0	-1	-1	24	11	-1	0	27	0
c9484	0	0	-1	0	0	41	25	7	0	13	0	0	30	0	13	41	0	0	0	-1	-1	-1	0	0	0	11	0	0	0	0
c9488	0	0	-1	25	-1	41	25	0	-1	13	0	0	-1	0	13	-1	0	-1	13	-1	24	0	0	0	-1	11	0	-1	0	-1
c9498	0	42	-1	47	0	41	-1	-1	0	13	0	24	30	-1	13	41	0	-1	0	-1	0	-1	0	0	0	-1	-1	0	0	16
c9504	0	42	-1	0	0	41	-1	0	42	-1	0	24	-1	0	-1	41	0	0	-1	0	-1	0	0	0	0	-1	-1	0	45	0
c9542	0	0	-1	0	27	41	-1	7	0	13	-1	0	30	46	-1	41	0	34	26	0	0	0	-1	0	3	11	25	0	0	0
c9543	0	0	-1	0	27	-1	-1	-1	-1	13	0	0	30	-1	-1	41	0	0	26	0	0	-1	0	0	-1	-1	-1	0	0	0
c9556	0	-1	-1	-1	0	41	25	7	0	13	-1	0	30	0	13	41	0	-1	0	0	0	25	-1	0	0	11	0	20	47	0
c9618	0	-1	-1	0	0	41	25	46	-1	13	-1	24	30	25	13	-1	0	0	0	0	38	-1	-1	0	25	11	0	0	-1	0
c9627	13	-1	-1	0	0	41	25	-1	0	0	0	0	30	-1	-1	41	-1	0	0	-1	0	0	0	0	13	11	0	0	39	45
c9639	0	40	-1	0	0	41	25	-1	-1	13	-1	29	-1	-1	13	41	-1	26	0	34	-1	0	-1	-1	4	11	0	13	0	0
c9654	5	0	-1	0	-1	41	0	0	0	-1	0	25	0	0	0	41	0	0	-1	38	0	-1	-1	17	24	11	0	0	27	25
c9668	-1	0	-1	-1	38	41	-1	0	44	0	4	0	0	0	0	41	0	-1	0	-1	27	45	27	-1	0	11	47	0	0	0
c9686	25	0	-1	0	20	41	-1	-1	0	-1	0	0	13	0	-1	41	30	0	-1	4	33	0	0	25	0	11	0	-1	40	0
c9689	45	0	-1	0	6	41	-1	0	0	13	-1	-1	30	-1	13	41	0	0	0	-1	47	0	0	0	0	11	42	44	0	0
c9691	0	-1	-1	-1	36	-1	-1	0	13	13	-1	0	30	-1	13	41	-1	0	0	34	47	0	0	-1	0	11	0	0	22	0
c9694	5	-1	-1	0	-1	41	0	0	0	0	42	-1	-1	37	27	41	0	0	-1	0	-1	13	0	0	0	11	-1	-1	40	-1
c9718	5	0	-1	0	47	41	0	0	0	0	4	1	0	-1	-1	41	-1	30	19	39	12	0	18	0	0	-1	0	0	0	0
c9733	-1	11	-1	-1	0	41	0	0	0	40	0	-1	0	0	0	41	-1	38	0	38	25	0	42	0	13	-1	-1	-1	25	0
c9756	5	0	-1	0	-1	41	0	-1	0	0	15	24	0	37	0	-1	39	0	30	-1	-1	0	-1	0	24	11	0	-1	27	0
c9829	5	0	-1	-1	-1	-1	0	0	22	39	4	-1	-1	26	0	-1	-1	30	41	13	-1	0	-1	0	-1	11	-1	0	24	0
c9875	-1	0	-1	-1	0	41	0	0	-1	-1	0	-1	0	27	-1	41	0	0	0	0	-1	45	13	44	17	11	0	0	-1	17
c9895	0	-1	-1	0	0	41	0	40	0	0	0	0	19	0	0	41	0	40	0	18	-1	0	38	-1	0	-1	0	0	39	0
c9897	5	-1	-1	-1	-1	41	13	0	0	0	0	0	0	0	41	41	0	0	0	0	0	0	42	21	0	11	-1	0	0	0
c9901	-1	0	-1	0	-1	41	-1	0	0	0	0	-1	0	0	46	41	0	-1	0	38	0	0	19	0	24	-1	0	0	27	0
c9912	0	40	-1	0	0	-1	25	7	-1	-1	36	0	30	0	-1	41	25	0	0	0	-1	0	-1	0	0	-1	-1	-1	47	0
c9925	-1	0	-1	0	0	41	0	-1	44	11	-1	0	-1	0	0	41	0	0	0	25	0	17	-1	47	0	11	-1	0	0	0
c9956	0	15	-1	17	0	-1	25	7	30	13	0	27	30	40	-1	41	31	13	45	0	0	0	0	-1	0	11	47	47	30	27
c9970	5	0	-1	0	0	41	0	0	44	0	4	0	0	40	-1	41	0	0	0	0	0	0	0	0	0	-1	0	0	45	-1
c9994	0	0	-1	0	3	41	25	0	0	-1	0	0	30	41	13	41	4	0	0	20	-1	0	0	0	0	11	0	45	0	-1
c9995	-1	0	-1	0	3	41	-1	0	0	13	0	0	30	41	13	-1	4	0	0	-1	-1	0	0	0	0	-1	-1	45	0	-1
c10009	0	12	-1	0	0	41	0	-1	0	0	0	0	0	-1	0	41	0	40	0	18	-1	-1	38	0	-1	11	0	0	39	0
c10019	-1	0	-1	-1	0	-1	25	7	28	13	46	-1	30	13	13	41	-1	0	0	0	0	-1	-1	0	0	11	-1	-1	0	47
c10059	0	42	-1	0	0	41	25	0	0	13	0	-1	-1	0	-1	41	0	0	0	0	-1	0	0	0	-1	11	0	0	0	-1
c10075	-1	3	-1	0	0	41	25	40	0	13	47	0	30	27	13	41	0	4	0	40	47	-1	0	0	0	-1	-1	45	0	-1
c10085	-1	0	-1	0	0	41	25	7	0	-1	-1	0	-1	0	-1	-1	0	0	-1	46	0	0	-1	0	0	11	0	0	-1	0
c10094	5	41	-1	0	40	41	0	0	44	0	4	0	39	0	30	41	0	0	0	16	0	0	27	0	-1	11	-1	-1	0	-1
c10118	0	0	-1	0	0	41	25	7	-1	13	0	0	30	0	13	41	0	0	0	-1	0	0	0	0	0	11	-1	0	38	27
c10120	0	0	-1	0	20	-1	0	0	0	17	0	3	0	0	0	41	30	0	0	0	0	0	0	25	0	11	22	0	40	46
c10128	0	-1	-1	-1	0	41	25	0	0	13	0	-1	-1	27	13	41	-1	0	32	-1	0	0	0	-1	0	11	-1	0	0	16
c10147	-1	-1	-1	0	0	41	25	40	0	13	-1	0	30	-1	13	41	0	4	0	-1	47	0	0	-1	0	11	46	45	0	-1
c10158	25	0	-1	-1	0	-1	0	7	17	0	-1	0	-1	-1	0	41	0	20	0	24	0	25	0	0	39	11	0	-1	39	-1
c10176	0	0	-1	0	0	41	25	0	40	13	0	0	30	0	13	-1	0	0	13	29	0	0	0	0	50	11	0	45	0	-1
c10193	-1	0	-1	0	0	41	0	25	0	0	0	0	45	-1	0	41	-1	25	0	3	34	0	0	-1	0	-1	0	41	39	0
c10213	5	0	-1	0	-1	41	24	-1	0	1	-1	0	-1	0	-1	41	0	0	0	47	26	-1	0	0	45	11	0	0	40	0
c10236	5	0	-1	-1	0	41	-1	-1	0	0	-1	-1	-1	0	0	41	-1	3	12	0	0	0	42	0	13	11	-1	-1	0	44
c10244	-1	39	-1	0	0	41	25	0	0	13	0	24	30	0	-1	41	0	20	19	0	-1	0	25	6	0	11	0	-1	0	0
c10263	5	0	-1	0	0	41	0	0	0	45	0	25	0	0	-1	41	0	27	0	38	0	0	0	0	24	11	0	7	-1	-1
c10265	0	0	-1	0	0	41	0	-1	0	0	-1	-1	0	39	32	-1	0	0	0	24	0	25	-1	0	-1	11	0	-1	39	-1
c10280	0	0	-1	0	20	41	46	-1	-1	0	-1	30	-1	0	0	-1	30	0	0	0	0	0	0	25	-1	11	0	0	40	0
c10299	5	0	-1	0	38	41	0	0	44	0	4	0	-1	7	0	41	-1	0	49	3	-1	45	27	0	-1	11	47	-1	0	-1
c10320	-1	0	-1	0	0	41	0	-1	0	0	0	0	0	-1	0	41	-1	25	0	3	0	0	0	-1	46	11	0	41	39	0
c10321	-1	-1	-1	0	0	41	0	25	0	0	0	0	0	0	0	41	-1	25	0	3	0	-1	0	-1	0	-1	0	-1	39	0
c10343	5	0	-1	41	0	-1	-1	0	0	45	0	25	24	0	0	-1	0	0	0	38	0	-1	0	17	24	11	0	0	-1	25
c10344	5	27	-1	44	0	41	34	13	0	0	4	16	0	0	3	41	0	0	0	41	0	0	0	-1	-1	-1	27	0	0	44
c10356	0	0	-1	46	-1	41	29	0	-1	-1	-1	0	17	0	-1	-1	44	0	0	47	0	-1	0	-1	27	11	40	0	-1	0
c10360	44	0	-1	0	20	41	13	0	16	25	0	0	0	0	0	-1	30	0	11	0	0	0	4	25	-1	11	0	0	40	0
c10373	5	0	-1	0	0	41	-1	13	0	0	0	0	27	37	0	-1	0	45	36	0	32	0	42	0	-1	-1	-1	0	32	38
c10397	5	0	-1	17	0	-1	39	11	-1	22	0	-1	0	0	-1	41	0	24	0	0	0	4	13	0	-1	11	25	0	0	0
c10461	5	30	-1	0	0	41	3	0	44	11	-1	-1	-1	13	0	41	0	0	-1	25	0	17	-1	47	0	11	0	-1	0	0
c10480	5	-1	-1	0	0	41	26	0	0	-1	0	0	0	25	0	41	-1	0	-1	-1	0	0	-1	0	0	11	0	0	30	0
c10485	0	0	-1	0	20	-1	0	0	0	0	0	0	0	0	0	41	30	0	0	-1	-1	0	0	-1	0	-1	0	-1	40	46
c10496	5	0	-1	26	0	41	0	47	13	0	4	0	-1	0	0	41	0	4	40	0	0	24	3	47	0	11	0	0	0	39
c10507	5	27	-1	-1	-1	41	0	0	36	-1	-1	-1	0	4	0	-1	0	0	-1	0	-1	-1	0	47	0	11	-1	30	-1	-1
c10544	0	0	-1	0	0	41	-1	7	-1	13	0	39	30	0	13	-1	0	0	0	32	36	0	0	0	0	11	0	0	47	0
c10589	0	0	-1	-1	-1	41	25	0	0	13	0	-1	30	0	13	41	0	26	0	29	0	0	0	22	-1	-1	0	45	-1	-1
c10610	5	0	-1	0	0	41	24	0	-1	45	0	25	-1	0	0	41	0	0	0	38	0	0	0	17	24	11	0	0	27	-1
c10611	5	0	-1	0	0	-1	24	0	0	45	0	25	24	0	-1	-1	0	0	0	38	0	0	-1	17	24	11	0	-1	-1	25
c10624	0	0	-1	0	20	41	46	-1	-1	0	0	-1	-1	0	30	41	30	0	0	0	0	0	0	25	0	11	0	0	40	0
c10641	5	-1	-1	0	0	41	0	0	0	-1	0	0	0	-1	0	41	-1	40	0	38	25	0	42	0	-1	11	0	0	0	-1
c10643	0	0	-1	25	0	41	25	7	0	-1	-1	0	30	0	13	41	0	-1	0	5	0	0	0	0	0	-1	-1	-1	0	27
c10645	0	0	-1	0	0	41	25	-1	30	13	0	27	30	0	13	41	31	0	-1	0	0	-1	-1	0	0	-1	-1	39	30	27
c10671	30	-1	-1	7	-1	41	-1	0	0	0	0	0	19	0	0	-1	0	6	0	0	0	0	-1	0	0	11	0	0	-1	12
c10677	5	0	-1	0	0	41	0	13	0	44	0	0	11	0	-1	41	0	-1	0	0	0	25	42	17	5	11	0	-1	0	0
c10687	0	0	-1	0	-1	-1	0	0	0	13	-1	41	0	0	0	-1	30	-1	-1	0	0	0	-1	25	0	11	-1	0	40	44
c10730	5	0	-1	0	0	41	0	0	44	-1	4	0	-1	0	0	41	0	-1	-1	25	0	17	0	-1	-1	11	0	0	0	0
c10734	-1	-1	-1	3	0	41	0	13	0	-1	0	0	0	0	25	-1	-1	45	-1	-1	47	41	42	0	5	11	49	0	0	0
c10741	0	30	-1	0	-1	41	25	7	0	13	0	40	-1	0	-1	41	31	0	0	0	0	0	0	0	0	-1	0	0	30	0
c10768	0	47	-1	0	0	-1	-1	0	-1	13	-1	0	30	0	13	41	27	0	0	0	-1	-1	0	0	0	11	-1	45	-1	-1
c10777	0	0	-1	0	20	41	-1	39	-1	0	0	0	0	0	21	-1	30	0	-1	0	0	0	34	0	0	11	-1	0	0	0
c10815	5	0	-1	38	19	41	0	-1	0	-1	-1	0	-1	0	0	-1	0	0	0	-1	30	17	0	47	26	11	0	0	17	0
c10854	5	16	-1	0	0	41	0	0	-1	0	0	12	0	0	0	41	0	-1	25	0	0	-1	42	39	13	11	0	0	0	44
c10855	5	-1	-1	0	0	41	-1	0	38	0	0	12	0	0	0	41	-1	3	-1	-1	0	-1	42	39	-1	-1	0	0	0	44
c10860	-1	0	-1	-1	0	41	0	0	0	0	0	0	-1	27	-1	41	0	0	0	40	0	0	13	0	0	11	0	-1	0	17
c10894	-1	-1	-1	44	0	41	0	-1	0	-1	4	26	-1	0	0	41	0	0	0	0	0	17	0	47	0	-1	0	-1	0	-1
c10899	5	0	-1	0	0	41	0	0	37	-1	0	0	0	0	4	41	0	-1	6	0	0	0	0	-1	0	-1	0	0	30	25
c10902	-1	27	-1	0	44	-1	0	0	0	0	4	47	-1	0	0	41	11	0	0	0	0	0	0	47	0	11	-1	0	-1	0
c10907	0	0	-1	0	0	-1	25	0	0	13	-1	0	30	-1	13	41	19	0	-1	34	47	0	0	0	0	11	0	0	22	26
c10949	5	-1	-1	24	0	41	-1	0	-1	0	4	-1	-1	0	-1	41	0	0	0	15	-1	-1	0	47	0	-1	0	0	0	25
c10976	5	0	-1	7	-1	-1	-1	0	41	-1	0	-1	0	0	-1	41	0	-1	0	-1	0	-1	13	-1	0	11	0	0	-1	45
c10986	5	18	-1	-1	47	-1	0	0	0	0	4	0	0	26	0	41	0	30	-1	0	12	0	0	0	0	11	-1	0	0	0
c10993	-1	0	-1	0	0	41	0	-1	0	0	0	16	0	27	-1	41	-1	0	-1	0	0	0	-1	44	0	11	0	0	0	17
c11002	13	0	-1	-1	0	41	25	0	0	13	0	0	30	0	13	41	-1	0	0	0	4	0	-1	0	0	-1	0	45	0	0
c11003	0	0	-1	0	-1	41	25	0	0	13	0	-1	-1	0	13	41	25	-1	0	0	4	0	-1	0	0	-1	-1	45	0	0
c11023	5	-1	-1	0	27	41	41	0	-1	47	4	0	-1	0	0	41	0	-1	-1	0	0	17	9	-1	0	11	0	-1	6	0
c11048	5	0	-1	30	38	41	0	0	0	46	17	0	0	0	-1	41	0	0	0	0	4	4	13	0	0	11	0	0	0	0
c11133	0	-1	-1	0	0	-1	0	0	30	0	45	-1	0	0	0	41	44	0	0	47	0	-1	0	0	0	11	13	0	0	0
c11137	5	0	-1	0	38	-1	0	0	44	0	4	0	0	-1	4	41	0	0	0	3	27	45	27	0	46	11	47	0	0	0
c11148	5	0	-1	24	19	41	0	0	0	11	4	0	-1	0	0	41	0	-1	0	27	30	17	0	47	0	11	0	0	-1	0
c11176	5	21	-1	0	0	41	-1	0	0	0	4	0	28	0	30	-1	0	0	-1	0	25	0	0	47	27	11	0	-1	0	0
c11196	5	0	-1	-1	0	41	0	0	0	0	0	-1	0	0	0	41	0	-1	0	0	39	49	42	-1	13	11	45	0	17	44
c11208	5	0	-1	0	0	41	0	0	-1	-1	4	0	-1	0	0	-1	0	-1	0	25	0	17	-1	47	0	11	34	0	0	-1
c11250	-1	0	-1	0	-1	-1	0	6	39	0	0	0	-1	0	0	-1	30	-1	0	0	-1	-1	40	0	-1	11	0	0	3	-1
c11266	0	-1	-1	30	0	-1	25	-1	0	-1	0	0	-1	0	-1	41	0	0	0	-1	-1	0	0	0	44	-1	3	-1	0	0
c11272	4	0	-1	0	0	41	25	-1	0	13	-1	0	30	0	13	41	31	36	0	46	0	0	0	0	0	11	0	0	-1	-1
c11282	0	-1	-1	0	0	41	-1	40	0	13	0	0	-1	47	-1	41	46	0	-1	0	-1	0	0	-1	-1	-1	38	45	-1	0
c11293	0	0	-1	0	-1	41	13	-1	0	0	-1	0	0	0	-1	41	25	0	0	-1	0	25	0	-1	-1	11	25	0	39	-1
c11324	0	28	-1	-1	0	41	25	-1	0	13	-1	0	30	-1	13	-1	-1	-1	0	0	0	0	0	0	0	11	0	-1	0	-1
c11330	5	25	-1	0	0	41	0	13	-1	-1	0	-1	0	-1	0	41	27	45	0	-1	45	0	42	0	0	11	0	0	0	0
c11337	5	0	-1	0	-1	41	0	0	-1	0	27	24	17	0	27	41	0	0	47	-1	26	0	-1	-1	-1	11	-1	0	40	0
c11346	0	0	-1	0	0	-1	25	0	42	13	-1	0	-1	-1	13	41	40	26	28	34	47	0	44	-1	4	11	-1	13	-1	0
c11347	0	0	-1	0	0	41	25	0	42	13	-1	0	30	-1	-1	41	40	26	28	34	47	0	44	0	-1	11	0	13	0	0
c11349	0	44	-1	-1	0	41	25	40	0	-1	24	26	30	-1	13	41	0	4	-1	40	-1	0	-1	-1	38	-1	46	45	0	-1
c11356	5	0	-1	0	-1	41	0	0	44	0	4	0	0	24	13	41	0	0	0	-1	27	45	27	38	13	11	47	0	0	0
c11376	5	0	-1	0	38	41	0	-1	44	0	-1	0	0	0	0	41	0	40	0	3	27	-1	27	3	0	11	47	0	0	17
c11409	0	0	-1	0	0	41	-1	0	0	13	0	0	30	-1	13	41	45	0	-1	17	-1	0	-1	0	0	11	0	45	0	-1
c11418	0	0	-1	0	0	41	25	40	0	-1	47	0	30	27	13	41	0	4	0	40	47	-1	0	0	0	11	46	45	0	-1
c11452	-1	47	-1	-1	-1	41	25	0	0	13	0	-1	30	0	13	-1	27	0	0	13	4	0	0	-1	0	11	25	45	0	0
c11461	5	-1	-1	19	-1	-1	-1	0	-1	0	0	0	0	0	0	41	0	-1	0	0	0	0	-1	0	-1	11	0	0	0	0
c11466	0	-1	-1	0	0	41	-1	0	-1	0	0	-1	0	0	0	41	0	40	-1	0	-1	27	0	0	-1	11	0	22	39	0
c11476	-1	0	-1	-1	-1	41	0	0	0	0	4	0	0	0	-1	-1	0	0	40	0	25	0	0	47	0	11	0	16	0	37
c11500	5	25	-1	-1	0	41	13	8	0	0	25	0	30	-1	41	41	0	0	17	0	0	0	42	0	0	11	0	0	0	0
c11521	0	0	-1	0	0	41	-1	-1	0	0	0	0	-1	24	-1	41	0	0	40	41	0	0	0	0	0	-1	0	0	0	0
c11535	0	0	-1	16	20	41	0	0	0	-1	0	0	0	-1	0	41	-1	0	0	0	0	0	-1	25	0	11	0	-1	40	46
c11563	12	-1	-1	5	20	41	0	-1	0	0	0	0	0	-1	0	41	30	0	0	27	26	-1	40	0	0	-1	-1	0	-1	-1
c11576	0	-1	-1	13	0	41	25	0	-1	13	0	24	-1	-1	13	41	4	0	0	0	0	-1	0	44	50	-1	0	4	0	-1
c11582	0	0	-1	0	12	41	25	7	30	13	0	27	-1	0	-1	41	31	-1	-1	0	0	0	0	0	0	11	47	0	-1	27
c11586	-1	0	-1	19	0	41	26	-1	0	-1	0	0	0	25	0	41	0	-1	0	0	0	0	42	0	45	11	0	0	30	0
c11591	-1	4	-1	0	-1	-1	0	0	0	0	-1	-1	-1	24	0	41	0	6	0	0	0	0	0	0	-1	11	0	0	-1	0
c11593	0	-1	-1	0	0	41	25	0	13	13	0	13	30	0	-1	41	27	-1	0	13	-1	0	0	0	0	11	25	-1	0	-1
c11605	5	-1	-1	0	-1	41	24	12	47	1	26	0	-1	47	-1	41	0	0	0	47	26	24	47	0	0	-1	0	0	-1	0
c11636	-1	0	-1	-1	0	41	-1	0	0	0	0	-1	0	25	0	41	0	0	0	0	0	0	-1	0	0	11	0	0	30	0
c11641	0	-1	-1	0	0	-1	25	12	0	0	0	0	30	0	-1	-1	-1	-1	-1	-1	0	37	0	0	0	11	0	44	0	21
c11665	0	-1	-1	0	0	41	25	46	0	13	0	-1	-1	25	-1	-1	0	0	0	-1	38	0	0	0	0	11	0	0	-1	0
c11667	0	0	-1	0	20	41	0	0	-1	0	0	0	47	0	0	41	30	41	-1	0	0	-1	0	0	24	11	0	0	3	-1
c11675	0	-1	-1	-1	0	41	25	7	0	13	0	0	-1	0	-1	-1	0	0	0	-1	0	21	-1	0	-1	11	0	0	0	16
c11678	0	0	-1	-1	20	-1	46	44	0	0	7	0	0	-1	-1	41	30	40	0	30	0	0	27	25	-1	11	0	0	40	0
c11696	5	0	-1	0	0	41	-1	0	-1	0	4	0	0	38	-1	41	0	0	40	0	25	0	-1	-1	0	11	0	16	-1	37
c11699	0	-1	-1	0	5	-1	25	7	0	13	46	0	30	0	13	41	-1	-1	41	-1	0	-1	0	-1	0	11	-1	-1	0	47
c11717	-1	0	-1	0	-1	41	0	-1	-1	27	0	0	-1	0	0	41	30	-1	0	15	0	0	40	0	0	11	0	0	3	-1
c11729	0	0	-1	-1	0	41	-1	-1	-1	13	45	0	30	0	-1	41	31	0	0	0	0	0	-1	-1	27	-1	0	0	30	-1
c11734	5	0	-1	30	38	41	0	-1	0	46	17	0	0	0	-1	-1	0	0	0	-1	4	4	13	0	0	11	0	0	0	-1
c11743	-1	0	-1	0	0	41	0	3	0	0	0	0	-1	27	-1	41	0	0	-1	44	0	0	13	44	0	11	0	0	0	-1
c11746	5	0	-1	0	-1	41	24	12	0	1	-1	0	-1	0	27	41	0	0	0	47	26	0	0	-1	45	-1	0	0	40	0
c11752	5	47	-1	-1	0	-1	0	44	13	0	-1	0	-1	-1	0	41	0	0	40	0	-1	0	-1	-1	25	11	-1	0	0	0
c11754	21	3	-1	-1	47	41	25	7	27	13	46	0	-1	0	13	41	0	3	-1	0	0	0	-1	46	-1	11	-1	0	19	0
c11759	-1	0	-1	0	-1	41	-1	-1	0	0	-1	24	-1	0	-1	41	-1	-1	19	0	26	13	-1	-1	0	11	42	0	-1	0
c11763	39	-1	-1	0	-1	41	-1	-1	0	3	0	-1	0	0	-1	41	0	17	0	-1	-1	-1	0	-1	0	11	0	0	39	0
c11769	0	0	-1	0	0	41	25	12	0	0	0	0	30	0	-1	41	-1	-1	-1	-1	0	6	0	0	0	11	40	27	-1	0
c11780	45	0	-1	-1	0	41	25	7	0	13	46	-1	30	-1	13	41	-1	0	-1	0	0	0	0	-1	-1	11	-1	0	-1	0
c11795	0	0	-1	0	0	41	25	7	42	13	44	27	30	-1	13	-1	31	-1	0	0	0	-1	0	0	-1	11	-1	-1	30	27
c11802	5	0	-1	-1	0	-1	9	0	0	0	-1	0	13	0	-1	41	0	-1	0	0	45	24	13	0	0	11	-1	0	0	0
c11804	5	0	-1	27	-1	41	0	0	-1	0	-1	16	-1	0	27	41	0	27	14	-1	26	0	0	0	-1	11	0	-1	-1	0
c11813	5	0	-1	0	0	41	0	-1	0	44	13	-1	0	0	39	41	0	45	-1	0	-1	0	42	0	5	-1	0	45	0	0
c11833	5	0	-1	26	0	41	0	47	13	0	4	0	-1	0	0	41	0	4	40	0	0	24	3	47	0	-1	0	0	0	39
c11838	21	-1	-1	0	0	41	25	7	-1	13	46	0	30	0	-1	-1	-1	0	39	0	0	0	-1	0	0	11	39	-1	0	-1
c11844	17	39	-1	19	-1	-1	25	0	0	13	0	24	30	0	13	-1	0	20	0	0	39	0	25	6	0	11	0	-1	-1	0
c11848	0	-1	-1	-1	0	-1	0	26	0	24	47	0	0	-1	-1	41	44	0	-1	47	0	0	0	-1	0	11	25	0	0	0
c11855	-1	47	-1	0	0	41	25	0	0	13	0	0	30	0	-1	41	27	8	0	0	4	0	0	0	0	11	25	45	-1	0
c11857	5	-1	-1	-1	0	41	0	-1	0	0	0	0	0	37	0	41	0	0	-1	38	-1	-1	0	0	24	11	0	-1	27	0
c11874	30	4	-1	0	-1	41	0	46	-1	0	0	0	7	0	0	41	19	6	-1	0	0	0	45	0	0	11	0	0	39	-1
c11890	-1	0	-1	5	20	-1	0	0	0	0	0	30	0	22	0	41	-1	0	0	0	0	0	-1	0	-1	11	-1	-1	-1	-1
c11899	5	27	-1	-1	28	41	0	0	36	0	4	0	0	4	0	41	0	0	0	0	0	0	0	47	0	11	0	30	27	0
c11935	5	0	-1	0	25	-1	0	0	-1	0	0	0	0	0	46	41	0	0	0	-1	0	-1	0	-1	24	11	17	0	27	0
c11948	-1	0	-1	0	20	41	46	0	-1	0	-1	30	-1	0	0	-1	30	0	0	0	0	0	0	25	0	11	13	0	40	0
c11963	-1	50	-1	0	-1	41	-1	41	0	0	0	24	0	0	27	41	0	0	-1	0	26	13	41	24	-1	-1	-1	0	-1	0
c11968	5	0	-1	0	-1	41	0	44	13	0	-1	0	-1	0	-1	41	-1	36	40	-1	0	0	0	47	0	11	44	0	0	0
c11982	0	42	-1	0	0	41	25	0	0	-1	0	24	30	0	13	41	0	-1	0	0	0	0	0	-1	0	11	0	0	0	0
c12007	-1	0	-1	0	0	41	0	0	0	-1	0	0	0	27	-1	41	0	0	-1	0	0	0	13	0	0	11	47	0	-1	17
c12031	-1	-1	-1	44	47	41	0	0	0	0	4	16	0	0	-1	41	0	-1	-1	41	0	0	0	47	17	11	-1	-1	0	44
c12044	0	0	-1	0	3	41	25	0	0	13	0	0	-1	41	13	41	4	0	0	0	-1	-1	-1	0	0	11	0	45	0	-1
c12045	0	0	-1	-1	-1	41	-1	0	0	-1	0	0	30	41	13	41	-1	-1	0	0	-1	-1	0	0	0	11	0	45	0	-1
c12054	16	0	-1	-1	0	41	25	7	-1	13	13	-1	30	0	13	-1	-1	0	41	-1	-1	0	-1	0	-1	11	0	0	0	-1
c12063	-1	0	-1	0	0	-1	0	-1	-1	45	0	-1	0	-1	-1	-1	0	27	-1	38	0	0	-1	16	-1	11	-1	0	27	-1
c12084	39	0	-1	40	-1	41	-1	17	11	0	0	0	0	-1	44	41	17	0	0	-1	0	-1	-1	0	0	11	0	-1	39	49
c12085	39	0	-1	40	-1	41	45	17	11	0	0	0	0	0	44	41	17	0	0	-1	-1	-1	0	0	0	11	0	-1	39	49
c12100	-1	0	-1	-1	47	41	25	7	47	13	0	27	30	0	13	41	31	0	-1	28	0	44	0	-1	0	11	-1	0	30	0
c12104	0	5	-1	0	0	41	25	7	0	13	0	0	30	-1	13	-1	0	0	0	0	0	0	-1	12	0	11	0	0	47	-1
c12118	-1	27	-1	-1	0	41	0	0	-1	0	0	0	0	0	0	41	-1	0	0	0	0	0	42	27	44	11	0	-1	0	0
c12135	0	27	-1	0	0	-1	-1	7	-1	13	-1	0	30	-1	13	41	0	0	41	0	-1	0	-1	0	0	-1	0	0	0	-1
c12156	5	0	-1	0	0	-1	0	-1	7	36	4	0	-1	0	0	41	-1	0	0	0	25	0	0	47	0	11	0	16	0	-1
c12158	-1	47	-1	0	13	41	25	0	-1	-1	0	-1	30	-1	13	-1	27	0	0	-1	4	0	0	0	0	11	25	45	0	0
c12160	5	0	-1	24	-1	41	-1	17	0	0	4	0	-1	0	0	41	0	0	0	0	27	17	0	47	0	-1	-1	0	0	-1
c12164	0	-1	-1	0	-1	41	-1	7	0	13	-1	-1	30	0	-1	41	7	24	0	0	-1	0	-1	0	0	11	0	0	47	0
c12170	0	0	-1	-1	6	41	-1	0	0	13	-1	30	-1	-1	13	41	0	-1	0	-1	47	0	0	0	0	11	-1	0	0	0
c12173	0	40	-1	0	0	41	25	7	0	13	45	0	30	0	13	-1	31	0	0	0	0	0	0	0	0	11	0	0	-1	40
c12180	5	0	-1	38	-1	41	0	0	0	11	4	0	-1	-1	0	41	0	-1	0	27	-1	-1	0	47	0	11	0	0	-1	-1
c12186	-1	0	-1	47	0	41	-1	0	0	0	0	-1	-1	0	46	41	0	0	0	38	0	0	0	0	24	11	0	-1	-1	0
c12187	5	0	-1	0	0	41	12	0	0	0	0	0	0	-1	46	41	0	0	-1	38	0	-1	0	0	-1	11	0	-1	27	0
c12193	0	-1	-1	-1	0	41	-1	0	0	13	0	-1	30	-1	13	-1	0	-1	0	0	-1	0	-1	16	-1	11	14	-1	0	16
c12194	5	0	-1	24	0	-1	0	0	46	0	-1	0	-1	0	17	41	0	0	0	0	0	17	0	47	0	11	0	-1	0	0
c12202	0	42	-1	-1	0	41	25	-1	0	13	0	24	30	-1	13	41	0	-1	0	0	0	-1	0	0	30	-1	0	0	0	16
c12208	5	-1	-1	0	0	41	13	13	0	44	0	0	11	0	39	41	0	45	-1	13	0	25	42	0	5	11	0	-1	0	0
c12213	5	0	-1	0	0	-1	0	-1	0	0	47	-1	0	0	0	41	0	-1	47	0	0	0	42	13	13	11	0	-1	0	44
c12223	0	0	-1	0	0	41	25	7	30	13	0	27	30	0	13	41	31	0	-1	0	0	0	0	0	3	-1	-1	39	30	27
c12237	0	0	-1	0	20	41	-1	0	28	13	0	0	-1	0	-1	-1	30	0	-1	44	0	47	0	25	0	11	0	0	40	0
c12238	17	0	-1	-1	0	41	25	38	37	13	0	-1	-1	0	13	-1	44	0	0	0	0	-1	16	3	0	-1	0	-1	0	-1
c12241	5	0	-1	0	0	41	-1	0	0	45	0	-1	0	-1	-1	41	-1	0	0	38	-1	0	0	-1	24	11	0	0	-1	0
c12244	5	0	-1	0	-1	-1	-1	0	0	42	0	0	32	-1	0	-1	-1	0	30	38	0	0	0	25	24	-1	0	-1	27	0
c12252	5	0	-1	19	0	41	13	0	0	0	0	-1	0	0	41	41	0	0	0	0	0	0	42	21	-1	11	0	0	0	0
c12253	5	0	-1	19	0	41	13	-1	0	0	0	0	0	-1	41	-1	44	0	0	0	-1	-1	42	-1	0	11	0	0	0	0
c12263	-1	0	-1	0	0	41	25	0	47	13	0	-1	30	0	13	41	45	0	0	27	-1	-1	-1	0	0	11	0	45	0	-1
c12278	-1	0	-1	0	-1	41	24	0	16	45	26	0	0	0	27	41	0	-1	0	38	26	0	0	7	-1	11	0	0	40	0
c12283	5	0	-1	3	0	41	50	13	0	-1	0	0	0	0	0	41	0	45	0	0	0	0	42	0	5	11	49	0	0	-1
c12289	-1	0	-1	0	-1	41	0	30	0	0	-1	27	0	-1	27	41	0	0	21	13	26	0	-1	41	0	-1	0	0	40	0
c12292	5	-1	-1	44	0	41	9	0	-1	0	-1	0	13	0	-1	-1	0	30	0	-1	45	0	13	-1	0	11	0	0	-1	0
c12304	0	0	-1	0	20	41	0	-1	0	0	0	0	0	0	0	-1	30	-1	40	0	0	40	-1	-1	0	11	-1	0	0	0
c12314	0	0	-1	27	17	-1	25	0	0	13	-1	0	30	-1	-1	41	12	-1	11	34	47	0	0	0	4	11	0	-1	0	0
c12320	0	0	-1	0	0	-1	25	0	-1	13	-1	0	-1	-1	-1	41	19	0	-1	34	47	0	-1	47	0	11	0	-1	22	0
c12323	0	14	-1	0	20	-1	0	13	-1	-1	0	13	26	-1	0	-1	30	17	0	0	0	0	0	25	32	11	41	0	40	0
c12357	0	14	-1	34	22	41	25	0	0	-1	27	0	30	-1	13	41	0	0	-1	0	0	42	0	-1	-1	11	-1	0	4	0
c12359	0	-1	-1	26	-1	41	25	0	-1	13	0	0	30	-1	13	41	-1	0	24	0	4	-1	0	0	0	11	38	-1	0	0
c12364	0	5	-1	-1	-1	41	-1	7	-1	13	0	0	30	0	13	41	0	0	-1	0	0	0	-1	0	-1	11	0	0	47	0
c12367	0	0	-1	0	6	41	25	-1	-1	13	0	0	-1	0	13	41	-1	16	0	0	-1	0	0	0	-1	-1	-1	45	-1	-1
c12374	0	-1	-1	-1	0	41	25	0	0	13	-1	0	-1	-1	13	41	-1	-1	0	34	47	0	-1	0	4	11	0	13	0	0
c12379	0	0	-1	-1	0	41	-1	7	0	13	-1	26	30	0	13	41	-1	3	0	0	46	0	-1	-1	0	11	0	0	-1	0
c12397	0	0	-1	0	0	41	-1	7	0	13	0	-1	30	9	13	41	17	0	-1	0	0	0	0	0	3	11	0	0	0	0
c12414	5	0	-1	38	0	41	26	0	44	0	4	0	4	0	0	41	-1	42	0	0	0	0	0	0	0	-1	-1	0	0	0
c12418	-1	40	-1	0	-1	41	25	7	0	13	0	0	30	0	13	-1	-1	0	-1	0	0	0	-1	17	-1	11	41	0	47	-1
c12420	5	46	-1	50	38	41	-1	16	44	0	4	0	0	0	-1	41	0	0	0	3	27	45	27	45	-1	11	47	0	0	0
c12423	-1	0	-1	0	-1	41	-1	-1	14	-1	-1	0	30	-1	13	41	0	0	0	34	-1	0	0	-1	4	-1	0	30	0	0
c12437	5	0	-1	-1	-1	-1	-1	-1	0	-1	0	0	0	0	9	41	-1	-1	-1	38	-1	0	0	-1	-1	-1	0	0	27	0
c12440	0	-1	-1	-1	0	41	0	0	0	-1	0	0	0	0	-1	41	44	-1	-1	0	0	36	13	-1	0	11	0	0	0	-1
c12449	0	0	-1	-1	0	41	25	0	0	-1	-1	0	30	-1	-1	41	0	0	0	-1	-1	0	0	0	4	11	0	0	4	0
c12462	5	-1	-1	0	17	41	-1	-1	42	0	0	0	0	37	47	41	0	0	30	38	3	0	0	0	24	11	0	0	27	0
c12468	-1	0	-1	0	0	41	-1	0	0	0	-1	-1	0	0	25	41	0	25	0	24	39	25	47	-1	0	11	25	0	39	-1
c12472	-1	0	-1	50	-1	41	25	7	0	13	0	4	30	-1	-1	-1	0	47	0	13	0	0	0	-1	3	11	0	0	0	0
c12491	0	47	-1	0	0	41	25	0	0	13	0	0	-1	0	13	41	27	0	-1	0	4	0	0	0	-1	11	-1	45	0	0
c12498	21	0	-1	0	40	41	25	7	0	13	46	25	30	13	-1	41	32	0	0	0	0	0	-1	-1	0	-1	-1	0	0	47
c12517	0	0	-1	-1	0	41	25	0	0	13	0	0	30	0	13	41	0	0	25	0	-1	-1	-1	0	0	11	-1	45	0	-1
c12530	5	0	-1	0	0	41	0	0	0	45	0	25	0	0	0	-1	-1	0	0	38	0	-1	-1	-1	24	11	0	42	27	25
c12542	-1	-1	-1	0	-1	41	25	7	0	13	-1	0	-1	0	-1	-1	4	0	0	-1	0	0	0	0	0	11	0	0	0	0
c12558	-1	-1	-1	0	0	41	25	0	0	13	-1	0	30	-1	-1	41	0	26	0	-1	-1	0	5	0	4	11	-1	13	0	0
c12560	-1	-1	-1	0	13	41	0	0	0	45	-1	0	0	0	-1	-1	-1	0	0	38	0	0	0	0	24	11	0	4	27	0
c12561	5	0	-1	0	13	-1	0	0	0	45	0	-1	0	0	0	41	0	0	0	38	0	-1	0	0	24	11	0	4	27	0
c12570	-1	-1	-1	-1	0	41	-1	-1	0	13	46	-1	30	0	-1	41	0	0	-1	5	46	0	0	-1	0	11	0	44	-1	0
c12575	0	28	-1	0	0	41	-1	12	47	-1	0	4	30	0	-1	41	-1	-1	0	-1	-1	-1	0	0	0	11	0	0	16	0
c12607	25	0	-1	0	20	41	-1	30	0	13	0	0	36	-1	0	41	-1	0	0	4	33	0	0	25	0	11	0	-1	40	0
c12609	0	0	-1	0	0	-1	-1	7	47	13	-1	27	30	0	13	41	-1	4	-1	0	38	-1	-1	0	0	11	0	0	30	0
c12613	5	-1	-1	0	34	41	0	0	44	31	4	0	37	-1	-1	41	0	0	0	-1	0	-1	0	20	17	-1	0	0	-1	0
c12631	5	0	-1	0	0	41	47	0	0	0	0	45	-1	-1	0	41	0	0	0	0	3	-1	42	13	-1	11	0	0	47	44
c12641	5	22	-1	19	0	41	13	0	-1	0	0	0	41	0	45	41	0	0	40	0	0	-1	42	0	0	-1	0	31	0	18
c12650	-1	0	-1	0	18	41	25	7	0	13	-1	4	30	-1	13	41	0	47	0	13	0	0	8	0	3	11	-1	0	0	0
c12667	0	-1	-1	26	0	41	25	0	0	13	0	0	30	47	13	41	46	0	24	0	4	0	0	-1	0	11	38	-1	0	0
c12704	-1	0	-1	0	20	-1	0	0	-1	-1	-1	0	47	0	0	41	30	-1	-1	19	0	-1	41	0	0	-1	-1	0	0	-1
c12710	0	12	-1	0	47	41	0	7	0	0	-1	0	0	0	0	41	44	0	0	13	0	0	0	0	0	11	13	0	0	-1
c12717	5	0	-1	-1	0	41	0	11	0	0	0	0	-1	0	-1	41	0	-1	37	0	-1	47	13	3	0	11	0	0	0	0
c12735	-1	-1	-1	0	0	41	-1	7	0	13	0	-1	-1	38	13	41	-1	0	0	0	-1	-1	-1	0	0	11	0	0	-1	0
c12738	5	0	-1	0	0	41	0	0	44	11	4	0	-1	0	-1	-1	-1	0	0	25	0	17	0	47	0	-1	-1	-1	0	0
c12739	5	0	-1	0	0	41	0	0	44	11	4	-1	-1	0	0	41	0	-1	0	25	0	17	0	-1	0	11	0	0	0	0
c12740	-1	-1	-1	0	20	-1	-1	-1	0	0	0	-1	-1	27	-1	41	-1	44	-1	0	-1	26	-1	0	0	11	-1	0	0	-1
c12754	-1	-1	-1	5	20	41	-1	0	24	0	0	0	0	0	-1	41	30	0	0	0	0	-1	40	0	0	11	0	0	-1	-1
c12756	0	42	-1	0	-1	41	25	0	-1	-1	0	24	-1	-1	13	41	0	0	-1	0	27	38	44	0	7	-1	0	0	0	-1
c12762	-1	0	-1	-1	0	41	0	0	41	0	0	-1	0	0	-1	41	0	-1	-1	0	0	30	13	0	-1	11	0	0	0	-1
c12776	-1	0	-1	0	0	-1	25	0	47	13	0	0	30	0	-1	41	45	0	0	0	-1	0	0	0	0	11	0	45	-1	-1
c12789	5	0	-1	0	47	41	0	0	0	-1	4	40	0	26	-1	-1	0	-1	0	0	12	0	45	0	0	11	0	0	-1	0
c12790	30	4	-1	-1	-1	41	26	0	-1	-1	0	0	0	18	0	-1	0	6	0	0	0	0	0	0	-1	11	-1	0	39	-1
c12805	45	0	-1	0	0	-1	25	12	0	0	0	0	30	0	-1	-1	-1	-1	-1	-1	0	6	0	0	0	11	0	40	16	0
c12807	0	0	-1	0	6	41	-1	0	0	13	-1	24	30	-1	13	41	0	0	0	-1	-1	0	0	0	0	11	7	0	-1	-1
c12810	0	47	-1	0	0	41	25	7	0	13	0	0	30	0	13	41	0	0	-1	0	0	21	0	0	0	-1	0	0	-1	-1
c12821	-1	0	-1	13	0	41	13	-1	0	-1	-1	-1	-1	-1	25	41	0	0	0	0	0	-1	47	0	0	11	25	0	39	-1
c12825	-1	27	-1	44	-1	-1	0	0	-1	0	4	-1	0	-1	39	41	0	-1	0	41	0	44	0	47	17	11	0	0	0	44
c12827	25	0	-1	0	-1	41	-1	12	19	0	0	0	30	-1	-1	41	-1	19	0	41	0	0	0	0	13	11	0	-1	0	0
c12832	5	0	-1	0	0	41	0	-1	4	0	-1	0	0	-1	0	41	-1	-1	32	0	-1	24	42	14	0	11	0	0	8	0
c12845	-1	12	-1	-1	0	41	0	0	0	-1	0	0	0	0	30	41	-1	-1	27	18	0	0	38	0	0	11	0	0	-1	0
c12846	0	0	-1	-1	0	-1	25	7	0	-1	0	-1	30	0	13	41	0	-1	0	36	-1	25	-1	0	-1	11	0	20	-1	0
c12847	-1	0	-1	-1	0	41	-1	7	0	-1	-1	37	-1	0	13	41	0	-1	-1	-1	0	25	-1	0	0	-1	0	-1	47	0
c12850	0	47	-1	0	0	41	25	0	13	13	0	0	30	0	13	41	27	0	0	13	-1	4	0	0	0	11	25	-1	0	7
c12895	39	0	-1	0	0	41	-1	-1	0	40	-1	0	19	0	0	41	-1	0	0	-1	0	0	-1	0	0	-1	-1	0	39	31
c12921	0	-1	-1	0	-1	41	-1	0	0	13	-1	30	-1	-1	13	41	-1	0	0	-1	47	0	-1	0	0	-1	-1	0	0	0
c12923	-1	0	-1	0	-1	41	-1	7	-1	13	12	27	30	0	13	41	-1	0	0	28	0	44	0	0	-1	11	4	-1	30	0
c12924	5	-1	-1	44	0	41	9	0	0	0	13	0	-1	0	-1	41	41	30	0	0	45	0	13	0	0	11	41	47	-1	0
c12949	-1	0	-1	0	0	41	-1	0	0	13	0	0	30	0	13	-1	0	-1	0	-1	47	0	-1	0	0	11	0	-1	25	-1
c12950	5	0	-1	-1	38	41	0	0	0	0	17	0	-1	0	-1	41	0	-1	0	-1	25	4	13	0	-1	11	0	0	0	0
c12955	0	0	-1	0	-1	41	46	-1	-1	0	0	30	46	0	0	41	-1	0	-1	0	-1	-1	40	25	0	11	-1	-1	-1	0
c12957	0	0	-1	0	20	41	0	11	-1	-1	0	0	0	-1	0	41	-1	0	-1	0	0	-1	0	25	0	11	0	0	40	-1
c12972	5	-1	-1	0	0	41	26	0	0	0	0	0	0	-1	-1	-1	37	0	0	-1	0	0	-1	0	0	11	0	0	-1	0
c12979	0	-1	-1	0	-1	-1	-1	0	0	19	0	-1	0	0	0	41	32	6	0	30	0	0	0	37	-1	-1	0	0	39	0
c12981	0	0	-1	0	30	41	25	-1	33	41	0	0	30	-1	13	-1	-1	0	13	29	0	-1	0	0	-1	11	-1	0	-1	-1
c12987	21	0	-1	0	0	-1	25	7	0	13	-1	0	30	0	-1	-1	46	-1	-1	0	0	-1	-1	0	0	-1	-1	25	38	-1
c12997	5	0	-1	0	0	41	0	0	44	-1	4	0	-1	0	0	41	0	0	-1	25	0	17	0	47	-1	11	0	0	0	0
c13005	0	42	-1	-1	0	-1	25	0	25	13	0	-1	30	13	13	41	-1	0	-1	0	44	-1	0	0	0	11	0	27	-1	24
c13032	0	-1	-1	0	13	41	25	0	0	13	0	0	30	0	13	41	27	0	0	0	-1	0	-1	0	0	11	25	45	0	0
c13033	0	-1	-1	0	-1	41	-1	0	0	13	0	0	30	0	13	41	-1	0	0	0	4	0	0	0	0	11	25	45	-1	0
c13040	5	-1	-1	0	0	41	0	13	0	44	0	0	0	27	0	41	0	45	0	25	-1	0	42	0	5	11	0	0	-1	0
c13044	21	-1	-1	0	0	41	25	7	0	-1	-1	0	30	0	13	41	0	0	0	25	0	0	0	-1	41	11	0	-1	0	40
c13065	5	-1	-1	-1	0	-1	0	11	0	0	-1	0	0	0	-1	-1	27	-1	0	4	-1	-1	13	0	15	11	0	0	-1	0
c13077	-1	0	-1	0	0	41	-1	40	0	13	47	-1	30	27	13	41	16	-1	0	40	47	-1	0	47	0	11	46	45	0	-1
c13092	0	0	-1	-1	0	41	25	12	0	-1	47	0	-1	0	-1	41	-1	0	-1	41	0	0	-1	0	-1	-1	-1	26	0	16
c13098	-1	19	-1	-1	-1	41	-1	0	-1	-1	0	-1	47	0	0	41	30	41	0	0	0	-1	-1	-1	-1	11	0	0	3	-1
c13114	25	0	-1	0	20	-1	0	30	-1	13	-1	0	0	0	-1	41	30	0	0	0	0	0	0	25	0	11	0	0	40	0
c13117	5	0	-1	0	0	41	47	0	0	0	-1	0	0	0	0	41	0	0	0	30	46	40	-1	13	13	-1	0	0	47	-1
c13124	-1	0	-1	0	0	41	-1	13	0	44	0	0	24	-1	0	41	0	45	0	0	0	-1	-1	0	5	11	-1	0	0	-1
c13132	-1	0	-1	0	-1	-1	0	0	0	0	-1	0	0	0	46	41	0	0	0	-1	0	0	0	-1	-1	-1	17	-1	27	0
c13133	5	0	-1	0	25	-1	-1	0	0	-1	0	-1	0	0	46	41	0	0	0	38	0	0	0	-1	24	-1	-1	0	27	0
c13155	-1	0	-1	0	13	-1	0	-1	0	0	4	0	6	0	0	41	0	17	0	0	25	-1	13	47	46	-1	0	16	0	0
c13158	5	13	-1	0	0	-1	-1	-1	-1	-1	4	0	47	-1	-1	41	0	0	0	0	0	4	0	20	17	11	0	0	0	0
c13167	0	-1	-1	0	0	41	25	0	0	13	0	0	-1	0	13	41	27	-1	0	0	4	0	-1	0	-1	11	25	45	0	0
c13178	0	45	-1	0	47	41	25	12	0	16	0	0	30	0	-1	41	-1	17	0	41	-1	0	0	-1	-1	11	0	26	-1	-1
c13193	0	-1	-1	-1	0	41	-1	7	0	13	0	0	30	0	13	41	-1	0	0	0	30	-1	0	47	27	-1	0	13	-1	-1
c13198	0	0	-1	24	0	41	25	7	0	13	0	-1	30	-1	-1	41	31	-1	0	9	0	0	0	0	0	-1	0	-1	30	27
c13205	21	1	-1	-1	0	41	25	7	0	-1	46	25	30	13	13	41	0	-1	-1	0	0	0	-1	-1	0	11	25	0	0	47
c13214	0	47	-1	42	-1	-1	25	-1	0	13	-1	-1	30	47	13	41	-1	0	0	0	4	27	0	0	0	-1	40	45	27	-1
c13219	5	18	-1	0	0	41	-1	0	-1	0	-1	-1	0	-1	0	41	0	-1	0	12	-1	0	0	-1	-1	11	0	39	0	-1
c13225	21	47	-1	0	-1	41	13	0	0	0	-1	0	0	26	25	-1	25	25	30	0	0	25	0	0	0	11	25	0	39	-1
c13232	0	0	-1	0	-1	41	25	0	-1	13	0	0	-1	0	13	41	0	31	-1	0	47	4	0	0	46	-1	0	45	0	-1
c13238	-1	0	-1	-1	0	-1	-1	7	-1	13	0	27	-1	0	-1	41	31	0	0	0	0	0	0	-1	-1	11	0	0	30	27
c13244	-1	0	-1	0	36	-1	25	0	0	-1	-1	-1	-1	-1	13	41	19	0	0	34	47	0	-1	0	13	11	-1	-1	22	0
c13252	-1	0	-1	0	0	41	25	-1	30	13	0	27	30	0	13	41	31	-1	-1	0	0	-1	0	0	0	-1	47	39	30	27
c13279	0	40	-1	-1	0	41	25	-1	0	-1	46	-1	-1	0	-1	-1	0	0	0	0	0	-1	-1	-1	-1	11	29	0	0	7
c13287	0	0	-1	0	-1	41	25	7	0	13	46	0	-1	0	13	41	0	22	0	5	46	0	0	-1	0	11	24	0	0	0
c13300	-1	0	-1	0	0	41	-1	40	0	-1	-1	0	30	27	13	41	16	-1	0	40	47	0	-1	47	0	11	46	45	0	-1
c13301	0	0	-1	0	0	41	-1	40	0	-1	47	0	30	27	13	-1	16	4	0	40	47	0	-1	47	-1	11	46	45	-1	-1
c13303	-1	-1	-1	0	7	-1	25	-1	0	13	-1	0	30	0	13	-1	0	0	0	0	47	0	7	0	-1	11	0	45	0	-1
c13304	0	0	-1	0	0	41	25	7	47	13	42	-1	30	0	13	41	31	4	0	0	38	44	30	0	0	11	0	0	-1	0
c13335	19	-1	-1	0	20	41	0	0	-1	-1	0	0	47	0	0	41	30	41	0	0	-1	-1	0	0	24	11	0	0	3	-1
c13337	0	-1	-1	0	0	41	25	7	-1	13	46	0	30	0	13	41	7	-1	0	5	46	37	0	-1	0	11	0	-1	0	0
c13340	0	-1	-1	0	0	41	25	40	0	13	-1	26	30	27	13	41	0	-1	-1	40	47	0	-1	0	38	-1	46	45	-1	-1
c13341	-1	44	-1	0	0	41	25	40	0	13	-1	26	30	-1	13	41	0	-1	0	40	47	0	0	0	38	-1	46	45	0	-1
c13348	5	0	-1	17	0	-1	39	-1	0	0	0	0	0	0	-1	-1	0	24	0	0	0	4	13	0	0	11	0	0	0	0
c13354	0	-1	-1	0	0	-1	25	0	0	13	0	0	30	0	13	41	27	0	0	13	4	0	0	0	0	11	25	45	0	0
c13369	5	30	-1	-1	-1	-1	41	-1	0	0	0	24	0	0	27	-1	0	0	0	-1	26	-1	0	29	0	11	0	16	40	-1
c13385	5	0	-1	0	47	41	0	-1	22	39	-1	-1	-1	-1	0	-1	-1	30	0	17	12	0	0	0	0	11	0	0	0	44
c13391	-1	3	-1	0	0	41	25	-1	0	13	47	-1	30	27	13	41	0	-1	0	40	47	0	0	0	0	11	-1	45	0	-1
c13398	5	0	-1	-1	0	41	0	44	13	0	-1	0	-1	-1	0	41	0	21	40	-1	17	0	24	47	25	11	-1	0	-1	0
c13399	5	0	-1	0	0	41	0	-1	-1	0	-1	0	-1	-1	0	41	0	21	40	0	17	0	24	47	25	11	-1	0	0	0
c13409	0	0	-1	25	0	41	25	-1	-1	13	-1	0	30	0	13	41	0	0	13	29	0	7	39	26	0	11	0	45	25	-1
c13410	5	0	-1	0	38	41	0	0	44	0	4	-1	0	3	-1	41	0	0	0	3	27	45	27	0	0	11	-1	0	-1	0
c13412	21	0	-1	0	0	41	25	7	0	13	46	0	-1	0	13	41	0	0	39	0	0	0	0	0	38	11	-1	0	0	-1
c13418	0	0	-1	0	-1	41	-1	0	0	0	-1	0	0	0	0	41	30	0	0	0	0	-1	40	0	-1	11	-1	0	3	-1
c13458	-1	4	-1	0	-1	-1	0	-1	-1	0	0	0	7	0	0	-1	19	-1	-1	37	0	0	0	0	0	11	0	0	-1	0
c13468	5	0	-1	0	0	41	-1	0	0	45	0	0	0	0	-1	-1	0	0	-1	38	25	-1	0	0	24	11	-1	4	-1	0
c13471	0	0	-1	-1	20	41	0	0	0	0	0	0	-1	0	-1	-1	30	36	0	0	-1	0	0	25	0	11	0	0	40	46
c13480	5	27	-1	44	0	41	34	13	-1	0	4	-1	0	-1	3	41	0	0	0	41	-1	-1	0	47	-1	11	27	0	0	44
c13484	-1	30	-1	0	-1	41	25	0	37	13	0	24	30	0	13	41	-1	0	0	0	0	0	16	0	-1	11	0	0	17	0
c13488	-1	0	-1	3	0	41	0	13	0	44	0	-1	-1	0	0	41	0	45	0	0	0	0	42	39	5	11	49	0	-1	0
c13491	0	0	-1	0	0	-1	-1	-1	0	13	27	0	-1	0	13	41	0	0	0	46	0	25	0	21	-1	-1	13	-1	-1	0
c13493	0	0	-1	-1	-1	41	26	0	0	0	0	0	44	0	0	41	-1	0	-1	0	47	0	-1	0	-1	-1	0	-1	3	-1
c13496	17	30	-1	0	41	41	25	0	37	13	0	24	30	0	-1	41	44	0	-1	50	0	0	16	17	-1	11	0	0	0	-1
c13502	0	40	-1	0	7	41	-1	-1	0	13	0	0	-1	0	-1	41	0	0	0	0	-1	0	7	0	0	11	0	45	-1	-1
c13508	39	0	-1	0	0	41	-1	0	-1	34	27	0	-1	0	-1	41	0	-1	0	-1	0	0	-1	0	0	11	-1	0	39	31
c13511	0	0	-1	0	0	41	25	12	0	0	0	0	30	0	-1	41	-1	0	0	41	0	-1	0	-1	-1	11	0	0	0	-1
c13518	5	0	-1	0	0	41	0	13	0	44	0	0	0	0	0	41	0	45	0	0	0	0	42	-1	5	11	0	0	0	-1
c13543	-1	-1	-1	-1	0	-1	0	13	44	0	4	-1	0	0	0	41	-1	0	47	0	27	0	-1	-1	0	11	47	-1	0	0
c13562	5	0	-1	0	0	41	-1	0	0	0	0	0	0	25	0	41	-1	-1	-1	0	0	0	42	0	0	11	0	-1	30	0
c13571	-1	11	-1	30	0	41	25	25	0	0	0	0	30	-1	-1	-1	5	47	17	-1	0	0	0	0	44	11	3	-1	0	-1
c13577	0	4	-1	0	-1	41	0	0	47	0	0	-1	0	0	0	41	-1	6	0	0	0	0	-1	0	0	11	0	0	39	0
c13582	0	0	-1	0	1	-1	25	-1	0	13	46	45	30	-1	13	41	0	-1	0	5	-1	0	0	-1	0	11	-1	0	0	0
c13584	0	0	-1	-1	20	41	46	44	0	-1	7	0	0	0	0	-1	-1	-1	24	-1	0	0	27	25	0	11	0	0	-1	-1
c13588	0	-1	-1	0	0	41	-1	7	-1	-1	-1	0	30	38	13	41	-1	0	-1	0	-1	0	-1	0	0	11	0	-1	47	0
c13592	5	0	-1	0	44	-1	12	-1	0	-1	-1	0	4	0	46	-1	0	3	-1	38	0	-1	0	0	24	11	-1	-1	27	0
c13621	5	-1	-1	24	0	41	0	27	0	0	-1	0	-1	-1	0	41	0	-1	-1	-1	0	17	-1	47	-1	11	0	0	0	0
c13623	0	0	-1	0	0	-1	-1	12	0	0	0	0	-1	0	-1	41	-1	-1	0	-1	0	6	-1	-1	0	11	0	0	16	-1
c13630	25	13	-1	0	0	-1	0	26	0	0	0	0	0	-1	-1	41	44	0	45	-1	-1	0	0	0	0	11	25	0	0	0
c13632	0	0	-1	0	0	41	25	40	0	13	47	0	30	27	13	41	-1	4	-1	40	47	0	0	0	0	11	46	45	0	-1
c13633	-1	0	-1	0	0	41	25	40	0	13	47	0	30	27	13	41	0	4	-1	40	-1	0	0	-1	0	11	46	45	0	-1
c13645	5	0	-1	0	0	41	0	0	0	36	4	0	-1	0	0	41	0	0	0	0	25	-1	-1	47	0	11	0	-1	0	0
c13668	5	0	-1	0	-1	41	0	-1	0	-1	4	0	-1	-1	0	41	-1	0	0	0	25	0	0	47	0	-1	0	0	-1	0
c13677	0	42	-1	0	0	-1	13	0	0	0	-1	13	40	0	25	41	0	0	16	-1	0	25	-1	0	0	11	25	40	39	-1
c13695	39	0	-1	0	-1	41	12	-1	0	-1	0	-1	0	0	44	41	-1	0	0	-1	0	-1	0	0	-1	11	17	0	39	-1
c13699	21	0	-1	0	-1	41	25	7	0	13	46	50	30	13	13	41	0	0	-1	0	0	0	46	-1	0	11	0	30	0	-1
c13700	-1	0	-1	0	0	-1	0	0	0	-1	0	0	0	-1	0	41	0	0	-1	0	27	40	42	13	13	11	0	0	47	44
c13707	0	0	-1	-1	-1	41	25	-1	0	13	0	-1	30	0	13	41	0	16	0	-1	47	0	0	-1	47	11	0	45	-1	-1
c13714	5	0	-1	0	0	-1	26	0	-1	0	0	0	-1	-1	0	41	0	0	42	0	0	-1	42	0	-1	11	-1	0	-1	0
c13732	0	12	-1	-1	0	-1	27	-1	0	0	0	0	0	0	0	-1	44	0	0	0	-1	36	0	0	21	11	0	0	0	0
c13763	45	-1	-1	0	0	41	25	12	0	0	0	0	30	-1	-1	41	-1	-1	0	-1	0	6	-1	0	0	-1	0	40	16	-1
c13806	5	44	-1	39	0	41	0	16	0	25	4	0	27	3	0	41	0	-1	0	0	-1	0	0	47	4	11	-1	16	-1	-1
c13808	0	5	-1	13	0	-1	25	7	0	13	26	0	30	0	-1	41	0	0	0	0	0	21	-1	0	0	11	19	-1	47	-1
c13809	-1	5	-1	13	0	41	25	7	0	13	26	0	30	0	13	-1	0	0	0	0	0	21	-1	-1	0	11	-1	-1	47	-1
c13811	0	0	-1	0	27	41	-1	7	0	13	0	0	30	46	-1	41	-1	-1	26	0	0	-1	0	0	3	11	25	0	0	0
c13812	0	0	-1	27	17	41	-1	0	0	-1	-1	-1	30	-1	-1	-1	-1	-1	11	34	47	0	0	0	4	11	0	0	0	-1
c13845	0	-1	-1	0	-1	41	0	0	0	-1	0	4	0	0	0	-1	-1	6	0	0	0	0	0	-1	25	11	0	-1	39	0
c13860	0	0	-1	-1	20	41	46	0	-1	-1	-1	30	46	25	0	-1	30	-1	-1	0	-1	-1	0	25	0	11	0	0	40	0
c13879	21	-1	-1	0	0	41	25	-1	26	13	46	25	30	0	13	-1	0	-1	0	0	-1	0	-1	0	-1	11	12	0	0	0
c13887	0	14	-1	-1	0	41	25	0	0	13	9	0	30	-1	13	41	0	0	0	-1	0	42	0	0	0	11	27	27	-1	0
c13895	5	-1	-1	0	-1	41	0	30	-1	0	26	27	0	-1	27	41	0	0	21	13	-1	0	0	-1	0	11	13	-1	-1	0
c13911	0	-1	-1	0	0	41	25	12	0	0	0	17	-1	0	-1	41	0	0	0	41	0	0	-1	0	0	11	-1	0	-1	0
c13917	24	5	-1	0	0	41	25	7	0	13	-1	-1	-1	-1	13	41	-1	38	0	0	0	0	-1	0	0	11	-1	0	47	-1
c13918	17	-1	-1	-1	41	-1	25	0	37	-1	0	24	30	0	13	41	44	0	0	50	0	-1	16	17	0	11	-1	0	0	0
c13921	-1	0	-1	0	20	41	-1	39	0	0	0	-1	-1	0	0	41	30	0	-1	0	0	0	34	0	27	11	-1	0	0	41
c13928	5	27	-1	44	47	41	0	0	0	0	4	16	-1	-1	0	-1	0	0	0	41	0	0	0	-1	17	11	0	0	0	44
c13929	5	27	-1	44	47	41	-1	0	0	0	4	-1	0	0	0	-1	0	0	0	-1	0	0	-1	-1	-1	11	-1	0	0	44
c13939	21	0	-1	0	0	41	-1	-1	-1	13	46	0	30	13	13	41	0	-1	-1	0	0	0	46	0	0	11	0	-1	47	-1
c13950	0	16	-1	0	36	-1	25	-1	13	13	-1	0	30	-1	13	41	19	0	0	34	47	0	0	0	-1	11	0	0	22	0
c13960	41	42	-1	-1	0	41	25	-1	0	13	0	-1	-1	27	-1	41	-1	0	0	0	24	0	0	0	0	11	0	-1	13	-1
c13963	24	0	-1	24	0	41	25	7	-1	13	0	27	-1	0	-1	41	31	0	-1	0	0	0	0	4	0	-1	-1	13	-1	27
c13972	5	-1	-1	0	-1	-1	0	44	-1	-1	-1	-1	0	-1	0	41	-1	0	0	-1	0	13	-1	0	0	11	25	0	0	25
c13990	5	-1	-1	0	-1	41	0	0	12	0	4	0	0	26	0	41	0	30	0	0	12	0	0	0	0	11	0	0	0	-1
c13992	-1	0	-1	0	0	41	24	0	-1	-1	0	25	24	-1	0	41	-1	0	0	38	0	0	0	17	-1	11	-1	0	27	25
c13998	5	0	-1	0	-1	41	0	0	0	0	0	0	0	-1	0	41	-1	0	-1	38	-1	0	0	25	-1	-1	-1	0	-1	0
c14007	0	0	-1	0	20	41	0	0	0	0	0	24	44	-1	0	41	30	0	0	-1	24	-1	0	25	0	11	-1	-1	-1	0
c14034	0	0	-1	0	-1	41	0	0	0	13	0	-1	0	0	-1	41	30	0	-1	0	0	0	-1	25	0	11	-1	0	-1	44
c14048	5	0	-1	0	-1	41	45	0	0	0	26	0	0	4	27	41	15	0	0	13	-1	0	0	0	0	11	-1	25	-1	0
c14053	0	-1	-1	-1	0	41	25	-1	30	13	0	27	30	0	13	41	31	13	0	0	1	0	0	0	0	11	-1	0	30	27
c14055	-1	0	-1	17	20	-1	0	0	-1	0	0	0	-1	0	0	41	30	44	0	0	0	26	-1	-1	0	11	-1	0	0	27
c14064	0	47	-1	0	0	41	25	0	0	13	-1	0	30	0	13	41	27	0	0	0	-1	0	0	0	0	11	25	45	0	0
c14075	0	13	-1	0	-1	41	25	12	0	0	47	-1	-1	0	-1	-1	-1	0	0	-1	0	0	-1	-1	13	11	0	0	0	16
c14078	5	0	-1	19	0	41	26	0	0	0	0	-1	0	25	-1	41	0	-1	-1	-1	0	0	42	-1	45	11	0	-1	30	44
c14080	0	0	-1	0	0	41	25	13	0	13	0	0	-1	-1	13	41	0	0	0	0	4	0	0	25	0	-1	21	45	-1	0
c14100	5	0	-1	0	0	41	0	0	0	0	-1	0	32	0	0	41	0	0	-1	38	0	0	0	-1	24	11	0	-1	27	-1
c14114	0	-1	-1	0	0	41	-1	0	0	0	-1	0	0	39	0	-1	0	-1	0	24	-1	25	0	0	25	11	-1	-1	39	-1
c14143	0	0	-1	-1	-1	41	-1	45	0	0	0	0	44	0	-1	41	30	0	0	0	24	0	0	25	0	11	0	0	40	0
c14157	5	0	-1	0	0	41	-1	13	0	44	0	0	-1	0	39	41	0	45	0	13	0	25	42	17	5	11	0	0	0	0
c14168	5	25	-1	44	20	-1	0	13	0	45	0	-1	27	0	0	-1	-1	45	0	0	0	0	-1	0	5	11	0	-1	0	24
c14177	0	-1	-1	0	45	41	25	0	0	13	0	0	30	-1	13	41	-1	0	0	-1	-1	0	0	0	4	-1	0	45	0	-1
c14179	-1	-1	-1	0	0	41	25	7	0	13	0	-1	30	-1	13	41	-1	0	0	0	0	0	-1	12	0	11	0	0	47	0
c14192	0	-1	-1	0	0	41	25	0	42	13	-1	0	30	-1	13	-1	0	26	28	-1	47	30	-1	-1	4	11	20	13	0	0
c14202	-1	42	-1	0	-1	41	13	0	0	0	-1	13	0	0	25	41	0	0	16	0	0	25	-1	-1	0	11	25	0	39	-1
c14212	0	0	-1	0	7	-1	25	0	0	-1	0	0	30	0	13	41	0	-1	0	0	-1	0	0	0	-1	11	0	45	0	-1
c14215	0	0	-1	0	0	41	25	7	0	13	-1	27	30	0	13	41	31	0	-1	0	27	-1	0	0	0	11	9	17	30	27
c14217	5	47	-1	-1	0	41	0	0	0	0	-1	17	46	0	-1	41	0	30	0	0	40	0	-1	0	0	11	0	0	-1	0
c14243	0	-1	-1	0	0	41	25	0	-1	13	0	24	30	0	13	41	-1	0	4	17	0	0	0	44	-1	11	0	0	0	0
c14247	-1	0	-1	0	25	41	0	0	0	0	0	0	0	-1	-1	41	0	0	0	-1	0	-1	0	0	10	-1	0	0	39	0
c14250	0	-1	-1	26	-1	-1	25	0	0	13	-1	0	30	47	-1	41	46	0	24	0	-1	0	0	0	0	11	-1	-1	-1	-1
c14270	5	0	-1	-1	0	-1	0	0	0	11	0	0	0	-1	0	-1	-1	0	0	0	-1	0	42	0	0	-1	0	0	-1	-1
c14271	-1	0	-1	0	0	41	0	0	0	11	0	0	0	25	0	-1	0	0	-1	0	-1	0	42	0	-1	11	0	0	-1	0
c14275	-1	0	-1	-1	16	-1	25	-1	0	13	0	0	30	0	-1	41	0	31	-1	-1	-1	-1	0	39	0	11	0	45	0	-1
c14283	39	-1	-1	0	0	41	0	44	0	0	-1	0	40	0	13	-1	0	0	0	-1	0	0	0	0	25	11	-1	16	-1	-1
c14287	5	0	-1	0	-1	41	0	-1	42	-1	0	11	0	37	47	41	0	0	30	38	-1	0	-1	0	-1	-1	0	0	27	0
c14300	-1	0	-1	-1	27	41	25	7	0	13	-1	-1	30	0	13	-1	17	2	-1	0	-1	0	-1	-1	3	11	-1	34	-1	0
c14301	0	0	-1	0	27	41	25	7	0	13	0	0	-1	0	13	-1	17	2	-1	0	-1	0	0	-1	3	11	0	-1	45	0
c14322	-1	-1	-1	0	0	-1	25	0	-1	13	0	24	30	0	-1	-1	30	45	4	0	0	-1	0	44	-1	11	0	0	0	0
c14327	5	0	-1	0	44	41	0	13	0	44	0	0	0	0	-1	-1	0	45	0	0	0	-1	42	-1	5	11	0	0	0	0
c14335	39	13	-1	-1	0	-1	34	26	0	-1	0	0	0	0	-1	-1	44	0	45	47	0	0	-1	0	0	11	25	0	0	0
c14349	5	50	-1	0	-1	41	0	41	-1	0	0	24	0	0	27	41	-1	0	19	0	-1	13	0	24	0	11	-1	0	40	0
c14350	5	27	-1	44	0	41	47	0	0	0	4	16	0	-1	3	41	0	0	0	-1	46	0	-1	-1	36	11	0	4	-1	44
c14354	5	0	-1	38	19	41	0	13	0	11	4	0	-1	0	0	41	-1	0	0	27	30	17	0	47	26	11	0	0	17	0
c14355	5	0	-1	38	19	41	0	13	0	11	4	0	-1	0	0	41	0	0	0	-1	30	17	0	47	26	11	0	0	17	0
c14387	0	42	-1	0	0	41	-1	0	-1	13	0	24	30	0	13	41	0	0	0	0	0	-1	40	0	0	-1	0	-1	0	0
c14398	0	24	-1	25	20	41	42	0	0	0	0	0	0	0	0	41	30	16	-1	0	13	0	40	0	0	-1	0	0	3	-1
c14408	5	0	-1	17	0	-1	39	11	12	11	0	-1	-1	17	-1	-1	0	24	0	0	0	4	-1	0	0	11	0	0	0	0
c14409	5	0	-1	17	0	-1	-1	11	12	11	0	0	0	-1	-1	-1	-1	24	0	0	0	4	13	0	-1	11	0	0	0	0
c14417	0	0	-1	24	0	41	25	7	0	13	0	27	-1	0	13	41	31	0	0	9	0	0	0	0	0	11	0	0	30	27
c14424	0	-1	-1	-1	0	41	25	0	26	13	-1	0	30	-1	-1	-1	0	0	0	-1	47	0	0	0	4	11	0	-1	0	0
c14443	5	0	-1	0	0	41	0	0	0	0	0	0	26	0	-1	-1	0	0	0	0	-1	0	13	0	0	-1	0	-1	0	0
c14448	5	0	-1	0	0	41	-1	44	44	0	4	25	47	0	-1	41	-1	47	0	0	0	4	0	20	17	11	17	-1	44	25
c14464	0	0	-1	0	0	41	25	7	0	-1	0	0	30	0	13	-1	31	0	0	0	0	-1	0	0	0	11	16	0	-1	0
c14465	0	0	-1	-1	-1	41	25	7	0	-1	0	0	30	0	13	41	31	0	-1	0	0	-1	0	0	0	11	-1	0	-1	0
c14468	0	0	-1	0	-1	41	0	0	-1	0	0	0	47	0	0	-1	30	41	0	-1	0	-1	24	0	24	11	-1	-1	3	-1
c14479	0	0	-1	0	-1	41	-1	37	0	0	-1	-1	41	0	25	-1	0	25	40	0	0	25	47	0	24	11	-1	0	-1	-1
c14494	5	0	-1	0	45	41	0	44	0	38	0	0	2	0	46	41	0	0	-1	38	0	0	45	-1	24	11	0	-1	27	0
c14502	5	17	-1	-1	-1	41	17	0	0	0	-1	24	-1	0	27	41	-1	0	47	0	-1	0	25	0	39	11	0	0	-1	0
c14507	-1	-1	-1	30	38	41	0	0	-1	39	17	0	-1	0	-1	-1	0	0	0	0	-1	4	13	-1	0	11	0	0	-1	0
c14512	-1	0	-1	-1	0	41	25	7	0	13	46	25	30	13	13	41	0	0	-1	0	32	-1	41	0	0	-1	25	-1	0	47
c14517	0	0	-1	0	20	41	-1	0	0	-1	0	0	-1	0	0	41	30	0	0	0	24	0	25	-1	0	11	0	0	40	0
c14526	13	41	-1	-1	0	41	-1	0	0	13	0	0	30	-1	13	-1	0	-1	-1	0	4	-1	-1	0	0	11	42	25	0	0
c14539	-1	50	-1	0	-1	41	0	-1	0	0	0	24	0	0	27	-1	-1	0	-1	0	26	13	0	24	-1	11	-1	-1	40	38
c14546	5	0	-1	0	0	-1	0	0	-1	0	4	0	28	0	30	41	0	0	-1	0	25	-1	0	47	27	11	-1	-1	47	0
c14548	5	0	-1	0	-1	41	-1	0	-1	30	0	24	0	0	-1	41	-1	-1	0	0	26	13	0	0	0	11	25	-1	40	-1
c14549	5	0	-1	0	-1	41	0	0	0	30	0	24	0	0	-1	41	-1	0	-1	-1	26	13	0	0	0	11	25	0	40	-1
c14553	0	0	-1	0	0	-1	25	0	0	-1	-1	0	30	-1	-1	41	0	0	0	34	47	0	-1	0	4	11	0	0	4	0
c14554	0	41	-1	0	0	-1	-1	0	0	13	0	0	-1	47	13	41	0	0	-1	0	4	0	-1	0	0	11	42	25	0	0
c14557	17	0	-1	0	0	41	25	0	-1	13	0	24	-1	0	13	41	0	0	0	0	0	0	25	17	0	-1	44	-1	12	-1
c14564	5	-1	-1	0	0	41	0	0	0	0	-1	-1	0	0	0	41	0	3	12	0	0	0	42	0	13	11	0	4	-1	44
c14565	5	0	-1	0	0	41	0	0	0	0	0	0	0	-1	0	41	0	3	12	-1	-1	0	-1	0	13	-1	-1	4	0	-1
c14575	0	0	-1	0	20	41	0	0	0	0	0	0	19	0	0	41	30	0	0	0	0	0	-1	0	0	-1	0	-1	-1	-1
c14577	0	0	-1	0	0	41	25	-1	0	13	-1	-1	30	-1	13	41	0	0	41	34	47	-1	0	0	4	11	0	4	-1	0
c14583	0	0	-1	0	20	41	-1	0	-1	0	0	30	46	0	0	41	30	0	0	0	0	0	0	-1	0	11	0	0	40	0
c14584	-1	0	-1	7	0	41	0	0	41	0	0	0	0	0	-1	41	-1	-1	0	0	0	30	-1	0	0	11	0	0	0	0
c14598	5	0	-1	0	0	41	0	0	0	45	0	-1	4	13	0	41	-1	0	-1	38	0	0	-1	0	-1	11	0	0	-1	0
c14622	17	0	-1	0	-1	41	-1	7	-1	13	0	27	30	0	-1	-1	31	-1	-1	0	0	-1	-1	0	0	-1	47	39	30	-1
c14646	0	-1	-1	26	0	41	25	-1	0	13	-1	0	-1	47	13	41	46	0	-1	-1	4	-1	0	0	0	11	38	-1	0	0
c14647	0	-1	-1	-1	0	41	25	0	-1	13	0	0	-1	47	-1	41	46	0	-1	0	4	-1	0	0	0	11	38	-1	-1	0
c14649	0	0	-1	-1	47	-1	25	-1	-1	13	-1	-1	30	-1	13	-1	-1	-1	0	28	0	-1	-1	0	0	11	4	0	30	0
c14657	17	42	-1	0	0	-1	-1	0	0	13	0	24	30	27	13	-1	25	-1	-1	0	0	0	0	0	0	11	0	-1	-1	16
c14668	-1	0	-1	0	6	41	-1	0	0	13	-1	0	-1	-1	13	41	0	0	0	-1	47	46	0	-1	0	11	0	0	-1	-1
c14685	0	-1	-1	-1	-1	41	-1	12	0	0	0	-1	30	0	-1	-1	0	0	40	41	-1	0	0	0	8	-1	-1	-1	0	0
c14706	5	0	-1	-1	47	41	-1	0	0	0	4	0	0	26	0	41	0	-1	0	0	12	0	13	4	0	11	0	-1	0	-1
c14710	5	0	-1	0	-1	41	0	0	0	45	0	25	0	0	25	41	-1	-1	0	38	0	-1	-1	17	24	11	-1	0	-1	25
c14718	5	11	-1	0	-1	41	0	-1	0	-1	0	0	0	39	0	41	-1	0	0	38	-1	-1	-1	0	-1	11	0	0	-1	0
c14733	30	4	-1	0	-1	41	-1	0	0	0	-1	0	0	27	0	41	-1	6	0	0	0	0	0	47	0	11	0	0	39	0
c14753	5	-1	-1	-1	-1	41	0	0	20	0	-1	0	0	0	27	-1	0	-1	14	0	26	0	0	0	0	11	-1	0	40	0
c14760	5	-1	-1	19	0	41	13	0	0	-1	0	0	0	6	-1	41	0	0	0	30	-1	-1	42	-1	-1	11	0	-1	0	0
c14770	5	-1	-1	19	0	41	13	0	-1	-1	0	47	-1	0	41	41	0	0	0	-1	0	0	42	0	0	11	26	0	0	0
c14787	41	0	-1	31	4	41	25	7	0	13	-1	0	30	0	13	41	0	0	-1	5	46	0	0	-1	0	11	0	0	0	0
c14801	-1	40	-1	0	0	-1	25	-1	-1	13	-1	0	30	-1	13	41	0	26	0	34	47	0	5	0	4	11	-1	13	-1	0
c14810	0	-1	-1	0	-1	41	-1	7	0	13	0	-1	30	0	13	41	0	0	-1	-1	0	0	0	0	0	11	0	0	0	0
c14815	0	0	-1	-1	0	41	25	7	-1	13	0	0	30	0	13	41	0	0	-1	0	0	0	0	47	0	11	0	0	0	27
c14827	-1	-1	-1	-1	-1	41	0	0	0	0	-1	0	0	0	-1	-1	-1	0	-1	0	26	0	0	-1	0	-1	0	0	-1	0
c14845	30	4	-1	-1	-1	-1	-1	0	-1	25	0	0	0	0	0	41	0	6	25	0	-1	44	0	24	0	11	0	-1	39	0
c14847	5	11	-1	44	0	41	0	0	25	40	0	0	24	0	0	41	0	0	0	38	-1	-1	-1	0	13	11	24	0	0	0
c14858	5	0	-1	0	32	41	-1	13	-1	44	0	0	0	27	0	-1	0	45	0	0	7	0	42	0	5	11	0	-1	0	0
c14862	21	-1	-1	0	0	41	25	7	-1	13	46	0	30	13	13	41	-1	0	-1	0	0	0	0	0	38	11	0	0	0	47
c14863	21	0	-1	0	0	41	25	7	0	13	46	0	30	13	13	41	-1	0	-1	0	0	0	0	0	38	11	0	0	-1	47
c14864	21	0	-1	0	0	41	25	7	0	13	46	0	30	0	13	-1	0	47	0	0	-1	-1	-1	0	0	11	0	47	-1	0
c14870	0	0	-1	-1	0	-1	0	0	0	8	6	0	0	0	0	41	44	-1	-1	47	3	0	0	21	-1	11	0	0	0	0
c14872	5	-1	-1	-1	0	41	0	0	0	0	0	0	0	0	0	-1	40	-1	0	0	0	-1	42	-1	13	-1	-1	0	47	44
c14873	5	0	-1	0	0	41	0	0	0	0	0	0	0	0	0	-1	40	-1	0	0	-1	40	42	13	13	11	47	0	47	44
c14882	5	27	-1	44	47	41	0	0	0	12	4	16	0	0	0	-1	0	0	0	41	0	0	-1	47	17	11	0	-1	0	44
c14897	5	0	-1	0	0	41	17	0	-1	-1	0	25	0	47	0	41	39	-1	30	38	0	-1	0	-1	24	11	-1	-1	27	25
c14926	21	0	-1	0	0	41	25	-1	26	13	46	-1	30	0	13	41	0	38	0	-1	17	0	-1	0	-1	11	0	0	0	0
c14943	0	0	-1	-1	-1	41	25	7	0	-1	10	0	30	0	13	41	0	0	19	-1	0	30	0	0	0	11	0	0	0	0
c14950	0	0	-1	0	0	41	25	7	0	13	-1	0	-1	0	13	41	34	0	-1	30	0	0	-1	-1	0	11	0	26	47	0
c14967	5	0	-1	0	34	41	0	0	44	0	4	0	0	-1	-1	41	0	0	-1	0	0	0	0	20	17	11	0	0	0	0
c14968	0	0	-1	0	0	41	25	7	0	13	0	0	30	28	13	41	-1	0	41	0	0	0	0	-1	0	11	0	-1	0	-1
c14989	0	0	-1	-1	20	41	46	44	-1	0	0	0	-1	-1	37	41	-1	0	0	16	24	0	0	25	0	11	0	0	40	-1
c15000	5	15	-1	19	0	-1	13	0	0	0	0	0	0	0	-1	41	0	-1	-1	-1	-1	-1	42	0	-1	-1	-1	0	-1	0
c15004	5	0	-1	3	0	41	0	13	0	44	-1	0	0	-1	-1	41	0	45	45	0	-1	0	42	-1	5	11	49	0	0	0
c15022	0	40	-1	0	0	41	-1	7	0	13	-1	0	30	0	13	41	0	0	-1	0	13	0	-1	0	0	11	0	0	47	0
c15034	5	0	-1	0	0	41	0	-1	25	0	0	0	0	25	0	-1	0	24	0	-1	0	0	42	0	0	11	-1	0	0	26
c15039	5	30	-1	0	0	41	3	0	44	11	4	0	-1	13	0	41	0	0	0	25	-1	17	0	47	0	11	0	0	0	-1
c15041	0	-1	-1	-1	0	41	25	0	0	13	0	0	30	47	13	-1	46	-1	24	0	4	0	0	0	0	11	38	-1	-1	0
c15049	5	0	-1	3	-1	41	0	13	-1	44	0	38	0	0	0	41	13	45	0	0	18	-1	-1	0	-1	11	0	0	-1	0
c15061	0	0	-1	0	0	41	25	-1	0	13	0	-1	30	0	13	41	0	0	0	0	0	0	0	38	-1	11	0	0	0	-1
c15071	5	27	-1	44	0	41	0	0	0	0	4	-1	27	44	-1	41	0	-1	-1	41	0	0	7	47	-1	11	0	-1	0	44
c15078	5	0	-1	0	47	-1	0	0	0	-1	4	1	-1	26	0	41	0	30	-1	0	12	0	18	0	0	11	0	0	0	-1
c15086	21	0	-1	-1	-1	41	-1	7	-1	13	46	0	30	17	13	41	0	0	27	25	-1	0	0	0	0	11	0	0	0	40
c15087	21	0	-1	0	-1	41	25	7	-1	13	46	-1	30	17	13	41	0	-1	27	25	-1	0	0	-1	0	-1	0	-1	0	40
c15088	0	3	-1	0	0	41	25	40	0	13	47	0	30	27	13	41	0	4	-1	40	47	0	-1	0	0	11	46	45	0	-1
c15093	5	0	-1	0	0	41	-1	-1	44	-1	4	0	0	0	0	41	0	-1	0	0	-1	0	0	0	-1	11	0	0	0	0
c15096	0	0	-1	-1	0	41	25	0	42	-1	-1	0	30	-1	13	41	40	-1	28	34	47	0	0	-1	4	11	0	-1	13	0
c15107	0	42	-1	0	0	41	25	0	0	13	0	24	30	13	13	41	0	0	0	0	44	0	0	0	0	11	0	27	25	0
c15124	0	0	-1	0	0	41	25	12	0	0	0	0	30	0	-1	-1	-1	-1	-1	-1	0	6	-1	-1	13	11	0	0	16	0
c15129	5	-1	-1	-1	0	41	0	-1	0	0	0	0	27	0	-1	-1	37	45	0	0	-1	-1	-1	0	5	-1	0	-1	0	0
c15131	5	-1	-1	0	47	-1	0	0	22	39	4	0	-1	-1	0	-1	0	-1	0	0	12	0	0	0	0	11	0	0	0	-1
c15136	5	0	-1	0	0	41	25	29	30	-1	0	0	0	0	46	41	0	0	0	38	40	0	0	0	24	-1	0	0	27	0
c15144	-1	0	-1	0	0	41	47	0	0	0	0	0	0	0	0	41	0	0	0	30	0	40	-1	13	13	11	0	0	47	44
c15145	5	0	-1	0	0	-1	47	-1	0	0	0	0	0	0	0	41	-1	0	0	30	0	40	42	13	13	11	0	0	47	44
c15148	5	0	-1	24	0	41	-1	0	0	0	4	0	-1	0	25	41	0	0	0	0	45	-1	0	47	44	11	0	0	0	47
c15149	5	-1	-1	24	0	41	-1	0	0	-1	4	0	-1	0	25	41	0	-1	-1	0	45	17	0	47	44	-1	0	0	0	47
c15151	0	0	-1	0	47	41	25	-1	47	13	0	27	30	0	13	41	31	0	0	28	-1	44	-1	0	47	11	0	0	30	0
c15157	39	0	-1	0	-1	41	0	0	0	0	-1	-1	0	13	44	41	0	0	0	-1	47	0	0	-1	0	11	0	0	39	49
c15159	0	0	-1	0	0	41	25	7	0	13	0	0	30	-1	13	41	0	0	-1	-1	0	0	-1	0	0	11	-1	0	0	0
c15170	5	0	-1	29	-1	41	47	0	39	-1	0	-1	0	0	0	41	0	0	0	30	46	-1	42	13	13	11	0	0	47	44
c15171	-1	0	-1	29	0	41	47	0	39	0	0	0	-1	0	-1	41	0	0	0	30	46	40	42	13	-1	11	0	0	47	44
c15183	-1	4	-1	0	-1	41	0	0	0	0	-1	0	-1	25	0	41	0	6	45	-1	0	0	0	38	0	11	-1	-1	39	0
c15200	0	47	-1	15	0	41	-1	0	0	13	-1	0	30	-1	13	-1	27	0	0	0	4	0	0	0	-1	11	25	45	-1	0
c15201	0	47	-1	-1	-1	41	-1	-1	0	13	-1	0	30	0	13	41	27	-1	0	0	4	0	0	0	-1	11	25	-1	-1	-1
c15210	5	0	-1	0	0	41	0	-1	0	0	0	0	0	-1	0	41	0	0	0	-1	-1	-1	42	0	0	11	0	-1	-1	0
c15213	39	-1	-1	0	-1	41	0	40	0	-1	0	-1	0	0	44	41	-1	-1	0	-1	0	-1	47	0	0	11	17	0	-1	0
c15219	0	0	-1	0	0	41	25	0	-1	-1	-1	-1	30	-1	13	41	0	45	0	34	47	4	-1	25	4	11	0	13	8	-1
c15220	-1	0	-1	0	-1	41	0	-1	0	30	8	15	0	0	-1	41	-1	0	0	-1	-1	-1	46	0	-1	-1	-1	-1	-1	0
c15253	30	4	-1	0	-1	41	0	0	0	0	0	-1	0	-1	0	41	0	6	0	0	-1	0	0	0	-1	11	0	0	39	0
c15276	21	0	-1	-1	-1	41	25	7	-1	13	46	42	30	0	13	41	0	17	0	25	0	0	0	0	0	11	0	0	0	-1
c15279	21	0	-1	0	0	41	25	7	0	13	-1	0	-1	0	13	41	0	47	0	0	17	0	-1	0	0	11	0	47	0	0
c15290	-1	-1	-1	24	0	-1	0	0	0	-1	4	-1	-1	0	25	41	0	-1	0	15	0	17	0	47	-1	11	0	0	0	25
c15291	5	37	-1	24	0	41	0	0	0	0	4	-1	-1	0	25	41	0	0	0	15	0	17	0	47	-1	11	0	0	0	-1
c15297	-1	-1	-1	0	0	41	-1	0	0	-1	0	0	30	0	-1	41	-1	0	0	0	4	0	0	0	0	11	-1	45	0	0
c15324	5	-1	-1	-1	0	-1	39	0	0	0	0	17	-1	0	0	41	0	0	0	0	-1	0	42	13	-1	11	0	0	0	-1
c15325	5	-1	-1	-1	0	41	39	0	0	0	0	-1	0	-1	0	41	-1	0	-1	0	0	-1	42	13	13	-1	0	0	-1	44
c15331	0	0	-1	0	0	41	25	40	13	13	47	0	30	27	13	41	0	4	-1	40	47	0	0	-1	0	11	46	45	0	-1
c15334	0	0	-1	0	-1	41	25	-1	-1	13	-1	0	30	0	13	41	0	20	0	0	0	0	0	0	-1	-1	-1	0	38	27
c15348	-1	45	-1	-1	0	-1	0	0	44	-1	-1	-1	0	0	-1	41	0	0	-1	0	0	0	0	13	0	11	25	-1	0	0
c15359	0	12	-1	0	0	41	0	-1	0	0	0	0	0	0	-1	-1	0	40	0	-1	4	-1	38	0	0	11	0	0	39	0
c15380	21	0	-1	0	24	41	-1	7	0	13	46	-1	30	0	13	41	0	0	-1	13	0	0	0	0	47	-1	0	0	0	0
c15386	5	-1	-1	26	0	41	-1	47	13	-1	4	-1	-1	0	0	41	0	-1	40	-1	-1	24	3	47	0	-1	0	30	0	39
c15395	0	47	-1	0	45	41	25	0	0	13	0	0	30	47	13	41	-1	0	0	0	4	-1	0	0	0	-1	0	45	0	0
c15400	5	0	-1	-1	47	41	0	0	22	39	-1	0	-1	26	0	41	0	30	0	0	12	-1	0	0	0	11	0	0	0	-1
c15413	0	0	-1	24	0	41	25	-1	-1	-1	27	27	30	-1	13	-1	31	0	0	0	-1	-1	0	-1	0	11	0	0	30	27
c15415	-1	30	-1	0	0	41	-1	-1	37	13	-1	24	30	0	13	41	-1	0	0	0	-1	0	-1	0	24	11	0	0	8	0
c15431	0	0	-1	0	0	41	-1	-1	-1	13	-1	0	-1	0	13	41	0	-1	-1	46	0	0	0	0	0	11	0	0	-1	0
c15442	-1	0	-1	-1	-1	-1	39	-1	-1	26	0	-1	0	-1	0	41	0	0	0	0	0	0	42	13	-1	11	-1	0	0	44
c15443	5	-1	-1	-1	0	41	39	0	0	26	0	17	0	0	0	41	-1	0	0	0	0	0	42	13	13	11	-1	0	0	44
c15448	0	45	-1	-1	0	-1	-1	-1	0	16	0	-1	30	0	-1	41	-1	17	0	41	0	0	-1	0	0	-1	0	26	0	0
c15466	5	0	-1	0	0	41	0	29	30	0	0	44	0	0	46	41	0	0	0	38	0	0	-1	0	24	11	0	0	27	0
c15467	5	0	-1	0	0	41	0	29	30	0	0	44	0	0	46	41	0	0	0	-1	0	0	0	0	24	11	0	0	27	0
c15469	0	0	-1	-1	0	-1	25	-1	47	13	0	27	30	0	-1	-1	31	4	0	0	38	44	30	-1	0	-1	0	0	-1	0
c15470	30	4	-1	0	-1	41	0	0	0	0	-1	-1	0	0	0	41	0	-1	0	0	0	0	0	0	-1	11	-1	0	39	0
c15478	5	4	-1	0	0	41	-1	44	44	38	4	-1	47	0	-1	41	0	0	0	-1	-1	4	-1	20	17	11	17	0	0	25
c15506	-1	0	-1	0	20	-1	-1	0	0	0	46	44	0	-1	9	41	30	44	44	44	0	26	41	-1	0	11	-1	0	0	27
c15513	5	0	-1	19	0	41	13	-1	0	0	0	0	-1	0	0	41	0	38	0	0	25	0	42	0	-1	11	0	0	-1	28
c15517	5	-1	-1	0	-1	41	0	0	44	0	-1	0	0	7	0	-1	0	0	49	3	27	45	27	-1	-1	11	47	7	0	0
c15518	30	4	-1	-1	-1	41	42	46	0	0	11	-1	7	0	16	41	-1	-1	0	0	0	0	0	0	0	11	0	27	39	0
c15536	0	0	-1	30	20	41	0	0	0	-1	-1	0	-1	0	0	41	-1	-1	-1	0	0	0	40	0	0	11	0	0	-1	-1
c15540	5	-1	-1	24	0	41	0	0	0	0	4	-1	-1	0	25	-1	0	-1	0	15	-1	17	0	47	-1	11	0	-1	0	25
c15541	-1	37	-1	24	0	41	0	0	0	0	4	-1	-1	0	25	-1	0	0	0	-1	-1	-1	0	47	0	-1	0	0	0	25
c15544	-1	16	-1	0	-1	41	41	-1	16	6	4	0	-1	0	0	41	0	0	-1	0	38	17	-1	47	0	11	-1	0	0	0
c15546	5	0	-1	0	-1	41	0	-1	0	0	0	24	0	0	27	41	0	0	19	0	26	13	0	24	0	11	-1	0	40	12
c15555	5	0	-1	-1	-1	41	0	-1	0	0	0	24	0	21	27	41	0	-1	19	0	26	-1	-1	-1	-1	-1	0	0	40	-1
c15584	-1	16	-1	0	0	41	-1	0	-1	0	0	12	-1	31	0	41	0	3	0	-1	0	26	42	39	13	11	0	0	0	44
c15590	0	-1	-1	0	-1	41	0	47	-1	-1	-1	4	1	-1	0	41	0	6	44	0	0	-1	0	0	0	-1	0	0	39	0
c15597	39	47	-1	0	-1	41	0	0	0	0	0	0	-1	-1	44	41	3	0	0	-1	0	-1	0	0	0	11	17	0	-1	-1
c15598	5	0	-1	0	25	41	-1	0	0	0	0	0	0	-1	46	41	0	0	0	-1	0	0	-1	4	-1	11	0	0	27	0
c15612	0	0	-1	0	-1	-1	25	7	0	-1	0	0	30	38	13	-1	-1	-1	0	0	-1	0	0	0	0	11	0	-1	30	-1
c15620	0	47	-1	0	0	41	25	0	13	13	0	-1	30	0	13	41	27	0	0	13	-1	0	17	0	-1	11	25	45	0	0
c15623	0	41	-1	0	0	-1	-1	0	0	13	29	0	30	47	-1	-1	0	-1	-1	-1	4	26	-1	0	0	11	42	-1	-1	-1
c15648	0	28	-1	29	0	41	-1	0	0	13	0	0	-1	0	13	41	3	40	-1	0	0	0	-1	-1	0	11	0	-1	0	-1
c15658	-1	0	-1	0	0	41	0	-1	0	0	0	0	-1	-1	-1	41	0	-1	0	0	-1	0	-1	0	0	11	-1	0	-1	-1
c15659	-1	0	-1	0	0	41	0	-1	0	0	-1	0	0	27	-1	41	0	0	0	0	0	0	13	0	-1	11	47	0	-1	17
c15663	5	0	-1	3	-1	41	0	0	47	0	4	0	-1	-1	0	41	0	45	0	38	0	0	0	0	24	11	0	-1	27	0
c15684	5	26	-1	0	-1	41	0	0	0	0	4	0	21	26	-1	41	18	30	0	0	12	-1	0	0	0	-1	0	0	-1	0
c15696	0	40	-1	-1	0	41	25	7	-1	13	0	0	30	34	13	41	0	0	0	-1	13	0	-1	0	-1	11	-1	-1	47	0
c15707	0	0	-1	0	-1	41	25	0	0	13	-1	0	30	-1	13	41	0	45	-1	34	47	4	-1	25	4	11	0	13	8	-1
c15709	0	0	-1	0	-1	41	0	0	20	-1	0	-1	0	0	0	41	-1	0	0	-1	0	0	-1	25	0	11	0	0	40	-1
c15732	5	0	-1	17	0	-1	39	11	0	11	0	-1	0	0	-1	41	0	24	0	-1	0	4	13	0	0	11	0	0	0	0
c15765	0	0	-1	0	0	41	25	0	32	13	-1	-1	30	-1	13	41	3	-1	-1	0	0	0	0	0	0	11	-1	-1	34	-1
c15772	0	0	-1	0	3	41	25	0	0	13	0	0	30	41	13	-1	4	0	0	0	-1	-1	0	-1	0	11	0	45	0	-1
c15773	0	-1	-1	0	-1	41	25	0	0	-1	-1	0	30	41	13	41	4	-1	-1	0	-1	-1	0	0	0	11	0	45	0	-1
c15774	-1	-1	-1	0	-1	41	0	0	0	0	0	4	7	0	12	41	-1	6	0	0	0	-1	0	0	-1	11	-1	0	39	0
c15792	30	-1	-1	0	-1	41	0	-1	0	0	0	0	0	7	47	41	0	6	0	0	0	0	0	0	-1	11	0	0	39	0
c15794	30	4	-1	0	-1	41	0	-1	0	-1	0	0	0	7	-1	-1	0	6	0	0	0	0	0	0	50	11	-1	0	39	0
c15801	5	0	-1	0	0	41	26	0	0	0	-1	0	0	25	0	41	0	0	0	0	0	0	42	0	0	11	0	0	30	0
c15805	5	0	-1	0	0	-1	0	0	44	-1	4	0	0	0	-1	41	0	-1	0	0	0	0	0	0	-1	11	25	-1	0	0
c15812	0	0	-1	0	0	41	-1	40	0	13	-1	0	30	0	13	41	0	4	46	0	47	0	0	-1	0	11	46	-1	0	-1
c15816	0	42	-1	0	0	41	-1	-1	0	13	0	24	30	0	13	41	-1	0	0	-1	0	0	-1	0	0	11	0	-1	0	17
c15825	0	0	-1	4	0	41	13	4	-1	0	-1	-1	0	7	25	-1	-1	0	-1	0	0	25	47	0	0	11	-1	0	39	-1
c15829	-1	24	-1	25	20	41	-1	0	0	0	0	0	0	40	0	41	30	16	-1	0	0	0	40	0	0	11	0	0	3	-1
c15834	-1	-1	-1	0	-1	-1	25	12	0	0	0	13	30	0	-1	41	-1	0	-1	41	0	0	29	-1	13	11	0	0	-1	0
c15841	0	-1	-1	0	32	41	25	7	-1	13	46	0	30	0	-1	-1	-1	3	0	0	-1	0	0	-1	-1	-1	0	0	44	0
c15842	5	0	-1	0	0	41	0	-1	0	45	0	25	0	0	0	41	0	0	0	38	0	41	-1	17	24	11	-1	42	27	25
c15843	5	0	-1	0	0	41	-1	0	0	-1	0	-1	0	0	0	41	0	0	0	38	0	-1	-1	17	24	11	-1	-1	-1	25
c15844	-1	47	-1	0	0	41	25	0	-1	13	0	0	30	0	13	41	-1	8	-1	0	4	0	0	0	0	11	25	45	25	0
c15866	39	0	-1	0	-1	41	-1	25	-1	0	-1	41	22	0	-1	41	0	0	3	-1	39	0	-1	-1	-1	-1	0	0	39	0
c15875	0	14	-1	-1	20	-1	-1	13	-1	0	0	13	0	-1	0	41	-1	-1	0	0	0	0	0	-1	32	11	41	0	40	0
c15877	0	-1	-1	0	-1	41	0	25	0	-1	0	-1	0	0	-1	41	-1	6	0	0	-1	0	-1	0	25	11	0	-1	39	0
c15888	-1	0	-1	0	0	41	0	0	-1	0	0	-1	0	47	0	-1	0	-1	-1	-1	0	0	-1	-1	24	11	0	0	27	0
c15906	-1	4	-1	7	-1	41	0	0	44	0	0	0	0	0	0	41	21	6	0	0	-1	0	-1	0	0	-1	0	0	-1	-1
