	0	1	2	3	4	5	6	7	8	9	10	11	12	13	14	15	16	17	18	19	20	21	22	23	24	25	26	27	28	29
c1489	0	0	42	34	0	34	18	41	-1	0	0	-1	-1	47	0	12	0	-1	0	0	0	-1	0	30	0	0	0	33	0	-1
c2058	45	17	0	33	0	0	0	41	0	0	0	-1	15	47	0	-1	-1	11	0	0	33	-1	37	30	0	0	0	33	-1	0
c2229	0	-1	0	-1	0	-1	0	-1	0	-1	0	12	0	47	-1	-1	0	-1	33	0	22	0	0	-1	0	-1	19	33	0	-1
c2445	0	0	-1	26	0	7	-1	41	0	11	0	12	10	-1	17	0	0	11	0	0	-1	19	22	-1	0	0	0	0	0	-1
c2485	0	0	-1	-1	0	0	47	-1	-1	0	0	12	0	-1	6	0	-1	11	0	7	49	0	15	-1	-1	39	0	33	-1	0
c2544	-1	0	-1	0	45	0	15	41	0	0	0	12	40	47	0	12	0	11	0	-1	26	20	-1	30	-1	0	0	33	-1	0
c2718	0	-1	45	-1	0	0	-1	41	0	-1	0	12	-1	-1	17	-1	0	11	19	-1	0	0	22	30	0	7	0	0	-1	0
c2782	0	0	-1	26	0	0	0	41	0	0	0	12	0	-1	17	0	0	-1	0	0	1	0	-1	30	0	0	0	0	0	0
c2914	7	0	-1	26	0	0	0	41	47	0	17	12	0	-1	17	0	18	11	0	0	14	-1	22	30	0	0	0	0	21	0
c3110	-1	0	0	26	0	-1	0	-1	-1	-1	0	-1	33	-1	17	0	0	11	0	0	0	49	22	30	-1	7	0	0	15	0
c3147	45	0	0	26	0	0	-1	41	-1	-1	-1	-1	10	-1	17	17	19	11	-1	0	0	-1	22	-1	-1	0	0	-1	-1	28
c3197	-1	17	30	-1	0	0	0	-1	5	39	-1	12	0	47	1	0	50	11	0	0	0	0	-1	30	-1	-1	0	33	0	5
c3275	0	0	0	26	0	-1	-1	41	47	18	6	-1	0	-1	-1	-1	0	-1	0	0	17	-1	22	30	-1	-1	-1	0	-1	0
c3573	0	37	-1	15	0	0	0	41	0	-1	0	-1	0	14	22	0	0	11	45	0	0	0	19	-1	0	0	0	33	-1	0
c3619	0	0	0	26	0	0	0	41	47	0	-1	12	0	-1	17	0	18	11	-1	0	-1	-1	22	30	0	0	0	0	21	0
c3700	22	11	0	26	0	0	0	41	0	25	-1	12	0	-1	17	0	32	11	0	0	-1	0	22	30	-1	-1	0	0	0	34
c3853	0	0	0	26	-1	0	-1	-1	0	0	-1	-1	33	-1	17	0	0	11	19	-1	0	0	22	30	0	7	0	45	15	47
c4168	-1	11	25	26	11	0	-1	41	0	0	-1	12	0	-1	17	0	0	-1	-1	34	0	0	22	30	0	0	0	0	0	34
c4241	0	0	0	0	0	0	0	41	0	0	-1	12	0	47	-1	12	0	11	0	0	0	0	0	-1	-1	-1	-1	33	0	-1
c4263	14	0	0	0	0	40	0	41	0	0	37	-1	0	-1	44	0	-1	11	45	0	42	25	-1	30	0	22	18	33	-1	0
c4310	0	0	21	-1	0	-1	0	-1	0	0	0	12	33	-1	17	45	0	11	19	-1	22	-1	22	30	-1	-1	0	0	15	47
c4528	0	0	0	0	-1	0	0	41	0	-1	15	-1	0	47	1	0	0	-1	11	0	0	0	-1	-1	0	-1	0	33	0	-1
c4554	-1	0	-1	0	-1	0	-1	41	0	0	0	-1	40	47	-1	12	0	11	0	-1	-1	20	-1	30	0	0	0	-1	11	0
c4643	39	0	17	26	-1	0	0	41	45	17	0	12	10	-1	-1	0	1	11	-1	0	0	7	22	-1	-1	0	0	0	42	28
c4852	0	-1	0	0	0	0	0	41	0	0	30	-1	-1	14	0	-1	0	11	-1	0	0	0	19	30	-1	0	-1	33	-1	0
c4861	0	-1	17	26	11	17	-1	41	0	-1	0	12	10	-1	17	0	0	11	45	0	39	0	22	30	17	-1	0	23	0	28
c5107	0	0	22	-1	45	-1	24	41	0	9	-1	12	15	47	0	0	0	11	0	11	-1	-1	0	30	39	45	0	33	-1	0
c5173	0	22	8	38	-1	0	26	-1	26	-1	0	12	-1	0	23	5	0	11	0	46	0	12	0	30	0	40	0	9	-1	-1
c5234	0	0	0	0	0	-1	0	41	0	17	0	12	0	-1	-1	45	0	11	0	0	0	0	0	30	22	0	18	33	-1	-1
c5252	0	0	0	-1	9	-1	0	-1	0	0	0	12	0	47	-1	-1	0	-1	0	-1	45	-1	0	30	0	0	0	33	-1	0
c5345	0	17	30	-1	0	0	4	-1	5	39	-1	12	33	47	1	22	-1	11	0	0	7	-1	0	30	1	-1	0	33	0	0
c5416	0	0	-1	-1	0	-1	-1	41	0	17	14	12	0	-1	1	-1	0	-1	0	0	0	17	0	-1	0	-1	0	33	0	-1
c5433	0	0	0	0	0	-1	17	41	-1	0	-1	12	0	47	0	-1	23	-1	0	0	0	0	0	30	0	0	17	-1	-1	0
c5442	19	0	0	26	-1	0	44	41	31	17	0	12	-1	-1	17	47	-1	-1	19	-1	0	0	22	30	0	7	0	0	15	0
c5445	0	0	-1	18	0	0	-1	-1	0	-1	0	12	-1	47	0	12	0	-1	0	-1	-1	20	-1	30	0	47	-1	-1	0	-1
c5454	-1	25	-1	0	0	0	0	41	0	47	-1	12	40	47	0	12	0	11	0	-1	-1	20	-1	-1	0	-1	0	-1	11	0
c5634	37	0	-1	-1	0	0	-1	41	-1	39	0	12	0	0	17	-1	-1	11	-1	0	0	0	0	-1	-1	40	-1	9	45	0
c5681	23	0	0	26	21	0	0	41	-1	0	9	12	10	-1	17	0	19	11	-1	-1	0	-1	22	30	-1	0	0	7	-1	-1
c5707	0	45	-1	0	0	0	0	-1	0	17	0	-1	0	47	1	0	0	11	38	0	0	17	0	30	0	-1	0	33	0	-1
c5746	0	0	33	0	0	11	0	41	22	-1	-1	12	0	0	0	0	45	11	11	9	-1	0	0	-1	0	18	-1	33	0	0
c5759	0	6	-1	0	6	0	40	41	0	0	0	12	0	47	0	12	22	11	17	-1	50	0	-1	-1	0	0	0	-1	39	1
c5773	0	-1	0	17	0	47	-1	41	26	0	11	-1	-1	14	0	-1	0	-1	45	-1	0	0	19	30	0	0	-1	33	-1	0
c5798	0	6	11	0	0	-1	-1	41	0	24	45	-1	0	47	0	12	22	11	0	0	0	0	0	30	0	39	-1	-1	39	0
c5822	0	0	0	26	37	-1	10	41	0	35	0	12	33	-1	17	0	0	-1	19	-1	-1	-1	22	30	0	7	0	0	15	38
c5831	28	17	30	0	12	0	0	-1	26	39	0	12	0	47	1	5	0	11	-1	0	-1	-1	-1	30	-1	7	-1	33	-1	0
c5906	-1	0	0	0	-1	0	0	41	0	17	15	12	45	47	1	0	0	11	0	0	0	0	0	30	-1	0	19	33	0	-1
c5939	0	-1	0	26	0	43	0	-1	0	8	0	12	-1	-1	17	0	0	11	0	0	0	0	22	30	9	-1	39	0	0	34
c5982	0	0	-1	0	0	0	-1	41	0	0	0	-1	0	14	0	-1	0	11	45	-1	0	45	19	-1	0	-1	17	33	-1	0
c5990	-1	-1	0	0	0	0	0	41	0	0	24	12	15	47	-1	42	0	11	0	45	34	0	0	30	0	39	0	33	-1	39
c6101	14	9	22	26	0	-1	23	41	0	0	-1	12	-1	-1	17	0	0	-1	-1	-1	39	0	-1	-1	0	-1	0	0	-1	0
c6136	0	0	15	-1	0	-1	0	41	0	17	0	12	0	-1	-1	-1	5	11	0	0	0	-1	-1	30	0	-1	0	33	21	-1
c6190	23	0	0	0	0	0	26	-1	26	0	8	12	0	0	0	5	0	-1	18	9	0	0	-1	30	0	40	-1	-1	0	0
c6242	39	0	-1	-1	0	12	0	41	0	0	0	12	40	47	-1	12	0	11	-1	-1	0	20	-1	-1	0	-1	0	33	11	19
c6249	0	0	17	26	18	0	0	41	0	0	0	12	10	-1	-1	0	0	11	45	-1	0	0	22	30	17	0	-1	0	0	-1
c6380	0	0	0	26	-1	-1	0	-1	0	0	0	-1	33	-1	17	0	0	11	19	-1	0	0	22	-1	0	7	0	0	-1	0
c6448	0	47	-1	38	0	0	7	41	-1	0	11	-1	40	47	0	12	0	-1	0	0	0	0	-1	30	17	0	45	33	0	0
c6451	14	0	9	26	-1	17	-1	41	0	0	0	12	-1	-1	17	0	30	11	0	0	0	0	22	30	0	-1	-1	39	-1	0
c6492	0	0	0	26	0	0	-1	41	0	39	0	12	0	-1	-1	0	-1	11	0	0	-1	0	22	30	0	0	0	0	-1	0
c6536	0	0	-1	26	0	8	17	41	0	11	0	12	10	-1	17	0	21	11	17	0	17	0	22	30	0	0	-1	8	0	28
c6549	0	-1	-1	26	0	0	-1	41	0	11	-1	12	-1	-1	17	0	0	11	-1	0	0	-1	22	30	0	0	0	49	0	-1
c6657	-1	-1	0	26	10	0	8	41	-1	23	-1	12	0	-1	17	0	0	11	11	-1	11	0	-1	-1	0	0	0	0	0	0
c6674	0	-1	0	0	0	-1	-1	41	0	0	0	12	15	47	0	0	0	11	-1	0	-1	0	0	30	0	0	0	33	-1	0
c6705	-1	-1	0	0	-1	-1	0	-1	0	-1	0	12	0	47	23	12	0	11	0	11	45	0	0	30	-1	11	0	33	33	0
c6718	-1	0	0	26	0	-1	0	41	0	0	0	12	33	-1	17	-1	-1	11	19	-1	22	0	22	30	0	-1	0	12	-1	-1
c6778	23	0	17	26	45	0	0	41	0	0	0	12	10	-1	17	0	1	11	45	0	0	-1	22	30	17	0	0	0	0	28
c6915	39	-1	45	0	0	-1	24	41	0	0	0	12	0	47	0	0	6	-1	0	45	18	0	21	30	0	0	-1	33	-1	0
c7026	0	-1	-1	-1	0	0	0	41	0	-1	-1	-1	40	-1	0	12	0	11	0	-1	0	-1	-1	-1	0	32	0	33	0	9
c7037	-1	0	0	0	-1	-1	0	-1	0	0	0	12	0	47	11	-1	0	-1	23	-1	0	0	0	30	0	0	0	33	1	0
c7082	0	0	-1	-1	25	18	0	41	0	0	-1	12	0	11	-1	5	-1	-1	0	-1	-1	0	0	-1	-1	0	0	33	0	0
c7131	0	0	-1	0	9	40	0	-1	-1	-1	-1	-1	0	-1	44	0	0	11	45	0	-1	25	19	30	15	22	-1	33	-1	-1
c7137	0	11	0	26	0	0	0	41	0	0	0	12	0	-1	17	-1	0	11	0	-1	0	0	22	30	0	-1	0	0	0	34
c7139	0	0	0	-1	-1	11	0	41	0	45	0	12	0	47	-1	39	39	11	0	45	-1	0	0	-1	-1	-1	0	33	17	0
c7171	14	0	-1	26	-1	0	-1	41	0	0	-1	12	0	-1	17	-1	0	11	0	0	0	0	22	30	0	11	-1	0	3	-1
c7200	0	0	33	0	0	0	-1	41	22	-1	-1	12	-1	-1	0	18	0	-1	11	0	-1	0	0	30	-1	0	-1	33	-1	23
c7303	0	0	0	-1	-1	0	34	-1	0	17	11	12	0	47	45	-1	5	11	-1	0	0	0	0	30	0	0	0	33	0	-1
c7328	6	0	0	0	0	0	37	41	0	0	0	-1	0	-1	0	0	0	11	45	0	0	0	19	30	0	44	-1	33	-1	-1
c7345	0	0	45	-1	0	0	0	41	0	-1	0	12	-1	-1	17	-1	0	11	19	-1	-1	0	22	-1	0	7	22	0	15	-1
c7387	14	0	0	-1	0	17	0	41	0	0	-1	12	-1	-1	17	0	0	11	37	1	0	-1	-1	30	-1	0	0	0	-1	-1
c7417	0	-1	0	0	1	0	0	-1	0	0	0	-1	-1	47	0	0	0	11	-1	45	0	0	0	30	0	0	-1	-1	-1	-1
c7418	0	0	0	26	0	0	22	41	0	-1	0	12	-1	-1	-1	-1	0	-1	19	-1	29	0	22	30	0	7	0	0	15	0
c7444	-1	-1	0	26	30	0	-1	41	0	11	22	12	10	-1	17	2	0	11	35	0	0	0	22	30	0	0	-1	0	0	28
c7473	0	-1	0	0	0	0	-1	41	0	0	0	12	15	47	0	0	0	-1	0	0	0	45	20	-1	-1	21	-1	-1	-1	0
c7570	-1	0	0	0	0	-1	-1	41	-1	0	0	12	0	47	0	1	0	11	0	0	0	-1	23	30	0	-1	0	33	-1	0
c7607	-1	-1	0	0	-1	0	-1	41	0	0	0	-1	0	14	-1	0	-1	11	-1	0	0	45	19	30	-1	0	0	-1	-1	0
c7630	-1	-1	-1	0	0	-1	-1	-1	9	27	0	-1	0	47	0	-1	0	-1	-1	0	0	0	-1	30	-1	0	0	33	-1	-1
c7648	0	6	11	0	0	0	0	41	25	0	46	12	30	47	0	12	-1	11	-1	34	-1	0	0	30	0	0	0	33	-1	0
c7700	0	17	30	-1	0	0	-1	-1	0	39	0	-1	-1	47	1	0	22	-1	0	0	0	0	0	30	-1	0	5	-1	0	0
c7765	0	-1	30	0	12	0	0	-1	17	39	-1	12	0	-1	1	0	25	11	0	0	0	0	0	-1	-1	7	23	33	-1	0
c7834	0	-1	30	0	12	0	0	-1	0	-1	0	12	0	-1	1	0	0	-1	0	0	0	0	0	30	1	-1	-1	33	0	-1
c7842	0	0	0	0	0	40	0	41	0	0	37	-1	0	0	-1	0	-1	11	-1	0	-1	25	19	-1	-1	22	19	33	-1	0
c7844	0	-1	11	0	18	26	0	41	0	-1	0	12	0	47	0	12	0	11	39	34	34	0	0	30	-1	-1	0	33	0	19
c7888	0	0	33	0	0	-1	0	-1	0	-1	-1	12	0	35	11	0	0	11	39	0	0	0	0	30	-1	0	0	33	25	0
c7902	0	0	0	0	0	0	-1	41	26	0	0	12	0	0	-1	5	0	-1	18	-1	0	-1	0	30	0	40	0	9	3	0
c7912	0	0	22	26	0	0	8	41	0	-1	-1	12	0	-1	17	0	-1	11	11	19	0	0	22	-1	11	-1	0	-1	-1	0
c7927	0	11	0	26	0	25	0	-1	-1	0	-1	12	39	-1	17	19	22	-1	0	5	7	0	22	30	37	0	0	11	0	34
c7954	0	0	23	0	-1	-1	0	-1	-1	0	-1	12	0	-1	17	12	-1	11	0	-1	0	-1	0	30	0	0	0	33	-1	0
c7966	0	0	42	-1	0	0	-1	41	12	0	0	-1	-1	47	18	12	-1	-1	-1	0	0	-1	0	30	0	0	0	33	0	-1
c8019	0	0	0	26	0	0	0	41	0	0	0	12	0	-1	17	0	22	11	-1	0	0	0	22	30	-1	0	0	17	-1	0
c8061	0	39	-1	0	0	-1	0	41	0	0	0	12	5	-1	-1	0	11	-1	0	0	0	0	-1	30	-1	0	0	33	-1	0
c8089	0	25	0	0	0	21	9	41	0	17	5	12	0	47	1	0	0	11	-1	-1	0	-1	-1	30	0	0	0	33	0	-1
c8162	1	0	0	26	0	39	0	-1	0	0	0	12	33	-1	17	0	0	11	19	-1	0	0	22	-1	47	7	0	0	15	19
c8168	0	0	-1	0	0	-1	23	41	0	0	0	12	40	47	0	12	0	11	0	-1	-1	20	-1	30	-1	0	0	33	11	0
c8193	0	5	1	26	17	0	0	41	-1	-1	0	-1	33	-1	17	0	0	11	-1	23	0	49	22	-1	0	7	0	0	15	0
c8238	0	22	8	38	0	11	26	41	26	0	0	-1	0	0	0	5	0	-1	0	0	0	12	-1	30	0	40	0	9	0	0
c8269	0	-1	0	0	-1	9	22	41	45	0	0	-1	22	-1	1	11	0	11	-1	0	0	0	-1	30	0	0	0	33	0	-1
c8293	0	0	39	0	10	0	0	41	0	9	10	-1	22	47	0	12	-1	11	0	0	0	-1	0	30	0	0	0	33	-1	0
c8624	0	0	0	26	0	47	0	41	0	-1	0	12	0	-1	-1	-1	22	11	-1	-1	3	0	22	30	0	0	15	-1	0	-1
c8642	14	0	22	26	0	-1	0	41	0	-1	0	-1	0	-1	-1	0	0	11	7	0	0	0	22	-1	-1	0	0	0	0	0
c8657	0	0	0	39	-1	0	17	41	0	37	0	12	-1	47	0	0	-1	11	-1	45	-1	45	-1	30	-1	0	0	33	-1	0
c8680	-1	17	0	0	0	0	0	41	0	0	0	-1	28	14	0	0	26	-1	-1	0	0	0	19	30	-1	0	21	33	-1	0
c8681	0	17	-1	0	0	0	0	41	-1	0	0	-1	28	14	0	0	0	-1	45	0	0	0	19	30	0	0	21	33	-1	0
c8696	0	0	0	0	-1	44	0	41	17	0	11	-1	-1	14	0	0	0	-1	-1	0	0	0	-1	-1	0	0	0	-1	-1	0
c8704	-1	0	0	-1	0	0	0	41	0	0	0	-1	-1	-1	0	47	0	11	45	11	0	-1	19	30	-1	45	9	-1	-1	0
c8711	12	32	23	0	11	0	0	41	1	0	0	12	-1	47	-1	0	39	-1	0	22	0	0	0	30	19	0	-1	33	0	0
c8713	-1	0	33	0	0	11	15	-1	0	0	-1	-1	0	-1	0	0	-1	11	0	0	-1	0	46	30	0	-1	5	33	25	0
c8756	0	0	33	0	-1	-1	-1	41	0	0	-1	12	0	0	42	0	-1	11	0	37	-1	45	-1	30	-1	0	0	33	25	0
c8782	0	-1	17	26	0	45	-1	41	0	0	0	-1	-1	-1	17	0	0	11	45	-1	0	0	22	30	0	0	46	0	0	28
c8790	14	0	22	26	0	-1	0	41	0	-1	0	12	0	-1	-1	-1	0	11	7	0	23	0	-1	-1	0	-1	17	-1	0	0
c8800	0	6	11	-1	0	0	0	41	25	0	-1	-1	30	-1	-1	12	22	11	0	34	0	5	0	-1	0	0	0	33	39	0
c8809	0	0	0	0	0	-1	17	41	0	0	-1	12	0	47	0	1	11	-1	0	0	-1	-1	0	-1	25	0	-1	33	1	-1
c8833	0	0	40	12	0	0	0	41	-1	17	39	-1	0	47	1	39	0	-1	-1	0	0	0	0	30	0	0	0	-1	-1	-1
c8835	23	-1	0	-1	0	-1	0	41	0	-1	37	-1	0	0	44	0	0	11	-1	0	37	-1	19	30	0	22	0	33	-1	0
c8842	0	31	42	34	42	0	-1	41	12	0	45	-1	-1	47	-1	12	0	11	0	0	0	0	0	-1	24	-1	0	33	0	-1
c8843	0	31	42	34	0	-1	-1	41	12	0	-1	-1	-1	47	-1	12	0	11	0	0	0	0	0	30	24	-1	0	33	0	-1
c8892	0	0	-1	-1	0	0	47	41	-1	0	-1	12	0	47	-1	0	39	11	-1	7	49	0	15	-1	-1	39	0	33	0	0
c8923	-1	0	0	-1	0	0	-1	41	-1	39	-1	12	0	0	0	-1	-1	11	-1	0	-1	0	0	30	0	40	0	9	45	0
c9032	33	-1	0	0	0	0	0	41	0	0	47	12	15	47	0	0	-1	-1	-1	-1	0	0	0	30	-1	22	-1	-1	-1	0
c9035	0	0	6	-1	-1	22	-1	-1	19	0	9	12	10	-1	17	0	19	11	-1	-1	0	-1	-1	30	0	0	0	0	0	28
c9042	0	-1	0	26	23	37	0	41	0	45	0	12	-1	-1	17	-1	-1	11	19	-1	0	0	22	30	0	7	-1	0	15	30
c9061	0	-1	0	0	0	0	5	41	0	17	15	12	-1	47	1	0	0	-1	-1	0	0	-1	0	30	0	0	0	33	0	-1
c9109	-1	0	-1	0	0	-1	0	41	0	17	23	12	0	-1	1	0	0	11	17	11	-1	0	0	30	0	0	-1	33	0	-1
c9167	0	-1	0	0	0	2	-1	-1	0	-1	0	-1	0	14	-1	0	0	11	45	0	0	0	19	-1	0	27	-1	33	-1	-1
c9195	-1	0	0	26	-1	8	0	41	0	11	17	12	10	-1	-1	-1	21	11	17	0	17	0	22	30	0	0	0	8	-1	28
c9207	0	11	0	0	0	0	0	41	0	0	0	-1	0	14	0	8	0	-1	45	0	0	6	19	30	-1	0	0	33	-1	0
c9244	37	0	0	-1	0	0	-1	-1	-1	-1	0	12	0	0	0	-1	-1	11	-1	0	0	-1	0	30	-1	40	0	9	45	0
c9319	0	0	-1	0	42	-1	-1	41	0	0	0	12	45	47	-1	-1	0	-1	0	0	0	-1	0	30	0	0	0	33	1	-1
c9333	-1	0	11	17	-1	0	0	41	-1	11	-1	-1	0	-1	0	12	-1	11	-1	-1	0	-1	0	30	0	-1	0	-1	0	0
c9363	0	0	0	0	22	9	22	41	45	0	0	12	22	47	-1	11	0	11	0	0	0	-1	0	30	0	0	0	33	-1	-1
c9485	0	0	-1	0	0	0	0	41	0	17	-1	12	0	47	1	16	-1	11	-1	0	0	0	0	30	0	0	-1	33	0	-1
c9510	0	0	0	0	0	-1	0	41	0	0	0	-1	0	47	0	0	0	-1	0	0	0	0	-1	30	0	0	0	-1	-1	0
c9519	0	6	11	0	22	0	-1	41	0	46	0	12	0	47	0	12	22	-1	17	0	0	0	0	30	0	0	0	33	39	0
c9523	-1	0	42	34	0	34	22	41	-1	22	-1	12	-1	-1	0	12	23	11	40	0	0	0	-1	30	0	0	0	33	-1	-1
c9549	0	0	11	0	18	0	0	41	0	0	0	12	0	-1	-1	12	-1	11	0	0	0	22	0	30	0	0	-1	33	0	19
c9647	0	0	11	0	18	0	-1	41	0	-1	0	12	0	47	0	12	0	11	0	47	-1	0	0	30	-1	0	0	33	0	19
c9655	0	6	11	6	0	-1	0	41	0	-1	0	12	-1	47	0	12	22	11	17	0	-1	0	0	30	29	17	0	33	39	9
c9676	6	0	0	26	-1	-1	0	41	0	11	0	-1	10	-1	17	0	21	11	0	0	17	0	22	30	0	33	0	0	0	28
c9719	0	0	-1	26	0	0	-1	41	0	0	0	12	-1	-1	17	0	0	11	19	-1	-1	0	-1	30	0	7	0	0	15	-1
c9733	0	0	-1	26	36	44	0	41	0	17	0	12	10	-1	-1	0	1	11	45	0	0	0	-1	-1	-1	0	45	0	22	-1
c9767	0	25	-1	0	0	0	0	41	0	47	-1	12	40	47	0	12	0	11	0	-1	0	20	-1	30	0	0	0	-1	11	0
c9775	0	0	0	26	-1	22	-1	41	19	0	9	12	-1	-1	17	-1	-1	-1	9	0	0	0	22	30	0	5	0	0	0	28
c9788	-1	0	0	26	0	0	0	41	0	-1	-1	12	39	-1	17	0	-1	11	-1	15	22	0	22	30	0	0	0	17	0	0
c9810	0	0	0	26	0	0	0	-1	17	0	0	12	33	-1	17	0	0	11	19	-1	0	0	22	30	0	7	0	-1	15	0
c9818	0	0	0	26	19	0	0	41	0	6	0	-1	33	-1	17	0	0	-1	19	-1	0	0	22	30	0	7	0	0	15	47
c9842	0	0	33	22	0	0	-1	41	22	-1	-1	12	0	0	-1	18	0	11	-1	0	0	0	0	-1	-1	33	-1	33	0	-1
c9844	-1	0	15	0	0	-1	0	41	0	-1	0	-1	0	47	-1	-1	5	11	-1	0	24	0	0	-1	-1	0	0	33	-1	0
c9850	37	-1	-1	0	-1	-1	0	41	0	0	0	-1	-1	14	0	0	0	11	45	0	0	-1	19	30	0	0	0	33	-1	0
c9857	0	17	-1	0	0	0	0	-1	0	39	0	12	0	47	1	0	22	-1	-1	0	0	0	0	30	-1	45	0	33	0	-1
c9873	0	0	0	-1	0	0	-1	41	-1	17	0	-1	0	47	20	-1	-1	11	0	0	0	0	-1	30	0	-1	0	33	-1	22
c9879	0	-1	0	26	0	0	-1	-1	0	11	0	12	10	-1	17	0	0	11	-1	-1	11	0	-1	30	0	0	0	49	0	28
c9883	0	0	-1	38	-1	0	1	41	37	0	17	12	40	47	0	12	0	11	0	0	0	-1	-1	-1	-1	-1	22	-1	0	0
c9922	0	0	-1	0	6	0	26	41	26	-1	-1	12	0	0	0	5	47	11	0	0	0	-1	-1	-1	0	40	-1	9	0	27
c10059	0	0	33	0	0	-1	0	-1	2	42	0	12	0	-1	0	-1	0	11	0	0	0	25	0	30	0	0	3	33	0	0
c10084	0	-1	-1	0	0	0	0	41	0	20	30	12	0	47	0	12	5	11	23	-1	0	0	45	30	0	34	-1	33	19	0
c10092	0	-1	33	0	0	0	-1	-1	22	-1	-1	-1	0	-1	0	0	0	11	-1	0	0	0	0	30	0	-1	-1	33	0	23
c10144	-1	11	30	26	-1	0	-1	41	-1	0	22	12	0	-1	17	0	0	11	24	1	0	0	-1	30	-1	-1	-1	14	25	34
c10153	0	0	-1	-1	0	0	-1	41	-1	39	0	12	0	45	0	5	-1	11	0	0	0	0	-1	30	0	40	18	9	45	0
c10171	14	0	9	26	-1	17	0	-1	0	-1	0	12	0	-1	17	0	0	-1	0	0	-1	0	22	30	-1	0	0	39	40	-1
c10172	-1	0	-1	0	45	0	0	41	0	9	19	12	15	47	0	0	-1	-1	0	0	-1	45	0	30	0	-1	-1	33	-1	0
c10214	22	0	0	26	0	0	0	41	0	0	0	12	39	-1	17	0	0	11	-1	0	0	0	22	30	0	0	0	-1	0	0
c10229	0	23	40	12	-1	0	0	41	-1	17	39	12	-1	47	-1	-1	0	11	-1	39	0	0	45	30	0	-1	-1	-1	0	-1
c10245	0	-1	-1	0	0	19	15	41	0	0	-1	-1	-1	0	0	0	46	11	0	11	0	23	-1	30	0	0	5	33	25	0
c10293	14	0	-1	26	0	-1	50	-1	0	0	0	12	0	-1	17	0	9	11	7	-1	0	0	22	-1	0	0	21	0	1	0
c10338	0	0	33	-1	-1	0	15	-1	0	29	-1	12	0	15	9	-1	0	11	0	0	0	0	0	-1	41	0	5	33	25	0
c10359	-1	0	33	0	2	0	-1	41	22	-1	-1	12	0	-1	0	18	0	11	11	0	-1	0	-1	-1	44	-1	-1	-1	45	23
c10429	-1	0	42	34	0	0	-1	-1	12	0	0	-1	-1	-1	11	12	24	11	0	-1	0	0	0	30	0	0	0	33	0	-1
c10442	0	47	0	0	0	0	26	41	26	-1	0	12	0	0	0	5	25	11	18	0	0	0	-1	30	15	40	-1	-1	0	22
c10455	0	-1	30	44	0	-1	0	-1	-1	39	0	-1	0	47	1	0	-1	-1	0	0	0	0	0	30	1	0	0	33	0	0
c10471	-1	17	30	47	0	0	17	-1	5	39	-1	12	0	-1	1	-1	0	-1	-1	0	-1	-1	0	30	1	-1	0	-1	0	25
c10504	0	11	-1	26	-1	43	-1	41	0	-1	0	12	0	-1	17	-1	0	11	0	0	-1	0	22	-1	0	-1	39	-1	0	34
c10505	0	11	0	26	0	43	0	41	-1	8	0	12	0	-1	17	0	0	11	0	0	-1	0	22	30	0	-1	39	9	0	34
c10507	0	0	33	50	0	0	0	41	27	-1	9	12	-1	0	0	0	0	-1	0	0	-1	0	0	30	0	-1	1	-1	0	-1
c10514	0	-1	-1	12	0	0	0	41	-1	0	-1	12	-1	47	0	12	0	-1	0	0	0	0	-1	30	17	-1	0	-1	0	-1
c10525	14	-1	22	26	0	-1	-1	41	0	0	0	-1	0	-1	-1	49	0	11	7	0	0	0	22	-1	0	0	0	-1	0	0
c10547	0	17	0	0	45	-1	0	-1	23	0	0	12	0	47	11	1	0	11	-1	19	0	0	0	30	0	-1	0	33	1	0
c10575	24	17	18	0	20	-1	40	41	0	-1	0	12	22	-1	1	0	0	11	0	-1	0	0	11	30	-1	0	0	33	-1	0
c10621	19	0	33	0	-1	34	-1	41	19	39	-1	12	-1	0	0	0	45	-1	0	0	-1	0	0	-1	0	0	5	-1	25	-1
c10640	0	-1	0	26	0	0	0	41	0	0	0	12	-1	-1	17	0	0	11	19	-1	5	0	22	30	0	7	-1	-1	15	0
c10641	0	0	0	-1	0	0	0	41	0	0	0	12	-1	-1	17	0	0	11	-1	-1	0	0	-1	30	0	7	0	8	15	0
c10647	-1	0	-1	-1	0	0	0	41	37	0	-1	12	-1	47	0	12	0	11	22	-1	0	0	-1	30	17	0	45	33	0	0
c10674	14	0	-1	26	-1	-1	0	-1	0	0	0	12	-1	-1	17	-1	0	11	7	-1	23	19	22	-1	0	0	0	0	21	0
c10705	0	0	30	-1	0	0	26	41	26	0	0	12	0	22	22	-1	0	11	-1	19	40	0	9	30	0	40	0	9	-1	0
c10744	14	0	-1	26	0	-1	0	41	0	0	0	12	0	-1	17	-1	0	-1	7	0	0	0	-1	-1	0	0	0	17	0	45
c10760	0	0	-1	26	-1	0	0	41	0	0	-1	12	33	-1	17	0	-1	11	19	-1	-1	0	22	30	8	7	-1	0	-1	-1
c10762	0	6	-1	-1	-1	-1	0	-1	0	0	0	12	0	47	0	12	22	11	0	0	0	0	46	30	45	0	0	33	39	0
c10799	0	-1	-1	0	-1	0	26	-1	26	47	0	12	0	0	0	5	0	11	23	-1	0	0	0	-1	21	40	-1	9	0	0
c10816	-1	11	-1	26	0	25	-1	41	0	0	-1	12	39	-1	17	19	22	11	0	0	7	0	22	30	37	-1	0	11	0	34
c10831	0	0	-1	26	19	22	-1	41	0	0	0	12	-1	-1	17	0	-1	11	19	-1	0	0	22	30	-1	7	17	0	15	47
c10842	0	17	30	-1	0	-1	-1	-1	0	39	-1	12	0	47	-1	0	-1	-1	-1	0	0	-1	0	30	1	-1	0	33	0	-1
c10860	46	17	18	0	0	0	0	-1	0	-1	0	-1	-1	47	-1	-1	11	11	0	-1	0	0	18	30	-1	0	0	33	0	0
c10877	-1	0	0	0	0	0	0	-1	0	17	15	12	0	47	-1	0	0	11	0	0	0	0	0	30	-1	22	0	-1	12	-1
c10894	0	0	0	0	-1	0	16	41	-1	0	0	12	0	47	0	12	17	11	-1	-1	0	-1	32	30	0	42	0	33	15	0
c10908	0	-1	33	0	-1	49	0	41	22	-1	-1	12	0	0	0	0	-1	11	11	-1	-1	0	-1	30	0	0	-1	33	0	0
c10934	0	-1	11	0	18	0	0	-1	0	0	-1	12	0	-1	-1	12	0	11	39	0	-1	0	0	30	0	10	-1	33	0	-1
c10941	0	0	-1	0	0	0	0	41	0	0	-1	12	40	47	-1	-1	0	11	0	-1	0	20	-1	30	45	0	0	-1	11	0
c10994	-1	0	0	-1	0	39	-1	41	-1	0	-1	12	0	0	39	5	37	11	0	0	0	0	0	-1	0	40	0	9	0	-1
c11037	-1	0	40	0	0	0	-1	41	0	0	0	-1	-1	14	-1	0	0	11	45	34	0	6	19	-1	-1	0	-1	-1	-1	0
c11041	6	0	-1	0	0	0	37	41	-1	-1	0	-1	9	14	0	-1	0	-1	45	0	0	-1	19	30	0	0	0	33	-1	0
c11053	-1	0	-1	9	0	0	9	41	-1	42	0	12	7	-1	0	-1	0	-1	0	22	45	-1	0	30	0	0	-1	33	-1	0
c11058	45	0	-1	26	-1	0	0	41	-1	-1	9	-1	10	-1	17	17	19	11	0	0	-1	0	22	-1	25	0	0	-1	-1	28
c11087	0	17	30	9	0	-1	-1	-1	0	-1	0	12	0	47	1	0	22	-1	0	22	0	0	0	30	1	0	39	33	0	40
c11135	0	-1	11	0	0	0	-1	41	0	23	0	12	0	47	-1	12	0	11	0	0	-1	-1	0	30	45	0	0	33	0	-1
c11165	-1	0	-1	26	-1	0	0	41	0	0	0	12	33	-1	17	0	-1	11	19	-1	0	0	22	30	-1	7	0	0	15	0
c11170	0	0	0	0	-1	0	0	41	0	-1	0	12	0	47	1	0	-1	11	0	0	0	-1	0	30	0	0	0	33	25	-1
c11194	0	-1	-1	0	0	0	0	41	0	-1	0	-1	40	47	0	12	0	-1	0	-1	0	20	-1	30	-1	0	0	33	0	0
c11236	0	0	11	0	0	-1	-1	41	0	0	37	-1	17	0	44	0	0	-1	-1	0	0	25	19	30	22	-1	0	33	-1	0
c11239	0	0	-1	-1	0	39	0	41	0	0	0	12	33	-1	17	0	0	11	19	-1	0	0	22	30	47	7	0	-1	-1	19
c11260	0	5	-1	-1	0	0	0	41	-1	-1	0	12	0	-1	17	0	11	11	0	0	1	0	22	30	0	0	0	0	-1	0
c11264	0	0	11	0	0	38	0	-1	0	23	0	12	0	47	-1	12	0	11	-1	0	0	0	0	30	22	0	0	33	-1	-1
c11279	0	6	11	-1	-1	0	-1	-1	0	0	-1	12	0	47	-1	12	22	11	17	0	-1	22	-1	30	0	0	-1	33	39	0
c11294	0	0	33	0	0	0	0	41	0	0	-1	12	0	21	-1	0	-1	-1	-1	-1	0	0	0	30	0	0	0	33	0	17
c11315	-1	0	-1	34	0	0	0	-1	22	17	0	12	0	47	1	-1	-1	11	0	0	0	0	0	30	0	0	0	33	0	-1
c11321	0	0	0	26	-1	-1	0	41	0	-1	0	-1	33	-1	17	-1	0	11	-1	-1	0	0	-1	30	0	7	0	0	15	0
c11342	0	-1	33	0	0	28	-1	41	0	0	-1	12	0	30	0	0	0	11	0	0	0	-1	-1	30	0	-1	0	33	1	0
c11352	6	0	0	26	0	0	0	41	0	11	0	-1	10	-1	17	-1	21	11	-1	0	-1	0	22	30	0	33	0	0	0	28
c11353	6	0	0	26	0	0	0	41	0	11	0	-1	10	-1	-1	0	21	11	0	0	17	0	22	30	0	33	0	0	0	28
c11359	0	22	0	26	0	27	0	41	-1	-1	0	12	10	-1	17	-1	21	11	0	0	17	0	-1	30	-1	0	0	0	0	28
c11365	39	-1	-1	26	0	-1	0	-1	0	0	-1	12	33	-1	-1	0	-1	-1	19	-1	25	-1	22	-1	-1	7	0	8	15	17
c11385	0	0	45	26	0	-1	0	41	0	0	0	12	-1	-1	17	11	0	-1	-1	-1	0	0	22	-1	0	7	0	0	15	0
c11401	0	0	1	26	0	0	0	-1	0	-1	0	-1	33	-1	17	-1	0	11	-1	23	0	49	-1	30	-1	7	0	-1	15	0
c11437	0	0	0	4	0	-1	-1	41	0	0	-1	12	0	47	-1	20	0	11	0	-1	22	0	-1	30	0	-1	23	33	0	0
c11452	-1	0	0	0	0	0	-1	41	0	17	-1	12	0	-1	1	-1	0	11	17	0	0	0	0	-1	0	0	0	33	0	-1
c11453	-1	0	0	0	0	0	-1	41	-1	17	23	12	0	-1	1	0	0	11	17	0	-1	-1	0	30	0	0	-1	33	0	-1
c11481	0	0	-1	0	0	25	0	-1	2	-1	-1	12	15	47	0	0	0	11	0	0	0	-1	0	-1	0	-1	0	33	-1	0
c11493	0	0	39	26	0	0	-1	41	47	5	-1	12	0	-1	17	0	-1	11	0	0	-1	-1	-1	30	0	-1	0	7	21	0
c11496	-1	0	0	0	0	27	23	41	-1	-1	0	12	15	47	0	0	0	11	44	0	-1	-1	-1	30	0	0	-1	-1	-1	0
c11519	0	0	0	0	0	0	45	41	39	0	0	-1	-1	47	0	12	0	11	-1	7	0	-1	0	30	0	0	0	33	17	11
c11529	0	-1	45	0	-1	-1	23	41	34	0	0	12	15	47	0	17	0	11	0	0	0	45	0	-1	-1	0	0	33	-1	0
c11544	0	11	-1	-1	0	0	0	41	0	-1	0	12	22	-1	17	0	0	-1	0	0	0	0	22	-1	0	-1	-1	0	0	34
c11593	0	0	18	0	0	-1	0	41	0	0	30	12	-1	47	0	0	0	11	-1	42	27	45	47	30	0	-1	-1	33	-1	0
c11594	0	0	33	0	-1	0	-1	41	22	-1	-1	-1	0	33	0	18	0	11	11	0	0	0	0	30	44	0	-1	33	45	23
c11599	0	-1	0	0	0	-1	0	41	0	0	0	12	0	47	0	0	0	-1	-1	-1	45	0	0	30	-1	0	0	33	-1	23
c11600	0	0	0	0	0	-1	0	41	0	17	-1	12	0	47	1	27	11	11	0	0	0	-1	0	-1	0	0	18	33	-1	-1
c11612	0	0	0	0	0	0	0	41	0	-1	0	-1	-1	14	0	0	0	11	45	0	0	6	19	30	0	0	0	33	-1	0
c11654	0	0	33	-1	0	-1	-1	41	-1	-1	-1	12	-1	0	-1	18	0	11	-1	0	0	0	0	30	44	0	-1	33	0	23
c11672	0	0	0	0	0	-1	26	41	26	-1	0	12	34	0	0	5	0	11	18	45	0	0	17	30	0	40	0	9	0	0
c11683	-1	0	0	0	10	0	0	41	-1	0	0	12	0	47	0	12	17	11	0	37	0	11	32	30	0	0	0	33	15	0
c11711	0	0	-1	0	0	34	15	41	0	39	-1	-1	0	0	0	0	0	11	-1	0	0	26	-1	30	0	0	5	33	25	22
c11731	-1	-1	17	26	0	0	0	41	-1	0	0	-1	10	-1	-1	0	0	11	45	0	0	39	22	-1	17	-1	-1	23	-1	28
c11733	0	0	0	0	0	-1	0	41	0	0	0	12	-1	47	0	12	-1	11	0	0	45	0	0	30	7	0	-1	-1	-1	0
c11784	0	0	-1	-1	0	0	0	41	0	-1	-1	-1	10	-1	17	0	21	11	-1	0	17	-1	22	30	11	33	-1	-1	-1	28
c11898	0	0	0	11	19	-1	0	41	-1	0	-1	-1	-1	47	0	-1	0	11	22	-1	-1	-1	0	30	0	39	22	-1	-1	22
c11901	0	0	11	0	0	0	0	41	0	23	0	-1	17	47	-1	12	0	11	0	0	0	0	0	-1	0	-1	-1	33	0	0
c11914	0	0	33	0	0	11	0	41	22	-1	-1	12	0	0	0	0	-1	11	11	0	-1	0	0	30	18	0	-1	33	0	0
c11934	-1	11	-1	-1	0	25	0	41	0	0	0	12	39	-1	17	19	22	11	0	-1	7	0	22	30	37	0	0	-1	19	34
c11935	0	11	0	26	0	25	0	41	0	-1	0	12	-1	-1	17	19	-1	11	0	0	7	0	22	30	37	0	0	11	0	34
c11937	0	-1	0	0	1	-1	0	41	11	0	0	12	15	-1	0	-1	0	11	-1	45	0	0	0	-1	0	0	0	33	-1	0
c11946	0	45	33	49	7	44	0	41	-1	0	0	12	0	0	-1	-1	0	11	23	0	0	0	0	-1	0	0	-1	-1	-1	-1
c11950	45	17	-1	0	0	0	47	41	23	0	19	12	15	47	0	0	0	11	27	6	0	45	0	30	0	-1	-1	33	-1	0
c11953	0	0	17	-1	0	0	15	41	0	17	45	12	10	-1	17	0	-1	11	-1	-1	0	0	22	-1	-1	0	0	-1	25	28
c11955	0	0	-1	26	-1	-1	0	41	-1	0	0	-1	33	-1	17	-1	0	-1	19	-1	-1	0	22	30	0	-1	0	-1	-1	0
c11958	-1	0	45	39	0	0	23	41	0	0	0	12	15	-1	0	-1	0	11	0	0	0	45	0	30	0	-1	-1	33	-1	0
c11977	0	0	0	26	0	0	0	41	-1	0	0	12	-1	-1	17	-1	-1	11	0	0	0	0	22	30	0	0	0	-1	39	0
c11987	0	0	-1	0	0	0	0	41	-1	-1	0	12	40	-1	0	12	0	11	0	-1	26	-1	-1	30	-1	0	-1	-1	11	0
c11988	-1	0	-1	0	0	0	0	41	0	0	0	-1	40	47	-1	12	0	11	0	-1	0	20	-1	30	0	0	0	33	11	0
c12040	0	0	-1	-1	0	0	22	41	0	17	0	12	-1	47	1	19	0	11	0	0	0	0	0	-1	0	0	0	33	0	-1
c12074	0	0	0	-1	0	-1	-1	41	0	17	-1	12	-1	47	1	39	0	11	0	0	0	0	0	-1	0	0	0	-1	0	-1
c12091	-1	-1	-1	0	0	38	-1	-1	0	23	0	12	0	47	0	12	-1	11	-1	0	0	0	18	30	0	0	0	33	-1	0
c12098	0	0	-1	0	38	0	0	-1	0	0	-1	12	40	47	0	12	0	11	0	-1	-1	20	-1	30	0	0	0	33	0	0
c12100	0	29	7	15	0	0	0	41	0	0	0	-1	0	14	-1	37	0	11	45	0	0	6	19	30	0	0	0	33	-1	-1
c12104	14	0	22	26	0	-1	0	-1	0	0	0	12	0	-1	17	-1	0	-1	7	0	-1	-1	22	-1	0	0	0	17	0	0
c12112	23	-1	42	34	0	0	0	41	12	11	0	-1	-1	47	9	12	45	-1	-1	0	0	0	-1	30	-1	0	0	33	-1	-1
c12122	-1	-1	33	0	33	11	0	41	22	-1	-1	12	-1	0	0	-1	-1	11	11	-1	0	0	0	30	0	0	-1	33	0	0
c12141	-1	11	-1	-1	-1	5	45	41	0	0	-1	12	0	-1	17	0	-1	11	0	34	-1	0	22	30	0	-1	0	0	-1	34
c12166	0	0	0	0	0	-1	26	41	26	-1	0	-1	0	0	-1	5	39	11	18	0	0	45	-1	30	0	40	-1	9	0	-1
c12168	0	37	39	0	0	0	0	41	0	0	0	12	15	47	0	-1	0	11	0	-1	-1	45	45	-1	0	0	0	-1	-1	-1
c12213	0	0	11	45	0	0	17	41	0	23	0	12	24	47	-1	12	0	11	0	0	0	0	0	30	0	0	0	-1	0	-1
c12221	-1	-1	0	0	-1	-1	-1	41	26	40	30	-1	0	-1	-1	5	-1	11	0	-1	0	0	0	-1	0	40	0	9	0	0
c12223	0	0	-1	0	0	0	0	41	17	0	0	-1	40	47	-1	12	0	11	0	-1	0	20	-1	30	-1	-1	0	33	0	0
c12224	-1	0	0	0	0	17	-1	41	0	0	0	-1	15	-1	0	0	6	11	-1	0	0	-1	0	30	33	45	0	33	-1	0
c12232	0	-1	-1	0	0	21	0	41	0	0	0	12	-1	-1	0	-1	-1	11	44	-1	0	-1	-1	30	0	0	0	33	0	-1
c12239	14	0	-1	-1	0	-1	-1	41	0	0	0	12	-1	-1	17	-1	0	11	0	0	0	0	22	30	0	0	0	-1	0	0
c12253	0	17	30	9	0	-1	0	-1	-1	39	0	12	0	47	1	0	-1	-1	-1	0	0	0	-1	30	1	0	0	33	0	0
c12271	0	-1	25	26	-1	0	45	41	0	0	-1	12	38	-1	17	0	0	-1	0	34	0	-1	22	30	39	0	0	7	0	34
c12276	-1	-1	-1	0	-1	-1	0	41	27	0	9	12	30	0	0	-1	0	-1	-1	11	-1	-1	0	30	0	0	-1	33	0	-1
c12286	0	0	0	0	0	-1	22	41	0	9	-1	12	1	-1	0	17	0	-1	0	39	0	-1	0	-1	0	-1	0	33	-1	-1
c12332	0	-1	30	0	12	-1	-1	-1	17	39	0	12	-1	47	-1	-1	25	-1	-1	0	0	0	0	30	1	7	23	33	22	0
c12334	0	11	0	26	0	0	45	41	0	0	-1	12	45	-1	17	0	20	-1	0	34	0	0	22	30	0	-1	0	0	0	-1
c12345	14	0	22	26	0	-1	0	41	0	0	0	12	0	-1	17	0	0	11	7	0	0	0	22	-1	0	0	0	0	0	0
c12363	-1	11	19	26	39	0	45	-1	0	-1	-1	12	0	-1	17	22	0	11	0	0	0	37	22	30	-1	0	18	-1	-1	34
c12365	21	0	-1	0	25	18	0	-1	9	0	-1	12	-1	0	0	5	-1	11	0	0	0	0	0	30	0	0	0	33	0	-1
c12367	0	0	0	34	0	0	9	41	0	17	6	12	0	47	1	-1	0	11	-1	0	-1	21	-1	30	0	0	-1	-1	0	-1
c12377	0	0	-1	0	0	0	9	41	0	48	0	12	-1	-1	0	12	0	11	0	0	-1	45	0	30	0	22	0	33	-1	-1
c12379	-1	39	-1	-1	0	-1	40	-1	-1	-1	0	12	17	47	0	26	0	-1	0	0	16	-1	-1	30	0	0	0	33	-1	0
c12411	-1	0	0	26	0	8	-1	41	-1	-1	0	12	10	-1	-1	0	21	11	17	-1	17	0	22	30	0	-1	-1	8	-1	28
c12432	0	0	-1	0	0	-1	0	41	0	-1	0	12	40	47	0	12	0	11	0	-1	-1	20	-1	30	39	-1	0	33	0	0
c12448	0	0	0	-1	7	0	0	41	-1	0	11	-1	0	-1	17	0	0	11	-1	0	0	-1	22	30	0	0	-1	-1	-1	0
c12458	0	0	-1	-1	18	-1	0	41	0	0	0	12	10	-1	17	0	-1	-1	45	-1	22	-1	22	30	17	45	0	0	0	28
c12488	-1	22	0	-1	12	0	-1	41	-1	-1	0	12	-1	-1	17	0	21	11	0	-1	17	0	22	30	0	0	0	0	0	28
c12501	0	5	-1	26	0	-1	0	41	0	-1	0	-1	-1	-1	17	0	0	11	-1	23	0	49	-1	30	0	7	0	-1	15	0
c12506	0	12	33	0	0	0	-1	41	22	-1	-1	-1	0	0	0	18	0	11	11	-1	0	0	0	30	44	0	-1	33	-1	23
c12507	0	0	33	0	0	-1	-1	41	22	-1	-1	12	-1	0	0	18	0	-1	11	0	0	-1	0	-1	44	0	-1	33	-1	-1
c12516	45	-1	30	26	0	0	0	41	39	0	22	12	0	-1	17	0	0	11	0	0	0	0	22	30	0	-1	-1	-1	-1	34
c12532	-1	0	-1	0	0	0	-1	41	-1	17	0	12	0	-1	1	0	0	11	17	0	0	0	0	30	0	-1	0	33	0	-1
c12533	-1	0	0	0	0	0	0	41	0	17	-1	12	-1	-1	1	0	-1	11	17	0	0	-1	0	-1	-1	0	0	-1	0	-1
c12546	0	-1	-1	12	0	0	0	-1	0	0	0	-1	40	47	0	-1	0	11	0	0	0	7	-1	30	17	0	0	-1	0	0
c12550	0	0	0	0	0	0	0	41	0	0	-1	-1	0	14	0	0	0	11	-1	-1	0	0	19	30	-1	0	0	33	-1	0
c12563	0	22	8	38	-1	0	-1	41	26	0	0	12	0	-1	-1	5	0	11	0	0	-1	-1	-1	30	-1	40	0	9	-1	6
c12593	0	-1	-1	0	18	0	0	41	45	0	0	-1	-1	47	21	12	0	11	-1	0	-1	0	-1	30	0	-1	0	33	0	19
c12598	0	11	25	26	-1	0	45	41	0	-1	-1	12	0	-1	17	0	22	-1	0	34	0	0	22	30	-1	0	0	0	39	34
c12600	-1	-1	0	26	0	0	46	41	47	-1	0	12	0	-1	-1	0	18	-1	0	0	0	-1	22	-1	0	0	-1	0	-1	-1
c12616	0	-1	11	0	18	0	0	41	0	0	-1	12	0	47	0	12	0	11	39	34	34	0	14	30	0	-1	-1	33	0	19
c12640	0	0	33	0	0	11	-1	41	-1	0	-1	12	-1	0	0	0	0	11	0	0	-1	0	-1	30	-1	0	5	33	25	0
c12655	0	0	-1	37	-1	-1	0	41	22	-1	-1	12	0	0	0	0	-1	-1	11	0	-1	0	0	30	0	0	-1	33	34	0
c12677	23	0	-1	26	-1	-1	0	41	-1	11	-1	-1	10	-1	17	0	21	11	0	-1	17	23	-1	30	0	0	0	8	0	28
c12695	0	-1	27	34	-1	0	-1	-1	0	-1	0	12	0	47	1	19	-1	-1	0	0	0	0	0	30	0	25	-1	33	-1	-1
c12728	0	0	0	0	0	0	26	41	26	47	0	12	0	0	0	-1	-1	11	23	-1	0	0	-1	-1	21	40	-1	9	0	-1
c12783	0	-1	1	26	0	0	16	41	0	-1	0	-1	33	-1	17	0	-1	11	-1	23	0	49	-1	30	0	7	0	0	15	-1
c12792	0	22	23	0	18	47	0	41	0	0	0	12	6	-1	17	12	19	11	0	17	0	0	0	30	9	0	0	33	-1	0
c12803	0	17	30	-1	-1	30	0	-1	5	39	-1	12	-1	47	1	0	7	-1	0	0	-1	0	0	30	-1	22	0	33	0	0
c12805	0	-1	-1	0	0	0	-1	41	-1	-1	-1	12	-1	0	17	18	0	11	11	0	39	0	0	30	44	0	-1	33	-1	23
c12830	18	0	17	0	0	0	0	-1	-1	-1	0	12	0	47	50	0	0	11	11	0	0	0	-1	30	-1	0	0	-1	22	0
c12847	14	0	22	26	0	0	0	-1	-1	0	0	-1	0	-1	17	-1	0	-1	0	0	1	33	22	30	0	-1	0	0	5	0
c12880	-1	0	22	26	0	-1	-1	41	0	0	0	12	-1	-1	17	-1	0	11	-1	0	0	0	22	-1	0	0	0	-1	0	0
c12881	14	0	22	26	0	-1	-1	41	0	-1	0	12	-1	-1	17	-1	-1	11	-1	0	0	0	22	-1	0	0	0	17	0	0
c12901	0	0	17	26	-1	0	-1	-1	45	-1	0	12	10	-1	17	-1	0	-1	45	0	0	0	22	-1	17	15	39	-1	-1	-1
c12912	0	0	-1	38	0	-1	45	-1	37	0	0	12	40	47	0	-1	0	11	-1	0	0	0	-1	30	17	0	22	33	0	-1
c12914	0	0	23	-1	-1	47	0	-1	0	0	-1	12	0	-1	-1	12	19	-1	45	-1	0	0	0	-1	17	0	-1	33	-1	-1
c12919	0	0	0	0	0	0	0	-1	-1	-1	0	-1	0	14	0	0	0	-1	45	0	0	-1	19	30	-1	0	0	33	-1	-1
c12938	-1	11	0	26	0	0	45	41	0	0	-1	12	-1	-1	-1	-1	32	11	0	0	0	0	22	30	0	-1	0	0	-1	34
c12944	23	0	17	26	45	5	0	41	-1	0	-1	12	-1	-1	17	0	0	11	45	0	0	-1	22	30	17	0	0	0	0	28
c12964	0	0	22	26	0	8	0	-1	0	11	0	12	10	-1	17	0	21	-1	-1	0	17	23	22	-1	23	0	0	8	0	28
c12970	0	0	0	0	0	-1	0	41	0	0	30	-1	0	14	0	0	0	11	45	0	0	0	19	30	0	0	0	33	-1	0
c12972	0	0	17	26	-1	0	0	41	2	17	-1	12	10	-1	17	0	1	-1	45	0	0	7	22	-1	-1	-1	-1	0	0	28
c12981	0	0	-1	26	-1	-1	0	41	0	0	0	-1	33	-1	17	0	0	11	-1	-1	0	0	-1	30	0	7	0	0	-1	0
c12982	24	0	0	26	10	-1	0	41	0	0	0	12	39	-1	17	0	0	11	-1	0	0	0	22	30	-1	-1	-1	17	-1	0
c13043	0	-1	0	0	11	6	0	41	-1	17	0	12	-1	47	-1	0	0	-1	-1	0	0	0	0	-1	0	0	0	-1	0	-1
c13056	14	18	-1	26	0	-1	0	-1	0	21	0	12	0	-1	17	0	0	11	-1	0	0	17	-1	-1	0	-1	0	0	37	0
c13069	-1	6	11	48	48	0	0	-1	-1	0	0	12	0	47	0	12	22	11	17	0	-1	-1	0	30	0	-1	0	33	-1	0
c13071	0	-1	11	0	-1	38	-1	-1	-1	23	0	12	-1	-1	0	12	42	11	0	0	-1	-1	-1	30	0	0	-1	33	0	0
c13079	-1	0	22	-1	0	-1	0	41	0	0	-1	12	0	-1	17	-1	0	-1	7	0	0	0	22	-1	38	0	0	17	0	0
c13099	17	0	0	26	0	-1	40	41	0	0	0	12	-1	-1	-1	0	22	11	-1	0	0	-1	22	-1	-1	0	0	17	34	0
c13100	0	0	33	0	0	0	15	41	-1	0	-1	12	0	0	0	0	0	11	17	-1	0	0	0	30	-1	0	5	33	25	0
c13118	0	-1	11	0	-1	0	-1	41	0	0	0	12	11	47	0	12	22	11	17	0	9	0	0	30	0	0	0	33	39	-1
c13136	14	18	22	26	0	-1	0	41	0	21	-1	-1	0	-1	17	0	0	11	-1	-1	0	-1	-1	-1	-1	0	0	0	-1	0
c13142	-1	0	0	-1	0	48	-1	41	0	0	-1	12	0	47	21	1	-1	11	0	0	39	0	0	30	0	-1	0	33	-1	0
c13169	0	0	0	22	0	-1	0	41	0	0	0	-1	0	47	0	12	39	11	0	0	0	0	0	30	0	0	0	33	15	0
c13177	0	0	42	34	0	0	-1	-1	-1	0	0	-1	-1	47	0	12	24	11	0	-1	-1	0	-1	-1	-1	0	0	33	0	-1
c13201	0	0	30	0	0	22	26	41	-1	0	0	12	0	22	22	5	0	-1	0	19	-1	0	9	30	0	-1	0	-1	0	-1
c13209	0	0	32	26	0	-1	0	41	-1	0	17	12	0	-1	17	0	18	11	0	0	0	-1	22	30	-1	-1	0	-1	21	0
c13210	0	0	0	11	0	0	0	41	-1	0	0	12	0	47	11	-1	0	-1	22	0	49	45	49	30	0	39	-1	33	-1	-1
c13215	0	0	33	39	0	11	-1	41	22	-1	-1	12	0	0	0	0	-1	-1	11	0	-1	0	0	-1	0	0	-1	33	0	0
c13224	0	6	11	48	-1	0	0	41	0	0	0	-1	45	47	0	12	22	11	-1	0	49	0	-1	30	-1	0	0	33	39	-1
c13241	45	-1	0	38	0	0	-1	41	26	0	0	12	0	0	0	5	0	-1	-1	0	0	12	0	30	21	-1	0	9	0	0
c13271	9	0	0	0	9	47	0	41	-1	0	0	12	0	47	0	12	-1	-1	0	0	0	0	0	30	0	18	-1	33	-1	0
c13281	-1	11	0	26	0	45	0	41	0	0	18	-1	0	-1	-1	0	0	-1	0	-1	0	46	22	-1	0	-1	0	0	0	34
c13285	0	0	0	-1	0	0	8	41	19	0	26	12	-1	-1	17	-1	-1	11	11	0	0	0	22	30	0	0	0	0	0	0
c13301	0	-1	0	-1	0	0	-1	41	0	0	0	12	33	-1	17	45	0	11	19	-1	-1	0	22	30	8	7	0	-1	15	0
c13313	0	0	33	25	0	0	15	-1	35	0	-1	12	0	0	20	-1	-1	11	0	-1	0	0	0	30	0	0	5	33	-1	0
c13321	0	17	0	0	-1	0	0	41	0	0	0	-1	28	14	0	0	-1	-1	-1	0	0	0	-1	-1	-1	0	-1	33	-1	0
c13335	-1	0	39	4	45	0	45	41	0	0	0	12	-1	-1	-1	0	0	11	-1	-1	-1	-1	0	30	0	-1	0	-1	0	0
c13336	-1	0	22	26	28	-1	-1	41	0	0	17	12	0	-1	17	0	0	11	7	0	0	0	22	-1	0	0	0	0	0	0
c13350	0	0	0	0	0	-1	-1	41	0	0	0	12	15	47	0	0	0	11	23	-1	0	45	0	30	0	21	0	33	-1	0
c13355	0	17	18	0	0	7	45	-1	2	-1	23	-1	22	-1	-1	0	-1	-1	-1	0	14	-1	-1	30	-1	33	42	33	0	0
c13389	0	0	-1	34	0	0	0	41	17	17	5	-1	0	47	1	19	0	11	-1	0	0	0	-1	30	0	45	0	-1	0	-1
c13398	-1	7	0	0	-1	40	0	41	-1	44	-1	-1	0	-1	44	0	0	-1	45	0	37	25	19	30	0	22	0	33	-1	0
c13399	23	7	0	0	0	40	1	41	0	44	37	-1	0	0	44	0	-1	11	45	0	37	25	19	30	0	22	0	33	-1	0
c13410	0	21	42	0	0	0	-1	41	-1	-1	0	12	-1	47	0	-1	15	11	0	-1	0	0	0	-1	-1	0	-1	-1	-1	-1
c13415	0	0	0	0	7	-1	47	41	-1	0	40	12	-1	47	6	0	39	-1	22	-1	49	0	15	-1	-1	39	0	33	0	0
c13437	22	-1	0	4	-1	0	-1	41	0	24	0	12	0	47	1	-1	0	-1	-1	40	22	0	0	30	0	-1	0	-1	-1	0
c13478	39	0	0	26	0	0	0	41	15	-1	0	12	-1	-1	17	0	0	-1	19	-1	0	0	22	30	-1	7	-1	8	15	-1
c13490	-1	-1	33	0	0	0	42	41	27	0	9	-1	0	0	0	0	-1	11	-1	0	0	-1	34	30	0	0	0	33	0	-1
c13505	0	22	23	0	18	47	0	41	-1	0	0	12	6	47	17	12	19	-1	-1	17	0	0	0	-1	9	0	0	33	-1	0
c13511	0	0	0	0	0	0	0	41	0	0	30	-1	0	14	39	0	0	-1	45	0	0	9	19	30	0	0	0	33	-1	0
c13512	0	0	0	26	0	0	0	41	-1	-1	-1	-1	10	-1	17	-1	-1	11	0	0	-1	0	-1	30	25	11	49	0	-1	28
c13570	0	0	1	26	0	45	0	41	0	-1	-1	-1	-1	-1	17	-1	0	11	-1	23	0	49	22	-1	0	7	0	14	15	0
c13594	-1	6	-1	-1	-1	0	0	-1	0	0	-1	12	-1	47	0	12	22	11	17	0	9	0	0	30	6	0	0	33	-1	0
c13626	14	0	0	26	-1	17	0	41	0	0	0	12	-1	-1	17	-1	0	11	37	0	0	0	22	30	-1	0	0	0	0	0
c13641	0	-1	0	26	7	0	0	41	3	42	0	12	0	-1	17	0	0	11	-1	0	0	0	22	30	-1	-1	0	17	0	15
c13684	-1	0	0	0	0	0	-1	41	0	17	0	-1	0	47	-1	-1	0	11	-1	0	0	-1	0	30	-1	0	-1	-1	0	-1
c13725	11	0	33	0	0	0	15	41	35	0	-1	12	0	0	0	0	-1	11	0	-1	0	0	0	30	0	0	-1	33	-1	0
c13734	0	0	0	26	0	-1	8	41	0	0	0	12	0	-1	17	0	-1	11	11	0	0	0	22	30	0	0	0	39	22	0
c13738	0	0	22	-1	0	28	8	41	-1	0	0	12	0	-1	-1	0	0	11	11	0	-1	0	22	30	-1	-1	0	-1	0	0
c13764	0	-1	1	26	-1	0	-1	-1	0	0	20	-1	33	-1	-1	0	0	11	-1	23	0	49	22	-1	0	7	0	0	15	-1
c13765	0	0	1	26	-1	0	0	41	0	0	20	-1	33	-1	17	-1	0	11	-1	23	0	49	22	30	0	7	0	0	15	0
c13779	-1	-1	0	0	0	37	0	-1	22	17	0	12	22	47	0	-1	5	11	0	23	0	-1	0	30	34	0	-1	33	0	0
c13801	-1	0	0	26	0	-1	-1	41	0	-1	-1	12	10	-1	17	0	0	11	-1	-1	0	0	22	30	0	0	0	49	0	28
c13808	0	0	0	0	0	-1	1	41	0	-1	-1	-1	0	14	-1	0	-1	11	45	0	0	-1	19	30	0	-1	0	33	-1	0
c13825	39	-1	5	26	-1	0	0	-1	-1	0	0	12	33	-1	17	0	11	-1	-1	-1	0	0	22	30	-1	7	0	8	15	0
c13833	0	11	0	-1	0	0	0	41	0	0	-1	12	0	-1	17	0	32	11	0	0	0	-1	22	30	0	-1	-1	-1	0	34
c13834	-1	46	17	26	0	0	33	41	0	0	0	-1	10	-1	17	0	0	-1	45	0	0	5	22	30	0	0	-1	0	0	-1
c13839	0	0	0	0	-1	0	0	-1	-1	17	22	12	19	47	0	-1	5	11	0	6	-1	0	0	30	5	-1	-1	-1	0	0
c13848	5	-1	30	0	0	0	0	-1	-1	-1	0	12	-1	47	1	0	0	11	-1	0	-1	-1	0	30	1	0	0	33	24	-1
c13855	0	-1	-1	38	0	0	0	41	37	0	0	12	40	47	44	12	0	11	0	0	0	-1	-1	30	17	-1	22	33	0	0
c13873	-1	-1	0	26	30	0	-1	-1	0	11	0	12	-1	-1	17	-1	0	11	-1	0	0	-1	22	30	0	0	0	0	0	-1
c13886	-1	18	22	26	0	-1	0	41	0	21	-1	12	0	-1	17	0	0	11	7	-1	0	17	-1	-1	0	0	-1	0	37	0
c13936	0	0	-1	-1	30	-1	-1	41	0	46	0	12	-1	47	0	26	-1	-1	0	0	0	19	0	30	35	0	0	33	-1	-1
c13938	22	0	45	-1	0	0	19	41	27	0	0	-1	0	47	1	22	0	11	0	0	22	0	0	30	0	-1	39	33	-1	-1
c13950	0	-1	30	47	0	0	17	-1	5	-1	-1	12	0	47	1	0	0	11	0	0	0	0	0	30	1	-1	-1	33	0	-1
c13968	0	0	23	0	0	47	0	41	0	-1	0	12	0	47	0	12	-1	11	0	0	-1	-1	0	30	0	-1	0	33	-1	0
c13975	40	24	23	-1	0	47	0	41	-1	0	0	12	45	47	0	12	19	11	0	0	15	0	37	30	0	-1	0	-1	-1	0
c13985	0	0	11	-1	0	0	0	41	0	2	0	12	0	-1	45	12	22	11	22	0	22	0	0	30	7	0	33	33	0	0
c13989	0	-1	0	0	9	47	0	41	0	23	0	12	-1	47	0	12	-1	11	0	0	0	0	0	30	-1	18	-1	33	-1	0
c14008	0	0	18	26	10	-1	8	41	-1	23	-1	12	0	-1	17	45	22	11	11	-1	0	0	-1	30	-1	47	0	-1	-1	0
c14020	0	-1	8	-1	0	-1	26	41	-1	0	0	-1	0	0	0	5	0	11	0	0	6	12	0	-1	0	40	-1	9	-1	-1
c14021	0	22	8	38	-1	0	26	41	26	0	-1	12	0	0	0	5	-1	11	0	0	6	12	0	30	-1	40	0	9	-1	0
c14027	0	-1	-1	38	-1	0	0	41	37	0	0	12	40	47	-1	12	0	11	0	0	0	0	-1	-1	17	0	45	33	22	0
c14032	0	0	0	-1	0	19	26	41	26	0	0	12	0	0	0	-1	0	11	18	-1	0	0	-1	30	0	40	0	9	0	0
c14045	0	0	17	26	0	0	0	-1	0	0	0	-1	10	-1	17	34	0	11	45	0	0	0	-1	30	0	0	50	-1	0	28
c14054	0	0	11	0	18	-1	0	-1	0	0	0	12	-1	47	0	12	0	11	39	34	34	-1	0	30	0	-1	-1	33	-1	19
c14064	-1	11	-1	26	0	25	-1	-1	-1	-1	0	12	39	-1	17	19	22	11	1	23	7	-1	22	30	37	0	19	11	0	-1
c14069	0	0	-1	0	0	0	0	41	-1	0	0	-1	14	-1	-1	0	0	11	45	0	11	-1	19	30	0	0	45	33	-1	0
c14091	14	0	-1	26	0	0	-1	41	0	0	0	12	-1	-1	17	-1	0	11	37	0	27	0	22	30	-1	0	-1	19	0	42
c14100	14	0	0	26	0	0	0	41	-1	0	0	12	-1	-1	17	-1	0	11	37	0	27	0	22	30	-1	0	0	19	0	0
c14104	0	22	0	38	0	0	26	41	26	0	0	12	0	0	-1	5	0	-1	21	-1	0	12	-1	30	-1	40	0	9	0	0
c14105	0	22	0	38	0	0	26	41	26	0	0	12	-1	0	-1	5	0	11	21	-1	0	12	0	30	21	40	0	9	0	0
c14113	0	31	-1	34	-1	0	-1	-1	12	0	-1	-1	-1	-1	0	-1	0	11	0	-1	0	-1	-1	-1	0	-1	0	33	0	-1
c14119	0	-1	17	26	0	0	0	41	45	0	0	12	10	-1	-1	0	0	-1	45	0	0	0	-1	30	-1	15	0	0	0	28
c14121	-1	-1	0	0	0	-1	0	-1	0	46	0	12	17	47	0	26	-1	-1	0	0	0	19	0	-1	0	-1	0	33	-1	0
c14125	0	17	30	47	-1	0	4	-1	5	39	-1	12	33	47	-1	0	0	11	-1	0	-1	0	0	30	1	-1	0	33	-1	0
c14134	0	0	17	26	0	45	0	41	0	0	0	12	10	-1	-1	0	-1	11	45	0	0	0	22	30	0	0	-1	0	0	28
c14142	0	0	0	0	40	-1	47	-1	-1	0	0	12	0	47	6	0	39	11	0	-1	49	0	15	-1	14	39	0	33	18	0
c14146	-1	-1	11	0	-1	0	0	41	-1	0	0	12	-1	47	-1	12	22	11	-1	0	9	0	17	-1	-1	0	-1	33	39	0
c14151	0	21	0	0	-1	-1	0	41	0	-1	0	-1	0	47	0	17	-1	-1	22	0	0	-1	0	30	0	-1	0	33	-1	0
c14165	19	0	33	0	0	34	15	41	0	39	-1	12	0	0	-1	0	0	11	0	0	0	0	0	30	-1	0	-1	33	25	22
c14166	0	-1	0	0	0	0	0	-1	0	-1	-1	-1	0	47	-1	-1	5	-1	0	0	0	0	0	-1	0	0	0	33	0	-1
c14177	0	0	-1	11	0	0	0	41	0	-1	-1	12	0	47	0	23	0	11	22	0	49	48	49	30	0	-1	22	33	-1	22
c14196	5	17	30	18	-1	0	0	-1	0	39	0	12	0	-1	1	0	0	11	-1	0	46	10	0	30	-1	-1	-1	33	24	-1
c14217	0	6	11	0	0	0	0	41	0	0	0	-1	0	47	0	-1	-1	11	17	0	-1	0	-1	30	0	-1	0	33	39	0
c14218	0	0	0	26	0	0	0	41	0	0	0	12	0	-1	17	0	0	-1	0	0	1	0	22	30	0	0	0	0	0	0
c14238	0	11	25	-1	-1	0	45	41	0	0	-1	12	38	-1	17	0	0	-1	0	34	-1	0	22	30	39	-1	-1	-1	0	34
c14247	0	25	0	-1	-1	21	9	41	0	-1	5	12	5	47	1	0	0	11	0	0	0	0	4	30	0	0	0	33	-1	-1
c14253	0	0	0	0	0	9	0	-1	0	-1	-1	12	0	47	0	-1	5	11	9	6	0	0	45	30	5	-1	0	33	0	-1
c14254	0	0	17	26	0	22	0	-1	0	0	0	-1	10	-1	17	34	0	-1	45	0	-1	-1	22	30	0	0	50	0	0	28
c14264	0	-1	0	34	0	0	0	41	22	-1	26	12	-1	-1	1	-1	45	-1	0	23	-1	-1	0	30	0	0	0	33	0	-1
c14289	0	0	22	-1	0	0	8	41	-1	45	-1	12	-1	-1	17	0	0	11	11	0	0	5	22	30	0	-1	0	-1	0	0
c14290	0	0	0	0	0	0	0	41	0	17	-1	-1	0	47	1	16	0	11	-1	-1	0	0	0	-1	0	-1	0	33	-1	-1
c14306	-1	6	11	0	-1	0	0	41	0	0	0	12	0	47	0	12	22	11	17	0	9	21	0	30	27	0	0	33	39	-1
c14322	-1	0	11	0	0	0	-1	41	0	23	0	12	0	47	-1	12	0	11	0	0	0	19	0	30	45	0	0	-1	12	-1
c14328	0	0	0	26	7	0	0	41	0	0	-1	12	0	-1	-1	0	0	11	6	0	0	0	-1	30	12	0	0	17	0	-1
c14362	0	0	33	0	-1	-1	0	-1	0	0	-1	-1	0	0	-1	-1	-1	11	0	0	2	0	-1	-1	-1	0	0	33	25	0
c14367	-1	6	11	0	-1	-1	0	41	0	0	0	12	0	47	0	12	22	11	17	0	9	0	0	30	0	0	0	33	39	0
c14393	-1	0	0	34	0	-1	-1	41	0	17	0	-1	0	-1	1	-1	0	-1	-1	0	0	0	-1	30	-1	-1	0	33	-1	-1
c14400	0	11	0	-1	0	0	26	41	26	24	8	12	0	0	0	-1	0	11	18	0	0	0	19	30	0	40	0	9	0	44
c14408	39	0	0	26	0	0	0	41	-1	-1	0	12	-1	-1	17	-1	-1	11	19	-1	0	0	22	30	0	7	-1	8	15	0
c14419	0	-1	0	0	0	2	-1	41	0	0	0	-1	11	14	0	0	0	11	45	0	0	0	19	30	0	27	0	33	-1	0
c14435	0	17	30	-1	-1	0	0	-1	0	39	0	12	0	47	-1	0	22	-1	-1	0	0	0	0	-1	1	-1	-1	33	0	0
c14456	-1	0	0	-1	0	0	0	-1	0	17	15	12	0	47	1	-1	0	11	0	0	0	-1	0	30	0	0	0	-1	12	-1
c14472	0	6	-1	0	0	0	0	41	0	-1	0	-1	-1	47	11	12	22	11	17	0	-1	0	0	30	45	0	0	33	39	0
c14473	0	6	-1	0	0	0	0	41	0	0	0	-1	-1	47	11	12	22	-1	17	0	50	0	-1	30	45	-1	-1	-1	39	0
c14488	0	0	0	26	0	8	0	41	0	11	0	12	-1	-1	-1	-1	21	-1	17	0	17	0	22	-1	-1	0	-1	8	0	28
c14490	0	0	-1	0	0	17	23	41	34	-1	0	12	15	47	0	17	0	-1	0	0	0	45	0	30	0	-1	-1	33	-1	0
c14494	0	5	-1	34	0	0	0	41	0	17	0	12	0	47	1	19	0	11	0	0	11	0	0	30	17	25	-1	33	-1	-1
c14497	39	0	0	0	0	0	0	41	0	0	0	-1	0	47	-1	12	5	11	0	-1	-1	0	0	30	9	-1	0	33	0	0
c14526	39	0	-1	26	0	0	0	41	0	0	0	12	33	-1	17	-1	0	11	19	-1	0	0	22	30	0	7	0	8	15	0
c14531	0	0	0	-1	23	39	33	41	18	-1	0	-1	33	-1	17	-1	0	-1	19	-1	0	0	22	30	47	-1	0	-1	15	0
c14536	17	0	0	-1	0	-1	0	41	0	46	-1	12	0	47	0	26	0	-1	0	-1	0	19	34	30	0	0	0	33	-1	0
c14537	17	0	0	-1	0	-1	0	41	0	46	0	12	0	47	0	26	0	-1	-1	0	0	19	34	30	0	0	0	33	-1	0
c14538	-1	11	-1	26	0	0	-1	41	0	0	-1	12	0	-1	17	0	0	-1	0	-1	0	0	-1	30	0	17	-1	0	22	34
c14540	-1	0	1	26	-1	42	0	41	0	0	20	-1	33	-1	-1	-1	25	11	-1	-1	-1	49	22	-1	0	7	0	0	15	0
c14541	11	0	1	-1	-1	42	0	41	0	0	20	-1	33	-1	17	0	25	-1	-1	23	0	49	22	-1	0	7	-1	0	15	-1
c14562	5	-1	30	0	-1	0	45	-1	0	39	0	12	0	47	1	-1	0	11	-1	0	0	-1	0	-1	1	0	-1	-1	-1	0
c14574	0	0	23	0	0	0	-1	-1	0	47	0	12	15	47	-1	14	39	11	-1	15	0	45	0	30	0	0	2	33	-1	-1
c14590	0	0	0	0	0	0	35	41	0	6	-1	-1	0	47	-1	-1	-1	11	-1	0	-1	0	0	30	0	0	0	33	-1	0
c14597	-1	-1	-1	-1	0	0	0	41	-1	-1	-1	-1	0	21	0	-1	0	11	9	-1	0	-1	0	30	0	0	0	33	14	17
c14608	0	-1	30	0	12	0	0	-1	0	39	0	12	0	47	-1	0	37	11	0	-1	0	0	18	30	-1	7	23	-1	0	0
c14614	0	0	-1	0	0	-1	0	41	22	-1	-1	12	0	-1	0	0	-1	11	11	0	-1	0	0	30	0	0	-1	-1	0	39
c14616	14	0	22	26	0	-1	0	41	-1	0	0	12	0	-1	17	-1	0	11	7	19	-1	-1	22	-1	0	0	17	0	-1	0
c14626	0	0	-1	0	0	0	0	-1	-1	-1	-1	12	0	0	0	18	0	11	-1	0	-1	0	0	30	-1	0	-1	33	-1	23
c14651	0	-1	0	0	-1	-1	0	41	0	-1	0	12	-1	47	0	0	0	-1	0	45	18	-1	-1	30	0	6	0	33	-1	0
c14654	0	0	11	0	-1	-1	30	41	0	0	0	-1	0	47	-1	12	0	11	-1	0	-1	0	0	30	7	-1	0	33	0	-1
c14671	39	0	0	26	0	0	0	41	0	7	0	12	-1	-1	17	45	0	11	19	-1	0	0	-1	30	0	7	-1	8	15	0
c14699	0	11	20	26	0	0	45	-1	0	-1	-1	12	0	-1	17	0	0	-1	0	34	0	0	22	-1	0	0	21	0	0	34
c14702	0	0	0	0	11	-1	0	41	45	17	0	12	0	47	1	0	0	11	0	0	-1	0	0	30	0	-1	-1	33	0	-1
c14715	-1	0	17	-1	0	46	0	41	0	0	44	12	-1	-1	17	-1	0	11	45	0	0	-1	22	30	17	0	0	0	0	-1
c14733	0	0	0	26	0	39	0	41	-1	0	-1	12	33	-1	17	0	0	11	19	-1	0	0	22	30	-1	7	0	-1	15	-1
c14738	-1	0	0	-1	0	0	0	-1	0	0	0	12	0	-1	-1	12	0	11	0	0	0	45	0	-1	0	0	0	33	15	0
c14743	0	0	0	0	0	0	5	-1	-1	17	15	-1	0	47	1	0	0	11	0	0	-1	0	-1	30	0	0	0	33	-1	-1
c14755	0	0	0	24	0	0	26	41	-1	-1	0	12	0	0	0	-1	0	11	18	45	0	-1	17	30	7	40	0	9	0	-1
c14762	0	17	30	0	12	25	0	-1	-1	39	12	12	0	-1	-1	0	0	11	0	0	0	-1	0	-1	1	7	-1	33	0	0
c14785	-1	0	0	0	0	-1	0	41	-1	-1	15	12	0	47	1	5	0	-1	0	-1	0	-1	0	30	0	-1	0	33	32	-1
c14804	0	11	0	26	0	43	-1	41	0	8	0	12	0	-1	17	-1	0	11	0	30	0	0	22	30	0	-1	39	0	0	34
c14807	-1	44	45	1	0	47	0	41	0	-1	-1	12	0	47	0	12	-1	-1	-1	0	0	-1	21	-1	0	18	0	33	-1	0
c14827	0	11	0	26	0	17	0	41	-1	-1	-1	12	0	-1	17	0	0	11	0	-1	-1	0	22	30	-1	-1	-1	1	0	34
c14852	0	-1	0	0	11	0	-1	41	26	0	0	12	-1	0	0	-1	22	-1	0	11	-1	0	-1	30	0	40	-1	9	-1	0
c14855	0	0	0	23	0	0	0	41	0	0	0	-1	0	14	-1	0	0	11	45	0	0	0	-1	30	-1	0	0	33	-1	-1
c14859	0	0	0	0	30	-1	-1	41	45	-1	0	-1	0	47	-1	26	0	-1	0	0	0	-1	25	30	35	0	0	33	-1	0
c14867	0	-1	0	22	0	-1	45	41	0	30	17	12	0	47	-1	12	-1	-1	0	0	0	0	-1	30	19	39	18	33	15	0
c14883	-1	0	-1	40	0	-1	0	-1	0	0	-1	12	0	24	-1	-1	0	11	0	0	0	0	0	-1	-1	0	-1	-1	25	0
c14894	0	-1	1	26	0	0	0	41	0	0	20	-1	33	-1	17	0	0	11	-1	-1	17	49	22	30	0	7	0	0	15	0
c14895	0	0	1	26	0	-1	0	41	0	0	20	-1	-1	-1	17	0	0	11	-1	23	17	49	-1	30	0	7	-1	-1	15	0
c14900	0	21	0	0	-1	-1	5	41	0	17	-1	-1	0	47	1	0	0	11	-1	0	0	0	-1	30	0	-1	0	33	0	-1
c14908	0	0	0	-1	0	39	-1	41	0	0	0	12	-1	-1	17	0	0	11	19	-1	0	0	22	-1	47	7	0	0	15	0
c14909	0	-1	0	26	-1	39	-1	41	0	0	0	12	33	-1	17	0	0	11	-1	-1	0	-1	22	-1	47	7	0	0	15	-1
c14916	0	0	-1	34	0	0	0	41	12	44	0	-1	-1	47	0	12	0	-1	0	0	0	9	0	30	0	-1	34	33	0	-1
c14922	0	17	0	0	0	0	0	41	0	-1	0	12	0	47	0	12	-1	11	0	0	0	0	0	30	0	0	0	33	22	0
c14958	0	5	0	11	0	0	-1	41	0	0	-1	12	0	47	11	23	-1	11	22	0	-1	-1	49	30	0	39	22	33	-1	22
c14959	-1	5	-1	11	-1	0	0	41	0	0	-1	12	39	47	11	23	0	11	22	0	49	0	49	30	0	39	22	33	0	22
c14961	0	-1	0	-1	1	0	0	41	11	0	0	12	15	47	0	0	0	11	42	45	0	0	-1	30	0	0	0	33	-1	0
c14988	14	0	22	26	0	-1	-1	41	0	0	0	12	0	-1	17	0	0	11	7	0	-1	0	22	-1	0	17	-1	0	0	0
c15012	0	0	33	0	0	-1	-1	41	0	0	-1	12	-1	24	0	0	-1	11	0	0	0	0	-1	30	0	0	0	-1	25	-1
c15030	0	0	17	26	0	45	-1	41	-1	0	0	12	10	-1	17	0	-1	11	45	0	-1	-1	22	-1	0	0	-1	0	0	-1
c15039	0	21	-1	0	0	32	26	-1	26	0	0	12	0	22	-1	5	0	-1	0	0	0	0	0	30	0	40	0	9	0	34
c15080	-1	0	0	0	0	0	-1	41	0	0	39	-1	-1	14	0	20	0	-1	45	0	0	6	19	-1	0	0	0	33	-1	0
c15081	0	0	-1	0	0	0	0	41	-1	0	39	-1	-1	14	0	-1	0	11	45	0	0	6	-1	30	0	0	0	33	-1	-1
c15088	-1	0	1	26	0	0	0	41	0	0	20	-1	-1	-1	17	0	0	11	-1	23	0	49	22	30	0	-1	0	30	15	-1
c15095	0	0	33	0	5	0	-1	41	22	-1	-1	-1	-1	0	-1	0	47	11	11	0	0	0	0	30	0	15	-1	-1	0	0
c15104	0	-1	-1	4	0	0	45	41	0	0	0	12	0	47	-1	20	0	11	0	11	22	-1	-1	30	0	-1	23	33	-1	-1
c15106	0	0	0	26	-1	0	-1	41	2	0	0	12	0	-1	17	-1	18	11	9	0	1	0	22	30	0	0	0	0	0	0
c15137	0	0	0	11	19	47	-1	41	0	-1	0	12	15	47	-1	0	0	11	0	22	-1	45	0	30	0	49	0	33	-1	0
c15144	0	0	45	0	22	9	22	41	45	-1	0	12	22	-1	1	11	0	-1	0	0	0	0	-1	30	-1	0	22	33	0	-1
c15150	0	0	0	-1	0	0	47	-1	-1	0	0	12	0	47	6	0	-1	-1	0	7	49	21	15	-1	14	39	0	33	0	0
c15190	-1	0	-1	-1	0	0	-1	41	0	17	-1	12	0	-1	1	-1	0	11	17	0	0	0	33	30	0	0	0	33	0	-1
c15221	0	0	-1	0	0	-1	-1	-1	0	23	0	-1	0	47	21	12	0	11	0	0	-1	0	0	30	-1	0	0	33	0	0
c15278	0	0	-1	38	-1	0	0	41	37	0	-1	12	40	47	44	12	21	11	0	0	0	0	-1	30	17	-1	22	33	0	0
c15279	0	0	-1	38	0	0	0	41	-1	-1	0	12	40	47	44	12	21	11	-1	0	-1	0	-1	30	17	-1	22	33	0	-1
c15280	-1	0	0	22	0	-1	0	41	0	0	-1	12	-1	-1	0	12	0	11	0	0	45	-1	0	30	0	0	-1	33	15	8
c15292	0	0	33	0	0	0	15	-1	-1	-1	-1	-1	0	0	0	0	0	11	0	5	11	0	0	30	0	0	5	33	25	0
c15293	0	0	33	-1	0	-1	15	41	-1	-1	-1	12	0	0	0	0	0	11	0	5	-1	0	-1	30	0	0	5	33	25	0
c15298	47	0	17	-1	0	0	0	41	0	0	0	-1	-1	-1	17	-1	0	-1	45	0	0	0	22	-1	0	0	-1	0	-1	-1
c15300	0	0	0	26	0	0	22	41	-1	-1	-1	12	10	-1	17	0	-1	11	0	0	-1	0	22	30	25	-1	49	-1	0	28
c15305	0	-1	1	26	0	0	-1	41	-1	-1	0	-1	33	-1	17	0	0	11	-1	23	0	49	22	30	0	7	0	0	15	0
c15318	0	29	7	15	0	0	0	41	-1	0	0	-1	0	14	0	37	0	11	-1	0	0	6	19	30	0	-1	0	33	-1	22
c15320	0	22	8	38	0	0	26	41	26	0	0	12	0	-1	0	5	0	11	0	0	6	12	-1	-1	0	40	0	9	0	0
c15324	0	5	-1	0	0	0	-1	41	0	-1	0	12	-1	47	-1	12	0	11	-1	-1	0	20	-1	-1	0	0	0	-1	0	0
c15340	0	39	33	0	0	-1	0	41	22	-1	-1	12	0	0	0	0	0	-1	11	0	0	0	-1	30	0	0	-1	33	0	0
c15342	0	0	0	26	0	0	0	41	17	-1	0	-1	33	-1	17	0	0	-1	19	-1	0	0	-1	-1	0	7	0	0	-1	-1
c15361	0	11	34	26	0	-1	45	41	-1	0	-1	12	0	-1	17	0	32	11	0	0	0	0	-1	30	0	-1	0	-1	-1	34
c15382	-1	0	-1	-1	-1	0	0	-1	-1	0	9	12	15	47	0	0	-1	11	-1	-1	-1	45	0	30	0	0	0	33	-1	0
c15386	0	0	0	26	0	0	8	41	19	0	26	-1	0	-1	17	0	22	11	11	-1	0	0	22	30	0	0	0	0	0	0
c15395	0	5	1	-1	0	-1	0	41	0	-1	0	-1	-1	-1	17	0	0	11	-1	23	0	49	22	-1	0	7	0	-1	15	0
c15416	-1	0	0	0	-1	-1	-1	-1	-1	0	0	12	-1	-1	0	0	0	-1	0	0	45	0	0	30	0	0	0	33	-1	0
c15425	0	-1	-1	26	0	-1	0	41	-1	-1	-1	-1	33	-1	17	0	0	11	-1	23	0	49	22	30	0	7	0	0	15	0
c15446	0	11	0	26	0	0	39	41	0	0	-1	12	0	-1	17	0	0	11	-1	-1	-1	7	22	-1	0	-1	-1	0	24	34
c15479	39	0	42	34	0	0	0	41	-1	12	-1	-1	-1	47	0	12	-1	-1	0	-1	0	0	45	30	0	0	0	33	0	-1
c15491	0	0	40	0	0	0	0	41	0	0	0	-1	-1	14	0	0	0	11	45	34	0	6	19	30	0	0	0	33	-1	0
c15520	0	0	0	11	-1	0	-1	41	0	0	0	12	0	-1	-1	23	0	11	-1	0	49	-1	-1	30	0	39	22	33	0	22
c15589	0	11	0	26	-1	43	0	41	-1	8	0	12	0	-1	-1	0	0	11	0	32	-1	0	22	30	0	-1	39	-1	0	34
c15590	0	17	30	9	0	0	0	-1	0	39	0	12	0	47	1	0	22	-1	0	0	0	-1	0	30	1	0	18	33	0	40
c15598	0	0	0	-1	0	-1	0	41	0	-1	0	12	0	47	0	0	0	-1	0	0	0	0	0	30	0	0	0	-1	-1	-1
c15608	0	17	-1	-1	12	25	0	-1	26	39	12	12	0	47	1	0	0	11	0	0	0	0	11	30	1	-1	23	33	0	0
c15615	0	0	0	26	0	0	0	41	-1	39	-1	12	0	-1	17	0	-1	11	0	0	1	0	-1	30	0	-1	-1	0	0	0
c15621	0	0	0	-1	0	0	-1	41	-1	39	0	12	-1	0	0	-1	-1	11	0	-1	22	-1	0	30	40	40	26	9	45	-1
c15632	0	-1	-1	4	-1	0	2	41	0	0	9	12	0	47	1	0	0	11	14	0	22	0	0	30	0	-1	0	33	-1	17
c15633	0	0	-1	4	0	0	-1	41	0	0	9	12	0	-1	1	-1	-1	11	14	0	22	0	-1	30	0	-1	0	33	-1	-1
c15641	0	0	-1	0	0	0	9	41	0	17	0	12	9	47	1	-1	0	11	44	0	-1	0	32	30	-1	0	0	33	0	-1
c15652	0	0	27	34	0	-1	0	41	0	17	0	12	5	47	1	19	0	-1	0	0	0	0	-1	30	0	45	0	33	-1	-1
c15660	0	-1	0	26	-1	0	0	-1	0	0	-1	-1	0	-1	-1	0	0	11	0	0	0	0	22	30	0	0	-1	17	0	0
c15661	0	0	0	-1	7	0	-1	-1	-1	0	11	12	0	-1	17	0	0	11	0	0	0	0	22	30	0	0	-1	17	0	0
c15662	-1	0	0	26	0	0	-1	41	0	0	0	12	0	-1	17	0	39	11	0	0	14	0	-1	30	0	0	0	0	0	-1
c15672	0	0	-1	26	-1	0	-1	41	-1	-1	0	12	0	-1	17	45	22	-1	11	-1	0	0	22	30	0	47	-1	-1	-1	0
c15673	0	0	18	26	10	0	8	-1	0	23	0	-1	0	-1	17	45	22	-1	11	-1	0	0	22	-1	0	-1	-1	-1	-1	0
c15685	0	0	11	-1	0	0	-1	41	0	23	-1	12	0	47	0	12	0	11	-1	0	0	0	0	30	0	0	0	33	0	0
c15736	0	-1	34	-1	0	0	47	41	-1	0	0	12	-1	47	6	-1	-1	11	0	7	49	-1	15	-1	14	-1	0	33	0	-1
c15737	0	46	34	0	0	0	47	41	-1	0	0	-1	0	-1	6	0	-1	11	-1	7	49	21	15	-1	14	39	-1	33	0	0
c15756	-1	9	33	0	-1	0	15	41	-1	0	-1	12	0	0	0	0	0	11	0	0	0	0	39	30	0	0	-1	33	25	0
c15759	-1	0	45	-1	-1	-1	8	-1	0	-1	0	12	0	-1	17	0	0	-1	11	0	-1	-1	22	-1	23	-1	-1	39	-1	0
c15761	0	0	0	0	10	0	-1	-1	0	-1	39	-1	45	47	-1	12	8	-1	0	0	0	-1	0	30	0	0	0	33	15	22
c15792	0	-1	0	0	45	48	24	-1	0	0	0	12	0	47	-1	1	9	11	23	19	0	0	0	-1	-1	0	0	33	1	-1
c15795	0	-1	-1	-1	25	27	0	41	-1	0	-1	12	0	0	0	0	0	11	0	0	0	0	14	30	0	0	0	33	-1	-1
c15804	14	-1	-1	26	0	8	-1	41	0	0	0	12	0	-1	17	0	0	11	0	0	0	0	22	30	-1	0	0	-1	-1	45
c15813	-1	0	0	26	0	0	0	41	0	0	0	-1	33	-1	17	0	0	11	0	-1	0	49	22	30	19	7	1	0	15	-1
c15819	0	-1	17	26	0	-1	47	41	11	0	0	12	-1	-1	17	0	0	11	-1	0	0	47	22	30	21	0	0	0	-1	-1
c15833	0	0	0	-1	17	0	8	41	0	0	0	12	-1	-1	17	0	19	11	11	0	0	0	22	30	0	0	0	0	0	0
c15838	0	11	34	26	0	0	45	41	0	0	-1	12	0	-1	17	0	32	11	22	0	0	-1	22	30	0	-1	0	0	0	34
c15848	-1	0	0	26	30	-1	0	41	8	-1	0	12	-1	-1	17	0	0	11	0	0	0	-1	22	30	0	0	0	0	-1	28
c15854	0	0	11	-1	0	0	0	41	0	23	-1	12	0	-1	0	12	-1	11	1	0	-1	0	0	30	0	0	0	33	0	0
c15859	0	0	-1	4	0	-1	2	41	0	0	9	12	0	47	1	0	-1	11	14	0	22	0	0	30	-1	-1	0	33	-1	17
c15862	14	0	0	26	0	17	0	41	-1	0	0	12	-1	-1	17	0	0	11	37	0	0	-1	22	-1	-1	-1	0	0	0	0
c15863	14	0	0	26	0	17	0	41	0	0	0	12	-1	-1	-1	-1	0	11	37	0	-1	-1	22	-1	-1	-1	-1	-1	0	0
c15880	-1	0	0	0	0	0	-1	41	0	0	-1	-1	14	14	0	0	0	11	-1	0	11	-1	19	30	0	0	0	-1	-1	0
c15890	-1	0	0	0	0	0	26	41	26	-1	30	12	48	0	0	5	0	11	39	0	0	0	24	30	0	40	0	9	0	0
c15903	-1	0	0	0	0	-1	17	41	0	0	0	12	0	47	-1	-1	0	11	0	0	0	-1	-1	30	0	0	0	33	1	0
c15904	0	22	23	0	18	47	9	41	0	0	0	12	6	47	17	12	-1	11	0	17	0	0	0	-1	9	0	0	33	-1	0
c15922	39	0	0	-1	0	0	0	41	45	45	0	-1	0	-1	-1	0	39	11	-1	0	-1	0	-1	30	0	21	0	33	0	0
c15940	14	0	-1	26	0	-1	0	-1	-1	0	0	12	-1	-1	17	0	0	-1	7	-1	39	0	22	-1	0	0	0	0	0	0
c15947	0	17	30	0	12	0	0	-1	-1	39	0	12	-1	47	-1	0	-1	11	-1	-1	-1	-1	-1	30	1	7	23	33	0	6
c15952	0	-1	0	0	0	0	45	41	-1	17	-1	12	0	47	20	-1	5	11	0	0	5	0	0	30	0	0	0	33	0	49
c15983	0	0	-1	-1	0	0	-1	41	-1	-1	0	12	0	0	0	5	-1	11	0	0	-1	-1	0	30	0	40	26	9	45	0
c16011	0	-1	0	-1	11	0	-1	-1	-1	39	0	12	0	0	0	5	-1	11	0	0	0	0	0	-1	0	40	0	9	45	-1
c16035	0	0	-1	26	23	37	0	-1	-1	45	0	12	33	-1	17	0	39	11	19	-1	0	0	22	30	0	7	0	0	15	30
c16036	-1	-1	0	26	0	-1	0	41	-1	-1	0	12	0	-1	17	0	0	11	0	0	-1	0	22	30	19	11	0	0	0	-1
c16038	0	11	19	-1	0	43	0	41	-1	8	0	-1	0	-1	17	-1	-1	11	0	0	-1	0	22	-1	0	-1	39	0	-1	34
c16049	0	-1	-1	0	0	-1	-1	41	27	-1	-1	12	0	-1	0	0	0	11	0	0	0	10	0	30	0	-1	-1	33	0	45
c16053	39	0	0	26	-1	0	0	41	-1	-1	0	12	33	-1	17	0	0	11	19	-1	0	0	22	-1	-1	7	0	8	15	0
c16099	0	-1	-1	26	0	45	0	41	0	0	0	-1	0	-1	17	23	0	11	18	0	-1	0	22	30	0	-1	-1	0	0	34
c16101	0	0	-1	0	0	-1	-1	-1	0	0	0	12	5	-1	0	0	0	-1	0	-1	-1	0	-1	30	0	0	24	33	-1	0
c16104	-1	25	45	1	0	47	0	41	0	-1	0	-1	21	47	0	-1	0	11	0	0	0	0	21	-1	0	-1	0	33	-1	0
c16106	0	-1	-1	38	0	0	-1	41	-1	0	-1	12	-1	0	23	5	0	-1	-1	0	-1	-1	0	-1	0	40	0	9	0	0
c16138	-1	-1	-1	26	0	-1	0	41	0	0	-1	12	0	-1	17	0	22	11	0	-1	3	0	22	30	0	-1	-1	17	0	-1
c16148	0	-1	0	26	7	0	0	41	0	0	0	-1	0	-1	-1	0	-1	11	0	0	0	-1	-1	30	12	0	0	17	-1	0
c16149	0	0	0	26	7	0	-1	41	0	-1	-1	-1	0	-1	-1	0	-1	11	-1	-1	-1	-1	22	30	12	0	0	17	0	-1
c16152	0	-1	-1	26	0	0	0	41	0	17	0	12	-1	-1	17	0	1	11	-1	0	-1	0	-1	30	-1	0	0	-1	39	28
c16156	6	0	-1	0	0	-1	37	41	39	0	0	-1	0	14	-1	26	0	11	-1	-1	0	-1	-1	30	0	-1	22	33	-1	0
c16172	0	0	33	0	0	0	0	41	0	0	30	-1	0	14	0	9	-1	-1	45	-1	0	-1	19	30	-1	-1	0	33	-1	0
c16173	0	0	33	0	0	0	0	41	-1	0	30	-1	-1	14	0	-1	0	11	45	0	0	-1	19	30	0	0	-1	33	-1	0
c16174	-1	0	0	26	0	0	0	41	-1	-1	9	-1	10	-1	17	0	19	11	-1	-1	0	0	22	30	25	0	23	0	0	28
c16182	14	-1	0	26	0	5	0	41	-1	-1	0	12	0	-1	17	0	0	11	-1	0	0	0	22	-1	0	-1	-1	0	0	0
c16191	0	0	22	26	0	-1	8	41	0	0	19	12	0	-1	17	0	0	11	11	-1	0	0	22	-1	39	-1	0	39	2	-1
c16195	0	0	0	37	-1	0	23	41	0	45	-1	12	15	-1	20	0	0	11	0	0	0	45	0	30	0	-1	0	33	-1	0
c16196	-1	-1	0	26	0	0	0	41	0	0	0	12	0	-1	17	0	38	11	0	0	0	0	-1	30	0	-1	39	1	0	34
c16202	0	0	33	-1	0	0	0	41	2	42	0	-1	-1	39	0	-1	-1	-1	0	0	0	-1	0	30	0	0	-1	33	0	0
c16212	-1	11	0	-1	-1	-1	45	-1	0	-1	-1	12	-1	-1	-1	0	0	11	0	34	0	0	22	30	0	17	0	0	22	34
c16215	-1	0	0	34	0	-1	0	41	-1	-1	26	12	0	47	1	-1	45	11	0	23	0	0	0	-1	0	0	0	33	0	-1
c16216	0	11	-1	26	0	0	45	41	0	-1	-1	12	0	-1	-1	0	0	11	6	-1	0	0	22	30	0	0	0	0	0	34
c16225	0	-1	-1	-1	-1	-1	0	-1	-1	-1	0	12	0	47	0	12	-1	11	0	0	0	-1	-1	30	0	0	0	33	0	0
c16233	0	11	0	26	0	25	-1	41	-1	-1	0	12	-1	-1	17	19	-1	11	0	5	7	0	22	-1	37	0	0	11	0	34
c16238	0	11	0	26	0	43	0	41	0	8	0	-1	-1	-1	17	0	0	11	0	0	-1	0	22	30	0	-1	39	0	0	34
c16239	0	11	0	26	0	43	0	41	0	8	-1	-1	-1	-1	17	0	0	11	0	-1	0	0	-1	-1	0	-1	39	0	-1	34
c16255	0	11	0	26	0	0	0	41	0	8	-1	12	0	-1	17	0	0	11	0	0	-1	22	22	30	0	-1	0	0	0	34
c16261	0	0	0	24	0	0	-1	41	0	0	0	-1	-1	14	0	0	0	11	45	0	47	6	19	30	0	0	0	33	-1	22
c16275	0	-1	30	-1	12	47	48	-1	-1	39	0	12	0	47	1	0	-1	11	0	0	0	-1	0	30	1	7	23	33	28	0
c16279	-1	0	0	26	0	39	0	-1	0	0	0	-1	33	-1	17	0	0	11	19	-1	0	0	22	30	47	7	0	0	15	0
c16282	0	11	25	26	-1	0	45	-1	0	-1	-1	12	0	-1	17	-1	0	-1	0	-1	0	0	-1	30	0	0	0	7	17	34
c16296	14	0	0	26	0	17	0	41	0	0	-1	-1	-1	-1	17	-1	0	11	-1	0	0	-1	22	30	-1	0	0	0	0	0
c16316	0	0	11	0	18	0	0	41	0	-1	0	12	0	47	0	12	-1	11	-1	34	34	0	0	30	0	-1	-1	33	0	19
c16317	-1	0	11	0	18	0	-1	-1	0	0	0	12	0	47	0	-1	-1	11	39	-1	34	0	0	30	0	-1	0	33	0	19
c16325	0	0	7	0	0	-1	5	-1	0	17	-1	12	0	47	1	0	0	-1	-1	0	-1	0	0	-1	0	0	0	33	0	-1
c16345	0	0	0	0	-1	0	0	41	-1	-1	0	12	0	47	0	12	5	-1	0	0	0	39	-1	-1	0	34	0	33	0	0
c16352	-1	0	0	0	-1	0	0	41	-1	17	0	12	0	-1	-1	0	0	11	17	0	0	0	0	30	0	0	0	-1	0	-1
c16383	5	17	30	0	0	-1	0	-1	0	-1	0	12	0	47	1	0	0	11	-1	0	0	10	0	-1	1	0	0	33	24	0
c16392	0	-1	45	26	39	-1	0	41	-1	0	0	-1	-1	-1	17	17	0	11	19	-1	0	-1	22	-1	0	7	0	0	15	-1
c16393	0	0	-1	26	0	0	-1	41	0	0	0	12	-1	-1	17	-1	0	11	-1	-1	-1	0	22	30	-1	7	0	-1	15	0
c16402	0	0	0	0	0	0	9	41	0	0	0	12	-1	47	0	0	-1	-1	0	0	0	45	0	-1	0	22	0	33	-1	-1
c16413	0	0	17	-1	0	0	0	-1	0	0	44	12	10	-1	17	-1	0	11	45	0	0	-1	22	30	17	0	0	0	0	28
c16425	0	0	-1	0	0	0	45	41	39	0	0	12	-1	47	0	-1	7	11	6	0	0	0	-1	30	-1	0	0	33	17	0
c16430	-1	23	0	-1	10	0	8	41	0	23	0	12	0	-1	17	0	0	-1	11	0	-1	0	22	30	0	0	0	0	0	0
c16433	0	17	18	0	0	0	-1	41	0	39	-1	12	-1	-1	1	0	0	11	0	0	-1	0	-1	-1	-1	2	0	33	0	0
c16448	0	0	-1	28	0	22	26	41	26	-1	0	12	-1	45	0	5	0	11	18	20	0	0	17	30	0	40	0	9	0	0
c16449	0	0	0	28	0	22	26	41	26	-1	0	12	0	45	0	-1	0	11	-1	20	0	0	17	30	0	40	-1	9	0	0
c16453	0	-1	-1	0	0	0	45	41	0	0	0	-1	0	47	0	12	22	-1	17	-1	-1	0	0	30	0	0	0	33	-1	-1
c16466	0	-1	-1	0	0	0	-1	-1	-1	-1	-1	12	0	0	0	18	0	11	11	0	0	0	0	-1	0	0	-1	-1	0	23
c16478	14	0	22	-1	0	-1	0	-1	0	0	0	12	0	-1	17	0	0	11	7	-1	0	-1	22	-1	0	0	0	-1	0	0
c16479	14	0	22	26	0	-1	0	41	0	0	0	12	0	-1	-1	0	0	11	7	-1	0	0	22	-1	-1	0	0	-1	0	-1
c16483	0	0	0	0	9	22	26	41	26	6	0	12	0	0	0	5	0	11	18	0	0	0	17	30	-1	40	0	9	0	0
c16487	-1	11	34	-1	0	0	45	41	0	0	-1	-1	-1	-1	17	0	32	11	22	0	0	-1	22	30	0	-1	0	0	0	34
c16496	6	0	0	0	0	-1	37	-1	0	0	-1	-1	0	14	-1	-1	-1	11	45	0	44	-1	19	30	0	-1	0	33	-1	-1
c16502	0	11	29	26	-1	25	0	41	0	0	0	12	-1	-1	-1	-1	-1	11	0	-1	0	0	-1	30	37	0	0	11	0	-1
c16504	0	11	0	26	0	19	0	41	0	8	-1	12	-1	-1	17	0	0	11	39	0	0	-1	22	30	0	-1	0	0	0	34
c16511	0	0	-1	0	0	-1	0	41	0	0	-1	12	0	-1	0	0	-1	-1	0	-1	2	9	-1	30	0	0	0	33	25	0
c16530	0	-1	0	0	45	22	26	41	-1	0	0	12	-1	19	0	5	33	11	-1	0	0	45	-1	30	0	-1	0	9	0	0
c16561	24	0	42	-1	-1	0	-1	41	12	0	45	-1	-1	47	0	12	0	-1	-1	19	0	0	0	-1	-1	0	-1	33	47	-1
c16575	0	6	11	47	-1	0	0	-1	0	0	0	-1	-1	47	0	12	22	11	17	42	50	0	0	30	3	-1	23	-1	-1	1
c16585	-1	0	-1	38	0	0	0	41	37	-1	0	12	-1	47	0	-1	0	11	39	0	-1	0	-1	30	17	-1	22	33	0	0
c16602	0	0	0	0	0	0	0	-1	0	-1	0	-1	14	14	0	-1	0	11	45	11	11	0	-1	30	0	0	0	33	-1	0
c16614	0	0	30	-1	-1	0	-1	41	-1	39	-1	12	0	24	0	5	-1	11	0	0	0	0	0	30	0	-1	23	9	-1	-1
c16615	0	0	30	-1	0	-1	-1	41	-1	39	-1	12	-1	24	-1	5	-1	11	0	0	-1	0	0	30	0	40	23	9	-1	11
c16655	5	17	30	0	0	0	0	-1	-1	39	-1	-1	-1	47	1	0	0	11	-1	0	0	-1	0	30	1	0	0	33	0	46
c16668	39	0	0	-1	0	-1	-1	41	-1	39	-1	12	22	0	0	-1	-1	11	20	23	0	-1	-1	30	0	40	0	9	45	0
c16690	0	11	-1	26	47	0	0	41	24	-1	0	-1	0	-1	17	40	0	11	-1	-1	0	33	-1	-1	0	-1	45	15	0	34
c16694	0	0	0	-1	-1	6	0	41	-1	17	0	12	0	-1	1	0	0	11	0	0	0	0	0	30	0	0	0	33	0	-1
c16695	0	0	0	-1	-1	-1	0	41	0	17	0	12	0	47	1	0	0	11	0	0	0	0	0	30	0	0	0	33	0	-1
c16707	0	0	27	34	0	-1	0	41	17	-1	5	12	0	47	1	19	0	11	0	0	0	0	0	30	-1	45	0	33	0	-1
c16721	0	0	0	0	0	0	-1	41	0	0	-1	-1	30	-1	11	12	-1	11	-1	0	23	0	17	30	0	-1	0	33	25	37
c16732	-1	-1	-1	5	0	0	0	41	0	0	0	-1	15	47	0	-1	0	11	-1	0	0	45	-1	-1	-1	0	0	33	-1	-1
c16748	0	-1	11	0	18	-1	0	41	0	0	0	12	-1	47	0	12	0	-1	39	34	-1	-1	0	30	45	-1	0	-1	0	-1
c16766	0	-1	-1	0	9	-1	0	41	0	-1	-1	12	0	47	-1	12	-1	11	0	0	0	19	-1	-1	0	18	0	-1	-1	0
c16780	0	0	0	0	0	0	-1	41	0	0	17	-1	0	14	34	0	0	11	45	0	0	0	19	-1	0	-1	-1	33	-1	0
c16781	0	0	0	32	-1	0	-1	41	0	0	17	-1	0	14	34	0	0	11	-1	0	0	0	19	-1	0	0	0	33	-1	0
c16788	0	0	0	26	-1	-1	-1	41	0	0	-1	12	33	-1	17	0	0	-1	19	-1	0	0	22	30	-1	-1	0	0	15	19
c16809	0	0	0	0	0	22	-1	41	-1	0	0	-1	0	-1	0	5	0	11	18	25	0	0	17	30	0	40	-1	9	0	0
c16812	0	-1	-1	0	0	-1	0	41	0	46	0	12	19	47	0	26	0	-1	0	0	-1	0	22	-1	-1	-1	0	33	-1	0
c16827	0	17	-1	0	17	17	23	41	0	-1	0	12	15	-1	0	0	0	11	0	0	-1	45	-1	30	0	0	33	33	-1	0
c16830	0	-1	11	0	0	0	26	41	0	0	-1	-1	-1	47	0	-1	-1	11	0	-1	0	0	0	30	0	0	0	-1	39	0
c16836	-1	22	0	38	0	0	26	41	26	47	0	12	0	-1	0	5	0	11	0	12	0	12	35	30	21	40	0	-1	0	0
c16853	24	0	-1	26	0	-1	17	-1	34	0	39	12	10	-1	17	0	-1	11	45	0	0	45	22	30	17	0	0	23	0	28
c16863	0	0	33	0	5	0	0	-1	22	-1	-1	12	-1	0	-1	-1	47	11	-1	0	0	0	0	30	39	0	-1	33	0	-1
c16868	14	0	22	26	0	-1	0	41	0	0	0	-1	0	-1	17	0	0	-1	7	0	39	0	22	-1	0	0	0	0	0	0
c16869	-1	0	22	26	0	-1	-1	41	0	0	0	12	0	-1	17	0	0	-1	7	-1	39	0	22	-1	0	-1	0	0	0	0
c16874	-1	0	-1	0	0	0	-1	41	0	0	-1	12	5	-1	50	39	0	11	0	-1	-1	0	0	30	17	-1	-1	33	22	0
c16906	4	0	0	-1	6	0	0	41	0	-1	-1	12	3	47	-1	-1	0	11	0	0	-1	2	22	30	0	0	0	33	0	15
c16910	-1	11	0	26	0	0	-1	41	0	-1	24	12	-1	-1	17	0	0	11	0	0	0	0	-1	30	0	0	18	0	-1	34
c16911	-1	11	0	26	0	0	45	-1	0	0	24	-1	9	-1	-1	0	0	11	-1	0	0	0	-1	30	-1	0	18	0	-1	34
c16943	0	0	-1	-1	-1	-1	-1	41	-1	39	0	-1	0	0	0	5	-1	11	22	-1	22	-1	0	30	-1	40	26	9	45	22
c16948	0	-1	0	-1	0	-1	22	41	0	0	0	12	33	-1	17	0	-1	-1	19	-1	0	0	22	30	0	7	0	0	15	0
c16954	0	0	-1	38	0	0	0	41	37	0	0	12	-1	47	0	-1	7	11	0	0	0	0	-1	30	-1	-1	22	-1	0	7
c16955	0	0	-1	38	0	0	0	41	37	-1	0	-1	40	47	0	12	-1	11	0	0	0	0	-1	-1	17	-1	22	33	0	7
c16962	23	0	11	0	0	-1	0	-1	0	2	0	12	0	47	-1	12	-1	11	22	0	22	0	-1	30	0	0	-1	33	0	-1
c16974	9	0	0	0	10	0	-1	41	0	9	39	12	0	47	11	12	0	11	0	0	0	-1	0	30	0	0	0	33	15	0
c16981	0	11	-1	26	0	0	45	41	-1	0	0	12	0	-1	17	0	0	11	0	0	0	0	22	-1	0	0	18	0	-1	-1
c16993	0	20	42	34	-1	0	-1	41	12	0	0	-1	-1	47	-1	12	-1	-1	0	0	0	0	-1	30	0	0	0	33	0	-1
c16997	21	0	-1	0	25	18	0	41	-1	-1	-1	12	0	0	0	-1	-1	11	0	-1	0	-1	0	30	18	0	0	33	0	0
c17022	0	-1	30	0	0	0	0	-1	0	-1	0	12	-1	47	-1	0	22	-1	-1	-1	-1	0	0	30	1	0	0	-1	0	17
c17025	0	0	0	26	0	0	0	-1	0	0	0	12	0	-1	17	0	45	11	0	0	-1	0	22	-1	0	-1	11	0	11	-1
c17028	0	0	0	-1	0	0	47	41	-1	0	0	-1	0	-1	6	0	-1	11	0	-1	49	0	15	-1	14	-1	0	33	18	0
c17034	-1	0	33	-1	0	-1	-1	41	-1	-1	-1	12	0	0	0	18	0	11	11	0	0	0	-1	30	0	0	-1	33	0	23
c17037	0	-1	0	-1	-1	0	-1	41	-1	11	0	12	-1	-1	17	0	21	-1	21	0	17	-1	22	30	0	-1	0	0	0	28
c17050	-1	0	11	0	0	0	0	41	0	23	0	12	7	47	0	-1	0	11	0	0	-1	6	9	30	0	0	-1	33	0	0
c17062	28	-1	11	0	0	-1	23	41	0	0	-1	12	-1	-1	0	0	-1	11	0	0	0	45	25	30	0	0	0	33	-1	0
c17076	-1	18	22	26	0	-1	0	41	0	21	0	12	0	-1	17	0	0	-1	7	-1	0	17	-1	-1	0	0	0	0	37	-1
c17086	-1	0	33	-1	0	0	0	41	22	-1	-1	12	0	0	0	18	0	11	11	0	0	0	0	30	17	0	-1	33	0	23
c17089	0	-1	45	26	0	0	0	41	0	0	0	12	-1	-1	17	0	0	11	19	-1	0	0	22	30	-1	7	-1	0	-1	0
c17095	0	0	-1	12	0	12	0	41	14	0	0	12	-1	47	-1	12	-1	11	0	0	22	0	-1	30	-1	0	0	33	-1	0
c17099	0	-1	0	0	0	0	0	-1	0	42	0	12	15	47	0	0	0	11	-1	0	17	0	0	-1	0	0	0	33	-1	38
c17102	0	0	-1	0	0	11	15	41	0	0	-1	12	0	0	0	0	0	11	0	0	0	0	46	-1	0	0	5	33	25	0
c17114	0	20	42	34	0	0	0	41	-1	0	0	-1	-1	47	0	12	0	-1	0	0	-1	0	-1	-1	0	0	0	-1	-1	-1
c17134	0	0	42	34	0	0	-1	-1	12	0	-1	-1	-1	-1	-1	12	0	-1	0	0	0	0	-1	30	-1	0	0	-1	0	-1
c17140	-1	0	33	0	-1	0	15	41	0	0	-1	12	0	0	0	0	-1	11	0	-1	0	0	46	-1	0	0	5	33	25	0
c17141	-1	-1	33	0	0	0	-1	-1	0	0	-1	12	-1	0	0	-1	0	11	0	0	0	0	46	30	0	0	-1	33	25	-1
c17143	0	-1	-1	0	0	22	0	-1	0	0	-1	12	40	47	-1	12	0	-1	0	-1	0	20	-1	30	-1	0	0	33	-1	0
c17173	0	-1	0	0	0	0	0	-1	0	9	47	12	15	47	25	0	-1	11	-1	0	0	0	0	30	45	0	-1	33	-1	0
c17214	0	11	-1	26	0	0	0	41	0	0	-1	12	0	-1	-1	18	-1	11	0	0	0	0	22	-1	0	-1	39	0	0	34
c17218	0	-1	7	15	0	0	0	-1	0	0	0	-1	-1	14	0	0	22	11	45	0	0	6	19	30	0	0	0	33	-1	-1
c17222	0	0	-1	26	0	39	0	41	0	0	0	-1	33	-1	17	-1	-1	11	19	-1	22	22	22	-1	0	7	0	12	-1	-1
c17232	37	0	0	-1	0	0	0	41	0	0	0	-1	-1	14	0	0	0	11	45	0	-1	-1	19	30	0	0	-1	33	-1	0
c17233	37	-1	0	0	-1	0	-1	-1	0	-1	0	-1	-1	14	-1	-1	0	11	-1	0	0	-1	19	30	0	0	-1	33	-1	0
c17239	0	0	0	26	0	0	8	41	0	0	0	12	0	-1	17	45	-1	11	11	45	22	0	22	30	0	23	0	39	0	0
c17241	0	-1	1	26	-1	0	0	41	0	0	20	-1	-1	-1	-1	0	0	11	-1	23	0	49	22	30	0	7	0	0	15	0
c17244	5	17	30	0	0	-1	-1	-1	0	39	0	12	0	47	1	-1	0	11	-1	0	0	10	0	30	1	0	0	33	0	-1
c17251	0	11	17	26	0	25	0	41	-1	46	0	12	39	-1	17	19	22	11	1	23	7	0	-1	-1	37	-1	-1	11	0	-1
c17252	0	-1	33	-1	0	34	0	41	0	0	-1	-1	0	21	0	0	18	11	9	-1	0	0	0	30	0	21	-1	33	14	17
c17254	0	0	0	-1	0	0	-1	41	0	-1	-1	-1	-1	14	0	20	0	11	45	0	0	6	19	30	0	0	0	33	-1	-1
c17255	0	0	0	0	0	0	0	41	-1	-1	0	-1	-1	14	0	20	0	11	45	0	0	6	19	30	0	0	0	33	-1	0
c17263	0	0	0	-1	-1	39	-1	41	18	0	0	12	33	-1	17	-1	-1	-1	19	-1	0	0	-1	30	47	-1	-1	-1	15	-1
c17270	0	0	0	-1	-1	-1	0	41	0	-1	-1	12	-1	47	0	0	-1	-1	0	0	-1	-1	0	-1	0	0	-1	33	-1	0
c17303	0	0	0	-1	0	0	-1	-1	-1	39	0	12	0	0	0	5	-1	-1	-1	-1	0	0	0	30	0	40	0	9	45	0
c17309	0	17	0	0	0	21	0	41	0	0	0	12	-1	-1	0	12	-1	11	0	0	0	0	-1	30	-1	0	0	33	0	23
c17323	0	35	-1	1	22	9	22	41	0	0	46	12	22	47	1	11	18	11	0	0	-1	-1	47	-1	0	0	6	33	0	-1
c17332	14	0	22	26	0	-1	0	-1	-1	0	0	12	0	-1	17	0	-1	11	7	0	0	0	22	-1	0	0	0	0	0	0
c17336	11	6	11	0	0	0	2	-1	0	0	-1	12	17	47	0	-1	22	11	0	0	0	0	0	30	0	39	-1	33	39	0
c17345	-1	0	-1	-1	0	8	0	41	0	11	0	12	10	-1	17	-1	-1	11	17	0	17	0	22	30	0	-1	-1	8	-1	28
c17359	0	0	1	-1	0	0	0	41	0	-1	7	-1	-1	-1	17	0	0	11	-1	23	0	-1	22	30	0	7	0	0	15	0
c17376	-1	0	33	22	0	-1	-1	41	22	-1	-1	-1	0	0	19	18	6	-1	11	0	0	0	0	30	-1	0	-1	-1	0	23
c17379	0	-1	0	26	0	45	0	41	0	0	18	-1	0	-1	17	0	0	11	0	0	0	0	22	30	0	-1	-1	0	0	34
c17380	0	0	0	0	0	-1	17	41	0	0	37	-1	28	5	-1	0	0	11	45	-1	47	25	19	30	-1	22	-1	33	-1	0
c17401	0	0	0	-1	0	0	0	-1	-1	0	-1	12	0	-1	17	11	-1	11	0	17	0	0	22	30	0	0	0	17	39	0
c17402	0	-1	-1	0	0	0	-1	41	-1	-1	-1	12	0	0	17	18	0	11	11	0	0	0	0	30	44	0	-1	-1	0	23
c17407	0	0	0	26	-1	0	-1	41	0	-1	0	12	6	-1	17	-1	0	11	0	0	-1	-1	22	30	-1	0	-1	-1	0	0
c17413	-1	6	-1	0	-1	0	0	41	-1	0	0	12	0	47	0	-1	22	11	-1	0	9	0	0	30	27	0	0	33	39	0
c17418	0	0	33	39	-1	0	15	-1	35	0	-1	12	0	0	-1	-1	-1	11	0	0	-1	0	0	30	0	0	5	33	25	0
c17423	-1	-1	0	0	0	0	0	41	0	6	0	12	0	47	-1	-1	0	-1	0	0	0	0	0	-1	0	0	0	33	22	0
c17429	0	0	12	0	0	-1	0	41	0	46	0	-1	0	47	-1	-1	0	-1	20	17	0	0	17	30	0	0	0	33	-1	0
c17435	0	17	30	9	0	0	0	-1	-1	39	0	12	0	47	1	0	22	-1	-1	0	-1	0	0	30	-1	0	33	-1	0	0
c17456	-1	0	0	0	0	-1	18	41	0	0	0	12	0	47	0	0	0	-1	0	45	18	21	0	30	17	0	-1	33	-1	-1
c17458	0	0	33	0	0	0	0	41	-1	42	0	12	0	-1	0	-1	0	11	22	-1	0	25	0	30	-1	0	-1	33	0	0
c17468	0	0	-1	0	45	48	-1	-1	0	0	0	-1	0	47	11	-1	0	11	-1	-1	0	0	0	30	17	0	0	-1	1	0
c17490	-1	39	33	0	0	0	22	41	22	-1	-1	12	0	-1	0	0	0	11	11	0	0	0	-1	30	0	0	-1	-1	0	50
c17508	9	0	0	6	9	-1	0	-1	-1	0	-1	12	11	-1	0	12	-1	11	-1	-1	0	0	0	-1	0	18	0	-1	-1	-1
c17522	0	0	33	0	0	34	15	41	0	39	-1	12	0	0	0	0	-1	11	-1	0	-1	44	0	30	-1	-1	5	33	25	39
c17523	0	0	33	0	0	34	15	41	0	39	-1	-1	0	-1	0	0	0	11	0	-1	0	44	0	-1	0	17	5	-1	25	39
c17527	0	0	33	0	0	0	9	41	27	-1	9	-1	0	-1	0	0	0	11	0	0	0	0	0	30	-1	0	34	33	0	-1
c17531	0	-1	40	12	0	0	-1	-1	0	17	39	12	17	47	-1	39	0	11	0	0	0	-1	0	30	0	0	0	33	-1	-1
c17534	23	-1	0	26	0	8	0	41	0	11	0	12	10	-1	-1	0	-1	11	0	0	-1	23	22	30	0	0	0	8	0	28
c17541	-1	0	11	0	18	0	0	41	-1	-1	-1	12	-1	47	1	12	0	11	-1	47	0	0	0	30	0	0	-1	33	0	19
c17549	14	45	22	26	-1	-1	0	41	-1	0	-1	12	0	-1	17	0	0	-1	7	0	0	0	-1	-1	-1	0	-1	0	0	-1
c17567	45	0	-1	26	0	0	38	41	-1	-1	9	12	-1	-1	17	17	19	11	0	-1	0	0	22	30	-1	0	0	0	-1	-1
c17568	0	0	0	0	22	-1	22	-1	-1	0	-1	12	22	47	1	11	0	-1	-1	-1	-1	0	-1	30	-1	0	22	33	0	-1
c17578	0	0	11	0	18	0	0	41	44	0	0	-1	0	47	0	12	3	-1	0	47	0	0	-1	30	0	0	0	33	9	19
c17585	0	0	2	0	0	-1	-1	-1	9	27	0	12	0	47	0	0	0	-1	-1	0	0	0	0	30	0	0	0	33	-1	0
c17594	-1	-1	0	0	0	0	-1	41	-1	0	0	12	17	47	6	-1	39	-1	0	7	49	16	15	-1	14	39	0	33	-1	-1
c17613	-1	0	0	0	0	17	23	41	0	0	0	12	15	47	0	17	0	-1	0	0	0	45	0	30	-1	0	0	33	-1	11
c17619	0	0	39	0	-1	0	0	41	0	9	0	12	22	47	0	12	-1	11	0	0	0	11	0	30	0	0	0	-1	15	0
c17622	-1	-1	0	-1	-1	0	-1	-1	0	17	0	12	-1	47	-1	0	0	11	37	-1	-1	0	0	-1	0	0	0	33	0	-1
c17629	-1	0	0	26	0	0	0	-1	-1	-1	9	12	-1	-1	17	37	19	11	0	0	0	0	22	30	25	11	49	-1	0	-1
c17640	-1	0	0	0	0	-1	0	41	0	0	0	12	0	47	0	-1	0	11	0	22	45	-1	-1	-1	-1	0	0	-1	-1	0
c17641	-1	0	0	0	0	-1	0	41	0	-1	0	-1	0	-1	-1	12	0	11	0	22	45	0	0	30	7	0	-1	-1	-1	0
c17662	0	0	0	0	0	-1	26	-1	26	5	0	12	-1	0	0	5	0	11	18	45	0	0	17	30	0	40	0	9	0	45
c17712	0	0	0	26	-1	-1	-1	41	0	0	-1	-1	33	-1	17	0	0	11	19	-1	0	0	22	30	0	7	0	0	-1	0
c17731	0	17	0	0	5	-1	0	41	0	0	0	-1	28	14	0	0	0	-1	45	0	27	0	19	30	-1	-1	0	33	-1	17
c17735	-1	0	42	-1	0	0	0	41	12	0	45	-1	-1	47	0	12	0	-1	0	19	0	0	0	30	0	0	-1	33	0	-1
c17740	0	0	0	-1	0	-1	-1	41	-1	39	-1	-1	0	0	0	5	-1	11	0	-1	22	-1	0	30	0	40	26	9	45	0
c17750	0	0	0	-1	0	0	0	41	0	-1	0	12	0	47	0	12	0	11	0	0	0	-1	0	30	19	43	0	-1	15	0
c17761	0	0	1	26	0	0	0	41	-1	-1	0	-1	-1	-1	17	0	0	11	-1	-1	0	49	22	-1	0	-1	0	0	15	0
c17769	-1	0	-1	0	-1	0	5	-1	0	17	15	12	0	47	1	0	0	11	0	0	0	0	0	-1	0	0	0	33	22	-1
c17771	0	0	0	0	0	-1	0	41	0	-1	-1	12	0	47	0	1	0	11	0	0	0	-1	0	30	-1	0	-1	33	1	-1
c17779	-1	-1	33	0	0	0	-1	41	22	-1	-1	12	0	0	0	18	45	11	-1	0	0	0	0	30	44	0	-1	33	0	23
c17785	0	-1	30	0	12	17	-1	-1	0	39	0	12	0	47	-1	0	-1	11	0	0	0	-1	0	-1	1	7	23	33	0	6
c17791	19	12	11	-1	0	-1	23	-1	0	-1	0	12	15	47	0	-1	-1	11	0	0	-1	45	0	-1	0	-1	0	-1	-1	0
c17793	0	-1	0	-1	0	0	-1	41	0	-1	-1	-1	-1	-1	17	0	-1	-1	0	0	0	0	22	30	0	-1	39	0	0	34
c17795	0	0	-1	34	-1	-1	9	41	0	17	0	12	0	47	1	19	0	11	0	0	0	0	0	30	-1	0	-1	33	0	-1
c17798	21	0	-1	-1	-1	0	-1	41	0	-1	0	12	10	-1	17	0	0	11	-1	0	0	0	-1	-1	0	0	0	49	0	28
c17817	0	6	11	0	0	0	0	41	0	0	-1	-1	0	47	0	12	22	11	17	0	50	0	-1	30	-1	0	0	33	39	0
c17826	14	0	-1	26	-1	-1	-1	41	0	0	0	-1	0	-1	17	0	5	11	0	0	-1	22	22	30	0	11	50	0	-1	0
c17831	0	0	0	0	0	0	0	41	-1	0	0	-1	14	-1	0	22	0	11	-1	0	-1	0	19	30	0	0	0	33	-1	-1
c17840	0	0	-1	-1	0	-1	-1	41	0	0	0	-1	-1	-1	17	-1	0	11	19	-1	0	0	22	30	0	7	-1	0	-1	0
c17844	0	0	-1	0	0	-1	0	41	0	0	0	12	0	47	0	-1	0	-1	0	-1	0	-1	34	30	-1	-1	0	-1	-1	0
c17879	0	17	30	0	12	0	0	-1	0	39	-1	12	0	-1	1	0	0	11	0	0	0	-1	0	30	1	7	23	33	0	6
c17902	-1	0	33	37	-1	-1	0	41	0	0	-1	-1	0	0	-1	0	-1	11	0	0	0	0	0	30	0	9	0	33	25	0
c17904	0	0	0	-1	0	4	0	41	-1	0	9	12	10	-1	17	9	19	11	5	-1	0	0	-1	30	25	-1	-1	0	-1	28
c17907	0	0	-1	34	0	0	0	-1	22	17	11	12	-1	-1	-1	-1	45	11	-1	0	0	0	0	30	0	0	0	33	0	-1
c17912	0	0	2	26	0	-1	-1	-1	0	0	0	12	33	-1	17	0	0	-1	19	-1	0	0	22	30	47	7	0	0	15	0
c17913	0	0	2	26	0	39	0	41	0	0	0	12	33	-1	17	0	0	11	19	-1	-1	-1	22	30	47	7	0	-1	15	0
c17918	0	0	-1	0	10	0	0	41	-1	0	0	-1	0	-1	0	12	17	-1	0	37	0	-1	32	30	0	0	0	33	15	0
c17922	22	39	0	-1	-1	0	19	41	-1	0	0	12	32	47	1	-1	9	-1	0	40	22	-1	0	30	0	-1	-1	33	0	0
c17945	-1	0	-1	-1	0	-1	-1	41	22	-1	-1	-1	0	-1	19	18	37	-1	-1	0	0	0	0	30	44	0	-1	33	-1	23
c17951	0	0	1	0	-1	-1	0	41	0	17	0	12	0	47	1	-1	5	11	0	0	12	0	0	-1	0	0	0	33	-1	0
c17958	0	0	-1	26	-1	-1	0	41	0	0	0	-1	33	-1	17	0	0	11	19	-1	0	0	22	30	0	7	0	0	-1	0
c17978	-1	0	17	26	0	46	0	41	-1	0	44	12	10	-1	-1	-1	0	11	-1	0	-1	-1	22	30	17	0	0	0	0	28
c17982	0	0	11	17	0	0	0	41	-1	-1	0	12	-1	-1	0	12	0	11	22	-1	-1	0	-1	30	0	-1	0	-1	0	-1
c18008	0	0	-1	-1	0	0	-1	41	-1	39	17	12	-1	0	0	5	-1	11	-1	-1	22	-1	0	30	0	-1	26	-1	45	0
c18023	22	-1	0	4	0	0	-1	41	0	0	0	12	0	47	-1	-1	-1	-1	0	40	22	0	0	30	0	-1	19	33	0	0
c18029	0	17	30	47	-1	0	0	-1	-1	39	23	12	0	47	-1	0	0	11	-1	0	0	0	0	-1	-1	0	-1	33	-1	0
c18052	14	0	22	26	0	-1	-1	41	0	0	0	-1	0	-1	17	0	0	-1	7	0	0	0	-1	-1	0	0	-1	0	0	0
c18069	-1	0	0	26	0	0	-1	41	22	0	0	12	-1	-1	17	-1	22	-1	0	0	-1	28	22	-1	0	0	0	-1	-1	-1
c18075	0	-1	33	0	0	34	0	41	0	0	-1	12	0	21	0	0	0	11	9	-1	-1	0	0	-1	0	0	23	33	14	17
c18077	-1	5	-1	11	0	0	0	41	-1	0	0	12	0	47	11	23	-1	11	22	0	-1	0	49	30	0	39	22	33	0	-1
c18087	-1	-1	11	-1	0	0	0	41	0	2	0	12	0	47	45	-1	22	-1	22	0	22	0	0	30	0	0	33	33	0	0
c18100	0	-1	0	-1	0	37	39	41	-1	45	-1	12	33	-1	17	-1	0	11	19	-1	0	0	22	30	0	-1	2	0	15	30
c18108	0	0	11	0	0	38	0	-1	0	23	0	12	9	47	0	12	0	11	0	0	0	0	0	30	22	0	0	33	0	0
c18114	-1	40	-1	0	0	0	-1	41	0	34	-1	12	40	-1	0	12	0	11	0	-1	26	20	-1	30	-1	0	0	33	0	0
c18117	0	0	0	4	0	-1	0	-1	0	0	0	12	0	-1	1	0	0	11	0	0	22	0	0	30	9	-1	0	33	0	0
