	0	1	2	3	4	5	6	7	8	9	10	11	12	13	14	15	16	17	18	19	20	21	22	23	24	25	26	27	28	29
c1684	0	0	0	0	0	31	-1	36	0	13	0	0	-1	0	6	0	0	0	0	0	23	-1	0	0	0	-1	-1	0	-1	6
c2208	45	0	26	-1	0	0	-1	0	0	29	-1	0	-1	30	0	20	0	41	41	-1	0	42	33	-1	0	-1	-1	-1	36	0
c2351	45	-1	23	-1	0	0	0	42	-1	29	0	0	0	0	0	-1	0	0	-1	0	41	0	11	-1	5	-1	0	0	-1	0
c2562	-1	-1	37	-1	-1	31	-1	0	17	-1	0	0	0	0	0	0	0	-1	9	0	0	0	-1	0	-1	-1	-1	13	0	0
c2613	31	-1	-1	0	45	31	-1	36	0	-1	-1	0	33	0	0	0	50	0	0	19	0	24	0	-1	5	-1	-1	0	0	-1
c2787	-1	0	0	0	33	31	-1	0	0	-1	0	-1	3	6	6	0	0	0	0	44	-1	0	-1	0	0	-1	14	31	0	0
c3023	-1	0	-1	-1	-1	45	0	-1	38	23	0	-1	0	0	50	5	-1	0	10	46	-1	-1	-1	38	0	-1	12	31	5	46
c3080	45	-1	0	0	0	0	-1	0	-1	29	-1	14	-1	30	-1	0	22	0	0	-1	0	0	0	-1	42	-1	-1	-1	0	0
c3177	45	-1	0	0	-1	0	-1	0	48	29	9	0	0	30	6	-1	22	0	-1	11	0	-1	-1	-1	0	-1	-1	-1	0	45
c3601	0	0	0	-1	0	0	-1	22	30	25	-1	36	0	0	0	10	0	0	0	0	0	-1	47	0	0	-1	0	0	0	-1
c3696	45	0	0	0	0	0	-1	0	-1	29	22	8	0	30	-1	36	22	0	45	0	0	-1	-1	-1	12	-1	0	0	0	0
c3816	45	0	0	2	-1	10	-1	14	0	29	0	0	0	30	14	-1	22	-1	0	0	0	0	0	-1	30	-1	0	-1	-1	-1
c3891	0	-1	47	0	30	-1	-1	31	22	47	0	0	0	0	42	-1	23	-1	0	0	0	0	42	0	8	-1	-1	0	5	42
c4112	15	-1	0	-1	36	31	-1	0	17	0	-1	0	0	-1	0	23	-1	0	9	0	0	0	0	0	-1	-1	41	-1	0	42
c4229	45	14	0	0	0	-1	-1	0	0	29	-1	7	0	-1	0	0	22	-1	0	-1	0	0	0	-1	0	-1	0	-1	0	0
c4240	0	-1	0	0	-1	0	44	43	-1	25	0	-1	13	0	22	10	-1	8	45	-1	30	0	47	-1	27	-1	-1	0	46	-1
c4247	45	-1	0	42	0	0	-1	0	0	-1	-1	0	0	30	-1	-1	22	-1	0	-1	0	0	-1	-1	0	-1	0	-1	0	0
c4522	0	11	0	22	8	-1	0	3	-1	-1	0	33	0	0	50	0	-1	0	0	33	-1	47	0	-1	0	-1	-1	0	5	-1
c4542	21	1	47	0	-1	0	31	-1	-1	0	0	0	0	-1	-1	0	0	0	0	0	0	-1	0	0	0	-1	0	0	-1	-1
c4654	0	0	-1	0	-1	0	0	0	36	0	-1	0	22	-1	31	-1	-1	14	31	0	0	33	0	0	-1	-1	43	0	5	0
c4666	45	36	0	0	32	0	-1	0	0	29	0	-1	41	30	-1	0	-1	47	0	0	-1	0	-1	-1	0	-1	-1	-1	36	0
c4723	45	0	-1	-1	20	33	-1	14	2	29	2	0	0	-1	0	-1	9	0	0	0	-1	0	0	-1	0	-1	-1	0	36	0
c4757	-1	0	-1	0	0	31	-1	0	0	-1	41	0	3	31	0	45	-1	0	0	0	23	0	0	36	-1	-1	0	0	14	-1
c4862	0	0	0	0	25	31	-1	-1	-1	-1	0	-1	3	-1	-1	-1	39	0	0	0	23	0	0	-1	0	-1	14	0	47	-1
c4883	45	-1	0	36	0	0	0	42	-1	-1	-1	0	11	-1	0	-1	0	-1	0	-1	0	0	11	9	0	-1	-1	36	0	0
c4946	0	0	0	30	0	22	0	0	0	0	7	0	22	-1	-1	0	-1	-1	0	46	0	0	0	-1	0	-1	34	0	5	-1
c5032	-1	-1	0	35	0	-1	0	0	31	0	-1	-1	22	-1	0	0	-1	0	0	-1	-1	-1	27	0	-1	-1	0	0	5	30
c5043	8	0	0	46	0	-1	0	0	0	-1	8	0	-1	-1	0	-1	0	0	0	46	12	0	0	0	0	-1	34	0	-1	0
c5302	31	-1	0	0	45	-1	-1	-1	19	33	0	0	33	0	-1	0	50	0	0	-1	-1	24	0	0	42	-1	0	0	27	0
c5347	0	0	0	0	-1	31	-1	0	0	41	0	0	-1	0	0	0	-1	0	-1	45	23	7	0	36	0	-1	0	0	-1	0
c5386	0	0	42	0	0	31	-1	0	0	0	0	-1	33	12	32	0	-1	-1	12	0	0	0	0	22	0	-1	-1	-1	0	0
c5402	0	14	0	12	0	0	0	0	0	-1	0	-1	22	-1	0	-1	23	0	0	46	0	-1	0	0	0	-1	0	8	-1	-1
c5422	39	-1	-1	0	0	2	0	22	0	8	0	-1	22	-1	0	0	0	0	0	46	0	0	0	12	7	-1	34	0	5	0
c5423	39	-1	0	0	-1	2	0	22	0	-1	0	38	22	-1	0	-1	-1	0	0	46	0	0	0	0	7	-1	34	0	-1	0
c5438	45	-1	0	33	0	0	-1	-1	0	29	0	0	-1	-1	-1	-1	22	0	50	-1	0	0	-1	-1	0	-1	-1	-1	5	0
c5554	0	0	0	-1	0	-1	0	0	-1	0	0	0	22	-1	0	0	46	14	0	-1	0	0	0	0	0	-1	0	-1	5	0
c5700	0	0	0	30	0	-1	0	0	15	0	-1	0	-1	-1	-1	0	-1	23	0	46	0	0	0	42	0	-1	34	0	5	0
c5817	45	0	44	33	0	14	-1	0	0	29	0	0	-1	30	0	-1	22	0	50	0	0	0	0	-1	9	-1	0	-1	5	0
c5851	45	41	0	33	0	0	-1	0	0	29	0	0	0	30	8	-1	-1	-1	-1	0	0	33	-1	-1	-1	-1	-1	-1	0	45
c5884	45	0	8	0	-1	0	-1	0	0	29	-1	0	0	30	0	0	22	0	0	-1	-1	0	0	-1	31	-1	0	-1	0	0
c5887	0	34	47	0	-1	0	31	-1	22	-1	41	0	-1	0	23	-1	0	0	-1	-1	0	0	0	36	30	-1	0	-1	5	-1
c5956	-1	20	0	42	0	0	-1	-1	0	29	-1	8	0	30	0	0	22	0	0	0	-1	0	-1	-1	0	-1	47	0	0	0
c5999	-1	-1	0	42	0	30	0	0	-1	25	0	33	0	0	0	10	0	0	30	0	-1	0	47	0	27	-1	0	0	0	-1
c6155	0	0	0	0	0	0	0	0	9	3	0	0	22	-1	0	0	0	-1	36	46	0	0	-1	0	0	-1	0	0	5	0
c6208	31	22	-1	33	45	31	-1	0	0	0	0	-1	33	-1	0	-1	50	0	0	0	0	0	0	33	0	-1	0	-1	44	0
c6227	0	0	0	14	0	31	-1	23	0	0	47	2	3	0	0	-1	0	2	0	-1	-1	0	47	44	41	-1	-1	0	-1	0
c6361	-1	0	0	0	0	31	-1	2	0	-1	0	0	3	0	6	-1	0	0	0	22	-1	0	0	7	0	-1	14	-1	0	6
c6387	0	0	0	0	0	31	-1	-1	0	13	0	0	-1	0	6	0	0	0	0	0	23	14	0	33	0	-1	14	0	-1	-1
c6414	45	0	11	0	0	0	-1	0	0	-1	0	0	0	30	-1	-1	22	-1	0	0	0	11	45	-1	0	-1	0	-1	26	45
c6418	0	-1	0	50	0	31	-1	14	0	0	0	0	3	-1	0	0	0	-1	33	33	23	0	0	34	0	-1	0	0	0	0
c6480	21	0	47	-1	-1	-1	-1	-1	0	0	0	0	0	2	0	-1	0	0	0	0	-1	0	0	0	0	-1	0	0	5	0
c6518	31	0	1	0	45	31	-1	-1	0	19	0	-1	33	-1	0	-1	50	0	0	0	0	14	0	-1	0	-1	0	-1	-1	0
c6535	45	0	0	0	0	8	-1	26	14	29	0	0	0	30	0	0	8	0	41	-1	0	-1	0	-1	14	-1	0	0	-1	14
c6551	0	0	47	0	-1	0	31	0	-1	-1	0	0	0	0	0	-1	0	0	0	0	0	0	42	0	-1	-1	0	0	5	0
c6646	-1	-1	0	0	23	31	-1	-1	23	0	0	0	0	-1	0	-1	0	0	-1	-1	42	0	0	0	30	-1	41	0	0	0
c6665	45	0	0	-1	0	0	-1	-1	48	-1	0	0	0	30	22	-1	22	33	-1	0	0	36	0	-1	0	-1	0	-1	0	-1
c6711	0	-1	11	22	0	31	-1	0	0	0	0	0	33	0	0	0	-1	-1	46	0	0	-1	0	31	33	-1	14	0	0	0
c6734	45	0	11	0	0	31	-1	0	0	8	-1	45	33	0	0	0	50	0	0	0	31	30	0	-1	33	-1	14	35	0	0
c6790	0	21	0	0	0	11	31	0	5	0	34	8	-1	6	0	33	8	-1	0	-1	0	0	0	12	0	-1	0	0	0	0
c6809	45	0	-1	0	0	-1	-1	0	0	29	-1	-1	0	30	-1	0	22	-1	-1	-1	0	-1	0	-1	-1	-1	0	-1	0	0
c6820	45	0	0	33	-1	-1	-1	0	0	29	0	33	0	-1	0	42	22	0	50	0	0	-1	0	-1	0	-1	8	-1	5	35
c6866	45	0	0	6	0	0	-1	0	0	29	-1	0	31	30	0	36	22	23	0	-1	0	0	22	-1	33	-1	0	-1	0	-1
c6892	46	0	0	0	0	0	-1	0	-1	0	0	0	22	-1	0	30	0	0	0	46	0	0	0	8	0	-1	34	22	-1	-1
c6924	0	-1	33	8	-1	31	-1	0	-1	13	0	0	3	-1	6	-1	0	10	0	0	23	0	0	42	-1	-1	11	0	30	0
c6964	21	-1	0	0	-1	-1	-1	41	-1	13	0	0	-1	-1	6	0	0	0	-1	-1	23	-1	-1	3	0	-1	14	0	0	0
c6975	45	0	0	0	0	36	-1	0	0	29	-1	-1	0	-1	0	-1	22	22	8	-1	0	-1	0	-1	0	-1	31	-1	0	45
c7044	45	-1	0	-1	0	0	-1	0	0	29	0	0	0	30	0	-1	22	22	0	-1	0	-1	0	-1	0	-1	0	-1	26	45
c7091	45	-1	-1	-1	0	0	-1	44	0	29	-1	-1	0	30	0	-1	22	0	-1	-1	0	0	0	-1	0	-1	0	-1	-1	33
c7147	45	-1	34	0	0	0	-1	0	0	29	0	0	0	30	0	-1	22	22	0	0	-1	0	0	-1	0	-1	0	-1	26	45
c7199	0	-1	-1	0	0	31	-1	0	14	0	0	0	0	-1	0	0	12	0	9	-1	-1	0	0	0	0	-1	41	0	0	0
c7255	45	0	0	0	0	0	-1	0	-1	-1	26	0	0	30	-1	-1	22	0	-1	-1	-1	36	0	-1	50	-1	0	-1	0	45
c7349	-1	12	-1	0	0	-1	31	0	-1	-1	0	0	8	0	33	0	0	8	0	0	0	0	0	0	30	-1	0	0	5	-1
c7376	45	-1	11	0	33	-1	-1	0	0	0	0	0	33	0	0	0	50	0	0	0	-1	-1	0	0	33	-1	14	35	0	0
c7449	-1	0	0	5	45	31	-1	0	0	0	0	0	-1	0	0	0	50	-1	-1	50	42	0	0	-1	0	-1	22	-1	47	0
c7476	-1	44	0	0	0	0	0	-1	-1	25	0	26	0	0	0	-1	-1	33	0	0	0	-1	47	-1	0	-1	31	0	0	-1
c7496	31	0	0	0	-1	31	-1	0	-1	0	0	-1	33	-1	0	0	50	-1	0	0	-1	-1	-1	0	0	-1	31	38	0	0
c7574	45	0	-1	0	0	33	-1	0	2	29	-1	11	0	30	19	-1	0	46	0	0	0	45	0	-1	0	-1	-1	0	-1	33
c7699	42	-1	48	1	0	31	-1	0	0	-1	-1	0	42	0	-1	0	0	0	-1	35	44	-1	0	0	0	-1	-1	0	0	0
c7710	0	-1	-1	46	0	0	-1	0	0	-1	-1	-1	22	-1	-1	0	0	0	12	46	0	-1	0	0	0	-1	34	0	5	14
c7737	45	-1	-1	33	0	-1	-1	0	-1	29	0	0	0	-1	0	42	-1	0	50	0	0	-1	0	-1	0	-1	-1	-1	5	-1
c7738	0	0	0	23	-1	31	-1	22	0	0	8	26	33	-1	-1	31	50	0	-1	0	31	33	0	-1	0	-1	-1	0	0	0
c7780	45	-1	-1	0	41	45	-1	0	0	29	-1	0	-1	30	0	-1	0	0	-1	-1	0	-1	14	-1	0	-1	14	0	36	0
c7822	12	14	-1	0	0	45	8	33	0	0	0	0	22	-1	0	0	23	0	0	46	-1	0	0	-1	0	-1	0	8	5	-1
c7826	45	14	-1	0	-1	0	-1	13	13	-1	0	8	0	30	-1	0	22	0	0	-1	0	0	-1	-1	0	-1	0	0	0	0
c7838	-1	0	2	-1	33	42	-1	-1	-1	35	8	22	22	19	-1	-1	36	41	0	0	0	0	0	14	0	-1	0	23	5	41
c7843	0	0	0	0	0	31	-1	45	0	0	0	-1	33	0	-1	36	-1	0	45	0	34	0	-1	41	0	-1	41	0	12	0
c7847	45	-1	0	6	0	0	-1	0	0	29	10	32	31	30	-1	36	-1	23	-1	-1	-1	-1	0	-1	33	-1	0	-1	0	0
c7870	-1	-1	0	-1	-1	-1	-1	0	-1	14	41	0	33	0	-1	0	50	-1	0	0	0	-1	0	0	0	-1	0	-1	12	-1
c7926	34	-1	0	-1	-1	31	-1	0	0	-1	45	0	33	-1	39	44	50	0	0	0	8	0	0	-1	0	-1	-1	23	33	-1
c7931	-1	0	0	-1	-1	0	-1	13	0	29	0	0	-1	30	0	-1	-1	22	0	0	0	0	0	-1	0	-1	0	-1	26	45
c7945	45	0	0	50	0	14	-1	0	0	-1	-1	0	0	30	0	22	23	0	0	47	-1	0	0	-1	0	-1	-1	30	36	0
c7983	0	0	0	23	0	31	-1	0	0	23	8	26	33	0	-1	31	-1	0	-1	0	0	0	-1	0	0	-1	-1	0	0	0
c8032	-1	0	-1	0	36	0	-1	14	48	-1	9	0	0	-1	0	-1	22	0	-1	-1	0	-1	0	-1	0	-1	0	-1	23	45
c8060	45	0	50	0	0	0	-1	0	0	-1	-1	8	0	-1	0	0	22	12	34	0	26	0	-1	-1	12	-1	23	0	0	-1
c8080	0	0	-1	0	0	0	44	0	-1	25	0	0	-1	-1	0	10	0	45	45	0	30	-1	47	0	27	-1	-1	0	46	-1
c8100	45	0	0	23	8	-1	-1	-1	0	0	-1	26	33	44	-1	-1	50	0	-1	-1	-1	0	-1	26	0	-1	-1	-1	0	0
c8126	-1	-1	-1	0	0	-1	-1	0	0	29	0	-1	22	30	0	0	-1	0	-1	-1	-1	0	14	-1	0	-1	0	0	36	0
c8136	0	0	0	33	0	0	0	0	30	25	-1	0	0	0	-1	10	-1	-1	0	0	11	-1	47	0	0	-1	-1	0	-1	-1
c8187	0	36	0	0	-1	-1	-1	14	-1	0	0	0	3	22	0	0	0	-1	0	-1	23	0	0	34	0	-1	0	0	-1	0
c8272	45	-1	0	0	0	31	0	42	-1	29	0	41	0	0	0	33	0	0	-1	0	41	-1	-1	9	0	-1	33	0	0	0
c8343	31	0	0	0	45	31	-1	0	31	-1	-1	0	33	0	0	-1	50	-1	0	0	0	48	0	0	0	-1	-1	0	0	-1
c8477	42	0	0	-1	0	-1	-1	-1	38	0	0	33	2	-1	50	0	-1	0	-1	9	-1	47	22	0	0	-1	0	0	5	0
c8506	-1	8	0	0	0	-1	42	-1	-1	0	0	-1	0	33	0	33	8	0	0	-1	0	0	-1	0	0	-1	0	0	0	-1
c8511	45	0	0	0	0	0	-1	0	0	-1	43	0	36	30	43	-1	22	0	0	-1	45	-1	-1	-1	9	-1	0	-1	42	8
c8534	-1	0	8	-1	0	0	-1	8	0	29	-1	0	0	30	-1	0	22	45	0	-1	0	0	0	-1	0	-1	-1	-1	0	0
c8535	-1	0	8	0	0	-1	-1	8	0	29	0	0	0	30	0	0	22	45	0	-1	-1	0	0	-1	0	-1	-1	-1	0	0
c8559	42	0	0	22	-1	-1	0	0	38	-1	0	-1	2	26	-1	0	-1	-1	0	-1	-1	47	22	0	0	-1	0	-1	-1	0
c8592	0	-1	0	0	0	-1	0	0	30	25	0	26	0	0	0	0	0	0	-1	0	-1	-1	47	47	0	-1	-1	0	0	-1
c8632	-1	-1	0	0	23	31	-1	0	0	0	0	0	0	0	-1	0	0	0	9	0	42	0	0	0	0	-1	41	0	-1	2
c8669	-1	0	0	-1	0	0	-1	0	0	29	0	0	0	30	0	0	22	0	0	-1	0	50	3	-1	0	-1	-1	-1	0	-1
c8674	-1	36	0	46	14	33	0	-1	0	-1	0	0	-1	-1	0	-1	-1	-1	26	46	0	0	-1	-1	0	-1	-1	22	5	0
c8711	-1	11	-1	0	0	0	-1	0	0	-1	-1	0	32	30	-1	0	22	0	42	-1	-1	-1	0	-1	0	-1	0	-1	-1	0
c8713	0	0	12	0	33	31	-1	22	34	13	-1	0	3	0	6	42	0	0	0	0	23	-1	0	0	0	-1	-1	0	0	0
c8720	33	47	2	-1	33	0	-1	-1	-1	-1	8	22	22	19	-1	0	36	0	0	0	0	0	-1	14	-1	-1	0	23	5	-1
c8809	-1	0	-1	0	0	0	-1	0	0	29	0	36	0	30	-1	-1	-1	22	0	0	0	0	0	-1	0	-1	0	-1	26	45
c8856	0	0	0	0	0	31	-1	0	0	-1	0	0	3	0	0	-1	0	0	0	-1	23	0	0	36	0	-1	0	0	0	-1
c8857	0	-1	0	0	0	31	-1	0	0	41	-1	0	3	0	0	0	0	0	41	45	23	0	0	-1	0	-1	0	0	0	0
c8865	45	0	0	0	0	0	-1	0	33	-1	-1	0	-1	-1	0	0	22	0	0	-1	47	23	10	-1	0	-1	0	-1	41	0
c8891	42	0	48	-1	0	0	0	0	38	33	0	33	2	0	50	0	-1	0	0	-1	0	47	22	-1	-1	-1	16	22	5	0
c8914	26	0	0	30	0	22	0	0	0	0	0	-1	22	-1	0	-1	-1	23	0	46	0	0	0	0	0	-1	34	-1	5	0
c8923	45	0	-1	0	0	0	-1	0	0	29	0	0	-1	-1	0	-1	22	22	5	0	0	0	37	-1	-1	-1	-1	-1	0	45
c8963	45	0	0	0	0	30	-1	0	0	29	0	0	0	30	0	-1	22	-1	0	47	0	-1	0	-1	0	-1	0	-1	0	45
c9019	0	0	47	0	0	0	31	0	-1	1	0	0	0	0	-1	0	0	0	-1	0	0	-1	21	36	30	-1	0	0	5	0
c9032	45	0	0	33	-1	0	-1	0	0	-1	0	-1	0	30	0	42	22	-1	50	-1	0	-1	0	-1	0	-1	14	-1	5	0
c9034	45	-1	5	0	-1	0	-1	0	-1	29	0	3	0	-1	31	0	0	47	41	0	0	0	14	-1	0	-1	-1	-1	-1	0
c9054	-1	14	0	-1	0	0	0	0	0	0	-1	0	22	-1	0	0	23	12	0	46	41	0	0	0	0	-1	-1	0	5	0
c9066	0	-1	0	2	-1	31	-1	0	0	41	0	0	-1	0	0	0	0	0	-1	45	23	41	0	36	0	-1	0	0	0	0
c9091	0	0	21	0	-1	0	0	14	30	25	-1	0	0	-1	0	0	0	33	0	-1	-1	-1	47	30	0	-1	0	0	45	-1
c9093	0	0	0	0	-1	31	-1	-1	-1	17	0	0	33	-1	32	8	50	0	0	0	0	5	0	0	0	-1	0	36	0	0
c9112	-1	0	0	0	0	36	-1	0	-1	29	32	-1	0	30	0	-1	22	22	-1	-1	0	0	-1	-1	0	-1	0	-1	35	45
c9114	45	3	0	-1	0	0	-1	0	0	29	0	0	33	30	36	-1	22	22	0	-1	0	-1	0	-1	0	-1	-1	-1	0	-1
c9116	31	-1	-1	0	-1	31	-1	0	-1	0	0	-1	33	0	0	30	50	-1	0	0	0	0	-1	42	0	-1	0	0	0	13
c9126	0	0	-1	0	0	0	31	0	22	0	-1	-1	-1	26	33	-1	0	0	-1	-1	0	-1	0	0	30	-1	0	0	-1	0
c9130	0	-1	-1	-1	0	-1	0	0	41	41	0	3	22	-1	-1	31	-1	0	0	-1	0	0	5	0	0	-1	0	8	5	0
c9169	34	0	-1	0	-1	31	-1	0	0	0	0	-1	33	36	39	0	50	-1	0	-1	-1	-1	0	0	0	-1	-1	23	33	-1
c9204	45	-1	-1	0	-1	0	-1	13	0	-1	-1	34	0	30	0	-1	22	45	0	-1	-1	0	0	-1	0	-1	0	-1	0	0
c9310	0	0	0	0	25	-1	-1	-1	41	13	-1	-1	-1	0	6	0	39	8	0	-1	-1	0	0	0	0	-1	14	0	47	6
c9312	22	14	0	0	0	0	0	22	0	0	0	32	22	-1	41	0	23	-1	0	46	0	45	-1	45	0	-1	-1	0	5	-1
c9324	45	0	-1	41	14	-1	36	0	0	29	0	0	0	-1	0	0	0	2	-1	0	0	33	0	-1	8	-1	0	26	0	26
c9341	0	0	0	0	0	0	0	0	-1	25	0	-1	34	0	12	10	0	0	-1	0	-1	-1	-1	0	0	-1	-1	-1	0	-1
c9357	31	0	0	0	-1	31	-1	0	0	0	45	0	33	0	0	-1	50	-1	0	0	0	0	0	-1	0	-1	0	-1	0	0
c9366	45	0	0	0	0	14	-1	-1	-1	29	0	0	45	30	0	-1	0	26	-1	0	0	41	12	-1	0	-1	0	0	36	0
c9380	45	-1	-1	0	-1	0	-1	0	-1	29	0	0	0	30	0	0	22	41	41	0	0	42	0	-1	-1	-1	-1	-1	36	-1
c9463	0	0	-1	0	14	23	31	31	22	-1	12	0	0	0	0	-1	33	22	0	0	0	-1	0	0	0	-1	0	0	5	32
c9483	45	-1	0	-1	0	0	-1	0	0	29	-1	-1	0	30	0	0	22	0	0	-1	0	0	0	-1	0	-1	0	-1	31	0
c9511	0	0	0	-1	31	0	-1	0	30	25	0	0	33	-1	-1	10	0	0	0	0	0	-1	-1	0	0	-1	0	-1	-1	-1
c9545	0	0	0	23	0	31	-1	0	0	0	-1	26	-1	0	-1	31	50	0	-1	0	0	-1	0	0	0	-1	-1	0	-1	0
c9570	42	-1	0	22	41	0	0	0	38	0	0	33	2	0	50	0	-1	0	0	9	0	47	22	3	0	-1	0	8	-1	0
c9613	31	0	48	0	45	31	-1	0	0	-1	0	26	33	36	-1	-1	-1	0	0	11	0	0	0	0	-1	-1	-1	38	0	0
c9631	-1	-1	0	0	-1	11	31	0	0	-1	0	0	-1	39	5	33	8	0	0	45	0	-1	-1	12	32	-1	0	0	-1	0
c9701	45	-1	0	33	0	0	-1	0	-1	29	0	0	0	30	0	-1	22	39	50	-1	0	0	0	-1	-1	-1	14	-1	5	-1
c9735	0	0	-1	0	0	0	31	0	22	0	0	-1	-1	0	0	0	0	-1	-1	0	0	-1	32	0	30	-1	41	0	5	0
c9754	45	-1	-1	0	0	0	-1	0	-1	29	-1	0	-1	30	0	-1	0	-1	0	0	30	-1	0	-1	0	-1	0	41	-1	0
c9796	0	-1	-1	-1	0	31	-1	0	0	0	-1	0	-1	0	-1	0	0	0	-1	0	42	-1	0	0	0	-1	41	-1	0	0
c9803	-1	0	8	-1	-1	0	-1	-1	0	-1	-1	34	30	-1	-1	0	22	0	0	-1	-1	0	0	-1	0	-1	0	-1	0	0
c9816	0	-1	0	0	0	31	-1	14	0	0	0	0	3	0	0	41	0	0	0	33	23	0	0	34	0	-1	0	0	0	0
c9869	0	0	-1	5	23	0	31	6	0	0	-1	-1	32	46	-1	0	0	-1	0	-1	0	-1	-1	0	31	-1	0	-1	5	0
c9895	-1	41	-1	45	0	31	-1	0	0	-1	0	0	33	12	32	0	50	-1	45	0	0	30	-1	2	0	-1	0	-1	-1	0
c10014	0	0	0	-1	0	1	-1	0	0	-1	0	0	22	-1	0	0	0	-1	0	5	23	0	0	36	0	-1	41	0	5	0
c10023	0	-1	-1	0	36	-1	-1	37	17	0	0	0	0	0	0	-1	0	35	9	0	0	0	41	0	0	-1	41	13	0	8
c10043	42	36	0	0	22	31	-1	0	-1	-1	0	-1	3	0	6	0	-1	0	0	-1	-1	0	8	0	11	-1	14	-1	0	6
c10056	-1	-1	-1	0	-1	0	-1	0	-1	-1	0	8	0	30	0	0	22	-1	-1	-1	0	0	-1	-1	0	-1	33	0	14	0
c10074	45	0	0	0	0	0	-1	0	48	-1	0	0	0	30	0	-1	22	0	-1	0	0	36	0	-1	-1	-1	0	-1	0	-1
c10081	-1	11	0	0	-1	0	-1	4	0	29	35	0	32	30	0	-1	-1	0	0	-1	-1	0	0	-1	-1	-1	0	-1	0	0
c10117	0	14	0	12	-1	0	0	-1	0	41	-1	0	-1	-1	0	-1	23	0	0	-1	0	0	0	0	0	-1	0	8	-1	0
c10146	0	45	0	0	-1	31	-1	0	35	41	0	-1	-1	0	0	0	0	-1	36	45	23	0	0	36	-1	-1	0	0	0	47
c10147	0	0	0	0	0	31	-1	0	35	41	0	0	3	0	-1	0	-1	0	0	45	-1	0	-1	36	0	-1	0	0	0	0
c10176	0	0	0	0	44	31	-1	0	0	41	-1	0	3	0	0	0	0	-1	-1	0	23	0	0	36	-1	-1	0	0	0	0
c10209	22	41	0	-1	0	31	-1	0	-1	19	0	-1	33	12	32	0	50	0	45	30	0	30	-1	0	0	-1	-1	36	36	0
c10227	-1	0	0	0	-1	0	-1	0	13	29	0	-1	26	30	0	26	22	0	-1	0	0	-1	-1	-1	-1	-1	0	14	0	0
c10246	31	0	0	22	45	31	-1	0	0	0	-1	-1	33	0	0	0	50	33	0	50	-1	0	0	0	0	-1	0	8	0	0
c10250	0	0	-1	-1	0	0	0	0	30	25	0	37	0	-1	0	10	0	33	-1	0	-1	0	47	-1	0	-1	14	0	0	-1
c10270	-1	0	2	-1	33	-1	-1	0	-1	35	14	22	-1	19	-1	0	36	0	-1	45	36	0	-1	14	0	-1	0	23	5	0
c10271	-1	0	2	-1	33	-1	0	0	-1	35	14	-1	-1	19	-1	0	36	0	-1	0	36	0	-1	14	0	-1	0	23	5	-1
c10279	45	0	-1	0	0	33	-1	-1	2	29	2	0	0	-1	0	-1	0	0	0	10	-1	0	42	-1	0	-1	47	0	36	0
c10329	45	0	0	2	0	10	-1	0	0	29	0	0	0	-1	0	-1	22	22	0	0	0	0	-1	-1	0	-1	0	-1	0	-1
c10347	-1	0	-1	0	0	0	-1	0	22	-1	-1	-1	-1	0	0	0	0	-1	0	0	0	-1	32	-1	30	-1	41	-1	5	0
c10354	4	0	0	-1	0	6	0	36	0	3	0	26	22	-1	0	0	0	0	36	46	0	-1	0	30	0	-1	11	5	5	0
c10367	38	-1	0	0	-1	31	-1	0	0	0	0	0	-1	0	0	0	0	0	9	0	42	0	0	0	0	-1	41	0	0	-1
c10382	0	14	26	0	-1	0	0	-1	0	41	-1	45	22	-1	0	31	23	0	0	46	-1	0	0	-1	0	-1	0	8	-1	31
c10389	0	0	0	0	0	0	35	19	0	-1	-1	-1	22	0	0	8	0	0	0	0	0	-1	-1	-1	0	-1	0	33	5	-1
c10423	42	0	0	-1	0	0	0	0	38	-1	6	33	0	33	50	-1	-1	0	0	0	-1	47	-1	25	0	-1	0	0	5	0
c10453	45	0	14	0	22	42	-1	0	17	29	0	-1	0	30	0	0	-1	0	0	-1	0	0	0	-1	0	-1	-1	-1	0	-1
c10460	-1	-1	0	0	0	0	-1	0	0	29	0	-1	0	30	0	0	-1	0	0	-1	0	0	3	-1	0	-1	-1	-1	0	0
c10464	31	-1	33	0	45	31	-1	36	-1	-1	-1	0	33	0	33	0	50	0	0	19	11	-1	0	0	-1	-1	0	0	0	41
c10481	0	0	-1	0	36	-1	-1	14	0	0	0	-1	3	-1	0	41	-1	0	0	33	23	0	0	34	0	-1	0	0	0	0
c10490	0	6	47	0	0	38	31	0	0	0	0	-1	0	0	10	0	0	0	0	0	0	0	0	0	-1	-1	-1	-1	-1	0
c10534	45	0	0	50	0	14	-1	-1	0	29	-1	0	0	30	-1	22	23	0	0	47	-1	0	-1	-1	-1	-1	0	-1	36	0
c10572	45	-1	14	0	-1	0	0	42	-1	-1	0	0	0	-1	0	-1	0	-1	-1	0	41	-1	-1	9	36	-1	33	0	0	-1
c10583	0	-1	-1	0	0	0	0	0	30	25	36	0	0	0	14	10	0	-1	0	-1	0	0	47	0	0	-1	0	0	36	-1
c10608	-1	22	-1	33	45	31	-1	0	0	35	-1	0	-1	0	-1	0	-1	0	47	-1	0	0	0	33	0	-1	0	38	2	0
c10640	45	0	0	-1	10	14	-1	0	0	29	0	13	0	30	0	8	33	0	0	0	-1	33	0	-1	0	-1	0	0	36	0
c10692	45	-1	0	0	0	33	-1	0	2	29	2	0	0	-1	0	0	0	0	42	0	0	0	0	-1	0	-1	47	11	36	0
c10699	15	-1	45	33	-1	31	-1	0	-1	0	0	0	0	46	0	0	0	-1	-1	0	0	0	-1	0	33	-1	41	-1	0	0
c10702	0	0	41	0	0	0	50	-1	30	-1	-1	-1	0	0	0	-1	-1	0	0	0	-1	8	47	47	-1	-1	-1	0	0	-1
c10711	0	6	47	0	30	45	31	0	0	26	0	0	0	0	-1	0	0	0	0	0	-1	0	-1	33	0	-1	-1	-1	5	42
c10715	-1	0	0	41	-1	31	-1	0	0	0	0	0	33	0	32	0	50	0	0	0	17	0	33	0	34	-1	0	-1	0	44
c10746	0	-1	8	45	0	-1	-1	0	-1	0	0	0	33	12	32	0	-1	-1	45	-1	0	30	0	0	0	-1	0	36	0	-1
c10747	0	-1	-1	45	0	31	-1	0	30	-1	0	0	-1	12	32	0	50	-1	45	23	0	30	0	0	-1	-1	0	-1	0	-1
c10761	-1	41	47	0	-1	-1	-1	0	-1	0	0	0	33	5	-1	0	50	0	-1	0	45	0	0	0	-1	-1	0	0	0	-1
c10766	0	0	0	-1	-1	-1	35	0	0	-1	30	0	22	-1	-1	0	-1	-1	0	0	0	35	8	0	0	-1	0	0	-1	38
c10780	-1	-1	0	0	0	-1	0	0	0	23	22	0	22	-1	12	-1	0	-1	0	37	0	50	0	5	0	-1	-1	-1	5	-1
c10787	45	0	26	0	0	-1	-1	0	-1	-1	0	0	0	30	0	-1	-1	41	41	41	-1	-1	0	-1	0	-1	-1	-1	-1	-1
c10795	21	0	-1	0	0	31	-1	-1	0	13	0	-1	3	41	-1	0	-1	0	-1	30	-1	0	0	0	0	-1	-1	0	0	0
c10849	-1	0	0	12	0	31	-1	-1	0	0	0	22	-1	-1	36	-1	-1	0	-1	0	0	0	0	33	0	-1	41	14	0	3
c10877	0	0	-1	0	0	0	0	-1	30	25	-1	0	-1	0	0	0	0	0	0	8	-1	0	47	47	-1	-1	14	0	0	-1
c10941	0	5	0	0	0	-1	0	0	-1	-1	0	-1	-1	0	50	0	-1	13	0	11	0	-1	0	9	0	-1	31	36	-1	-1
c10974	45	42	-1	0	0	0	-1	-1	0	29	0	14	0	30	0	36	22	0	0	-1	0	-1	0	-1	0	-1	0	-1	0	-1
c10992	45	0	0	-1	0	-1	-1	14	0	29	37	-1	0	-1	-1	0	22	33	0	0	0	11	-1	-1	0	-1	42	0	-1	50
c10999	45	-1	-1	0	-1	36	-1	0	0	29	0	0	0	-1	10	-1	22	22	0	-1	0	0	22	-1	0	-1	0	-1	0	45
c11019	0	0	-1	0	9	31	-1	0	0	41	0	12	3	0	0	0	0	0	0	0	23	0	0	36	0	-1	45	0	0	0
c11036	45	-1	0	0	0	0	-1	14	31	29	0	8	-1	30	0	-1	22	0	-1	0	-1	0	-1	-1	0	-1	0	0	5	0
c11104	-1	0	0	-1	0	0	-1	12	0	29	50	8	0	30	0	0	22	-1	45	0	50	0	0	-1	0	-1	0	0	0	0
c11148	21	0	47	0	-1	0	31	-1	36	-1	0	0	0	-1	0	0	-1	0	0	0	8	-1	33	0	29	-1	-1	0	5	0
c11167	45	0	0	0	0	0	-1	0	33	29	-1	0	-1	30	0	0	-1	0	41	-1	0	23	0	-1	0	-1	22	-1	-1	6
c11177	44	-1	0	0	0	31	-1	0	0	13	-1	0	3	-1	6	-1	0	0	10	0	-1	0	0	0	0	-1	-1	0	41	0
c11214	0	-1	-1	0	44	-1	0	-1	0	0	0	0	22	-1	0	0	0	0	-1	-1	0	-1	0	-1	0	-1	34	-1	5	0
c11223	42	0	-1	22	-1	-1	0	41	38	0	0	33	0	0	50	42	-1	0	-1	-1	34	-1	2	25	0	-1	0	0	5	0
c11228	45	0	-1	0	0	36	-1	-1	0	29	0	0	50	-1	0	-1	22	22	0	-1	0	0	0	-1	0	-1	31	-1	0	45
c11238	0	0	33	8	-1	31	-1	0	-1	13	0	0	3	22	6	-1	0	0	0	0	23	0	-1	0	42	-1	11	0	30	0
c11240	-1	14	47	0	0	0	0	-1	0	0	-1	0	22	-1	-1	31	23	41	0	-1	0	0	0	0	0	-1	0	8	5	0
c11258	45	8	0	0	0	0	-1	-1	2	-1	0	5	0	30	-1	0	8	0	49	0	-1	0	23	-1	0	-1	-1	0	36	0
c11291	45	0	0	33	0	45	-1	0	-1	-1	-1	0	0	30	0	42	22	-1	50	0	0	0	0	-1	0	-1	14	-1	5	0
c11350	45	0	17	0	0	0	-1	0	0	-1	-1	0	-1	-1	0	0	22	0	-1	-1	-1	0	41	-1	0	-1	0	-1	0	-1
c11351	45	0	-1	0	0	0	-1	-1	0	29	-1	0	0	-1	0	0	22	0	0	-1	0	-1	41	-1	0	-1	0	-1	-1	0
c11378	31	-1	-1	0	45	31	-1	0	0	33	0	-1	33	-1	0	0	50	50	0	-1	0	24	-1	0	0	-1	0	-1	0	41
c11382	31	0	0	0	45	31	-1	33	0	19	-1	-1	-1	0	0	-1	50	-1	0	0	8	-1	23	-1	33	-1	-1	0	0	0
c11395	42	0	0	22	-1	0	-1	41	-1	0	0	33	0	21	50	0	-1	-1	0	-1	0	47	0	25	-1	-1	14	0	5	0
c11396	0	-1	-1	45	0	-1	0	33	-1	0	-1	33	0	42	50	5	-1	33	-1	41	-1	47	33	9	38	-1	-1	30	5	-1
c11406	0	0	-1	0	0	0	-1	0	0	-1	0	22	22	-1	8	0	0	-1	42	46	0	0	0	0	0	-1	0	-1	-1	0
c11417	44	0	42	36	0	31	-1	0	0	13	-1	0	3	-1	6	-1	-1	0	10	-1	23	0	0	0	0	-1	-1	0	26	0
c11427	45	0	0	0	-1	33	-1	-1	-1	29	2	0	0	30	0	0	-1	-1	0	0	0	-1	33	-1	0	-1	47	-1	36	-1
c11473	0	32	-1	0	15	0	-1	0	-1	0	0	0	0	-1	-1	33	8	0	0	45	6	48	0	0	0	-1	44	0	0	0
c11488	15	-1	0	0	36	31	-1	0	17	31	37	36	-1	0	0	-1	0	0	-1	0	0	0	0	-1	0	-1	41	13	0	-1
c11490	45	0	8	0	0	41	-1	-1	0	29	43	0	0	30	43	-1	22	0	0	13	33	33	-1	-1	0	-1	0	-1	42	-1
c11519	0	0	0	-1	0	31	-1	0	-1	41	0	8	3	0	0	-1	0	-1	0	0	23	0	0	-1	0	-1	0	0	0	0
c11532	0	0	0	-1	0	-1	0	0	0	0	0	-1	30	2	41	33	-1	-1	0	45	6	10	0	-1	9	-1	33	0	-1	0
c11556	0	-1	-1	46	0	0	-1	0	0	-1	0	0	22	-1	0	0	-1	0	0	-1	41	0	0	41	0	-1	34	0	5	0
c11570	31	0	-1	5	45	-1	-1	30	-1	19	0	41	33	0	0	-1	50	-1	0	-1	0	0	11	0	0	-1	0	0	45	-1
c11582	42	0	44	22	17	0	0	0	38	0	0	33	0	0	50	-1	-1	0	10	-1	-1	47	0	14	8	-1	0	31	5	0
c11594	45	0	44	33	0	-1	-1	-1	0	-1	0	0	0	30	0	42	22	-1	50	0	0	0	0	-1	9	-1	0	-1	5	-1
c11612	45	0	-1	0	0	0	-1	22	0	-1	-1	0	0	30	33	-1	22	0	0	-1	0	0	-1	-1	0	-1	-1	-1	31	42
c11613	45	0	-1	-1	0	0	-1	10	0	29	-1	0	0	30	0	0	22	0	0	-1	0	0	0	-1	0	-1	0	-1	31	0
c11621	-1	0	0	0	44	31	-1	0	0	0	11	-1	-1	0	30	0	50	0	5	0	0	33	0	0	0	-1	-1	0	-1	0
c11647	4	0	0	8	0	6	0	0	-1	3	-1	26	22	-1	0	0	0	8	36	46	-1	0	0	30	16	-1	-1	5	5	12
c11658	0	41	0	0	0	-1	-1	-1	0	20	-1	-1	33	-1	32	0	50	22	17	-1	0	30	0	-1	0	-1	0	36	0	36
c11682	0	0	-1	0	0	-1	-1	0	0	41	0	0	3	0	-1	0	0	0	0	0	-1	0	0	-1	0	-1	0	0	0	0
c11716	45	-1	-1	0	29	0	-1	-1	0	-1	-1	0	0	30	0	0	0	0	0	14	-1	0	1	-1	-1	-1	-1	-1	36	41
c11721	-1	0	0	0	0	0	-1	14	0	29	-1	-1	-1	30	0	0	22	0	12	0	30	11	-1	-1	0	-1	35	0	-1	0
c11724	-1	23	-1	42	-1	31	-1	-1	0	-1	-1	-1	33	0	26	0	-1	0	-1	-1	0	24	17	0	-1	-1	0	0	0	0
c11725	31	23	0	42	45	31	-1	0	-1	-1	0	-1	33	0	26	45	50	0	0	19	0	24	17	0	42	-1	0	0	0	0
c11730	45	0	0	6	0	0	-1	-1	0	-1	-1	0	31	30	36	36	-1	-1	0	-1	-1	-1	-1	-1	33	-1	0	-1	0	0
c11743	12	0	0	0	33	31	-1	-1	14	-1	0	0	-1	0	6	0	0	0	0	-1	23	-1	0	-1	0	-1	14	-1	0	13
c11774	-1	-1	-1	-1	-1	-1	0	0	-1	0	-1	33	-1	0	50	0	-1	0	0	-1	0	47	42	25	-1	-1	0	0	5	0
c11778	45	-1	-1	0	0	0	-1	0	0	29	-1	43	0	30	0	0	-1	0	-1	-1	0	0	0	-1	0	-1	0	-1	0	33
c11781	33	0	2	-1	-1	0	0	0	-1	35	8	22	-1	19	-1	0	-1	0	0	0	0	0	0	-1	-1	-1	-1	23	-1	0
c11812	-1	0	-1	-1	0	0	-1	0	0	-1	0	0	0	30	-1	-1	22	-1	0	22	-1	0	0	-1	-1	-1	-1	-1	-1	45
c11814	-1	0	0	-1	0	-1	-1	0	0	29	-1	0	0	-1	0	-1	22	-1	0	0	0	0	0	-1	0	-1	0	-1	0	-1
c11829	45	0	0	0	0	-1	-1	-1	-1	-1	0	-1	0	30	0	0	22	0	-1	-1	0	-1	-1	-1	0	-1	42	0	0	0
c11852	45	0	0	0	0	0	-1	0	0	29	0	0	0	-1	0	-1	22	22	0	36	0	-1	26	-1	0	-1	0	-1	26	-1
c11853	45	0	0	0	0	0	-1	0	0	29	0	-1	0	30	-1	-1	22	22	0	36	0	21	0	-1	-1	-1	-1	-1	26	45
c11892	45	0	0	0	0	0	-1	0	0	29	-1	0	45	30	43	-1	-1	0	0	-1	0	0	-1	-1	-1	-1	26	-1	42	22
c11895	0	21	-1	0	26	11	0	-1	0	0	0	0	-1	45	0	33	8	0	0	-1	-1	0	0	-1	0	-1	30	0	0	-1
c11899	-1	0	0	-1	0	0	-1	12	-1	29	50	8	0	30	0	0	22	0	0	0	50	0	0	-1	0	-1	-1	0	0	0
c11903	45	-1	0	0	0	0	0	42	-1	29	0	14	0	0	0	33	0	0	-1	0	41	-1	11	9	-1	-1	33	0	0	-1
c11922	0	33	0	2	0	0	0	0	-1	3	-1	0	22	-1	0	0	0	0	36	46	0	0	0	0	0	-1	0	0	5	-1
c11951	33	0	2	-1	33	23	0	0	-1	35	8	22	-1	19	-1	0	36	0	15	-1	0	0	0	14	0	-1	0	-1	5	0
c11967	21	0	36	0	0	31	-1	41	0	-1	-1	0	-1	0	6	-1	42	0	-1	30	23	0	0	3	0	-1	14	41	-1	-1
c11968	0	0	-1	0	0	0	-1	-1	22	36	0	0	36	0	-1	-1	14	0	0	0	0	0	11	0	-1	-1	0	0	5	0
c12005	-1	0	8	0	-1	0	-1	0	-1	-1	-1	34	30	30	0	0	22	2	0	-1	-1	0	0	-1	0	-1	0	-1	0	0
c12026	31	0	47	-1	45	-1	-1	0	0	-1	0	30	33	5	0	0	-1	0	0	0	0	0	0	0	42	-1	0	14	-1	6
c12033	-1	0	-1	-1	0	0	-1	42	0	29	0	0	-1	30	0	-1	22	-1	31	0	0	0	0	-1	0	-1	-1	-1	26	45
c12060	45	-1	0	0	0	0	-1	-1	-1	29	0	8	0	0	47	33	-1	0	-1	0	0	-1	11	9	0	-1	0	-1	0	0
c12074	-1	0	0	2	0	-1	-1	14	0	29	0	0	0	30	0	-1	22	22	0	0	0	0	0	-1	0	-1	-1	-1	0	45
c12083	45	0	0	42	5	0	-1	12	22	29	50	-1	0	30	0	-1	22	0	-1	0	-1	0	42	-1	0	-1	-1	-1	0	10
c12090	-1	-1	14	22	0	23	0	31	38	0	-1	33	0	0	50	-1	-1	0	0	41	0	-1	0	0	0	-1	0	-1	5	-1
c12125	15	-1	0	0	36	31	-1	0	-1	31	0	0	-1	33	0	0	0	0	-1	0	0	0	0	37	-1	-1	-1	13	0	0
c12131	0	41	0	0	-1	-1	-1	0	0	0	-1	30	33	-1	32	-1	50	0	0	0	0	30	0	0	0	-1	0	36	0	-1
c12150	21	0	0	0	0	31	-1	33	0	13	0	0	3	-1	-1	-1	-1	0	-1	-1	23	0	0	0	0	-1	14	0	0	0
c12151	21	0	0	0	43	31	-1	33	0	13	0	0	3	41	-1	0	-1	0	-1	30	23	-1	0	0	0	-1	14	0	0	0
c12155	22	0	47	0	-1	0	31	-1	0	0	0	36	-1	0	14	-1	0	-1	0	0	0	36	0	0	14	-1	-1	0	5	14
c12165	-1	-1	33	8	0	31	-1	0	23	13	0	0	3	22	6	-1	-1	0	0	0	23	0	0	0	0	-1	-1	0	30	30
c12171	45	0	48	-1	0	0	-1	0	0	-1	0	0	0	30	31	0	0	47	41	-1	0	0	14	-1	0	-1	-1	0	-1	0
c12172	45	0	0	-1	0	-1	-1	12	0	29	50	8	0	30	0	-1	22	0	45	0	50	0	0	-1	0	-1	0	0	0	0
c12173	-1	0	0	42	0	0	-1	12	-1	29	50	8	0	30	0	0	22	0	-1	-1	50	0	0	-1	0	-1	0	0	0	0
c12192	0	0	-1	0	0	-1	0	37	-1	3	0	0	22	-1	0	-1	0	0	-1	46	-1	-1	0	0	0	-1	0	0	5	0
c12197	21	0	-1	23	23	-1	-1	-1	23	0	0	23	33	0	0	0	50	14	0	0	0	12	33	0	0	-1	-1	0	0	22
c12210	45	-1	0	0	0	0	-1	42	0	29	0	0	-1	30	0	-1	22	22	31	0	0	0	0	-1	0	-1	0	-1	-1	45
c12211	45	0	0	0	0	0	-1	-1	-1	-1	0	0	0	30	0	-1	22	22	31	-1	0	0	0	-1	0	-1	0	-1	26	45
c12224	0	-1	-1	0	0	11	31	0	0	0	-1	0	-1	-1	0	-1	8	-1	0	45	45	0	-1	12	-1	-1	0	-1	35	0
c12229	30	-1	0	0	0	31	-1	-1	41	13	-1	-1	-1	0	-1	-1	0	-1	0	0	23	0	-1	-1	0	-1	-1	0	0	6
c12245	0	14	0	0	0	0	0	0	0	0	0	0	22	-1	0	0	0	14	-1	0	41	0	0	0	-1	-1	43	0	5	0
c12262	0	-1	0	-1	0	31	-1	-1	0	0	0	0	42	-1	-1	0	10	0	-1	0	44	0	-1	-1	0	-1	-1	-1	0	-1
c12319	45	0	0	33	50	-1	-1	0	0	-1	0	0	0	30	-1	42	22	-1	50	0	0	-1	0	-1	-1	-1	0	-1	-1	-1
c12332	31	0	-1	0	45	31	-1	0	-1	-1	-1	8	-1	0	0	39	50	0	0	19	0	24	20	0	45	-1	-1	-1	0	0
c12348	0	-1	30	23	0	-1	-1	-1	0	0	8	26	33	0	-1	31	50	0	-1	0	22	0	0	0	0	-1	-1	0	14	-1
c12360	0	-1	-1	-1	0	0	31	0	22	0	-1	0	-1	-1	33	0	0	8	0	0	0	0	10	0	30	-1	-1	0	5	0
c12382	-1	18	0	0	-1	0	0	0	0	3	0	0	-1	-1	0	0	0	0	36	46	0	0	0	0	-1	-1	0	-1	5	-1
c12416	0	0	0	0	0	30	0	0	-1	25	0	0	-1	8	-1	10	0	0	30	-1	-1	0	47	0	27	-1	0	-1	0	-1
c12424	46	41	8	-1	-1	-1	-1	0	-1	0	0	0	33	12	-1	0	50	-1	45	0	0	30	34	0	0	-1	0	36	0	0
c12446	31	-1	0	-1	45	31	-1	0	0	-1	-1	0	33	-1	14	0	-1	0	14	19	-1	24	0	-1	45	-1	-1	-1	0	0
c12462	45	0	0	0	0	-1	-1	0	0	-1	0	0	0	-1	0	-1	22	-1	0	-1	0	-1	0	-1	0	-1	0	-1	0	45
c12475	15	-1	0	0	36	31	-1	0	-1	0	-1	-1	0	46	0	0	0	0	9	0	0	0	-1	0	0	-1	41	13	0	0
c12480	0	0	0	0	0	31	-1	0	0	41	0	0	3	0	0	0	0	0	0	0	-1	-1	0	-1	0	-1	45	0	-1	-1
c12494	45	0	0	0	0	30	-1	-1	0	29	0	0	0	30	-1	-1	-1	22	0	0	0	0	0	-1	0	-1	0	-1	0	45
c12504	0	0	47	0	23	-1	31	6	0	0	-1	0	32	0	-1	0	0	0	0	0	0	0	-1	-1	31	-1	0	-1	5	-1
c12535	45	-1	16	-1	0	36	0	42	-1	29	-1	0	0	0	33	0	0	0	0	0	0	-1	11	-1	42	-1	0	-1	0	0
c12538	45	0	0	0	0	0	-1	-1	6	29	0	-1	0	-1	-1	0	0	47	41	0	0	0	14	-1	0	-1	0	0	36	0
c12545	-1	0	0	0	-1	12	0	-1	0	0	0	41	0	8	0	33	8	0	0	-1	-1	-1	21	42	0	-1	0	0	-1	0
c12558	0	0	0	-1	-1	31	-1	0	0	41	0	0	3	0	-1	0	0	0	0	0	23	0	0	-1	0	-1	45	0	0	0
c12600	45	0	0	0	-1	41	-1	49	0	29	0	-1	-1	-1	-1	-1	22	22	0	-1	0	0	0	-1	-1	-1	0	-1	0	45
c12627	-1	0	-1	0	-1	33	-1	14	2	29	2	-1	0	30	0	-1	0	-1	0	0	0	0	0	-1	0	-1	-1	0	36	0
c12640	45	0	-1	0	0	26	-1	0	0	29	0	0	-1	30	0	0	22	41	41	-1	46	42	0	-1	-1	-1	-1	-1	36	-1
c12655	-1	0	0	34	0	0	-1	-1	0	0	0	0	-1	-1	0	0	0	-1	-1	46	0	0	0	-1	0	-1	34	0	5	0
c12688	0	0	0	0	0	-1	-1	0	-1	41	-1	0	3	0	-1	0	0	0	-1	-1	23	0	0	36	0	-1	45	0	-1	-1
c12707	21	0	47	35	-1	16	31	-1	0	9	0	-1	0	30	0	0	0	0	0	0	5	0	0	0	0	-1	0	0	5	0
c12713	0	14	0	0	0	31	14	22	0	13	0	0	22	-1	3	0	-1	-1	0	46	0	0	0	0	0	-1	0	0	5	0
c12723	-1	0	42	6	0	33	-1	0	0	29	10	0	31	-1	0	36	22	-1	0	-1	-1	0	0	-1	-1	-1	0	-1	0	0
c12749	0	-1	-1	0	0	31	-1	0	14	0	0	-1	0	0	0	0	12	0	9	0	44	0	0	-1	-1	-1	41	0	6	0
c12751	45	0	0	0	0	26	-1	0	36	29	0	-1	41	30	0	14	-1	0	0	0	0	0	-1	-1	27	-1	0	-1	-1	8
c12815	31	-1	-1	0	-1	31	-1	33	0	33	-1	-1	33	-1	0	-1	50	0	0	19	0	24	0	0	0	-1	0	0	0	41
c12820	0	0	0	-1	0	-1	-1	14	-1	0	0	0	-1	22	0	0	0	-1	0	33	23	0	0	34	0	-1	0	0	0	0
c12821	0	0	0	0	0	-1	-1	-1	0	0	0	0	3	-1	-1	-1	0	-1	0	33	23	0	0	-1	-1	-1	0	0	0	0
c12874	45	-1	-1	0	0	8	-1	0	0	29	0	0	0	30	0	-1	-1	-1	5	-1	30	0	37	-1	0	-1	0	-1	0	45
c12875	45	0	0	0	0	45	-1	0	0	29	0	0	0	30	-1	-1	22	-1	5	0	30	0	37	-1	0	-1	0	-1	-1	45
c12883	0	-1	0	23	-1	-1	-1	-1	0	0	-1	26	33	23	-1	31	-1	-1	-1	0	-1	-1	8	0	0	-1	-1	0	-1	0
c12968	0	0	0	0	-1	0	-1	0	30	25	-1	-1	0	0	0	0	-1	0	0	0	-1	-1	47	47	0	-1	0	0	-1	-1
c13000	-1	0	11	0	-1	31	-1	0	4	41	0	0	3	19	0	0	0	-1	8	-1	23	3	0	36	-1	-1	-1	-1	0	0
c13026	45	32	0	0	0	33	-1	0	2	29	2	0	0	-1	0	0	-1	-1	0	0	0	0	-1	-1	0	-1	47	11	36	0
c13053	45	0	0	-1	0	-1	-1	0	-1	29	0	0	0	30	0	42	-1	39	50	0	0	-1	0	-1	0	-1	-1	-1	5	0
c13057	45	0	0	0	-1	0	-1	-1	0	29	0	-1	0	30	0	0	0	0	-1	0	-1	0	-1	-1	0	-1	0	-1	36	0
c13104	0	-1	0	-1	42	31	-1	0	23	0	0	14	33	0	0	0	50	0	0	0	0	0	0	42	0	-1	-1	0	0	0
c13151	45	3	11	-1	0	-1	-1	0	0	29	0	0	0	30	0	-1	22	22	0	0	-1	0	-1	-1	0	-1	0	-1	0	45
c13169	-1	0	0	0	0	0	-1	14	0	-1	0	8	0	30	0	-1	-1	0	-1	22	30	11	-1	-1	0	-1	35	0	0	-1
c13194	0	0	0	0	0	0	0	-1	0	0	-1	0	-1	-1	-1	0	0	0	14	46	0	0	0	-1	0	-1	34	0	-1	0
c13222	0	14	0	0	0	0	0	0	0	0	0	0	22	-1	-1	0	23	12	0	46	41	0	0	0	0	-1	0	0	5	0
c13276	0	0	-1	0	0	26	0	0	0	0	-1	-1	22	-1	-1	0	0	14	-1	-1	0	0	-1	36	41	-1	41	1	5	0
c13287	0	34	47	0	-1	0	31	-1	22	0	41	-1	0	0	0	0	0	0	23	37	0	0	42	0	30	-1	0	0	5	0
c13288	45	-1	0	33	0	-1	-1	0	0	29	0	33	0	30	0	42	22	-1	50	0	0	-1	0	-1	0	-1	8	-1	5	-1
c13317	45	0	-1	8	0	42	-1	0	0	-1	0	0	0	30	0	0	22	0	0	-1	0	0	0	-1	0	-1	-1	-1	-1	-1
c13325	15	-1	45	-1	36	-1	-1	0	17	-1	0	-1	36	46	-1	0	-1	13	-1	0	0	0	-1	0	-1	-1	41	-1	0	0
c13333	-1	0	0	0	0	0	-1	0	-1	29	-1	0	0	30	0	0	0	0	0	0	-1	-1	-1	-1	0	-1	-1	0	36	0
c13350	-1	0	47	-1	-1	0	31	-1	0	0	0	0	-1	2	0	0	0	0	0	-1	-1	0	0	0	0	-1	0	0	5	0
c13368	47	0	0	0	0	31	-1	-1	0	0	11	0	33	-1	0	0	50	22	5	0	0	0	0	0	0	-1	-1	0	-1	0
c13372	45	-1	-1	0	26	0	-1	-1	48	29	9	0	0	30	0	-1	22	0	-1	22	0	36	0	-1	0	-1	-1	-1	0	45
c13378	0	0	-1	0	0	47	35	-1	0	-1	0	0	22	0	31	-1	-1	0	8	0	0	35	8	0	0	-1	0	0	5	38
c13414	0	-1	-1	0	3	31	-1	-1	8	0	0	0	42	0	-1	0	36	-1	-1	0	44	0	0	0	0	-1	41	0	0	0
c13418	-1	0	-1	14	33	0	0	0	-1	35	8	22	22	19	-1	0	36	0	0	0	0	-1	0	14	-1	-1	-1	23	5	0
c13428	0	-1	0	0	-1	0	0	42	0	0	0	0	22	-1	10	0	46	-1	0	-1	0	0	-1	0	0	-1	0	-1	5	0
c13430	42	11	0	-1	0	-1	0	0	38	0	0	33	0	0	50	8	-1	0	0	41	-1	47	-1	30	0	-1	-1	0	5	25
c13432	0	0	36	0	-1	31	-1	0	-1	17	0	0	33	12	32	8	50	0	0	0	0	5	0	29	0	-1	0	36	-1	12
c13436	45	0	-1	0	0	0	-1	-1	33	29	-1	0	0	30	0	-1	-1	-1	0	-1	0	23	0	-1	0	-1	-1	-1	-1	0
c13437	45	0	0	-1	0	0	-1	0	33	29	-1	11	0	30	0	0	22	-1	0	-1	0	23	0	-1	-1	-1	-1	-1	0	0
c13450	0	-1	-1	5	0	31	-1	-1	14	23	0	-1	0	0	0	0	0	36	9	0	44	0	0	0	0	-1	41	36	0	0
c13460	0	-1	0	0	0	-1	0	-1	0	41	0	0	22	-1	-1	31	23	0	0	-1	0	0	0	0	-1	-1	0	8	5	0
c13461	0	14	0	0	0	0	0	-1	-1	41	0	-1	-1	-1	0	31	23	0	0	46	-1	-1	0	0	0	-1	0	8	5	0
c13472	13	0	0	30	-1	0	-1	-1	0	-1	-1	0	22	-1	-1	0	0	23	-1	46	-1	0	0	0	0	-1	34	0	5	0
c13486	0	-1	-1	0	0	31	-1	-1	14	0	0	0	0	0	0	0	12	0	9	0	44	0	-1	0	0	-1	41	0	0	-1
c13487	0	-1	-1	0	0	31	-1	0	14	0	0	0	0	30	0	0	12	0	9	0	44	0	0	0	0	-1	41	0	0	0
c13503	45	36	0	-1	-1	-1	-1	0	0	29	-1	0	41	30	0	0	0	47	0	-1	0	-1	0	-1	0	-1	-1	-1	36	0
c13530	0	-1	-1	0	-1	0	-1	0	-1	5	-1	14	-1	-1	50	-1	5	0	0	33	-1	-1	23	42	-1	-1	-1	0	-1	0
c13540	0	-1	0	1	0	-1	-1	0	50	10	-1	0	42	0	-1	0	0	0	9	35	44	19	12	0	0	-1	41	0	0	0
c13547	31	0	-1	31	-1	31	-1	0	0	-1	-1	36	33	-1	0	8	-1	0	43	0	0	0	0	0	-1	-1	0	-1	0	-1
c13553	0	-1	8	45	0	31	-1	0	0	0	0	0	-1	12	-1	0	-1	-1	45	0	0	30	-1	-1	0	-1	0	36	0	36
c13557	8	0	0	0	0	31	-1	-1	0	0	0	0	-1	12	-1	0	50	0	-1	0	0	41	0	0	0	-1	0	36	0	0
c13624	42	0	-1	22	0	0	8	0	38	0	38	33	2	0	50	0	-1	0	0	9	0	47	-1	0	0	-1	0	0	-1	0
c13629	-1	41	-1	45	0	31	-1	0	-1	-1	0	0	-1	12	32	0	-1	-1	45	23	0	30	34	0	-1	-1	0	36	0	-1
c13650	42	0	48	22	0	0	0	0	38	33	0	-1	2	42	50	0	-1	0	0	9	-1	47	22	0	0	-1	16	22	5	0
c13665	0	0	0	0	0	-1	-1	-1	-1	42	-1	33	0	42	50	0	-1	0	0	0	0	47	47	9	0	-1	-1	0	5	0
c13681	-1	-1	0	0	0	31	-1	-1	8	0	0	0	42	0	-1	0	36	0	-1	0	-1	0	0	0	0	-1	41	0	0	0
c13715	-1	0	0	23	32	31	-1	0	0	0	-1	26	33	42	-1	31	-1	0	-1	0	-1	0	-1	0	0	-1	-1	-1	0	0
c13732	0	-1	-1	0	0	31	-1	-1	0	0	50	0	42	0	-1	0	0	45	-1	0	44	0	5	0	0	-1	41	-1	0	0
c13742	0	14	0	35	0	-1	-1	0	-1	37	0	0	22	-1	0	-1	-1	0	0	46	0	-1	-1	0	-1	-1	0	0	5	30
c13743	-1	14	0	-1	-1	0	0	14	-1	37	-1	0	22	-1	0	0	-1	0	36	-1	0	0	-1	0	-1	-1	0	0	5	-1
c13753	45	0	0	0	0	0	-1	0	0	-1	0	22	-1	30	-1	0	0	47	-1	0	0	0	14	-1	0	-1	0	0	36	0
c13765	-1	0	-1	41	-1	31	-1	0	0	0	0	-1	33	0	32	0	50	-1	0	-1	-1	-1	33	-1	34	-1	-1	-1	0	44
c13769	45	-1	0	0	0	6	46	42	-1	29	0	0	0	-1	0	33	-1	0	-1	0	0	0	11	9	0	-1	0	0	-1	0
c13792	-1	-1	0	0	0	31	-1	0	-1	0	0	-1	33	12	32	-1	50	0	45	33	0	30	0	0	0	-1	31	36	0	0
c13793	0	41	0	0	0	31	-1	0	0	0	0	0	33	12	32	0	50	0	45	33	0	30	0	-1	0	-1	31	36	-1	0
c13803	19	0	47	0	0	-1	31	-1	22	31	0	-1	0	0	0	-1	0	-1	0	0	-1	-1	32	0	30	-1	41	-1	5	-1
c13810	0	22	-1	-1	-1	0	6	34	30	25	-1	0	0	17	0	0	0	0	0	0	0	-1	47	45	-1	-1	0	-1	-1	-1
c13814	0	0	44	0	-1	0	0	0	0	3	0	0	22	-1	0	0	-1	38	-1	46	-1	35	0	0	0	-1	0	0	5	-1
c13821	45	0	-1	0	0	0	-1	0	-1	29	9	0	0	-1	0	-1	22	36	-1	0	-1	36	0	-1	-1	-1	-1	-1	3	45
c13825	-1	0	0	0	45	31	-1	0	0	0	0	-1	33	-1	0	-1	50	0	0	0	23	0	0	0	0	-1	0	-1	0	45
c13844	31	0	0	35	45	31	-1	0	0	8	-1	0	33	0	0	9	50	0	0	0	0	0	46	0	26	-1	5	-1	0	0
c13874	0	0	47	0	0	0	31	0	22	-1	0	-1	0	0	0	0	0	-1	-1	0	0	0	32	36	30	-1	41	0	5	0
c13878	0	0	0	14	8	0	0	0	-1	25	41	0	-1	0	0	0	0	21	0	0	0	0	47	0	0	-1	0	0	20	-1
c13884	42	0	0	22	0	0	-1	41	38	0	0	33	0	21	50	0	-1	-1	0	-1	0	47	0	25	0	-1	0	-1	5	0
c13889	-1	-1	11	0	0	0	42	42	-1	-1	0	0	34	0	42	-1	0	0	-1	-1	0	0	11	9	0	-1	0	37	0	31
c13930	0	34	47	-1	0	-1	31	2	22	0	0	-1	0	0	0	-1	0	-1	0	0	0	8	0	50	30	-1	-1	10	5	22
c13933	22	0	47	0	-1	31	31	-1	41	0	31	-1	0	0	14	-1	0	0	-1	0	0	-1	0	-1	14	-1	35	0	5	0
c13934	12	14	-1	13	0	0	-1	33	0	0	0	0	22	-1	0	0	23	0	0	46	0	0	0	0	0	-1	0	8	5	-1
c13938	44	0	0	0	0	31	-1	0	0	13	-1	0	3	-1	-1	-1	0	-1	10	0	23	0	0	0	0	-1	-1	0	0	0
c13960	0	14	0	35	0	0	9	-1	41	0	0	-1	22	-1	0	0	-1	0	-1	46	0	-1	0	0	-1	-1	0	-1	5	30
c13961	0	14	-1	35	-1	0	9	0	41	0	0	0	-1	-1	0	0	-1	0	2	46	0	22	-1	-1	-1	-1	0	0	5	30
c13971	-1	0	0	0	-1	-1	-1	0	48	29	9	-1	0	-1	0	-1	22	0	-1	0	0	36	0	-1	-1	-1	22	-1	0	45
c13990	-1	0	-1	6	0	0	-1	0	0	29	10	0	-1	30	0	36	-1	-1	0	-1	-1	0	0	-1	-1	-1	0	-1	0	0
c14025	21	0	0	23	23	-1	-1	0	23	0	0	23	33	0	0	0	50	14	0	0	0	-1	33	0	0	-1	0	0	0	22
c14030	-1	-1	-1	-1	0	-1	-1	14	0	29	37	8	0	30	0	0	22	-1	0	0	0	11	-1	-1	41	-1	42	0	0	0
c14053	31	0	32	0	45	31	-1	-1	-1	0	45	0	33	0	0	-1	50	0	0	-1	-1	0	0	0	0	-1	0	-1	0	0
c14059	45	8	0	0	0	0	-1	0	2	29	21	5	0	30	0	0	0	-1	0	-1	0	0	23	-1	-1	-1	0	0	36	0
c14078	45	0	-1	33	0	0	-1	-1	0	29	0	0	0	30	0	42	-1	39	50	8	-1	0	0	-1	-1	-1	14	-1	5	0
c14088	0	-1	0	12	0	31	-1	0	0	-1	0	22	33	0	36	0	-1	0	0	0	0	0	0	33	0	-1	41	-1	0	3
c14089	0	0	-1	12	0	31	-1	0	0	0	-1	22	33	0	36	0	-1	0	0	0	0	0	0	-1	0	-1	41	14	0	3
c14097	-1	0	0	2	0	10	-1	14	0	29	0	0	-1	30	0	-1	-1	22	0	0	0	0	0	-1	-1	-1	21	-1	-1	45
c14107	0	-1	47	0	0	0	31	0	0	0	33	0	0	0	0	0	0	-1	0	-1	0	-1	-1	0	41	-1	0	-1	5	0
c14112	-1	-1	0	0	42	31	-1	0	0	0	0	0	33	12	32	2	-1	10	31	0	0	30	14	3	0	-1	45	-1	0	-1
c14114	0	34	47	0	-1	0	31	0	22	0	0	-1	-1	0	-1	0	0	0	0	0	0	8	0	0	30	-1	0	0	5	0
c14136	-1	0	0	6	0	41	-1	-1	-1	29	-1	0	31	-1	0	-1	22	23	0	-1	0	-1	0	-1	33	-1	0	-1	-1	-1
c14142	0	0	0	0	0	31	-1	0	-1	41	26	0	3	0	-1	0	0	0	0	45	23	0	0	36	0	-1	0	0	-1	0
c14143	0	0	0	0	-1	31	-1	0	0	41	26	0	-1	0	0	0	0	0	0	45	23	0	0	36	0	-1	0	0	0	0
c14146	-1	0	0	0	-1	-1	-1	0	0	29	0	0	0	-1	0	-1	22	22	6	22	-1	-1	-1	-1	0	-1	-1	-1	26	45
c14147	45	0	0	-1	0	0	-1	0	0	29	0	0	0	-1	0	-1	22	22	0	22	-1	0	0	-1	0	-1	0	-1	26	45
c14149	-1	41	47	0	0	31	-1	0	0	-1	0	0	33	12	-1	0	50	0	45	33	0	30	0	0	0	-1	31	-1	0	0
c14177	0	0	0	-1	0	31	-1	0	-1	13	-1	0	3	0	-1	0	-1	0	5	0	23	-1	0	10	0	-1	14	0	0	6
c14192	0	0	0	0	-1	0	0	0	30	25	0	0	-1	0	0	-1	46	-1	0	-1	-1	21	47	0	0	-1	41	0	0	-1
c14207	0	-1	0	0	-1	36	-1	0	0	0	0	0	22	-1	-1	0	0	39	42	46	-1	0	0	-1	0	-1	0	0	5	-1
c14215	0	0	0	0	0	31	-1	-1	-1	41	0	13	-1	0	0	0	0	0	-1	0	-1	0	0	36	-1	-1	-1	0	0	0
c14278	0	44	0	0	0	0	0	-1	-1	25	0	-1	0	0	-1	-1	0	0	0	0	3	-1	47	47	0	-1	-1	-1	0	-1
c14279	-1	-1	0	0	-1	0	0	0	30	25	0	26	0	0	-1	-1	-1	0	0	0	0	-1	47	47	0	-1	0	0	0	-1
c14298	45	0	-1	9	0	0	-1	-1	0	-1	-1	0	-1	30	-1	0	0	33	-1	0	-1	0	-1	-1	0	-1	-1	0	36	0
c14317	-1	0	-1	-1	0	-1	-1	0	0	29	0	-1	0	30	0	-1	-1	22	0	0	-1	0	17	-1	0	-1	0	-1	-1	45
c14320	0	0	0	0	36	31	-1	14	-1	0	0	0	-1	-1	0	41	-1	-1	0	33	23	0	-1	34	0	-1	0	0	0	33
c14321	0	0	0	0	36	31	-1	14	0	0	0	0	3	0	-1	41	0	0	0	33	-1	0	0	34	0	-1	-1	0	0	0
c14367	45	0	8	0	0	41	-1	0	-1	29	43	0	0	30	43	-1	22	0	0	13	33	-1	0	-1	0	-1	0	-1	42	-1
c14389	0	0	0	0	0	31	-1	-1	41	13	-1	-1	3	0	6	0	30	-1	0	-1	-1	-1	0	0	-1	-1	14	-1	-1	6
c14399	-1	0	0	0	0	0	0	0	0	0	-1	0	22	-1	0	0	0	-1	0	46	0	-1	0	8	0	-1	34	0	-1	0
c14412	45	0	-1	0	0	-1	-1	0	0	-1	-1	0	0	30	0	-1	22	0	24	-1	0	0	-1	-1	0	-1	0	-1	36	-1
c14413	45	0	0	0	0	-1	-1	-1	-1	29	-1	-1	0	30	0	0	22	0	24	-1	0	0	0	-1	-1	-1	0	-1	36	0
c14424	8	0	0	46	0	0	0	-1	0	-1	-1	0	22	-1	0	0	-1	0	0	-1	12	0	0	0	0	-1	34	0	5	19
c14425	-1	0	0	46	-1	0	0	0	0	-1	0	-1	22	-1	-1	0	0	0	0	-1	12	0	0	-1	0	-1	34	0	5	19
c14436	-1	0	0	0	0	0	-1	0	48	-1	0	0	0	-1	22	-1	22	0	-1	-1	0	-1	0	-1	0	-1	0	-1	0	45
c14466	45	33	0	0	0	0	-1	0	48	29	-1	0	0	30	0	-1	22	-1	-1	0	-1	36	-1	-1	8	-1	0	-1	45	45
c14476	15	-1	0	-1	36	31	-1	0	-1	0	30	0	0	-1	0	0	15	0	9	-1	0	0	0	33	0	-1	41	-1	33	-1
c14485	0	-1	0	0	0	0	0	-1	0	0	0	0	22	-1	45	-1	0	0	0	46	-1	0	-1	8	-1	-1	34	0	5	0
c14496	-1	0	30	0	0	0	-1	0	0	29	0	8	0	30	-1	0	22	8	0	0	0	0	-1	-1	12	-1	0	0	0	0
c14528	0	21	8	0	-1	11	31	0	0	0	0	-1	-1	0	0	33	8	0	-1	45	0	0	-1	12	32	-1	0	0	0	0
c14532	-1	32	0	0	-1	-1	0	-1	0	0	-1	0	22	-1	0	0	0	14	0	37	0	0	0	0	-1	-1	-1	-1	5	-1
c14537	0	-1	47	0	0	0	-1	0	22	47	0	0	0	6	0	-1	0	0	8	-1	-1	0	0	0	30	-1	-1	0	-1	-1
c14546	-1	0	0	0	-1	0	-1	0	0	0	0	3	-1	-1	8	-1	0	12	0	46	0	0	0	0	-1	-1	34	0	5	0
c14547	-1	0	0	8	-1	0	0	0	0	0	0	-1	22	-1	-1	0	0	12	0	46	0	0	0	0	0	-1	-1	0	5	0
c14548	0	6	47	0	0	0	31	-1	0	42	0	0	22	0	-1	6	-1	0	-1	0	0	0	0	0	0	-1	-1	-1	5	0
c14549	0	6	47	0	0	0	31	-1	0	42	0	0	-1	0	0	6	-1	0	23	0	0	0	-1	0	-1	-1	0	-1	5	0
c14554	45	0	41	33	0	0	-1	0	-1	29	0	0	0	30	0	-1	22	22	-1	0	-1	0	0	-1	0	-1	0	-1	-1	-1
c14555	45	0	0	33	0	0	-1	-1	0	29	0	-1	-1	30	0	-1	-1	22	-1	-1	0	-1	0	-1	0	-1	0	-1	0	45
c14561	45	0	0	0	0	-1	-1	0	0	29	0	-1	-1	-1	-1	-1	22	-1	-1	0	0	0	41	-1	0	-1	0	-1	0	45
c14566	0	0	0	0	-1	31	-1	0	0	-1	0	0	3	0	0	0	0	0	0	-1	-1	0	0	36	0	-1	-1	0	0	0
c14572	45	36	-1	0	32	0	-1	0	-1	-1	0	0	-1	30	0	0	0	-1	0	0	0	35	-1	-1	0	-1	2	0	36	0
c14592	0	-1	0	-1	-1	0	0	42	30	-1	45	0	-1	-1	0	0	-1	14	0	-1	-1	-1	26	-1	0	-1	41	0	-1	-1
c14613	45	33	36	0	0	-1	-1	-1	48	29	-1	0	45	-1	-1	-1	22	0	-1	0	0	36	-1	-1	0	-1	0	-1	-1	45
c14617	45	0	0	-1	0	-1	-1	-1	31	29	0	8	0	30	0	0	22	0	-1	0	0	-1	0	-1	-1	-1	-1	0	0	0
c14618	45	0	44	-1	0	0	-1	-1	0	29	0	-1	-1	30	0	42	22	0	50	0	0	0	0	-1	-1	-1	0	-1	5	-1
c14663	45	-1	26	47	-1	0	-1	0	41	29	-1	0	-1	30	0	0	0	41	41	0	0	42	37	-1	0	-1	-1	-1	-1	-1
c14666	45	-1	0	0	0	0	0	42	-1	-1	-1	0	-1	0	-1	0	0	0	0	0	-1	0	11	9	-1	-1	0	-1	0	0
c14667	45	-1	0	-1	0	0	0	42	-1	-1	0	0	0	0	0	0	0	0	-1	-1	0	0	11	9	0	-1	0	12	0	0
c14682	45	-1	-1	0	0	-1	-1	-1	-1	29	-1	0	0	30	0	-1	22	22	-1	0	-1	0	-1	-1	0	-1	0	-1	26	45
c14687	-1	0	47	0	0	0	31	0	-1	0	0	8	-1	0	4	-1	-1	0	0	36	0	-1	-1	-1	-1	-1	0	0	-1	0
c14718	45	0	0	0	-1	0	-1	0	48	29	9	0	0	30	41	-1	22	0	-1	0	0	-1	0	-1	0	-1	30	-1	0	45
c14751	42	-1	0	22	0	0	0	0	38	0	47	-1	37	-1	50	-1	-1	-1	0	-1	-1	47	0	0	0	-1	0	0	5	0
c14761	-1	14	-1	0	0	31	14	22	0	13	0	0	22	-1	3	0	23	0	0	46	0	0	0	0	0	-1	0	0	5	0
c14768	0	0	0	0	0	0	0	-1	-1	25	0	0	0	0	0	10	46	0	0	0	0	0	47	42	0	-1	0	0	-1	-1
c14817	0	41	0	0	42	31	-1	11	-1	33	0	32	33	-1	32	39	50	0	-1	0	0	30	0	5	0	-1	0	-1	0	31
c14831	0	34	47	-1	0	-1	31	2	22	0	0	-1	0	0	0	14	0	0	0	-1	0	8	0	50	30	-1	22	0	5	22
c14835	-1	-1	0	14	0	0	0	42	-1	-1	0	0	0	0	-1	0	-1	0	0	41	22	0	11	9	41	-1	-1	0	0	0
c14860	34	11	-1	-1	35	31	-1	0	0	-1	45	0	33	14	39	44	50	0	-1	0	-1	0	-1	-1	0	-1	-1	-1	33	-1
c14873	-1	41	17	-1	0	-1	-1	0	0	8	-1	0	-1	-1	32	-1	50	0	0	8	0	30	0	-1	0	-1	0	36	0	0
c14884	0	-1	0	0	0	0	0	0	30	25	-1	-1	0	0	0	-1	0	0	0	0	0	-1	-1	47	0	-1	0	0	0	-1
c14885	0	0	0	0	0	0	-1	-1	30	25	0	26	0	0	0	0	0	0	0	0	0	-1	47	47	0	-1	0	0	0	-1
c14888	33	0	2	-1	33	0	0	0	-1	-1	8	22	22	19	-1	-1	-1	0	0	-1	0	0	0	14	0	-1	0	23	5	0
c14890	-1	0	0	0	0	-1	-1	0	0	29	0	0	0	30	0	-1	22	22	-1	0	0	0	37	-1	0	-1	0	-1	-1	45
c14891	-1	0	0	42	0	0	-1	0	0	-1	0	0	0	-1	0	-1	22	22	-1	0	0	0	37	-1	-1	-1	0	-1	47	45
c14912	21	1	47	0	-1	0	31	-1	-1	0	-1	0	0	0	35	0	0	0	22	-1	0	37	0	0	0	-1	-1	-1	5	0
c14924	0	0	0	0	0	47	35	0	0	-1	0	0	22	0	31	0	0	0	8	0	0	35	8	-1	0	-1	0	37	5	38
c14935	0	-1	-1	5	0	31	-1	0	14	-1	0	0	0	0	0	0	0	-1	9	0	-1	0	-1	-1	0	-1	-1	36	-1	0
c14939	0	0	0	12	0	0	0	0	0	-1	0	3	22	-1	0	0	0	39	-1	-1	0	0	42	0	0	-1	-1	-1	5	0
c14945	0	14	0	35	0	0	0	0	0	0	0	0	22	-1	0	41	-1	0	0	46	0	-1	0	-1	-1	-1	0	0	5	30
c14946	-1	23	47	42	45	31	-1	0	0	-1	0	0	33	-1	26	0	50	0	0	19	0	24	41	0	42	-1	0	-1	0	0
c14949	45	0	0	-1	26	0	-1	0	0	29	-1	8	-1	30	0	-1	22	0	0	0	0	0	-1	-1	47	-1	0	-1	36	0
c14972	15	-1	0	38	36	31	-1	0	17	0	33	0	0	-1	0	0	-1	-1	9	0	0	0	0	48	0	-1	41	13	-1	0
c14973	15	-1	0	-1	-1	31	-1	0	17	-1	-1	0	-1	-1	0	33	0	0	9	0	0	0	0	48	0	-1	41	13	33	0
c15025	45	0	0	7	0	0	-1	-1	0	29	-1	-1	0	30	0	-1	22	22	31	0	0	0	-1	-1	0	-1	0	-1	26	45
c15036	0	6	-1	0	0	35	31	-1	0	14	0	-1	0	0	0	0	0	0	0	0	-1	-1	0	-1	0	-1	9	-1	-1	0
c15049	41	-1	0	1	-1	31	-1	0	0	0	0	0	42	0	-1	0	0	0	-1	-1	-1	-1	39	-1	0	-1	41	0	0	0
c15050	0	14	0	35	-1	-1	-1	0	0	0	0	0	22	-1	-1	0	-1	0	0	46	0	0	-1	0	-1	-1	0	0	5	30
c15055	0	-1	-1	0	36	31	-1	0	17	0	-1	-1	0	0	0	0	-1	0	9	0	0	0	12	0	0	-1	41	13	0	34
c15078	45	0	-1	0	0	0	-1	5	33	29	-1	0	0	-1	36	0	22	0	-1	-1	0	23	-1	-1	0	-1	0	-1	41	-1
c15085	-1	0	23	8	0	31	-1	0	23	13	0	0	3	0	6	-1	0	0	41	0	23	-1	14	30	0	-1	8	0	-1	14
c15086	33	2	2	14	33	-1	0	0	-1	-1	8	22	-1	-1	-1	0	36	0	0	47	0	0	42	14	0	-1	-1	23	-1	2
c15087	33	2	2	14	33	0	-1	0	-1	-1	8	22	22	19	-1	0	-1	0	0	-1	-1	0	-1	14	-1	-1	-1	23	5	2
c15093	30	21	0	0	0	11	31	0	0	-1	0	-1	-1	0	-1	33	-1	-1	0	45	0	0	-1	12	32	-1	-1	-1	0	0
c15094	45	-1	0	6	-1	0	-1	0	0	29	0	0	31	30	-1	36	-1	23	0	-1	0	-1	-1	-1	33	-1	0	-1	0	0
c15098	-1	0	-1	2	0	0	0	-1	-1	14	0	0	0	0	14	33	-1	0	-1	45	-1	-1	0	0	0	-1	32	0	0	-1
c15118	0	14	0	0	49	31	-1	-1	0	-1	11	0	33	-1	32	0	50	0	0	41	11	0	0	0	-1	-1	0	36	-1	-1
c15120	45	-1	0	0	0	0	0	42	-1	29	-1	0	0	0	-1	0	31	0	0	14	0	0	-1	9	0	-1	0	0	0	0
c15121	45	-1	-1	0	0	0	0	42	-1	29	-1	0	0	0	-1	0	31	-1	0	14	0	0	11	9	0	-1	0	0	0	0
c15126	0	0	0	0	0	-1	0	-1	0	3	-1	0	22	-1	0	0	0	0	36	46	0	0	0	0	-1	-1	0	-1	5	0
c15143	0	21	-1	0	0	11	-1	42	5	0	-1	0	-1	0	0	-1	8	0	13	-1	-1	0	0	12	-1	-1	0	12	0	0
c15147	-1	14	-1	-1	0	44	0	0	0	-1	0	0	22	-1	37	0	23	-1	0	46	0	0	-1	0	0	-1	0	-1	5	0
c15157	-1	-1	0	0	0	-1	0	0	0	-1	-1	0	22	-1	0	0	-1	14	0	37	0	0	0	0	35	-1	14	45	5	0
c15165	0	0	0	0	0	31	-1	0	0	41	0	0	3	0	-1	0	-1	-1	-1	0	23	0	0	36	0	-1	45	0	-1	0
c15168	-1	11	0	0	0	0	-1	0	0	29	-1	0	32	30	-1	0	22	0	0	-1	46	0	-1	-1	0	-1	-1	-1	0	47
c15180	0	36	0	-1	-1	0	-1	0	0	-1	41	0	-1	33	-1	33	-1	0	0	45	36	0	-1	0	0	-1	0	0	0	0
c15196	45	0	0	-1	0	0	-1	0	33	29	-1	43	0	30	0	-1	22	0	-1	-1	0	0	0	-1	0	-1	0	-1	0	33
c15197	45	0	0	0	-1	0	-1	-1	-1	-1	-1	43	0	30	-1	0	22	0	-1	-1	44	0	0	-1	-1	-1	0	-1	-1	33
c15203	-1	0	23	8	13	31	-1	0	23	13	0	0	3	0	6	-1	0	0	0	0	23	0	-1	-1	0	-1	0	0	-1	0
c15211	-1	23	-1	24	0	8	0	-1	-1	0	0	0	22	-1	0	0	0	14	0	0	0	45	0	0	0	-1	0	0	5	-1
c15215	45	0	-1	0	38	42	-1	33	-1	29	-1	-1	0	-1	0	-1	22	0	0	-1	0	23	0	-1	0	-1	-1	-1	0	0
c15249	0	0	0	0	0	-1	-1	0	0	41	0	0	3	0	0	0	0	0	-1	0	23	0	-1	36	-1	-1	0	0	-1	7
c15253	-1	0	-1	-1	0	33	-1	0	-1	29	2	0	0	30	0	21	0	0	0	-1	-1	-1	0	-1	0	-1	47	-1	36	0
c15261	45	-1	0	-1	-1	6	46	42	-1	-1	0	0	20	0	0	33	0	0	-1	0	0	0	11	9	0	-1	0	0	0	0
c15262	0	0	0	0	0	47	35	0	0	-1	0	0	22	-1	31	0	-1	50	0	0	0	35	8	18	-1	-1	23	-1	-1	38
c15269	45	0	-1	0	0	0	-1	0	48	29	9	0	-1	30	0	-1	22	-1	-1	-1	0	-1	-1	-1	0	-1	-1	-1	0	45
c15298	0	0	-1	30	0	22	-1	0	0	10	0	0	22	-1	0	0	0	-1	0	46	0	0	0	-1	0	-1	34	-1	-1	-1
c15299	-1	0	0	30	0	-1	0	-1	0	-1	0	0	22	-1	0	0	0	23	0	46	0	0	0	0	0	-1	-1	0	5	0
c15311	41	0	47	0	41	0	31	8	22	36	0	0	0	5	0	-1	0	0	8	-1	0	-1	0	0	-1	-1	-1	42	5	0
c15342	44	-1	-1	0	26	31	-1	0	14	-1	-1	0	0	-1	0	-1	-1	0	9	0	44	0	0	26	0	-1	-1	-1	0	0
c15346	8	0	0	0	0	31	-1	-1	0	32	0	0	33	12	32	0	50	0	6	0	-1	41	0	0	-1	-1	41	36	0	0
c15354	0	0	0	0	0	0	0	45	-1	0	0	0	41	0	0	33	8	0	0	45	-1	48	0	-1	0	-1	44	0	23	-1
c15380	0	-1	0	-1	31	30	0	0	-1	-1	-1	2	-1	0	0	10	0	-1	30	0	-1	33	47	0	27	-1	-1	-1	33	-1
c15385	0	0	0	0	36	-1	-1	0	-1	-1	0	-1	22	0	31	0	0	0	0	0	0	-1	8	-1	0	-1	23	0	5	38
c15406	33	0	-1	14	33	0	0	-1	-1	35	-1	-1	22	19	-1	0	36	0	0	47	0	0	42	-1	23	-1	0	23	5	-1
c15409	0	41	0	0	0	31	-1	0	0	0	0	0	33	12	-1	0	50	0	45	-1	47	30	-1	0	0	-1	31	36	0	41
c15429	42	-1	44	-1	0	0	0	0	38	-1	0	33	0	0	50	5	-1	-1	10	0	0	47	0	-1	8	-1	0	-1	5	0
c15446	45	0	0	2	-1	-1	-1	14	0	29	0	37	0	30	0	-1	22	22	0	-1	-1	0	41	-1	-1	-1	0	-1	0	45
c15447	45	-1	0	2	0	10	-1	-1	-1	-1	0	0	0	30	0	-1	22	22	0	-1	0	0	-1	-1	0	-1	0	-1	0	45
c15468	45	0	-1	0	0	0	-1	14	0	29	0	8	0	30	0	0	22	-1	0	0	0	11	-1	-1	30	-1	0	0	0	-1
c15473	45	-1	0	0	-1	0	-1	-1	13	29	0	-1	0	30	0	0	22	0	0	-1	-1	0	-1	-1	-1	-1	0	0	0	0
c15478	31	5	0	-1	-1	31	-1	0	0	33	0	-1	33	0	0	36	50	-1	0	19	0	-1	0	0	-1	-1	0	17	-1	47
c15497	0	0	0	-1	0	31	-1	0	6	-1	0	-1	33	14	45	0	-1	41	0	0	0	0	41	-1	12	-1	0	0	0	0
c15514	45	-1	0	0	26	0	-1	0	0	29	0	8	0	30	0	0	-1	0	36	0	0	0	-1	-1	47	-1	0	-1	-1	0
c15525	14	0	0	0	0	31	-1	0	0	0	0	23	33	8	32	0	50	0	-1	0	17	0	33	0	0	-1	0	0	0	44
c15547	0	0	-1	-1	0	31	-1	0	0	13	0	0	3	-1	6	0	44	-1	0	-1	23	0	12	0	42	-1	14	0	8	-1
c15560	21	0	0	-1	-1	-1	-1	41	0	-1	-1	0	-1	0	-1	0	0	-1	-1	30	23	0	-1	3	0	-1	14	-1	0	0
c15574	45	0	0	-1	-1	-1	-1	-1	2	29	2	0	0	30	0	-1	0	0	0	0	0	15	0	-1	0	-1	47	0	36	0
c15593	-1	0	2	-1	33	0	0	0	-1	35	8	22	22	19	-1	-1	36	0	0	-1	0	0	-1	14	0	-1	0	-1	5	0
c15619	-1	11	0	0	-1	31	-1	0	0	-1	45	42	-1	8	39	44	50	-1	-1	-1	0	0	0	0	-1	-1	0	-1	33	-1
c15636	0	-1	-1	0	0	0	24	33	0	3	0	0	22	-1	0	30	0	0	-1	46	0	0	0	0	-1	-1	0	0	5	0
c15663	-1	0	0	-1	26	-1	-1	0	0	29	-1	8	0	-1	0	0	22	0	0	0	0	0	-1	-1	47	-1	0	0	36	0
c15667	0	0	-1	2	0	0	0	0	0	14	0	43	0	0	0	-1	8	0	0	45	0	33	0	0	0	-1	32	0	22	0
c15675	31	0	35	0	45	31	-1	32	-1	0	0	-1	33	0	0	0	50	0	0	8	0	-1	-1	31	14	-1	-1	-1	0	31
c15677	41	8	0	2	0	0	0	0	0	14	0	0	-1	-1	0	33	8	0	0	45	0	-1	-1	0	2	-1	32	0	0	0
c15699	0	-1	0	0	0	31	-1	-1	0	0	0	0	42	0	-1	0	10	0	-1	0	44	0	-1	0	0	-1	41	0	0	-1
c15711	45	0	0	23	0	0	-1	0	15	29	43	0	0	30	-1	-1	22	0	0	41	0	-1	0	-1	9	-1	-1	-1	42	8
c15714	5	0	-1	0	0	0	31	-1	22	-1	-1	-1	0	-1	0	0	0	0	0	0	0	0	32	0	30	-1	-1	-1	5	-1
c15733	44	-1	-1	8	0	31	-1	0	14	-1	-1	0	0	0	8	0	-1	0	9	0	44	0	0	26	-1	-1	41	-1	0	-1
c15768	-1	0	-1	0	0	-1	30	0	-1	0	0	-1	0	0	50	0	-1	-1	0	-1	0	-1	0	9	-1	-1	-1	0	5	0
c15776	0	0	0	0	33	23	0	0	-1	25	0	0	0	0	0	10	-1	8	34	0	0	0	-1	0	0	-1	0	0	0	-1
c15780	45	0	11	-1	29	0	-1	0	0	29	0	-1	0	30	0	-1	0	-1	0	14	50	-1	1	-1	0	-1	-1	0	36	41
c15782	-1	0	8	0	-1	-1	-1	8	0	29	-1	0	0	30	31	0	22	0	0	-1	-1	0	0	-1	0	-1	0	-1	0	0
c15783	45	0	8	0	-1	0	-1	-1	0	29	-1	0	-1	30	-1	0	22	0	0	-1	-1	0	0	-1	0	-1	0	-1	0	0
c15800	42	0	-1	-1	0	31	31	0	38	0	0	33	8	45	50	13	-1	0	0	0	-1	-1	0	25	-1	-1	0	19	5	0
c15831	0	0	0	0	33	31	-1	0	0	-1	0	0	-1	0	6	0	0	0	0	44	23	-1	0	0	0	-1	14	0	0	13
c15842	31	0	0	0	-1	31	-1	0	0	0	0	0	33	0	0	0	50	0	0	22	0	-1	-1	0	-1	-1	-1	30	0	-1
c15845	-1	0	0	0	45	31	-1	0	0	0	45	0	33	9	0	-1	50	0	0	0	0	0	0	0	0	-1	-1	0	0	0
c15852	45	0	0	0	0	-1	-1	0	0	29	0	-1	0	30	0	-1	-1	22	-1	0	0	-1	0	-1	0	-1	0	-1	0	-1
c15853	45	0	0	0	0	30	-1	-1	0	29	0	0	0	30	0	-1	22	22	-1	0	0	0	0	-1	0	-1	0	-1	0	45
c15854	45	0	-1	0	-1	0	-1	0	48	29	0	0	-1	30	0	-1	22	-1	-1	0	0	36	0	-1	0	-1	45	-1	0	45
c15868	0	0	0	-1	6	-1	0	0	-1	25	0	0	0	0	0	10	36	-1	30	-1	-1	-1	47	0	27	-1	-1	0	-1	-1
c15870	45	0	33	0	-1	0	-1	0	0	29	0	8	0	30	0	10	22	-1	0	0	0	0	-1	-1	-1	-1	33	0	26	0
c15875	-1	2	50	0	0	0	-1	0	0	29	-1	8	0	-1	0	0	22	12	34	-1	26	0	-1	-1	12	-1	23	-1	0	0
c15878	45	0	0	0	0	-1	-1	0	-1	29	0	41	0	30	-1	-1	22	22	0	36	0	0	0	-1	0	-1	0	-1	26	45
c15879	45	0	0	0	0	0	-1	-1	0	29	0	41	0	30	-1	-1	22	22	0	36	0	0	0	-1	-1	-1	0	-1	26	45
c15881	38	17	47	-1	-1	0	-1	-1	22	36	0	0	0	0	0	23	0	33	0	0	-1	0	0	0	30	-1	1	27	5	0
c15889	45	-1	0	0	0	0	0	42	-1	-1	6	0	0	0	0	33	0	0	-1	33	-1	-1	11	9	0	-1	33	0	0	0
c15936	-1	-1	0	0	36	31	-1	0	17	0	0	0	-1	0	0	3	-1	0	9	0	0	-1	-1	-1	33	-1	41	13	0	0
c15939	4	0	0	0	0	6	0	0	0	3	0	-1	22	-1	0	0	0	0	36	46	0	0	0	30	0	-1	11	5	5	0
c15942	45	0	-1	-1	0	-1	-1	0	33	29	-1	43	43	-1	0	0	22	-1	-1	-1	0	0	0	-1	0	-1	0	-1	0	33
c15943	45	0	0	0	0	0	-1	-1	33	29	-1	43	43	30	0	0	22	0	-1	-1	0	0	0	-1	-1	-1	0	-1	0	33
c15944	21	-1	0	0	0	31	-1	33	0	13	0	0	3	0	6	0	42	0	-1	30	23	0	0	0	0	-1	14	-1	0	0
c15945	21	0	0	0	0	-1	-1	33	0	13	0	0	3	0	6	0	42	0	-1	30	-1	0	0	0	0	-1	14	-1	0	36
c15947	-1	-1	0	0	0	0	-1	0	0	0	-1	0	22	-1	0	31	23	0	0	46	0	0	0	0	0	-1	0	8	-1	0
c15966	42	0	0	-1	3	-1	0	0	-1	-1	-1	33	0	0	50	8	-1	0	0	41	0	47	-1	13	-1	-1	44	0	5	9
c16005	-1	-1	0	0	0	0	0	-1	0	3	0	5	22	-1	0	0	0	0	36	46	0	0	0	0	0	-1	-1	0	5	0
c16017	42	-1	0	-1	0	36	36	0	38	0	0	-1	-1	0	50	8	-1	30	0	41	-1	47	-1	0	-1	-1	44	8	5	-1
c16018	42	-1	0	22	0	0	-1	41	38	-1	0	33	-1	21	50	-1	-1	-1	0	0	0	-1	0	25	0	-1	0	0	-1	0
c16031	31	0	0	0	45	31	-1	0	13	33	30	0	33	0	0	0	50	0	0	19	0	24	0	-1	0	-1	0	36	0	0
c16034	0	-1	41	-1	0	0	50	0	30	-1	-1	-1	0	36	0	0	0	-1	0	8	2	-1	47	47	0	-1	0	0	0	-1
c16035	-1	0	41	0	0	0	50	0	30	-1	41	-1	0	36	0	0	0	0	0	0	2	8	47	47	0	-1	0	0	0	-1
c16038	45	0	-1	2	0	10	-1	0	0	29	0	0	0	-1	0	-1	22	22	0	0	-1	0	17	-1	0	-1	-1	-1	-1	45
c16039	45	-1	0	2	0	10	-1	-1	0	29	0	-1	0	30	0	-1	22	22	0	14	-1	0	-1	-1	0	-1	-1	-1	0	45
c16048	0	0	0	0	-1	31	-1	0	0	41	0	0	3	-1	0	-1	-1	0	-1	-1	23	0	0	36	0	-1	45	0	-1	26
c16051	42	-1	0	-1	-1	0	0	0	38	-1	0	33	0	0	-1	8	-1	0	0	41	-1	47	-1	0	0	-1	44	0	-1	0
c16056	45	0	0	0	14	-1	-1	-1	-1	-1	0	0	0	-1	-1	-1	22	22	0	0	0	0	0	-1	-1	-1	-1	-1	0	45
c16057	45	-1	0	0	14	0	-1	0	-1	29	-1	0	0	30	-1	-1	22	22	-1	-1	0	0	0	-1	0	-1	0	-1	0	45
c16060	45	0	8	0	-1	0	-1	0	34	29	-1	-1	44	30	0	0	22	-1	23	-1	-1	0	0	-1	0	-1	-1	-1	0	0
c16080	-1	22	47	14	0	0	-1	46	22	36	0	46	0	0	0	0	17	0	0	-1	0	0	0	0	30	-1	0	0	5	-1
c16096	0	21	0	0	2	-1	0	-1	-1	0	0	0	-1	0	22	33	8	0	0	45	-1	0	0	0	0	-1	0	30	0	0
c16115	21	0	0	0	0	31	-1	-1	0	13	0	0	-1	0	6	-1	0	0	-1	30	-1	8	0	3	0	-1	14	0	0	0
c16134	-1	0	8	0	-1	0	-1	0	-1	-1	-1	34	30	-1	0	0	22	0	0	-1	-1	3	0	-1	-1	-1	-1	-1	0	0
c16135	-1	0	8	0	-1	0	-1	0	0	-1	-1	34	30	30	0	0	22	0	0	-1	-1	3	0	-1	-1	-1	0	-1	0	0
c16145	45	0	0	0	0	0	-1	0	0	29	0	8	-1	30	-1	-1	22	-1	0	-1	0	0	-1	-1	0	-1	33	0	0	0
c16154	0	30	0	0	0	-1	0	41	10	0	0	0	22	-1	0	0	0	14	0	0	0	0	-1	0	-1	-1	0	0	5	0
c16166	4	0	-1	8	0	6	0	22	0	3	0	-1	22	-1	0	0	0	8	36	46	-1	0	-1	30	16	-1	11	5	5	12
c16167	4	0	0	8	0	6	0	22	0	3	0	26	22	-1	-1	0	0	8	36	46	0	0	0	30	-1	-1	11	5	5	-1
c16220	-1	-1	14	22	0	23	0	31	38	0	33	33	0	0	-1	0	-1	-1	0	41	0	-1	17	0	0	-1	0	0	5	0
c16239	-1	0	31	33	0	0	-1	-1	0	29	0	0	-1	-1	0	42	-1	-1	50	-1	0	0	0	-1	0	-1	-1	-1	5	0
c16251	22	14	0	0	0	0	-1	22	0	-1	0	32	22	-1	0	0	-1	-1	0	46	0	0	0	0	0	-1	-1	0	5	0
c16260	0	-1	42	2	42	-1	10	0	0	0	0	46	-1	-1	0	33	8	0	0	-1	-1	33	0	0	33	-1	-1	0	11	10
c16271	23	41	0	0	42	31	-1	0	0	0	0	0	33	12	32	-1	50	0	31	0	0	30	14	-1	14	-1	0	36	12	-1
c16305	21	0	47	0	-1	-1	31	-1	0	5	0	23	0	14	-1	-1	-1	-1	0	23	0	0	0	-1	0	-1	0	0	5	0
c16361	0	0	0	0	-1	22	35	-1	0	-1	-1	0	22	0	0	8	0	0	0	0	0	-1	-1	0	0	-1	0	33	5	-1
c16363	-1	-1	14	22	0	23	-1	31	38	0	33	33	0	34	50	-1	-1	0	0	41	33	-1	0	45	-1	-1	34	0	5	-1
c16371	45	0	0	0	0	-1	-1	0	0	-1	0	0	41	30	-1	0	0	47	41	0	0	0	14	-1	0	-1	9	-1	36	-1
c16375	0	0	-1	-1	13	31	-1	0	23	13	0	-1	3	0	6	-1	-1	-1	0	0	-1	0	0	0	0	-1	0	0	-1	0
c16387	0	-1	-1	0	0	31	-1	0	14	0	0	0	0	0	26	-1	0	42	9	0	-1	0	33	0	0	-1	41	-1	-1	0
c16390	45	-1	11	-1	0	0	-1	42	-1	29	0	0	0	0	5	33	0	0	-1	0	0	0	11	9	0	-1	-1	0	0	0
c16392	31	-1	-1	1	45	31	-1	8	0	33	0	0	33	-1	0	0	50	29	0	19	0	24	23	0	-1	-1	0	0	0	41
c16397	45	0	-1	33	0	0	-1	-1	0	29	0	0	0	30	-1	42	22	39	50	0	0	0	0	-1	0	-1	-1	-1	-1	-1
c16398	48	0	-1	-1	14	23	31	0	22	0	12	0	0	0	-1	-1	0	0	0	0	-1	0	0	0	0	-1	-1	0	5	0
c16401	0	0	0	0	0	-1	-1	0	-1	25	9	0	0	0	0	10	0	0	-1	0	-1	0	-1	-1	27	-1	0	41	0	-1
c16433	0	-1	0	37	0	31	-1	0	0	-1	-1	0	33	12	32	0	-1	0	-1	0	0	30	0	0	-1	-1	0	36	0	-1
c16442	45	8	24	-1	0	0	-1	0	2	29	21	5	-1	30	0	-1	-1	50	0	-1	-1	0	-1	-1	0	-1	0	0	36	-1
c16473	0	0	-1	0	0	0	-1	0	22	-1	-1	0	36	0	0	0	50	0	-1	0	0	0	11	20	30	-1	0	10	-1	0
c16476	0	6	-1	0	0	0	31	2	0	-1	-1	0	0	0	-1	0	36	0	0	0	0	-1	0	0	-1	-1	0	-1	5	0
c16478	22	-1	-1	0	-1	-1	0	-1	30	25	0	-1	46	0	-1	10	0	-1	-1	0	-1	-1	47	0	-1	-1	0	-1	0	-1
c16479	22	0	14	0	-1	-1	-1	0	30	25	-1	-1	46	0	14	10	0	-1	0	0	0	0	47	0	0	-1	0	-1	44	-1
c16482	31	0	0	30	45	31	-1	-1	0	33	30	0	33	0	0	0	50	-1	0	19	0	24	0	0	0	-1	0	-1	0	0
c16485	42	-1	0	-1	0	0	0	0	-1	0	0	33	2	22	50	-1	-1	-1	-1	9	0	47	22	33	0	-1	0	0	5	0
c16489	-1	-1	0	0	36	14	0	0	10	0	0	-1	22	-1	0	0	0	14	0	0	0	0	0	0	0	-1	0	-1	-1	-1
c16507	0	-1	11	-1	0	31	-1	33	-1	0	-1	0	33	0	0	0	50	0	0	0	0	-1	42	31	33	-1	14	0	-1	0
c16531	-1	-1	-1	5	-1	31	-1	-1	14	23	0	-1	0	0	41	0	0	0	9	0	44	0	0	0	0	-1	41	36	0	0
c16537	-1	0	-1	-1	0	36	0	0	38	0	0	-1	0	0	50	8	-1	5	0	-1	0	47	-1	0	0	-1	-1	8	5	-1
c16540	45	-1	0	-1	0	0	0	-1	-1	29	0	0	0	0	0	-1	-1	0	0	0	0	0	11	9	0	-1	0	-1	-1	0
c16566	0	0	0	0	0	0	0	0	0	0	30	22	22	-1	44	33	0	0	0	-1	-1	0	0	8	-1	-1	34	0	5	0
c16572	31	0	0	0	45	31	-1	33	0	-1	0	-1	33	0	0	0	50	0	-1	0	8	-1	0	-1	26	-1	-1	-1	-1	0
c16594	22	14	-1	0	-1	0	0	22	0	0	-1	32	22	-1	8	0	23	-1	0	46	0	0	0	-1	0	-1	31	-1	5	0
c16595	22	14	0	0	-1	0	-1	22	0	0	-1	32	22	-1	8	0	23	0	-1	46	-1	0	0	0	0	-1	-1	-1	-1	0
c16597	31	0	0	5	-1	31	-1	0	0	19	0	41	33	0	0	33	50	0	0	34	0	0	-1	0	0	-1	0	0	45	-1
c16607	45	14	0	0	0	0	-1	-1	0	29	0	0	17	30	-1	0	26	0	41	0	-1	0	14	-1	0	-1	0	0	-1	0
c16612	-1	0	0	0	0	31	-1	2	0	13	-1	0	3	0	6	14	0	0	0	0	23	0	0	7	0	-1	14	-1	0	6
c16648	-1	0	0	0	0	0	-1	21	48	29	0	0	0	-1	0	-1	22	0	-1	0	0	36	0	-1	0	-1	-1	-1	0	45
c16664	45	0	0	0	0	0	-1	0	33	29	-1	0	0	30	0	-1	22	9	0	-1	0	23	-1	-1	0	-1	0	-1	0	-1
c16665	45	0	0	0	0	0	-1	0	33	-1	-1	0	0	30	0	0	22	9	0	-1	-1	23	0	-1	0	-1	0	-1	0	-1
c16676	-1	0	0	-1	0	-1	0	0	-1	25	0	2	0	0	0	10	0	23	30	0	-1	0	47	0	27	-1	0	-1	0	-1
c16685	26	0	0	0	0	31	-1	14	0	0	0	0	3	0	0	41	0	-1	0	33	-1	0	-1	34	0	-1	0	-1	0	0
c16687	-1	-1	0	0	0	-1	-1	0	0	29	-1	43	0	30	0	0	22	0	-1	-1	0	0	0	-1	22	-1	-1	-1	0	33
c16693	0	-1	-1	-1	14	0	-1	-1	22	36	-1	0	0	0	0	0	22	0	0	0	0	0	-1	0	30	-1	0	0	5	6
c16697	45	0	21	41	14	0	36	0	0	29	0	0	0	0	0	0	0	0	0	0	0	33	0	9	0	-1	0	26	0	26
c16708	-1	-1	-1	5	0	31	-1	26	14	23	-1	0	0	0	0	0	0	0	9	0	44	0	0	0	0	-1	41	36	0	0
c16709	0	-1	-1	5	0	-1	-1	26	14	23	2	0	0	0	-1	0	0	-1	9	-1	44	0	-1	-1	0	-1	41	36	0	-1
c16722	45	0	0	0	0	0	-1	0	-1	29	0	0	41	30	-1	0	-1	0	0	-1	0	0	0	-1	8	-1	-1	0	36	0
c16725	31	0	41	14	45	31	-1	0	-1	32	45	0	33	30	-1	0	-1	0	0	0	5	0	0	0	0	-1	-1	0	8	0
c16745	0	0	-1	-1	0	22	0	0	0	10	0	0	22	-1	0	-1	0	23	-1	46	0	0	0	0	0	-1	-1	0	5	0
c16755	-1	11	0	0	0	0	-1	0	0	-1	-1	-1	32	30	-1	0	22	17	0	-1	0	0	0	-1	-1	-1	0	-1	0	0
c16762	31	0	35	0	45	31	-1	32	0	0	-1	-1	33	44	0	0	50	0	-1	0	-1	0	-1	0	0	-1	-1	26	0	0
c16766	0	41	8	45	-1	-1	-1	0	-1	0	-1	0	-1	-1	32	0	50	-1	-1	31	0	30	-1	0	0	-1	0	36	0	22
c16771	0	14	0	-1	0	0	0	-1	0	-1	-1	0	22	-1	0	-1	23	12	0	46	41	0	0	0	0	-1	0	0	-1	0
c16793	0	0	14	-1	-1	-1	0	0	30	25	-1	0	-1	0	0	10	50	0	36	0	0	5	47	0	0	-1	0	0	0	-1
c16821	31	0	0	-1	45	31	-1	33	0	19	0	-1	33	0	0	33	50	0	0	0	0	0	0	0	0	-1	0	-1	45	-1
c16853	0	-1	0	0	0	0	0	0	0	0	0	0	22	-1	-1	0	-1	0	-1	46	-1	9	0	0	0	-1	34	0	5	-1
c16855	0	0	0	-1	0	31	-1	-1	0	0	47	14	3	0	14	-1	-1	2	0	-1	-1	0	47	0	41	-1	0	0	-1	-1
c16878	33	0	2	14	33	0	15	8	-1	35	8	22	22	19	-1	0	36	0	0	47	0	0	42	-1	0	-1	0	23	-1	2
c16885	0	14	-1	0	0	-1	0	0	0	41	0	-1	-1	-1	0	31	23	-1	0	46	-1	0	0	0	50	-1	-1	8	-1	0
c16888	42	0	44	-1	0	0	0	0	38	0	0	-1	0	0	50	5	-1	0	10	-1	0	47	-1	0	19	-1	-1	31	5	0
c16903	45	0	0	2	0	10	-1	0	0	-1	13	0	0	30	0	-1	-1	-1	0	0	-1	-1	0	-1	0	-1	0	-1	0	45
c16921	-1	0	14	0	45	31	-1	-1	42	0	45	-1	33	-1	0	-1	50	38	0	11	0	0	41	0	0	-1	0	-1	38	-1
c16932	42	0	-1	22	-1	0	0	0	38	0	0	33	2	0	50	-1	-1	22	0	9	0	47	-1	0	0	-1	0	8	5	6
c16935	-1	-1	8	0	0	-1	-1	8	0	29	-1	-1	0	-1	30	8	22	45	0	-1	-1	-1	0	-1	0	-1	-1	-1	0	0
c16946	0	-1	-1	0	0	31	-1	0	0	41	0	0	3	0	0	-1	0	0	0	-1	-1	0	0	36	0	-1	-1	-1	-1	0
c16947	0	30	0	0	0	31	-1	0	0	41	0	0	3	0	0	0	-1	0	0	0	23	0	0	-1	0	-1	0	0	15	-1
c16952	0	0	0	0	-1	-1	0	-1	0	0	0	-1	22	-1	23	-1	46	14	-1	14	0	0	-1	-1	0	-1	0	-1	-1	0
c16955	45	0	-1	0	-1	0	-1	0	-1	29	-1	0	0	-1	0	-1	22	0	-1	0	-1	36	-1	-1	0	-1	0	-1	0	45
c16966	0	0	0	-1	0	31	-1	45	-1	0	0	0	33	0	-1	0	-1	23	45	0	42	0	0	0	46	-1	41	0	0	0
c16976	-1	-1	0	12	0	31	-1	2	0	13	0	0	3	0	6	14	0	0	0	0	23	0	0	7	0	-1	14	-1	0	6
c16980	0	0	0	0	0	0	0	0	0	3	0	0	22	-1	0	-1	-1	0	36	46	0	0	-1	0	8	-1	0	0	5	0
c16989	-1	14	0	12	0	0	12	0	0	41	0	0	22	-1	0	31	-1	0	0	-1	0	-1	0	0	0	-1	0	8	-1	0
c16993	0	6	47	0	-1	38	31	0	0	0	-1	0	-1	0	0	0	-1	0	0	0	0	0	0	0	0	-1	0	-1	5	0
c16996	-1	0	0	0	-1	0	-1	-1	0	29	-1	0	0	30	0	-1	22	-1	0	-1	0	0	0	-1	-1	-1	0	-1	0	44
c16997	45	0	0	0	0	0	-1	0	0	29	-1	0	0	30	0	-1	22	-1	0	-1	0	-1	0	-1	0	-1	0	-1	0	44
c17017	31	2	-1	0	45	31	-1	32	0	-1	-1	23	33	44	-1	0	50	0	-1	-1	-1	0	46	0	0	-1	-1	26	0	0
c17034	45	8	0	0	0	0	-1	0	2	-1	21	5	-1	30	0	0	0	50	-1	0	0	0	-1	-1	0	-1	0	0	36	0
c17058	-1	0	8	36	-1	-1	-1	0	0	-1	-1	34	30	30	0	0	22	0	0	-1	-1	3	0	-1	0	-1	0	-1	0	0
c17072	45	0	0	33	-1	0	-1	-1	-1	-1	0	0	-1	30	0	-1	22	-1	-1	0	0	0	0	-1	0	-1	41	-1	0	-1
c17073	45	0	0	33	-1	0	-1	0	0	29	0	0	0	30	-1	-1	22	22	-1	0	0	0	0	-1	0	-1	41	-1	0	-1
c17083	0	41	0	0	0	31	-1	0	0	0	-1	0	33	-1	32	-1	50	0	45	0	0	-1	0	50	-1	-1	-1	36	36	-1
c17089	0	-1	47	33	0	0	-1	0	22	36	0	0	-1	0	0	0	0	-1	0	0	0	0	11	-1	30	-1	-1	0	5	-1
c17126	45	0	0	22	0	0	-1	8	0	29	0	-1	0	30	-1	0	-1	12	-1	0	26	0	-1	-1	-1	-1	23	0	0	0
c17131	44	36	0	-1	0	31	-1	0	0	13	-1	0	3	-1	6	-1	0	-1	-1	0	23	0	0	0	0	-1	-1	0	0	0
c17132	-1	21	0	0	0	11	-1	0	-1	0	-1	0	-1	0	0	33	8	0	0	-1	0	0	-1	12	-1	-1	0	0	0	0
c17133	0	21	0	0	0	11	31	0	-1	0	34	0	-1	0	-1	33	8	0	0	-1	0	0	0	12	0	-1	0	-1	0	0
c17135	0	14	0	35	-1	0	0	0	0	0	-1	0	22	-1	0	-1	-1	0	0	46	0	0	0	0	-1	-1	0	0	-1	30
c17168	0	0	0	0	17	47	0	0	0	3	0	0	22	-1	0	0	0	38	-1	46	0	35	-1	-1	0	-1	0	-1	-1	0
c17169	-1	-1	0	0	17	47	0	0	0	3	0	0	22	-1	0	0	0	38	-1	46	0	35	0	0	-1	-1	0	0	-1	0
c17177	45	35	0	-1	-1	0	-1	0	0	29	0	-1	8	30	-1	0	22	0	50	-1	0	-1	8	-1	0	-1	0	-1	5	-1
c17179	0	36	0	19	-1	0	0	0	0	0	-1	23	0	0	-1	33	8	0	0	-1	36	0	23	-1	0	-1	0	0	0	-1
c17188	42	0	0	-1	-1	0	0	0	38	-1	0	33	0	0	-1	8	-1	23	0	41	0	-1	-1	0	0	-1	44	0	5	0
c17199	0	0	0	0	9	0	0	0	0	0	0	45	22	-1	0	30	46	14	0	-1	-1	-1	0	0	0	-1	0	26	5	0
c17209	0	41	0	0	0	31	-1	0	0	-1	0	0	33	12	32	-1	50	0	45	0	0	30	0	-1	0	-1	0	36	36	-1
c17230	-1	0	11	-1	19	31	-1	0	0	0	0	0	33	36	0	-1	-1	0	0	0	0	0	-1	0	33	-1	14	6	0	0
c17234	31	0	0	0	45	31	-1	33	-1	19	0	-1	33	0	0	0	50	0	0	0	8	-1	0	-1	0	-1	0	-1	0	0
c17237	19	-1	47	-1	0	0	31	0	-1	-1	0	0	-1	0	0	0	0	0	0	0	0	0	0	0	0	-1	-1	-1	5	-1
c17240	-1	-1	47	35	-1	0	31	-1	-1	0	0	0	-1	-1	-1	0	12	0	-1	0	-1	0	0	0	34	-1	-1	-1	5	0
c17247	0	14	0	0	0	0	0	22	0	0	0	0	22	-1	0	0	23	-1	0	46	-1	0	12	46	42	-1	0	0	5	0
c17250	45	0	-1	0	0	36	-1	0	0	29	0	0	-1	30	-1	-1	22	22	0	-1	0	-1	0	-1	0	-1	31	-1	0	45
c17255	-1	14	0	0	0	0	-1	8	0	29	43	-1	45	30	43	-1	22	-1	0	-1	-1	36	-1	-1	31	-1	0	-1	42	0
c17257	0	5	0	0	0	-1	0	0	-1	-1	-1	33	-1	0	50	0	-1	13	0	-1	-1	-1	0	9	0	-1	31	-1	5	0
c17260	0	0	47	0	41	0	31	8	22	0	0	0	8	-1	45	33	0	-1	8	-1	-1	-1	0	0	-1	-1	0	42	5	0
c17261	0	0	-1	0	41	0	31	8	22	0	0	-1	8	5	45	33	-1	0	8	0	0	-1	0	0	-1	-1	0	42	5	0
c17262	31	-1	0	33	-1	31	-1	47	0	0	0	0	-1	0	0	0	50	0	0	44	0	0	0	-1	0	-1	30	38	0	-1
c17263	31	22	-1	33	45	-1	-1	47	0	0	0	0	-1	0	0	0	-1	0	0	44	-1	0	0	33	0	-1	30	38	0	-1
c17272	42	0	0	-1	0	36	36	0	38	0	0	33	0	0	50	8	-1	-1	0	41	-1	47	-1	0	0	-1	-1	8	-1	-1
c17274	-1	32	0	0	0	0	0	0	-1	0	22	0	22	-1	-1	0	-1	14	0	37	0	0	0	0	35	-1	-1	45	5	0
c17277	31	-1	-1	12	45	-1	-1	-1	0	33	-1	0	33	0	0	0	50	29	6	19	0	24	26	0	45	-1	-1	-1	0	41
c17304	0	0	0	0	0	-1	0	6	-1	0	8	33	-1	0	50	0	-1	0	-1	33	12	47	0	9	0	-1	-1	0	5	-1
c17316	-1	0	0	0	-1	1	0	0	39	0	0	8	22	-1	0	0	-1	-1	0	-1	14	0	0	36	0	-1	41	-1	5	0
c17321	0	0	47	0	46	0	31	0	22	0	-1	0	0	0	0	35	0	0	-1	0	0	0	23	-1	30	-1	0	0	5	0
c17342	-1	14	0	0	0	0	0	0	0	0	0	0	22	-1	0	31	23	0	0	46	-1	0	-1	0	-1	-1	0	8	-1	14
c17344	-1	-1	0	0	0	31	-1	0	0	41	0	0	3	0	0	0	0	0	-1	0	23	0	0	36	-1	-1	0	0	-1	0
c17345	0	0	-1	0	0	31	-1	0	0	41	0	0	3	0	-1	-1	0	0	-1	0	23	0	0	36	0	-1	0	0	-1	-1
c17348	0	21	-1	33	0	0	-1	0	-1	-1	0	-1	36	-1	0	0	-1	0	0	0	0	0	-1	36	30	-1	0	0	-1	0
c17352	45	0	0	-1	-1	0	36	0	0	29	0	0	0	0	0	0	0	0	-1	-1	-1	33	0	9	0	-1	0	26	0	26
c17379	0	30	-1	0	0	31	-1	0	0	41	-1	0	3	0	0	0	0	-1	-1	-1	23	0	-1	36	0	-1	0	-1	0	-1
c17382	-1	0	0	0	0	0	-1	0	0	29	0	-1	0	30	-1	36	22	0	0	33	0	-1	-1	-1	12	-1	0	0	0	0
c17396	45	0	0	-1	0	0	-1	0	0	29	0	0	0	-1	-1	-1	22	22	0	22	-1	0	0	-1	0	-1	0	-1	26	45
c17399	0	-1	0	0	0	31	-1	0	0	0	0	-1	33	0	-1	0	-1	22	-1	-1	-1	0	0	0	0	-1	41	8	0	-1
c17405	-1	36	0	0	-1	0	-1	0	0	-1	0	0	41	-1	0	-1	0	47	0	0	0	0	-1	-1	0	-1	2	0	36	0
c17418	22	14	0	0	0	0	-1	22	-1	0	-1	32	-1	-1	0	0	23	0	0	46	0	0	-1	0	-1	-1	31	0	-1	-1
c17421	45	0	8	0	0	41	-1	0	-1	29	43	0	-1	30	43	-1	22	0	0	13	33	33	-1	-1	0	-1	0	-1	-1	0
c17430	0	0	-1	-1	-1	0	-1	32	22	36	50	37	30	44	0	-1	0	0	0	-1	-1	30	0	-1	-1	-1	0	-1	5	0
c17437	0	-1	0	0	-1	31	-1	-1	0	0	-1	23	42	0	-1	-1	10	0	-1	0	44	0	0	0	0	-1	41	0	0	-1
c17455	0	30	0	13	0	31	-1	0	14	-1	0	0	-1	0	33	0	-1	-1	-1	0	23	0	-1	0	-1	-1	0	0	0	0
c17461	15	-1	0	42	36	31	-1	0	17	8	0	0	5	0	30	3	8	0	9	0	0	0	0	0	0	-1	41	13	-1	0
c17469	45	0	0	0	0	14	-1	0	0	29	0	13	-1	-1	0	8	33	0	0	13	-1	33	0	-1	-1	-1	0	0	36	0
c17474	45	0	0	-1	0	-1	-1	-1	0	29	-1	0	36	30	43	-1	22	-1	0	0	44	-1	-1	-1	9	-1	0	-1	42	8
c17475	45	0	0	-1	0	-1	-1	0	0	29	-1	0	36	30	43	-1	22	0	0	0	44	-1	-1	-1	9	-1	0	-1	42	-1
c17495	0	0	0	-1	0	47	35	0	0	-1	0	-1	22	0	31	-1	0	-1	-1	0	0	35	-1	0	0	-1	23	0	5	-1
c17502	0	0	35	-1	0	31	-1	0	-1	41	-1	-1	-1	-1	10	-1	0	0	0	0	23	0	0	36	0	-1	0	0	-1	0
c17504	31	0	47	0	45	-1	-1	0	0	33	0	0	33	5	0	0	50	3	0	-1	45	0	5	8	0	-1	0	0	0	-1
c17514	-1	0	0	22	0	0	33	0	38	-1	-1	33	0	33	50	0	-1	0	0	0	45	47	0	25	0	-1	-1	0	-1	22
c17536	0	-1	0	-1	-1	-1	0	0	-1	42	0	33	0	35	50	14	-1	36	12	0	0	-1	0	-1	0	-1	0	0	5	0
c17557	-1	0	-1	-1	45	31	-1	0	-1	-1	8	36	33	-1	0	8	50	0	0	0	-1	0	0	-1	0	-1	0	0	-1	-1
c17592	31	8	-1	0	45	-1	-1	0	0	-1	14	33	-1	0	0	-1	50	21	0	0	0	0	0	0	0	-1	-1	38	0	0
c17658	0	0	0	2	0	0	0	-1	0	-1	0	14	-1	0	0	33	-1	0	0	45	0	33	0	-1	0	-1	32	0	0	10
c17659	0	0	-1	2	0	0	0	-1	0	0	-1	14	-1	0	-1	33	8	0	0	-1	0	33	0	0	0	-1	32	0	0	-1
c17660	-1	41	0	-1	22	0	-1	0	0	29	0	0	0	30	0	42	-1	39	50	0	0	0	0	-1	12	-1	-1	-1	5	-1
c17661	45	41	0	33	22	0	-1	0	0	29	0	-1	-1	30	0	42	22	-1	50	0	0	-1	0	-1	12	-1	14	-1	5	0
c17668	0	41	8	45	-1	-1	-1	0	-1	0	0	-1	33	12	32	0	-1	-1	45	0	0	30	34	0	-1	-1	35	36	-1	0
c17670	45	0	0	-1	-1	-1	-1	-1	0	29	0	0	0	30	0	42	22	0	50	0	0	-1	0	-1	0	-1	0	-1	-1	0
c17676	0	8	0	0	0	0	35	0	0	-1	0	-1	22	0	0	8	0	0	0	0	41	35	8	0	0	-1	0	33	5	-1
c17677	0	8	0	0	0	0	35	-1	0	-1	0	0	22	0	-1	-1	0	0	0	-1	41	35	8	0	0	-1	3	-1	-1	38
c17683	45	0	-1	0	0	-1	-1	0	48	29	9	-1	0	-1	-1	-1	-1	36	-1	0	0	-1	0	-1	0	-1	-1	-1	3	45
c17688	45	-1	31	33	0	0	-1	0	0	-1	0	0	0	30	-1	42	22	39	-1	8	0	0	0	-1	0	-1	14	-1	5	0
c17692	45	-1	0	-1	0	-1	-1	12	0	29	50	8	0	30	0	0	22	-1	45	-1	50	-1	0	-1	0	-1	0	0	0	0
c17693	45	0	0	-1	0	0	-1	12	0	29	50	-1	0	30	-1	0	22	0	45	0	50	0	0	-1	-1	-1	0	0	0	0
c17695	45	0	-1	0	23	0	-1	0	0	-1	0	0	0	30	0	0	0	-1	41	0	-1	-1	14	-1	0	-1	0	0	36	0
c17723	15	-1	0	42	36	-1	-1	0	17	0	0	0	5	-1	30	3	-1	0	9	0	0	0	0	0	0	-1	41	13	0	0
c17738	45	0	0	0	8	0	-1	14	0	29	0	8	0	-1	-1	-1	22	0	0	0	0	0	-1	-1	-1	-1	22	0	41	0
c17743	31	5	-1	0	-1	31	-1	0	0	33	0	0	33	-1	0	42	50	-1	-1	19	0	24	0	0	14	-1	-1	17	0	0
c17757	0	0	-1	0	0	0	0	-1	0	0	-1	0	22	-1	22	0	26	0	0	46	0	0	0	0	0	-1	34	-1	5	30
c17767	45	-1	0	0	0	31	-1	0	0	-1	41	0	0	30	0	-1	22	22	0	0	0	0	-1	-1	0	-1	9	-1	0	45
c17778	31	0	0	-1	45	31	-1	0	0	-1	8	36	33	0	-1	8	50	0	0	-1	0	-1	0	-1	0	-1	0	0	42	0
c17811	0	14	0	-1	0	0	-1	-1	0	0	-1	0	22	-1	0	31	23	41	-1	-1	-1	-1	0	0	0	-1	0	8	5	0
c17817	-1	36	0	0	0	0	0	0	0	-1	2	0	0	-1	0	33	8	0	-1	45	0	42	0	0	-1	-1	0	0	-1	0
c17824	0	0	-1	0	0	0	42	0	0	0	0	0	22	-1	0	0	0	0	0	46	0	0	0	0	0	-1	34	36	5	0
c17838	45	0	0	-1	0	21	-1	0	0	29	0	0	0	30	-1	-1	0	0	-1	17	0	-1	0	-1	30	-1	0	0	36	0
c17839	45	0	0	9	0	21	-1	0	0	29	0	0	-1	30	-1	0	0	0	41	17	0	0	0	-1	30	-1	-1	0	36	0
c17848	33	0	2	-1	33	0	-1	0	-1	-1	8	22	22	-1	-1	0	36	0	0	0	0	0	0	14	0	-1	0	23	5	0
c17853	0	0	23	-1	-1	31	-1	0	23	13	0	0	3	0	6	-1	0	0	-1	0	23	0	0	-1	0	-1	0	-1	-1	0
c17867	45	-1	0	33	0	-1	-1	0	-1	-1	0	0	0	30	-1	42	22	0	50	0	0	-1	0	-1	0	-1	0	-1	5	35
c17882	0	-1	47	0	0	-1	31	0	22	-1	0	0	0	0	0	0	0	0	8	-1	5	0	0	33	30	-1	-1	0	5	-1
c17887	0	30	0	0	-1	14	0	14	10	0	0	0	22	-1	-1	-1	-1	14	-1	0	0	0	0	0	42	-1	-1	0	5	0
c17888	45	0	8	0	-1	-1	-1	11	0	29	-1	34	0	30	0	-1	-1	0	0	-1	-1	0	0	-1	0	-1	0	-1	0	0
c17889	45	0	-1	-1	-1	-1	-1	-1	0	-1	-1	34	-1	30	-1	-1	22	0	0	-1	-1	-1	0	-1	0	-1	0	-1	0	0
c17894	0	0	0	2	42	-1	10	0	0	0	0	0	-1	-1	0	33	8	0	0	45	-1	33	0	0	0	-1	32	0	11	10
c17911	0	14	0	-1	0	36	0	-1	0	41	0	0	22	-1	0	31	23	0	0	46	-1	0	0	0	22	-1	0	8	5	0
c17918	45	0	0	33	0	-1	-1	0	0	29	0	0	0	-1	0	42	22	0	50	0	0	-1	0	-1	0	-1	0	-1	5	0
c17924	0	34	47	44	0	0	31	0	22	-1	0	-1	0	33	0	0	0	0	0	14	1	-1	0	0	30	-1	9	0	-1	14
c17930	-1	-1	0	0	30	31	-1	-1	-1	0	0	0	-1	12	32	41	50	12	0	0	42	-1	0	0	0	-1	0	-1	0	0
c17943	45	-1	-1	0	0	14	-1	0	0	29	0	0	45	30	-1	8	-1	26	5	0	-1	0	0	-1	0	-1	0	0	36	0
c17945	0	-1	-1	0	0	0	0	36	30	25	42	0	34	0	12	10	0	0	-1	0	14	-1	47	0	0	-1	-1	-1	0	-1
c17953	33	0	2	-1	33	0	0	0	-1	35	-1	22	-1	19	-1	0	36	-1	0	-1	0	0	-1	14	0	-1	0	-1	-1	0
c17956	31	0	0	35	-1	31	-1	0	0	8	-1	-1	33	0	0	9	-1	0	-1	0	-1	0	0	-1	26	-1	0	0	0	0
c17971	0	8	-1	0	37	31	-1	0	0	-1	0	0	33	0	0	0	50	0	0	0	-1	0	-1	-1	33	-1	-1	-1	0	-1
c17979	31	-1	0	0	45	31	-1	33	0	19	-1	-1	33	-1	0	0	50	-1	30	0	0	-1	-1	-1	-1	-1	0	-1	0	-1
c18003	42	0	0	22	0	0	0	41	38	-1	0	-1	0	0	50	42	-1	0	0	0	-1	47	2	25	0	-1	0	0	-1	45
c18005	45	0	0	2	0	10	-1	0	-1	29	-1	14	0	30	0	-1	22	22	-1	0	-1	0	0	-1	0	-1	-1	-1	0	-1
c18015	42	0	0	22	0	0	0	-1	38	0	-1	33	0	-1	50	-1	-1	0	0	-1	0	47	0	0	0	-1	0	0	5	0
c18018	45	0	0	0	0	33	-1	0	2	29	2	0	0	30	0	0	-1	0	0	8	0	0	-1	-1	0	-1	47	0	36	0
c18019	45	-1	0	-1	0	33	-1	0	2	29	2	0	-1	30	0	-1	0	0	0	8	0	0	0	-1	0	-1	47	-1	36	0
c18023	-1	34	47	0	-1	0	-1	0	22	0	41	0	0	33	0	0	0	0	0	-1	0	0	0	0	30	-1	0	-1	5	0
c18026	0	-1	3	0	0	-1	0	0	-1	14	0	-1	22	-1	0	0	0	14	31	0	0	0	0	0	-1	-1	43	0	5	0
c18054	-1	0	0	2	-1	10	-1	14	0	-1	0	0	0	30	0	-1	22	22	0	0	0	0	0	-1	0	-1	0	-1	0	45
c18055	-1	0	0	2	0	10	-1	14	0	29	0	0	0	30	0	-1	22	22	0	0	-1	0	0	-1	0	-1	0	-1	0	45
c18058	45	7	0	0	0	0	-1	0	-1	-1	-1	14	0	30	0	0	22	0	0	-1	0	0	0	-1	0	-1	11	-1	0	0
c18090	15	-1	-1	0	-1	31	-1	0	17	31	0	0	-1	0	0	-1	-1	-1	-1	0	-1	0	7	0	0	-1	41	13	0	0
c18092	45	0	-1	42	0	0	-1	0	0	29	42	8	0	30	0	0	-1	0	-1	14	-1	26	-1	-1	0	-1	0	0	0	26
c18093	-1	0	0	42	-1	-1	-1	0	-1	29	42	8	0	30	0	0	22	0	0	14	50	-1	0	-1	-1	-1	0	0	0	26
c18104	15	-1	0	0	36	31	-1	0	17	31	-1	0	0	0	0	-1	0	-1	9	-1	0	-1	0	0	0	-1	41	-1	0	-1
c18105	-1	-1	0	0	-1	31	-1	0	17	31	0	0	0	-1	0	-1	0	0	-1	0	0	0	0	0	0	-1	41	-1	0	5
c18120	45	0	-1	42	5	-1	-1	12	0	29	50	8	0	30	-1	0	22	0	0	0	50	0	-1	-1	0	-1	0	0	0	10
c18121	45	-1	-1	-1	5	0	-1	12	0	29	50	8	0	-1	0	0	22	0	0	-1	50	0	42	-1	0	-1	0	0	0	10
c18146	-1	-1	47	0	-1	-1	-1	-1	22	-1	-1	-1	-1	0	0	-1	0	-1	0	-1	0	0	0	0	-1	-1	-1	0	5	14
c18150	0	0	0	2	14	-1	0	0	47	-1	0	-1	0	0	0	33	8	-1	0	-1	0	33	0	0	0	-1	-1	0	22	2
c18155	45	-1	0	0	0	-1	-1	0	0	29	0	0	0	-1	0	0	22	0	-1	-1	0	-1	0	-1	0	-1	0	-1	0	-1
c18162	0	-1	47	0	-1	0	-1	0	0	0	0	0	0	0	0	-1	0	-1	0	8	32	-1	0	0	0	-1	0	-1	5	0
c18182	-1	0	0	-1	0	14	-1	-1	0	29	-1	8	-1	30	-1	0	22	0	12	-1	30	11	-1	-1	0	-1	35	0	0	-1
c18184	39	-1	-1	0	0	2	0	0	-1	8	0	38	22	-1	0	0	0	-1	-1	46	0	-1	0	0	7	-1	34	0	-1	0
c18188	0	0	14	0	0	-1	0	0	-1	25	0	0	-1	37	0	10	0	22	6	45	8	0	47	-1	0	-1	-1	-1	0	-1
c18189	0	0	14	0	0	-1	0	-1	-1	25	0	0	-1	-1	0	10	0	22	6	45	8	-1	47	-1	0	-1	0	0	-1	-1
c18198	-1	-1	-1	0	45	31	-1	0	-1	33	0	0	33	0	0	-1	50	-1	6	19	0	24	0	0	0	-1	0	0	0	41
