	0	1	2	3	4	5	6	7	8	9	10	11	12	13	14	15	16	17	18	19	20	21	22	23	24	25	26	27	28	29
c588	0	29	0	28	-1	0	28	0	0	-1	-1	0	3	0	-1	0	0	42	-1	28	0	16	0	0	10	0	0	0	0	9
c1043	0	-1	0	28	0	0	-1	28	9	-1	0	0	0	45	-1	0	0	0	0	-1	0	16	-1	0	10	32	10	0	-1	0
c1224	0	29	0	-1	-1	0	0	28	-1	-1	0	0	0	45	-1	17	0	0	0	-1	0	-1	-1	0	-1	32	10	0	-1	0
c1422	0	-1	0	28	0	0	0	0	0	-1	0	0	-1	-1	-1	0	0	0	0	28	0	16	0	0	10	32	10	0	0	15
c1620	10	29	0	-1	0	0	28	-1	0	-1	0	36	0	-1	0	0	0	42	0	-1	28	16	0	0	10	0	0	-1	-1	9
c1729	0	29	-1	28	-1	-1	0	-1	0	-1	0	39	29	45	1	0	29	0	0	-1	0	-1	48	0	10	-1	-1	0	0	15
c1799	-1	-1	-1	28	0	0	-1	15	-1	32	-1	0	-1	0	-1	-1	0	0	0	28	-1	16	24	29	0	0	0	0	-1	0
c1925	0	-1	0	28	0	0	32	0	-1	0	0	0	15	-1	27	12	0	44	0	28	0	-1	-1	29	0	0	0	0	0	0
c1941	-1	0	27	28	0	21	-1	44	0	0	0	0	0	0	-1	-1	0	0	15	28	0	16	0	-1	-1	-1	0	0	0	-1
c2267	36	43	-1	28	0	36	-1	0	-1	-1	0	0	0	0	-1	36	11	0	-1	-1	0	16	0	29	-1	0	-1	0	0	0
c2282	0	0	0	28	0	0	0	0	0	0	0	30	0	-1	0	0	48	0	0	28	0	16	0	-1	0	0	0	0	48	0
c2307	0	29	0	28	0	-1	28	24	0	-1	0	-1	9	29	0	0	0	42	24	28	28	16	44	-1	-1	-1	5	0	48	9
c2336	0	-1	0	28	0	0	-1	0	0	-1	0	0	0	28	0	0	0	0	16	-1	0	16	0	0	-1	0	10	48	-1	0
c2337	0	29	0	28	10	0	-1	0	0	-1	0	0	0	28	0	-1	-1	-1	-1	-1	-1	16	-1	-1	10	-1	10	48	-1	-1
c2502	0	0	30	-1	0	48	0	-1	37	0	0	0	0	0	0	0	0	48	0	28	0	16	0	29	29	36	0	0	-1	0
c2544	0	29	0	28	0	-1	28	-1	1	-1	0	0	9	-1	0	0	0	42	24	28	28	16	-1	0	10	0	0	0	0	9
c2607	48	-1	0	28	0	0	-1	0	-1	0	0	0	0	0	-1	0	0	0	0	28	0	-1	36	29	0	0	-1	0	-1	0
c2613	0	-1	-1	28	32	0	0	15	0	0	-1	0	0	0	-1	0	0	0	-1	28	-1	16	24	29	48	-1	0	0	38	3
c2686	0	0	-1	28	-1	9	-1	0	0	29	0	-1	0	0	-1	-1	24	0	0	-1	13	16	24	29	0	0	9	0	12	-1
c2738	0	-1	0	28	-1	27	-1	0	9	0	0	-1	36	-1	13	0	-1	0	0	28	0	16	36	29	0	0	-1	0	0	0
c2754	48	29	0	28	0	0	-1	0	0	-1	0	44	0	0	0	0	0	42	30	-1	0	-1	36	0	10	0	42	0	17	9
c2770	13	29	48	-1	0	0	28	0	43	-1	-1	0	9	-1	0	0	0	42	24	28	-1	16	-1	0	10	24	0	-1	44	-1
c2814	-1	-1	-1	28	0	0	-1	29	0	-1	-1	0	0	0	0	29	-1	0	0	-1	-1	16	0	-1	-1	0	10	0	0	0
c2834	0	29	0	28	0	0	28	24	-1	-1	0	0	9	-1	0	0	0	-1	24	28	28	16	0	0	10	0	-1	-1	0	9
c2887	0	29	0	28	-1	37	28	0	0	-1	0	-1	42	0	0	0	0	42	0	-1	28	16	0	-1	10	0	0	0	0	9
c3021	0	29	-1	28	0	-1	28	43	-1	-1	0	0	0	0	0	-1	0	-1	0	28	0	16	-1	0	10	0	0	0	0	9
c3023	0	29	0	-1	0	0	28	0	0	-1	0	0	0	0	27	0	0	42	-1	28	-1	16	0	-1	10	9	-1	0	-1	9
c3064	0	29	0	-1	48	-1	0	0	0	-1	0	9	44	0	-1	31	0	0	0	28	0	16	0	0	10	0	-1	0	-1	-1
c3102	-1	29	0	28	48	0	0	-1	-1	-1	0	0	0	48	1	48	-1	0	0	-1	0	16	0	0	10	0	10	0	0	0
c3197	0	29	0	28	-1	24	0	28	0	-1	0	0	-1	45	-1	-1	0	0	-1	-1	0	16	0	0	10	32	-1	0	-1	36
c3199	0	29	0	28	0	0	0	0	0	-1	0	-1	0	0	-1	0	0	0	0	28	-1	16	0	0	10	0	10	0	0	8
c3291	0	29	0	-1	0	0	0	0	-1	-1	-1	14	0	44	-1	0	-1	9	0	28	9	16	0	-1	10	0	-1	35	0	0
c3349	0	29	-1	28	0	0	28	0	0	-1	0	-1	0	-1	0	0	0	42	15	28	0	-1	-1	-1	-1	0	-1	0	17	9
c3374	0	29	0	28	0	0	-1	0	0	-1	0	0	-1	-1	1	0	0	28	-1	28	0	-1	0	0	10	32	10	-1	0	-1
c3385	0	29	0	28	0	0	0	-1	0	-1	-1	29	0	0	0	48	0	0	-1	-1	0	16	0	0	10	0	10	0	-1	0
c3436	0	29	27	28	0	0	-1	0	0	-1	-1	-1	9	0	0	0	0	42	24	28	28	16	0	-1	10	0	0	0	0	9
c3441	0	0	0	28	0	0	0	0	0	0	10	-1	0	-1	-1	0	0	-1	0	28	-1	16	0	-1	0	0	0	-1	0	0
c3465	0	0	30	28	0	48	0	0	0	0	0	0	-1	0	29	0	0	0	31	28	0	16	0	29	0	0	-1	0	0	-1
c3491	48	-1	0	28	0	-1	0	28	0	-1	6	0	0	45	-1	-1	0	-1	0	-1	0	16	0	-1	-1	32	10	0	-1	-1
c3498	0	0	0	28	0	0	-1	44	0	0	-1	0	0	-1	-1	-1	-1	13	0	28	0	-1	0	29	-1	0	-1	0	0	-1
c3502	48	29	0	28	0	-1	28	21	0	-1	0	0	0	27	0	13	0	42	-1	28	0	16	39	0	10	0	42	0	17	9
c3643	32	29	-1	-1	0	-1	0	0	0	-1	-1	0	-1	0	0	0	0	0	0	-1	0	16	-1	0	-1	0	10	0	-1	6
c3675	-1	29	-1	28	-1	0	28	0	0	-1	5	0	0	0	-1	0	0	42	0	28	31	16	0	0	10	-1	-1	0	0	9
c3687	0	29	0	28	0	10	28	0	0	-1	0	0	-1	0	1	0	15	0	-1	-1	0	16	0	-1	-1	-1	10	0	-1	15
c3735	-1	29	-1	28	1	48	0	0	0	-1	0	-1	0	0	-1	-1	31	0	0	28	-1	16	-1	27	-1	0	10	0	0	-1
c3779	-1	29	4	-1	0	0	0	13	-1	-1	0	0	0	0	0	0	-1	0	0	-1	-1	16	0	0	10	0	10	0	-1	0
c3795	0	-1	0	28	0	-1	0	0	0	-1	0	0	0	0	-1	0	0	-1	0	28	-1	16	36	29	-1	-1	-1	-1	0	0
c3826	0	0	-1	28	-1	0	0	0	9	0	-1	15	0	0	-1	0	0	18	-1	28	0	-1	36	29	0	-1	0	0	-1	0
c3829	0	29	0	28	0	-1	28	0	0	-1	0	44	0	0	-1	-1	3	42	0	28	28	16	0	0	10	-1	0	0	-1	9
c3864	32	29	0	28	-1	-1	0	0	0	-1	-1	-1	48	0	0	0	0	0	0	-1	0	-1	-1	0	10	0	-1	0	-1	6
c3880	-1	0	49	28	-1	36	-1	32	0	0	-1	-1	0	0	-1	0	0	0	0	-1	0	16	9	29	-1	0	-1	15	0	0
c3907	13	-1	48	28	0	0	28	0	0	-1	0	0	-1	0	-1	-1	24	42	24	-1	-1	-1	-1	0	10	0	0	0	0	9
c3991	28	0	0	28	17	0	-1	-1	28	-1	42	0	0	0	0	-1	39	-1	0	28	0	16	24	29	-1	0	0	0	0	0
c3997	31	29	-1	28	0	0	0	20	0	-1	0	0	-1	0	1	0	0	0	-1	28	0	16	0	-1	10	0	10	0	0	0
c4013	13	29	48	28	0	-1	28	0	0	-1	32	0	9	-1	-1	0	0	42	-1	28	28	16	44	0	10	0	-1	0	0	9
c4025	-1	0	0	28	0	0	0	0	0	-1	0	10	9	0	-1	-1	21	0	-1	-1	0	16	0	29	-1	0	18	-1	-1	0
c4040	48	29	0	-1	-1	0	28	-1	-1	-1	-1	0	-1	0	0	-1	0	42	0	28	0	16	0	0	10	-1	0	-1	17	9
c4108	44	0	0	28	0	-1	0	44	0	0	0	-1	0	0	-1	-1	0	0	0	28	0	16	-1	-1	-1	0	0	0	0	0
c4133	-1	29	0	28	0	-1	0	27	0	-1	-1	0	0	28	-1	-1	0	0	0	-1	0	-1	0	0	10	0	10	48	-1	0
c4197	-1	29	0	28	48	0	0	0	-1	-1	0	36	28	0	1	0	0	0	0	28	0	16	0	-1	10	0	10	-1	0	48
c4243	0	29	0	28	-1	0	28	0	0	-1	-1	0	0	0	0	0	0	42	-1	28	-1	16	0	0	10	18	27	0	-1	9
c4287	0	0	28	28	0	0	-1	0	9	28	-1	0	0	13	32	0	5	-1	0	28	0	16	36	29	0	0	0	-1	0	-1
c4300	0	0	-1	28	-1	-1	-1	0	9	0	0	28	-1	0	0	0	0	0	24	28	0	-1	-1	29	48	0	0	0	0	-1
c4373	9	29	0	28	0	0	0	0	0	-1	0	0	0	0	0	29	-1	0	0	-1	-1	16	0	0	10	0	-1	0	0	9
c4399	0	29	0	28	0	0	28	24	0	-1	0	0	9	-1	0	44	0	42	-1	28	28	-1	-1	0	10	-1	0	0	0	9
c4405	0	-1	0	-1	0	0	-1	44	0	0	-1	0	0	-1	-1	-1	0	0	0	28	0	16	0	29	-1	0	27	0	0	0
c4417	0	29	0	-1	0	0	0	-1	0	-1	0	0	0	45	-1	0	0	0	0	-1	0	16	28	0	-1	-1	10	0	-1	0
c4475	0	0	30	28	0	-1	14	0	-1	0	36	0	0	0	0	16	0	48	0	28	27	16	0	29	29	0	0	0	0	0
c4507	-1	29	0	28	44	-1	28	0	28	-1	0	0	0	0	0	-1	0	42	0	-1	36	16	0	0	10	0	0	0	17	9
c4512	22	-1	0	28	-1	0	9	0	0	-1	0	-1	0	0	1	0	0	0	0	-1	0	-1	0	15	10	0	10	0	0	-1
c4527	48	29	-1	28	0	0	28	4	-1	-1	0	0	0	0	0	39	0	42	0	28	0	16	0	0	10	0	0	0	-1	9
c4604	43	-1	0	28	0	36	32	0	-1	0	0	0	48	0	-1	0	0	-1	-1	28	0	16	36	29	0	-1	0	-1	-1	0
c4630	0	-1	-1	-1	0	0	-1	-1	0	-1	0	0	0	0	0	0	0	0	0	-1	0	16	-1	-1	10	0	10	0	-1	0
c4633	-1	0	0	28	0	36	-1	0	0	-1	-1	0	-1	0	-1	-1	5	-1	-1	28	0	16	0	-1	-1	-1	0	0	0	-1
c4745	0	-1	0	28	23	0	0	0	0	-1	0	0	0	28	27	0	0	0	0	-1	0	16	-1	-1	10	0	10	0	-1	0
c4781	-1	-1	-1	28	-1	0	36	44	-1	0	0	0	0	0	-1	-1	43	0	0	28	48	16	-1	29	-1	0	0	0	0	-1
c4801	0	29	9	28	0	0	0	0	19	-1	0	29	0	0	0	0	0	42	0	-1	0	-1	44	0	-1	14	10	0	-1	-1
c4802	0	-1	0	-1	0	0	28	0	0	-1	-1	0	0	0	0	0	0	42	0	28	0	16	0	0	-1	0	0	0	17	9
c4807	32	29	0	28	-1	6	0	0	0	-1	0	0	0	0	0	-1	-1	0	0	-1	0	16	-1	0	10	-1	10	0	-1	-1
c4886	0	29	0	28	-1	0	0	-1	-1	-1	0	-1	0	0	10	-1	-1	0	-1	28	-1	-1	-1	0	10	0	10	-1	0	48
c4903	-1	29	0	28	39	0	0	-1	-1	-1	-1	0	44	0	1	-1	-1	0	0	-1	0	16	-1	-1	10	43	10	31	10	-1
c4905	0	-1	0	28	0	0	28	0	-1	-1	0	0	9	0	0	24	0	-1	24	28	28	16	-1	0	10	-1	0	0	0	9
c4915	0	-1	21	28	0	36	0	-1	-1	0	0	-1	-1	44	-1	0	0	39	-1	28	-1	16	49	29	-1	0	-1	0	0	0
c4958	-1	-1	-1	-1	48	0	0	-1	-1	-1	0	0	0	0	1	0	-1	-1	0	28	0	16	0	-1	10	-1	10	1	0	0
c4965	0	0	0	-1	0	36	-1	0	0	0	0	0	0	0	-1	0	0	24	0	28	-1	16	49	29	-1	0	-1	0	0	0
c5006	0	29	0	28	0	0	0	0	-1	-1	0	0	0	0	0	0	0	-1	0	28	0	16	-1	0	-1	-1	10	0	0	48
c5029	32	29	-1	28	0	0	0	0	0	-1	0	0	0	0	0	0	0	0	-1	-1	1	16	-1	0	-1	12	10	0	-1	6
c5046	-1	-1	-1	28	-1	21	0	44	0	0	-1	0	0	0	-1	-1	-1	0	0	-1	0	16	0	29	-1	-1	0	0	-1	0
c5094	-1	16	-1	-1	0	21	0	-1	0	0	0	19	32	0	-1	-1	0	0	-1	-1	0	16	-1	29	-1	0	-1	0	0	9
c5101	48	29	0	-1	-1	27	-1	36	48	-1	12	0	-1	0	0	0	-1	42	0	28	0	16	0	0	-1	48	0	-1	17	-1
c5105	-1	29	0	28	0	0	0	0	40	-1	0	0	0	0	0	0	0	44	26	-1	0	16	-1	0	10	0	10	0	-1	0
c5126	0	-1	0	28	-1	0	32	0	-1	0	0	0	0	0	27	0	-1	-1	-1	28	0	-1	36	29	0	-1	-1	0	0	0
c5140	28	0	0	28	0	0	-1	0	28	0	0	-1	-1	0	-1	-1	39	-1	-1	28	-1	16	24	-1	45	-1	0	1	0	-1
c5147	28	-1	0	28	-1	-1	0	-1	28	17	48	0	0	14	0	-1	39	0	0	28	0	16	24	29	0	0	-1	0	0	0
c5238	-1	29	0	28	-1	0	-1	0	0	-1	0	-1	0	0	-1	43	0	-1	-1	28	0	-1	-1	9	10	0	-1	0	0	48
c5268	-1	-1	0	28	48	0	-1	27	0	-1	0	0	-1	0	1	-1	0	-1	-1	28	32	16	0	49	10	0	10	0	0	0
c5292	0	-1	0	-1	0	0	-1	13	33	-1	0	0	0	0	0	0	-1	0	0	-1	-1	-1	0	0	-1	0	10	0	-1	0
c5308	36	0	0	-1	0	36	28	0	0	0	0	0	0	0	-1	-1	9	-1	0	-1	0	16	0	29	-1	0	0	0	36	31
c5376	0	29	0	28	0	0	28	24	0	-1	0	0	9	0	-1	-1	0	42	24	28	-1	16	0	0	10	-1	-1	0	0	-1
c5380	-1	29	0	28	0	0	0	0	0	-1	-1	0	-1	28	0	-1	0	0	0	-1	-1	-1	0	0	10	0	-1	48	-1	27
c5384	0	0	-1	28	0	0	0	-1	0	0	0	30	0	0	0	0	-1	0	0	-1	0	16	0	29	0	0	-1	0	48	0
c5422	17	-1	0	28	0	0	0	0	0	-1	0	0	-1	0	-1	0	9	0	0	28	15	16	-1	29	-1	0	0	10	0	0
c5437	-1	43	0	28	0	0	0	0	0	40	0	10	0	0	-1	-1	21	0	0	28	0	-1	9	29	-1	0	-1	-1	9	0
c5443	-1	29	0	28	39	0	0	-1	0	-1	0	0	44	0	1	-1	-1	0	0	28	0	16	48	0	10	43	10	31	0	0
c5448	48	-1	0	28	0	0	28	-1	0	-1	-1	-1	0	0	0	0	0	-1	30	28	0	-1	-1	0	10	0	42	0	17	9
c5450	0	29	0	28	0	0	-1	-1	0	-1	48	-1	-1	-1	-1	0	-1	0	0	28	0	16	0	0	-1	32	10	0	-1	39
c5480	-1	0	0	-1	-1	0	0	0	0	0	0	0	0	31	-1	0	9	0	0	-1	15	16	37	29	-1	0	0	-1	0	0
c5512	0	0	0	28	31	36	0	-1	0	0	10	-1	0	0	-1	0	0	0	0	28	0	16	0	-1	44	-1	-1	0	-1	0
c5522	-1	-1	0	28	0	0	0	0	-1	-1	-1	0	-1	-1	0	0	0	0	-1	-1	0	16	-1	0	10	0	10	0	-1	6
c5525	-1	29	0	28	0	0	28	39	0	-1	0	0	-1	-1	0	0	-1	42	0	28	0	-1	0	0	10	0	0	-1	-1	9
c5527	0	0	49	28	21	36	28	0	0	30	0	0	0	0	-1	-1	0	0	0	-1	0	16	-1	29	-1	-1	0	15	0	0
c5557	0	-1	-1	28	-1	9	32	36	-1	-1	33	-1	39	31	0	-1	0	0	0	28	0	16	36	29	27	0	0	-1	0	-1
c5576	0	-1	48	28	-1	9	-1	0	0	29	0	0	-1	0	0	0	0	0	0	28	-1	16	24	29	0	-1	-1	-1	0	0
c5577	-1	0	48	28	-1	9	-1	0	-1	-1	0	0	0	0	0	0	0	0	0	28	13	-1	24	-1	0	0	-1	0	0	0
c5592	0	0	48	28	0	0	0	-1	-1	-1	0	0	0	0	-1	-1	0	0	-1	28	0	-1	0	29	-1	0	0	0	0	0
c5596	0	0	27	28	0	21	0	44	14	-1	0	0	-1	0	-1	-1	0	0	-1	28	-1	16	0	29	-1	0	0	0	0	-1
c5602	0	29	-1	28	0	0	-1	-1	0	-1	0	0	0	0	27	0	0	42	-1	28	0	16	0	0	10	0	0	0	17	-1
c5606	32	29	0	-1	-1	0	0	0	0	-1	0	0	0	0	0	0	0	0	0	-1	0	16	-1	0	10	0	10	0	-1	-1
c5607	32	29	0	28	-1	0	0	0	0	-1	0	0	0	0	-1	0	0	0	0	-1	0	16	-1	0	-1	0	10	-1	-1	6
c5631	-1	-1	0	28	0	0	0	0	32	29	0	0	-1	0	0	48	0	-1	-1	-1	33	16	-1	29	9	0	9	0	38	-1
c5641	0	0	-1	-1	0	21	-1	44	0	0	-1	38	-1	0	-1	-1	0	0	48	28	0	-1	28	29	-1	0	0	-1	0	0
c5655	-1	29	0	-1	39	0	0	-1	-1	-1	0	0	-1	30	1	-1	0	0	0	28	0	-1	0	0	10	43	10	31	0	0
c5663	-1	29	15	28	-1	0	15	0	-1	-1	38	0	0	0	-1	-1	-1	0	48	-1	0	-1	0	0	-1	-1	10	0	-1	0
c5711	0	29	40	28	0	0	0	-1	0	-1	0	-1	0	0	0	-1	31	0	0	28	-1	16	-1	0	10	0	10	42	0	0
c5712	0	29	0	28	0	0	28	43	0	-1	0	-1	0	0	0	-1	0	42	-1	28	0	16	-1	0	-1	0	-1	0	0	9
c5722	0	0	49	28	-1	36	28	0	0	-1	0	0	0	0	-1	0	0	0	0	-1	-1	16	0	29	-1	0	0	-1	-1	0
c5743	28	0	0	-1	17	0	0	-1	28	0	0	0	0	0	0	0	39	0	0	-1	0	-1	24	29	-1	0	0	0	0	0
c5750	0	29	0	28	0	0	28	-1	-1	-1	0	0	0	0	0	0	0	-1	-1	28	0	16	-1	-1	10	0	0	0	0	9
c5751	0	29	36	28	0	0	28	43	-1	-1	0	0	0	0	-1	0	-1	42	0	28	-1	16	-1	0	10	0	0	0	0	9
c5752	0	29	-1	28	48	0	0	24	6	-1	-1	0	0	0	1	0	0	0	-1	28	0	16	-1	0	10	48	-1	0	0	31
c5773	0	-1	0	28	0	0	35	44	0	0	0	-1	0	9	-1	-1	0	0	0	28	48	16	0	29	-1	0	0	-1	0	28
c5813	-1	29	0	28	39	0	0	-1	0	-1	-1	-1	44	-1	-1	-1	15	0	-1	28	0	16	-1	0	10	-1	10	31	0	0
c5835	0	0	-1	28	0	0	36	44	0	-1	0	0	-1	0	-1	-1	43	-1	0	28	-1	16	-1	29	-1	-1	0	0	0	-1
c5841	48	29	-1	28	0	0	28	0	9	-1	0	0	0	28	30	0	0	42	0	28	0	16	0	-1	10	0	0	0	17	9
c5847	0	-1	0	28	0	36	32	-1	9	-1	0	0	36	0	48	0	0	0	0	28	27	16	-1	-1	30	-1	-1	-1	0	-1
c5904	0	-1	0	28	-1	0	0	44	0	0	0	0	0	17	-1	0	0	0	0	28	-1	16	0	29	-1	-1	0	0	0	0
c5906	0	-1	24	-1	0	0	-1	13	33	-1	0	0	0	-1	0	13	0	0	0	-1	0	16	0	0	-1	0	10	0	-1	0
c5907	-1	-1	0	-1	0	0	0	13	33	-1	0	0	0	0	-1	0	-1	0	-1	-1	0	16	0	-1	10	0	-1	0	-1	0
c5915	0	29	15	28	0	0	-1	0	0	-1	38	-1	0	0	-1	0	0	0	48	-1	-1	16	0	-1	10	0	-1	0	-1	0
c5976	0	-1	0	28	0	0	0	0	48	-1	6	-1	0	0	0	0	0	0	-1	-1	0	16	0	-1	10	0	10	0	-1	0
c5980	6	29	-1	-1	0	-1	28	0	0	-1	0	0	0	-1	-1	0	0	42	0	28	0	-1	0	0	10	0	0	0	17	9
c5997	0	-1	-1	28	0	48	-1	-1	-1	0	0	0	0	0	0	0	0	0	0	28	0	16	0	29	29	36	-1	0	28	0
c6008	-1	29	0	28	6	0	28	0	0	-1	5	-1	-1	0	0	-1	0	42	0	28	-1	16	0	0	10	0	0	-1	0	9
c6042	32	29	0	28	-1	-1	0	0	-1	-1	0	0	0	0	0	0	-1	0	0	-1	0	16	-1	0	10	0	-1	0	-1	6
c6084	-1	29	0	28	0	-1	28	36	-1	-1	12	0	0	0	0	0	44	42	-1	28	0	-1	0	0	10	-1	0	-1	17	9
c6099	0	0	-1	28	0	0	0	15	36	-1	-1	29	0	-1	0	0	-1	-1	0	-1	-1	-1	-1	29	0	0	0	-1	0	0
c6132	17	0	0	28	0	0	-1	0	-1	0	0	0	0	-1	-1	0	-1	0	-1	28	15	16	37	29	-1	0	0	10	-1	0
c6137	32	29	0	28	0	-1	0	0	0	-1	42	-1	-1	0	0	0	0	0	13	-1	0	16	-1	0	-1	0	10	-1	-1	-1
c6141	17	0	0	28	-1	0	0	0	1	0	-1	0	0	-1	-1	0	9	0	0	28	15	-1	37	29	-1	-1	0	10	0	0
c6142	-1	29	48	28	0	0	28	0	0	-1	0	-1	9	0	0	0	0	42	24	28	28	-1	44	0	10	0	0	0	0	9
c6151	0	0	0	28	36	0	0	0	0	0	43	0	0	0	-1	25	0	0	-1	28	0	16	-1	-1	0	0	-1	0	0	0
c6165	9	-1	0	28	0	0	-1	0	0	-1	0	0	0	-1	0	-1	43	0	-1	-1	-1	16	0	0	10	0	-1	0	0	0
c6169	48	29	0	-1	0	0	28	0	48	-1	0	0	0	0	0	-1	-1	42	0	28	0	16	-1	0	10	0	-1	42	17	-1
c6175	48	-1	0	28	0	0	-1	36	48	-1	0	0	0	-1	0	0	44	42	0	28	0	16	0	-1	10	43	0	-1	17	9
c6184	17	0	0	-1	0	-1	0	0	0	0	0	0	0	0	-1	0	9	0	0	28	-1	16	37	29	-1	0	0	-1	0	-1
c6187	0	29	0	28	0	-1	28	0	-1	-1	0	-1	0	0	-1	0	0	42	-1	-1	-1	16	0	0	10	9	0	0	17	-1
c6206	0	-1	0	28	38	-1	32	0	-1	0	0	-1	0	0	27	0	0	-1	0	-1	-1	-1	-1	29	0	24	0	0	0	32
c6225	0	29	0	-1	0	0	6	0	0	-1	31	0	0	0	-1	0	-1	0	0	-1	-1	16	0	0	10	0	10	0	-1	0
c6242	44	29	-1	28	0	0	0	28	0	-1	-1	0	-1	45	-1	0	0	-1	0	-1	0	16	-1	0	10	32	10	0	-1	0
c6268	0	29	4	-1	0	0	0	13	-1	-1	36	0	-1	0	0	0	0	-1	-1	-1	-1	16	0	-1	10	0	10	0	-1	0
c6282	0	0	0	28	0	-1	36	44	0	0	0	0	0	0	-1	-1	43	0	21	28	0	-1	0	29	-1	0	0	0	0	0
c6289	0	29	0	28	48	-1	0	28	0	-1	0	0	-1	0	-1	0	0	0	28	-1	-1	16	0	0	10	32	10	0	-1	-1
c6291	0	-1	0	28	0	0	0	0	32	29	0	0	0	-1	0	-1	0	44	0	28	0	16	24	29	0	0	9	0	-1	0
c6312	-1	29	0	28	0	0	0	0	0	-1	36	-1	-1	0	0	0	0	0	0	-1	0	16	-1	0	-1	-1	10	0	-1	6
c6313	32	29	0	28	0	0	0	0	0	-1	36	0	0	-1	0	0	0	0	0	-1	0	16	-1	0	10	0	10	32	-1	6
c6314	0	-1	0	28	-1	29	0	0	-1	-1	-1	29	0	0	24	0	48	0	-1	-1	0	16	-1	0	10	0	-1	0	-1	-1
c6357	0	-1	0	28	44	0	32	-1	-1	48	0	-1	-1	-1	27	0	0	0	-1	28	0	-1	36	29	-1	-1	-1	0	0	-1
c6364	36	-1	0	28	-1	36	28	-1	0	0	0	-1	48	0	-1	0	0	0	0	-1	0	16	0	29	-1	0	0	0	36	0
c6379	0	0	0	28	-1	0	0	0	-1	31	0	0	0	0	0	0	-1	-1	0	28	-1	-1	0	29	0	0	0	0	0	0
c6390	-1	29	0	28	-1	0	-1	39	0	-1	0	0	0	-1	20	-1	0	42	0	28	-1	-1	0	-1	10	0	0	0	0	-1
c6407	-1	29	-1	28	39	0	0	-1	-1	-1	0	-1	44	0	1	-1	15	0	0	28	0	16	48	0	10	43	10	31	-1	0
c6409	0	29	-1	28	-1	-1	-1	0	0	-1	-1	0	-1	-1	1	0	0	48	0	28	0	-1	0	0	10	0	10	0	-1	0
c6412	48	29	0	28	0	0	28	0	0	-1	-1	0	0	0	0	48	-1	42	0	28	0	16	0	0	-1	-1	0	-1	17	9
c6426	-1	0	0	28	0	10	0	44	0	-1	-1	-1	-1	17	-1	-1	0	-1	0	28	-1	16	0	29	-1	0	0	0	-1	0
c6434	-1	29	0	28	-1	0	0	0	0	-1	0	0	13	0	0	0	0	0	0	-1	0	16	-1	0	10	0	10	-1	-1	6
c6435	32	29	0	28	0	-1	0	0	0	-1	0	0	0	0	0	0	0	0	0	-1	0	16	-1	0	10	0	10	0	-1	6
c6448	2	0	9	28	0	16	0	-1	0	0	0	0	0	0	-1	-1	17	24	0	28	0	16	-1	29	-1	-1	0	-1	0	0
c6466	0	29	0	28	0	-1	-1	24	-1	-1	0	0	9	-1	0	0	0	42	24	-1	28	16	0	44	10	-1	0	0	-1	9
c6476	0	29	0	28	0	0	0	-1	0	-1	0	0	0	0	0	0	0	0	0	28	0	16	0	0	10	0	10	0	-1	8
c6525	-1	0	0	-1	0	0	0	0	0	0	0	10	-1	0	-1	-1	21	0	-1	28	5	-1	0	29	-1	-1	-1	0	-1	-1
c6526	0	29	-1	28	0	0	28	-1	0	-1	0	0	0	0	-1	0	0	42	-1	28	0	16	0	0	10	9	0	0	17	9
c6540	17	0	0	28	0	17	0	0	0	0	0	0	0	-1	-1	0	-1	-1	0	28	-1	16	37	29	-1	0	0	10	-1	0
c6568	48	-1	0	28	0	0	28	0	9	-1	0	0	0	0	0	0	0	42	0	28	0	16	0	-1	10	-1	0	0	17	9
c6569	48	-1	-1	28	0	0	28	0	9	-1	0	0	0	0	0	0	0	42	0	28	0	16	-1	-1	10	-1	0	-1	17	9
c6577	0	-1	0	28	0	-1	32	0	-1	0	0	-1	-1	0	27	12	-1	-1	0	28	0	-1	36	29	0	35	0	0	48	-1
c6581	-1	29	-1	28	39	0	0	-1	0	-1	0	0	44	-1	1	-1	0	0	-1	28	0	16	0	0	-1	43	10	31	0	0
c6589	32	29	-1	28	-1	0	16	0	36	-1	0	-1	0	-1	0	-1	-1	0	0	-1	-1	16	-1	0	10	-1	10	0	-1	6
c6597	0	29	0	28	-1	0	0	-1	0	-1	0	-1	44	0	-1	31	0	0	0	28	0	16	0	0	10	0	10	0	0	-1
c6601	-1	-1	-1	28	39	0	-1	-1	-1	-1	42	0	0	0	1	-1	0	0	0	28	0	16	-1	0	10	-1	10	31	0	-1
c6603	48	15	0	28	0	0	0	0	0	0	-1	36	0	14	-1	0	0	0	-1	-1	0	-1	24	29	38	0	0	0	0	0
c6629	16	29	-1	28	0	-1	28	-1	0	-1	5	-1	-1	0	0	0	0	42	-1	28	31	-1	0	-1	10	0	-1	0	0	9
c6633	32	29	0	-1	0	6	0	0	0	-1	-1	0	0	0	0	-1	0	0	0	-1	48	16	-1	-1	-1	0	10	0	-1	6
c6720	48	0	4	28	0	-1	28	-1	0	0	0	0	-1	0	-1	-1	0	0	-1	-1	-1	16	0	-1	-1	0	0	-1	0	-1
c6729	-1	29	0	28	0	-1	48	0	0	-1	0	0	29	36	0	0	0	-1	-1	28	17	16	-1	0	10	0	10	-1	-1	32
c6731	0	-1	0	-1	-1	0	0	0	0	-1	0	29	0	-1	0	0	0	0	-1	-1	-1	16	0	0	10	44	10	0	-1	0
c6732	0	0	27	28	0	-1	-1	44	0	-1	0	0	0	0	-1	-1	0	0	15	-1	0	-1	0	29	-1	-1	-1	-1	0	0
c6812	0	-1	0	-1	0	0	-1	0	0	0	36	0	-1	0	-1	21	0	0	0	28	0	16	16	29	-1	0	0	0	-1	0
c6818	0	29	0	28	-1	0	0	0	0	-1	0	0	44	0	1	31	0	0	-1	-1	0	16	0	0	10	0	10	0	0	0
c6823	0	-1	0	28	0	0	0	0	0	0	0	0	0	0	0	0	0	21	-1	28	0	16	0	29	0	-1	0	14	48	0
c6828	1	29	0	28	0	0	0	0	0	-1	38	0	-1	19	0	0	0	-1	0	-1	-1	16	0	-1	10	0	10	0	-1	0
c6829	1	29	0	28	0	0	0	-1	-1	-1	38	0	0	0	0	-1	0	-1	0	-1	0	16	0	0	10	0	-1	0	-1	0
c6837	48	29	0	28	-1	-1	0	24	6	-1	0	0	0	0	1	0	0	0	0	28	0	16	0	0	10	-1	10	0	0	-1
c6841	48	29	48	28	-1	0	28	36	48	-1	0	0	0	0	0	0	44	-1	0	28	0	16	0	39	10	-1	0	0	17	9
c6843	0	29	0	-1	-1	0	28	43	0	-1	0	0	0	0	-1	0	0	42	0	28	0	-1	0	0	10	0	-1	27	0	9
c6851	-1	0	-1	28	0	0	0	0	24	43	-1	0	0	36	0	0	0	48	21	-1	-1	16	30	29	-1	-1	-1	29	0	48
c6859	0	-1	-1	28	0	0	0	0	0	-1	0	0	-1	0	22	0	-1	0	0	-1	0	16	0	0	10	0	10	0	-1	12
c6866	0	29	0	28	0	0	29	0	0	-1	0	-1	0	0	0	0	24	0	0	28	0	-1	0	0	10	0	-1	0	0	0
c6877	0	0	0	28	-1	0	0	0	-1	0	0	0	6	-1	0	0	48	-1	-1	28	0	-1	36	29	27	0	0	0	-1	0
c6901	0	29	0	-1	0	-1	-1	28	0	-1	30	0	-1	0	0	-1	0	0	-1	28	0	16	-1	42	10	0	10	-1	0	8
c6912	-1	29	0	28	0	0	0	0	0	-1	0	0	0	0	-1	0	0	0	0	-1	20	16	0	0	10	0	10	-1	-1	12
c6913	-1	29	0	-1	0	0	0	0	0	-1	0	0	-1	0	0	0	0	0	0	-1	-1	16	0	0	10	9	10	-1	-1	-1
c6921	9	-1	0	28	0	0	0	12	0	-1	-1	0	0	0	0	29	43	0	-1	-1	-1	16	-1	9	10	0	10	0	-1	0
c6942	0	29	0	28	0	0	28	48	0	-1	0	0	0	0	0	0	0	-1	0	28	0	16	48	0	10	0	0	0	-1	-1
c6951	1	-1	0	28	0	0	-1	0	-1	0	0	5	0	0	-1	0	-1	21	0	28	0	16	-1	29	0	0	0	0	29	0
c6975	-1	29	-1	28	0	-1	-1	-1	0	-1	0	0	0	0	0	0	0	42	0	28	13	-1	48	0	10	0	-1	0	0	9
c6979	-1	-1	0	28	0	0	-1	0	32	29	0	0	0	0	0	0	-1	44	0	28	0	16	24	29	0	-1	-1	0	0	-1
c6980	0	-1	0	28	0	0	0	28	-1	-1	0	0	0	45	-1	37	0	0	0	-1	0	16	0	0	-1	-1	-1	0	-1	0
c6981	-1	29	0	28	-1	0	0	28	0	-1	0	-1	0	45	-1	37	-1	0	0	-1	0	-1	0	0	10	32	10	0	-1	0
c7022	48	29	48	28	0	0	-1	0	0	-1	0	0	0	5	-1	43	0	-1	0	28	0	16	0	-1	10	0	0	0	17	-1
c7035	32	-1	-1	28	0	0	0	0	48	-1	0	-1	0	0	0	0	0	0	0	-1	0	16	-1	0	10	0	10	0	-1	-1
c7076	0	-1	0	28	0	-1	-1	0	-1	0	36	0	0	-1	-1	21	0	0	0	28	0	-1	0	29	-1	0	-1	0	0	0
c7108	0	29	0	28	-1	0	28	0	0	-1	0	-1	9	36	0	9	0	42	24	28	28	16	0	0	-1	0	0	-1	0	9
c7109	0	29	0	28	0	0	28	-1	0	-1	0	0	9	36	0	-1	0	42	-1	28	28	16	-1	0	10	0	0	-1	0	9
c7120	0	29	0	28	0	-1	28	0	0	-1	0	36	9	0	0	-1	0	42	24	28	28	16	-1	-1	10	-1	-1	0	0	9
c7134	0	29	-1	28	0	0	28	36	0	-1	-1	0	-1	-1	0	24	0	42	24	28	28	16	0	-1	10	0	0	0	0	9
c7135	0	29	-1	28	0	-1	28	-1	-1	-1	0	0	9	0	0	24	0	42	24	28	28	16	0	0	10	0	0	0	0	9
c7136	0	0	0	28	0	0	0	0	48	-1	-1	-1	-1	0	-1	-1	0	-1	0	28	44	16	0	29	-1	-1	0	0	0	0
c7149	39	-1	0	-1	-1	0	0	0	9	0	-1	-1	36	-1	-1	0	0	0	0	28	0	16	36	29	-1	27	0	0	0	0
c7170	0	16	27	28	0	21	0	-1	0	0	0	0	0	0	-1	-1	0	0	0	28	0	16	40	29	-1	-1	0	0	-1	9
c7186	-1	0	0	28	-1	-1	32	0	24	0	0	0	0	0	-1	0	0	-1	21	-1	44	-1	30	29	-1	-1	0	36	0	48
c7197	0	0	0	-1	0	0	-1	-1	9	0	0	-1	6	4	0	0	48	-1	24	28	0	16	36	29	27	0	-1	0	0	0
c7198	-1	29	0	28	0	0	-1	39	0	-1	-1	0	0	-1	20	-1	0	-1	0	28	-1	-1	0	0	10	0	0	0	-1	9
c7205	-1	43	-1	28	0	0	0	44	0	43	0	-1	0	9	-1	-1	-1	13	0	28	-1	16	0	-1	-1	0	0	0	0	0
c7225	0	-1	0	28	0	0	28	0	0	-1	-1	0	0	0	0	9	0	42	0	28	0	16	0	0	10	0	0	0	17	9
c7256	0	29	0	-1	0	0	28	-1	0	-1	-1	-1	22	0	9	-1	-1	42	0	28	-1	16	0	0	10	48	0	48	-1	9
c7257	0	-1	0	28	0	0	28	0	0	-1	0	-1	0	0	9	0	0	42	0	28	28	-1	0	0	10	48	0	48	0	9
c7276	0	36	-1	28	0	36	28	0	0	0	0	0	0	-1	-1	19	5	0	0	28	0	16	0	-1	-1	0	-1	0	0	0
c7307	48	29	0	28	0	0	-1	0	-1	-1	4	-1	0	0	0	0	0	42	30	28	-1	16	36	0	10	0	42	-1	-1	9
c7331	17	0	0	28	0	-1	-1	13	0	0	0	0	0	0	-1	0	9	0	0	28	15	16	37	-1	-1	0	0	10	0	36
c7338	21	29	0	-1	0	0	0	-1	-1	-1	0	-1	0	-1	-1	-1	45	0	0	-1	0	16	0	0	-1	32	10	0	-1	0
c7343	0	-1	-1	28	0	0	28	-1	0	-1	38	0	-1	0	0	0	0	42	0	28	0	16	0	0	10	0	0	36	17	9
c7344	-1	29	40	28	0	-1	0	0	0	-1	0	-1	0	0	0	48	31	0	0	-1	-1	16	-1	0	10	0	10	0	0	0
c7377	0	48	45	28	0	42	0	44	0	0	0	0	36	-1	-1	-1	0	0	0	28	0	16	0	29	-1	0	-1	0	0	0
c7380	0	-1	30	28	-1	48	0	-1	0	0	36	0	-1	-1	0	0	-1	-1	-1	28	-1	-1	0	-1	29	0	0	0	0	0
c7389	0	29	0	-1	48	0	-1	-1	0	-1	0	0	0	48	1	0	0	0	0	28	0	16	0	43	-1	-1	-1	0	0	0
c7405	6	29	-1	28	0	0	28	-1	0	-1	-1	0	0	-1	0	0	0	42	0	28	0	16	0	-1	10	0	0	-1	17	9
c7407	0	29	0	28	0	-1	28	0	-1	-1	0	36	9	0	0	0	0	-1	-1	28	28	16	0	-1	10	0	0	0	0	9
c7467	0	29	0	-1	0	0	-1	0	0	-1	31	0	0	-1	0	-1	0	0	0	-1	0	16	0	0	-1	0	10	0	-1	0
c7474	0	-1	0	28	0	-1	0	-1	-1	-1	0	32	29	0	1	0	0	0	0	28	0	16	0	0	10	-1	10	0	-1	0
c7478	0	29	0	28	13	0	28	36	0	-1	0	-1	0	0	0	-1	0	42	0	28	-1	16	48	0	-1	0	0	0	0	9
c7482	32	-1	0	28	9	-1	0	0	0	-1	0	0	48	0	0	0	0	0	0	-1	0	16	-1	-1	10	0	10	0	-1	-1
c7497	9	29	0	-1	0	0	9	0	17	-1	0	5	0	0	0	29	0	0	-1	-1	-1	-1	0	0	10	0	10	0	0	0
c7503	0	29	0	28	48	0	0	-1	0	-1	0	36	28	49	1	0	0	0	0	28	0	16	0	0	10	0	10	0	0	48
c7527	0	29	0	28	0	0	28	39	0	-1	0	-1	0	-1	0	-1	-1	42	-1	28	0	-1	0	0	10	0	0	0	0	9
c7532	-1	29	0	28	0	0	0	24	0	-1	0	0	0	0	10	0	29	0	0	-1	0	16	-1	0	10	0	-1	0	-1	6
c7537	-1	29	0	28	39	0	0	-1	0	-1	0	0	0	0	-1	-1	-1	0	0	28	-1	16	0	0	10	-1	10	31	0	-1
c7546	0	0	0	28	0	36	0	0	0	0	-1	0	0	-1	-1	0	0	0	0	-1	-1	16	36	29	-1	0	-1	0	0	0
c7547	0	0	0	-1	0	-1	0	0	0	0	0	0	0	-1	-1	-1	0	0	-1	28	-1	16	36	29	-1	0	-1	0	0	0
c7561	0	-1	9	28	0	0	32	-1	-1	6	-1	0	0	0	27	-1	0	0	0	28	0	-1	-1	29	0	0	0	0	0	-1
c7602	0	0	27	28	0	-1	0	44	0	-1	0	0	0	9	-1	-1	44	0	0	-1	0	16	0	-1	-1	0	0	0	0	0
c7631	0	0	0	28	0	-1	-1	44	32	0	0	0	0	9	-1	-1	0	0	48	28	0	16	0	29	-1	0	0	0	0	30
c7637	0	0	0	28	-1	0	0	-1	-1	0	44	0	0	0	0	-1	0	48	21	28	0	16	30	-1	0	0	0	-1	-1	48
c7638	0	29	0	-1	0	0	28	39	0	-1	0	0	-1	-1	0	-1	-1	42	0	28	0	16	0	0	10	0	-1	0	0	-1
c7668	0	0	0	28	-1	0	36	0	24	0	0	0	12	38	-1	0	28	0	21	28	30	16	30	29	0	-1	0	0	0	-1
c7669	0	-1	0	-1	0	0	36	0	24	0	-1	0	12	38	-1	0	28	0	21	-1	30	16	30	29	-1	-1	0	0	0	-1
c7670	48	0	0	28	-1	36	28	0	-1	0	0	0	0	0	-1	24	25	0	0	28	0	16	0	29	-1	-1	0	0	0	-1
c7673	-1	29	-1	28	0	-1	28	0	-1	-1	0	0	0	-1	0	0	0	42	-1	28	13	16	48	0	10	0	0	-1	-1	9
c7683	0	-1	0	28	-1	0	-1	-1	0	0	0	32	-1	17	-1	0	0	0	0	28	6	16	0	29	-1	-1	0	-1	0	29
c7708	48	29	0	-1	0	0	28	4	0	-1	-1	0	0	0	0	-1	0	42	0	28	0	16	0	0	10	0	-1	0	-1	9
c7717	22	29	-1	-1	0	0	0	-1	0	-1	40	-1	0	0	24	0	35	42	0	-1	0	-1	0	0	10	0	10	0	-1	31
c7732	28	0	-1	-1	0	0	0	0	28	35	0	-1	0	0	-1	0	29	0	0	28	0	16	-1	29	-1	-1	0	0	0	0
c7750	48	29	0	28	0	0	28	0	9	-1	-1	-1	-1	-1	0	0	-1	42	0	-1	0	16	0	-1	-1	0	0	0	17	9
c7756	0	29	0	-1	-1	0	0	0	-1	-1	0	0	44	0	1	31	-1	0	24	28	0	16	0	0	10	0	10	0	0	0
c7784	0	-1	12	-1	0	0	28	-1	0	-1	7	0	0	-1	0	0	0	42	-1	28	0	16	-1	0	10	0	0	0	0	9
c7800	-1	29	0	28	0	0	0	0	0	-1	0	-1	0	0	0	-1	-1	0	0	-1	0	16	28	0	10	-1	-1	1	-1	0
c7805	0	0	30	28	0	48	-1	0	0	0	0	0	-1	0	0	0	-1	0	0	-1	0	-1	0	-1	14	0	42	0	0	43
c7806	0	29	15	-1	0	-1	15	0	0	-1	38	-1	0	0	-1	0	0	0	48	-1	-1	16	0	0	10	0	10	0	-1	0
c7809	0	0	0	-1	0	0	-1	-1	0	36	0	30	0	0	-1	0	48	0	0	28	-1	16	0	29	0	0	-1	0	48	0
c7817	32	29	0	28	0	0	0	0	0	-1	0	0	0	0	0	0	0	0	0	-1	0	16	-1	0	10	-1	10	0	-1	6
c7845	-1	29	0	28	-1	0	28	0	0	-1	0	36	-1	0	0	-1	0	42	0	28	0	16	0	0	10	0	0	0	17	9
c7850	0	-1	-1	28	-1	0	32	0	-1	39	0	43	0	41	-1	0	0	0	0	28	0	16	36	29	0	-1	-1	0	29	0
c7853	32	-1	0	28	0	0	16	0	0	-1	-1	-1	-1	-1	0	-1	0	0	0	-1	0	16	-1	0	10	-1	10	0	-1	-1
c7860	0	29	0	28	0	29	0	0	0	-1	40	-1	0	0	24	0	-1	0	0	-1	0	16	-1	0	10	-1	10	0	-1	-1
c7861	0	-1	0	28	0	-1	0	0	0	-1	40	29	-1	0	24	0	48	0	0	-1	0	16	-1	-1	10	0	10	0	-1	-1
c7872	48	29	0	28	0	0	28	4	0	-1	0	-1	0	-1	0	0	-1	42	0	28	0	-1	0	0	10	0	0	0	17	9
c7873	48	29	0	28	0	0	28	4	0	-1	-1	-1	-1	0	-1	0	0	42	0	28	0	16	-1	0	10	0	0	-1	17	9
c7933	0	29	0	-1	0	0	36	-1	0	-1	0	-1	-1	0	0	0	0	12	0	-1	6	16	-1	9	-1	0	10	0	0	-1
c7984	-1	29	0	28	0	0	0	0	0	-1	36	-1	0	0	0	0	0	0	0	-1	20	-1	0	-1	-1	0	10	-1	-1	12
c8038	0	0	0	28	-1	-1	28	0	0	0	-1	0	48	48	-1	0	-1	48	0	28	0	16	-1	29	-1	10	0	-1	-1	0
c8047	0	-1	0	-1	0	0	-1	-1	9	48	48	15	0	0	-1	0	-1	-1	-1	28	-1	16	36	29	0	0	28	0	0	0
c8052	0	0	0	28	0	0	0	21	9	0	0	32	0	-1	48	27	-1	0	-1	28	-1	16	36	29	0	0	-1	-1	0	0
c8072	0	29	0	28	0	-1	-1	24	0	-1	0	0	9	-1	0	0	0	42	-1	-1	28	16	-1	44	10	-1	0	-1	48	9
c8073	0	29	-1	28	0	-1	28	-1	0	-1	0	-1	-1	3	-1	0	0	-1	-1	28	28	-1	0	44	-1	-1	0	-1	-1	9
c8082	0	-1	0	28	0	0	0	0	-1	29	0	0	0	0	0	0	0	44	0	28	-1	16	24	29	0	0	-1	0	0	0
c8091	0	0	10	28	-1	-1	0	0	0	31	0	0	0	0	0	0	0	0	0	-1	44	16	0	29	0	0	0	0	0	-1
c8093	0	-1	0	28	-1	0	-1	0	0	29	-1	0	0	0	0	12	0	0	32	28	-1	-1	-1	29	0	0	9	0	4	-1
c8111	0	29	0	-1	0	0	0	13	33	-1	0	0	0	0	0	0	-1	0	0	-1	0	16	-1	0	-1	-1	10	0	-1	0
c8119	-1	29	9	28	0	0	28	24	0	-1	0	-1	9	-1	0	-1	0	42	24	28	-1	16	0	0	10	0	32	0	0	9
c8145	0	0	-1	28	0	0	0	0	-1	0	0	-1	0	13	0	-1	0	0	32	28	-1	16	36	29	0	0	-1	0	13	0
c8152	0	35	49	-1	0	-1	28	0	0	-1	0	0	0	0	-1	0	6	-1	0	-1	0	16	0	29	-1	-1	0	-1	0	0
c8169	28	-1	-1	28	-1	0	0	0	28	0	0	0	-1	0	38	39	29	-1	-1	28	0	-1	24	29	0	-1	0	0	-1	0
c8194	0	29	0	28	0	8	28	0	0	-1	-1	0	-1	0	0	0	0	-1	0	28	-1	16	0	0	10	0	0	0	-1	9
c8222	32	29	-1	28	-1	0	0	-1	0	-1	0	-1	0	-1	-1	0	0	0	0	-1	0	16	-1	0	10	0	10	0	-1	6
c8240	-1	29	0	28	-1	0	28	24	0	-1	0	0	9	-1	0	44	0	-1	24	28	28	16	0	0	10	-1	0	0	0	9
c8252	48	-1	0	28	0	0	28	9	9	-1	0	44	0	0	0	0	0	42	0	-1	0	16	0	-1	-1	0	0	0	17	9
c8255	0	29	-1	28	25	9	0	-1	0	-1	0	0	0	0	0	0	0	0	0	28	13	16	0	14	10	0	10	0	0	8
c8267	0	29	0	28	0	0	28	24	0	-1	0	0	-1	0	0	0	0	42	24	-1	28	16	0	0	10	0	0	0	0	-1
c8274	0	-1	28	28	36	0	0	0	9	0	-1	0	0	-1	0	0	0	-1	-1	28	0	16	36	29	0	0	-1	0	13	0
c8298	32	-1	0	28	-1	0	-1	-1	0	-1	0	0	0	0	0	0	0	-1	0	-1	1	16	-1	-1	10	12	10	0	-1	6
c8299	32	29	0	28	0	0	0	0	0	-1	0	-1	0	-1	-1	0	0	0	0	-1	1	-1	-1	0	10	12	10	0	-1	6
c8304	32	-1	0	28	0	-1	0	0	0	-1	0	0	0	0	-1	-1	9	0	0	-1	12	16	-1	9	-1	0	10	0	-1	-1
c8308	1	-1	-1	28	0	0	-1	0	-1	0	0	5	0	0	-1	0	48	21	0	28	-1	16	36	29	0	-1	0	0	29	0
c8330	44	-1	0	-1	9	0	0	-1	-1	-1	0	0	-1	45	-1	0	0	0	0	-1	0	16	-1	0	10	32	10	0	-1	0
c8331	44	29	0	28	9	0	0	-1	44	-1	-1	0	-1	45	-1	0	-1	0	0	-1	0	16	-1	0	10	32	10	0	-1	0
c8342	0	-1	-1	-1	0	-1	-1	0	0	-1	9	-1	24	43	0	-1	-1	0	-1	28	9	16	0	-1	-1	0	-1	0	0	0
c8372	48	0	0	-1	0	-1	28	10	0	0	0	0	0	0	-1	24	25	0	0	28	0	-1	0	29	-1	0	0	-1	-1	-1
c8377	28	0	-1	28	17	0	0	9	28	0	42	0	0	0	0	0	39	-1	0	28	0	16	24	29	0	0	-1	-1	0	0
c8382	0	29	-1	-1	48	1	36	0	0	-1	0	0	0	0	1	0	0	-1	-1	28	0	16	-1	0	10	-1	10	0	0	15
c8387	0	29	0	28	0	0	-1	24	0	-1	-1	0	9	0	-1	0	0	-1	24	-1	28	16	-1	0	10	0	0	-1	0	9
c8397	-1	-1	9	28	0	0	32	-1	-1	-1	-1	0	0	-1	-1	12	-1	0	0	-1	0	-1	-1	29	0	0	0	0	0	-1
c8416	-1	29	0	28	0	0	-1	43	0	-1	0	0	23	0	-1	0	0	42	0	28	0	16	0	0	10	0	-1	0	0	-1
c8417	0	29	0	28	-1	-1	28	43	-1	-1	0	-1	-1	0	-1	0	0	42	0	-1	0	16	0	0	10	0	-1	0	0	9
c8428	28	0	0	28	22	-1	-1	44	31	0	21	0	27	-1	-1	-1	0	0	0	-1	0	16	0	29	-1	0	-1	0	-1	0
c8454	17	0	0	28	0	0	0	-1	0	0	0	-1	0	0	-1	0	-1	0	0	28	15	16	37	29	-1	-1	0	-1	0	-1
c8455	-1	0	0	28	0	0	0	0	0	0	-1	-1	0	0	-1	-1	-1	0	0	28	15	-1	37	29	-1	-1	0	10	0	0
c8457	0	0	0	28	-1	0	-1	-1	0	0	-1	0	0	17	-1	-1	32	0	0	28	0	16	44	29	-1	0	0	0	0	0
c8484	-1	-1	0	28	0	31	0	0	0	-1	0	-1	48	0	0	0	0	0	-1	-1	0	16	-1	0	-1	0	10	0	-1	6
c8485	32	29	-1	-1	-1	31	-1	0	0	-1	0	0	-1	0	0	0	0	0	0	-1	0	16	-1	0	10	0	10	0	-1	6
c8499	9	29	0	28	0	0	-1	-1	31	-1	0	-1	0	-1	0	-1	0	0	0	-1	-1	16	-1	-1	10	0	10	0	0	0
c8502	0	0	-1	28	0	0	0	0	0	31	0	0	-1	0	0	-1	0	0	0	28	44	16	-1	29	0	0	0	0	0	0
c8518	24	-1	0	28	0	-1	32	31	9	0	-1	-1	0	0	0	-1	0	0	0	28	-1	16	36	29	0	0	-1	0	-1	-1
c8526	44	0	0	28	0	21	0	44	0	0	0	-1	0	0	-1	-1	-1	0	0	-1	-1	-1	0	29	-1	0	0	-1	0	-1
c8536	0	-1	0	-1	0	0	0	28	0	-1	0	0	0	0	-1	0	-1	0	0	-1	14	16	-1	-1	10	32	10	0	-1	0
c8544	0	0	48	28	0	36	0	0	0	-1	0	-1	0	0	-1	0	-1	27	0	28	-1	16	49	29	-1	0	-1	0	0	0
c8560	0	0	0	28	48	0	0	0	-1	-1	0	-1	0	13	0	0	0	9	0	-1	0	16	24	29	0	-1	-1	-1	0	-1
c8570	0	29	0	28	0	0	0	0	0	-1	-1	29	0	0	24	0	28	0	0	-1	0	16	0	0	10	-1	-1	-1	-1	-1
c8578	0	29	0	28	48	0	0	0	0	-1	-1	36	28	-1	-1	0	0	-1	-1	-1	0	16	0	0	-1	0	10	0	0	48
c8590	16	29	-1	28	0	42	28	0	0	-1	5	0	0	0	0	-1	0	42	0	28	31	16	0	0	10	0	0	0	0	-1
c8595	0	29	0	-1	0	0	0	-1	0	-1	0	0	29	23	1	42	-1	0	0	28	0	-1	0	0	10	32	10	0	-1	9
c8605	-1	29	0	-1	0	0	0	0	-1	-1	36	0	0	0	0	0	0	0	0	-1	-1	16	0	0	10	0	10	-1	-1	12
c8629	-1	0	0	-1	0	0	0	0	0	-1	-1	0	0	14	0	0	0	-1	0	28	0	16	24	29	13	-1	0	0	44	0
c8630	0	-1	0	28	0	0	32	0	-1	0	0	0	15	0	-1	12	0	0	0	28	0	-1	36	29	0	0	0	0	-1	-1
c8631	-1	-1	0	28	0	0	32	0	-1	0	0	-1	-1	0	-1	12	0	0	-1	28	-1	-1	36	29	-1	0	0	0	0	0
c8642	-1	-1	-1	28	48	0	0	-1	0	-1	-1	-1	0	0	1	0	0	0	0	28	0	16	0	0	-1	-1	10	0	0	0
c8644	0	-1	-1	-1	0	0	6	0	-1	-1	-1	0	0	0	0	0	0	0	0	-1	0	16	0	0	-1	43	10	0	-1	0
c8648	-1	5	0	28	0	0	0	0	0	0	0	0	-1	0	-1	-1	21	-1	0	28	0	-1	0	29	-1	0	0	0	-1	0
c8659	0	29	0	28	0	0	19	0	0	-1	0	0	0	28	0	0	-1	0	0	-1	0	16	0	0	10	0	10	-1	-1	-1
c8662	0	29	0	28	0	0	28	-1	-1	-1	0	0	0	0	0	0	-1	42	0	28	13	16	48	-1	-1	0	0	0	-1	9
c8678	-1	-1	0	28	0	0	0	0	0	-1	0	0	0	-1	0	0	0	0	0	-1	0	-1	0	0	10	0	10	-1	-1	-1
c8684	0	29	-1	28	-1	-1	0	0	0	-1	0	-1	0	20	-1	-1	0	44	-1	-1	0	-1	0	0	10	0	-1	0	-1	0
c8696	0	29	0	28	0	0	-1	0	0	-1	0	0	0	0	0	0	0	0	0	28	0	-1	0	0	-1	0	-1	0	0	8
c8705	-1	0	0	28	0	0	0	0	0	31	0	0	16	0	0	-1	0	0	-1	28	0	16	9	-1	0	0	0	-1	0	0
c8712	0	0	30	28	0	-1	-1	-1	0	0	0	0	-1	0	0	0	0	0	0	28	0	-1	0	29	-1	-1	-1	0	0	0
c8717	28	0	0	-1	-1	0	0	28	28	-1	0	0	0	0	-1	-1	39	-1	0	-1	17	16	24	29	0	0	0	0	0	0
c8719	0	0	9	28	-1	0	0	0	9	28	0	0	-1	0	0	0	0	-1	24	28	0	16	36	29	0	0	0	-1	0	-1
c8739	-1	-1	0	28	36	0	0	28	-1	-1	0	0	-1	45	-1	0	0	0	0	-1	0	-1	0	21	10	32	10	-1	-1	0
c8742	-1	48	30	28	0	48	14	0	-1	-1	36	0	0	36	25	0	0	0	0	28	0	16	-1	29	29	0	0	44	-1	0
c8762	0	29	0	28	0	-1	28	0	0	-1	0	-1	42	28	-1	0	0	42	-1	-1	28	16	0	-1	10	0	0	0	-1	9
c8763	0	29	-1	28	0	37	28	0	0	-1	0	36	42	28	0	0	0	42	0	28	28	16	-1	0	10	0	0	0	0	9
c8781	9	29	-1	28	-1	0	0	-1	0	-1	0	-1	0	9	0	-1	-1	-1	-1	-1	-1	-1	0	-1	10	-1	10	0	0	-1
c8791	0	0	27	28	0	-1	39	44	0	-1	32	0	0	-1	-1	-1	-1	0	0	-1	0	16	0	29	-1	0	43	0	0	-1
c8792	0	-1	0	28	0	0	28	39	0	-1	0	0	49	0	4	0	0	42	-1	28	0	16	0	0	10	0	-1	0	17	9
c8818	0	29	0	-1	0	0	0	0	0	-1	36	-1	0	18	0	0	0	-1	0	-1	20	16	-1	0	10	-1	10	-1	-1	12
c8819	0	-1	0	28	0	0	0	-1	0	-1	36	0	0	18	0	0	0	0	0	-1	20	-1	0	0	10	-1	-1	-1	-1	12
c8820	0	-1	0	28	0	0	31	0	0	35	42	0	0	0	0	0	16	-1	0	28	24	-1	0	-1	0	0	0	0	48	0
c8834	48	29	0	28	0	0	28	0	48	-1	0	0	0	0	0	0	-1	42	27	28	0	16	0	0	10	0	0	-1	17	-1
c8835	48	29	0	28	0	0	-1	0	48	-1	0	0	0	0	0	-1	44	42	27	28	-1	16	-1	-1	10	-1	0	-1	17	9
c8844	-1	29	-1	-1	0	0	28	9	9	-1	0	-1	0	0	0	0	-1	42	0	28	-1	16	0	-1	10	0	0	0	-1	9
c8849	32	29	0	28	0	0	0	0	39	-1	0	0	0	0	0	0	0	0	0	-1	12	16	-1	0	10	0	10	0	-1	6
c8853	39	-1	0	28	0	0	0	-1	9	0	-1	0	36	13	0	0	0	36	0	28	0	16	36	-1	0	-1	0	0	0	0
c8854	32	-1	0	28	0	20	0	0	0	-1	-1	0	0	0	0	0	0	0	0	-1	0	-1	-1	0	10	0	10	0	-1	6
c8856	-1	29	0	28	39	0	0	-1	0	-1	0	-1	0	-1	1	-1	0	0	0	28	0	16	0	0	10	-1	10	31	0	0
c8866	-1	-1	0	28	0	0	0	-1	0	-1	0	0	0	0	0	0	0	0	0	-1	0	16	-1	27	10	0	10	0	-1	6
c8867	32	29	-1	28	0	0	0	0	0	-1	0	0	0	0	0	0	-1	0	0	-1	0	16	-1	27	-1	-1	10	0	-1	6
c8885	0	-1	0	28	0	0	0	0	32	29	-1	0	-1	0	0	0	-1	44	0	28	0	16	24	-1	0	-1	9	0	-1	14
c8889	0	0	-1	28	0	0	0	-1	0	0	0	0	0	-1	-1	0	0	0	-1	28	0	16	0	29	-1	0	0	-1	0	0
c8893	6	-1	0	28	0	0	0	0	-1	-1	0	0	0	0	0	0	0	44	0	28	0	16	24	29	-1	0	9	-1	0	0
c8896	48	29	0	28	0	0	28	0	0	-1	0	0	0	0	0	17	0	42	0	-1	0	-1	0	9	10	0	0	0	17	-1
c8905	22	0	10	28	-1	0	0	44	0	0	0	-1	-1	-1	-1	0	0	0	0	28	0	16	0	29	-1	-1	0	-1	-1	-1
c8934	-1	-1	0	28	23	0	-1	0	0	-1	0	-1	0	-1	0	0	0	0	0	-1	0	16	0	0	10	0	10	0	-1	0
c8935	-1	-1	0	28	23	0	0	0	-1	-1	0	-1	0	-1	0	0	-1	0	0	-1	0	16	0	-1	10	-1	10	0	-1	0
c8942	0	-1	0	28	0	0	9	28	0	-1	0	0	0	45	-1	0	0	0	0	-1	0	16	13	0	10	-1	10	0	-1	-1
c8943	0	29	0	28	0	0	9	28	-1	-1	-1	-1	-1	45	-1	-1	0	0	0	-1	-1	-1	13	0	10	32	10	0	-1	0
c8951	-1	0	0	28	-1	-1	-1	44	31	0	0	-1	27	0	-1	-1	0	0	0	28	0	-1	0	29	-1	0	0	0	0	0
c8974	-1	0	0	28	0	21	0	44	-1	0	0	0	36	0	-1	-1	0	0	0	28	0	16	0	29	-1	0	0	0	-1	0
c8994	-1	29	0	28	0	0	28	-1	-1	-1	0	0	0	0	0	0	-1	42	0	-1	0	16	0	-1	10	0	0	-1	17	9
c8998	0	29	-1	28	0	0	28	39	0	-1	-1	0	0	-1	0	0	-1	42	0	28	0	-1	-1	0	10	0	0	0	0	9
c9024	48	29	0	28	-1	0	28	0	0	-1	0	-1	0	0	-1	0	0	42	30	28	0	-1	36	0	-1	0	42	0	17	9
c9025	-1	29	0	28	0	0	28	0	-1	-1	0	0	0	0	0	0	0	42	30	-1	0	-1	36	0	10	0	42	0	-1	9
c9036	32	29	0	28	9	-1	0	0	0	-1	0	0	48	0	0	-1	0	0	0	-1	0	-1	-1	-1	10	0	10	0	-1	-1
c9037	32	29	-1	28	9	31	-1	0	0	-1	0	0	48	0	0	0	0	0	0	-1	0	16	-1	0	10	0	10	0	-1	6
c9053	24	-1	0	28	0	0	32	31	9	0	0	-1	0	0	-1	0	0	0	29	28	-1	-1	36	29	-1	0	-1	9	0	-1
c9054	0	29	-1	28	0	-1	0	-1	0	-1	0	-1	0	0	0	-1	0	12	0	28	0	-1	-1	-1	10	0	10	0	0	48
c9066	0	29	0	28	48	9	0	24	6	-1	0	0	0	0	1	0	0	0	0	28	-1	16	0	-1	10	0	10	0	0	0
c9077	-1	0	0	28	-1	38	32	0	9	0	-1	-1	36	13	44	36	0	-1	-1	28	0	16	36	29	0	-1	0	-1	-1	-1
c9080	48	29	0	28	0	-1	28	48	0	-1	0	0	0	-1	0	13	0	42	30	28	-1	16	39	-1	10	0	42	0	17	9
c9097	-1	0	0	28	0	0	-1	-1	9	48	48	15	0	0	-1	0	0	0	24	-1	-1	16	36	29	0	0	-1	0	0	0
c9098	-1	-1	0	28	0	0	28	0	0	-1	5	0	0	-1	0	-1	0	42	0	28	-1	16	0	0	10	0	0	-1	0	-1
c9125	0	0	48	28	-1	-1	-1	0	0	29	0	0	0	0	0	0	-1	-1	0	-1	13	16	24	-1	0	0	9	-1	0	-1
c9140	0	-1	0	28	-1	36	0	35	0	-1	0	0	0	0	-1	0	19	0	0	28	-1	-1	36	29	-1	0	-1	44	0	0
