	0	1	2	3	4	5	6	7	8	9	10	11	12	13	14	15	16	17	18	19	20	21	22	23	24	25	26	27	28	29
c742	-1	0	-1	2	16	18	44	-1	-1	19	-1	0	0	-1	0	0	-1	41	0	-1	0	40	0	44	0	-1	30	0	0	41
c969	-1	0	-1	0	36	-1	44	0	0	0	0	0	0	-1	0	0	0	-1	0	0	0	-1	0	0	0	0	0	0	42	41
c1015	42	0	-1	0	0	18	44	-1	-1	0	0	42	0	8	0	0	-1	0	0	0	0	-1	0	22	23	0	-1	0	-1	41
c1501	0	0	-1	0	-1	18	-1	0	-1	33	0	24	0	-1	0	-1	-1	0	0	0	0	-1	22	22	-1	20	0	0	0	-1
c1690	-1	0	28	0	-1	18	44	-1	-1	28	0	8	0	0	0	0	0	36	-1	0	0	0	35	-1	24	40	44	0	-1	-1
c1749	-1	0	28	0	23	-1	44	0	0	0	36	0	0	42	0	0	47	0	0	0	0	-1	0	-1	31	42	0	0	0	41
c1855	-1	0	0	31	35	18	44	-1	-1	0	43	-1	-1	0	27	0	-1	-1	0	3	0	40	0	-1	0	30	0	-1	24	41
c1881	-1	0	28	39	-1	18	44	-1	11	-1	36	-1	0	0	0	0	-1	35	0	0	0	0	0	0	-1	22	0	0	0	-1
c1923	-1	0	28	0	-1	18	44	0	-1	0	0	0	0	23	-1	0	0	-1	0	0	1	-1	40	0	0	0	22	0	0	41
c1930	0	0	-1	0	0	18	44	0	19	0	-1	0	27	-1	0	0	-1	0	-1	0	0	9	6	0	-1	30	0	0	24	41
c2041	0	0	-1	-1	0	18	-1	0	23	0	0	0	0	-1	0	24	8	-1	47	-1	0	0	-1	22	-1	0	-1	-1	6	41
c2095	-1	0	0	0	-1	-1	44	-1	-1	14	40	0	27	0	-1	0	0	-1	0	0	-1	0	6	0	0	30	0	-1	-1	41
c2241	-1	0	28	0	0	-1	44	0	0	-1	36	0	-1	-1	-1	0	47	23	0	-1	-1	-1	0	-1	31	0	0	0	0	41
c2266	-1	0	-1	0	0	-1	44	22	0	0	36	0	0	0	-1	-1	47	0	-1	-1	0	-1	44	0	31	0	-1	0	-1	41
c2272	35	0	-1	0	-1	18	-1	0	0	4	0	0	0	8	42	0	0	-1	0	0	0	-1	23	22	32	0	0	0	-1	41
c2425	-1	23	-1	0	0	18	44	0	0	35	0	0	27	0	27	23	29	0	0	0	39	0	0	0	0	30	0	0	-1	41
c2470	0	0	-1	0	-1	18	44	18	-1	0	35	0	-1	0	0	0	36	-1	0	0	-1	-1	0	22	0	0	-1	0	32	41
c2545	-1	0	0	31	0	18	44	0	-1	0	0	0	27	27	27	0	-1	0	-1	3	0	40	-1	0	0	30	-1	6	-1	-1
c2564	9	0	0	0	-1	18	44	0	0	0	0	0	-1	-1	0	40	0	19	0	0	0	0	0	32	0	30	-1	36	24	41
c2595	0	0	-1	0	0	18	44	-1	0	0	0	0	27	0	39	0	0	0	0	0	0	9	6	40	0	-1	0	0	24	41
c2745	0	50	-1	1	-1	18	44	0	31	0	23	-1	0	-1	0	0	40	0	-1	0	-1	0	-1	22	0	-1	0	19	0	-1
c2795	-1	39	-1	0	0	18	-1	28	42	-1	0	0	36	0	36	0	0	0	-1	0	-1	-1	-1	-1	40	0	-1	-1	-1	41
c2854	9	-1	0	0	0	18	44	0	0	0	0	0	-1	-1	0	0	-1	-1	0	0	-1	40	0	0	39	30	0	36	24	41
c2961	18	0	0	0	46	39	16	0	-1	0	40	0	-1	0	0	24	0	0	-1	0	44	0	50	0	40	0	16	30	0	0
c2974	-1	0	-1	0	16	18	44	42	-1	12	-1	-1	0	-1	0	0	0	0	0	0	0	40	-1	-1	0	0	0	42	0	41
c3007	0	0	0	0	-1	-1	44	0	0	-1	0	4	-1	0	0	0	0	0	-1	0	-1	-1	0	0	0	0	11	-1	24	41
c3085	-1	0	0	0	-1	-1	44	10	-1	-1	0	0	27	6	0	0	0	4	0	30	0	28	6	0	0	30	0	35	24	41
c3203	-1	0	28	19	13	-1	-1	0	36	8	-1	0	0	0	36	18	47	0	0	0	-1	-1	-1	0	31	0	0	0	0	41
c3223	30	0	-1	0	0	18	-1	-1	0	0	0	9	-1	8	42	-1	0	19	0	0	0	19	-1	22	-1	0	-1	0	27	41
c3245	0	41	-1	9	47	-1	44	0	0	0	29	0	-1	0	0	0	36	-1	9	0	-1	0	0	-1	0	0	0	0	0	41
c3303	0	0	-1	46	0	18	-1	-1	23	-1	0	0	0	-1	0	44	8	-1	0	0	0	44	35	22	23	-1	0	-1	0	41
c3394	-1	0	28	0	42	18	44	0	0	-1	0	31	0	40	0	0	0	0	0	-1	0	0	40	0	0	0	0	0	0	41
c3414	0	0	36	0	0	18	44	0	0	0	0	0	-1	0	0	0	-1	0	0	29	0	9	-1	-1	-1	30	0	0	24	41
c3466	-1	35	28	0	0	-1	-1	0	0	-1	-1	-1	0	0	36	0	47	0	0	-1	29	-1	0	0	31	36	47	9	0	41
c3509	-1	40	-1	8	-1	18	44	0	0	0	35	0	0	6	0	-1	-1	0	-1	1	-1	-1	0	0	-1	0	0	-1	0	-1
c3636	-1	-1	0	0	0	18	44	0	0	42	0	-1	-1	-1	0	0	9	0	0	0	0	-1	0	0	-1	-1	0	35	24	41
c3707	0	-1	-1	0	0	18	44	0	-1	0	39	19	27	0	42	42	47	0	21	-1	0	-1	6	0	0	30	43	-1	24	41
c3736	-1	0	28	0	23	18	-1	0	0	-1	-1	42	0	0	0	-1	46	0	-1	0	1	0	40	0	0	0	22	4	-1	-1
c3804	18	0	22	0	44	-1	-1	0	-1	0	0	0	-1	0	0	-1	0	0	34	30	13	0	0	9	0	0	0	30	-1	0
c3831	-1	0	-1	0	0	-1	44	0	0	0	0	-1	27	49	27	39	-1	21	-1	0	-1	0	32	0	0	30	0	0	24	41
c3896	0	0	-1	0	0	18	44	10	44	0	19	0	27	-1	-1	-1	-1	0	0	0	0	0	0	22	0	0	0	0	42	-1
c3902	-1	0	-1	0	0	18	44	-1	0	0	0	0	0	47	0	0	0	13	2	0	0	0	0	0	0	0	0	0	19	41
c3941	-1	0	28	-1	0	18	44	-1	0	0	-1	1	40	-1	-1	0	0	0	0	0	40	0	0	0	21	0	0	0	-1	41
c3985	-1	0	28	30	0	-1	44	-1	0	49	36	42	0	-1	-1	0	47	-1	0	-1	0	-1	44	0	-1	0	0	0	0	41
c3991	-1	-1	28	0	0	-1	44	18	0	5	36	0	42	-1	-1	0	47	23	0	0	0	-1	0	-1	31	-1	0	-1	0	41
c4002	0	40	17	10	42	18	44	2	-1	13	0	0	40	0	-1	0	0	0	0	0	0	50	0	-1	-1	0	0	0	24	41
c4134	0	0	0	9	6	18	-1	0	0	42	-1	-1	27	0	0	9	-1	0	0	0	-1	0	0	18	0	-1	0	0	24	41
c4136	-1	0	28	12	-1	18	44	-1	0	30	0	0	0	0	44	0	0	0	0	0	32	-1	19	0	0	-1	0	0	0	41
c4158	-1	0	-1	25	19	18	-1	3	0	0	0	-1	27	0	0	0	-1	47	0	0	0	17	6	8	-1	30	0	-1	24	41
c4170	30	0	-1	-1	-1	18	44	0	44	0	19	0	0	7	0	0	0	0	-1	0	0	0	0	22	-1	0	-1	0	0	41
c4190	-1	0	28	0	0	18	44	0	-1	0	-1	0	0	0	0	9	0	-1	42	0	0	0	0	0	0	10	42	-1	-1	-1
c4197	-1	0	-1	0	0	18	44	40	-1	0	0	0	0	0	0	0	0	36	2	0	0	0	0	-1	0	-1	0	0	44	41
c4227	0	0	-1	0	0	18	44	-1	23	0	0	0	0	-1	0	0	8	0	-1	42	0	-1	0	22	23	-1	0	0	44	41
c4267	-1	0	28	0	0	18	-1	-1	41	0	50	42	0	0	21	18	-1	-1	-1	-1	0	13	6	0	0	0	-1	0	0	-1
c4284	-1	-1	0	0	0	-1	-1	-1	0	-1	0	27	27	0	38	0	-1	0	0	0	0	0	0	0	0	0	0	0	24	41
c4405	-1	0	-1	0	0	-1	44	0	23	0	0	0	4	-1	0	0	8	39	0	0	0	0	0	22	23	-1	-1	40	0	-1
c4418	-1	0	-1	0	0	18	44	23	0	0	0	-1	0	0	9	0	-1	0	0	0	24	-1	0	0	-1	0	2	0	0	41
c4433	18	8	22	0	0	-1	29	0	0	39	-1	0	-1	-1	0	24	0	0	0	0	0	0	0	-1	0	0	0	30	-1	0
c4452	0	0	-1	0	16	18	44	-1	0	0	-1	0	0	0	0	0	44	-1	22	0	0	-1	0	-1	24	0	-1	32	0	41
c4461	-1	0	28	0	-1	18	44	0	0	-1	-1	-1	-1	0	0	-1	-1	18	-1	-1	-1	0	0	3	-1	30	0	0	-1	41
c4542	0	0	-1	0	0	18	44	-1	39	22	0	0	0	0	0	0	-1	0	0	0	-1	35	0	22	-1	0	0	0	30	-1
c4557	-1	11	-1	39	-1	18	44	0	44	-1	19	42	44	0	35	0	-1	-1	9	0	0	9	4	-1	39	43	0	0	-1	-1
c4606	-1	0	35	0	0	-1	44	0	0	-1	-1	-1	27	-1	27	0	0	-1	0	0	39	0	-1	0	0	30	24	0	-1	-1
c4737	0	0	-1	4	40	18	44	-1	40	30	-1	0	0	24	0	0	0	0	0	5	0	-1	0	22	0	-1	0	18	-1	41
c4761	0	0	-1	0	0	18	44	-1	23	0	-1	0	0	8	0	0	8	0	0	0	0	0	-1	22	23	0	-1	35	-1	-1
c4812	-1	0	-1	0	-1	18	44	-1	9	9	19	0	0	40	0	35	0	-1	0	0	0	-1	0	35	0	18	0	-1	0	41
c4839	18	0	-1	0	-1	0	-1	0	0	32	35	-1	-1	0	-1	24	9	27	0	0	0	5	-1	0	0	0	0	30	-1	23
c4921	0	0	-1	0	-1	-1	44	18	0	0	-1	0	0	8	-1	0	-1	-1	0	-1	0	19	-1	-1	32	0	0	-1	-1	41
c4951	-1	0	-1	-1	0	-1	-1	19	-1	50	0	0	-1	-1	0	0	49	0	0	31	0	0	6	0	0	10	0	0	40	41
c4969	-1	0	-1	5	-1	-1	44	0	-1	5	36	42	0	0	-1	18	47	23	0	0	-1	-1	0	0	31	0	0	0	0	41
c5011	-1	0	-1	0	14	18	44	0	41	-1	-1	0	-1	0	21	-1	0	0	-1	-1	0	0	6	0	0	0	-1	47	23	41
c5030	0	0	-1	0	0	18	44	9	23	0	35	-1	-1	8	0	0	8	0	0	-1	0	0	0	22	-1	0	0	-1	0	41
c5040	-1	0	28	0	-1	18	44	0	0	0	0	-1	35	0	0	0	-1	-1	-1	0	0	-1	-1	0	0	46	2	0	0	41
c5042	0	0	28	0	0	18	-1	-1	0	42	0	0	27	0	0	0	42	0	24	0	0	0	0	0	0	0	0	0	24	-1
c5048	18	-1	-1	0	17	0	-1	0	17	0	40	-1	-1	36	43	24	0	47	0	0	30	0	0	0	0	0	21	-1	0	29
c5088	-1	0	28	30	-1	18	44	-1	-1	27	-1	37	0	0	0	0	0	0	0	0	0	0	0	-1	0	0	0	0	-1	-1
c5099	0	0	-1	0	40	18	44	0	0	30	36	0	-1	0	0	0	40	0	-1	5	0	0	0	22	0	0	9	18	0	41
c5104	-1	0	28	35	9	18	44	-1	0	44	-1	0	0	-1	0	9	0	0	0	32	0	0	0	-1	0	-1	0	0	0	41
c5123	-1	0	28	0	-1	18	44	-1	9	0	0	0	0	0	0	0	0	0	0	0	-1	0	0	0	-1	-1	11	0	0	41
c5124	9	24	0	0	-1	-1	44	-1	0	43	22	0	-1	-1	-1	0	0	0	0	0	0	40	0	-1	39	30	0	36	24	-1
c5155	0	0	-1	0	24	18	44	0	0	18	9	0	0	19	18	50	-1	0	0	-1	-1	-1	0	0	4	0	25	27	-1	-1
c5206	-1	0	-1	27	0	18	-1	-1	-1	9	0	-1	0	42	0	0	-1	0	0	-1	24	9	0	-1	-1	0	-1	0	0	41
c5218	0	0	36	0	0	18	44	-1	19	-1	0	0	-1	0	0	0	0	0	0	0	30	9	6	0	0	30	-1	0	24	41
c5219	0	0	36	0	0	18	44	0	19	0	0	0	27	0	39	0	0	0	19	-1	0	9	6	0	0	30	-1	0	24	41
c5257	0	-1	-1	46	9	18	44	0	-1	4	0	-1	36	8	-1	-1	0	-1	0	0	0	-1	0	22	-1	0	0	0	0	41
c5277	9	-1	0	0	0	18	-1	-1	0	0	-1	-1	-1	0	0	18	-1	-1	0	0	0	0	0	-1	-1	0	0	48	24	41
c5283	-1	0	28	0	0	18	44	0	0	47	-1	0	0	0	21	0	0	0	0	-1	0	1	40	25	0	-1	33	0	-1	41
c5304	18	22	-1	0	0	18	44	-1	44	0	19	0	-1	0	11	-1	-1	0	0	0	19	0	-1	22	0	-1	5	0	42	-1
c5308	-1	0	28	0	0	18	44	0	0	0	0	0	0	0	0	0	0	0	0	0	0	-1	0	0	0	-1	0	0	0	41
c5309	-1	-1	28	0	0	18	44	0	0	-1	0	0	-1	0	-1	0	0	0	0	0	-1	-1	0	0	0	50	0	-1	-1	41
c5372	-1	0	-1	0	0	-1	-1	0	23	0	0	0	0	8	46	19	-1	0	43	0	0	0	0	22	-1	0	42	0	30	41
c5377	-1	0	28	40	0	-1	44	40	47	42	0	40	0	-1	9	-1	0	-1	5	0	0	0	0	0	-1	0	-1	0	0	41
c5382	0	0	-1	0	16	18	44	-1	-1	0	-1	0	0	30	-1	0	33	13	-1	-1	0	-1	-1	44	0	-1	0	0	44	41
c5532	-1	23	-1	0	-1	18	44	-1	-1	-1	0	25	0	0	0	0	0	0	0	0	0	0	-1	0	-1	0	21	-1	-1	41
c5533	-1	-1	-1	0	9	18	44	-1	0	-1	-1	0	0	47	0	0	-1	-1	0	0	0	0	0	0	0	-1	21	-1	-1	41
c5553	-1	0	36	0	0	18	44	0	19	0	-1	0	27	-1	4	0	0	40	0	0	0	9	6	0	-1	30	0	0	24	41
c5558	-1	0	0	0	-1	18	44	0	0	31	0	0	-1	0	0	40	-1	19	0	0	0	0	0	-1	0	30	-1	36	24	41
c5577	0	13	-1	0	0	-1	-1	-1	-1	0	39	0	0	0	41	40	-1	36	2	-1	19	0	0	-1	23	-1	0	-1	0	41
c5614	0	0	-1	0	-1	-1	44	-1	0	0	0	36	5	5	-1	-1	0	47	0	0	0	0	42	0	0	0	25	-1	24	41
c5622	-1	23	-1	-1	0	-1	-1	27	0	-1	0	-1	-1	-1	40	-1	0	0	-1	23	-1	0	21	0	0	0	0	17	0	41
c5626	0	0	44	0	0	18	44	0	0	0	0	0	-1	5	-1	-1	0	-1	0	18	-1	0	0	0	-1	0	25	27	24	41
c5634	-1	0	-1	42	0	18	44	0	-1	0	-1	0	-1	47	0	0	-1	0	2	0	0	-1	-1	0	-1	-1	44	-1	-1	41
c5640	-1	0	0	0	0	18	44	0	0	0	-1	0	-1	0	-1	0	0	23	0	-1	0	0	0	-1	0	0	0	48	24	41
c5648	0	0	-1	1	-1	18	44	-1	31	0	23	-1	0	-1	0	0	0	0	-1	38	1	-1	-1	-1	0	13	0	19	-1	-1
c5663	-1	0	40	0	0	18	44	23	0	0	-1	-1	27	0	-1	13	-1	0	0	-1	0	0	6	-1	0	-1	0	0	24	41
c5677	18	-1	22	-1	0	-1	29	0	0	0	0	-1	-1	0	0	24	0	-1	0	0	-1	6	-1	0	0	0	0	30	-1	0
c5695	-1	23	28	0	0	18	-1	0	0	0	0	-1	0	0	0	0	-1	0	27	-1	-1	-1	39	0	0	0	-1	0	0	41
c5706	-1	0	24	0	0	18	44	0	-1	-1	0	-1	27	6	-1	-1	-1	0	0	23	0	0	6	0	-1	30	0	35	24	41
c5714	-1	0	36	24	0	18	-1	-1	19	-1	0	43	27	0	0	0	0	0	-1	0	0	9	6	0	0	-1	0	0	24	41
c5719	0	0	0	0	39	18	44	35	21	0	0	19	27	0	0	0	-1	-1	0	23	0	0	6	0	-1	-1	0	-1	-1	41
c5723	0	0	-1	-1	16	18	44	42	0	0	-1	0	0	-1	0	0	-1	0	5	0	-1	40	0	-1	0	0	0	-1	-1	41
c5737	0	0	0	-1	0	18	-1	0	0	42	0	0	27	35	0	-1	42	0	0	0	0	0	0	18	-1	0	0	0	24	41
c5775	18	0	32	0	-1	40	-1	43	-1	0	40	0	-1	0	43	24	0	47	-1	30	-1	-1	1	0	-1	-1	0	30	0	0
c5779	-1	0	28	-1	-1	18	-1	5	9	0	-1	0	0	0	0	-1	0	13	0	-1	0	0	0	0	0	-1	-1	0	0	41
c5795	0	0	-1	-1	0	-1	44	0	0	0	0	0	27	-1	-1	0	0	0	-1	44	0	-1	6	0	-1	30	0	-1	24	41
c5828	-1	0	28	0	-1	18	-1	40	0	-1	0	0	0	0	-1	0	0	36	2	0	-1	0	0	0	0	0	0	0	44	41
c5875	-1	0	28	-1	9	18	-1	-1	-1	5	-1	0	0	24	0	-1	0	0	0	-1	0	0	0	0	0	-1	-1	0	-1	-1
c5894	0	11	-1	0	16	-1	44	-1	0	0	-1	2	0	0	0	0	0	0	0	0	0	40	0	0	24	0	-1	0	0	41
c5946	-1	44	28	35	9	-1	-1	-1	0	0	-1	-1	0	24	0	0	0	-1	0	-1	0	0	0	0	0	-1	0	0	0	41
c5982	-1	0	28	0	-1	-1	44	0	0	-1	36	0	6	0	0	0	47	0	0	-1	-1	-1	44	-1	31	0	35	0	0	41
c5989	-1	23	-1	-1	0	-1	-1	-1	0	-1	23	3	-1	-1	-1	23	0	0	-1	41	0	0	5	0	-1	0	0	36	0	-1
c5992	46	-1	-1	46	0	18	44	0	23	0	0	-1	0	-1	0	0	8	0	-1	-1	0	0	0	22	23	-1	-1	0	0	41
c6014	0	0	0	0	0	18	-1	18	0	9	0	-1	27	0	0	0	0	0	0	0	0	0	0	-1	0	-1	17	0	24	-1
c6061	-1	0	-1	0	0	-1	44	0	0	-1	0	24	0	0	36	0	47	0	2	0	21	-1	0	42	31	0	49	33	0	-1
c6069	-1	0	28	0	0	18	44	-1	41	-1	-1	0	0	0	21	0	0	-1	0	0	24	-1	-1	0	0	0	-1	0	0	41
c6126	0	0	36	0	0	18	44	19	0	-1	0	0	27	0	0	0	0	0	0	-1	0	9	6	-1	-1	-1	0	0	24	41
c6188	0	19	-1	0	16	18	-1	42	0	0	-1	-1	40	-1	-1	0	-1	-1	0	0	0	40	0	0	33	23	-1	0	0	41
c6190	-1	0	0	31	0	18	44	0	0	-1	0	36	27	27	27	-1	0	0	0	3	0	40	0	0	0	30	0	0	24	41
c6191	-1	0	0	-1	0	18	44	-1	0	0	0	-1	-1	27	27	-1	0	0	36	-1	-1	40	0	0	0	30	0	0	24	41
c6236	-1	-1	0	19	0	18	44	19	39	0	0	0	-1	-1	0	0	13	0	0	0	0	40	0	0	39	30	40	36	24	41
c6255	-1	0	0	0	0	18	-1	0	0	-1	0	0	27	0	27	0	0	-1	0	0	39	-1	-1	-1	0	30	0	-1	-1	-1
c6257	18	0	32	-1	0	0	0	43	0	0	40	-1	-1	0	-1	24	28	-1	0	30	-1	0	0	0	10	0	0	30	0	0
c6266	0	0	-1	0	0	18	-1	0	44	-1	19	0	0	0	39	35	0	50	36	-1	0	-1	0	22	0	0	0	-1	9	41
c6271	11	-1	-1	42	39	18	44	0	0	0	0	19	-1	39	0	0	47	0	-1	0	0	-1	6	0	-1	30	0	-1	24	41
c6307	-1	0	28	-1	0	18	-1	19	0	-1	0	0	0	0	0	0	0	0	-1	0	1	0	-1	0	0	10	-1	0	-1	41
c6354	1	-1	17	0	0	-1	44	2	-1	0	0	0	40	41	35	0	-1	0	-1	0	-1	-1	24	-1	0	-1	0	0	24	-1
c6393	-1	23	-1	0	0	18	-1	-1	-1	-1	0	0	11	0	-1	0	0	0	-1	23	6	0	0	0	0	0	0	-1	6	41
c6437	9	-1	-1	0	0	-1	44	0	0	0	-1	0	-1	19	-1	-1	0	0	0	9	0	19	0	-1	40	0	0	48	-1	41
c6442	18	-1	32	0	0	0	0	43	0	0	-1	0	-1	0	43	24	-1	47	-1	30	-1	0	0	6	0	28	0	30	0	-1
c6447	-1	-1	28	0	0	18	44	0	0	0	0	0	0	-1	0	0	0	0	0	0	0	35	0	-1	0	50	0	0	0	41
c6461	9	0	36	0	37	18	44	0	-1	0	-1	0	-1	0	0	0	33	0	0	30	24	-1	6	0	0	30	-1	-1	24	41
c6512	9	0	0	0	36	18	44	19	21	39	0	-1	-1	-1	0	0	0	0	0	0	0	-1	0	0	-1	30	-1	36	24	41
c6516	-1	-1	28	0	0	18	-1	0	0	39	-1	36	0	6	36	-1	0	18	-1	0	1	0	-1	3	0	30	0	-1	-1	41
c6550	-1	0	-1	31	0	18	44	0	-1	-1	0	0	27	27	27	0	0	0	0	3	0	-1	0	40	0	30	0	0	-1	-1
c6551	-1	0	0	31	0	18	44	-1	0	0	0	0	27	27	-1	0	0	0	0	3	-1	40	0	0	0	30	-1	0	24	41
c6556	-1	9	28	0	-1	18	44	0	-1	0	0	22	0	-1	-1	-1	0	-1	-1	0	0	43	38	3	35	30	46	0	-1	41
c6564	-1	-1	28	0	0	-1	44	0	0	0	0	0	0	33	0	0	0	-1	2	0	-1	18	0	0	0	-1	1	0	0	41
c6568	-1	0	28	0	0	-1	44	-1	35	5	36	0	0	-1	-1	-1	47	-1	0	0	0	-1	-1	-1	31	0	0	0	0	41
c6582	0	0	-1	-1	16	-1	44	42	0	0	-1	-1	0	0	-1	-1	0	0	0	0	0	40	0	0	-1	0	0	0	0	41
c6603	-1	0	28	-1	0	18	-1	19	0	0	0	-1	-1	-1	0	24	0	0	18	0	0	0	6	0	-1	-1	0	40	36	41
c6629	-1	40	-1	0	0	0	0	0	5	42	0	0	-1	0	-1	24	0	0	35	-1	39	0	-1	-1	29	0	9	30	0	-1
c6661	4	-1	-1	0	0	18	44	-1	9	30	0	36	35	-1	42	27	0	9	0	-1	9	19	39	-1	32	-1	0	0	22	41
c6686	-1	0	28	0	0	-1	44	-1	-1	0	0	30	49	-1	0	0	0	-1	-1	0	0	19	10	-1	0	-1	0	0	0	41
c6709	0	-1	-1	0	0	18	44	-1	23	-1	0	0	0	8	0	24	8	0	47	0	0	0	0	22	23	-1	0	0	6	41
c6793	-1	-1	28	0	0	18	44	0	-1	0	0	0	0	-1	0	0	-1	-1	-1	43	0	-1	9	0	-1	0	0	0	0	41
c6799	-1	0	28	0	30	-1	44	0	0	5	36	0	-1	0	-1	0	47	23	28	39	-1	-1	0	0	31	0	0	0	0	41
c6819	-1	0	-1	22	0	18	44	-1	-1	16	-1	0	5	8	0	-1	8	0	0	0	0	-1	0	22	23	-1	-1	-1	-1	-1
c6833	0	11	-1	-1	16	-1	44	42	9	0	-1	47	0	-1	0	0	0	0	0	0	0	40	0	0	24	0	0	-1	0	-1
c6863	18	0	0	0	40	0	12	0	9	32	0	0	-1	0	35	24	9	27	0	-1	-1	-1	-1	27	0	0	0	30	-1	23
c6891	29	0	17	0	32	18	44	2	0	0	-1	0	40	0	0	0	-1	0	0	0	0	50	-1	24	0	30	0	-1	-1	41
c6903	0	30	-1	0	0	18	44	0	-1	0	0	-1	-1	0	0	1	0	1	0	0	-1	-1	-1	22	0	19	0	0	0	41
c6931	-1	0	28	0	0	-1	44	0	9	0	19	0	0	40	37	0	-1	0	-1	0	0	0	-1	0	0	-1	0	0	0	-1
c6957	-1	0	-1	2	0	18	44	0	0	0	0	-1	0	-1	-1	0	-1	18	0	0	0	0	-1	0	0	-1	-1	0	46	41
c6970	0	13	-1	-1	0	18	44	-1	0	0	42	0	0	0	0	40	36	36	0	-1	0	0	0	22	0	0	0	0	0	41
c6978	-1	-1	-1	0	0	18	-1	10	-1	-1	0	0	27	6	-1	0	0	4	0	30	0	28	6	0	0	-1	0	35	24	41
c6985	-1	0	28	0	0	-1	44	0	9	0	19	0	0	40	-1	0	0	0	0	0	-1	9	0	0	0	-1	46	-1	0	41
c7068	0	0	-1	36	0	18	44	0	18	-1	0	21	27	0	0	0	28	0	0	38	0	0	6	0	0	30	0	-1	24	41
c7085	0	0	0	-1	0	-1	44	2	27	6	0	0	0	24	43	-1	27	42	24	-1	0	-1	0	0	0	9	-1	0	24	41
c7132	0	0	0	0	0	18	44	-1	23	42	0	43	27	0	0	-1	42	0	-1	0	0	0	0	-1	0	-1	-1	-1	24	41
c7134	-1	-1	-1	-1	-1	18	44	0	-1	-1	0	0	0	40	40	0	0	0	42	0	49	0	-1	0	0	15	-1	0	-1	-1
c7213	0	36	0	0	0	-1	44	0	0	0	0	32	27	-1	0	0	0	5	0	-1	-1	0	0	9	29	0	0	0	24	41
c7238	35	-1	-1	0	0	-1	44	0	23	19	0	0	0	-1	0	27	8	-1	0	0	0	-1	17	-1	23	0	0	0	0	41
c7280	0	13	-1	-1	-1	18	44	25	0	0	46	-1	0	30	3	-1	36	0	17	41	0	0	0	-1	0	-1	-1	-1	4	41
c7285	0	-1	0	36	0	18	44	0	18	0	-1	21	27	0	0	0	-1	0	0	0	0	0	6	0	0	30	-1	-1	24	-1
c7292	0	-1	-1	8	0	18	-1	0	-1	0	0	-1	0	-1	-1	0	17	0	14	0	0	19	19	22	32	0	0	0	0	-1
c7308	0	0	-1	0	0	18	44	9	23	0	0	0	0	8	0	0	8	0	0	0	0	-1	0	22	23	0	0	0	0	-1
c7358	-1	0	17	0	32	18	44	2	0	0	43	0	40	0	-1	0	-1	0	-1	0	0	50	0	0	-1	-1	-1	0	24	41
c7446	-1	0	-1	-1	0	18	-1	0	44	0	19	0	39	0	-1	0	0	40	0	0	0	0	-1	22	-1	18	-1	0	0	41
c7460	-1	0	28	0	0	-1	-1	0	0	0	36	0	0	16	0	-1	-1	0	9	0	0	-1	0	0	31	0	0	0	0	41
c7480	18	46	32	-1	0	-1	-1	0	-1	0	40	0	-1	0	43	24	-1	47	21	0	30	0	0	-1	0	0	0	30	0	-1
c7484	-1	-1	28	4	23	18	-1	0	0	0	0	0	35	9	0	0	36	0	35	-1	-1	0	0	0	-1	-1	47	0	0	-1
c7490	0	0	0	0	-1	-1	44	16	0	-1	0	36	0	5	-1	20	-1	47	0	44	-1	0	42	0	0	0	25	27	24	41
c7511	-1	-1	-1	-1	0	18	44	0	3	-1	40	0	9	0	0	-1	0	0	3	0	-1	0	0	0	-1	9	0	0	-1	-1
c7525	-1	0	28	0	0	-1	44	0	-1	0	36	0	-1	-1	0	0	47	0	0	-1	0	-1	44	0	31	0	0	-1	0	41
c7529	-1	40	-1	28	0	18	44	-1	0	30	0	-1	35	8	42	49	-1	9	0	44	0	19	0	-1	32	47	0	-1	0	-1
c7560	-1	0	-1	-1	9	18	44	0	0	0	0	0	0	24	-1	0	0	0	-1	0	-1	0	0	-1	0	0	0	0	0	41
c7567	-1	0	-1	0	36	18	-1	0	23	-1	13	0	-1	-1	-1	0	8	0	0	0	4	48	0	22	-1	-1	0	0	0	41
c7588	-1	-1	28	0	0	18	44	0	0	10	0	0	0	0	0	0	5	39	0	0	1	0	40	-1	2	0	22	2	-1	41
c7597	18	-1	-1	-1	0	0	-1	0	24	0	40	0	-1	-1	0	-1	0	0	-1	0	44	-1	-1	0	-1	0	29	30	33	-1
c7599	-1	0	40	0	0	18	44	23	0	0	-1	0	27	0	-1	13	-1	0	0	0	0	0	6	-1	0	30	0	0	24	41
c7627	0	-1	-1	0	0	-1	44	0	23	0	0	-1	20	8	-1	-1	-1	24	-1	36	0	4	0	22	23	-1	0	45	39	41
c7638	-1	0	28	40	0	18	-1	21	40	0	0	0	0	0	0	-1	0	18	0	0	0	0	0	0	0	-1	-1	0	-1	41
c7653	-1	-1	28	0	0	-1	44	0	9	0	0	0	0	0	0	-1	-1	0	-1	0	2	0	0	-1	0	40	0	-1	-1	-1
c7663	-1	0	-1	0	0	18	-1	0	23	-1	0	0	0	8	46	19	8	0	43	0	0	0	0	-1	23	0	0	0	30	-1
c7665	9	0	36	0	0	-1	44	0	19	-1	0	0	27	-1	-1	20	0	0	0	0	22	9	6	-1	0	30	-1	0	24	41
c7701	0	0	-1	0	-1	18	44	-1	23	33	0	-1	0	-1	-1	16	-1	0	-1	0	0	-1	-1	22	23	-1	0	-1	-1	41
c7731	-1	0	18	0	0	18	44	9	0	0	0	0	-1	40	0	0	-1	0	0	0	-1	0	6	0	0	30	-1	-1	24	41
c7739	-1	0	0	0	4	18	44	19	0	32	-1	0	0	49	-1	0	0	-1	0	0	0	0	0	0	-1	0	0	-1	24	41
c7753	-1	0	-1	23	-1	18	44	-1	23	0	0	0	0	-1	0	21	8	0	-1	0	0	0	40	22	-1	-1	35	0	0	41
c7757	-1	0	36	-1	0	18	44	0	19	0	24	0	27	-1	0	0	0	0	14	0	49	9	6	0	-1	30	19	0	24	-1
c7762	-1	1	28	0	39	-1	44	0	13	0	-1	4	0	0	-1	0	0	2	27	43	0	-1	-1	-1	0	2	0	-1	-1	41
c7765	-1	0	36	0	0	18	44	47	35	-1	-1	0	27	40	0	0	-1	0	0	0	0	-1	6	0	0	30	0	-1	24	41
c7770	27	0	41	0	0	18	44	39	0	0	17	0	-1	0	-1	0	0	40	42	0	0	-1	-1	0	36	30	0	0	24	41
c7773	-1	0	28	0	0	18	44	0	41	0	0	0	-1	0	21	-1	0	-1	0	0	0	0	-1	0	24	-1	-1	0	0	-1
c7789	3	13	-1	0	17	18	-1	0	0	-1	-1	0	0	0	-1	-1	36	36	0	0	42	-1	-1	22	18	0	0	0	-1	41
c7807	-1	0	-1	0	0	18	44	0	39	22	0	21	-1	0	36	0	0	0	-1	0	12	0	-1	22	-1	-1	40	-1	0	41
c7812	0	0	-1	0	0	18	44	-1	44	0	19	-1	0	-1	0	-1	9	0	0	-1	19	0	0	22	0	0	0	0	-1	41
c7849	-1	0	0	0	39	18	44	-1	-1	39	0	0	27	6	24	0	0	0	0	-1	0	30	-1	0	0	30	30	35	-1	41
c7868	-1	0	0	0	0	18	44	-1	4	0	0	-1	-1	-1	-1	-1	0	0	0	0	0	40	0	0	39	-1	0	36	24	41
c7876	0	0	0	0	4	18	44	-1	0	9	0	32	-1	0	0	0	-1	0	0	-1	0	0	0	0	0	0	0	0	24	-1
c7914	0	0	-1	-1	0	18	44	2	0	0	-1	0	0	8	42	4	0	-1	23	0	0	19	0	22	32	0	-1	0	0	41
c7916	0	0	46	0	0	18	44	21	-1	42	0	4	27	11	0	0	0	0	0	0	36	0	0	-1	0	0	11	39	-1	41
c7926	0	-1	-1	32	43	18	44	0	0	-1	0	0	0	19	18	-1	0	0	-1	-1	0	0	-1	0	5	0	25	-1	24	-1
c7937	-1	0	-1	31	-1	-1	44	-1	0	-1	43	0	27	50	27	0	0	0	0	3	-1	40	0	0	0	30	0	0	24	41
c7940	-1	0	0	0	0	18	-1	0	-1	0	0	19	27	6	-1	-1	-1	-1	0	0	0	-1	-1	-1	0	-1	0	-1	24	41
c7960	-1	23	28	0	0	18	44	0	-1	0	-1	-1	-1	0	0	0	0	0	2	30	0	-1	0	-1	0	0	-1	0	0	41
c7971	-1	24	28	0	9	-1	44	0	-1	0	0	0	0	-1	0	44	0	0	0	0	-1	0	0	0	0	-1	0	0	0	41
c7990	-1	0	28	0	0	-1	44	0	0	8	0	0	0	0	36	-1	47	0	0	0	0	-1	-1	0	31	36	0	-1	0	41
c8015	9	23	0	0	-1	18	44	0	-1	-1	0	0	-1	0	-1	0	47	-1	0	0	-1	-1	-1	-1	0	30	0	-1	-1	41
c8033	-1	48	28	0	0	18	44	24	5	19	-1	0	0	33	0	1	9	0	2	0	0	18	-1	0	0	0	-1	0	0	41
c8044	-1	35	32	0	0	0	0	0	0	0	40	-1	-1	-1	-1	24	0	47	0	-1	30	0	0	0	0	0	0	30	-1	0
c8051	-1	-1	0	0	9	18	44	21	-1	0	0	0	27	0	0	0	0	0	-1	24	0	-1	6	0	0	30	0	0	24	41
c8066	0	0	-1	-1	40	18	44	0	0	5	-1	-1	0	8	-1	0	-1	-1	0	0	1	18	-1	-1	-1	-1	0	0	4	-1
c8072	-1	0	28	0	0	18	44	5	-1	0	0	0	-1	0	0	0	0	0	0	-1	-1	0	44	0	-1	40	0	0	-1	41
c8092	-1	0	0	31	0	18	44	0	0	-1	0	0	27	27	27	0	40	-1	0	3	0	40	0	0	-1	30	0	0	24	41
c8093	-1	0	0	-1	0	-1	-1	-1	-1	0	0	0	27	27	27	0	40	-1	0	3	-1	40	0	0	35	30	-1	0	24	41
c8125	-1	0	28	12	0	18	-1	-1	0	30	-1	0	0	0	0	0	0	0	0	0	-1	-1	-1	0	0	-1	-1	0	36	41
c8130	0	-1	0	0	0	18	44	-1	0	0	0	27	27	-1	19	0	0	0	13	0	0	5	6	0	0	-1	0	-1	-1	41
c8138	18	0	32	0	0	0	0	0	-1	0	40	0	-1	0	43	-1	0	47	0	0	30	0	-1	-1	0	0	0	30	0	0
c8142	0	0	-1	32	0	18	-1	0	0	-1	23	0	-1	-1	0	0	0	0	-1	0	-1	44	-1	22	0	0	0	0	-1	-1
c8144	18	35	32	0	0	0	0	-1	0	0	40	0	-1	0	43	-1	-1	47	-1	0	30	-1	0	0	0	-1	0	30	0	0
c8145	18	35	32	0	0	0	0	0	0	-1	40	-1	-1	0	43	24	0	47	0	0	30	0	-1	19	0	-1	0	30	-1	0
c8148	-1	13	-1	0	0	18	44	-1	0	0	-1	-1	-1	0	0	40	36	36	0	0	11	0	0	22	0	9	0	-1	0	-1
c8187	0	42	-1	0	0	18	44	0	0	1	29	-1	-1	29	0	1	0	-1	0	18	0	36	-1	22	24	19	0	-1	5	41
c8190	0	42	-1	0	-1	18	-1	0	0	0	29	0	-1	0	0	1	-1	0	0	0	0	36	0	22	18	19	0	0	0	41
c8199	-1	-1	-1	0	-1	18	44	0	-1	-1	0	-1	0	40	0	0	0	0	0	0	0	39	40	0	0	0	0	-1	0	41
c8206	-1	0	28	0	0	-1	-1	0	0	8	0	9	-1	0	36	0	-1	-1	0	-1	0	-1	0	-1	31	-1	0	6	0	41
c8216	-1	0	28	0	-1	18	44	0	-1	-1	0	0	0	0	0	-1	0	36	2	27	-1	-1	-1	0	0	0	0	0	44	41
c8219	-1	0	28	19	40	18	-1	0	0	0	-1	-1	0	-1	0	24	0	-1	40	-1	0	0	40	40	-1	0	40	0	-1	41
c8228	27	0	0	-1	0	18	44	0	0	-1	0	0	27	0	0	9	0	40	0	0	-1	43	6	0	0	-1	0	0	24	41
c8263	-1	0	28	0	0	18	44	0	-1	0	0	0	0	0	0	44	0	36	2	0	0	0	0	0	0	0	0	-1	44	41
c8282	-1	0	28	0	-1	-1	44	0	0	5	36	-1	-1	0	-1	0	47	23	0	39	0	-1	0	-1	31	0	-1	2	0	41
c8306	-1	-1	0	0	0	18	44	10	-1	39	0	0	27	6	0	-1	0	4	0	30	0	28	6	0	0	30	0	35	24	41
c8307	-1	-1	0	0	0	18	44	10	-1	0	0	-1	-1	6	-1	0	0	4	0	-1	0	28	-1	0	0	-1	0	35	24	41
c8308	0	-1	-1	0	4	-1	-1	8	0	48	-1	0	35	39	0	-1	23	-1	-1	0	12	-1	0	0	0	25	0	35	-1	-1
c8316	-1	0	0	31	0	18	44	0	0	0	-1	36	27	27	27	29	0	0	0	3	0	-1	-1	0	-1	30	0	0	24	-1
c8317	-1	0	0	31	0	18	44	0	-1	0	5	36	27	27	27	0	0	-1	0	-1	0	40	0	-1	0	30	0	-1	24	41
c8321	-1	40	28	8	0	18	44	0	0	0	35	0	-1	0	-1	39	42	-1	-1	1	39	-1	0	0	-1	-1	0	0	0	41
c8325	-1	24	28	0	9	18	44	0	-1	0	0	0	0	24	-1	44	-1	0	-1	0	0	0	0	0	0	-1	47	0	0	41
c8330	0	0	-1	-1	0	18	44	0	-1	0	19	21	0	42	-1	0	-1	0	0	-1	-1	0	0	22	0	9	9	0	-1	41
c8336	0	0	-1	-1	0	-1	44	0	23	0	0	-1	0	-1	0	0	8	0	-1	0	0	0	0	22	23	-1	-1	-1	0	41
c8346	-1	0	28	0	0	18	-1	0	-1	-1	-1	-1	0	-1	-1	-1	30	0	9	46	0	35	47	0	-1	0	-1	35	0	41
c8374	-1	0	28	-1	0	18	44	21	0	-1	28	24	0	0	0	-1	0	18	0	0	0	0	0	0	-1	0	-1	0	0	41
c8386	-1	3	0	19	43	18	-1	-1	0	0	0	0	10	0	13	-1	0	40	-1	0	0	4	-1	-1	-1	0	-1	-1	24	-1
c8404	-1	0	-1	0	0	-1	44	0	0	0	0	0	-1	0	0	-1	0	18	-1	-1	0	0	0	3	0	30	0	0	-1	-1
c8407	-1	-1	0	0	0	18	44	-1	-1	5	-1	0	27	6	0	0	0	0	0	-1	0	0	6	0	0	30	0	35	24	41
c8473	-1	0	28	0	-1	-1	44	-1	0	0	36	0	0	0	0	-1	47	0	0	-1	-1	-1	44	0	-1	0	-1	-1	0	41
c8487	18	32	0	0	40	0	12	39	0	-1	44	0	-1	44	0	24	9	27	0	0	0	5	-1	0	0	-1	35	30	-1	23
c8488	-1	-1	-1	-1	0	-1	44	0	-1	0	0	0	-1	6	-1	-1	0	0	-1	-1	0	0	6	0	19	30	0	35	-1	41
c8516	-1	0	28	0	-1	18	-1	0	24	-1	0	0	0	0	0	0	0	-1	2	0	0	0	0	0	0	0	-1	0	-1	41
c8517	-1	-1	28	0	0	-1	44	0	24	0	0	-1	0	0	0	0	-1	36	2	36	0	0	0	0	0	0	-1	0	44	41
c8523	0	13	-1	0	0	18	44	-1	0	0	42	0	6	0	-1	40	36	36	0	-1	30	-1	0	-1	0	0	0	-1	0	41
c8543	0	-1	0	0	0	-1	-1	16	0	42	0	0	27	0	0	0	0	-1	0	0	0	0	0	0	-1	0	0	-1	24	41
c8550	18	8	22	0	0	-1	-1	0	0	-1	0	0	-1	-1	0	24	0	0	-1	0	0	0	0	-1	0	0	0	30	-1	0
c8566	0	0	0	0	0	18	44	0	-1	0	-1	-1	27	0	-1	0	0	0	0	0	0	0	6	-1	-1	30	0	23	-1	-1
c8619	-1	23	-1	-1	0	18	44	0	-1	-1	0	0	-1	0	40	0	0	0	0	23	0	0	-1	-1	44	-1	0	0	-1	41
c8622	0	-1	0	0	0	18	44	0	-1	-1	0	0	27	40	19	0	0	-1	0	0	-1	5	-1	0	-1	-1	0	-1	24	41
c8644	0	0	-1	0	0	18	44	0	44	0	19	0	0	0	0	-1	-1	-1	0	-1	19	-1	0	22	-1	0	0	-1	42	41
c8647	-1	13	-1	-1	0	-1	44	5	9	-1	0	0	0	0	0	0	0	0	0	44	-1	0	0	0	0	40	-1	0	0	-1
c8648	0	-1	-1	-1	0	18	44	0	0	-1	-1	-1	0	0	-1	40	36	32	0	-1	0	19	0	22	-1	-1	0	0	4	41
c8670	0	0	36	-1	0	-1	44	-1	19	0	0	0	-1	0	0	-1	0	0	0	0	0	9	6	-1	0	30	0	0	-1	41
c8671	0	0	36	0	-1	18	44	0	-1	0	0	0	27	0	0	0	0	0	0	0	0	9	6	0	0	30	0	0	24	41
c8690	9	0	0	0	-1	-1	44	0	-1	40	0	0	-1	0	0	40	42	19	0	0	0	0	30	32	0	-1	0	36	24	41
c8708	0	0	-1	0	0	18	44	42	23	0	0	0	-1	8	0	36	8	0	0	0	0	0	0	22	23	-1	-1	0	-1	41
c8744	-1	0	-1	12	0	18	44	-1	0	30	0	40	0	0	0	0	36	0	36	0	32	0	0	0	0	10	0	0	0	41
c8751	-1	0	28	0	0	18	44	24	0	0	0	0	0	33	0	40	0	0	2	0	0	18	0	0	0	0	-1	-1	0	41
c8756	-1	0	-1	0	9	18	44	-1	0	0	0	0	-1	24	0	0	-1	0	0	-1	-1	0	36	39	0	-1	0	-1	0	-1
c8765	-1	0	28	0	-1	18	-1	-1	35	0	-1	0	0	0	0	0	47	0	18	0	0	-1	0	18	-1	0	0	18	-1	41
c8774	0	-1	-1	0	0	18	-1	0	0	0	0	0	24	0	41	40	-1	36	0	0	19	0	0	22	0	0	-1	0	-1	-1
c8787	9	24	35	0	-1	18	44	19	0	0	-1	-1	-1	0	0	0	-1	0	0	0	0	40	0	33	39	30	0	36	-1	41
c8799	0	0	-1	0	-1	18	44	-1	-1	0	27	0	0	-1	0	0	36	0	40	-1	-1	0	0	-1	-1	35	0	0	40	41
c8827	18	-1	-1	0	0	18	44	46	-1	0	36	0	0	19	-1	-1	0	0	0	-1	0	0	-1	0	0	-1	25	-1	24	41
c8835	9	24	0	0	0	18	-1	19	0	0	0	0	-1	0	0	0	0	0	-1	0	0	-1	0	0	-1	30	0	36	24	41
c8840	0	13	-1	0	0	18	44	-1	47	0	-1	-1	0	0	0	40	36	36	0	0	0	0	0	22	-1	9	-1	8	0	41
c8856	-1	0	28	0	0	18	44	0	24	0	0	0	-1	-1	0	0	3	36	2	19	0	0	-1	0	0	0	0	36	44	-1
c8857	-1	0	28	0	0	18	44	-1	0	0	0	0	-1	23	0	0	3	36	-1	19	0	0	0	0	-1	0	0	-1	44	-1
c8859	18	0	32	-1	0	0	0	43	0	0	40	0	-1	0	-1	24	0	47	0	30	30	-1	1	-1	0	0	0	30	0	0
c8876	0	-1	-1	0	16	-1	-1	42	0	-1	-1	36	0	0	39	24	-1	0	0	0	0	40	0	-1	0	0	0	0	0	41
c8878	-1	0	-1	0	-1	18	44	19	0	-1	0	-1	0	0	0	-1	49	0	-1	31	0	0	6	0	-1	10	0	0	-1	41
c8912	-1	0	0	0	0	18	44	0	0	42	0	0	27	0	-1	0	42	0	-1	0	0	0	-1	-1	0	-1	0	32	24	41
c8930	-1	0	28	5	0	-1	44	28	0	5	36	0	0	0	-1	0	-1	23	0	0	-1	-1	0	46	31	0	0	0	0	41
c8936	0	0	-1	0	0	18	44	4	23	0	0	0	0	-1	0	0	-1	6	0	0	0	8	40	22	23	-1	0	0	27	41
c8937	-1	-1	-1	0	0	18	-1	0	23	0	-1	-1	0	-1	0	0	8	6	0	0	0	8	-1	22	23	-1	0	0	27	41
c8961	-1	13	-1	0	-1	18	44	0	-1	0	0	-1	0	24	-1	0	23	-1	0	0	-1	0	-1	35	0	0	0	0	0	41
c8972	-1	0	-1	19	0	18	44	-1	0	0	0	0	2	0	0	0	0	-1	-1	0	0	0	40	21	0	-1	0	0	-1	41
c8983	0	-1	0	0	0	18	44	-1	0	42	0	0	27	0	0	0	-1	0	-1	0	-1	0	0	-1	-1	0	0	0	24	41
c8996	-1	0	-1	0	18	18	44	31	0	0	0	-1	33	0	0	27	0	9	2	0	0	0	-1	0	-1	-1	13	0	41	41
c9023	-1	0	28	28	0	18	44	0	41	0	0	-1	22	0	21	0	42	0	0	0	0	0	-1	0	0	0	-1	32	-1	41
c9036	-1	0	0	-1	-1	18	44	0	-1	-1	36	-1	-1	0	0	40	0	19	0	0	0	0	0	32	0	30	42	36	24	41
c9062	0	0	-1	0	0	18	44	0	39	22	-1	0	0	-1	0	0	-1	-1	-1	0	0	35	0	22	0	0	-1	0	30	41
c9098	-1	-1	28	0	0	18	44	0	9	0	19	0	35	-1	0	-1	0	0	-1	-1	0	0	0	0	-1	-1	35	0	18	41
c9120	-1	0	0	31	0	18	44	0	27	0	0	0	27	27	27	0	-1	0	0	3	0	40	0	-1	-1	30	0	0	-1	41
c9121	-1	0	0	31	0	18	-1	0	27	0	0	-1	27	27	27	0	-1	0	0	3	0	40	0	0	-1	-1	0	-1	24	-1
c9129	-1	0	0	31	-1	18	44	0	0	0	0	0	27	27	27	-1	0	0	0	3	0	40	0	0	0	-1	-1	0	24	-1
c9141	-1	0	-1	0	-1	18	44	0	-1	-1	27	-1	0	-1	0	0	-1	-1	0	0	-1	0	0	-1	0	0	-1	8	40	41
c9147	6	0	0	-1	-1	18	-1	0	0	48	-1	0	0	-1	0	0	-1	-1	23	0	0	0	-1	-1	0	25	0	-1	-1	41
c9155	-1	0	-1	18	0	18	44	-1	0	0	42	0	18	-1	4	0	0	0	-1	47	0	0	0	0	0	0	-1	-1	-1	41
c9159	30	27	-1	-1	0	18	-1	0	44	0	19	0	0	7	35	0	0	-1	0	0	0	0	0	22	0	36	-1	-1	0	-1
c9165	0	0	-1	0	-1	-1	-1	0	44	0	19	0	2	0	39	0	-1	0	36	-1	0	30	0	22	0	0	0	0	-1	41
c9171	-1	46	32	0	-1	0	0	4	0	0	40	0	-1	-1	43	24	47	47	0	0	30	-1	0	0	18	0	-1	30	0	0
c9186	-1	-1	50	-1	0	-1	44	0	0	0	40	-1	27	-1	0	13	0	0	0	0	0	-1	6	-1	0	-1	0	0	24	41
c9190	-1	0	-1	0	0	18	-1	0	0	0	-1	0	22	0	0	-1	0	18	-1	0	19	-1	0	3	35	-1	0	0	0	41
c9215	-1	23	-1	0	0	18	44	0	42	-1	-1	-1	0	0	0	0	-1	0	24	-1	0	0	0	0	-1	0	0	36	24	41
c9216	-1	25	28	0	0	18	44	-1	0	-1	0	0	-1	33	20	0	0	0	2	0	-1	18	0	0	0	24	0	-1	0	41
c9219	0	13	-1	-1	0	18	44	-1	-1	0	-1	-1	-1	22	-1	40	36	-1	0	0	0	-1	0	22	0	0	-1	-1	0	41
c9225	-1	1	28	0	0	18	-1	0	0	0	0	-1	-1	-1	0	0	0	2	27	43	0	-1	0	-1	-1	33	0	0	0	41
c9236	-1	23	-1	-1	0	18	44	0	0	-1	0	19	5	0	28	0	-1	-1	-1	0	0	0	0	0	0	0	-1	-1	0	41
c9237	-1	23	-1	0	0	18	44	0	0	-1	-1	19	-1	0	28	0	-1	49	0	0	0	0	0	-1	0	0	0	36	0	41
c9251	-1	0	-1	-1	0	-1	44	0	-1	0	-1	-1	0	0	30	0	47	0	44	39	0	-1	-1	-1	31	0	0	0	-1	41
c9272	-1	0	28	-1	-1	18	44	0	0	0	0	31	0	40	0	0	0	0	0	0	0	0	40	42	-1	0	0	0	-1	41
c9274	-1	0	0	0	-1	18	44	10	-1	1	-1	-1	27	6	0	46	-1	-1	0	30	0	-1	6	0	-1	30	0	-1	24	41
c9295	-1	0	-1	0	42	18	44	-1	0	27	0	0	0	0	19	0	0	0	-1	41	0	0	-1	0	0	-1	0	-1	-1	-1
c9314	-1	0	0	0	-1	18	44	0	-1	0	-1	0	27	0	0	13	0	-1	0	0	0	0	6	-1	0	-1	0	0	24	41
c9317	-1	0	28	0	24	-1	44	0	19	0	0	-1	-1	-1	0	0	0	-1	0	0	1	0	40	0	-1	-1	22	0	0	41
c9321	-1	-1	-1	18	-1	18	44	-1	-1	-1	0	0	-1	39	0	0	23	-1	23	30	0	23	0	0	0	25	24	35	-1	41
c9338	-1	0	-1	-1	-1	18	44	5	9	47	0	0	-1	0	0	-1	0	0	0	44	-1	0	0	-1	0	-1	0	0	0	41
c9347	-1	-1	28	4	-1	18	44	0	0	0	0	0	24	6	-1	18	36	4	0	-1	8	-1	0	0	0	0	47	0	0	41
c9350	-1	0	28	35	0	18	44	0	-1	0	0	0	0	0	0	-1	0	18	-1	-1	0	0	-1	-1	0	30	0	0	-1	41
c9356	-1	23	0	0	0	18	44	0	0	0	10	8	-1	0	27	0	29	0	0	0	39	-1	0	0	0	30	-1	0	-1	41
c9357	-1	23	0	0	0	18	44	0	0	0	10	0	27	0	27	-1	-1	0	0	0	39	26	0	-1	-1	30	0	0	-1	41
c9360	-1	28	28	-1	-1	18	-1	44	0	-1	0	0	0	0	0	0	-1	0	0	0	0	0	-1	0	-1	-1	-1	0	-1	-1
c9369	35	0	-1	-1	0	18	44	42	23	0	0	0	47	8	0	-1	8	-1	21	-1	0	24	32	22	23	-1	-1	0	9	-1
c9372	0	-1	-1	-1	0	-1	44	0	44	33	19	0	0	-1	0	-1	-1	0	-1	0	19	0	-1	22	0	-1	-1	0	42	-1
c9388	-1	23	28	0	-1	18	-1	0	0	0	-1	0	0	-1	23	0	0	49	27	43	-1	-1	-1	0	-1	0	0	0	-1	41
c9391	30	30	-1	0	-1	18	44	0	0	0	-1	9	0	8	42	0	-1	19	0	0	-1	19	0	22	-1	-1	-1	0	27	41
c9406	-1	0	28	4	-1	18	44	0	0	0	18	0	24	6	0	18	36	4	-1	-1	-1	49	0	-1	-1	0	47	0	0	41
c9428	-1	-1	-1	40	0	18	-1	9	-1	-1	0	-1	0	0	40	1	0	0	43	0	0	0	-1	0	0	0	0	23	0	41
c9438	0	0	-1	0	0	-1	44	0	0	42	0	0	27	-1	0	0	42	27	0	0	0	0	-1	0	0	0	-1	0	24	41
c9471	-1	0	28	0	42	18	44	0	0	-1	0	0	-1	-1	0	0	0	0	0	0	0	0	40	0	6	-1	0	0	0	41
c9512	-1	0	28	4	23	18	44	0	0	36	0	0	35	0	0	0	36	0	35	-1	8	0	0	-1	-1	-1	47	0	-1	41
c9515	9	-1	18	0	0	18	44	9	-1	0	0	-1	27	40	0	0	0	0	-1	0	-1	-1	6	0	0	30	0	-1	24	41
c9518	-1	22	31	0	0	18	44	43	-1	-1	0	0	40	0	0	24	47	-1	23	0	0	0	39	8	22	39	0	-1	-1	41
c9540	-1	40	28	-1	0	18	44	0	11	19	0	0	0	0	0	0	0	0	1	0	0	-1	-1	0	-1	36	0	-1	0	41
c9569	-1	23	0	19	0	-1	44	40	0	43	-1	-1	0	0	29	36	0	-1	0	-1	0	4	0	-1	0	0	-1	36	24	-1
c9576	27	0	0	0	0	18	44	0	0	0	0	49	27	0	0	2	0	-1	0	-1	0	3	6	0	0	30	0	-1	24	-1
c9580	-1	21	28	0	-1	-1	44	0	35	0	0	0	0	47	0	0	47	0	18	0	0	-1	0	18	-1	-1	0	18	0	-1
c9589	0	36	-1	0	0	18	44	-1	18	0	0	32	27	-1	-1	-1	0	0	0	0	0	0	-1	9	29	0	0	42	-1	41
c9592	-1	0	28	-1	0	18	44	-1	-1	36	0	19	0	0	0	0	-1	-1	0	-1	0	0	40	-1	-1	0	0	0	0	41
c9600	-1	0	28	0	0	18	-1	-1	9	0	0	0	0	0	0	-1	-1	-1	0	0	0	9	0	-1	0	-1	0	0	0	41
c9612	-1	0	28	40	-1	-1	44	-1	-1	0	0	0	41	47	48	-1	0	-1	2	-1	0	0	0	0	0	18	0	0	0	41
c9614	30	0	-1	0	0	18	44	0	0	-1	0	9	-1	8	42	-1	0	19	0	0	-1	-1	0	-1	-1	0	-1	0	27	41
c9639	-1	-1	28	0	0	18	44	0	-1	0	0	0	9	0	0	-1	47	35	18	0	0	-1	0	18	31	0	0	0	0	41
c9642	-1	0	24	0	0	18	44	0	-1	42	0	0	-1	6	0	-1	0	0	0	0	41	0	-1	0	0	30	0	35	24	41
c9652	0	0	-1	-1	-1	18	-1	0	-1	4	-1	0	0	8	42	-1	0	27	0	0	0	19	-1	22	32	0	0	0	0	41
c9663	-1	-1	28	0	28	18	-1	0	0	39	0	36	39	47	36	-1	0	-1	-1	0	0	0	0	3	0	30	0	0	0	41
c9674	0	-1	-1	-1	0	-1	44	16	0	0	0	36	0	5	-1	0	47	47	-1	0	-1	0	-1	0	0	0	25	27	24	-1
c9683	18	46	32	-1	0	3	0	0	-1	-1	40	0	-1	0	43	-1	0	47	0	0	30	0	0	0	0	0	-1	30	21	0
c9699	0	0	0	-1	0	18	-1	0	0	42	0	-1	27	-1	0	0	-1	0	-1	0	0	0	-1	0	0	-1	11	40	24	41
c9721	-1	0	0	0	-1	18	-1	0	0	0	0	0	-1	0	-1	13	0	0	0	0	0	0	6	-1	0	-1	0	0	24	-1
c9723	-1	13	28	-1	9	18	44	42	-1	0	0	0	0	24	0	0	6	0	0	0	0	-1	0	35	0	-1	0	0	0	41
c9746	-1	0	28	-1	9	18	44	36	0	-1	-1	0	0	24	-1	-1	42	-1	0	-1	0	-1	0	0	0	-1	-1	0	0	41
c9771	0	-1	-1	0	-1	-1	44	42	23	0	0	0	-1	8	-1	36	8	0	-1	0	0	0	-1	22	-1	-1	-1	0	-1	41
c9786	0	-1	-1	-1	36	18	-1	10	44	0	-1	0	30	0	0	-1	10	0	-1	0	-1	0	0	22	0	-1	0	0	42	-1
c9805	44	21	0	0	18	18	44	0	0	42	0	-1	27	0	-1	0	0	0	0	0	0	-1	0	0	-1	0	0	1	24	41
c9808	-1	-1	28	0	0	18	44	0	0	-1	0	0	0	0	0	0	0	0	-1	-1	0	-1	0	0	-1	0	0	0	0	41
c9832	-1	0	28	4	23	18	44	39	0	0	-1	0	35	0	0	32	36	-1	35	-1	8	0	0	0	-1	0	-1	0	0	41
c9843	-1	24	28	0	9	18	44	0	-1	0	0	-1	-1	24	-1	44	0	-1	0	0	-1	0	0	46	0	-1	0	0	0	41
c9858	0	0	-1	-1	16	18	44	42	0	0	-1	50	0	-1	0	0	44	0	-1	0	-1	40	0	-1	24	0	-1	32	0	41
c9860	0	0	-1	0	16	18	44	-1	0	0	-1	28	-1	0	0	-1	0	0	0	-1	30	-1	0	-1	0	0	0	-1	0	41
c9867	-1	9	28	0	0	-1	44	0	0	5	0	0	0	47	0	-1	0	18	-1	-1	0	43	-1	3	35	30	0	0	0	41
c9881	-1	23	28	0	0	18	44	-1	47	0	0	-1	33	0	0	0	35	0	2	30	0	0	0	0	0	0	0	0	0	41
c9882	0	-1	0	-1	0	-1	44	-1	-1	0	39	19	27	0	42	-1	-1	0	0	5	0	0	6	0	0	30	-1	-1	24	41
c9912	9	-1	18	0	0	18	-1	9	18	-1	0	43	-1	40	0	0	0	0	0	0	0	-1	6	-1	0	30	0	-1	24	41
c9919	0	-1	17	0	32	18	-1	-1	0	-1	0	39	-1	-1	0	0	-1	0	0	-1	0	50	0	0	0	30	0	-1	24	41
c9921	-1	0	28	21	1	-1	44	0	41	0	36	0	-1	0	0	0	0	0	35	-1	0	-1	19	0	36	6	17	0	-1	-1
c9943	9	35	0	0	-1	18	-1	0	0	-1	-1	-1	-1	0	-1	0	0	-1	0	0	0	40	0	0	39	-1	0	36	24	41
c9946	18	-1	-1	0	28	18	-1	46	0	0	-1	0	0	19	-1	-1	-1	0	0	0	-1	0	-1	0	0	0	25	-1	24	41
c9955	-1	-1	28	35	9	18	44	36	0	0	0	0	0	24	0	-1	0	-1	0	0	0	0	0	0	-1	-1	0	-1	0	41
c9971	-1	0	28	0	0	-1	-1	0	0	0	36	0	-1	0	0	-1	47	0	0	-1	-1	-1	44	0	31	0	-1	0	0	-1
c9987	0	0	36	0	0	18	44	0	3	0	0	0	-1	-1	0	0	0	0	0	29	0	9	6	36	0	30	0	0	-1	41
c9990	0	0	-1	0	0	18	44	0	0	18	9	0	-1	19	18	50	23	0	0	-1	0	-1	0	0	0	0	-1	27	24	-1
c10005	-1	0	16	0	0	-1	9	0	0	-1	-1	-1	-1	0	0	24	-1	0	-1	0	0	0	0	0	40	0	0	-1	-1	0
c10006	-1	23	-1	0	0	-1	-1	0	0	-1	0	-1	0	0	0	32	-1	0	24	0	0	0	0	0	0	0	0	36	24	41
c10022	0	0	-1	32	0	18	44	0	44	0	19	-1	0	43	-1	30	0	-1	0	0	-1	0	-1	22	0	2	0	0	-1	41
c10025	-1	0	28	0	42	18	44	0	-1	0	0	0	5	40	0	0	0	-1	0	0	0	0	-1	0	-1	0	0	0	0	-1
c10026	0	0	-1	0	0	18	44	0	0	2	-1	0	0	19	18	-1	0	0	0	-1	0	4	0	0	0	0	25	27	24	41
c10035	-1	0	28	-1	0	18	44	0	0	-1	0	-1	0	19	-1	0	0	0	0	0	1	0	40	0	0	-1	22	0	-1	41
c10036	0	0	-1	0	0	18	44	0	-1	0	0	0	-1	8	42	0	0	0	-1	0	0	19	19	22	32	0	19	0	9	41
c10041	0	0	0	18	0	18	44	0	0	-1	-1	0	27	40	-1	0	0	-1	-1	0	0	5	6	0	-1	30	0	-1	24	41
c10045	0	0	-1	0	-1	18	44	0	0	42	0	0	27	0	0	0	36	0	36	-1	23	0	0	22	-1	-1	-1	0	24	41
c10055	9	0	-1	0	0	18	44	-1	0	39	0	-1	-1	0	44	0	0	0	0	0	0	40	33	0	39	-1	-1	-1	24	41
c10061	-1	-1	28	0	0	-1	44	-1	0	0	36	0	0	0	-1	-1	47	0	0	-1	0	-1	0	0	31	0	0	-1	-1	-1
c10062	19	0	-1	0	0	18	44	3	23	0	0	0	0	-1	36	0	8	-1	0	0	-1	0	0	22	23	0	-1	0	-1	41
c10073	18	46	-1	0	0	-1	0	0	0	0	40	0	-1	0	-1	-1	-1	47	44	0	30	0	39	36	0	-1	-1	-1	0	0
c10077	-1	0	-1	-1	0	18	44	0	0	-1	0	-1	0	0	0	-1	0	0	0	0	-1	40	0	18	-1	9	-1	0	46	41
c10080	-1	0	-1	0	-1	18	44	0	19	0	0	-1	27	0	13	0	46	0	0	0	0	9	6	0	0	-1	0	0	24	41
c10081	0	0	36	0	0	18	44	0	19	40	0	-1	27	0	13	0	46	0	0	0	0	9	6	0	0	-1	0	-1	24	41
c10114	-1	-1	0	-1	-1	18	44	0	0	40	0	-1	-1	0	0	40	42	19	0	0	0	0	0	32	0	30	0	36	24	-1
c10126	0	0	-1	40	16	18	-1	42	5	0	-1	0	0	0	0	0	0	24	0	0	0	40	0	44	0	0	0	0	0	41
c10137	-1	0	28	39	6	18	44	-1	-1	27	47	0	0	0	0	0	0	36	0	-1	0	9	0	0	0	0	0	0	0	41
c10141	-1	0	28	19	0	-1	44	0	-1	-1	36	-1	35	0	0	0	47	0	0	-1	0	-1	44	0	31	0	0	-1	0	41
c10174	44	24	-1	-1	40	18	44	0	-1	-1	23	0	47	8	-1	0	-1	-1	-1	0	1	0	-1	22	-1	0	27	0	0	41
c10175	44	24	-1	1	40	18	44	0	-1	0	23	0	-1	8	0	0	0	-1	-1	0	-1	0	-1	22	0	0	27	0	0	41
c10179	-1	0	0	31	0	18	44	0	0	0	0	0	-1	27	-1	0	0	0	0	-1	0	40	0	0	0	-1	-1	0	24	41
c10186	18	0	0	0	40	0	12	39	0	32	0	0	-1	-1	0	24	9	27	-1	46	0	-1	-1	0	0	-1	0	30	-1	23
c10198	0	36	0	0	0	18	44	0	18	0	0	32	27	-1	0	-1	0	-1	0	-1	0	0	-1	9	29	0	0	42	24	41
c10205	-1	0	28	0	-1	18	44	0	0	-1	0	0	-1	0	0	0	0	36	2	-1	0	0	36	0	0	-1	0	-1	44	41
c10222	-1	0	28	21	0	-1	-1	-1	0	0	9	0	0	0	-1	-1	0	18	-1	0	0	0	0	3	0	-1	0	-1	0	41
c10238	-1	0	-1	0	0	18	-1	0	0	0	0	0	0	19	-1	50	0	0	19	-1	0	0	0	11	-1	0	25	27	24	41
c10241	40	0	0	0	4	18	-1	-1	-1	9	0	32	27	0	0	19	0	-1	0	0	0	0	0	0	0	0	0	0	24	41
c10264	0	0	0	0	0	18	-1	0	0	-1	-1	-1	27	0	0	0	-1	0	0	0	0	0	-1	0	0	-1	0	41	24	41
c10282	-1	1	28	0	0	18	44	0	-1	0	0	4	0	0	0	0	0	2	-1	43	0	-1	0	0	0	13	0	-1	0	41
c10289	-1	-1	-1	0	9	18	44	0	0	21	0	9	0	24	0	0	0	37	0	0	-1	-1	17	0	35	0	0	0	0	41
c10291	-1	0	28	0	0	18	44	-1	0	0	-1	0	0	0	-1	0	33	44	-1	-1	0	0	6	0	-1	10	0	-1	0	-1
c10297	0	0	0	0	-1	-1	44	0	0	42	0	0	27	0	-1	41	36	36	36	-1	23	0	0	0	-1	-1	-1	0	24	41
c10305	-1	0	28	0	0	18	44	0	0	0	0	-1	27	19	0	0	0	0	0	-1	1	0	40	0	0	0	22	0	0	41
c10316	-1	0	28	-1	0	18	44	0	0	0	22	0	-1	-1	-1	-1	0	0	0	0	-1	-1	-1	27	0	0	39	0	0	41
c10326	-1	0	40	0	0	18	44	-1	0	0	0	40	27	-1	0	-1	-1	0	0	0	0	0	6	-1	-1	30	0	0	24	41
c10343	-1	0	-1	0	0	18	-1	27	0	-1	0	0	-1	-1	-1	0	24	-1	0	0	0	19	0	22	32	0	0	46	0	41
c10374	-1	0	-1	35	9	18	44	36	0	0	18	0	-1	-1	0	9	-1	-1	-1	0	0	0	0	0	0	-1	0	21	0	41
c10389	-1	-1	0	0	-1	18	44	0	0	-1	0	0	-1	0	42	9	0	0	0	0	0	-1	-1	0	-1	0	-1	-1	24	41
c10409	0	-1	0	0	0	18	44	0	0	0	-1	32	-1	0	0	0	0	5	0	-1	0	0	0	9	-1	-1	0	-1	24	41
c10431	35	-1	0	0	0	18	44	0	0	0	0	0	0	5	-1	0	0	-1	0	0	0	-1	-1	-1	0	0	25	27	24	41
c10433	0	0	-1	32	-1	18	-1	0	-1	0	19	-1	0	43	-1	0	-1	0	0	0	-1	0	0	22	0	-1	0	0	-1	41
c10444	0	-1	0	-1	-1	18	44	0	0	0	0	21	-1	44	-1	23	9	0	0	0	0	-1	6	0	0	-1	0	-1	24	41
c10445	0	-1	0	36	0	-1	44	0	0	0	-1	21	-1	44	0	23	9	0	-1	0	-1	0	6	0	-1	-1	0	-1	24	41
c10483	0	0	-1	18	-1	18	44	-1	0	30	36	36	35	-1	42	5	23	0	-1	44	-1	19	0	-1	-1	0	0	44	0	-1
c10486	-1	0	28	0	-1	18	44	0	0	0	0	0	0	0	0	-1	0	0	27	43	0	-1	0	0	0	0	-1	13	0	41
c10493	-1	0	28	0	0	18	44	0	0	29	-1	0	0	0	-1	0	0	0	0	18	0	-1	-1	0	1	0	24	0	-1	41
c10503	-1	0	-1	-1	16	18	44	42	0	0	-1	50	-1	0	0	0	-1	-1	22	-1	0	40	0	-1	24	0	0	32	0	41
c10518	0	0	0	0	4	18	44	-1	0	9	0	-1	-1	0	0	0	0	0	0	0	0	0	0	0	0	0	-1	0	24	-1
c10530	-1	-1	-1	-1	0	18	44	-1	-1	-1	-1	24	-1	1	42	-1	35	0	0	-1	0	0	49	0	0	0	-1	-1	24	41
c10532	-1	0	28	-1	0	18	44	0	41	0	0	0	-1	0	0	0	0	0	35	-1	0	0	19	-1	36	6	-1	0	0	41
c10533	-1	0	28	21	0	18	44	0	41	0	0	0	-1	0	0	0	0	0	35	-1	0	0	19	0	36	6	-1	-1	0	41
c10537	-1	0	-1	30	-1	18	-1	-1	-1	27	-1	0	0	0	0	-1	-1	0	0	-1	0	0	0	0	0	0	-1	-1	0	41
c10543	9	-1	0	0	-1	18	44	0	0	0	0	0	-1	0	0	40	35	19	0	0	32	0	0	32	0	-1	0	36	24	41
c10570	6	0	0	0	-1	18	-1	-1	23	48	0	0	0	39	40	0	-1	-1	23	0	0	0	-1	0	0	-1	0	35	-1	-1
c10575	0	0	-1	-1	16	18	-1	42	0	44	-1	0	0	0	5	0	0	0	5	0	0	40	0	44	0	0	0	0	0	-1
c10579	0	0	-1	0	0	-1	-1	0	0	0	29	-1	-1	0	-1	1	0	0	-1	-1	-1	36	0	22	0	19	0	0	0	41
c10602	-1	0	-1	0	0	18	-1	-1	44	-1	19	0	-1	0	-1	0	0	0	36	-1	0	-1	-1	22	0	0	0	0	9	41
c10610	-1	0	28	0	0	18	-1	-1	-1	0	0	0	0	0	0	0	0	36	2	0	0	0	0	0	0	-1	-1	0	44	41
c10629	-1	-1	0	0	39	18	44	-1	-1	-1	0	0	27	6	24	0	0	-1	-1	0	0	30	-1	0	0	30	30	35	-1	-1
c10650	-1	0	28	0	0	18	-1	0	25	0	39	-1	0	0	0	36	0	0	-1	0	9	0	40	0	0	-1	0	0	0	41
c10675	-1	0	28	0	30	-1	44	0	-1	0	0	0	0	0	0	-1	0	36	2	-1	0	21	-1	0	0	0	0	0	44	41
c10701	-1	-1	28	19	0	18	44	0	0	18	0	0	35	0	-1	0	0	46	0	-1	10	0	-1	-1	1	0	-1	0	0	-1
c10705	-1	0	28	0	-1	18	44	0	0	0	0	-1	-1	-1	-1	-1	4	18	-1	-1	0	0	0	29	0	0	0	0	-1	41
c10720	-1	-1	28	-1	0	18	44	-1	0	-1	-1	0	-1	0	0	0	0	0	42	0	0	0	0	1	0	10	0	0	0	41
c10729	0	0	-1	0	0	18	-1	0	-1	9	0	36	0	8	-1	8	8	0	0	0	0	0	-1	22	23	-1	0	-1	-1	41
c10737	0	0	-1	32	0	18	44	0	0	-1	0	0	0	-1	18	-1	-1	0	-1	-1	0	-1	32	0	5	0	25	27	24	41
c10744	-1	0	-1	0	42	18	44	0	0	-1	0	0	0	40	0	-1	0	0	0	0	0	0	40	0	0	0	-1	0	22	41
c10745	-1	0	-1	-1	42	18	44	0	0	0	0	0	-1	40	0	-1	0	0	-1	0	0	0	40	0	-1	0	0	0	-1	-1
c10750	-1	0	28	0	-1	18	44	0	0	0	0	0	0	0	0	-1	0	0	-1	-1	0	-1	0	-1	1	-1	46	-1	0	41
c10768	-1	33	28	40	24	-1	44	0	36	8	0	-1	0	0	36	0	47	-1	0	0	0	-1	-1	42	31	0	0	0	0	41
c10772	-1	23	-1	0	-1	18	44	0	0	-1	0	0	0	40	-1	0	0	0	42	0	49	0	-1	0	-1	-1	-1	-1	-1	41
c10782	27	-1	-1	0	-1	18	44	0	0	42	0	0	27	0	0	-1	42	0	0	0	0	0	0	18	0	0	46	0	24	41
c10800	-1	0	0	-1	0	18	44	0	-1	0	-1	0	0	0	0	36	0	0	0	0	0	4	18	0	9	0	0	-1	24	-1
c10817	-1	-1	28	0	-1	18	44	0	-1	0	0	-1	0	-1	0	0	47	0	18	0	0	-1	0	18	31	0	0	-1	0	41
c10829	-1	0	0	-1	0	18	-1	21	-1	0	0	0	27	0	44	-1	0	0	0	-1	-1	-1	6	0	0	30	0	0	24	41
c10841	0	-1	-1	0	24	18	44	-1	23	0	-1	0	0	0	0	40	36	-1	0	0	-1	30	-1	22	-1	0	0	0	0	41
c10854	-1	0	0	0	0	18	44	10	-1	0	0	-1	27	6	-1	-1	0	4	-1	30	-1	-1	6	0	0	30	-1	35	24	41
c10855	-1	0	0	-1	0	18	44	10	-1	-1	-1	0	27	6	0	-1	-1	4	0	30	0	28	6	-1	0	30	-1	35	24	41
c10869	0	40	17	10	0	18	44	2	-1	0	0	0	40	39	-1	0	-1	0	0	0	43	50	0	11	-1	43	0	0	24	41
c10874	40	-1	0	0	9	18	44	21	13	0	0	0	-1	-1	-1	0	0	0	0	24	0	-1	6	0	0	-1	-1	0	24	41
c10893	0	13	-1	0	0	18	44	-1	0	-1	29	0	0	0	24	-1	-1	-1	0	0	0	-1	0	22	36	0	-1	0	5	-1
c10898	-1	0	28	0	44	18	44	0	-1	0	0	-1	0	0	-1	-1	-1	-1	-1	0	0	0	-1	29	13	-1	19	0	35	41
c10899	-1	0	28	0	44	18	-1	0	0	0	0	-1	0	0	-1	-1	4	-1	-1	0	0	0	0	29	13	-1	19	0	35	41
c10900	30	0	-1	-1	0	18	44	-1	-1	0	0	9	-1	8	42	-1	0	19	0	0	-1	19	0	22	-1	0	-1	-1	-1	41
c10904	-1	0	28	0	0	-1	44	-1	41	23	0	0	0	0	21	0	0	0	0	-1	0	0	6	0	-1	36	33	35	0	-1
c10906	-1	0	28	0	-1	18	44	0	0	42	0	0	-1	0	0	0	0	0	0	0	0	0	0	1	-1	10	0	-1	-1	-1
c10910	-1	-1	24	0	0	18	44	0	-1	-1	-1	0	27	6	0	0	0	0	0	0	0	0	6	44	22	30	-1	35	24	41
c10911	-1	-1	24	27	0	18	44	0	-1	0	0	0	27	-1	0	0	0	-1	47	0	0	0	6	-1	22	30	0	35	24	41
c10918	-1	0	-1	0	0	-1	-1	0	23	-1	0	35	0	8	0	19	8	0	43	18	0	0	-1	22	23	0	0	-1	-1	41
c10926	0	0	-1	0	0	18	44	-1	0	-1	0	0	0	-1	-1	0	24	0	0	0	0	-1	0	22	32	0	0	0	0	41
c10932	-1	42	0	-1	0	18	44	0	-1	0	6	-1	27	0	0	-1	0	-1	0	0	-1	-1	-1	0	0	-1	0	-1	24	41
c10936	0	-1	-1	-1	0	18	44	0	0	-1	-1	0	-1	0	42	-1	-1	0	0	0	0	0	49	0	-1	42	35	-1	-1	41
c10952	-1	0	0	0	0	18	44	32	-1	5	-1	19	27	0	-1	42	47	0	0	-1	0	-1	6	0	0	30	43	-1	-1	41
c10956	-1	0	28	0	-1	-1	44	0	0	5	36	0	-1	0	-1	0	47	-1	0	21	0	-1	0	0	31	23	0	-1	0	41
c10966	-1	0	28	0	42	18	-1	-1	0	0	0	0	5	40	0	0	0	0	0	0	0	0	-1	0	0	0	0	0	0	41
c10971	-1	0	0	36	0	-1	44	0	0	0	0	0	-1	19	0	0	0	0	0	9	0	19	0	0	-1	0	0	48	24	41
c10991	-1	0	28	-1	0	18	44	24	0	-1	0	23	0	-1	0	40	-1	-1	-1	0	0	18	0	0	-1	0	-1	0	0	-1
c10992	-1	0	28	0	0	18	44	0	0	-1	0	0	46	21	0	0	-1	0	0	0	31	0	-1	0	9	0	40	0	0	41
c10999	-1	0	28	0	0	18	44	-1	0	-1	-1	24	-1	42	40	-1	0	-1	0	-1	-1	0	-1	0	0	10	42	-1	0	-1
c11018	3	11	-1	39	0	18	44	0	44	0	19	-1	44	-1	0	9	44	-1	9	0	0	0	4	22	39	0	0	0	-1	41
c11022	-1	0	0	0	0	18	44	36	0	0	0	-1	27	0	27	39	-1	21	0	0	0	0	0	0	-1	30	0	0	24	41
c11023	-1	0	0	0	0	18	44	36	-1	-1	0	-1	27	0	-1	39	-1	21	0	0	0	0	0	0	0	-1	0	0	24	41
c11064	-1	0	-1	1	0	18	-1	0	0	-1	23	40	0	-1	0	-1	0	0	30	0	1	0	-1	22	-1	0	0	0	19	41
c11090	-1	0	-1	0	-1	-1	44	0	0	8	0	24	0	0	36	0	47	0	2	0	23	-1	0	42	31	-1	0	33	0	-1
c11092	-1	0	-1	0	0	-1	44	0	9	-1	35	-1	0	40	21	0	-1	19	0	0	0	-1	-1	18	0	-1	33	0	-1	-1
c11098	-1	9	28	0	-1	-1	44	0	0	0	0	0	40	33	0	0	-1	-1	-1	0	-1	18	0	-1	0	0	42	0	-1	41
c11099	-1	9	28	0	0	18	44	0	0	0	-1	0	40	33	0	0	-1	-1	2	0	0	18	0	0	0	0	-1	0	-1	41
c11117	-1	9	0	31	-1	18	44	0	0	-1	0	0	-1	27	27	19	-1	-1	-1	-1	0	40	0	0	0	30	-1	0	24	-1
c11120	9	0	36	0	0	18	44	-1	-1	-1	0	0	27	-1	4	20	0	0	0	0	0	-1	6	0	0	30	0	0	24	41
c11125	-1	0	-1	0	0	18	44	19	0	50	0	-1	28	0	0	0	-1	0	0	31	0	0	6	0	0	10	-1	0	40	41
c11129	-1	0	28	40	0	18	-1	0	0	0	0	0	0	33	0	0	0	0	2	-1	0	18	0	0	-1	0	0	0	0	-1
c11131	0	-1	-1	-1	0	18	44	0	0	0	35	-1	0	0	-1	40	36	32	-1	41	0	19	0	-1	50	-1	0	0	4	41
c11133	0	40	0	0	0	18	44	0	0	42	0	0	27	0	0	0	9	0	0	0	0	6	0	0	-1	0	0	0	24	41
c11139	-1	-1	-1	0	0	18	-1	0	0	-1	0	0	0	0	40	0	9	0	0	0	-1	0	-1	0	44	-1	-1	36	-1	-1
c11141	-1	0	28	0	13	-1	-1	0	41	0	0	0	3	0	-1	-1	0	27	0	0	0	0	-1	0	23	36	-1	-1	41	41
c11144	-1	0	0	19	-1	18	44	0	0	0	-1	0	0	0	-1	36	0	0	-1	0	0	4	0	0	-1	-1	-1	48	24	41
c11178	18	0	-1	-1	40	0	12	0	0	32	35	0	-1	-1	0	24	-1	27	9	0	0	5	-1	0	0	0	-1	30	-1	23
c11186	0	-1	-1	1	40	18	44	0	0	50	23	-1	36	-1	0	0	9	0	0	0	1	0	-1	22	0	-1	23	0	0	-1
c11203	0	23	-1	32	40	18	44	0	-1	30	0	5	30	0	0	0	-1	0	-1	-1	0	0	0	-1	43	0	0	-1	0	41
c11213	1	-1	17	0	0	-1	44	2	0	0	35	0	40	0	35	0	0	0	0	0	0	-1	-1	0	-1	48	0	0	24	41
c11215	0	42	-1	0	0	18	44	0	0	0	29	0	-1	0	0	1	19	-1	-1	0	0	36	-1	22	-1	19	0	0	-1	41
c11224	-1	0	28	0	0	18	44	-1	0	42	0	0	-1	0	0	0	-1	0	42	0	0	0	0	1	0	10	0	-1	0	41
c11274	0	0	0	0	0	18	44	0	0	-1	0	0	27	0	0	0	-1	0	0	0	0	0	0	0	-1	0	0	0	24	41
c11293	-1	0	28	0	47	18	44	0	0	0	22	0	0	9	0	32	0	0	13	-1	40	-1	-1	-1	0	0	39	0	0	41
c11298	-1	0	40	0	-1	18	-1	-1	0	0	49	-1	27	0	0	13	0	0	0	0	-1	0	6	-1	-1	30	0	0	24	41
c11312	0	0	-1	42	16	18	44	42	0	0	-1	0	0	0	0	0	-1	-1	0	0	-1	40	-1	0	0	0	-1	0	6	41
c11314	18	-1	32	-1	0	-1	0	-1	0	0	40	-1	-1	-1	43	24	0	47	0	0	30	0	0	-1	0	0	0	30	42	21
c11331	-1	27	28	-1	42	18	-1	-1	-1	27	-1	0	0	0	0	-1	-1	-1	0	0	-1	42	0	0	0	0	-1	0	-1	41
c11345	0	21	0	0	0	18	44	0	0	42	0	0	27	40	19	0	-1	0	-1	0	0	5	6	0	-1	-1	0	-1	24	-1
c11348	35	0	-1	33	0	18	44	0	23	19	0	-1	-1	8	0	21	8	-1	0	0	0	0	0	-1	-1	0	0	0	35	41
c11350	-1	0	-1	46	0	18	-1	0	-1	-1	0	0	0	-1	0	0	8	0	0	39	-1	-1	0	22	23	-1	0	0	0	41
c11364	41	0	-1	0	0	-1	44	-1	0	0	0	-1	-1	0	0	1	-1	1	0	-1	0	36	0	22	0	-1	0	44	0	41
c11368	44	21	0	0	18	18	44	0	0	42	0	9	27	0	-1	-1	0	0	10	-1	0	0	0	0	-1	-1	-1	1	-1	41
c11376	-1	23	-1	20	-1	18	-1	-1	44	-1	0	2	-1	0	40	0	0	0	0	-1	6	0	0	0	0	-1	0	0	0	41
c11403	-1	23	-1	0	0	18	44	-1	0	-1	0	3	0	-1	-1	0	-1	-1	0	41	0	0	-1	0	-1	0	0	36	0	41
c11417	-1	0	28	-1	9	18	44	0	0	21	0	9	0	24	0	0	0	0	-1	-1	0	18	0	-1	0	0	0	0	0	-1
c11419	-1	40	-1	8	0	18	44	-1	0	0	39	0	0	0	0	0	42	0	-1	0	12	-1	0	-1	0	0	0	0	0	-1
c11431	-1	39	-1	-1	0	18	44	0	0	0	0	-1	27	0	19	0	47	0	0	-1	0	-1	-1	0	-1	30	0	-1	24	41
c11437	0	-1	0	0	0	18	44	0	-1	-1	0	0	-1	0	42	9	0	0	0	0	-1	0	49	31	0	0	35	-1	24	-1
c11440	-1	0	28	0	0	18	44	23	9	0	19	0	0	-1	37	0	0	0	0	-1	0	0	0	0	-1	18	0	0	0	41
c11445	-1	0	28	0	0	-1	44	0	0	-1	-1	0	-1	30	-1	-1	47	23	-1	0	13	-1	-1	0	31	-1	0	0	-1	41
c11455	-1	0	-1	39	0	18	44	-1	0	27	0	-1	0	-1	0	0	0	-1	-1	0	0	19	0	0	-1	-1	-1	-1	18	41
c11466	-1	-1	28	0	0	18	44	0	-1	0	22	0	0	-1	0	0	0	0	0	0	40	-1	-1	27	0	0	39	-1	0	41
c11503	0	0	-1	46	0	18	44	0	0	-1	0	0	36	8	42	-1	0	0	0	0	-1	-1	0	-1	32	0	0	-1	0	41
c11505	-1	0	28	0	50	-1	-1	0	0	-1	36	0	-1	0	0	-1	47	0	0	0	-1	-1	23	40	31	22	0	0	0	41
c11545	0	-1	-1	0	0	18	44	0	23	40	0	0	-1	-1	0	0	-1	0	0	0	0	0	-1	22	23	-1	-1	0	0	41
c11551	0	0	-1	0	0	18	44	0	44	-1	19	-1	0	0	39	0	-1	-1	36	-1	0	30	0	22	0	0	0	0	9	41
c11557	27	-1	0	0	0	18	44	0	0	-1	0	49	27	-1	0	2	0	40	0	0	0	3	-1	0	-1	30	0	0	24	41
c11577	6	0	0	0	-1	-1	44	-1	27	6	-1	0	-1	-1	-1	0	27	-1	0	-1	19	50	0	0	0	9	2	40	24	-1
c11589	6	0	0	0	4	-1	-1	-1	0	-1	36	0	0	39	0	0	-1	-1	23	0	32	-1	0	0	0	25	0	35	-1	41
c11590	9	-1	0	0	0	18	44	0	-1	0	0	0	-1	19	26	0	0	-1	0	9	0	19	36	0	0	0	0	48	24	-1
c11593	9	0	0	0	-1	-1	-1	0	0	40	0	-1	-1	0	0	40	42	19	0	0	0	-1	0	32	0	30	0	36	24	41
c11597	-1	23	-1	40	-1	18	-1	-1	0	-1	-1	36	0	-1	40	1	0	0	0	40	0	0	-1	0	-1	0	0	23	0	-1
c11609	-1	0	28	0	0	18	44	-1	0	0	0	-1	0	47	0	0	0	0	2	0	0	0	-1	0	-1	18	0	-1	-1	41
c11612	-1	23	-1	25	0	18	44	0	3	-1	0	-1	13	0	0	0	0	0	3	0	40	0	0	0	47	27	0	0	0	41
c11625	18	0	0	0	0	-1	-1	0	0	0	0	0	-1	0	0	24	-1	0	0	-1	0	0	0	0	0	40	0	30	-1	24
c11634	-1	0	28	41	0	18	44	23	0	0	0	-1	-1	0	0	0	-1	0	0	-1	0	-1	0	47	28	-1	2	0	0	41
c11652	-1	-1	32	0	-1	0	0	43	0	0	40	0	-1	0	43	24	-1	47	0	-1	30	0	0	-1	-1	0	-1	30	0	0
c11656	-1	40	28	8	0	-1	-1	0	-1	21	39	0	0	0	0	0	-1	0	-1	0	12	-1	0	-1	0	0	0	0	0	41
c11668	9	0	0	0	-1	18	-1	0	0	0	-1	0	-1	0	0	3	0	-1	-1	36	0	-1	0	5	0	0	0	48	-1	41
c11680	-1	0	-1	0	0	-1	44	0	-1	-1	23	-1	0	8	0	-1	0	50	30	0	1	0	-1	22	0	0	0	21	0	41
c11703	-1	39	-1	0	0	18	-1	0	0	18	0	0	0	-1	-1	0	49	0	0	0	-1	-1	0	49	-1	0	0	0	0	-1
c11716	0	0	0	-1	8	18	44	0	0	0	-1	0	0	5	-1	0	-1	47	0	0	-1	0	0	5	-1	0	-1	27	24	41
c11717	0	0	0	0	8	-1	44	0	0	-1	0	0	0	5	-1	0	0	47	0	0	0	0	0	5	0	-1	25	27	-1	-1
c11720	18	0	32	0	0	0	0	43	0	0	40	0	-1	0	43	-1	19	-1	0	-1	30	0	-1	6	0	-1	0	30	-1	0
c11728	-1	-1	28	35	9	18	44	36	0	0	0	0	0	24	-1	0	0	0	0	6	0	0	0	0	-1	-1	0	-1	0	41
c11735	-1	0	28	21	0	-1	44	0	41	0	0	0	-1	-1	0	0	5	0	-1	-1	0	0	19	-1	36	6	-1	0	0	41
c11751	-1	0	28	19	35	18	44	0	0	0	27	-1	0	0	0	24	0	-1	0	0	0	0	40	-1	0	-1	40	0	36	41
c11757	-1	23	-1	0	-1	18	44	0	0	-1	-1	0	5	-1	0	0	-1	0	0	-1	0	0	0	0	0	0	0	36	-1	41
c11761	-1	0	28	-1	0	-1	44	0	-1	-1	36	0	32	0	-1	0	47	44	0	0	-1	-1	-1	0	31	-1	6	0	-1	-1
c11769	-1	-1	0	0	-1	18	44	0	49	0	0	0	27	0	24	13	0	0	0	0	-1	47	6	-1	0	-1	0	0	24	41
c11772	-1	0	28	0	-1	18	44	19	0	0	0	0	0	40	-1	0	-1	0	0	0	0	0	40	0	0	0	0	0	0	41
c11773	-1	0	28	0	42	18	-1	19	0	0	0	0	0	40	0	0	0	0	-1	0	0	0	-1	0	-1	0	-1	0	0	41
c11804	0	0	0	0	0	18	44	0	-1	0	0	0	-1	0	-1	-1	0	0	-1	0	0	0	6	-1	-1	30	36	23	-1	-1
c11805	-1	0	0	0	0	18	44	0	-1	-1	0	0	27	-1	-1	0	0	0	0	0	0	0	6	0	-1	-1	-1	23	-1	-1
c11806	-1	0	24	0	0	18	44	0	-1	0	0	0	27	-1	0	9	0	0	0	0	0	-1	6	0	19	30	-1	35	-1	41
c11807	-1	0	24	0	0	18	44	0	-1	-1	0	0	27	6	0	9	0	0	0	-1	0	0	6	0	19	30	0	-1	24	-1
c11811	18	-1	0	-1	0	0	0	9	-1	0	-1	1	-1	0	0	24	0	0	-1	0	-1	0	-1	42	0	9	4	30	0	35
c11814	-1	-1	28	0	42	18	-1	-1	0	27	0	0	0	0	-1	0	0	0	0	-1	0	0	0	0	46	0	0	0	0	41
c11815	-1	0	28	-1	42	18	44	-1	-1	27	0	0	0	0	0	0	0	0	0	0	-1	0	-1	0	0	0	0	0	0	-1
c11816	-1	-1	28	0	0	-1	44	-1	0	-1	36	22	-1	-1	-1	0	47	23	0	21	35	-1	0	0	-1	23	0	0	-1	41
c11817	-1	-1	28	-1	0	-1	44	0	0	5	36	-1	41	0	-1	0	47	23	0	21	35	-1	0	0	31	23	-1	0	0	41
c11827	-1	0	-1	-1	0	18	44	0	-1	5	22	0	0	0	0	0	0	-1	10	0	40	-1	-1	0	-1	0	39	0	0	41
c11839	35	-1	-1	0	0	-1	44	-1	40	0	-1	0	0	-1	42	-1	0	42	0	0	0	19	0	22	32	-1	0	0	-1	41
c11843	-1	-1	28	0	-1	-1	44	0	39	0	36	-1	32	0	-1	0	47	0	0	0	0	-1	0	0	-1	0	6	0	0	41
c11856	-1	0	-1	-1	0	18	44	0	44	32	19	0	-1	7	-1	0	0	49	-1	3	0	-1	44	22	-1	0	-1	0	0	41
c11860	40	-1	-1	-1	9	-1	44	21	18	0	0	0	27	0	0	0	0	0	0	24	0	0	6	0	0	-1	0	0	24	-1
c11877	-1	0	28	0	36	18	44	0	0	-1	0	0	22	0	0	0	0	-1	0	-1	1	0	40	0	0	-1	22	0	-1	41
c11897	9	24	0	-1	0	18	44	19	0	-1	0	0	-1	0	0	-1	0	44	0	0	-1	-1	0	0	-1	30	0	36	24	41
c11902	-1	0	-1	0	0	-1	44	0	35	0	-1	0	0	0	-1	-1	-1	-1	0	0	0	-1	0	0	0	0	-1	0	0	41
c11904	-1	-1	28	32	9	18	44	-1	-1	0	3	0	0	-1	0	0	0	0	-1	0	0	0	0	35	0	0	0	0	-1	41
c11923	0	-1	-1	46	0	-1	-1	0	23	-1	0	-1	0	-1	0	0	8	0	-1	-1	0	0	0	22	23	-1	0	-1	0	41
c11930	-1	0	28	40	0	18	44	-1	-1	19	6	0	0	-1	-1	0	0	0	2	-1	0	0	0	0	-1	-1	0	0	0	41
c11931	-1	0	28	40	0	18	44	0	-1	-1	6	0	0	47	0	0	0	0	2	-1	0	0	0	0	-1	18	0	0	0	41
c11935	-1	41	-1	-1	0	-1	-1	0	0	-1	0	0	-1	-1	-1	0	0	0	0	0	0	0	0	1	0	10	0	0	0	41
c11949	0	0	0	0	0	18	44	-1	0	42	0	0	27	-1	0	0	42	0	-1	-1	0	-1	0	0	0	0	0	0	24	-1
c11955	0	37	-1	-1	40	18	44	0	0	0	23	-1	0	-1	0	0	0	0	0	19	1	0	-1	22	0	13	39	0	0	-1
c11957	-1	0	28	-1	0	18	44	0	-1	0	-1	0	35	0	0	0	0	46	0	0	0	0	40	47	1	0	0	-1	0	41
c11961	-1	36	0	0	0	18	-1	0	-1	0	0	-1	27	6	-1	-1	0	0	-1	-1	-1	-1	6	0	-1	30	0	35	24	41
c11962	-1	-1	0	0	-1	18	44	0	0	0	0	0	-1	0	0	40	0	19	0	-1	-1	-1	0	32	0	30	0	36	24	41
c11964	-1	0	28	35	9	18	44	-1	0	0	-1	-1	0	24	0	9	-1	0	0	-1	-1	0	0	0	0	-1	0	-1	0	41
c11965	-1	0	-1	35	9	18	-1	36	0	0	18	0	0	24	0	9	0	0	0	0	0	0	-1	0	0	-1	0	21	0	41
c11976	-1	-1	28	0	-1	18	44	0	0	0	0	0	0	0	-1	0	0	0	0	0	-1	-1	0	3	0	36	0	0	0	-1
c11978	0	0	36	0	0	18	44	0	19	24	0	-1	27	0	-1	0	46	0	0	-1	0	9	6	0	0	30	39	-1	24	-1
c11979	-1	0	36	-1	0	18	44	0	19	0	0	-1	27	0	0	0	46	-1	0	0	0	9	6	0	-1	30	-1	0	24	41
c11994	-1	0	28	0	9	18	-1	46	-1	0	0	0	0	0	21	0	0	9	0	0	0	0	6	0	0	22	-1	0	0	41
c11996	0	0	0	36	0	18	-1	0	0	0	32	21	27	-1	0	0	-1	6	0	0	0	39	6	0	47	30	0	-1	-1	41
c11999	-1	0	28	4	-1	-1	44	0	-1	0	0	0	-1	0	0	0	-1	0	-1	-1	8	0	0	0	-1	0	47	0	-1	41
c12004	-1	0	-1	0	0	18	44	24	0	19	0	0	0	33	0	1	0	0	2	0	0	18	0	0	-1	0	-1	-1	-1	41
c12009	-1	-1	28	0	0	18	44	4	-1	0	-1	-1	9	0	0	0	-1	-1	18	-1	0	-1	0	18	31	0	-1	-1	0	41
c12017	0	-1	-1	0	-1	18	44	0	44	0	19	0	0	-1	0	-1	4	0	0	-1	19	30	0	22	0	-1	0	0	42	-1
c12021	-1	0	-1	-1	0	18	44	0	2	0	21	39	0	0	0	0	-1	-1	0	-1	0	0	0	22	0	0	0	1	-1	-1
c12028	0	0	-1	0	0	18	44	-1	0	0	0	0	27	40	19	0	6	0	0	0	-1	5	6	0	-1	30	47	-1	24	41
c12059	-1	0	-1	0	0	-1	36	0	24	0	-1	0	-1	0	0	-1	-1	0	-1	0	44	0	35	0	0	0	29	30	27	-1
c12065	0	0	0	-1	0	18	44	0	2	42	-1	4	27	0	0	0	0	-1	0	0	0	0	0	0	0	-1	11	40	24	41
c12068	-1	-1	0	-1	24	18	44	0	0	0	14	0	0	0	0	0	0	0	0	0	0	4	0	3	18	43	-1	0	24	41
c12079	-1	0	28	0	36	18	44	0	-1	40	0	0	-1	-1	0	-1	0	33	0	0	-1	0	40	-1	-1	39	22	0	0	-1
c12082	-1	-1	0	-1	-1	18	-1	-1	0	0	0	1	27	-1	-1	0	0	-1	-1	0	0	0	0	0	0	30	0	0	24	41
c12088	0	0	-1	-1	-1	18	44	0	44	0	-1	0	0	30	0	-1	0	0	0	-1	19	30	-1	22	0	0	0	0	42	41
c12100	-1	0	0	-1	0	18	-1	0	0	-1	0	0	-1	0	27	0	-1	-1	0	0	39	40	-1	36	0	30	-1	0	-1	-1
c12104	0	29	36	-1	0	18	44	0	19	-1	0	23	27	0	-1	0	0	0	0	0	-1	9	6	-1	0	30	0	-1	24	41
c12106	18	0	32	0	0	0	0	43	0	0	-1	-1	-1	-1	43	-1	0	47	-1	30	30	0	0	-1	0	0	0	-1	-1	0
c12114	30	0	-1	-1	0	18	44	0	44	0	-1	0	39	-1	-1	0	0	-1	0	-1	0	0	0	22	-1	18	-1	5	-1	41
c12121	9	0	0	0	-1	-1	44	-1	4	-1	0	0	-1	-1	0	-1	0	0	0	0	0	40	0	0	39	-1	0	36	-1	41
c12138	-1	0	0	-1	0	18	44	0	-1	-1	0	0	-1	19	0	0	-1	0	0	9	-1	19	0	0	0	0	0	48	24	-1
c12141	-1	0	0	32	14	18	44	0	39	0	0	0	27	0	0	13	0	0	0	-1	0	-1	6	-1	0	-1	0	0	24	41
c12152	11	0	0	42	39	18	-1	0	0	0	0	19	27	0	-1	0	47	0	-1	0	-1	-1	-1	13	0	30	-1	-1	24	41
c12154	18	0	32	0	0	-1	-1	-1	0	0	40	0	-1	-1	43	24	-1	47	0	30	30	0	41	6	0	28	0	30	0	0
c12167	-1	-1	-1	5	0	-1	44	28	0	5	36	0	0	0	-1	0	47	23	0	0	0	-1	0	-1	31	-1	-1	-1	-1	41
c12172	-1	0	28	-1	-1	18	44	0	0	0	0	-1	0	0	-1	0	-1	4	35	-1	-1	0	-1	-1	-1	0	47	0	0	41
c12175	0	-1	-1	0	-1	18	44	-1	8	0	-1	-1	-1	0	-1	0	0	0	0	0	0	40	0	-1	0	0	0	0	-1	41
c12221	-1	0	28	12	9	18	-1	0	0	0	0	-1	0	24	0	0	0	0	0	0	-1	0	0	-1	0	0	0	0	0	41
c12223	-1	0	24	0	0	18	44	0	-1	0	-1	0	27	6	-1	0	0	0	-1	22	0	-1	6	0	0	-1	0	35	24	41
c12229	9	0	-1	-1	0	18	44	0	0	-1	0	0	-1	19	0	0	0	-1	0	9	0	19	0	0	0	0	-1	48	24	41
c12230	0	0	-1	0	0	-1	44	0	23	-1	0	13	0	-1	0	0	8	46	-1	0	50	0	0	22	23	-1	0	0	0	41
c12232	-1	-1	28	0	40	18	44	0	-1	0	0	0	9	0	0	0	-1	0	18	0	0	-1	0	18	31	0	0	0	0	41
c12235	-1	0	28	0	0	18	44	0	0	29	0	0	0	43	-1	0	0	0	-1	18	-1	-1	0	0	1	0	-1	-1	0	-1
c12251	9	-1	9	0	0	-1	44	0	0	0	0	-1	0	-1	0	0	0	0	0	0	-1	0	0	0	0	-1	0	48	-1	41
c12256	0	0	-1	-1	0	-1	44	0	0	0	0	0	18	8	42	-1	0	0	0	0	0	19	-1	-1	32	-1	-1	0	-1	41
c12267	-1	23	-1	0	9	18	44	0	0	-1	24	0	-1	-1	0	-1	0	0	0	39	24	0	0	0	35	0	21	0	0	41
c12268	0	13	-1	0	-1	18	44	0	0	-1	0	0	0	0	0	40	-1	-1	0	12	-1	0	0	22	44	0	0	-1	0	41
c12280	-1	22	-1	0	0	18	-1	0	-1	0	19	0	0	-1	0	-1	0	-1	-1	-1	19	-1	0	-1	0	0	5	0	42	-1
c12285	0	-1	-1	10	42	18	44	2	-1	13	0	0	40	0	0	0	3	0	0	-1	0	50	0	11	-1	0	0	0	-1	-1
c12288	9	24	39	0	0	18	44	19	13	0	22	30	-1	-1	0	0	0	0	0	0	0	40	-1	0	39	-1	0	36	-1	41
c12295	-1	21	-1	0	0	-1	44	0	35	0	-1	0	-1	0	0	0	47	0	18	0	-1	-1	0	-1	-1	0	-1	18	0	41
c12322	18	46	32	0	0	0	0	-1	0	0	40	0	-1	-1	43	24	0	47	-1	-1	30	-1	-1	36	0	0	-1	30	0	0
c12326	30	0	-1	-1	0	18	44	-1	44	0	19	-1	0	7	0	0	0	0	0	0	-1	0	0	22	0	-1	-1	-1	0	41
c12329	-1	-1	28	0	0	-1	44	18	0	-1	36	0	0	-1	0	0	-1	0	-1	0	0	-1	0	0	31	0	0	-1	0	-1
c12335	-1	40	-1	9	-1	-1	-1	0	27	22	-1	0	0	-1	-1	0	0	0	0	0	0	-1	-1	0	0	-1	0	0	0	41
c12345	-1	40	28	-1	-1	18	44	0	27	22	0	0	0	0	-1	-1	0	0	-1	0	-1	-1	-1	0	0	-1	9	0	1	41
c12356	-1	9	-1	0	0	-1	44	-1	0	0	0	0	0	33	0	0	-1	0	2	0	0	18	0	-1	-1	0	42	0	0	41
c12365	0	0	-1	0	-1	18	-1	-1	23	-1	37	0	20	-1	0	-1	8	-1	0	36	0	0	0	22	23	28	-1	45	-1	-1
c12369	9	0	-1	-1	0	18	44	0	44	0	19	0	0	43	-1	0	0	-1	0	0	0	0	0	22	-1	0	21	0	0	-1
c12377	-1	0	28	-1	0	-1	44	0	36	0	36	0	0	-1	16	0	47	0	0	-1	0	-1	44	0	31	0	-1	0	0	41
c12378	0	-1	0	-1	0	18	44	0	0	42	0	19	27	0	0	0	-1	-1	0	35	0	-1	0	0	0	0	0	43	-1	41
c12390	-1	25	28	23	0	-1	44	0	0	0	0	46	-1	-1	0	0	0	0	2	0	0	-1	4	0	0	0	0	0	0	41
c12395	18	-1	0	0	0	-1	0	43	0	0	40	0	-1	-1	3	24	17	42	-1	0	44	0	0	0	0	0	0	30	42	-1
c12398	33	6	-1	4	40	-1	44	0	-1	30	0	0	0	0	0	0	0	0	-1	5	0	31	10	22	0	0	0	18	-1	41
c12411	-1	-1	28	0	0	-1	-1	-1	0	47	0	0	0	0	21	35	-1	-1	-1	-1	-1	0	12	0	18	47	33	0	0	41
c12412	-1	19	-1	46	0	18	44	-1	0	-1	0	0	36	-1	42	-1	2	0	0	-1	0	19	0	22	32	0	-1	0	0	41
c12416	9	-1	0	-1	-1	18	44	0	0	40	27	0	-1	0	0	40	42	19	0	0	0	0	30	32	0	30	0	36	24	41
c12424	0	-1	-1	0	0	18	44	0	-1	-1	0	0	-1	0	-1	1	0	-1	0	0	0	36	0	22	-1	19	26	44	0	41
c12425	-1	0	-1	0	0	18	44	0	0	0	0	0	-1	-1	0	1	0	-1	0	0	0	36	0	22	0	19	26	44	0	41
c12441	-1	0	0	0	0	18	-1	-1	-1	0	0	0	-1	6	-1	0	0	0	0	-1	-1	0	6	-1	-1	-1	0	-1	24	-1
c12451	-1	0	28	-1	9	-1	44	41	-1	0	-1	0	0	24	0	0	0	0	0	-1	0	0	-1	35	-1	0	0	-1	0	41
c12454	-1	-1	28	0	0	-1	-1	0	-1	8	0	0	0	0	36	0	47	0	0	0	0	-1	0	-1	-1	36	0	0	0	41
c12462	-1	0	28	40	0	18	44	21	0	0	28	-1	0	0	0	-1	0	18	0	0	0	0	0	0	0	0	0	0	0	41
c12469	30	18	-1	-1	0	18	44	0	44	0	19	-1	0	7	0	0	0	0	0	0	-1	0	0	-1	0	-1	-1	0	0	41
c12475	-1	42	-1	4	23	18	44	0	0	0	0	0	35	0	0	0	36	0	35	-1	-1	0	0	-1	-1	0	47	0	0	41
c12477	-1	23	0	0	0	18	44	-1	0	0	10	0	-1	0	27	0	29	0	0	0	39	26	0	0	0	30	0	0	-1	41
c12478	0	0	-1	0	0	-1	44	-1	44	0	-1	-1	0	-1	-1	0	0	-1	0	0	-1	-1	-1	22	-1	9	0	0	0	-1
c12517	0	13	-1	0	0	-1	44	-1	0	36	-1	0	0	-1	24	-1	36	36	0	-1	0	0	0	22	-1	0	0	-1	5	41
c12524	-1	35	28	47	9	18	-1	-1	-1	0	0	-1	-1	-1	0	0	0	0	0	0	-1	0	0	0	0	-1	0	44	0	41
c12527	9	-1	36	0	0	18	44	4	19	0	0	0	-1	0	4	0	0	0	0	0	0	9	6	0	-1	30	-1	0	24	41
c12547	9	24	-1	0	0	-1	44	19	-1	-1	0	0	-1	0	0	-1	23	0	0	-1	0	-1	0	0	39	-1	0	-1	-1	-1
c12550	-1	0	28	40	0	18	44	21	0	0	28	24	-1	0	0	-1	-1	-1	0	0	0	0	0	27	0	0	-1	-1	0	41
c12571	18	-1	0	-1	0	0	2	0	-1	21	40	-1	-1	0	0	24	0	0	-1	0	44	0	0	0	0	0	0	-1	0	-1
c12572	-1	0	28	0	-1	18	-1	0	0	0	0	0	43	0	0	0	0	-1	-1	0	0	0	0	0	0	10	42	0	0	41
c12578	-1	0	23	19	0	18	44	19	39	0	0	-1	-1	0	-1	0	13	0	0	0	0	40	0	0	39	30	0	36	24	41
c12579	9	0	23	-1	0	-1	44	19	39	-1	0	0	-1	0	0	0	13	0	0	0	0	40	0	0	39	30	-1	36	24	41
c12582	-1	-1	28	9	0	-1	44	0	0	0	22	0	0	9	0	-1	0	0	-1	0	40	-1	-1	0	19	0	39	0	-1	41
c12603	-1	36	0	0	0	18	-1	0	0	-1	-1	32	27	0	0	-1	0	5	0	-1	0	0	0	9	-1	-1	0	-1	24	41
c12606	-1	-1	28	0	29	18	44	0	0	-1	0	0	-1	0	0	-1	0	0	44	0	40	12	-1	0	0	40	0	0	0	41
c12608	36	39	0	-1	-1	18	-1	0	0	0	0	19	27	0	19	-1	47	0	0	5	24	0	6	0	0	-1	-1	-1	24	41
c12619	0	-1	-1	-1	40	18	44	-1	31	9	23	-1	0	-1	0	-1	40	0	-1	0	-1	-1	-1	22	-1	-1	26	19	0	-1
c12626	-1	0	28	0	-1	18	44	19	0	50	0	0	0	0	-1	0	49	0	0	31	0	-1	6	0	0	10	-1	0	0	-1
c12647	-1	0	28	0	0	18	44	0	-1	36	0	-1	33	0	0	0	0	0	-1	0	0	0	0	0	0	-1	0	-1	0	41
c12649	0	13	-1	0	0	18	-1	0	18	0	0	0	0	22	-1	40	36	-1	0	0	-1	-1	0	22	-1	0	19	0	0	41
c12650	-1	-1	-1	0	0	18	44	0	0	0	-1	0	-1	-1	0	0	0	0	2	-1	0	18	0	0	0	0	0	0	0	41
c12665	0	0	0	0	24	-1	-1	-1	0	42	-1	0	27	0	38	0	42	0	0	0	0	0	0	0	0	0	0	0	24	41
c12666	-1	0	28	-1	0	-1	44	0	-1	0	36	0	0	0	0	0	47	0	9	0	0	-1	0	0	31	0	0	2	-1	41
c12668	0	-1	0	5	0	18	44	-1	0	0	-1	-1	27	-1	19	0	0	0	-1	0	0	-1	6	0	-1	30	0	-1	24	-1
c12672	-1	0	28	18	0	18	-1	0	0	-1	42	4	18	36	-1	0	-1	0	40	3	0	0	0	-1	-1	0	3	0	-1	41
c12676	0	36	0	27	0	18	44	0	0	0	-1	32	27	0	0	-1	-1	0	0	0	0	0	0	9	29	-1	0	-1	24	41
c12681	0	11	-1	0	16	-1	44	-1	-1	0	-1	0	0	40	0	0	0	0	-1	-1	0	40	0	-1	24	0	0	0	0	-1
c12689	40	0	-1	0	0	18	44	24	0	-1	0	0	-1	-1	-1	1	0	-1	-1	0	-1	36	0	22	0	19	0	0	0	41
c12696	-1	23	-1	-1	0	18	-1	-1	-1	-1	-1	0	11	0	40	0	-1	0	0	23	6	0	0	0	-1	-1	-1	0	-1	-1
c12700	0	0	36	0	0	-1	44	0	3	0	0	0	27	0	0	0	0	-1	0	-1	-1	-1	-1	36	0	30	0	0	24	41
c12701	0	0	36	-1	0	18	44	-1	3	0	0	0	27	0	0	0	0	-1	0	29	0	-1	6	-1	0	30	0	-1	-1	41
c12711	18	0	-1	0	0	0	36	-1	-1	-1	40	-1	-1	-1	-1	24	14	0	-1	0	44	0	35	0	-1	0	29	30	27	-1
c12713	0	0	-1	36	-1	18	44	0	18	0	0	21	27	-1	0	0	28	0	0	0	-1	0	6	-1	0	30	0	-1	24	41
c12715	-1	-1	-1	0	0	18	-1	0	35	0	0	0	0	35	0	0	-1	0	-1	-1	0	-1	0	18	31	0	0	0	-1	-1
c12716	0	0	-1	46	0	18	44	-1	23	0	0	42	0	-1	0	0	-1	-1	0	39	0	0	0	22	23	-1	-1	-1	0	41
c12717	0	0	-1	46	0	18	44	0	23	0	0	42	0	-1	0	0	8	0	0	39	0	0	-1	-1	23	-1	0	-1	-1	41
c12719	0	0	3	0	0	-1	44	0	-1	0	0	0	0	5	-1	6	0	47	-1	-1	0	35	-1	0	0	0	25	27	24	-1
c12720	-1	-1	-1	0	-1	18	44	-1	23	0	5	0	0	-1	0	0	8	0	0	0	0	0	-1	-1	23	0	-1	0	-1	41
c12731	0	0	-1	35	0	18	44	0	23	-1	-1	19	0	8	-1	0	8	30	-1	0	0	0	-1	22	23	0	0	0	0	41
c12747	0	-1	-1	0	0	18	44	0	-1	32	44	-1	-1	8	0	-1	8	0	47	-1	44	0	-1	22	23	0	-1	0	-1	41
c12751	18	0	-1	0	3	-1	33	-1	0	0	40	0	-1	0	45	-1	-1	0	-1	43	44	0	0	-1	0	0	0	30	0	-1
c12754	0	0	-1	0	40	18	-1	18	0	0	0	0	0	8	42	-1	-1	0	40	0	0	19	0	22	-1	0	0	0	0	41
c12758	9	-1	0	0	0	18	44	-1	0	0	0	0	-1	0	-1	0	0	0	0	-1	0	-1	23	-1	39	30	0	36	-1	41
c12769	-1	0	0	0	0	18	44	0	39	0	0	-1	27	0	27	-1	0	-1	0	0	-1	21	-1	0	-1	-1	-1	0	-1	-1
c12775	-1	23	-1	0	0	18	44	27	0	-1	-1	-1	11	0	-1	-1	0	-1	0	23	-1	0	21	0	0	0	0	0	0	-1
c12793	-1	0	28	-1	0	18	44	23	-1	0	0	-1	0	40	-1	0	-1	0	0	0	0	-1	0	47	0	0	2	0	0	-1
c12794	4	0	-1	28	0	18	-1	-1	0	30	0	36	35	8	42	49	5	-1	0	44	0	-1	0	-1	32	0	0	0	0	41
c12807	-1	0	-1	0	0	-1	-1	0	0	-1	35	42	50	-1	8	0	18	-1	-1	0	0	0	0	-1	-1	-1	30	35	-1	41
c12810	-1	0	28	0	0	18	44	0	41	0	0	0	5	0	21	-1	0	23	0	-1	-1	0	6	0	0	0	-1	0	0	41
c12819	-1	0	28	0	0	-1	44	0	40	0	36	31	0	0	30	0	-1	0	0	0	0	-1	0	0	-1	-1	0	0	0	41
c12825	0	0	-1	11	0	18	44	4	44	0	19	-1	0	0	-1	0	0	0	0	0	23	-1	18	22	0	9	0	0	0	-1
c12834	-1	30	0	-1	14	18	-1	0	0	0	0	0	27	0	0	13	2	0	-1	0	0	0	6	-1	0	-1	0	0	24	-1
c12838	9	0	44	-1	0	18	44	0	0	0	3	0	40	-1	0	28	-1	0	0	-1	-1	0	-1	0	0	0	0	48	-1	-1
c12842	0	0	0	-1	-1	18	44	0	0	-1	-1	0	-1	0	42	0	0	0	17	0	0	33	-1	0	0	0	-1	-1	24	41
c12849	0	0	0	22	19	18	44	3	9	0	0	-1	-1	0	0	0	0	0	0	0	0	0	-1	-1	42	30	0	-1	24	41
c12851	-1	-1	28	0	-1	18	44	0	35	-1	0	0	0	-1	0	-1	47	0	18	0	0	-1	0	18	31	-1	-1	18	-1	41
c12861	-1	0	-1	0	36	18	44	10	-1	0	19	-1	30	0	0	-1	10	0	0	0	23	0	0	22	-1	0	0	0	-1	41
c12878	0	0	-1	32	-1	18	-1	0	40	30	0	0	0	0	0	0	0	47	4	5	0	0	0	22	0	0	-1	18	0	41
c12897	-1	0	-1	6	0	18	44	-1	-1	-1	0	6	0	-1	0	0	-1	23	18	0	0	-1	-1	18	31	0	0	0	0	-1
c12898	18	32	0	0	40	0	12	39	0	32	0	0	-1	0	-1	-1	9	-1	0	0	-1	5	-1	-1	-1	0	0	-1	-1	23
c12902	0	32	-1	1	40	18	44	0	19	0	23	-1	36	-1	0	0	9	0	0	0	1	0	-1	22	0	-1	0	0	0	-1
c12903	0	32	-1	1	40	18	44	-1	-1	0	23	-1	36	-1	0	0	9	-1	-1	0	1	0	-1	22	0	13	0	0	0	-1
c12906	0	0	-1	0	-1	18	44	21	0	18	9	47	0	-1	0	-1	-1	-1	0	-1	27	0	19	0	1	-1	35	-1	-1	41
c12911	-1	-1	-1	0	-1	-1	44	0	-1	-1	23	-1	0	8	0	0	-1	-1	30	-1	1	0	-1	22	0	0	-1	21	0	41
c12929	-1	-1	0	0	9	0	0	-1	0	0	0	0	-1	0	33	24	0	-1	0	0	0	35	5	0	4	0	-1	30	-1	0
c12931	-1	0	-1	0	0	18	44	0	0	47	0	0	0	-1	21	9	0	-1	-1	-1	0	0	40	0	0	0	-1	0	0	41
c12939	9	47	0	0	4	18	44	0	-1	32	0	0	-1	36	0	9	0	0	-1	-1	0	0	0	0	0	0	0	-1	24	41
c12949	-1	0	28	0	0	-1	44	0	0	-1	36	0	0	-1	0	0	47	0	0	-1	0	-1	44	-1	-1	0	-1	0	50	41
c12956	-1	0	31	31	-1	-1	44	-1	-1	0	43	0	-1	0	-1	0	0	0	0	3	-1	40	-1	-1	-1	30	0	0	24	41
c12958	-1	0	28	0	0	18	44	5	-1	0	0	0	0	0	0	0	21	0	0	0	-1	0	0	0	0	-1	-1	-1	0	41
c12959	-1	-1	28	-1	0	18	44	-1	-1	-1	0	0	0	0	0	0	21	0	-1	0	-1	-1	0	0	0	-1	0	0	0	41
c12995	-1	-1	28	0	0	-1	-1	0	8	0	36	0	0	-1	0	0	47	23	18	0	-1	-1	0	-1	31	0	-1	0	0	41
c13001	0	0	0	0	-1	18	44	0	-1	0	0	0	-1	0	-1	-1	0	0	-1	0	-1	0	6	-1	-1	30	0	23	-1	-1
c13009	-1	0	-1	0	0	-1	44	0	0	-1	22	-1	-1	-1	21	0	0	0	0	-1	-1	0	40	-1	0	0	-1	0	18	41
c13012	-1	0	-1	19	0	18	44	-1	-1	0	-1	36	-1	0	29	36	0	0	-1	-1	0	4	0	0	0	-1	-1	-1	24	-1
c13022	-1	-1	28	4	23	18	44	0	0	0	0	0	4	0	0	0	36	0	17	-1	8	0	0	-1	0	3	47	-1	0	41
c13023	-1	-1	28	4	23	18	44	0	0	0	0	0	4	-1	0	-1	36	0	17	-1	8	0	0	-1	0	3	47	0	0	41
c13029	18	0	0	-1	-1	-1	12	8	-1	32	0	0	-1	0	31	-1	9	0	-1	-1	0	0	-1	0	0	0	0	30	-1	-1
c13038	30	-1	-1	-1	-1	-1	44	0	44	21	19	0	-1	-1	-1	0	0	0	0	0	0	0	-1	22	0	-1	-1	0	-1	41
c13056	-1	-1	-1	0	14	-1	44	0	0	0	27	0	27	0	-1	13	-1	0	-1	0	0	0	6	-1	0	-1	0	0	24	41
c13062	0	0	-1	1	40	18	44	-1	31	0	23	-1	0	-1	0	0	0	0	-1	0	1	0	-1	-1	0	13	0	19	0	-1
c13065	0	0	-1	32	40	-1	44	0	40	30	0	-1	-1	0	24	0	-1	47	4	-1	0	0	0	22	0	0	-1	18	0	41
c13069	-1	-1	-1	0	41	-1	44	0	0	0	13	-1	0	0	0	9	0	0	0	18	0	-1	0	-1	0	8	0	0	36	41
c13071	-1	0	28	0	0	-1	-1	0	0	0	36	-1	0	0	-1	-1	-1	0	0	-1	0	-1	44	0	31	-1	42	0	0	41
c13085	9	23	0	0	-1	18	44	0	-1	0	0	0	-1	0	-1	0	47	19	-1	0	-1	0	0	32	-1	30	0	36	-1	41
c13094	-1	0	28	0	42	18	44	0	-1	0	0	0	0	40	0	0	-1	0	0	-1	0	0	-1	0	0	0	0	-1	0	41
c13098	-1	0	-1	0	23	18	44	0	35	0	-1	-1	0	0	0	29	-1	0	18	0	0	-1	-1	-1	31	0	0	0	0	41
c13100	-1	0	-1	-1	0	18	44	19	0	0	23	0	33	0	0	24	0	0	2	0	0	0	0	0	0	40	0	0	0	-1
c13102	-1	0	-1	0	16	18	-1	42	0	-1	-1	0	0	0	39	24	-1	0	0	0	0	-1	0	0	0	0	0	0	0	-1
c13107	-1	-1	0	0	0	18	44	0	47	0	-1	0	-1	40	19	-1	0	0	0	-1	-1	5	6	9	-1	30	0	-1	24	41
c13108	-1	0	-1	0	16	18	44	42	0	44	-1	0	30	0	-1	0	0	-1	5	0	0	40	0	44	0	0	0	0	0	41
c13109	0	0	-1	0	16	-1	44	42	0	44	-1	0	30	0	0	0	0	0	-1	0	0	-1	0	-1	0	-1	0	0	0	41
c13117	-1	0	-1	0	40	-1	44	0	-1	5	36	47	-1	0	-1	0	47	23	1	21	0	-1	35	0	-1	0	0	0	0	41
c13118	-1	0	17	0	32	18	44	2	0	0	0	-1	40	24	0	0	-1	0	0	0	0	50	0	-1	0	30	0	0	24	-1
c13119	-1	0	17	-1	32	18	44	2	0	0	-1	0	40	24	0	0	-1	0	0	-1	0	-1	0	0	0	30	0	0	24	41
c13120	-1	0	-1	-1	0	-1	44	0	23	0	0	0	0	-1	0	0	8	0	-1	0	0	0	23	-1	23	-1	0	0	-1	41
c13127	39	0	-1	0	0	18	44	0	-1	-1	0	0	0	0	23	0	0	-1	0	5	0	27	33	-1	-1	9	0	18	0	41
c13128	-1	9	28	0	0	18	-1	0	0	5	-1	-1	-1	0	0	-1	0	18	-1	0	0	-1	-1	3	35	30	0	0	0	41
c13133	-1	0	-1	36	0	18	44	0	9	0	0	-1	0	0	0	-1	-1	0	0	-1	0	-1	16	0	0	0	2	-1	0	-1
c13136	-1	40	-1	36	9	18	44	0	0	21	19	9	0	24	-1	-1	30	40	44	0	0	18	0	-1	0	-1	0	0	0	41
c13140	9	0	36	0	0	18	44	0	19	0	0	0	27	0	0	0	33	0	0	0	-1	-1	6	0	0	30	0	-1	24	-1
c13141	9	0	36	0	0	18	-1	0	19	0	0	0	27	0	-1	0	33	0	-1	0	-1	9	6	0	0	30	0	-1	24	41
c13147	-1	0	0	-1	0	18	44	2	27	6	-1	0	0	24	0	0	27	42	0	-1	-1	50	-1	0	-1	9	-1	0	24	-1
c13150	39	-1	-1	0	0	18	44	-1	44	0	19	6	35	-1	-1	-1	0	0	0	0	19	0	0	-1	0	-1	0	0	42	41
c13159	9	0	23	-1	-1	18	44	19	39	0	0	-1	-1	-1	0	-1	13	0	0	0	0	40	0	0	39	30	0	-1	24	41
c13162	-1	0	-1	-1	0	18	44	0	0	-1	-1	0	0	0	-1	0	-1	0	-1	-1	0	-1	0	0	1	-1	36	0	0	41
c13167	30	0	-1	-1	0	18	-1	-1	44	32	19	0	0	7	0	0	0	0	0	3	0	-1	-1	22	0	-1	-1	0	-1	41
c13180	-1	-1	18	0	0	18	44	-1	-1	0	-1	0	27	-1	0	0	-1	0	0	0	36	0	6	0	0	30	-1	-1	-1	41
c13182	-1	0	28	35	9	18	44	36	0	-1	0	0	0	24	0	9	0	0	0	0	0	0	0	-1	0	-1	0	-1	0	41
c13184	-1	0	28	0	13	-1	44	-1	0	8	0	0	-1	-1	36	18	47	19	-1	0	0	-1	0	-1	31	0	-1	-1	0	41
c13187	0	0	-1	-1	-1	18	44	0	23	0	30	35	2	8	0	0	-1	18	-1	35	-1	-1	0	22	23	0	0	-1	-1	41
c13189	-1	0	0	19	0	-1	44	0	0	0	-1	0	-1	0	29	36	0	0	0	0	0	4	6	0	0	28	0	36	24	41
c13194	-1	-1	-1	4	-1	18	-1	0	0	0	0	-1	24	6	18	18	-1	4	0	-1	8	49	-1	0	-1	0	47	0	0	41
c13195	-1	0	-1	4	-1	18	-1	-1	0	0	0	0	24	6	18	18	-1	-1	0	-1	8	-1	0	-1	0	0	47	0	0	-1
c13205	-1	0	28	0	0	-1	-1	0	0	8	-1	-1	0	0	-1	0	47	-1	2	0	0	-1	0	42	31	0	23	33	0	41
c13220	-1	0	28	0	4	18	-1	0	-1	0	-1	0	0	-1	0	-1	0	0	-1	-1	15	-1	0	0	0	0	-1	9	0	41
c13225	-1	0	28	20	20	-1	44	-1	0	0	0	-1	0	-1	-1	0	0	0	0	0	0	19	0	0	-1	10	0	0	32	41
c13228	-1	-1	28	0	0	18	44	0	0	0	0	0	0	0	0	0	5	0	27	43	36	-1	0	0	0	0	-1	0	0	41
c13234	-1	-1	28	0	24	-1	44	23	0	0	0	-1	0	0	40	15	-1	0	0	0	0	-1	0	-1	-1	0	2	0	0	41
c13250	18	0	-1	0	0	18	44	-1	0	0	39	0	0	19	-1	0	0	-1	0	0	-1	0	-1	0	0	32	25	27	24	41
c13260	0	0	-1	4	0	18	44	0	0	0	23	0	0	-1	-1	0	0	0	30	-1	1	0	-1	22	24	0	-1	0	0	41
c13264	-1	0	28	39	0	18	44	-1	0	27	0	0	-1	-1	0	0	0	-1	-1	0	-1	19	0	0	0	4	0	0	-1	41
c13284	0	0	-1	0	-1	18	44	0	0	0	0	0	18	8	42	4	0	-1	19	0	0	-1	0	22	32	0	-1	0	0	-1
c13289	0	30	-1	0	-1	18	-1	-1	23	-1	-1	0	0	8	-1	19	-1	0	-1	0	0	-1	23	22	23	0	0	0	0	41
c13296	-1	0	-1	24	0	18	-1	2	0	0	-1	0	0	-1	42	4	0	-1	-1	0	33	19	0	-1	32	-1	-1	0	0	-1
c13310	0	0	0	0	-1	18	-1	-1	0	0	0	-1	0	5	-1	17	0	-1	0	0	0	0	0	0	-1	-1	25	27	24	41
c13311	-1	0	0	0	0	18	44	0	-1	0	0	0	0	5	-1	17	0	-1	0	0	0	-1	0	0	0	0	-1	27	24	41
c13325	-1	0	28	0	-1	18	44	0	0	0	42	-1	24	19	36	0	0	36	0	0	0	19	0	0	-1	23	0	45	-1	41
c13328	-1	0	28	-1	0	18	44	0	0	0	0	-1	0	47	0	0	-1	0	2	0	0	0	0	0	0	0	0	0	0	41
c13329	-1	-1	28	42	0	18	44	0	0	0	0	0	0	47	0	0	0	0	-1	0	0	0	0	0	0	0	0	0	0	41
c13347	-1	0	28	-1	0	18	44	0	9	0	0	0	0	-1	0	-1	0	19	0	-1	0	0	0	0	0	40	0	0	0	41
c13349	-1	36	-1	1	40	18	44	0	42	35	23	-1	-1	-1	0	0	50	0	22	-1	1	0	-1	22	0	0	0	-1	0	41
c13352	0	0	-1	32	40	18	44	0	40	30	0	0	0	0	0	0	-1	47	0	5	0	0	0	22	0	0	-1	18	0	41
c13364	-1	0	-1	0	39	18	44	-1	-1	39	-1	0	27	6	24	0	0	-1	0	-1	0	30	-1	0	0	-1	30	-1	24	41
c13365	-1	0	0	0	39	18	44	-1	-1	39	0	0	27	6	24	0	-1	0	-1	0	0	30	-1	-1	0	30	30	35	24	41
c13366	-1	0	-1	0	-1	-1	44	0	9	9	19	0	0	40	0	0	0	0	0	-1	0	0	0	35	0	18	0	0	0	41
c13369	-1	0	-1	0	18	18	44	0	44	0	19	-1	0	-1	0	0	0	-1	50	0	36	0	0	22	0	-1	0	-1	0	41
c13374	9	24	39	0	0	-1	44	-1	-1	0	22	30	-1	0	0	0	0	-1	0	0	21	40	0	0	39	30	0	36	-1	41
c13378	-1	0	-1	0	0	-1	-1	10	-1	0	19	-1	0	0	0	-1	10	0	0	-1	36	-1	-1	22	0	0	0	0	42	41
c13393	0	0	0	0	0	-1	44	-1	0	0	36	-1	-1	-1	-1	0	0	47	0	0	0	0	42	46	0	0	-1	27	24	41
c13419	-1	0	28	-1	0	18	44	0	-1	0	-1	0	0	-1	0	-1	-1	-1	-1	0	0	-1	0	3	0	30	-1	-1	-1	-1
c13437	0	0	-1	0	0	18	44	0	-1	0	-1	0	0	-1	35	24	8	0	47	-1	0	0	0	22	23	0	0	0	6	41
c13442	-1	46	32	36	0	0	42	0	0	-1	40	0	-1	0	-1	24	0	47	0	-1	30	27	-1	-1	0	0	-1	30	-1	-1
c13489	-1	3	0	19	43	-1	-1	0	0	0	-1	0	10	0	13	0	1	-1	-1	-1	0	4	0	0	-1	0	-1	0	24	41
c13493	0	-1	-1	8	0	18	44	0	-1	0	0	0	0	8	42	0	17	-1	14	0	0	19	19	-1	-1	0	0	-1	0	-1
c13496	-1	13	-1	-1	0	18	-1	0	0	-1	-1	-1	0	0	3	-1	-1	0	0	41	47	0	0	22	0	-1	0	0	-1	41
c13497	0	13	-1	-1	0	18	44	0	0	0	0	-1	0	0	3	-1	36	0	0	-1	47	0	0	-1	0	-1	0	0	4	41
c13503	39	9	-1	0	0	18	44	0	23	-1	0	0	-1	8	0	-1	8	0	0	0	0	0	39	-1	23	-1	0	21	0	-1
c13516	0	-1	-1	32	0	18	44	0	44	0	19	0	0	43	-1	-1	-1	0	0	0	-1	0	0	22	-1	0	0	0	-1	41
