	0	1	2	3	4	5	6	7	8	9	10	11	12	13	14	15	16	17	18	19	20	21	22	23	24	25	26	27	28	29
c1365	0	12	-1	0	14	0	8	46	14	0	0	-1	-1	0	0	5	0	0	-1	0	0	22	0	8	3	19	0	-1	-1	42
c1406	49	0	27	-1	0	49	0	0	0	0	10	0	-1	21	0	46	28	14	43	36	32	0	-1	0	0	0	0	-1	-1	0
c1569	0	12	27	0	0	0	-1	46	0	-1	0	0	0	0	23	5	-1	0	-1	49	0	0	0	8	-1	19	-1	-1	-1	27
c1594	43	12	-1	0	0	-1	-1	46	0	-1	-1	-1	-1	0	0	5	0	-1	-1	0	-1	22	0	8	3	19	27	-1	50	0
c1628	0	12	0	1	-1	0	0	46	0	0	26	0	31	0	0	5	0	-1	-1	0	0	25	14	-1	3	19	22	-1	-1	0
c1680	27	27	-1	0	0	49	0	0	0	0	10	-1	47	-1	-1	46	49	-1	14	36	0	22	0	5	-1	0	-1	-1	0	1
c1813	0	-1	22	0	-1	38	-1	0	14	0	0	46	0	-1	0	0	-1	0	0	0	44	0	3	43	3	50	-1	-1	0	0
c1919	-1	46	-1	-1	0	0	0	0	14	10	-1	0	-1	-1	-1	-1	22	0	0	11	-1	-1	11	43	-1	50	-1	-1	0	49
c1973	-1	27	0	0	42	49	-1	47	24	0	10	-1	47	0	-1	46	0	0	0	36	-1	0	0	0	-1	32	48	-1	-1	0
c2017	0	12	27	0	-1	0	8	46	0	0	0	0	0	0	0	-1	0	46	-1	0	0	0	-1	8	3	19	0	-1	-1	42
c2048	-1	0	0	35	-1	0	0	-1	14	0	6	28	39	-1	0	5	-1	0	0	0	27	0	-1	0	-1	-1	27	-1	18	43
c2065	-1	18	-1	0	-1	0	0	0	14	0	0	28	39	26	-1	5	42	0	27	0	44	49	32	0	3	-1	27	-1	18	42
c2094	0	14	21	0	17	0	-1	3	14	14	0	0	39	0	0	5	0	-1	0	10	-1	0	-1	0	3	48	0	-1	18	0
c2141	50	27	0	-1	0	49	0	0	0	0	8	0	32	49	0	-1	-1	0	0	36	-1	46	-1	43	-1	14	0	-1	0	0
c2151	19	0	21	0	49	0	31	0	14	14	0	0	39	0	0	5	28	0	0	0	0	-1	0	25	3	48	0	-1	18	43
c2165	43	12	-1	-1	0	0	0	46	0	-1	-1	42	-1	-1	0	5	0	0	-1	0	0	22	-1	8	3	-1	0	-1	0	0
c2167	23	27	0	0	42	49	0	47	24	46	10	31	47	46	11	46	0	7	0	36	46	0	0	-1	-1	0	48	-1	-1	0
c2176	-1	12	43	24	0	0	0	46	0	14	-1	0	24	0	0	5	0	-1	0	0	31	0	0	-1	3	0	-1	-1	0	-1
c2344	0	43	21	0	-1	0	-1	-1	14	14	0	0	39	0	0	5	0	14	27	10	0	0	0	0	3	48	-1	-1	18	11
c2385	-1	-1	21	-1	0	0	-1	-1	14	14	0	0	39	-1	0	5	0	-1	27	10	0	0	0	0	-1	-1	49	-1	-1	11
c2499	42	12	-1	0	-1	0	0	46	0	14	-1	0	24	0	50	5	4	0	0	0	0	0	0	-1	3	0	0	-1	25	0
c2663	-1	-1	-1	-1	0	0	-1	-1	14	27	-1	28	39	-1	-1	5	42	43	0	0	-1	0	0	-1	3	0	27	-1	18	0
c2706	49	-1	0	-1	0	-1	0	11	0	50	0	0	0	-1	-1	5	0	0	0	0	0	0	23	8	3	0	-1	-1	22	0
c2777	0	-1	-1	0	0	-1	-1	47	-1	0	-1	0	-1	0	-1	5	50	0	48	17	-1	0	-1	8	3	0	0	-1	31	0
c2790	0	0	-1	-1	0	49	0	0	10	0	10	-1	47	-1	0	-1	0	-1	0	36	-1	33	0	0	0	0	18	-1	14	1
c2921	-1	27	0	0	0	49	11	47	24	-1	-1	-1	47	0	0	46	0	-1	0	-1	0	0	0	-1	0	0	-1	-1	0	0
c3020	-1	0	-1	-1	47	-1	-1	0	14	-1	-1	0	39	0	42	5	28	0	0	0	0	42	-1	0	3	-1	22	-1	-1	43
c3027	-1	0	-1	30	11	49	0	0	0	0	-1	11	0	43	-1	-1	0	0	0	0	-1	45	27	0	-1	-1	42	-1	0	-1
c3061	0	0	0	0	0	-1	0	0	0	0	-1	27	-1	27	0	-1	-1	26	22	0	-1	0	0	-1	3	0	-1	-1	18	3
c3087	-1	6	21	-1	0	0	0	-1	14	-1	-1	0	39	0	0	-1	-1	14	0	10	0	19	0	19	3	48	-1	-1	-1	11
c3162	0	-1	0	0	0	0	0	46	0	14	46	0	31	0	-1	-1	46	0	-1	0	12	0	14	8	3	-1	0	-1	-1	0
c3176	-1	14	21	0	0	27	0	0	14	14	0	0	39	-1	5	5	0	0	0	10	0	0	-1	0	3	48	0	-1	18	0
c3249	43	12	0	41	0	-1	-1	0	8	50	0	0	-1	0	0	5	0	0	49	0	-1	0	23	8	3	0	0	-1	-1	17
c3319	0	12	10	0	0	0	0	46	0	-1	0	-1	24	0	42	5	4	0	4	0	0	0	-1	-1	3	22	0	-1	0	-1
c3329	31	0	22	0	0	0	-1	0	0	49	0	0	-1	-1	-1	5	-1	47	0	-1	0	-1	49	0	3	27	0	-1	18	27
c3390	26	12	43	0	0	-1	0	0	23	0	-1	-1	0	0	0	5	50	0	3	0	0	45	0	8	3	0	0	-1	31	-1
c3398	-1	0	-1	0	41	49	-1	0	0	0	10	10	47	-1	0	46	-1	-1	0	36	0	0	0	0	23	0	-1	-1	-1	33
c3409	-1	-1	0	0	38	38	-1	0	0	6	-1	0	-1	0	0	5	0	0	-1	-1	0	0	-1	24	3	0	0	-1	-1	0
c3426	0	27	0	0	42	49	43	47	-1	0	10	31	47	0	25	46	0	0	-1	36	0	27	-1	0	3	0	48	-1	0	0
c3450	0	-1	14	49	0	-1	0	0	-1	-1	42	0	-1	0	0	5	-1	42	0	0	0	0	-1	0	3	47	0	-1	18	42
c3538	0	0	22	0	0	-1	-1	-1	-1	0	10	0	47	0	33	46	0	-1	0	-1	0	7	-1	0	23	0	27	-1	-1	-1
c3618	35	12	27	0	0	0	0	-1	0	0	0	-1	49	17	-1	5	-1	0	-1	-1	0	38	0	-1	3	19	0	-1	0	12
c3624	35	12	27	0	0	0	0	-1	0	0	0	0	49	0	11	-1	0	0	-1	0	0	38	0	8	3	19	0	-1	0	12
c3632	-1	-1	0	27	-1	0	0	-1	14	27	-1	-1	39	24	-1	5	0	38	5	0	0	1	-1	-1	3	-1	0	-1	18	0
c3643	-1	-1	23	0	-1	0	0	0	14	0	6	28	39	43	-1	5	42	-1	0	0	0	26	0	0	3	-1	27	-1	18	43
c3692	31	0	0	50	47	-1	27	0	-1	0	0	0	39	0	0	-1	43	47	-1	-1	0	0	49	0	-1	27	0	-1	18	27
c3739	0	0	0	0	0	-1	0	0	0	27	0	-1	-1	0	27	5	0	0	5	22	0	0	32	0	3	-1	0	-1	18	-1
c3834	0	0	41	49	0	0	-1	0	0	0	42	0	39	0	0	5	0	0	0	0	0	0	-1	0	3	0	-1	-1	18	-1
c3881	0	0	-1	-1	0	-1	0	0	0	0	-1	-1	47	0	0	46	0	50	0	-1	0	7	-1	0	-1	0	27	-1	-1	-1
c3901	-1	-1	0	41	0	49	0	0	0	0	43	-1	39	-1	0	-1	3	0	-1	0	-1	-1	0	-1	3	8	-1	-1	18	0
c3971	26	4	49	-1	0	-1	0	-1	-1	-1	10	0	47	0	7	46	0	-1	14	36	46	0	0	-1	0	0	43	-1	0	-1
c3984	28	0	19	49	0	-1	0	0	-1	-1	0	39	39	0	-1	-1	0	0	0	0	46	3	49	0	-1	0	0	-1	18	11
c4031	0	0	0	0	0	49	-1	0	0	0	-1	0	47	0	31	46	0	0	14	36	0	0	14	-1	0	0	4	-1	35	0
c4032	0	0	0	49	-1	0	0	-1	0	0	42	0	39	-1	0	-1	0	-1	0	-1	0	0	-1	11	3	0	0	-1	-1	0
c4132	-1	12	0	0	0	-1	38	46	-1	14	46	-1	-1	0	0	-1	46	27	-1	0	12	0	14	8	-1	19	0	-1	0	0
c4137	-1	0	-1	-1	0	0	46	0	14	27	0	-1	39	-1	-1	5	-1	0	5	0	0	1	-1	-1	3	0	0	-1	18	0
c4263	0	4	41	-1	-1	49	-1	0	0	0	0	-1	-1	0	0	-1	-1	0	0	27	-1	0	0	0	-1	18	22	-1	50	0
c4265	22	12	0	-1	0	0	-1	46	0	14	0	0	24	-1	-1	5	4	0	0	0	5	0	-1	8	3	48	0	-1	0	0
c4285	-1	0	0	0	46	0	0	-1	14	0	0	28	39	26	0	5	42	0	27	-1	44	0	32	0	-1	-1	27	-1	18	42
c4286	-1	27	0	0	42	49	-1	47	24	0	10	-1	-1	0	-1	-1	0	-1	0	36	0	0	-1	0	3	22	48	-1	49	0
c4316	-1	-1	0	0	0	49	0	0	23	-1	10	0	47	0	-1	46	0	-1	0	36	43	0	0	0	0	-1	48	-1	0	0
c4322	-1	0	-1	0	0	7	-1	0	14	0	-1	28	39	0	-1	5	42	27	26	0	38	28	0	0	3	0	-1	-1	18	-1
c4417	-1	0	0	43	0	0	3	0	14	0	0	28	39	0	14	-1	-1	0	27	49	0	43	32	0	3	0	27	-1	18	0
c4420	0	0	0	0	0	0	0	14	-1	0	42	0	-1	0	0	-1	0	0	0	0	0	0	-1	0	3	-1	0	-1	18	0
c4457	-1	12	27	-1	-1	0	8	46	27	27	-1	0	-1	0	27	5	0	0	-1	0	0	0	0	-1	3	-1	0	-1	-1	0
c4473	-1	0	-1	27	0	0	0	0	14	27	-1	-1	39	24	-1	-1	0	0	5	0	-1	1	-1	0	3	0	0	-1	18	0
c4513	31	0	-1	19	0	-1	27	-1	0	0	0	0	-1	0	0	5	43	47	-1	-1	0	0	49	0	3	27	-1	-1	18	27
c4516	0	0	-1	0	-1	0	0	0	0	-1	0	-1	39	-1	46	5	0	-1	5	0	0	0	0	9	3	0	0	-1	-1	0
c4548	-1	0	0	0	0	0	3	0	14	0	0	28	39	0	0	5	42	31	27	-1	0	0	32	0	-1	0	27	-1	-1	0
c4557	-1	14	21	0	-1	0	0	0	14	14	39	-1	-1	0	42	5	0	0	0	10	-1	0	0	0	3	-1	0	-1	18	0
c4578	28	33	0	23	0	0	0	42	-1	-1	0	-1	39	0	-1	-1	24	0	0	0	46	14	49	0	3	0	0	-1	18	-1
c4610	-1	0	0	0	-1	49	-1	0	30	0	10	49	47	31	0	46	0	12	0	36	0	0	48	0	0	0	0	-1	-1	-1
c4698	0	4	41	-1	0	49	-1	-1	0	-1	0	0	0	0	0	-1	-1	46	0	27	0	-1	0	0	14	18	-1	-1	-1	-1
c4730	-1	27	-1	0	0	49	-1	47	-1	-1	10	31	47	0	0	46	0	10	-1	36	42	0	0	0	-1	0	48	-1	28	0
c4771	0	12	0	0	-1	-1	4	0	0	0	-1	0	0	0	0	5	50	0	0	0	0	-1	-1	-1	3	0	0	-1	-1	0
c4790	0	0	0	0	-1	0	27	46	22	1	0	0	39	14	0	-1	0	0	0	0	0	0	-1	0	-1	0	-1	-1	18	10
c4811	0	-1	27	0	0	0	0	46	0	0	27	1	0	0	23	5	-1	0	-1	-1	1	0	0	8	3	19	-1	-1	0	27
c4908	0	23	0	0	0	0	0	0	14	27	0	-1	39	24	0	5	-1	14	5	18	0	0	-1	0	3	19	0	-1	-1	0
c4927	-1	0	0	31	-1	-1	12	0	28	0	0	27	39	27	47	5	-1	14	-1	-1	0	0	0	-1	3	-1	-1	-1	18	14
c4947	0	27	22	0	22	49	0	0	-1	0	10	0	47	0	-1	46	-1	-1	0	36	-1	0	0	0	0	7	48	-1	0	0
c4966	-1	-1	-1	-1	0	-1	0	0	0	50	0	0	27	0	0	5	0	-1	26	0	0	22	23	8	3	-1	0	-1	0	-1
c4968	0	-1	40	0	0	0	-1	46	-1	-1	0	0	24	0	0	5	4	0	0	0	0	0	48	8	-1	48	0	-1	-1	1
c4981	26	12	43	-1	0	-1	0	-1	-1	0	-1	0	0	0	0	5	50	0	-1	0	0	-1	0	8	3	0	-1	-1	-1	0
c5014	-1	0	-1	0	0	0	0	-1	14	14	0	0	-1	0	-1	-1	0	14	-1	10	0	-1	-1	0	-1	-1	0	-1	-1	11
c5023	0	0	21	0	0	24	0	-1	14	14	-1	0	39	0	0	-1	0	-1	0	10	0	0	0	0	3	48	0	-1	18	11
c5043	43	12	14	0	0	-1	8	0	0	50	0	-1	-1	0	0	5	0	-1	0	0	0	22	23	-1	-1	0	0	-1	0	17
c5062	0	12	27	0	0	0	0	46	0	0	-1	8	0	0	23	-1	-1	43	-1	49	0	0	0	-1	3	19	-1	-1	0	27
c5094	42	12	-1	0	0	0	-1	46	0	-1	-1	0	-1	6	3	-1	12	0	-1	8	-1	-1	8	8	3	19	0	-1	-1	42
c5098	0	12	-1	0	25	-1	0	-1	0	0	-1	0	27	0	0	5	50	0	0	-1	0	16	0	8	-1	0	-1	-1	14	43
c5142	-1	-1	-1	43	0	-1	0	0	0	-1	29	27	39	27	0	5	0	0	-1	0	14	-1	0	11	3	8	0	-1	18	0
c5143	35	0	-1	0	0	49	-1	-1	0	0	29	-1	39	27	0	5	0	0	-1	0	14	4	0	-1	3	8	0	-1	18	0
c5153	0	0	25	6	0	49	0	0	0	12	46	-1	-1	27	0	5	31	0	-1	0	22	0	0	16	3	43	0	-1	18	-1
c5154	0	0	0	0	0	-1	10	-1	0	0	0	27	39	-1	0	5	-1	0	22	0	-1	0	-1	0	3	0	0	-1	18	0
c5222	0	0	0	0	0	49	0	0	0	28	-1	27	39	27	24	-1	-1	0	22	0	27	0	-1	21	3	0	0	-1	-1	-1
c5241	0	0	22	-1	-1	-1	0	0	14	10	-1	0	0	-1	0	0	0	42	0	11	44	-1	11	43	-1	-1	-1	-1	0	0
c5270	-1	0	22	-1	42	14	0	0	-1	0	0	47	0	-1	0	5	-1	0	0	0	44	-1	0	43	-1	50	-1	-1	43	0
c5283	0	-1	22	48	28	22	0	0	14	0	0	0	0	-1	0	0	0	-1	0	0	-1	-1	0	-1	3	50	-1	-1	0	0
c5347	-1	18	27	22	0	0	0	0	-1	0	0	28	39	26	0	-1	42	-1	-1	-1	44	0	32	0	3	0	27	-1	18	42
c5348	-1	0	0	-1	-1	49	0	-1	-1	0	-1	0	47	31	0	46	0	12	0	36	0	0	48	0	0	0	0	-1	-1	33
c5369	0	0	-1	0	11	0	0	0	14	14	42	19	26	-1	0	46	0	42	0	0	44	0	-1	-1	3	50	-1	-1	0	39
c5395	-1	0	18	-1	0	7	12	0	14	43	43	-1	39	0	0	5	42	4	-1	0	28	0	0	0	3	0	27	-1	18	0
c5400	0	30	-1	49	-1	0	-1	22	-1	14	42	0	0	-1	0	0	-1	0	-1	0	44	49	0	43	-1	50	-1	-1	0	0
c5407	-1	0	0	0	0	-1	10	0	0	0	0	27	39	27	22	-1	0	0	22	0	-1	0	0	-1	3	17	0	-1	18	0
c5463	0	4	41	30	0	-1	-1	0	0	31	0	39	0	-1	0	48	-1	0	0	27	-1	-1	0	0	0	18	0	-1	-1	0
c5485	0	-1	0	0	0	-1	10	0	0	46	0	27	-1	27	27	5	0	0	22	0	0	0	0	0	3	0	-1	-1	18	-1
c5580	0	4	-1	30	0	-1	-1	0	0	0	0	0	25	0	0	0	24	-1	0	27	-1	-1	0	-1	14	18	0	-1	-1	-1
c5586	-1	27	-1	0	0	49	0	-1	23	0	10	43	47	-1	0	46	0	0	0	-1	-1	0	-1	-1	-1	-1	48	-1	0	0
c5593	0	-1	27	0	-1	0	8	46	0	0	0	0	0	0	0	5	31	-1	-1	0	-1	0	0	8	-1	-1	-1	-1	-1	42
c5699	-1	-1	0	0	42	0	-1	46	23	14	0	0	24	10	27	5	-1	14	-1	27	0	0	0	8	3	5	0	-1	49	0
c5719	0	0	22	1	42	14	-1	0	-1	32	-1	0	0	-1	0	-1	0	0	0	41	44	-1	0	43	-1	50	-1	-1	-1	-1
c5731	-1	0	41	49	0	0	0	0	0	-1	-1	0	39	0	0	5	0	0	0	0	0	0	-1	0	-1	0	0	-1	18	0
c5757	41	-1	-1	-1	0	-1	0	0	0	0	-1	0	27	0	0	-1	-1	0	0	0	0	16	-1	8	3	0	0	-1	0	0
c5771	22	0	6	0	-1	-1	0	0	-1	0	10	-1	47	-1	7	46	0	-1	14	36	0	-1	0	0	-1	0	-1	-1	38	1
c5772	-1	0	47	-1	-1	0	-1	0	14	27	-1	28	39	-1	0	5	42	43	0	0	0	0	5	12	-1	0	27	-1	18	-1
c5776	0	27	0	0	42	49	0	-1	24	0	10	31	47	0	27	46	0	27	-1	36	0	0	0	0	3	32	48	-1	0	0
c5782	0	0	0	0	0	-1	0	0	0	-1	43	27	39	27	0	5	0	0	-1	0	0	0	0	48	-1	8	0	-1	18	0
c5798	-1	27	21	0	0	49	0	0	23	0	10	0	47	-1	0	46	26	0	-1	36	43	0	-1	-1	0	0	48	-1	0	0
c5822	0	-1	24	0	-1	0	0	46	0	0	0	0	-1	-1	24	5	11	0	-1	0	0	0	14	8	3	-1	0	-1	0	44
c5829	0	-1	0	0	0	49	50	14	27	0	42	0	39	0	0	-1	0	-1	0	0	0	-1	-1	0	-1	0	0	-1	18	0
c5834	0	0	0	0	-1	49	-1	28	0	-1	8	-1	0	-1	-1	-1	-1	-1	-1	36	-1	46	0	-1	0	0	0	-1	-1	49
c5844	0	4	41	30	0	49	-1	0	0	0	0	0	0	0	0	0	0	0	9	-1	0	-1	47	0	0	18	0	-1	0	0
c5877	0	-1	-1	0	-1	-1	0	0	30	0	10	0	47	31	-1	46	0	12	0	-1	0	6	48	0	0	0	0	-1	-1	-1
c5882	-1	0	0	0	41	0	3	0	14	0	0	-1	39	-1	0	5	42	0	27	22	-1	8	-1	0	3	0	27	-1	18	-1
c5910	0	4	41	30	0	49	-1	0	-1	31	-1	39	0	0	0	-1	-1	-1	0	27	-1	0	-1	0	0	18	-1	-1	0	0
c5929	-1	0	0	-1	0	-1	0	22	27	-1	0	0	39	0	-1	-1	0	0	0	0	24	0	-1	0	-1	-1	-1	-1	18	-1
c5932	-1	14	0	27	0	27	-1	26	14	27	0	-1	-1	24	-1	5	0	0	5	0	0	1	-1	0	-1	0	0	-1	18	0
c5935	-1	25	0	35	0	0	0	0	14	-1	6	28	-1	43	0	-1	42	0	0	-1	27	0	0	0	3	0	27	-1	18	-1
c5938	31	-1	0	0	0	0	27	0	0	0	37	-1	39	-1	0	5	-1	0	0	49	22	-1	49	-1	3	-1	-1	-1	18	27
c5977	0	-1	0	0	-1	-1	31	0	24	0	10	0	47	16	0	46	0	0	31	36	-1	0	0	0	0	48	48	-1	0	0
c5980	14	0	0	6	0	49	0	0	0	12	46	27	39	27	0	5	-1	0	-1	0	0	0	0	16	3	0	0	-1	-1	-1
c6011	0	-1	22	1	42	14	0	0	14	0	5	0	0	-1	0	-1	0	-1	0	0	44	-1	-1	43	-1	50	-1	-1	43	-1
c6038	24	0	-1	-1	-1	5	0	0	-1	0	0	39	39	0	-1	5	0	0	42	0	-1	32	-1	0	3	0	0	-1	-1	11
c6067	0	0	0	-1	0	49	50	14	27	0	42	0	39	0	0	5	0	-1	22	0	-1	0	-1	0	-1	0	0	-1	18	0
c6077	-1	0	0	49	-1	0	0	0	0	49	42	0	-1	0	0	5	-1	0	0	0	-1	0	-1	0	-1	0	0	-1	18	0
c6114	0	0	0	-1	-1	-1	12	0	6	-1	-1	27	-1	-1	47	5	48	43	0	-1	0	-1	0	-1	-1	0	18	-1	18	-1
c6122	31	12	0	0	0	0	0	46	0	0	12	-1	31	14	0	5	-1	0	-1	0	0	0	14	-1	-1	19	-1	-1	0	0
c6125	0	12	-1	0	48	0	0	46	0	-1	0	27	24	0	45	-1	-1	-1	-1	0	0	-1	0	8	3	0	0	-1	25	0
c6133	1	49	0	0	-1	49	-1	0	0	0	-1	11	-1	0	0	46	0	0	0	36	-1	46	0	5	0	50	-1	-1	0	0
c6144	0	12	0	0	-1	-1	-1	46	3	14	0	-1	24	0	0	5	4	0	0	-1	0	0	0	-1	3	48	0	-1	-1	0
c6154	0	12	0	0	-1	0	0	46	0	14	-1	-1	24	0	1	5	4	0	4	-1	-1	30	0	8	-1	22	27	-1	0	0
c6190	-1	0	0	0	46	0	-1	22	27	-1	0	22	39	0	42	5	0	0	0	-1	0	0	-1	0	-1	0	28	-1	18	0
c6243	26	4	-1	0	0	49	0	-1	0	39	10	-1	47	0	7	46	0	-1	14	-1	46	0	0	-1	0	-1	43	-1	0	1
c6282	-1	4	0	0	0	49	-1	-1	-1	-1	10	0	47	0	7	46	0	-1	14	36	19	-1	0	0	0	0	43	-1	-1	1
c6327	0	0	0	0	1	-1	0	0	30	0	10	0	47	-1	-1	46	0	12	-1	36	-1	0	50	0	0	0	-1	-1	-1	33
c6352	0	-1	0	0	0	49	0	0	-1	0	10	0	-1	-1	7	46	0	-1	14	36	0	-1	0	0	0	0	43	-1	0	1
c6377	-1	0	47	32	49	0	12	-1	14	27	-1	-1	39	0	0	5	42	-1	0	0	0	18	0	0	-1	0	-1	-1	18	0
c6393	28	0	0	0	0	0	0	0	-1	-1	0	-1	-1	0	0	-1	24	0	0	-1	46	14	49	-1	3	5	0	-1	18	11
c6406	0	0	-1	0	0	0	0	14	-1	-1	42	27	39	-1	0	5	0	0	0	0	0	0	-1	0	-1	0	0	-1	18	0
c6409	-1	42	0	0	1	49	0	0	30	0	10	4	47	0	0	46	0	12	28	36	0	0	0	22	0	-1	0	-1	-1	33
c6414	-1	0	0	0	0	0	3	0	14	0	0	28	39	-1	0	5	42	0	27	0	0	0	32	0	3	0	27	-1	18	27
c6424	0	42	0	-1	0	49	-1	41	0	0	10	0	-1	-1	7	46	-1	-1	14	-1	0	0	43	27	-1	0	43	-1	0	1
c6462	0	-1	-1	0	0	0	0	14	27	0	42	-1	39	-1	0	-1	0	0	27	-1	0	0	-1	0	3	0	-1	-1	18	0
c6466	0	0	21	0	0	0	0	14	14	-1	0	-1	-1	0	-1	5	28	-1	0	-1	42	-1	0	-1	3	-1	-1	-1	18	-1
c6467	0	0	21	-1	0	0	0	14	-1	-1	0	0	39	0	50	5	28	26	0	46	42	42	-1	-1	3	48	-1	-1	-1	-1
c6550	-1	0	-1	0	0	-1	3	47	14	0	-1	28	39	0	0	5	42	-1	27	-1	0	8	32	0	3	0	27	-1	18	0
c6589	0	0	-1	49	0	14	0	-1	0	0	42	0	39	0	0	5	0	0	0	0	0	0	-1	-1	3	-1	-1	-1	18	0
c6597	0	0	-1	0	0	0	0	-1	0	27	0	-1	39	0	27	5	0	0	5	0	0	0	32	0	3	0	0	-1	18	-1
c6604	0	0	0	0	-1	49	0	0	0	0	10	0	47	14	-1	46	0	43	-1	-1	-1	-1	-1	0	0	38	0	-1	11	0
c6644	0	43	46	-1	10	-1	0	-1	-1	-1	10	0	47	21	0	46	27	14	-1	36	0	0	0	0	-1	0	0	-1	-1	0
c6678	43	12	0	41	0	-1	0	0	8	-1	0	-1	27	0	0	5	0	0	-1	12	-1	0	23	-1	3	-1	0	-1	0	17
c6695	-1	14	21	0	-1	0	0	0	14	14	39	0	-1	0	-1	-1	0	-1	0	10	0	0	0	-1	3	-1	0	-1	18	30
c6699	0	12	27	0	0	0	0	46	0	0	27	1	0	0	-1	5	-1	0	-1	-1	0	0	0	8	3	-1	-1	-1	-1	27
c6702	31	12	0	-1	4	0	0	46	-1	0	0	-1	31	0	0	-1	0	-1	-1	0	22	0	14	8	3	19	0	-1	0	36
c6712	-1	14	0	27	0	0	37	0	14	-1	0	-1	39	24	-1	5	-1	-1	5	0	0	-1	-1	0	3	0	0	-1	18	0
c6760	0	0	0	-1	0	-1	12	43	0	-1	0	27	39	-1	47	-1	0	0	0	22	42	0	0	-1	3	0	18	-1	18	-1
c6767	0	0	0	0	-1	-1	0	0	0	0	10	0	-1	0	0	46	11	0	49	36	49	0	0	-1	0	-1	0	-1	0	0
c6773	-1	4	-1	0	-1	49	0	0	0	0	10	0	47	0	7	46	0	-1	14	-1	0	0	0	27	0	43	-1	-1	-1	-1
c6779	0	0	0	0	0	27	0	0	0	27	27	-1	39	-1	0	-1	-1	0	-1	0	22	-1	4	0	3	0	0	-1	18	0
c6782	0	12	27	0	0	0	8	46	0	0	0	0	0	-1	0	5	31	-1	-1	0	-1	-1	0	8	3	19	5	-1	-1	42
c6817	31	12	-1	0	0	-1	0	47	0	7	-1	0	0	0	0	5	-1	0	-1	17	-1	0	0	8	-1	0	-1	-1	-1	45
c6837	0	27	0	0	42	49	-1	47	24	0	10	-1	47	0	25	46	16	0	0	36	0	5	0	0	3	0	48	-1	0	0
c6850	-1	-1	27	0	0	27	0	0	-1	0	0	28	39	26	0	5	42	-1	27	0	-1	-1	32	0	3	0	27	-1	18	42
c6851	-1	18	-1	0	0	-1	0	0	-1	0	0	28	39	26	0	5	42	0	-1	0	44	0	-1	0	-1	-1	27	-1	18	42
c6881	-1	0	0	-1	0	0	0	-1	14	27	0	-1	39	24	0	-1	-1	-1	-1	0	0	-1	-1	0	3	-1	-1	-1	18	0
c6882	0	27	22	0	0	49	0	-1	24	-1	-1	0	47	0	22	46	-1	-1	0	36	-1	0	0	0	0	7	48	-1	-1	0
c6896	-1	27	0	-1	42	49	-1	47	24	0	10	-1	47	-1	0	46	0	-1	-1	36	-1	0	0	-1	3	-1	-1	-1	0	43
c6900	0	-1	0	0	-1	-1	0	-1	0	0	0	-1	39	27	11	5	0	0	22	-1	0	0	-1	0	3	0	0	-1	18	3
c6902	0	0	45	-1	34	49	12	-1	0	-1	0	27	39	-1	47	-1	0	30	0	22	42	0	0	42	3	0	18	-1	-1	4
c6929	-1	0	0	-1	0	49	0	12	-1	42	10	0	-1	21	0	46	27	14	0	36	26	0	-1	0	0	0	1	-1	-1	24
c6930	0	27	0	0	41	49	0	0	0	0	10	-1	47	11	0	46	0	0	0	36	0	0	0	0	23	0	-1	-1	-1	33
c6933	0	12	27	0	-1	0	0	-1	0	-1	0	0	-1	0	23	5	0	0	-1	-1	-1	27	-1	8	3	19	-1	-1	0	0
c6944	0	0	-1	0	14	49	0	0	0	0	10	0	-1	-1	-1	46	16	-1	14	36	0	0	-1	-1	-1	0	-1	-1	14	1
c6951	0	0	-1	0	0	-1	0	0	21	0	-1	0	-1	-1	7	46	0	-1	14	-1	0	0	-1	0	-1	0	43	-1	14	-1
c6966	-1	-1	-1	0	-1	0	0	46	0	0	26	0	-1	0	0	-1	26	-1	-1	0	0	22	0	8	3	19	0	-1	0	-1
c6970	0	-1	27	0	-1	0	-1	46	0	0	0	-1	-1	0	0	-1	0	0	-1	0	42	0	0	-1	3	-1	0	-1	-1	-1
c6990	-1	12	0	0	0	0	0	46	0	0	0	0	0	0	0	5	0	0	0	0	-1	-1	0	8	3	25	49	-1	14	0
c7001	0	27	0	-1	0	49	0	41	0	0	10	0	47	0	7	46	-1	-1	14	-1	0	0	-1	-1	0	-1	43	-1	14	1
c7002	-1	0	-1	-1	0	0	0	14	14	0	0	28	39	26	0	5	42	32	27	0	44	0	32	0	3	24	-1	-1	18	42
c7004	24	0	0	0	-1	-1	22	46	-1	0	0	39	39	-1	0	5	0	0	42	0	46	0	0	0	3	20	0	-1	18	11
c7008	0	0	-1	-1	11	0	0	-1	14	0	42	0	0	-1	0	0	-1	0	-1	0	44	0	-1	43	3	50	-1	-1	0	0
c7056	-1	0	0	0	-1	14	0	0	0	-1	14	0	39	42	0	5	0	32	0	-1	-1	0	-1	41	3	-1	14	-1	18	0
c7062	0	0	21	0	-1	0	0	-1	14	14	-1	0	39	22	50	5	28	0	27	0	39	42	0	5	3	48	-1	-1	-1	43
c7064	-1	-1	-1	0	-1	49	0	0	-1	-1	10	0	-1	0	7	-1	0	-1	14	36	0	-1	0	0	0	0	43	-1	-1	1
c7069	22	-1	21	0	17	27	0	3	14	14	25	-1	39	0	46	-1	5	0	-1	10	-1	0	0	42	3	48	0	-1	18	8
c7087	0	0	-1	0	0	-1	0	0	-1	0	-1	27	39	-1	0	5	0	0	-1	27	-1	0	0	33	3	8	0	-1	18	0
c7120	-1	-1	22	-1	42	14	0	0	14	0	0	25	0	-1	-1	-1	0	0	0	49	-1	-1	0	43	-1	50	-1	-1	-1	27
c7121	-1	-1	22	1	42	14	0	0	-1	0	0	25	0	-1	0	5	0	0	0	49	44	-1	0	43	-1	-1	-1	-1	43	27
c7125	24	-1	-1	0	0	-1	-1	-1	-1	0	-1	-1	39	0	30	5	0	0	-1	-1	46	32	0	0	3	-1	0	-1	18	11
c7158	26	-1	0	0	0	-1	0	0	-1	39	10	0	-1	0	7	46	48	-1	14	36	46	0	0	0	0	0	-1	-1	0	1
c7182	0	0	-1	-1	0	49	0	-1	-1	-1	31	-1	39	0	27	5	0	0	5	0	0	0	32	0	3	-1	0	-1	18	0
c7189	-1	12	0	0	8	0	0	46	0	14	25	0	24	0	0	5	4	-1	3	0	44	49	0	-1	3	0	0	-1	0	10
c7197	43	-1	0	0	0	-1	0	0	46	50	0	39	3	0	-1	5	22	-1	25	-1	0	0	23	8	3	26	0	-1	-1	0
c7226	0	0	22	0	0	0	-1	0	14	10	0	0	0	-1	0	-1	0	-1	0	11	44	-1	-1	43	-1	50	-1	-1	22	0
c7243	0	0	0	0	28	49	0	0	27	-1	-1	-1	47	42	0	46	-1	-1	0	36	-1	-1	0	0	0	0	0	-1	26	1
c7244	0	27	-1	0	42	49	0	47	24	0	10	31	47	0	0	-1	0	0	0	36	0	-1	-1	0	3	0	-1	-1	0	0
c7259	0	0	0	0	0	49	-1	0	-1	-1	10	0	47	-1	-1	46	0	-1	11	36	-1	50	49	14	0	0	0	-1	0	0
c7275	-1	41	39	0	0	0	-1	-1	-1	-1	0	0	39	0	0	5	0	0	-1	0	-1	0	0	-1	3	27	0	-1	18	27
c7292	0	12	-1	0	25	-1	0	-1	0	0	-1	22	-1	0	41	5	50	-1	0	0	16	16	0	8	-1	0	0	-1	0	-1
c7300	0	0	0	0	0	-1	-1	0	0	0	10	45	47	0	7	46	14	-1	14	36	0	0	27	-1	0	-1	43	-1	-1	1
c7308	0	33	0	0	0	49	0	0	0	27	-1	0	32	49	0	-1	-1	-1	0	36	-1	46	0	43	-1	-1	0	-1	0	0
c7315	0	0	0	-1	0	49	0	0	-1	0	-1	0	0	-1	-1	-1	-1	0	0	36	-1	-1	14	43	0	0	0	-1	22	0
c7320	-1	-1	0	0	0	-1	10	0	0	-1	0	27	39	27	-1	5	-1	-1	-1	0	-1	-1	0	-1	3	0	0	-1	18	0
c7413	0	0	0	-1	0	0	0	22	27	-1	0	0	39	0	0	5	-1	0	-1	0	24	0	-1	0	3	11	-1	-1	18	0
c7436	-1	18	0	0	0	0	0	0	-1	-1	0	28	39	26	-1	5	42	0	27	0	44	0	-1	0	3	0	27	-1	18	42
c7449	0	-1	0	0	0	49	0	0	0	0	43	27	39	27	0	5	0	0	-1	0	0	0	0	-1	-1	8	0	-1	18	0
c7453	0	-1	-1	0	0	-1	-1	0	0	-1	10	0	0	-1	41	46	-1	48	0	36	-1	41	27	43	0	0	27	-1	0	0
c7480	0	0	21	0	36	-1	26	-1	14	14	3	0	39	22	50	5	28	0	27	0	39	-1	0	-1	3	48	24	-1	-1	-1
c7481	0	0	21	24	36	27	-1	-1	14	14	3	-1	39	22	50	5	28	0	27	0	39	42	0	0	-1	48	24	-1	-1	43
c7492	0	-1	0	0	0	0	0	-1	14	27	0	-1	-1	24	0	-1	0	0	5	0	-1	0	-1	0	-1	19	-1	-1	-1	-1
c7505	42	-1	0	0	0	26	0	0	-1	27	0	-1	39	24	-1	5	0	0	5	3	-1	1	-1	0	3	0	48	-1	-1	-1
c7522	0	25	0	-1	-1	49	46	42	0	0	10	0	-1	0	7	-1	14	-1	-1	36	0	0	27	0	0	-1	43	-1	0	-1
c7539	0	33	17	0	0	49	0	0	0	0	8	0	-1	49	-1	-1	-1	0	0	36	-1	46	0	43	-1	0	-1	-1	0	44
c7566	0	14	21	0	-1	25	0	3	14	14	0	0	39	0	0	5	0	33	0	-1	0	0	0	0	-1	-1	-1	-1	18	0
c7569	-1	42	0	0	0	0	-1	0	14	-1	-1	28	-1	0	-1	5	42	43	0	0	0	0	0	19	-1	0	27	-1	-1	0
c7579	0	0	0	0	-1	0	0	0	14	-1	-1	-1	39	-1	0	5	-1	0	5	0	0	0	-1	0	3	19	0	-1	-1	46
c7587	0	-1	0	0	1	-1	-1	0	30	0	10	35	47	0	-1	46	0	12	0	36	0	0	0	0	0	0	14	-1	-1	-1
c7599	0	12	0	25	33	-1	0	0	0	-1	-1	-1	0	0	0	-1	50	0	0	0	0	0	0	8	-1	0	0	-1	0	0
c7650	-1	12	-1	0	0	-1	-1	0	0	-1	-1	0	27	0	0	5	50	0	-1	-1	-1	16	3	8	3	0	0	-1	0	-1
c7663	24	49	0	0	-1	0	0	-1	-1	0	0	39	39	-1	0	5	0	0	42	-1	46	-1	0	0	3	0	-1	-1	-1	11
c7680	0	0	-1	0	0	49	0	0	21	0	-1	0	47	-1	7	46	0	-1	14	-1	-1	0	32	0	-1	0	43	-1	14	1
c7682	0	0	21	0	0	0	0	0	14	14	-1	0	39	0	-1	-1	-1	-1	-1	10	0	14	23	0	3	48	0	-1	18	11
c7719	-1	-1	24	0	0	-1	-1	0	-1	0	46	27	39	27	0	5	0	28	20	38	-1	24	-1	42	3	0	-1	-1	-1	0
c7724	0	-1	0	0	-1	49	0	47	24	0	10	31	-1	0	0	-1	0	27	0	-1	0	0	-1	22	3	0	48	-1	43	0
c7736	0	0	-1	30	0	49	-1	0	49	0	-1	0	7	0	0	-1	-1	-1	0	10	0	-1	27	35	0	0	0	-1	-1	-1
c7797	-1	0	0	0	0	0	3	0	-1	0	0	28	39	-1	0	5	42	0	27	41	0	0	-1	0	3	0	27	-1	18	24
c7802	24	0	0	-1	0	-1	22	46	-1	0	0	39	39	0	0	-1	0	0	-1	0	-1	0	0	0	3	-1	0	-1	18	11
c7805	0	-1	22	0	11	0	0	0	14	0	42	0	0	-1	0	0	-1	-1	0	5	44	0	0	43	3	50	-1	-1	0	0
c7807	0	12	27	0	0	0	0	46	0	0	0	-1	0	-1	23	-1	-1	-1	-1	49	-1	24	0	8	-1	19	-1	-1	0	-1
c7809	0	0	0	0	0	27	0	0	-1	27	-1	-1	39	-1	0	5	0	-1	5	0	-1	0	0	0	3	43	0	-1	18	-1
c7813	-1	0	-1	0	0	7	12	0	14	-1	43	28	39	0	-1	5	42	0	26	49	0	28	0	-1	3	-1	-1	-1	18	27
c7821	0	27	0	5	38	49	-1	0	0	0	-1	-1	30	0	0	46	0	0	0	36	0	0	27	43	43	0	0	-1	0	0
c7829	-1	0	0	0	0	-1	-1	43	-1	-1	6	28	39	-1	0	5	-1	-1	-1	0	49	0	-1	50	-1	0	27	-1	-1	43
c7834	22	0	6	0	0	49	0	0	0	0	10	0	47	0	7	46	0	-1	14	36	-1	42	-1	0	0	-1	-1	-1	38	1
c7836	0	0	39	0	0	-1	8	0	0	0	42	0	-1	-1	0	5	0	5	0	0	-1	0	-1	24	3	0	0	-1	-1	0
c7843	0	0	0	0	43	49	0	0	10	-1	10	-1	47	0	0	-1	-1	-1	0	-1	0	-1	22	0	0	0	18	-1	14	1
c7850	0	-1	-1	-1	-1	24	8	46	0	-1	0	27	0	0	0	5	0	0	-1	0	0	0	0	-1	3	-1	-1	-1	-1	42
c7852	0	41	0	0	0	27	27	0	0	27	27	-1	39	-1	0	5	0	0	5	0	-1	0	0	0	-1	0	-1	-1	18	-1
c7863	0	-1	21	0	-1	0	0	-1	14	14	3	0	39	22	50	-1	28	0	27	0	39	-1	-1	-1	-1	48	24	-1	-1	43
c7874	0	-1	43	24	0	28	0	46	0	14	-1	0	24	0	0	5	0	25	-1	0	31	-1	0	-1	3	-1	0	-1	0	0
c7879	0	27	-1	0	42	49	0	47	24	-1	10	-1	47	0	0	46	0	23	0	-1	3	0	0	0	3	32	48	-1	0	0
c7880	0	12	43	0	0	0	0	46	0	14	0	0	24	0	0	5	0	25	0	11	31	-1	31	-1	3	0	0	-1	0	0
c7890	-1	-1	22	-1	7	49	0	0	24	43	10	0	47	0	-1	46	0	-1	0	36	0	0	0	0	0	7	48	-1	0	0
c7930	-1	0	-1	-1	0	-1	0	0	14	0	0	-1	39	26	0	5	42	0	-1	0	44	-1	32	41	3	0	27	-1	-1	42
c7932	0	12	-1	0	0	0	0	46	0	14	0	0	24	0	0	5	4	0	0	0	-1	0	0	8	3	48	0	-1	0	0
c7944	-1	0	-1	0	3	0	27	-1	0	0	-1	-1	39	14	0	5	0	-1	26	-1	-1	0	0	-1	3	0	0	-1	18	0
c7964	-1	21	-1	26	0	27	0	0	-1	27	-1	-1	39	-1	-1	5	0	0	5	0	0	0	14	27	3	-1	0	-1	18	0
c7978	-1	27	0	0	42	49	-1	-1	24	0	-1	31	47	0	0	46	0	0	0	36	0	0	0	0	-1	32	48	-1	0	27
c7982	-1	12	-1	0	14	25	8	46	0	0	0	-1	-1	0	28	-1	0	0	-1	0	0	0	-1	8	-1	19	0	-1	-1	-1
c7983	0	12	27	0	14	25	8	46	0	0	27	0	0	0	-1	-1	0	0	-1	0	-1	-1	0	8	3	19	0	-1	-1	-1
c7987	0	-1	0	0	0	0	0	0	14	27	0	-1	-1	24	0	5	0	0	5	0	49	0	-1	10	-1	-1	0	-1	-1	27
c8008	0	12	27	10	-1	0	0	46	0	0	0	14	31	0	49	-1	0	14	-1	21	50	0	14	-1	-1	-1	0	-1	0	0
c8028	14	0	21	0	0	0	0	14	14	14	0	-1	-1	0	50	-1	28	-1	0	46	42	42	27	-1	3	48	-1	-1	18	43
c8029	14	-1	21	0	0	0	0	14	14	14	0	0	-1	0	50	-1	28	0	0	46	42	42	27	-1	3	48	0	-1	-1	-1
c8036	0	12	-1	0	22	-1	-1	0	0	0	-1	28	27	0	0	5	50	0	0	0	-1	-1	3	8	3	0	0	-1	-1	0
c8045	0	0	0	-1	0	49	0	0	-1	0	10	0	47	25	-1	46	0	-1	14	36	-1	42	0	0	0	0	-1	-1	38	1
c8049	-1	0	-1	30	-1	0	0	0	-1	0	7	28	39	0	0	-1	42	-1	0	0	0	0	0	0	3	-1	27	-1	18	0
c8056	0	12	-1	-1	4	0	-1	46	0	-1	-1	0	24	0	0	5	0	25	0	27	31	0	0	8	3	-1	0	-1	34	0
c8057	0	12	43	0	-1	-1	0	-1	0	-1	-1	0	24	0	0	5	0	25	0	27	31	-1	0	8	3	0	0	-1	34	0
c8089	-1	0	27	0	-1	0	0	3	14	0	0	28	39	26	0	5	42	0	27	0	44	0	32	0	3	0	27	-1	18	-1
c8092	0	0	-1	0	0	49	44	0	0	0	0	27	39	0	0	5	-1	0	0	-1	-1	33	36	19	3	0	33	-1	18	-1
c8093	0	-1	0	-1	0	49	-1	0	-1	0	0	27	-1	0	0	-1	-1	0	0	0	0	-1	36	19	3	0	-1	-1	18	10
c8114	0	0	-1	-1	12	49	0	0	14	0	46	-1	-1	-1	0	-1	0	49	20	0	50	-1	0	42	3	-1	0	-1	-1	0
c8129	-1	4	0	0	-1	49	0	0	0	0	10	0	47	0	7	46	0	-1	14	36	0	0	-1	-1	0	-1	-1	-1	-1	1
c8142	-1	12	43	0	4	0	-1	46	0	-1	-1	-1	24	0	0	5	0	25	0	27	31	0	0	8	3	-1	0	-1	34	0
c8155	22	12	0	-1	0	0	41	46	0	14	0	0	24	0	0	5	4	0	0	0	5	0	0	8	3	-1	-1	-1	0	0
c8160	0	12	0	0	48	0	0	-1	0	14	-1	27	24	-1	0	5	4	0	-1	0	0	41	0	8	-1	-1	0	-1	25	-1
c8178	0	0	0	0	0	49	50	-1	27	-1	-1	30	-1	-1	0	-1	0	40	0	0	-1	0	-1	-1	3	0	0	-1	18	0
c8179	0	0	0	-1	0	49	50	14	27	0	42	30	39	0	0	5	0	40	0	0	-1	0	-1	-1	3	0	0	-1	18	0
c8187	35	14	21	0	0	0	0	-1	14	14	30	0	39	-1	0	-1	4	-1	24	10	1	0	0	0	3	-1	0	-1	18	22
c8189	0	0	0	0	3	42	27	46	-1	0	0	-1	39	14	0	-1	0	0	0	-1	0	0	0	0	3	0	0	-1	18	0
c8190	0	-1	-1	0	0	0	0	0	0	27	31	-1	39	0	27	5	0	0	5	0	0	0	32	0	3	-1	-1	-1	-1	45
c8217	-1	-1	0	0	0	38	0	12	0	6	42	-1	39	-1	-1	5	-1	0	-1	0	18	12	-1	-1	3	0	0	-1	18	0
c8220	0	0	-1	0	0	0	0	-1	-1	14	0	0	39	0	-1	-1	0	14	-1	-1	0	0	-1	0	-1	48	-1	-1	-1	-1
c8221	0	0	-1	0	-1	0	0	-1	14	14	0	0	39	0	-1	-1	0	14	0	10	-1	0	31	0	-1	48	0	-1	-1	11
c8231	-1	27	22	46	0	-1	0	43	24	16	10	0	-1	-1	22	-1	-1	-1	0	36	0	0	0	0	25	-1	48	-1	-1	17
c8238	-1	-1	-1	-1	0	-1	0	35	0	0	-1	0	27	0	0	5	-1	-1	0	-1	-1	-1	0	8	3	0	-1	-1	-1	-1
c8244	-1	-1	-1	-1	18	0	0	0	-1	-1	0	-1	39	0	0	-1	0	0	5	0	0	0	-1	-1	3	0	23	-1	18	0
c8247	0	0	-1	0	14	0	0	0	-1	14	0	0	-1	-1	0	5	0	14	0	10	0	0	-1	19	3	-1	-1	-1	18	11
c8255	0	12	0	0	-1	-1	-1	46	0	14	0	0	24	-1	22	-1	4	0	0	-1	0	-1	0	8	-1	0	0	-1	0	0
c8261	-1	0	0	0	0	7	12	0	14	0	-1	28	39	0	-1	5	42	0	26	0	0	-1	0	0	3	0	-1	-1	18	27
c8282	0	-1	0	14	0	-1	-1	0	0	-1	10	0	47	0	0	46	0	0	0	-1	0	0	0	0	0	0	0	-1	-1	0
c8285	-1	0	-1	0	-1	0	0	0	14	0	-1	28	39	0	0	5	42	43	0	22	0	0	0	0	3	0	27	-1	18	17
c8305	0	33	0	-1	-1	49	-1	0	-1	0	8	0	32	49	0	-1	-1	0	-1	36	-1	46	0	43	0	0	0	-1	0	0
c8324	-1	0	-1	0	0	-1	22	46	-1	0	0	39	-1	-1	0	5	0	0	42	0	-1	0	0	-1	3	20	0	-1	18	11
c8332	0	-1	41	30	0	49	-1	0	0	31	0	39	0	-1	0	0	0	19	-1	27	0	0	0	0	0	18	0	-1	-1	42
c8333	0	4	41	30	0	49	-1	0	0	31	0	39	0	0	0	-1	0	19	0	-1	0	-1	0	0	-1	18	0	-1	-1	42
c8334	0	5	7	-1	0	27	-1	22	-1	-1	0	0	39	0	0	5	-1	-1	0	0	24	0	-1	-1	3	0	-1	-1	18	33
c8367	-1	0	6	0	0	49	-1	0	0	-1	10	0	47	-1	7	46	0	-1	-1	36	-1	42	0	0	0	0	-1	-1	38	1
c8370	-1	42	0	0	0	0	0	0	14	0	-1	28	39	0	-1	5	42	43	0	0	0	-1	0	19	3	0	27	-1	18	25
c8371	-1	-1	0	0	0	0	0	0	14	0	-1	28	39	0	-1	5	42	43	0	-1	0	0	0	19	3	0	-1	-1	-1	25
c8376	-1	-1	24	0	-1	0	0	46	0	0	0	0	31	0	-1	-1	0	0	-1	0	0	0	14	8	3	19	0	-1	-1	44
c8377	-1	12	24	0	-1	0	0	46	0	0	0	0	31	-1	-1	5	0	0	-1	-1	0	0	14	-1	3	19	0	-1	0	44
c8379	0	0	0	0	0	0	0	0	14	27	0	-1	39	-1	0	-1	0	-1	5	0	-1	0	-1	0	3	19	-1	-1	-1	43
c8388	0	4	41	30	0	49	-1	-1	-1	31	0	-1	0	0	28	48	0	-1	-1	27	0	0	0	-1	0	-1	0	-1	0	0
c8389	-1	4	-1	30	0	-1	-1	0	0	31	-1	-1	0	0	28	48	0	0	0	27	0	-1	0	0	0	18	0	-1	0	0
c8441	-1	0	-1	-1	12	0	46	-1	14	27	-1	-1	-1	24	-1	5	3	0	5	0	0	1	-1	31	3	0	0	-1	18	-1
c8442	-1	0	0	0	0	0	-1	-1	-1	0	0	28	39	26	0	5	-1	-1	27	0	-1	0	32	0	3	0	27	-1	18	42
c8470	0	-1	0	0	14	0	24	-1	0	27	0	-1	39	-1	0	5	0	0	-1	0	0	0	-1	-1	-1	0	0	-1	18	0
c8471	0	36	-1	0	14	-1	24	-1	0	27	-1	-1	39	0	14	5	0	0	5	0	-1	0	-1	9	3	0	0	-1	18	0
c8487	0	0	0	-1	0	1	-1	50	14	27	-1	-1	39	-1	-1	-1	0	0	5	0	-1	0	-1	0	3	19	0	-1	18	-1
c8489	-1	27	0	-1	42	49	0	47	24	0	10	31	47	0	0	-1	0	0	0	36	0	0	0	0	-1	0	48	-1	0	-1
c8492	41	0	0	-1	-1	-1	0	-1	0	27	0	-1	39	0	27	5	0	-1	5	38	0	0	0	0	3	28	0	-1	18	0
c8539	0	0	-1	0	0	-1	14	-1	0	19	10	0	47	-1	7	-1	-1	-1	14	36	0	-1	27	0	0	0	43	-1	0	1
c8577	0	0	28	0	-1	0	-1	49	0	0	-1	-1	39	0	0	-1	0	0	0	0	0	0	-1	0	3	0	0	-1	18	-1
c8583	0	12	-1	-1	-1	-1	0	0	0	0	-1	-1	-1	0	41	5	50	0	0	0	0	16	0	8	3	0	0	-1	0	-1
c8587	0	4	0	0	0	49	0	-1	-1	0	10	0	-1	0	7	46	-1	-1	14	-1	0	-1	0	0	0	0	43	-1	0	1
c8589	0	0	22	-1	11	43	0	0	14	0	42	0	0	-1	0	0	0	0	3	0	44	0	0	43	3	50	-1	-1	0	-1
c8596	0	-1	0	0	-1	0	0	22	27	-1	0	40	-1	0	-1	5	0	19	-1	-1	0	-1	-1	0	3	-1	28	-1	18	0
c8607	0	-1	27	0	0	0	46	46	0	0	31	0	0	0	23	5	0	0	-1	-1	0	0	50	8	-1	19	-1	-1	-1	0
c8642	0	0	41	30	19	49	0	22	0	0	46	40	0	0	0	0	0	0	0	27	46	0	0	43	0	-1	-1	-1	32	18
c8651	-1	0	0	0	46	0	0	22	27	-1	-1	40	39	0	0	5	0	19	0	-1	0	-1	-1	0	3	-1	28	-1	18	0
c8665	0	11	22	0	11	0	27	49	14	0	-1	-1	0	-1	12	-1	0	0	0	42	-1	0	0	43	3	50	-1	-1	0	27
c8681	0	-1	22	0	-1	0	0	0	14	10	0	-1	0	-1	0	0	0	-1	0	11	-1	-1	11	43	-1	50	-1	-1	0	0
c8687	-1	12	48	24	0	0	0	46	-1	14	42	33	24	-1	0	5	4	-1	10	0	0	20	43	8	3	22	0	-1	0	0
c8690	-1	0	0	0	0	0	-1	22	27	-1	0	25	39	-1	28	5	0	-1	-1	0	-1	0	-1	0	3	11	-1	-1	18	-1
c8711	0	0	22	1	42	14	0	-1	14	0	0	47	0	-1	0	5	0	0	-1	0	44	-1	-1	43	-1	-1	-1	-1	43	0
c8716	42	27	-1	49	-1	49	0	43	0	0	0	27	39	0	9	5	-1	0	11	0	-1	0	-1	19	3	-1	50	-1	18	0
c8732	0	-1	27	30	14	-1	0	19	14	0	0	21	0	-1	0	0	19	-1	0	22	-1	25	-1	0	0	0	0	-1	0	0
c8737	0	0	0	30	0	-1	-1	0	0	-1	-1	0	0	0	31	0	0	0	0	19	0	-1	27	0	-1	0	0	-1	0	0
c8740	0	12	-1	0	0	5	0	46	0	14	0	0	-1	0	0	-1	0	25	0	11	31	0	0	8	3	0	0	-1	0	0
c8786	-1	12	-1	0	0	0	-1	46	-1	-1	0	0	5	22	31	5	-1	-1	-1	0	0	0	0	-1	3	19	-1	-1	0	0
c8792	0	0	-1	0	0	27	0	0	0	27	27	-1	39	-1	0	-1	8	0	-1	27	22	0	4	0	3	43	0	-1	18	0
c8799	0	12	0	0	35	-1	-1	0	-1	-1	0	11	10	0	-1	5	0	-1	-1	-1	0	0	23	-1	3	0	-1	-1	-1	-1
c8801	0	0	24	-1	0	49	0	0	0	0	46	27	39	-1	0	-1	0	14	-1	0	0	0	0	42	-1	0	0	-1	-1	0
c8853	0	-1	-1	0	0	-1	0	-1	0	0	46	27	39	27	19	5	0	0	-1	-1	0	0	0	42	-1	-1	0	-1	18	0
c8878	0	0	0	0	28	49	23	0	-1	-1	10	-1	47	42	0	46	-1	-1	-1	36	0	-1	0	0	0	0	-1	-1	26	1
c8886	-1	49	0	0	46	0	0	0	-1	-1	0	39	-1	0	0	5	-1	0	42	0	46	32	-1	0	3	0	0	-1	18	11
c8887	24	49	0	-1	46	0	0	-1	-1	0	0	39	-1	0	0	-1	0	0	42	0	-1	32	-1	0	3	0	0	-1	18	-1
c8900	-1	0	-1	-1	-1	0	0	0	14	0	-1	28	39	0	0	-1	42	43	0	0	0	0	0	0	-1	42	27	-1	18	-1
c8914	35	12	27	0	0	-1	0	46	0	0	0	0	49	30	0	5	0	0	-1	0	0	38	0	8	3	19	0	-1	0	12
c8928	-1	12	0	-1	0	-1	0	46	-1	-1	0	14	31	0	0	-1	0	14	-1	21	0	0	14	-1	3	19	0	-1	0	-1
c8933	0	12	-1	-1	42	-1	0	0	0	-1	-1	0	27	48	-1	5	50	-1	0	0	-1	16	0	-1	3	0	0	-1	0	0
c8948	0	0	21	0	0	0	-1	0	14	-1	0	0	39	-1	0	-1	27	14	0	10	-1	0	0	-1	3	48	0	-1	18	11
c8963	0	-1	0	0	0	49	0	0	-1	0	-1	23	0	0	-1	-1	-1	0	0	-1	-1	46	0	43	49	0	18	-1	22	-1
c8970	35	12	-1	0	0	0	0	46	-1	0	-1	-1	49	0	-1	5	19	0	-1	0	0	38	0	8	3	19	-1	-1	0	12
c8976	31	-1	-1	0	0	-1	39	47	-1	0	-1	0	-1	0	-1	-1	50	22	0	0	0	0	0	8	3	0	0	-1	31	0
c8987	10	12	0	0	0	0	-1	46	0	14	-1	0	24	46	0	-1	4	0	24	0	-1	0	-1	8	-1	22	42	-1	14	0
c8990	27	0	-1	0	0	49	0	0	0	0	10	0	47	0	7	46	44	-1	14	-1	0	42	0	0	0	0	43	-1	38	1
c8991	-1	0	-1	0	0	49	0	0	-1	0	10	0	-1	0	7	46	44	-1	14	-1	-1	-1	-1	0	0	-1	43	-1	38	1
c8992	-1	-1	0	0	0	49	-1	49	0	0	0	27	39	0	0	5	0	0	0	0	0	0	0	19	3	0	48	-1	18	0
c8994	-1	0	-1	49	0	-1	0	0	-1	0	42	50	-1	0	0	5	-1	0	-1	0	0	0	-1	0	3	0	0	-1	18	0
c9001	28	0	-1	49	0	43	0	0	-1	-1	-1	-1	39	-1	0	-1	0	-1	0	-1	46	3	-1	0	3	0	0	-1	18	11
c9002	0	0	0	-1	0	49	-1	0	0	-1	-1	-1	0	0	0	-1	0	-1	0	36	0	0	27	43	0	0	27	-1	0	0
c9010	0	0	0	49	-1	0	43	0	0	0	-1	0	-1	0	0	5	0	0	0	-1	0	-1	-1	0	3	0	0	-1	18	-1
c9011	0	-1	0	-1	-1	0	43	0	-1	0	-1	0	39	0	-1	5	0	0	0	0	0	-1	-1	-1	3	0	0	-1	-1	0
c9012	1	47	49	0	0	-1	0	0	12	-1	-1	0	-1	-1	0	-1	0	-1	0	-1	-1	46	0	0	0	0	0	-1	0	0
c9056	0	-1	-1	0	0	-1	0	0	-1	0	46	27	39	-1	0	5	0	14	-1	0	0	0	0	-1	-1	0	0	-1	-1	0
c9099	31	12	0	38	0	-1	0	-1	0	-1	-1	0	0	-1	-1	5	50	22	-1	0	0	0	0	8	3	0	0	-1	31	0
c9106	0	27	0	-1	0	49	0	-1	23	0	10	0	47	0	-1	46	0	0	0	36	43	27	27	16	-1	-1	-1	-1	-1	0
c9108	-1	0	0	0	-1	49	0	3	-1	0	10	-1	-1	0	0	46	0	-1	0	36	-1	0	-1	43	27	0	-1	-1	0	-1
c9111	0	12	24	0	-1	0	0	-1	-1	0	0	0	31	0	-1	5	0	0	-1	0	0	0	-1	8	3	19	0	-1	0	44
c9114	-1	0	0	-1	0	7	12	0	14	0	43	28	39	0	-1	5	42	-1	26	0	0	28	0	0	3	-1	-1	-1	-1	27
c9122	35	12	27	-1	0	0	0	46	0	0	0	0	49	0	-1	5	0	0	-1	0	0	-1	0	8	3	19	0	-1	0	12
c9123	35	-1	27	-1	0	0	0	46	0	0	0	0	49	0	0	5	0	0	-1	0	-1	38	-1	-1	3	19	0	-1	-1	12
c9138	0	36	0	0	-1	0	0	0	0	27	0	-1	39	0	0	5	0	0	5	-1	0	0	0	9	-1	0	-1	-1	18	0
c9150	0	-1	-1	0	0	0	0	46	0	0	27	0	-1	-1	-1	5	0	0	-1	-1	0	0	0	8	3	19	-1	-1	0	27
c9184	0	12	43	0	0	0	0	46	0	14	-1	0	24	0	0	-1	0	25	0	27	31	0	0	8	-1	-1	0	-1	34	-1
c9190	0	-1	0	24	0	-1	0	-1	0	0	10	0	47	0	0	46	0	0	12	36	0	0	0	22	-1	-1	0	-1	-1	33
c9200	-1	0	46	0	0	49	0	0	0	0	4	27	-1	27	-1	5	0	0	-1	16	-1	-1	0	0	3	8	-1	-1	18	0
c9204	14	0	21	-1	0	0	0	14	14	14	0	0	39	0	-1	-1	28	0	0	-1	42	42	0	-1	-1	48	0	-1	-1	43
c9205	14	0	21	0	0	0	0	14	14	14	0	0	-1	0	50	-1	-1	0	0	46	42	42	0	-1	3	48	24	-1	18	43
c9211	-1	-1	0	0	-1	7	12	0	14	0	43	28	-1	0	-1	5	42	0	26	0	0	28	0	0	3	-1	-1	-1	-1	27
c9233	0	36	0	0	-1	12	0	0	0	27	0	-1	39	0	0	5	0	-1	5	-1	0	12	0	9	3	0	0	-1	18	0
c9244	-1	0	22	0	0	-1	-1	-1	-1	0	0	-1	-1	-1	-1	-1	27	0	0	17	44	0	3	43	-1	50	-1	-1	0	0
c9246	0	12	0	0	40	-1	-1	-1	0	0	-1	0	-1	0	-1	5	50	22	0	0	0	-1	0	8	3	0	-1	-1	31	0
c9249	0	-1	-1	0	0	49	0	0	48	-1	10	27	47	0	-1	46	0	0	0	-1	46	0	14	0	0	0	4	-1	5	0
c9261	0	12	-1	-1	25	-1	0	-1	0	0	-1	0	27	0	0	5	50	0	-1	-1	-1	16	0	8	3	0	33	-1	14	0
c9264	-1	-1	0	0	0	49	0	47	24	0	10	31	-1	-1	-1	46	0	0	0	-1	0	0	0	0	0	-1	48	-1	-1	0
c9267	0	0	0	0	0	-1	-1	0	0	-1	31	-1	-1	43	-1	-1	0	-1	5	-1	-1	-1	32	50	-1	0	42	-1	-1	0
c9268	0	0	22	0	-1	0	0	0	14	10	0	0	0	-1	-1	0	0	-1	0	11	44	-1	11	43	-1	50	-1	-1	-1	-1
c9285	0	0	22	-1	11	0	3	0	14	0	42	0	0	-1	0	0	-1	-1	0	0	44	0	25	43	3	-1	-1	-1	12	-1
c9290	-1	0	22	0	0	-1	-1	27	14	-1	0	46	0	-1	6	27	27	0	0	0	44	0	3	43	3	50	-1	-1	0	0
c9300	0	0	22	0	0	-1	0	27	0	-1	-1	0	47	0	0	-1	32	0	0	36	0	7	0	0	23	0	27	-1	-1	-1
c9311	0	14	21	0	0	27	-1	-1	14	14	0	0	39	-1	-1	-1	0	0	-1	-1	-1	0	0	0	-1	48	0	-1	18	0
c9331	50	27	0	0	42	49	0	47	24	0	10	31	-1	0	0	46	0	27	0	-1	0	0	0	-1	3	-1	48	-1	43	0
c9346	0	0	0	0	0	49	-1	0	0	0	10	43	47	0	-1	46	14	-1	14	-1	-1	0	27	0	-1	0	43	-1	-1	1
c9373	0	27	22	46	0	-1	-1	0	24	-1	-1	0	47	0	22	46	-1	-1	0	36	0	0	-1	0	0	-1	48	-1	0	-1
c9377	31	0	1	0	0	-1	-1	4	0	-1	41	0	39	-1	0	5	0	-1	0	0	0	0	0	-1	3	0	25	-1	18	27
c9379	0	0	14	49	0	-1	0	0	-1	0	42	0	-1	0	0	5	0	0	-1	-1	0	-1	-1	0	3	47	0	-1	18	42
c9390	0	-1	-1	0	41	49	0	-1	0	-1	10	0	47	0	0	46	0	0	-1	-1	0	0	-1	0	23	0	0	-1	-1	33
c9403	0	0	22	-1	-1	-1	0	36	14	14	42	-1	0	-1	0	-1	0	0	0	-1	44	0	0	43	3	50	-1	-1	0	0
c9422	0	4	41	30	0	-1	-1	0	0	31	0	39	11	42	-1	48	0	50	0	-1	-1	46	0	-1	-1	18	-1	-1	0	0
c9425	-1	-1	0	0	0	0	3	0	-1	0	0	28	-1	0	0	5	42	-1	-1	42	0	0	32	0	3	0	27	-1	18	0
c9427	-1	-1	-1	0	11	43	0	-1	14	0	42	0	0	-1	0	0	-1	-1	0	-1	44	-1	0	43	3	50	-1	-1	0	0
c9435	0	0	0	0	0	49	0	-1	0	28	48	27	39	27	24	5	-1	-1	-1	0	27	0	-1	21	-1	11	-1	-1	18	0
c9442	7	-1	0	23	0	0	-1	-1	0	14	0	-1	-1	0	-1	5	4	0	0	0	-1	0	-1	8	3	-1	0	-1	0	0
c9447	-1	4	0	-1	0	49	0	0	-1	0	-1	0	47	0	7	-1	0	-1	14	36	0	0	0	0	0	0	43	-1	-1	-1
c9468	30	0	0	0	0	49	0	0	0	0	27	27	39	27	0	5	-1	-1	22	0	27	0	0	21	3	-1	0	-1	18	0
c9477	-1	-1	0	0	-1	-1	0	-1	14	0	-1	28	39	26	0	5	42	0	27	0	44	0	32	0	-1	0	27	-1	18	42
c9491	0	27	0	0	42	49	0	47	24	0	10	-1	47	0	0	46	-1	0	-1	36	0	0	0	-1	3	0	48	-1	0	0
c9504	0	0	22	0	0	42	0	0	14	0	0	0	-1	-1	0	25	27	-1	47	27	44	0	3	43	-1	50	-1	-1	0	0
c9508	0	0	0	-1	0	27	27	-1	0	0	0	0	39	0	0	5	0	0	0	0	-1	-1	0	-1	3	0	-1	-1	18	0
c9509	0	0	0	0	0	27	27	4	0	0	0	0	-1	0	0	5	-1	30	0	0	50	0	0	0	3	-1	0	-1	18	0
c9539	-1	0	-1	0	0	0	0	43	14	46	6	-1	39	43	-1	5	42	-1	-1	0	49	0	0	0	3	0	27	-1	18	43
c9543	-1	0	6	0	0	27	0	-1	0	-1	-1	-1	39	-1	0	5	0	0	5	0	-1	0	0	0	3	0	0	-1	18	0
c9566	28	12	-1	0	42	-1	0	-1	0	0	-1	0	27	-1	0	5	50	0	-1	0	23	16	0	8	-1	0	-1	-1	-1	-1
c9573	0	0	22	0	0	0	0	0	14	10	-1	23	0	-1	0	0	-1	0	0	11	44	-1	11	43	-1	50	-1	-1	0	0
c9584	0	12	-1	0	25	-1	0	0	0	0	-1	0	27	0	0	5	50	-1	0	0	0	16	0	8	-1	0	0	-1	14	0
c9585	0	12	-1	0	25	-1	0	0	0	0	-1	0	27	0	0	5	50	0	0	-1	0	16	0	8	3	0	0	-1	-1	0
c9588	0	0	-1	0	0	-1	10	0	0	49	0	27	39	27	0	5	0	0	22	0	0	0	0	41	3	0	0	-1	18	0
c9615	-1	0	0	0	0	0	-1	-1	-1	0	0	28	-1	0	0	5	42	-1	27	-1	0	42	32	0	3	0	27	-1	18	-1
c9627	0	12	0	0	-1	-1	0	47	0	24	-1	0	0	0	0	5	50	22	0	-1	0	0	0	8	3	0	0	-1	31	0
c9632	-1	-1	41	30	0	-1	-1	0	0	0	0	0	25	0	-1	0	24	-1	0	27	0	-1	0	-1	14	18	0	-1	0	0
c9656	24	42	0	0	0	0	0	0	-1	0	0	39	39	0	0	-1	-1	0	42	0	46	32	-1	-1	-1	0	0	-1	18	11
c9662	-1	12	0	-1	0	-1	-1	0	0	50	-1	-1	27	43	0	5	0	0	0	0	0	20	23	8	3	0	0	-1	0	17
c9669	0	0	21	0	0	0	0	0	14	14	0	0	39	0	0	-1	0	14	-1	10	0	-1	23	0	3	-1	0	-1	18	11
c9680	0	0	21	0	0	-1	0	-1	14	-1	3	0	39	-1	50	5	28	0	0	0	0	-1	0	0	3	48	0	-1	18	43
c9681	0	0	-1	0	0	-1	0	-1	14	14	3	0	39	33	50	-1	28	-1	0	-1	0	42	0	0	3	48	0	-1	18	43
c9688	-1	-1	-1	0	0	38	0	-1	0	6	42	-1	39	-1	0	5	-1	0	-1	0	18	12	-1	24	3	0	24	-1	18	0
c9725	0	12	27	0	0	0	0	46	25	50	0	0	0	22	31	5	0	0	-1	-1	0	0	0	8	3	-1	-1	-1	0	0
c9726	-1	0	0	0	42	7	12	0	14	43	43	28	39	0	-1	5	42	50	26	-1	0	-1	0	0	-1	0	-1	-1	18	-1
c9738	0	0	0	0	-1	49	-1	0	0	1	10	-1	-1	0	0	46	14	0	0	36	-1	-1	27	43	0	0	0	-1	0	0
c9743	5	0	0	0	0	-1	0	0	0	0	0	27	39	27	0	5	0	0	22	0	0	0	0	0	3	44	-1	-1	18	47
c9747	0	27	0	0	0	49	31	0	24	-1	10	0	47	0	0	46	0	-1	0	36	0	-1	0	0	-1	48	48	-1	0	0
c9765	26	4	0	0	0	49	0	-1	-1	39	10	0	47	-1	7	46	0	-1	14	36	14	0	-1	0	49	0	43	-1	0	-1
c9767	0	4	41	30	0	49	-1	0	0	0	0	0	0	0	5	0	-1	0	-1	27	-1	0	0	-1	14	18	0	-1	0	0
c9768	31	0	22	0	0	0	27	0	0	-1	0	0	-1	0	-1	5	43	47	0	-1	0	-1	49	-1	3	27	0	-1	18	27
c9772	-1	0	47	0	0	0	12	0	14	27	-1	-1	39	0	0	5	42	43	0	-1	0	0	5	-1	3	0	-1	-1	18	0
c9777	0	12	0	0	0	-1	0	46	48	-1	0	-1	24	-1	1	5	4	0	4	-1	-1	30	-1	8	3	22	0	-1	0	-1
c9792	0	-1	-1	0	-1	-1	0	0	0	0	-1	-1	27	0	0	5	50	0	0	0	-1	16	0	8	3	-1	0	-1	0	0
c9793	0	12	-1	0	-1	-1	-1	-1	0	0	-1	0	27	0	0	5	50	0	0	0	0	16	0	8	3	0	0	-1	0	-1
c9803	-1	0	22	-1	0	47	0	0	-1	42	-1	0	33	-1	0	-1	-1	-1	-1	0	44	-1	-1	43	-1	50	-1	-1	40	-1
c9808	0	0	0	0	0	0	0	-1	0	27	-1	-1	-1	0	27	5	0	0	5	-1	0	0	-1	0	3	0	0	-1	18	-1
c9814	0	0	24	0	0	49	-1	0	38	0	-1	27	39	-1	-1	5	0	28	-1	-1	0	0	27	42	3	0	0	-1	-1	0
c9815	-1	0	24	0	0	49	-1	0	38	0	-1	27	39	27	0	-1	0	28	20	0	0	0	27	42	3	-1	0	-1	-1	0
c9816	26	4	0	14	22	49	-1	-1	0	0	10	0	47	-1	7	46	0	-1	14	36	0	0	0	27	0	0	43	-1	-1	1
c9827	-1	33	0	0	0	-1	0	0	14	0	6	28	-1	43	0	5	42	0	0	0	46	0	0	0	3	-1	-1	-1	18	47
c9829	0	0	22	-1	-1	0	0	0	14	0	0	-1	0	0	0	28	0	0	0	0	44	0	0	43	3	50	-1	-1	0	0
c9831	0	0	43	0	-1	49	0	0	0	0	10	-1	36	-1	0	46	0	-1	0	-1	0	0	27	43	0	0	0	-1	-1	0
c9832	-1	27	0	-1	42	49	0	47	-1	-1	10	-1	47	0	-1	46	0	-1	0	36	0	47	0	-1	3	0	48	-1	0	0
c9848	0	12	0	0	0	-1	-1	0	27	0	-1	-1	0	15	0	5	50	-1	-1	0	-1	-1	0	8	-1	-1	0	-1	31	-1
c9849	0	-1	0	-1	0	-1	0	-1	27	0	-1	38	0	15	0	5	50	0	0	0	27	11	0	8	3	-1	0	-1	31	-1
c9862	0	27	-1	0	42	49	43	47	24	-1	10	31	-1	0	25	46	0	-1	0	36	0	0	-1	0	3	0	48	-1	-1	-1
c9863	0	27	0	0	42	-1	43	47	24	46	10	-1	47	0	-1	46	0	-1	0	36	0	0	-1	0	-1	0	48	-1	0	41
c9878	35	0	-1	43	-1	49	0	-1	0	0	29	27	39	27	0	5	0	0	-1	0	14	0	0	11	3	8	0	-1	18	0
c9879	35	0	-1	43	0	49	0	0	0	0	29	-1	39	27	0	5	0	-1	-1	0	14	0	0	11	3	8	0	-1	18	0
c9888	-1	0	6	-1	0	0	43	0	0	-1	0	-1	39	-1	0	5	0	32	0	0	0	0	-1	0	3	0	0	-1	18	0
c9895	0	0	0	9	1	49	0	-1	30	0	-1	-1	-1	0	0	46	0	-1	0	36	0	-1	0	0	0	-1	0	-1	-1	33
c9938	0	12	27	-1	-1	0	-1	-1	0	0	28	-1	0	0	0	-1	-1	0	-1	0	0	0	0	8	3	19	0	-1	-1	42
c9939	0	-1	27	-1	0	0	-1	46	0	0	28	-1	0	0	0	5	0	0	-1	0	0	0	0	-1	3	19	-1	-1	-1	42
c9946	0	-1	0	46	-1	0	0	0	14	27	0	-1	39	24	0	5	-1	0	5	-1	0	0	-1	-1	3	-1	0	-1	18	28
c9947	0	0	0	46	0	0	0	0	14	27	0	-1	39	24	0	5	-1	0	5	0	0	0	-1	0	3	-1	0	-1	18	28
c9973	0	-1	-1	45	0	0	0	-1	14	14	3	0	39	0	50	5	28	-1	-1	0	0	-1	0	-1	3	48	-1	-1	18	43
c9975	0	-1	11	0	0	49	0	0	-1	-1	10	0	-1	0	7	46	0	-1	14	36	0	-1	0	-1	0	0	43	-1	-1	1
c9978	0	12	47	0	0	-1	0	47	0	0	-1	0	0	0	0	5	50	0	0	0	0	0	0	8	3	0	0	-1	31	25
c9981	-1	12	-1	0	0	-1	0	46	14	-1	0	0	0	-1	49	5	0	0	-1	-1	-1	0	0	8	3	19	0	-1	0	0
c9991	0	0	0	-1	43	49	0	29	0	0	10	0	47	0	0	46	0	0	-1	36	0	-1	0	0	23	38	0	-1	-1	33
c10011	0	-1	18	0	-1	49	0	0	0	0	10	-1	0	0	-1	46	-1	-1	0	-1	-1	0	-1	43	0	-1	0	-1	0	12
c10013	0	0	21	0	-1	-1	0	0	-1	14	21	0	39	10	49	-1	28	-1	-1	-1	0	42	0	0	3	-1	22	-1	-1	43
c10022	0	0	0	-1	0	27	0	0	0	27	0	-1	-1	-1	0	5	-1	0	5	0	0	0	27	-1	3	0	14	-1	18	41
c10032	42	27	0	49	-1	-1	0	0	38	0	0	27	39	0	9	5	0	0	11	0	-1	0	0	19	3	42	50	-1	18	0
c10037	-1	12	-1	0	48	0	0	46	0	-1	-1	-1	24	0	22	5	4	0	0	0	0	0	0	8	-1	0	0	-1	25	0
c10051	1	-1	49	0	0	-1	0	0	12	0	-1	0	0	11	0	46	0	0	0	-1	-1	46	-1	0	48	0	0	-1	0	0
c10053	0	0	0	-1	0	0	0	0	0	45	42	-1	39	0	0	-1	0	-1	0	0	0	0	-1	0	3	0	-1	-1	18	0
c10058	0	4	-1	-1	-1	49	-1	0	0	31	-1	39	0	0	0	0	0	19	0	-1	-1	0	0	0	0	18	0	-1	-1	0
c10063	31	0	0	0	0	0	-1	4	0	-1	41	-1	39	0	0	5	0	-1	0	0	0	-1	-1	-1	3	0	0	-1	18	27
c10064	0	0	0	0	-1	49	48	0	0	0	-1	0	47	0	42	46	7	0	0	36	0	0	49	0	3	0	0	-1	0	0
c10067	0	12	24	0	-1	0	-1	46	0	0	0	0	31	0	24	5	0	0	-1	0	0	-1	-1	8	3	19	0	-1	0	44
c10071	-1	-1	0	0	0	0	3	0	14	0	0	-1	39	0	-1	5	42	0	27	0	-1	0	32	-1	3	-1	27	-1	18	-1
c10102	22	-1	6	0	14	-1	0	0	0	27	-1	-1	-1	-1	0	-1	0	0	5	-1	14	0	0	0	-1	-1	0	-1	18	0
c10137	4	43	37	49	0	-1	36	0	49	-1	12	-1	39	0	31	5	0	-1	0	0	-1	-1	-1	0	3	-1	-1	-1	18	0
c10153	35	12	27	0	0	19	0	-1	0	-1	0	0	49	30	-1	5	-1	0	-1	0	0	-1	0	8	3	19	0	-1	0	12
c10155	-1	12	-1	0	42	-1	0	0	0	-1	-1	0	27	-1	-1	5	50	-1	0	0	23	-1	0	8	3	0	-1	-1	-1	0
c10167	0	12	27	0	0	-1	0	46	25	-1	0	0	-1	22	31	5	-1	-1	-1	0	0	0	0	8	3	19	-1	-1	0	0
c10191	0	0	0	0	0	0	0	0	14	27	0	-1	-1	24	0	5	0	0	5	0	0	0	-1	0	3	19	0	-1	-1	46
c10215	0	12	47	0	0	-1	-1	-1	0	0	-1	-1	0	0	0	5	50	0	0	38	-1	0	0	8	-1	0	-1	-1	31	0
c10223	0	12	43	-1	0	0	0	46	0	-1	-1	0	24	0	0	-1	0	25	14	-1	31	0	0	-1	3	0	0	-1	34	0
c10230	0	0	0	-1	0	0	-1	-1	0	0	42	0	39	0	-1	5	-1	0	-1	42	-1	0	-1	-1	3	-1	0	-1	18	0
c10233	0	-1	22	0	0	34	0	27	14	0	-1	-1	-1	-1	6	27	-1	0	24	0	44	0	3	43	3	50	-1	-1	0	0
c10243	0	-1	0	44	0	0	0	46	0	0	-1	0	31	0	0	5	0	49	-1	-1	-1	-1	33	8	3	19	0	-1	0	42
c10255	0	0	0	0	-1	-1	-1	0	0	0	-1	27	39	-1	0	5	-1	0	-1	0	11	0	0	-1	3	8	0	-1	18	-1
c10272	0	0	-1	0	-1	49	0	18	0	0	29	27	39	27	0	5	-1	0	-1	0	14	0	-1	11	-1	8	0	-1	-1	0
c10282	-1	0	47	-1	0	0	12	-1	14	27	-1	28	-1	0	0	-1	42	-1	42	23	0	0	0	0	3	0	27	-1	-1	0
c10289	-1	0	0	0	0	0	3	0	14	0	-1	28	39	-1	-1	5	42	0	27	0	-1	0	32	0	3	0	27	-1	18	0
c10299	-1	0	0	0	0	7	12	0	14	0	43	28	39	0	-1	-1	-1	27	26	0	38	28	0	0	-1	0	-1	-1	18	27
c10306	0	36	0	-1	18	0	-1	0	0	27	0	-1	39	-1	0	-1	27	0	5	0	-1	0	0	9	-1	19	0	-1	18	0
c10324	0	0	0	0	46	0	0	22	27	-1	5	22	39	-1	42	-1	0	0	-1	-1	0	0	-1	0	3	-1	-1	-1	18	0
c10325	0	0	0	0	46	0	-1	22	27	-1	0	-1	39	0	42	5	0	0	0	-1	0	0	-1	-1	-1	0	28	-1	18	0
c10329	42	27	0	49	0	49	0	0	0	0	0	27	39	0	9	5	0	0	11	0	-1	0	-1	19	3	0	50	-1	18	0
c10356	0	-1	0	0	0	49	-1	0	0	0	0	-1	-1	-1	47	-1	25	0	0	0	0	31	0	42	-1	0	0	-1	18	0
c10358	0	0	43	0	0	49	-1	-1	0	0	46	-1	39	-1	-1	5	-1	0	20	0	0	0	0	0	3	0	0	-1	-1	-1
c10364	0	-1	0	0	-1	-1	0	-1	22	50	0	50	27	-1	0	5	-1	-1	0	-1	-1	0	23	-1	3	0	0	-1	0	0
c10385	22	12	0	0	-1	-1	0	46	0	14	0	0	24	4	0	5	-1	0	0	0	0	0	0	8	3	-1	0	-1	-1	-1
c10398	26	4	0	0	0	49	43	0	0	39	10	0	47	-1	7	46	0	-1	14	36	46	0	22	0	22	0	43	-1	0	1
c10399	-1	4	0	0	0	49	43	0	0	-1	10	0	47	-1	7	-1	0	-1	14	36	-1	0	-1	0	22	0	43	-1	0	1
c10409	0	0	0	0	0	0	0	0	0	27	0	-1	-1	0	-1	5	0	-1	5	0	0	-1	0	-1	3	0	0	-1	18	0
c10423	-1	-1	0	-1	42	49	0	47	-1	0	10	31	47	-1	-1	46	0	0	0	-1	0	0	0	0	3	0	48	-1	0	0
c10433	0	-1	0	0	0	49	0	0	33	0	0	27	-1	27	0	-1	-1	0	22	0	27	0	0	21	3	0	0	-1	18	0
c10437	-1	34	0	0	0	49	0	0	0	0	8	11	32	49	-1	-1	-1	0	-1	36	-1	-1	0	-1	0	-1	0	-1	0	0
c10445	-1	-1	0	0	0	0	0	0	-1	0	0	28	39	26	0	5	-1	0	-1	0	44	44	32	22	3	33	27	-1	18	42
c10452	0	12	43	0	0	0	-1	-1	-1	-1	0	-1	-1	38	0	5	4	0	-1	0	0	0	0	8	3	22	-1	-1	-1	0
c10464	0	0	-1	0	49	-1	0	25	24	-1	0	-1	39	0	0	5	0	3	5	41	0	46	0	0	3	22	0	-1	18	0
c10469	0	27	0	5	0	-1	0	0	0	0	10	28	0	0	0	46	0	0	-1	-1	0	0	27	-1	4	-1	0	-1	0	-1
c10487	0	-1	0	0	0	49	0	0	0	0	-1	23	0	0	0	-1	-1	0	-1	36	-1	46	0	43	49	0	18	-1	22	0
c10501	-1	0	-1	-1	0	-1	0	43	-1	46	-1	-1	39	43	0	5	42	0	0	0	49	-1	0	-1	-1	0	27	-1	18	43
c10505	-1	27	0	0	0	49	0	0	23	-1	-1	-1	47	0	0	46	22	-1	0	-1	-1	0	0	0	0	0	-1	-1	0	0
c10507	0	-1	-1	0	-1	0	0	0	-1	0	0	0	0	-1	0	-1	26	-1	0	0	44	0	0	-1	3	50	-1	-1	0	0
c10531	0	0	22	-1	-1	42	0	0	14	0	0	0	0	-1	-1	25	27	46	47	0	44	0	3	43	3	50	-1	-1	0	-1
c10538	0	-1	43	0	-1	0	0	-1	0	-1	-1	0	24	0	0	5	0	25	0	27	31	-1	0	8	-1	-1	0	-1	34	0
c10545	-1	0	0	0	0	27	0	0	-1	27	27	-1	-1	-1	0	5	0	0	5	0	0	0	0	0	3	0	0	-1	18	0
c10591	0	0	-1	0	-1	0	-1	14	-1	0	42	0	39	0	0	-1	0	0	0	0	0	0	-1	0	3	0	0	-1	18	0
c10594	41	0	-1	0	0	46	0	0	0	-1	0	-1	39	0	27	-1	0	0	5	-1	0	5	49	-1	-1	0	0	-1	18	0
c10595	-1	-1	0	0	0	46	0	0	0	27	-1	-1	39	-1	-1	5	0	0	5	49	-1	5	49	0	3	0	0	-1	18	0
c10600	0	-1	-1	0	-1	0	42	14	-1	0	42	0	39	0	0	-1	-1	0	43	22	0	0	-1	0	3	-1	0	-1	18	0
c10602	-1	0	0	0	0	-1	0	-1	-1	0	10	-1	47	0	-1	46	-1	0	12	-1	0	0	-1	22	-1	0	24	-1	-1	33
c10603	0	0	0	0	43	49	0	-1	0	0	10	0	47	-1	0	46	0	-1	12	36	0	-1	0	22	-1	0	24	-1	-1	33
c10610	31	0	0	0	-1	0	-1	4	0	-1	41	0	39	0	0	5	-1	0	-1	0	0	-1	0	-1	3	0	0	-1	18	27
c10613	0	12	0	0	-1	0	-1	46	46	0	0	0	31	-1	0	5	0	49	-1	-1	0	0	0	-1	-1	19	0	-1	0	-1
c10620	-1	-1	0	0	0	38	0	12	0	6	-1	0	39	-1	0	-1	0	0	0	0	18	12	-1	24	3	0	0	-1	18	0
c10629	-1	47	22	0	33	0	0	0	-1	0	0	33	0	0	0	28	0	0	0	0	44	0	0	43	3	50	-1	-1	-1	0
c10640	0	0	22	0	11	0	0	41	14	-1	42	0	0	-1	-1	0	0	-1	0	0	44	0	0	-1	3	50	-1	-1	-1	-1
c10644	0	27	22	-1	0	49	0	0	24	0	10	12	47	0	-1	46	0	-1	0	36	-1	0	0	0	0	7	48	-1	0	0
c10652	-1	0	0	-1	0	0	-1	0	14	0	-1	28	39	26	42	5	42	-1	27	0	44	0	32	-1	-1	0	27	-1	18	42
c10653	-1	0	-1	0	0	0	0	0	14	0	0	28	39	26	42	5	42	0	27	0	-1	0	32	0	3	0	27	-1	-1	-1
c10664	0	27	21	25	0	0	42	-1	14	14	0	0	39	0	0	5	0	-1	27	10	-1	0	0	0	3	48	0	-1	-1	11
c10667	0	12	-1	0	0	27	0	46	0	14	-1	-1	24	0	0	5	0	-1	-1	0	31	0	0	8	3	-1	0	-1	0	0
c10693	0	24	-1	-1	0	-1	-1	-1	14	27	27	-1	-1	-1	0	5	0	0	5	0	14	-1	0	8	3	26	0	-1	18	0
c10703	0	0	24	0	0	49	0	-1	38	0	46	27	39	27	0	5	0	28	20	12	0	0	0	-1	3	0	0	-1	-1	0
c10706	0	0	0	0	0	0	0	0	0	27	-1	-1	-1	0	0	5	0	0	5	0	-1	0	0	-1	3	0	0	-1	-1	0
c10717	31	0	-1	0	-1	0	27	0	18	0	0	12	-1	-1	0	5	0	0	42	0	0	10	0	0	3	0	-1	-1	18	0
c10720	0	0	22	0	41	49	31	0	0	0	10	0	47	0	0	-1	0	0	0	36	0	-1	0	0	-1	0	-1	-1	-1	-1
c10722	0	0	21	0	0	-1	0	-1	14	14	0	0	39	0	-1	5	0	14	28	-1	0	-1	-1	0	-1	48	-1	-1	18	-1
c10755	0	0	0	4	0	0	-1	0	0	27	21	-1	-1	0	-1	5	0	0	5	-1	43	-1	0	9	-1	0	-1	-1	18	0
c10760	0	0	-1	5	0	-1	0	0	14	-1	-1	0	-1	-1	0	25	27	0	0	0	44	0	3	43	-1	-1	-1	-1	0	-1
c10768	-1	12	26	0	50	-1	0	-1	49	0	-1	0	0	0	0	5	-1	0	0	-1	25	0	0	8	3	0	0	-1	0	0
c10786	-1	0	0	0	0	0	0	11	0	0	0	0	39	42	0	-1	-1	32	-1	0	0	0	-1	-1	3	0	0	-1	18	0
c10808	-1	12	0	0	0	8	0	46	0	-1	0	14	31	0	0	5	0	14	-1	21	43	0	14	-1	3	19	0	-1	0	0
c10811	31	12	0	0	0	-1	-1	47	0	0	-1	0	0	0	0	5	50	22	-1	-1	-1	0	0	8	3	0	-1	-1	31	0
c10814	26	4	-1	0	-1	49	0	0	0	39	10	0	47	0	-1	46	0	-1	14	36	0	0	-1	0	0	0	43	-1	-1	-1
c10816	0	0	0	0	27	49	0	-1	0	-1	8	0	0	0	0	-1	-1	42	0	36	-1	46	10	43	-1	0	-1	-1	22	0
c10820	0	-1	0	0	40	-1	42	35	0	50	0	0	0	0	-1	-1	0	0	0	-1	0	0	23	-1	3	0	0	-1	0	-1
c10827	0	0	0	0	0	-1	-1	14	-1	0	42	0	39	22	22	-1	0	0	0	22	0	0	-1	0	3	0	0	-1	18	-1
c10832	24	42	0	-1	0	0	0	0	-1	-1	-1	39	39	0	-1	5	0	-1	42	-1	-1	32	0	0	3	-1	0	-1	18	11
c10847	0	12	43	-1	-1	0	0	-1	0	-1	-1	-1	24	0	-1	-1	0	25	0	27	31	0	-1	8	3	0	0	-1	34	0
c10854	0	0	22	0	27	0	-1	-1	14	10	0	-1	0	-1	0	42	0	0	0	11	44	-1	11	43	-1	50	-1	-1	0	0
c10855	0	0	22	-1	27	0	-1	4	14	-1	0	-1	0	-1	0	-1	-1	0	0	11	-1	-1	11	43	-1	50	-1	-1	0	0
c10859	42	27	-1	49	0	49	0	-1	32	-1	0	-1	39	0	9	5	0	0	11	-1	-1	14	0	19	3	0	-1	-1	-1	-1
c10861	0	36	0	-1	-1	0	-1	-1	0	27	0	-1	39	0	0	5	0	0	5	0	-1	0	0	-1	3	0	0	-1	18	0
c10868	0	0	6	0	0	49	0	0	0	-1	10	-1	47	0	7	46	0	-1	14	36	-1	42	14	-1	0	0	-1	-1	38	1
c10897	0	12	-1	49	0	0	0	46	0	-1	27	0	31	0	0	5	0	49	-1	-1	-1	0	0	8	3	19	0	-1	-1	-1
c10906	0	27	22	-1	38	49	0	0	24	0	10	0	-1	0	-1	46	-1	-1	0	36	-1	0	28	0	-1	7	-1	-1	0	0
c10910	-1	12	0	0	35	-1	-1	0	0	50	-1	27	-1	14	19	5	0	14	0	0	0	0	23	8	-1	-1	0	-1	0	0
c10913	-1	36	0	-1	18	0	-1	0	0	27	0	-1	-1	0	0	5	0	0	-1	-1	-1	0	0	9	3	0	0	-1	18	0
c10917	0	27	0	0	42	49	0	47	24	0	10	-1	47	-1	-1	-1	0	7	0	36	46	0	-1	0	-1	0	48	-1	0	0
c10923	0	0	0	0	43	49	0	-1	10	21	10	-1	47	0	0	-1	0	-1	0	36	0	-1	-1	0	0	-1	18	-1	14	-1
c10931	-1	18	0	0	0	0	33	0	14	0	0	-1	39	26	43	5	-1	-1	27	0	44	0	32	0	-1	0	27	-1	18	42
c10943	-1	0	27	0	-1	0	0	0	14	0	0	28	-1	26	0	5	42	0	27	0	44	0	32	0	3	-1	27	-1	18	42
c10944	16	12	48	0	0	0	0	46	0	0	0	14	31	0	0	5	-1	-1	-1	21	0	47	14	-1	3	19	0	-1	0	7
c10945	-1	12	48	-1	0	0	0	46	0	0	0	14	31	0	-1	5	0	-1	-1	21	0	47	14	-1	3	-1	0	-1	0	-1
c10946	0	12	43	46	0	0	-1	-1	0	14	0	-1	24	38	0	5	4	0	4	0	-1	0	-1	8	3	22	39	-1	-1	0
c10958	43	0	0	-1	-1	-1	-1	22	27	-1	0	0	39	-1	0	-1	0	19	42	-1	0	0	-1	24	3	0	28	-1	18	0
c10962	-1	12	-1	0	0	0	0	46	0	0	-1	0	0	-1	-1	5	0	-1	-1	49	0	0	0	-1	-1	19	-1	-1	38	0
c10983	0	0	-1	-1	-1	0	5	-1	14	-1	3	-1	39	0	50	5	28	0	36	0	0	42	-1	0	3	-1	0	-1	18	43
c10984	-1	12	43	24	0	-1	0	46	0	14	-1	0	24	-1	0	5	0	25	-1	0	31	0	0	8	-1	-1	0	-1	0	0
c11003	26	-1	0	0	22	49	0	0	-1	-1	10	0	47	0	-1	46	0	-1	14	36	0	-1	-1	27	0	0	43	-1	-1	1
c11007	0	-1	-1	48	0	0	0	0	0	-1	31	-1	39	0	27	5	0	0	5	0	0	-1	32	0	-1	0	0	-1	18	-1
c11033	-1	0	47	0	-1	0	0	-1	-1	0	-1	28	39	0	0	5	42	-1	0	-1	0	0	0	-1	3	0	-1	-1	18	0
c11036	0	0	0	-1	0	0	0	44	0	27	0	-1	39	0	27	5	0	0	-1	-1	0	-1	0	0	3	0	0	-1	18	0
c11050	0	0	0	-1	0	0	0	43	14	27	0	-1	39	24	-1	5	0	28	5	0	0	-1	-1	-1	3	0	0	-1	18	0
c11063	0	-1	0	0	-1	49	0	0	46	0	0	10	0	-1	48	0	0	0	-1	14	0	0	0	17	30	44	0	-1	0	24
c11081	0	12	0	0	-1	0	0	46	0	14	-1	-1	-1	-1	22	5	-1	-1	0	0	0	0	0	-1	3	0	0	-1	0	0
c11088	-1	0	0	-1	0	0	-1	0	14	-1	-1	28	39	0	0	-1	42	0	27	0	-1	0	32	-1	3	0	27	-1	18	0
c11093	0	-1	0	0	0	0	27	10	0	14	-1	0	39	38	0	5	0	-1	-1	0	-1	40	0	0	-1	46	11	-1	-1	0
c11095	-1	0	-1	49	0	0	0	-1	0	0	-1	-1	-1	-1	0	5	-1	0	0	4	0	0	-1	0	-1	-1	0	-1	18	48
c11102	0	0	-1	0	0	49	0	-1	0	0	10	-1	-1	-1	7	46	25	-1	14	36	-1	0	-1	5	43	0	43	-1	42	1
c11105	-1	0	0	0	0	49	0	-1	47	0	-1	-1	-1	27	-1	5	-1	0	22	0	27	-1	0	21	3	-1	-1	-1	18	0
c11129	0	-1	39	0	-1	-1	0	-1	0	6	42	0	-1	0	-1	-1	0	0	-1	34	0	0	-1	24	3	0	-1	-1	18	-1
c11133	10	12	0	-1	26	18	0	46	31	0	0	0	31	0	0	5	-1	49	-1	-1	0	33	0	-1	-1	19	-1	-1	38	32
c11136	0	0	0	0	0	49	0	0	33	-1	0	27	39	27	-1	5	-1	0	22	0	27	0	0	21	3	-1	0	-1	18	0
c11137	0	0	0	0	0	49	0	0	33	0	0	27	39	27	0	5	-1	0	22	0	27	0	0	-1	3	0	-1	-1	18	0
c11142	0	0	22	0	0	0	0	0	14	10	0	0	0	-1	0	0	0	-1	0	11	44	-1	-1	43	-1	50	-1	-1	0	0
c11144	0	0	21	0	0	0	0	0	14	14	0	0	39	0	0	-1	0	14	0	10	0	8	-1	0	3	48	0	-1	18	11
c11146	-1	11	50	-1	0	-1	0	0	14	0	0	28	39	26	0	5	42	0	27	0	44	0	32	-1	3	0	-1	-1	18	42
c11147	-1	11	50	0	0	0	0	0	14	0	0	28	39	26	0	5	-1	0	27	0	44	0	32	0	3	0	27	-1	18	42
c11157	-1	0	0	12	27	0	0	-1	14	42	6	28	39	43	0	5	42	0	0	-1	-1	0	0	0	3	42	-1	-1	18	-1
c11181	31	0	0	0	0	0	-1	4	0	-1	41	0	-1	0	0	-1	0	0	0	0	0	0	0	-1	-1	0	0	-1	18	-1
c11186	0	0	0	0	-1	0	14	22	27	-1	0	0	39	-1	0	5	0	19	42	-1	-1	0	-1	24	3	0	28	-1	18	-1
c11195	0	4	0	0	0	49	-1	0	-1	-1	10	-1	-1	0	7	46	0	-1	14	-1	0	-1	0	0	0	-1	43	-1	0	1
c11196	-1	12	0	-1	0	-1	0	46	0	-1	0	-1	31	-1	0	5	-1	-1	-1	-1	0	0	-1	8	3	19	0	-1	0	0
c11197	-1	12	0	0	0	0	0	-1	-1	0	-1	-1	31	14	0	5	0	0	-1	0	0	0	14	8	3	-1	0	-1	0	-1
c11204	-1	-1	0	27	0	27	0	0	14	27	-1	-1	-1	24	-1	5	0	0	-1	0	0	-1	-1	0	3	-1	0	-1	18	0
c11211	0	14	21	0	0	-1	0	0	-1	14	39	0	39	0	0	5	0	0	42	10	0	0	0	0	3	-1	0	-1	18	0
c11224	0	0	-1	-1	23	-1	0	0	31	48	10	-1	47	0	-1	46	0	0	-1	36	0	0	0	0	23	32	42	-1	-1	33
c11259	0	47	22	0	33	0	-1	-1	14	0	0	33	0	0	0	28	41	0	27	0	44	0	0	43	3	50	-1	-1	-1	-1
c11262	0	0	0	0	0	-1	0	-1	0	0	-1	0	39	0	0	5	0	0	0	0	0	0	-1	0	3	0	-1	-1	-1	36
c11288	-1	0	22	0	0	0	-1	0	14	10	0	0	0	-1	0	0	0	-1	0	11	44	-1	11	43	-1	-1	-1	-1	0	0
c11304	27	14	21	0	44	0	0	0	14	-1	0	0	39	0	0	5	-1	0	0	10	0	0	0	0	-1	48	-1	-1	18	-1
c11309	0	0	0	0	0	0	0	0	27	27	0	-1	-1	0	0	5	0	-1	5	0	0	-1	-1	9	3	0	0	-1	18	0
c11311	0	0	36	-1	0	49	12	0	0	0	0	27	39	27	-1	-1	25	0	0	-1	-1	31	0	42	3	0	49	-1	18	0
c11318	-1	-1	0	0	0	-1	0	0	27	0	-1	38	0	0	0	5	50	46	0	0	27	-1	-1	8	3	0	0	-1	31	0
