	0	1	2	3	4	5	6	7	8	9	10	11	12	13	14	15	16	17	18	19	20	21	22	23	24	25	26	27	28	29
c394	-1	0	0	0	-1	0	6	0	0	0	-1	0	0	0	29	0	0	42	0	27	47	0	0	0	43	0	0	0	0	-1
c611	6	0	0	0	0	0	6	5	0	0	-1	0	40	0	-1	0	0	0	41	24	29	0	-1	-1	0	43	0	0	7	0
c820	6	-1	-1	49	-1	0	-1	43	4	0	0	-1	8	0	0	-1	27	0	-1	-1	35	34	0	-1	10	0	0	0	0	0
c874	6	34	0	0	0	0	6	0	-1	0	0	40	-1	0	0	3	-1	0	-1	0	0	0	0	0	0	43	0	-1	0	0
c1307	6	0	26	0	5	0	6	0	49	-1	49	46	-1	0	0	0	0	-1	-1	49	0	10	0	0	0	0	0	0	0	9
c1389	6	19	-1	0	6	25	-1	0	22	34	27	-1	0	0	0	9	-1	0	0	0	0	0	0	0	43	0	-1	0	0	-1
c1394	6	0	0	0	34	-1	6	0	34	25	-1	-1	0	0	-1	-1	0	42	0	0	-1	0	0	1	-1	0	-1	0	0	0
c1929	-1	-1	-1	0	0	34	6	-1	0	0	-1	0	40	0	14	46	0	0	41	24	0	25	0	0	43	43	0	0	0	0
c1970	6	0	0	0	0	29	6	25	0	0	-1	-1	0	25	-1	-1	43	0	0	0	0	19	19	0	-1	0	19	0	9	0
c1998	6	-1	0	-1	-1	-1	6	-1	34	0	-1	46	0	-1	-1	0	-1	47	41	-1	-1	0	-1	6	0	49	-1	34	0	0
c2104	6	0	0	-1	-1	-1	-1	5	0	-1	0	0	40	34	0	0	-1	0	-1	24	-1	0	0	0	0	43	0	0	0	0
c2267	6	19	0	0	-1	0	6	-1	0	-1	0	0	-1	27	0	6	0	0	-1	-1	34	34	0	0	-1	43	22	0	0	0
c2411	6	0	0	43	0	43	6	5	0	0	0	0	40	40	0	0	0	0	41	24	29	-1	0	48	0	43	0	-1	43	0
c2458	6	0	0	0	0	0	-1	0	34	-1	45	34	40	0	16	8	0	0	41	5	0	-1	-1	0	0	43	25	0	-1	-1
c2573	6	0	-1	49	-1	-1	-1	43	4	0	0	0	8	0	-1	-1	27	4	0	0	-1	34	0	-1	10	0	19	19	0	0
c2585	6	0	0	0	-1	34	6	0	0	-1	-1	0	40	0	-1	-1	0	0	41	0	0	0	0	0	0	43	25	0	0	0
c2636	6	0	-1	0	-1	0	-1	5	0	-1	-1	0	-1	0	14	46	-1	0	41	-1	-1	25	0	25	-1	43	0	0	0	0
c2677	-1	0	-1	20	10	0	6	34	0	0	35	0	34	-1	35	-1	0	49	-1	8	0	6	19	0	20	0	0	0	-1	0
c2755	6	-1	21	0	0	0	6	0	0	0	49	46	-1	-1	0	0	-1	0	41	19	0	0	0	27	-1	0	0	-1	0	0
c2760	6	0	0	8	-1	0	6	0	4	0	-1	0	0	0	6	0	-1	0	-1	-1	0	0	0	0	-1	0	-1	0	43	0
c2839	6	0	0	0	0	0	6	26	34	40	19	-1	19	-1	-1	0	0	0	41	46	-1	-1	0	6	-1	49	0	0	34	0
c2997	6	0	0	-1	-1	0	6	-1	-1	0	-1	0	-1	0	-1	0	27	0	22	-1	0	0	19	0	10	-1	-1	0	-1	-1
c3004	6	0	0	0	0	0	6	0	44	43	45	0	40	-1	16	0	-1	0	41	0	0	0	0	0	0	43	25	0	0	0
c3055	6	-1	-1	0	0	0	-1	0	-1	0	0	0	-1	0	0	-1	-1	25	-1	-1	0	0	19	0	0	0	-1	0	0	8
c3072	6	0	0	0	43	-1	6	0	0	0	7	0	0	-1	0	-1	0	0	25	-1	0	10	19	-1	0	-1	0	0	-1	-1
c3073	6	0	0	0	-1	0	6	0	-1	0	7	0	0	34	0	0	-1	0	25	-1	0	10	19	-1	-1	-1	0	43	40	0
c3092	6	41	-1	0	43	35	6	0	0	-1	0	0	35	0	-1	0	0	0	0	35	34	0	19	-1	0	0	0	0	0	10
c3108	6	-1	0	0	0	-1	6	0	-1	0	49	46	-1	-1	0	0	0	0	41	0	0	0	0	0	0	-1	0	0	-1	0
c3249	6	-1	0	0	0	0	6	0	-1	34	0	0	-1	0	-1	9	-1	0	0	40	0	0	0	0	-1	0	47	0	0	0
c3250	-1	0	0	34	0	25	6	5	0	0	27	0	40	6	0	0	37	34	41	24	0	31	0	0	0	43	0	0	49	0
c3254	6	0	0	0	0	-1	6	-1	0	0	-1	0	13	0	0	0	0	0	0	21	47	10	-1	-1	0	0	0	0	0	0
c3340	6	20	0	10	0	0	6	0	4	17	35	0	0	0	40	-1	27	10	-1	0	-1	0	16	0	-1	-1	-1	-1	0	0
c3371	6	0	0	0	0	-1	6	0	-1	0	49	-1	-1	0	0	-1	0	0	41	-1	-1	-1	0	-1	0	0	17	-1	0	0
c3471	6	0	20	0	0	0	6	5	43	0	-1	47	40	0	20	0	0	0	41	-1	6	0	0	34	-1	43	0	-1	-1	10
c3480	-1	-1	-1	-1	0	-1	6	34	-1	0	6	0	40	0	-1	9	45	0	-1	-1	9	48	0	34	-1	-1	0	-1	-1	0
c3489	-1	0	0	0	0	-1	6	34	-1	37	-1	-1	0	0	0	0	-1	-1	-1	-1	0	0	-1	-1	10	-1	-1	35	0	0
c3535	-1	-1	0	-1	0	0	6	0	0	0	34	-1	0	0	0	-1	0	0	0	0	27	0	19	34	5	-1	0	0	0	0
c3568	6	0	21	0	-1	0	6	0	-1	-1	49	46	-1	0	0	0	0	-1	41	0	0	0	0	27	-1	-1	0	0	0	0
c3593	6	10	0	0	-1	0	-1	0	4	35	0	0	0	0	0	5	-1	0	-1	47	0	0	26	47	-1	34	0	35	0	0
c3633	6	0	26	0	0	0	6	1	0	0	49	46	-1	0	-1	21	0	34	41	1	0	0	0	0	0	0	0	0	0	-1
c3699	-1	-1	26	0	0	-1	6	-1	0	0	49	46	-1	-1	0	0	0	34	41	-1	0	-1	0	0	0	0	0	0	0	-1
c3720	-1	34	0	0	0	0	6	0	43	0	-1	0	40	0	16	0	0	0	41	0	0	0	0	19	-1	43	25	0	11	0
c3725	-1	0	27	0	0	0	6	-1	0	17	-1	-1	40	34	34	0	0	5	41	24	0	0	-1	0	17	-1	0	6	0	1
c3820	-1	9	0	0	25	0	6	-1	4	37	0	0	0	1	0	34	27	34	-1	47	0	-1	0	0	10	34	-1	-1	-1	-1
c3860	6	0	27	0	-1	0	6	5	0	0	0	-1	40	34	-1	0	45	5	-1	24	0	-1	0	25	34	-1	0	0	0	-1
c3911	6	0	-1	0	0	-1	-1	5	34	-1	0	0	40	0	0	-1	0	10	41	-1	0	-1	0	0	0	43	-1	-1	0	0
c3919	6	0	-1	49	14	0	-1	-1	4	0	0	0	8	-1	0	0	-1	0	35	14	0	34	0	-1	-1	0	34	6	34	0
c3930	6	0	26	6	0	6	6	-1	0	0	-1	-1	-1	-1	42	0	0	34	41	-1	0	0	0	-1	0	0	19	0	0	-1
c4012	6	-1	-1	-1	0	-1	6	0	0	0	-1	0	0	20	29	20	0	42	0	0	47	-1	0	47	43	0	9	0	0	0
c4014	6	0	20	0	0	0	6	0	0	34	49	-1	-1	43	0	0	-1	0	-1	0	0	0	0	-1	0	0	0	0	0	0
c4029	6	0	-1	0	0	0	-1	0	34	0	-1	46	0	18	-1	0	0	25	41	46	-1	0	0	6	0	49	0	-1	0	-1
c4070	6	-1	-1	0	-1	0	6	-1	4	0	-1	0	35	0	34	0	27	0	0	5	43	0	0	-1	10	0	0	31	0	0
c4112	6	0	0	0	0	9	6	5	0	4	-1	-1	40	0	8	-1	-1	0	-1	24	0	40	0	34	43	43	-1	0	0	47
c4128	6	0	-1	0	43	0	6	0	0	0	7	0	-1	34	0	0	0	0	0	21	46	10	-1	-1	-1	0	0	0	0	0
c4140	6	49	34	0	16	-1	6	16	4	0	-1	-1	25	-1	0	0	27	-1	0	-1	0	0	0	0	10	0	40	0	0	0
c4167	6	-1	49	-1	0	0	6	-1	-1	0	6	0	-1	0	-1	9	0	0	-1	-1	-1	48	-1	34	25	47	0	0	9	0
c4175	-1	0	8	6	0	-1	6	0	17	0	-1	0	6	-1	0	0	-1	0	0	0	0	0	-1	0	0	0	47	-1	0	0
c4188	-1	0	-1	0	0	0	6	0	0	-1	-1	0	-1	47	-1	0	34	0	-1	17	21	25	-1	6	0	43	0	30	41	25
c4208	-1	0	49	0	-1	0	6	0	25	0	29	0	40	-1	0	34	0	-1	41	0	-1	0	-1	46	25	0	0	0	0	43
c4219	6	0	-1	-1	0	0	6	9	0	17	-1	0	0	0	0	0	10	42	0	20	0	0	0	0	43	45	0	0	0	0
c4296	6	0	0	34	0	0	6	-1	0	-1	-1	0	-1	0	34	46	16	0	41	24	0	0	0	-1	-1	43	-1	0	6	0
c4312	6	35	0	-1	-1	46	6	0	-1	0	0	6	0	47	19	0	27	-1	-1	47	0	14	0	-1	10	34	0	-1	0	0
c4322	6	0	0	-1	0	0	6	40	4	0	-1	0	0	0	34	-1	27	0	-1	-1	20	0	8	0	10	0	0	0	-1	0
c4382	6	0	-1	0	0	0	6	5	0	0	0	0	40	16	0	0	34	0	41	-1	0	0	0	0	0	43	0	-1	34	0
c4384	6	0	49	0	0	0	-1	34	-1	-1	-1	-1	40	0	-1	0	0	43	-1	-1	0	48	0	34	25	0	0	13	35	0
c4386	6	-1	20	0	0	0	6	0	0	34	49	46	-1	-1	0	0	0	-1	41	0	0	0	0	34	-1	0	0	0	0	0
c4387	6	0	20	0	0	0	6	0	0	34	49	-1	-1	43	0	0	0	-1	41	0	-1	0	0	0	-1	0	0	0	-1	0
c4499	6	0	0	0	-1	0	6	0	35	-1	-1	0	0	-1	44	0	0	-1	0	0	-1	-1	19	-1	-1	0	-1	0	0	0
c4548	6	0	-1	0	0	0	6	-1	-1	0	45	43	40	-1	-1	-1	0	0	41	0	0	-1	0	0	0	43	10	0	-1	0
c4561	6	16	49	4	0	0	6	6	25	0	29	0	40	-1	0	-1	22	0	-1	0	43	0	0	46	25	0	0	-1	0	0
c4600	-1	34	43	34	0	-1	6	-1	-1	0	-1	0	10	-1	29	0	0	42	-1	0	47	0	0	0	43	0	0	0	0	0
c4684	6	35	0	8	0	0	6	5	0	0	0	43	40	0	0	-1	0	0	41	24	-1	0	20	0	0	43	0	0	0	-1
c4759	-1	33	34	0	25	5	-1	5	0	0	0	0	40	34	0	-1	-1	0	-1	24	-1	0	27	6	0	-1	1	0	-1	-1
c4803	6	-1	0	0	0	0	6	0	34	0	0	46	0	18	0	0	0	34	41	46	-1	0	-1	6	0	49	0	0	0	44
c4835	6	-1	0	0	0	0	6	0	0	19	-1	46	-1	-1	-1	0	0	0	41	0	0	-1	-1	0	0	42	0	0	-1	0
c4839	6	0	0	0	-1	-1	6	0	-1	0	0	46	0	18	0	5	0	0	41	46	-1	0	0	6	-1	49	0	0	0	44
c4880	6	34	0	0	0	0	-1	0	0	17	-1	0	0	0	0	0	10	42	0	-1	0	-1	46	-1	43	34	0	47	0	0
c4893	6	0	-1	0	0	-1	6	5	0	0	0	0	40	16	0	-1	0	0	41	24	-1	0	0	34	21	43	0	0	0	0
c4911	6	34	-1	0	0	43	-1	-1	-1	0	9	-1	40	0	-1	46	5	6	41	0	-1	0	34	0	34	43	0	0	34	19
c4917	6	-1	0	-1	0	34	6	0	0	0	7	0	-1	0	0	8	0	0	-1	21	0	10	-1	-1	0	0	6	0	0	0
c4976	6	0	0	0	0	-1	6	-1	0	-1	0	0	40	0	47	0	0	34	41	24	-1	0	0	0	0	43	0	0	43	0
c4990	6	-1	-1	0	0	0	6	26	34	40	19	46	19	0	0	0	0	0	41	-1	-1	0	0	-1	0	49	9	-1	34	0
c5008	6	-1	0	0	19	0	-1	5	47	19	0	0	40	0	20	6	4	0	41	24	-1	34	0	0	0	43	22	-1	0	0
c5060	6	0	-1	-1	0	0	6	0	-1	0	-1	-1	-1	0	-1	-1	6	25	41	0	-1	41	-1	0	0	0	0	0	-1	-1
c5080	-1	0	0	0	46	20	6	0	4	-1	-1	0	-1	47	0	-1	27	34	0	0	-1	0	0	-1	10	0	46	0	-1	0
c5108	6	0	49	19	0	0	6	-1	0	46	-1	0	40	0	-1	0	47	23	41	-1	0	0	0	-1	25	21	-1	0	0	0
c5118	6	-1	17	-1	0	0	6	0	4	0	-1	-1	-1	0	0	42	27	0	-1	34	0	0	12	0	10	-1	0	35	34	34
c5125	6	0	-1	49	0	0	-1	43	4	0	0	47	-1	0	46	-1	27	-1	0	0	0	34	0	-1	10	27	0	0	0	0
c5130	-1	0	0	0	41	-1	6	-1	4	-1	6	10	0	-1	0	0	0	0	0	0	46	0	34	43	-1	0	18	34	0	-1
c5132	-1	0	0	42	-1	0	6	0	0	0	0	0	-1	25	-1	-1	0	-1	0	-1	-1	19	19	0	34	0	0	-1	0	0
c5135	6	-1	0	0	0	0	6	26	34	40	-1	46	19	0	0	0	20	0	41	46	-1	0	0	6	0	-1	0	25	34	0
c5151	-1	0	0	0	16	0	6	0	4	34	-1	43	0	-1	-1	21	27	0	0	0	8	0	0	-1	10	0	0	0	0	-1
c5158	-1	-1	0	0	-1	-1	6	47	0	0	-1	0	0	0	-1	-1	0	42	0	-1	47	0	20	1	43	6	-1	-1	0	-1
c5178	6	0	26	0	0	0	6	1	0	0	-1	46	-1	40	42	-1	6	34	41	0	-1	40	0	0	-1	0	35	0	0	-1
c5218	6	0	0	0	-1	0	-1	-1	-1	-1	49	46	-1	0	0	0	0	0	41	-1	-1	25	0	0	0	6	-1	-1	0	-1
c5260	-1	-1	0	0	42	0	6	5	0	0	0	0	40	34	-1	0	0	5	41	-1	-1	0	0	35	-1	-1	-1	-1	34	0
c5262	-1	39	0	0	-1	0	-1	0	-1	-1	-1	0	0	14	0	0	10	42	43	27	0	0	0	0	-1	0	-1	0	-1	-1
c5267	6	0	0	4	0	-1	6	0	34	-1	45	34	-1	-1	16	8	0	-1	41	5	34	-1	0	-1	-1	-1	25	-1	0	0
c5269	6	0	-1	49	0	-1	-1	43	4	0	-1	0	8	16	-1	0	-1	0	-1	41	27	34	0	-1	10	0	0	0	0	0
c5273	6	0	26	0	0	0	6	0	0	0	49	46	-1	0	0	0	0	34	41	0	0	0	0	10	-1	0	0	0	-1	6
c5332	-1	0	43	10	0	0	6	0	4	17	35	0	0	0	0	6	27	-1	-1	43	0	0	0	-1	10	-1	0	0	0	27
c5334	6	34	0	0	0	0	6	0	4	0	-1	-1	0	0	0	42	27	0	0	0	-1	0	-1	0	10	0	0	0	-1	0
c5335	6	34	0	-1	0	0	6	0	4	0	-1	0	0	0	0	42	27	0	0	0	20	-1	8	0	10	0	0	-1	-1	0
c5344	-1	-1	21	0	0	34	-1	49	0	0	49	46	-1	0	0	0	0	-1	41	0	-1	-1	0	0	-1	0	0	0	0	-1
c5351	6	-1	39	43	0	45	6	5	0	0	0	-1	40	0	0	0	0	0	41	24	0	0	0	34	0	43	0	-1	0	0
c5457	6	0	45	-1	0	0	6	5	0	0	0	0	-1	6	34	0	0	-1	41	24	21	0	0	-1	0	43	0	34	-1	0
c5481	-1	0	-1	5	0	0	6	0	34	40	19	-1	-1	0	43	0	25	16	41	46	-1	0	-1	6	19	49	-1	0	34	35
c5484	6	0	34	0	0	25	6	-1	0	0	-1	0	40	0	0	-1	16	0	-1	24	0	0	0	0	43	-1	0	-1	-1	0
c5492	6	-1	-1	0	-1	0	6	-1	34	40	19	46	19	0	21	0	0	16	-1	46	-1	0	-1	6	19	49	0	0	34	34
c5531	6	25	-1	8	-1	-1	6	-1	-1	0	-1	0	0	0	-1	-1	27	0	0	-1	0	0	0	0	10	0	-1	9	0	0
c5543	6	34	0	-1	0	0	-1	-1	-1	40	19	46	19	0	0	0	0	41	41	46	-1	0	-1	6	0	49	0	25	34	0
c5580	6	0	0	25	-1	-1	6	-1	0	0	-1	0	40	0	14	-1	35	0	41	24	43	0	0	0	43	43	0	0	0	0
c5638	6	0	0	0	26	0	6	5	-1	0	-1	-1	40	0	-1	46	0	-1	-1	24	0	6	46	-1	43	43	0	0	-1	0
c5646	-1	0	49	0	0	0	6	34	-1	-1	-1	0	40	0	-1	0	-1	0	-1	-1	0	-1	0	34	25	0	0	-1	-1	43
c5661	6	10	21	0	-1	0	6	49	0	-1	49	46	-1	0	0	-1	6	0	41	0	0	0	-1	0	0	0	-1	10	0	-1
c5668	6	-1	0	0	0	0	-1	-1	34	0	25	-1	0	0	0	-1	0	-1	41	46	-1	0	35	6	-1	-1	20	0	-1	34
c5671	6	0	0	34	41	-1	6	-1	4	0	6	10	0	-1	-1	-1	0	-1	0	-1	-1	0	34	0	10	27	-1	34	-1	35
c5684	6	0	0	0	-1	0	6	-1	4	0	-1	-1	-1	-1	0	-1	27	0	-1	-1	0	-1	0	43	10	0	0	0	0	0
c5695	6	0	0	0	0	0	-1	0	-1	43	0	46	0	18	-1	0	-1	25	-1	46	-1	0	6	6	0	49	0	-1	0	44
c5712	6	0	0	0	0	0	6	46	4	0	-1	0	0	-1	0	0	27	-1	0	0	0	0	0	0	10	0	10	0	16	-1
c5721	6	34	0	20	-1	0	6	46	-1	0	49	-1	-1	0	-1	0	-1	8	41	40	0	46	0	49	0	0	0	0	0	-1
c5764	6	0	0	0	0	-1	6	34	0	-1	-1	46	-1	-1	-1	-1	0	0	41	0	0	0	25	0	0	42	0	34	0	0
c5777	6	0	-1	-1	0	0	6	-1	-1	0	-1	0	6	0	0	41	-1	0	35	0	0	0	-1	-1	-1	0	14	0	0	-1
c5810	-1	47	-1	-1	-1	0	6	34	-1	44	25	0	10	0	0	-1	0	16	20	8	0	-1	19	6	0	0	0	25	-1	0
c5825	-1	0	-1	0	0	0	6	-1	34	-1	45	-1	40	-1	16	8	0	0	41	-1	0	-1	0	0	0	43	-1	0	0	0
c5827	-1	0	0	-1	0	-1	6	0	0	0	-1	10	0	-1	29	-1	0	42	-1	42	47	0	0	-1	43	-1	-1	0	6	0
c5838	6	25	-1	40	41	0	6	-1	4	27	6	10	0	0	0	34	-1	0	-1	-1	46	0	34	0	10	0	18	0	0	-1
c5866	6	0	34	17	0	0	6	5	17	47	-1	-1	-1	0	0	46	0	0	41	24	0	0	-1	33	43	43	0	0	0	0
c5869	6	0	0	-1	0	-1	6	5	0	47	-1	0	40	3	43	46	0	49	-1	-1	0	0	0	33	43	43	34	0	0	0
c5892	6	0	0	0	16	34	6	34	0	-1	7	0	0	0	0	0	0	0	11	21	0	10	19	-1	34	0	-1	34	0	-1
c5895	6	0	-1	0	-1	0	6	0	4	0	-1	0	40	9	0	-1	27	-1	0	22	0	-1	0	-1	10	0	0	10	0	0
c5907	6	6	0	0	20	-1	6	-1	0	43	0	0	-1	0	47	0	0	34	-1	24	0	0	-1	0	0	-1	0	0	43	0
c5909	6	-1	49	-1	0	0	6	34	-1	0	6	0	40	0	0	9	-1	0	-1	-1	0	48	0	34	25	0	-1	0	0	0
c5923	6	0	-1	0	-1	0	6	0	35	0	-1	0	0	0	-1	0	0	-1	0	0	-1	-1	19	-1	0	0	19	0	-1	0
c5945	6	-1	17	8	0	0	6	0	0	25	0	0	-1	31	0	-1	-1	20	-1	0	0	-1	-1	-1	-1	-1	0	-1	-1	0
c5960	6	0	-1	0	0	0	6	26	34	40	19	46	19	0	0	0	20	0	41	-1	-1	0	24	-1	0	49	0	25	34	-1
c5987	-1	40	-1	0	-1	25	6	0	4	45	-1	0	34	0	0	0	-1	0	-1	0	10	0	-1	0	43	0	0	0	0	0
c6037	6	-1	0	0	20	0	6	0	-1	-1	0	20	0	0	0	9	-1	10	0	-1	-1	0	-1	-1	-1	0	0	-1	0	-1
c6042	6	0	20	8	0	0	6	5	0	0	0	34	40	0	0	0	0	0	41	24	-1	0	0	0	0	43	0	-1	0	-1
c6095	6	0	0	0	0	-1	6	0	0	0	49	46	-1	0	0	0	0	-1	41	0	0	3	0	49	-1	-1	0	0	0	0
c6102	6	0	0	0	19	0	6	5	-1	-1	0	0	40	0	20	6	4	0	41	24	-1	34	0	0	0	43	22	0	0	-1
c6118	6	-1	0	10	-1	0	6	42	4	17	35	0	19	0	0	0	27	10	0	0	43	0	16	0	10	0	0	22	0	-1
c6136	6	0	0	4	0	0	6	0	0	0	49	46	-1	0	0	0	0	-1	41	0	-1	0	0	0	-1	0	0	9	-1	0
c6156	-1	0	0	25	0	0	-1	-1	-1	-1	0	0	40	0	0	6	0	0	41	24	34	34	34	-1	0	43	22	6	-1	-1
c6170	6	-1	0	10	0	0	6	0	-1	17	35	0	35	-1	0	-1	27	10	0	0	43	-1	16	0	10	44	0	46	0	0
c6174	6	0	0	8	0	25	6	5	0	-1	0	0	40	0	0	0	49	0	-1	24	-1	0	0	-1	0	-1	0	-1	0	-1
c6188	6	0	0	-1	-1	0	-1	0	4	0	-1	-1	10	0	0	42	27	46	-1	43	20	0	8	0	10	0	0	0	-1	0
c6195	6	0	0	0	21	0	-1	5	0	0	0	0	40	16	0	0	0	0	41	24	0	0	-1	34	-1	-1	0	0	43	0
c6210	-1	0	49	-1	0	0	6	0	25	0	29	-1	-1	0	0	34	0	0	-1	0	43	0	23	46	25	-1	0	0	0	43
c6299	-1	0	49	0	47	0	6	0	25	0	29	0	40	0	-1	34	0	-1	41	-1	-1	0	23	-1	-1	0	-1	0	-1	43
c6300	6	34	25	0	0	0	-1	0	0	0	0	-1	40	43	-1	3	0	0	41	34	0	0	0	0	0	43	0	0	0	-1
c6314	-1	0	-1	49	0	0	-1	43	-1	0	-1	47	8	0	46	-1	27	0	0	0	0	34	0	-1	-1	27	0	0	0	-1
c6320	6	0	-1	34	-1	0	6	-1	0	0	-1	0	40	-1	14	46	0	0	41	24	0	0	-1	0	43	43	0	0	-1	0
c6346	6	0	0	-1	19	0	-1	5	47	19	0	-1	40	0	20	6	-1	0	-1	-1	-1	34	0	0	0	43	22	0	-1	0
c6364	-1	0	-1	8	0	0	6	5	0	0	0	-1	-1	-1	0	0	0	-1	-1	24	-1	0	0	-1	0	43	0	0	0	5
c6367	6	-1	0	0	0	0	6	-1	0	9	49	-1	-1	-1	0	0	0	0	41	0	-1	0	0	0	0	0	17	0	-1	0
c6404	-1	0	-1	49	0	0	-1	43	4	0	0	0	8	26	0	0	27	0	0	-1	0	34	-1	-1	-1	0	0	0	0	-1
c6413	-1	0	0	-1	0	0	6	0	-1	0	49	-1	-1	0	-1	0	0	0	-1	-1	0	0	-1	49	0	42	-1	0	0	0
c6501	6	0	0	0	-1	0	6	5	-1	0	-1	-1	-1	6	-1	0	0	34	41	24	21	0	0	0	0	43	0	34	-1	0
c6511	6	16	49	4	0	0	6	0	25	0	29	-1	40	0	0	-1	22	0	41	0	43	0	0	46	25	-1	-1	0	0	0
c6531	6	0	0	-1	0	0	6	0	17	0	0	-1	6	0	-1	0	0	43	0	0	0	0	19	49	0	-1	-1	1	0	-1
c6541	6	-1	0	0	0	34	-1	26	-1	40	19	46	-1	0	-1	0	0	0	-1	-1	-1	0	0	6	0	49	0	-1	34	0
c6588	6	0	0	8	41	0	6	0	0	45	-1	47	34	0	0	0	43	35	-1	0	-1	0	0	0	-1	0	0	0	10	0
c6593	-1	0	34	-1	-1	-1	6	-1	-1	37	0	0	0	0	-1	0	27	-1	-1	47	0	0	-1	0	10	34	-1	35	33	0
c6601	6	0	-1	0	-1	-1	6	5	0	-1	0	0	40	34	34	10	0	5	-1	-1	0	-1	0	0	0	-1	43	0	0	0
c6613	6	0	-1	0	0	0	6	34	-1	-1	-1	-1	40	0	0	0	0	-1	-1	-1	-1	48	0	34	25	0	0	-1	25	0
c6646	6	0	0	0	0	0	6	0	44	0	45	0	-1	0	16	0	0	0	41	0	0	0	0	0	-1	43	25	0	-1	0
c6652	6	-1	0	-1	0	-1	-1	22	34	0	-1	-1	40	0	16	8	0	-1	41	5	34	40	0	-1	0	-1	-1	0	0	-1
c6653	6	-1	-1	-1	0	0	6	-1	-1	0	45	34	40	0	16	-1	-1	0	-1	5	34	-1	0	-1	-1	-1	25	-1	0	0
c6655	6	34	9	0	0	-1	6	-1	0	-1	-1	0	0	-1	29	0	0	42	0	0	47	0	0	0	43	-1	0	-1	0	0
c6661	-1	0	0	0	0	-1	6	34	-1	-1	0	0	0	0	0	0	27	-1	-1	47	0	0	-1	-1	10	34	-1	35	0	0
c6680	6	0	0	0	19	-1	-1	5	47	19	0	-1	40	0	20	-1	4	0	41	24	-1	34	0	0	0	43	22	0	0	0
c6727	-1	49	0	-1	0	-1	6	5	0	0	-1	0	40	-1	16	0	-1	0	-1	24	-1	25	0	-1	0	43	49	0	-1	0
c6734	6	0	-1	0	0	0	6	0	34	0	-1	46	0	18	0	-1	-1	25	41	46	-1	0	0	6	0	49	0	0	0	44
c6761	-1	34	0	0	-1	0	6	0	0	17	-1	0	49	0	46	-1	-1	42	0	0	0	0	-1	0	43	0	0	33	0	-1
c6766	6	35	0	-1	0	-1	6	0	4	0	0	6	0	47	19	-1	27	0	-1	47	-1	14	0	-1	10	34	0	-1	0	0
c6828	6	20	0	10	0	0	6	0	4	17	35	-1	35	0	-1	0	-1	10	0	-1	43	0	-1	0	10	44	-1	46	-1	0
c6853	6	16	-1	0	0	0	6	0	0	-1	45	-1	40	6	16	0	5	0	41	-1	0	0	0	0	0	43	0	0	0	29
c6879	6	0	0	0	0	-1	6	0	0	0	-1	-1	0	-1	-1	0	0	42	0	45	47	0	-1	1	43	0	-1	0	0	0
c6971	6	0	-1	0	45	0	6	0	-1	43	-1	-1	-1	-1	29	42	0	42	0	0	47	-1	0	0	43	0	-1	0	2	-1
c6997	6	34	0	0	0	0	6	0	0	17	-1	0	0	0	0	-1	10	42	0	0	43	0	-1	27	43	0	0	-1	0	0
c6998	6	34	26	-1	16	0	6	16	0	0	-1	-1	-1	9	0	34	-1	-1	41	0	0	-1	0	-1	37	20	-1	-1	34	0
c7042	6	0	0	-1	0	43	6	5	-1	0	-1	0	40	0	0	0	6	-1	41	24	0	0	-1	34	43	43	-1	0	-1	-1
c7074	-1	40	-1	0	41	0	6	-1	4	0	6	10	0	0	22	0	34	0	0	0	46	43	34	0	10	-1	18	0	0	35
c7089	6	0	0	10	0	0	6	34	4	37	-1	34	0	-1	-1	0	-1	0	-1	-1	-1	0	-1	0	10	34	0	-1	-1	0
c7099	6	-1	29	0	0	0	6	-1	-1	0	0	-1	40	0	-1	3	0	0	41	34	0	0	-1	0	0	43	0	0	0	0
c7129	6	-1	-1	0	-1	0	6	0	4	0	-1	0	0	0	-1	42	27	0	0	34	0	0	0	0	-1	0	0	0	34	0
c7158	6	0	0	0	20	0	6	5	0	47	-1	-1	40	0	0	-1	0	-1	-1	-1	-1	34	0	33	43	-1	0	-1	-1	0
c7170	6	0	-1	0	0	0	-1	0	-1	-1	6	-1	6	-1	-1	0	0	0	0	0	0	0	19	-1	-1	0	0	0	0	-1
c7172	6	0	0	0	-1	0	6	-1	0	0	0	0	40	16	0	0	0	-1	-1	24	35	0	0	34	0	43	0	0	0	0
c7176	-1	0	0	0	43	9	6	0	34	0	34	46	0	-1	0	0	49	0	41	46	-1	0	0	6	0	49	-1	0	0	-1
c7177	6	0	0	-1	43	9	6	0	34	-1	34	-1	0	0	0	0	49	0	41	-1	-1	0	0	6	0	49	0	0	0	-1
c7185	6	0	0	-1	0	0	6	0	0	0	49	-1	-1	0	49	0	6	25	41	0	0	41	0	0	-1	0	20	0	0	0
c7186	6	0	26	0	-1	0	-1	-1	23	0	49	-1	-1	0	0	0	0	34	-1	0	-1	0	0	0	0	0	0	0	0	0
c7209	6	0	0	17	45	-1	6	-1	-1	43	-1	0	-1	-1	-1	0	0	42	0	17	-1	48	0	-1	-1	0	-1	0	0	0
c7210	6	0	-1	0	-1	0	6	-1	4	0	-1	0	35	0	0	0	27	0	0	0	0	0	0	43	10	0	0	0	31	-1
c7229	-1	0	0	-1	0	0	6	0	17	-1	0	-1	6	0	0	0	-1	43	0	0	0	-1	19	49	20	0	0	1	0	25
c7232	6	16	49	4	0	0	-1	0	25	-1	-1	0	40	0	0	-1	-1	24	41	0	43	0	-1	46	25	43	0	0	0	0
c7273	-1	39	0	0	0	0	6	-1	25	17	-1	0	0	0	0	0	10	42	43	0	-1	-1	27	0	43	21	0	0	0	0
c7277	6	0	-1	0	0	0	6	46	4	0	-1	0	0	9	-1	0	27	0	0	0	0	0	35	0	10	0	-1	0	10	37
c7299	-1	39	0	0	0	0	6	0	25	17	-1	0	0	0	0	0	10	42	43	-1	-1	0	0	-1	43	0	0	0	0	0
c7303	6	-1	-1	0	-1	0	6	0	0	0	49	46	-1	-1	0	34	-1	-1	-1	0	0	0	0	34	0	20	0	-1	0	-1
c7368	6	27	0	7	0	0	6	-1	0	0	34	0	0	0	0	-1	0	0	0	0	27	6	19	-1	0	34	0	0	10	0
c7377	6	0	0	0	-1	-1	6	0	-1	17	-1	0	0	-1	0	0	0	0	0	21	0	-1	-1	-1	-1	0	40	0	0	0
c7386	6	0	-1	0	0	0	-1	5	-1	8	0	0	40	0	-1	0	-1	-1	41	24	0	35	0	-1	0	43	0	0	0	0
c7394	6	0	-1	0	0	0	6	0	-1	0	49	46	-1	0	-1	0	0	0	-1	0	-1	0	21	49	-1	0	0	0	0	-1
c7408	-1	0	9	0	41	-1	6	-1	4	0	6	10	0	0	-1	0	0	0	0	0	-1	0	34	0	10	-1	0	0	0	-1
c7427	6	0	26	0	0	0	6	0	29	0	49	46	-1	9	-1	0	41	34	41	1	0	0	0	0	20	-1	0	0	-1	0
c7436	6	0	0	40	-1	0	6	-1	0	0	0	-1	-1	34	0	-1	0	0	41	24	0	3	27	0	0	-1	1	0	0	21
c7442	-1	-1	0	20	0	0	6	0	25	17	-1	-1	-1	0	0	0	10	42	43	0	-1	0	0	0	43	0	0	0	0	0
c7481	6	-1	21	0	0	0	6	0	-1	34	49	-1	-1	0	0	0	0	34	41	0	0	0	-1	27	-1	0	0	-1	0	0
c7494	6	33	-1	0	0	-1	-1	0	0	0	45	-1	40	-1	16	46	0	17	41	-1	0	0	0	0	0	43	0	0	0	-1
c7505	6	49	0	0	16	0	6	-1	4	0	-1	0	25	-1	0	0	27	-1	-1	34	0	-1	0	-1	10	0	0	0	-1	20
c7513	6	0	-1	0	10	-1	6	34	0	31	0	34	-1	-1	-1	-1	-1	16	0	8	0	0	19	-1	0	5	0	-1	-1	0
c7515	6	0	-1	0	-1	0	6	-1	0	0	7	0	34	-1	0	-1	-1	0	0	21	0	-1	19	-1	-1	19	0	0	0	-1
c7521	6	0	0	0	0	0	6	25	0	34	0	-1	0	25	-1	0	0	20	0	0	0	19	19	0	7	0	19	0	0	0
c7572	6	34	0	0	0	0	6	0	30	0	0	40	40	0	-1	3	-1	0	-1	34	34	0	-1	19	0	-1	0	0	0	-1
c7590	-1	34	0	0	0	-1	6	-1	0	-1	-1	0	49	-1	0	0	10	42	0	0	0	0	0	0	43	-1	0	0	0	0
c7595	6	0	0	0	0	0	6	0	34	-1	-1	34	-1	0	16	8	0	-1	41	5	0	0	0	0	0	43	-1	0	0	0
c7597	6	0	0	0	16	0	6	0	4	0	-1	43	0	-1	-1	0	27	0	0	0	8	0	0	-1	10	0	0	0	0	34
c7599	6	0	0	0	-1	0	6	5	49	47	-1	0	40	0	34	-1	0	0	41	24	-1	0	0	33	-1	-1	-1	0	0	-1
c7600	-1	-1	0	0	35	0	6	5	0	-1	-1	0	40	0	0	46	0	49	41	24	-1	0	0	33	43	43	0	0	0	-1
c7601	6	0	22	0	-1	0	6	5	-1	-1	-1	0	40	0	0	46	-1	49	41	24	0	0	0	33	43	43	0	-1	0	0
c7602	6	-1	49	-1	0	0	6	34	-1	-1	6	0	-1	0	-1	0	0	21	-1	-1	0	48	5	34	25	0	0	-1	0	0
c7610	6	17	0	10	0	0	6	27	4	17	35	-1	-1	47	0	0	27	-1	0	43	0	0	0	0	10	0	0	0	42	-1
c7612	-1	0	49	0	0	0	6	0	25	43	29	-1	40	0	0	34	0	0	41	-1	43	-1	-1	46	25	0	0	0	0	43
c7614	6	0	26	-1	0	0	6	1	0	0	-1	46	-1	34	42	0	-1	34	41	0	0	0	0	0	0	0	19	0	0	-1
c7642	-1	-1	-1	0	-1	43	6	-1	-1	0	-1	0	0	0	-1	-1	-1	-1	0	0	0	0	0	34	-1	43	0	-1	0	-1
c7648	6	18	-1	0	0	0	6	0	0	-1	49	46	-1	0	0	0	-1	0	-1	0	-1	0	0	-1	-1	0	17	9	19	0
c7663	-1	34	13	49	49	0	6	-1	-1	0	-1	-1	40	-1	-1	-1	0	0	41	34	0	0	0	41	0	43	0	0	0	-1
c7665	6	0	0	-1	34	0	6	0	34	0	49	-1	-1	-1	0	0	19	34	41	34	0	0	0	0	0	43	0	-1	-1	0
c7682	-1	27	0	7	0	46	-1	0	0	0	34	0	0	0	0	-1	0	0	10	0	27	-1	19	0	0	34	0	0	-1	0
c7694	6	0	0	4	0	0	6	0	-1	-1	49	46	-1	-1	0	0	0	0	-1	0	-1	-1	0	0	0	-1	0	0	0	0
c7715	6	0	0	8	-1	0	6	0	4	0	-1	0	0	0	-1	-1	27	0	35	0	-1	-1	0	0	10	0	-1	0	-1	0
c7717	6	25	0	0	29	0	6	0	6	46	-1	0	40	-1	16	40	0	0	41	0	0	-1	0	0	0	43	0	0	34	2
c7744	6	16	-1	4	-1	0	6	0	25	0	29	0	40	0	0	-1	-1	0	41	0	43	-1	44	46	25	0	0	0	-1	0
c7781	6	0	0	-1	0	0	-1	-1	0	-1	0	0	40	0	0	0	0	-1	41	24	-1	46	0	0	25	43	-1	-1	0	-1
c7786	6	-1	-1	43	0	45	6	5	0	-1	0	0	40	-1	0	-1	20	40	41	-1	0	0	0	34	0	-1	0	-1	0	0
c7790	-1	0	0	12	41	24	6	-1	4	0	6	10	0	0	-1	9	-1	24	-1	0	46	-1	-1	0	10	0	0	19	0	0
c7791	-1	0	-1	0	41	24	6	-1	4	-1	6	10	-1	0	0	9	-1	24	0	0	46	0	-1	-1	10	0	0	19	0	0
c7793	-1	0	26	6	-1	47	6	1	0	0	-1	46	-1	34	42	0	0	34	41	-1	0	0	0	0	0	0	19	0	-1	-1
c7803	6	0	26	0	0	0	6	0	-1	0	49	46	-1	9	0	0	0	34	-1	0	-1	0	0	0	0	0	0	0	0	0
c7834	6	20	43	10	0	-1	6	0	-1	-1	-1	-1	0	0	0	0	-1	-1	-1	0	43	25	-1	0	10	-1	0	0	0	0
c7838	6	0	34	0	25	5	6	5	0	0	0	0	-1	34	-1	0	-1	0	41	24	-1	-1	-1	0	0	-1	-1	-1	3	0
c7845	6	0	0	0	0	0	6	0	42	0	-1	0	0	0	44	0	0	0	-1	-1	-1	35	19	-1	0	0	5	0	0	-1
c7846	-1	0	27	0	0	0	6	5	0	17	6	0	40	-1	34	0	-1	5	41	24	0	0	-1	-1	0	-1	13	0	0	-1
c7879	6	49	0	0	16	0	6	16	4	0	-1	0	25	-1	0	0	27	0	0	34	-1	0	5	0	10	0	0	0	34	20
c7880	6	0	-1	6	0	0	6	0	17	0	0	-1	6	0	0	0	-1	43	0	0	0	0	19	-1	0	-1	0	1	0	25
c7895	-1	0	0	20	0	0	6	0	-1	22	49	46	-1	0	29	-1	0	0	41	0	0	0	21	49	0	0	0	0	0	-1
c7916	6	0	34	0	0	0	6	-1	-1	-1	-1	0	0	0	0	42	27	0	0	34	0	0	-1	0	10	-1	0	0	0	0
c7931	6	0	27	-1	-1	0	-1	5	0	0	-1	0	40	34	-1	8	0	5	41	-1	0	-1	24	0	-1	-1	25	0	-1	0
c7963	6	20	0	10	0	34	6	0	-1	17	35	0	0	34	0	34	27	10	-1	0	-1	0	-1	0	10	-1	0	0	0	-1
c7965	6	5	-1	0	0	35	6	0	22	34	19	0	0	0	0	-1	8	0	0	-1	0	0	0	0	43	0	0	13	0	0
c7970	6	-1	0	10	0	0	6	27	4	17	-1	-1	-1	0	0	0	27	10	-1	43	0	0	-1	0	-1	0	0	0	42	-1
c7993	6	-1	-1	0	-1	0	-1	0	0	0	0	0	-1	0	-1	0	0	-1	0	0	-1	0	-1	-1	-1	0	-1	0	0	0
c8000	6	-1	0	0	0	-1	6	5	0	-1	0	0	-1	0	0	0	0	34	-1	24	0	0	0	0	-1	43	0	0	0	0
c8009	6	-1	0	0	-1	12	6	0	34	0	6	0	40	-1	21	-1	0	0	41	0	0	0	0	0	18	43	0	0	0	0
c8010	6	0	-1	0	0	0	6	0	-1	26	-1	0	6	0	0	0	20	0	35	0	0	0	19	0	-1	-1	-1	0	0	8
c8013	6	0	0	0	0	0	-1	0	34	-1	-1	46	0	0	-1	40	-1	47	41	46	-1	0	0	-1	-1	49	-1	0	-1	-1
c8015	6	-1	-1	49	45	0	-1	-1	-1	0	17	-1	8	0	0	0	27	21	0	-1	0	34	0	-1	-1	0	0	0	0	-1
c8027	6	0	49	0	-1	0	6	34	0	0	0	-1	-1	41	0	-1	0	0	41	-1	0	-1	0	0	-1	0	0	0	0	0
c8048	6	0	0	0	-1	-1	6	-1	4	-1	-1	-1	-1	-1	34	21	27	0	-1	0	8	0	-1	-1	10	0	0	0	0	34
c8053	-1	0	-1	0	-1	0	6	0	-1	-1	9	-1	6	0	0	0	0	-1	25	0	0	-1	19	0	-1	0	0	0	0	8
c8088	6	-1	0	0	0	0	6	26	-1	-1	19	46	19	0	0	-1	0	0	41	46	-1	0	0	6	0	49	0	0	34	0
c8095	-1	0	-1	0	0	0	-1	0	0	0	-1	0	0	0	0	-1	0	0	0	0	10	0	19	-1	0	-1	0	-1	0	6
c8100	6	-1	0	9	0	0	-1	-1	34	40	-1	46	19	0	0	0	0	0	41	46	-1	-1	-1	6	19	-1	0	8	34	0
c8115	6	41	43	-1	0	0	6	0	0	0	-1	0	40	0	16	40	6	-1	41	0	0	0	-1	0	0	-1	0	0	-1	2
c8119	6	-1	-1	-1	0	25	6	0	25	0	29	0	-1	25	0	34	0	0	-1	0	0	0	0	49	25	0	0	0	34	0
c8125	6	25	0	-1	0	34	6	5	0	0	0	-1	40	6	34	0	-1	34	41	24	0	0	0	0	-1	43	-1	43	0	0
c8133	-1	49	0	0	16	0	6	16	4	0	-1	0	25	-1	0	0	27	0	-1	-1	0	0	0	0	-1	0	0	0	34	20
c8138	6	0	0	-1	-1	0	6	0	22	-1	19	-1	0	0	-1	9	-1	0	0	0	0	0	0	0	43	0	49	13	0	-1
c8162	6	0	0	-1	-1	10	-1	40	4	0	-1	0	-1	0	0	42	27	-1	0	0	20	0	8	0	10	0	0	0	-1	0
c8164	6	0	-1	0	-1	0	-1	0	-1	0	-1	0	6	0	0	0	-1	-1	35	0	0	6	19	0	-1	0	-1	-1	0	8
c8174	6	34	0	0	0	0	-1	-1	10	0	-1	-1	40	-1	-1	8	6	-1	41	-1	0	0	0	34	43	-1	-1	0	-1	-1
c8185	6	35	34	0	25	5	6	5	-1	0	0	0	40	34	0	0	0	42	-1	24	0	0	27	9	0	-1	1	0	0	0
c8214	-1	0	0	0	0	0	6	-1	0	45	-1	0	43	20	5	49	-1	-1	17	6	-1	19	0	0	43	-1	0	0	4	0
c8248	6	21	34	0	0	0	6	-1	34	-1	0	46	0	-1	0	-1	-1	34	41	46	-1	-1	0	6	0	49	0	0	0	25
c8249	6	-1	-1	0	0	-1	6	0	-1	45	25	46	0	-1	0	0	0	34	41	46	-1	-1	0	6	0	49	0	0	-1	25
c8259	-1	0	0	43	41	0	6	-1	4	0	-1	10	-1	35	-1	0	0	19	34	0	-1	0	-1	17	-1	34	0	0	-1	-1
c8266	6	-1	0	-1	43	35	6	0	-1	0	0	0	0	0	0	0	0	-1	0	0	0	0	19	-1	10	10	0	0	0	10
c8285	6	34	0	0	0	12	6	0	34	0	6	22	-1	0	-1	3	0	49	41	0	0	45	-1	0	18	-1	0	0	0	0
c8289	6	0	0	-1	0	0	-1	-1	4	25	-1	0	0	-1	0	-1	27	0	0	43	20	-1	8	0	10	0	0	-1	-1	0
c8300	6	0	0	-1	0	0	6	5	9	9	-1	0	40	0	0	46	16	0	-1	24	0	0	0	46	43	43	0	0	0	-1
c8321	6	20	47	10	0	0	-1	0	4	17	35	0	35	0	0	-1	27	-1	-1	0	43	0	16	0	-1	-1	0	46	-1	0
c8323	6	0	49	-1	0	-1	6	0	29	0	-1	0	-1	0	29	0	0	42	0	-1	-1	0	0	0	-1	0	6	0	-1	0
c8328	6	0	0	10	-1	34	6	0	0	-1	7	-1	0	6	0	-1	25	0	0	21	20	10	19	-1	-1	0	6	0	0	0
c8332	-1	0	0	34	0	0	6	0	0	0	34	-1	0	0	0	-1	0	0	-1	0	27	-1	19	0	5	-1	0	0	0	0
c8336	6	0	0	26	0	0	-1	9	-1	-1	-1	0	0	0	0	17	10	42	34	-1	0	0	0	0	43	-1	-1	0	29	8
c8338	6	34	0	-1	0	-1	6	0	34	20	-1	0	40	0	0	3	0	-1	41	0	0	0	0	-1	18	43	0	0	0	0
c8362	6	0	-1	0	41	0	6	-1	-1	0	-1	10	-1	-1	16	0	-1	0	0	0	46	0	34	43	10	0	18	34	0	35
c8371	6	0	0	10	0	0	6	0	4	17	-1	35	-1	0	0	0	27	10	-1	43	0	0	-1	-1	10	-1	0	0	42	0
c8382	6	25	-1	17	0	0	6	-1	17	47	-1	0	40	0	0	46	0	0	41	24	0	0	0	33	43	-1	5	-1	0	0
c8402	6	0	0	29	5	0	6	5	0	-1	-1	0	40	0	0	-1	6	0	-1	24	0	40	0	34	43	43	-1	0	0	-1
c8406	-1	39	22	0	0	0	6	-1	0	17	-1	0	0	0	0	0	10	42	-1	0	0	0	0	0	43	0	0	0	-1	0
c8408	6	0	0	0	-1	0	6	0	4	-1	-1	0	0	-1	0	0	27	0	-1	0	47	0	10	0	10	0	0	0	43	-1
c8409	6	-1	-1	0	-1	0	6	0	4	-1	-1	0	0	0	0	0	-1	0	0	0	47	0	10	-1	10	0	0	-1	50	0
c8419	6	0	0	6	0	0	6	0	22	34	0	0	0	0	0	9	0	34	0	-1	0	19	0	-1	43	49	0	9	0	-1
c8420	6	-1	49	17	0	31	-1	-1	-1	-1	6	0	40	0	0	9	35	0	-1	-1	0	48	0	34	-1	0	0	0	0	49
c8428	-1	0	-1	0	0	0	6	-1	-1	-1	6	0	40	0	-1	0	0	-1	-1	-1	0	48	5	34	25	0	0	0	0	0
c8437	6	-1	0	0	0	0	6	0	0	0	-1	0	0	0	-1	0	0	42	-1	0	-1	0	-1	0	43	0	-1	0	0	-1
c8452	6	0	0	0	0	0	6	0	-1	0	49	46	-1	0	-1	34	6	0	41	0	-1	-1	0	0	0	0	0	0	0	0
c8461	6	0	0	0	0	0	6	5	-1	-1	-1	0	40	16	0	0	0	0	41	24	0	0	-1	34	0	-1	-1	0	43	0
c8470	6	0	0	0	49	-1	6	-1	0	27	-1	0	40	0	0	0	0	0	41	-1	29	0	0	48	-1	43	-1	0	0	0
c8477	6	-1	0	-1	0	-1	6	0	0	-1	-1	-1	0	0	0	-1	27	-1	25	0	34	-1	19	-1	-1	0	0	0	0	0
c8488	6	0	0	0	43	35	6	-1	-1	0	-1	17	17	0	0	-1	0	0	43	-1	0	0	19	-1	0	0	0	0	-1	10
c8541	6	0	0	0	0	0	6	0	22	-1	-1	-1	0	0	-1	9	0	0	0	0	-1	0	0	-1	43	0	0	0	0	0
c8562	6	49	0	-1	-1	0	6	0	-1	43	-1	0	0	-1	-1	0	0	42	0	0	-1	0	0	-1	43	0	0	0	2	-1
c8564	-1	-1	39	43	0	-1	6	-1	0	-1	0	0	40	-1	0	0	-1	40	41	24	-1	0	-1	-1	0	43	0	-1	0	0
c8568	6	34	0	0	0	0	6	-1	-1	-1	0	-1	40	0	-1	3	0	0	41	-1	0	0	0	0	0	43	0	0	-1	5
c8572	-1	-1	0	0	-1	-1	6	0	22	34	25	0	-1	0	0	9	0	0	0	0	0	0	-1	-1	43	-1	0	0	0	34
c8577	6	9	0	0	-1	0	6	0	4	-1	-1	-1	0	-1	0	0	27	0	0	0	0	-1	0	0	10	22	0	0	27	0
c8592	6	0	0	0	16	0	6	0	4	0	-1	-1	-1	-1	0	0	-1	0	0	0	8	-1	0	-1	10	0	0	0	0	34
c8603	-1	-1	-1	29	0	0	6	-1	-1	0	0	0	-1	0	0	20	0	0	41	0	-1	-1	0	49	0	-1	0	-1	0	-1
c8605	-1	0	0	0	-1	29	6	27	43	-1	45	-1	40	0	16	0	0	0	41	0	0	0	0	19	0	43	25	0	11	-1
c8627	6	0	0	0	0	-1	6	5	0	-1	-1	-1	40	0	29	46	0	0	41	24	29	0	22	0	0	-1	-1	19	0	0
c8638	-1	-1	0	0	0	-1	6	0	0	45	-1	0	0	20	0	49	0	0	0	0	45	45	0	0	43	0	0	7	-1	-1
c8641	-1	0	26	0	43	0	6	1	0	0	-1	46	-1	0	-1	0	3	-1	41	0	0	0	0	-1	8	0	-1	0	0	-1
c8645	6	0	0	4	0	0	6	0	34	0	45	34	40	9	16	-1	0	0	41	-1	-1	0	0	-1	-1	43	-1	-1	0	0
c8646	6	0	-1	0	45	0	6	-1	0	43	-1	-1	9	0	29	0	0	42	0	-1	47	0	0	-1	-1	13	0	0	0	-1
c8669	6	0	-1	0	-1	0	6	34	0	-1	-1	47	34	0	35	-1	0	49	0	8	0	6	19	0	-1	0	46	0	-1	-1
c8693	6	0	21	0	-1	0	6	0	0	-1	-1	46	-1	0	0	-1	0	-1	-1	-1	0	0	0	27	0	0	34	34	0	0
c8701	-1	0	26	0	-1	0	6	0	23	0	49	46	-1	0	0	0	0	-1	41	-1	0	0	-1	0	0	-1	-1	0	0	-1
c8723	6	0	0	0	0	0	-1	0	0	-1	-1	0	0	0	0	0	22	-1	0	0	-1	0	19	-1	0	0	-1	0	0	0
c8727	6	-1	0	6	-1	0	-1	-1	17	0	0	-1	-1	0	0	0	0	0	-1	0	0	0	-1	0	0	0	0	1	0	0
c8730	6	34	10	0	-1	12	6	2	-1	0	0	0	40	0	-1	3	0	35	41	0	-1	0	0	30	-1	43	-1	0	0	0
c8756	6	34	0	0	0	12	6	2	34	0	0	-1	40	0	0	3	0	35	41	0	0	-1	-1	-1	18	43	0	0	-1	0
c8776	6	0	0	-1	-1	-1	6	0	-1	0	49	-1	-1	43	0	-1	-1	0	41	-1	0	0	0	-1	0	43	0	-1	0	0
c8779	6	0	-1	49	0	-1	-1	43	4	0	0	0	8	0	0	0	-1	8	20	0	0	34	0	-1	10	-1	0	0	0	0
c8793	6	0	39	0	0	-1	6	0	0	0	0	0	34	0	0	0	0	0	0	0	8	0	-1	0	6	0	0	0	35	-1
c8810	6	0	-1	0	0	0	6	-1	10	0	-1	0	40	0	0	-1	6	0	-1	24	0	0	0	34	43	43	-1	0	-1	-1
c8830	6	0	34	0	-1	-1	6	0	4	0	-1	0	0	0	43	42	27	0	0	-1	0	0	0	0	10	-1	0	0	0	0
c8847	-1	0	27	-1	0	-1	6	-1	0	17	-1	0	40	34	34	0	0	5	41	24	0	0	-1	-1	0	-1	13	0	0	0
c8858	6	0	-1	-1	0	0	-1	43	4	-1	0	0	8	0	0	35	27	20	-1	0	0	34	-1	-1	10	0	0	0	43	-1
c8859	-1	0	-1	-1	0	49	-1	43	4	-1	0	0	-1	0	-1	35	-1	20	-1	0	0	-1	0	-1	10	0	0	-1	43	0
c8860	6	35	0	-1	0	-1	6	0	-1	0	-1	0	0	5	29	0	-1	42	0	0	46	0	27	-1	43	0	-1	0	0	0
c8862	6	0	0	0	0	0	6	-1	-1	0	49	46	-1	0	0	0	47	0	-1	-1	0	-1	0	-1	0	0	17	0	-1	0
c8864	6	34	0	0	46	0	6	0	0	0	0	0	40	34	19	0	0	35	41	0	0	-1	0	-1	0	43	-1	0	0	-1
c8880	6	20	0	-1	0	0	-1	0	-1	17	35	0	-1	0	0	-1	27	10	0	-1	43	0	-1	34	10	-1	0	0	0	0
c8900	-1	-1	34	-1	0	0	6	0	34	0	45	34	40	0	-1	8	0	-1	41	5	0	0	-1	0	0	43	25	0	-1	0
c8906	6	0	-1	-1	0	20	6	0	-1	0	-1	0	0	0	0	42	27	34	0	0	-1	-1	0	0	10	0	0	0	-1	0
c8925	6	27	0	7	0	-1	6	0	0	0	34	0	0	0	0	-1	0	0	0	0	27	6	-1	0	0	34	0	0	10	0
c8942	6	17	0	10	0	0	6	27	4	17	35	-1	-1	0	0	0	27	10	0	43	0	21	0	0	10	0	0	0	42	0
c8943	6	17	0	10	0	0	6	27	4	17	35	-1	-1	0	0	0	27	10	0	43	0	21	0	-1	10	0	-1	-1	-1	0
c8949	6	0	0	0	45	0	6	0	-1	43	-1	0	0	0	29	0	0	42	0	-1	47	-1	49	0	43	0	0	34	2	0
c8956	6	40	0	0	0	25	6	0	0	45	-1	0	34	0	0	0	43	-1	-1	0	0	-1	-1	0	43	0	0	0	0	17
c8981	-1	0	-1	0	-1	0	6	-1	0	0	45	-1	40	-1	16	25	0	0	41	11	-1	-1	0	-1	0	43	0	0	-1	0
c9019	6	0	21	0	0	0	6	0	0	0	49	46	-1	0	-1	0	0	34	41	0	0	0	0	27	0	0	0	0	0	0
c9034	6	0	27	0	-1	33	6	5	-1	0	0	47	40	34	34	-1	0	5	41	-1	0	0	0	0	0	-1	0	0	0	0
c9036	6	0	0	0	0	-1	6	25	0	0	-1	-1	0	-1	29	25	0	42	-1	0	47	0	0	0	43	0	0	-1	0	-1
c9039	6	-1	-1	0	0	-1	6	34	-1	0	-1	4	40	-1	16	-1	0	21	-1	-1	0	48	5	-1	-1	0	-1	0	-1	0
c9041	6	44	-1	0	0	-1	6	0	4	35	0	0	0	0	0	-1	27	0	-1	-1	0	0	27	47	10	34	0	35	16	-1
c9044	6	0	0	8	16	0	6	5	0	-1	-1	0	-1	0	0	-1	49	0	41	24	-1	0	0	43	-1	43	0	0	0	-1
c9054	6	-1	0	0	0	-1	6	0	0	0	-1	0	0	0	-1	0	0	42	0	0	47	-1	0	1	43	6	-1	0	0	0
c9057	6	25	-1	0	0	0	6	1	0	0	-1	0	0	0	0	-1	-1	0	0	0	27	0	-1	0	5	0	-1	0	0	0
c9063	-1	0	49	0	0	0	6	-1	-1	-1	-1	0	40	0	0	-1	0	0	-1	-1	0	-1	0	34	25	11	-1	0	-1	0
c9068	-1	0	-1	0	0	0	6	0	44	0	45	0	-1	0	16	0	40	34	41	0	0	0	0	-1	0	43	25	0	0	-1
c9088	-1	0	-1	0	0	0	6	-1	0	0	49	46	-1	0	0	47	0	34	41	-1	0	0	0	27	0	0	0	0	0	0
c9093	6	0	0	29	-1	0	6	5	0	0	0	0	40	34	-1	0	0	5	-1	-1	0	-1	0	35	1	-1	0	0	34	0
c9100	6	0	49	0	0	-1	-1	0	25	0	29	0	40	0	0	34	-1	0	41	0	43	-1	23	-1	25	0	0	0	0	43
c9103	6	0	49	0	0	0	6	34	-1	-1	6	0	40	-1	48	0	-1	21	-1	-1	-1	-1	5	34	25	25	0	0	-1	-1
c9110	6	0	26	25	0	0	6	0	23	-1	49	-1	-1	-1	0	0	0	-1	41	-1	0	42	27	0	0	-1	0	0	0	0
c9166	6	0	0	0	25	-1	-1	5	0	0	0	0	-1	34	0	0	0	0	41	24	0	0	27	-1	0	-1	-1	-1	0	0
c9169	6	0	-1	0	0	43	6	0	8	0	-1	0	0	0	46	0	-1	0	-1	-1	0	0	-1	43	6	0	34	46	-1	0
c9181	6	0	-1	6	0	0	6	1	0	0	-1	46	-1	34	42	0	-1	34	41	0	0	0	0	-1	0	0	19	0	-1	-1
c9186	6	-1	0	0	0	0	6	-1	0	0	4	-1	-1	6	-1	0	0	34	41	24	21	0	0	0	0	43	0	34	0	0
c9219	6	0	0	0	-1	-1	-1	5	-1	0	-1	0	40	-1	0	46	0	-1	-1	24	0	6	35	13	43	43	0	-1	0	0
c9251	-1	-1	39	0	0	6	6	34	5	-1	0	-1	-1	34	19	0	0	0	-1	22	0	28	-1	-1	-1	0	0	0	0	0
c9274	6	0	0	-1	-1	0	6	5	0	-1	0	0	-1	6	-1	0	0	34	41	24	-1	0	0	0	0	43	-1	-1	0	34
c9295	6	21	34	0	0	-1	6	-1	34	45	0	46	0	0	0	0	0	-1	41	46	-1	-1	0	6	0	49	0	0	0	25
c9301	6	49	47	0	16	0	-1	0	4	0	-1	0	-1	-1	-1	0	27	0	0	0	-1	0	0	0	10	0	0	0	0	0
c9308	-1	-1	0	0	43	35	6	0	0	0	0	22	0	49	8	-1	0	0	0	0	0	-1	-1	-1	0	0	17	0	-1	-1
c9310	-1	0	0	0	0	0	6	0	35	0	-1	0	0	0	44	-1	0	0	0	-1	0	35	19	-1	0	-1	0	-1	0	0
c9333	-1	0	-1	6	41	0	6	-1	4	-1	-1	10	0	-1	0	0	-1	0	0	0	46	41	34	0	10	0	-1	-1	-1	0
c9352	6	-1	0	0	0	0	6	26	-1	40	19	46	19	0	34	0	0	41	41	46	-1	-1	-1	-1	0	49	0	-1	34	0
c9370	6	0	-1	0	6	-1	6	0	-1	0	49	46	-1	-1	0	-1	0	0	41	0	0	34	0	-1	0	27	0	-1	25	0
c9395	6	12	0	0	0	-1	6	0	22	34	0	0	0	0	0	9	0	0	0	0	0	0	0	-1	43	49	0	-1	-1	0
c9396	6	7	5	0	25	0	6	5	0	0	0	0	40	34	0	0	0	-1	41	24	-1	27	27	-1	0	-1	-1	0	0	-1
c9409	6	0	0	0	0	-1	6	0	4	0	-1	0	14	0	-1	42	27	-1	0	34	0	0	0	0	-1	0	-1	0	0	0
c9433	6	0	0	0	45	-1	6	0	34	0	45	-1	40	0	-1	0	0	0	41	0	0	0	0	43	0	43	-1	-1	-1	0
c9434	6	0	0	8	-1	0	6	5	0	17	0	34	40	0	-1	0	-1	-1	41	24	-1	0	-1	41	0	43	0	43	0	0
c9460	6	0	0	-1	-1	0	6	-1	0	0	49	46	-1	0	-1	0	0	0	41	0	-1	-1	0	0	0	0	0	-1	0	0
c9494	6	-1	0	0	29	-1	6	0	6	-1	-1	0	40	-1	16	-1	-1	0	41	0	0	0	0	0	0	43	-1	0	34	2
c9497	6	34	10	0	-1	-1	6	0	22	34	6	0	0	0	0	9	-1	-1	0	0	0	0	0	9	-1	0	0	0	-1	0
c9499	6	0	0	10	0	0	6	34	4	37	-1	34	-1	0	0	34	27	0	-1	47	7	0	43	0	10	-1	0	35	0	-1
c9505	-1	-1	-1	0	0	0	6	0	43	-1	45	0	40	0	-1	0	-1	-1	41	-1	0	0	0	-1	0	-1	25	-1	-1	0
c9506	6	0	49	0	0	-1	6	0	25	7	-1	-1	40	-1	0	34	0	0	41	0	-1	0	23	-1	25	0	0	21	0	-1
c9512	-1	0	0	0	6	0	6	0	-1	0	49	-1	-1	43	0	0	0	0	-1	0	0	34	-1	-1	0	27	-1	43	25	-1
c9545	6	-1	0	0	0	0	-1	5	0	0	0	0	40	16	0	0	0	0	-1	24	3	0	-1	20	-1	43	0	-1	0	0
c9569	6	0	27	-1	0	-1	-1	5	0	0	0	0	-1	34	34	-1	-1	-1	-1	24	0	-1	-1	34	0	-1	-1	-1	0	0
c9572	6	-1	-1	-1	-1	0	6	0	4	0	-1	0	0	0	6	0	27	0	43	0	0	0	47	0	10	0	-1	0	0	34
c9586	6	-1	0	-1	0	0	6	-1	4	0	-1	0	0	0	-1	42	27	0	0	-1	20	0	8	0	-1	0	0	0	-1	0
c9591	6	-1	0	0	-1	0	6	49	22	34	0	35	-1	46	0	9	0	0	0	43	0	43	0	0	43	0	34	0	0	0
c9604	6	0	0	0	0	-1	-1	5	34	0	0	0	40	43	0	-1	0	10	41	24	0	-1	-1	0	0	43	-1	-1	3	0
c9631	6	0	-1	-1	0	0	6	5	0	19	-1	0	40	0	20	6	4	0	41	24	-1	34	0	0	-1	43	-1	0	-1	-1
c9642	-1	0	0	8	0	0	6	-1	0	-1	42	0	40	0	0	-1	0	-1	41	24	-1	0	0	0	0	43	0	0	0	0
c9648	6	0	0	16	0	-1	6	5	-1	0	0	0	40	16	0	40	0	0	-1	24	0	0	0	34	0	43	-1	-1	-1	-1
c9651	6	34	0	0	43	34	6	0	-1	0	0	40	40	0	-1	3	0	43	41	34	43	0	0	-1	0	43	-1	-1	0	0
c9684	6	0	47	0	-1	-1	-1	0	0	49	49	46	-1	0	0	-1	0	0	41	-1	-1	0	-1	9	0	25	0	0	0	0
c9713	6	0	-1	0	19	0	-1	5	-1	47	-1	-1	40	0	0	46	34	-1	41	24	43	0	34	33	-1	-1	0	0	0	0
c9729	6	-1	39	43	0	45	-1	5	-1	0	-1	-1	40	-1	0	0	20	49	-1	24	0	0	6	34	-1	43	-1	-1	0	0
c9741	6	48	-1	0	0	0	6	5	-1	0	-1	0	40	0	14	46	-1	0	41	24	0	-1	0	0	43	43	0	0	0	-1
c9785	6	0	0	0	-1	0	6	5	0	-1	-1	0	-1	0	14	-1	0	0	-1	24	0	0	0	0	43	43	21	0	-1	0
c9789	-1	34	0	0	0	-1	6	0	0	17	-1	17	0	0	0	0	10	42	0	0	0	0	0	34	43	0	0	0	0	-1
c9793	6	0	0	0	-1	-1	6	0	4	0	-1	0	-1	0	6	0	27	0	-1	-1	0	0	0	0	10	46	-1	-1	-1	0
c9798	6	0	0	8	8	0	6	5	0	40	0	0	-1	35	0	0	49	0	41	24	-1	0	0	0	0	-1	0	-1	43	0
c9800	6	0	49	-1	0	-1	6	-1	-1	0	-1	0	40	0	48	0	40	21	-1	-1	0	48	5	34	25	0	0	6	-1	0
c9801	6	0	49	0	49	0	6	-1	-1	-1	6	0	40	0	-1	0	40	21	-1	-1	0	-1	5	34	25	-1	0	0	-1	0
c9810	6	21	34	0	0	0	6	0	34	0	0	46	0	0	0	-1	0	34	41	46	-1	0	0	-1	0	49	-1	0	0	25
c9821	6	-1	-1	0	0	-1	6	0	0	0	45	0	-1	0	16	0	0	17	41	0	0	0	0	0	0	43	27	-1	0	0
c9837	6	0	0	0	0	0	6	-1	-1	0	-1	0	0	0	-1	42	27	-1	0	-1	0	-1	34	0	10	0	0	0	0	0
c9840	6	19	-1	0	0	0	6	5	0	0	0	-1	40	0	0	6	0	0	41	24	-1	34	0	0	-1	43	22	0	0	-1
c9860	6	-1	-1	-1	0	0	6	0	43	0	-1	0	0	47	-1	0	34	0	0	17	-1	-1	19	6	0	-1	21	30	41	25
c9863	-1	39	0	0	0	0	6	0	0	17	-1	0	0	0	0	0	10	42	43	0	0	0	0	0	43	0	-1	0	0	0
c9870	6	0	0	-1	0	0	6	26	34	40	-1	46	19	49	-1	0	0	0	41	46	-1	0	-1	-1	0	-1	0	0	-1	0
c9874	6	34	0	0	-1	0	6	0	0	0	0	-1	40	0	-1	0	0	-1	41	-1	-1	22	0	0	-1	-1	0	0	0	19
c9896	6	-1	0	10	27	-1	6	-1	-1	17	35	0	19	34	0	0	27	10	34	0	-1	0	16	-1	10	0	0	22	25	0
c9897	6	20	0	10	27	0	-1	-1	4	17	35	-1	19	34	0	0	27	-1	34	0	43	0	16	0	10	0	0	22	-1	0
c9901	6	0	0	0	0	0	6	0	-1	-1	45	34	40	0	16	8	0	0	41	5	-1	0	-1	0	0	43	25	0	0	-1
c9905	6	34	25	0	0	0	6	0	-1	17	-1	-1	0	-1	0	0	10	-1	0	0	0	0	0	0	43	2	0	0	0	0
c9908	6	-1	0	29	0	0	-1	25	0	0	0	46	0	-1	0	0	0	0	41	0	0	0	0	0	34	0	-1	0	-1	-1
c9910	6	-1	0	-1	0	0	6	0	34	0	45	34	40	0	16	8	48	0	-1	5	0	0	-1	0	0	43	25	0	0	0
c9911	6	0	-1	4	0	0	6	0	34	0	45	34	40	0	16	8	48	0	41	5	0	0	0	0	0	43	25	0	0	0
c9920	-1	-1	-1	-1	0	0	-1	46	4	-1	-1	-1	0	-1	-1	0	27	0	-1	0	0	0	-1	0	10	0	0	0	0	37
c9922	6	31	0	4	-1	0	6	0	0	45	-1	0	49	20	0	49	-1	0	-1	0	0	45	0	0	-1	0	0	0	0	0
c9927	6	0	0	0	0	-1	6	0	0	-1	-1	0	34	0	-1	0	0	42	0	0	-1	0	0	1	43	6	-1	0	-1	0
c9947	6	0	49	0	0	0	6	0	34	0	-1	46	-1	34	0	0	-1	47	-1	46	-1	0	-1	6	5	49	-1	0	-1	0
c9952	-1	0	0	0	0	34	6	0	0	0	-1	0	0	0	-1	-1	-1	0	0	21	0	10	19	-1	-1	0	0	0	0	0
c9984	-1	35	0	-1	0	-1	6	0	0	-1	-1	0	-1	0	-1	0	0	-1	0	0	-1	0	0	0	43	0	0	0	0	0
c9993	6	35	0	0	0	0	6	5	-1	0	0	0	40	-1	0	0	0	0	41	24	0	-1	0	34	0	43	0	0	43	-1
c10003	6	-1	-1	8	0	34	6	5	0	0	0	0	40	0	0	0	0	-1	41	24	-1	-1	-1	0	0	43	0	0	0	0
c10026	6	0	17	8	0	46	6	5	0	0	-1	-1	40	0	0	0	0	-1	-1	-1	-1	0	0	-1	-1	43	-1	0	-1	0
c10050	6	0	0	-1	41	0	6	-1	4	-1	6	10	25	0	22	22	34	0	0	-1	46	43	34	27	10	0	18	0	0	35
c10052	-1	34	-1	5	-1	0	6	0	0	0	49	46	-1	9	0	34	0	34	-1	0	-1	-1	0	34	37	20	-1	-1	0	-1
c10071	6	-1	-1	-1	-1	0	-1	-1	0	0	-1	0	0	-1	-1	0	0	0	0	0	-1	5	19	-1	40	-1	0	-1	0	-1
c10088	6	-1	0	0	0	0	-1	0	22	34	0	0	-1	46	0	9	43	0	4	0	9	43	0	0	43	-1	0	0	9	-1
c10098	6	0	26	0	-1	-1	-1	-1	0	0	49	46	-1	0	0	-1	0	-1	41	-1	-1	0	25	0	0	0	0	-1	0	0
c10115	6	9	0	0	-1	0	6	0	-1	0	-1	0	0	0	0	0	27	0	0	-1	0	0	0	0	-1	22	0	0	27	0
c10116	6	-1	0	10	-1	34	6	0	4	-1	35	0	0	0	0	34	27	-1	-1	0	-1	0	16	0	10	-1	0	0	0	0
c10118	6	0	0	0	-1	-1	-1	26	34	40	19	46	19	0	0	0	0	0	-1	-1	-1	-1	0	-1	0	49	0	-1	34	-1
c10131	6	0	-1	0	0	0	6	-1	34	40	-1	46	19	0	0	0	0	0	-1	46	-1	0	-1	6	-1	-1	0	0	34	0
c10152	-1	43	-1	0	0	0	-1	0	35	-1	-1	0	0	0	29	-1	-1	-1	0	7	0	0	0	0	43	10	0	0	0	0
c10156	6	34	0	0	-1	0	6	-1	0	45	-1	0	0	20	0	49	19	0	17	-1	0	0	-1	-1	-1	0	-1	0	4	0
c10158	6	0	-1	0	-1	5	6	0	0	43	-1	0	25	-1	29	42	0	-1	0	0	47	0	0	0	43	0	0	0	2	-1
c10167	6	0	-1	49	-1	-1	-1	43	4	0	0	0	8	0	-1	0	27	0	0	0	0	34	-1	-1	10	27	0	0	45	0
c10181	6	0	-1	-1	0	0	6	0	0	-1	49	46	-1	43	-1	0	0	-1	41	0	0	26	0	0	0	-1	0	0	0	0
c10185	6	0	0	0	45	22	6	0	-1	0	45	0	40	0	16	0	0	0	41	0	0	0	0	43	0	43	25	-1	0	0
c10212	6	-1	26	0	-1	0	-1	0	25	0	-1	46	-1	-1	-1	0	0	34	41	0	-1	0	0	0	0	0	0	-1	0	0
c10215	-1	0	0	0	0	29	6	27	43	0	45	0	-1	-1	-1	0	0	0	41	-1	-1	0	0	19	0	43	25	-1	11	0
c10220	6	0	0	0	0	0	6	-1	0	0	-1	0	0	0	35	0	0	0	0	0	0	10	-1	-1	0	0	0	0	0	-1
c10225	6	0	0	0	0	10	6	-1	34	0	-1	-1	0	-1	0	0	-1	47	41	46	-1	0	0	6	-1	49	20	2	0	0
c10233	-1	0	49	0	4	0	-1	0	-1	-1	29	34	40	0	-1	34	0	0	-1	0	0	2	0	0	25	-1	0	-1	-1	0
c10244	6	0	-1	0	0	0	6	46	4	0	-1	0	0	-1	0	-1	27	0	0	0	0	0	35	0	-1	0	0	0	10	37
c10245	6	-1	-1	0	0	0	6	46	4	0	-1	-1	0	9	0	0	27	0	0	0	0	0	35	0	10	0	0	0	-1	37
c10246	-1	-1	0	-1	0	47	6	-1	4	0	0	-1	20	-1	0	43	-1	0	-1	47	9	14	-1	-1	10	34	0	-1	0	0
c10248	6	-1	0	0	16	0	6	0	4	0	-1	43	0	-1	0	0	27	0	0	0	8	0	0	0	10	0	0	0	-1	34
c10249	-1	-1	0	0	16	0	6	0	4	0	-1	-1	0	-1	0	0	27	0	0	0	8	0	0	-1	10	0	0	-1	0	34
c10286	6	9	0	0	-1	-1	6	0	4	0	-1	0	0	0	0	0	27	0	0	0	0	0	0	0	10	22	0	0	0	-1
c10307	6	0	27	-1	-1	0	6	-1	0	0	25	0	40	34	34	0	45	5	-1	24	0	-1	0	-1	0	-1	0	0	0	-1
c10316	6	0	-1	7	-1	0	6	5	0	19	-1	0	40	42	2	6	4	0	41	24	-1	34	0	43	7	43	22	0	0	-1
c10317	6	0	0	-1	0	0	6	5	0	-1	0	0	40	42	2	6	4	0	41	24	-1	34	-1	43	7	43	22	-1	0	0
c10321	6	34	0	0	0	0	6	0	-1	0	0	0	40	0	-1	0	-1	-1	41	-1	0	22	0	0	34	43	-1	-1	0	19
c10324	-1	-1	0	-1	0	0	6	5	-1	-1	-1	-1	-1	-1	14	46	0	0	41	24	-1	0	0	0	43	-1	-1	-1	0	0
c10332	6	0	-1	26	0	0	6	-1	0	17	-1	0	0	0	0	-1	10	42	-1	20	-1	0	0	0	43	45	0	0	0	0
c10336	6	10	-1	0	0	-1	6	0	0	0	49	46	-1	0	9	0	0	34	41	0	-1	-1	-1	49	43	0	0	0	-1	0
c10337	6	10	0	0	0	0	6	-1	-1	-1	49	46	-1	0	9	0	0	34	41	0	-1	46	17	49	43	0	0	0	0	0
c10338	6	0	27	-1	-1	-1	6	5	-1	0	-1	-1	-1	-1	34	0	45	5	-1	24	0	-1	0	25	-1	-1	0	0	0	-1
c10345	6	0	-1	0	43	35	-1	0	-1	-1	0	-1	0	0	0	0	43	-1	0	0	0	0	19	-1	10	10	-1	0	-1	10
c10348	-1	0	-1	0	0	0	6	-1	0	17	6	0	40	-1	34	-1	-1	5	41	24	0	-1	-1	-1	0	-1	13	0	0	0
c10350	6	-1	0	-1	0	-1	6	0	22	34	0	0	0	0	0	9	-1	0	0	0	-1	0	0	0	43	-1	0	-1	0	20
c10356	6	0	49	19	0	0	-1	34	0	0	0	0	40	0	0	0	47	23	41	-1	0	31	0	46	-1	-1	0	0	6	0
c10357	6	0	49	19	-1	0	6	34	0	-1	0	0	40	0	0	0	47	23	41	-1	0	31	0	46	25	0	0	0	6	0
c10363	-1	35	34	0	25	5	6	5	0	0	-1	0	-1	34	0	0	0	0	41	24	19	0	27	0	0	-1	1	0	0	-1
c10366	6	0	0	16	0	0	6	5	-1	0	0	0	40	-1	-1	-1	0	0	41	-1	0	0	0	34	-1	-1	0	-1	0	0
c10374	6	21	-1	0	0	0	-1	0	34	0	0	46	0	0	0	0	0	-1	41	46	-1	0	-1	-1	0	49	0	0	0	25
c10378	6	17	-1	10	0	0	6	27	-1	17	35	-1	-1	0	0	0	27	10	-1	43	0	-1	0	0	10	0	0	0	-1	0
c10386	6	0	-1	49	0	0	-1	43	4	-1	0	0	-1	0	46	0	27	0	0	0	0	34	0	-1	10	0	-1	0	0	-1
c10390	-1	0	-1	0	10	0	6	34	-1	0	35	0	34	34	-1	-1	-1	49	49	8	0	6	19	0	0	0	-1	0	-1	0
c10392	6	0	-1	0	-1	0	6	34	4	0	0	-1	0	0	0	5	27	-1	-1	-1	0	0	27	-1	10	34	0	35	0	0
c10432	6	0	-1	-1	0	0	6	9	-1	17	-1	0	0	0	0	0	10	-1	0	20	0	0	0	0	43	45	0	-1	49	-1
c10434	6	0	-1	0	0	-1	6	0	34	0	45	34	40	0	16	8	0	-1	41	5	0	-1	0	-1	0	43	25	0	0	-1
c10435	6	0	0	0	-1	0	6	0	34	0	45	34	40	0	16	8	0	0	-1	5	0	0	0	0	0	43	25	0	0	0
c10467	6	0	0	0	0	-1	6	0	-1	34	0	0	-1	46	-1	9	0	-1	43	0	0	-1	0	0	43	0	-1	0	0	0
c10468	-1	9	0	0	-1	0	6	0	4	0	-1	0	0	-1	0	0	-1	-1	-1	0	-1	0	-1	-1	10	22	0	0	0	0
c10474	6	34	-1	29	0	-1	-1	0	-1	-1	0	0	40	0	0	-1	0	0	-1	0	-1	0	0	-1	0	-1	0	0	-1	-1
c10475	6	34	-1	29	0	0	-1	0	-1	0	0	0	40	0	0	20	0	-1	41	0	-1	0	0	49	0	-1	0	-1	0	-1
c10477	6	0	0	0	16	0	6	-1	4	0	-1	43	0	-1	0	0	27	0	-1	0	-1	0	-1	0	10	-1	0	0	0	34
c10479	6	0	-1	0	0	0	6	-1	0	0	49	46	-1	0	0	0	0	17	41	0	-1	14	0	-1	0	0	17	0	1	0
c10481	6	0	0	0	45	0	-1	-1	0	43	-1	0	0	46	29	0	-1	42	0	0	47	-1	0	-1	43	-1	0	0	0	0
c10487	6	0	-1	-1	0	0	-1	34	-1	0	0	0	40	-1	-1	-1	47	23	41	-1	0	0	0	46	25	0	0	0	0	0
c10498	-1	-1	9	-1	0	0	6	5	10	35	-1	-1	40	0	0	8	6	-1	41	24	0	0	25	34	43	43	-1	-1	-1	-1
c10517	6	0	-1	-1	0	-1	-1	0	34	0	-1	46	-1	0	0	0	-1	47	41	46	-1	0	0	6	0	49	-1	-1	0	0
c10526	6	0	0	0	-1	0	6	-1	-1	0	-1	0	-1	0	0	35	27	0	0	0	0	0	0	0	10	0	0	0	0	0
c10532	6	0	10	0	0	0	6	0	0	0	45	43	40	-1	16	0	0	0	41	0	0	-1	-1	0	-1	43	10	0	-1	0
c10551	6	-1	19	0	41	0	-1	-1	4	0	6	10	0	0	0	-1	0	0	0	0	46	0	34	-1	10	0	18	0	0	35
c10552	6	0	-1	0	0	0	6	0	-1	0	-1	0	-1	0	-1	42	27	0	-1	34	0	0	-1	0	10	0	0	0	0	0
c10553	6	0	0	-1	0	0	6	0	4	0	-1	0	-1	0	-1	42	27	0	0	34	0	-1	0	0	10	0	0	0	0	0
c10554	-1	0	0	0	-1	0	6	-1	4	0	6	10	0	-1	0	-1	0	0	34	34	46	-1	34	0	-1	-1	-1	0	0	0
c10556	6	0	0	0	0	0	-1	20	34	0	45	0	40	-1	16	-1	0	0	41	5	0	0	0	0	-1	43	25	21	0	47
c10559	6	0	34	0	25	0	6	5	0	0	-1	0	40	34	0	0	-1	0	-1	24	0	-1	27	0	0	-1	1	-1	-1	-1
c10583	6	0	0	-1	-1	0	6	5	0	0	-1	0	-1	0	14	46	0	-1	41	24	-1	0	0	0	43	43	0	14	0	-1
c10587	6	0	0	0	0	-1	6	0	4	42	-1	0	49	0	0	42	27	0	0	34	0	0	0	0	10	0	0	-1	0	0
c10601	6	45	0	0	19	-1	6	-1	-1	19	0	-1	40	-1	20	6	4	0	41	-1	-1	34	0	0	0	43	22	0	0	0
c10605	6	43	-1	-1	0	-1	6	34	4	37	0	0	43	0	9	0	-1	0	-1	47	-1	0	0	47	10	34	0	35	0	-1
c10610	6	0	0	0	0	25	6	0	22	34	0	0	0	0	0	9	0	45	0	-1	0	0	0	0	43	0	0	0	0	0
c10619	6	0	0	0	0	0	6	5	10	0	-1	0	-1	0	0	-1	6	-1	41	24	0	0	0	34	43	43	-1	0	-1	-1
c10623	-1	-1	0	49	0	0	-1	0	0	0	49	46	-1	43	33	-1	0	0	-1	0	0	0	0	-1	0	-1	35	0	0	0
c10628	6	0	43	10	0	0	6	0	4	17	35	34	0	0	0	6	27	10	0	43	0	0	0	0	10	-1	0	27	-1	27
c10643	6	0	-1	-1	16	-1	-1	0	4	-1	-1	43	0	-1	0	0	27	0	0	0	-1	20	0	0	-1	-1	0	0	0	-1
c10649	6	34	0	0	0	0	6	0	0	17	-1	17	0	-1	0	0	10	42	0	20	0	0	0	34	43	0	0	0	0	-1
c10666	6	0	-1	0	10	0	6	34	0	0	0	0	0	-1	-1	-1	0	-1	-1	8	-1	-1	19	0	34	0	0	0	-1	0
c10677	-1	0	0	-1	0	0	6	5	0	-1	0	0	-1	6	34	-1	0	34	41	24	21	0	-1	0	0	-1	0	34	0	0
c10685	6	0	0	0	0	0	6	-1	-1	0	25	0	40	0	0	0	-1	34	41	24	0	35	0	0	-1	-1	0	0	0	-1
c10686	6	-1	0	0	0	34	6	7	-1	0	45	0	40	0	16	-1	0	0	41	-1	-1	0	-1	0	0	43	25	0	0	0
c10703	-1	-1	14	0	46	0	6	-1	0	0	0	46	0	0	0	0	0	0	41	0	0	0	35	0	-1	-1	0	0	40	0
c10714	6	0	0	0	0	-1	6	-1	0	0	-1	0	0	0	29	0	0	-1	0	-1	47	48	0	1	43	0	-1	0	0	0
c10715	6	0	0	0	0	-1	6	0	0	0	-1	0	0	0	29	0	0	42	0	-1	47	48	0	1	43	0	-1	0	0	0
c10734	6	-1	49	0	0	0	6	0	25	0	29	0	-1	0	0	34	-1	-1	41	0	43	-1	23	46	-1	-1	0	0	0	43
c10736	-1	0	45	0	-1	0	-1	0	4	0	0	0	0	-1	47	5	27	0	-1	47	-1	0	0	-1	-1	34	0	35	0	0
c10750	6	-1	0	0	0	0	-1	26	34	40	19	46	19	-1	0	0	20	0	41	46	-1	0	0	-1	0	49	0	25	34	-1
c10752	6	-1	0	0	5	0	6	0	0	0	0	0	40	0	-1	0	0	-1	41	-1	-1	22	-1	0	34	-1	0	0	0	19
c10774	-1	0	0	4	0	0	-1	-1	34	-1	45	-1	40	0	16	-1	0	0	-1	5	0	0	0	0	0	43	25	0	0	-1
c10775	6	-1	0	4	0	-1	6	0	34	0	45	34	40	0	16	8	-1	0	41	5	0	0	0	0	0	43	-1	0	0	0
c10782	6	31	0	-1	0	0	6	0	0	-1	-1	0	-1	20	0	49	0	0	-1	0	0	45	0	0	43	0	0	0	0	-1
c10788	6	0	49	0	0	40	6	45	25	-1	29	0	-1	0	-1	34	0	0	41	-1	0	0	0	-1	25	-1	0	-1	-1	0
c10791	-1	0	0	0	-1	0	6	0	-1	0	-1	0	0	0	-1	42	27	0	0	-1	0	0	0	0	10	-1	0	-1	34	0
c10793	-1	0	0	-1	41	-1	6	-1	4	0	-1	-1	-1	-1	-1	0	-1	0	34	0	46	-1	34	0	10	-1	-1	0	0	0
c10798	6	0	0	0	5	0	-1	5	-1	0	0	-1	40	-1	0	0	0	0	41	-1	0	0	0	34	0	-1	0	0	0	0
c10825	6	20	0	10	-1	0	6	4	-1	17	35	0	-1	0	47	-1	27	-1	-1	0	43	0	16	0	10	-1	0	0	0	0
c10832	-1	34	-1	0	0	0	6	-1	4	-1	-1	0	-1	0	0	42	27	0	43	0	20	20	-1	0	-1	0	-1	-1	-1	0
c10835	6	41	43	0	0	0	6	0	0	0	-1	-1	40	0	16	-1	6	6	41	0	0	0	0	0	0	43	0	0	0	2
c10857	-1	34	0	0	0	-1	6	-1	-1	0	-1	-1	-1	0	-1	3	0	0	41	34	0	-1	-1	-1	0	43	0	0	0	0
c10873	6	0	0	0	0	0	6	0	-1	34	-1	0	-1	46	0	9	-1	0	0	0	0	43	-1	0	43	0	0	0	25	0
c10880	6	0	0	0	-1	0	6	0	35	0	-1	0	0	0	44	0	0	-1	0	0	0	-1	19	-1	0	0	0	0	-1	0
c10883	6	0	0	-1	0	0	-1	43	0	17	-1	0	47	-1	0	0	10	42	0	0	0	34	-1	0	-1	0	-1	-1	0	0
c10885	-1	34	0	-1	-1	0	6	0	0	-1	0	-1	40	0	0	3	19	16	41	9	0	47	-1	0	0	43	-1	-1	-1	0
c10892	6	0	49	-1	0	25	6	0	25	0	29	-1	40	0	-1	34	0	0	-1	0	0	43	0	49	25	0	0	0	34	0
c10894	6	0	49	-1	0	0	6	0	25	-1	29	0	-1	0	0	34	0	0	41	-1	43	0	23	46	25	0	0	-1	0	43
c10895	6	0	49	0	0	0	6	-1	25	0	29	0	40	-1	0	-1	0	0	41	0	43	0	23	46	25	0	0	-1	0	-1
c10900	6	-1	26	0	0	0	-1	0	-1	0	-1	46	-1	0	0	-1	0	-1	41	0	0	0	-1	0	0	0	0	0	0	0
c10901	6	0	26	0	0	-1	6	0	23	0	49	46	-1	0	0	0	0	-1	41	0	0	0	-1	0	0	0	0	0	0	-1
c10904	6	0	0	0	0	0	6	5	0	-1	0	0	40	-1	29	46	-1	0	41	24	-1	0	-1	0	0	43	0	19	0	0
c10910	6	0	-1	49	0	0	-1	43	4	0	0	-1	8	0	0	0	-1	0	0	46	49	34	35	-1	10	35	0	0	-1	0
c10919	-1	0	0	0	0	43	6	5	43	0	0	0	40	16	0	0	0	0	41	24	0	0	-1	-1	-1	43	-1	0	0	0
c10927	6	-1	0	0	0	0	6	-1	0	-1	0	46	0	0	0	0	0	0	41	0	0	0	0	0	34	17	0	0	0	0
c10945	6	21	34	-1	0	0	-1	0	34	0	-1	46	-1	0	0	0	0	34	41	46	-1	0	0	-1	0	-1	0	0	0	-1
c10946	6	10	0	-1	0	0	-1	34	4	35	0	0	0	-1	0	5	27	0	-1	47	-1	0	-1	47	10	34	0	-1	0	0
c10952	-1	0	26	0	0	0	6	1	0	0	-1	46	-1	0	-1	0	0	34	-1	0	0	-1	0	0	8	0	0	0	0	-1
c10953	6	0	26	0	0	0	6	1	0	0	-1	46	-1	-1	42	0	0	-1	41	0	0	-1	0	0	8	0	0	0	0	-1
c10959	6	0	0	0	0	0	-1	5	0	0	17	0	40	-1	0	-1	0	0	41	24	0	0	-1	20	-1	43	0	0	0	0
c10997	6	49	-1	-1	16	0	-1	16	4	0	-1	0	-1	-1	0	-1	27	0	0	34	0	0	0	0	10	0	-1	0	-1	20
c11003	6	6	0	-1	0	-1	6	0	0	0	49	-1	-1	-1	33	-1	0	-1	-1	0	0	0	0	-1	0	-1	35	0	0	0
c11013	6	43	0	-1	41	0	-1	-1	4	-1	6	-1	0	0	0	0	0	0	0	0	46	-1	-1	0	10	0	18	0	-1	35
c11021	-1	0	-1	0	0	0	6	5	0	-1	0	0	40	0	-1	6	23	0	41	24	34	34	4	0	0	43	22	0	0	48
c11022	-1	0	26	0	0	-1	6	1	0	0	-1	46	-1	40	42	-1	0	34	41	0	0	40	0	-1	-1	0	35	0	0	-1
c11024	6	0	0	34	0	-1	6	5	0	47	-1	0	-1	0	0	0	10	0	41	24	0	-1	32	34	43	43	0	-1	0	0
c11038	-1	0	0	10	0	-1	6	5	0	-1	-1	0	40	0	20	0	0	0	41	-1	6	43	0	34	43	43	0	0	-1	-1
c11044	-1	0	-1	0	-1	0	-1	0	44	0	45	0	40	0	16	0	40	34	-1	-1	0	0	0	-1	0	43	25	0	0	0
c11045	6	-1	0	0	0	0	6	0	44	0	-1	0	40	0	16	0	-1	34	41	0	0	-1	0	0	0	43	25	0	0	0
c11059	6	-1	34	0	0	-1	6	43	34	0	0	46	-1	0	0	0	25	34	41	-1	-1	0	0	-1	-1	49	0	0	0	25
c11069	6	-1	0	-1	41	0	-1	-1	4	0	6	10	0	0	-1	34	0	0	0	0	46	0	34	0	10	0	0	-1	0	-1
c11073	6	0	0	-1	0	20	-1	0	0	0	49	46	-1	0	0	0	0	0	41	0	0	0	-1	0	-1	0	-1	0	0	-1
c11075	6	0	0	-1	-1	0	6	0	4	0	-1	0	0	34	-1	0	27	-1	34	0	-1	0	0	0	10	-1	-1	-1	-1	-1
c11079	6	0	34	0	0	-1	6	0	4	-1	-1	-1	0	0	-1	42	27	0	0	-1	0	0	0	0	10	0	0	0	0	0
c11080	6	0	0	0	-1	0	-1	0	0	-1	34	0	0	0	-1	-1	0	-1	40	0	27	0	19	-1	5	-1	0	0	0	-1
c11093	6	0	0	0	0	0	6	0	0	17	-1	0	0	0	-1	37	10	42	0	-1	0	0	0	0	43	-1	0	27	-1	0
c11094	6	0	0	0	-1	0	6	-1	4	0	-1	0	35	0	0	0	-1	0	0	43	0	-1	0	43	10	0	0	0	0	0
c11105	6	0	-1	0	-1	23	-1	0	-1	0	0	46	0	18	0	0	0	25	41	46	-1	0	0	6	0	49	-1	0	0	44
c11106	-1	0	0	-1	34	0	6	0	0	-1	34	0	0	0	0	-1	0	0	0	43	27	6	19	0	0	0	0	0	-1	0
c11107	-1	0	0	-1	34	0	6	0	0	17	34	0	0	0	0	-1	0	0	0	43	-1	6	19	0	0	0	0	0	0	0
c11108	-1	0	0	0	41	0	-1	-1	4	0	6	10	0	0	-1	0	-1	0	34	41	46	0	34	0	10	0	-1	-1	0	0
c11116	6	-1	0	17	0	0	-1	0	0	0	-1	-1	0	9	29	0	0	-1	0	0	0	0	0	0	43	24	6	40	0	0
c11125	-1	0	0	0	0	0	-1	-1	0	0	49	46	-1	0	49	34	6	-1	-1	0	0	-1	-1	0	0	0	33	0	0	0
c11130	6	0	0	0	43	35	6	0	0	0	-1	0	0	35	0	0	0	0	43	35	0	-1	19	-1	0	0	0	11	0	-1
c11132	6	0	26	0	0	0	-1	0	23	49	-1	46	-1	0	-1	0	-1	34	41	0	0	0	0	20	6	0	0	21	0	0
c11157	6	0	-1	0	-1	0	-1	-1	0	-1	49	46	-1	43	0	0	0	0	41	0	-1	0	0	0	0	0	35	0	0	0
c11159	-1	0	0	0	-1	-1	6	0	-1	0	-1	0	0	-1	6	0	27	-1	0	0	3	-1	0	0	10	0	-1	-1	0	0
c11165	6	0	0	0	13	0	6	0	0	0	-1	-1	17	0	-1	0	43	0	0	0	-1	10	19	-1	0	0	-1	-1	0	0
c11177	-1	0	-1	49	0	0	-1	-1	4	0	0	0	-1	-1	0	0	-1	0	0	-1	0	34	0	-1	10	-1	-1	0	46	-1
c11186	6	0	49	0	0	0	6	0	25	-1	-1	0	-1	25	0	34	0	0	41	46	43	0	23	46	25	-1	0	0	0	43
c11187	6	0	49	0	0	0	6	0	25	-1	29	0	40	-1	0	34	0	0	41	46	43	-1	23	-1	25	-1	0	-1	0	43
c11189	6	-1	0	4	0	0	6	0	0	0	49	46	-1	0	0	0	1	0	41	0	0	0	0	0	-1	0	0	0	-1	-1
c11202	6	0	0	4	0	0	6	0	0	0	49	-1	-1	0	0	0	-1	0	41	0	0	0	10	0	0	0	0	-1	0	0
c11221	-1	-1	0	0	-1	0	6	-1	4	-1	-1	10	0	25	0	0	0	0	-1	0	46	-1	-1	0	-1	0	0	0	0	0
c11225	6	21	34	-1	0	-1	6	43	34	0	0	46	-1	0	0	0	-1	34	41	46	-1	0	0	-1	0	49	0	0	0	25
c11240	6	0	-1	4	0	0	6	0	0	0	49	46	-1	0	-1	0	0	0	41	-1	-1	0	10	0	0	0	0	0	0	-1
c11256	6	0	0	0	0	0	6	0	22	34	-1	20	0	-1	-1	-1	-1	-1	8	-1	40	0	0	0	43	-1	0	0	0	0
c11262	-1	0	0	0	16	0	-1	-1	4	0	-1	-1	0	-1	0	0	-1	0	-1	0	8	-1	0	0	-1	-1	0	0	0	34
c11267	-1	0	0	8	0	0	-1	5	-1	-1	42	0	40	0	0	0	0	-1	41	24	-1	0	0	0	0	43	0	0	0	0
c11279	-1	0	-1	49	-1	0	-1	43	4	0	0	-1	8	0	0	35	27	0	0	-1	0	34	0	-1	10	0	0	0	0	0
c11286	6	0	-1	49	0	0	-1	43	4	0	-1	0	8	-1	46	0	27	10	0	0	27	-1	5	-1	10	0	-1	0	-1	0
c11289	6	35	0	0	0	46	6	0	4	-1	0	6	-1	47	19	0	-1	0	-1	47	0	14	0	20	10	-1	0	-1	0	0
c11299	6	0	-1	0	0	23	6	0	34	0	0	-1	0	18	0	-1	0	25	-1	46	-1	0	0	6	0	49	0	0	-1	44
c11305	6	0	0	0	0	0	6	-1	43	0	0	0	0	0	25	0	3	0	0	-1	10	0	19	-1	0	0	0	0	0	0
c11307	6	0	0	0	-1	0	6	0	22	34	0	-1	0	43	0	-1	17	30	-1	0	0	-1	-1	0	43	0	0	0	0	-1
c11332	6	9	-1	49	45	0	-1	43	4	0	0	0	-1	0	0	0	27	-1	-1	0	0	34	0	-1	10	0	0	0	0	0
c11335	-1	39	0	0	0	-1	6	0	0	17	-1	0	-1	0	0	0	10	42	43	0	-1	0	0	0	43	0	0	0	-1	0
c11337	-1	0	-1	8	0	0	-1	5	-1	16	0	0	40	0	0	0	0	0	41	24	-1	0	43	-1	0	43	0	0	0	0
c11348	6	0	-1	0	0	0	-1	0	0	0	-1	46	-1	0	0	0	0	0	41	0	0	0	0	0	0	0	17	0	1	0
c11349	6	0	0	0	0	0	6	0	-1	0	49	-1	-1	0	0	0	-1	0	41	-1	-1	0	0	0	0	0	17	0	1	0
c11360	6	34	-1	0	0	12	6	-1	34	0	-1	0	40	0	0	-1	-1	-1	41	0	-1	0	0	30	18	43	-1	0	-1	10
