	0	1	2	3	4	5	6	7	8	9	10	11	12	13	14	15	16	17	18	19	20	21	22	23	24	25	26	27	28	29
c884	0	0	0	0	-1	0	29	43	-1	-1	0	33	-1	25	0	0	42	46	-1	0	29	-1	0	0	36	-1	0	0	43	0
c1033	0	-1	0	-1	28	34	25	0	-1	-1	0	-1	0	-1	-1	0	42	0	18	25	0	-1	13	0	18	0	0	0	-1	0
c2098	0	-1	46	0	28	46	0	0	-1	0	0	0	-1	0	46	0	42	0	33	2	-1	-1	-1	0	18	0	34	0	2	-1
c2206	0	0	-1	0	0	0	0	0	33	0	0	-1	0	15	-1	-1	42	46	0	43	0	-1	-1	0	-1	0	5	5	0	21
c2281	-1	0	-1	-1	0	0	-1	25	-1	-1	-1	34	42	0	0	-1	0	0	0	0	0	-1	-1	0	0	0	0	50	0	0
c2388	0	-1	-1	0	-1	0	0	0	25	0	0	0	0	0	0	30	42	0	44	0	0	-1	13	0	-1	0	-1	0	43	0
c2410	33	18	-1	-1	-1	44	-1	46	0	-1	0	12	-1	0	-1	49	42	-1	-1	19	38	-1	9	0	0	23	-1	-1	0	-1
c2508	0	0	0	0	9	0	0	0	-1	0	43	33	-1	0	0	41	42	0	0	-1	0	5	0	0	-1	26	31	49	0	0
c2538	0	-1	0	-1	-1	0	-1	0	0	0	0	0	41	2	0	30	42	0	44	0	46	-1	13	0	18	-1	30	0	-1	0
c2560	0	-1	-1	15	-1	-1	-1	-1	11	-1	43	0	9	0	-1	0	42	-1	0	0	0	-1	-1	46	18	27	30	0	-1	-1
c2623	28	9	-1	5	-1	-1	-1	0	0	-1	0	33	49	0	0	-1	42	43	0	-1	21	0	-1	9	34	0	46	0	4	4
c2748	-1	0	0	27	9	-1	0	0	35	0	43	-1	49	20	-1	41	42	41	-1	0	43	5	0	-1	0	0	0	49	0	-1
c2749	0	0	0	0	9	-1	0	0	-1	-1	43	-1	49	0	-1	41	42	41	0	0	0	5	0	0	-1	-1	0	49	0	-1
c2862	-1	0	0	-1	43	0	-1	46	0	-1	0	0	-1	0	-1	30	42	0	0	5	38	-1	0	-1	0	23	18	19	49	0
c3088	9	-1	0	31	0	-1	0	0	0	-1	0	33	-1	0	-1	0	-1	-1	-1	46	28	-1	-1	0	0	34	0	0	14	-1
c3182	-1	0	-1	0	43	0	-1	46	-1	-1	0	-1	-1	-1	0	0	42	0	0	-1	38	-1	14	0	0	-1	-1	19	49	0
c3206	0	0	48	0	-1	0	-1	46	0	-1	0	-1	-1	0	42	-1	-1	-1	0	5	-1	-1	-1	0	0	23	18	19	49	0
c3331	28	9	-1	5	-1	-1	43	0	0	28	25	33	49	0	3	-1	-1	-1	0	34	21	0	0	9	34	0	0	-1	0	-1
c3356	0	0	-1	35	28	0	-1	0	0	11	0	0	9	0	0	0	-1	0	-1	43	0	-1	0	34	18	0	0	0	0	-1
c3357	-1	0	-1	35	28	0	0	0	0	11	0	0	-1	-1	0	-1	-1	0	0	-1	0	-1	0	34	18	-1	0	0	0	0
c3371	-1	18	0	28	-1	0	-1	46	49	-1	0	-1	-1	0	0	0	42	0	9	3	38	-1	-1	0	0	-1	-1	19	0	-1
c3375	-1	0	0	27	28	0	0	46	46	-1	0	48	38	0	0	-1	42	0	46	25	21	-1	-1	34	-1	0	25	0	27	0
c3381	15	46	0	-1	46	0	0	0	0	0	0	0	0	-1	0	0	42	0	27	0	0	-1	0	0	43	0	0	-1	43	-1
c3482	46	0	0	0	28	0	-1	-1	-1	0	0	-1	-1	-1	-1	0	42	0	0	0	0	0	-1	0	-1	0	25	-1	23	-1
c3647	46	0	4	0	-1	-1	46	18	30	29	-1	0	0	40	5	0	42	0	0	0	0	0	0	0	-1	0	0	0	-1	-1
c3742	0	-1	0	0	0	50	-1	-1	0	0	15	-1	0	-1	-1	0	42	46	43	43	0	-1	49	0	18	10	43	0	33	0
c3774	-1	-1	0	0	-1	0	0	0	35	0	-1	-1	49	0	0	-1	42	46	0	46	0	5	0	-1	0	0	-1	49	47	0
c3816	46	0	-1	0	49	-1	0	-1	-1	0	31	-1	-1	-1	0	-1	42	0	-1	0	0	-1	-1	0	0	-1	0	19	46	0
c3834	0	0	0	0	34	-1	-1	46	0	-1	0	0	-1	0	0	0	-1	0	4	3	38	-1	0	0	0	-1	0	19	0	0
c3940	-1	46	0	0	46	46	48	0	0	0	0	0	46	48	0	0	42	0	27	0	0	-1	0	49	0	0	0	-1	25	0
c3968	0	5	42	-1	-1	0	0	0	0	0	0	49	24	0	0	-1	42	0	0	43	0	-1	0	-1	18	0	16	0	-1	3
c4011	46	0	-1	0	49	0	0	46	0	-1	31	-1	-1	-1	-1	-1	42	-1	0	0	0	-1	25	0	-1	23	0	19	0	0
c4057	0	-1	0	0	0	0	-1	0	-1	-1	-1	0	0	0	18	-1	42	46	46	43	0	-1	0	49	18	0	0	-1	-1	-1
c4073	-1	0	0	-1	28	0	0	0	0	0	0	-1	38	0	0	0	42	-1	0	25	0	-1	13	34	18	0	-1	0	-1	0
c4185	0	0	46	0	9	0	0	0	35	0	-1	33	49	27	-1	0	42	-1	-1	34	5	5	0	0	0	0	0	0	-1	0
c4215	46	0	0	0	5	4	0	0	-1	0	28	0	0	0	30	27	42	46	0	0	0	-1	-1	0	27	21	-1	41	23	-1
c4229	-1	0	0	-1	-1	0	43	9	0	-1	0	-1	15	48	0	-1	42	0	27	0	0	0	-1	-1	0	0	15	-1	0	0
c4244	46	33	-1	0	49	-1	0	46	0	0	31	0	-1	0	0	0	42	-1	17	46	0	-1	25	0	0	23	0	19	0	0
c4248	0	0	0	0	0	49	-1	0	-1	0	-1	33	49	46	0	0	-1	46	0	43	0	0	0	0	0	-1	49	0	38	-1
c4252	42	0	0	10	28	0	0	-1	0	-1	-1	0	0	19	0	0	-1	9	0	25	0	-1	-1	-1	18	0	-1	0	0	2
c4253	42	0	0	-1	28	-1	0	0	0	0	-1	0	0	-1	0	-1	-1	0	-1	25	0	-1	-1	-1	18	0	0	0	27	-1
c4259	12	-1	0	35	-1	-1	0	-1	40	0	-1	0	24	0	34	0	42	46	0	43	0	-1	0	0	18	-1	0	0	-1	0
c4268	25	0	0	19	43	15	-1	19	-1	0	-1	33	49	42	0	15	-1	0	0	0	36	18	0	0	34	0	0	-1	0	5
c4286	-1	0	46	0	9	0	0	0	35	0	-1	33	49	-1	0	-1	42	0	0	0	5	-1	0	0	0	0	25	0	0	0
c4299	0	0	-1	0	-1	0	0	-1	0	0	43	33	49	-1	0	0	42	46	0	43	0	-1	-1	0	-1	0	49	-1	0	0
c4349	0	46	-1	0	0	0	27	-1	0	0	0	0	37	43	0	0	-1	28	19	-1	49	-1	0	0	18	-1	0	2	0	0
c4368	-1	9	-1	26	-1	46	25	0	0	-1	0	0	0	48	0	0	42	33	-1	0	-1	-1	13	31	-1	0	0	0	50	0
c4404	28	9	40	46	0	0	0	0	0	0	0	33	49	-1	0	-1	42	46	0	43	0	0	-1	4	34	0	-1	0	28	0
c4413	25	0	-1	-1	0	50	0	0	0	-1	0	-1	-1	-1	0	0	-1	25	27	0	0	0	0	0	-1	0	0	-1	0	-1
c4480	0	0	-1	0	0	0	0	-1	-1	0	9	0	-1	0	18	-1	-1	46	46	43	0	-1	-1	49	18	0	0	0	0	-1
c4485	0	0	48	0	-1	0	-1	46	-1	-1	0	0	-1	0	0	0	42	0	0	5	38	-1	-1	12	0	23	18	19	49	36
c4495	42	0	40	30	28	2	25	0	19	9	-1	0	0	0	0	0	42	-1	0	-1	0	-1	-1	-1	18	-1	0	26	0	28
c4500	0	0	0	0	0	0	0	-1	-1	0	0	-1	37	-1	0	42	-1	-1	42	43	-1	-1	0	0	18	0	0	0	0	-1
c4501	0	0	-1	0	43	0	-1	0	0	0	0	0	37	0	0	42	42	-1	42	43	0	-1	0	0	18	0	0	0	0	0
c4523	-1	0	-1	0	0	50	38	0	0	0	-1	0	5	0	-1	0	-1	46	43	43	0	-1	-1	0	-1	0	0	27	33	0
c4526	0	-1	-1	-1	0	-1	27	0	-1	0	18	33	49	-1	0	0	42	0	-1	18	33	0	15	0	-1	0	0	0	40	0
c4530	0	24	9	-1	28	9	9	-1	0	0	0	0	-1	0	-1	0	42	0	0	0	0	-1	13	0	18	0	-1	0	-1	0
c4552	0	18	0	-1	0	0	-1	46	49	-1	0	-1	-1	0	0	0	42	-1	9	3	38	-1	0	0	0	23	-1	-1	0	0
c4573	43	0	-1	0	28	-1	-1	-1	-1	12	-1	0	0	0	49	-1	0	0	25	0	-1	-1	-1	-1	-1	0	25	-1	41	15
c4591	0	0	0	0	-1	40	0	0	0	0	0	21	0	50	0	0	42	34	27	-1	0	17	-1	-1	19	23	27	-1	0	0
c4614	42	0	-1	10	28	31	0	0	0	0	0	0	0	19	0	0	42	0	0	25	0	-1	-1	0	18	0	0	-1	0	-1
c4690	0	0	-1	0	42	33	0	0	0	0	0	33	49	43	-1	0	42	0	0	43	9	0	-1	12	0	0	0	0	0	0
c4728	0	0	0	0	-1	0	0	0	-1	0	0	0	0	-1	18	39	42	46	0	43	0	-1	-1	0	18	0	0	-1	-1	-1
c4785	0	0	0	0	0	-1	0	0	0	0	0	33	49	25	-1	-1	-1	0	-1	0	49	-1	0	0	36	0	0	-1	-1	-1
c4798	-1	-1	49	28	50	0	-1	46	46	-1	-1	12	-1	9	41	19	42	-1	0	0	-1	-1	0	0	0	23	-1	19	0	2
c4835	46	9	25	0	0	-1	0	33	30	0	0	0	0	0	0	-1	42	14	-1	-1	0	46	0	24	27	0	-1	0	23	-1
c4851	15	0	36	0	-1	49	0	0	0	2	46	0	0	-1	0	-1	42	0	27	0	46	25	0	0	-1	0	0	-1	35	0
c4862	0	0	-1	18	28	43	12	0	41	0	-1	-1	0	0	0	0	42	0	20	43	-1	-1	0	0	18	0	0	0	15	2
c4874	28	9	-1	5	-1	0	-1	0	-1	28	0	33	49	40	0	-1	42	43	18	-1	21	41	-1	-1	34	0	0	0	0	0
c4889	0	0	5	0	0	0	-1	0	-1	-1	0	0	43	0	-1	0	42	46	5	43	0	-1	0	44	18	0	-1	48	-1	0
c4947	0	18	0	0	0	0	-1	46	40	-1	0	0	-1	-1	0	34	42	0	0	-1	38	-1	0	0	-1	23	0	19	0	0
c4949	43	17	-1	0	28	0	-1	46	-1	-1	0	49	-1	0	49	0	0	0	-1	-1	0	-1	46	9	-1	0	25	-1	5	-1
c4968	-1	0	0	0	0	0	-1	46	0	0	0	5	-1	0	42	0	42	-1	-1	0	5	-1	0	0	0	-1	-1	19	4	0
c5009	-1	-1	0	0	-1	2	34	0	30	0	25	0	0	0	25	41	-1	0	0	-1	-1	0	0	0	27	0	-1	-1	23	-1
c5051	-1	27	-1	0	0	-1	-1	-1	0	0	0	0	37	43	-1	43	42	0	19	43	-1	-1	25	9	18	-1	2	0	19	0
c5071	-1	-1	0	0	-1	-1	0	0	0	-1	0	0	34	46	0	0	42	0	-1	43	-1	-1	-1	0	18	0	0	0	0	-1
c5095	33	24	27	0	-1	-1	49	0	0	50	0	0	0	0	0	-1	42	0	0	0	46	-1	13	-1	18	0	0	0	-1	0
c5096	0	35	13	0	0	0	0	40	0	0	0	-1	49	25	0	5	42	-1	-1	0	-1	27	0	-1	36	0	0	-1	-1	0
c5102	46	0	-1	0	49	49	0	46	0	0	31	0	-1	-1	0	19	42	0	13	0	0	-1	25	0	27	-1	0	19	-1	0
c5119	-1	0	31	0	48	0	0	0	-1	0	0	33	49	-1	-1	-1	42	0	-1	50	15	-1	0	0	-1	49	0	-1	0	0
c5173	0	0	0	0	-1	-1	-1	-1	9	-1	46	-1	0	3	9	0	-1	-1	27	0	-1	0	46	0	-1	32	0	-1	0	0
c5183	15	0	0	-1	-1	46	-1	0	0	-1	0	39	-1	-1	0	0	42	-1	33	2	49	-1	13	43	18	0	-1	-1	0	2
c5258	0	9	0	0	-1	46	25	0	0	0	0	0	0	-1	0	0	42	0	33	-1	49	-1	13	0	18	0	-1	0	50	9
c5335	48	0	0	0	28	0	25	23	18	0	-1	39	0	0	37	0	42	0	28	-1	-1	-1	-1	0	18	19	0	0	33	-1
c5373	0	0	-1	0	0	-1	24	0	15	0	0	33	49	0	-1	0	42	0	-1	46	0	-1	0	0	0	-1	46	0	0	-1
c5404	9	9	0	0	28	46	-1	0	0	0	-1	0	-1	0	0	0	42	0	33	0	49	-1	-1	0	18	0	0	0	50	-1
c5417	0	-1	27	0	0	0	-1	-1	0	0	13	33	49	25	0	-1	42	0	-1	-1	0	0	18	31	36	0	0	0	0	0
c5495	0	0	33	0	42	33	0	-1	41	0	0	33	-1	43	0	0	42	0	-1	43	9	0	46	12	0	0	-1	-1	0	-1
c5504	15	0	0	0	-1	0	43	-1	0	-1	0	0	-1	48	0	-1	42	0	-1	46	0	0	-1	-1	0	0	-1	-1	0	0
c5509	0	0	-1	0	0	0	-1	40	-1	0	0	-1	49	25	0	-1	42	0	-1	0	-1	0	0	0	36	0	0	9	0	0
c5511	-1	0	-1	-1	0	0	5	0	0	-1	0	0	0	0	0	0	42	25	27	0	0	-1	0	0	-1	0	0	-1	0	36
c5555	0	18	-1	0	0	0	-1	46	40	-1	-1	0	-1	0	-1	34	42	0	0	0	38	-1	0	-1	0	23	5	19	0	0
c5568	-1	-1	0	0	28	46	25	0	0	0	-1	15	-1	0	0	0	42	0	33	0	-1	-1	13	31	-1	0	0	0	50	0
c5575	0	-1	-1	0	0	-1	3	25	-1	0	0	33	49	0	0	0	42	0	-1	0	0	18	0	0	0	-1	-1	0	0	0
c5578	46	42	0	-1	0	0	28	0	30	42	0	0	0	40	0	-1	42	0	27	46	0	0	27	5	-1	0	43	0	23	-1
c5599	-1	0	0	0	-1	0	-1	0	0	0	0	0	0	0	18	0	42	-1	0	43	0	-1	0	0	18	0	0	0	-1	-1
c5600	-1	-1	-1	0	-1	36	0	0	-1	33	0	0	0	5	0	-1	-1	-1	20	43	0	-1	0	0	18	-1	0	0	-1	0
c5642	0	-1	25	0	0	-1	-1	0	-1	0	0	33	49	25	-1	-1	42	0	-1	9	49	-1	-1	2	36	0	0	-1	0	42
c5658	-1	0	0	0	-1	0	49	0	30	0	-1	0	0	0	-1	28	-1	14	0	-1	0	-1	-1	0	27	0	0	0	23	-1
c5665	-1	24	0	0	28	-1	49	0	0	15	0	-1	5	0	-1	-1	42	0	-1	-1	41	-1	-1	0	-1	0	0	0	-1	0
c5796	15	0	0	0	-1	0	43	9	0	-1	-1	0	0	48	0	0	42	0	-1	0	-1	0	0	-1	0	0	15	-1	0	0
c5861	13	38	-1	-1	0	19	-1	-1	-1	0	46	-1	0	13	25	0	0	46	-1	-1	27	-1	46	24	-1	-1	-1	0	49	36
c5892	15	46	0	0	46	10	0	0	-1	0	0	0	46	-1	0	-1	-1	0	27	-1	0	-1	0	0	9	0	0	-1	0	0
c5893	15	46	0	0	46	0	-1	0	-1	9	0	0	-1	-1	0	5	42	0	27	-1	0	42	-1	0	0	-1	-1	-1	0	0
c5895	-1	0	46	0	0	0	0	-1	30	0	-1	-1	0	46	0	0	42	0	0	0	0	-1	-1	0	27	0	0	0	-1	-1
c5939	42	0	-1	28	28	2	-1	-1	-1	9	0	0	-1	-1	0	0	-1	-1	0	25	0	-1	13	9	-1	-1	0	0	0	28
c5949	0	0	-1	0	23	33	50	0	0	5	0	33	-1	43	0	0	42	0	-1	43	0	0	0	0	0	0	0	-1	33	0
c5954	0	-1	31	-1	48	0	-1	-1	0	-1	0	33	49	-1	13	-1	42	-1	-1	-1	15	-1	0	-1	-1	0	0	4	0	-1
c5983	15	0	0	-1	0	-1	0	0	-1	0	-1	5	19	48	-1	0	42	0	-1	0	0	0	-1	0	-1	0	9	-1	0	0
c6000	0	0	0	0	0	0	0	0	0	0	0	21	-1	50	0	12	42	34	27	0	9	0	0	18	0	-1	27	-1	46	36
c6030	0	0	0	0	0	0	0	0	-1	0	0	-1	-1	0	18	-1	42	-1	-1	43	-1	-1	0	-1	18	0	0	34	0	-1
c6038	-1	0	-1	0	0	0	0	0	0	15	0	0	0	0	18	0	-1	46	0	-1	0	-1	0	0	18	-1	0	-1	0	-1
c6043	0	-1	-1	-1	-1	-1	0	46	0	0	19	-1	49	0	-1	0	42	0	-1	46	0	0	0	0	0	15	0	0	0	0
c6058	0	0	-1	39	-1	-1	0	46	0	0	25	0	-1	42	-1	-1	-1	-1	0	0	-1	-1	0	0	0	-1	-1	19	0	46
c6068	0	0	33	0	0	-1	0	0	0	0	-1	-1	0	0	18	46	42	46	0	43	36	-1	-1	-1	18	0	-1	0	0	-1
c6069	0	-1	33	0	0	0	0	0	0	0	0	-1	0	0	18	46	42	46	-1	43	36	-1	5	0	18	-1	0	0	-1	-1
c6110	46	0	0	0	0	0	-1	46	30	0	21	-1	0	0	0	4	42	14	-1	-1	0	-1	0	-1	27	3	0	0	23	-1
c6140	0	0	-1	0	-1	43	0	0	43	0	27	0	37	37	-1	42	-1	-1	0	43	-1	-1	-1	-1	18	0	0	0	0	-1
c6146	-1	0	-1	0	49	0	0	0	36	0	0	0	0	-1	18	0	42	46	0	43	0	-1	0	0	-1	-1	49	-1	-1	-1
c6193	41	0	46	0	15	-1	27	-1	-1	20	-1	33	49	0	19	-1	42	34	-1	0	33	0	0	0	0	0	0	42	40	0
c6215	-1	49	0	45	28	34	25	-1	18	0	0	39	0	0	37	23	-1	0	0	25	0	-1	13	-1	18	-1	0	0	33	-1
c6242	0	-1	0	-1	-1	9	0	21	0	-1	-1	28	-1	0	0	0	42	-1	0	43	0	-1	0	-1	-1	0	0	0	0	0
c6294	15	46	0	0	46	0	20	-1	0	-1	-1	0	46	48	0	0	42	0	27	-1	0	-1	0	0	0	0	-1	-1	0	0
c6295	-1	46	-1	0	46	0	20	0	0	0	43	0	46	48	-1	0	42	0	-1	-1	0	42	0	0	0	0	0	-1	0	0
c6302	15	-1	-1	0	0	-1	0	0	-1	17	0	0	0	48	-1	0	42	43	27	0	0	0	42	0	0	0	-1	-1	15	0
c6343	3	0	28	18	0	5	-1	0	-1	0	0	21	32	-1	0	0	42	34	27	46	-1	0	0	0	0	23	0	-1	27	0
c6363	-1	0	-1	0	28	0	0	0	-1	33	0	0	-1	-1	-1	-1	0	-1	0	0	0	-1	46	0	0	0	36	-1	-1	0
c6373	25	0	0	35	28	0	0	0	-1	0	0	0	24	0	0	0	-1	0	0	43	0	-1	0	0	18	0	-1	41	0	0
c6395	20	33	-1	27	48	0	0	0	0	9	-1	33	49	25	30	-1	-1	43	-1	0	0	-1	0	0	36	41	0	0	5	0
c6409	-1	0	0	-1	28	42	-1	0	0	0	0	48	-1	0	0	-1	42	0	0	-1	0	-1	13	34	18	-1	25	0	5	33
c6464	0	18	0	0	0	0	-1	46	40	-1	46	0	-1	0	-1	34	42	-1	0	-1	38	-1	0	0	0	23	0	19	0	0
c6500	43	0	40	0	0	0	-1	46	28	2	-1	0	-1	0	0	0	42	8	0	0	0	-1	0	-1	-1	23	0	19	0	-1
c6524	0	-1	-1	0	0	0	0	0	-1	0	46	0	0	-1	-1	0	0	46	0	-1	27	-1	-1	0	0	-1	0	-1	0	36
c6550	0	35	13	-1	0	0	0	40	0	0	0	-1	-1	25	0	5	42	0	-1	0	-1	27	-1	0	36	0	0	9	25	-1
c6560	46	0	0	0	0	0	-1	0	30	0	-1	-1	-1	0	0	0	-1	0	0	0	-1	-1	-1	-1	27	-1	0	-1	23	-1
c6562	46	0	-1	0	49	0	0	46	25	-1	31	-1	-1	0	-1	-1	42	15	0	0	0	-1	43	0	-1	23	0	19	0	18
c6575	25	0	0	19	0	15	0	-1	0	0	-1	-1	49	-1	0	0	-1	-1	0	0	36	18	25	-1	34	0	0	0	0	5
c6578	42	0	0	10	28	0	0	-1	0	0	-1	-1	0	19	0	-1	42	0	-1	25	0	-1	-1	4	18	39	0	0	0	0
c6608	0	9	-1	0	28	46	25	-1	0	-1	0	0	-1	0	0	-1	-1	0	-1	42	49	-1	13	-1	18	0	0	0	50	9
c6610	0	0	5	-1	28	0	-1	0	-1	0	36	42	25	-1	27	0	42	0	9	43	15	-1	0	50	-1	49	0	-1	0	0
c6624	15	33	-1	0	-1	0	-1	0	-1	46	0	-1	-1	0	-1	27	0	0	0	0	0	-1	46	0	29	-1	0	0	0	0
c6628	15	46	0	0	46	0	-1	0	0	0	-1	0	7	48	0	0	42	0	27	0	-1	42	0	0	0	0	-1	-1	9	-1
c6631	-1	34	-1	35	28	0	0	49	0	-1	4	0	0	0	0	49	42	-1	0	43	18	-1	0	28	18	-1	0	46	0	0
c6642	-1	-1	31	-1	48	0	0	0	46	0	9	33	49	25	0	0	42	0	-1	0	-1	50	0	0	36	-1	0	-1	0	-1
c6665	46	0	0	-1	33	0	0	0	30	48	-1	0	43	0	0	0	42	14	0	0	0	46	-1	0	27	-1	0	0	23	-1
c6709	25	18	0	0	0	0	-1	46	40	-1	0	0	-1	0	0	34	42	-1	0	0	38	-1	0	0	0	23	0	19	0	0
c6771	15	46	0	-1	46	43	-1	-1	0	0	0	0	0	-1	-1	0	-1	0	27	-1	0	0	0	0	0	-1	-1	-1	25	0
c6777	-1	0	-1	18	49	0	0	46	0	49	-1	27	-1	0	0	0	42	5	-1	0	0	-1	0	0	0	23	0	19	0	0
c6829	15	46	0	-1	46	0	-1	0	0	0	0	0	0	48	0	4	42	5	-1	25	0	3	29	-1	0	-1	-1	-1	0	21
c6830	0	-1	-1	0	28	31	-1	0	0	0	0	0	0	-1	-1	30	42	0	0	0	0	-1	13	0	18	0	0	-1	43	0
c6844	15	0	0	-1	0	42	0	0	0	0	0	0	0	48	0	0	42	28	-1	0	4	0	-1	0	-1	0	9	-1	2	49
c6846	-1	-1	-1	0	-1	-1	-1	-1	0	0	0	0	37	43	-1	43	42	0	19	43	49	-1	25	0	18	-1	0	25	0	0
c6851	0	-1	0	0	28	-1	0	-1	0	33	0	-1	-1	0	0	30	42	-1	0	0	5	-1	-1	0	-1	0	0	0	43	-1
c6855	46	24	48	0	28	0	0	-1	0	0	0	0	-1	0	15	0	-1	-1	0	0	-1	-1	13	0	18	-1	0	-1	43	46
c6859	-1	0	31	0	48	-1	0	0	28	0	18	33	49	25	0	0	42	-1	-1	0	0	-1	0	-1	36	0	0	0	0	25
c6869	0	0	-1	-1	0	0	27	-1	0	0	0	-1	37	43	0	0	42	0	19	43	-1	-1	0	0	18	-1	0	0	0	0
c6881	15	15	-1	-1	0	-1	0	0	-1	-1	0	0	42	43	27	0	0	-1	0	0	27	-1	46	0	-1	12	19	0	0	46
c6899	0	0	46	0	0	26	-1	0	4	0	33	-1	37	-1	14	0	42	0	5	43	0	-1	46	42	18	21	-1	0	0	49
c6906	-1	9	-1	-1	0	0	0	49	0	0	0	33	49	-1	0	0	-1	46	0	43	43	0	0	0	34	0	27	0	9	47
c6912	46	-1	0	0	48	0	-1	0	-1	0	5	33	49	25	0	0	-1	0	-1	0	0	0	30	0	36	0	49	27	-1	0
c6919	43	18	-1	28	0	5	-1	46	0	-1	-1	-1	-1	0	0	9	42	0	0	42	38	-1	0	38	-1	23	0	19	0	0
c6927	43	0	-1	-1	-1	0	0	36	-1	0	0	49	0	0	-1	0	25	-1	25	0	0	-1	46	9	-1	0	25	-1	5	15
c6941	15	-1	-1	0	46	43	28	0	20	0	0	9	-1	-1	0	0	-1	-1	27	0	0	0	0	0	-1	-1	0	-1	0	25
c6959	46	-1	-1	-1	-1	0	-1	46	-1	0	-1	0	-1	31	-1	0	42	-1	0	-1	-1	-1	25	-1	0	23	-1	19	21	0
c6962	0	-1	-1	0	0	50	-1	0	0	0	0	0	0	0	-1	0	42	46	43	-1	0	-1	49	19	18	0	0	0	33	0
c7003	-1	0	31	0	-1	-1	0	-1	0	0	0	-1	49	-1	0	0	42	43	-1	0	0	-1	0	27	36	0	0	0	0	-1
c7031	0	0	-1	5	0	27	0	17	0	-1	0	33	49	43	0	0	-1	19	0	43	0	5	-1	30	0	0	0	0	0	0
c7061	42	0	40	0	-1	2	25	5	21	9	3	-1	0	0	-1	46	42	-1	3	25	0	-1	13	-1	18	-1	0	-1	0	28
c7093	-1	0	0	-1	-1	-1	0	0	0	0	27	42	0	-1	27	20	-1	0	0	43	0	-1	0	0	18	34	0	0	-1	0
c7097	0	24	0	0	28	-1	49	0	0	0	0	-1	0	-1	9	-1	42	0	0	0	0	-1	13	-1	18	21	0	0	43	-1
c7111	0	-1	-1	0	28	0	-1	0	0	33	0	0	0	0	-1	30	42	0	0	0	5	-1	13	0	-1	0	0	0	43	0
c7116	46	0	0	0	0	-1	-1	0	-1	0	0	0	0	0	31	0	42	0	0	0	0	0	0	0	27	0	0	0	23	-1
c7143	-1	-1	0	0	-1	-1	0	-1	-1	0	0	-1	41	-1	0	30	42	0	44	-1	-1	-1	13	0	18	-1	-1	0	43	0
c7161	28	0	-1	0	-1	0	0	34	-1	28	0	33	49	0	-1	50	42	43	0	34	0	0	-1	-1	34	0	0	43	0	0
c7163	0	2	0	0	48	0	-1	-1	0	0	-1	-1	49	25	0	0	42	0	-1	0	0	0	-1	0	36	-1	49	0	-1	-1
c7172	0	0	0	0	0	-1	0	0	-1	0	0	-1	49	43	0	0	42	4	-1	43	0	0	0	0	-1	43	0	25	0	-1
c7199	0	0	0	0	-1	0	0	0	43	0	-1	0	37	0	0	42	42	-1	0	43	-1	-1	0	0	18	0	0	-1	0	0
c7210	0	0	0	0	0	0	0	-1	-1	-1	0	-1	-1	-1	27	0	42	-1	0	43	0	0	0	0	49	-1	0	25	0	0
c7221	-1	-1	-1	0	-1	24	0	0	-1	9	0	0	37	43	0	0	0	46	0	-1	3	-1	-1	0	0	43	-1	0	-1	0
c7229	-1	0	0	0	-1	-1	0	0	0	0	0	0	43	-1	0	0	-1	49	27	-1	0	25	-1	0	0	0	-1	-1	0	0
c7236	0	18	0	0	36	0	-1	-1	-1	-1	0	0	-1	0	-1	34	42	0	0	0	-1	-1	0	0	0	-1	0	19	0	-1
c7244	43	-1	29	-1	43	31	-1	46	0	2	30	46	-1	0	49	0	42	0	0	0	0	-1	-1	0	0	23	0	19	-1	4
c7246	28	-1	-1	5	-1	0	43	0	0	-1	0	33	49	0	-1	-1	-1	43	0	34	21	41	-1	9	34	0	0	-1	0	34
c7280	0	-1	0	0	-1	46	0	0	0	0	0	5	0	-1	0	30	42	0	44	0	0	-1	-1	0	18	0	29	-1	43	0
c7287	0	0	-1	0	0	-1	0	0	0	15	0	33	49	25	-1	4	42	0	-1	0	49	-1	0	-1	36	0	-1	-1	0	0
c7341	0	0	0	0	28	-1	0	-1	0	-1	0	-1	0	0	-1	0	42	0	33	2	49	-1	13	-1	-1	0	34	-1	41	2
c7342	46	19	-1	0	-1	-1	9	0	30	-1	0	0	-1	40	0	0	42	-1	0	-1	43	0	0	-1	27	0	0	0	23	-1
c7363	0	38	-1	0	-1	33	-1	0	-1	0	-1	-1	0	0	0	-1	0	46	0	0	3	-1	46	27	0	43	43	0	48	-1
c7404	28	9	40	-1	0	0	0	46	-1	-1	0	33	49	-1	0	0	-1	0	0	43	0	9	0	0	34	-1	-1	-1	0	-1
c7421	-1	18	0	0	0	0	-1	46	-1	-1	29	0	-1	0	-1	34	42	-1	-1	0	38	-1	0	0	0	23	0	19	0	0
c7422	-1	42	0	0	0	50	49	10	0	0	0	0	-1	0	0	-1	-1	46	43	43	0	-1	49	0	18	0	-1	9	-1	0
c7459	49	-1	48	28	28	0	0	-1	28	-1	0	34	0	0	49	0	42	-1	20	43	0	-1	29	-1	-1	-1	0	0	33	41
c7476	-1	35	31	0	48	0	0	-1	46	0	9	33	49	-1	0	0	42	0	-1	0	0	0	-1	0	-1	0	-1	9	0	49
c7483	0	0	0	25	0	7	-1	0	0	46	0	33	49	0	0	-1	42	46	4	43	0	0	0	0	-1	0	49	-1	9	0
c7489	43	0	-1	49	28	33	-1	46	-1	-1	48	49	0	0	49	0	0	-1	25	0	0	-1	46	9	0	-1	25	-1	5	15
c7516	15	0	-1	0	0	0	-1	0	-1	25	-1	0	-1	43	27	0	0	-1	0	0	-1	-1	46	0	0	0	-1	0	0	46
c7523	0	-1	46	0	-1	3	-1	0	-1	46	33	-1	37	43	14	0	42	0	-1	43	0	-1	46	42	18	-1	0	24	0	49
c7541	0	0	0	0	9	0	-1	34	0	0	0	0	0	0	18	39	42	46	-1	43	39	-1	-1	0	18	33	42	0	0	-1
c7588	0	0	-1	25	0	-1	-1	0	0	20	-1	33	-1	0	0	0	42	0	-1	0	33	0	0	0	0	0	-1	-1	40	-1
c7591	46	-1	-1	-1	0	0	9	-1	30	0	28	0	0	0	0	0	42	0	0	-1	0	0	0	0	27	5	0	0	23	-1
c7599	-1	0	-1	42	0	0	-1	46	0	-1	0	9	-1	-1	30	0	42	0	0	0	0	-1	0	0	-1	23	49	19	0	15
c7608	-1	34	0	-1	28	0	0	0	18	0	0	0	0	0	11	-1	42	0	-1	43	0	-1	0	-1	18	0	0	0	0	-1
c7614	15	0	3	-1	0	-1	-1	9	0	31	0	0	0	48	43	0	42	0	27	0	0	0	0	-1	5	0	-1	-1	-1	0
c7694	-1	0	0	0	-1	0	-1	0	-1	0	-1	33	49	0	0	0	42	46	0	-1	0	0	-1	-1	0	0	49	0	0	0
c7696	46	0	0	9	0	-1	0	0	30	0	25	-1	0	0	0	0	42	0	-1	0	0	0	-1	0	27	0	0	0	23	-1
c7709	-1	0	49	0	0	0	9	0	30	0	28	0	43	0	0	-1	42	0	0	0	0	0	0	0	-1	5	0	0	-1	-1
c7738	0	0	0	0	-1	0	0	0	43	-1	-1	-1	37	-1	46	42	42	-1	34	43	0	-1	0	-1	18	0	-1	0	0	0
c7745	4	-1	-1	0	0	0	27	-1	0	0	0	0	37	43	0	0	42	0	19	43	49	-1	-1	0	18	0	0	5	0	0
c7772	0	4	0	0	28	46	0	0	0	0	43	0	-1	41	0	18	42	0	20	43	0	-1	0	0	18	0	0	0	41	0
c7777	-1	46	0	27	5	0	0	-1	0	0	0	-1	0	48	-1	0	-1	0	-1	0	-1	-1	-1	-1	48	0	-1	-1	0	43
c7790	46	0	0	0	0	2	0	-1	-1	23	25	0	0	0	0	0	42	-1	0	0	0	0	42	-1	27	-1	0	0	23	-1
c7794	28	0	-1	44	-1	49	0	34	25	28	34	33	49	-1	0	50	42	43	0	34	0	0	32	9	34	0	-1	-1	0	0
c7821	-1	-1	31	-1	48	-1	0	0	28	0	18	33	-1	25	0	0	42	43	-1	0	0	-1	0	27	36	0	0	0	0	46
c7822	0	9	0	0	28	0	0	0	-1	34	0	0	0	9	-1	-1	42	0	20	43	0	-1	0	9	18	0	0	0	0	0
c7825	0	-1	-1	28	9	33	0	-1	0	0	-1	33	49	43	46	-1	-1	0	0	-1	-1	0	46	0	0	-1	0	0	0	0
c7839	46	-1	36	-1	0	-1	0	0	30	25	25	0	-1	-1	0	11	-1	0	-1	0	0	0	0	0	27	0	9	-1	23	-1
c7853	4	0	0	0	28	14	-1	0	0	15	0	25	0	0	0	-1	-1	0	-1	43	0	-1	0	0	18	43	0	-1	-1	0
c7861	-1	-1	0	0	28	0	0	0	0	0	0	0	-1	9	4	-1	42	0	20	43	-1	-1	0	9	18	0	0	0	0	46
c7868	49	0	0	0	0	0	-1	0	0	0	0	0	49	-1	13	-1	42	-1	0	43	0	-1	0	0	18	21	0	43	-1	31
c7893	0	-1	0	0	28	15	0	0	9	-1	0	0	0	5	0	15	42	0	20	43	9	-1	0	-1	18	0	0	0	0	0
c7899	-1	0	46	0	9	9	0	0	35	-1	43	-1	49	2	-1	-1	-1	0	0	0	5	5	0	0	9	-1	-1	0	0	0
c7913	28	9	-1	5	-1	0	43	-1	0	28	-1	33	49	40	0	-1	42	43	18	34	21	-1	0	9	34	0	0	0	0	-1
c7939	0	-1	-1	0	0	0	27	-1	0	0	0	46	37	-1	0	-1	-1	28	19	43	49	-1	0	0	-1	-1	-1	0	0	-1
c7940	9	0	-1	-1	9	0	46	-1	-1	0	43	-1	49	0	38	41	-1	-1	0	0	0	5	0	0	43	0	0	49	0	0
c7941	0	0	0	0	9	0	-1	0	-1	-1	43	-1	49	0	38	41	42	41	0	0	-1	5	0	0	43	0	0	49	0	0
c7958	0	0	0	-1	9	5	0	0	35	0	43	-1	49	0	38	-1	42	41	-1	0	0	-1	0	-1	43	0	0	-1	23	0
c7960	5	42	0	-1	12	50	0	-1	0	-1	0	46	33	33	0	25	-1	46	43	43	0	-1	49	0	-1	0	0	0	33	-1
c7963	0	9	0	-1	-1	46	25	0	0	0	0	6	-1	0	0	0	-1	0	-1	0	-1	-1	-1	31	18	48	0	19	50	0
c7972	43	41	-1	0	0	43	-1	46	0	-1	0	0	-1	9	25	34	42	32	0	0	0	-1	15	0	43	23	17	-1	0	0
c7975	46	0	0	0	-1	0	0	0	30	-1	0	-1	0	46	-1	0	42	0	0	-1	0	-1	0	0	27	0	0	0	-1	-1
c7981	-1	0	40	33	28	2	25	9	5	-1	0	18	0	0	0	0	42	0	0	25	-1	-1	-1	0	18	-1	50	-1	-1	28
c7986	43	0	-1	41	28	-1	0	0	-1	-1	0	3	0	0	-1	-1	0	0	25	0	2	-1	46	-1	0	23	25	-1	-1	15
c7992	-1	0	0	0	-1	-1	0	0	30	0	-1	0	0	0	-1	-1	42	0	0	0	36	-1	0	9	27	0	0	0	-1	-1
c8005	20	-1	0	27	48	0	0	-1	0	9	11	-1	49	25	30	0	-1	43	-1	-1	0	0	0	0	36	41	0	0	5	0
c8035	46	0	-1	-1	49	-1	19	46	0	5	31	25	-1	0	27	-1	42	15	26	30	0	-1	43	0	27	23	-1	19	33	-1
c8053	28	9	-1	5	-1	-1	43	0	0	28	0	33	49	-1	0	-1	42	-1	0	34	21	0	5	9	34	-1	0	49	4	4
c8058	46	24	0	-1	-1	0	0	0	-1	0	0	0	0	12	0	-1	42	0	0	-1	-1	-1	13	0	18	0	0	49	43	46
c8072	43	0	-1	0	28	0	-1	43	-1	0	-1	49	0	0	49	0	0	43	25	34	0	-1	46	9	0	0	-1	-1	5	-1
c8088	25	27	48	-1	0	15	0	0	0	-1	0	33	49	0	9	0	-1	0	0	0	36	18	-1	0	34	-1	0	0	0	5
c8099	46	-1	36	0	-1	0	9	-1	30	0	0	0	0	40	0	0	-1	-1	0	49	0	0	0	-1	27	0	0	-1	23	-1
c8112	0	0	33	0	-1	33	0	0	0	0	0	33	49	43	0	-1	42	0	0	43	9	0	46	12	0	0	18	34	0	0
c8122	28	0	18	27	48	-1	0	33	-1	9	-1	33	-1	25	-1	0	-1	0	-1	0	-1	0	0	0	-1	5	0	4	0	0
c8140	-1	-1	0	0	28	25	0	0	0	0	0	48	38	0	-1	0	42	0	0	25	-1	-1	13	34	18	0	25	-1	0	4
c8153	-1	-1	0	0	-1	46	0	0	27	0	0	0	0	0	0	-1	42	26	44	0	0	-1	13	-1	-1	0	29	0	43	0
c8168	-1	-1	48	18	28	0	0	0	0	-1	-1	0	0	0	-1	-1	42	0	20	43	0	-1	0	0	18	0	0	0	0	0
c8174	0	0	0	0	0	-1	0	-1	0	0	0	0	14	0	18	0	42	46	38	43	0	-1	-1	0	-1	0	0	0	0	-1
c8181	0	24	0	0	28	-1	49	0	0	-1	0	0	0	0	0	49	-1	0	0	0	0	-1	13	0	18	41	0	38	43	0
c8235	0	-1	-1	0	-1	0	-1	0	25	0	0	0	17	0	0	-1	42	0	44	0	0	-1	13	0	18	0	-1	0	43	0
c8252	0	-1	23	46	-1	0	0	5	-1	0	0	0	14	25	18	0	42	46	-1	43	46	-1	27	43	-1	0	-1	49	0	-1
c8257	28	0	0	0	0	-1	-1	0	0	-1	43	33	49	-1	0	0	42	9	30	0	0	0	-1	-1	34	28	0	0	0	0
c8265	15	46	0	0	0	0	0	0	5	-1	36	-1	0	48	-1	0	42	0	27	0	-1	13	-1	0	-1	0	-1	-1	0	9
c8274	3	0	28	0	0	5	0	0	42	25	0	21	32	50	0	0	42	34	27	46	-1	0	0	0	0	23	0	-1	27	0
c8280	15	-1	0	0	0	3	0	-1	-1	0	39	0	46	48	-1	0	42	0	27	0	0	43	0	0	0	0	0	-1	0	0
c8282	25	27	-1	0	0	-1	-1	-1	0	-1	0	0	0	-1	18	0	42	25	27	0	-1	0	-1	0	0	0	0	-1	43	0
c8308	-1	-1	-1	0	0	0	0	-1	-1	-1	-1	0	0	0	33	26	-1	25	27	-1	0	0	43	34	-1	0	0	-1	0	0
c8349	-1	2	0	-1	48	-1	0	-1	-1	-1	0	33	49	25	0	0	42	0	-1	0	0	46	30	0	36	0	-1	0	-1	-1
c8350	-1	-1	0	0	28	-1	0	0	0	30	0	0	-1	-1	0	9	-1	0	-1	43	43	-1	-1	9	18	0	-1	0	-1	-1
c8373	-1	49	-1	0	-1	0	-1	46	-1	0	0	0	-1	0	19	0	42	0	0	0	-1	-1	0	0	0	23	0	-1	-1	0
c8387	0	0	0	0	9	0	0	16	35	0	43	-1	49	0	-1	41	-1	41	0	0	0	5	0	0	43	3	0	49	23	-1
c8408	15	46	0	-1	46	43	-1	0	0	0	0	9	0	-1	9	0	42	-1	27	43	0	0	0	0	-1	-1	0	-1	0	-1
c8421	0	5	42	35	28	0	0	0	0	42	0	49	24	0	0	0	42	-1	-1	43	0	-1	0	0	-1	0	16	0	0	0
c8434	46	0	30	0	49	46	-1	46	0	49	-1	0	-1	0	0	0	42	0	-1	-1	0	-1	0	0	-1	-1	-1	-1	0	43
c8438	0	48	-1	0	28	0	-1	-1	18	0	0	39	0	49	-1	-1	42	-1	0	25	-1	-1	13	0	18	-1	0	-1	33	0
c8441	0	49	-1	0	49	-1	0	46	42	0	0	-1	0	50	-1	0	42	34	27	0	-1	25	5	0	0	23	-1	-1	27	42
c8451	46	0	0	-1	0	0	-1	0	30	41	0	0	-1	0	-1	0	42	0	-1	-1	0	0	0	0	27	0	0	0	23	-1
c8463	-1	0	48	18	28	0	48	-1	49	0	0	-1	0	0	0	5	42	0	20	-1	0	-1	0	0	18	0	0	41	0	0
c8482	0	0	-1	0	0	0	0	0	33	-1	-1	0	0	15	0	43	-1	46	5	43	0	-1	-1	9	18	0	-1	5	0	21
c8511	46	0	-1	40	49	50	0	46	25	-1	31	25	-1	0	27	-1	-1	15	0	0	0	-1	43	0	-1	23	0	19	0	0
c8521	-1	0	0	27	-1	-1	0	46	46	4	0	-1	38	41	0	0	42	0	46	25	21	-1	13	-1	18	-1	25	0	0	0
c8522	-1	0	-1	41	28	41	0	-1	-1	0	0	0	0	42	49	0	0	0	25	-1	2	-1	46	-1	0	0	25	0	0	15
c8529	-1	0	0	-1	28	3	0	0	0	0	-1	27	0	0	46	48	42	0	20	-1	0	-1	0	0	18	16	49	0	0	0
c8545	43	0	-1	0	-1	0	0	43	-1	0	0	49	0	46	49	0	-1	43	25	-1	0	-1	46	9	0	46	25	-1	5	15
c8546	25	0	-1	0	0	-1	0	0	0	-1	0	-1	0	0	33	26	-1	25	27	0	0	0	43	34	-1	0	-1	-1	-1	0
c8548	-1	5	-1	0	-1	15	-1	0	0	-1	0	0	-1	-1	0	0	42	25	27	46	0	-1	0	0	-1	-1	-1	-1	0	-1
c8549	25	5	-1	0	5	15	0	0	0	-1	0	0	0	-1	0	0	42	25	27	-1	0	-1	-1	0	0	-1	0	-1	0	0
c8556	0	0	-1	0	-1	-1	27	18	0	20	-1	-1	-1	26	42	0	42	-1	-1	-1	33	0	0	-1	-1	0	0	42	40	50
c8589	0	0	0	0	28	0	25	-1	18	-1	-1	39	0	49	37	0	42	0	0	25	0	-1	13	30	-1	-1	0	0	33	-1
c8593	0	24	0	-1	28	-1	-1	0	0	0	0	0	-1	0	-1	49	42	-1	0	0	0	-1	13	46	18	-1	0	0	43	0
c8605	0	25	-1	35	28	0	-1	0	0	11	0	0	-1	0	25	0	-1	0	0	43	-1	-1	0	-1	18	0	0	50	5	0
c8612	46	-1	30	0	49	0	33	46	0	49	5	-1	-1	0	0	0	-1	0	-1	0	0	-1	0	0	-1	23	30	-1	-1	43
c8619	-1	0	15	27	-1	0	25	9	-1	0	-1	-1	-1	0	19	-1	42	0	32	25	0	-1	13	49	18	0	0	0	-1	-1
c8656	20	-1	0	27	48	0	0	-1	-1	-1	11	-1	49	-1	30	0	-1	43	-1	0	0	0	0	0	36	41	-1	0	5	0
c8662	0	28	0	32	0	-1	0	25	0	46	-1	33	49	0	50	0	42	-1	25	0	0	18	0	0	-1	0	0	0	0	0
c8677	-1	-1	36	0	-1	-1	9	0	30	0	-1	0	-1	40	0	0	42	3	-1	-1	0	0	0	-1	27	0	0	0	23	-1
c8694	0	0	0	34	-1	-1	0	-1	15	-1	40	0	-1	0	0	0	42	46	0	43	-1	-1	0	0	18	34	-1	48	41	0
c8738	30	-1	0	0	28	-1	-1	0	0	15	0	0	0	-1	0	0	42	0	49	43	0	-1	0	0	18	43	-1	0	19	0
c8739	30	-1	0	-1	28	34	0	0	0	-1	0	0	0	0	0	0	42	0	49	43	0	-1	0	0	-1	43	-1	-1	19	-1
c8743	0	-1	0	0	28	0	46	0	48	-1	0	0	0	46	26	0	-1	0	0	43	27	-1	-1	-1	18	0	0	28	-1	0
c8755	0	18	0	-1	0	0	-1	46	40	-1	0	0	-1	0	-1	34	42	-1	0	-1	38	-1	0	-1	0	23	-1	19	0	0
c8758	0	0	-1	0	-1	0	0	0	0	5	0	33	-1	25	0	0	-1	0	-1	50	15	0	0	-1	36	49	0	4	0	0
c8767	15	46	0	0	46	0	48	0	-1	-1	0	0	46	48	0	0	42	0	27	0	0	42	0	0	0	0	0	-1	0	0
c8789	0	0	0	46	-1	46	25	0	18	0	0	0	0	-1	0	3	42	-1	-1	20	49	-1	-1	34	18	0	0	0	-1	0
c8790	43	17	-1	0	28	0	-1	-1	-1	0	0	49	0	0	49	0	-1	0	-1	0	0	-1	46	-1	0	0	-1	-1	-1	15
c8791	43	17	-1	0	28	0	0	46	-1	0	0	-1	0	0	49	0	0	0	-1	-1	0	-1	46	9	0	0	25	-1	5	15
c8792	-1	0	0	33	28	0	-1	0	0	0	27	-1	0	12	0	0	-1	0	18	25	-1	-1	-1	-1	18	0	0	48	-1	0
c8818	46	0	-1	0	49	0	-1	46	25	5	31	25	-1	0	27	-1	42	15	0	0	0	-1	43	12	27	23	34	19	0	0
c8819	46	0	-1	-1	-1	0	0	46	25	5	31	25	-1	0	27	-1	42	15	0	0	0	-1	43	12	-1	-1	34	19	0	-1
c8823	0	0	0	0	0	0	-1	0	0	-1	-1	5	0	0	-1	39	42	46	49	43	0	-1	5	0	18	0	25	0	-1	-1
c8824	5	0	0	36	-1	50	0	-1	27	0	0	0	0	-1	0	25	42	46	43	43	46	-1	49	0	18	0	0	0	33	0
c8851	-1	0	0	0	0	0	0	0	15	0	7	0	-1	-1	0	-1	42	46	0	43	5	-1	41	0	18	-1	-1	48	0	0
c8854	-1	-1	0	0	0	-1	0	0	0	15	0	33	-1	25	-1	4	42	-1	-1	0	49	-1	0	-1	36	0	0	0	-1	-1
c8860	46	0	0	-1	0	-1	0	0	-1	0	25	0	0	0	0	-1	42	0	0	-1	0	0	0	0	-1	0	0	0	23	-1
c8871	46	-1	0	35	28	0	0	0	0	0	-1	42	0	0	-1	0	42	9	0	43	15	-1	0	50	-1	49	0	0	0	0
c8880	0	0	0	4	48	-1	0	0	15	-1	0	33	49	25	3	0	42	0	-1	-1	3	0	0	-1	-1	-1	25	-1	0	41
c8893	-1	0	0	0	0	50	28	0	0	14	0	0	0	0	0	25	-1	46	43	-1	0	-1	49	0	18	25	-1	-1	33	0
c8894	49	0	48	-1	-1	0	0	-1	0	46	0	0	0	0	49	0	42	0	20	43	0	-1	29	0	18	49	-1	0	33	41
c8903	42	-1	40	28	28	-1	25	0	-1	9	0	46	33	-1	0	39	42	0	0	25	46	-1	13	0	18	-1	49	-1	-1	28
c8908	20	0	8	5	-1	46	0	0	0	0	-1	9	0	0	46	0	42	0	33	33	49	-1	13	0	-1	0	0	-1	0	0
c8924	46	0	0	-1	-1	0	0	0	30	0	0	-1	0	46	-1	0	42	0	0	0	-1	-1	0	0	27	0	0	0	-1	-1
c8927	46	0	0	0	-1	28	0	0	30	48	0	0	43	0	-1	0	42	14	0	0	0	-1	-1	-1	27	0	0	0	23	-1
c8936	-1	0	0	0	0	0	0	0	30	-1	0	-1	-1	40	0	0	42	0	0	15	42	-1	0	-1	27	0	0	0	23	-1
c8941	15	4	-1	15	0	-1	-1	0	-1	0	-1	0	42	27	-1	-1	34	-1	-1	9	-1	-1	46	0	0	-1	0	0	0	0
c8946	0	-1	0	28	-1	0	-1	-1	0	-1	0	-1	-1	-1	41	18	42	-1	0	0	38	-1	0	0	0	23	0	19	33	0
c8983	33	18	5	28	0	44	-1	-1	-1	-1	0	12	-1	0	41	0	42	0	-1	0	38	-1	9	0	-1	23	-1	19	0	0
c9005	15	46	0	0	46	43	0	-1	0	0	-1	9	27	-1	-1	0	42	0	27	0	0	0	0	0	0	-1	-1	-1	0	0
c9021	0	0	0	0	-1	9	-1	0	0	0	38	-1	-1	0	0	0	42	46	0	43	0	0	0	0	0	0	49	0	5	0
c9029	-1	-1	46	0	-1	0	-1	0	-1	0	0	27	-1	43	0	0	42	0	5	43	42	-1	-1	42	18	21	0	0	33	-1
c9036	0	-1	0	34	0	0	23	46	0	0	25	0	-1	0	0	1	42	0	0	-1	0	-1	33	0	31	23	0	19	27	46
c9076	46	0	-1	0	49	-1	0	46	0	0	31	25	-1	0	0	-1	42	-1	0	-1	0	-1	0	0	27	23	0	19	0	0
c9077	46	0	-1	0	-1	0	-1	46	0	0	-1	-1	-1	0	-1	-1	42	15	0	0	0	-1	-1	0	27	23	0	19	0	0
c9092	0	0	0	35	28	0	0	27	19	0	-1	42	0	0	27	0	42	46	0	43	15	-1	0	-1	-1	49	0	0	0	15
c9097	-1	-1	0	-1	-1	43	48	0	15	-1	46	-1	46	0	-1	42	42	-1	-1	43	0	-1	-1	0	18	0	-1	48	0	0
c9100	15	46	0	0	46	0	48	-1	25	0	0	0	46	-1	-1	0	-1	0	27	0	0	42	0	0	0	0	-1	-1	0	-1
c9116	0	2	0	5	-1	0	0	0	0	-1	0	-1	49	25	0	0	42	0	-1	0	0	0	30	0	36	0	49	0	-1	-1
c9117	0	2	0	-1	48	0	0	0	0	0	0	33	49	25	0	0	42	0	-1	-1	0	0	30	0	36	0	-1	36	-1	-1
c9146	15	46	-1	-1	46	0	48	0	0	0	0	0	46	48	-1	0	42	0	27	0	-1	42	0	0	0	0	0	-1	-1	-1
c9150	28	-1	-1	0	-1	-1	43	-1	0	-1	0	-1	-1	0	0	-1	42	43	0	34	21	0	0	9	-1	0	0	0	-1	0
c9191	-1	-1	0	-1	-1	0	0	-1	25	0	0	0	-1	0	0	-1	42	0	44	0	0	-1	-1	-1	18	0	0	0	43	0
c9196	23	0	-1	0	0	-1	0	-1	0	27	0	-1	49	-1	0	0	-1	0	0	43	0	0	0	0	-1	0	0	25	0	0
c9197	23	0	0	0	0	0	0	-1	0	27	0	-1	49	43	0	0	42	0	0	43	0	0	0	0	-1	0	0	25	0	-1
c9222	15	46	0	0	46	0	0	0	5	0	0	0	0	48	0	-1	42	0	-1	-1	-1	3	0	0	48	4	0	-1	0	0
c9244	46	0	-1	0	28	-1	0	48	-1	0	0	-1	0	0	0	-1	0	-1	25	0	-1	-1	46	0	42	0	-1	0	0	0
c9262	-1	0	0	-1	0	-1	15	0	0	0	-1	0	-1	-1	-1	9	42	0	-1	0	0	0	-1	0	-1	0	9	-1	-1	0
c9277	0	0	0	-1	0	-1	0	0	0	0	0	-1	49	43	0	0	42	0	-1	43	0	0	0	-1	-1	0	46	-1	0	0
c9280	0	0	0	0	0	0	-1	-1	0	-1	0	33	49	25	-1	0	42	0	-1	0	49	-1	32	-1	36	0	-1	0	-1	0
c9283	33	24	0	0	28	-1	-1	0	0	13	0	0	0	-1	0	0	42	0	33	0	0	-1	13	0	18	0	0	46	43	0
c9285	33	-1	-1	18	28	-1	-1	-1	-1	15	0	0	5	-1	-1	0	42	-1	0	0	41	-1	13	0	-1	0	-1	46	43	0
c9288	46	0	-1	-1	0	50	28	-1	-1	42	0	0	0	40	0	-1	-1	0	27	46	0	0	27	-1	27	0	43	0	23	-1
c9292	46	49	0	-1	28	46	25	0	19	0	-1	-1	0	-1	0	3	-1	0	33	0	49	-1	-1	34	-1	-1	0	0	-1	0
c9297	0	0	-1	0	0	25	0	-1	0	0	0	27	37	43	0	-1	42	9	27	-1	0	-1	0	-1	18	-1	0	0	15	46
c9303	0	-1	0	0	0	50	-1	0	0	0	0	0	0	0	-1	0	42	-1	-1	-1	0	-1	49	19	18	0	0	25	33	0
c9307	0	0	-1	0	-1	0	27	-1	36	14	0	0	37	-1	0	0	42	-1	19	43	-1	-1	0	0	-1	-1	0	-1	0	9
c9310	-1	41	0	33	0	48	-1	0	25	0	0	-1	-1	0	0	36	42	0	-1	43	0	-1	46	49	0	-1	0	43	2	0
c9319	42	0	40	30	28	2	-1	0	19	9	4	-1	-1	-1	0	0	42	-1	46	25	0	-1	13	9	18	-1	0	26	0	28
c9353	0	-1	-1	0	0	-1	-1	-1	36	-1	0	-1	-1	0	0	-1	42	0	0	0	38	-1	-1	0	0	23	0	19	49	0
c9359	-1	0	0	5	28	0	0	0	0	0	-1	48	38	0	0	0	42	0	46	25	0	-1	13	-1	18	0	25	-1	0	0
c9360	15	-1	0	0	0	0	-1	46	0	0	5	2	0	48	0	0	42	0	-1	-1	0	0	-1	0	5	0	0	-1	0	18
c9362	-1	-1	-1	0	48	0	0	-1	0	-1	0	33	49	25	0	0	42	-1	-1	0	42	30	-1	-1	-1	0	0	-1	0	0
c9364	25	0	0	19	0	-1	0	-1	0	0	0	33	49	-1	0	0	-1	0	0	0	-1	18	-1	0	34	0	0	-1	0	-1
c9375	0	0	0	46	0	0	0	0	-1	0	0	0	-1	25	-1	0	42	46	0	-1	0	-1	0	0	18	0	0	0	-1	-1
c9376	25	0	-1	-1	49	27	0	0	0	-1	0	49	0	-1	0	-1	42	25	27	46	0	0	-1	0	-1	-1	0	-1	0	-1
c9378	0	0	-1	0	20	0	-1	-1	0	0	0	25	37	43	0	43	42	5	19	43	49	-1	25	0	18	-1	3	0	-1	-1
c9384	-1	0	0	-1	0	-1	0	0	0	0	0	0	0	0	18	0	42	46	0	43	0	-1	43	0	-1	-1	0	0	0	-1
c9398	25	0	0	19	-1	15	-1	0	0	0	-1	33	49	0	-1	0	-1	0	0	0	36	18	0	0	34	0	0	15	-1	5
c9400	-1	9	40	46	0	0	0	46	-1	0	0	33	49	-1	0	0	42	0	0	43	0	9	-1	0	34	0	27	0	30	0
c9405	15	0	0	0	0	34	0	0	40	0	0	2	-1	48	0	-1	42	-1	27	0	0	0	-1	-1	5	0	15	-1	0	0
c9421	0	0	-1	-1	-1	0	21	0	-1	0	0	0	42	42	0	0	-1	4	5	46	0	-1	46	-1	0	9	0	-1	0	0
c9425	28	9	-1	5	-1	0	43	0	0	28	-1	33	49	0	0	-1	42	43	0	34	21	41	0	9	34	0	0	0	0	0
c9449	15	-1	0	-1	0	-1	0	0	0	0	0	-1	0	48	0	0	42	-1	-1	0	4	0	-1	0	-1	0	9	-1	2	49
c9452	43	-1	0	0	0	0	-1	46	0	0	0	0	-1	-1	0	46	42	33	0	0	0	-1	0	0	0	23	0	-1	0	0
c9456	0	-1	-1	0	28	15	-1	0	9	5	-1	0	0	5	-1	0	42	-1	-1	43	9	-1	0	0	18	0	0	0	-1	0
c9469	43	0	-1	0	28	-1	0	-1	-1	0	0	-1	0	0	-1	0	0	43	25	34	0	-1	46	9	0	0	-1	-1	5	15
c9480	-1	45	5	0	-1	50	38	0	-1	-1	0	0	0	0	-1	8	42	46	43	43	48	-1	49	0	18	0	-1	0	33	0
c9482	0	0	0	0	0	0	0	0	-1	0	0	21	0	50	0	0	-1	34	27	0	-1	43	0	0	0	-1	-1	-1	46	36
c9498	15	-1	0	-1	46	45	0	0	0	-1	0	0	0	48	0	0	42	0	27	28	0	42	-1	0	0	-1	-1	-1	0	0
c9515	20	0	8	5	28	46	0	0	0	-1	0	-1	0	0	46	0	42	0	33	0	49	-1	13	-1	18	0	0	-1	0	0
c9519	0	9	48	-1	28	18	0	0	0	0	-1	0	0	0	0	0	-1	-1	20	43	-1	-1	0	0	18	-1	0	0	0	0
c9531	-1	35	13	0	-1	-1	0	40	0	0	0	-1	49	25	0	0	42	-1	-1	0	-1	27	0	-1	36	0	34	9	0	0
c9534	0	-1	0	0	0	-1	38	0	30	0	0	0	0	0	-1	0	42	46	43	43	0	-1	49	0	18	0	0	0	33	0
c9535	0	-1	0	0	-1	50	38	0	30	0	0	0	0	0	-1	0	42	46	-1	43	0	-1	49	0	18	0	0	0	33	0
c9553	-1	13	0	0	28	0	-1	0	0	0	0	0	0	0	23	0	42	-1	20	-1	0	-1	0	0	18	0	0	25	0	0
c9568	43	18	-1	-1	0	5	-1	46	-1	-1	-1	-1	-1	0	0	-1	42	0	0	0	38	-1	0	38	-1	23	0	19	0	0
c9576	42	0	40	9	28	2	-1	0	-1	9	0	0	0	-1	0	0	42	-1	3	25	0	-1	13	0	18	-1	0	0	0	28
c9609	0	0	0	0	-1	0	-1	15	0	0	38	-1	49	-1	41	15	42	46	-1	-1	18	0	0	0	0	0	49	0	41	0
c9619	0	24	9	0	28	0	0	0	0	-1	0	0	30	0	0	0	42	0	0	0	0	-1	13	0	18	9	0	0	43	0
c9622	0	0	0	25	0	-1	27	0	0	20	-1	33	49	0	0	0	42	0	-1	0	33	0	0	0	0	-1	0	-1	40	41
c9626	42	0	40	0	28	2	25	0	0	9	19	18	0	0	36	0	42	38	0	25	36	-1	13	0	-1	-1	0	0	0	28
c9644	48	0	0	0	28	0	25	23	18	0	0	39	0	0	37	-1	42	0	-1	25	0	-1	13	0	18	-1	-1	0	33	-1
c9647	0	5	42	35	28	0	0	0	0	-1	0	-1	24	0	0	0	42	0	0	43	0	-1	-1	0	18	0	-1	0	0	0
c9652	0	20	0	-1	0	0	0	0	0	0	0	43	37	0	-1	-1	42	-1	-1	43	0	-1	0	0	18	-1	0	-1	0	-1
c9665	-1	0	0	39	-1	-1	-1	46	43	2	-1	-1	-1	0	25	0	42	0	0	0	-1	-1	0	-1	0	-1	0	-1	9	0
c9685	0	5	42	35	28	0	19	0	0	0	0	49	24	0	0	0	42	0	0	43	0	-1	-1	0	18	0	16	0	-1	0
c9690	46	-1	4	0	34	0	0	0	30	0	0	-1	0	40	5	0	42	0	0	-1	0	0	0	0	27	-1	0	-1	-1	-1
c9695	0	0	0	31	-1	-1	-1	0	0	0	0	33	-1	0	-1	0	42	-1	-1	46	24	-1	-1	0	0	-1	0	0	0	0
c9702	28	9	-1	-1	-1	0	43	0	0	28	-1	33	-1	0	0	-1	42	-1	-1	34	21	41	46	9	34	-1	0	0	0	0
c9710	42	0	-1	10	28	31	0	0	46	0	34	-1	0	19	0	-1	42	-1	0	-1	0	-1	-1	0	18	0	0	27	0	0
c9711	-1	0	-1	10	28	31	0	0	46	0	34	0	0	-1	0	0	-1	0	0	25	0	-1	-1	0	18	0	0	27	0	0
c9712	-1	0	33	28	-1	33	-1	24	0	0	-1	33	-1	-1	46	-1	-1	-1	-1	43	-1	0	46	0	0	-1	0	46	0	36
c9717	46	0	-1	-1	0	-1	0	46	-1	0	0	-1	0	0	0	4	42	-1	23	0	-1	46	-1	0	27	3	0	0	23	-1
c9720	-1	0	-1	0	48	0	0	34	34	33	-1	33	49	-1	0	0	42	-1	-1	46	42	-1	19	-1	36	0	0	0	0	0
c9721	-1	0	-1	-1	-1	0	-1	34	34	33	-1	33	49	-1	0	0	42	-1	-1	-1	42	30	19	-1	36	0	0	0	0	0
c9722	46	-1	49	0	0	0	9	0	30	0	28	0	-1	-1	0	0	42	0	-1	0	0	0	-1	0	27	5	0	0	23	-1
c9734	0	0	31	0	-1	46	0	0	0	0	0	33	49	25	0	-1	42	9	-1	-1	15	0	0	0	36	-1	0	0	0	0
c9738	15	-1	0	-1	46	43	0	-1	0	0	0	0	0	-1	46	0	42	0	27	0	0	0	0	0	0	-1	-1	-1	0	0
c9764	31	0	0	-1	28	0	0	-1	0	0	0	42	0	0	-1	0	-1	0	0	43	15	-1	0	50	18	49	0	36	33	0
c9776	28	-1	-1	5	-1	-1	43	0	0	28	0	33	49	0	-1	-1	42	43	0	34	-1	40	0	9	34	0	0	-1	0	4
c9799	0	35	-1	32	0	-1	0	40	0	0	0	-1	-1	25	0	0	42	0	-1	0	-1	27	0	0	36	0	0	9	0	19
c9800	-1	34	19	35	28	0	0	0	0	0	9	0	0	0	-1	27	42	0	-1	43	-1	-1	-1	28	18	0	-1	0	-1	43
c9813	0	-1	0	0	28	31	0	0	0	0	0	0	0	0	47	30	-1	0	0	0	-1	-1	13	-1	18	0	0	0	-1	0
c9817	0	24	0	0	28	-1	49	0	-1	0	0	-1	0	0	0	49	42	0	0	-1	0	-1	13	0	18	41	0	38	43	-1
c9828	0	0	0	35	28	0	0	-1	0	-1	0	42	-1	0	-1	-1	42	-1	-1	43	15	-1	0	50	18	49	0	0	43	0
c9835	43	0	-1	-1	28	0	0	43	-1	0	0	49	-1	46	49	0	0	43	25	34	0	-1	46	9	0	0	25	-1	-1	15
c9837	-1	0	33	0	0	33	-1	0	0	0	0	33	49	43	0	-1	-1	0	0	43	9	15	46	0	-1	-1	0	0	0	0
c9841	46	0	0	0	0	-1	-1	0	30	41	0	0	0	0	31	0	42	-1	0	-1	0	0	0	0	-1	0	0	0	23	-1
c9844	46	0	-1	0	49	0	0	46	0	-1	-1	0	-1	0	11	0	42	0	-1	0	0	-1	25	2	0	-1	0	19	0	0
c9846	15	-1	0	0	-1	0	43	9	0	-1	0	0	0	48	0	-1	-1	-1	27	46	0	0	0	-1	0	-1	15	-1	42	0
c9860	0	-1	-1	0	28	0	0	0	0	33	-1	0	0	0	0	-1	42	0	0	0	-1	-1	13	0	-1	-1	0	0	43	-1
c9861	0	-1	0	0	28	0	0	0	0	33	-1	0	0	0	0	-1	42	0	0	0	5	-1	13	-1	18	0	0	0	43	0
c9871	28	9	-1	5	-1	-1	43	0	0	28	0	33	49	0	0	-1	42	43	0	34	21	-1	49	9	34	0	0	0	0	-1
c9876	-1	-1	0	28	0	0	-1	46	-1	-1	0	0	-1	4	41	18	42	-1	0	0	-1	-1	-1	0	0	23	0	-1	-1	0
c9877	0	-1	0	28	0	0	-1	46	0	-1	0	-1	-1	0	41	18	42	-1	-1	0	38	-1	0	-1	0	-1	0	-1	33	0
c9885	-1	0	-1	0	28	0	0	0	-1	0	0	49	0	0	49	-1	0	43	25	0	0	-1	46	9	0	0	25	-1	5	15
c9901	15	46	0	0	46	0	0	0	0	0	0	0	-1	48	0	-1	42	-1	27	0	0	42	28	0	0	0	0	-1	5	0
c9914	0	35	13	-1	0	-1	0	-1	-1	-1	28	-1	49	25	0	-1	42	0	-1	0	-1	27	0	0	36	-1	0	9	0	0
c9926	43	0	40	0	0	0	-1	46	-1	2	3	-1	-1	0	-1	0	-1	-1	0	0	0	-1	0	0	0	23	-1	19	0	0
c9943	25	0	-1	-1	49	0	5	0	0	-1	0	15	0	-1	0	33	-1	-1	27	0	-1	-1	0	0	-1	0	-1	-1	0	-1
c9958	0	0	-1	35	-1	0	9	0	19	-1	36	42	0	0	27	0	42	0	0	43	15	-1	0	-1	-1	49	0	0	-1	0
c9967	0	0	0	34	-1	0	0	-1	0	-1	25	0	-1	-1	0	1	42	30	-1	0	0	-1	0	0	31	23	0	-1	0	46
c9978	43	-1	29	0	0	0	-1	-1	0	0	0	9	-1	-1	0	0	42	24	0	0	0	-1	0	0	2	23	0	19	0	0
c9980	0	0	5	35	28	0	0	0	-1	-1	36	42	-1	0	27	0	-1	-1	-1	43	15	-1	0	50	18	49	0	0	0	-1
c9983	0	5	42	35	28	0	0	-1	0	0	-1	-1	24	0	0	0	42	0	-1	43	0	-1	0	-1	18	-1	16	0	0	0
c10005	28	9	-1	5	-1	0	-1	0	0	28	0	33	49	49	0	-1	42	43	21	34	-1	41	0	9	34	0	-1	0	0	0
c10012	0	41	-1	-1	-1	36	-1	0	50	0	0	33	49	0	0	0	42	-1	25	43	0	-1	-1	0	9	-1	0	0	26	0
c10019	15	0	0	0	28	46	0	-1	0	-1	-1	39	-1	0	0	0	-1	0	33	2	49	-1	13	43	18	0	34	-1	38	2
c10027	-1	0	0	33	28	-1	-1	-1	43	-1	0	0	43	0	-1	0	42	6	18	25	-1	-1	13	-1	18	-1	0	-1	0	0
c10040	15	46	0	0	-1	43	0	-1	-1	43	0	9	-1	-1	-1	0	42	-1	27	0	0	0	-1	0	-1	-1	-1	-1	0	0
c10045	-1	24	0	0	28	-1	49	0	0	46	0	-1	-1	-1	0	27	-1	49	-1	-1	-1	-1	13	0	18	21	0	0	43	23
c10046	-1	0	0	0	-1	-1	0	0	-1	0	25	0	37	0	34	42	42	-1	29	43	0	-1	0	0	18	0	0	0	-1	0
c10088	46	0	-1	0	49	-1	0	46	25	5	31	25	-1	0	27	-1	42	15	0	0	0	-1	43	12	27	23	34	19	0	0
c10089	46	0	-1	0	49	0	0	46	25	5	31	25	-1	0	27	-1	42	15	0	-1	0	-1	43	12	27	23	34	19	0	0
c10113	0	0	0	-1	28	0	0	0	0	-1	-1	14	0	-1	0	-1	-1	0	-1	43	0	-1	-1	34	-1	0	0	0	0	0
c10119	15	0	-1	15	0	0	-1	0	-1	13	0	0	42	-1	0	0	0	0	0	0	0	-1	-1	0	0	12	0	0	0	-1
c10130	20	33	17	27	48	0	0	0	0	9	11	33	49	25	30	0	-1	43	-1	0	0	-1	-1	-1	36	41	0	-1	5	0
c10131	-1	-1	17	27	48	0	-1	0	0	9	11	33	49	25	30	-1	-1	43	-1	0	0	0	-1	0	36	41	0	13	5	0
c10132	0	0	-1	0	0	-1	9	0	-1	9	13	0	42	-1	-1	5	-1	0	0	0	0	-1	46	0	0	0	0	-1	50	0
c10142	43	0	-1	0	0	-1	-1	-1	43	2	0	-1	-1	-1	0	0	42	41	0	0	0	-1	0	-1	-1	23	0	-1	9	0
c10143	43	0	0	0	0	0	-1	46	-1	2	-1	-1	-1	0	-1	0	42	41	0	0	0	-1	0	42	0	23	0	19	9	-1
c10149	0	5	42	35	28	0	0	0	0	0	0	49	24	0	-1	0	42	0	0	43	-1	-1	0	0	-1	0	16	48	0	-1
c10152	-1	0	0	33	28	-1	25	0	0	0	25	0	46	0	-1	0	42	-1	18	-1	0	-1	13	9	18	0	0	43	0	0
c10167	28	0	-1	-1	-1	0	0	34	25	28	0	33	49	-1	0	-1	42	43	0	34	-1	42	32	9	34	0	0	43	9	0
c10168	0	-1	0	0	28	-1	0	0	-1	-1	0	0	0	-1	0	0	42	-1	33	-1	49	-1	13	0	18	-1	34	46	0	2
c10185	15	0	0	13	0	19	0	0	0	0	0	0	0	48	0	0	42	5	27	0	-1	-1	-1	9	9	-1	0	-1	-1	-1
c10206	-1	-1	-1	0	0	50	38	0	0	0	33	0	0	0	-1	0	42	46	43	-1	0	-1	-1	0	18	0	-1	0	-1	-1
c10228	5	-1	0	-1	0	50	-1	10	0	0	0	0	33	0	0	25	-1	-1	43	-1	0	-1	49	-1	18	0	-1	0	33	-1
c10234	-1	34	0	-1	28	-1	-1	0	18	0	0	0	0	0	11	-1	42	0	0	43	0	-1	0	-1	18	0	0	0	41	0
c10235	-1	34	0	-1	-1	-1	0	0	18	0	0	0	0	0	11	-1	-1	0	0	-1	0	-1	0	-1	-1	0	0	0	41	0
c10237	3	-1	0	0	48	0	0	0	-1	-1	0	33	49	25	0	0	42	0	-1	9	4	46	0	5	36	0	-1	0	0	0
c10238	42	0	0	10	28	9	18	0	0	0	-1	0	0	19	-1	0	42	27	0	-1	0	-1	-1	0	-1	0	0	-1	0	0
c10240	0	-1	0	0	0	-1	46	0	9	0	46	0	-1	3	-1	-1	-1	0	27	0	9	0	46	0	0	-1	0	-1	0	-1
c10241	0	41	-1	0	0	-1	46	-1	9	0	46	-1	0	3	9	0	-1	-1	27	0	9	0	-1	0	0	32	0	-1	0	-1
c10242	42	0	-1	-1	28	0	0	0	0	0	50	46	0	19	-1	0	42	0	0	25	0	-1	-1	0	18	13	0	0	-1	0
c10247	-1	0	0	0	-1	0	0	9	0	0	0	0	0	48	-1	0	42	0	27	-1	0	-1	0	-1	0	0	-1	-1	46	0
c10252	0	27	0	0	28	-1	25	0	-1	0	0	39	15	0	37	0	42	0	-1	25	0	-1	13	-1	18	0	-1	0	33	0
c10280	46	0	-1	0	-1	-1	0	0	-1	48	5	0	0	-1	0	0	42	14	0	0	-1	46	0	0	27	0	0	0	23	-1
c10297	-1	-1	48	0	28	-1	0	0	-1	0	0	0	0	-1	49	0	42	0	20	-1	-1	-1	29	23	18	0	0	0	33	-1
c10298	-1	0	40	0	-1	2	25	0	0	9	0	0	0	0	0	0	42	-1	0	25	-1	-1	13	-1	18	-1	28	-1	0	28
c10300	15	0	0	0	0	0	43	0	0	0	0	0	-1	48	0	0	42	0	27	0	0	0	0	0	0	0	0	-1	0	-1
c10301	-1	0	0	0	0	0	43	0	0	0	0	0	-1	-1	0	0	42	0	27	0	0	0	0	0	0	0	0	-1	0	-1
c10304	46	46	-1	0	34	0	0	0	30	0	0	0	0	40	5	0	-1	0	0	-1	0	0	-1	-1	27	-1	0	0	-1	-1
c10310	0	0	-1	0	48	-1	-1	0	0	0	-1	33	49	25	13	0	42	9	-1	-1	-1	0	0	0	36	0	0	4	0	0
c10320	-1	0	-1	15	0	0	-1	0	-1	0	0	-1	-1	-1	0	0	0	0	-1	9	0	-1	46	0	-1	-1	0	0	0	0
c10335	9	0	0	0	0	0	-1	0	34	0	27	42	0	-1	27	20	-1	0	0	43	49	-1	0	0	18	0	0	-1	-1	0
c10365	0	34	19	-1	-1	43	0	0	0	-1	-1	0	0	0	0	0	-1	0	0	-1	0	-1	-1	28	18	0	0	0	41	-1
c10367	-1	23	0	-1	-1	0	0	0	0	15	0	-1	0	0	0	0	42	0	0	43	-1	-1	0	0	-1	-1	0	0	19	0
c10373	-1	0	0	0	-1	0	0	-1	0	48	0	-1	0	0	25	0	42	0	-1	43	33	-1	-1	27	18	0	0	0	30	-1
c10375	0	0	0	35	28	-1	0	0	19	0	36	-1	0	0	27	0	-1	0	0	43	15	-1	0	50	18	49	0	0	0	15
c10376	-1	0	0	-1	0	42	0	-1	0	0	0	0	0	-1	18	0	42	46	0	43	0	-1	43	0	-1	0	-1	0	-1	-1
c10379	0	0	-1	0	0	0	27	-1	36	14	0	0	37	-1	0	0	42	28	19	43	49	-1	0	0	18	0	0	-1	0	0
c10387	0	0	0	5	0	27	0	17	0	0	-1	33	49	43	0	0	-1	19	0	-1	-1	5	-1	-1	0	0	0	0	0	0
c10391	0	2	0	0	48	0	0	0	0	0	0	33	49	25	0	0	42	0	-1	0	-1	0	30	0	36	0	-1	-1	-1	-1
c10394	33	24	0	0	28	-1	49	0	0	-1	-1	0	0	-1	-1	0	-1	-1	-1	0	-1	-1	-1	-1	18	0	0	46	43	0
c10402	-1	0	3	0	28	-1	0	9	46	0	0	48	38	0	0	-1	42	0	0	25	21	-1	13	34	18	4	25	0	-1	0
c10405	0	-1	0	-1	28	0	0	-1	9	0	9	0	0	-1	0	-1	42	0	20	-1	25	-1	-1	0	18	0	13	-1	0	0
c10406	0	9	0	0	28	46	-1	-1	-1	0	0	-1	0	0	-1	-1	42	-1	33	0	49	-1	13	-1	-1	0	0	-1	50	0
c10408	-1	-1	0	46	43	0	-1	0	15	0	0	0	0	48	0	-1	42	0	27	0	0	0	0	-1	0	-1	0	-1	0	0
c10413	0	0	0	-1	-1	0	25	23	18	0	0	39	0	49	37	0	42	19	-1	25	0	-1	13	18	18	-1	0	0	33	0
c10416	25	0	-1	-1	0	41	-1	0	0	-1	0	0	0	0	-1	-1	42	25	27	0	0	-1	0	-1	-1	34	0	-1	0	0
c10422	15	0	0	0	-1	0	43	9	25	-1	0	0	-1	48	0	0	42	0	27	0	0	0	0	-1	0	34	15	-1	-1	0
c10424	-1	13	0	0	28	-1	0	0	0	5	0	0	0	0	0	0	42	0	20	43	0	-1	0	0	18	0	-1	0	0	46
c10430	-1	18	-1	-1	-1	0	-1	46	0	-1	-1	-1	-1	0	-1	-1	42	0	0	-1	38	-1	-1	0	0	23	44	19	0	-1
c10452	0	23	-1	0	28	0	0	42	0	15	0	-1	0	0	0	-1	42	-1	43	43	-1	-1	0	15	18	0	0	25	19	0
c10456	0	-1	-1	0	0	0	-1	-1	0	-1	0	-1	37	43	0	-1	42	-1	19	43	49	-1	0	0	18	0	0	-1	0	0
c10460	-1	0	-1	43	0	0	-1	0	5	-1	0	0	49	0	-1	0	-1	46	0	43	-1	-1	0	0	18	5	-1	0	0	-1
c10468	28	-1	-1	-1	-1	0	43	0	0	28	0	33	-1	0	-1	-1	42	43	23	34	21	0	0	-1	34	0	0	-1	0	4
c10471	-1	0	0	0	0	0	0	-1	30	0	0	0	46	40	0	0	42	0	0	0	42	0	-1	0	27	-1	-1	0	23	-1
c10475	0	0	0	0	28	14	0	-1	0	-1	0	25	0	0	0	0	42	0	50	-1	0	-1	0	0	18	43	0	-1	-1	0
c10480	-1	-1	0	-1	0	0	0	0	15	0	0	0	18	48	0	-1	42	0	-1	0	0	0	0	19	43	46	0	-1	25	0
c10481	0	-1	0	-1	0	0	0	0	15	0	0	0	18	48	0	-1	42	0	27	0	0	0	-1	19	-1	46	0	-1	-1	0
c10486	0	-1	0	0	-1	-1	-1	0	0	0	38	33	49	0	0	0	-1	-1	0	43	0	-1	0	0	0	0	49	0	-1	0
c10488	43	-1	40	0	-1	0	-1	-1	-1	2	3	0	-1	-1	18	0	42	-1	0	0	0	-1	0	-1	0	23	2	19	0	0
c10500	-1	48	0	0	28	0	25	23	18	0	0	39	0	49	37	-1	42	0	-1	25	0	-1	-1	0	18	42	0	0	33	0
c10511	9	33	0	-1	0	-1	46	0	-1	0	46	0	0	0	9	-1	42	-1	27	0	-1	0	46	-1	0	32	0	-1	0	0
c10517	46	0	0	0	-1	0	-1	-1	-1	42	0	0	0	40	0	-1	-1	0	27	46	0	0	27	5	27	0	43	0	23	-1
c10530	0	0	41	-1	0	0	0	28	-1	0	0	0	0	0	0	-1	42	46	0	43	-1	-1	0	5	18	-1	0	9	0	-1
c10531	0	0	41	0	0	0	0	28	0	0	-1	0	0	0	0	30	42	46	-1	-1	-1	-1	0	5	18	0	0	9	0	-1
c10563	-1	0	3	0	28	-1	0	0	46	0	0	48	38	0	0	0	-1	0	0	25	21	-1	13	34	18	4	25	0	0	0
c10564	-1	42	-1	25	-1	0	25	0	18	0	0	39	-1	4	37	0	42	0	0	25	0	-1	13	-1	18	46	49	0	33	0
c10568	28	0	0	0	-1	25	0	43	39	0	0	33	49	-1	0	30	-1	0	30	-1	-1	0	-1	0	34	28	46	0	-1	0
c10574	0	0	0	46	28	-1	25	0	19	-1	0	0	0	-1	-1	3	42	0	33	0	-1	-1	-1	34	18	0	0	0	0	0
c10581	-1	-1	0	-1	49	0	0	46	0	43	5	27	-1	0	0	24	-1	33	0	0	33	-1	-1	0	-1	23	36	19	34	0
c10592	-1	45	-1	-1	-1	-1	38	0	0	0	0	-1	0	0	-1	8	42	46	43	43	48	-1	49	0	18	0	0	0	33	0
c10593	-1	45	5	0	0	-1	38	0	0	-1	-1	0	0	0	-1	8	42	46	43	43	48	-1	49	0	18	-1	0	0	33	0
c10605	0	0	0	33	28	0	-1	-1	0	0	-1	0	0	0	0	0	42	0	18	25	-1	-1	13	-1	18	0	33	0	46	0
c10609	-1	25	0	35	28	-1	-1	9	-1	11	0	0	0	0	0	0	-1	-1	0	43	0	-1	-1	34	18	0	0	0	0	0
c10615	0	-1	0	0	-1	0	-1	9	-1	46	0	33	-1	0	41	0	42	46	-1	43	0	0	0	0	0	0	49	0	-1	0
c10616	15	46	5	0	46	0	0	0	-1	0	0	0	7	48	0	0	42	-1	-1	20	0	42	28	0	0	2	0	-1	5	0
c10619	0	-1	0	0	-1	0	0	0	0	0	-1	27	41	0	0	-1	42	0	44	0	-1	-1	13	0	18	24	0	-1	43	0
c10638	0	0	0	0	30	0	-1	21	0	19	0	0	37	0	-1	43	42	-1	46	43	46	-1	0	-1	-1	24	0	0	0	0
c10641	25	0	0	19	-1	-1	0	0	-1	0	15	33	-1	-1	0	-1	-1	9	17	0	-1	18	-1	0	-1	0	0	-1	0	5
c10651	0	-1	0	0	-1	0	0	0	0	15	0	34	41	0	0	30	-1	0	44	0	46	-1	13	-1	18	-1	0	0	43	0
c10681	46	0	-1	0	0	50	28	0	30	42	0	0	0	40	0	0	42	0	27	46	-1	-1	27	5	-1	-1	-1	0	23	-1
c10687	-1	0	0	-1	-1	2	0	0	30	-1	25	0	0	41	25	41	42	0	0	43	0	-1	0	-1	27	0	-1	-1	23	-1
c10691	28	0	-1	44	-1	-1	0	34	25	-1	-1	33	49	0	0	50	-1	43	0	34	-1	0	-1	9	34	0	0	43	0	0
c10698	0	-1	41	0	-1	0	0	28	0	0	0	0	0	0	0	0	-1	46	0	43	43	-1	0	5	-1	0	0	-1	0	-1
c10703	43	18	-1	28	0	-1	-1	46	-1	-1	-1	-1	-1	-1	0	0	-1	0	0	0	38	-1	-1	-1	0	23	0	19	0	0
c10713	0	24	-1	0	28	-1	49	0	0	0	48	25	0	0	0	27	-1	0	0	-1	0	-1	13	0	18	0	-1	0	43	37
c10719	46	-1	0	0	0	-1	-1	0	30	0	28	0	15	19	11	0	42	0	0	0	0	0	0	0	-1	0	-1	-1	23	-1
c10727	28	9	-1	5	-1	0	43	0	-1	-1	0	33	-1	0	0	-1	-1	43	46	34	21	41	-1	9	34	-1	0	0	0	-1
c10728	48	0	0	0	-1	0	25	-1	18	0	5	39	0	0	37	0	-1	0	-1	25	0	-1	-1	0	18	19	-1	0	33	0
c10730	15	0	-1	-1	0	0	-1	0	-1	0	0	34	42	-1	0	0	35	0	0	0	0	-1	46	0	0	0	0	34	0	-1
c10746	-1	0	46	-1	0	0	-1	-1	4	0	-1	27	37	43	0	0	42	0	-1	43	-1	-1	46	42	-1	-1	0	0	0	49
c10749	-1	-1	-1	13	0	0	-1	-1	-1	-1	-1	-1	50	0	33	-1	42	25	-1	0	0	0	-1	2	0	0	0	-1	-1	0
c10774	46	0	0	-1	33	0	0	0	30	48	0	5	-1	0	5	0	42	14	0	0	0	46	-1	0	27	0	0	0	23	-1
c10777	-1	-1	-1	46	-1	27	43	0	0	-1	15	-1	49	0	0	-1	42	43	0	34	21	0	0	9	34	0	-1	43	0	40
c10787	0	0	0	-1	0	-1	24	0	15	0	0	33	49	-1	-1	0	42	0	-1	46	0	0	0	-1	0	-1	-1	0	-1	46
c10789	42	15	40	0	28	2	-1	0	-1	9	0	0	0	0	0	0	42	0	0	25	43	-1	13	0	18	-1	28	0	-1	-1
c10796	42	0	40	28	28	-1	-1	-1	-1	9	-1	0	0	0	-1	0	-1	-1	34	25	0	-1	13	0	18	-1	49	0	0	-1
c10802	46	0	0	0	33	-1	-1	0	-1	48	5	0	0	0	0	0	-1	14	0	0	0	46	0	0	27	0	-1	-1	23	-1
c10811	0	27	-1	-1	0	33	0	-1	-1	0	-1	0	42	42	0	0	46	4	5	46	0	-1	46	0	0	9	0	0	0	-1
c10828	0	0	23	0	48	0	0	0	0	9	-1	33	49	25	0	-1	42	0	-1	0	0	0	0	0	36	0	0	0	0	0
c10831	0	9	0	0	28	0	0	-1	-1	0	0	0	-1	9	4	-1	42	-1	20	-1	0	-1	0	9	18	0	0	0	0	-1
c10834	0	-1	-1	0	0	50	38	0	0	0	0	0	0	43	-1	0	42	-1	43	-1	0	-1	-1	0	18	0	43	0	-1	-1
c10837	31	-1	0	-1	28	-1	25	0	0	0	0	0	-1	0	0	0	42	0	33	0	49	-1	13	0	18	0	-1	-1	50	0
c10839	-1	13	0	0	-1	0	0	0	0	0	0	0	0	-1	0	0	-1	0	20	43	-1	-1	0	0	-1	0	0	0	-1	0
c10846	15	0	0	0	0	0	0	0	0	0	0	2	0	48	0	0	42	-1	27	0	0	9	-1	0	5	-1	-1	-1	0	0
c10863	46	0	4	0	0	0	0	-1	30	29	-1	0	0	-1	5	0	42	0	0	0	-1	-1	0	-1	27	0	0	0	23	-1
c10866	0	-1	0	-1	-1	0	-1	0	15	-1	-1	0	18	48	0	-1	42	-1	27	0	0	0	0	-1	43	46	0	-1	-1	0
c10869	0	0	0	0	9	-1	0	-1	0	0	0	0	0	0	18	-1	-1	46	0	43	39	-1	0	0	18	33	-1	0	0	-1
c10872	-1	-1	-1	-1	-1	0	0	0	-1	0	0	-1	-1	0	0	-1	42	-1	44	0	0	-1	13	0	18	0	0	0	43	0
c10873	-1	-1	0	0	-1	0	0	0	25	0	0	0	0	0	0	30	-1	-1	44	0	0	-1	13	-1	-1	0	0	0	43	-1
c10876	33	18	5	28	0	0	-1	-1	0	-1	0	12	-1	0	41	-1	-1	0	40	0	38	-1	-1	-1	0	23	-1	19	0	0
c10893	15	46	0	25	46	43	0	-1	-1	0	0	9	0	-1	0	0	42	0	27	-1	-1	0	0	0	0	-1	-1	-1	0	0
c10899	0	0	0	0	0	-1	-1	0	-1	0	46	0	0	0	-1	0	42	-1	27	0	-1	0	-1	0	0	32	0	-1	-1	0
c10900	20	33	17	27	-1	0	-1	0	0	-1	-1	33	-1	25	30	0	-1	43	-1	0	0	0	0	-1	36	41	0	13	5	0
c10907	0	-1	-1	0	0	-1	0	-1	-1	33	46	0	0	13	25	0	-1	46	0	-1	0	-1	-1	0	0	-1	-1	9	0	0
c10909	0	0	0	0	0	0	-1	0	0	0	0	-1	49	-1	-1	11	42	0	42	43	18	-1	0	-1	27	-1	0	0	0	42
c10933	0	-1	-1	-1	28	0	0	0	0	-1	0	0	0	0	0	30	42	0	-1	25	0	-1	13	0	18	0	0	0	-1	0
c10944	46	0	-1	0	49	0	0	-1	0	-1	-1	0	-1	0	-1	4	-1	0	13	0	0	-1	25	4	0	-1	0	19	46	0
c10945	46	0	-1	0	49	-1	0	46	0	0	31	-1	-1	0	0	4	42	0	-1	0	0	-1	-1	-1	0	-1	0	19	46	0
c10951	42	0	40	0	28	2	25	0	21	9	0	0	-1	0	0	46	42	-1	-1	25	-1	-1	13	0	18	-1	0	-1	0	28
c10970	43	41	-1	0	28	0	0	-1	-1	0	34	49	-1	0	49	0	0	-1	25	0	0	-1	46	-1	0	0	25	-1	5	15
c10972	5	-1	0	0	0	50	0	10	0	0	-1	33	31	0	0	25	42	-1	43	43	0	-1	49	0	18	0	0	0	33	-1
c10974	-1	0	-1	43	0	-1	-1	0	0	42	0	0	0	48	34	31	42	-1	-1	27	-1	-1	0	0	-1	29	28	-1	0	31
c10985	0	0	33	0	0	33	0	0	0	-1	0	-1	49	43	0	-1	-1	0	0	43	9	-1	46	12	-1	0	0	0	0	0
c10988	42	0	-1	0	28	2	25	0	21	9	0	0	0	0	-1	46	42	-1	3	25	0	-1	13	0	-1	-1	-1	-1	0	28
c10996	0	9	0	0	28	46	25	0	0	-1	-1	0	0	0	-1	0	42	0	33	42	49	-1	-1	-1	18	0	0	0	-1	9
c10997	0	9	0	-1	-1	46	25	0	0	-1	-1	0	0	-1	0	0	-1	0	33	42	49	-1	13	0	18	0	0	0	50	9
c10999	46	0	-1	0	33	0	0	0	30	48	-1	0	0	0	0	0	-1	-1	0	0	0	46	0	0	27	0	0	0	23	-1
c11002	0	28	46	0	0	0	-1	0	4	-1	-1	27	37	43	0	-1	42	0	-1	-1	42	-1	0	42	18	-1	0	-1	33	0
c11022	46	-1	0	0	0	-1	0	-1	30	0	28	0	-1	19	-1	-1	-1	0	0	0	0	0	0	0	27	0	-1	46	23	-1
c11032	0	-1	0	0	27	0	0	46	-1	0	0	-1	-1	0	-1	0	42	0	-1	-1	0	-1	0	34	-1	23	0	19	0	0
c11045	-1	0	-1	0	9	0	0	0	35	0	43	-1	49	0	0	-1	42	46	-1	46	0	5	5	5	0	0	34	49	0	0
c11048	33	-1	9	0	-1	-1	49	0	0	0	0	-1	0	-1	0	46	-1	0	-1	0	0	-1	13	-1	-1	0	0	0	43	0
c11059	5	-1	0	0	-1	50	-1	10	-1	-1	41	46	33	33	43	25	42	46	43	43	0	-1	49	0	18	0	0	-1	33	0
c11060	15	-1	-1	15	0	-1	-1	0	-1	0	0	0	42	27	-1	0	-1	0	-1	-1	0	-1	-1	-1	0	12	0	-1	-1	0
c11063	0	0	0	0	-1	0	0	0	0	0	27	42	0	0	27	20	-1	0	0	43	0	-1	0	9	18	34	0	0	-1	0
c11078	5	42	0	0	12	50	-1	10	0	0	41	46	-1	33	43	25	-1	46	43	43	0	-1	49	0	18	0	0	-1	33	0
c11079	5	42	0	0	12	50	0	10	0	0	41	-1	-1	33	43	25	42	46	43	43	0	-1	49	0	18	0	-1	0	-1	0
c11086	46	0	0	0	0	2	0	0	30	-1	25	0	25	-1	0	0	42	0	0	0	9	-1	0	0	27	0	0	0	23	-1
c11105	28	0	0	-1	0	0	0	0	-1	0	43	33	49	-1	0	48	42	9	30	0	34	25	0	4	-1	28	0	0	0	0
c11114	15	46	0	0	46	0	0	0	-1	-1	0	19	0	48	0	0	-1	0	-1	0	0	42	0	0	0	4	0	-1	0	46
c11123	-1	-1	28	-1	-1	-1	-1	46	27	0	18	-1	-1	0	0	0	42	0	-1	18	33	0	-1	0	0	0	-1	0	-1	-1
c11127	15	0	0	-1	0	0	0	0	0	-1	-1	0	-1	-1	0	0	42	0	-1	0	0	-1	0	0	0	14	0	-1	3	0
c11128	0	-1	-1	0	0	0	27	-1	0	0	0	0	37	43	-1	-1	42	28	19	43	49	-1	0	0	18	0	0	0	-1	0
c11129	0	46	-1	-1	0	0	27	-1	0	0	0	0	37	43	0	0	42	28	19	43	-1	-1	-1	0	18	0	0	0	0	-1
c11140	0	0	0	0	0	0	0	0	0	-1	0	-1	-1	0	18	0	42	46	38	43	0	-1	0	0	18	0	-1	0	0	-1
c11152	0	48	0	-1	28	0	25	23	18	0	0	-1	-1	49	37	-1	42	0	0	25	0	-1	-1	0	18	0	0	14	-1	0
c11164	15	5	-1	-1	0	0	-1	0	-1	0	0	0	42	27	-1	0	0	0	-1	0	0	-1	46	42	0	12	0	0	0	0
c11171	0	0	31	0	48	46	0	0	0	0	0	33	-1	25	0	-1	42	9	-1	-1	15	0	0	0	-1	48	0	0	0	0
c11178	25	0	-1	0	0	-1	0	0	0	-1	0	0	0	0	33	26	-1	25	27	0	0	0	43	34	-1	0	0	-1	0	0
c11182	0	0	-1	0	-1	4	0	0	-1	9	0	0	0	43	0	-1	0	46	-1	9	3	-1	46	0	46	43	-1	15	0	23
c11195	46	-1	-1	0	-1	0	0	46	-1	0	31	0	-1	0	11	-1	42	0	-1	0	46	-1	25	0	-1	23	0	19	0	-1
c11207	12	-1	0	-1	28	0	0	0	-1	0	0	0	30	0	0	-1	42	0	0	0	3	-1	13	0	18	-1	0	0	43	5
c11219	28	9	-1	5	-1	-1	43	-1	-1	28	46	-1	49	0	0	-1	42	43	46	34	21	41	-1	9	34	0	-1	0	-1	0
c11233	-1	0	-1	0	-1	-1	0	0	-1	-1	-1	-1	0	0	33	26	-1	25	27	0	0	0	43	34	-1	0	0	-1	0	-1
c11239	49	0	48	-1	28	0	0	-1	-1	-1	0	0	0	-1	-1	0	42	-1	20	43	0	-1	29	0	18	-1	0	0	33	41
c11255	-1	0	-1	-1	0	0	0	0	-1	0	0	-1	0	31	-1	0	0	-1	-1	0	0	-1	46	27	18	0	25	0	0	43
c11268	42	0	40	28	28	-1	25	0	0	9	-1	0	0	0	-1	50	-1	3	46	-1	0	-1	-1	0	-1	-1	49	-1	-1	28
c11277	15	0	0	0	0	0	-1	9	0	0	0	0	0	48	43	0	42	-1	27	0	-1	-1	0	-1	0	0	0	-1	0	0
c11280	0	0	23	46	27	0	0	5	-1	0	-1	0	-1	-1	18	0	42	46	-1	43	46	-1	27	43	18	0	0	-1	0	-1
c11281	0	0	23	46	-1	-1	-1	5	-1	0	0	0	14	25	18	0	42	46	0	43	46	-1	-1	43	18	-1	0	49	0	-1
c11282	0	0	-1	0	28	46	-1	0	0	0	43	0	-1	0	0	18	42	-1	20	43	2	-1	0	0	18	0	0	0	0	0
c11292	15	-1	0	-1	46	43	36	-1	0	0	0	0	0	-1	0	0	42	0	-1	0	0	0	0	-1	0	-1	0	-1	25	0
c11322	-1	0	0	3	28	-1	-1	0	0	0	0	0	0	0	0	46	-1	0	20	43	0	-1	4	46	-1	0	49	0	0	0
c11325	0	-1	-1	0	28	46	25	0	0	0	0	0	36	0	46	27	42	0	33	0	49	-1	13	-1	18	0	41	-1	50	0
c11334	20	0	0	27	48	-1	-1	-1	0	9	0	33	49	-1	30	0	-1	43	-1	48	0	0	0	0	36	41	0	0	0	0
c11339	-1	13	33	0	-1	0	0	0	9	-1	0	-1	-1	0	0	0	42	0	20	43	0	-1	0	-1	18	0	-1	0	-1	46
c11343	28	-1	-1	-1	-1	0	-1	0	0	-1	0	33	49	0	0	-1	42	43	46	34	21	-1	34	-1	34	0	0	0	0	0
c11358	0	0	-1	6	15	-1	-1	-1	34	20	-1	33	-1	0	0	0	42	-1	-1	0	-1	0	0	0	0	0	0	42	40	0
c11363	20	-1	0	27	48	-1	0	-1	49	-1	0	33	49	25	30	5	-1	43	-1	0	0	0	0	-1	-1	41	0	-1	0	0
