	0	1	2	3	4	5	6	7	8	9	10	11	12	13	14	15	16	17	18	19	20	21	22	23	24	25	26	27	28	29
c795	11	-1	0	29	-1	0	45	-1	-1	-1	0	-1	25	0	0	0	0	0	-1	-1	0	35	0	0	0	0	27	0	-1	14
c836	0	0	0	29	-1	0	-1	-1	-1	0	0	-1	-1	-1	29	-1	0	0	0	0	0	-1	0	0	12	-1	14	0	14	0
c921	-1	-1	0	29	-1	0	45	19	0	9	-1	-1	0	-1	0	-1	-1	0	0	0	0	0	46	0	-1	0	0	0	0	-1
c1021	28	8	0	29	-1	46	-1	0	0	0	0	-1	0	-1	-1	0	0	-1	0	45	0	0	-1	12	0	46	0	19	0	0
c1489	0	0	16	29	-1	46	0	0	0	0	0	-1	0	30	46	19	0	30	0	0	0	0	0	37	0	0	-1	-1	0	0
c1653	-1	0	0	29	-1	0	23	0	17	0	-1	-1	0	-1	0	-1	0	0	29	0	-1	0	0	0	0	0	0	38	0	0
c1890	0	0	0	29	-1	0	0	0	0	0	0	-1	0	0	0	0	0	14	45	-1	12	46	14	0	48	0	0	-1	0	17
c1919	45	0	46	29	-1	0	1	-1	0	-1	0	-1	0	0	0	-1	0	0	27	-1	17	0	0	0	0	-1	0	31	0	0
c2023	0	0	15	29	-1	0	0	27	5	0	0	-1	0	-1	-1	23	-1	34	0	0	0	45	0	0	0	-1	21	30	27	0
c2216	0	0	-1	29	-1	0	0	0	-1	0	8	-1	1	0	0	20	16	0	0	-1	-1	12	-1	0	0	0	-1	-1	0	-1
c2325	0	18	0	29	-1	-1	-1	-1	0	-1	-1	-1	0	0	0	0	0	-1	0	-1	0	0	-1	0	0	0	0	30	0	37
c2327	31	0	0	29	-1	0	0	0	0	-1	-1	-1	0	30	46	-1	24	0	0	32	0	0	0	0	0	-1	-1	0	10	0
c2470	0	27	0	29	-1	-1	0	-1	0	46	-1	-1	11	0	-1	0	0	0	0	-1	-1	0	0	-1	0	0	0	0	-1	0
c2597	0	0	46	-1	-1	0	0	0	-1	-1	-1	-1	0	-1	0	0	0	-1	46	37	-1	0	0	6	-1	0	0	48	-1	25
c2667	46	12	0	29	-1	12	-1	0	0	0	0	-1	-1	30	44	46	0	-1	0	14	0	0	0	0	44	-1	0	0	0	-1
c2670	0	-1	-1	29	-1	0	0	0	0	41	46	-1	0	-1	0	0	37	8	0	-1	0	0	42	17	29	-1	-1	0	0	16
c2709	0	0	0	29	-1	0	0	0	-1	-1	0	-1	-1	0	0	0	0	45	0	-1	-1	16	0	-1	0	20	14	0	-1	-1
c2745	-1	0	0	29	-1	0	-1	0	0	0	-1	-1	0	0	-1	29	29	-1	0	-1	0	0	-1	-1	-1	0	-1	0	0	0
c2761	0	0	0	29	-1	0	0	0	6	-1	0	-1	34	0	0	0	0	-1	0	0	0	16	-1	-1	0	20	44	0	0	-1
c2937	0	0	-1	29	-1	-1	0	1	0	39	42	-1	0	-1	0	29	-1	0	46	0	-1	0	0	30	0	16	0	0	0	25
c2962	-1	18	-1	29	-1	0	0	29	0	9	-1	-1	0	0	0	50	0	45	42	0	-1	17	0	0	29	0	0	-1	0	6
c3072	-1	0	27	29	-1	0	31	0	0	0	0	-1	-1	0	-1	20	0	0	-1	-1	32	0	41	0	0	6	0	11	0	0
c3073	0	0	0	29	-1	0	0	0	0	0	0	-1	-1	0	0	20	-1	-1	12	-1	32	0	-1	0	0	6	0	-1	0	0
c3104	46	0	-1	29	-1	-1	0	-1	-1	0	0	-1	0	30	0	-1	0	0	-1	-1	0	-1	0	0	0	0	0	0	-1	0
c3112	15	-1	0	29	-1	0	0	0	-1	-1	0	-1	0	12	0	29	29	0	0	-1	0	0	0	6	-1	0	0	0	0	12
c3223	0	0	0	29	-1	46	46	0	0	-1	0	-1	6	30	46	0	0	-1	0	46	0	0	0	-1	0	0	16	0	0	0
c3371	50	-1	46	29	-1	0	0	1	0	39	-1	-1	-1	0	-1	39	0	42	46	0	-1	0	46	30	0	0	19	-1	0	25
c3412	-1	-1	0	29	-1	0	0	37	0	0	-1	-1	0	30	0	0	0	0	0	-1	0	0	0	0	45	0	0	39	43	0
c3499	0	0	0	29	-1	21	0	-1	0	0	-1	-1	0	0	46	0	0	0	-1	-1	0	35	-1	0	-1	0	10	0	31	0
c3503	0	-1	0	29	-1	0	0	-1	0	41	46	-1	0	5	0	-1	-1	8	46	-1	0	0	0	-1	0	0	0	0	0	16
c3520	0	-1	0	29	-1	-1	0	13	0	46	0	-1	0	0	7	-1	-1	0	0	-1	0	0	0	-1	-1	0	-1	44	0	-1
c3556	6	0	34	-1	-1	46	45	-1	0	0	-1	-1	0	0	42	16	0	9	0	46	-1	0	0	0	0	27	0	0	45	-1
c3569	0	17	0	29	-1	14	-1	0	-1	0	0	-1	-1	30	42	8	0	0	0	0	0	0	-1	-1	-1	-1	-1	0	0	0
c3634	37	0	0	29	-1	17	43	0	0	0	0	-1	0	30	0	0	0	12	42	0	-1	0	0	6	0	45	8	0	0	0
c3706	0	-1	0	29	-1	13	42	-1	0	-1	11	-1	-1	-1	0	16	0	0	0	0	0	39	0	-1	0	0	-1	29	27	0
c3838	0	-1	0	29	-1	-1	0	0	0	0	0	-1	0	30	46	0	17	24	-1	-1	15	0	0	12	0	46	0	0	0	14
c3883	0	0	0	29	-1	-1	0	0	25	0	0	-1	-1	0	42	0	24	0	42	-1	14	-1	-1	0	-1	0	0	0	0	14
c3933	0	-1	0	29	-1	0	0	8	0	0	42	-1	-1	0	19	0	45	32	-1	-1	-1	0	0	0	0	0	45	0	0	0
c3993	46	0	-1	29	-1	0	0	-1	13	0	-1	-1	-1	-1	0	0	11	-1	-1	14	0	5	0	0	0	-1	0	-1	0	31
c4015	0	0	16	-1	-1	46	0	0	-1	22	-1	-1	0	30	46	-1	33	0	0	-1	-1	0	26	0	-1	-1	0	-1	0	0
c4037	-1	0	-1	-1	-1	-1	0	27	0	0	-1	-1	0	30	0	0	-1	0	0	0	0	0	0	43	-1	-1	0	0	-1	0
c4072	19	0	46	29	-1	0	0	0	0	-1	42	-1	-1	0	0	0	0	-1	-1	-1	-1	-1	45	0	0	0	0	0	-1	25
c4090	0	0	-1	29	-1	-1	0	0	0	-1	8	-1	1	0	0	-1	37	-1	0	-1	0	-1	0	0	0	0	0	-1	0	0
c4110	0	14	0	29	-1	0	-1	-1	0	0	-1	-1	21	0	1	0	0	0	19	-1	-1	0	0	0	0	46	0	0	0	0
c4136	45	0	0	-1	-1	0	-1	-1	0	-1	0	-1	0	0	-1	0	0	46	33	-1	0	35	29	-1	14	0	0	-1	0	0
c4154	0	46	20	29	-1	12	41	27	0	0	-1	-1	0	44	0	0	18	-1	-1	0	0	0	0	0	0	12	0	0	27	0
c4217	-1	17	0	-1	-1	8	-1	-1	0	28	39	-1	0	-1	-1	0	-1	0	25	-1	-1	-1	0	35	-1	0	25	42	0	42
c4219	0	0	46	-1	-1	0	0	0	0	39	42	-1	-1	0	-1	0	0	0	46	37	-1	0	0	-1	0	0	0	48	-1	25
c4327	0	0	-1	29	-1	31	0	1	0	39	42	-1	0	0	0	0	0	0	46	0	-1	-1	0	-1	-1	0	0	0	42	25
c4356	46	0	-1	29	-1	0	0	-1	0	0	0	-1	0	-1	0	0	0	-1	0	14	-1	0	-1	34	0	0	0	0	-1	0
c4359	0	0	-1	29	-1	0	0	0	-1	-1	8	-1	1	0	0	20	0	0	-1	-1	0	0	0	-1	0	0	0	-1	-1	12
c4367	19	0	0	29	-1	46	0	0	-1	-1	0	-1	-1	0	-1	-1	0	0	0	-1	32	0	0	0	0	6	0	-1	-1	0
c4381	0	0	0	29	-1	-1	0	0	-1	46	0	-1	0	-1	-1	-1	0	0	0	-1	0	34	0	-1	0	0	0	0	-1	0
c4410	0	0	12	29	-1	0	6	17	-1	-1	0	-1	-1	0	0	17	0	0	45	0	12	0	0	0	0	0	-1	0	-1	-1
c4469	0	0	46	29	-1	0	0	1	0	39	42	-1	-1	0	-1	0	0	0	46	-1	-1	0	0	-1	0	0	0	0	42	25
c4488	8	28	15	29	-1	-1	0	27	0	-1	-1	-1	-1	-1	-1	0	0	0	-1	0	0	45	-1	15	50	0	0	-1	27	0
c4490	46	-1	0	29	-1	0	32	45	0	0	0	-1	0	-1	0	29	29	0	0	-1	-1	0	0	6	-1	0	0	0	0	0
c4511	-1	45	-1	29	-1	0	0	32	0	0	-1	-1	0	0	0	0	0	0	-1	0	12	46	0	-1	37	0	0	31	5	0
c4565	0	0	0	29	-1	0	0	39	0	0	0	-1	39	0	0	29	29	0	-1	-1	0	0	0	6	-1	0	0	0	0	0
c4575	14	-1	46	29	-1	1	0	42	0	39	42	-1	0	-1	-1	-1	16	-1	0	0	-1	0	0	0	0	17	0	18	-1	25
c4576	0	27	-1	29	-1	-1	0	0	0	0	-1	-1	0	0	0	0	0	46	0	-1	0	0	0	-1	0	-1	0	0	0	0
c4584	0	-1	0	29	-1	-1	0	0	0	0	0	-1	0	-1	23	-1	46	0	0	-1	0	0	-1	-1	0	0	39	0	45	0
c4591	0	0	0	-1	-1	8	0	-1	-1	0	-1	-1	0	0	-1	0	0	0	14	-1	37	0	0	0	32	0	0	0	19	0
c4614	0	0	0	-1	-1	0	-1	0	0	17	0	-1	-1	31	0	-1	0	-1	-1	-1	0	-1	35	0	0	0	15	-1	0	-1
c4647	0	0	-1	29	-1	-1	0	16	-1	0	0	-1	0	0	0	29	-1	0	0	-1	0	0	-1	6	-1	0	29	0	-1	0
c4671	0	0	0	29	-1	-1	23	0	-1	44	0	-1	0	-1	31	-1	0	0	0	-1	-1	0	0	10	10	-1	0	0	0	-1
c4733	0	0	-1	29	-1	0	0	0	-1	-1	8	-1	1	0	-1	20	16	0	0	-1	0	-1	0	0	0	-1	0	0	0	-1
c4746	32	0	-1	29	-1	0	0	1	0	39	42	-1	26	0	0	0	-1	0	46	0	-1	0	0	30	-1	0	0	0	-1	25
c4761	0	0	0	29	-1	0	0	0	6	0	29	-1	0	6	0	-1	0	-1	0	0	0	0	0	0	0	0	0	0	0	12
c4829	0	39	-1	29	-1	0	0	-1	0	0	0	-1	0	0	0	0	0	-1	33	-1	0	35	0	-1	0	0	10	-1	-1	48
c4855	-1	0	0	29	-1	0	-1	0	16	0	-1	-1	48	0	0	0	-1	42	0	0	0	0	15	-1	0	-1	0	0	0	12
c4908	-1	0	35	29	-1	-1	0	0	6	-1	0	-1	0	0	0	0	0	0	-1	45	0	-1	-1	-1	0	0	0	-1	6	12
c4909	-1	-1	-1	29	-1	0	0	0	6	0	0	-1	0	-1	0	0	0	0	0	45	0	0	0	32	46	-1	0	-1	6	12
c5003	0	0	0	29	-1	0	6	0	-1	-1	0	-1	0	0	0	0	0	0	-1	-1	12	0	-1	0	0	42	0	0	0	0
c5046	0	-1	0	-1	-1	0	0	-1	-1	38	38	-1	-1	17	0	-1	0	0	-1	-1	32	0	0	29	0	0	0	0	21	-1
c5072	0	0	0	29	-1	-1	0	0	-1	0	29	-1	0	30	46	0	0	-1	0	0	0	42	0	0	0	0	46	0	-1	30
c5106	0	0	15	29	-1	0	-1	27	0	0	0	-1	26	-1	0	0	-1	0	0	0	0	-1	0	-1	11	0	0	30	27	-1
c5118	0	17	8	29	-1	-1	0	0	0	0	24	-1	0	0	-1	0	0	44	0	0	0	46	32	-1	15	0	-1	-1	0	42
c5120	0	-1	0	29	-1	0	0	-1	48	-1	-1	-1	-1	0	19	0	45	32	0	-1	-1	0	0	27	0	0	0	0	-1	0
c5162	0	27	0	29	-1	-1	0	0	0	0	0	-1	-1	0	7	0	0	0	37	-1	0	0	0	-1	-1	0	-1	-1	0	0
c5195	-1	0	0	29	-1	0	1	0	0	29	35	-1	0	-1	0	-1	0	0	8	-1	0	0	0	0	-1	6	-1	31	0	-1
c5197	27	0	-1	29	-1	0	0	0	0	41	46	-1	-1	42	0	0	37	8	-1	-1	0	0	0	-1	-1	-1	-1	0	0	-1
c5266	45	42	46	29	-1	8	1	0	0	29	0	-1	0	31	-1	0	37	0	-1	-1	-1	12	-1	0	0	0	0	31	0	0
c5268	8	8	-1	29	-1	-1	0	-1	0	39	42	-1	10	0	0	0	0	0	0	0	-1	0	0	0	0	0	-1	0	0	25
c5269	0	8	46	29	-1	0	0	0	-1	39	42	-1	-1	0	0	-1	-1	0	0	-1	-1	0	0	0	-1	-1	-1	0	-1	25
c5311	0	10	0	29	-1	-1	27	0	-1	0	0	-1	0	-1	-1	0	46	31	0	0	0	0	0	-1	-1	0	0	43	-1	-1
c5317	44	-1	46	-1	-1	0	45	19	0	0	46	-1	0	0	0	0	-1	31	0	-1	-1	0	-1	30	0	0	-1	0	0	0
c5342	0	0	46	29	-1	0	0	1	0	39	42	-1	26	5	0	0	12	0	-1	0	-1	0	-1	30	0	0	0	0	-1	25
c5349	0	0	46	29	-1	0	0	1	0	39	42	-1	-1	-1	0	0	0	0	46	0	-1	0	-1	30	0	-1	0	0	42	25
c5381	0	0	46	29	-1	0	-1	12	-1	39	0	-1	0	27	-1	0	-1	-1	-1	0	-1	-1	-1	0	0	-1	25	0	17	25
c5383	0	0	0	29	-1	45	0	0	0	0	1	-1	29	0	31	-1	0	0	0	-1	0	-1	0	0	0	0	0	-1	0	0
c5401	6	0	-1	-1	-1	46	0	0	0	0	0	-1	0	30	46	0	0	-1	0	0	-1	0	0	0	0	0	0	0	0	-1
c5442	0	0	14	29	-1	0	0	0	0	-1	0	-1	0	0	0	42	0	9	45	0	12	-1	28	0	0	0	0	-1	29	0
c5456	0	0	46	29	-1	0	-1	1	0	39	42	-1	-1	0	0	0	0	0	46	-1	-1	0	0	30	-1	0	0	-1	-1	25
c5457	-1	0	46	29	-1	0	0	1	-1	39	42	-1	0	-1	0	0	0	-1	46	0	-1	0	0	30	0	0	0	0	-1	25
c5501	6	0	0	-1	-1	-1	0	35	-1	0	0	-1	0	-1	42	-1	8	0	0	-1	35	0	0	0	40	0	-1	0	45	0
c5605	0	0	0	29	-1	0	0	0	0	0	0	-1	0	0	0	29	29	0	0	-1	0	0	0	6	-1	0	0	0	0	0
c5609	45	0	0	-1	-1	0	-1	0	0	29	0	-1	0	0	0	0	0	0	-1	-1	0	-1	42	-1	-1	6	0	31	0	0
c5637	0	0	41	29	-1	0	41	27	0	0	0	-1	46	-1	0	0	18	45	0	0	0	-1	-1	0	-1	12	0	0	27	0
c5690	0	-1	0	29	-1	0	45	19	0	24	46	-1	48	0	37	0	-1	0	-1	0	-1	20	46	14	0	0	0	0	0	0
c5717	0	0	0	29	-1	46	0	0	0	0	16	-1	0	-1	46	-1	0	-1	0	0	0	0	8	42	0	-1	19	-1	0	0
c5736	0	8	46	29	-1	0	0	0	0	39	42	-1	15	50	-1	0	-1	0	0	0	-1	0	-1	-1	0	0	-1	-1	0	25
c5737	0	8	46	-1	-1	0	0	0	-1	39	42	-1	0	0	14	0	42	0	0	0	-1	0	17	45	0	0	0	0	-1	25
c5761	6	1	46	29	-1	24	32	-1	-1	39	42	-1	0	29	14	0	0	0	0	0	-1	-1	0	12	0	0	29	0	0	25
c5794	-1	0	15	29	-1	0	0	27	0	-1	-1	-1	45	-1	-1	-1	0	46	5	0	-1	-1	0	0	48	17	40	30	27	0
c5813	0	14	0	29	-1	46	-1	0	0	-1	-1	-1	0	30	46	-1	0	-1	32	-1	0	0	-1	0	0	45	0	0	0	46
c5832	0	41	0	29	-1	29	-1	-1	17	0	0	-1	0	30	0	-1	-1	0	29	0	0	0	0	0	-1	0	-1	38	0	0
c5848	0	-1	29	29	-1	0	0	-1	-1	-1	0	-1	-1	0	-1	-1	0	0	0	0	0	-1	0	0	12	-1	0	0	14	22
c5860	6	-1	46	29	-1	0	-1	30	0	39	42	-1	0	29	0	0	45	0	0	0	-1	8	-1	12	-1	45	0	0	0	-1
c5874	0	27	0	29	-1	-1	0	0	-1	0	0	-1	0	0	23	-1	0	0	0	-1	-1	0	0	-1	0	0	29	0	0	0
c5880	45	0	0	29	-1	16	0	0	16	-1	-1	-1	0	0	0	0	17	42	0	0	0	-1	0	0	0	-1	0	6	0	12
c5894	-1	-1	0	29	-1	0	0	-1	0	0	0	-1	21	0	1	0	0	0	0	-1	0	0	0	0	0	0	0	0	-1	-1
c5929	0	17	0	29	-1	0	-1	19	-1	46	-1	-1	0	0	-1	0	0	-1	0	0	0	0	0	-1	12	0	0	0	0	0
c5939	-1	0	-1	-1	-1	13	42	27	0	21	11	-1	-1	0	0	0	0	0	-1	0	-1	0	0	14	-1	19	0	29	27	0
c5940	31	0	0	29	-1	0	0	0	15	34	-1	-1	0	30	46	-1	-1	0	0	32	-1	0	0	0	0	0	-1	0	10	0
c6017	0	17	8	29	-1	17	0	0	-1	0	24	-1	0	0	-1	0	0	44	0	0	0	-1	32	0	15	0	-1	0	0	42
c6056	-1	0	0	29	-1	0	-1	-1	-1	41	46	-1	0	0	0	0	37	-1	-1	-1	0	0	0	17	0	29	0	0	0	16
c6112	0	46	0	29	-1	0	-1	-1	8	0	0	-1	0	0	-1	14	0	0	46	-1	0	0	-1	-1	0	0	40	-1	-1	-1
c6116	10	0	35	29	-1	0	0	-1	10	0	44	-1	48	0	46	0	0	0	0	0	0	0	0	0	0	29	0	0	0	0
c6134	-1	-1	12	29	-1	-1	0	0	0	0	-1	-1	-1	-1	-1	-1	0	45	-1	0	0	0	0	0	0	0	-1	0	0	6
c6136	16	0	-1	29	-1	6	0	27	0	0	-1	-1	0	30	-1	31	0	-1	0	0	-1	0	0	-1	0	-1	-1	-1	0	0
c6146	0	-1	0	29	-1	46	0	0	0	0	29	-1	-1	-1	-1	0	-1	-1	0	0	0	42	0	-1	0	0	-1	-1	0	0
c6166	-1	-1	46	29	-1	46	1	8	0	-1	0	-1	0	-1	23	0	0	0	27	-1	16	0	0	0	-1	0	0	31	0	0
c6203	19	0	46	29	-1	42	0	-1	0	39	42	-1	42	0	0	23	0	0	46	0	-1	0	0	0	0	0	11	0	0	25
c6249	31	45	46	29	-1	6	0	0	0	34	-1	-1	-1	30	0	-1	-1	0	0	32	0	0	15	0	0	0	0	17	0	0
c6251	0	0	0	29	-1	46	0	0	0	50	6	-1	-1	0	0	-1	0	0	0	-1	-1	0	0	0	0	6	0	11	-1	0
c6256	18	0	0	29	-1	0	0	15	0	0	-1	-1	0	45	42	0	0	0	0	6	0	-1	40	0	2	44	0	0	-1	8
c6274	-1	0	42	29	-1	0	-1	-1	0	41	-1	-1	0	-1	0	0	37	8	0	-1	0	0	0	-1	0	-1	0	17	0	22
c6279	15	16	0	29	-1	0	0	-1	-1	0	15	-1	0	0	0	-1	0	-1	45	0	12	46	0	45	0	8	-1	0	0	0
c6287	0	0	16	29	-1	-1	0	0	0	0	0	-1	0	-1	46	0	37	25	-1	0	0	0	-1	0	0	0	35	0	0	0
c6294	0	0	-1	29	-1	-1	0	0	0	0	8	-1	1	0	-1	20	37	0	0	-1	0	0	0	0	0	42	-1	0	-1	15
c6314	0	0	35	29	-1	-1	0	0	0	-1	0	-1	0	30	46	0	0	0	-1	16	0	0	0	0	0	17	0	0	46	0
c6327	0	-1	2	29	-1	0	45	19	0	0	46	-1	49	-1	0	0	-1	0	0	0	0	0	46	0	-1	0	-1	0	0	-1
c6384	0	45	0	29	-1	-1	0	0	0	-1	0	-1	-1	-1	46	-1	0	-1	0	0	-1	0	0	-1	0	0	0	0	-1	0
c6393	11	46	-1	29	-1	-1	0	50	-1	0	-1	-1	0	30	46	0	29	-1	-1	0	0	-1	0	0	0	0	46	-1	0	0
c6407	14	-1	0	29	-1	0	45	19	0	39	46	-1	0	0	0	-1	0	0	0	0	0	29	46	0	0	0	0	0	-1	-1
c6409	0	0	0	-1	-1	0	0	0	0	0	0	-1	-1	0	19	-1	45	32	0	-1	0	-1	0	27	-1	0	0	0	0	-1
c6416	0	41	0	29	-1	-1	23	0	17	0	0	-1	-1	-1	0	-1	0	0	29	0	0	0	0	27	-1	0	0	-1	0	0
c6428	34	-1	15	-1	-1	0	0	-1	-1	-1	0	-1	0	-1	0	-1	0	0	0	0	46	45	0	31	0	-1	-1	-1	27	0
c6446	-1	0	0	-1	-1	0	2	27	0	-1	0	-1	25	0	-1	0	14	14	-1	0	0	-1	29	-1	0	-1	0	8	27	0
c6448	46	0	0	29	-1	0	0	0	0	0	-1	-1	0	-1	0	0	46	-1	-1	14	-1	-1	0	0	10	0	0	0	-1	0
c6488	-1	0	0	29	-1	0	-1	-1	0	-1	0	-1	-1	0	0	0	0	0	45	0	12	0	-1	-1	0	0	-1	0	-1	0
c6504	18	0	-1	-1	-1	0	0	-1	0	0	-1	-1	0	-1	0	0	45	0	45	-1	-1	0	46	-1	0	0	0	0	0	0
c6514	0	-1	0	-1	-1	-1	-1	0	0	0	0	-1	0	0	0	0	0	0	0	-1	0	0	-1	-1	-1	0	0	0	0	0
c6515	0	27	0	29	-1	-1	0	0	0	0	-1	-1	0	0	0	0	0	0	0	-1	0	0	0	-1	0	0	-1	0	0	0
c6516	6	0	39	29	-1	9	45	16	0	0	0	-1	0	0	-1	0	-1	0	6	8	0	0	0	-1	45	0	0	0	45	-1
c6527	0	0	-1	29	-1	43	0	0	-1	0	0	-1	-1	0	0	0	0	0	-1	45	0	0	2	0	0	0	-1	0	6	12
c6533	19	0	46	29	-1	46	-1	0	0	39	42	-1	42	0	-1	0	0	-1	46	0	-1	0	0	0	0	-1	0	0	0	25
c6544	0	0	11	29	-1	-1	6	24	45	-1	11	-1	-1	0	-1	48	0	0	-1	0	12	46	-1	0	-1	0	0	0	0	0
c6569	-1	17	8	29	-1	17	42	0	0	-1	-1	-1	-1	0	0	0	0	44	0	0	0	46	32	37	15	0	0	0	0	42
c6578	45	-1	-1	-1	-1	0	0	0	16	-1	0	-1	0	-1	0	0	-1	42	-1	0	0	-1	0	0	-1	-1	-1	6	0	12
c6584	42	-1	0	29	-1	46	25	44	6	-1	0	-1	0	0	0	0	-1	-1	29	-1	0	0	0	-1	30	0	44	2	6	12
c6589	0	-1	6	29	-1	0	0	-1	0	34	0	-1	0	0	42	0	0	9	45	12	12	31	0	0	0	0	44	29	0	0
c6592	0	46	14	29	-1	27	0	-1	0	-1	0	-1	-1	0	0	0	33	0	46	-1	-1	0	0	0	0	-1	0	48	6	0
c6613	-1	-1	-1	29	-1	0	0	0	0	0	0	-1	0	0	0	29	29	0	0	-1	0	0	42	-1	-1	0	0	27	6	0
c6674	45	0	-1	29	-1	46	0	0	0	0	13	-1	-1	-1	46	0	0	0	0	0	0	42	0	-1	0	-1	39	0	0	42
c6701	-1	46	12	29	-1	0	22	0	0	0	0	-1	0	0	-1	0	-1	45	0	22	0	0	0	0	-1	0	-1	0	16	6
c6718	0	0	8	29	-1	-1	0	0	0	-1	46	-1	0	0	0	0	37	8	50	-1	0	0	0	17	0	0	0	-1	0	16
c6792	45	0	0	-1	-1	0	1	0	-1	29	0	-1	30	-1	0	0	-1	0	42	-1	0	31	0	0	0	0	0	-1	6	0
c6798	11	17	0	29	-1	8	-1	-1	0	28	30	-1	0	-1	-1	0	0	0	0	-1	0	17	46	35	0	-1	0	-1	0	-1
c6806	0	-1	-1	29	-1	0	0	0	30	0	0	-1	0	30	-1	8	0	0	0	0	42	27	17	45	15	29	0	0	-1	0
c6808	-1	0	0	-1	-1	0	2	-1	0	21	-1	-1	25	0	0	-1	-1	-1	0	0	46	0	42	-1	0	46	0	0	27	0
c6809	50	0	0	-1	-1	-1	2	27	0	21	-1	-1	-1	0	0	0	14	-1	0	0	0	0	42	0	0	46	0	0	27	0
c6814	0	0	46	29	-1	0	-1	0	0	39	-1	-1	16	0	-1	5	-1	0	46	0	-1	8	0	0	-1	24	0	0	0	25
c6843	31	0	-1	29	-1	6	0	0	0	34	-1	-1	0	30	0	-1	0	-1	0	32	0	0	15	0	29	0	0	0	0	0
c6857	0	0	0	29	-1	12	41	-1	0	-1	0	-1	0	0	0	0	-1	-1	0	-1	0	0	0	0	0	12	0	0	27	0
c6878	17	0	0	29	-1	0	23	0	-1	0	0	-1	0	-1	0	-1	0	0	0	-1	-1	31	-1	0	0	0	0	0	0	0
c6934	0	-1	0	29	-1	0	0	0	48	-1	0	-1	0	0	19	5	45	32	0	-1	0	0	-1	0	-1	-1	0	-1	0	0
c6943	0	-1	46	29	-1	46	-1	0	0	0	29	-1	0	30	-1	0	0	-1	-1	-1	0	42	-1	12	0	0	0	0	0	0
c6944	-1	-1	-1	29	-1	0	0	0	0	-1	8	-1	12	0	-1	27	0	-1	-1	-1	0	16	-1	0	0	0	-1	0	0	0
c6947	-1	0	-1	29	-1	0	-1	-1	14	-1	29	-1	0	0	50	0	1	0	0	-1	0	0	-1	0	0	2	41	0	-1	0
c6960	0	30	46	29	-1	-1	0	-1	0	-1	0	-1	-1	-1	0	-1	0	-1	0	0	0	0	0	24	0	12	-1	0	-1	0
c6978	0	0	37	29	-1	0	0	0	0	0	39	-1	-1	-1	-1	0	0	48	0	-1	0	45	0	0	29	-1	-1	0	0	0
c6992	0	-1	0	29	-1	-1	25	19	0	0	0	-1	-1	0	0	-1	0	-1	0	0	15	0	0	0	0	0	49	0	0	29
c6993	0	-1	0	29	-1	-1	25	19	-1	0	0	-1	0	0	0	0	0	-1	0	0	15	0	0	0	0	0	49	0	0	29
c6998	0	46	14	29	-1	27	0	-1	0	27	0	-1	-1	-1	0	0	33	0	46	-1	0	0	0	-1	0	6	0	0	6	0
c7017	46	0	-1	29	-1	17	0	-1	31	0	0	-1	0	-1	0	-1	0	0	0	14	0	48	0	-1	-1	0	0	0	39	0
c7073	0	42	0	29	-1	-1	0	27	-1	0	0	-1	-1	30	37	0	0	0	0	0	0	0	0	0	0	0	0	0	0	0
c7110	34	0	15	29	-1	0	0	27	-1	0	-1	-1	0	-1	0	42	0	0	0	0	46	45	0	0	0	0	-1	-1	27	-1
c7125	0	1	-1	-1	-1	0	42	35	0	0	0	-1	34	0	42	0	29	0	32	-1	0	0	40	-1	0	0	0	0	0	0
c7174	0	27	0	-1	-1	-1	0	0	0	0	0	-1	0	30	23	0	0	0	-1	-1	0	0	0	-1	0	-1	0	0	0	0
c7184	0	0	0	29	-1	-1	0	-1	-1	-1	-1	-1	44	0	0	0	0	33	-1	-1	39	-1	0	-1	-1	-1	-1	0	0	37
c7185	0	0	0	-1	-1	31	0	-1	-1	-1	0	-1	0	0	0	0	-1	33	-1	-1	39	16	-1	-1	0	0	-1	0	-1	37
c7198	22	-1	0	-1	-1	-1	0	-1	-1	0	0	-1	23	0	0	0	0	15	45	0	12	0	0	0	-1	0	29	0	0	0
c7221	-1	0	0	29	-1	0	-1	-1	0	0	0	-1	0	0	0	0	0	0	0	-1	48	0	0	0	0	0	-1	0	0	-1
c7266	0	0	48	29	-1	0	0	0	0	0	14	-1	0	11	25	0	-1	0	45	27	12	46	-1	0	46	0	35	0	0	0
c7287	0	0	0	29	-1	0	-1	-1	0	17	0	-1	-1	31	0	23	0	33	0	-1	0	-1	-1	-1	0	0	-1	-1	0	0
c7294	45	0	0	-1	-1	17	1	0	-1	29	-1	-1	0	0	0	0	0	14	-1	-1	0	0	0	0	0	-1	0	31	0	0
c7310	0	0	-1	-1	-1	0	-1	0	-1	0	0	-1	0	-1	0	-1	27	5	0	24	0	0	-1	0	0	0	19	-1	-1	0
c7311	42	0	0	29	-1	0	23	0	-1	0	-1	-1	0	30	0	-1	27	-1	0	24	0	0	0	0	0	0	0	0	0	0
c7314	0	43	0	29	-1	-1	0	0	0	0	-1	-1	0	0	0	0	0	0	0	-1	0	0	0	-1	0	0	0	0	-1	-1
c7330	-1	17	0	29	-1	-1	46	0	-1	48	0	-1	0	-1	0	8	0	0	0	-1	17	-1	0	45	15	29	0	0	-1	0
c7333	45	-1	0	29	-1	0	1	0	0	29	-1	-1	0	0	0	0	0	0	8	-1	0	0	0	0	0	-1	0	31	0	0
c7365	-1	-1	0	29	-1	0	-1	29	0	9	0	-1	-1	0	0	0	0	45	-1	18	0	17	-1	0	0	42	0	0	0	6
c7381	-1	14	0	-1	-1	-1	-1	-1	0	0	0	-1	21	0	1	0	0	0	0	-1	0	0	0	-1	0	0	-1	0	-1	-1
c7398	6	0	46	29	-1	0	32	30	0	39	42	-1	-1	29	-1	10	29	0	0	45	-1	0	0	-1	-1	0	18	0	0	25
c7405	31	0	0	29	-1	0	0	-1	0	34	-1	-1	0	30	46	-1	-1	0	0	-1	0	0	0	0	-1	0	-1	0	10	-1
c7411	-1	0	46	29	-1	31	-1	1	0	39	42	-1	0	-1	0	0	0	0	46	0	-1	0	0	30	0	8	0	-1	42	25
c7432	0	19	-1	29	-1	0	0	-1	44	39	42	-1	0	0	26	0	0	0	46	41	-1	-1	0	30	0	0	0	0	42	25
c7449	31	0	0	-1	-1	-1	0	0	0	34	-1	-1	0	-1	46	-1	0	0	0	32	0	0	0	0	0	0	-1	8	10	0
c7460	0	8	46	-1	-1	-1	0	0	0	39	-1	-1	0	0	0	0	42	0	0	0	-1	5	0	6	0	-1	0	0	0	25
c7476	-1	-1	0	29	-1	46	-1	37	29	0	-1	-1	17	30	46	0	0	-1	0	0	0	-1	0	0	0	-1	46	0	-1	0
c7485	19	0	46	29	-1	0	-1	0	0	39	42	-1	42	0	0	0	0	0	46	0	-1	0	0	0	0	0	0	0	0	25
c7503	31	0	0	29	-1	-1	0	0	0	34	-1	-1	0	30	46	-1	-1	0	-1	32	0	0	0	0	0	0	-1	0	10	-1
c7563	0	14	0	29	-1	-1	-1	-1	-1	-1	0	-1	-1	17	-1	18	-1	0	0	0	0	16	0	0	-1	20	-1	19	0	12
c7567	31	0	46	29	-1	6	0	0	0	34	-1	-1	0	30	-1	-1	0	-1	0	32	0	-1	15	0	0	0	0	0	0	0
c7583	44	8	46	29	-1	0	0	0	16	39	-1	-1	0	0	0	0	0	0	0	0	-1	-1	0	0	0	-1	0	-1	0	25
c7596	0	-1	37	29	-1	0	0	19	-1	0	-1	-1	0	43	-1	0	0	0	15	0	26	0	-1	0	0	0	0	0	0	29
c7610	6	-1	46	-1	-1	0	32	-1	0	-1	-1	-1	0	29	-1	0	0	0	46	0	-1	-1	0	12	-1	0	0	0	-1	-1
c7620	-1	-1	0	-1	-1	0	-1	0	0	41	-1	-1	0	42	0	0	37	8	0	-1	-1	0	0	17	0	0	0	0	0	0
c7625	0	-1	0	29	-1	0	0	0	0	-1	0	-1	0	0	0	-1	0	0	0	-1	0	0	0	-1	0	48	0	8	0	0
c7652	50	0	46	29	-1	0	0	1	0	-1	42	-1	11	0	0	0	0	0	46	0	-1	42	-1	30	0	27	19	0	-1	25
c7655	-1	0	0	-1	-1	0	0	46	6	0	0	-1	0	-1	14	-1	0	0	0	-1	0	0	-1	0	0	2	0	0	27	-1
c7668	50	0	-1	-1	-1	0	0	1	0	39	42	-1	11	-1	0	0	-1	0	46	0	-1	0	-1	30	12	0	19	0	0	25
c7679	-1	0	0	29	-1	0	-1	-1	0	0	-1	-1	0	0	0	0	0	0	33	-1	0	35	0	8	-1	0	-1	0	0	48
c7680	6	0	18	29	-1	0	48	45	-1	0	0	-1	29	-1	42	0	8	-1	45	0	0	0	10	19	-1	6	0	45	45	0
c7699	24	45	0	29	-1	0	0	32	0	0	-1	-1	0	-1	0	42	-1	0	45	-1	-1	46	0	-1	0	-1	0	0	0	0
c7706	0	0	0	-1	-1	0	0	-1	0	0	0	-1	0	0	-1	-1	0	0	45	0	12	46	14	11	21	0	0	0	0	0
c7710	31	-1	-1	29	-1	6	-1	0	0	34	-1	-1	0	30	0	-1	0	-1	0	32	0	-1	15	0	0	-1	0	0	0	-1
c7711	31	0	0	29	-1	6	0	-1	0	34	-1	-1	0	30	0	-1	0	-1	0	32	0	0	-1	0	0	0	0	-1	0	0
c7720	0	1	50	29	-1	45	0	35	0	42	0	-1	0	-1	42	0	0	0	-1	-1	0	0	40	2	0	-1	0	0	-1	39
c7742	0	0	0	29	-1	-1	-1	0	-1	-1	29	-1	-1	46	45	0	1	0	0	0	0	-1	6	0	0	2	0	0	15	0
c7767	0	0	0	29	-1	46	0	0	-1	0	-1	-1	0	-1	46	0	0	-1	0	-1	0	0	-1	42	0	-1	19	48	0	0
c7771	11	-1	0	-1	-1	0	0	27	-1	-1	0	-1	0	0	-1	0	14	-1	0	0	0	0	46	0	24	46	0	0	27	0
c7773	45	-1	-1	29	-1	-1	1	0	0	-1	-1	-1	-1	0	16	-1	-1	0	11	-1	0	0	0	0	46	39	0	-1	0	0
c7783	0	31	0	29	-1	0	-1	0	-1	0	-1	-1	0	30	-1	-1	0	0	-1	0	0	46	0	0	10	0	0	-1	11	0
c7784	0	-1	0	29	-1	-1	-1	0	0	0	29	-1	0	30	-1	0	0	-1	0	0	0	42	0	0	0	0	-1	0	0	0
c7800	1	-1	46	29	-1	0	46	6	0	39	-1	-1	0	-1	-1	0	-1	0	-1	0	-1	0	0	0	8	0	0	0	0	25
c7808	0	0	0	29	-1	0	0	-1	0	0	-1	-1	0	11	-1	0	0	0	45	0	12	46	-1	0	39	0	35	0	0	0
c7828	11	-1	0	-1	-1	8	-1	-1	0	28	-1	-1	0	-1	-1	0	0	0	0	0	12	-1	0	-1	45	0	-1	42	0	42
c7851	-1	-1	46	29	-1	1	14	29	40	39	42	-1	0	35	-1	-1	16	40	0	0	-1	0	0	-1	0	-1	0	11	-1	25
c7852	-1	0	12	29	-1	0	-1	0	0	0	0	-1	0	0	-1	-1	0	45	0	-1	29	0	48	-1	0	0	0	-1	0	6
c7858	0	-1	8	29	-1	17	0	0	0	0	0	-1	0	0	0	0	6	-1	-1	0	0	-1	32	-1	15	0	0	0	0	42
c7870	-1	39	0	29	-1	0	0	-1	-1	0	31	-1	0	0	-1	0	-1	0	33	-1	0	35	-1	45	-1	0	10	-1	0	48
c7888	0	45	0	29	-1	46	0	0	0	0	0	-1	0	-1	46	0	0	-1	-1	0	0	12	17	0	0	0	-1	0	0	-1
c7906	45	0	0	-1	-1	-1	-1	-1	-1	29	0	-1	0	-1	-1	0	0	0	0	-1	0	0	0	0	0	0	0	-1	6	0
c7907	-1	0	0	29	-1	0	1	46	0	29	0	-1	-1	0	-1	0	0	0	0	-1	0	0	0	-1	0	0	0	-1	6	0
c7916	42	17	15	29	-1	0	0	-1	-1	0	0	-1	34	-1	0	23	-1	34	0	0	-1	45	0	12	0	0	21	30	27	0
c7917	0	17	15	29	-1	0	0	27	0	-1	0	-1	34	-1	0	-1	-1	34	0	0	0	45	0	-1	0	0	-1	30	27	0
c7918	45	0	0	-1	-1	-1	0	-1	0	-1	-1	-1	0	0	-1	-1	0	46	33	-1	0	35	29	0	-1	0	-1	0	46	0
c7930	0	27	-1	29	-1	-1	0	0	0	0	0	-1	0	0	23	46	0	0	-1	-1	0	37	-1	-1	0	0	-1	-1	0	-1
c7932	0	0	-1	29	-1	0	0	0	12	-1	8	-1	1	0	0	20	16	0	0	-1	0	0	-1	-1	0	0	11	0	0	0
c7948	-1	0	0	29	-1	30	0	29	0	9	0	-1	-1	0	0	0	0	45	0	0	-1	17	0	12	-1	42	0	0	-1	6
c7972	31	0	0	29	-1	0	0	0	0	34	-1	-1	0	30	46	-1	0	0	0	-1	0	0	0	-1	0	0	-1	-1	10	0
c7975	0	0	24	-1	-1	0	-1	0	0	0	31	-1	0	0	19	24	0	0	0	-1	0	-1	46	0	46	8	0	0	0	0
c7982	0	-1	0	29	-1	0	0	-1	0	41	46	-1	0	0	0	0	-1	8	0	-1	0	0	-1	17	0	0	0	0	0	-1
c8019	0	46	-1	29	-1	46	0	0	45	-1	29	-1	0	30	46	0	0	-1	0	0	46	-1	0	0	0	-1	46	0	0	-1
c8032	0	0	0	29	-1	46	-1	0	-1	0	0	-1	0	30	-1	0	17	24	0	45	0	0	0	12	0	46	0	0	0	0
c8041	0	19	46	-1	-1	0	0	1	0	39	42	-1	-1	0	0	0	0	0	46	41	-1	0	-1	-1	0	0	0	-1	42	25
c8044	-1	-1	-1	29	-1	-1	0	0	0	0	-1	-1	-1	-1	-1	41	0	45	44	-1	0	0	0	-1	0	0	0	0	0	6
c8057	45	0	46	29	-1	46	1	8	16	-1	-1	-1	0	0	0	0	0	0	27	-1	16	0	0	0	27	0	-1	31	0	0
c8074	45	0	46	29	-1	-1	1	0	0	29	-1	-1	0	0	-1	0	0	0	27	-1	0	-1	0	-1	16	0	0	31	0	0
c8083	46	30	0	29	-1	-1	0	27	0	0	0	-1	37	0	26	-1	-1	-1	0	0	-1	24	-1	24	46	12	-1	46	27	0
c8085	6	0	-1	29	-1	46	45	27	0	0	24	-1	0	0	42	0	0	-1	0	0	0	0	0	-1	0	27	0	0	-1	-1
c8088	-1	0	11	-1	-1	0	-1	0	0	0	0	-1	0	30	25	0	44	16	-1	0	-1	46	0	-1	-1	-1	0	0	0	-1
c8090	0	0	0	29	-1	-1	-1	42	-1	46	0	-1	0	30	24	-1	-1	5	0	-1	-1	0	0	0	0	0	0	0	0	0
c8101	0	18	-1	29	-1	0	-1	-1	0	0	5	-1	0	0	0	0	0	0	33	-1	0	35	0	0	12	-1	-1	-1	-1	-1
c8107	-1	0	12	-1	-1	-1	0	0	0	-1	0	-1	0	0	-1	41	0	45	0	-1	8	-1	0	0	0	0	0	24	0	6
c8113	0	-1	0	29	-1	0	23	0	17	44	0	-1	0	30	31	-1	-1	0	0	39	-1	0	-1	10	10	-1	0	0	0	0
c8114	0	-1	0	-1	-1	0	2	27	-1	21	0	-1	25	41	6	0	14	-1	0	0	0	0	0	0	0	46	0	0	27	0
c8118	0	0	-1	29	-1	0	-1	0	-1	0	-1	-1	0	30	0	-1	27	5	0	24	0	0	0	6	0	0	-1	0	-1	0
c8139	16	0	18	29	-1	6	0	27	0	0	0	-1	0	30	0	31	0	14	6	0	0	0	25	0	0	-1	0	0	0	0
c8142	0	11	0	29	-1	46	0	46	-1	0	21	-1	0	30	0	0	-1	14	0	23	-1	0	-1	0	46	0	14	0	42	48
c8144	-1	0	46	-1	-1	0	32	30	0	39	42	-1	0	29	0	0	0	0	0	0	-1	8	0	12	37	0	0	-1	0	25
c8150	0	0	0	29	-1	12	0	0	0	41	46	-1	0	0	-1	0	37	-1	0	-1	0	0	0	17	0	0	0	26	0	16
c8163	-1	0	-1	29	-1	-1	0	0	12	0	-1	-1	0	0	-1	0	0	-1	0	0	0	0	45	0	0	0	0	0	0	6
c8171	0	-1	0	29	-1	0	45	19	0	0	46	-1	0	0	0	0	0	0	-1	0	0	0	46	-1	0	0	0	0	16	-1
c8179	0	-1	0	29	-1	-1	27	0	0	-1	0	-1	-1	0	7	0	-1	0	-1	-1	0	0	13	-1	0	0	0	0	0	0
c8186	0	0	0	29	-1	0	0	0	43	0	11	-1	-1	0	-1	48	-1	0	45	-1	12	46	14	0	-1	-1	0	0	16	0
c8199	0	0	10	29	-1	0	0	-1	0	0	0	-1	0	0	35	29	29	-1	37	-1	0	0	0	6	-1	0	0	-1	6	0
c8224	0	0	8	29	-1	-1	42	0	-1	-1	-1	-1	0	0	0	0	0	0	0	-1	0	0	0	-1	-1	-1	0	0	0	-1
c8262	-1	0	-1	29	-1	46	0	-1	46	0	29	-1	0	30	46	0	0	-1	0	0	16	-1	-1	-1	0	0	-1	0	0	-1
c8270	0	0	0	-1	-1	0	-1	0	0	17	0	-1	-1	31	0	23	0	-1	0	-1	0	0	-1	0	10	0	0	-1	-1	42
c8282	18	8	0	29	-1	0	0	0	0	0	8	-1	12	0	-1	27	0	0	-1	-1	0	16	-1	0	0	-1	-1	0	0	-1
c8295	31	-1	0	29	-1	0	-1	0	0	34	-1	-1	0	-1	46	-1	0	0	-1	32	-1	-1	0	-1	0	0	-1	0	10	0
c8317	-1	8	0	29	-1	0	-1	0	0	-1	0	-1	12	0	-1	27	0	0	-1	-1	-1	16	0	0	0	-1	-1	0	0	0
c8339	0	8	-1	29	-1	5	0	0	-1	39	42	-1	0	-1	-1	-1	0	0	-1	0	-1	0	0	3	0	0	17	-1	0	25
c8343	18	-1	-1	29	-1	0	0	-1	0	15	0	-1	12	-1	0	0	48	0	0	-1	0	16	0	-1	0	-1	-1	0	0	0
c8360	0	-1	15	29	-1	0	0	-1	0	0	0	-1	-1	-1	0	0	0	14	46	0	0	45	-1	0	50	0	48	30	27	-1
c8363	17	8	46	29	-1	6	0	0	0	39	42	-1	23	42	0	-1	42	-1	0	0	-1	5	0	-1	31	0	0	0	42	25
c8366	-1	0	0	-1	-1	0	2	27	-1	21	0	-1	25	0	0	-1	14	0	0	-1	0	0	42	0	0	46	0	0	27	0
c8372	0	0	-1	29	-1	-1	-1	-1	-1	39	8	-1	0	27	-1	0	0	0	0	-1	-1	-1	0	-1	0	0	25	0	17	25
c8385	-1	-1	32	-1	-1	0	0	27	0	21	-1	-1	-1	0	0	11	14	0	0	0	0	0	0	29	24	46	0	0	27	0
c8387	0	-1	0	29	-1	-1	19	0	-1	37	-1	-1	-1	30	0	-1	-1	46	0	32	11	-1	0	0	16	-1	0	-1	0	0
c8418	46	0	-1	29	-1	0	-1	0	-1	0	0	-1	-1	30	0	0	0	30	12	14	0	0	-1	-1	0	0	0	0	46	0
c8426	0	-1	0	-1	-1	0	-1	0	0	0	0	-1	0	0	0	29	29	0	0	-1	0	0	0	-1	-1	0	0	-1	0	46
c8454	45	-1	0	29	-1	0	0	-1	32	-1	8	-1	34	0	-1	0	0	-1	33	-1	0	35	0	31	14	0	0	0	-1	-1
c8496	22	6	0	-1	-1	0	0	-1	17	0	0	-1	0	30	16	-1	0	-1	0	14	0	-1	0	0	45	0	-1	39	43	42
c8503	0	0	-1	29	-1	46	-1	0	0	0	0	-1	0	30	46	0	0	0	0	16	0	-1	25	0	-1	17	-1	0	46	0
c8504	0	0	0	-1	-1	0	0	0	-1	0	0	-1	-1	0	25	31	0	-1	45	0	-1	46	0	31	-1	0	0	35	0	0
c8506	-1	-1	-1	29	-1	29	23	0	-1	-1	-1	-1	-1	30	-1	-1	0	0	0	39	-1	0	0	10	10	0	0	42	0	46
c8509	0	0	-1	29	-1	-1	0	0	0	0	-1	-1	1	0	0	20	16	0	0	-1	-1	0	0	6	0	0	0	0	0	0
c8519	39	6	-1	29	-1	0	0	0	0	0	-1	-1	-1	0	8	0	0	0	45	0	-1	0	0	0	23	0	0	0	0	-1
c8526	14	-1	46	29	-1	1	0	0	0	39	42	-1	0	0	-1	-1	16	40	0	0	-1	-1	0	0	0	0	6	39	-1	25
c8528	46	0	0	29	-1	12	0	0	0	0	0	-1	0	30	0	0	0	0	-1	14	0	0	0	0	0	42	-1	0	27	0
c8530	-1	0	-1	29	-1	0	0	0	0	0	15	-1	0	0	0	32	0	45	0	-1	0	-1	0	-1	0	0	0	-1	0	6
c8532	6	0	-1	29	-1	0	32	30	0	39	42	-1	0	29	-1	10	0	-1	0	45	-1	0	0	12	0	0	0	0	-1	25
c8554	45	0	0	29	-1	0	1	43	0	29	0	-1	0	-1	0	0	0	0	8	-1	0	0	42	0	-1	6	0	31	-1	0
c8556	-1	0	-1	-1	-1	-1	0	-1	31	0	0	-1	0	-1	0	-1	32	45	42	14	0	48	0	0	0	44	0	-1	39	0
c8572	45	0	0	29	-1	0	-1	0	-1	29	0	-1	27	0	0	0	0	43	8	-1	0	0	0	0	0	6	0	31	-1	0
c8574	0	27	31	29	-1	-1	0	16	-1	-1	0	-1	-1	0	23	0	0	0	-1	-1	0	0	0	-1	0	0	0	0	37	0
c8579	0	-1	0	29	-1	35	-1	0	0	0	0	-1	-1	0	19	0	45	32	0	-1	0	0	0	0	0	-1	45	0	-1	0
c8591	0	-1	32	29	-1	-1	0	27	0	0	0	-1	0	30	0	0	0	-1	0	0	0	0	0	43	11	-1	-1	0	0	0
c8598	0	0	-1	29	-1	46	0	0	0	0	0	-1	0	30	46	0	37	25	0	0	0	0	0	0	0	0	35	-1	0	0
c8605	0	0	15	29	-1	0	0	27	37	0	-1	-1	0	-1	0	0	-1	-1	-1	0	46	45	0	0	0	0	0	30	27	-1
c8614	0	-1	46	29	-1	0	46	6	0	39	42	-1	0	-1	0	0	42	-1	25	0	-1	0	-1	10	8	0	19	0	0	25
c8617	-1	41	0	29	-1	0	23	37	17	0	0	-1	0	30	0	-1	-1	0	29	0	0	0	0	27	0	-1	-1	38	-1	0
c8623	0	0	-1	29	-1	46	0	0	0	0	0	-1	-1	30	46	0	0	0	0	16	0	0	0	-1	0	-1	0	0	46	0
c8624	-1	0	46	29	-1	1	0	-1	-1	39	42	-1	0	0	-1	-1	16	40	0	-1	-1	0	12	0	0	0	0	0	-1	25
c8635	0	0	16	-1	-1	-1	0	46	0	0	-1	-1	0	-1	46	0	0	-1	0	0	-1	0	0	12	0	46	0	0	0	42
c8686	0	0	0	29	-1	0	0	0	-1	-1	-1	-1	-1	0	19	5	45	32	0	-1	0	0	46	-1	-1	0	0	24	0	-1
c8689	31	0	-1	29	-1	-1	0	0	0	34	-1	-1	0	30	-1	-1	0	0	0	32	0	25	15	0	0	0	0	0	-1	31
c8695	46	0	0	-1	-1	0	-1	0	-1	0	0	-1	-1	30	0	0	0	0	0	14	0	0	0	0	0	0	0	0	46	0
c8713	12	46	14	29	-1	0	0	-1	-1	0	0	-1	0	0	0	0	33	0	-1	-1	-1	0	0	-1	0	0	0	-1	-1	0
c8714	15	0	-1	-1	-1	0	0	0	0	48	0	-1	23	0	-1	29	29	0	0	-1	-1	10	-1	-1	-1	-1	0	0	0	0
c8753	-1	-1	0	29	-1	-1	0	0	0	0	0	-1	-1	-1	46	-1	0	0	39	0	0	0	0	-1	28	-1	0	0	-1	-1
c8761	0	-1	46	29	-1	0	46	6	43	39	42	-1	0	0	6	0	42	0	-1	0	-1	0	0	0	8	0	0	0	0	25
c8770	0	0	0	29	-1	-1	-1	27	0	0	-1	-1	0	-1	0	23	42	-1	0	-1	-1	0	0	0	37	-1	-1	0	-1	35
c8773	0	0	42	29	-1	0	0	10	-1	0	1	-1	0	-1	19	0	-1	-1	0	-1	8	-1	48	0	8	0	-1	0	0	0
c8775	15	-1	-1	29	-1	-1	-1	0	0	48	0	-1	23	0	48	29	29	0	0	-1	-1	-1	0	-1	-1	0	0	-1	0	0
c8777	0	17	0	29	-1	0	-1	-1	-1	31	0	-1	0	15	-1	24	0	15	0	0	44	0	0	35	0	8	0	0	0	0
c8784	-1	42	-1	29	-1	17	45	-1	31	0	-1	-1	0	-1	0	-1	0	-1	0	14	0	-1	13	0	0	0	0	0	39	0
c8787	-1	0	46	29	-1	1	0	0	-1	39	42	-1	0	0	-1	-1	16	40	0	0	-1	0	-1	0	0	0	0	0	-1	25
c8798	0	0	48	29	-1	46	0	0	46	0	29	-1	48	-1	46	0	0	-1	0	0	0	42	0	0	0	0	46	0	0	0
c8799	-1	0	48	29	-1	46	0	0	46	0	-1	-1	48	30	46	0	-1	-1	0	0	-1	42	-1	-1	0	0	46	0	0	0
c8808	0	0	-1	29	-1	0	0	0	20	-1	0	-1	0	0	0	0	0	0	-1	-1	28	0	-1	-1	-1	0	0	0	0	45
c8818	0	0	35	29	-1	46	-1	0	0	0	-1	-1	0	-1	46	0	0	0	0	16	0	0	-1	0	0	17	0	-1	46	0
c8824	0	10	0	-1	-1	0	20	27	0	-1	-1	-1	0	-1	0	-1	0	0	0	-1	0	-1	-1	-1	-1	0	0	0	50	35
c8825	0	-1	0	29	-1	0	-1	27	-1	-1	-1	-1	0	44	0	23	0	-1	-1	-1	0	0	0	0	-1	0	0	0	50	35
c8833	19	0	-1	29	-1	12	41	27	-1	0	0	-1	-1	0	-1	0	-1	-1	0	0	0	16	0	0	10	12	0	-1	-1	0
c8845	-1	0	0	-1	-1	0	0	0	32	0	0	-1	23	0	0	0	0	15	-1	0	12	0	0	0	0	-1	29	-1	0	0
c8850	0	17	-1	29	-1	0	-1	19	0	-1	0	-1	0	15	-1	0	0	15	0	44	38	-1	0	35	35	0	0	-1	0	0
c8859	34	-1	15	29	-1	0	-1	27	0	-1	0	-1	0	-1	0	0	0	0	0	-1	46	45	0	0	0	-1	0	30	27	0
c8862	18	0	21	29	-1	0	0	-1	0	0	0	-1	1	45	42	0	0	0	0	6	0	-1	40	0	0	44	0	0	0	8
c8866	0	17	0	29	-1	46	-1	19	0	0	0	-1	0	15	-1	0	0	15	-1	-1	0	0	0	35	0	0	-1	31	16	0
c8870	8	-1	15	29	-1	0	29	27	0	-1	0	-1	-1	-1	0	0	0	0	-1	-1	0	45	0	0	50	0	0	-1	27	-1
c8886	-1	0	-1	29	-1	0	0	-1	-1	0	0	-1	-1	0	-1	0	-1	0	-1	-1	-1	-1	0	0	0	0	-1	-1	0	45
c8895	-1	-1	0	29	-1	0	45	-1	0	-1	46	-1	0	0	-1	0	0	0	0	0	0	0	46	0	0	0	0	0	0	0
c8913	0	27	0	-1	-1	-1	0	0	0	-1	0	-1	27	0	-1	48	-1	0	0	-1	0	0	-1	-1	0	0	0	0	0	0
c8928	0	0	0	29	-1	-1	0	27	14	0	0	-1	0	30	-1	0	0	0	42	0	-1	0	-1	0	46	0	0	0	0	0
c8943	17	0	0	29	-1	0	23	0	17	0	0	-1	0	30	0	-1	0	0	0	-1	-1	31	0	0	-1	0	0	0	0	0
c8947	0	0	-1	-1	-1	-1	6	17	0	41	0	-1	0	45	0	0	25	-1	45	0	12	0	0	48	0	0	0	0	46	-1
c8954	0	0	0	-1	-1	0	0	0	0	0	-1	-1	-1	0	19	0	45	32	-1	-1	-1	8	0	0	0	0	45	0	-1	-1
c8961	46	0	-1	29	-1	-1	0	0	0	0	0	-1	0	30	31	0	0	-1	0	14	0	-1	0	0	-1	42	-1	0	0	-1
c8968	0	-1	0	29	-1	46	0	0	0	0	0	-1	0	30	46	0	-1	-1	0	45	45	0	12	12	-1	-1	-1	0	0	0
c8972	-1	0	0	29	-1	0	0	0	0	-1	0	-1	19	0	0	29	29	0	0	-1	14	0	0	-1	-1	0	35	27	0	0
c8987	45	5	0	29	-1	0	-1	0	-1	29	-1	-1	0	-1	0	0	0	0	8	-1	-1	-1	0	0	0	6	0	-1	37	0
c8997	44	-1	46	-1	-1	-1	45	19	0	0	-1	-1	-1	0	30	0	0	31	0	-1	-1	0	46	30	-1	0	0	0	-1	0
c9006	45	0	0	29	-1	-1	1	19	27	29	0	-1	0	0	0	0	0	-1	-1	-1	0	-1	0	0	-1	0	-1	31	0	0
c9019	0	0	-1	-1	-1	0	0	27	-1	0	-1	-1	26	-1	0	-1	-1	0	-1	-1	0	45	0	0	11	0	0	-1	27	0
c9029	-1	-1	0	29	-1	0	41	-1	-1	0	-1	-1	0	0	-1	-1	18	6	0	20	0	0	0	0	0	12	-1	0	27	0
c9031	0	0	27	29	-1	0	-1	-1	-1	-1	0	-1	0	0	0	0	0	0	-1	0	0	-1	-1	-1	0	-1	0	-1	0	0
c9034	0	0	0	29	-1	13	-1	27	-1	21	11	-1	-1	0	0	0	-1	-1	0	17	0	46	0	14	0	0	0	29	27	0
c9039	0	0	0	29	-1	6	0	27	0	-1	28	-1	-1	30	-1	0	45	0	-1	0	0	0	0	-1	-1	0	0	0	-1	-1
c9043	17	0	0	29	-1	0	41	27	0	30	48	-1	0	0	0	0	18	0	0	0	0	-1	43	0	0	12	0	-1	27	0
c9076	45	-1	-1	29	-1	0	-1	0	0	-1	45	-1	0	0	0	-1	0	0	0	-1	0	0	0	0	-1	0	0	31	0	0
c9077	45	-1	15	29	-1	0	1	0	-1	29	-1	-1	0	0	0	0	0	0	-1	-1	-1	0	0	0	0	0	0	31	-1	0
c9084	0	27	0	29	-1	-1	0	0	0	46	0	-1	0	0	7	-1	0	0	0	-1	0	0	-1	-1	0	0	0	0	-1	0
c9118	0	27	0	29	-1	-1	0	0	0	0	0	-1	-1	0	23	46	0	0	-1	-1	0	37	0	-1	-1	0	0	0	0	0
c9124	-1	-1	0	29	-1	13	42	-1	0	21	11	-1	-1	0	0	16	0	0	0	-1	0	0	0	14	-1	0	0	29	27	0
c9131	-1	0	0	29	-1	0	1	0	0	-1	0	-1	0	-1	0	23	0	-1	8	-1	0	-1	0	0	0	6	0	31	0	0
c9139	0	38	0	29	-1	0	0	-1	0	0	24	-1	0	0	0	29	29	-1	0	-1	0	11	16	6	-1	0	0	0	-1	0
c9150	0	17	8	29	-1	17	0	0	0	18	24	-1	0	0	0	0	0	44	0	0	0	46	-1	-1	15	-1	0	0	0	42
c9151	0	17	8	29	-1	-1	0	-1	0	18	24	-1	-1	0	0	0	0	-1	0	0	0	46	32	0	15	45	0	0	0	42
c9153	45	0	0	29	-1	0	1	0	0	29	-1	-1	0	0	0	0	0	0	0	-1	0	0	0	0	0	0	-1	-1	0	0
c9168	0	6	0	29	-1	0	0	-1	-1	0	-1	-1	-1	30	-1	0	0	14	0	14	0	0	0	0	45	-1	-1	-1	43	42
c9203	0	-1	0	29	-1	0	46	0	-1	0	-1	-1	0	33	0	0	0	-1	45	0	12	12	0	5	0	0	-1	-1	0	0
c9206	0	0	-1	29	-1	0	0	42	0	36	0	-1	0	-1	0	0	0	0	45	0	12	0	14	46	-1	0	0	0	-1	0
c9208	17	-1	46	29	-1	0	0	-1	45	39	33	-1	-1	0	-1	0	0	-1	0	0	-1	-1	0	0	-1	-1	0	0	17	25
c9241	11	17	0	29	-1	8	-1	-1	0	-1	30	-1	0	-1	-1	46	0	-1	0	0	0	0	0	35	0	0	0	42	0	-1
c9263	46	30	0	29	-1	0	0	27	6	-1	0	-1	37	0	0	-1	0	0	-1	0	0	0	0	-1	-1	12	-1	0	-1	0
c9275	-1	6	12	29	-1	0	-1	-1	0	0	0	-1	0	27	0	-1	-1	45	0	0	0	0	0	0	0	0	-1	0	0	6
c9276	45	-1	45	-1	-1	-1	-1	48	16	0	0	-1	37	31	-1	0	-1	42	0	0	0	0	0	0	37	0	-1	0	-1	-1
c9277	45	0	-1	29	-1	0	0	-1	16	0	0	-1	37	31	0	0	-1	42	0	0	0	0	0	-1	37	0	17	0	16	12
c9294	-1	0	0	-1	-1	46	0	0	18	0	29	-1	0	30	46	-1	-1	-1	45	0	0	42	0	12	0	0	0	0	0	0
c9306	-1	0	0	29	-1	0	0	0	-1	41	-1	-1	0	42	0	0	37	8	0	-1	0	0	0	17	7	0	0	0	-1	0
c9322	8	19	45	29	-1	-1	0	0	6	0	0	-1	0	16	0	0	0	-1	25	0	-1	-1	0	0	0	0	0	0	0	12
c9323	8	19	45	29	-1	17	-1	0	6	0	0	-1	0	16	0	0	0	0	0	0	0	0	0	35	0	-1	0	-1	0	12
c9328	-1	0	0	29	-1	-1	1	0	0	-1	0	-1	0	29	0	-1	-1	0	0	-1	-1	0	0	0	0	0	31	31	0	0
c9336	0	0	0	29	-1	6	0	27	0	0	0	-1	0	30	45	0	0	42	0	0	-1	0	0	43	11	0	0	0	-1	0
c9337	0	0	0	29	-1	6	0	27	0	-1	0	-1	0	30	45	0	0	42	0	0	0	0	0	43	11	0	0	0	0	-1
c9343	6	0	0	29	-1	46	45	0	21	0	-1	-1	-1	-1	42	0	0	0	0	-1	0	0	0	0	0	27	0	0	-1	24
c9364	48	-1	0	29	-1	0	6	17	0	-1	-1	-1	0	0	0	0	0	0	-1	0	12	-1	-1	0	0	0	0	0	0	0
c9373	45	0	0	29	-1	41	1	0	0	29	0	-1	0	-1	0	0	0	0	8	-1	0	0	0	0	0	6	0	31	0	-1
c9374	-1	8	-1	-1	-1	-1	0	0	0	39	42	-1	20	0	0	0	-1	0	0	0	-1	0	0	0	0	0	0	0	-1	25
c9384	0	8	46	29	-1	5	0	-1	0	39	42	-1	0	-1	0	0	-1	-1	-1	-1	-1	-1	31	3	0	0	17	0	0	25
c9403	-1	0	0	29	-1	0	0	-1	-1	0	0	-1	0	0	42	-1	0	0	42	0	27	0	0	0	0	0	11	0	46	0
c9407	0	0	-1	-1	-1	0	0	0	21	17	0	-1	0	-1	0	0	0	33	0	-1	-1	0	35	-1	0	0	-1	-1	-1	0
c9433	18	8	0	29	-1	0	-1	-1	-1	0	8	-1	12	0	-1	27	0	0	-1	-1	-1	16	0	0	-1	-1	-1	0	0	0
c9449	43	17	0	29	-1	0	0	-1	30	0	0	-1	0	30	0	8	28	0	0	0	46	0	0	45	-1	29	0	-1	0	-1
c9498	45	0	0	-1	-1	0	0	-1	32	-1	8	-1	-1	0	-1	-1	-1	46	33	-1	0	-1	0	31	-1	-1	0	0	0	0
c9509	-1	-1	0	29	-1	0	0	19	0	-1	0	-1	0	43	0	0	-1	0	-1	0	0	0	20	0	31	0	0	0	0	29
c9518	0	-1	48	-1	-1	0	0	19	33	-1	-1	-1	0	0	0	25	0	46	0	-1	45	0	0	0	39	0	11	28	-1	29
c9542	-1	0	0	29	-1	13	42	-1	0	21	11	-1	-1	0	0	0	-1	0	-1	0	0	0	0	14	-1	0	0	29	27	-1
c9560	0	-1	-1	29	-1	0	41	27	0	0	0	-1	0	0	-1	0	-1	6	16	-1	0	0	0	0	0	12	0	0	27	0
c9572	0	0	0	-1	-1	0	0	-1	0	-1	0	-1	0	0	0	0	0	46	33	-1	-1	35	0	-1	0	0	0	0	-1	0
c9573	0	0	0	29	-1	0	0	-1	0	-1	-1	-1	-1	0	0	0	0	-1	-1	-1	37	35	0	0	0	-1	0	-1	0	0
c9580	1	12	0	-1	-1	0	0	-1	0	0	14	-1	0	0	0	0	27	14	45	0	12	-1	27	43	0	0	0	46	0	0
c9582	0	0	-1	29	-1	0	-1	0	0	39	0	-1	0	27	-1	0	0	-1	-1	0	-1	0	0	0	0	0	25	0	17	25
c9587	-1	-1	41	29	-1	0	41	27	-1	0	0	-1	0	0	0	0	18	0	0	0	0	-1	0	0	0	12	0	0	27	0
c9616	0	-1	0	29	-1	-1	0	0	-1	0	-1	-1	0	0	25	0	6	0	46	-1	0	0	0	0	-1	0	0	-1	0	39
c9623	-1	0	16	-1	-1	-1	-1	0	0	0	-1	-1	0	30	-1	0	0	0	-1	0	0	0	0	12	0	46	-1	-1	0	-1
c9643	11	17	0	-1	-1	-1	-1	-1	-1	-1	0	-1	0	-1	-1	0	-1	0	0	0	0	0	0	35	44	-1	0	42	50	42
c9651	46	0	-1	29	-1	12	-1	-1	0	0	37	-1	0	30	0	0	0	0	0	14	46	0	0	0	0	42	-1	0	-1	-1
c9678	46	0	-1	29	-1	0	0	-1	0	0	0	-1	0	-1	0	15	0	0	-1	14	-1	0	0	-1	0	-1	0	0	0	-1
c9701	-1	0	0	29	-1	46	0	0	0	29	0	-1	23	6	42	-1	0	0	0	0	0	-1	0	24	-1	-1	-1	-1	14	-1
c9704	0	-1	0	29	-1	0	0	0	0	-1	0	-1	0	0	0	0	0	0	0	-1	0	0	0	-1	0	0	0	8	0	0
c9715	8	0	0	29	-1	0	0	-1	0	17	0	-1	0	0	0	-1	-1	33	0	-1	0	0	35	-1	-1	0	0	10	0	0
c9737	-1	0	0	-1	-1	-1	1	0	0	29	0	-1	1	0	0	0	0	0	0	-1	0	0	-1	0	0	0	0	-1	6	0
c9743	0	0	-1	29	-1	5	23	0	-1	-1	0	-1	0	30	-1	-1	0	0	0	0	0	0	-1	-1	10	0	0	-1	0	0
c9746	0	2	16	29	-1	46	0	0	0	-1	0	-1	0	-1	-1	0	33	0	0	28	0	0	0	0	0	0	0	0	0	-1
c9776	12	0	0	-1	-1	44	0	27	0	-1	0	-1	14	0	0	0	-1	-1	0	0	0	0	-1	-1	-1	46	0	0	-1	0
c9778	17	0	0	29	-1	0	-1	0	17	16	0	-1	-1	-1	27	-1	0	0	0	-1	0	31	-1	0	0	0	0	0	0	0
c9797	-1	-1	0	29	-1	0	0	0	0	-1	0	-1	0	0	37	0	0	33	15	-1	0	0	35	-1	0	0	-1	45	31	-1
c9802	0	0	0	29	-1	0	0	0	0	-1	0	-1	0	0	-1	0	17	-1	0	-1	0	0	0	-1	0	0	0	8	0	0
c9803	0	0	-1	29	-1	0	0	0	0	-1	0	-1	0	0	-1	0	17	0	0	-1	-1	0	0	-1	0	-1	-1	8	0	0
c9818	0	14	0	29	-1	-1	0	-1	0	0	29	-1	0	-1	46	-1	0	-1	32	0	0	0	0	-1	0	45	0	0	0	46
c9819	0	14	0	-1	-1	-1	0	10	0	-1	29	-1	0	30	46	-1	0	-1	32	0	0	0	0	0	-1	45	0	0	0	46
c9823	31	0	46	29	-1	6	0	0	0	34	-1	-1	0	30	0	-1	0	0	0	32	-1	0	-1	0	0	0	0	0	-1	0
c9828	0	0	-1	29	-1	20	0	1	-1	39	42	-1	18	0	0	0	-1	0	-1	-1	-1	0	46	30	17	0	33	8	0	25
c9830	0	27	0	29	-1	-1	0	-1	0	0	19	-1	0	-1	23	0	-1	0	-1	-1	0	-1	46	-1	0	0	39	0	45	0
c9833	0	0	0	29	-1	12	41	27	0	0	0	-1	0	0	0	0	18	0	0	1	-1	0	-1	0	0	12	-1	0	27	27
c9852	-1	-1	0	-1	-1	0	43	-1	0	-1	0	-1	0	43	0	0	0	0	15	0	0	0	20	0	0	0	0	0	0	29
c9864	37	1	-1	-1	-1	-1	0	35	29	0	0	-1	0	0	42	0	0	0	-1	0	-1	-1	40	0	17	0	0	0	-1	-1
c9877	-1	0	-1	-1	-1	-1	0	-1	31	0	29	-1	0	-1	0	-1	0	0	0	-1	0	48	0	0	0	44	-1	0	39	0
c9883	0	48	0	29	-1	46	0	0	-1	-1	29	-1	0	-1	46	0	0	-1	0	-1	0	-1	0	0	0	0	-1	0	0	0
c9915	-1	0	46	29	-1	0	-1	0	0	39	8	-1	0	27	-1	0	-1	0	0	0	-1	0	0	0	0	0	-1	0	-1	25
c9934	0	19	-1	-1	-1	13	42	27	0	-1	11	-1	-1	0	0	16	0	-1	0	0	0	0	0	14	0	0	0	29	27	0
c9935	0	0	0	29	-1	13	42	-1	-1	21	11	-1	-1	0	0	16	0	0	0	0	-1	-1	0	14	0	0	-1	29	27	0
c9940	0	0	46	29	-1	0	-1	1	0	-1	-1	-1	40	0	0	-1	6	0	46	44	-1	0	46	30	0	0	0	0	0	25
c9943	0	8	46	29	-1	0	0	-1	-1	39	42	-1	0	0	0	-1	42	0	0	0	-1	5	0	6	0	0	0	0	0	-1
c9959	0	0	-1	29	-1	0	-1	0	0	18	-1	-1	1	0	0	20	-1	-1	0	-1	0	-1	0	-1	46	8	12	0	-1	0
c9978	0	-1	15	-1	-1	0	0	27	46	0	0	-1	26	-1	-1	0	-1	0	0	-1	0	45	0	0	-1	0	-1	30	-1	0
c9979	0	-1	15	-1	-1	0	0	27	-1	0	0	-1	26	-1	0	0	-1	0	0	-1	0	45	0	0	-1	0	0	30	27	-1
c9987	0	17	-1	-1	-1	8	-1	-1	0	-1	0	-1	0	-1	-1	0	0	-1	25	0	0	0	0	35	27	0	-1	-1	-1	42
c10030	-1	0	0	29	-1	0	-1	-1	0	-1	-1	-1	0	42	0	0	37	8	0	-1	8	0	0	-1	-1	-1	45	0	0	27
c10049	-1	0	0	29	-1	14	0	-1	-1	0	0	-1	0	0	-1	-1	0	-1	45	-1	30	0	0	29	0	0	0	0	0	0
c10054	0	46	0	29	-1	0	-1	0	-1	-1	0	-1	44	0	-1	14	0	-1	46	-1	0	0	0	0	0	0	-1	0	0	0
c10065	46	0	0	-1	-1	-1	0	0	-1	-1	0	-1	0	30	0	0	0	-1	0	14	0	-1	0	0	-1	42	35	0	0	-1
c10066	0	-1	48	29	-1	0	-1	31	43	-1	-1	-1	-1	0	0	-1	0	0	45	-1	12	46	0	0	0	0	0	0	0	0
c10084	0	0	48	29	-1	0	0	31	43	0	-1	-1	-1	0	0	-1	0	0	45	-1	12	46	0	0	0	-1	-1	0	0	0
c10090	0	-1	15	29	-1	0	0	27	0	-1	0	-1	-1	-1	0	0	0	40	14	0	0	45	0	0	17	0	0	-1	-1	0
c10100	11	17	0	29	-1	8	-1	-1	-1	28	30	-1	0	-1	-1	0	0	0	0	0	14	0	0	35	45	0	16	42	0	42
c10104	45	2	0	29	-1	0	1	0	16	-1	-1	-1	27	0	5	0	0	43	8	-1	0	0	-1	-1	-1	6	-1	31	0	0
c10106	45	0	46	29	-1	0	-1	-1	32	-1	8	-1	34	0	-1	0	0	46	33	-1	0	-1	0	31	14	0	0	0	0	0
c10117	0	-1	46	29	-1	0	46	6	-1	-1	-1	-1	0	0	0	5	42	0	25	0	-1	0	0	-1	8	31	-1	0	0	-1
c10142	0	0	0	29	-1	-1	0	0	0	0	0	-1	-1	30	46	42	0	0	0	0	0	42	0	-1	-1	46	0	0	39	42
c10147	0	0	-1	-1	-1	0	0	0	0	0	8	-1	1	-1	0	20	37	0	-1	-1	0	0	0	0	0	-1	0	0	15	0
c10148	12	0	0	-1	-1	-1	0	27	0	21	0	-1	-1	0	-1	0	14	-1	-1	0	-1	-1	-1	31	29	46	0	44	27	0
c10164	-1	0	0	29	-1	0	0	-1	0	3	0	-1	0	-1	0	0	46	0	-1	14	0	-1	0	0	10	0	0	0	46	0
c10172	0	27	0	29	-1	-1	11	0	-1	0	-1	-1	0	0	-1	-1	0	0	-1	-1	-1	37	0	-1	-1	0	0	0	-1	0
c10179	0	0	42	-1	-1	0	0	45	0	0	1	-1	0	0	19	27	0	0	-1	-1	8	17	-1	0	0	0	-1	0	23	0
c10182	34	-1	-1	29	-1	0	0	27	6	0	-1	-1	0	-1	0	-1	0	0	0	0	-1	45	-1	0	0	-1	0	30	27	0
c10206	42	0	0	29	-1	-1	25	-1	6	14	0	-1	0	0	0	15	-1	-1	29	-1	0	0	0	0	0	0	-1	2	6	12
c10209	18	8	0	-1	-1	0	17	0	0	15	0	-1	12	0	0	0	0	46	0	-1	0	16	-1	0	0	-1	-1	0	0	0
c10265	-1	30	-1	29	-1	0	0	27	0	0	0	-1	-1	0	0	0	0	-1	0	0	-1	24	39	24	46	-1	-1	46	27	-1
c10278	11	17	0	-1	-1	8	-1	-1	-1	-1	30	-1	0	-1	-1	0	0	0	-1	0	0	0	0	35	0	0	0	42	27	-1
c10286	6	0	0	29	-1	0	0	0	0	0	0	-1	-1	0	42	-1	8	48	0	0	0	0	0	0	-1	37	-1	0	45	0
c10296	0	0	16	-1	-1	-1	0	-1	-1	45	0	-1	0	30	-1	6	0	-1	0	0	0	0	0	12	0	46	0	0	0	42
c10297	-1	0	16	-1	-1	-1	0	0	0	0	0	-1	0	30	46	6	0	-1	0	0	0	0	0	12	0	46	0	0	0	42
c10320	0	17	-1	-1	-1	0	-1	19	0	0	-1	-1	0	15	-1	0	0	15	0	44	38	0	0	35	35	0	0	0	0	0
c10323	0	17	-1	-1	-1	0	-1	19	0	0	0	-1	-1	-1	-1	-1	0	15	0	0	0	0	0	35	25	-1	0	0	0	0
c10331	18	8	0	29	-1	0	8	0	0	0	0	-1	-1	-1	0	27	-1	0	-1	-1	0	-1	-1	0	0	0	-1	0	0	0
c10360	14	0	46	29	-1	1	0	0	0	39	-1	-1	46	0	-1	-1	-1	40	0	0	-1	0	0	0	0	0	0	-1	-1	25
c10393	0	-1	-1	29	-1	0	0	5	0	41	46	-1	0	0	0	0	37	8	0	-1	0	0	0	17	0	0	0	40	0	-1
c10401	-1	0	-1	29	-1	0	0	27	0	0	-1	-1	0	-1	-1	0	0	0	5	0	46	-1	0	0	0	-1	0	30	-1	0
c10402	-1	31	-1	29	-1	0	0	-1	0	9	0	-1	-1	0	0	0	0	45	50	-1	0	17	0	0	0	42	0	0	0	6
c10408	34	0	15	29	-1	0	-1	27	6	0	0	-1	0	-1	37	42	0	-1	-1	0	46	45	0	0	0	0	-1	30	-1	0
c10410	31	0	-1	29	-1	0	0	0	-1	-1	-1	-1	0	30	46	-1	-1	-1	0	32	-1	0	0	0	0	0	-1	0	10	0
c10426	0	-1	0	-1	-1	0	-1	0	16	-1	0	-1	0	11	0	29	-1	17	0	-1	0	0	0	6	-1	0	0	27	0	0
c10429	-1	0	0	29	-1	0	-1	-1	0	-1	10	-1	0	0	50	0	8	-1	0	-1	0	0	0	0	0	0	0	31	0	0
c10443	45	0	0	29	-1	0	1	0	-1	29	0	-1	0	-1	0	0	0	0	0	-1	32	-1	0	0	46	-1	0	-1	6	-1
c10444	0	0	-1	29	-1	-1	0	0	-1	41	46	-1	0	0	0	0	37	8	-1	-1	-1	0	0	17	0	0	0	26	0	-1
c10461	44	8	46	29	-1	0	0	0	16	39	-1	-1	0	0	0	32	-1	39	0	0	-1	0	0	0	0	0	0	0	0	-1
c10468	0	46	0	29	-1	-1	0	-1	29	0	29	-1	0	30	46	-1	0	-1	0	0	0	42	0	0	0	0	-1	-1	-1	0
c10481	0	46	0	29	-1	46	0	0	0	39	29	-1	-1	30	46	-1	0	-1	0	0	0	42	0	0	0	-1	-1	0	0	0
c10493	31	0	46	29	-1	6	0	0	0	34	-1	-1	0	-1	0	-1	0	0	0	32	0	0	15	0	0	0	0	0	-1	0
c10496	0	0	27	29	-1	0	0	0	-1	-1	0	-1	0	12	-1	0	0	0	-1	0	-1	0	42	0	42	0	-1	0	0	0
c10501	0	0	-1	29	-1	-1	41	27	-1	0	0	-1	0	0	0	0	18	0	-1	18	0	0	0	24	0	12	46	0	27	0
c10503	0	0	0	29	-1	0	6	27	-1	0	0	-1	-1	0	-1	-1	0	0	0	-1	0	-1	-1	24	0	12	0	0	27	0
c10531	14	0	46	29	-1	-1	0	0	0	-1	42	-1	0	0	-1	-1	16	-1	0	0	-1	29	0	0	0	46	0	0	-1	25
c10549	45	0	46	29	-1	8	1	0	0	29	0	-1	0	31	0	0	-1	0	27	-1	0	0	0	0	0	0	0	31	0	0
c10550	46	30	0	29	-1	0	-1	-1	11	-1	0	-1	-1	-1	0	0	0	0	0	-1	0	0	0	-1	46	12	-1	0	27	0
c10556	-1	0	-1	29	-1	0	0	-1	0	0	0	-1	0	0	0	0	0	-1	0	-1	0	0	11	27	-1	42	0	37	0	6
c10566	0	0	0	29	-1	0	23	0	-1	0	0	-1	0	30	-1	-1	-1	5	0	24	-1	0	0	0	0	0	0	0	-1	0
c10570	45	-1	0	29	-1	0	1	0	0	29	0	-1	-1	0	0	-1	0	0	0	-1	0	0	8	0	0	0	-1	-1	6	0
c10572	0	0	0	29	-1	0	0	-1	-1	-1	0	-1	0	0	0	-1	0	46	-1	-1	0	35	-1	-1	0	0	0	0	0	0
c10573	0	0	0	29	-1	0	0	-1	-1	-1	0	-1	0	0	0	0	-1	46	33	-1	0	35	0	0	0	0	0	0	0	0
c10581	0	-1	46	29	-1	0	0	19	0	0	-1	-1	0	43	-1	0	0	-1	15	0	26	0	20	0	0	0	0	0	0	29
c10589	0	41	0	29	-1	0	23	-1	17	0	0	-1	0	30	-1	-1	0	0	29	36	0	-1	48	-1	0	-1	0	38	0	0
c10595	0	0	-1	-1	-1	12	41	27	0	-1	0	-1	0	-1	0	0	18	-1	0	0	0	0	0	0	-1	12	0	0	27	0
c10597	0	0	0	29	-1	0	0	0	0	-1	0	-1	-1	0	0	20	0	0	12	-1	32	0	-1	0	-1	6	0	11	0	-1
c10608	-1	6	12	29	-1	0	0	-1	0	48	18	-1	0	0	0	42	0	-1	0	0	0	0	0	-1	0	0	0	0	0	6
c10631	45	-1	0	29	-1	0	0	0	0	0	9	-1	0	0	17	0	17	-1	-1	-1	-1	0	0	0	10	-1	0	0	-1	12
c10639	-1	8	46	29	-1	-1	0	0	16	39	-1	-1	31	0	0	0	-1	0	0	0	-1	0	0	0	0	0	0	-1	0	25
c10642	45	-1	0	29	-1	0	0	0	20	46	0	-1	0	0	0	-1	-1	42	0	0	0	0	18	0	0	0	0	0	0	12
c10651	45	0	35	29	-1	50	-1	0	6	-1	-1	-1	0	0	0	44	0	0	0	45	0	0	0	0	0	0	0	0	6	12
c10656	45	35	0	29	-1	0	-1	0	-1	29	0	-1	-1	0	-1	0	11	-1	0	-1	-1	0	0	0	0	0	0	31	0	0
c10658	-1	29	0	-1	-1	0	0	0	0	34	-1	-1	0	30	46	-1	-1	0	0	32	0	0	0	0	0	-1	-1	-1	10	0
c10660	0	27	0	29	-1	-1	0	-1	0	0	0	-1	27	0	7	0	0	0	0	-1	0	0	0	-1	0	-1	-1	-1	0	-1
c10661	0	27	-1	29	-1	-1	-1	0	0	0	0	-1	-1	0	7	0	0	0	0	-1	0	0	0	-1	0	0	0	0	0	0
c10671	0	-1	0	-1	-1	0	0	27	0	-1	-1	-1	-1	-1	-1	0	14	0	0	0	0	0	0	29	24	46	14	0	-1	0
c10672	19	0	46	29	-1	0	0	0	0	39	42	-1	42	0	0	-1	0	0	46	0	-1	0	0	-1	-1	0	0	0	0	25
c10674	0	27	0	29	-1	-1	0	0	-1	0	0	-1	27	31	7	0	-1	-1	0	-1	0	-1	0	-1	-1	-1	0	0	0	11
c10676	37	0	-1	29	-1	-1	0	0	-1	0	8	-1	1	0	0	20	-1	0	0	-1	0	0	0	0	0	0	0	-1	0	0
c10685	45	0	0	29	-1	0	-1	0	0	-1	0	-1	0	0	0	0	0	0	8	-1	37	0	0	0	-1	6	0	31	0	50
c10705	0	0	0	29	-1	0	23	0	-1	0	0	-1	0	30	0	-1	0	42	0	0	-1	-1	42	0	10	0	0	0	10	0
c10717	-1	0	0	29	-1	0	0	29	0	9	0	-1	0	0	0	0	-1	45	29	0	0	0	0	0	0	-1	31	-1	0	6
c10723	14	-1	-1	29	-1	1	-1	0	0	39	42	-1	0	-1	-1	-1	16	40	-1	0	-1	0	0	0	0	0	0	0	-1	25
c10731	0	-1	0	29	-1	46	-1	17	29	-1	29	-1	0	30	46	0	0	-1	0	0	-1	42	0	0	0	0	46	0	0	0
c10732	0	-1	0	29	-1	0	41	27	0	-1	8	-1	0	0	0	0	-1	6	0	-1	0	-1	0	0	29	12	0	0	27	0
c10739	0	-1	0	-1	-1	0	0	27	0	-1	0	-1	-1	0	0	-1	14	0	0	0	0	0	-1	29	24	46	0	0	27	0
c10753	0	46	14	29	-1	-1	-1	-1	0	-1	0	-1	0	0	0	0	33	0	46	-1	0	0	0	0	-1	6	0	0	6	0
c10759	0	8	0	29	-1	0	35	-1	42	0	0	-1	0	0	0	0	0	14	45	-1	12	0	-1	0	0	0	-1	0	-1	15
c10768	0	-1	46	29	-1	0	-1	-1	0	-1	26	-1	0	27	-1	0	0	0	0	0	-1	0	0	0	0	-1	25	-1	17	-1
c10769	0	0	46	29	-1	-1	-1	12	0	39	26	-1	0	27	-1	0	0	0	0	0	-1	0	-1	0	0	-1	-1	0	17	25
c10783	0	17	0	29	-1	0	0	0	30	0	0	-1	-1	30	0	8	-1	0	0	0	39	0	0	45	15	29	42	-1	0	-1
c10786	0	0	27	29	-1	-1	0	0	-1	0	-1	-1	31	0	0	0	-1	0	-1	-1	12	-1	-1	0	45	-1	0	0	0	-1
c10788	0	0	-1	29	-1	46	0	-1	-1	0	13	-1	0	30	46	0	0	-1	0	0	0	42	0	-1	0	46	39	-1	0	42
c10794	0	1	0	29	-1	0	0	35	0	-1	0	-1	15	0	42	0	0	-1	32	0	0	0	40	0	0	16	0	-1	0	19
c10802	0	0	0	29	-1	0	0	46	0	41	46	-1	0	0	-1	0	37	-1	0	-1	0	0	0	17	0	0	0	-1	0	16
c10832	-1	0	0	-1	-1	0	35	0	32	20	-1	-1	23	0	0	0	-1	15	-1	0	12	0	0	0	0	0	11	0	0	0
c10852	46	17	0	29	-1	-1	46	0	30	48	0	-1	0	30	0	-1	0	0	0	2	17	0	0	45	15	29	-1	0	0	0
c10867	0	0	0	29	-1	0	0	0	43	-1	11	-1	-1	0	-1	48	0	39	45	0	12	46	-1	0	0	0	0	0	-1	0
c10880	0	0	-1	-1	-1	0	0	0	0	39	42	-1	0	-1	-1	0	0	0	46	37	-1	0	6	0	0	0	0	-1	0	25
c10889	0	0	-1	29	-1	12	-1	-1	35	-1	0	-1	-1	8	0	20	-1	-1	8	-1	0	2	0	-1	-1	0	-1	-1	0	-1
c10904	-1	0	12	29	-1	0	0	0	0	0	0	-1	0	15	36	0	0	45	0	0	46	0	0	1	-1	0	-1	0	0	-1
c10906	0	17	0	29	-1	0	-1	-1	0	0	0	-1	0	15	-1	-1	0	15	0	0	-1	0	0	35	-1	8	-1	-1	0	0
c10908	31	-1	46	29	-1	-1	0	0	0	34	-1	-1	0	30	-1	-1	0	0	0	32	0	-1	15	0	0	0	0	17	-1	-1
c10909	-1	-1	46	29	-1	-1	-1	0	0	-1	-1	-1	0	30	0	-1	0	0	0	32	0	0	15	0	0	0	0	-1	0	0
c10914	0	46	14	29	-1	27	-1	-1	-1	-1	0	-1	0	0	28	0	33	0	46	-1	0	0	0	0	-1	6	0	46	6	0
c10923	0	0	-1	29	-1	46	0	-1	0	0	0	-1	0	-1	-1	0	-1	-1	0	28	-1	0	0	0	8	-1	-1	0	0	0
c10928	0	-1	46	29	-1	0	-1	1	-1	39	42	-1	0	-1	0	0	0	0	46	0	-1	0	0	30	0	8	0	0	42	25
c10930	0	-1	0	29	-1	-1	0	0	0	0	0	-1	0	11	23	-1	46	0	0	-1	0	0	0	-1	0	0	39	0	45	0
c10952	0	-1	0	29	-1	-1	0	0	-1	41	46	-1	28	0	0	0	37	-1	0	-1	0	0	0	17	-1	29	0	0	0	16
c10955	-1	0	0	29	-1	0	0	-1	0	9	50	-1	0	0	0	0	0	45	0	0	0	0	0	0	0	0	0	-1	0	6
c10956	0	0	16	29	-1	46	0	0	0	0	0	-1	0	30	46	0	0	0	0	0	0	-1	16	0	0	-1	0	46	0	-1
c10959	0	-1	0	29	-1	0	23	0	17	-1	-1	-1	0	30	31	-1	0	0	0	39	42	-1	0	-1	10	-1	0	0	0	0
c10960	45	0	45	29	-1	0	0	48	16	0	0	-1	37	-1	0	0	-1	42	0	-1	46	0	0	0	37	0	17	0	16	12
c10967	0	6	-1	-1	-1	0	12	0	-1	17	0	-1	0	0	-1	0	-1	33	-1	-1	-1	0	35	0	-1	0	11	-1	-1	0
c10968	0	17	8	29	-1	17	25	-1	-1	0	46	-1	0	0	0	-1	42	44	0	0	-1	17	32	-1	15	0	-1	0	0	42
c10977	46	0	42	-1	-1	12	0	0	0	-1	-1	-1	-1	30	0	0	0	-1	0	14	-1	-1	0	-1	-1	-1	-1	0	0	0
c10984	31	-1	0	29	-1	0	-1	0	0	34	-1	-1	-1	30	46	-1	0	0	0	32	0	0	-1	0	0	0	-1	-1	10	0
c10987	0	16	-1	29	-1	46	0	0	0	39	42	-1	0	0	46	5	0	0	46	0	-1	17	0	46	0	24	0	-1	19	25
c10988	50	-1	46	-1	-1	-1	0	1	0	-1	42	-1	11	-1	0	0	0	-1	-1	0	-1	0	-1	30	0	0	19	0	0	-1
c11012	39	-1	31	29	-1	29	23	-1	-1	44	-1	-1	24	30	31	-1	0	-1	0	-1	42	0	0	10	10	-1	0	42	0	0
c11019	0	-1	16	29	-1	-1	0	0	0	0	0	-1	0	30	-1	0	33	0	0	-1	0	0	-1	0	0	-1	0	0	35	0
c11021	0	0	0	-1	-1	-1	0	0	45	0	0	-1	-1	-1	0	0	46	0	45	0	12	12	0	-1	0	0	0	-1	0	0
c11044	-1	-1	0	-1	-1	0	0	27	0	21	0	-1	-1	0	-1	0	14	0	0	0	-1	0	0	29	24	-1	14	0	27	0
c11045	0	-1	0	-1	-1	0	-1	27	0	21	0	-1	-1	0	-1	0	14	0	0	0	0	0	0	29	24	46	14	-1	27	0
c11066	-1	0	-1	29	-1	-1	0	-1	0	-1	46	-1	0	42	0	0	37	8	-1	-1	0	0	0	17	7	-1	0	0	0	0
c11068	10	0	-1	-1	-1	32	2	27	0	21	42	-1	25	-1	0	0	-1	0	0	0	0	0	29	0	0	46	0	-1	27	-1
c11069	10	0	11	-1	-1	-1	2	27	0	21	42	-1	25	0	0	-1	-1	0	0	-1	0	0	-1	0	-1	46	0	0	27	0
c11090	-1	0	0	29	-1	12	41	27	0	0	0	-1	0	0	0	0	18	-1	-1	0	0	37	0	8	10	12	0	-1	27	0
c11108	0	0	0	29	-1	-1	0	-1	0	-1	0	-1	0	0	0	-1	0	-1	-1	-1	0	35	0	0	0	0	0	0	0	0
c11115	0	0	35	29	-1	46	0	0	-1	0	0	-1	0	30	46	0	0	-1	0	-1	0	0	0	12	31	17	-1	0	0	0
c11117	0	-1	46	29	-1	0	-1	0	0	39	42	-1	0	0	0	-1	42	0	25	0	-1	0	-1	0	-1	0	0	-1	0	25
c11126	0	39	-1	29	-1	0	0	-1	-1	0	0	-1	0	0	-1	0	0	0	33	-1	0	35	0	45	0	-1	10	0	-1	48
c11127	-1	39	0	29	-1	0	0	-1	0	0	-1	-1	0	0	0	0	0	0	33	-1	0	35	0	45	0	16	10	-1	0	48
c11130	6	0	0	29	-1	0	45	11	0	0	0	-1	0	0	42	31	0	0	0	0	-1	0	-1	-1	45	0	-1	-1	45	8
c11131	6	0	0	-1	-1	0	45	11	0	0	0	-1	0	0	42	-1	0	0	0	0	-1	0	-1	0	45	0	0	-1	45	8
c11140	46	17	14	29	-1	0	-1	-1	30	48	0	-1	0	30	0	8	7	0	-1	0	17	0	0	45	-1	29	0	-1	0	0
c11142	0	45	0	-1	-1	33	2	27	0	21	0	-1	25	0	0	0	14	0	0	0	-1	-1	0	0	0	46	29	0	27	0
c11144	0	-1	0	29	-1	0	-1	27	-1	0	8	-1	0	0	46	0	18	6	0	-1	0	0	0	0	-1	-1	0	0	-1	38
c11150	0	0	0	29	-1	0	-1	-1	0	-1	0	-1	0	-1	29	0	-1	-1	0	0	42	0	0	42	12	-1	-1	17	0	-1
c11151	0	0	0	29	-1	-1	0	-1	0	-1	-1	-1	0	-1	-1	0	-1	-1	0	0	42	0	-1	42	12	-1	0	17	-1	-1
c11170	45	0	46	-1	-1	-1	-1	0	0	29	0	-1	0	0	0	-1	0	0	27	-1	-1	0	-1	-1	-1	0	0	31	0	23
c11171	45	0	46	29	-1	0	1	0	0	29	0	-1	0	0	0	-1	0	0	-1	-1	-1	-1	46	45	-1	0	0	31	0	-1
c11178	-1	0	-1	29	-1	0	0	0	0	24	8	-1	1	0	-1	20	37	-1	0	-1	0	0	0	0	0	0	0	0	0	0
c11184	-1	-1	0	-1	-1	0	23	0	17	44	14	-1	0	30	31	-1	0	0	0	39	42	0	-1	10	10	-1	0	0	0	0
c11191	0	0	0	29	-1	0	0	-1	6	-1	29	-1	21	0	0	0	0	-1	0	12	0	0	0	0	0	0	0	0	46	12
c11193	-1	0	8	-1	-1	-1	-1	0	0	0	-1	-1	0	0	0	0	0	0	0	-1	-1	-1	0	46	16	-1	0	0	0	0
c11208	-1	0	0	29	-1	0	0	-1	0	41	46	-1	0	42	0	0	37	8	-1	-1	0	0	0	-1	0	-1	0	0	0	0
c11209	27	0	0	29	-1	-1	-1	0	0	-1	46	-1	0	-1	0	0	37	8	0	-1	0	0	0	17	-1	0	0	0	0	0
c11221	45	0	0	29	-1	0	1	0	27	-1	6	-1	0	-1	0	0	0	0	0	-1	0	0	-1	-1	0	-1	0	-1	0	0
c11235	0	0	0	-1	-1	0	2	27	0	-1	0	-1	25	0	0	0	14	0	0	50	8	0	0	0	0	46	0	0	27	-1
c11236	0	0	0	29	-1	0	-1	45	-1	26	0	-1	14	-1	42	-1	0	0	42	-1	0	-1	45	0	0	-1	-1	41	-1	0
c11241	46	0	0	29	-1	12	0	-1	0	0	0	-1	0	-1	31	23	0	40	0	14	0	0	0	0	0	42	0	0	0	0
c11243	0	0	0	-1	-1	0	2	27	37	21	0	-1	25	29	0	0	14	0	0	0	-1	0	-1	0	-1	-1	0	0	27	0
c11244	0	17	-1	-1	-1	8	-1	-1	0	28	0	-1	0	-1	-1	0	0	-1	25	0	-1	-1	0	35	27	0	0	-1	0	42
c11248	-1	-1	-1	-1	-1	0	26	-1	-1	48	0	-1	0	-1	0	8	0	0	35	-1	0	0	0	-1	15	29	0	19	0	0
c11258	0	-1	0	29	-1	0	45	19	0	24	-1	-1	0	0	-1	-1	0	0	0	0	-1	0	46	0	-1	0	0	-1	34	-1
c11261	0	-1	0	29	-1	29	23	-1	17	44	0	-1	0	30	31	-1	-1	-1	0	39	42	0	-1	10	10	0	0	42	0	0
c11266	0	0	-1	29	-1	-1	0	16	0	0	0	-1	0	0	-1	29	29	0	0	-1	0	0	-1	6	-1	0	0	0	-1	0
c11270	0	-1	-1	-1	-1	0	-1	0	0	39	-1	-1	0	27	-1	0	0	0	0	0	-1	0	0	0	0	0	-1	0	-1	25
c11273	0	0	0	29	-1	14	-1	-1	0	0	0	-1	0	0	0	-1	-1	0	45	-1	0	0	0	-1	0	-1	0	0	0	-1
c11282	0	0	-1	29	-1	0	-1	0	0	39	0	-1	-1	27	-1	0	0	0	0	0	-1	0	0	0	0	0	25	0	17	25
c11283	0	0	46	29	-1	0	-1	0	0	39	0	-1	0	27	-1	0	0	0	0	0	-1	0	0	-1	-1	0	25	0	17	25
c11291	0	-1	-1	29	-1	-1	-1	19	0	19	0	-1	0	15	-1	0	45	15	0	0	0	0	-1	35	0	-1	-1	0	0	0
c11309	19	-1	46	29	-1	0	0	0	41	39	42	-1	42	0	0	0	-1	0	46	0	-1	0	0	0	0	0	0	0	0	25
c11311	19	0	46	29	-1	0	0	0	41	39	42	-1	-1	0	0	0	-1	0	46	0	-1	0	0	-1	0	0	42	0	0	25
c11317	-1	0	15	29	-1	0	0	27	0	0	0	-1	-1	-1	0	-1	-1	34	-1	-1	0	45	0	0	-1	-1	21	30	27	0
c11322	31	0	-1	29	-1	0	-1	0	0	34	-1	-1	0	30	46	-1	0	0	0	32	0	0	0	0	0	0	-1	0	10	0
c11331	-1	0	0	29	-1	39	0	0	0	0	0	-1	-1	-1	-1	18	-1	0	0	14	0	0	31	35	-1	-1	0	0	-1	0
c11335	0	0	-1	29	-1	46	0	0	0	-1	-1	-1	0	-1	46	0	0	-1	-1	-1	0	0	0	42	0	0	-1	0	0	-1
c11336	0	27	0	29	-1	-1	0	0	0	0	0	-1	-1	-1	23	0	0	0	0	-1	0	0	0	-1	0	0	0	0	0	0
c11337	0	27	0	29	-1	-1	0	0	0	0	0	-1	0	0	23	0	0	0	0	-1	0	-1	0	-1	-1	0	0	-1	0	0
c11362	0	-1	48	-1	-1	0	0	-1	33	0	-1	-1	0	0	0	25	0	46	0	0	45	0	0	0	39	0	-1	-1	-1	-1
c11370	0	0	0	29	-1	0	-1	0	19	41	46	-1	0	0	0	0	37	8	0	-1	0	0	0	17	0	0	0	26	0	16
c11375	-1	0	-1	-1	-1	0	2	-1	0	21	0	-1	25	0	0	0	14	0	0	-1	0	-1	0	0	0	46	0	0	27	0
