	0	1	2	3	4	5	6	7	8	9	10	11	12	13	14	15	16	17	18	19	20	21	22	23	24	25	26	27	28	29
c763	6	14	28	-1	-1	15	-1	-1	-1	38	-1	6	0	6	0	24	0	0	-1	-1	20	0	0	45	44	0	-1	19	0	0
c1095	0	17	-1	0	0	0	14	0	0	32	-1	15	37	0	0	48	32	24	33	-1	36	0	0	39	14	0	-1	-1	18	0
c1268	0	0	-1	32	46	0	0	37	0	35	10	-1	0	0	0	0	37	0	40	0	45	33	0	32	14	-1	38	14	25	0
c1327	0	-1	-1	0	7	-1	18	0	-1	0	0	-1	0	6	26	24	3	-1	0	46	0	-1	0	0	0	0	0	-1	0	0
c1421	0	0	-1	0	0	0	0	0	34	0	50	-1	0	0	6	0	48	0	38	0	-1	40	47	-1	30	38	0	1	50	48
c1490	0	7	-1	0	-1	0	0	0	0	0	0	-1	0	40	-1	0	14	-1	9	0	0	0	-1	6	-1	6	-1	0	-1	0
c1502	0	0	-1	-1	0	-1	0	-1	0	50	-1	0	0	10	0	1	48	0	0	-1	0	40	6	-1	0	26	0	-1	50	0
c1706	-1	0	-1	0	0	0	-1	0	0	32	40	15	37	-1	0	0	-1	0	0	0	-1	0	0	0	14	0	21	0	0	-1
c1767	0	0	0	0	0	-1	-1	-1	40	0	0	0	0	6	26	-1	3	0	14	0	-1	-1	0	25	0	-1	-1	-1	0	0
c1780	0	-1	-1	0	-1	0	0	0	-1	0	0	0	0	10	0	0	48	38	0	25	0	40	6	-1	0	-1	0	-1	50	0
c1782	0	7	0	46	38	-1	27	0	-1	0	0	18	0	0	0	-1	14	0	0	16	0	-1	10	6	27	-1	0	0	-1	0
c1841	25	-1	26	41	0	7	0	41	40	0	0	-1	0	-1	0	-1	-1	0	6	0	-1	0	0	0	-1	6	0	-1	43	0
c1866	0	0	0	32	-1	0	32	0	0	35	10	-1	14	6	0	0	-1	0	40	40	-1	33	30	0	14	-1	0	14	0	44
c1895	-1	-1	24	0	-1	0	24	0	0	-1	50	-1	0	0	0	0	48	0	0	0	0	-1	-1	0	-1	0	-1	-1	50	-1
c2000	0	7	0	0	0	0	0	0	-1	0	-1	-1	0	0	0	16	-1	0	0	0	0	0	10	43	27	-1	0	-1	33	0
c2075	0	18	24	26	0	0	0	-1	0	0	50	33	0	30	0	0	48	0	-1	47	46	40	0	-1	0	0	-1	0	50	0
c2083	0	0	24	-1	0	0	-1	0	21	0	0	0	0	10	0	0	48	0	0	-1	47	-1	0	-1	0	-1	-1	-1	50	0
c2153	-1	-1	40	17	46	-1	0	-1	33	0	-1	15	0	46	-1	33	-1	30	38	0	0	0	0	0	14	0	-1	26	-1	0
c2166	46	-1	-1	0	-1	15	-1	0	-1	0	-1	6	0	-1	0	24	20	0	0	-1	45	-1	26	45	-1	45	0	0	0	0
c2227	-1	-1	0	0	0	-1	-1	0	40	34	0	0	0	6	-1	-1	-1	0	0	0	-1	-1	0	0	0	0	0	0	0	0
c2304	50	0	-1	0	41	24	6	24	-1	0	0	17	11	-1	-1	0	48	0	26	0	0	-1	0	30	0	-1	0	-1	50	0
c2336	0	0	0	32	0	33	0	37	0	35	10	-1	0	0	5	0	0	-1	40	0	0	33	0	32	14	8	0	14	43	48
c2406	-1	0	0	3	0	0	0	-1	-1	24	-1	0	0	6	50	24	-1	0	-1	10	0	0	0	0	44	0	0	0	0	0
c2413	0	47	0	0	5	-1	0	0	0	0	-1	15	0	0	0	27	0	30	38	26	0	0	0	27	14	50	0	-1	6	0
c2420	-1	-1	24	6	0	0	0	24	0	0	0	17	0	0	27	11	48	34	-1	-1	0	0	36	0	0	0	0	0	-1	-1
c2430	0	-1	24	0	18	0	0	0	0	0	50	0	0	0	0	0	48	0	25	-1	0	40	48	0	-1	-1	0	21	50	0
c2444	14	0	-1	0	6	15	0	0	-1	0	0	6	-1	6	0	24	20	0	0	-1	0	40	0	45	44	45	0	0	0	0
c2499	0	-1	0	32	0	0	0	0	0	35	-1	24	0	0	0	25	-1	0	40	0	-1	33	-1	0	14	27	0	-1	0	-1
c2519	18	23	0	35	0	24	0	0	14	0	5	-1	-1	0	0	0	0	0	33	50	-1	-1	-1	-1	14	24	0	30	0	0
c2553	40	0	24	0	0	0	0	24	0	0	0	0	-1	41	-1	47	-1	15	0	0	0	-1	11	0	0	14	30	0	50	0
c2592	0	0	38	-1	-1	-1	0	0	0	32	-1	15	37	0	0	33	-1	0	21	-1	0	0	5	0	14	0	21	0	0	0
c2606	24	-1	-1	0	-1	0	0	0	47	38	-1	0	0	37	46	0	16	-1	0	0	0	0	-1	0	-1	6	3	0	0	-1
c2617	0	0	24	0	0	0	40	18	0	0	0	-1	0	0	-1	-1	48	0	0	0	48	46	0	0	-1	0	0	27	50	40
c2623	0	0	45	0	44	-1	0	26	40	0	0	-1	25	6	26	24	3	0	0	-1	0	-1	0	0	0	0	1	-1	30	0
c2646	0	0	24	1	41	-1	0	0	0	0	-1	0	0	10	30	0	48	0	0	25	0	40	0	-1	-1	-1	0	-1	50	-1
c2691	24	0	30	0	26	0	41	0	47	38	-1	33	0	0	-1	0	16	-1	0	0	0	0	-1	0	0	6	3	0	-1	0
c2707	0	32	-1	0	-1	40	0	0	0	15	0	-1	38	40	-1	40	0	0	0	23	0	-1	0	-1	10	-1	-1	32	24	-1
c2738	0	0	24	0	-1	-1	0	24	0	0	0	-1	0	0	27	-1	-1	-1	26	0	45	0	0	33	45	-1	0	14	50	-1
c2770	-1	-1	0	0	0	-1	8	0	40	0	0	-1	0	-1	26	24	3	0	0	-1	0	-1	0	0	-1	0	0	0	33	-1
c2788	30	-1	-1	0	0	0	0	0	0	14	0	6	0	0	0	0	48	26	0	0	44	0	-1	26	0	0	0	30	50	40
c2789	-1	0	-1	0	0	0	-1	-1	0	0	0	0	0	-1	0	-1	48	26	0	0	-1	28	-1	26	0	0	0	30	-1	-1
c2795	0	7	0	0	0	24	0	0	-1	32	0	18	0	33	0	-1	-1	-1	0	0	0	0	10	32	27	-1	46	0	-1	-1
c2812	40	-1	24	0	-1	0	0	24	0	0	0	-1	0	0	27	0	48	0	25	46	0	26	0	-1	45	0	0	0	50	0
c2835	0	0	38	0	0	0	0	24	0	32	0	15	37	0	32	-1	48	0	0	0	0	0	40	-1	14	-1	0	-1	0	0
c2889	0	7	-1	0	45	0	0	0	0	0	0	18	43	-1	0	26	14	0	0	-1	0	0	10	0	-1	-1	33	0	33	0
c2900	0	0	-1	0	0	-1	0	24	0	25	6	0	41	0	27	0	48	0	-1	34	43	0	0	0	0	0	16	0	50	0
c2905	46	0	38	-1	-1	0	0	0	0	-1	0	15	37	0	0	0	48	0	0	38	1	3	40	38	14	-1	-1	0	0	0
c2919	0	0	-1	-1	-1	-1	48	-1	-1	0	0	-1	-1	0	27	-1	48	21	0	46	0	26	-1	-1	24	41	-1	0	50	5
c2956	0	-1	24	6	0	0	0	24	0	0	0	17	0	0	27	0	48	0	0	-1	-1	-1	36	0	0	40	0	-1	-1	0
c2991	0	-1	-1	-1	16	0	-1	38	0	-1	-1	0	0	-1	0	0	-1	-1	0	0	0	0	10	0	0	6	43	0	16	0
c3049	-1	7	0	-1	0	0	0	-1	0	33	0	0	-1	-1	0	0	14	0	0	45	0	0	10	0	27	6	0	0	33	0
c3081	0	0	24	-1	-1	25	0	0	-1	43	50	-1	0	46	-1	0	-1	0	0	-1	0	-1	0	6	-1	0	32	-1	50	0
c3110	-1	0	0	0	6	15	0	6	-1	0	0	-1	33	6	0	-1	20	0	0	-1	0	-1	0	45	-1	-1	0	0	10	-1
c3111	0	0	0	0	6	15	0	6	-1	0	0	-1	33	6	0	24	20	0	0	-1	0	-1	0	45	44	-1	0	0	10	6
c3125	30	-1	-1	0	0	-1	26	0	0	-1	0	0	2	0	0	0	48	0	0	0	44	0	-1	0	0	0	0	30	50	-1
c3135	0	7	0	0	-1	0	0	0	0	0	0	18	0	18	-1	0	14	0	0	0	0	0	10	0	-1	6	-1	-1	33	-1
c3142	-1	0	0	3	0	0	-1	0	-1	-1	0	0	0	-1	24	24	25	-1	0	10	0	6	0	26	44	0	0	-1	0	0
c3176	-1	-1	0	0	16	27	-1	-1	0	0	-1	0	0	17	-1	0	-1	0	0	-1	-1	0	10	0	0	6	0	-1	16	0
c3186	40	0	-1	0	-1	0	-1	24	0	0	-1	-1	0	0	27	0	48	0	0	46	-1	26	0	-1	45	0	-1	0	50	0
c3234	6	-1	0	0	5	-1	0	0	-1	40	-1	15	0	0	-1	27	0	30	-1	-1	0	45	-1	27	14	50	0	-1	-1	0
c3238	0	-1	38	-1	0	0	0	1	40	-1	0	15	37	-1	-1	46	48	38	0	38	1	0	-1	0	14	-1	-1	0	0	0
c3255	0	-1	24	0	-1	-1	0	-1	0	0	0	0	0	0	27	0	48	6	0	46	0	26	6	-1	45	0	0	-1	50	0
c3258	30	0	-1	0	0	0	0	0	0	0	-1	0	-1	26	0	2	48	0	0	0	0	0	0	-1	0	0	-1	0	50	40
c3263	0	14	0	-1	26	14	32	0	-1	35	10	24	0	6	25	0	26	0	40	0	-1	-1	0	0	-1	0	33	-1	-1	0
c3265	-1	1	-1	32	0	-1	0	0	0	35	10	0	24	0	-1	0	0	-1	40	0	0	33	0	-1	14	-1	24	14	16	24
c3266	25	0	26	-1	-1	0	25	-1	40	0	0	-1	0	-1	0	0	-1	37	6	-1	-1	0	0	-1	0	6	-1	0	0	0
c3332	0	0	0	32	-1	0	0	6	-1	35	-1	18	0	0	6	25	0	-1	-1	-1	0	33	0	46	14	0	0	-1	0	44
c3334	6	0	28	-1	-1	15	0	-1	-1	0	0	6	0	-1	0	24	44	0	0	-1	20	0	27	45	44	50	0	19	0	0
c3351	0	-1	24	6	6	0	0	24	-1	46	0	17	0	0	27	0	-1	0	26	-1	-1	0	-1	-1	-1	-1	0	37	50	0
c3403	0	-1	24	-1	0	0	18	-1	-1	0	3	17	0	0	27	0	-1	0	17	-1	-1	0	36	0	-1	40	0	-1	-1	0
c3405	-1	0	40	0	-1	-1	0	-1	0	0	-1	15	0	0	0	33	30	30	-1	0	46	0	0	0	14	0	-1	26	6	0
c3409	0	1	0	32	0	24	-1	0	-1	-1	10	6	24	-1	0	-1	0	0	40	0	0	-1	0	-1	14	0	0	14	0	35
c3416	48	-1	0	3	-1	-1	25	0	-1	0	-1	0	0	-1	-1	24	25	0	0	10	40	0	-1	0	44	0	0	0	0	0
c3422	18	0	0	-1	0	-1	0	18	-1	0	5	-1	37	26	0	-1	48	0	33	50	0	0	-1	0	14	-1	0	-1	0	0
c3473	18	23	0	0	0	0	0	0	14	-1	5	-1	-1	-1	0	0	0	0	33	-1	0	0	-1	-1	14	0	-1	30	0	0
c3519	0	0	24	6	-1	0	0	24	0	46	0	17	0	-1	27	0	48	0	25	-1	-1	0	36	-1	24	-1	14	-1	50	0
c3564	-1	7	48	-1	-1	0	0	20	-1	0	0	0	25	0	0	-1	14	0	0	0	0	0	10	24	27	6	0	0	33	0
c3579	0	27	0	32	0	0	0	-1	-1	35	10	0	0	-1	34	25	0	-1	40	0	-1	33	0	-1	-1	0	-1	-1	-1	0
c3603	0	0	38	0	-1	0	0	-1	-1	32	0	15	37	0	32	-1	48	0	0	-1	0	0	40	1	14	26	47	-1	-1	0
c3611	-1	7	28	0	0	0	0	0	0	0	25	0	0	15	0	-1	-1	0	0	0	-1	-1	10	48	-1	6	-1	0	-1	-1
c3634	-1	32	38	0	0	0	0	0	0	32	0	15	37	0	0	0	48	0	0	38	1	-1	40	-1	-1	0	0	0	0	-1
c3638	-1	-1	38	14	6	26	0	0	32	32	-1	15	37	0	0	0	0	0	0	33	0	0	33	-1	-1	45	0	0	0	0
c3646	-1	45	38	0	0	0	0	-1	0	-1	0	15	37	0	30	0	0	0	0	33	-1	0	33	-1	14	0	0	-1	0	0
c3652	-1	0	38	14	0	-1	0	0	-1	32	0	15	37	0	40	0	0	0	0	33	-1	24	33	0	14	0	0	0	-1	0
c3662	0	0	-1	0	0	0	0	26	0	-1	-1	0	0	-1	0	-1	48	0	-1	0	0	0	0	24	-1	0	0	0	50	40
c3675	0	0	0	32	-1	0	-1	37	-1	35	10	26	2	0	5	0	0	27	40	0	0	33	-1	32	14	8	50	14	43	0
c3677	48	-1	14	3	0	0	0	0	-1	33	21	0	-1	6	-1	24	25	43	30	27	-1	1	0	0	44	0	-1	0	0	2
c3698	0	0	0	32	26	0	0	37	-1	35	10	-1	0	-1	0	-1	0	0	40	0	0	33	0	38	-1	0	0	14	0	0
c3703	-1	25	-1	0	0	0	24	-1	-1	25	0	0	0	0	27	33	-1	0	0	0	-1	0	26	0	0	0	16	-1	50	0
c3720	0	7	0	0	0	-1	0	30	0	0	22	0	0	6	0	0	-1	0	0	26	-1	0	10	19	-1	6	46	-1	33	0
c3730	0	0	24	6	0	0	0	24	0	0	-1	17	24	-1	27	0	48	0	-1	-1	-1	-1	36	27	0	-1	0	0	-1	-1
c3736	-1	-1	-1	6	-1	4	0	24	-1	48	0	-1	0	0	27	0	48	-1	-1	-1	-1	0	36	0	25	0	0	0	50	0
c3746	6	0	-1	25	26	-1	0	0	0	0	0	0	-1	6	0	24	-1	0	0	0	0	-1	0	27	0	-1	0	0	0	0
c3768	-1	7	-1	0	30	0	0	0	-1	32	0	0	-1	0	-1	0	-1	0	-1	33	0	24	-1	0	27	6	0	0	33	26
c3786	0	7	0	0	33	-1	7	0	0	9	50	18	0	0	19	0	-1	-1	0	-1	-1	-1	-1	25	27	-1	48	-1	33	0
c3799	0	0	-1	6	0	-1	0	-1	15	0	0	17	0	33	27	0	48	0	0	0	-1	24	36	0	0	0	-1	0	50	0
c3817	0	0	-1	32	0	14	32	0	0	35	10	0	0	6	25	0	0	0	40	0	-1	-1	0	0	-1	0	33	14	0	0
c3818	-1	7	-1	-1	16	27	0	-1	0	50	26	0	0	0	0	0	25	-1	0	18	-1	27	10	-1	-1	6	0	0	0	-1
c3824	25	0	-1	41	0	0	24	41	40	37	6	0	0	-1	25	-1	40	0	6	0	-1	-1	0	0	-1	-1	-1	14	0	-1
c3868	0	0	0	17	-1	-1	0	-1	40	0	0	0	-1	6	26	24	-1	0	-1	0	0	-1	0	0	0	-1	5	-1	0	0
c3872	-1	0	0	0	0	15	0	0	-1	0	-1	-1	-1	6	0	24	20	0	0	-1	0	0	0	45	44	0	0	0	0	0
c3883	0	-1	38	0	0	0	0	0	18	-1	-1	15	-1	0	-1	0	48	-1	0	0	43	0	40	0	-1	0	0	-1	-1	0
c3888	50	1	0	-1	-1	17	0	-1	0	-1	10	0	-1	0	-1	-1	25	0	40	-1	39	33	0	0	14	0	0	14	0	-1
c3911	-1	0	24	0	-1	0	6	24	0	0	0	17	0	0	27	0	48	50	26	15	0	0	-1	0	18	-1	-1	-1	50	-1
c3912	-1	-1	33	45	0	40	0	0	0	0	0	-1	0	40	0	40	0	0	0	23	0	50	0	-1	5	6	-1	32	0	-1
c3919	0	34	26	41	0	0	30	41	0	-1	0	0	0	0	-1	44	40	0	-1	0	-1	21	-1	-1	0	6	0	0	0	27
c3952	0	0	-1	0	6	15	-1	0	-1	0	0	6	0	6	0	-1	20	0	0	-1	24	-1	0	45	44	45	0	0	0	0
c3975	-1	-1	0	0	-1	0	-1	38	0	0	26	-1	-1	17	-1	0	0	-1	0	0	-1	-1	10	-1	0	-1	0	-1	16	-1
c3980	44	-1	0	0	48	0	0	0	-1	-1	0	18	47	0	0	0	14	0	-1	0	0	-1	10	6	-1	6	0	-1	-1	0
c3988	0	7	0	0	0	49	0	0	0	0	0	0	7	0	0	0	14	0	0	26	0	0	-1	19	27	6	0	0	33	0
c4029	0	-1	0	0	16	-1	0	38	0	0	26	0	0	17	0	0	0	-1	0	-1	6	0	10	0	0	6	0	0	16	0
c4048	-1	-1	0	0	-1	0	-1	38	0	0	-1	-1	0	-1	0	0	-1	0	-1	23	0	-1	10	0	6	6	-1	0	16	0
c4094	-1	0	0	3	0	0	25	0	-1	0	0	0	0	6	0	24	25	0	0	10	40	-1	38	0	-1	0	0	0	0	0
c4096	0	-1	24	6	6	13	0	24	45	46	0	17	0	-1	27	0	48	14	0	-1	-1	-1	36	0	0	0	0	0	50	0
c4098	40	0	24	0	-1	-1	39	24	0	0	0	0	0	0	27	47	-1	0	-1	32	0	26	0	0	-1	0	-1	0	50	0
c4121	-1	0	0	0	0	15	0	40	-1	0	32	6	0	-1	0	24	20	-1	0	-1	0	50	0	-1	44	45	0	0	0	0
c4124	-1	0	0	0	0	-1	0	-1	40	-1	0	0	0	-1	26	-1	3	41	0	48	-1	-1	8	-1	0	0	17	0	0	0
c4148	-1	1	0	-1	0	0	0	0	0	35	-1	0	24	38	0	-1	0	0	40	0	0	33	0	0	14	0	0	-1	16	0
c4154	0	0	0	0	41	-1	18	0	-1	0	-1	15	32	48	0	27	0	30	0	0	0	0	0	0	14	50	0	0	6	0
c4160	-1	0	24	0	-1	0	48	10	0	0	0	0	0	-1	17	-1	48	0	14	25	8	40	0	-1	0	0	0	-1	-1	0
c4161	-1	-1	24	0	33	0	0	10	0	0	-1	0	0	10	17	-1	48	0	14	25	8	40	-1	-1	0	0	-1	-1	50	0
c4198	0	0	25	32	0	0	32	0	-1	35	10	15	0	6	-1	30	-1	0	40	0	-1	33	30	0	14	0	0	14	30	44
c4203	0	-1	40	0	33	-1	0	-1	0	0	-1	15	0	-1	0	33	0	-1	0	0	-1	0	0	0	14	0	-1	26	6	-1
c4209	-1	0	26	41	0	0	25	-1	40	38	0	-1	50	-1	0	0	40	0	-1	40	-1	0	-1	-1	0	6	0	0	47	0
c4210	25	0	-1	-1	43	0	0	-1	40	37	6	0	-1	-1	25	38	40	0	6	0	-1	0	-1	0	0	6	-1	0	0	0
c4213	48	-1	27	3	0	0	0	0	-1	24	-1	0	0	6	50	24	25	0	0	-1	0	-1	40	0	44	0	0	-1	0	0
c4218	0	0	24	-1	0	0	2	24	-1	-1	0	17	-1	6	-1	11	48	0	0	0	0	-1	-1	0	0	0	0	0	50	-1
c4223	-1	-1	24	6	-1	-1	0	-1	45	46	0	17	0	0	27	-1	48	0	0	-1	-1	-1	36	0	0	0	-1	0	50	0
c4224	6	0	-1	6	0	-1	0	24	0	46	0	-1	0	5	27	0	48	0	0	-1	-1	30	36	11	0	0	0	0	50	0
c4236	0	-1	-1	0	-1	-1	0	0	34	0	50	0	0	0	0	-1	48	0	38	6	46	40	47	-1	0	-1	0	-1	50	-1
c4240	0	-1	27	0	0	-1	-1	0	-1	0	0	6	0	6	0	24	-1	0	50	-1	0	0	-1	-1	44	-1	-1	-1	-1	0
c4287	48	0	0	3	0	-1	0	-1	-1	-1	0	0	23	6	0	24	25	0	0	27	46	0	-1	0	44	0	-1	0	0	26
c4306	0	7	0	-1	33	0	0	0	-1	-1	17	18	0	-1	19	0	-1	0	0	-1	0	0	10	-1	27	6	0	16	33	0
c4316	-1	0	38	0	0	0	-1	-1	-1	32	0	15	37	-1	-1	46	48	38	-1	38	1	-1	40	0	14	0	0	0	-1	0
c4332	-1	26	0	0	0	-1	-1	0	-1	-1	-1	15	0	0	0	-1	0	30	-1	37	0	50	0	-1	14	50	0	0	6	0
c4337	0	14	24	40	45	-1	0	-1	18	41	-1	0	45	46	0	33	48	0	25	0	0	40	0	-1	0	25	-1	-1	50	0
c4349	-1	0	24	0	25	26	0	0	0	0	0	0	0	0	-1	0	48	0	0	0	0	-1	-1	0	-1	0	0	-1	50	40
c4353	24	0	-1	0	-1	0	0	0	47	-1	-1	0	40	0	46	-1	16	-1	-1	18	-1	0	0	-1	-1	6	3	-1	0	0
c4359	0	0	24	-1	0	45	0	24	-1	0	-1	17	0	-1	27	11	-1	-1	0	0	-1	0	36	-1	-1	-1	0	0	50	0
c4384	-1	-1	24	0	18	32	24	24	0	25	-1	0	0	0	27	0	-1	32	-1	32	0	-1	26	-1	0	0	-1	0	50	-1
c4404	24	0	-1	0	26	0	0	0	47	38	-1	0	0	0	46	16	-1	-1	0	0	0	-1	46	3	0	6	3	0	0	0
c4428	0	-1	0	-1	-1	0	-1	30	45	14	-1	0	0	46	0	0	-1	-1	11	0	0	45	10	-1	0	6	0	0	0	0
c4431	0	7	0	0	33	0	-1	-1	0	-1	50	18	0	0	19	0	-1	-1	0	-1	0	0	10	-1	27	-1	0	0	-1	-1
c4435	45	7	0	0	0	0	0	-1	0	0	27	-1	0	0	0	-1	-1	0	0	4	-1	-1	10	0	27	6	0	0	33	0
c4438	0	-1	38	0	0	0	46	0	0	32	0	-1	37	6	0	0	48	-1	-1	38	1	0	40	0	14	0	0	-1	0	0
c4446	0	0	38	-1	0	-1	0	-1	0	-1	0	15	-1	-1	-1	23	0	6	-1	-1	0	0	-1	0	14	-1	21	0	-1	-1
c4470	0	0	-1	0	-1	40	6	-1	-1	0	-1	0	-1	32	-1	0	0	-1	-1	23	0	-1	-1	-1	-1	6	0	-1	0	50
c4476	30	0	-1	0	44	0	0	-1	-1	32	10	15	37	0	0	8	0	0	0	-1	37	0	0	14	-1	-1	-1	0	0	38
c4493	-1	0	28	43	0	15	-1	40	-1	-1	0	-1	40	6	0	24	-1	16	0	-1	20	8	-1	45	-1	0	-1	19	0	-1
c4498	0	0	24	6	0	4	0	-1	0	24	-1	17	0	0	-1	0	48	-1	0	16	-1	0	36	0	0	0	0	0	50	0
c4499	32	14	24	6	0	4	0	-1	0	0	-1	17	0	0	-1	0	48	-1	0	16	-1	0	36	0	0	16	-1	0	50	-1
c4529	0	0	0	0	0	0	20	0	-1	-1	-1	47	27	6	-1	-1	0	0	0	0	-1	0	0	0	-1	0	-1	-1	0	0
c4564	-1	-1	38	0	0	0	0	0	0	32	0	15	37	0	18	0	-1	0	0	25	0	5	0	38	14	0	0	-1	-1	-1
c4577	0	0	24	-1	0	0	-1	24	25	45	0	0	-1	0	-1	0	48	0	0	46	0	26	27	-1	0	-1	30	-1	50	0
c4584	48	-1	-1	3	0	6	-1	48	-1	0	0	0	-1	6	-1	24	25	-1	0	10	33	26	0	0	44	0	0	0	0	0
c4625	0	7	-1	-1	-1	0	0	30	45	14	26	-1	0	-1	0	0	-1	-1	11	0	0	0	10	-1	-1	-1	0	0	0	-1
c4641	-1	30	28	0	45	15	26	0	-1	-1	-1	6	0	6	0	24	0	0	-1	-1	20	0	0	45	44	0	45	19	24	0
c4654	25	0	26	-1	0	-1	0	-1	40	-1	-1	-1	0	-1	0	40	40	0	-1	40	-1	-1	0	0	-1	6	0	0	43	-1
c4672	48	0	0	3	0	0	0	0	-1	0	0	0	47	6	0	24	-1	0	0	10	0	-1	0	0	44	0	0	0	0	0
c4673	-1	-1	0	3	0	0	-1	0	-1	0	0	0	47	-1	-1	24	25	0	-1	-1	45	-1	-1	-1	-1	0	0	-1	0	46
c4682	6	0	28	0	-1	15	0	0	-1	0	43	6	0	6	0	24	0	0	2	-1	20	0	0	45	-1	14	0	19	0	0
c4687	0	0	-1	0	-1	15	0	50	-1	0	0	6	0	-1	0	24	20	0	-1	-1	0	38	0	45	44	0	0	0	46	-1
c4696	0	0	0	0	0	-1	0	0	-1	0	0	-1	-1	6	0	24	20	0	0	-1	0	38	0	45	44	0	6	0	0	0
c4726	15	0	-1	-1	0	0	0	24	0	-1	30	0	0	40	27	0	48	0	40	46	-1	-1	0	-1	-1	0	2	0	-1	0
c4729	0	0	38	0	0	0	0	-1	-1	-1	0	15	37	0	0	23	0	-1	0	0	0	38	0	0	14	0	-1	-1	0	0
c4754	6	0	0	25	26	-1	-1	5	0	0	0	0	-1	6	0	24	0	0	0	0	0	-1	0	0	0	0	0	0	0	-1
c4756	50	7	17	0	0	19	-1	-1	-1	0	0	18	-1	0	0	0	-1	0	0	0	0	0	10	6	-1	6	0	3	33	0
c4774	0	7	0	0	-1	35	0	0	46	0	0	0	0	-1	0	-1	14	0	0	-1	0	0	10	-1	27	-1	0	0	33	0
c4777	0	-1	24	0	0	0	17	0	-1	0	50	50	47	-1	-1	-1	-1	0	0	0	46	40	0	0	-1	0	6	0	-1	0
c4781	-1	-1	0	32	0	0	48	37	-1	-1	10	26	0	0	0	0	26	40	40	-1	0	33	0	0	14	0	0	14	0	0
c4794	0	7	0	0	-1	0	0	-1	-1	0	0	-1	25	0	0	-1	14	0	0	48	45	-1	10	-1	27	6	0	-1	33	0
c4816	0	24	-1	6	0	4	0	-1	15	25	0	17	0	0	27	-1	48	-1	0	0	-1	0	36	0	0	-1	0	0	50	3
c4820	-1	-1	24	0	0	0	0	-1	0	17	0	-1	0	0	27	-1	48	0	26	-1	0	-1	0	0	0	-1	0	15	50	0
c4830	-1	7	0	0	16	0	41	38	0	0	26	0	-1	17	-1	-1	0	46	-1	0	-1	0	10	0	-1	6	0	27	16	0
c4840	25	0	26	41	0	7	0	41	40	0	0	-1	0	-1	0	0	-1	-1	6	-1	-1	0	-1	0	0	6	-1	40	-1	0
c4858	10	0	0	0	0	-1	0	21	-1	0	0	0	0	6	26	-1	-1	-1	0	2	-1	-1	0	-1	0	-1	0	-1	33	6
c4860	0	-1	25	0	16	0	41	0	0	33	26	0	0	47	0	-1	0	-1	0	-1	0	27	10	-1	45	6	-1	-1	-1	41
c4861	0	7	25	-1	16	-1	41	0	0	-1	26	0	0	47	0	0	0	-1	0	24	0	27	10	-1	45	6	0	0	-1	0
c4868	0	-1	24	40	24	-1	17	0	18	0	0	27	0	-1	-1	24	48	0	0	0	0	40	0	-1	0	25	-1	-1	50	0
c4883	30	0	-1	0	0	33	47	0	0	0	0	0	0	-1	-1	-1	-1	0	-1	5	0	0	-1	0	-1	0	38	-1	50	40
c4909	6	0	0	0	14	-1	-1	0	-1	0	-1	6	0	-1	0	24	20	-1	0	-1	-1	38	0	-1	44	0	0	0	23	0
c4913	0	0	-1	0	-1	32	0	24	0	0	0	17	0	40	-1	0	48	0	-1	47	-1	-1	-1	0	15	-1	0	32	50	16
c4955	-1	6	0	32	0	0	0	0	47	35	10	0	0	0	0	25	0	0	40	0	0	-1	0	-1	-1	0	0	-1	0	0
c4984	0	14	24	40	45	-1	0	0	18	41	-1	0	45	0	-1	0	48	0	25	0	33	40	0	-1	0	-1	0	-1	50	0
c5010	0	-1	0	0	0	15	-1	50	-1	0	0	6	-1	6	0	24	20	0	0	-1	0	38	0	45	44	-1	0	0	0	24
c5024	-1	-1	0	32	0	0	32	-1	7	35	10	43	0	6	25	0	16	0	40	0	-1	33	-1	0	14	0	-1	14	7	0
c5031	-1	-1	47	-1	45	0	6	0	0	0	0	18	43	47	0	0	14	0	0	0	-1	0	10	20	27	6	0	0	-1	0
c5035	24	0	0	0	26	0	-1	0	47	-1	-1	0	0	0	46	0	16	-1	0	-1	-1	-1	45	0	0	6	3	0	0	0
c5037	0	7	-1	0	16	0	0	30	40	0	26	0	0	0	0	0	0	-1	11	0	0	-1	10	-1	0	-1	0	0	0	0
c5049	0	0	0	0	-1	-1	0	0	-1	0	0	6	3	6	0	24	-1	0	-1	-1	-1	38	0	45	44	0	0	0	0	0
c5058	0	-1	24	0	0	0	0	24	0	25	6	0	41	0	27	-1	48	-1	0	34	43	0	0	0	0	0	16	0	50	0
c5059	0	0	24	0	0	0	0	24	0	25	6	0	41	0	-1	-1	48	0	0	-1	43	0	0	0	0	0	16	0	50	0
c5061	0	-1	0	0	-1	0	0	-1	0	0	0	18	0	-1	0	-1	14	0	-1	-1	0	0	10	-1	27	6	46	0	-1	0
c5067	0	-1	0	0	16	27	0	30	-1	0	26	0	0	0	0	40	0	-1	0	18	0	27	10	-1	-1	6	0	35	0	0
c5086	0	0	0	32	0	0	32	-1	0	35	10	0	-1	6	25	6	6	0	40	-1	-1	33	0	0	-1	0	0	14	0	0
c5094	0	14	24	40	24	-1	17	0	18	0	0	0	0	0	0	0	48	-1	0	0	-1	40	0	-1	24	25	0	-1	50	0
c5098	48	0	0	-1	0	0	-1	0	-1	33	21	0	0	6	0	-1	-1	-1	0	27	0	1	0	0	44	0	0	5	27	0
c5100	0	1	0	32	38	0	0	0	0	35	10	-1	24	0	26	0	0	20	-1	0	-1	33	0	0	-1	-1	0	-1	0	0
c5103	6	0	25	0	0	15	0	0	-1	0	-1	6	0	6	0	24	20	0	0	-1	10	38	41	45	44	-1	0	-1	0	0
c5110	0	0	0	0	0	40	0	-1	0	-1	-1	0	0	0	0	0	0	0	-1	23	-1	-1	0	-1	0	-1	0	32	0	0
c5114	0	0	-1	0	0	-1	0	0	-1	-1	5	15	37	-1	32	-1	0	25	14	50	-1	-1	-1	-1	14	38	0	43	0	38
c5116	-1	0	-1	-1	0	0	25	0	-1	0	-1	0	0	6	0	24	25	0	0	10	-1	0	38	-1	44	0	0	0	0	0
c5124	-1	-1	-1	47	0	15	-1	40	-1	0	-1	6	-1	-1	0	24	-1	0	0	-1	20	0	-1	45	44	0	0	19	0	0
c5129	24	45	0	-1	26	0	0	0	47	38	-1	-1	25	43	46	0	16	-1	0	0	0	-1	47	-1	48	6	3	0	-1	0
c5141	-1	0	24	6	-1	0	0	24	20	0	0	17	0	-1	27	0	48	0	0	-1	-1	0	36	0	0	-1	0	0	-1	6
c5142	-1	0	0	32	0	0	32	0	0	-1	10	0	0	6	25	0	0	-1	40	-1	-1	33	0	0	-1	-1	0	14	0	0
c5145	0	37	24	0	-1	0	0	-1	-1	0	0	0	25	0	27	-1	48	0	0	46	0	26	-1	-1	-1	-1	33	-1	50	-1
c5146	-1	7	0	0	-1	0	0	0	-1	38	0	-1	25	-1	0	0	14	-1	-1	48	0	0	10	0	27	6	6	0	-1	-1
c5151	0	0	0	32	-1	24	0	-1	0	-1	10	-1	40	0	0	0	0	14	40	45	17	33	14	-1	-1	-1	0	-1	0	-1
c5158	0	0	-1	6	0	-1	-1	-1	0	46	0	17	0	0	27	0	-1	0	-1	-1	-1	0	36	0	0	0	14	-1	50	-1
c5165	-1	0	38	0	0	26	0	19	0	32	0	15	37	0	32	0	48	-1	0	0	0	43	40	0	14	0	0	-1	0	0
c5175	0	45	38	0	0	0	-1	-1	0	32	0	15	37	0	30	0	0	0	0	33	0	-1	33	0	14	0	0	0	0	-1
c5177	0	14	24	40	0	-1	0	0	18	41	0	0	45	0	0	0	48	0	-1	0	0	40	-1	-1	0	-1	0	-1	50	24
c5189	-1	0	38	0	-1	-1	0	0	0	32	0	15	37	0	0	33	-1	0	21	0	0	0	0	-1	14	-1	21	0	0	0
c5205	-1	-1	0	0	0	15	-1	0	-1	0	0	6	-1	6	0	24	-1	0	0	-1	0	-1	0	45	44	-1	0	-1	-1	0
c5210	-1	-1	0	-1	0	0	-1	50	26	45	-1	15	0	0	-1	0	0	30	0	0	-1	0	0	0	14	0	-1	26	6	-1
c5212	-1	7	0	0	16	-1	0	0	-1	-1	26	-1	0	0	0	40	0	-1	0	18	0	-1	10	-1	-1	6	14	0	0	0
c5220	-1	-1	0	3	0	33	0	0	-1	-1	21	0	0	6	46	24	-1	43	1	27	19	1	0	0	44	1	0	0	0	0
c5228	0	14	24	40	0	-1	-1	20	-1	0	0	0	0	0	0	0	-1	-1	0	0	0	40	32	-1	-1	25	0	-1	-1	0
c5252	0	-1	24	0	0	-1	0	-1	30	0	3	17	47	0	27	0	48	27	-1	0	-1	26	0	0	-1	0	33	-1	50	0
c5253	-1	0	24	0	0	-1	0	24	30	0	-1	17	-1	0	27	0	48	27	45	0	0	26	0	0	0	0	33	0	50	0
c5255	-1	0	-1	0	0	-1	25	-1	34	0	-1	0	-1	0	0	24	48	0	38	6	46	40	47	-1	0	-1	-1	0	50	0
c5257	0	0	25	32	0	0	32	0	0	35	10	15	-1	6	0	30	-1	0	40	-1	-1	33	30	0	14	0	0	14	0	44
c5269	0	7	0	0	26	0	0	0	0	0	0	0	0	0	0	0	14	0	0	45	0	0	10	-1	27	6	0	0	33	0
c5273	-1	-1	0	0	0	-1	0	-1	47	-1	-1	-1	-1	13	46	0	16	-1	-1	0	0	14	0	0	0	6	3	19	0	-1
c5274	33	0	33	0	0	40	0	6	0	-1	-1	-1	32	-1	0	15	-1	0	0	23	-1	-1	0	-1	0	6	0	32	0	-1
c5275	-1	0	33	0	0	40	-1	0	0	-1	0	-1	32	40	-1	0	0	0	0	-1	-1	0	-1	-1	0	6	0	32	0	-1
c5333	-1	14	24	-1	48	-1	-1	20	-1	0	0	-1	0	0	0	0	48	0	0	0	33	40	-1	-1	0	25	-1	-1	50	0
c5334	0	-1	24	6	-1	24	0	24	0	0	0	-1	0	-1	-1	-1	-1	0	0	-1	-1	0	-1	0	0	40	0	0	-1	0
c5348	0	-1	-1	41	0	0	0	41	0	-1	26	0	0	6	45	0	40	40	0	24	-1	11	0	3	30	6	0	-1	-1	0
c5369	0	-1	-1	32	0	0	0	0	0	35	10	0	0	0	0	0	0	0	40	0	0	33	-1	26	14	-1	24	-1	-1	38
c5373	30	-1	-1	0	0	-1	47	0	0	-1	0	-1	-1	0	0	-1	48	-1	-1	5	0	0	0	0	16	0	38	0	50	40
c5415	0	35	-1	-1	0	0	0	0	-1	32	-1	15	37	0	-1	0	48	-1	0	-1	43	0	40	0	-1	-1	0	-1	0	0
c5423	-1	7	0	0	16	0	0	30	45	14	26	0	0	0	0	0	0	-1	11	0	-1	-1	10	-1	0	6	0	40	-1	-1
c5452	-1	7	-1	0	0	-1	38	0	0	32	25	18	0	40	0	0	-1	-1	0	0	0	0	10	-1	27	6	0	0	33	-1
c5471	48	14	-1	3	0	0	0	0	-1	41	0	0	0	-1	0	24	25	-1	0	-1	0	-1	0	26	44	0	-1	0	0	0
c5490	-1	0	26	32	48	0	-1	26	0	35	10	0	-1	0	44	0	0	0	-1	0	0	33	-1	0	14	0	24	14	0	0
c5491	0	0	-1	32	48	0	-1	26	0	35	-1	-1	0	0	44	0	0	0	40	0	0	33	-1	0	14	0	24	14	0	0
c5497	0	-1	0	0	16	-1	38	38	0	41	26	0	-1	17	0	0	0	-1	0	0	6	-1	10	0	0	6	0	0	16	0
c5518	24	45	0	0	26	0	-1	-1	47	38	-1	0	-1	0	46	48	16	-1	-1	0	0	43	0	40	0	6	-1	0	0	-1
c5536	-1	0	0	-1	0	-1	0	0	-1	-1	-1	15	32	0	-1	27	-1	30	0	0	0	0	-1	0	-1	50	0	-1	6	0
c5552	0	0	-1	0	0	15	0	-1	-1	0	-1	6	-1	6	0	24	20	0	-1	-1	0	-1	0	-1	44	0	0	0	-1	0
c5553	-1	0	0	0	0	15	-1	-1	-1	-1	26	6	0	6	0	-1	20	0	0	-1	-1	-1	0	45	44	-1	0	0	0	-1
c5569	38	-1	0	-1	0	-1	32	33	7	-1	10	43	0	6	25	0	16	0	40	0	-1	33	0	0	14	0	50	14	0	0
c5617	0	7	0	0	-1	0	-1	30	40	-1	26	0	-1	0	0	-1	0	-1	11	0	0	0	10	-1	0	6	0	0	0	0
c5618	0	0	-1	0	18	0	26	5	0	0	50	0	-1	0	0	0	48	0	0	-1	0	40	1	-1	0	-1	40	21	-1	0
c5625	0	-1	24	6	6	24	-1	24	45	46	0	17	0	0	27	0	48	0	0	-1	-1	-1	36	-1	0	-1	0	-1	50	0
c5633	0	0	24	0	0	0	0	24	0	18	-1	-1	0	0	27	0	48	-1	-1	45	0	-1	0	0	0	-1	0	-1	50	0
c5665	-1	0	-1	0	0	-1	0	0	-1	0	-1	0	0	6	26	-1	3	0	0	0	-1	-1	0	-1	43	0	25	0	0	0
c5668	0	0	0	-1	-1	0	0	0	-1	0	-1	0	0	-1	0	24	0	0	30	0	46	0	-1	0	-1	0	0	-1	25	0
c5672	0	0	24	0	0	0	0	24	0	25	6	-1	41	0	27	0	48	0	0	-1	43	0	-1	0	0	-1	16	-1	50	0
c5683	0	0	24	6	0	0	0	-1	-1	-1	0	17	0	0	27	11	48	0	43	0	-1	18	36	0	-1	0	0	0	50	0
c5688	0	7	0	0	16	0	0	-1	45	14	26	50	-1	46	0	0	-1	-1	11	0	48	0	10	-1	0	-1	0	0	-1	30
c5698	15	40	-1	0	0	-1	0	24	0	0	30	0	0	40	27	0	48	0	0	46	0	-1	-1	-1	-1	20	2	0	50	0
c5702	0	0	38	14	0	-1	0	-1	0	32	0	15	-1	0	15	-1	48	0	0	-1	1	-1	40	40	14	0	15	0	-1	0
c5719	17	0	0	-1	0	0	-1	0	0	35	10	6	-1	6	0	0	-1	0	-1	40	-1	-1	-1	0	14	0	0	-1	-1	44
c5727	0	7	0	0	0	0	0	0	0	33	0	-1	-1	0	0	0	14	0	0	0	0	0	10	0	-1	6	0	-1	33	0
c5737	0	7	0	0	16	0	6	30	45	-1	26	0	0	0	0	0	0	-1	11	0	33	30	10	-1	0	6	0	0	0	0
c5743	0	0	38	0	-1	0	0	0	-1	-1	0	15	-1	0	0	-1	0	0	0	0	38	0	0	0	14	0	21	0	0	0
c5748	25	-1	26	41	0	-1	25	-1	40	0	0	-1	50	-1	0	0	40	0	6	0	-1	0	0	0	0	6	0	0	0	0
c5766	0	0	0	0	0	15	0	0	-1	0	0	-1	-1	-1	0	24	-1	0	0	-1	0	38	0	45	-1	0	-1	0	0	-1
c5780	-1	-1	0	-1	0	0	32	0	-1	35	10	43	0	6	25	-1	-1	0	40	0	-1	33	0	38	14	0	-1	14	-1	0
c5784	0	0	-1	20	24	18	0	33	-1	-1	0	-1	9	-1	33	0	48	0	0	0	48	25	0	-1	-1	-1	0	32	50	40
c5787	0	7	0	24	0	0	0	0	0	-1	-1	0	-1	0	-1	0	14	0	-1	45	0	0	-1	0	-1	6	0	0	33	0
c5793	0	-1	24	0	0	45	0	0	-1	-1	-1	0	0	-1	-1	0	48	0	30	25	0	40	0	-1	14	-1	-1	-1	50	0
c5799	0	0	38	14	-1	0	-1	19	0	32	0	15	37	-1	32	46	48	0	0	0	0	0	40	-1	-1	-1	0	-1	0	0
c5806	0	7	0	0	33	0	-1	0	-1	-1	-1	-1	0	0	-1	0	-1	0	0	-1	0	0	10	-1	27	-1	0	0	-1	0
c5812	0	0	24	0	0	0	0	-1	0	0	0	17	0	0	27	0	48	0	-1	-1	0	0	0	33	25	-1	0	0	50	47
c5834	24	27	30	0	0	-1	0	0	47	-1	-1	0	30	-1	46	0	16	-1	44	0	-1	-1	10	0	0	6	3	0	40	38
c5835	-1	27	0	-1	0	-1	0	-1	47	-1	-1	-1	30	0	46	0	16	-1	44	0	0	18	10	0	0	6	3	0	0	-1
c5837	-1	-1	0	0	-1	-1	-1	38	-1	0	26	0	0	-1	0	0	0	0	0	0	0	0	10	0	0	6	43	0	16	0
c5871	49	7	0	0	-1	0	0	38	0	0	26	-1	0	5	0	38	0	-1	0	0	0	46	-1	0	5	-1	0	0	16	24
c5881	-1	-1	47	-1	45	-1	6	0	0	0	0	18	43	-1	0	0	14	0	0	-1	-1	0	10	20	27	6	0	0	33	0
c5903	24	0	40	0	26	-1	0	0	47	38	-1	0	-1	0	46	-1	16	-1	0	18	-1	0	0	10	0	6	-1	0	0	-1
c5917	0	0	24	6	-1	4	-1	-1	-1	0	0	17	47	0	27	46	48	0	0	0	-1	33	36	0	0	0	0	0	50	0
c5930	0	0	-1	-1	0	0	0	0	14	0	5	15	37	0	32	-1	0	25	0	50	0	0	-1	0	-1	0	0	38	0	0
c5935	48	0	0	3	0	0	0	-1	-1	0	0	0	41	6	-1	24	25	0	0	27	0	0	0	10	-1	0	-1	0	0	26
c5939	46	-1	0	0	0	15	0	-1	-1	39	32	-1	0	6	6	24	20	0	0	-1	-1	0	0	45	44	45	0	0	0	0
c5942	0	0	-1	0	0	15	40	-1	-1	0	30	6	-1	6	0	24	-1	0	-1	-1	-1	38	0	45	44	47	0	0	0	0
c5959	0	7	0	2	6	0	0	0	0	0	0	18	0	0	34	0	14	0	0	0	0	0	10	-1	27	6	33	0	33	0
c5973	0	19	24	6	-1	0	25	24	0	0	0	17	0	-1	27	0	48	0	-1	-1	-1	0	36	-1	0	40	-1	-1	-1	0
c5978	-1	-1	24	0	25	0	-1	0	0	0	0	0	0	0	-1	0	48	-1	0	0	0	0	-1	0	-1	0	0	0	50	40
c5979	-1	0	-1	0	25	0	0	0	0	0	0	0	-1	0	0	0	48	0	-1	0	0	0	-1	0	-1	0	0	0	50	40
c5985	0	-1	24	6	-1	0	37	26	0	0	26	-1	0	40	0	18	48	0	0	0	0	0	0	24	-1	-1	0	0	-1	40
c6001	0	32	-1	41	0	0	0	41	40	0	-1	-1	0	-1	-1	0	-1	0	6	0	0	-1	0	0	-1	6	-1	0	0	27
c6006	0	0	24	0	-1	0	0	24	0	0	0	17	0	0	27	-1	48	0	26	0	0	6	0	33	0	-1	0	0	50	0
c6030	0	7	0	40	16	27	0	0	0	0	-1	16	-1	0	0	0	0	-1	0	18	0	27	-1	-1	-1	6	0	0	0	-1
c6032	0	-1	0	-1	45	0	0	0	2	0	0	18	43	0	45	0	14	0	0	0	0	0	10	0	-1	6	33	0	33	-1
c6036	0	0	-1	-1	0	0	0	-1	-1	32	0	-1	37	0	-1	0	48	0	6	38	-1	0	-1	0	-1	0	0	0	24	0
c6040	0	0	0	32	0	14	32	0	0	35	10	-1	0	6	-1	0	-1	0	40	0	-1	-1	0	-1	-1	0	33	14	-1	-1
c6049	-1	7	0	0	33	0	7	0	0	9	50	18	0	0	19	0	-1	0	0	-1	0	-1	10	-1	27	-1	0	0	-1	0
c6051	0	7	0	-1	33	0	46	-1	-1	9	0	18	0	-1	19	-1	-1	25	0	-1	0	26	10	0	27	6	0	0	33	0
c6053	48	0	0	3	0	6	-1	0	-1	0	-1	-1	0	6	14	-1	25	0	0	10	33	0	0	0	-1	0	0	0	0	-1
c6055	0	-1	24	0	0	40	0	24	0	25	24	38	0	-1	27	-1	48	10	46	10	0	37	-1	0	0	0	-1	0	-1	0
c6057	30	0	-1	0	0	-1	0	0	-1	0	0	26	0	0	0	2	48	-1	0	0	0	0	0	0	0	0	0	0	50	40
c6088	0	24	-1	6	0	0	0	24	0	0	0	-1	0	0	27	-1	-1	0	-1	-1	-1	0	-1	0	0	0	-1	0	-1	6
c6090	0	-1	-1	0	0	0	0	0	15	32	0	-1	-1	-1	-1	0	48	0	0	-1	1	0	40	-1	14	0	0	0	0	-1
c6093	-1	-1	-1	32	-1	0	32	-1	0	35	10	0	14	-1	40	0	-1	0	40	40	-1	33	30	0	14	0	-1	14	0	44
c6098	6	0	28	0	0	15	-1	0	-1	0	0	6	0	-1	0	-1	44	0	0	-1	20	0	27	45	44	0	-1	19	0	0
c6100	20	45	24	0	0	0	-1	24	0	0	25	17	0	46	27	0	48	-1	26	3	-1	0	0	25	-1	-1	47	0	-1	25
c6115	0	18	24	-1	0	0	0	24	0	-1	47	0	25	-1	27	0	-1	0	0	46	25	26	27	-1	0	-1	0	-1	50	-1
c6142	-1	0	-1	-1	0	40	-1	-1	-1	-1	-1	0	0	32	24	-1	-1	0	0	23	0	0	0	-1	0	6	0	32	0	50
c6153	24	0	-1	0	-1	0	-1	0	47	38	-1	0	44	30	-1	0	-1	-1	-1	0	-1	0	0	0	-1	6	3	-1	47	11
c6178	-1	7	0	0	0	0	-1	0	0	0	0	18	0	0	0	0	14	-1	-1	0	0	0	10	-1	27	-1	0	0	33	0
c6180	-1	0	0	3	0	0	0	0	-1	0	-1	-1	47	6	0	24	25	0	0	10	0	0	-1	0	44	0	0	0	0	0
c6181	48	0	0	3	-1	0	-1	0	-1	0	0	-1	47	6	0	24	25	0	0	10	0	0	0	0	44	0	35	0	0	-1
c6193	24	0	0	0	0	0	0	0	47	38	-1	0	0	13	46	0	16	-1	0	0	0	0	0	18	0	6	-1	0	0	0
c6194	14	-1	-1	0	16	0	-1	38	0	0	26	0	-1	17	0	0	0	-1	-1	0	0	-1	10	0	-1	-1	0	0	16	-1
c6218	-1	0	24	0	-1	0	0	24	0	0	0	-1	0	-1	-1	0	48	0	26	47	-1	0	-1	0	-1	-1	0	0	50	16
c6219	0	-1	24	33	0	-1	0	-1	0	0	46	17	0	40	-1	0	48	-1	-1	-1	-1	5	0	0	15	-1	0	-1	50	16
c6228	0	0	24	6	0	0	0	24	0	46	-1	-1	0	-1	27	0	48	-1	0	-1	-1	48	36	-1	0	0	0	0	50	0
c6233	0	7	0	9	16	27	0	0	0	0	26	0	25	0	0	0	47	-1	0	18	0	-1	-1	-1	-1	-1	-1	-1	-1	-1
c6235	0	0	24	41	0	-1	26	24	0	0	0	17	30	0	27	24	48	0	26	0	0	0	0	33	-1	-1	0	0	50	-1
c6236	0	0	24	0	0	0	0	24	0	-1	0	-1	0	-1	-1	0	48	0	26	0	-1	-1	0	33	0	-1	-1	0	50	0
c6262	0	0	38	0	0	-1	0	0	0	32	0	15	37	0	0	0	48	38	0	38	1	0	40	-1	-1	0	0	0	0	0
c6267	0	-1	0	-1	-1	-1	32	0	0	35	10	15	0	6	0	0	0	0	40	0	-1	33	-1	0	14	0	-1	14	24	-1
c6273	-1	-1	-1	-1	0	15	0	0	-1	0	-1	6	0	6	45	24	-1	0	30	-1	-1	0	0	-1	44	0	0	19	0	46
c6285	-1	40	24	0	0	47	0	0	0	18	50	0	2	-1	0	0	48	0	0	0	46	40	-1	0	0	0	6	0	50	0
c6288	40	-1	30	32	0	0	32	30	0	35	10	0	0	6	0	-1	0	0	-1	-1	-1	-1	-1	0	14	-1	-1	-1	24	44
c6295	38	-1	0	-1	0	0	32	-1	7	35	10	43	0	6	-1	0	0	0	40	0	-1	33	0	0	14	0	0	14	0	0
c6302	0	0	38	0	14	0	0	0	0	32	0	15	37	0	25	-1	16	24	0	0	0	0	0	-1	-1	-1	-1	1	18	0
c6308	-1	-1	-1	0	-1	-1	8	26	40	-1	-1	0	0	-1	26	24	3	0	0	0	0	-1	0	0	-1	0	0	0	0	45
c6312	-1	-1	0	0	16	0	38	38	0	41	26	-1	0	17	0	0	0	0	0	0	6	0	10	0	0	6	0	0	16	0
c6341	0	34	26	41	-1	0	0	41	45	-1	0	0	0	-1	45	0	40	40	26	-1	0	0	0	-1	0	6	24	45	27	0
c6342	6	0	28	0	0	15	-1	0	-1	0	0	6	0	6	-1	24	0	0	0	-1	20	0	0	-1	44	-1	0	19	0	0
c6372	-1	0	-1	-1	0	0	0	-1	-1	-1	-1	15	-1	-1	0	8	0	17	10	0	-1	0	0	14	14	-1	0	50	-1	2
c6377	30	0	-1	0	24	0	0	0	0	0	0	0	-1	0	10	6	48	0	-1	-1	44	0	-1	0	0	0	0	30	50	40
c6382	0	-1	24	6	-1	-1	0	24	0	0	0	17	0	-1	27	11	48	0	0	0	-1	0	36	0	-1	0	0	15	50	0
c6383	0	0	24	6	-1	0	0	24	0	0	0	17	0	0	-1	11	48	0	0	0	0	0	36	0	0	0	0	15	50	0
c6400	0	0	0	32	-1	0	-1	0	0	35	10	33	33	-1	38	0	0	26	-1	0	33	33	0	0	14	-1	26	-1	0	0
c6414	-1	0	0	3	0	-1	-1	-1	-1	33	21	0	0	6	0	24	-1	43	-1	27	0	1	0	-1	44	0	0	5	27	-1
c6425	0	27	-1	32	0	30	3	0	0	-1	10	-1	0	0	34	25	0	-1	40	0	0	33	0	0	14	0	-1	14	0	0
c6434	-1	0	-1	32	-1	0	-1	37	0	35	10	26	0	0	5	-1	14	0	-1	0	0	-1	0	32	14	8	11	-1	43	0
c6444	30	-1	0	32	0	0	32	0	0	35	10	15	0	-1	17	0	0	0	-1	0	-1	33	30	0	14	-1	0	-1	0	44
c6445	30	0	0	32	-1	-1	-1	0	0	35	10	15	0	6	-1	-1	0	0	-1	-1	-1	33	30	0	14	0	0	-1	-1	44
c6448	-1	0	0	3	0	0	0	0	-1	-1	45	0	-1	6	-1	-1	25	0	0	10	0	-1	0	0	44	0	0	-1	0	0
c6450	0	-1	0	32	0	-1	0	-1	-1	35	-1	-1	0	-1	-1	25	-1	0	40	0	0	33	38	-1	14	0	0	-1	0	47
c6452	0	1	0	32	38	-1	0	0	0	-1	10	-1	-1	0	0	0	0	20	40	-1	0	33	0	0	-1	0	0	14	0	0
c6460	-1	-1	-1	0	0	15	0	0	-1	0	0	6	0	6	-1	-1	-1	0	34	-1	0	38	-1	45	-1	0	0	0	0	0
c6461	6	0	25	0	0	15	-1	0	-1	-1	0	6	0	6	-1	24	-1	0	34	-1	0	38	-1	45	44	0	0	0	0	0
c6464	0	-1	-1	6	0	-1	40	-1	0	0	0	17	0	7	27	0	48	0	0	-1	-1	0	-1	0	25	0	0	0	50	0
c6465	0	-1	-1	6	-1	4	40	-1	0	0	-1	17	-1	-1	27	0	48	0	0	-1	-1	0	36	0	25	0	-1	0	50	-1
c6471	0	7	0	33	0	-1	6	-1	-1	0	0	0	25	0	-1	0	14	-1	0	-1	40	0	10	0	27	6	32	0	33	0
c6509	0	0	0	-1	0	15	-1	-1	-1	-1	26	6	0	6	0	-1	-1	45	0	-1	-1	0	0	45	44	0	0	-1	24	0
c6518	38	-1	0	32	0	0	32	0	-1	35	10	-1	0	6	25	0	0	0	40	0	-1	33	0	0	14	0	0	-1	0	-1
c6522	0	27	0	32	0	0	0	0	-1	35	10	0	-1	-1	34	25	0	-1	-1	26	0	33	0	0	14	25	0	14	0	0
c6528	0	14	-1	-1	0	-1	0	0	18	41	0	0	45	0	0	0	48	0	43	0	0	40	0	-1	-1	25	14	-1	50	24
c6542	0	0	24	0	0	0	0	24	30	-1	0	17	0	0	-1	0	48	-1	-1	0	0	0	0	33	25	-1	0	0	50	0
c6547	0	0	38	0	0	-1	0	0	0	32	-1	15	37	-1	0	0	-1	0	0	0	24	0	0	-1	-1	0	-1	0	0	0
c6551	0	14	24	40	-1	-1	0	0	18	41	0	0	45	0	0	0	48	0	43	-1	46	40	0	-1	0	25	0	-1	50	24
c6565	0	24	24	6	0	0	0	24	-1	0	-1	17	-1	0	27	11	48	-1	0	-1	0	0	36	0	0	0	0	0	-1	0
c6572	-1	-1	0	0	0	15	5	0	-1	0	0	6	3	6	0	-1	20	0	0	-1	0	-1	0	45	-1	0	0	0	0	0
c6576	-1	-1	-1	0	27	0	47	0	-1	0	0	-1	0	0	0	-1	48	26	-1	35	0	0	0	0	38	-1	0	30	50	40
c6581	25	0	-1	6	0	4	40	-1	0	0	0	17	0	38	27	0	48	0	-1	-1	-1	-1	36	0	25	0	-1	0	50	-1
c6587	-1	7	0	0	48	0	-1	0	0	0	0	18	-1	0	0	-1	14	0	0	-1	0	0	10	6	-1	6	0	15	33	0
c6590	0	0	-1	0	-1	6	0	-1	0	-1	-1	15	0	0	8	33	0	-1	38	0	46	47	0	0	14	0	-1	26	6	2
c6593	0	7	0	0	-1	0	0	38	0	0	26	0	0	5	16	-1	-1	0	0	-1	0	46	10	0	0	-1	0	0	16	-1
c6597	46	0	0	0	0	-1	0	0	-1	39	32	6	-1	6	-1	-1	20	0	0	-1	0	0	0	45	44	-1	0	0	0	0
c6609	48	0	2	-1	27	0	-1	17	-1	-1	24	0	-1	6	-1	24	25	0	0	10	40	0	0	0	44	0	-1	0	0	-1
c6612	0	-1	33	-1	0	-1	0	0	0	-1	0	-1	0	40	0	0	-1	0	0	-1	0	-1	45	-1	0	6	-1	32	0	-1
c6615	-1	46	24	0	0	0	0	24	0	25	6	0	-1	0	27	-1	48	0	0	34	43	0	0	0	0	0	-1	0	50	-1
c6616	-1	0	24	-1	-1	0	0	24	0	25	6	0	0	0	27	0	48	0	0	0	-1	0	-1	37	0	0	-1	0	50	0
c6620	-1	0	24	0	-1	0	-1	24	0	0	0	46	1	20	-1	46	48	30	0	0	25	26	0	0	0	3	0	-1	50	-1
c6621	0	0	-1	0	0	0	35	-1	0	0	0	46	1	20	27	46	48	30	0	0	25	26	0	0	0	3	0	0	50	34
c6623	0	7	0	0	0	24	-1	0	-1	32	0	-1	0	0	0	0	-1	0	0	-1	0	0	10	-1	-1	6	0	0	33	0
c6624	6	0	24	6	14	-1	0	24	0	46	0	17	0	5	27	-1	-1	0	0	-1	-1	0	36	11	0	-1	0	-1	50	0
c6625	6	0	24	6	0	0	-1	24	-1	46	-1	17	0	5	27	0	48	0	-1	-1	-1	-1	36	11	0	0	0	0	-1	0
c6632	38	7	-1	-1	-1	24	0	0	-1	32	-1	-1	0	0	0	0	-1	0	0	0	0	0	10	0	27	6	0	0	-1	0
c6634	48	-1	-1	3	0	0	0	0	-1	24	0	0	-1	6	50	24	25	0	0	10	0	0	0	0	44	0	0	0	0	0
c6644	-1	0	38	0	0	-1	0	-1	0	32	0	15	37	-1	48	-1	-1	14	-1	0	-1	-1	40	0	14	0	0	-1	1	0
c6660	-1	-1	-1	0	26	0	0	0	47	-1	-1	0	25	-1	46	0	16	-1	0	0	0	-1	47	0	48	6	3	0	0	0
c6664	-1	0	0	25	26	-1	0	0	0	-1	-1	0	-1	6	0	24	-1	10	0	0	0	-1	0	0	-1	-1	0	0	-1	0
c6668	46	0	-1	0	0	0	0	0	0	32	0	15	37	-1	0	0	48	0	0	38	1	3	40	38	14	0	0	0	0	0
c6681	10	0	0	0	0	-1	-1	21	40	-1	0	-1	-1	6	-1	-1	-1	-1	0	2	-1	-1	0	25	50	0	0	-1	33	6
c6684	-1	3	24	-1	0	0	0	24	0	0	27	14	0	0	-1	0	-1	-1	-1	-1	0	26	-1	48	-1	0	0	-1	50	34
c6691	0	7	-1	-1	0	0	0	0	0	0	-1	18	0	-1	0	0	14	-1	0	0	0	0	10	43	27	-1	0	0	-1	-1
c6696	25	0	26	41	0	0	25	-1	40	0	0	-1	50	-1	0	0	40	0	-1	19	-1	0	0	0	0	6	0	0	0	0
c6700	0	0	24	0	0	0	-1	24	0	25	0	0	0	0	27	33	48	0	-1	0	38	0	-1	0	0	0	16	-1	50	0
c6701	0	0	24	0	0	0	-1	24	-1	25	0	0	0	0	-1	33	48	0	0	0	0	0	26	0	0	0	16	0	50	0
c6705	25	-1	-1	41	0	0	0	-1	-1	-1	0	0	26	-1	0	-1	-1	0	6	0	-1	0	0	0	0	6	0	0	0	0
c6711	14	32	-1	6	-1	0	0	-1	25	-1	-1	-1	0	0	27	6	48	0	-1	-1	-1	46	36	25	0	0	0	0	-1	0
c6716	-1	0	24	46	0	0	0	24	0	25	6	50	0	45	-1	0	48	-1	0	0	43	0	0	0	0	-1	-1	10	50	-1
c6717	0	0	24	0	0	0	-1	24	0	25	6	50	0	45	27	24	48	-1	0	-1	43	-1	0	-1	0	0	16	10	-1	0
c6718	0	0	0	-1	-1	-1	0	37	0	35	10	26	-1	0	-1	0	0	14	40	45	17	33	14	-1	14	0	-1	-1	0	0
c6730	48	0	-1	-1	-1	0	0	0	-1	24	0	0	-1	6	50	24	25	-1	0	10	38	0	-1	0	44	0	0	0	-1	0
c6760	6	30	28	0	45	15	0	0	-1	0	30	6	-1	6	0	24	0	0	0	-1	20	0	0	45	44	33	45	-1	24	-1
c6763	-1	-1	24	0	0	0	17	24	18	0	0	-1	0	-1	27	-1	48	0	0	46	0	26	6	-1	45	0	0	0	50	-1
c6766	0	0	0	0	0	-1	0	0	-1	0	0	6	3	6	0	-1	20	0	0	-1	-1	38	0	45	44	-1	0	0	0	0
c6772	0	47	0	-1	5	-1	0	0	-1	-1	-1	15	0	-1	-1	27	0	-1	-1	26	0	-1	0	27	-1	-1	0	-1	6	0
c6773	0	47	0	0	5	-1	-1	0	6	-1	-1	15	0	-1	0	-1	0	-1	38	26	0	0	0	-1	14	-1	-1	-1	6	0
c6775	0	0	24	0	0	-1	0	-1	-1	50	-1	0	14	0	0	-1	48	0	0	0	50	-1	0	46	0	0	32	45	50	0
c6789	0	0	0	32	23	15	0	0	-1	-1	-1	-1	-1	6	0	-1	20	0	0	-1	0	38	41	45	44	14	0	14	0	0
c6793	0	0	0	0	6	15	0	0	-1	40	0	6	-1	-1	0	24	20	-1	15	-1	24	0	0	45	44	45	-1	0	0	-1
c6801	25	0	-1	41	0	0	0	-1	40	-1	6	0	0	-1	25	38	40	0	6	-1	-1	0	0	0	0	6	0	0	-1	0
c6804	0	0	-1	0	0	-1	-1	24	-1	0	0	0	0	32	27	0	48	-1	0	0	0	28	-1	-1	-1	47	25	0	-1	-1
c6812	-1	0	28	0	10	15	33	40	-1	0	0	-1	-1	6	-1	24	44	0	0	-1	20	0	-1	45	44	0	0	19	0	-1
c6820	0	0	0	0	-1	15	0	50	-1	0	-1	6	0	6	0	24	20	-1	0	-1	0	38	0	45	44	0	0	0	46	-1
c6821	0	0	-1	0	-1	15	0	-1	-1	-1	0	6	0	6	0	24	20	45	0	-1	0	38	0	45	44	-1	0	0	46	-1
c6823	0	-1	0	0	-1	0	0	0	0	0	0	-1	43	-1	0	0	14	0	0	0	0	0	10	0	27	6	-1	0	-1	0
c6826	0	7	0	0	0	0	0	0	-1	0	45	18	47	0	0	0	14	0	0	0	0	0	10	6	27	6	0	0	-1	-1
c6831	0	0	24	0	0	0	0	0	0	-1	0	0	34	-1	26	0	48	0	-1	0	48	25	-1	0	-1	0	0	32	50	40
c6850	-1	0	24	0	0	45	0	0	-1	24	0	0	0	10	0	0	48	0	0	-1	0	40	0	-1	14	-1	0	-1	-1	0
c6855	-1	-1	0	2	-1	0	0	0	0	0	0	18	0	0	34	-1	14	0	0	0	0	-1	10	0	-1	6	33	0	-1	0
c6859	0	1	0	32	0	0	0	4	0	35	10	0	24	0	0	-1	0	0	40	0	0	33	0	0	-1	0	20	14	0	0
c6861	0	0	24	0	0	0	0	-1	0	0	0	-1	0	0	-1	0	48	0	26	0	0	0	0	33	3	-1	0	0	50	0
c6864	0	3	24	0	0	0	0	24	0	-1	-1	14	-1	-1	27	-1	48	-1	6	-1	-1	26	-1	48	0	0	0	-1	50	34
c6870	0	19	24	6	0	0	25	24	0	28	0	17	0	0	-1	0	48	0	-1	-1	-1	0	36	0	-1	40	0	0	-1	0
c6871	45	19	24	6	0	0	25	24	0	0	0	17	0	0	27	0	48	0	46	-1	-1	0	36	0	-1	-1	0	-1	-1	0
c6874	0	24	24	-1	0	0	0	-1	0	0	27	0	0	28	27	40	48	0	37	-1	-1	26	0	-1	45	0	0	0	50	-1
c6883	0	0	-1	0	0	0	45	0	34	0	50	0	-1	0	-1	16	48	19	38	-1	46	-1	47	-1	30	-1	-1	1	50	48
c6891	0	0	24	0	0	0	0	24	0	25	-1	38	0	0	-1	-1	48	10	-1	-1	-1	37	0	0	-1	0	-1	-1	-1	0
c6893	0	0	24	6	0	4	0	-1	0	0	-1	17	47	0	27	46	48	0	0	-1	-1	0	36	0	0	0	0	0	50	-1
c6901	30	0	-1	0	-1	0	0	0	0	0	0	0	0	0	0	2	48	0	0	0	0	-1	0	30	0	0	0	0	50	40
c6904	25	-1	38	0	0	-1	0	-1	0	32	23	15	37	0	40	23	0	0	0	-1	0	0	0	0	-1	0	21	0	0	18
c6907	20	45	24	0	0	0	3	24	0	33	25	-1	0	46	27	40	48	0	26	0	-1	0	0	25	0	-1	-1	0	-1	25
c6912	0	0	-1	-1	-1	-1	0	24	0	0	0	17	0	0	27	11	48	0	0	0	0	19	36	38	0	0	0	0	-1	30
c6913	-1	0	-1	6	0	0	23	24	0	0	0	17	-1	0	27	11	48	0	0	-1	0	19	36	0	-1	-1	0	0	-1	30
c6916	6	0	28	0	-1	15	0	0	-1	9	0	6	0	6	0	24	44	0	-1	-1	20	0	-1	45	44	-1	0	19	0	0
c6925	-1	-1	24	0	0	-1	0	24	0	0	0	0	0	0	27	0	48	0	37	-1	-1	26	0	-1	45	0	0	-1	50	0
c6931	0	0	38	0	-1	0	0	0	-1	32	0	15	37	0	0	0	-1	38	0	38	1	0	40	0	14	-1	0	0	-1	50
c6936	-1	0	-1	41	0	0	0	41	40	-1	-1	11	-1	-1	0	-1	40	0	6	0	-1	-1	0	30	-1	6	0	0	0	0
c6944	0	0	-1	0	5	-1	0	0	19	0	0	0	0	0	0	0	48	0	0	-1	0	-1	-1	26	-1	0	0	-1	50	40
c6948	0	7	0	0	16	-1	-1	-1	45	14	-1	0	0	46	0	0	-1	-1	11	0	26	0	10	-1	0	6	0	0	0	0
c6949	0	7	0	0	-1	-1	0	-1	45	-1	-1	0	0	46	0	-1	0	-1	11	0	0	0	10	-1	-1	6	0	0	0	0
c6955	0	-1	0	32	-1	0	0	37	24	35	10	26	0	40	0	-1	0	0	40	0	0	33	40	0	-1	0	0	14	30	0
c6960	0	27	20	-1	0	30	3	-1	-1	-1	-1	0	14	0	-1	-1	-1	-1	40	0	-1	33	0	0	14	25	0	-1	0	0
c6964	0	0	38	0	0	-1	-1	0	0	32	0	15	37	0	-1	-1	0	0	0	25	0	-1	0	38	14	0	0	25	-1	0
c6966	20	0	24	0	0	0	0	-1	0	14	6	0	-1	-1	-1	0	48	21	0	46	-1	-1	0	-1	0	0	47	-1	50	46
c6968	0	-1	0	0	16	-1	0	0	-1	0	26	0	37	0	-1	40	0	-1	0	18	-1	27	-1	-1	-1	-1	14	0	0	0
c6971	0	-1	-1	-1	0	40	0	0	0	0	0	-1	0	40	0	0	0	19	0	23	0	0	-1	-1	-1	6	17	32	0	-1
c6972	0	-1	24	46	0	0	0	-1	0	0	50	0	0	0	0	0	48	0	0	-1	46	40	0	30	0	-1	0	-1	50	25
c6978	0	-1	0	0	0	-1	0	0	-1	0	27	18	30	0	0	0	14	38	-1	4	0	0	10	-1	27	6	0	0	33	-1
c7000	-1	0	-1	0	0	0	-1	0	-1	0	50	0	0	-1	0	24	-1	0	38	6	46	40	47	-1	0	0	0	0	50	0
c7008	0	25	24	0	0	0	0	24	0	17	-1	17	-1	0	27	24	48	0	26	-1	45	0	0	-1	45	-1	0	0	50	0
c7013	-1	30	-1	0	6	15	0	0	-1	0	0	6	0	6	0	24	20	0	0	-1	0	-1	0	45	44	45	0	0	45	48
c7017	0	0	-1	38	0	0	-1	-1	14	0	50	0	-1	0	0	0	48	0	0	0	-1	40	0	0	30	-1	-1	0	50	0
c7019	25	0	26	-1	0	7	0	41	40	0	0	-1	0	-1	0	-1	40	-1	6	0	-1	-1	23	-1	24	6	0	0	-1	0
c7027	8	14	24	-1	45	-1	14	-1	18	41	0	0	45	-1	0	24	48	0	25	0	0	40	-1	-1	0	25	33	-1	50	-1
c7033	25	0	26	41	-1	0	25	-1	40	0	0	-1	50	-1	0	0	40	0	6	0	-1	0	0	0	24	6	0	0	0	-1
c7035	-1	-1	24	-1	0	0	-1	24	0	0	-1	17	0	0	27	10	48	50	-1	-1	0	-1	-1	0	18	-1	0	-1	-1	33
c7039	6	0	25	0	0	-1	0	0	-1	0	-1	6	0	-1	-1	24	-1	0	34	-1	0	38	41	45	-1	33	0	0	-1	-1
c7040	0	-1	24	0	-1	0	0	24	0	41	-1	0	-1	-1	27	-1	48	25	43	46	-1	26	0	-1	45	0	0	40	50	0
c7050	0	43	0	32	-1	20	45	33	0	35	10	0	0	0	11	-1	0	0	40	6	0	33	25	0	14	0	-1	-1	-1	26
c7055	30	0	38	0	0	0	0	0	-1	32	10	-1	37	0	0	8	0	17	10	0	37	-1	-1	14	14	0	0	0	-1	2
c7059	0	0	24	-1	0	0	32	24	0	0	0	17	24	0	27	0	48	28	0	-1	-1	0	36	-1	0	0	0	0	-1	3
c7062	0	0	-1	6	0	0	0	0	37	32	0	15	-1	0	-1	0	48	-1	38	0	0	-1	40	0	14	0	-1	-1	0	0
c7065	0	14	-1	40	0	-1	-1	0	18	0	0	0	27	0	-1	0	48	0	0	-1	0	40	-1	-1	0	-1	0	-1	50	0
c7083	0	26	0	-1	0	-1	-1	22	38	-1	10	0	0	-1	25	0	0	38	-1	0	-1	-1	0	45	14	0	27	-1	0	32
c7094	6	0	28	-1	0	15	0	40	-1	0	0	6	0	-1	0	24	44	17	50	-1	20	0	-1	45	44	0	0	19	0	0
c7096	0	0	0	32	-1	24	0	-1	0	35	10	-1	40	0	0	-1	0	0	-1	0	-1	33	17	0	-1	0	0	14	30	0
c7106	0	0	38	0	0	0	0	-1	0	32	0	15	37	0	32	-1	48	0	0	0	0	0	40	0	14	0	47	-1	-1	0
c7107	0	0	38	0	0	0	0	-1	0	32	0	15	37	0	32	0	48	0	0	0	-1	0	40	0	14	-1	47	-1	-1	0
c7110	6	0	24	6	0	0	0	24	0	46	0	17	0	5	27	0	48	0	0	-1	-1	0	36	-1	0	0	0	0	50	0
c7124	-1	0	26	41	0	0	0	-1	40	0	27	-1	0	-1	-1	-1	-1	46	-1	-1	-1	-1	0	0	0	6	0	-1	5	0
c7127	30	0	-1	0	24	0	4	1	0	0	0	26	0	0	10	0	48	0	-1	-1	-1	0	0	0	-1	0	0	30	50	40
c7131	-1	0	0	3	0	0	0	0	-1	-1	-1	0	0	6	0	24	25	-1	30	27	-1	1	0	0	44	0	-1	0	0	2
c7133	48	-1	0	3	0	6	-1	48	-1	0	0	0	-1	6	-1	24	25	-1	-1	10	-1	0	0	0	44	-1	0	0	0	0
c7136	27	17	24	33	-1	-1	30	0	-1	0	25	0	0	14	0	0	48	16	-1	0	-1	40	-1	0	-1	30	0	-1	50	-1
c7137	27	17	24	-1	37	0	30	-1	15	0	25	0	0	14	0	-1	48	16	0	0	0	40	-1	0	-1	30	-1	-1	-1	-1
c7141	0	0	0	0	6	15	0	0	-1	0	0	6	33	6	-1	24	20	0	0	-1	0	0	0	45	44	45	-1	0	0	-1
c7155	0	0	24	-1	0	0	-1	24	0	0	0	17	0	0	-1	24	-1	0	26	0	45	0	0	33	-1	-1	0	-1	50	0
c7165	0	0	-1	0	0	-1	0	19	30	32	-1	15	37	0	-1	0	48	0	0	0	0	-1	40	0	14	-1	0	-1	-1	25
c7167	0	-1	0	0	0	15	0	0	-1	33	11	-1	3	6	0	24	20	0	0	-1	17	-1	25	45	44	0	0	0	-1	0
c7169	0	0	-1	0	-1	0	0	0	0	0	-1	0	-1	0	0	0	-1	0	45	-1	-1	-1	48	0	0	0	0	21	50	0
c7178	6	0	28	0	-1	15	-1	-1	-1	0	0	6	0	6	0	-1	0	0	0	-1	20	0	0	45	44	-1	0	19	0	0
c7187	6	30	28	0	45	15	30	0	-1	0	-1	6	0	6	0	24	0	0	-1	-1	-1	-1	0	45	-1	0	45	19	24	10
c7190	0	3	24	-1	0	0	0	0	-1	-1	50	0	-1	-1	-1	0	48	0	0	18	0	40	0	0	27	0	0	0	-1	0
c7196	0	0	38	0	-1	-1	0	0	0	-1	0	15	37	0	24	33	-1	0	21	0	19	0	0	0	14	-1	21	0	0	0
c7203	33	0	33	0	0	-1	0	-1	0	0	0	-1	32	-1	0	0	0	0	0	-1	-1	0	0	-1	0	6	0	32	41	-1
c7207	-1	0	24	26	-1	0	0	24	0	17	0	17	-1	0	27	-1	48	30	26	0	0	0	0	0	0	-1	0	15	50	-1
c7209	-1	7	0	-1	45	0	0	0	0	0	0	-1	43	0	-1	0	14	0	0	0	0	0	10	0	27	6	33	34	-1	-1
c7215	-1	-1	24	0	-1	15	45	-1	0	0	-1	17	0	0	0	0	-1	-1	0	0	-1	0	0	0	-1	38	0	0	-1	-1
c7216	0	0	38	27	6	0	-1	0	0	32	-1	-1	37	0	0	-1	0	0	0	50	0	0	0	0	14	0	14	47	-1	0
c7219	0	0	38	0	0	-1	41	0	0	32	0	15	-1	40	25	-1	0	24	0	0	0	0	0	30	14	14	0	-1	18	0
c7220	48	-1	0	3	0	0	0	0	-1	-1	0	0	0	6	-1	24	25	-1	46	27	-1	0	0	0	44	0	0	0	0	9
c7229	0	-1	0	-1	0	41	0	0	-1	0	0	18	15	0	0	0	14	-1	0	-1	-1	0	10	0	27	6	0	0	33	3
c7276	24	45	0	0	-1	0	0	0	-1	38	-1	0	25	43	46	26	16	-1	0	0	0	-1	-1	0	48	6	3	0	0	0
c7285	0	-1	38	0	24	0	0	0	0	32	0	15	37	32	0	0	-1	0	0	-1	1	0	40	0	-1	-1	-1	10	0	33
c7294	0	7	0	-1	6	-1	-1	0	-1	0	-1	18	-1	47	-1	0	14	0	0	0	0	-1	-1	0	27	6	33	0	33	0
c7302	-1	0	-1	41	0	0	-1	-1	-1	37	6	0	0	-1	-1	38	40	0	6	-1	-1	0	0	0	0	-1	0	0	0	0
c7306	0	7	0	0	33	0	7	0	-1	9	50	-1	0	4	19	0	-1	-1	0	-1	-1	0	10	0	27	-1	0	0	33	0
c7307	0	7	0	0	33	0	7	-1	-1	9	50	18	0	4	19	0	-1	-1	0	-1	0	0	-1	-1	27	-1	0	0	33	0
c7325	0	7	0	0	0	0	-1	0	0	0	0	0	-1	0	-1	0	14	0	0	26	-1	0	10	19	-1	-1	0	-1	33	0
c7327	-1	0	0	25	26	-1	0	0	-1	0	0	0	-1	6	0	-1	0	0	0	0	0	-1	0	0	0	-1	0	0	0	0
c7336	-1	-1	24	6	0	0	37	26	0	0	26	26	0	40	0	-1	48	0	0	0	0	0	0	-1	-1	0	0	0	-1	40
c7343	0	0	0	0	-1	0	0	-1	-1	0	38	-1	0	6	0	24	0	0	0	0	46	0	0	0	-1	0	0	-1	25	0
c7362	-1	0	0	25	26	-1	0	-1	-1	0	0	0	-1	6	0	24	0	0	0	-1	0	-1	0	0	0	0	0	0	0	0
c7366	0	0	24	-1	0	0	18	24	0	0	0	17	0	0	27	0	48	0	26	0	0	-1	0	33	0	-1	-1	0	50	-1
c7376	14	0	-1	-1	0	0	0	0	24	-1	50	-1	-1	0	0	-1	48	0	6	43	0	-1	0	-1	-1	0	-1	0	50	0
c7381	0	0	33	0	0	40	-1	0	0	-1	0	-1	0	40	6	-1	0	0	0	-1	0	-1	-1	-1	0	6	0	-1	50	-1
c7382	0	0	24	1	0	-1	0	0	0	-1	0	50	0	10	0	0	48	-1	-1	-1	-1	40	0	-1	0	-1	0	-1	50	-1
c7386	25	0	-1	-1	0	0	27	38	34	0	-1	6	17	-1	0	-1	48	-1	38	0	46	40	47	-1	30	0	0	0	50	45
c7400	-1	7	0	0	45	0	0	22	0	0	0	-1	43	33	0	0	14	0	0	0	0	0	-1	0	27	6	33	0	-1	0
c7403	0	0	0	32	0	3	0	20	0	-1	10	-1	-1	17	0	-1	0	-1	-1	0	0	33	-1	-1	14	0	0	14	33	0
c7406	0	7	0	0	16	27	0	0	-1	0	26	0	0	0	0	0	0	-1	-1	18	0	-1	10	-1	-1	6	0	0	46	0
c7413	0	0	38	14	0	0	6	-1	0	32	0	15	37	0	15	14	48	0	-1	38	1	-1	40	0	-1	0	15	0	-1	0
c7423	-1	0	-1	32	0	-1	32	0	0	35	10	0	-1	6	0	0	-1	0	40	40	-1	33	30	0	-1	0	0	14	0	44
c7433	-1	0	0	25	26	-1	0	0	0	-1	0	24	-1	6	15	24	0	-1	0	0	-1	-1	0	0	0	0	40	-1	0	0
c7440	38	14	0	-1	26	0	0	37	24	35	10	26	-1	40	-1	0	0	0	40	0	0	33	40	0	14	0	0	14	30	0
c7443	0	25	0	32	45	0	0	0	0	-1	-1	0	0	-1	0	0	0	26	40	0	44	33	0	0	14	26	-1	14	0	0
c7446	0	18	24	-1	0	0	0	24	0	25	6	-1	41	0	27	-1	48	0	0	34	43	0	0	0	0	0	16	0	50	25
c7452	0	0	24	-1	-1	0	0	24	1	0	0	0	26	0	-1	23	-1	0	0	20	0	-1	0	0	0	0	0	0	-1	0
c7453	0	0	24	0	0	0	0	24	1	0	-1	0	0	-1	27	23	48	0	0	0	0	26	-1	0	0	0	-1	0	50	0
c7455	0	-1	26	41	-1	0	0	-1	0	-1	26	0	0	6	45	0	40	40	0	-1	0	11	0	-1	30	6	0	45	3	0
c7460	6	0	0	25	-1	-1	7	-1	0	0	0	0	-1	-1	0	24	-1	0	0	0	0	-1	0	0	0	-1	0	0	0	0
c7488	0	0	24	6	0	-1	44	-1	0	46	0	17	0	0	27	0	48	0	0	-1	-1	-1	36	-1	0	-1	-1	0	50	0
c7492	0	0	-1	0	0	-1	45	-1	34	0	50	0	0	0	6	16	48	0	38	0	-1	40	-1	-1	30	38	0	1	-1	48
c7493	0	0	-1	-1	0	0	-1	0	34	0	50	0	0	0	6	16	48	0	38	0	46	40	47	-1	30	38	0	1	50	48
c7502	0	0	0	0	0	15	0	50	-1	0	0	6	0	6	0	-1	20	35	0	-1	-1	38	0	45	44	0	0	0	0	24
c7505	10	0	-1	-1	32	-1	0	-1	40	0	0	0	-1	-1	26	-1	-1	0	0	2	-1	-1	0	25	24	0	0	0	-1	0
c7508	-1	-1	0	0	0	15	0	0	-1	0	0	6	-1	6	0	24	20	-1	0	-1	-1	38	0	45	44	27	0	0	0	0
c7511	0	7	-1	-1	0	0	0	-1	0	0	0	0	0	-1	0	24	14	0	0	-1	0	0	10	0	27	6	0	-1	-1	0
c7515	0	-1	24	-1	1	0	0	24	0	0	0	0	0	0	27	0	48	25	-1	46	0	26	-1	-1	45	0	0	-1	-1	0
c7516	-1	45	-1	43	-1	0	-1	0	-1	32	0	15	37	-1	30	0	0	0	0	33	0	0	33	0	14	-1	0	0	0	-1
c7517	0	45	38	-1	-1	0	0	-1	0	32	0	-1	37	-1	30	0	0	0	0	33	0	0	33	-1	14	0	0	0	0	0
c7520	6	0	0	25	26	-1	0	0	0	45	0	0	-1	6	0	24	-1	10	0	0	0	-1	0	44	0	0	0	25	0	0
c7521	-1	0	0	25	26	-1	0	0	0	45	0	0	-1	6	0	-1	-1	10	0	0	0	-1	0	44	0	0	-1	25	-1	0
c7528	0	0	-1	32	0	0	-1	-1	0	35	10	26	0	0	-1	0	37	0	40	26	0	33	-1	32	14	8	-1	-1	-1	1
c7535	15	0	-1	0	50	47	0	24	0	0	30	0	0	40	27	0	48	0	-1	46	0	26	0	-1	-1	0	2	-1	50	0
c7537	0	7	0	0	6	0	0	0	0	0	0	18	0	0	34	0	14	-1	0	-1	0	0	10	0	-1	6	-1	0	-1	0
c7540	-1	0	0	32	0	35	32	-1	45	35	10	0	-1	6	0	0	0	-1	40	0	-1	-1	30	-1	-1	0	0	14	6	-1
c7554	0	0	-1	6	0	0	-1	24	0	46	0	17	0	0	27	0	48	-1	0	-1	-1	48	-1	0	0	0	0	0	50	0
c7556	25	-1	26	41	0	7	0	-1	40	0	29	-1	-1	-1	0	0	-1	0	6	0	-1	0	0	-1	-1	-1	45	0	43	0
c7560	0	45	38	0	0	0	0	0	0	32	0	15	37	0	30	0	0	0	0	33	0	0	33	0	14	0	0	0	0	0
c7565	-1	-1	24	0	0	0	0	24	0	-1	0	17	38	0	27	0	48	0	26	0	0	0	0	45	0	-1	-1	0	50	-1
c7575	-1	0	-1	0	0	0	0	24	0	0	-1	17	0	0	27	24	48	-1	26	-1	0	-1	0	33	0	-1	0	0	50	0
c7586	0	0	-1	-1	0	-1	0	24	0	0	0	0	0	38	27	-1	48	0	0	46	0	26	6	-1	45	0	0	0	50	0
c7592	0	0	46	32	26	0	0	-1	0	35	10	26	0	-1	0	43	33	0	40	0	14	33	17	0	14	0	48	14	0	0
c7606	0	-1	24	0	0	0	-1	-1	30	0	3	17	47	0	27	0	48	0	0	-1	0	-1	0	-1	46	-1	0	0	50	0
c7609	0	7	0	0	16	0	0	-1	0	0	26	0	0	17	-1	-1	0	46	0	-1	6	-1	-1	0	-1	-1	0	27	16	0
c7614	-1	-1	0	32	0	0	-1	0	7	35	10	-1	0	6	25	-1	16	-1	40	0	-1	33	0	38	14	-1	-1	14	-1	0
c7616	-1	-1	24	0	0	0	0	24	0	0	0	17	-1	0	-1	0	-1	0	26	0	0	-1	0	33	-1	-1	-1	-1	50	0
c7632	0	0	-1	0	-1	-1	0	-1	0	-1	-1	17	0	-1	27	0	-1	0	-1	0	-1	0	-1	33	0	-1	0	0	50	0
c7643	6	0	0	25	26	-1	0	0	0	0	0	0	-1	6	0	-1	0	0	-1	-1	0	-1	0	-1	-1	-1	10	0	-1	0
c7650	0	0	24	6	0	4	-1	-1	0	17	0	-1	0	0	27	30	48	42	0	16	-1	-1	36	-1	0	0	0	-1	50	0
c7651	0	0	-1	6	0	4	0	-1	0	17	-1	-1	0	0	27	30	-1	42	0	16	-1	45	36	0	0	0	-1	0	50	0
c7653	14	-1	24	-1	0	0	-1	0	0	0	50	0	0	45	0	0	48	-1	0	0	0	-1	0	0	-1	-1	-1	0	50	0
c7671	6	0	28	0	0	15	0	0	-1	9	0	6	0	6	0	24	44	0	-1	-1	20	-1	-1	45	44	0	47	19	0	0
c7672	0	7	0	45	16	0	0	30	40	0	26	0	0	0	0	0	-1	-1	11	0	0	-1	10	-1	0	6	0	0	0	0
c7673	0	7	-1	45	16	0	-1	30	40	0	26	0	-1	0	-1	-1	0	-1	-1	0	0	0	10	-1	0	6	0	0	-1	0
c7676	50	0	24	0	-1	0	6	24	-1	-1	0	17	11	40	27	0	-1	0	26	0	41	0	47	30	0	-1	0	-1	50	0
c7684	-1	0	24	46	44	0	33	24	0	0	-1	17	0	-1	27	0	48	0	26	0	-1	-1	0	37	0	-1	0	0	50	0
c7685	0	-1	24	46	44	0	33	24	0	0	-1	17	0	0	-1	-1	48	0	26	0	5	0	0	37	0	-1	-1	0	50	-1
c7690	0	0	-1	32	48	0	0	26	0	35	10	0	26	0	44	0	0	0	40	0	0	33	-1	0	14	0	-1	14	-1	0
c7691	0	-1	26	32	48	0	0	26	0	35	10	0	-1	0	44	0	0	0	40	0	0	33	-1	0	14	0	24	-1	0	0
c7692	-1	0	24	-1	-1	0	0	24	0	0	0	17	0	0	27	-1	-1	0	0	-1	-1	0	36	0	0	0	0	0	-1	6
c7715	0	0	24	0	18	-1	0	0	-1	0	50	0	0	0	0	0	48	-1	45	-1	0	40	48	0	0	0	0	21	50	0
c7721	0	0	0	0	-1	-1	0	0	-1	0	-1	6	3	6	0	-1	20	0	-1	-1	0	38	0	45	44	0	20	0	0	27
c7730	0	0	0	32	0	0	-1	37	0	-1	10	26	0	0	5	-1	0	17	40	0	0	33	-1	-1	-1	8	0	14	43	0
c7734	0	26	24	0	0	33	0	0	14	-1	5	15	37	43	32	-1	0	25	14	50	0	-1	-1	0	14	0	0	-1	0	0
c7743	46	0	24	-1	1	0	0	24	0	0	-1	17	24	0	27	-1	48	0	0	-1	-1	0	-1	0	0	-1	0	0	-1	0
c7747	0	19	-1	6	0	0	0	-1	-1	0	0	17	-1	0	-1	-1	48	-1	-1	-1	-1	0	36	-1	0	40	0	0	-1	0
c7748	0	45	38	0	0	0	0	0	0	32	0	15	37	0	30	0	0	0	0	33	0	0	33	0	14	0	0	0	0	-1
c7793	0	0	-1	0	0	0	0	0	0	-1	0	-1	37	0	0	0	0	0	0	0	0	0	0	0	14	0	21	-1	0	0
c7797	0	0	-1	-1	6	0	-1	0	0	32	-1	15	37	0	0	-1	0	0	0	50	0	0	0	0	14	0	14	47	0	0
c7806	-1	-1	24	6	0	0	0	24	0	0	0	17	0	0	27	0	48	0	0	-1	-1	-1	36	0	0	40	0	-1	-1	0
c7812	10	0	0	-1	0	-1	-1	21	40	0	0	25	0	6	26	-1	-1	0	0	2	-1	-1	0	25	0	0	0	50	33	-1
c7817	0	7	25	0	16	0	0	38	0	0	26	0	0	17	0	0	0	0	0	-1	6	-1	10	0	0	6	50	0	-1	0
c7818	-1	-1	26	41	0	0	25	-1	-1	-1	-1	-1	-1	-1	0	-1	40	-1	6	0	-1	-1	0	-1	24	6	0	0	0	0
c7819	-1	0	26	41	0	0	25	-1	40	-1	0	-1	50	-1	-1	0	40	0	6	0	-1	0	0	0	24	-1	0	-1	0	0
c7820	-1	7	-1	0	-1	0	-1	-1	45	14	26	0	-1	-1	0	0	-1	-1	11	0	0	0	10	-1	0	6	-1	-1	0	0
c7835	0	7	0	0	0	0	-1	0	0	0	0	-1	0	0	25	0	14	0	0	0	0	0	-1	0	27	6	0	0	33	0
c7841	0	25	-1	-1	6	-1	0	24	0	0	0	17	0	0	27	24	48	0	26	0	45	0	0	-1	45	-1	0	0	-1	0
c7845	0	0	24	6	-1	27	1	24	46	0	0	17	0	0	27	18	48	0	45	-1	-1	-1	36	0	0	-1	0	38	50	0
c7847	0	37	0	0	0	15	0	24	-1	0	-1	-1	-1	6	0	24	-1	0	46	-1	-1	-1	-1	45	44	0	0	-1	0	0
c7854	-1	-1	0	0	-1	15	0	-1	-1	0	-1	6	0	-1	1	24	-1	0	0	-1	0	38	0	-1	44	26	-1	0	-1	0
c7858	14	-1	-1	6	0	5	0	-1	-1	46	0	17	0	0	27	6	48	0	-1	-1	-1	46	36	25	0	0	-1	0	-1	-1
c7860	-1	0	-1	0	-1	15	0	0	-1	-1	0	6	0	6	0	24	20	-1	0	-1	10	38	41	45	-1	0	0	0	0	0
c7863	0	0	-1	-1	0	-1	0	-1	0	32	0	-1	37	-1	0	0	48	-1	-1	38	1	-1	40	0	14	-1	0	-1	24	0
c7869	25	-1	26	41	0	7	-1	41	40	-1	0	-1	0	-1	0	0	40	0	6	0	-1	-1	0	0	0	6	0	0	-1	-1
c7879	0	0	38	0	-1	0	0	0	-1	32	-1	15	37	0	0	0	-1	0	32	-1	0	0	40	0	14	0	25	-1	0	0
c7883	48	37	0	3	-1	-1	-1	-1	-1	-1	0	0	0	6	-1	24	-1	0	0	27	0	0	0	0	44	0	-1	15	0	-1
c7888	46	24	38	0	0	0	-1	-1	0	32	0	15	37	0	0	-1	48	-1	0	38	1	33	40	0	14	0	-1	-1	0	0
c7908	18	-1	38	0	0	0	14	0	-1	32	-1	15	-1	-1	0	30	0	24	0	26	-1	0	0	0	14	0	0	26	18	0
c7913	-1	-1	-1	0	-1	40	0	0	-1	13	0	-1	0	40	0	0	0	19	0	-1	0	0	0	-1	-1	6	0	32	0	-1
c7914	48	-1	0	-1	0	0	0	0	-1	33	21	0	-1	6	-1	24	-1	43	43	27	0	1	0	0	44	-1	0	0	0	0
c7921	0	0	-1	-1	0	0	0	-1	-1	0	0	0	0	0	-1	0	48	-1	0	0	48	25	-1	0	-1	-1	0	32	50	40
c7933	0	7	0	0	32	24	0	0	-1	32	-1	18	0	26	0	0	-1	0	-1	0	45	0	10	0	27	6	0	0	33	0
c7943	24	0	0	0	26	0	26	0	-1	38	-1	-1	-1	-1	46	0	16	-1	-1	0	25	0	45	0	-1	6	-1	0	-1	0
c7944	0	-1	0	0	5	-1	-1	0	0	0	-1	15	41	0	0	-1	0	30	-1	26	0	0	0	-1	-1	50	0	-1	6	-1
c7949	0	6	24	6	-1	45	0	-1	-1	0	0	17	-1	0	27	11	48	0	0	0	24	0	36	0	0	30	0	0	50	0
c7955	0	45	-1	0	0	0	3	24	0	0	25	-1	0	0	27	-1	-1	0	26	0	-1	-1	0	0	0	-1	0	0	50	-1
c7957	0	0	24	-1	0	0	0	24	-1	0	3	17	47	-1	27	0	-1	0	-1	0	0	26	0	-1	0	0	0	27	50	-1
c7958	6	0	28	0	0	15	-1	0	-1	9	-1	6	-1	6	0	24	-1	0	-1	-1	20	44	-1	-1	44	-1	0	19	0	0
c7964	44	7	0	0	48	0	0	0	0	0	0	18	47	-1	46	0	-1	0	0	0	-1	0	10	6	-1	6	0	-1	33	-1
c7966	0	0	0	32	0	0	32	0	0	35	10	15	0	6	0	0	0	0	40	0	-1	-1	30	0	14	0	0	14	24	44
c7967	0	-1	0	32	0	-1	-1	-1	0	35	-1	15	0	6	0	0	0	0	40	0	-1	33	30	0	-1	-1	0	14	24	44
c7974	-1	0	-1	-1	0	25	0	24	0	0	0	17	0	0	27	0	48	0	26	0	0	0	0	0	0	-1	0	0	50	0
c7977	0	-1	24	0	0	30	32	24	0	-1	0	17	0	-1	-1	0	48	0	26	0	-1	0	0	-1	-1	-1	0	0	50	0
c7979	-1	23	0	0	0	10	-1	-1	14	46	5	15	-1	0	0	-1	18	0	33	50	6	0	-1	0	14	0	-1	30	-1	0
c7988	46	-1	-1	0	0	15	0	0	-1	0	32	6	0	6	0	24	20	0	0	-1	0	0	0	45	44	45	-1	0	0	0
c7995	0	7	0	0	0	0	0	0	0	0	0	18	-1	18	0	-1	14	0	-1	0	0	6	10	-1	27	6	0	-1	33	-1
c8000	0	0	24	0	0	25	0	26	43	0	-1	-1	0	0	26	0	-1	0	0	0	-1	0	0	24	-1	0	0	0	-1	40
c8018	0	0	0	32	-1	24	-1	37	-1	35	10	26	-1	0	0	0	0	0	40	45	-1	33	14	-1	14	33	0	14	0	0
c8019	0	0	0	32	-1	24	0	37	0	35	10	26	40	0	0	0	0	0	-1	45	-1	33	14	-1	14	33	-1	14	0	0
c8024	0	0	24	0	0	0	0	0	0	0	0	0	0	1	-1	0	48	0	-1	0	48	25	0	0	-1	-1	0	32	50	40
c8029	0	45	10	32	-1	-1	0	37	0	35	10	-1	-1	18	0	0	-1	0	40	45	0	33	-1	-1	-1	0	25	14	-1	0
c8035	0	0	38	-1	0	0	0	-1	0	32	0	15	-1	11	0	23	0	0	45	0	0	45	0	-1	14	0	21	17	-1	0
c8040	44	7	0	0	-1	0	0	0	-1	0	-1	18	-1	0	-1	0	14	0	0	0	0	0	10	6	27	-1	0	0	-1	0
c8054	0	-1	0	0	16	-1	-1	-1	45	14	26	50	0	46	-1	0	-1	-1	11	0	48	-1	10	-1	0	6	0	27	-1	0
c8072	-1	0	24	-1	0	0	0	24	0	0	0	17	0	0	27	0	48	0	-1	-1	-1	0	36	-1	0	-1	0	-1	-1	6
c8073	0	0	24	6	0	0	0	24	0	0	0	17	0	0	27	-1	48	-1	0	-1	-1	-1	36	0	0	-1	0	-1	-1	6
c8074	44	7	0	0	0	20	33	-1	-1	0	27	-1	0	-1	-1	0	14	0	0	0	0	-1	10	0	27	6	28	0	33	0
c8075	44	7	0	0	0	20	33	0	0	0	-1	18	0	0	-1	0	14	0	0	-1	0	0	10	0	27	6	28	0	33	-1
c8077	0	0	0	32	0	0	32	-1	-1	35	10	-1	-1	6	0	0	-1	45	40	0	-1	33	30	-1	14	-1	0	-1	24	44
c8082	-1	-1	38	0	-1	0	0	0	0	32	0	15	37	0	25	0	16	24	0	0	0	0	0	30	-1	0	25	1	18	-1
c8085	44	7	-1	0	48	0	-1	0	0	-1	0	18	47	0	0	0	14	0	-1	0	0	0	10	-1	27	6	-1	0	33	-1
c8095	0	0	0	32	0	35	32	38	45	-1	10	-1	0	6	0	0	-1	-1	40	-1	-1	33	-1	-1	14	0	0	14	6	44
c8097	28	0	24	-1	0	27	1	24	-1	-1	0	-1	-1	0	27	0	48	0	0	-1	-1	0	36	0	0	0	0	0	-1	0
c8112	48	0	0	-1	0	34	-1	18	-1	0	0	3	27	-1	10	24	-1	0	0	10	0	6	0	0	44	0	33	0	-1	0
c8117	0	7	0	-1	6	0	-1	-1	-1	0	0	18	0	47	34	0	14	0	0	0	-1	0	10	0	27	6	33	0	33	0
c8127	0	0	0	-1	46	-1	0	37	0	35	10	26	-1	0	0	0	37	0	40	0	43	33	0	32	14	8	0	-1	0	0
c8131	47	0	-1	0	0	0	0	24	15	0	0	0	-1	0	27	0	48	21	13	46	50	-1	0	-1	-1	33	0	0	-1	44
c8132	0	-1	24	26	0	0	0	24	-1	-1	-1	17	38	0	27	-1	48	0	26	0	0	0	0	33	0	-1	0	0	50	0
c8134	0	0	38	0	0	0	0	0	0	32	-1	15	37	-1	32	0	-1	-1	0	0	43	0	40	0	14	0	25	-1	0	0
c8137	0	0	-1	32	0	35	32	-1	45	35	10	0	28	6	0	0	0	0	40	0	-1	33	30	50	14	0	0	14	6	44
c8141	0	0	24	34	0	0	0	0	0	14	50	0	0	-1	0	46	48	0	0	18	-1	40	0	0	27	0	0	26	50	-1
c8145	14	-1	24	0	0	0	0	0	0	-1	50	0	-1	47	15	33	48	-1	-1	0	0	-1	0	0	0	0	-1	0	50	0
c8153	0	7	0	40	16	27	0	0	0	-1	26	16	0	0	-1	0	-1	-1	0	-1	-1	27	10	-1	-1	-1	-1	-1	33	-1
c8157	0	-1	0	32	23	15	0	0	-1	-1	0	-1	0	6	0	-1	-1	0	0	-1	-1	38	41	-1	44	14	0	-1	0	0
c8165	0	7	0	0	16	0	6	30	-1	0	26	0	0	0	0	0	0	-1	11	-1	0	0	10	-1	0	6	0	0	0	25
c8169	-1	-1	0	0	26	0	0	0	47	38	-1	0	0	-1	-1	48	16	-1	0	40	0	43	0	-1	41	6	3	0	0	0
c8179	0	0	0	0	-1	15	0	50	-1	0	0	6	0	6	0	24	-1	0	0	-1	-1	38	0	45	44	0	0	0	0	24
c8188	0	0	38	0	0	0	-1	0	0	32	-1	15	37	0	0	-1	-1	6	-1	38	1	-1	40	0	14	0	33	0	24	0
c8205	-1	0	0	-1	0	-1	0	0	-1	0	0	-1	0	6	26	24	3	50	-1	-1	0	-1	0	-1	0	46	0	33	-1	0
c8211	-1	-1	24	0	-1	0	0	0	0	0	50	-1	0	-1	15	-1	48	0	37	-1	0	-1	38	-1	0	0	-1	0	50	0
c8227	0	0	24	0	0	0	0	24	0	0	0	17	0	0	27	-1	48	0	26	-1	0	0	0	33	-1	-1	-1	0	50	-1
c8231	30	0	-1	11	24	0	0	-1	0	0	-1	0	-1	0	10	-1	-1	0	-1	0	44	0	0	0	0	0	33	30	50	40
c8236	0	-1	24	0	0	0	-1	0	0	0	0	0	0	1	0	0	48	27	0	0	48	25	0	0	-1	0	0	32	50	40
c8242	0	-1	-1	32	0	35	-1	-1	-1	35	10	0	0	6	0	0	0	-1	-1	0	-1	-1	30	-1	14	0	0	14	-1	44
c8245	-1	24	24	-1	0	0	0	24	0	0	-1	17	0	0	27	11	48	0	-1	0	0	-1	36	0	-1	0	0	0	50	0
c8247	0	-1	0	0	0	0	0	0	0	0	-1	18	0	18	0	43	14	0	0	0	0	6	10	0	27	6	15	0	33	0
c8258	0	-1	24	38	0	0	0	-1	0	0	50	0	-1	0	0	-1	48	0	0	0	-1	40	0	0	0	0	-1	0	50	0
c8260	-1	-1	24	0	0	0	6	24	-1	0	0	17	0	0	27	0	48	-1	26	15	0	0	0	0	18	-1	0	-1	50	0
c8274	0	-1	0	0	0	-1	0	-1	40	0	-1	0	-1	6	-1	24	-1	0	0	0	0	-1	0	0	-1	0	0	0	0	-1
c8276	0	-1	-1	0	-1	0	0	24	0	0	0	0	0	0	27	0	48	25	43	46	0	26	0	-1	45	0	0	0	50	-1
c8283	0	0	-1	0	-1	0	35	0	-1	-1	0	-1	-1	1	-1	-1	-1	0	-1	0	48	-1	-1	0	-1	0	-1	32	50	40
c8285	0	0	24	0	0	15	45	0	0	-1	0	17	0	0	0	0	48	0	17	-1	0	0	0	-1	-1	0	26	9	50	40
c8291	33	0	38	0	0	0	0	0	2	32	0	15	37	0	0	11	14	0	0	0	0	5	0	0	-1	0	0	0	0	0
c8294	6	-1	-1	0	0	-1	0	0	-1	0	0	6	-1	6	45	24	2	0	30	-1	-1	-1	0	45	44	0	0	19	0	-1
c8296	0	-1	-1	0	0	0	0	0	-1	32	0	-1	37	0	0	0	48	-1	-1	38	1	0	40	0	14	0	0	0	-1	0
c8298	14	0	24	0	0	0	-1	-1	0	14	-1	-1	33	0	27	0	48	0	38	33	-1	0	0	6	40	-1	46	0	50	0
c8299	14	0	24	-1	0	-1	-1	24	0	14	-1	43	33	0	27	0	48	0	38	33	-1	-1	0	6	40	0	46	0	50	0
c8306	25	-1	-1	0	0	18	-1	-1	0	0	-1	15	0	0	0	0	0	30	0	0	0	26	-1	6	14	-1	0	26	6	25
c8310	0	0	24	0	0	-1	0	24	30	0	3	17	47	0	27	0	48	27	45	0	0	26	0	36	0	0	33	-1	50	-1
c8312	0	0	-1	0	0	0	0	-1	0	45	0	0	-1	0	-1	0	48	0	0	46	0	26	27	-1	0	-1	-1	-1	50	0
c8318	0	0	33	-1	0	40	0	0	0	13	0	-1	0	40	0	0	0	19	0	23	0	0	46	-1	-1	6	0	32	-1	-1
c8323	-1	-1	0	40	-1	27	48	0	46	27	26	16	0	0	50	0	0	-1	0	18	0	27	10	-1	-1	6	0	0	0	-1
c8324	0	0	38	10	0	43	0	-1	0	-1	23	15	37	0	0	23	0	-1	0	-1	-1	0	-1	30	14	0	21	-1	0	0
c8327	0	0	37	32	10	24	0	37	0	35	10	-1	40	0	0	0	0	0	-1	-1	0	33	17	0	14	0	0	14	30	0
c8331	0	-1	-1	50	16	-1	0	0	0	0	26	0	0	0	0	-1	0	-1	0	-1	0	27	10	-1	-1	6	0	0	-1	0
c8338	-1	0	26	41	0	0	-1	-1	40	-1	0	-1	50	-1	0	0	40	0	6	40	-1	0	0	25	0	6	0	0	47	-1
c8339	-1	0	26	-1	0	-1	-1	-1	40	0	-1	-1	50	-1	0	0	40	-1	6	40	-1	0	-1	25	0	6	0	0	47	0
c8353	0	0	0	-1	0	-1	0	0	-1	0	-1	0	-1	6	-1	24	3	0	0	0	11	-1	0	0	-1	0	1	0	30	0
c8364	0	-1	0	0	0	15	-1	0	-1	0	0	6	-1	6	0	24	20	0	0	-1	0	38	-1	45	44	14	47	0	0	0
c8371	17	-1	0	-1	0	-1	-1	0	0	32	0	18	0	33	-1	0	-1	0	0	0	0	-1	10	-1	-1	6	-1	0	33	0
c8375	0	0	24	-1	-1	0	0	0	-1	0	0	0	45	-1	0	-1	48	-1	0	-1	0	40	0	-1	0	-1	-1	-1	50	20
c8388	30	0	38	0	0	0	0	0	-1	32	10	15	37	0	0	8	-1	27	-1	-1	-1	40	0	14	14	0	0	-1	0	38
c8392	48	0	37	3	-1	-1	0	32	-1	6	21	0	0	6	0	24	25	43	0	27	0	1	0	0	44	-1	0	25	0	0
c8407	24	7	3	0	0	24	0	0	0	32	0	-1	0	0	0	0	-1	-1	0	-1	26	0	-1	0	27	-1	0	0	33	0
c8412	-1	-1	0	32	0	0	32	0	0	35	10	15	0	6	22	-1	-1	0	40	0	-1	-1	30	0	14	-1	-1	14	0	44
c8423	-1	7	0	0	-1	24	0	-1	0	32	0	18	0	-1	18	0	-1	0	-1	-1	0	0	10	0	27	6	0	0	33	0
c8425	6	0	-1	0	-1	15	0	0	-1	6	0	6	0	6	0	24	44	0	-1	-1	20	0	-1	45	44	0	-1	19	0	0
c8430	-1	0	30	0	26	0	26	0	47	38	-1	22	0	0	46	16	16	-1	0	0	0	0	46	3	0	6	3	0	0	0
c8452	33	0	-1	0	-1	-1	-1	0	0	0	-1	-1	32	-1	0	-1	0	0	0	23	-1	0	-1	-1	0	6	-1	32	0	-1
c8460	0	-1	0	32	-1	0	0	0	0	35	10	0	0	-1	0	25	0	0	40	0	-1	33	30	0	14	0	0	-1	-1	0
c8466	0	0	0	-1	0	15	0	0	-1	0	0	6	3	6	-1	24	-1	-1	0	-1	0	-1	41	45	44	14	0	0	0	0
c8472	0	-1	0	32	0	0	-1	0	0	35	10	0	0	6	25	6	0	0	40	-1	-1	33	0	0	-1	0	-1	14	-1	0
c8478	0	0	24	-1	0	-1	0	0	-1	0	50	0	0	30	14	0	48	0	0	18	0	40	0	0	27	-1	0	0	50	32
c8481	14	0	24	0	0	0	0	0	24	0	50	0	30	45	0	0	48	0	0	43	0	-1	0	0	0	0	-1	0	50	0
c8484	0	0	-1	0	0	0	0	-1	0	0	-1	0	-1	0	0	0	48	0	0	0	-1	40	-1	0	0	-1	6	0	50	0
c8491	0	47	0	0	5	-1	0	0	0	40	-1	15	0	0	-1	27	0	30	38	26	0	-1	0	-1	14	50	-1	-1	6	0
c8496	6	0	-1	25	26	-1	0	0	0	0	0	40	-1	6	0	24	0	0	-1	-1	0	-1	0	35	33	40	0	0	46	0
c8502	0	7	0	-1	45	0	-1	-1	0	0	0	18	43	49	45	-1	14	-1	0	6	6	0	10	0	27	6	33	0	33	-1
c8505	0	-1	3	-1	0	24	0	-1	33	32	-1	18	0	-1	0	-1	-1	-1	44	0	0	-1	10	-1	27	-1	26	0	33	0
c8513	0	27	-1	-1	6	36	0	14	0	-1	10	0	0	0	17	25	0	0	40	-1	0	33	-1	-1	14	0	0	14	0	48
c8517	-1	0	0	-1	-1	24	-1	0	-1	0	21	33	-1	6	-1	-1	25	43	0	27	0	1	0	0	44	-1	0	0	0	-1
c8523	0	0	24	-1	0	0	0	24	-1	0	-1	-1	0	0	-1	24	48	0	-1	24	0	0	-1	-1	0	-1	0	0	50	-1
c8526	0	27	0	-1	0	30	0	0	-1	-1	-1	0	0	0	34	25	0	-1	40	0	0	33	0	0	14	-1	0	14	0	-1
c8530	0	-1	38	0	0	0	0	0	0	-1	0	15	37	0	0	0	-1	0	0	0	0	5	0	38	14	0	0	0	0	0
c8531	0	25	38	0	0	0	0	0	0	32	0	15	37	0	0	0	0	0	0	0	0	5	0	38	-1	0	0	0	0	-1
c8532	48	0	0	3	-1	0	0	0	-1	33	21	0	0	6	0	24	25	43	30	27	-1	1	0	0	44	0	0	0	0	2
c8533	48	0	0	3	0	0	0	0	-1	33	21	0	0	6	0	24	25	43	30	27	-1	1	-1	0	44	0	0	0	0	-1
c8541	0	17	40	0	33	-1	0	-1	0	0	-1	15	0	-1	0	33	-1	-1	0	0	17	0	0	0	14	0	-1	26	6	0
c8542	0	0	-1	0	-1	0	30	0	-1	0	20	0	1	-1	0	0	48	-1	0	24	0	-1	0	0	0	0	-1	-1	50	0
c8545	-1	0	0	32	0	-1	32	0	0	35	-1	0	-1	6	25	-1	-1	0	40	-1	-1	33	-1	0	-1	0	0	14	25	0
c8558	-1	7	-1	-1	16	0	0	30	45	14	26	0	0	46	0	0	0	-1	11	0	-1	45	10	-1	0	6	0	0	0	0
c8560	48	0	0	-1	0	0	-1	0	-1	0	0	0	41	6	32	24	25	0	0	27	0	0	0	0	44	-1	-1	0	0	26
c8561	48	0	0	3	0	0	-1	0	-1	-1	0	0	41	6	32	-1	25	0	0	27	0	-1	0	0	44	-1	-1	-1	0	26
c8565	0	-1	38	0	0	0	0	-1	0	32	0	15	37	0	-1	0	48	0	-1	38	1	22	40	0	14	0	0	-1	0	0
c8567	0	0	24	0	0	0	0	0	0	0	50	46	0	0	0	-1	48	0	0	0	46	40	-1	-1	0	-1	0	0	50	-1
c8568	14	7	0	25	16	-1	41	-1	0	0	26	38	-1	-1	0	-1	0	-1	0	-1	-1	0	-1	-1	45	6	0	0	0	0
c8569	14	-1	0	25	16	0	-1	48	-1	0	-1	38	0	30	-1	0	0	-1	0	24	0	0	-1	-1	45	6	0	0	0	0
c8574	-1	0	0	32	-1	0	0	37	0	35	-1	26	0	0	0	0	-1	37	40	0	0	33	46	32	14	8	-1	14	-1	0
c8576	0	0	-1	-1	0	0	0	-1	0	46	0	-1	24	0	27	-1	48	0	0	-1	-1	0	36	0	0	0	-1	0	-1	-1
c8577	-1	0	-1	6	0	0	0	24	0	46	0	17	24	0	27	-1	48	0	0	-1	-1	0	36	-1	0	0	-1	0	-1	0
c8580	0	0	0	0	0	-1	-1	0	40	0	27	0	0	-1	26	24	3	50	0	-1	0	-1	0	-1	-1	46	0	-1	0	0
c8585	24	0	30	0	26	0	0	0	47	38	-1	-1	0	0	-1	-1	16	-1	46	0	0	0	46	0	0	6	-1	0	0	0
c8593	24	0	0	0	26	0	-1	0	47	38	-1	0	40	0	46	-1	16	-1	0	18	-1	0	-1	0	0	6	-1	0	0	0
c8595	0	17	40	0	-1	-1	0	-1	0	30	-1	15	-1	-1	0	33	0	30	0	0	17	25	0	0	14	0	-1	26	6	0
c8599	0	0	0	33	6	15	0	6	-1	0	0	6	-1	6	-1	-1	20	0	0	-1	0	-1	0	45	44	45	0	0	0	0
c8600	0	0	0	32	0	-1	0	0	0	-1	10	14	0	20	0	25	-1	0	40	0	25	33	0	0	14	0	-1	-1	0	-1
c8605	0	0	-1	32	-1	0	0	37	0	-1	-1	26	0	8	-1	0	-1	0	-1	46	-1	33	-1	27	-1	0	0	14	0	0
c8610	0	-1	0	0	0	15	-1	0	-1	0	-1	6	0	6	0	24	20	-1	0	-1	0	40	0	45	44	0	-1	0	0	0
c8621	-1	0	0	0	-1	15	0	0	-1	0	0	6	34	6	-1	-1	-1	0	50	-1	0	40	-1	45	44	45	0	0	0	0
c8630	0	7	0	40	16	27	0	0	0	0	26	16	-1	-1	0	0	-1	-1	0	18	0	27	10	-1	-1	6	0	-1	0	-1
c8631	-1	-1	-1	40	16	27	0	-1	0	0	26	16	0	0	-1	0	0	-1	0	18	0	27	10	-1	-1	6	0	0	-1	-1
c8639	27	7	3	0	-1	-1	0	0	0	32	0	18	0	0	0	0	-1	0	0	-1	0	0	10	0	27	-1	0	0	33	0
c8646	0	7	0	0	0	0	-1	18	0	0	0	18	-1	0	0	0	-1	0	0	-1	0	0	10	-1	-1	6	0	0	-1	-1
c8649	6	0	-1	25	26	-1	-1	-1	0	-1	0	0	-1	-1	0	24	0	0	0	0	0	-1	0	0	0	0	0	0	0	0
c8657	0	-1	-1	6	-1	0	0	24	45	46	17	17	0	0	-1	0	-1	0	0	-1	-1	0	36	0	0	0	0	0	50	-1
c8674	-1	7	-1	0	0	24	24	0	0	32	0	-1	0	33	0	0	-1	0	0	0	41	0	10	0	-1	-1	46	0	-1	0
c8680	6	0	28	0	-1	15	0	40	-1	0	0	6	40	6	0	24	-1	-1	0	-1	20	0	-1	45	44	0	-1	19	0	0
c8684	0	-1	0	0	0	15	0	-1	-1	0	0	6	3	6	0	24	20	0	0	-1	0	-1	0	45	44	-1	0	-1	0	-1
c8687	0	0	0	-1	0	0	-1	-1	38	-1	10	0	-1	6	25	-1	-1	38	40	0	-1	33	0	45	14	0	-1	14	0	32
c8713	0	0	-1	0	0	46	0	24	0	-1	0	-1	-1	0	27	-1	-1	0	26	45	0	-1	0	0	0	-1	0	32	50	0
c8715	0	0	-1	0	0	0	-1	0	34	0	50	0	0	0	6	-1	48	0	38	-1	46	40	47	-1	30	38	-1	1	50	-1
c8719	-1	0	24	0	0	0	0	0	24	0	-1	-1	0	0	0	0	48	-1	0	43	33	-1	0	0	0	0	-1	0	50	0
c8722	0	7	-1	0	16	0	0	-1	-1	14	26	-1	0	-1	0	0	0	-1	11	0	48	0	10	-1	0	6	0	-1	0	0
c8723	0	7	0	0	16	0	0	-1	-1	-1	26	0	0	46	0	0	0	-1	11	0	48	0	10	-1	0	-1	0	0	0	0
c8725	0	-1	24	0	5	0	0	0	25	0	0	0	0	0	0	0	48	0	0	0	-1	0	-1	0	-1	0	26	0	50	40
c8730	6	-1	0	-1	-1	-1	0	0	-1	45	24	-1	-1	6	-1	24	-1	10	0	0	0	-1	0	0	-1	0	0	27	0	0
c8737	0	0	-1	0	0	-1	33	24	-1	-1	-1	24	24	0	27	0	48	0	11	-1	0	0	0	0	-1	-1	-1	40	50	0
c8738	0	0	-1	0	-1	6	0	-1	-1	0	-1	15	-1	0	0	33	-1	-1	38	0	46	0	-1	0	14	0	-1	26	6	0
c8743	-1	0	-1	25	26	-1	0	0	0	0	0	0	-1	6	0	24	0	0	0	-1	0	-1	-1	0	-1	-1	24	0	0	0
c8750	-1	0	38	0	0	-1	0	-1	-1	32	-1	15	-1	0	0	-1	48	0	32	25	0	0	40	0	14	0	25	-1	0	0
c8759	0	0	24	0	1	0	0	24	0	0	0	-1	0	0	27	0	48	25	43	46	0	26	-1	-1	-1	-1	0	40	50	0
c8765	0	0	24	0	0	0	24	24	0	-1	0	0	0	0	27	33	48	0	0	0	-1	-1	26	0	0	0	16	-1	-1	0
c8774	-1	0	24	0	0	0	-1	24	0	14	0	43	0	0	27	0	-1	0	-1	33	-1	0	0	6	-1	0	46	0	50	0
c8777	0	-1	0	0	16	0	-1	38	0	0	-1	0	0	17	-1	0	0	0	-1	-1	0	-1	10	0	-1	6	0	0	16	37
c8778	0	7	0	-1	16	0	0	-1	40	0	26	0	0	-1	0	-1	0	-1	11	0	0	0	10	-1	-1	6	0	0	-1	0
c8790	0	-1	-1	0	-1	0	0	0	0	0	50	0	0	0	0	0	-1	0	45	-1	0	40	48	0	0	0	0	21	50	0
c8795	0	0	38	0	0	-1	40	0	-1	32	0	15	37	0	0	0	0	32	-1	0	0	5	-1	38	14	0	0	-1	0	0
c8796	0	-1	24	0	-1	40	0	24	0	-1	-1	-1	0	0	27	6	48	10	46	10	0	37	0	0	0	0	16	0	50	26
c8800	0	-1	38	0	-1	43	-1	-1	0	32	23	-1	-1	0	-1	23	0	14	-1	0	-1	0	0	-1	14	0	21	-1	-1	0
c8804	46	0	24	6	1	0	0	24	0	0	0	17	24	0	-1	0	48	33	-1	-1	-1	-1	36	0	0	0	0	0	-1	0
c8806	0	37	0	-1	0	15	0	24	-1	0	-1	-1	0	6	0	24	20	-1	-1	-1	0	0	-1	45	-1	0	0	0	0	0
c8814	-1	-1	-1	0	0	0	0	0	0	0	0	16	0	0	0	0	48	0	0	0	0	0	0	0	-1	0	0	-1	50	-1
c8827	50	-1	24	0	41	0	6	24	0	-1	0	17	11	40	-1	0	48	0	-1	0	41	0	47	30	0	-1	0	-1	50	-1
c8829	0	0	-1	0	47	0	-1	0	34	0	-1	0	0	0	6	0	-1	0	38	0	46	-1	47	-1	30	38	0	1	-1	48
c8834	-1	0	38	0	0	0	0	0	0	32	0	15	37	0	0	0	-1	38	0	38	1	0	-1	0	14	14	0	0	0	50
c8835	0	0	38	0	0	0	-1	0	0	32	0	-1	37	0	0	0	48	38	0	38	1	0	40	0	-1	14	0	0	0	50
c8837	0	-1	24	0	24	0	24	-1	-1	25	0	0	-1	0	27	33	48	0	0	-1	-1	0	26	0	0	0	16	0	50	26
c8845	0	-1	24	0	-1	0	0	24	0	26	0	0	0	-1	27	0	-1	18	0	0	0	24	-1	0	0	-1	25	0	50	0
c8846	-1	0	24	0	0	0	24	24	-1	25	23	19	0	0	27	33	48	0	0	37	0	0	26	0	-1	0	16	25	50	0
c8849	0	46	24	-1	1	0	0	24	0	0	-1	0	0	0	27	0	48	25	-1	46	-1	26	0	-1	45	0	-1	0	-1	0
c8850	-1	0	-1	0	0	-1	0	24	0	0	30	0	0	40	27	41	48	0	0	-1	0	26	-1	-1	-1	-1	2	0	50	0
c8863	0	0	24	0	46	0	-1	24	0	0	0	40	0	20	27	46	48	6	33	-1	25	26	0	0	0	0	48	-1	-1	34
c8867	-1	0	0	-1	26	-1	0	0	0	45	0	0	-1	6	0	24	-1	10	0	0	0	-1	0	0	0	0	-1	27	-1	0
c8868	48	0	0	3	24	26	0	0	-1	0	0	0	0	6	0	24	25	-1	-1	10	0	-1	0	0	44	0	-1	50	0	0
c8876	30	0	38	-1	0	0	0	0	-1	32	10	-1	37	-1	0	8	0	17	10	-1	37	0	0	14	14	0	0	50	-1	-1
c8879	0	0	38	0	0	0	30	0	0	32	0	-1	37	0	-1	0	48	-1	-1	38	1	-1	40	0	-1	-1	0	0	24	0
c8897	15	0	-1	-1	24	0	-1	-1	-1	34	30	0	0	40	27	0	48	0	0	46	0	26	-1	-1	-1	0	2	0	50	0
c8900	0	0	24	0	24	0	24	24	0	-1	0	0	0	0	27	33	48	0	0	0	0	0	26	0	-1	0	16	0	50	26
c8901	0	0	24	0	24	0	24	24	0	25	0	0	0	-1	27	33	48	0	0	0	0	0	26	0	0	0	16	0	50	26
c8904	0	-1	24	6	0	0	-1	-1	0	0	0	-1	0	0	27	0	48	0	0	-1	-1	0	36	0	0	40	0	40	-1	0
c8905	0	-1	-1	6	0	0	0	24	0	0	0	-1	0	0	-1	0	48	0	0	-1	-1	-1	36	0	-1	-1	-1	40	-1	0
c8909	0	7	0	-1	0	24	6	0	25	32	0	-1	-1	33	0	0	-1	0	0	0	0	-1	10	-1	-1	6	46	0	33	0
c8923	0	7	-1	0	0	-1	0	0	0	0	-1	18	0	0	0	0	14	-1	0	-1	0	0	10	43	27	6	0	0	33	0
c8935	-1	30	24	0	26	0	0	0	-1	50	-1	0	14	0	0	-1	48	0	0	0	50	-1	-1	46	0	0	32	0	50	0
c8943	0	0	25	32	0	0	32	0	-1	35	10	15	-1	6	0	0	-1	0	40	0	-1	33	30	0	14	0	0	14	0	44
c8944	15	0	38	-1	0	-1	41	0	0	-1	0	15	37	-1	-1	0	0	-1	0	0	0	0	0	30	14	14	-1	0	18	0
c8945	15	-1	38	0	-1	-1	41	0	0	32	0	15	37	40	25	-1	0	24	0	0	0	0	0	30	14	14	0	0	-1	-1
c8952	0	0	38	32	-1	-1	0	37	0	-1	10	26	40	-1	0	0	0	14	40	45	17	33	14	-1	14	0	0	-1	0	0
c8954	0	0	-1	0	-1	0	0	0	0	0	0	-1	0	10	0	-1	-1	8	45	25	0	-1	-1	-1	0	-1	0	-1	50	20
c8959	-1	0	24	0	0	11	24	24	-1	25	-1	0	0	-1	27	33	-1	46	-1	18	0	0	26	45	33	0	16	0	50	45
c8962	14	0	24	0	0	-1	-1	0	-1	33	50	-1	0	25	0	0	48	0	0	0	0	-1	46	0	0	-1	38	0	50	-1
c8963	14	0	-1	0	0	-1	-1	0	-1	33	50	0	0	25	0	0	48	-1	-1	0	0	40	46	-1	0	-1	38	0	50	0
c8964	0	-1	-1	6	0	0	0	24	0	46	0	17	33	0	27	0	48	0	-1	-1	-1	-1	36	0	0	0	0	-1	50	0
c8969	0	0	24	-1	0	0	0	26	0	0	0	0	-1	-1	0	0	48	0	47	0	0	0	0	-1	-1	0	0	0	50	40
c8977	0	14	0	32	26	0	0	37	0	35	10	26	0	40	0	0	-1	0	40	0	0	33	40	0	14	0	0	14	0	0
c8984	0	27	0	32	-1	0	0	37	0	35	10	26	-1	-1	0	0	-1	0	40	0	-1	-1	47	0	14	0	0	14	0	50
c8990	0	0	24	6	0	0	-1	24	0	0	0	-1	-1	33	-1	6	48	36	-1	-1	-1	0	36	-1	0	0	0	0	50	0
c8997	30	0	-1	0	-1	0	-1	0	-1	0	0	0	0	0	0	0	-1	16	0	-1	44	0	0	-1	-1	0	-1	30	50	-1
c8998	-1	-1	-1	25	0	0	0	24	0	0	-1	-1	-1	0	27	25	48	0	0	-1	0	26	0	-1	45	0	0	-1	-1	-1
c8999	15	30	-1	25	-1	0	0	24	0	0	-1	0	0	0	27	25	48	0	0	46	-1	26	0	-1	45	0	0	0	50	38
c9002	30	0	-1	11	24	0	0	0	-1	-1	0	0	0	0	10	0	48	0	38	0	44	0	-1	0	0	0	-1	30	50	40
c9007	0	0	-1	25	-1	0	0	24	48	0	10	-1	-1	0	27	0	48	46	0	1	27	0	-1	0	-1	0	25	46	50	-1
c9011	0	1	0	32	-1	0	0	0	0	35	10	-1	-1	0	0	0	0	20	40	0	0	33	0	0	-1	-1	0	-1	0	0
c9013	30	0	38	0	0	0	0	0	-1	32	10	15	37	-1	-1	8	26	17	10	0	37	0	0	14	-1	-1	0	-1	0	-1
c9016	48	-1	37	3	0	0	0	32	-1	6	21	0	0	6	0	24	25	43	-1	27	0	1	0	0	44	27	-1	25	0	0
c9018	-1	-1	3	0	0	24	0	-1	0	32	0	18	0	0	0	45	-1	0	0	0	-1	0	10	0	27	6	0	0	33	0
c9020	26	0	40	32	0	24	0	-1	-1	35	10	26	-1	0	0	38	32	0	40	0	0	33	38	0	-1	0	0	14	0	0
c9024	0	0	0	32	0	25	0	37	-1	35	10	-1	0	0	0	-1	37	-1	40	0	0	-1	0	0	14	39	25	14	0	0
c9042	0	7	-1	0	45	0	0	0	0	-1	0	18	43	0	0	26	14	-1	-1	0	0	0	10	0	-1	6	33	0	33	0
c9048	48	0	-1	3	0	-1	-1	0	-1	-1	21	0	-1	6	0	24	-1	43	-1	27	0	-1	0	0	44	-1	0	4	0	40
c9050	-1	0	-1	6	-1	4	0	24	0	0	0	17	0	0	27	0	-1	33	0	-1	-1	0	-1	0	25	-1	0	0	50	0
c9051	-1	0	-1	6	0	4	0	24	0	-1	0	17	0	-1	27	-1	48	-1	0	-1	-1	-1	36	0	25	0	0	0	50	0
c9063	-1	0	24	26	0	0	0	24	-1	17	0	17	0	0	27	0	48	30	26	0	0	0	0	0	0	-1	0	-1	-1	0
c9066	0	0	24	0	-1	0	0	24	0	-1	0	0	-1	0	27	0	48	21	0	46	0	26	0	-1	-1	0	0	0	50	5
c9075	-1	0	0	25	26	-1	0	-1	-1	-1	0	-1	-1	6	-1	-1	0	0	0	0	0	-1	0	0	0	33	0	0	0	0
c9085	-1	-1	-1	32	-1	0	32	30	0	35	10	0	-1	6	0	32	0	0	40	0	-1	33	30	0	14	-1	-1	-1	0	-1
c9087	0	0	-1	0	0	0	45	0	-1	0	50	0	-1	0	6	0	48	0	38	40	46	40	47	-1	30	38	-1	1	50	-1
c9091	-1	-1	0	32	0	-1	-1	0	33	35	10	0	-1	-1	-1	0	-1	0	40	0	-1	33	-1	0	14	0	-1	14	-1	0
c9098	-1	-1	47	0	45	0	6	0	0	-1	0	18	43	47	0	0	14	0	0	0	-1	0	10	20	27	6	0	0	33	0
c9100	-1	0	-1	-1	38	-1	30	0	0	0	0	0	0	14	0	30	48	16	0	-1	-1	-1	0	0	-1	0	-1	-1	50	-1
c9103	24	-1	-1	-1	0	-1	-1	0	47	38	-1	-1	0	-1	46	0	-1	-1	0	0	0	0	-1	0	-1	6	3	0	0	38
c9104	25	0	26	41	0	0	25	-1	40	0	49	-1	50	-1	0	-1	40	0	6	-1	-1	0	0	0	24	6	0	-1	-1	0
c9114	0	-1	-1	0	0	-1	33	24	28	0	0	24	0	0	27	14	48	37	0	9	0	0	-1	0	0	41	-1	-1	-1	-1
c9115	-1	38	24	0	0	0	33	-1	28	0	0	-1	0	0	27	14	48	37	0	-1	0	-1	-1	0	0	41	-1	0	-1	-1
