	0	1	2	3	4	5	6	7	8	9	10	11	12	13	14	15	16	17	18	19	20	21	22	23	24	25	26	27	28	29
c234	2	-1	-1	-1	-1	0	0	23	0	39	-1	13	-1	0	0	0	-1	0	0	0	0	0	0	-1	33	6	0	0	43	0
c662	0	0	-1	0	0	0	0	0	-1	0	15	0	26	0	-1	15	-1	0	0	13	-1	39	0	0	-1	-1	25	-1	10	0
c721	0	0	-1	-1	0	2	0	-1	-1	0	8	0	26	-1	-1	0	0	0	0	0	0	0	39	0	-1	6	0	10	0	-1
c753	-1	0	-1	0	-1	0	-1	0	0	33	0	0	26	13	17	15	42	38	25	13	0	0	-1	0	0	-1	0	0	-1	0
c825	0	-1	-1	0	-1	0	0	6	0	-1	-1	-1	0	-1	39	-1	0	-1	42	39	0	-1	0	0	-1	0	0	46	-1	24
c876	0	0	-1	-1	0	38	-1	-1	13	0	-1	23	30	15	0	0	0	33	0	0	13	8	0	1	-1	-1	-1	46	15	0
c966	38	0	-1	-1	-1	0	-1	0	-1	0	15	0	0	0	25	0	-1	33	-1	43	36	0	0	11	-1	0	0	46	-1	0
c1053	0	0	-1	0	-1	0	-1	-1	-1	18	15	0	17	0	0	-1	0	33	49	43	36	-1	25	11	0	0	-1	46	-1	-1
c1140	0	0	-1	0	0	33	0	-1	30	0	-1	0	26	0	0	15	0	43	0	0	0	-1	0	0	-1	-1	0	15	32	-1
c1282	0	24	-1	-1	0	0	23	0	0	0	-1	0	10	32	38	0	0	33	-1	0	0	49	0	18	0	49	-1	46	-1	0
c1309	-1	0	-1	0	-1	0	0	0	-1	0	-1	0	0	0	0	0	-1	33	49	43	-1	38	46	11	0	0	24	-1	-1	15
c1554	0	0	-1	0	39	42	0	42	-1	0	43	0	42	33	0	-1	0	33	49	0	36	0	-1	11	0	0	0	46	-1	-1
c1613	0	15	-1	0	-1	3	8	-1	0	13	2	-1	26	0	0	0	0	0	0	0	-1	33	-1	0	33	6	0	13	0	1
c1800	-1	25	-1	-1	-1	33	0	7	-1	-1	-1	-1	26	-1	0	0	-1	26	0	43	-1	0	10	25	16	6	0	0	0	13
c1810	0	0	-1	0	0	-1	0	29	0	0	-1	23	0	15	0	0	0	33	0	39	13	-1	-1	39	-1	0	0	-1	-1	21
c1857	18	0	-1	-1	0	33	14	7	0	0	0	49	26	25	0	0	0	0	8	0	-1	0	33	-1	-1	6	0	0	49	0
c1874	-1	5	-1	0	0	0	26	-1	6	0	-1	0	-1	0	-1	15	0	0	49	-1	0	13	0	0	33	6	35	-1	39	-1
c1889	0	0	-1	0	-1	0	0	-1	-1	0	15	-1	-1	0	-1	0	-1	33	49	43	36	0	-1	11	0	7	0	46	-1	0
c1940	-1	33	-1	0	0	38	0	0	0	0	-1	23	-1	-1	-1	39	0	-1	0	0	13	8	1	49	-1	0	-1	46	-1	0
c1968	0	0	-1	-1	0	33	-1	-1	0	1	1	15	26	0	0	0	-1	0	23	-1	0	8	0	0	0	6	23	45	0	-1
c2104	34	-1	-1	0	0	0	0	-1	0	-1	-1	0	49	-1	0	13	-1	33	0	0	-1	0	0	33	0	-1	33	46	0	0
c2162	-1	8	-1	0	15	0	-1	0	0	0	0	38	0	-1	39	0	0	-1	-1	-1	0	30	0	0	0	-1	0	46	-1	-1
c2189	-1	0	-1	0	0	39	0	0	0	0	0	-1	-1	0	0	15	-1	0	0	0	18	0	0	14	0	-1	0	32	0	15
c2246	0	0	-1	0	0	42	0	0	-1	-1	-1	-1	0	0	0	0	0	33	-1	-1	36	-1	0	11	-1	-1	0	46	-1	-1
c2308	-1	0	-1	0	-1	1	-1	42	0	13	2	0	26	0	-1	-1	0	38	0	0	0	33	0	-1	33	6	-1	0	23	-1
c2350	0	0	-1	-1	0	0	0	0	0	0	1	0	26	0	0	0	0	0	38	0	31	8	0	-1	0	6	23	0	-1	-1
c2399	0	-1	-1	-1	-1	0	0	0	-1	0	-1	0	-1	-1	18	0	0	0	0	26	20	0	-1	-1	0	6	0	0	-1	32
c2554	0	0	-1	46	-1	0	-1	5	-1	2	15	0	-1	0	0	-1	10	33	49	43	36	0	-1	11	0	45	0	46	-1	15
c2556	26	0	-1	0	-1	0	0	35	0	0	33	1	-1	33	-1	0	0	33	49	0	0	0	-1	-1	41	-1	0	46	-1	0
c2568	0	15	-1	-1	-1	33	0	-1	0	2	-1	-1	26	1	0	0	0	0	0	0	-1	38	-1	0	26	6	-1	0	-1	0
c2596	0	0	-1	0	0	0	0	0	24	-1	-1	0	26	0	33	32	0	-1	0	0	18	-1	-1	0	33	6	-1	13	0	1
c2602	0	0	-1	35	0	0	-1	0	6	0	0	0	26	43	-1	15	-1	0	-1	17	-1	0	0	0	33	6	25	0	0	0
c2605	26	1	-1	0	0	38	-1	29	0	0	-1	-1	0	15	-1	0	0	-1	0	39	13	-1	-1	-1	-1	0	0	46	15	21
c2663	0	-1	-1	0	0	38	0	29	0	0	49	23	38	15	0	0	0	33	0	-1	13	8	-1	39	-1	0	0	46	15	-1
c2678	0	0	-1	-1	-1	42	0	0	-1	0	-1	0	0	-1	8	-1	-1	33	49	13	-1	0	0	11	0	0	-1	-1	-1	0
c2680	0	0	-1	15	0	0	0	0	22	0	18	0	25	0	0	0	0	-1	49	0	0	0	0	0	13	-1	0	46	-1	0
c2695	0	0	-1	0	0	38	-1	0	0	1	49	-1	0	-1	-1	0	39	-1	0	0	13	8	0	-1	-1	17	38	46	15	-1
c2743	0	0	-1	15	33	0	-1	0	7	0	-1	0	0	0	0	0	0	33	49	0	0	0	0	-1	49	0	0	-1	-1	0
c2763	-1	0	-1	15	-1	-1	-1	-1	-1	0	18	23	0	6	0	0	13	33	-1	-1	0	23	0	0	0	26	0	46	-1	0
c2766	14	0	-1	-1	39	-1	0	0	-1	0	0	0	-1	26	0	14	0	-1	49	-1	36	0	0	11	-1	-1	0	46	-1	-1
c2779	0	-1	-1	0	0	0	0	-1	-1	-1	0	0	26	0	0	15	0	-1	-1	-1	0	0	0	0	49	-1	-1	-1	41	33
c2781	0	0	-1	15	0	0	26	15	-1	0	18	23	0	0	0	0	13	33	49	38	0	23	0	-1	0	-1	0	-1	-1	0
c2893	0	15	-1	0	-1	38	0	0	-1	0	49	23	0	15	0	-1	0	33	0	0	13	8	38	25	-1	43	-1	46	15	0
c2916	-1	0	-1	18	0	0	0	0	0	0	25	0	26	42	46	15	0	-1	-1	25	0	38	-1	0	0	-1	-1	-1	39	-1
c2932	38	49	-1	0	0	38	0	29	0	-1	-1	23	25	15	33	0	0	33	0	0	13	8	-1	39	-1	0	0	46	15	21
c2933	38	49	-1	0	0	38	0	29	-1	0	49	23	25	15	0	0	0	-1	35	0	13	8	-1	39	-1	0	0	-1	-1	21
c2942	0	0	-1	0	39	-1	-1	0	-1	0	0	0	42	26	3	0	-1	-1	49	0	-1	0	0	-1	0	-1	0	46	-1	0
c2962	0	0	-1	18	0	2	-1	-1	-1	-1	13	0	-1	-1	0	15	0	-1	49	-1	32	0	0	-1	0	-1	0	-1	-1	10
c2969	-1	38	-1	-1	0	-1	-1	-1	0	0	0	0	26	-1	-1	0	-1	0	0	10	-1	14	44	0	-1	6	0	0	-1	0
c3063	0	-1	-1	-1	0	0	0	23	-1	39	0	13	26	0	0	0	0	-1	32	-1	0	0	0	41	33	6	0	0	0	-1
c3066	39	0	-1	0	0	38	0	34	0	0	49	23	0	15	0	-1	-1	33	0	0	13	8	0	-1	-1	0	0	46	15	-1
c3070	15	0	-1	23	0	10	0	0	0	0	0	0	26	0	0	15	-1	0	15	-1	0	-1	0	13	0	-1	-1	0	33	15
c3073	0	0	-1	-1	15	38	-1	0	0	-1	49	23	0	-1	0	0	26	33	0	0	-1	-1	-1	39	-1	0	-1	46	15	-1
c3081	0	10	-1	0	-1	-1	0	-1	-1	0	49	23	0	15	0	0	-1	33	0	15	-1	8	-1	-1	-1	0	0	-1	15	21
c3089	0	0	-1	0	0	-1	0	0	9	0	33	0	-1	0	2	32	0	0	15	-1	0	23	0	0	33	-1	0	15	0	-1
c3095	14	0	-1	-1	0	2	-1	0	-1	0	8	0	26	0	-1	0	0	0	13	0	0	0	39	-1	0	6	0	10	0	0
c3106	0	0	-1	0	-1	0	26	0	-1	0	-1	0	26	0	-1	0	0	0	0	17	-1	0	0	0	33	6	0	33	3	0
c3113	-1	32	-1	-1	0	0	-1	0	39	-1	0	0	26	0	0	-1	0	0	-1	0	0	39	0	30	33	6	-1	0	0	1
c3120	14	-1	-1	0	14	0	0	0	0	0	0	0	26	0	-1	-1	-1	0	-1	0	0	-1	0	15	33	6	0	0	0	39
c3135	0	-1	-1	0	0	38	-1	43	0	0	49	23	0	-1	0	0	26	33	0	0	13	8	-1	39	-1	-1	2	-1	15	21
c3137	0	8	-1	-1	0	25	15	3	6	14	43	23	0	-1	0	0	0	-1	18	0	0	-1	0	0	0	0	-1	46	-1	-1
c3180	0	0	-1	-1	0	-1	0	0	0	26	1	0	26	0	0	0	-1	0	0	0	-1	8	0	0	0	-1	23	0	0	43
c3231	-1	0	-1	-1	0	32	0	39	0	13	2	-1	26	0	-1	0	35	0	0	43	6	33	-1	0	33	6	0	0	0	1
c3247	-1	0	-1	0	0	15	38	0	-1	-1	-1	0	-1	0	0	15	0	-1	0	0	18	0	-1	0	-1	-1	0	15	0	-1
c3273	0	15	-1	0	0	38	-1	0	0	0	49	-1	-1	-1	-1	0	0	33	0	0	13	8	38	0	-1	43	-1	-1	15	0
c3275	-1	0	-1	0	0	15	0	38	0	29	0	0	26	0	0	15	0	0	0	13	13	39	0	0	0	-1	0	0	0	0
c3311	0	0	-1	0	-1	0	0	24	-1	39	15	-1	18	0	0	10	0	-1	49	0	36	-1	0	11	0	0	0	46	-1	0
c3323	0	8	-1	-1	0	0	35	0	0	0	0	-1	0	0	39	-1	0	-1	-1	0	-1	0	0	0	0	33	10	-1	-1	24
c3378	0	0	-1	15	-1	0	-1	0	-1	-1	18	0	0	0	0	-1	0	33	49	0	-1	0	0	15	0	0	13	-1	-1	-1
c3390	-1	0	-1	0	0	0	0	-1	0	0	0	50	-1	-1	-1	13	0	33	0	0	-1	-1	0	0	0	-1	33	46	0	0
c3395	0	-1	-1	-1	0	38	0	0	0	0	49	23	0	15	0	0	0	33	0	0	13	8	0	0	-1	0	0	46	15	0
c3422	26	-1	-1	-1	0	-1	0	7	0	-1	0	49	26	0	0	0	0	0	8	0	-1	-1	5	0	0	-1	0	0	0	0
c3425	-1	-1	-1	23	0	-1	0	0	0	2	0	0	26	0	0	15	0	0	0	0	17	10	15	13	0	-1	15	0	-1	15
c3426	0	-1	-1	0	15	-1	0	0	0	0	0	38	38	-1	39	0	13	-1	-1	47	-1	0	0	23	26	0	0	-1	-1	24
c3437	0	0	-1	39	0	32	15	0	0	39	15	-1	26	23	-1	15	15	0	-1	0	-1	35	0	0	33	6	0	0	-1	0
c3446	31	-1	-1	0	0	-1	38	0	-1	0	-1	33	-1	-1	0	15	0	-1	0	0	18	0	-1	23	-1	-1	0	15	0	-1
c3497	38	0	-1	0	0	0	0	0	0	15	-1	0	-1	0	46	15	0	-1	0	0	0	0	0	5	23	-1	0	15	25	-1
c3519	38	0	-1	32	42	0	-1	-1	0	0	32	0	-1	-1	-1	15	0	-1	0	-1	0	0	0	0	0	-1	0	15	0	-1
c3527	0	46	-1	0	0	0	0	23	18	39	-1	-1	26	-1	2	-1	0	-1	0	0	-1	42	0	41	33	6	0	0	0	0
c3581	34	0	-1	0	-1	38	0	-1	-1	0	-1	23	0	15	-1	0	0	33	-1	-1	13	-1	-1	-1	-1	0	0	46	15	21
c3635	-1	0	-1	18	0	0	0	0	49	-1	-1	33	26	0	0	15	0	-1	-1	25	0	0	-1	0	49	-1	0	13	0	0
c3669	0	0	-1	0	-1	-1	0	0	14	0	0	0	26	0	0	15	16	-1	-1	0	-1	0	0	15	-1	-1	-1	15	0	0
c3684	0	0	-1	0	0	42	32	-1	-1	-1	-1	-1	-1	-1	0	0	-1	33	49	15	36	0	15	11	0	0	0	-1	-1	0
c3687	0	0	-1	0	-1	39	0	-1	15	-1	0	-1	-1	0	0	38	16	0	0	0	0	0	-1	-1	33	-1	-1	15	2	0
c3692	-1	-1	-1	-1	-1	0	0	0	-1	0	8	0	26	0	0	0	0	0	39	-1	-1	0	0	-1	27	-1	0	0	38	0
c3736	33	33	-1	0	0	38	0	0	13	-1	-1	23	0	15	0	0	0	-1	25	-1	13	8	1	0	-1	0	0	46	15	15
c3737	33	33	-1	0	0	38	0	0	13	0	-1	23	0	15	0	0	-1	33	25	-1	13	-1	1	0	-1	33	-1	46	15	15
c3745	-1	0	-1	24	-1	0	0	0	-1	0	15	33	38	0	0	0	0	33	49	-1	36	5	0	11	-1	0	39	-1	-1	0
c3781	0	0	-1	15	33	-1	-1	0	-1	0	18	0	-1	32	-1	0	-1	33	-1	0	0	-1	0	-1	0	-1	-1	-1	-1	3
c3802	0	-1	-1	0	0	0	0	0	-1	0	33	0	26	0	-1	0	0	0	15	0	0	23	24	0	33	6	0	-1	0	0
c3810	-1	0	-1	-1	-1	32	-1	39	0	13	-1	5	26	0	0	0	35	0	-1	-1	6	-1	-1	-1	33	6	0	0	0	-1
c3837	0	-1	-1	0	0	0	0	0	0	-1	-1	15	26	35	0	0	0	-1	0	3	0	0	38	6	33	6	0	0	-1	0
c3859	-1	0	-1	23	0	-1	0	13	0	0	0	0	-1	-1	0	15	0	0	0	0	0	33	33	13	0	-1	0	0	0	15
c3870	-1	10	-1	11	0	38	0	-1	0	0	49	23	26	-1	-1	0	0	33	0	-1	-1	8	-1	39	-1	0	-1	46	15	-1
c3875	0	0	-1	39	0	0	0	38	13	39	15	13	26	0	0	-1	15	30	0	0	0	-1	-1	0	-1	6	0	-1	0	0
c3889	0	-1	-1	0	0	0	49	2	39	0	-1	0	-1	0	0	0	0	0	-1	0	-1	-1	-1	0	33	6	45	0	0	0
c3967	38	-1	-1	23	32	0	33	0	0	-1	0	0	26	0	9	15	38	0	0	-1	11	-1	0	37	0	-1	-1	-1	0	15
c3989	9	2	-1	-1	0	0	0	13	-1	0	0	0	-1	0	0	15	0	-1	0	0	0	38	0	-1	0	-1	0	0	15	0
c3994	0	0	-1	18	-1	-1	0	-1	-1	0	0	-1	26	0	0	15	36	-1	0	25	0	0	0	-1	-1	-1	-1	0	-1	0
c4008	-1	49	-1	23	0	-1	32	0	9	0	0	0	26	0	0	0	0	0	15	0	0	0	0	0	33	6	0	0	0	-1
c4024	0	0	-1	0	0	38	-1	43	0	0	-1	23	0	-1	0	-1	-1	-1	0	0	13	-1	0	39	-1	0	2	46	15	21
c4035	2	0	-1	13	-1	38	-1	0	-1	13	49	-1	18	15	0	0	0	33	0	0	13	8	0	0	-1	0	-1	46	-1	0
c4044	0	0	-1	-1	0	0	0	0	22	0	-1	0	25	0	0	0	0	33	49	-1	0	0	0	0	13	-1	0	46	-1	0
c4046	0	0	-1	-1	0	33	-1	7	0	0	0	49	-1	0	0	-1	15	0	8	0	-1	0	0	0	-1	6	18	0	-1	0
c4051	-1	39	-1	-1	-1	0	20	4	15	0	18	0	-1	0	0	0	0	33	-1	0	49	0	-1	0	5	-1	-1	46	-1	0
c4053	-1	-1	-1	0	26	38	0	29	-1	0	49	-1	38	15	-1	0	-1	33	0	0	13	8	-1	39	-1	18	0	46	-1	21
c4070	0	13	-1	0	0	38	-1	-1	18	0	49	-1	-1	15	0	33	26	-1	0	-1	13	-1	0	39	-1	0	41	46	15	-1
c4074	9	-1	-1	0	0	0	49	2	-1	0	25	0	26	0	0	15	0	42	0	10	0	0	-1	15	-1	-1	8	0	-1	0
c4080	0	46	-1	0	0	0	0	-1	0	39	-1	13	26	0	0	0	23	0	0	-1	-1	42	0	41	-1	6	0	0	0	46
c4089	0	-1	-1	0	38	38	-1	0	-1	-1	49	-1	-1	-1	15	0	26	33	0	0	13	-1	0	39	-1	-1	0	46	-1	-1
c4122	0	0	-1	15	-1	15	-1	0	-1	-1	-1	-1	0	0	0	0	-1	33	49	0	0	0	0	40	0	0	-1	-1	-1	0
c4144	0	-1	-1	0	6	38	0	-1	2	49	49	23	0	15	0	0	0	33	0	0	13	-1	0	0	-1	-1	-1	46	15	0
c4152	0	15	-1	0	-1	0	0	0	-1	0	15	-1	-1	-1	0	0	0	33	49	43	36	0	0	11	0	45	0	46	-1	0
c4184	-1	-1	-1	-1	0	-1	0	0	-1	-1	33	0	26	0	-1	0	0	0	-1	0	0	0	31	-1	0	6	0	0	0	0
c4191	0	46	-1	-1	-1	0	0	-1	-1	-1	-1	13	26	-1	-1	0	0	0	0	0	-1	42	0	41	-1	-1	0	0	0	0
c4213	0	0	-1	-1	0	-1	0	-1	-1	0	49	-1	0	-1	0	0	38	33	0	-1	13	8	0	1	-1	0	0	46	15	0
c4228	0	0	-1	-1	-1	0	0	9	-1	0	0	49	26	0	0	-1	0	-1	25	13	0	-1	-1	-1	-1	6	13	0	-1	-1
c4230	0	0	-1	2	39	42	0	0	-1	0	43	0	42	33	0	0	0	33	49	0	36	0	0	-1	0	0	-1	46	-1	0
c4231	0	0	-1	0	39	42	0	0	-1	0	43	0	42	33	0	0	0	33	49	0	36	0	0	-1	0	-1	18	46	-1	49
c4232	0	0	-1	0	39	42	0	0	-1	35	43	0	-1	-1	-1	0	0	33	49	-1	36	0	0	11	0	0	0	46	-1	0
c4256	0	15	-1	0	0	-1	0	0	0	25	49	23	0	15	0	0	35	33	0	0	13	8	-1	0	-1	43	0	46	15	0
c4262	38	0	-1	0	-1	0	0	-1	0	0	0	0	-1	0	0	26	0	-1	-1	0	0	0	0	0	33	6	-1	46	0	1
c4267	32	-1	-1	-1	0	33	-1	7	0	0	46	-1	26	0	-1	0	0	0	-1	43	0	0	-1	0	16	-1	-1	0	0	-1
c4276	38	0	-1	-1	38	10	0	0	0	0	8	0	26	0	0	15	38	0	0	0	-1	0	0	0	0	6	0	0	-1	0
c4280	0	31	-1	0	-1	38	-1	0	0	0	49	-1	-1	-1	15	-1	26	33	0	0	13	8	0	-1	-1	0	-1	46	15	-1
c4320	0	-1	-1	-1	0	0	0	0	-1	-1	0	-1	26	13	0	-1	0	0	-1	33	0	0	-1	0	33	6	33	0	0	-1
c4324	0	0	-1	-1	0	38	17	0	0	0	49	23	0	-1	0	-1	27	33	0	0	13	8	0	0	-1	0	0	46	15	6
c4346	0	-1	-1	23	0	0	0	0	2	25	0	13	26	0	0	15	38	0	0	0	11	0	0	0	0	-1	-1	0	-1	15
c4376	0	0	-1	-1	15	0	0	0	0	0	0	6	26	0	0	15	13	0	0	0	-1	-1	0	14	0	-1	0	0	0	15
c4386	0	0	-1	-1	0	33	0	0	0	0	-1	-1	26	0	0	0	0	0	-1	13	0	-1	0	-1	-1	6	-1	0	0	0
c4387	-1	0	-1	-1	0	33	0	-1	0	0	1	0	-1	0	0	0	-1	0	38	-1	0	-1	0	0	0	-1	23	0	0	0
c4398	32	15	-1	43	-1	0	0	0	-1	0	32	-1	26	11	0	-1	0	0	0	0	15	0	1	30	33	6	-1	-1	-1	1
c4403	0	-1	-1	0	0	49	0	0	0	0	0	16	-1	0	0	15	-1	-1	0	0	-1	0	-1	0	-1	-1	-1	15	0	-1
c4416	0	10	-1	0	0	38	0	-1	0	0	49	-1	0	15	-1	-1	0	33	0	0	13	8	-1	-1	-1	34	0	46	15	21
c4419	-1	0	-1	23	0	0	0	0	0	0	0	-1	26	0	0	15	-1	-1	0	0	-1	0	15	13	0	-1	-1	-1	-1	15
c4420	0	0	-1	-1	6	0	39	0	0	0	8	0	26	0	0	0	0	14	38	0	49	-1	0	0	0	-1	49	0	0	0
c4421	0	0	-1	-1	0	0	13	0	-1	0	8	0	26	0	0	0	0	14	38	0	-1	-1	0	0	0	6	49	0	-1	0
c4429	-1	-1	-1	23	-1	0	0	-1	0	0	0	-1	26	0	0	15	-1	0	0	0	-1	-1	0	0	0	-1	32	-1	0	15
c4457	-1	0	-1	0	0	38	0	0	-1	0	0	0	26	17	-1	15	0	-1	0	23	0	0	0	0	0	-1	-1	0	23	15
c4476	0	0	-1	0	0	0	0	0	-1	-1	2	0	26	0	18	0	-1	-1	0	0	-1	33	-1	0	33	6	0	13	47	1
c4481	0	0	-1	0	0	38	0	0	0	0	49	-1	0	15	-1	0	-1	33	-1	0	13	8	0	33	-1	0	38	46	15	0
c4497	0	0	-1	0	-1	0	0	0	0	6	0	0	26	0	0	0	0	0	0	-1	-1	0	0	-1	-1	6	0	0	-1	1
c4517	0	-1	-1	0	0	0	0	0	0	0	-1	6	26	0	0	15	0	0	-1	0	18	0	0	15	0	-1	0	0	0	15
c4521	0	0	-1	-1	20	-1	0	0	0	39	-1	13	26	0	0	-1	0	-1	-1	33	0	0	-1	0	33	6	0	0	0	0
c4523	0	1	-1	0	-1	38	0	-1	0	0	49	-1	0	-1	0	0	0	33	0	-1	13	8	0	0	-1	0	38	46	15	0
c4525	0	0	-1	0	0	38	0	0	-1	0	49	23	0	15	-1	0	0	-1	0	0	13	-1	0	0	-1	-1	-1	46	15	0
c4544	0	0	-1	18	0	2	0	-1	-1	0	0	0	26	6	0	15	-1	-1	0	25	32	0	15	-1	0	-1	-1	0	-1	0
c4551	0	49	-1	23	0	-1	32	0	9	0	0	-1	26	-1	0	0	0	0	15	-1	0	0	-1	0	-1	6	-1	0	0	0
c4571	0	0	-1	0	0	38	17	0	0	-1	49	23	0	15	0	0	27	33	0	0	13	8	0	0	-1	0	0	46	15	6
c4574	-1	0	-1	0	0	6	-1	0	0	0	0	23	26	0	0	-1	-1	26	0	13	-1	0	-1	0	-1	-1	0	18	0	0
c4604	0	-1	-1	15	0	-1	0	-1	22	-1	-1	0	25	23	-1	0	0	-1	-1	0	-1	15	0	0	13	23	0	46	-1	0
c4612	0	-1	-1	-1	38	0	0	-1	0	33	8	0	26	0	-1	0	0	0	0	26	20	-1	0	0	0	6	0	0	-1	0
c4628	15	-1	-1	23	0	46	0	0	23	0	-1	0	26	0	0	-1	0	0	0	18	0	-1	0	13	0	-1	0	0	0	15
c4638	0	43	-1	0	0	38	-1	0	0	0	49	-1	0	15	-1	13	0	33	-1	0	13	8	-1	0	-1	15	0	46	15	25
c4690	33	10	-1	26	0	38	13	29	0	0	49	23	0	15	0	0	0	33	0	0	13	-1	-1	39	-1	0	-1	46	15	21
c4692	11	0	-1	-1	0	-1	-1	0	-1	0	0	0	-1	0	0	-1	0	0	0	-1	0	0	-1	30	33	6	-1	0	-1	1
c4702	32	25	-1	-1	-1	-1	0	7	-1	15	46	49	26	0	0	0	-1	0	6	-1	43	24	10	25	16	6	0	0	0	-1
c4707	0	0	-1	-1	0	-1	-1	7	-1	-1	35	49	-1	0	0	0	-1	6	8	31	-1	-1	0	0	0	6	-1	-1	-1	-1
c4717	0	-1	-1	0	-1	-1	0	0	6	0	0	0	-1	0	0	0	0	-1	0	0	0	-1	-1	35	33	-1	0	-1	-1	0
c4729	0	0	-1	15	0	0	0	0	-1	0	18	0	0	0	-1	0	35	-1	49	0	-1	0	-1	0	-1	0	0	-1	-1	-1
c4757	0	-1	-1	15	0	15	23	0	0	0	18	0	10	32	0	-1	0	33	49	-1	-1	49	0	18	0	0	0	46	-1	13
c4765	-1	0	-1	39	-1	0	0	0	0	39	15	-1	26	23	0	15	15	-1	0	0	0	35	0	0	33	6	0	0	0	-1
c4775	0	0	-1	-1	0	33	0	0	6	0	0	0	26	0	0	0	0	0	0	0	11	-1	0	35	33	6	0	0	-1	0
c4777	0	-1	-1	0	-1	0	2	0	30	33	0	-1	26	0	0	15	0	43	0	0	0	-1	0	16	-1	-1	0	-1	-1	0
c4802	-1	0	-1	15	-1	0	20	4	15	0	18	-1	0	33	-1	0	0	-1	49	0	34	24	0	0	5	-1	0	46	-1	-1
c4818	39	0	-1	0	-1	38	0	-1	0	-1	49	23	0	15	-1	0	-1	-1	0	0	13	8	0	0	-1	15	-1	-1	15	0
c4825	31	3	-1	-1	-1	0	0	0	0	-1	-1	0	26	0	0	15	-1	-1	49	0	18	-1	0	23	-1	-1	-1	-1	0	0
c4831	-1	0	-1	-1	-1	-1	0	7	0	-1	0	49	26	0	0	-1	-1	0	8	0	-1	0	23	0	0	6	0	0	0	0
c4848	11	26	-1	0	-1	49	15	0	0	13	-1	-1	26	0	6	0	0	0	0	0	31	-1	-1	-1	-1	-1	0	0	34	-1
c4853	0	0	-1	-1	9	38	-1	0	-1	0	49	23	-1	-1	0	0	-1	-1	-1	-1	13	8	0	-1	-1	0	0	46	-1	21
c4859	0	0	-1	-1	-1	33	0	7	-1	2	42	49	26	0	21	0	13	0	0	0	-1	0	-1	33	0	6	0	0	43	0
c4872	6	0	-1	-1	-1	33	0	7	39	2	-1	49	-1	13	21	0	23	-1	-1	0	-1	-1	0	38	0	6	0	6	43	0
c4882	38	0	-1	-1	38	10	0	0	26	0	-1	-1	26	-1	0	0	-1	0	0	-1	20	0	0	-1	0	6	0	0	38	0
c4888	-1	23	-1	-1	35	0	-1	0	-1	0	-1	39	0	-1	0	0	0	33	49	0	0	0	0	0	-1	0	0	46	-1	0
c4889	-1	23	-1	-1	35	0	-1	-1	14	0	18	-1	0	2	0	0	0	33	49	0	32	0	0	0	-1	-1	0	46	-1	0
c4897	0	38	-1	-1	0	0	0	0	39	0	-1	0	26	-1	27	0	0	-1	-1	13	0	0	38	0	33	6	-1	0	0	0
c4906	-1	0	-1	15	0	0	-1	46	0	0	-1	43	0	0	0	-1	-1	33	49	0	0	0	-1	0	0	0	-1	46	-1	0
c4908	0	-1	-1	0	-1	-1	0	24	-1	0	15	-1	-1	0	-1	10	0	33	49	0	-1	-1	0	11	0	0	0	46	-1	-1
c4930	0	0	-1	0	0	0	0	0	0	0	0	0	26	0	0	15	0	-1	0	-1	-1	0	0	-1	-1	-1	0	-1	0	0
c4932	0	0	-1	0	24	13	0	0	0	0	33	1	0	0	0	26	6	33	49	24	0	0	0	18	33	-1	0	46	-1	33
c4942	0	-1	-1	0	0	0	0	31	30	-1	0	-1	26	-1	0	15	0	43	13	0	0	-1	0	0	0	-1	0	15	0	-1
c4951	0	0	-1	0	-1	38	0	0	0	33	49	23	0	15	0	0	0	-1	33	-1	-1	-1	0	0	-1	0	38	-1	15	-1
c4961	-1	0	-1	35	0	-1	26	0	6	0	0	0	26	43	0	-1	-1	-1	0	-1	0	0	0	0	-1	6	-1	0	0	0
c4974	6	0	-1	-1	-1	-1	0	7	39	2	-1	49	-1	0	21	0	-1	0	18	0	-1	0	0	0	-1	6	-1	6	43	0
c4982	-1	8	-1	0	0	-1	15	3	6	0	43	0	0	0	0	0	0	-1	-1	-1	25	-1	0	0	0	46	0	-1	-1	49
c5009	13	49	-1	-1	0	2	0	0	23	0	8	0	26	0	0	0	0	33	0	0	0	31	39	-1	38	6	0	10	0	0
c5011	0	-1	-1	0	0	-1	-1	-1	-1	0	-1	23	-1	15	0	13	0	33	0	0	13	8	-1	0	-1	15	0	46	15	25
c5017	0	13	-1	11	0	38	-1	0	18	42	49	23	24	15	-1	33	26	33	0	0	13	8	0	39	-1	0	41	46	15	21
c5018	0	0	-1	9	23	0	49	0	0	-1	-1	0	26	0	0	15	0	-1	-1	-1	0	0	0	0	0	-1	0	15	-1	0
c5019	0	0	-1	9	23	-1	49	0	0	0	0	-1	26	0	0	15	-1	-1	0	17	0	0	0	0	0	-1	0	15	0	0
c5028	-1	0	-1	18	0	2	0	-1	25	0	0	0	26	6	-1	15	0	-1	-1	25	32	0	0	-1	0	-1	-1	-1	-1	0
c5035	-1	0	-1	0	0	0	0	-1	-1	-1	0	-1	-1	0	-1	-1	0	-1	-1	-1	0	0	-1	0	49	-1	0	0	0	-1
c5073	0	0	-1	15	-1	0	-1	0	7	0	18	0	-1	0	0	-1	0	33	49	-1	0	0	-1	0	0	0	0	-1	-1	0
c5075	-1	0	-1	-1	0	-1	-1	-1	-1	0	0	-1	0	0	-1	41	0	33	49	0	36	-1	0	11	41	0	0	46	-1	33
c5087	38	49	-1	-1	13	38	-1	29	0	-1	49	-1	25	15	0	0	0	33	14	0	-1	8	-1	39	-1	0	-1	46	15	21
c5089	0	0	-1	-1	0	38	0	-1	-1	0	49	23	0	15	0	0	0	33	0	0	-1	8	-1	39	-1	-1	19	46	15	21
c5092	0	0	-1	15	0	0	0	-1	22	0	18	0	25	0	0	0	-1	33	-1	0	-1	0	0	0	13	23	26	46	-1	0
c5095	0	-1	-1	0	-1	0	0	-1	-1	0	15	0	0	0	0	0	0	33	-1	-1	36	0	0	11	-1	0	-1	46	-1	0
c5100	-1	0	-1	-1	0	33	0	7	43	-1	46	49	26	-1	0	0	0	38	0	33	-1	0	10	0	0	-1	0	0	0	0
c5105	-1	-1	-1	-1	0	2	20	4	15	-1	-1	-1	0	0	0	0	0	33	49	0	0	-1	-1	0	5	-1	0	46	-1	0
c5106	0	-1	-1	9	-1	0	0	-1	0	0	0	0	26	0	0	15	0	43	0	0	0	0	-1	0	0	-1	-1	-1	-1	0
c5116	0	0	-1	18	-1	2	0	38	0	0	0	0	26	0	0	15	36	-1	0	-1	0	0	42	0	0	-1	25	0	-1	0
c5120	0	6	-1	0	0	33	0	-1	6	0	0	0	26	0	0	0	-1	0	0	0	0	-1	0	-1	-1	6	0	0	-1	0
c5127	-1	0	-1	0	-1	0	0	0	-1	0	-1	38	50	0	-1	0	-1	33	49	8	36	0	0	-1	-1	-1	20	46	-1	0
c5128	0	0	-1	-1	0	-1	0	7	38	0	-1	49	26	0	0	0	-1	14	8	-1	-1	-1	0	0	-1	6	5	33	6	0
c5137	0	-1	-1	0	0	0	-1	0	0	13	2	-1	26	0	0	32	-1	0	38	0	18	33	-1	14	-1	6	-1	13	0	1
c5144	13	0	-1	-1	0	-1	-1	2	10	13	0	5	26	0	0	15	0	0	0	0	0	-1	0	0	9	-1	-1	0	0	-1
c5148	49	0	-1	-1	0	-1	0	19	0	0	0	0	26	0	-1	0	0	0	0	0	-1	0	0	0	0	-1	0	0	0	-1
c5150	0	-1	-1	15	33	0	-1	0	7	0	18	0	0	0	0	-1	0	33	49	0	38	0	0	-1	0	0	6	-1	-1	15
c5167	0	0	-1	0	0	33	0	0	6	0	0	0	26	-1	-1	0	0	14	0	0	0	-1	-1	0	33	-1	0	0	-1	0
c5171	-1	0	-1	-1	0	38	0	39	-1	0	-1	23	0	15	0	0	0	33	-1	-1	13	8	0	1	-1	0	-1	46	15	0
c5186	0	43	-1	0	0	0	0	0	0	15	0	-1	26	17	0	-1	-1	0	0	23	0	-1	0	0	0	-1	0	-1	0	15
c5216	0	0	-1	0	-1	-1	-1	-1	15	0	0	0	26	0	0	15	0	-1	-1	13	18	35	0	0	0	-1	-1	15	11	33
c5218	-1	0	-1	42	0	0	0	5	6	13	2	35	26	-1	0	0	0	0	0	0	-1	33	-1	-1	33	6	0	0	0	1
c5222	0	0	-1	-1	0	-1	17	0	0	0	49	23	0	-1	0	0	27	33	0	0	13	8	0	0	-1	-1	0	-1	15	6
c5236	-1	0	-1	18	-1	2	0	0	-1	39	0	0	26	0	0	-1	36	-1	0	25	-1	0	0	0	-1	-1	25	0	-1	0
c5262	0	0	-1	15	0	-1	0	0	22	0	18	0	25	30	0	0	-1	33	49	0	0	37	-1	16	13	23	0	46	-1	0
c5275	38	-1	-1	0	-1	0	0	-1	2	0	-1	0	26	0	0	15	0	-1	0	0	0	-1	49	5	0	-1	0	15	-1	0
c5285	0	-1	-1	0	15	26	0	0	18	0	0	38	0	0	39	0	0	-1	0	0	-1	0	0	0	0	-1	-1	-1	-1	24
c5293	0	0	-1	-1	38	-1	24	0	-1	-1	8	0	26	0	0	0	0	0	0	0	20	0	-1	-1	0	6	-1	0	38	0
c5301	32	0	-1	-1	19	33	0	7	-1	0	46	-1	26	0	0	-1	0	-1	-1	0	0	-1	10	-1	0	6	0	-1	0	0
c5313	-1	49	-1	23	49	0	-1	39	13	0	0	-1	26	0	0	15	38	0	13	-1	11	0	0	0	0	-1	32	0	0	15
c5334	-1	-1	-1	0	0	0	0	23	-1	39	-1	13	26	18	0	0	0	-1	0	0	0	42	0	41	33	6	-1	0	0	46
c5340	-1	0	-1	0	-1	38	0	29	0	-1	49	23	0	15	0	0	0	33	0	0	13	8	-1	39	-1	0	19	-1	15	21
c5352	-1	23	-1	46	0	0	0	0	0	-1	0	-1	26	18	0	0	0	15	0	33	-1	0	-1	-1	33	6	0	34	0	-1
c5362	0	0	-1	32	0	10	-1	-1	0	0	-1	0	26	0	0	15	33	-1	0	0	14	0	0	0	0	-1	0	15	0	47
c5378	-1	46	-1	-1	0	15	0	23	0	-1	-1	13	-1	-1	0	-1	0	0	0	0	0	0	15	41	33	6	41	13	0	0
c5390	38	0	-1	0	-1	-1	32	-1	13	0	-1	0	-1	0	0	15	38	-1	0	0	0	0	0	-1	0	-1	0	-1	0	0
c5421	-1	0	-1	0	-1	0	0	0	39	0	-1	0	26	-1	0	-1	0	0	-1	-1	0	-1	38	0	33	6	45	0	0	0
c5424	0	46	-1	0	-1	0	-1	23	0	39	0	13	26	10	0	0	-1	0	0	0	-1	-1	0	41	33	6	0	0	0	0
c5439	31	-1	-1	0	-1	15	38	-1	-1	-1	0	0	-1	0	-1	15	0	-1	0	0	18	0	0	49	-1	-1	0	15	0	47
c5440	-1	0	-1	0	-1	0	-1	0	-1	0	-1	38	26	0	6	-1	0	-1	0	0	18	0	0	-1	-1	-1	0	15	0	11
c5456	0	0	-1	-1	33	0	-1	9	0	25	0	0	26	32	0	49	0	49	26	0	0	49	0	15	-1	-1	0	30	49	-1
c5466	0	10	-1	15	0	-1	0	29	0	2	49	23	0	15	0	0	0	33	-1	-1	13	8	-1	39	-1	0	0	46	-1	-1
c5478	0	-1	-1	0	0	38	0	0	0	0	49	23	0	15	0	0	0	33	0	0	-1	8	0	0	-1	0	-1	46	15	0
c5481	-1	10	-1	-1	0	42	0	-1	-1	0	0	-1	0	0	0	0	25	33	49	0	36	-1	0	-1	-1	5	-1	46	-1	0
c5490	38	0	-1	0	0	39	-1	0	0	0	21	41	26	0	0	15	0	-1	-1	0	15	0	0	5	32	-1	0	15	0	8
c5491	38	0	-1	0	0	39	-1	0	0	0	-1	-1	26	0	0	15	0	-1	38	0	-1	-1	0	5	32	-1	0	15	-1	-1
c5514	0	0	-1	15	24	0	0	0	0	-1	18	0	-1	0	0	0	35	-1	49	0	0	0	2	0	0	0	0	-1	-1	0
c5545	0	0	-1	-1	49	0	0	9	-1	0	0	49	26	-1	0	-1	0	0	0	25	0	-1	0	-1	-1	6	0	-1	0	0
c5554	-1	43	-1	-1	0	-1	0	0	36	0	0	0	26	17	0	15	-1	0	0	23	0	35	0	0	0	-1	0	14	-1	15
c5559	0	0	-1	15	0	-1	-1	0	0	-1	49	23	43	15	0	0	-1	33	0	-1	13	8	0	0	-1	0	-1	-1	15	6
c5564	0	0	-1	9	0	0	0	-1	0	0	0	0	26	-1	0	15	0	-1	-1	0	0	0	0	32	0	-1	0	15	0	0
c5586	38	0	-1	0	-1	0	-1	0	-1	0	0	0	26	0	-1	15	0	-1	-1	0	49	0	-1	5	0	-1	0	-1	-1	0
c5591	31	0	-1	0	0	15	38	0	-1	0	0	-1	-1	0	0	15	23	-1	-1	0	18	0	0	-1	-1	-1	-1	15	0	0
c5609	-1	0	-1	0	-1	25	38	0	-1	0	15	-1	-1	0	0	-1	-1	33	49	43	-1	38	-1	11	0	0	-1	46	-1	15
c5633	11	0	-1	18	-1	0	-1	0	41	0	25	0	26	42	0	15	-1	-1	39	25	13	0	0	0	0	-1	0	0	33	-1
c5657	23	0	-1	18	0	2	26	0	13	0	0	0	26	0	0	15	32	-1	0	25	0	-1	-1	0	0	-1	-1	0	0	0
c5668	-1	0	-1	-1	0	32	0	39	0	13	2	5	26	0	0	0	35	0	0	43	-1	33	-1	0	33	-1	0	0	0	-1
c5672	0	-1	-1	0	-1	38	33	29	0	0	49	23	0	-1	0	0	0	33	0	0	13	8	-1	-1	-1	33	0	46	15	21
c5677	0	-1	-1	-1	0	33	-1	7	-1	0	0	-1	26	0	0	0	0	13	8	0	-1	0	0	-1	-1	6	13	0	-1	-1
c5695	0	0	-1	-1	-1	0	0	0	23	0	0	49	26	0	0	0	26	15	0	0	0	0	0	-1	33	6	0	0	-1	0
c5697	-1	0	-1	-1	0	-1	38	39	-1	0	-1	2	26	0	-1	0	0	41	-1	33	0	33	0	0	33	6	0	33	0	1
c5708	0	0	-1	15	0	0	-1	46	0	0	18	0	0	0	0	0	38	-1	49	0	0	0	0	0	0	0	0	46	-1	0
c5710	38	0	-1	-1	38	10	0	0	0	0	8	0	26	-1	-1	-1	38	0	0	-1	20	-1	0	33	0	-1	0	0	-1	0
c5732	0	-1	-1	23	0	0	0	0	0	0	0	0	26	0	0	15	38	0	0	0	11	-1	0	-1	-1	-1	43	-1	0	15
c5740	-1	-1	-1	-1	46	38	0	29	0	0	49	23	0	15	0	0	0	33	0	0	13	8	-1	39	-1	0	19	46	15	21
c5765	-1	0	-1	0	0	0	49	2	0	0	25	0	26	-1	0	-1	0	-1	0	10	-1	-1	0	15	0	-1	8	0	0	0
c5771	0	-1	-1	0	-1	0	-1	0	-1	0	15	0	0	0	0	-1	0	33	49	43	36	0	0	11	0	0	0	-1	-1	-1
c5776	31	3	-1	-1	0	-1	0	-1	0	13	33	0	26	0	0	-1	0	-1	49	0	18	0	32	23	-1	-1	18	15	0	0
c5783	-1	-1	-1	-1	0	38	0	-1	-1	0	-1	-1	0	15	0	15	-1	33	0	0	13	8	-1	-1	-1	0	0	-1	15	0
c5796	15	0	-1	-1	0	6	38	38	-1	-1	-1	0	26	0	-1	49	0	18	-1	-1	0	33	0	0	33	6	-1	-1	0	1
c5806	0	8	-1	0	15	-1	0	-1	26	0	0	-1	0	24	39	-1	13	-1	-1	0	0	0	0	23	0	-1	0	46	-1	24
c5809	-1	-1	-1	-1	15	-1	0	0	-1	-1	0	38	-1	0	39	0	0	-1	0	39	0	-1	0	15	0	0	0	46	-1	24
c5820	-1	0	-1	23	-1	-1	-1	0	0	0	0	-1	26	-1	-1	15	-1	0	0	-1	11	0	0	-1	-1	-1	32	-1	0	15
c5826	-1	0	-1	0	0	0	-1	0	13	13	2	0	26	0	0	0	0	0	0	6	0	-1	-1	0	33	6	0	0	43	1
c5831	35	0	-1	0	39	42	0	-1	-1	-1	6	-1	-1	0	0	24	38	33	49	-1	36	0	0	11	0	0	0	-1	-1	0
c5836	0	0	-1	-1	-1	-1	0	-1	-1	2	-1	49	26	-1	-1	0	0	-1	0	15	-1	0	0	0	0	6	0	-1	43	0
c5852	9	0	-1	0	0	0	0	0	0	39	18	13	-1	-1	0	0	-1	0	0	-1	0	0	-1	0	-1	6	-1	2	0	0
c5870	0	8	-1	0	15	0	0	0	0	0	0	38	0	0	39	0	-1	-1	13	-1	0	30	0	-1	-1	0	-1	46	-1	24
c5878	0	0	-1	0	15	33	0	0	6	21	-1	0	-1	0	0	25	0	-1	0	0	0	-1	0	32	-1	6	0	0	-1	0
c5887	-1	0	-1	0	0	0	-1	0	0	0	0	39	26	0	-1	0	-1	0	0	0	49	-1	-1	-1	-1	6	-1	0	-1	-1
c5892	0	8	-1	0	15	0	0	0	-1	0	0	38	0	0	-1	-1	-1	-1	0	0	0	0	0	0	0	-1	-1	46	-1	24
c5894	0	0	-1	-1	0	0	-1	0	0	0	-1	0	-1	0	0	-1	8	0	38	0	0	8	-1	0	0	6	-1	0	0	-1
c5930	0	0	-1	23	-1	18	-1	0	0	0	0	0	-1	0	0	15	0	43	0	0	-1	0	15	35	0	-1	24	-1	13	0
c5931	0	0	-1	23	0	18	46	0	0	0	0	-1	26	0	0	15	0	43	0	0	-1	0	15	35	-1	-1	0	15	13	0
c5942	0	-1	-1	35	23	0	-1	0	35	0	0	0	-1	0	0	38	18	35	0	-1	0	0	0	15	33	6	-1	-1	0	2
c5952	0	0	-1	0	0	0	0	0	0	-1	0	-1	26	0	0	15	0	-1	-1	0	-1	0	0	0	-1	-1	38	-1	0	0
c5960	0	0	-1	0	-1	0	0	49	0	0	0	-1	26	0	0	0	-1	0	0	0	-1	0	0	0	33	6	0	-1	-1	-1
c5988	0	0	-1	15	0	0	-1	0	-1	33	18	38	-1	0	0	0	0	-1	49	0	0	0	0	-1	0	0	2	-1	-1	-1
c6003	0	0	-1	-1	0	-1	49	0	9	-1	33	0	26	0	3	-1	0	0	15	0	0	23	0	0	33	6	0	15	0	0
c6011	38	32	-1	0	0	-1	0	0	-1	-1	0	-1	26	0	-1	15	0	-1	9	0	-1	3	0	5	0	-1	0	15	0	0
c6021	0	23	-1	15	0	0	0	18	13	0	18	0	0	-1	0	0	0	33	49	-1	33	0	2	18	0	45	0	46	-1	0
c6023	0	0	-1	-1	-1	0	0	0	-1	0	15	0	38	0	0	0	11	33	49	-1	36	0	0	-1	-1	-1	0	46	-1	25
c6069	0	0	-1	0	35	0	-1	-1	39	0	-1	0	26	0	-1	0	0	0	-1	33	0	27	38	33	33	6	45	-1	0	33
c6074	0	0	-1	-1	0	2	0	0	0	0	8	0	26	0	0	0	0	0	0	0	0	0	39	0	0	-1	0	10	0	0
c6075	0	0	-1	-1	-1	2	-1	0	0	0	-1	0	26	0	0	0	0	0	0	0	0	0	39	0	0	6	0	10	0	0
c6080	0	0	-1	0	0	-1	0	0	-1	0	-1	0	26	33	0	-1	0	43	0	-1	0	49	0	-1	32	-1	0	-1	0	11
c6081	8	-1	-1	0	0	0	0	0	0	0	0	0	26	33	0	-1	0	43	0	0	0	49	0	0	32	-1	0	15	0	11
c6089	46	0	-1	0	0	0	0	0	-1	39	0	-1	-1	0	0	-1	0	0	0	-1	0	2	-1	30	-1	6	-1	18	35	1
c6091	-1	0	-1	0	2	-1	0	0	0	0	-1	0	26	0	0	32	0	0	-1	0	0	-1	-1	0	33	6	0	0	-1	25
c6101	0	0	-1	0	-1	-1	0	0	-1	0	15	0	-1	0	-1	0	0	33	49	43	36	0	15	11	0	45	0	-1	-1	-1
c6103	35	0	-1	15	1	0	-1	0	-1	0	18	33	0	0	0	0	0	33	49	0	0	0	2	31	0	-1	0	46	-1	0
c6107	13	0	-1	-1	0	2	0	0	23	0	8	-1	26	0	0	0	0	0	0	0	0	31	39	-1	38	6	0	10	8	0
c6124	0	0	-1	-1	15	38	0	0	0	0	49	23	0	15	0	0	0	33	0	0	13	8	25	0	-1	0	38	-1	15	0
c6135	32	0	-1	-1	-1	33	0	-1	0	0	46	49	26	0	0	0	0	0	0	-1	0	0	10	0	0	6	0	-1	-1	38
c6137	0	-1	-1	39	39	-1	-1	0	-1	0	-1	-1	-1	-1	0	0	24	33	49	-1	-1	0	0	11	0	0	38	46	-1	0
c6139	0	0	-1	0	-1	-1	0	0	-1	0	0	0	26	0	0	-1	0	43	0	0	-1	0	0	35	0	-1	0	15	0	0
c6162	0	0	-1	-1	10	0	0	0	-1	0	8	0	26	0	0	0	-1	-1	38	0	-1	0	0	0	0	-1	0	0	0	0
c6201	-1	8	-1	0	0	25	15	3	6	0	43	0	0	0	0	0	15	-1	0	0	0	-1	26	0	0	0	0	46	-1	-1
c6204	14	0	-1	-1	0	0	0	-1	21	-1	-1	0	26	32	0	15	-1	0	-1	13	49	39	-1	0	0	-1	42	-1	0	33
c6217	0	0	-1	-1	-1	38	0	0	0	0	49	-1	0	15	0	0	0	33	0	0	13	8	-1	0	-1	0	-1	46	-1	0
c6224	0	-1	-1	23	32	0	0	0	33	0	0	0	26	0	0	15	38	0	0	0	11	0	0	-1	0	-1	0	-1	0	15
c6227	0	0	-1	0	-1	0	0	0	0	0	0	0	26	17	0	15	0	38	0	23	0	0	-1	0	0	-1	-1	-1	-1	15
c6235	0	0	-1	0	0	38	0	0	0	0	49	23	0	-1	0	0	0	33	0	0	13	8	0	33	-1	0	38	46	15	0
c6240	-1	0	-1	45	-1	38	-1	0	0	0	49	23	0	-1	0	13	0	33	0	0	-1	-1	0	0	-1	-1	0	46	15	25
c6243	0	-1	-1	0	0	42	0	0	-1	38	0	-1	-1	-1	0	-1	-1	33	-1	0	36	-1	0	-1	41	0	0	46	-1	0
c6249	0	0	-1	-1	39	-1	0	0	-1	0	-1	0	42	26	-1	18	3	-1	49	0	36	0	-1	11	0	23	0	46	-1	0
c6250	0	0	-1	0	0	0	35	0	0	0	0	-1	26	0	0	15	0	-1	0	13	18	35	0	0	0	-1	0	15	0	33
c6254	0	-1	-1	0	39	-1	0	-1	-1	0	0	-1	42	26	0	14	6	33	49	0	36	0	0	11	0	0	0	46	-1	30
c6257	18	8	-1	0	15	-1	0	-1	18	0	0	38	6	0	-1	0	0	-1	0	0	-1	0	-1	0	0	-1	0	46	-1	24
c6258	0	-1	-1	0	0	15	0	38	-1	-1	0	-1	26	0	0	-1	15	0	0	13	0	39	0	0	-1	-1	33	0	0	0
c6260	0	-1	-1	15	39	-1	0	0	-1	0	-1	0	42	26	3	0	0	33	49	0	36	-1	25	-1	21	23	-1	46	-1	0
c6281	-1	0	-1	-1	-1	0	2	0	30	33	-1	0	-1	0	0	15	0	-1	0	0	0	-1	0	-1	-1	-1	0	15	-1	1
c6282	0	-1	-1	0	9	-1	-1	0	-1	-1	-1	23	2	-1	0	0	26	33	0	0	13	8	0	39	-1	0	-1	46	15	21
c6285	-1	23	-1	0	0	-1	0	-1	0	39	26	-1	26	18	0	-1	-1	15	10	33	0	0	-1	0	33	6	-1	-1	0	0
c6288	0	8	-1	0	-1	0	-1	-1	0	-1	0	-1	0	0	39	-1	-1	-1	13	38	0	-1	0	0	-1	0	0	46	-1	-1
c6289	0	8	-1	0	15	0	0	-1	0	0	0	38	0	-1	39	0	0	-1	13	38	0	-1	0	0	16	-1	0	46	-1	24
c6291	0	0	-1	24	-1	25	0	0	-1	0	15	33	38	0	-1	0	0	33	49	43	36	0	0	11	0	-1	-1	46	-1	0
c6298	-1	0	-1	15	-1	0	20	-1	-1	0	-1	0	-1	0	0	0	-1	33	49	0	-1	0	0	0	5	-1	0	46	-1	0
c6302	-1	8	-1	0	-1	0	-1	0	0	0	0	38	38	-1	-1	0	13	-1	-1	0	45	0	15	23	0	0	0	46	-1	-1
c6306	0	0	-1	0	0	38	39	29	0	-1	49	23	38	15	-1	0	0	33	0	0	13	8	-1	-1	-1	26	0	46	15	-1
c6317	0	-1	-1	33	15	0	0	0	-1	-1	0	0	-1	0	0	13	0	-1	-1	0	-1	-1	25	38	33	6	0	0	-1	-1
c6323	-1	0	-1	-1	0	-1	-1	-1	0	13	2	5	26	0	0	0	35	0	0	0	38	-1	-1	0	33	6	0	0	26	1
c6341	0	0	-1	0	-1	0	0	24	-1	-1	15	-1	0	0	0	10	0	33	49	0	36	38	0	11	0	0	0	-1	-1	0
c6342	-1	0	-1	-1	0	0	0	0	0	26	1	-1	-1	-1	0	0	0	0	-1	-1	0	-1	0	0	0	6	23	0	-1	0
c6348	39	0	-1	0	0	38	0	29	0	0	-1	23	33	15	0	0	0	33	39	39	13	8	-1	39	-1	-1	0	46	-1	21
c6355	9	0	-1	0	0	13	0	-1	-1	0	-1	-1	26	0	0	15	15	42	0	-1	0	0	-1	-1	0	-1	0	-1	0	0
c6377	0	0	-1	0	0	38	-1	0	0	0	49	-1	0	-1	15	0	-1	33	0	0	13	8	-1	39	-1	3	0	46	15	-1
c6378	0	0	-1	-1	0	0	0	-1	5	-1	-1	15	26	-1	0	0	13	38	38	0	-1	0	0	-1	0	6	0	0	0	0
c6385	0	24	-1	15	0	0	0	-1	22	21	18	0	-1	0	0	-1	-1	-1	-1	0	-1	37	0	0	13	23	0	46	-1	0
c6388	0	-1	-1	-1	0	38	0	0	2	49	-1	23	0	15	0	0	0	-1	0	0	13	-1	0	0	-1	-1	0	46	15	0
c6392	38	0	-1	0	-1	0	0	0	0	0	0	18	-1	0	-1	15	0	-1	0	0	0	0	0	5	0	-1	-1	15	-1	0
c6395	-1	39	-1	0	26	0	21	0	-1	-1	0	0	26	0	0	0	0	0	0	-1	33	0	0	-1	33	6	0	-1	0	1
c6414	0	0	-1	15	0	0	-1	0	0	33	18	23	0	0	0	0	-1	33	49	0	0	0	2	0	0	0	-1	-1	-1	0
c6420	-1	0	-1	15	0	-1	20	4	-1	0	18	0	0	0	0	0	0	33	49	0	0	0	0	0	5	-1	0	-1	-1	0
c6425	0	2	-1	0	0	0	0	0	0	18	0	0	26	0	0	-1	0	-1	0	0	0	-1	0	0	33	6	0	0	0	25
c6426	0	0	-1	0	0	33	0	-1	30	0	0	0	26	0	0	-1	21	-1	0	0	0	-1	-1	0	0	-1	0	15	0	0
c6435	0	-1	-1	-1	0	33	0	7	38	-1	0	49	26	-1	0	0	0	14	8	0	-1	10	0	-1	39	-1	5	33	6	-1
c6436	0	0	-1	0	0	33	0	0	6	-1	0	0	26	0	0	-1	-1	0	0	0	0	-1	-1	35	33	-1	0	0	-1	0
c6441	15	8	-1	0	-1	0	0	0	0	25	-1	-1	0	0	39	0	0	-1	0	0	11	-1	0	0	0	33	0	-1	-1	-1
c6443	0	0	-1	-1	24	-1	0	0	0	0	18	0	0	-1	0	0	35	33	49	0	21	0	2	0	0	0	0	-1	-1	0
c6453	0	-1	-1	0	0	-1	0	0	0	0	0	6	-1	0	0	15	0	0	0	0	18	0	0	46	-1	-1	15	0	0	15
c6456	0	0	-1	-1	0	0	0	0	0	3	1	-1	26	0	0	0	0	0	0	-1	-1	8	0	0	0	6	23	-1	-1	0
c6469	-1	0	-1	0	-1	38	-1	29	0	0	49	23	38	15	0	41	0	33	0	-1	13	8	-1	39	-1	0	0	46	15	21
c6478	-1	0	-1	33	-1	49	-1	-1	-1	0	15	-1	0	0	0	10	41	33	49	0	36	38	5	11	0	0	0	-1	-1	0
c6486	0	0	-1	-1	0	33	0	7	-1	0	0	49	26	0	0	0	-1	-1	8	0	-1	10	0	0	39	6	-1	-1	-1	0
c6489	-1	-1	-1	0	0	0	0	0	0	0	0	-1	26	0	-1	0	0	-1	-1	0	0	-1	0	-1	-1	6	0	0	-1	0
c6518	35	0	-1	-1	0	0	0	2	0	0	0	0	26	-1	0	0	-1	0	0	0	0	-1	32	0	-1	6	23	0	0	-1
c6519	35	0	-1	-1	0	0	0	-1	0	0	0	0	-1	0	0	0	-1	-1	0	0	0	-1	-1	33	0	6	23	0	0	0
c6525	0	0	-1	-1	0	0	0	0	36	-1	33	0	26	0	-1	0	0	-1	0	-1	0	0	-1	0	0	6	0	0	0	0
c6528	0	0	-1	0	0	-1	0	-1	-1	-1	-1	13	26	0	-1	0	0	0	42	0	-1	0	0	0	33	-1	-1	0	0	0
c6549	0	0	-1	0	-1	38	-1	0	13	0	49	23	-1	-1	0	0	26	33	-1	0	13	8	-1	39	-1	0	10	46	-1	-1
c6551	0	0	-1	0	0	0	0	31	30	0	0	0	-1	0	0	15	0	43	-1	-1	0	-1	-1	0	-1	-1	0	15	-1	0
c6554	-1	45	-1	18	0	2	0	0	0	0	0	0	26	-1	0	-1	0	-1	0	25	32	0	-1	-1	0	-1	0	0	-1	0
c6562	0	0	-1	-1	0	0	43	0	0	0	8	-1	26	0	-1	-1	13	0	38	-1	49	0	34	0	0	6	0	0	0	-1
c6564	0	0	-1	-1	25	-1	0	7	-1	0	0	49	26	0	0	23	0	0	8	13	-1	0	-1	-1	35	6	0	0	0	0
c6573	0	-1	-1	0	-1	0	0	-1	30	0	0	0	-1	0	0	15	0	43	0	-1	13	-1	0	39	0	-1	0	15	-1	25
c6587	0	16	-1	-1	15	0	0	0	0	0	0	0	-1	14	-1	0	-1	0	0	0	0	-1	0	23	33	6	-1	0	0	1
c6602	0	0	-1	-1	0	33	0	7	-1	0	0	-1	26	0	0	-1	23	-1	-1	31	-1	0	0	0	-1	6	0	0	-1	0
c6604	-1	-1	-1	23	0	2	0	0	0	0	26	6	26	-1	0	15	38	-1	-1	15	11	0	0	37	0	-1	0	-1	0	15
c6616	18	0	-1	-1	0	-1	0	7	0	-1	0	-1	26	25	0	-1	0	35	8	0	-1	0	-1	27	-1	6	0	0	49	0
c6621	32	-1	-1	-1	0	33	-1	7	-1	25	-1	49	-1	0	-1	0	0	0	-1	0	0	-1	-1	0	-1	6	-1	0	0	0
c6624	0	0	-1	-1	0	0	49	0	-1	-1	8	0	26	-1	-1	0	-1	0	-1	0	49	0	0	0	0	6	0	-1	0	0
c6632	31	3	-1	2	0	0	0	-1	0	13	33	0	26	0	0	15	0	-1	49	0	18	0	0	23	-1	-1	18	15	0	-1
c6645	0	-1	-1	0	-1	0	38	-1	-1	0	-1	-1	-1	-1	0	0	0	0	-1	0	0	33	30	0	33	6	0	-1	0	-1
c6650	-1	0	-1	0	-1	-1	49	2	0	0	25	-1	26	0	0	15	0	-1	0	0	0	0	0	-1	0	-1	8	0	0	0
c6652	0	0	-1	-1	0	-1	-1	-1	15	0	49	23	-1	-1	0	-1	26	33	9	0	13	8	0	39	-1	0	2	46	15	-1
c6657	0	-1	-1	-1	-1	0	0	23	-1	39	-1	13	26	0	0	0	-1	0	0	-1	-1	42	0	41	33	6	0	0	-1	0
c6663	0	33	-1	0	0	-1	5	3	0	-1	-1	0	26	0	0	25	10	0	-1	0	0	-1	0	0	-1	6	0	-1	-1	0
c6673	0	0	-1	-1	0	-1	0	-1	18	0	18	0	-1	0	34	0	-1	33	-1	-1	0	0	2	0	0	0	0	-1	-1	0
c6679	-1	9	-1	0	-1	0	0	26	-1	0	15	0	-1	0	0	0	0	33	49	43	-1	0	-1	-1	0	45	0	-1	-1	0
c6682	0	0	-1	0	0	-1	0	0	0	0	49	23	0	15	-1	0	-1	-1	0	0	13	-1	0	0	-1	-1	38	46	15	0
c6690	0	0	-1	-1	0	0	0	-1	0	26	1	0	26	0	0	0	0	0	0	0	0	8	0	0	-1	6	23	0	-1	0
c6691	0	0	-1	-1	0	0	-1	0	0	26	1	0	26	0	0	0	-1	0	0	-1	0	8	0	-1	0	6	23	0	0	-1
c6695	0	-1	-1	-1	0	0	0	-1	6	0	0	-1	26	0	0	15	38	0	0	0	11	0	0	0	0	-1	0	-1	-1	15
c6711	0	-1	-1	-1	0	38	0	0	0	-1	49	23	-1	15	0	0	0	33	-1	0	13	8	15	0	-1	0	38	46	15	0
c6717	25	0	-1	-1	-1	33	0	7	0	2	34	49	26	0	0	2	-1	0	-1	0	-1	0	0	0	26	-1	0	-1	43	0
c6719	-1	0	-1	0	-1	-1	0	24	-1	-1	15	38	0	0	0	10	0	33	49	-1	-1	38	0	11	0	0	11	46	-1	0
c6723	0	0	-1	-1	0	42	0	0	-1	0	46	-1	0	0	0	-1	-1	-1	-1	0	36	-1	0	11	41	46	26	46	-1	0
c6725	0	0	-1	0	24	42	-1	-1	-1	-1	0	-1	26	0	0	0	0	33	-1	-1	36	-1	0	11	0	42	0	46	-1	0
c6731	-1	0	-1	0	0	0	-1	0	0	-1	-1	0	26	0	0	0	-1	0	-1	0	0	-1	-1	-1	33	-1	0	0	-1	0
c6734	0	-1	-1	23	0	-1	0	-1	-1	0	0	-1	26	0	0	-1	42	-1	-1	0	-1	10	0	0	-1	6	-1	0	0	0
c6735	0	-1	-1	-1	0	-1	0	-1	0	0	0	0	26	0	0	-1	42	-1	0	0	-1	10	0	0	-1	6	-1	0	0	0
c6739	0	0	-1	18	0	0	0	0	15	0	25	0	26	0	0	15	0	-1	-1	25	-1	0	0	0	-1	-1	0	0	-1	0
c6749	42	0	-1	-1	0	0	0	0	0	0	1	0	-1	0	0	0	0	-1	0	0	0	-1	0	0	0	-1	23	-1	-1	-1
c6760	32	-1	-1	-1	25	33	0	7	5	0	46	49	-1	0	0	-1	-1	0	18	0	0	15	0	0	0	-1	0	-1	0	0
c6764	25	0	-1	-1	39	-1	0	-1	0	0	-1	23	-1	15	0	-1	10	33	0	0	13	8	32	0	-1	0	0	46	15	0
c6767	-1	8	-1	15	0	23	23	0	-1	0	18	0	0	32	0	42	0	33	49	0	0	49	0	-1	0	0	0	-1	-1	0
c6770	0	-1	-1	0	-1	49	0	0	-1	23	15	38	0	0	0	-1	-1	33	49	35	36	-1	0	11	0	11	0	46	-1	-1
c6772	0	-1	-1	0	6	50	-1	0	0	0	0	-1	26	32	-1	0	0	0	15	-1	0	0	0	15	33	6	0	0	0	-1
c6777	-1	27	-1	15	0	15	-1	0	0	0	-1	-1	10	32	0	0	0	33	49	0	0	49	-1	-1	0	0	0	46	-1	-1
c6780	0	0	-1	-1	0	-1	0	0	2	26	1	0	26	0	0	-1	-1	0	0	0	0	8	0	0	0	6	23	0	0	43
c6792	0	0	-1	0	0	-1	39	29	0	37	49	23	38	15	0	0	0	33	0	0	13	8	-1	39	-1	26	0	46	15	-1
c6795	-1	2	-1	-1	-1	33	0	7	-1	25	0	-1	-1	0	-1	0	11	0	-1	0	-1	2	0	-1	0	6	-1	34	0	0
c6797	0	0	-1	0	43	-1	0	0	-1	0	0	6	26	-1	0	15	-1	0	-1	0	18	0	0	0	0	-1	0	0	0	15
c6806	15	0	-1	23	30	38	0	0	0	0	0	0	-1	17	-1	15	0	38	-1	23	-1	0	-1	33	-1	-1	0	0	0	15
c6843	39	0	-1	-1	-1	-1	-1	0	-1	0	49	23	15	-1	0	0	26	33	0	0	13	8	0	39	-1	0	50	46	15	21
c6858	0	0	-1	35	-1	0	50	0	-1	0	15	0	10	-1	0	0	-1	33	-1	-1	36	38	0	11	0	0	0	-1	-1	15
c6860	0	0	-1	0	14	0	32	0	-1	-1	-1	0	26	0	0	0	0	0	0	0	0	-1	3	15	33	-1	0	0	0	39
c6862	0	0	-1	43	0	-1	1	-1	-1	-1	0	0	26	-1	0	-1	0	0	0	0	0	0	-1	30	33	6	-1	0	-1	1
c6864	0	0	-1	23	0	0	32	0	9	0	0	-1	-1	0	18	0	-1	0	15	-1	0	-1	0	0	-1	6	0	0	0	0
c6883	-1	0	-1	-1	-1	33	0	7	0	-1	-1	49	-1	0	21	0	0	0	0	0	-1	0	0	0	0	6	0	0	43	0
c6884	0	0	-1	9	0	0	-1	-1	0	0	-1	0	26	0	-1	15	0	43	0	0	-1	0	0	32	0	-1	-1	15	0	0
c6895	-1	0	-1	0	-1	38	0	29	0	0	49	23	0	15	-1	0	0	33	0	0	13	-1	-1	39	-1	0	0	46	15	21
c6898	0	0	-1	0	39	-1	0	0	-1	23	0	0	42	-1	3	0	0	-1	49	39	-1	39	25	11	21	23	-1	46	-1	0
c6899	0	0	-1	0	39	-1	0	-1	-1	0	0	0	42	-1	3	0	0	33	49	39	36	-1	25	11	21	-1	-1	46	-1	0
c6904	31	3	-1	2	0	0	-1	0	0	13	-1	-1	26	0	-1	15	0	-1	49	-1	18	0	-1	-1	-1	-1	0	15	0	0
c6924	-1	0	-1	-1	0	0	20	4	15	0	18	0	-1	0	15	0	-1	33	49	0	0	-1	0	0	5	-1	0	46	-1	0
c6932	32	0	-1	-1	-1	33	0	7	32	0	46	49	26	15	0	0	0	0	6	0	0	0	10	-1	6	6	0	0	0	0
c6938	38	0	-1	3	-1	0	0	-1	-1	0	26	0	26	-1	0	15	0	-1	0	0	23	0	0	0	0	-1	0	-1	0	35
c6939	38	0	-1	-1	-1	0	0	10	0	0	-1	0	26	0	0	15	0	-1	0	0	23	0	0	-1	0	-1	0	-1	0	-1
c6945	0	-1	-1	-1	33	0	-1	0	7	0	18	0	35	0	0	0	0	-1	49	0	-1	0	0	-1	32	29	0	-1	-1	31
c6954	0	0	-1	0	-1	38	-1	-1	-1	0	49	23	-1	-1	-1	0	26	-1	0	-1	13	8	-1	39	-1	0	0	46	-1	21
c6956	-1	0	-1	39	0	32	0	0	0	-1	15	13	-1	23	0	15	15	0	0	0	0	-1	0	-1	33	-1	0	0	32	0
c6963	0	0	-1	0	6	0	38	15	0	49	-1	0	-1	0	0	0	-1	-1	0	0	-1	0	0	15	33	6	0	0	0	0
c6971	32	39	-1	-1	-1	33	0	7	49	0	-1	49	26	0	0	18	0	0	0	0	37	-1	10	0	26	6	15	-1	0	0
c6972	32	0	-1	-1	0	33	0	7	0	0	46	49	26	-1	0	0	0	38	0	0	13	0	10	0	0	-1	-1	0	0	38
c6975	0	0	-1	0	-1	0	25	0	-1	0	15	0	0	0	0	36	-1	33	49	43	36	0	0	11	0	-1	0	-1	-1	0
c6998	31	0	-1	-1	0	15	-1	0	0	0	0	-1	-1	0	0	15	0	-1	0	-1	18	-1	-1	10	-1	-1	0	15	0	23
c7002	0	0	-1	0	21	-1	5	3	0	-1	-1	0	-1	0	0	0	0	0	0	0	0	-1	0	-1	-1	-1	-1	-1	-1	0
c7003	0	0	-1	-1	-1	38	5	3	0	38	10	0	26	-1	0	0	0	0	0	0	0	-1	0	0	33	6	32	-1	-1	0
c7015	-1	0	-1	-1	-1	2	0	38	0	-1	0	0	26	0	0	15	36	-1	0	25	-1	0	-1	0	-1	-1	25	0	-1	0
c7024	38	0	-1	0	32	-1	0	10	0	0	0	0	-1	-1	0	-1	0	-1	0	0	23	18	-1	0	0	-1	0	15	0	35
c7027	-1	-1	-1	-1	0	-1	0	7	5	0	46	-1	-1	0	0	-1	0	6	0	0	-1	0	0	-1	-1	6	-1	0	0	0
c7035	38	-1	-1	33	0	0	-1	0	0	0	0	0	26	19	-1	15	0	-1	0	39	0	0	0	5	0	-1	0	15	-1	-1
c7055	0	0	-1	0	0	-1	-1	-1	-1	0	0	0	0	0	0	0	-1	33	-1	-1	-1	0	38	11	0	-1	0	46	-1	-1
c7057	0	49	-1	0	0	-1	0	38	0	-1	-1	0	-1	0	0	15	0	0	0	13	0	39	0	0	0	-1	34	0	0	19
c7061	0	15	-1	0	0	18	0	0	23	6	0	18	-1	-1	0	15	-1	38	0	23	0	-1	0	0	0	-1	-1	0	-1	15
c7070	0	10	-1	11	0	38	-1	-1	0	0	49	23	0	15	0	0	0	33	0	0	-1	8	-1	39	-1	0	0	46	-1	21
c7071	0	-1	-1	11	0	38	38	29	-1	-1	49	23	0	15	0	0	0	33	0	-1	13	8	-1	39	-1	0	-1	46	15	21
c7080	0	0	-1	-1	41	-1	0	0	-1	39	0	-1	26	0	0	0	46	0	-1	33	0	0	-1	0	33	-1	0	49	0	-1
c7081	0	0	-1	0	41	0	0	-1	0	39	0	-1	26	0	-1	0	-1	0	49	-1	17	0	-1	0	33	6	0	49	0	-1
c7084	0	0	-1	18	-1	0	8	0	49	-1	0	33	26	0	0	15	0	-1	-1	25	0	0	0	-1	49	-1	0	13	0	0
c7094	-1	-1	-1	-1	0	0	0	0	0	-1	-1	0	26	42	0	15	-1	-1	0	25	-1	0	0	0	0	-1	0	0	0	-1
c7100	-1	8	-1	0	0	0	-1	-1	0	0	0	42	0	0	-1	0	0	-1	0	0	0	-1	0	32	0	0	0	46	-1	-1
c7121	-1	0	-1	-1	0	0	0	-1	0	26	-1	0	26	-1	0	-1	0	0	0	0	0	8	0	-1	0	6	23	-1	0	-1
c7123	0	0	-1	9	0	0	-1	0	0	-1	0	0	26	0	-1	15	0	-1	0	0	0	0	0	-1	0	-1	0	15	0	38
c7136	0	0	-1	18	-1	2	0	35	18	0	0	-1	-1	0	0	15	-1	-1	0	-1	-1	0	0	0	0	-1	-1	0	-1	-1
c7138	0	0	-1	32	-1	0	-1	0	-1	0	15	0	-1	0	0	-1	0	33	49	43	36	0	-1	-1	0	0	-1	46	-1	0
c7143	-1	-1	-1	23	0	0	0	-1	0	35	0	0	26	0	0	15	16	-1	-1	0	-1	0	0	13	0	-1	0	0	-1	15
c7144	0	0	-1	15	0	0	-1	18	13	-1	18	0	0	-1	0	0	-1	33	-1	-1	0	0	2	-1	0	45	10	46	-1	0
c7147	0	0	-1	39	0	0	-1	0	-1	-1	15	13	26	0	0	15	15	0	0	0	0	-1	49	0	-1	-1	-1	0	-1	0
c7153	-1	0	-1	0	0	38	-1	0	0	0	49	-1	-1	-1	15	0	26	33	38	0	-1	-1	0	39	-1	0	26	46	15	-1
c7156	0	0	-1	15	33	0	-1	0	7	0	18	-1	-1	0	0	-1	0	33	49	0	-1	0	-1	0	0	-1	13	-1	-1	-1
c7165	33	0	-1	-1	0	-1	0	0	0	39	-1	13	26	0	-1	0	0	0	0	0	-1	0	0	32	33	-1	-1	0	0	0
c7167	-1	13	-1	0	0	0	0	49	0	0	15	0	26	25	0	0	38	0	11	17	-1	0	0	0	33	6	0	32	0	0
c7172	15	-1	-1	26	0	-1	0	23	-1	-1	0	13	26	0	0	0	30	0	26	0	0	0	0	-1	-1	6	-1	0	0	0
c7174	-1	42	-1	-1	8	42	-1	0	-1	0	0	-1	0	0	0	0	-1	33	49	0	36	0	-1	11	0	0	0	46	-1	0
c7176	0	0	-1	18	-1	2	0	0	0	0	-1	0	26	0	0	-1	36	-1	-1	25	-1	-1	0	0	-1	-1	25	0	-1	0
c7183	-1	-1	-1	-1	0	38	-1	0	0	0	49	-1	0	15	0	13	0	33	0	-1	13	8	41	-1	-1	0	-1	-1	15	25
c7186	0	0	-1	39	0	32	-1	0	0	-1	15	13	26	23	0	15	-1	0	0	0	0	35	0	0	33	-1	-1	0	0	-1
c7198	-1	0	-1	39	39	42	0	0	-1	0	0	0	-1	0	32	-1	0	33	49	0	36	-1	0	11	0	0	38	-1	-1	-1
c7199	0	0	-1	39	39	42	0	-1	-1	0	-1	0	-1	0	32	0	0	-1	49	15	36	-1	0	11	-1	0	-1	46	-1	-1
c7201	0	0	-1	0	39	-1	-1	0	-1	0	0	-1	-1	26	0	0	6	33	49	-1	36	0	0	11	0	0	0	46	-1	30
c7225	0	-1	-1	0	-1	0	0	0	-1	-1	15	38	50	0	-1	0	-1	33	49	8	36	0	0	-1	0	0	0	-1	-1	-1
c7228	0	0	-1	42	-1	0	0	0	0	0	0	33	-1	-1	33	-1	-1	-1	0	0	0	-1	38	-1	33	6	0	30	-1	0
c7241	-1	-1	-1	-1	14	-1	0	-1	43	-1	0	0	26	0	0	0	0	0	0	-1	0	0	0	15	33	6	0	-1	0	0
c7246	0	0	-1	-1	0	33	0	7	-1	-1	-1	49	26	-1	-1	0	23	6	8	31	-1	0	0	-1	-1	6	15	45	-1	0
c7253	-1	39	-1	38	-1	-1	-1	-1	-1	0	15	-1	-1	0	26	0	-1	33	49	43	36	0	0	-1	0	45	0	46	-1	0
c7265	33	0	-1	2	-1	38	0	0	26	0	-1	23	0	-1	35	-1	9	-1	0	0	13	8	13	-1	-1	0	1	46	-1	21
c7267	0	0	-1	0	2	0	-1	0	6	0	32	26	26	0	0	15	0	14	0	17	0	8	-1	0	33	-1	0	0	0	0
c7269	38	-1	-1	-1	0	-1	38	-1	43	0	0	0	26	0	0	15	0	-1	0	0	0	0	0	5	0	-1	0	15	-1	0
c7274	0	0	-1	-1	-1	33	-1	7	0	-1	0	49	26	47	0	-1	0	-1	0	0	-1	0	0	-1	0	6	0	0	-1	0
c7285	0	-1	-1	-1	32	0	0	0	0	0	0	0	-1	0	0	15	-1	15	0	-1	11	0	0	37	0	-1	26	-1	0	15
c7299	25	-1	-1	-1	-1	33	14	-1	0	2	-1	-1	26	0	0	2	0	0	0	0	-1	0	-1	0	26	6	-1	0	43	0
c7301	31	0	-1	0	0	15	38	0	0	0	0	0	-1	0	0	15	0	-1	-1	0	18	0	-1	0	-1	-1	0	15	0	0
c7308	0	-1	-1	15	30	0	-1	46	0	0	18	0	0	0	-1	0	0	33	49	0	0	-1	0	0	-1	0	0	46	-1	0
c7310	32	-1	-1	-1	0	33	0	7	5	0	46	49	-1	0	-1	0	0	0	-1	0	0	0	-1	-1	0	6	0	0	0	0
c7312	0	-1	-1	23	0	-1	0	11	-1	-1	35	33	26	-1	0	15	38	0	33	0	11	0	6	0	15	-1	0	0	0	15
c7318	0	-1	-1	-1	0	0	0	0	-1	0	-1	0	26	-1	0	15	38	14	0	0	11	0	-1	0	-1	-1	0	-1	0	15
c7322	0	0	-1	-1	0	2	0	-1	0	0	-1	0	26	0	0	15	0	-1	-1	25	0	49	0	14	-1	-1	0	-1	-1	0
c7331	15	0	-1	-1	0	-1	0	0	0	0	0	0	-1	-1	0	15	0	13	-1	0	0	33	0	13	0	-1	0	-1	9	15
c7335	0	-1	-1	0	39	-1	0	0	-1	7	5	0	42	26	3	0	0	33	49	0	-1	-1	-1	11	13	0	0	46	-1	0
c7343	33	0	-1	0	0	-1	0	0	-1	39	-1	13	26	0	0	-1	0	0	-1	0	-1	0	0	-1	33	-1	-1	-1	0	0
c7347	0	0	-1	15	32	0	-1	0	0	0	18	0	0	0	0	0	0	33	-1	0	38	-1	0	-1	0	0	0	46	-1	0
c7348	0	0	-1	0	9	38	-1	0	-1	10	49	23	-1	-1	0	-1	26	33	0	-1	13	8	-1	39	-1	-1	0	46	15	21
c7359	38	0	-1	-1	-1	0	-1	0	0	0	8	-1	26	-1	0	-1	0	0	-1	0	20	13	0	0	0	6	-1	0	38	0
c7360	0	0	-1	0	-1	-1	0	24	-1	0	15	-1	0	0	0	10	0	33	49	0	36	38	0	11	0	0	0	46	-1	-1
c7398	0	0	-1	18	-1	26	-1	-1	-1	39	0	-1	-1	0	-1	-1	0	0	49	33	0	0	-1	0	33	6	0	-1	42	0
c7419	32	-1	-1	0	0	15	0	13	9	0	-1	0	26	15	0	23	0	0	15	0	-1	23	24	0	33	6	0	35	0	0
c7420	-1	-1	-1	0	0	-1	0	0	30	0	0	0	26	0	0	15	-1	43	0	0	0	-1	0	0	0	-1	0	15	0	0
c7442	-1	38	-1	0	0	38	0	0	-1	-1	49	23	0	15	0	0	-1	-1	-1	0	13	8	-1	0	-1	-1	0	46	15	0
c7452	0	0	-1	0	0	-1	0	38	-1	11	0	-1	-1	0	0	15	-1	-1	-1	0	0	0	-1	0	-1	-1	0	0	-1	-1
c7458	0	0	-1	38	-1	0	0	0	-1	-1	15	0	0	-1	0	0	0	33	49	-1	36	0	23	11	0	0	0	46	-1	0
c7468	-1	-1	-1	-1	0	33	0	0	-1	0	1	-1	26	15	0	0	0	0	0	13	0	-1	-1	0	0	6	23	0	0	0
c7471	0	0	-1	39	0	0	0	0	42	39	15	-1	26	0	0	15	15	-1	0	-1	0	35	0	0	33	-1	0	0	0	0
c7480	0	8	-1	0	0	15	-1	0	0	0	0	-1	0	0	39	13	0	-1	0	0	-1	0	0	1	0	33	0	-1	-1	24
c7482	0	0	-1	0	39	-1	0	0	-1	-1	-1	0	42	26	38	0	-1	33	49	0	-1	0	-1	11	-1	0	0	-1	-1	30
c7486	0	-1	-1	-1	0	-1	-1	0	-1	-1	1	0	-1	-1	-1	0	-1	0	0	-1	0	8	-1	0	-1	6	23	10	-1	0
c7493	0	0	-1	-1	0	0	0	0	0	-1	-1	0	26	0	0	0	0	0	-1	0	0	8	0	-1	0	6	-1	0	0	0
c7496	0	8	-1	-1	15	0	0	3	0	-1	-1	-1	0	0	39	0	13	-1	-1	-1	0	0	-1	23	0	0	0	-1	-1	24
c7503	32	0	-1	-1	-1	33	0	7	0	0	46	-1	26	-1	0	0	0	0	0	0	0	0	-1	0	0	6	0	-1	2	0
c7515	-1	0	-1	-1	0	0	20	4	15	-1	18	0	-1	46	0	0	19	33	-1	0	0	13	0	39	5	-1	32	46	-1	-1
c7527	15	46	-1	26	0	0	-1	23	-1	39	0	13	26	0	0	0	30	-1	0	0	0	0	0	-1	33	6	0	0	0	-1
c7533	9	-1	-1	0	0	-1	0	-1	0	0	-1	-1	26	0	6	-1	14	42	0	0	0	0	-1	-1	-1	-1	8	0	0	0
c7544	-1	0	-1	0	-1	-1	0	-1	-1	0	-1	-1	0	0	-1	10	0	-1	-1	-1	36	-1	0	11	0	0	9	46	-1	0
c7556	0	0	-1	15	-1	-1	17	0	0	0	-1	23	43	15	0	-1	27	33	-1	0	-1	8	0	0	-1	0	0	46	15	6
c7558	0	-1	-1	0	-1	0	0	0	-1	39	0	13	-1	13	0	0	0	0	39	33	0	-1	-1	0	33	6	24	0	0	0
c7559	0	-1	-1	0	0	0	0	0	-1	39	0	13	-1	13	0	0	-1	0	39	33	0	0	-1	0	33	6	24	0	0	0
c7571	-1	0	-1	-1	-1	-1	21	0	0	-1	-1	13	26	0	-1	-1	0	0	42	0	-1	0	0	0	-1	-1	-1	1	-1	0
c7573	25	0	-1	0	39	38	-1	0	0	0	-1	23	0	15	0	49	10	33	-1	0	13	8	32	0	-1	0	0	46	15	0
c7577	-1	-1	-1	49	0	-1	0	50	0	0	-1	0	26	20	0	15	0	42	0	-1	0	0	0	0	-1	-1	0	-1	0	39
c7583	0	-1	-1	0	0	0	0	0	9	0	33	0	-1	0	0	-1	0	0	15	-1	0	23	24	-1	33	6	-1	0	0	0
c7594	-1	0	-1	-1	-1	33	0	7	0	2	0	-1	-1	0	21	-1	13	0	0	0	-1	-1	0	0	-1	6	-1	0	43	0
c7596	0	0	-1	0	-1	-1	0	-1	-1	-1	0	-1	26	0	-1	15	-1	43	-1	0	0	0	34	35	0	-1	0	15	0	0
c7606	38	0	-1	-1	-1	-1	0	0	-1	0	0	0	26	0	0	15	-1	-1	0	0	0	0	0	5	0	-1	0	-1	-1	0
c7607	38	0	-1	0	-1	0	0	0	0	0	0	-1	26	0	0	15	0	-1	0	-1	0	0	0	5	-1	-1	0	15	-1	0
c7612	0	0	-1	18	0	2	0	-1	24	0	0	0	26	0	0	15	0	-1	-1	25	-1	-1	-1	-1	0	-1	0	0	-1	0
c7613	0	0	-1	-1	0	2	0	0	24	0	0	0	26	0	0	15	-1	-1	0	25	0	10	-1	0	0	-1	0	0	0	0
c7616	31	-1	-1	-1	-1	0	0	0	0	13	15	0	26	0	0	15	0	-1	49	0	18	0	0	23	-1	-1	43	15	0	0
c7625	0	0	-1	0	0	15	0	38	0	0	-1	-1	-1	-1	13	15	-1	0	-1	13	0	39	0	0	-1	-1	33	0	0	0
c7655	14	0	-1	0	39	-1	0	-1	-1	0	0	0	42	26	0	-1	0	33	-1	38	36	-1	-1	11	0	0	0	46	-1	30
c7656	0	0	-1	-1	-1	-1	-1	-1	33	2	0	49	26	0	0	0	0	-1	0	0	-1	0	-1	0	0	6	-1	-1	43	0
c7665	32	0	-1	-1	-1	33	0	7	0	0	-1	49	26	0	0	0	0	0	0	0	0	0	10	0	0	6	0	-1	0	38
c7666	0	0	-1	24	-1	0	0	0	-1	-1	15	0	38	32	0	0	-1	33	49	43	36	0	38	11	0	0	10	-1	-1	0
c7668	14	-1	-1	49	0	38	-1	-1	-1	-1	49	23	0	-1	0	0	26	33	-1	0	-1	8	0	-1	-1	0	0	46	15	-1
c7679	0	-1	-1	-1	15	-1	0	-1	0	-1	0	-1	26	0	0	13	14	0	5	0	0	-1	-1	38	33	-1	0	0	0	1
c7682	0	-1	-1	15	-1	-1	0	29	0	2	49	23	0	15	0	0	0	33	0	0	13	8	-1	39	-1	0	0	46	-1	21
c7683	0	10	-1	15	0	-1	0	29	0	2	49	23	0	15	0	-1	0	33	0	-1	13	8	-1	39	-1	-1	0	-1	15	21
c7692	14	0	-1	0	39	-1	0	0	-1	0	0	0	42	26	0	0	0	33	49	38	36	0	-1	11	-1	0	0	46	-1	30
c7693	-1	0	-1	0	39	-1	0	-1	-1	-1	-1	0	42	-1	0	0	0	33	-1	-1	-1	0	41	11	0	0	-1	46	-1	30
c7694	9	0	-1	-1	0	0	0	0	0	39	0	13	-1	0	0	0	0	-1	0	33	0	0	-1	0	-1	6	-1	2	0	0
c7699	-1	24	-1	0	-1	0	15	0	0	-1	1	0	26	2	0	35	14	0	0	0	0	0	0	0	33	6	0	30	0	0
c7700	0	-1	-1	-1	0	38	-1	0	0	0	49	23	0	-1	0	0	0	-1	0	-1	13	8	0	-1	-1	0	-1	-1	-1	0
c7709	0	0	-1	0	-1	-1	0	0	26	39	-1	-1	26	0	15	0	0	0	42	-1	-1	0	0	0	33	6	0	0	0	0
c7712	-1	0	-1	0	-1	-1	-1	0	18	0	49	23	0	-1	-1	33	-1	33	-1	0	13	8	-1	39	-1	0	41	46	-1	21
c7714	-1	0	-1	-1	0	-1	0	0	0	-1	-1	-1	26	15	0	0	0	0	42	0	-1	0	0	18	-1	6	0	0	0	0
c7716	-1	-1	-1	15	23	38	29	0	0	-1	49	23	0	15	0	0	9	33	0	-1	13	8	-1	39	-1	0	0	-1	15	-1
c7722	-1	0	-1	0	38	-1	0	0	0	0	0	0	26	0	0	-1	0	43	0	0	0	0	-1	35	-1	-1	0	15	0	0
c7725	13	0	-1	-1	0	2	0	0	-1	0	-1	0	-1	0	-1	0	0	0	0	0	0	0	39	0	-1	6	0	10	0	-1
c7748	0	0	-1	0	15	26	-1	0	0	-1	-1	0	26	18	0	0	-1	-1	0	-1	0	0	0	0	33	6	46	-1	0	-1
c7751	0	-1	-1	-1	-1	33	0	7	0	0	35	49	-1	0	0	0	-1	0	-1	0	-1	-1	-1	0	0	6	-1	0	-1	0
c7757	0	0	-1	-1	0	2	-1	0	0	-1	8	0	26	0	0	0	0	-1	-1	0	0	0	39	0	0	6	0	10	0	0
c7778	32	0	-1	-1	45	33	15	7	-1	0	46	49	-1	0	-1	0	-1	0	0	0	0	0	10	0	0	6	0	-1	0	0
c7784	15	0	-1	23	0	10	0	-1	0	11	0	0	26	0	0	15	0	0	0	0	0	33	0	13	0	-1	0	-1	0	15
c7787	0	-1	-1	0	-1	0	0	-1	-1	0	15	38	50	3	41	0	0	33	49	8	-1	0	0	-1	11	0	20	46	-1	0
c7789	0	0	-1	15	33	15	-1	-1	-1	41	18	-1	-1	0	0	-1	0	33	49	0	32	-1	0	0	0	0	0	-1	-1	-1
c7797	0	-1	-1	0	39	-1	0	0	-1	7	5	0	42	-1	3	0	-1	33	-1	0	36	0	-1	11	13	0	0	-1	-1	0
c7806	-1	15	-1	0	-1	38	0	0	0	0	-1	23	-1	15	0	0	-1	33	0	0	13	-1	38	-1	-1	43	0	46	15	-1
c7809	0	45	-1	18	-1	2	0	0	0	0	0	0	26	6	0	-1	0	-1	0	25	32	0	0	-1	-1	-1	0	0	-1	0
c7818	0	0	-1	0	0	0	-1	-1	0	0	33	1	-1	33	0	0	0	33	49	27	0	0	0	0	-1	-1	0	46	-1	0
c7824	0	-1	-1	10	-1	33	0	0	6	21	0	0	-1	0	0	25	0	0	2	-1	0	-1	0	-1	-1	6	-1	0	-1	0
c7826	-1	0	-1	0	0	0	-1	0	-1	13	2	-1	26	0	18	0	0	-1	0	0	18	33	-1	0	33	6	0	-1	-1	1
c7829	0	0	-1	-1	-1	-1	0	0	0	0	0	-1	26	0	10	15	-1	0	0	0	11	10	0	0	-1	-1	32	0	-1	15
c7831	-1	0	-1	-1	-1	-1	0	7	0	0	46	49	26	0	0	-1	0	-1	0	43	46	0	10	-1	16	6	39	0	0	0
c7836	32	0	-1	-1	-1	33	0	7	0	0	46	49	26	0	0	47	0	0	0	16	-1	-1	-1	0	16	6	47	11	-1	0
c7859	0	-1	-1	0	6	50	-1	-1	0	0	0	0	26	-1	0	0	0	0	15	0	0	0	0	15	33	6	0	-1	0	-1
c7865	0	0	-1	0	0	38	0	0	0	0	49	23	0	15	-1	-1	0	33	0	0	13	8	0	0	-1	8	38	46	15	0
c7868	-1	0	-1	0	14	0	0	0	0	0	-1	0	26	0	38	0	0	0	0	13	0	-1	0	15	-1	-1	-1	0	0	0
c7870	38	32	-1	0	0	-1	15	0	0	0	0	0	26	-1	0	15	0	-1	9	0	0	3	-1	5	0	-1	-1	15	0	0
c7876	0	0	-1	0	0	38	-1	0	0	0	49	23	-1	15	0	-1	0	33	0	0	13	-1	-1	0	-1	0	-1	-1	15	0
c7879	-1	1	-1	35	0	0	26	-1	6	0	6	-1	-1	0	0	15	-1	-1	0	17	-1	-1	0	0	33	6	-1	0	0	-1
c7882	0	0	-1	23	39	42	0	0	-1	0	43	0	42	33	0	0	-1	33	-1	0	36	0	0	11	-1	18	0	46	-1	0
c7892	0	0	-1	-1	-1	0	-1	0	-1	0	15	38	50	0	38	-1	0	33	49	-1	36	0	0	-1	0	0	20	46	-1	0
c7895	0	-1	-1	0	0	38	-1	0	0	0	49	-1	0	-1	15	0	26	33	-1	0	13	-1	0	39	-1	0	0	46	15	-1
c7896	-1	-1	-1	0	-1	-1	38	0	0	0	0	-1	26	0	-1	15	0	-1	0	0	38	0	-1	5	0	-1	0	15	-1	0
c7911	35	0	-1	39	0	32	0	0	0	39	15	13	26	23	0	15	15	0	0	-1	0	35	0	0	33	-1	0	-1	0	-1
c7913	0	0	-1	-1	0	38	-1	0	0	0	49	-1	0	-1	15	0	26	33	0	0	13	8	0	-1	-1	0	-1	46	15	-1
c7917	38	15	-1	0	15	0	0	-1	0	0	0	0	26	0	0	0	-1	0	0	0	14	0	0	34	33	6	0	46	0	1
c7919	0	15	-1	0	0	38	-1	-1	0	0	49	23	0	15	2	0	0	33	0	0	-1	8	-1	0	-1	43	0	46	15	-1
c7920	-1	33	-1	26	0	38	0	-1	0	0	-1	23	0	-1	0	-1	0	33	-1	0	13	8	1	0	-1	-1	0	46	-1	0
c7924	0	0	-1	-1	0	0	-1	46	0	0	-1	0	0	0	-1	0	0	33	49	-1	0	0	0	0	0	0	0	46	-1	0
c7926	0	0	-1	-1	0	-1	0	-1	-1	0	8	0	26	6	46	0	-1	0	0	-1	-1	0	39	0	0	-1	0	10	0	0
c7927	0	0	-1	-1	0	2	0	0	-1	0	8	0	26	6	46	0	-1	0	0	9	6	0	-1	0	0	-1	0	-1	0	0
c7930	0	0	-1	-1	0	2	0	0	0	41	-1	0	26	0	0	0	-1	0	0	0	0	0	39	0	0	6	0	10	0	0
c7934	0	0	-1	-1	0	33	0	7	-1	0	0	49	26	0	-1	0	23	6	8	31	-1	0	0	49	0	6	0	-1	-1	-1
c7937	0	-1	-1	23	0	0	0	0	0	0	35	33	26	0	0	15	38	0	13	0	11	-1	0	0	-1	-1	0	26	33	15
c7951	0	0	-1	0	-1	38	0	29	0	0	49	23	0	15	0	0	0	33	23	0	13	8	-1	39	-1	0	0	-1	15	21
c7952	0	0	-1	0	0	-1	0	0	-1	0	0	-1	0	0	-1	0	25	33	49	0	36	-1	0	11	41	0	26	-1	-1	0
c7955	-1	0	-1	0	-1	0	0	0	-1	0	15	0	38	-1	0	0	0	33	49	-1	-1	49	0	-1	0	0	-1	46	-1	25
c7959	0	-1	-1	-1	0	15	0	23	0	39	-1	13	26	0	0	0	0	0	0	0	-1	0	-1	41	-1	-1	0	13	0	0
c7965	0	46	-1	0	0	-1	0	-1	0	39	-1	13	26	0	0	0	0	0	0	0	-1	42	0	-1	33	6	0	-1	33	-1
c7978	39	0	-1	-1	0	-1	0	29	0	-1	-1	23	33	15	0	0	-1	33	39	39	13	8	-1	39	-1	0	0	46	15	21
c7979	39	0	-1	0	0	38	-1	29	0	0	-1	23	33	-1	0	0	0	33	39	39	13	8	-1	39	-1	-1	-1	46	15	-1
c7985	0	0	-1	0	24	42	-1	-1	-1	-1	0	-1	26	0	0	0	0	33	49	0	36	0	0	11	0	42	0	46	-1	-1
c7989	-1	0	-1	15	33	-1	-1	15	-1	-1	18	0	-1	0	0	0	0	33	49	0	32	0	0	0	0	0	0	-1	-1	0
c7991	35	0	-1	15	0	0	42	0	0	0	-1	33	0	0	0	42	0	-1	-1	0	0	0	2	0	0	0	0	46	-1	0
c7996	33	33	-1	0	0	38	0	0	0	0	-1	23	0	15	-1	0	0	33	0	-1	13	8	1	0	-1	13	-1	-1	15	0
c8004	31	0	-1	0	17	-1	0	-1	30	0	0	0	26	0	-1	15	0	43	0	0	0	-1	0	49	-1	-1	15	-1	44	0
c8006	-1	0	-1	-1	-1	38	0	0	0	-1	-1	23	0	15	0	0	-1	33	0	-1	-1	-1	0	1	-1	0	0	-1	15	0
c8014	0	0	-1	0	39	-1	0	0	-1	0	0	0	42	26	3	-1	0	33	49	0	36	0	-1	11	0	23	0	46	-1	0
c8015	0	0	-1	0	-1	-1	0	0	-1	0	-1	0	42	26	3	0	-1	33	49	0	36	-1	0	11	0	23	0	46	-1	0
c8020	0	-1	-1	15	41	0	-1	0	22	0	18	0	25	-1	0	0	-1	33	49	0	0	0	0	0	13	23	0	46	-1	0
c8027	0	-1	-1	39	0	0	0	-1	0	39	15	13	26	0	0	15	15	-1	0	0	0	35	-1	0	-1	6	0	-1	0	0
c8030	-1	-1	-1	-1	0	33	0	-1	5	0	-1	49	-1	0	0	0	0	-1	0	0	0	0	0	0	0	6	-1	33	0	-1
c8033	0	0	-1	0	-1	0	0	-1	-1	0	-1	0	0	0	-1	0	-1	33	49	43	-1	0	18	11	13	-1	0	46	-1	0
c8037	13	-1	-1	23	0	33	0	8	0	15	33	15	26	0	-1	15	0	0	0	0	0	0	-1	-1	0	-1	-1	0	0	15
c8038	0	0	-1	-1	0	33	0	7	-1	0	0	49	26	0	0	-1	-1	0	8	0	-1	0	0	0	-1	6	0	0	-1	-1
c8042	0	10	-1	0	0	-1	0	29	0	-1	49	23	0	15	0	0	0	33	34	-1	-1	-1	-1	-1	-1	0	0	46	15	-1
c8052	0	0	-1	0	-1	0	0	24	-1	-1	15	38	0	0	0	10	0	33	-1	-1	36	38	0	11	13	0	0	46	-1	-1
c8055	0	46	-1	0	0	0	0	-1	0	39	-1	13	26	-1	0	0	0	0	0	0	0	42	0	41	33	6	0	-1	0	0
c8056	0	0	-1	-1	0	0	-1	-1	30	0	0	0	26	-1	-1	15	0	43	38	0	-1	-1	0	0	0	-1	0	15	-1	0
c8057	0	0	-1	-1	0	0	-1	0	30	-1	0	0	26	-1	-1	15	0	43	38	0	-1	-1	0	0	0	-1	0	15	-1	0
c8058	-1	-1	-1	39	39	42	0	-1	-1	0	-1	0	-1	0	32	0	0	33	49	0	36	-1	0	-1	0	0	38	46	-1	-1
c8060	0	-1	-1	-1	-1	38	0	13	0	0	-1	23	0	15	0	15	0	33	0	0	13	-1	0	-1	-1	0	0	46	15	0
c8066	32	-1	-1	-1	0	33	0	7	5	0	-1	49	-1	0	0	-1	0	0	18	0	0	0	-1	-1	14	6	0	0	0	0
c8067	32	-1	-1	-1	0	33	-1	-1	5	0	46	49	-1	0	0	0	0	-1	18	0	0	0	0	0	14	6	0	-1	0	0
c8071	0	39	-1	0	-1	0	-1	-1	-1	0	15	0	-1	0	0	0	-1	-1	49	-1	36	0	0	-1	-1	45	0	46	-1	-1
c8073	0	0	-1	-1	0	0	0	0	0	26	1	0	-1	0	0	0	0	0	0	0	0	8	-1	0	0	-1	-1	10	0	0
c8075	0	-1	-1	0	-1	15	0	38	18	-1	0	0	26	0	0	15	0	0	0	13	0	-1	0	0	0	-1	0	0	-1	0
c8080	0	-1	-1	0	15	-1	0	-1	0	49	0	38	0	10	-1	-1	1	-1	0	0	0	0	0	0	0	-1	-1	46	-1	24
c8086	-1	8	-1	0	0	25	15	3	6	0	43	-1	0	0	0	0	0	-1	-1	0	0	-1	0	0	-1	0	0	46	-1	-1
c8090	0	-1	-1	0	39	42	0	-1	-1	0	0	23	0	33	0	-1	0	33	-1	13	36	39	0	11	0	0	-1	-1	-1	-1
c8094	0	0	-1	0	-1	25	0	0	-1	0	15	0	0	0	0	0	-1	-1	49	43	36	36	18	11	0	7	0	46	-1	0
c8097	14	-1	-1	0	0	0	0	0	0	0	0	0	26	0	0	0	0	0	35	0	-1	0	38	-1	33	6	0	0	11	43
c8103	0	-1	-1	23	32	0	0	-1	13	0	-1	0	26	0	0	-1	38	-1	0	0	11	0	0	37	0	-1	0	0	0	15
c8109	0	0	-1	0	0	-1	0	8	0	0	-1	23	18	-1	0	25	0	33	0	0	13	8	-1	0	-1	0	8	46	-1	0
c8111	0	0	-1	-1	38	0	0	0	0	0	8	0	26	-1	0	0	0	0	39	26	20	-1	0	-1	39	6	0	0	-1	0
c8114	0	0	-1	0	-1	38	39	29	0	37	-1	23	38	15	0	0	42	33	0	38	-1	-1	-1	-1	-1	0	0	46	15	21
c8116	0	0	-1	-1	0	49	-1	-1	0	-1	1	0	26	-1	0	0	0	1	0	0	0	8	0	0	0	6	23	0	0	0
c8119	33	33	-1	0	0	38	0	0	0	-1	-1	23	0	15	0	0	0	33	0	0	13	8	1	0	-1	13	0	46	-1	0
c8126	0	0	-1	15	-1	0	0	0	0	0	18	-1	0	0	0	0	-1	33	-1	-1	0	0	-1	-1	0	-1	-1	-1	-1	-1
c8140	0	42	-1	2	6	0	6	0	0	0	-1	0	-1	0	8	0	0	-1	49	22	-1	0	38	11	0	33	33	46	-1	0
c8146	0	0	-1	0	0	38	0	0	0	-1	49	23	0	15	0	0	0	33	-1	0	13	8	0	33	-1	0	38	46	15	0
c8154	-1	0	-1	43	0	0	-1	0	0	0	0	-1	26	0	-1	0	0	0	0	0	0	0	-1	30	33	-1	-1	0	0	1
c8162	32	0	-1	-1	45	33	26	7	0	0	46	49	26	0	0	0	0	0	0	0	37	0	10	0	0	-1	0	-1	0	0
c8170	-1	0	-1	0	-1	0	0	0	-1	0	-1	38	-1	0	-1	49	0	33	49	0	36	38	21	11	-1	0	0	46	-1	14
c8175	-1	0	-1	39	-1	0	0	0	38	-1	15	-1	-1	23	0	15	15	0	0	0	0	35	0	0	33	-1	0	0	0	0
c8183	0	-1	-1	0	0	0	0	0	0	0	0	-1	26	17	0	15	0	38	0	23	0	-1	0	0	0	-1	-1	0	0	15
c8184	0	0	-1	0	39	-1	0	33	-1	0	0	0	42	26	3	0	0	33	49	-1	36	0	0	11	0	25	15	46	-1	0
c8186	32	-1	-1	-1	0	33	0	7	5	0	46	49	-1	-1	0	0	17	-1	0	0	0	0	0	46	-1	-1	0	0	-1	-1
c8199	0	0	-1	-1	30	15	0	38	32	0	0	-1	26	0	0	-1	15	0	0	13	0	39	38	0	0	-1	0	0	0	0
c8201	33	15	-1	-1	-1	33	-1	7	0	2	34	49	26	0	-1	0	-1	0	0	49	-1	0	0	0	26	6	38	-1	43	-1
c8213	-1	-1	-1	49	0	6	43	0	39	0	0	0	26	0	0	15	0	26	0	-1	0	15	0	0	-1	-1	0	0	0	0
c8214	0	0	-1	15	33	0	-1	0	7	-1	18	-1	0	0	33	0	0	33	49	0	-1	0	-1	-1	0	0	0	-1	-1	3
c8216	13	8	-1	15	0	23	23	0	0	0	18	0	0	0	0	42	0	33	-1	0	-1	49	-1	18	0	0	0	46	-1	0
c8225	-1	0	-1	0	-1	38	-1	-1	0	0	-1	23	0	15	0	13	0	33	-1	0	13	8	0	0	-1	0	0	-1	15	25
c8231	0	0	-1	0	6	49	38	0	0	-1	0	25	-1	18	0	33	0	0	0	0	-1	0	-1	15	33	6	0	-1	-1	0
c8236	0	-1	-1	0	14	0	0	-1	0	0	39	0	26	0	0	0	0	0	-1	0	-1	-1	0	15	33	6	0	0	-1	-1
c8239	0	13	-1	0	-1	38	-1	0	18	42	49	23	24	-1	0	33	26	33	0	0	-1	8	-1	39	-1	0	41	-1	15	-1
c8248	38	49	-1	0	34	38	0	29	-1	0	-1	23	-1	15	0	-1	-1	33	0	0	13	8	-1	39	-1	0	0	46	15	-1
c8256	0	0	-1	0	-1	0	0	0	27	0	-1	0	26	-1	0	6	0	-1	0	0	-1	-1	0	15	-1	6	0	0	-1	0
c8257	0	-1	-1	0	14	-1	0	-1	27	0	-1	0	26	0	-1	6	0	0	0	0	6	-1	0	15	33	-1	0	0	-1	0
c8270	0	0	-1	0	-1	49	0	-1	-1	-1	-1	-1	0	0	0	42	0	33	49	0	36	0	-1	11	0	0	0	46	-1	0
c8271	-1	0	-1	0	-1	-1	0	-1	-1	-1	15	-1	0	0	0	42	-1	33	49	0	-1	0	0	11	-1	0	0	46	-1	0
c8276	46	0	-1	0	-1	-1	0	0	39	39	-1	0	26	0	0	-1	0	0	0	0	13	2	0	-1	33	6	-1	0	0	1
c8282	32	-1	-1	-1	0	33	0	7	5	0	46	49	-1	0	0	0	0	0	18	0	0	0	0	0	0	6	0	-1	0	0
c8283	32	-1	-1	-1	0	33	0	-1	5	-1	46	49	-1	0	0	0	0	0	18	0	-1	0	0	0	0	6	-1	-1	0	0
c8290	0	13	-1	0	0	0	-1	49	-1	-1	-1	0	-1	-1	-1	0	0	0	11	-1	0	0	0	0	33	6	-1	32	0	0
c8292	0	16	-1	-1	23	0	13	15	0	0	0	0	26	0	-1	38	0	0	0	0	13	0	0	15	33	6	-1	0	0	0
c8294	-1	0	-1	15	-1	0	20	4	15	0	18	0	-1	-1	0	-1	0	33	49	0	-1	-1	0	0	5	-1	0	46	-1	-1
c8303	-1	8	-1	16	0	-1	0	0	-1	0	0	-1	0	-1	39	0	-1	-1	0	0	6	0	0	32	0	0	0	46	-1	-1
c8304	-1	23	-1	15	0	0	-1	0	0	0	18	15	0	-1	0	-1	23	-1	49	0	0	0	0	0	-1	0	0	46	-1	-1
c8307	0	0	-1	0	0	-1	0	0	0	31	0	-1	-1	-1	0	0	0	-1	0	-1	0	0	0	-1	33	6	33	0	0	0
c8310	38	49	-1	0	-1	38	0	29	0	0	49	-1	-1	15	0	0	0	33	0	0	-1	8	-1	39	-1	0	-1	46	15	21
c8311	38	49	-1	0	0	38	0	29	0	0	49	23	25	15	-1	0	0	33	0	6	13	8	-1	39	-1	-1	0	46	15	-1
c8312	-1	-1	-1	-1	0	0	0	0	0	0	0	0	26	0	0	15	0	-1	0	0	18	0	0	15	-1	-1	6	15	13	0
c8322	0	0	-1	-1	0	0	0	0	11	3	1	0	26	0	0	0	0	0	-1	0	-1	8	0	0	0	6	23	0	0	0
c8334	0	0	-1	18	-1	-1	-1	0	0	39	0	13	26	0	0	-1	0	0	-1	33	0	0	-1	0	33	6	0	-1	42	0
c8344	0	0	-1	-1	-1	33	0	0	0	-1	1	46	-1	-1	0	0	0	0	0	-1	0	-1	-1	0	0	6	-1	0	0	28
c8345	0	0	-1	-1	0	33	-1	0	0	0	1	46	26	15	0	0	0	-1	0	13	0	-1	0	0	0	6	23	0	-1	28
c8348	0	0	-1	0	0	38	0	0	0	0	49	23	0	15	-1	-1	-1	33	0	0	13	8	0	0	-1	8	38	-1	15	0
c8350	38	0	-1	0	-1	-1	32	0	13	0	15	-1	26	-1	-1	15	38	-1	0	0	0	0	0	5	0	-1	0	-1	-1	0
c8354	-1	0	-1	0	39	-1	-1	0	-1	0	0	0	42	-1	3	0	0	33	49	0	36	0	0	11	0	23	0	-1	-1	0
c8359	0	0	-1	0	-1	0	0	6	-1	0	15	-1	0	0	0	0	-1	33	49	43	36	36	18	11	0	7	0	46	-1	-1
c8379	-1	-1	-1	23	0	0	0	11	23	0	0	0	26	0	0	15	38	-1	0	-1	11	0	0	0	0	-1	0	-1	0	15
c8386	0	1	-1	35	-1	0	-1	-1	6	0	6	0	-1	0	0	15	0	0	0	-1	0	0	0	0	33	6	0	0	0	0
c8391	0	0	-1	15	50	0	-1	0	0	0	18	-1	0	0	0	-1	0	-1	49	0	0	0	0	0	42	0	-1	46	-1	0
c8392	-1	0	-1	15	0	0	20	4	15	0	-1	0	0	0	15	0	0	-1	49	0	34	0	0	0	5	-1	0	46	-1	0
c8400	32	-1	-1	-1	-1	-1	0	7	0	0	-1	49	26	0	-1	0	6	0	8	0	-1	-1	0	0	39	6	0	-1	-1	-1
c8401	32	0	-1	-1	0	33	0	7	0	0	0	49	26	-1	0	0	6	0	8	0	-1	0	0	0	39	6	0	0	6	14
c8402	0	23	-1	15	0	0	-1	0	0	0	-1	0	0	0	0	0	-1	33	49	0	0	0	0	0	-1	38	-1	46	-1	0
c8428	32	0	-1	-1	16	-1	-1	7	0	-1	46	49	26	25	0	0	-1	-1	0	16	0	-1	10	0	16	6	0	11	0	0
c8429	32	0	-1	-1	-1	33	23	7	-1	0	-1	49	26	25	0	0	0	-1	0	16	0	0	-1	0	16	6	0	-1	0	0
c8438	0	0	-1	0	-1	38	33	-1	0	0	49	-1	-1	15	24	-1	-1	33	-1	0	13	-1	-1	39	-1	0	0	-1	15	21
c8443	-1	0	-1	15	0	0	0	0	22	0	18	0	-1	0	0	0	-1	33	-1	0	-1	9	-1	0	13	23	0	46	-1	15
c8450	0	-1	-1	41	-1	42	0	42	-1	0	43	0	42	33	0	-1	0	33	-1	0	-1	0	0	-1	-1	-1	0	46	-1	0
c8451	0	0	-1	41	39	42	0	-1	-1	0	43	-1	-1	33	0	0	0	33	49	0	36	0	0	11	0	0	0	46	-1	0
c8464	0	0	-1	0	0	-1	39	29	0	37	-1	23	38	15	0	0	0	33	-1	-1	13	-1	-1	39	-1	26	0	46	15	21
c8467	32	-1	-1	-1	-1	33	10	-1	5	0	-1	49	-1	-1	0	0	-1	-1	18	0	0	-1	0	-1	0	6	0	0	0	0
c8468	0	-1	-1	-1	6	38	-1	43	15	0	49	23	0	-1	0	0	-1	33	0	-1	13	8	0	39	-1	0	2	46	-1	21
c8474	0	0	-1	-1	0	33	38	7	0	0	0	49	26	0	25	0	0	0	8	0	-1	0	0	2	0	-1	-1	0	-1	0
c8475	0	0	-1	-1	-1	33	38	-1	0	0	0	-1	-1	0	25	0	0	0	8	0	-1	0	-1	2	0	6	13	0	-1	0
c8480	-1	0	-1	38	0	-1	0	38	0	-1	-1	0	26	0	0	15	39	0	-1	0	0	0	0	0	0	-1	0	0	0	15
c8483	0	0	-1	-1	-1	33	0	7	0	2	0	49	26	-1	-1	0	-1	0	0	-1	-1	-1	0	0	-1	6	0	-1	43	-1
c8489	32	0	-1	-1	0	33	0	7	-1	0	-1	49	26	0	0	0	0	0	6	0	23	0	10	0	0	6	-1	33	0	0
c8492	0	15	-1	0	0	38	0	0	0	-1	-1	23	-1	15	0	-1	0	33	0	0	13	8	38	0	-1	43	0	46	15	0
c8495	0	0	-1	-1	-1	15	0	24	-1	39	-1	38	0	0	0	10	0	33	49	0	36	38	-1	11	-1	0	11	-1	-1	0
c8499	0	0	-1	39	0	0	0	-1	-1	39	15	13	26	0	-1	15	-1	0	0	-1	0	35	0	0	33	6	3	0	-1	0
c8510	0	39	-1	0	0	38	-1	-1	0	0	-1	23	-1	-1	0	3	-1	33	-1	0	13	8	34	39	-1	0	0	-1	-1	-1
c8512	-1	0	-1	0	-1	-1	-1	-1	-1	23	15	38	49	0	-1	0	0	-1	49	43	36	0	0	11	0	-1	-1	46	-1	0
c8517	0	8	-1	0	15	-1	0	0	0	0	0	38	32	24	-1	-1	13	-1	-1	0	0	0	0	23	-1	0	0	46	-1	-1
c8518	0	0	-1	0	0	38	5	3	0	0	0	0	26	0	0	25	10	0	0	0	0	-1	-1	0	33	6	0	-1	-1	0
c8521	-1	32	-1	-1	0	0	0	0	0	0	0	0	26	0	0	15	0	-1	-1	0	0	0	0	5	0	-1	0	15	0	0
c8528	-1	0	-1	0	0	-1	0	0	0	0	0	0	26	0	18	-1	0	-1	0	0	-1	0	0	5	0	-1	0	15	-1	0
c8534	0	0	-1	-1	14	33	-1	7	-1	0	0	49	26	-1	0	0	-1	6	8	31	-1	0	0	0	0	6	-1	0	-1	0
c8548	0	0	-1	0	0	38	17	0	-1	0	49	-1	0	15	0	0	27	33	0	0	-1	8	0	0	-1	0	0	46	15	6
c8549	0	0	-1	0	0	38	-1	0	0	0	49	-1	0	-1	0	-1	27	33	0	0	13	-1	0	-1	-1	0	-1	46	15	6
c8557	9	-1	-1	0	0	0	0	13	0	0	0	49	26	0	0	-1	26	42	0	-1	0	0	0	-1	23	-1	-1	0	-1	0
c8561	38	0	-1	0	0	0	0	0	0	-1	0	0	26	0	0	15	0	-1	0	0	0	0	0	-1	23	-1	0	15	25	-1
c8562	-1	0	-1	23	0	0	0	0	0	0	0	0	26	-1	0	15	0	0	0	0	0	0	0	13	23	-1	-1	0	-1	15
c8568	14	-1	-1	0	39	-1	0	0	-1	0	0	0	42	26	-1	0	0	33	-1	38	36	0	41	-1	0	-1	0	46	-1	30
c8569	14	0	-1	0	39	-1	0	0	-1	0	-1	-1	42	26	0	0	0	33	-1	38	36	0	41	11	0	-1	0	46	-1	30
c8571	0	23	-1	15	0	0	-1	0	0	11	18	-1	-1	0	0	0	0	33	49	-1	0	0	0	0	-1	0	0	46	-1	0
c8580	0	0	-1	0	6	0	32	13	0	0	0	0	26	5	26	-1	0	38	0	-1	23	0	32	15	33	-1	0	0	0	0
c8583	36	0	-1	0	0	38	0	29	0	-1	49	23	-1	15	0	41	-1	33	1	0	13	-1	-1	39	-1	0	0	46	-1	21
c8585	13	0	-1	23	0	33	0	8	0	15	33	0	26	-1	0	15	0	0	0	0	0	-1	-1	13	0	-1	-1	0	0	15
c8588	15	0	-1	23	0	0	-1	0	0	35	-1	0	26	37	0	15	16	-1	0	-1	-1	-1	0	-1	0	-1	0	0	0	15
c8594	-1	39	-1	0	-1	0	0	18	-1	0	15	0	-1	0	0	0	-1	33	49	43	36	0	0	11	0	45	0	-1	-1	0
c8605	0	0	-1	39	0	0	0	0	13	39	15	-1	26	-1	-1	15	-1	0	0	0	0	35	0	0	33	6	3	0	0	0
c8609	0	0	-1	-1	-1	33	0	7	0	-1	0	49	26	-1	21	0	13	0	-1	0	-1	0	-1	-1	0	6	0	0	43	0
c8610	0	10	-1	0	0	38	13	29	-1	0	49	-1	0	15	0	0	23	-1	0	33	13	8	-1	39	-1	0	30	46	15	-1
c8618	-1	0	-1	0	0	0	0	0	0	0	0	0	26	-1	-1	-1	32	-1	0	0	0	0	0	5	23	-1	-1	15	-1	0
c8620	9	2	-1	-1	0	0	0	13	0	0	0	-1	26	0	0	15	0	42	0	0	0	38	0	15	0	-1	-1	0	15	0
c8623	0	-1	-1	0	42	38	0	0	-1	-1	49	-1	0	-1	-1	0	-1	33	0	-1	13	-1	14	0	-1	-1	0	46	15	0
c8630	0	0	-1	-1	0	33	0	7	0	0	0	-1	26	-1	-1	0	0	0	8	3	-1	0	0	25	0	6	0	0	-1	0
c8634	0	0	-1	-1	0	0	18	-1	0	0	-1	0	26	0	0	0	0	0	0	0	0	-1	0	3	20	-1	15	0	0	-1
c8642	32	0	-1	-1	-1	33	23	-1	0	0	46	49	26	25	0	0	0	0	-1	16	-1	0	-1	-1	16	6	13	11	0	0
c8644	32	1	-1	-1	16	33	-1	7	0	0	46	-1	26	0	0	47	0	0	0	-1	0	0	-1	-1	-1	6	0	-1	0	0
c8658	32	0	-1	-1	0	-1	49	7	0	0	46	49	26	0	0	0	0	38	15	0	0	0	10	-1	0	6	-1	-1	0	0
c8663	-1	46	-1	0	49	15	0	23	0	39	-1	13	26	-1	0	0	-1	0	-1	0	0	0	0	41	-1	-1	0	13	0	0
c8667	-1	15	-1	-1	5	33	0	7	0	0	0	49	26	0	0	0	0	0	-1	0	-1	0	0	-1	0	6	0	0	0	-1
c8669	0	0	-1	18	-1	2	0	0	0	0	-1	0	-1	0	0	-1	-1	-1	0	25	0	0	24	2	0	-1	0	-1	0	0
c8675	-1	42	-1	0	0	42	0	0	-1	0	0	-1	0	0	0	0	0	-1	49	0	36	38	0	11	0	0	0	-1	-1	0
c8683	0	8	-1	0	0	-1	15	3	6	0	43	-1	0	0	0	0	0	-1	0	0	25	-1	0	-1	0	-1	0	46	-1	0
c8684	0	0	-1	0	0	-1	0	0	0	1	-1	0	-1	0	5	15	33	43	0	0	14	0	0	0	49	-1	0	15	0	0
c8695	0	0	-1	-1	0	33	0	7	-1	0	-1	49	-1	0	0	0	-1	0	8	0	-1	0	0	-1	35	6	0	0	0	0
c8699	0	-1	-1	-1	0	42	32	-1	-1	-1	0	-1	26	-1	0	0	0	33	49	15	36	0	0	11	0	0	-1	46	-1	0
c8700	0	8	-1	39	0	0	0	0	0	0	0	-1	0	0	39	0	-1	-1	-1	0	-1	0	0	0	0	33	-1	-1	-1	24
c8709	0	0	-1	0	-1	0	0	0	-1	0	-1	0	-1	23	0	0	0	33	49	43	36	0	0	11	0	-1	0	46	-1	-1
c8715	15	0	-1	23	-1	46	0	0	23	0	0	-1	26	0	0	15	0	0	-1	18	0	33	-1	13	0	-1	0	0	-1	15
c8723	0	0	-1	15	33	0	-1	0	-1	0	18	0	0	-1	0	0	0	33	49	0	0	0	0	-1	49	0	0	-1	-1	0
c8725	0	0	-1	24	-1	0	0	0	-1	0	15	33	38	-1	-1	0	0	33	49	43	36	0	-1	-1	0	0	39	46	-1	0
c8728	39	0	-1	0	0	-1	0	0	0	39	0	-1	26	0	-1	0	0	0	-1	33	0	0	-1	0	33	-1	0	-1	-1	0
c8731	0	0	-1	0	0	38	-1	43	0	0	-1	23	0	-1	0	0	-1	33	0	-1	13	8	0	-1	-1	33	-1	-1	15	21
c8742	-1	0	-1	-1	0	15	0	38	-1	0	0	0	26	0	0	15	-1	0	0	-1	0	39	0	0	0	-1	0	0	0	0
c8743	-1	0	-1	0	-1	15	0	38	18	0	0	0	-1	0	0	-1	0	0	-1	13	0	39	-1	0	0	-1	0	0	0	0
c8749	0	0	-1	-1	6	-1	-1	0	0	38	0	-1	26	0	0	0	0	41	0	0	-1	10	0	-1	-1	6	0	5	0	0
c8753	0	-1	-1	23	0	0	0	11	23	0	0	0	-1	0	0	15	38	0	18	0	11	0	-1	0	0	-1	0	-1	0	15
c8766	-1	0	-1	-1	23	38	0	0	26	0	49	23	0	-1	-1	0	9	-1	0	0	13	8	13	39	-1	0	1	-1	-1	21
c8770	0	-1	-1	35	-1	0	0	0	-1	0	15	0	-1	0	0	0	-1	33	49	43	36	38	0	11	0	0	-1	-1	-1	-1
c8771	0	0	-1	35	-1	0	0	0	-1	0	15	-1	-1	0	0	0	-1	33	49	-1	-1	38	-1	11	0	0	0	-1	-1	15
c8775	33	33	-1	26	0	38	0	0	0	0	-1	-1	0	15	0	0	0	-1	0	-1	13	8	1	0	-1	0	0	-1	15	-1
c8779	0	0	-1	32	-1	-1	-1	-1	-1	0	15	0	0	-1	0	-1	-1	33	49	43	36	0	0	11	0	33	-1	46	-1	0
c8780	32	0	-1	-1	45	33	15	7	0	0	46	49	26	0	49	0	-1	0	0	0	0	0	10	-1	-1	6	-1	-1	0	0
c8787	35	0	-1	-1	0	-1	0	7	-1	0	0	49	26	0	-1	0	23	6	8	31	-1	0	0	49	0	6	0	0	-1	-1
c8794	0	-1	-1	23	-1	0	0	0	0	0	0	0	-1	-1	0	15	38	0	0	0	11	-1	0	-1	0	-1	0	-1	23	-1
c8796	0	15	-1	0	0	38	0	0	0	0	49	-1	-1	15	0	0	0	-1	0	0	13	8	38	0	-1	43	0	46	15	0
c8798	-1	0	-1	0	49	0	0	9	0	0	47	49	26	0	-1	0	0	0	-1	0	0	-1	0	15	33	6	-1	18	0	0
c8804	0	13	-1	0	-1	0	0	0	-1	0	15	-1	0	-1	0	0	0	33	-1	43	36	0	0	11	-1	0	-1	-1	-1	0
c8812	0	-1	-1	15	0	0	0	0	-1	-1	-1	0	25	-1	0	0	-1	-1	-1	0	0	37	-1	0	13	23	0	46	-1	0
c8815	32	-1	-1	-1	-1	33	0	7	5	0	46	49	-1	0	0	0	0	0	-1	-1	0	0	0	-1	0	6	0	-1	0	0
c8822	-1	0	-1	-1	-1	-1	-1	0	0	3	1	-1	26	0	0	0	0	0	0	0	-1	8	0	0	0	6	23	-1	0	0
c8824	15	0	-1	-1	-1	-1	-1	-1	-1	2	0	49	26	0	0	0	-1	-1	0	0	-1	0	-1	0	-1	6	0	-1	43	0
c8825	15	0	-1	-1	-1	33	-1	7	0	2	0	49	-1	0	-1	-1	0	-1	0	0	-1	0	0	0	0	6	0	0	43	0
c8827	0	0	-1	-1	-1	33	0	7	-1	26	0	49	26	-1	0	0	0	0	8	33	-1	0	0	0	35	6	0	0	0	-1
c8834	-1	0	-1	0	0	38	-1	29	0	13	-1	23	35	15	-1	0	0	33	-1	0	13	8	-1	-1	-1	0	0	46	15	21
c8835	0	0	-1	-1	0	38	33	29	0	13	49	23	-1	15	0	-1	-1	33	0	-1	13	8	-1	-1	-1	0	0	46	15	21
c8836	0	0	-1	0	0	38	-1	29	0	1	49	23	0	15	39	0	11	33	0	-1	13	-1	-1	39	-1	-1	0	-1	15	21
c8838	-1	-1	-1	0	-1	0	0	0	-1	0	0	-1	26	0	0	15	0	-1	0	0	-1	0	49	5	0	-1	0	15	-1	0
c8840	9	0	-1	-1	0	0	49	0	0	0	8	0	26	23	0	0	-1	0	-1	0	-1	0	0	0	0	6	0	0	0	33
c8856	-1	0	-1	-1	-1	0	-1	-1	-1	0	-1	-1	0	0	0	-1	0	33	49	43	36	0	0	11	-1	0	0	46	-1	0
c8861	-1	46	-1	0	0	0	18	23	-1	39	0	13	26	0	0	0	25	0	-1	0	0	0	0	41	33	6	0	-1	0	0
c8866	0	0	-1	-1	0	0	-1	-1	0	0	8	-1	26	0	0	0	0	0	0	0	0	0	9	3	20	-1	8	0	0	2
c8875	0	0	-1	39	0	-1	0	0	19	39	15	13	26	15	0	15	15	0	-1	0	0	35	-1	0	33	6	0	0	0	0
c8879	-1	0	-1	0	0	42	32	-1	-1	-1	0	-1	26	0	0	0	0	33	49	-1	36	0	0	-1	3	0	0	46	-1	0
c8881	39	-1	-1	10	9	38	-1	0	-1	-1	49	23	15	-1	0	0	-1	-1	0	0	-1	8	0	39	-1	0	50	46	15	21
c8885	-1	0	-1	-1	0	33	0	7	0	0	0	-1	26	0	0	8	0	0	8	0	-1	-1	-1	0	0	-1	0	0	-1	-1
c8886	0	0	-1	-1	0	2	-1	0	-1	-1	8	0	26	6	46	-1	0	0	0	9	6	-1	39	0	0	-1	0	-1	0	0
c8887	0	0	-1	-1	0	2	0	0	-1	-1	8	-1	26	6	46	0	0	0	0	9	6	-1	39	0	0	-1	0	-1	0	0
c8891	32	38	-1	-1	-1	33	0	7	-1	0	46	-1	26	0	0	0	0	0	6	0	-1	0	10	-1	0	6	0	43	0	0
c8900	-1	8	-1	0	0	0	-1	0	0	0	-1	-1	0	-1	39	0	0	-1	0	0	-1	-1	-1	0	49	-1	0	-1	-1	24
c8901	0	8	-1	0	0	0	-1	-1	0	0	0	-1	-1	0	-1	0	0	-1	0	0	-1	0	-1	-1	49	33	0	-1	-1	24
c8902	0	0	-1	0	14	0	-1	0	-1	0	-1	0	26	-1	-1	6	0	0	-1	-1	6	-1	0	15	33	6	-1	0	0	0
c8903	0	0	-1	0	14	0	0	0	27	0	-1	0	26	0	0	6	0	0	-1	-1	6	-1	0	-1	33	-1	-1	-1	0	0
c8906	0	0	-1	-1	-1	33	0	-1	0	2	0	49	26	0	21	-1	0	0	-1	0	-1	-1	0	0	-1	6	0	0	-1	0
c8909	32	0	-1	-1	0	33	0	7	0	0	46	49	26	-1	0	15	0	38	0	38	0	0	10	0	0	6	-1	0	0	0
c8910	-1	0	-1	0	0	0	0	0	-1	0	0	-1	26	0	0	15	0	-1	0	0	18	-1	0	15	0	-1	0	0	-1	15
c8913	0	0	-1	0	0	0	35	0	-1	0	-1	0	26	0	43	15	0	-1	0	13	18	35	0	0	-1	-1	0	15	0	33
c8915	0	0	-1	0	-1	-1	0	0	42	0	-1	0	26	0	0	0	26	0	49	0	16	-1	-1	-1	33	6	0	50	-1	13
c8916	-1	-1	-1	49	0	0	0	50	-1	0	0	-1	26	-1	-1	15	0	42	0	-1	0	0	-1	-1	0	-1	0	-1	-1	39
c8931	0	0	-1	15	33	0	-1	-1	7	-1	-1	0	0	0	33	0	0	33	49	-1	36	0	-1	0	0	0	-1	-1	-1	-1
c8935	0	0	-1	-1	0	-1	0	7	0	0	-1	49	26	0	0	-1	0	0	8	7	-1	-1	-1	0	0	6	-1	0	0	0
c8938	0	0	-1	0	0	-1	0	0	0	0	33	1	-1	33	0	0	-1	-1	-1	-1	0	0	0	0	-1	18	0	46	-1	0
c8941	31	3	-1	2	-1	0	-1	0	0	13	15	0	26	0	18	15	-1	-1	49	-1	18	0	14	23	-1	-1	43	-1	0	0
c8944	-1	0	-1	0	39	-1	0	0	-1	0	0	0	42	26	-1	0	0	33	49	-1	36	0	0	11	0	0	0	46	-1	30
c8948	0	-1	-1	0	0	0	-1	0	0	26	33	1	-1	33	-1	0	0	33	49	0	0	0	39	-1	41	0	0	46	-1	0
c8958	0	0	-1	0	0	38	39	29	-1	37	49	23	38	15	0	0	0	33	-1	-1	13	-1	-1	-1	-1	26	-1	46	15	21
c8968	-1	35	-1	6	-1	-1	32	-1	0	-1	0	0	26	0	3	15	-1	-1	0	0	0	6	0	-1	0	-1	0	-1	0	0
c8983	0	8	-1	-1	-1	0	23	-1	0	-1	18	0	0	0	-1	0	0	33	49	-1	-1	49	9	18	0	0	0	46	-1	0
c8986	42	50	-1	-1	10	0	0	0	0	0	1	0	-1	0	-1	0	0	0	0	0	0	-1	0	0	0	6	23	-1	-1	0
c8987	42	50	-1	-1	10	0	0	-1	0	0	1	0	26	0	1	0	0	0	0	-1	0	-1	0	0	0	-1	23	-1	-1	0
c8991	0	0	-1	-1	0	0	0	0	0	0	0	0	26	17	0	15	0	-1	0	23	0	0	0	-1	0	-1	0	0	0	-1
c9007	-1	0	-1	0	0	38	0	0	13	38	49	-1	0	-1	0	0	0	33	0	0	13	8	0	0	-1	0	0	46	15	41
c9008	0	18	-1	-1	-1	2	0	-1	-1	41	8	0	26	-1	0	0	0	0	-1	0	0	0	39	0	-1	6	-1	10	0	0
c9009	0	18	-1	-1	0	2	0	0	0	41	8	0	26	0	0	0	0	0	0	0	0	0	-1	0	0	6	-1	10	0	0
c9010	0	45	-1	0	0	0	0	0	0	0	0	0	-1	-1	13	0	-1	0	0	-1	0	0	0	0	33	6	33	0	0	0
c9023	0	21	-1	-1	0	33	0	-1	0	0	-1	0	-1	0	-1	0	0	-1	35	0	0	8	0	0	0	6	23	0	32	0
c9028	31	-1	-1	0	0	15	38	0	0	0	0	0	-1	0	0	15	0	-1	-1	0	18	0	0	0	-1	-1	0	15	0	23
c9031	0	-1	-1	0	0	38	39	0	2	0	49	23	0	15	-1	0	0	-1	0	0	13	8	0	-1	-1	0	38	-1	15	0
c9034	0	-1	-1	0	0	-1	0	0	9	0	33	0	26	0	0	0	0	0	15	0	0	23	-1	0	-1	6	-1	0	-1	0
c9038	-1	0	-1	-1	30	15	0	38	32	-1	0	0	26	-1	0	15	15	-1	0	13	0	39	-1	0	-1	-1	0	0	-1	9
c9042	0	0	-1	0	0	38	0	26	0	-1	49	23	13	15	0	0	0	33	0	-1	13	-1	0	-1	-1	23	0	46	15	0
c9043	0	0	-1	0	0	38	0	26	-1	0	49	23	13	15	0	0	0	33	0	0	13	-1	0	42	-1	-1	-1	46	15	0
c9051	-1	0	-1	-1	-1	0	-1	11	-1	-1	18	0	-1	0	0	-1	-1	33	49	-1	-1	0	0	49	-1	49	0	-1	-1	3
c9058	0	0	-1	-1	0	0	0	5	-1	13	2	35	26	0	0	0	-1	0	0	0	0	33	-1	33	-1	-1	0	0	0	1
c9060	0	39	-1	0	-1	0	0	-1	-1	-1	-1	0	-1	-1	-1	0	0	33	49	-1	36	0	0	11	0	45	0	46	-1	0
c9061	0	39	-1	0	-1	0	0	18	-1	0	15	0	-1	0	0	0	-1	33	-1	43	-1	0	-1	11	0	-1	0	-1	-1	-1
c9062	0	0	-1	23	0	35	0	0	0	-1	0	-1	26	-1	0	15	38	0	0	-1	11	0	0	49	0	-1	32	0	-1	15
