	0	1	2	3	4	5	6	7	8	9	10	11	12	13	14	15	16	17	18	19	20	21	22	23	24	25	26	27	28	29
c1875	18	0	0	-1	0	0	0	11	0	0	0	4	0	0	0	9	0	0	0	-1	20	0	-1	0	-1	-1	-1	4	20	0
c1936	-1	-1	0	0	-1	20	0	11	0	0	27	-1	0	0	1	1	0	39	-1	0	20	27	0	9	0	0	0	-1	20	0
c2015	18	9	-1	-1	0	0	-1	-1	0	0	39	0	0	0	-1	0	0	-1	-1	0	0	39	18	0	5	0	5	-1	0	0
c2079	6	0	0	0	-1	-1	31	11	0	0	0	0	0	0	-1	-1	8	0	0	0	-1	0	7	0	-1	49	0	17	0	18
c2147	29	0	0	11	0	7	0	11	0	4	0	-1	0	0	-1	17	49	0	-1	26	20	0	-1	-1	18	-1	27	20	0	42
c2573	18	9	-1	27	-1	0	0	-1	0	0	0	-1	37	-1	0	-1	0	-1	28	0	27	-1	-1	7	6	0	0	0	0	0
c2618	0	0	-1	0	0	0	0	11	0	0	-1	1	14	0	0	0	37	0	-1	0	20	-1	-1	0	-1	0	0	0	20	0
c2956	0	24	0	42	-1	0	-1	11	0	0	-1	1	-1	1	0	0	39	-1	-1	0	20	-1	0	-1	0	0	-1	0	20	-1
c3362	0	-1	0	0	0	0	0	11	0	0	-1	1	14	0	-1	0	37	-1	-1	-1	20	-1	0	0	-1	0	0	0	-1	4
c3364	0	0	0	0	0	-1	-1	-1	0	0	27	38	37	0	0	1	0	5	-1	-1	-1	27	0	9	0	-1	0	18	20	37
c3553	0	0	27	0	33	50	-1	11	-1	39	0	0	0	0	39	0	0	0	0	20	20	0	7	0	26	0	-1	17	-1	18
c3653	0	-1	-1	27	0	0	-1	-1	-1	9	0	0	-1	0	-1	0	-1	0	0	0	0	0	18	0	40	0	24	20	0	14
c3661	0	9	-1	27	0	0	-1	-1	0	-1	39	-1	-1	0	-1	43	0	0	0	48	48	0	18	0	0	4	0	-1	-1	0
c3763	-1	-1	-1	0	33	0	31	11	37	39	-1	0	0	0	39	0	40	-1	0	-1	20	-1	7	0	26	0	0	17	-1	18
c3838	0	-1	-1	27	45	-1	0	-1	0	0	23	0	-1	49	-1	0	0	0	0	-1	-1	0	18	0	0	0	3	-1	50	21
c3896	0	9	-1	27	0	0	0	-1	0	0	0	0	0	49	0	-1	-1	1	28	0	0	17	-1	0	0	0	-1	0	0	21
c3907	0	40	-1	0	33	0	31	11	-1	39	0	0	0	0	39	0	0	0	37	0	20	-1	7	0	26	0	0	17	0	18
c3997	0	9	-1	27	0	50	-1	-1	0	0	0	0	-1	-1	-1	0	0	0	0	0	0	0	18	0	40	0	-1	0	-1	14
c4012	0	48	-1	11	27	7	0	11	-1	0	39	-1	47	0	-1	17	0	0	0	26	-1	0	33	-1	18	-1	0	20	0	0
c4125	-1	21	-1	11	0	7	21	11	35	4	0	-1	0	-1	-1	17	49	0	50	26	20	27	-1	-1	18	-1	0	20	0	0
c4254	-1	0	-1	0	32	-1	0	-1	0	0	0	1	-1	0	0	0	0	0	-1	0	-1	-1	-1	-1	0	0	0	0	20	0
c4333	22	9	-1	27	0	0	-1	-1	0	0	39	0	-1	0	0	43	-1	0	0	0	-1	0	18	0	0	-1	0	-1	-1	0
c4485	0	27	0	46	-1	-1	-1	11	0	-1	40	-1	25	0	39	-1	0	0	0	0	20	0	7	-1	26	-1	0	17	0	18
c4522	0	0	27	0	0	0	-1	-1	0	43	-1	-1	0	0	0	1	0	0	-1	0	20	29	20	9	0	0	0	0	-1	0
c4539	0	9	-1	-1	0	0	-1	-1	-1	-1	0	0	-1	0	-1	0	27	0	-1	0	0	0	18	0	40	0	24	17	0	14
c4546	14	0	0	0	43	-1	0	-1	0	0	0	0	-1	0	-1	1	0	37	-1	0	-1	-1	25	9	0	-1	0	0	20	0
c4583	21	-1	-1	27	-1	-1	0	-1	0	38	0	17	0	0	0	-1	0	0	0	-1	0	0	18	0	0	0	27	48	-1	39
c4600	0	22	0	0	22	-1	0	11	0	0	-1	-1	0	0	0	0	-1	0	-1	35	-1	0	0	9	-1	0	0	0	20	0
c4642	40	9	-1	27	0	0	0	-1	0	-1	-1	0	0	-1	-1	0	-1	0	0	0	0	0	-1	-1	0	0	0	0	-1	0
c4673	0	0	-1	11	-1	-1	31	11	-1	0	0	0	-1	0	39	0	27	27	0	0	20	0	7	0	26	0	0	17	9	18
c4749	0	48	0	0	33	-1	31	11	0	39	0	-1	0	0	-1	-1	-1	-1	0	-1	20	0	7	36	26	37	-1	17	0	18
c4753	0	0	0	-1	33	-1	31	11	0	39	0	0	0	33	39	0	0	-1	0	-1	20	27	-1	0	26	27	0	17	0	18
c4835	43	25	0	-1	-1	-1	31	11	0	-1	0	-1	0	0	39	-1	0	15	17	0	20	0	-1	0	26	0	-1	-1	34	18
c4849	0	0	0	-1	33	0	-1	11	25	39	0	0	0	0	39	48	25	-1	29	0	20	0	-1	0	26	0	0	17	-1	-1
c4882	18	0	0	0	0	0	0	-1	0	0	0	41	48	43	0	0	0	-1	0	0	20	0	0	0	-1	-1	0	0	20	-1
c4891	18	9	0	0	0	17	-1	11	0	0	0	-1	48	0	-1	35	0	-1	0	0	20	-1	5	0	0	0	0	-1	-1	-1
c4941	-1	9	-1	27	0	0	-1	-1	0	0	-1	0	21	0	0	43	6	-1	35	0	0	43	-1	0	0	0	0	-1	-1	-1
c4977	18	0	22	0	-1	-1	11	11	-1	0	0	0	20	0	-1	0	0	-1	0	15	-1	0	0	0	27	0	0	6	20	0
c5016	0	0	0	-1	33	0	31	11	0	-1	50	0	-1	0	39	0	0	-1	0	47	-1	0	7	25	26	0	0	17	9	-1
c5157	-1	0	22	0	-1	0	39	11	0	0	-1	0	20	0	9	0	-1	0	0	-1	20	1	-1	0	27	0	22	0	20	37
c5163	-1	0	0	0	-1	0	0	11	33	0	0	0	35	0	0	1	20	0	-1	-1	20	29	20	9	-1	0	0	0	20	0
c5173	18	9	-1	27	0	0	-1	-1	0	0	-1	0	0	0	0	0	0	0	-1	0	-1	0	18	0	-1	0	5	-1	0	0
c5204	0	0	-1	11	27	7	27	11	25	-1	39	-1	-1	-1	39	17	27	0	50	26	20	-1	0	-1	18	-1	0	-1	0	0
c5257	18	0	0	-1	0	18	0	11	0	0	46	-1	-1	-1	18	0	0	37	-1	0	-1	0	-1	35	39	40	0	-1	-1	-1
c5311	0	47	35	-1	0	0	14	11	0	0	0	1	0	-1	0	0	0	0	-1	0	20	11	0	-1	-1	0	0	-1	-1	-1
c5314	0	0	0	40	21	0	0	-1	0	0	0	0	11	0	0	1	0	0	-1	0	20	40	0	9	0	0	0	18	20	39
c5346	0	9	-1	27	0	0	43	-1	0	0	-1	-1	4	0	0	27	0	4	0	0	37	0	18	0	-1	-1	0	0	0	-1
c5455	18	0	22	0	0	1	-1	11	0	0	0	-1	20	0	0	-1	39	35	0	15	20	-1	0	0	-1	0	11	-1	20	0
c5473	-1	-1	22	0	0	1	11	11	-1	0	0	0	20	0	-1	0	-1	35	0	15	20	0	0	0	-1	-1	0	-1	-1	0
c5512	-1	0	0	0	0	-1	0	11	-1	-1	0	1	-1	0	0	0	0	0	-1	0	20	22	0	0	43	11	0	0	20	37
c5556	-1	0	0	0	0	0	0	-1	0	0	0	-1	-1	0	0	-1	0	0	-1	-1	20	-1	-1	0	0	0	0	0	20	0
c5660	22	-1	-1	27	0	0	-1	-1	-1	26	39	0	-1	0	0	43	0	0	0	25	0	0	18	0	0	0	0	-1	0	0
c5668	-1	9	-1	-1	0	4	0	-1	0	-1	-1	0	0	-1	0	27	0	0	0	0	-1	0	-1	0	0	-1	0	0	0	0
c5669	0	-1	-1	-1	0	-1	0	-1	0	-1	-1	0	0	0	0	27	-1	-1	0	0	-1	0	18	0	37	-1	0	0	0	0
c5768	0	-1	-1	27	-1	0	0	-1	0	0	0	0	0	0	27	0	0	0	0	18	-1	11	18	-1	-1	-1	25	22	0	-1
c5859	-1	9	-1	27	-1	-1	0	-1	0	0	-1	18	0	0	17	-1	0	-1	0	0	-1	0	18	0	0	-1	-1	-1	0	-1
c5990	0	-1	0	0	33	0	31	11	0	39	0	0	0	-1	39	-1	40	-1	-1	-1	20	0	7	0	26	0	-1	17	0	18
c6217	0	0	0	0	0	0	-1	-1	-1	-1	32	17	0	0	27	-1	-1	-1	-1	0	20	-1	20	9	0	0	0	0	20	0
c6250	-1	0	1	0	0	0	0	11	-1	0	-1	-1	0	0	0	-1	0	0	-1	-1	20	0	0	0	33	35	4	0	20	-1
c6389	0	9	-1	27	46	0	-1	-1	0	-1	0	0	-1	-1	0	0	0	0	0	0	-1	0	18	0	-1	-1	-1	0	20	0
c6426	-1	-1	0	-1	0	-1	-1	11	0	0	0	0	48	0	0	0	0	0	0	0	20	0	0	-1	0	0	-1	0	20	0
c6558	48	-1	0	0	0	0	0	11	37	17	-1	-1	17	-1	0	0	0	0	-1	0	20	22	21	-1	0	11	0	0	20	-1
c6562	21	9	-1	27	0	17	47	-1	0	0	26	0	0	0	17	27	-1	0	0	0	-1	17	18	-1	0	-1	0	0	0	0
c6615	0	0	25	0	33	0	31	11	-1	39	0	0	0	0	39	21	0	0	0	0	20	0	-1	0	26	39	-1	-1	-1	18
c6680	0	0	40	0	33	14	31	11	0	0	0	18	25	0	39	31	47	-1	0	0	20	0	7	0	-1	0	0	17	0	18
c6724	-1	0	0	0	0	0	-1	-1	-1	-1	0	1	-1	0	0	0	0	0	-1	27	-1	-1	0	-1	0	0	0	0	20	0
c6758	0	-1	-1	27	0	0	-1	-1	0	0	-1	0	-1	-1	0	0	0	-1	27	0	46	0	18	2	-1	0	24	0	0	0
c6802	-1	0	0	0	33	0	31	11	0	39	-1	4	39	0	39	0	0	0	0	0	20	27	7	0	26	27	0	17	-1	18
c6853	0	0	0	0	33	7	31	11	-1	39	0	0	0	0	39	-1	13	0	-1	0	-1	1	7	0	26	15	-1	17	0	18
c6929	18	-1	-1	27	0	-1	-1	-1	-1	-1	39	0	0	0	0	0	0	0	0	0	0	0	18	0	-1	0	5	-1	-1	21
c6941	-1	0	0	-1	0	-1	0	11	5	-1	0	-1	0	0	39	17	-1	0	39	26	20	11	0	0	18	17	-1	0	-1	0
c6943	0	0	0	0	0	0	0	11	-1	0	0	1	-1	49	0	0	0	0	-1	43	20	-1	42	0	0	37	0	-1	20	0
c7012	-1	0	14	-1	39	7	5	11	0	4	1	-1	40	-1	-1	17	49	0	-1	26	-1	0	-1	-1	18	-1	0	20	0	0
c7051	0	0	50	0	-1	-1	31	11	0	-1	36	0	0	0	39	17	0	0	-1	0	20	0	7	21	-1	0	42	-1	0	18
c7152	-1	-1	0	0	0	17	0	-1	33	0	0	0	48	-1	0	9	0	0	0	0	-1	-1	0	-1	-1	0	0	0	20	-1
c7197	0	9	-1	27	7	-1	0	-1	0	-1	39	-1	0	0	0	0	0	0	0	0	-1	0	18	0	27	33	0	-1	-1	0
c7208	-1	0	22	0	-1	0	27	-1	-1	0	42	0	20	0	-1	0	35	0	0	0	-1	0	9	0	27	0	0	0	-1	-1
c7235	18	9	-1	-1	0	17	-1	11	0	0	39	-1	48	0	0	22	0	-1	0	0	20	0	0	0	0	0	0	0	-1	0
c7259	4	9	0	0	33	0	31	11	34	39	0	-1	0	-1	39	0	39	14	0	0	20	-1	7	-1	-1	36	7	17	0	18
c7263	27	0	0	0	0	0	0	-1	-1	-1	27	0	0	0	-1	1	0	37	-1	0	20	27	0	9	0	0	0	18	20	0
c7342	0	-1	0	50	33	0	31	-1	0	39	0	-1	0	0	39	0	0	0	-1	0	20	-1	-1	0	26	-1	7	17	-1	18
c7476	0	27	0	46	33	0	31	-1	25	31	-1	-1	25	0	39	0	0	-1	0	0	20	-1	-1	0	26	0	0	-1	0	18
c7485	0	0	-1	0	0	0	-1	11	0	0	0	-1	-1	0	0	0	0	-1	-1	0	20	-1	0	0	0	0	0	0	-1	0
c7486	-1	9	-1	-1	-1	0	0	-1	-1	0	0	17	0	0	20	0	0	38	0	0	0	0	-1	0	34	0	0	-1	20	0
c7518	-1	0	0	0	33	0	31	11	1	39	0	-1	0	0	39	0	-1	0	0	-1	20	27	7	23	26	-1	0	17	0	18
c7539	-1	0	43	0	0	0	0	-1	0	-1	0	0	0	40	39	-1	45	42	0	0	20	21	-1	0	0	0	20	0	-1	0
c7548	0	9	-1	27	0	24	-1	-1	-1	0	18	0	0	33	6	0	0	0	35	-1	31	-1	-1	0	0	0	0	25	-1	18
c7620	18	18	17	-1	-1	0	17	11	0	0	0	0	-1	0	0	0	0	-1	0	0	-1	40	-1	0	0	0	0	40	20	0
c7651	-1	0	0	48	33	0	31	11	25	39	0	0	-1	-1	39	0	0	-1	29	0	20	-1	7	0	-1	0	0	-1	0	18
c7679	35	0	0	-1	11	0	-1	11	34	0	0	0	0	0	37	18	9	0	-1	-1	20	0	29	9	0	0	0	0	20	0
c7741	0	0	25	0	0	0	0	11	0	-1	0	0	-1	0	0	1	0	-1	-1	48	20	-1	20	9	-1	0	-1	5	20	0
c7742	0	9	-1	27	0	-1	0	-1	-1	18	15	-1	0	-1	0	0	-1	20	28	0	0	0	18	40	-1	0	18	-1	0	0
c7826	26	9	-1	27	0	45	0	-1	39	0	11	46	0	0	7	-1	-1	-1	0	17	0	0	18	0	-1	-1	0	0	0	0
c7852	29	0	0	0	0	0	0	-1	-1	0	43	-1	0	0	0	-1	0	0	-1	0	20	0	0	-1	40	0	-1	18	20	-1
c7931	21	9	-1	27	0	-1	0	-1	0	0	0	-1	-1	0	19	-1	0	-1	0	21	0	-1	18	0	-1	0	27	0	20	39
c7940	0	-1	0	-1	0	0	-1	-1	0	0	0	-1	-1	0	0	-1	0	0	-1	11	20	29	20	-1	0	-1	0	-1	20	0
c7988	-1	-1	-1	-1	46	0	0	-1	0	0	0	0	-1	0	22	-1	-1	0	0	0	0	0	18	0	0	-1	0	0	-1	0
c8007	49	-1	0	-1	33	0	0	11	0	0	0	1	-1	0	0	0	-1	0	-1	0	20	11	-1	-1	-1	0	-1	0	-1	-1
c8066	-1	-1	-1	47	21	-1	0	11	22	0	0	-1	0	0	-1	0	37	45	-1	0	20	-1	0	9	0	0	-1	-1	20	0
c8067	-1	0	0	47	21	0	0	11	22	0	0	-1	0	0	-1	0	37	45	-1	0	20	-1	0	9	0	0	0	-1	20	0
c8068	0	-1	0	0	33	0	31	-1	0	0	0	32	-1	0	39	0	0	0	-1	0	20	0	7	0	26	0	0	17	0	18
c8082	-1	-1	-1	27	33	0	-1	-1	0	26	39	0	0	0	0	43	0	0	0	25	0	0	18	0	0	0	0	-1	0	24
c8094	0	-1	-1	27	0	0	-1	-1	-1	0	39	0	0	0	0	43	0	-1	0	0	-1	0	18	0	0	0	0	-1	0	0
c8095	0	9	-1	27	0	0	-1	-1	-1	0	39	0	0	-1	0	43	0	0	0	0	0	0	-1	0	0	0	0	-1	0	0
c8118	0	9	-1	27	0	24	-1	-1	-1	0	0	0	-1	-1	6	0	0	-1	0	0	0	43	-1	0	-1	0	0	0	0	0
c8135	-1	9	-1	27	-1	0	-1	-1	48	0	50	0	-1	21	0	0	-1	0	0	0	0	0	18	-1	-1	0	0	-1	0	0
c8158	18	0	0	0	0	18	-1	11	-1	0	9	0	48	0	39	0	-1	0	39	0	20	0	0	0	0	0	0	0	-1	0
c8192	0	47	0	42	-1	0	-1	11	-1	0	-1	1	0	0	0	0	0	-1	-1	0	20	11	17	0	-1	-1	-1	0	20	-1
c8200	0	-1	-1	27	0	24	0	-1	-1	27	0	0	0	0	-1	-1	0	-1	0	0	0	0	18	0	0	0	0	0	0	0
c8253	0	0	0	0	33	0	31	-1	1	39	-1	0	0	0	39	17	35	0	25	-1	20	-1	-1	0	26	0	7	17	0	18
c8255	-1	0	0	39	33	14	31	11	0	-1	0	18	25	-1	39	31	47	9	25	0	20	0	7	0	26	0	0	17	0	18
c8320	18	9	-1	27	0	0	-1	-1	-1	0	-1	0	0	0	0	0	0	0	0	9	0	0	18	0	5	0	5	-1	-1	0
c8332	-1	0	25	35	33	0	-1	11	29	0	0	0	25	0	39	0	-1	0	0	0	-1	0	7	0	26	33	0	-1	37	-1
c8367	18	9	-1	27	0	-1	-1	-1	0	0	39	28	0	0	-1	-1	0	0	27	0	0	0	18	-1	-1	0	5	-1	39	0
c8416	18	9	-1	27	-1	0	-1	-1	0	-1	39	0	0	0	0	0	-1	0	0	0	0	0	18	0	5	-1	5	-1	-1	0
c8439	0	24	0	-1	0	0	0	11	0	0	-1	1	0	41	0	34	-1	0	-1	0	-1	0	0	0	0	33	33	39	20	-1
c8460	0	0	-1	11	27	7	0	11	-1	0	39	-1	47	0	39	-1	-1	0	0	26	20	0	0	-1	18	-1	0	20	32	0
c8471	0	0	-1	-1	0	7	0	11	0	-1	0	-1	6	0	39	17	-1	0	39	-1	20	-1	0	0	-1	-1	-1	0	-1	-1
c8519	0	-1	0	0	33	37	31	11	-1	0	44	0	25	-1	39	0	1	0	0	0	20	39	7	0	26	-1	-1	-1	37	18
c8532	39	0	0	-1	0	7	-1	11	5	0	-1	-1	0	0	39	17	0	0	39	26	20	-1	-1	0	-1	17	0	39	0	17
c8547	-1	14	0	48	0	-1	0	-1	-1	-1	0	0	22	29	25	0	0	0	0	0	20	0	0	35	0	0	21	4	20	-1
c8610	18	0	22	0	0	0	0	11	0	0	0	47	20	0	0	5	0	21	0	0	20	27	0	0	27	-1	0	-1	20	0
c8615	0	0	0	0	28	-1	0	-1	0	4	0	0	9	0	40	4	-1	0	0	0	20	0	21	0	39	0	-1	27	-1	-1
c8619	-1	0	0	11	0	-1	0	11	0	-1	-1	-1	20	0	39	17	39	0	0	26	-1	0	-1	-1	18	-1	-1	20	0	21
c8630	-1	40	0	0	0	0	27	-1	0	0	-1	1	14	0	4	32	37	-1	-1	40	20	-1	-1	0	0	-1	0	-1	20	39
c8675	18	48	0	0	0	0	0	11	0	0	33	-1	0	-1	-1	-1	0	0	0	0	20	0	0	24	0	0	0	-1	20	-1
c8692	-1	21	0	0	33	7	31	11	0	-1	0	49	0	0	39	0	13	0	0	0	20	1	7	39	26	15	-1	17	25	18
c8702	0	9	-1	27	0	0	0	-1	0	-1	0	27	-1	17	-1	0	0	0	28	0	-1	0	18	0	0	0	18	0	-1	27
c8706	0	0	-1	-1	33	1	31	-1	39	39	0	0	0	0	39	-1	-1	0	48	0	20	27	7	0	26	27	0	-1	0	18
c8708	0	0	0	0	33	-1	31	11	-1	39	42	0	0	-1	-1	0	40	0	0	-1	20	0	-1	0	-1	0	0	17	22	18
c8722	0	0	-1	-1	-1	0	-1	11	0	0	0	1	0	0	0	33	0	0	-1	0	20	-1	0	0	-1	0	-1	-1	20	-1
c8728	0	0	0	0	33	0	-1	-1	0	0	0	0	25	0	39	0	0	0	0	0	-1	0	7	0	26	0	0	17	9	18
c8748	0	-1	0	-1	33	-1	31	11	0	39	0	0	-1	0	39	0	-1	0	-1	0	-1	-1	-1	0	-1	0	-1	17	-1	18
c8749	0	-1	0	-1	33	32	31	11	0	39	-1	0	-1	-1	39	0	-1	0	-1	-1	20	0	-1	0	26	0	-1	17	0	18
c8779	-1	48	0	-1	33	0	-1	11	0	0	0	-1	25	17	39	0	-1	26	0	0	20	0	7	0	-1	0	0	17	0	18
c8863	-1	0	0	0	0	0	0	11	0	48	0	-1	-1	-1	0	-1	0	-1	-1	-1	20	-1	-1	0	0	0	0	0	20	0
c8916	-1	0	0	0	-1	-1	0	11	0	0	0	1	25	0	0	0	0	0	-1	-1	20	22	-1	0	43	11	0	11	20	0
c8942	0	0	0	0	33	3	31	11	1	39	0	-1	0	0	39	0	0	0	0	0	-1	27	7	0	26	27	0	17	0	18
c8943	0	-1	0	0	33	0	31	11	1	39	0	-1	-1	0	39	0	0	0	0	-1	20	27	7	-1	26	27	0	17	0	18
c8946	0	0	-1	0	33	-1	-1	11	0	0	-1	0	25	0	-1	0	0	7	-1	-1	-1	39	7	0	26	33	0	17	37	-1
c9003	18	0	22	-1	0	-1	39	-1	0	0	0	0	20	0	9	0	0	-1	0	32	20	1	-1	0	27	0	0	0	20	37
c9006	0	21	32	11	0	7	0	-1	0	4	0	-1	0	0	39	17	49	0	-1	-1	20	27	-1	-1	18	-1	0	20	0	0
c9044	40	9	-1	27	0	0	19	-1	0	18	50	27	-1	-1	0	-1	0	0	28	-1	0	0	-1	-1	0	-1	18	0	0	0
c9049	0	9	-1	-1	32	-1	-1	-1	-1	0	26	0	0	-1	-1	27	0	35	0	0	37	25	18	0	0	-1	0	0	0	0
c9096	-1	-1	-1	0	0	-1	-1	11	0	0	0	20	0	0	0	-1	0	0	18	-1	20	0	0	0	27	0	-1	-1	-1	0
c9098	-1	9	-1	27	0	0	-1	-1	0	-1	39	28	0	0	0	0	0	0	-1	0	0	0	18	0	5	0	5	-1	0	0
c9100	0	0	0	0	33	0	-1	11	0	-1	-1	0	22	0	39	0	40	49	0	-1	-1	0	7	0	26	0	-1	-1	-1	18
c9139	18	0	-1	0	0	0	0	11	0	-1	0	0	0	0	0	-1	0	0	0	0	20	0	0	35	0	-1	21	4	20	0
c9175	0	9	-1	27	0	24	-1	-1	-1	0	18	0	0	33	6	-1	-1	0	35	0	31	0	-1	0	0	0	-1	25	0	18
c9199	0	0	0	40	0	0	0	-1	-1	0	0	0	18	0	48	-1	0	0	-1	0	20	0	0	-1	0	0	0	18	20	39
c9224	0	-1	0	0	-1	0	4	11	0	11	0	0	0	26	-1	0	0	0	-1	-1	20	-1	0	-1	0	0	0	0	-1	0
c9267	0	-1	22	0	33	0	31	-1	-1	0	0	0	25	0	39	0	0	0	0	0	20	0	-1	-1	26	33	-1	-1	37	18
c9269	0	9	-1	27	-1	0	-1	-1	5	0	50	50	-1	-1	0	0	0	0	-1	27	0	-1	-1	0	0	0	0	0	-1	0
c9273	0	0	0	0	-1	0	31	-1	-1	0	24	0	25	0	39	0	0	0	-1	0	20	0	7	0	26	-1	9	17	37	18
c9276	0	9	-1	27	0	0	0	-1	27	0	26	6	0	0	17	27	0	0	0	0	-1	0	-1	0	-1	-1	0	0	48	0
c9338	18	0	22	0	0	-1	11	11	0	0	0	0	-1	0	0	0	0	-1	0	0	-1	0	0	-1	27	15	48	6	20	0
c9339	18	0	22	0	0	0	-1	11	-1	1	-1	0	-1	0	21	0	0	0	0	0	-1	-1	0	0	27	15	0	-1	20	0
c9402	0	0	0	-1	0	0	0	11	0	0	40	1	-1	0	27	0	1	-1	-1	0	20	-1	0	0	0	-1	-1	0	20	-1
c9437	-1	9	-1	27	0	-1	-1	-1	0	21	-1	0	9	0	0	43	0	0	0	0	0	0	18	-1	0	0	0	-1	0	-1
c9515	18	-1	22	0	-1	-1	-1	-1	27	0	-1	0	-1	0	-1	0	0	0	-1	0	20	0	48	0	27	0	-1	0	20	0
c9556	18	-1	32	0	-1	0	-1	11	0	-1	0	0	0	24	-1	0	-1	0	0	0	-1	0	0	35	0	0	0	4	20	0
c9558	0	-1	-1	27	0	0	-1	-1	0	-1	0	27	0	0	0	0	0	0	28	0	0	-1	18	-1	-1	-1	18	0	0	-1
c9598	0	-1	0	0	33	0	31	11	25	-1	0	0	0	0	39	0	0	0	0	-1	20	0	-1	0	26	0	0	17	0	18
c9628	28	-1	-1	27	0	17	0	-1	17	0	26	-1	0	0	-1	-1	0	0	-1	0	-1	0	18	-1	27	-1	0	0	0	40
c9630	0	0	0	0	33	-1	31	11	0	-1	0	0	0	0	39	0	-1	0	37	0	20	0	-1	0	26	0	0	17	0	18
c9636	0	-1	-1	27	-1	39	0	-1	0	-1	-1	0	0	-1	-1	0	-1	-1	0	0	0	37	-1	0	0	0	-1	0	-1	-1
c9705	-1	0	-1	0	33	50	31	11	0	39	0	-1	0	0	39	0	0	0	-1	20	20	0	7	0	-1	43	-1	-1	0	-1
c9708	0	9	-1	-1	0	0	0	-1	0	0	0	27	-1	0	-1	0	0	-1	28	0	-1	0	-1	-1	0	0	18	0	-1	27
c9709	-1	9	-1	27	0	0	0	-1	-1	0	0	27	0	0	0	0	0	0	28	-1	0	0	18	0	0	-1	18	0	-1	27
c9729	18	0	22	0	0	0	39	-1	0	0	0	0	-1	0	9	0	0	27	0	-1	20	-1	-1	0	27	0	0	-1	20	37
c9736	0	0	0	14	0	-1	0	11	0	0	0	-1	0	0	0	-1	17	-1	-1	0	-1	29	20	9	-1	0	-1	-1	20	0
c9770	18	0	49	0	-1	0	11	11	-1	0	0	0	0	33	0	0	-1	20	0	5	-1	0	0	-1	0	35	-1	4	-1	3
c9775	0	-1	-1	27	-1	-1	-1	-1	0	0	0	-1	0	49	0	-1	0	0	-1	0	0	37	18	-1	20	-1	-1	-1	0	21
c9797	-1	0	0	0	-1	2	31	11	0	0	0	0	25	0	39	-1	-1	0	48	46	20	0	7	0	26	0	0	-1	9	18
c9798	0	0	0	-1	33	0	31	11	0	21	0	0	25	-1	39	0	0	0	0	11	20	0	7	-1	26	14	-1	17	0	18
c9836	18	0	0	0	0	-1	0	-1	0	0	0	0	0	46	0	0	-1	0	0	0	20	0	0	35	0	0	25	4	20	0
c9845	0	-1	43	0	0	0	0	11	0	0	5	0	0	-1	39	38	0	42	0	40	-1	25	0	0	0	0	0	0	0	-1
c9871	0	9	-1	27	8	-1	0	-1	39	0	11	-1	-1	-1	0	50	0	0	0	17	0	0	-1	-1	33	0	0	-1	0	-1
c9876	0	9	-1	27	0	0	0	-1	0	-1	-1	-1	28	0	0	0	-1	0	-1	18	0	0	18	43	0	0	0	0	0	-1
c9905	0	-1	43	-1	0	0	0	11	0	0	0	0	0	40	39	-1	45	-1	0	0	20	25	0	0	-1	0	0	-1	0	0
c9933	0	-1	0	-1	0	7	0	11	0	0	-1	-1	6	-1	39	17	39	-1	39	-1	20	0	0	-1	-1	0	-1	0	0	38
c9941	18	0	22	0	-1	-1	27	11	-1	0	0	0	20	39	-1	0	-1	0	0	0	20	0	-1	0	27	0	0	0	20	-1
c9973	18	0	-1	0	0	0	39	-1	0	0	0	0	20	0	14	-1	0	0	-1	0	20	1	0	0	-1	-1	0	-1	20	37
c10023	0	0	0	-1	0	0	0	11	0	0	0	0	40	0	0	4	-1	0	0	0	20	0	21	-1	39	0	0	27	20	-1
c10025	-1	0	0	42	0	0	-1	11	0	-1	0	1	0	0	-1	0	-1	39	-1	-1	20	0	42	0	0	-1	0	0	20	0
c10054	27	9	-1	27	33	-1	-1	-1	-1	0	0	0	-1	-1	-1	0	0	0	0	-1	0	0	18	0	40	-1	-1	0	43	14
c10062	18	0	-1	0	-1	0	-1	11	0	0	0	41	48	-1	0	0	0	-1	0	-1	-1	2	0	0	0	0	0	0	-1	-1
c10104	39	9	-1	-1	0	-1	0	-1	0	0	26	0	0	0	44	27	27	0	0	0	37	0	-1	-1	0	32	0	-1	0	34
c10126	0	0	-1	0	33	0	-1	11	0	0	0	0	25	0	-1	-1	0	0	0	0	20	0	7	0	26	-1	0	17	9	18
c10132	18	20	0	49	0	40	13	11	0	0	0	0	48	0	0	-1	0	0	-1	17	20	4	5	0	26	0	18	40	20	0
c10141	42	0	-1	0	0	0	-1	11	39	0	0	0	0	0	39	-1	-1	42	21	0	-1	-1	0	-1	28	0	-1	0	-1	-1
c10159	18	40	0	-1	0	0	-1	-1	0	0	21	-1	48	0	0	0	0	-1	14	17	20	4	5	0	26	37	0	40	20	0
c10197	0	-1	-1	0	-1	-1	31	11	0	-1	0	0	0	0	39	0	0	0	0	-1	20	0	-1	21	-1	0	42	-1	0	18
c10222	22	9	-1	-1	0	0	-1	-1	-1	0	39	0	0	0	-1	43	0	0	0	-1	-1	0	18	0	0	-1	0	-1	0	0
c10252	18	-1	0	-1	24	-1	0	11	-1	-1	25	20	18	0	47	0	0	0	35	0	20	0	0	0	5	0	0	4	-1	37
c10294	0	24	0	42	0	0	0	11	0	0	13	-1	0	0	0	0	0	-1	-1	0	20	0	-1	0	0	0	0	-1	20	-1
c10303	0	-1	0	0	0	-1	0	11	-1	0	43	0	0	0	0	1	-1	0	-1	0	-1	0	0	-1	40	48	0	18	20	-1
c10315	0	0	0	0	0	0	0	11	0	0	0	0	0	0	0	4	-1	0	0	36	20	0	21	0	39	-1	9	27	20	0
c10405	0	-1	0	0	28	-1	0	-1	0	4	0	0	-1	0	40	4	-1	0	0	0	-1	-1	-1	0	39	0	-1	-1	-1	0
c10442	-1	0	27	-1	-1	-1	0	-1	0	0	0	-1	0	0	39	17	39	33	39	26	20	25	0	0	-1	37	48	47	-1	38
c10453	27	0	0	11	0	7	-1	11	0	-1	35	-1	40	-1	39	-1	49	0	-1	26	-1	0	0	-1	-1	-1	0	20	0	-1
c10469	-1	0	-1	0	33	-1	31	11	-1	0	0	0	25	0	39	0	0	0	0	0	20	0	7	-1	26	33	40	17	37	-1
c10512	-1	9	-1	27	40	0	0	-1	0	-1	0	27	0	-1	48	27	0	0	28	47	9	0	18	0	0	0	18	0	-1	0
c10519	37	0	0	0	0	6	22	11	0	0	46	-1	0	-1	40	0	-1	0	0	0	20	21	0	27	39	0	0	0	20	-1
c10531	-1	9	-1	27	0	-1	0	-1	-1	0	4	0	0	0	6	0	-1	0	25	18	5	43	-1	3	0	0	-1	0	0	0
c10537	-1	40	0	0	0	0	0	11	0	-1	-1	-1	-1	-1	-1	0	0	39	14	17	20	4	5	0	26	0	22	40	20	0
c10547	-1	0	0	0	0	0	0	-1	0	0	0	-1	0	45	0	0	-1	-1	-1	0	20	-1	0	0	-1	0	0	0	20	0
c10581	0	0	45	0	11	0	0	11	0	38	0	44	0	0	0	18	0	0	-1	-1	20	0	0	-1	29	0	40	33	20	0
c10587	17	0	0	-1	33	-1	31	11	0	39	-1	0	0	0	39	-1	-1	0	0	0	20	-1	-1	0	26	0	-1	17	9	18
c10627	39	9	-1	27	-1	37	18	-1	0	0	26	0	-1	-1	0	27	27	0	-1	-1	37	0	-1	0	0	0	0	0	0	0
c10661	0	4	0	0	0	0	-1	11	-1	0	0	0	0	0	0	-1	-1	0	1	37	-1	0	21	28	39	0	0	27	20	0
c10677	-1	0	0	-1	0	38	0	11	-1	0	0	-1	48	0	0	-1	0	0	0	0	20	0	39	-1	0	-1	0	-1	20	0
c10688	14	0	0	0	0	-1	37	11	0	0	0	0	0	0	28	-1	0	0	-1	29	-1	0	-1	9	0	0	0	-1	20	0
c10783	0	0	25	35	33	0	31	11	29	0	0	0	25	0	39	0	-1	0	0	-1	20	0	7	0	26	33	0	-1	37	18
c10800	6	-1	-1	0	-1	-1	31	11	0	0	0	0	0	14	-1	0	8	0	0	0	20	0	7	0	-1	0	-1	-1	0	18
c10803	-1	9	25	0	-1	0	0	11	0	0	21	40	0	0	0	1	-1	0	-1	48	20	29	20	9	-1	0	39	0	20	0
c10858	0	9	-1	27	0	0	-1	-1	0	-1	0	0	-1	0	-1	22	0	-1	-1	0	0	0	18	-1	40	0	-1	17	-1	14
c10864	18	11	17	-1	0	0	-1	-1	0	39	0	0	0	0	-1	0	0	0	0	-1	-1	-1	0	35	0	0	21	4	20	35
c10898	0	-1	0	-1	0	7	-1	-1	38	4	-1	-1	0	0	39	17	0	-1	-1	26	20	0	0	-1	18	-1	0	20	0	0
c10919	22	0	43	9	-1	0	0	11	27	0	0	0	0	40	39	38	0	-1	0	0	20	0	0	0	0	0	39	-1	0	1
c10940	0	0	43	35	0	0	-1	11	0	0	0	0	0	-1	39	38	45	42	0	0	20	25	0	0	1	0	0	0	0	0
c10941	0	0	43	35	0	0	0	11	0	0	-1	0	0	40	-1	38	45	42	0	0	20	25	0	0	0	0	0	0	0	0
c10949	0	0	0	11	0	7	5	11	0	4	0	-1	-1	0	39	17	-1	0	0	26	-1	37	-1	-1	18	-1	0	-1	-1	0
c10957	-1	0	-1	0	0	-1	37	11	0	-1	0	-1	0	0	28	1	-1	0	-1	-1	-1	0	0	9	27	0	0	-1	20	0
c10963	18	0	22	35	0	0	0	11	0	0	0	0	20	0	-1	5	0	-1	0	0	20	0	0	0	-1	-1	0	-1	20	0
c10976	6	21	-1	0	-1	-1	-1	11	21	0	-1	20	0	0	39	0	8	17	0	0	20	0	-1	0	-1	9	22	17	0	18
c11035	0	-1	0	0	33	0	31	11	0	39	0	0	0	0	39	0	0	47	0	20	20	0	-1	24	26	0	-1	-1	0	18
c11036	22	9	-1	27	0	0	-1	-1	0	0	39	0	0	0	25	43	0	0	-1	0	0	-1	18	0	0	0	0	-1	0	0
c11040	18	9	-1	27	-1	0	-1	-1	0	0	39	0	22	0	0	0	-1	38	0	0	0	-1	18	-1	5	0	5	-1	0	-1
c11064	0	0	-1	-1	33	0	31	11	0	39	0	0	0	0	39	0	-1	0	0	0	20	-1	-1	0	26	0	-1	-1	0	-1
c11067	0	0	27	-1	0	7	48	-1	0	-1	-1	-1	1	0	39	17	39	-1	39	26	-1	-1	0	0	-1	0	-1	47	-1	38
c11086	0	9	-1	27	0	0	0	-1	0	0	-1	0	7	-1	0	0	0	11	-1	0	0	0	-1	0	1	-1	0	50	-1	0
c11109	0	18	0	-1	27	-1	-1	11	25	-1	39	-1	47	0	39	17	0	0	0	26	-1	0	0	-1	18	-1	0	20	-1	0
c11122	0	0	-1	6	0	0	0	11	0	0	0	1	0	0	0	17	0	0	-1	-1	20	-1	-1	0	0	0	0	0	20	0
c11159	-1	0	0	0	0	0	-1	11	37	0	0	1	0	0	0	0	0	0	-1	0	20	22	21	4	0	11	-1	0	20	11
c11162	-1	0	0	11	49	7	1	-1	38	-1	-1	-1	0	-1	39	17	0	-1	5	26	20	0	0	-1	18	-1	0	20	0	0
c11181	20	0	0	0	0	0	0	11	0	0	0	0	4	0	0	-1	0	0	-1	17	20	29	20	9	0	-1	0	0	20	15
c11191	6	0	0	0	-1	-1	-1	11	0	0	0	0	0	0	39	0	0	0	0	0	20	0	-1	0	-1	-1	0	-1	39	18
c11230	0	0	0	-1	33	27	31	11	0	39	0	0	27	0	39	0	0	0	0	0	-1	27	7	0	26	27	0	-1	-1	18
c11231	0	0	0	0	33	27	-1	11	0	39	-1	-1	0	-1	39	0	0	0	0	-1	20	27	7	-1	-1	-1	0	-1	0	18
c11291	0	9	-1	-1	0	0	0	-1	0	21	-1	-1	0	0	46	0	0	0	28	45	0	0	18	0	0	0	-1	0	-1	-1
c11303	50	9	-1	27	0	0	48	-1	0	0	0	27	0	0	-1	0	0	-1	28	0	0	0	-1	0	-1	0	18	-1	-1	-1
c11373	-1	-1	0	0	0	0	0	11	0	0	-1	1	14	0	0	-1	37	27	-1	0	-1	-1	14	0	0	-1	0	-1	20	0
c11382	0	0	0	-1	0	7	-1	11	0	4	0	-1	0	0	39	-1	49	-1	0	-1	20	0	0	-1	18	-1	27	20	50	-1
c11383	0	-1	17	-1	0	7	0	11	0	4	0	-1	0	0	39	17	49	-1	0	-1	20	0	0	-1	18	-1	27	-1	50	42
c11384	0	-1	0	11	-1	7	0	11	-1	4	0	-1	0	0	39	17	0	37	-1	26	20	0	0	-1	-1	-1	-1	20	0	0
c11397	18	9	17	4	0	0	0	11	-1	4	-1	0	-1	-1	0	0	0	0	18	0	20	0	-1	35	0	7	0	-1	20	0
c11404	0	43	0	-1	-1	7	-1	11	-1	-1	0	-1	0	0	39	17	-1	-1	39	26	20	11	0	-1	-1	-1	0	0	0	0
c11420	-1	9	-1	27	-1	0	0	-1	-1	0	0	0	0	0	0	0	-1	0	-1	0	0	0	18	-1	0	-1	0	-1	20	0
c11427	0	0	0	40	21	0	0	-1	0	-1	-1	0	11	0	0	1	0	-1	-1	0	20	-1	0	9	0	33	0	-1	20	-1
c11465	33	0	0	11	-1	7	5	11	0	-1	0	-1	40	-1	39	17	49	-1	0	-1	-1	0	0	-1	18	-1	0	20	0	0
c11484	0	27	-1	0	33	50	31	-1	36	39	0	-1	0	0	39	0	0	0	0	20	20	0	7	0	26	-1	-1	17	0	18
c11516	0	0	0	0	33	0	31	11	0	39	0	-1	40	0	-1	-1	7	-1	0	0	20	0	7	0	-1	5	-1	-1	0	18
c11540	0	37	0	0	33	-1	31	11	0	39	0	0	-1	0	39	0	13	0	0	-1	20	-1	7	21	26	15	0	17	0	18
c11559	18	-1	-1	0	27	0	0	11	0	0	17	0	0	0	0	-1	0	0	-1	-1	20	0	40	35	0	30	28	4	20	39
c11562	0	48	0	0	33	0	31	11	0	39	0	0	0	33	39	0	40	-1	-1	-1	20	0	7	0	26	-1	-1	-1	0	18
c11584	18	0	0	-1	0	0	0	-1	0	-1	-1	0	0	0	0	0	0	0	0	-1	20	-1	0	35	-1	0	0	4	20	0
c11607	18	0	-1	-1	0	0	0	-1	0	0	-1	0	-1	40	0	-1	-1	-1	0	0	-1	-1	-1	35	-1	0	0	-1	20	7
c11626	-1	-1	-1	-1	-1	32	31	11	0	39	0	0	0	0	-1	-1	-1	-1	0	0	20	21	-1	0	26	0	-1	17	0	18
c11632	-1	0	0	0	-1	0	0	11	0	0	0	-1	0	0	0	1	33	-1	-1	0	20	29	20	-1	47	0	0	-1	20	0
c11635	18	0	0	0	-1	17	22	11	0	0	0	0	48	-1	-1	37	0	0	0	15	20	-1	0	27	0	-1	0	0	20	0
c11683	-1	-1	-1	27	0	17	0	-1	0	0	26	0	40	0	17	27	0	0	0	0	-1	0	18	0	-1	-1	0	-1	0	0
c11701	0	-1	0	11	0	7	0	-1	0	4	-1	-1	0	0	39	-1	0	46	0	26	20	0	-1	-1	18	-1	-1	20	0	0
c11730	0	0	-1	0	-1	7	31	11	-1	39	0	0	0	0	39	0	13	-1	0	0	20	0	7	21	26	15	0	17	0	18
c11732	-1	9	-1	-1	-1	0	0	-1	0	0	-1	0	-1	17	0	27	0	0	0	0	37	0	18	-1	0	-1	-1	0	0	23
c11752	0	9	-1	27	46	0	0	-1	0	0	0	0	0	0	0	27	-1	48	-1	-1	35	-1	-1	0	0	-1	0	0	20	0
c11776	0	0	0	0	33	50	31	-1	-1	-1	0	0	0	0	39	0	0	0	0	20	20	0	7	0	26	0	-1	17	-1	18
c11782	-1	0	0	11	0	-1	0	-1	0	-1	0	-1	0	0	39	17	49	0	0	26	-1	9	25	-1	-1	-1	27	20	0	42
c11783	-1	0	0	11	-1	-1	0	11	0	4	0	-1	0	0	-1	17	49	-1	0	26	20	9	25	-1	18	-1	-1	20	0	42
c11797	0	9	-1	27	-1	24	-1	-1	0	0	0	0	0	0	6	0	0	0	0	0	0	4	18	0	-1	0	0	0	0	0
c11799	18	0	-1	0	0	-1	0	-1	0	0	-1	0	0	0	0	0	-1	-1	-1	0	20	-1	0	35	0	0	21	4	20	0
c11806	-1	0	0	0	33	-1	31	11	5	39	-1	-1	33	0	39	0	-1	0	0	0	-1	-1	-1	0	-1	0	-1	-1	0	-1
c11807	0	-1	0	0	33	-1	31	11	0	-1	0	0	33	0	39	0	33	0	0	0	-1	0	-1	0	-1	0	-1	17	0	18
c11839	0	0	0	0	0	20	0	11	0	0	0	-1	-1	-1	0	0	0	39	-1	-1	20	-1	0	0	-1	0	0	0	20	0
c11856	0	9	-1	-1	-1	-1	-1	-1	0	0	39	-1	0	0	-1	43	6	0	0	0	26	43	18	0	0	0	0	-1	36	0
c11894	0	9	-1	27	0	0	0	-1	0	-1	0	0	0	48	-1	0	0	0	0	18	-1	0	18	43	21	-1	0	0	0	39
c11907	0	9	-1	27	-1	45	0	-1	39	-1	0	46	0	40	0	50	0	-1	0	17	0	-1	18	0	33	0	0	17	0	0
c11930	0	0	37	0	33	0	31	11	48	-1	0	0	25	0	39	0	0	0	0	-1	20	0	7	0	26	14	0	17	0	18
c11991	18	11	17	-1	-1	0	0	11	1	39	0	0	-1	-1	-1	0	-1	0	0	0	20	0	0	35	0	0	21	-1	20	-1
c12001	-1	-1	0	0	0	0	0	11	0	0	-1	1	-1	47	0	-1	0	0	-1	0	20	22	0	0	-1	-1	32	0	20	0
c12012	18	0	-1	0	0	0	39	11	0	0	0	17	20	0	0	0	0	0	0	-1	20	-1	0	0	-1	0	0	0	20	-1
c12016	0	-1	-1	0	-1	-1	-1	11	0	0	0	0	-1	0	39	0	0	-1	0	0	-1	0	7	0	26	33	18	17	-1	18
c12039	-1	0	0	11	0	-1	-1	-1	0	4	-1	-1	0	0	39	17	0	37	0	26	-1	-1	0	-1	18	-1	33	-1	0	0
c12056	0	0	0	-1	33	-1	31	11	0	39	0	27	0	-1	39	0	-1	0	0	0	20	-1	7	0	26	15	0	17	-1	-1
c12075	0	9	-1	27	0	0	-1	-1	0	29	39	0	0	0	0	43	6	0	-1	0	0	43	18	0	0	28	0	-1	0	0
c12081	18	4	22	-1	20	21	0	-1	40	22	0	0	20	0	0	0	0	0	0	0	20	0	-1	-1	-1	-1	27	0	20	0
c12087	-1	-1	0	0	0	0	0	11	0	-1	27	0	0	0	-1	1	0	0	-1	0	20	27	-1	9	0	0	0	18	20	0
c12104	0	-1	-1	-1	0	-1	0	-1	0	0	26	-1	-1	-1	0	27	-1	0	-1	0	37	0	18	0	-1	-1	-1	0	0	23
c12126	43	18	0	0	0	25	4	11	0	-1	0	-1	0	0	-1	-1	0	6	-1	0	20	-1	0	-1	0	0	-1	0	20	-1
c12138	0	0	0	-1	0	0	0	11	0	0	0	-1	-1	-1	0	-1	-1	0	-1	-1	20	-1	1	0	-1	46	-1	20	20	7
c12175	0	-1	45	20	11	-1	-1	11	-1	0	0	-1	0	-1	0	18	0	33	-1	0	20	0	1	9	4	0	-1	0	20	0
c12208	-1	9	-1	27	48	0	-1	-1	9	0	39	28	-1	0	0	-1	39	-1	27	0	40	-1	18	14	5	0	-1	-1	-1	0
c12218	0	0	-1	-1	27	7	0	11	25	13	39	-1	47	0	39	17	0	0	27	26	20	0	0	-1	18	-1	-1	20	0	0
c12235	0	9	-1	-1	0	0	0	-1	0	-1	26	-1	0	0	17	27	-1	0	-1	0	37	0	18	0	0	-1	25	39	0	0
c12246	18	-1	-1	0	0	0	0	-1	-1	-1	0	0	0	0	0	0	0	0	0	-1	20	-1	0	35	0	-1	21	4	20	0
c12260	18	0	0	0	0	7	0	11	-1	0	0	20	48	25	-1	0	40	-1	0	0	20	0	17	0	5	0	0	4	-1	18
c12276	18	-1	0	0	48	0	0	11	0	-1	0	20	0	-1	0	-1	-1	-1	-1	0	20	0	0	-1	5	0	0	-1	20	0
c12282	0	0	11	-1	-1	7	0	11	-1	0	42	-1	-1	0	39	-1	37	0	0	26	20	-1	-1	-1	18	18	37	0	0	0
c12339	6	0	0	0	-1	-1	31	11	0	0	0	0	0	-1	39	0	8	0	-1	0	20	0	7	14	-1	0	13	17	0	18
c12373	0	0	0	-1	0	0	0	11	0	0	27	-1	0	0	1	1	0	50	-1	0	20	-1	-1	9	0	0	0	18	20	0
c12385	0	-1	-1	27	0	0	-1	-1	0	0	46	0	-1	0	-1	0	0	0	0	0	0	0	18	-1	-1	0	24	17	-1	14
c12400	0	0	-1	-1	0	-1	0	11	0	0	0	1	0	0	0	-1	0	0	-1	0	20	-1	0	0	0	0	0	-1	20	35
c12425	18	9	-1	27	37	-1	-1	-1	-1	7	39	0	0	-1	0	0	0	0	-1	-1	0	0	18	0	5	0	5	-1	0	-1
c12464	0	0	0	0	33	0	31	11	0	0	-1	-1	25	0	39	-1	0	0	0	40	20	39	7	0	26	33	0	17	-1	18
c12465	14	0	-1	0	33	0	31	11	0	0	44	-1	25	0	39	0	0	0	0	40	-1	39	7	0	26	-1	0	17	37	18
c12523	18	40	0	0	0	0	0	11	0	0	0	0	48	0	-1	0	0	39	14	17	20	-1	5	-1	26	-1	-1	-1	-1	-1
c12533	0	9	-1	27	0	27	0	-1	-1	0	-1	0	0	0	0	27	0	0	30	-1	0	43	18	-1	0	18	0	18	0	23
c12537	-1	0	33	11	0	7	1	11	0	4	-1	-1	0	0	39	17	-1	26	0	26	-1	0	-1	-1	18	-1	0	20	0	0
c12551	0	9	-1	27	0	-1	9	-1	39	-1	-1	-1	0	0	-1	50	0	0	-1	17	-1	0	18	-1	33	0	-1	-1	0	0
c12555	0	0	0	0	-1	0	0	11	0	-1	0	-1	-1	0	-1	0	0	39	-1	-1	20	-1	-1	0	0	0	-1	31	20	0
c12556	43	25	0	0	-1	-1	31	11	-1	-1	-1	0	0	0	39	0	9	0	0	0	20	0	7	0	26	0	-1	17	-1	18
c12578	0	43	0	0	33	0	31	11	0	39	0	0	0	0	39	-1	0	47	0	20	20	-1	7	24	26	-1	-1	-1	0	18
c12583	0	0	0	0	0	0	0	11	0	0	0	1	0	49	0	0	-1	0	-1	0	20	-1	42	-1	0	37	0	-1	20	0
c12589	-1	9	-1	27	0	-1	48	-1	0	0	0	-1	0	0	0	-1	0	-1	28	-1	0	0	-1	0	0	0	18	9	-1	27
c12604	-1	0	0	0	33	0	-1	11	0	39	0	0	-1	0	39	0	0	-1	37	-1	20	-1	-1	0	26	0	-1	17	0	18
c12617	46	48	0	40	33	0	31	11	0	39	0	0	0	0	-1	0	-1	-1	7	-1	20	0	7	0	26	0	0	17	-1	-1
c12635	-1	0	0	-1	25	0	0	11	0	0	0	-1	-1	0	0	-1	-1	0	0	28	20	-1	0	35	39	0	21	4	20	0
c12697	0	-1	-1	27	0	39	-1	-1	-1	0	0	0	0	49	0	0	0	0	0	-1	0	-1	18	0	0	0	3	0	0	21
c12705	-1	0	0	0	-1	46	31	11	0	0	-1	0	25	0	39	-1	0	0	0	-1	20	0	7	13	-1	14	0	17	-1	18
c12706	0	0	0	0	-1	0	31	11	0	0	0	0	25	0	39	0	0	0	0	0	20	-1	-1	0	26	-1	0	17	-1	18
c12727	18	-1	0	4	-1	0	0	11	0	37	-1	-1	0	-1	0	0	-1	-1	34	0	20	0	-1	35	0	0	0	4	20	0
c12730	0	9	-1	27	-1	0	-1	-1	-1	0	26	0	-1	17	0	27	-1	-1	0	0	37	20	-1	0	0	-1	0	0	0	23
c12768	18	9	-1	27	0	0	-1	-1	-1	0	39	28	0	0	0	0	0	-1	27	0	0	27	18	0	5	0	5	-1	0	0
c12772	0	0	0	0	-1	0	0	11	0	0	-1	-1	0	0	0	0	17	0	-1	0	20	-1	0	37	-1	0	0	0	20	0
c12777	18	0	0	-1	0	0	0	-1	-1	0	0	0	0	0	0	0	0	0	0	0	20	0	0	35	-1	-1	0	4	20	0
c12789	0	0	0	37	33	0	31	11	0	-1	-1	0	25	-1	39	29	0	0	0	0	20	37	7	0	26	0	0	17	9	18
c12796	-1	-1	0	-1	-1	0	0	11	48	0	-1	-1	48	0	-1	-1	0	0	0	0	-1	0	0	0	0	0	0	0	20	0
c12802	6	21	0	0	-1	-1	31	-1	0	0	0	0	0	-1	39	0	8	0	-1	0	-1	0	-1	0	-1	17	-1	17	0	18
c12823	0	9	-1	27	0	0	-1	-1	0	0	39	0	0	-1	0	43	0	-1	0	0	-1	0	18	0	-1	0	0	-1	0	0
c12852	0	9	-1	27	0	24	-1	-1	0	0	0	0	0	0	6	-1	0	0	0	0	0	4	18	0	-1	0	-1	0	0	0
c12905	0	9	-1	-1	0	45	0	-1	39	0	11	46	0	0	0	-1	0	-1	0	17	0	0	18	0	33	0	0	-1	0	-1
c12908	0	0	-1	0	33	-1	31	11	0	0	50	0	-1	0	39	0	-1	0	0	-1	20	0	7	-1	26	0	0	17	9	18
c12916	0	40	0	0	33	37	31	11	47	0	44	-1	-1	0	39	0	0	0	-1	0	20	39	7	1	26	33	0	17	37	18
c12925	14	0	-1	0	43	-1	-1	11	0	0	48	0	0	0	0	1	-1	-1	-1	0	20	0	20	-1	0	-1	0	0	20	0
c12931	9	9	-1	27	46	0	0	-1	0	0	0	0	-1	0	0	0	0	0	0	0	0	0	18	-1	0	-1	-1	0	20	0
c12938	-1	0	0	0	49	37	0	11	13	-1	-1	20	0	0	0	7	0	9	0	32	20	0	-1	0	0	-1	18	4	-1	0
c12940	0	-1	-1	-1	0	0	-1	-1	-1	0	0	0	-1	0	-1	17	-1	0	-1	-1	0	0	18	20	40	0	24	17	0	14
c12986	-1	0	-1	47	21	0	0	11	22	0	0	-1	0	-1	-1	-1	-1	45	-1	0	20	-1	0	9	0	0	0	9	20	-1
c13010	-1	0	0	0	48	0	-1	11	18	-1	0	20	0	0	-1	0	0	0	-1	0	-1	0	0	0	5	0	0	-1	20	37
c13015	0	0	0	-1	0	0	0	-1	-1	-1	0	-1	0	49	0	0	0	0	-1	-1	20	-1	0	0	0	37	0	-1	20	0
c13041	14	0	33	0	-1	-1	27	11	0	-1	0	0	0	-1	0	1	0	0	-1	0	20	0	0	9	-1	-1	0	-1	20	33
c13043	0	0	43	0	0	0	-1	-1	0	0	0	0	0	40	-1	38	0	42	0	0	20	0	0	0	0	0	0	0	-1	0
c13062	18	0	22	0	-1	-1	-1	11	-1	0	0	0	20	0	0	0	-1	0	0	0	20	-1	-1	0	-1	-1	0	0	20	0
c13079	-1	0	-1	11	-1	7	0	-1	25	0	39	-1	-1	0	39	-1	0	0	0	26	20	0	-1	-1	-1	-1	0	20	-1	0
c13108	-1	0	-1	48	0	0	0	11	0	0	0	1	0	0	0	33	-1	0	-1	-1	20	-1	-1	-1	-1	0	0	-1	20	-1
c13112	0	-1	0	-1	-1	0	0	11	0	0	43	0	0	0	17	1	-1	0	-1	0	20	-1	49	9	0	0	0	18	20	39
c13118	-1	0	50	-1	-1	0	0	-1	48	-1	-1	0	48	0	22	0	0	-1	34	0	20	22	-1	0	0	0	0	-1	20	0
c13140	0	0	27	0	-1	18	0	11	0	43	0	0	0	-1	-1	1	-1	0	-1	1	20	29	20	9	0	0	-1	25	20	45
c13146	0	-1	0	42	-1	0	0	11	0	0	0	1	-1	0	0	0	26	0	-1	0	20	11	0	-1	0	0	0	0	20	-1
c13147	0	47	0	-1	33	0	0	11	0	0	0	1	-1	0	0	0	-1	0	-1	-1	20	11	-1	0	0	0	0	0	20	-1
c13179	48	0	0	0	0	49	0	11	37	0	0	1	0	0	0	0	0	0	-1	0	20	22	21	4	0	11	0	40	20	-1
c13196	18	14	32	0	-1	-1	0	11	0	-1	0	0	0	0	0	-1	0	0	0	0	20	27	0	35	0	1	-1	4	-1	0
c13219	-1	0	20	0	0	0	0	11	22	0	0	1	25	0	0	0	0	-1	-1	0	20	22	0	0	43	11	0	0	20	0
c13248	22	9	-1	27	0	0	-1	-1	0	0	39	-1	0	0	0	43	0	-1	0	0	-1	0	18	0	0	-1	0	-1	0	0
c13273	0	0	25	-1	-1	0	0	-1	-1	0	-1	-1	0	0	0	1	24	0	-1	14	-1	29	20	9	-1	0	0	0	20	-1
c13274	18	0	0	0	0	0	0	11	0	0	-1	0	0	33	0	0	0	0	0	-1	20	0	0	-1	-1	0	0	4	20	3
c13286	0	0	0	0	33	0	-1	11	0	-1	0	49	-1	0	39	0	-1	0	-1	0	20	0	7	0	26	-1	0	17	0	18
c13289	-1	24	0	42	0	0	-1	11	0	-1	1	-1	0	41	0	0	0	29	-1	37	20	0	0	0	0	33	33	-1	20	-1
c13300	0	0	-1	11	27	7	0	11	25	0	39	-1	47	0	39	17	0	0	0	26	20	0	-1	-1	18	-1	0	20	0	-1
c13342	49	0	0	0	0	0	-1	-1	0	0	43	0	0	0	0	1	0	0	-1	0	20	13	0	9	40	-1	-1	-1	20	-1
c13370	-1	9	-1	27	0	0	-1	-1	0	0	40	0	-1	22	-1	0	0	0	0	0	-1	-1	18	0	-1	0	-1	17	0	14
c13381	0	18	0	-1	-1	0	31	11	0	-1	44	0	25	0	39	-1	0	0	0	0	20	39	7	-1	26	33	0	17	37	18
c13388	18	0	0	0	7	0	-1	11	0	0	0	0	48	0	-1	0	14	-1	-1	0	20	0	5	0	0	0	0	40	20	0
c13395	0	0	0	0	33	-1	31	11	39	39	0	0	0	0	39	0	0	-1	48	0	-1	-1	7	0	26	-1	27	17	0	18
c13397	0	0	-1	0	-1	0	31	11	0	-1	0	0	40	0	39	-1	7	-1	0	-1	-1	0	-1	0	26	5	0	17	0	18
c13434	18	0	22	0	0	0	-1	11	0	0	0	0	20	0	0	0	50	0	0	15	-1	0	0	-1	27	0	0	6	20	-1
c13437	0	0	-1	11	27	7	0	-1	25	0	39	-1	47	0	-1	17	0	35	0	26	20	0	21	-1	-1	-1	-1	20	0	-1
c13442	0	9	-1	-1	37	0	0	-1	0	0	-1	37	-1	-1	33	27	0	0	0	0	37	-1	18	-1	33	-1	-1	0	0	0
c13466	0	-1	0	0	-1	19	0	11	0	0	27	7	0	0	-1	1	0	-1	-1	0	-1	27	0	9	0	0	0	18	-1	0
c13510	0	27	0	0	0	0	0	-1	0	0	0	1	0	0	-1	-1	0	0	-1	47	20	22	0	0	0	11	0	0	20	-1
c13551	0	0	43	0	0	-1	-1	11	0	0	50	0	0	40	-1	-1	0	42	0	-1	20	0	0	0	0	0	0	-1	0	0
c13552	-1	0	15	0	43	50	0	-1	21	0	0	0	-1	0	0	-1	0	0	-1	0	-1	0	20	9	0	-1	0	0	20	0
c13593	18	4	22	0	20	21	0	-1	40	0	-1	0	20	0	40	0	35	-1	0	0	20	0	0	0	-1	-1	0	-1	20	0
c13600	0	-1	-1	27	0	-1	-1	-1	-1	0	4	0	-1	0	6	-1	-1	0	0	0	0	43	18	0	0	0	0	0	0	-1
c13601	0	-1	-1	27	-1	-1	-1	-1	-1	-1	4	-1	0	0	6	0	0	0	-1	0	-1	43	18	-1	-1	0	0	0	0	0
c13616	0	0	25	35	33	0	31	11	29	0	0	-1	25	0	39	-1	-1	-1	0	0	20	-1	7	-1	26	33	0	17	37	18
c13640	0	0	0	0	-1	21	0	11	0	0	0	1	0	0	0	0	0	0	-1	0	20	-1	-1	47	0	37	-1	0	20	0
c13641	0	0	0	0	0	0	-1	11	0	0	0	1	0	0	0	0	0	0	-1	-1	20	-1	0	47	0	37	-1	0	20	0
c13648	-1	-1	-1	27	0	0	-1	-1	0	0	39	0	0	0	0	43	6	0	0	40	0	-1	18	0	0	0	0	-1	0	0
c13649	-1	9	-1	27	0	-1	-1	-1	0	0	-1	0	0	0	-1	43	6	0	0	40	27	0	18	0	0	-1	-1	-1	0	0
c13660	0	-1	-1	-1	-1	24	-1	-1	1	0	39	-1	0	0	6	0	0	0	0	0	-1	0	18	0	0	0	0	0	0	0
c13661	0	-1	-1	27	0	24	22	-1	-1	0	-1	-1	0	0	-1	0	0	-1	0	-1	0	0	-1	0	0	-1	-1	0	0	0
c13664	-1	-1	-1	27	0	-1	-1	-1	0	0	39	22	0	0	-1	0	-1	0	0	21	0	-1	18	0	5	-1	5	-1	0	0
c13665	18	9	-1	27	0	0	-1	-1	0	0	39	22	0	0	0	0	0	0	0	21	0	-1	18	0	5	0	5	-1	0	0
c13691	0	9	-1	27	0	24	-1	-1	-1	0	35	0	0	0	6	0	21	-1	0	0	40	0	18	-1	0	22	0	0	0	0
c13693	-1	-1	0	-1	0	-1	0	11	0	0	0	1	25	0	0	0	0	0	-1	0	20	22	-1	0	43	11	0	11	20	0
c13699	0	9	-1	27	0	0	0	-1	-1	0	0	0	0	0	0	0	-1	0	0	18	0	0	18	0	1	-1	0	-1	0	43
c13701	0	9	-1	27	0	0	0	-1	0	35	0	-1	-1	0	0	0	-1	0	48	18	0	0	18	-1	1	40	-1	-1	0	-1
c13765	-1	49	-1	11	27	7	0	11	25	13	39	-1	47	0	39	17	-1	-1	-1	26	20	0	0	-1	18	-1	0	20	0	-1
c13769	0	0	43	0	0	0	0	11	0	0	-1	0	0	40	39	38	45	42	0	0	20	-1	0	0	0	-1	0	-1	-1	-1
c13776	0	0	0	0	0	-1	-1	11	-1	0	0	0	0	0	0	-1	0	0	-1	0	20	29	20	9	0	0	0	0	20	0
c13780	0	0	0	-1	0	7	-1	11	21	0	0	-1	0	-1	-1	-1	-1	0	39	26	20	11	-1	0	18	-1	36	0	0	25
c13832	0	0	-1	-1	0	0	0	11	0	0	0	1	0	-1	0	0	0	0	-1	0	20	-1	42	0	0	37	0	0	20	0
c13834	0	-1	0	-1	0	0	50	11	0	-1	-1	1	14	0	0	0	0	0	-1	0	-1	-1	-1	9	0	-1	-1	0	20	40
c13836	43	25	0	0	-1	-1	31	11	0	-1	-1	0	0	0	39	0	-1	0	0	-1	20	0	7	0	26	0	-1	17	-1	18
c13847	0	0	0	-1	0	0	-1	-1	0	0	0	0	-1	0	0	4	-1	0	0	0	20	0	21	0	39	0	0	27	20	14
c13852	0	0	0	0	-1	-1	31	-1	0	39	35	0	0	0	39	0	13	0	0	0	-1	0	7	0	26	15	-1	17	0	18
c13871	-1	4	0	0	-1	-1	31	11	0	-1	0	1	0	7	-1	0	0	0	0	0	20	0	7	40	-1	0	42	17	30	-1
c13881	0	0	0	27	-1	-1	31	-1	0	-1	-1	0	0	0	-1	0	1	0	-1	0	20	-1	7	0	26	0	0	17	-1	18
c13886	0	43	-1	0	33	0	-1	11	0	39	-1	0	0	-1	39	0	0	47	0	20	20	0	-1	24	26	40	-1	-1	0	-1
c13888	0	9	-1	-1	-1	0	43	-1	-1	0	26	-1	4	0	0	27	0	4	18	0	37	0	18	-1	-1	-1	0	0	-1	0
c13902	0	24	0	42	0	0	0	11	0	-1	-1	1	0	0	0	0	0	0	-1	18	20	0	0	0	0	-1	0	-1	-1	-1
c13903	0	24	0	42	0	0	0	11	0	0	0	1	0	0	0	0	0	0	-1	18	-1	0	-1	-1	-1	0	0	0	20	-1
c13916	0	-1	0	0	-1	0	-1	-1	0	0	0	0	25	-1	39	0	-1	0	0	0	20	11	7	0	-1	-1	40	17	0	18
c13959	-1	0	0	0	0	0	0	11	50	0	0	1	25	-1	0	0	0	-1	-1	0	20	-1	0	0	43	-1	0	-1	20	0
c14016	18	9	0	0	0	17	0	11	0	-1	-1	0	-1	-1	0	0	-1	0	-1	-1	20	-1	0	0	0	0	-1	0	-1	0
c14020	-1	0	22	0	-1	0	27	11	-1	0	0	-1	20	0	0	0	35	0	0	0	20	-1	-1	0	27	0	0	0	20	-1
c14038	0	9	-1	27	-1	17	0	-1	0	0	26	0	0	0	17	27	0	0	0	-1	-1	0	18	0	0	-1	0	0	0	0
c14054	-1	9	-1	27	0	38	-1	-1	48	-1	50	0	0	-1	0	-1	-1	0	-1	-1	0	0	18	0	31	0	0	-1	0	0
c14060	0	0	-1	-1	33	0	31	11	0	0	0	9	25	-1	39	0	0	-1	0	-1	20	0	7	0	26	14	-1	17	0	18
c14063	-1	0	-1	-1	-1	0	31	11	0	39	17	0	-1	0	39	0	-1	0	0	0	20	0	-1	0	-1	0	-1	17	0	18
c14090	18	0	22	0	0	0	11	11	0	0	0	-1	20	0	0	0	50	0	0	15	20	-1	0	2	-1	0	0	6	20	-1
c14091	-1	0	22	0	0	0	11	11	0	-1	0	0	20	-1	0	0	50	0	0	15	20	-1	0	2	-1	0	0	-1	20	0
c14150	37	0	0	0	0	0	-1	11	0	48	0	-1	-1	48	-1	0	0	0	-1	-1	20	-1	0	37	-1	39	0	0	20	0
c14151	-1	-1	0	0	0	0	0	11	0	48	-1	-1	-1	48	0	0	-1	0	-1	-1	20	-1	0	37	0	-1	0	0	20	0
c14152	0	-1	0	0	33	0	-1	11	0	0	0	48	25	0	39	-1	0	0	0	0	20	0	-1	0	-1	0	0	17	9	18
c14154	0	-1	-1	0	33	-1	-1	-1	0	39	-1	0	0	0	39	0	13	0	0	35	20	-1	7	-1	26	-1	0	-1	0	-1
c14195	0	0	40	0	33	0	-1	-1	0	7	0	-1	25	0	-1	48	46	9	0	0	20	0	7	-1	26	0	-1	17	9	18
c14198	0	0	0	0	0	0	0	-1	-1	0	-1	1	14	-1	0	0	0	0	-1	0	20	-1	-1	-1	17	0	0	0	20	-1
c14199	0	0	0	-1	0	0	0	11	-1	0	-1	1	14	0	-1	0	0	0	-1	-1	20	-1	-1	9	17	0	0	-1	20	0
c14202	22	9	-1	27	0	0	-1	-1	0	-1	39	0	0	0	0	43	0	0	0	0	0	0	18	7	-1	0	0	-1	0	-1
c14205	0	0	-1	11	27	7	0	11	25	0	39	-1	47	0	39	17	0	-1	0	26	20	0	-1	-1	-1	-1	48	20	32	0
c14236	0	9	-1	27	0	0	0	-1	0	0	0	27	0	0	0	0	-1	0	-1	-1	-1	-1	-1	0	0	0	-1	0	0	0
c14243	0	9	-1	27	0	0	0	-1	-1	-1	0	0	-1	-1	0	0	0	-1	0	18	0	0	18	-1	21	0	0	0	0	-1
c14245	18	-1	22	0	21	1	11	-1	0	0	0	0	20	0	0	0	0	35	0	-1	20	0	0	0	27	0	0	6	20	-1
c14251	0	0	-1	0	33	-1	31	11	0	39	0	47	0	0	39	0	40	0	-1	-1	20	0	7	0	26	0	3	17	22	18
c14286	0	9	-1	27	0	0	0	-1	-1	0	43	-1	0	0	0	0	0	0	39	18	-1	47	18	0	1	0	0	0	0	0
c14299	0	-1	0	0	33	0	31	-1	0	39	0	0	0	0	-1	-1	0	0	0	0	20	0	-1	0	26	0	-1	-1	7	18
c14315	0	0	0	-1	-1	-1	-1	11	0	0	0	-1	0	0	39	17	0	4	39	-1	20	-1	0	0	-1	-1	0	-1	4	0
c14329	-1	-1	0	0	0	-1	48	11	0	21	0	-1	4	-1	0	0	0	0	-1	0	20	0	0	35	1	7	-1	4	-1	0
c14347	0	-1	-1	27	0	45	0	-1	39	-1	0	-1	0	0	0	50	-1	0	0	17	0	-1	18	-1	33	0	0	-1	-1	0
c14357	0	9	-1	27	0	24	0	-1	-1	0	18	-1	40	33	6	0	0	0	35	0	31	0	18	0	-1	0	0	25	0	-1
c14358	0	-1	0	-1	0	0	40	-1	0	-1	-1	-1	-1	0	0	0	0	0	-1	0	20	-1	0	-1	-1	0	0	-1	20	0
c14371	0	0	-1	40	21	0	0	-1	0	0	0	0	11	0	0	1	15	-1	-1	0	20	0	0	-1	0	0	0	18	20	-1
c14374	-1	9	-1	-1	27	0	-1	-1	5	0	50	50	0	0	0	-1	-1	0	0	27	47	0	18	0	-1	0	-1	0	0	0
c14382	18	28	0	-1	0	0	0	11	0	-1	17	0	39	0	-1	1	14	35	-1	0	20	0	48	35	0	-1	0	-1	-1	25
c14384	0	9	-1	27	0	0	0	-1	-1	7	-1	0	0	-1	0	-1	0	1	0	0	0	17	18	0	0	0	-1	0	0	21
c14411	0	-1	0	42	0	0	-1	11	0	0	1	1	18	41	0	0	-1	0	-1	0	-1	0	0	0	0	33	33	-1	20	-1
c14427	26	9	-1	27	0	45	-1	-1	39	0	-1	-1	-1	0	-1	-1	0	0	0	17	0	0	18	-1	33	0	0	0	0	0
c14430	17	9	-1	27	0	0	19	-1	-1	18	50	27	40	0	0	0	0	0	28	0	0	0	18	48	37	0	-1	0	27	0
c14438	0	0	26	-1	0	0	-1	11	17	0	20	0	0	-1	0	-1	0	-1	-1	0	20	0	0	9	-1	48	0	0	20	0
c14444	18	-1	0	-1	0	0	-1	11	48	0	0	0	48	0	22	-1	0	46	0	39	20	22	-1	-1	0	0	0	0	20	0
c14450	24	0	11	-1	0	7	21	11	0	49	42	-1	-1	0	-1	-1	0	0	41	26	20	0	0	27	18	34	37	0	25	0
c14460	0	9	-1	-1	0	-1	22	-1	-1	0	0	0	0	0	0	43	0	-1	40	18	0	0	18	0	0	0	-1	0	0	-1
c14483	6	0	0	0	0	0	0	11	0	0	-1	1	-1	0	0	-1	37	0	-1	0	20	-1	-1	0	0	-1	0	-1	20	0
c14487	18	0	0	-1	1	0	-1	11	35	0	0	0	-1	0	0	0	0	0	0	0	-1	0	-1	-1	0	0	-1	-1	20	35
c14491	0	0	0	32	33	-1	-1	11	0	39	0	0	-1	0	39	-1	-1	0	0	0	-1	0	-1	0	-1	37	-1	-1	0	18
c14501	0	0	0	0	-1	-1	31	11	0	0	-1	0	25	0	-1	-1	0	0	0	0	-1	0	7	-1	26	-1	0	-1	0	18
c14504	18	0	0	0	0	37	0	11	13	0	33	7	0	0	0	0	0	9	0	32	20	0	-1	37	0	0	18	4	20	0
c14510	18	0	32	0	-1	0	39	-1	-1	-1	0	0	0	-1	0	0	0	0	0	0	20	17	0	35	0	0	0	4	20	-1
c14546	18	-1	22	0	0	0	39	11	0	0	-1	0	20	-1	-1	0	0	0	25	0	20	1	0	0	27	4	-1	0	-1	37
c14557	-1	0	43	0	0	0	0	11	39	0	-1	0	-1	0	-1	-1	25	42	-1	0	20	0	0	-1	28	0	-1	0	-1	0
c14558	0	-1	-1	27	0	25	0	-1	-1	0	0	0	-1	49	0	0	0	0	0	-1	18	0	18	0	45	0	-1	0	0	21
c14563	18	0	35	-1	33	32	31	11	-1	-1	0	0	0	0	-1	0	-1	0	0	0	20	0	-1	-1	26	0	-1	17	0	18
c14582	0	0	0	0	33	-1	-1	11	0	39	0	0	0	0	39	0	13	-1	0	0	20	-1	7	0	26	15	-1	17	0	18
c14587	0	-1	40	11	27	7	0	11	25	0	39	-1	47	0	39	17	0	-1	0	-1	20	0	-1	-1	18	-1	0	20	0	-1
c14593	0	9	-1	27	0	0	0	-1	0	0	0	0	9	49	0	-1	0	0	0	0	18	0	18	0	45	0	0	0	-1	21
c14612	0	9	-1	27	0	0	43	-1	0	-1	26	-1	4	-1	-1	27	0	4	-1	0	-1	0	18	0	0	-1	-1	0	0	33
c14621	18	-1	-1	27	-1	-1	-1	-1	-1	-1	-1	37	4	-1	0	0	0	0	-1	0	0	0	-1	7	-1	-1	-1	-1	11	0
c14644	0	0	1	27	0	0	0	11	-1	0	0	-1	-1	0	2	25	0	0	-1	0	-1	0	0	0	-1	35	4	-1	20	0
c14691	-1	0	0	0	0	0	0	11	0	0	43	6	-1	-1	0	1	0	-1	-1	0	20	0	0	-1	-1	0	0	18	20	-1
c14710	0	0	0	-1	0	-1	5	-1	0	4	0	-1	40	0	39	17	49	0	0	26	-1	0	0	-1	-1	-1	0	20	0	0
c14739	-1	0	27	0	40	-1	39	11	0	-1	0	-1	0	0	0	0	-1	-1	0	0	20	0	21	0	-1	0	-1	-1	20	1
c14754	0	-1	-1	-1	0	0	43	-1	0	0	-1	-1	4	0	0	27	36	4	0	-1	37	0	18	0	0	-1	-1	0	0	0
c14756	-1	0	0	0	0	0	0	11	0	0	0	-1	-1	0	-1	0	0	39	-1	-1	-1	-1	0	-1	0	0	0	0	20	0
c14760	-1	9	-1	27	-1	0	0	-1	0	0	26	0	38	-1	0	27	27	-1	0	0	37	0	18	0	0	0	0	0	-1	-1
c14772	0	0	0	0	33	0	31	11	0	39	0	0	-1	27	39	0	0	0	24	-1	20	27	7	0	26	-1	0	17	-1	18
c14784	0	-1	0	14	0	0	0	11	-1	-1	-1	0	0	0	-1	-1	-1	-1	-1	0	20	29	20	-1	0	0	48	0	20	17
c14811	18	9	-1	-1	0	0	-1	-1	0	0	39	27	0	0	0	-1	0	0	0	0	0	0	18	0	5	0	5	-1	-1	0
c14823	0	-1	-1	48	-1	0	0	-1	0	0	0	1	0	0	0	33	0	0	-1	0	-1	-1	0	0	0	0	0	-1	-1	0
c14826	-1	9	-1	27	0	0	-1	-1	0	26	39	0	0	0	0	-1	0	0	0	0	0	0	-1	0	-1	0	0	-1	-1	0
c14827	-1	9	-1	27	0	-1	-1	-1	0	26	39	0	0	0	0	43	0	0	0	0	9	0	18	0	-1	0	-1	-1	0	0
c14832	0	0	0	48	-1	0	31	-1	25	39	0	-1	0	0	39	0	-1	0	-1	0	20	0	7	0	26	0	0	17	0	18
c14834	18	-1	22	-1	0	0	39	11	0	0	0	0	20	0	30	0	0	46	25	48	-1	1	0	0	-1	0	-1	0	20	37
c14845	0	0	0	0	33	0	-1	11	0	39	0	-1	0	0	39	0	40	-1	0	-1	20	0	7	-1	26	17	0	-1	-1	18
c14864	-1	9	-1	27	0	0	48	-1	-1	-1	30	0	-1	0	0	0	-1	0	0	18	0	0	18	-1	0	-1	0	0	-1	39
c14865	0	9	-1	27	-1	0	-1	-1	-1	-1	30	0	-1	0	0	0	0	0	-1	18	0	0	18	43	0	0	0	0	-1	39
c14872	18	-1	-1	27	-1	0	-1	-1	0	0	39	0	0	-1	0	-1	0	0	0	0	0	0	18	0	5	0	-1	-1	0	0
c14880	0	0	-1	11	27	7	27	-1	25	0	39	-1	47	0	39	17	0	0	39	26	-1	-1	0	-1	18	-1	0	-1	0	33
c14895	18	-1	-1	0	-1	17	-1	11	-1	18	0	0	48	-1	0	37	0	-1	48	15	20	-1	0	0	0	-1	-1	0	20	-1
c14914	0	39	-1	-1	18	7	-1	-1	21	0	-1	-1	0	0	39	17	0	0	39	26	20	11	0	0	18	40	0	0	0	0
c14915	0	-1	40	-1	0	7	0	11	-1	-1	0	-1	0	0	39	17	0	0	39	26	-1	11	0	0	18	-1	0	0	0	0
c14925	0	43	1	0	-1	0	-1	11	-1	17	0	-1	-1	0	22	0	-1	0	-1	0	20	0	0	11	33	35	4	0	20	21
c14957	0	9	-1	27	0	0	0	-1	0	0	0	-1	0	-1	-1	0	0	0	0	18	0	0	18	43	0	0	0	0	0	39
c14962	-1	9	-1	27	-1	0	-1	-1	0	0	-1	22	0	0	0	0	0	0	0	21	0	-1	18	0	5	0	5	-1	0	0
c14963	18	-1	-1	27	0	-1	-1	-1	-1	0	39	22	-1	0	-1	0	0	0	0	21	0	-1	18	0	5	0	5	-1	0	0
c14977	0	9	-1	-1	0	45	0	-1	39	0	0	46	24	-1	-1	50	-1	-1	27	17	0	0	18	4	33	0	0	0	0	0
c14992	0	-1	0	0	33	50	31	11	-1	39	0	0	0	0	39	0	0	0	-1	20	20	0	7	0	26	0	-1	17	0	18
c15042	0	27	0	-1	25	0	0	11	0	0	0	-1	0	0	0	-1	0	0	-1	-1	20	22	0	0	-1	11	0	0	20	-1
c15055	0	0	25	-1	0	0	0	11	0	0	0	0	-1	0	0	1	0	0	-1	0	20	29	20	9	-1	0	-1	0	20	0
c15081	0	9	-1	27	-1	0	48	-1	0	0	0	27	0	-1	0	0	0	-1	28	0	0	0	18	0	-1	0	18	9	-1	-1
c15083	18	0	0	0	1	29	0	11	-1	0	0	20	0	0	0	0	0	0	0	0	-1	0	-1	0	-1	0	0	4	20	0
c15094	18	14	0	0	0	0	2	11	0	46	0	0	0	0	0	-1	22	0	0	0	20	0	0	35	0	0	-1	-1	20	0
c15097	0	0	0	-1	0	7	5	11	0	4	-1	-1	40	0	39	-1	-1	0	0	-1	-1	0	0	-1	18	-1	-1	20	-1	0
c15134	6	21	45	0	-1	-1	31	-1	0	0	0	0	0	0	39	0	8	-1	0	-1	20	33	7	0	-1	17	46	17	0	18
c15140	0	0	0	0	33	0	31	11	0	0	-1	0	25	0	39	0	0	0	0	0	20	0	7	0	26	14	0	17	0	18
c15144	0	43	1	-1	0	0	0	11	-1	-1	-1	-1	0	0	0	0	-1	0	-1	0	20	-1	-1	0	33	35	4	0	20	0
c15148	14	0	-1	47	22	0	37	11	0	0	0	0	0	0	28	-1	0	0	-1	-1	20	0	0	9	0	0	0	-1	-1	20
c15160	0	-1	-1	27	0	0	-1	-1	-1	0	39	0	0	0	0	43	6	-1	0	0	0	43	18	-1	0	0	0	-1	0	0
c15163	0	9	-1	0	0	0	0	11	0	-1	0	1	0	-1	-1	0	-1	0	-1	0	20	-1	-1	0	0	1	-1	0	20	0
c15178	-1	0	0	0	0	0	0	11	0	0	0	-1	-1	0	0	0	0	0	-1	-1	-1	-1	33	-1	0	-1	0	0	20	0
c15197	0	0	0	-1	33	32	31	11	0	39	-1	0	0	0	-1	0	-1	0	0	0	20	0	-1	0	-1	0	-1	17	0	18
c15200	0	0	0	-1	0	7	0	11	-1	0	0	-1	6	0	39	17	39	0	39	26	20	-1	0	0	-1	0	48	0	36	38
c15201	0	0	0	-1	0	7	0	11	40	0	0	-1	6	0	39	17	39	0	39	26	20	0	0	0	-1	-1	-1	0	-1	-1
c15210	18	0	0	0	-1	50	0	11	0	0	0	20	0	22	-1	0	0	0	18	-1	20	1	-1	0	27	28	18	4	20	0
c15234	18	0	0	-1	0	0	0	11	48	-1	0	0	48	0	-1	0	0	0	0	0	20	-1	0	0	0	-1	0	-1	20	0
c15240	0	9	-1	27	0	0	-1	-1	0	-1	45	0	0	49	0	-1	0	-1	0	0	-1	17	-1	-1	0	0	0	-1	0	-1
c15253	33	0	0	-1	0	7	0	11	25	-1	39	-1	-1	0	-1	17	0	0	0	26	20	1	27	-1	18	-1	0	-1	26	-1
c15303	0	9	-1	27	0	0	48	-1	0	-1	0	-1	0	-1	0	-1	0	0	28	0	9	0	18	-1	0	0	-1	-1	0	0
c15311	-1	-1	0	0	0	0	0	11	37	0	-1	1	0	0	0	0	0	0	-1	0	20	22	21	-1	0	11	0	0	-1	11
c15314	39	9	-1	27	0	0	0	-1	-1	0	26	0	-1	21	-1	27	27	0	0	0	37	0	-1	0	0	32	-1	18	-1	0
c15325	0	9	-1	27	0	0	0	-1	0	0	26	18	0	0	17	27	0	-1	0	0	37	0	18	0	40	-1	25	22	-1	0
c15328	18	-1	22	-1	-1	0	39	11	0	0	0	-1	20	0	30	0	0	0	25	0	20	1	-1	-1	27	-1	0	0	20	-1
c15335	0	9	-1	27	40	24	-1	-1	-1	-1	-1	0	0	0	6	0	0	0	0	-1	0	0	18	23	0	-1	0	0	-1	0
c15350	0	0	0	0	-1	-1	-1	-1	29	-1	-1	1	0	-1	0	0	0	0	-1	0	-1	-1	0	14	48	0	-1	0	20	0
c15370	0	0	0	-1	-1	-1	-1	11	1	39	25	0	0	0	39	17	0	0	-1	-1	20	0	7	0	26	0	7	17	9	18
c15371	0	0	0	0	33	0	31	11	1	39	25	-1	0	0	39	17	0	0	0	-1	20	0	7	0	26	0	-1	17	9	-1
c15381	0	0	0	11	0	7	-1	11	0	4	-1	-1	-1	-1	-1	17	49	0	-1	26	-1	-1	0	-1	18	-1	0	20	0	-1
c15411	0	-1	0	-1	0	0	0	11	0	0	0	1	0	-1	-1	0	0	0	-1	0	20	11	0	0	0	0	0	0	20	-1
c15413	0	39	0	0	-1	7	31	11	1	39	0	0	0	0	-1	0	13	0	0	0	20	-1	7	0	26	-1	0	17	0	18
c15432	18	0	-1	0	0	0	11	11	-1	0	0	-1	20	0	0	0	50	0	0	15	20	20	0	-1	27	0	-1	6	20	0
c15436	18	-1	-1	0	20	21	0	-1	-1	22	0	0	20	0	0	48	0	-1	0	0	20	0	0	0	27	-1	27	0	20	0
c15437	18	4	22	-1	20	21	-1	-1	40	22	0	0	20	0	0	48	-1	-1	0	0	20	0	0	0	27	-1	27	-1	20	0
c15444	0	-1	0	0	0	0	17	11	0	-1	27	7	0	20	1	1	0	-1	-1	0	20	27	0	9	0	0	0	-1	20	0
c15446	-1	0	0	0	33	0	-1	11	0	0	0	0	25	-1	39	0	0	-1	0	0	20	0	-1	-1	26	14	0	17	28	18
c15500	0	0	0	0	33	-1	31	11	0	39	0	-1	40	0	39	-1	-1	-1	0	0	20	0	7	0	26	5	18	-1	0	-1
c15501	0	0	0	0	33	0	31	11	0	39	0	0	-1	0	39	0	-1	0	0	0	20	0	7	-1	26	5	-1	17	0	18
c15511	0	-1	0	0	33	0	31	11	0	-1	0	48	25	-1	-1	-1	0	-1	0	0	-1	-1	7	0	26	-1	-1	17	-1	18
c15513	40	-1	0	0	-1	-1	-1	11	-1	0	0	0	0	-1	0	1	0	0	-1	-1	-1	29	-1	-1	-1	0	0	0	-1	-1
c15528	0	9	-1	27	0	0	0	-1	-1	-1	26	18	0	0	17	27	-1	0	0	-1	37	0	18	0	0	-1	25	39	0	0
c15532	0	0	0	0	0	0	0	11	-1	0	0	0	-1	0	0	-1	17	-1	-1	-1	-1	29	20	-1	0	0	48	0	20	0
c15538	0	9	-1	27	-1	-1	19	-1	0	18	50	27	40	0	0	0	0	0	28	0	0	0	18	0	0	0	-1	0	-1	0
c15549	0	0	0	0	-1	0	31	11	-1	0	39	0	-1	-1	39	0	0	0	-1	0	20	-1	7	0	26	33	0	17	-1	18
c15585	33	0	0	11	0	7	-1	-1	-1	0	39	-1	47	0	39	17	0	-1	0	-1	-1	1	50	-1	18	-1	0	-1	26	0
c15603	18	0	-1	0	0	0	-1	-1	18	0	0	0	40	33	0	0	0	0	26	0	-1	0	-1	0	0	49	0	-1	20	0
c15615	18	-1	11	1	0	9	17	11	0	-1	0	33	48	0	0	-1	0	0	0	0	20	0	5	0	0	34	0	-1	20	25
c15617	-1	-1	0	11	0	7	0	11	0	-1	-1	-1	0	0	-1	17	0	37	0	-1	20	0	9	-1	18	-1	0	20	0	0
c15618	18	9	-1	27	37	-1	-1	-1	0	-1	39	37	4	0	0	0	0	0	-1	0	0	0	18	7	5	0	5	-1	11	0
c15629	0	9	-1	-1	0	25	0	-1	0	18	0	27	0	40	0	0	0	0	28	0	0	0	-1	40	0	0	18	0	0	0
c15648	0	0	43	9	-1	-1	0	11	-1	0	0	0	0	40	39	38	0	-1	0	0	20	0	0	-1	-1	48	-1	-1	-1	1
c15653	18	5	0	0	-1	0	-1	11	0	-1	0	20	0	0	0	0	-1	0	0	0	20	0	-1	0	-1	0	0	-1	20	0
c15660	-1	-1	0	0	-1	0	0	11	37	17	0	-1	17	21	0	0	0	35	-1	0	20	22	21	4	0	11	0	0	20	11
c15670	0	0	-1	-1	27	7	0	11	25	-1	39	-1	47	-1	39	-1	0	-1	0	26	-1	0	0	-1	18	-1	-1	20	-1	0
c15687	-1	0	0	0	33	27	31	11	0	39	0	0	0	0	39	0	-1	0	-1	0	20	27	7	0	26	-1	0	17	0	-1
c15690	0	22	0	0	-1	-1	0	11	0	-1	0	0	0	0	0	0	0	0	-1	35	20	0	0	9	-1	0	-1	0	20	0
c15695	-1	0	-1	0	33	0	31	11	-1	0	0	-1	-1	0	39	0	0	0	0	0	20	-1	7	0	26	0	0	-1	9	18
c15698	-1	-1	0	-1	21	0	0	11	22	0	0	-1	0	0	-1	0	-1	45	-1	-1	20	-1	0	-1	0	0	0	9	20	0
c15701	-1	9	-1	27	0	0	-1	-1	0	-1	39	0	0	25	0	-1	-1	-1	0	0	0	0	18	-1	5	0	5	-1	0	0
c15706	0	0	25	0	0	26	36	11	22	-1	-1	-1	-1	0	0	1	0	0	-1	0	20	29	20	9	-1	0	0	-1	20	-1
c15719	0	0	0	0	-1	-1	0	-1	0	0	0	-1	-1	0	0	-1	0	0	-1	-1	20	-1	-1	0	18	0	-1	0	20	0
c15727	0	0	0	0	-1	0	-1	11	0	0	0	-1	0	0	0	0	0	-1	-1	-1	20	-1	-1	0	4	0	-1	0	20	0
c15759	0	9	-1	-1	0	27	0	-1	-1	0	0	0	0	0	0	27	0	0	0	18	0	-1	18	0	0	18	0	0	0	23
c15768	-1	-1	0	0	-1	-1	0	11	0	0	-1	1	0	48	-1	-1	0	-1	-1	0	-1	-1	0	0	0	1	0	0	-1	0
c15784	0	9	-1	27	0	50	0	-1	0	-1	0	27	0	0	0	0	42	-1	28	0	0	-1	18	0	0	0	18	34	0	0
c15793	0	9	-1	27	0	0	0	-1	0	0	28	27	0	0	48	39	0	21	28	0	9	-1	18	0	0	0	18	0	-1	0
c15796	-1	0	0	0	0	48	0	-1	0	0	-1	1	25	0	-1	0	0	40	-1	0	20	-1	0	0	43	11	0	0	20	37
c15797	-1	0	-1	0	0	48	0	11	0	0	-1	1	25	0	0	0	-1	0	-1	0	20	-1	0	0	43	11	0	4	-1	37
c15801	0	0	0	39	33	-1	31	-1	0	-1	-1	0	-1	0	39	49	0	-1	-1	0	20	0	7	0	26	14	0	17	0	18
c15803	0	9	-1	27	0	0	0	-1	-1	0	26	18	0	0	-1	27	0	21	0	0	37	0	-1	0	40	-1	25	22	0	-1
c15809	0	0	25	0	0	0	-1	11	0	0	0	0	39	0	0	1	0	-1	-1	0	20	-1	20	9	-1	0	43	0	20	-1
c15821	-1	0	0	0	33	0	31	11	-1	39	0	0	0	0	39	0	0	0	-1	0	20	0	-1	0	26	0	-1	17	7	18
c15842	-1	-1	0	0	33	0	-1	11	0	0	0	-1	25	0	39	25	0	0	0	0	20	0	7	0	26	24	0	17	9	18
c15882	18	0	22	0	-1	0	27	11	-1	0	0	0	20	0	-1	0	35	0	0	-1	20	0	9	0	27	0	48	0	20	-1
c15883	18	-1	-1	0	-1	0	27	-1	-1	0	0	0	20	0	-1	0	35	-1	0	0	20	0	9	-1	27	0	0	-1	20	0
c15884	0	9	-1	27	0	0	0	-1	0	18	0	27	0	0	0	0	0	-1	28	50	-1	0	18	0	0	0	18	0	-1	38
c15906	0	0	-1	-1	33	32	31	11	-1	39	0	0	0	0	39	0	-1	0	0	0	20	-1	-1	-1	26	-1	-1	17	-1	18
c15917	0	-1	-1	27	45	39	38	-1	-1	0	23	0	-1	49	48	0	-1	0	0	0	-1	0	18	40	0	-1	3	0	50	-1
c15931	18	9	-1	-1	0	0	-1	-1	0	0	39	0	0	0	0	-1	-1	38	0	-1	0	0	18	0	5	0	5	-1	0	0
c15937	7	-1	0	0	21	0	0	11	18	0	-1	-1	0	0	0	4	-1	0	0	0	20	48	21	0	39	0	0	-1	20	-1
c15959	-1	9	-1	27	-1	0	0	-1	0	-1	0	0	0	39	38	0	0	22	-1	18	-1	0	18	-1	0	-1	0	0	0	-1
c15965	0	9	-1	-1	-1	-1	0	-1	0	0	-1	27	0	17	0	0	0	0	28	0	0	0	18	0	-1	-1	18	0	-1	27
c15968	18	0	22	0	-1	0	22	11	0	27	0	0	20	0	0	5	0	0	-1	0	20	0	0	0	27	-1	-1	0	20	-1
c15969	18	0	22	-1	-1	-1	22	11	0	-1	-1	-1	20	0	0	-1	0	-1	0	0	20	-1	0	0	27	-1	0	0	20	0
c16001	0	0	0	0	33	-1	31	11	-1	39	0	-1	33	0	39	0	0	0	0	0	-1	0	-1	-1	26	0	-1	17	0	-1
c16007	0	9	-1	27	0	0	0	-1	0	0	0	-1	-1	0	0	0	-1	0	0	18	0	0	18	-1	-1	-1	0	-1	0	43
c16010	18	0	22	0	-1	0	-1	-1	-1	0	-1	0	20	0	-1	0	0	0	0	-1	20	-1	48	0	27	0	-1	-1	-1	0
c16040	0	0	0	43	1	0	0	11	0	0	0	1	0	0	0	0	0	0	-1	0	-1	22	0	-1	0	11	-1	0	20	0
c16045	0	27	40	0	33	0	31	11	0	0	7	-1	25	0	-1	-1	0	0	0	-1	20	0	7	-1	26	14	-1	17	25	18
c16048	0	0	-1	-1	33	32	31	11	0	39	0	0	0	0	39	0	-1	0	0	0	20	0	-1	0	26	0	-1	17	0	18
c16054	18	0	22	0	0	0	39	-1	0	0	-1	0	20	0	0	0	0	0	25	0	20	-1	0	0	27	0	-1	0	20	-1
c16082	18	9	25	-1	20	-1	9	-1	-1	0	0	-1	-1	0	0	0	0	0	0	0	20	21	0	-1	-1	-1	0	0	-1	0
c16092	-1	0	0	0	-1	-1	0	11	0	-1	-1	1	14	0	-1	-1	0	0	-1	-1	20	-1	-1	9	0	0	-1	0	-1	0
c16093	0	0	0	0	0	38	0	-1	0	0	-1	1	14	0	0	-1	0	-1	-1	0	20	-1	-1	-1	-1	0	0	0	20	0
c16129	18	-1	-1	0	0	0	0	11	0	46	0	-1	20	0	0	-1	0	-1	0	-1	20	0	35	-1	-1	21	0	37	20	0
c16133	0	0	0	29	-1	50	31	-1	0	-1	0	0	0	0	39	-1	0	0	0	20	-1	0	7	0	26	43	-1	17	0	18
c16142	0	0	0	21	0	0	0	11	-1	0	0	-1	0	49	0	0	0	0	-1	0	20	-1	-1	-1	0	37	0	0	20	-1
c16147	0	-1	-1	-1	0	-1	-1	-1	0	-1	0	0	0	0	0	24	34	0	0	-1	-1	0	18	0	20	0	0	0	0	3
c16155	-1	-1	-1	-1	50	0	0	11	0	0	-1	-1	-1	11	0	0	40	0	-1	-1	20	-1	0	0	0	30	0	0	20	-1
c16189	26	9	-1	27	0	-1	0	-1	39	0	11	46	0	0	-1	50	-1	0	0	17	0	0	18	0	33	0	0	0	0	0
c16209	0	9	-1	27	0	-1	0	-1	-1	0	0	27	0	0	0	0	0	0	28	37	-1	0	18	0	-1	-1	-1	0	-1	0
c16213	-1	-1	-1	-1	-1	0	0	-1	0	-1	0	0	0	0	0	0	0	23	0	0	0	0	18	0	0	-1	0	0	20	-1
c16226	39	9	-1	27	-1	0	0	-1	0	0	26	40	0	0	-1	27	27	-1	0	0	-1	0	18	-1	0	0	0	0	21	0
c16234	6	21	0	0	-1	-1	31	11	-1	0	0	-1	0	0	-1	0	8	48	0	0	20	0	7	-1	-1	-1	1	17	0	18
c16235	6	21	0	0	-1	-1	31	11	-1	0	0	0	0	0	-1	0	8	48	0	-1	-1	0	7	0	-1	0	1	-1	0	18
c16237	18	-1	-1	0	0	29	0	11	-1	0	0	20	0	0	0	0	-1	0	17	0	20	0	0	0	5	0	1	4	20	-1
c16249	0	0	0	-1	-1	0	31	11	0	0	1	0	25	0	39	0	0	-1	0	0	20	0	7	-1	-1	1	-1	17	-1	-1
c16254	0	47	35	42	0	0	0	11	0	0	0	1	0	0	0	0	25	0	-1	0	20	11	0	0	20	0	0	35	20	-1
c16269	0	9	-1	27	-1	20	-1	-1	0	0	0	18	0	0	0	0	-1	-1	-1	18	0	0	-1	0	1	0	0	0	0	0
c16316	0	0	0	40	0	0	0	-1	0	27	-1	0	0	0	0	4	-1	0	0	0	20	-1	-1	0	-1	0	0	27	20	0
c16326	-1	-1	0	0	33	-1	31	11	-1	0	0	18	25	0	39	31	-1	9	-1	0	20	0	7	0	-1	-1	-1	-1	0	18
c16332	0	0	-1	-1	33	0	31	-1	25	-1	-1	0	-1	0	-1	0	0	-1	0	0	20	0	-1	0	26	0	-1	-1	-1	18
c16347	40	-1	0	0	11	0	0	11	0	27	0	0	-1	0	0	18	0	0	-1	0	20	7	0	9	0	0	-1	0	-1	0
c16350	-1	9	-1	27	0	0	-1	-1	0	-1	39	-1	0	0	-1	43	0	0	0	0	0	0	18	7	0	0	0	-1	-1	0
c16352	0	9	-1	27	0	-1	0	-1	-1	0	0	-1	-1	-1	0	50	-1	22	-1	17	0	0	18	-1	33	0	0	0	0	0
c16360	0	0	0	0	33	0	31	11	0	39	0	0	0	-1	39	0	0	0	37	0	20	-1	7	0	26	0	0	17	0	-1
c16361	0	0	-1	0	33	0	31	11	0	39	0	0	0	27	39	0	0	0	37	0	20	-1	7	0	26	0	-1	17	0	18
c16374	-1	9	-1	27	0	0	0	-1	0	0	0	0	-1	-1	-1	0	0	0	0	-1	-1	17	18	0	0	39	9	0	0	21
c16375	0	-1	-1	27	0	0	-1	-1	0	0	0	0	0	-1	0	0	0	0	-1	-1	-1	17	18	0	0	39	9	0	0	-1
c16392	0	-1	0	-1	33	-1	31	11	0	-1	40	0	25	0	39	0	0	0	-1	0	20	0	7	37	26	0	-1	17	0	18
c16402	0	9	-1	27	0	24	0	-1	-1	0	35	-1	0	0	6	0	-1	-1	0	0	40	0	18	0	-1	22	0	0	0	0
c16410	20	0	0	0	0	0	15	11	0	0	0	0	35	0	0	1	0	0	-1	0	20	29	-1	9	18	0	0	0	20	0
c16423	18	46	0	0	24	18	0	11	-1	-1	0	0	0	0	0	0	0	0	0	-1	-1	-1	0	35	0	48	-1	4	-1	0
c16434	-1	-1	-1	-1	0	7	-1	11	21	-1	0	-1	-1	0	-1	17	-1	0	39	26	20	11	-1	-1	18	0	0	0	0	0
c16435	0	43	19	-1	-1	7	-1	11	21	0	-1	-1	0	0	39	17	-1	0	-1	-1	20	11	0	0	18	0	0	0	0	-1
c16439	0	9	-1	27	0	-1	35	-1	0	0	0	6	0	0	0	0	0	24	0	18	-1	-1	18	0	0	0	0	0	-1	0
c16441	18	-1	22	-1	-1	0	27	11	-1	0	-1	0	20	0	0	25	35	0	0	0	20	0	9	0	27	0	0	0	20	0
c16455	0	0	-1	11	0	7	0	11	0	-1	21	-1	0	-1	39	17	0	-1	0	26	20	0	0	-1	-1	-1	0	20	0	0
c16468	0	-1	0	0	-1	39	-1	11	1	39	0	-1	0	-1	39	-1	0	0	-1	0	20	27	7	-1	26	27	0	17	0	18
c16469	0	0	0	0	33	39	31	11	1	39	0	-1	0	0	39	0	0	-1	0	0	20	27	7	0	26	27	0	17	0	18
c16470	18	-1	22	0	0	-1	-1	11	0	-1	0	-1	-1	-1	0	0	50	0	0	15	20	0	0	2	-1	0	0	6	20	0
c16471	18	-1	22	0	0	0	11	11	0	0	0	0	20	0	0	-1	50	0	0	15	20	-1	0	2	-1	-1	0	-1	20	0
c16479	0	9	-1	27	0	0	0	-1	0	0	0	0	0	0	0	-1	-1	18	0	0	0	0	18	0	1	21	0	0	-1	0
c16527	6	-1	0	0	-1	-1	-1	11	0	0	-1	-1	0	-1	39	0	8	0	0	0	20	0	7	-1	-1	0	0	17	0	18
c16534	-1	0	22	0	0	0	25	11	0	0	0	0	20	-1	0	5	-1	0	0	0	20	0	0	-1	-1	0	-1	0	20	0
c16535	18	-1	22	0	0	0	0	-1	0	0	-1	0	20	0	0	5	0	0	0	0	20	0	0	0	27	-1	0	0	20	0
c16537	0	-1	0	0	0	-1	50	11	0	-1	-1	1	14	-1	0	9	0	0	-1	0	20	-1	-1	-1	0	-1	-1	0	20	0
c16540	18	-1	-1	27	37	0	-1	-1	0	7	39	-1	0	-1	0	-1	0	0	-1	0	-1	0	18	-1	5	0	5	-1	0	-1
c16545	-1	0	0	-1	33	32	31	11	0	39	0	0	0	0	39	0	-1	0	0	-1	20	-1	-1	-1	26	0	-1	17	9	18
c16562	-1	0	0	-1	-1	7	-1	11	0	4	-1	-1	0	1	39	17	50	37	0	26	20	-1	0	-1	18	-1	33	20	39	0
c16568	27	0	0	-1	49	0	0	-1	0	0	0	-1	-1	0	0	-1	0	0	-1	-1	-1	-1	33	0	0	0	0	-1	20	0
c16569	27	0	0	0	49	0	0	-1	-1	0	-1	-1	-1	21	0	0	0	-1	-1	-1	20	-1	33	0	0	0	0	0	20	0
c16577	0	0	27	-1	0	0	0	11	-1	-1	39	0	0	-1	-1	1	0	-1	-1	0	20	29	20	9	0	0	0	0	20	0
c16598	0	0	0	-1	-1	7	-1	11	40	0	0	-1	6	0	-1	17	39	0	39	26	20	0	-1	0	-1	-1	48	0	36	38
c16622	18	9	-1	-1	0	0	-1	-1	0	-1	39	0	0	0	-1	0	0	0	0	0	0	0	18	0	5	0	5	-1	0	0
c16633	0	0	0	0	33	-1	31	11	0	0	0	-1	25	-1	39	27	0	-1	-1	27	-1	-1	7	0	26	14	0	17	-1	-1
c16657	-1	0	-1	-1	43	0	-1	11	0	0	-1	0	0	0	18	-1	0	0	-1	1	20	0	-1	9	0	-1	0	0	20	0
c16669	0	9	-1	27	46	0	-1	-1	0	0	0	0	0	0	0	0	0	0	0	0	35	39	18	0	-1	-1	-1	0	20	0
c16670	-1	0	1	0	0	0	0	11	-1	17	0	-1	0	0	0	-1	0	-1	-1	0	20	0	0	-1	33	35	4	0	20	37
c16676	0	0	0	0	33	0	-1	11	25	39	0	0	0	0	-1	-1	0	-1	0	-1	20	0	-1	0	26	0	0	17	0	-1
c16697	18	9	-1	-1	0	0	-1	-1	0	0	0	17	-1	0	0	0	0	0	0	0	5	9	18	0	0	0	0	0	-1	-1
c16702	-1	-1	0	46	9	0	21	11	0	0	0	20	43	0	21	22	48	0	0	-1	20	0	0	26	28	0	22	4	20	0
c16713	18	0	0	0	0	0	0	-1	0	0	0	-1	-1	33	0	7	-1	20	11	0	20	-1	0	0	0	35	0	4	20	3
c16718	0	40	0	0	0	0	-1	11	0	0	0	-1	0	49	0	-1	25	0	-1	-1	20	-1	-1	0	0	37	0	-1	20	0
c16722	42	0	43	0	0	0	0	11	39	0	0	0	0	0	39	-1	-1	-1	21	0	-1	0	0	0	28	-1	-1	0	-1	0
c16724	18	0	22	0	21	1	11	11	-1	33	0	-1	20	0	0	0	0	35	0	15	-1	0	-1	0	27	0	-1	6	-1	0
c16733	-1	0	0	-1	21	0	0	11	-1	0	0	-1	0	0	-1	0	37	45	-1	-1	20	-1	-1	9	0	-1	-1	9	20	0
c16750	0	0	0	0	0	0	0	11	0	0	0	-1	-1	0	0	0	18	-1	-1	-1	20	-1	33	-1	0	0	0	0	20	0
c16759	0	0	50	0	33	0	31	-1	-1	19	0	0	25	0	39	0	0	0	0	0	20	0	7	-1	26	33	40	-1	37	18
c16771	0	9	-1	-1	0	-1	0	-1	-1	0	7	0	0	-1	0	0	0	0	0	18	0	-1	18	-1	0	0	0	0	0	39
c16777	0	0	0	-1	33	50	31	11	0	39	0	0	0	0	39	0	0	0	0	20	20	0	7	-1	26	43	-1	17	0	-1
c16781	-1	0	0	37	33	0	31	-1	0	-1	0	-1	25	0	-1	29	0	0	0	0	20	37	7	4	26	-1	0	17	9	18
c16784	-1	0	0	0	-1	0	0	11	0	0	0	1	25	17	0	0	0	0	-1	0	20	22	0	0	-1	11	-1	-1	20	0
c16795	0	0	0	0	0	0	0	-1	0	0	-1	-1	0	27	0	0	0	-1	-1	0	20	-1	0	0	-1	37	0	-1	20	0
c16808	9	0	-1	-1	0	0	-1	11	-1	0	-1	-1	14	0	0	0	-1	-1	-1	0	20	-1	-1	9	-1	49	-1	0	20	0
c16812	0	0	0	-1	0	0	0	11	0	-1	0	1	-1	49	0	0	0	0	-1	0	20	-1	42	0	0	37	0	0	20	0
c16818	0	-1	1	0	-1	0	0	11	-1	17	0	-1	0	0	0	0	-1	0	-1	0	20	0	0	0	33	35	4	-1	20	0
c16832	18	0	22	-1	-1	0	27	11	-1	0	-1	0	20	-1	0	0	35	0	0	0	20	0	9	0	27	0	0	0	20	0
c16833	18	0	22	0	-1	-1	27	11	-1	-1	0	0	20	-1	-1	-1	35	0	0	0	20	0	9	0	27	0	0	0	20	0
c16842	0	0	-1	0	33	-1	-1	11	-1	39	0	-1	0	-1	39	0	0	0	0	5	-1	0	7	-1	26	43	7	17	0	-1
c16845	0	0	0	0	-1	0	0	11	0	0	-1	-1	0	0	0	-1	0	0	-1	0	20	-1	0	0	4	0	0	0	20	0
c16862	0	0	27	0	0	0	0	-1	0	0	0	0	0	0	0	-1	17	0	-1	0	-1	29	20	9	-1	0	48	0	20	0
c16865	0	40	-1	0	-1	37	31	11	20	-1	44	0	-1	0	39	0	0	0	-1	0	20	-1	7	0	-1	-1	0	17	37	18
c16884	0	0	0	0	33	-1	31	11	0	-1	0	0	-1	0	39	-1	-1	39	0	0	20	27	7	0	26	27	0	17	0	18
c16885	0	0	0	0	33	-1	-1	11	0	39	0	0	-1	0	39	0	0	0	0	0	-1	27	7	-1	26	27	0	17	0	18
c16888	18	4	22	-1	20	21	0	-1	40	22	0	-1	20	0	0	0	0	0	0	-1	20	0	0	0	27	-1	27	0	20	0
c16889	-1	4	22	0	-1	21	0	-1	40	22	0	-1	-1	0	0	0	0	0	0	0	20	0	0	0	27	-1	27	0	20	0
c16911	0	-1	0	0	-1	0	0	-1	0	48	0	-1	35	1	-1	0	0	0	-1	0	-1	-1	-1	0	0	0	0	0	20	0
c16927	18	-1	0	0	0	0	0	11	21	-1	0	20	0	0	0	0	-1	0	0	0	20	-1	9	0	5	0	0	4	20	37
c16933	18	-1	0	-1	0	-1	7	-1	0	0	0	-1	-1	29	-1	9	-1	-1	0	-1	20	0	0	24	-1	0	0	4	20	0
c16936	0	0	0	0	33	0	-1	11	0	0	39	0	25	0	39	0	0	-1	0	0	-1	0	7	0	-1	0	0	17	9	-1
c16939	18	9	-1	27	0	-1	-1	-1	0	0	39	0	0	0	0	0	0	-1	0	0	0	-1	18	0	5	0	5	-1	0	0
c16946	0	27	0	0	0	0	-1	-1	0	-1	0	1	0	0	0	0	0	0	-1	0	20	-1	-1	-1	0	-1	-1	-1	20	0
c16952	0	25	-1	-1	0	-1	0	11	0	0	0	0	0	40	39	-1	0	42	-1	-1	20	0	-1	-1	0	0	-1	-1	-1	1
c16961	-1	9	-1	27	0	-1	0	-1	0	-1	-1	-1	0	0	-1	0	0	0	28	-1	0	0	18	0	0	0	18	-1	0	0
c16974	0	0	1	0	0	-1	0	11	-1	0	0	-1	0	0	38	-1	0	-1	-1	-1	20	0	0	0	33	35	4	0	20	0
c16975	0	0	-1	0	0	0	0	11	-1	0	0	-1	0	0	38	25	0	-1	-1	0	20	0	0	0	33	-1	4	0	20	0
c16982	0	47	0	42	0	0	0	11	0	0	-1	1	0	0	0	-1	0	0	-1	0	20	11	0	0	7	0	-1	-1	20	-1
c16983	0	47	0	42	0	0	-1	11	0	-1	0	1	0	-1	-1	0	-1	0	-1	0	-1	11	-1	0	7	0	0	0	20	-1
c16994	18	0	21	37	0	0	0	-1	0	0	46	0	48	-1	-1	-1	0	0	14	0	20	0	17	-1	-1	0	-1	40	-1	35
c17000	0	-1	-1	27	0	-1	0	-1	0	0	0	0	22	0	0	-1	-1	0	0	18	-1	0	18	-1	1	-1	0	0	-1	43
c17001	0	9	-1	27	0	-1	0	-1	0	-1	0	0	22	0	0	0	-1	0	0	18	0	0	-1	0	1	-1	0	0	0	43
c17020	-1	0	0	0	0	0	0	11	36	0	0	1	0	0	-1	0	-1	0	-1	-1	20	-1	24	37	-1	-1	0	0	20	0
c17028	-1	-1	11	-1	0	-1	0	11	0	-1	42	-1	0	-1	39	-1	0	0	0	26	20	0	0	27	18	0	37	0	25	0
c17039	0	-1	-1	27	0	0	0	-1	0	0	26	18	-1	0	17	-1	0	0	0	0	37	0	-1	0	40	-1	25	22	0	0
c17052	18	4	22	6	20	21	0	-1	40	-1	0	-1	-1	0	0	0	0	0	0	0	20	-1	0	-1	27	-1	-1	0	20	-1
c17053	18	4	22	6	20	21	0	-1	40	22	0	0	20	0	0	0	0	0	-1	0	20	0	0	0	27	-1	27	0	20	0
c17066	-1	0	0	0	18	-1	43	-1	0	-1	0	20	11	0	0	-1	0	0	0	0	-1	37	0	0	5	0	0	4	20	0
c17077	0	0	0	0	0	25	0	11	29	0	-1	1	0	0	0	0	-1	0	-1	-1	-1	-1	0	-1	48	0	-1	0	20	40
c17082	0	28	0	-1	33	32	-1	11	0	39	0	-1	0	0	-1	-1	-1	0	-1	0	-1	-1	-1	0	26	0	-1	17	0	18
c17092	22	9	-1	27	0	-1	-1	-1	0	0	-1	0	0	0	0	43	-1	0	-1	-1	0	0	-1	-1	0	-1	0	-1	0	0
c17093	22	9	-1	27	0	-1	-1	-1	0	0	39	0	0	0	0	43	0	-1	0	-1	0	0	18	-1	0	0	0	-1	0	0
c17097	0	0	0	0	0	0	-1	11	-1	0	0	-1	0	-1	0	1	0	-1	-1	0	20	29	20	9	47	0	0	0	20	0
c17106	33	0	0	11	-1	-1	0	-1	-1	0	39	-1	-1	0	39	-1	0	0	0	26	20	1	27	-1	18	-1	0	20	26	-1
c17107	33	0	0	11	0	7	0	11	25	0	39	-1	47	0	39	17	0	0	-1	-1	20	1	27	-1	18	-1	0	20	-1	-1
c17114	-1	0	0	0	33	-1	-1	11	-1	0	0	0	25	0	-1	0	-1	-1	0	0	20	0	7	0	26	0	0	17	9	18
c17115	-1	0	0	0	33	0	31	11	-1	0	0	-1	25	0	39	-1	0	0	0	0	20	0	7	0	26	0	0	17	9	18
c17130	0	9	-1	-1	0	-1	0	-1	20	0	-1	-1	0	0	0	0	0	0	0	18	-1	0	18	0	0	0	0	0	0	0
c17149	18	20	-1	46	48	-1	0	11	0	0	18	-1	-1	0	0	-1	0	-1	0	0	-1	0	0	0	27	0	0	-1	20	0
c17157	-1	0	-1	0	0	0	0	-1	0	1	9	20	0	-1	-1	-1	0	0	0	0	20	21	40	-1	0	40	48	-1	20	0
c17170	0	-1	-1	-1	-1	7	0	-1	21	0	0	-1	17	0	39	-1	0	0	39	-1	20	11	0	-1	18	27	0	0	-1	0
c17176	-1	0	35	-1	33	50	31	11	0	39	0	0	0	0	39	0	0	-1	0	0	20	27	7	0	26	27	0	17	-1	18
c17181	-1	47	0	42	33	0	0	11	0	-1	0	-1	0	0	-1	0	26	0	-1	0	20	11	0	0	0	0	0	0	20	-1
c17208	-1	-1	0	-1	0	-1	21	-1	0	0	0	-1	0	0	-1	17	-1	9	39	-1	20	25	0	-1	-1	0	-1	47	-1	38
c17217	0	0	50	0	-1	0	0	11	-1	0	0	1	0	49	0	0	0	0	-1	0	20	-1	42	0	0	-1	0	-1	20	0
c17268	0	9	-1	27	0	0	-1	-1	0	-1	-1	0	-1	0	0	43	6	-1	-1	0	26	43	18	0	0	0	0	-1	0	0
c17292	0	0	40	0	-1	0	-1	11	0	7	47	-1	25	0	39	48	46	-1	0	-1	20	-1	-1	0	26	-1	-1	17	-1	-1
c17293	-1	0	40	-1	-1	0	31	11	-1	7	-1	0	25	-1	39	48	46	9	0	0	-1	0	7	0	26	0	-1	17	9	18
c17312	-1	0	-1	11	27	-1	2	11	25	-1	39	-1	47	0	39	-1	0	0	-1	26	20	0	0	-1	-1	-1	0	20	0	0
c17331	0	27	0	46	33	0	31	11	-1	31	40	0	25	0	-1	-1	0	0	0	0	20	-1	7	37	26	-1	0	17	0	18
c17335	0	-1	-1	27	0	39	0	-1	2	0	0	46	0	49	0	-1	0	40	0	-1	0	0	-1	-1	0	0	3	-1	0	21
c17337	18	0	0	-1	0	20	17	11	0	-1	0	0	48	0	0	-1	0	-1	0	48	20	0	5	-1	0	-1	-1	40	20	0
c17340	0	24	0	42	0	0	0	-1	0	-1	1	1	-1	-1	-1	0	0	-1	-1	0	20	0	0	0	0	0	33	0	-1	-1
c17344	0	0	0	0	0	0	0	-1	0	0	-1	-1	-1	0	0	-1	0	0	-1	0	20	-1	0	0	0	48	0	0	-1	39
c17349	0	0	0	11	0	7	0	11	0	4	0	-1	0	0	39	17	0	-1	17	26	20	0	0	-1	18	-1	33	20	0	-1
c17358	0	0	0	-1	0	0	-1	11	0	0	43	0	11	0	17	1	0	0	-1	0	20	0	-1	9	0	-1	0	18	-1	39
c17361	0	-1	-1	-1	33	32	31	-1	0	-1	0	0	0	49	-1	0	-1	49	48	0	20	25	-1	0	26	0	-1	17	0	18
c17366	-1	0	0	0	11	0	0	11	-1	20	0	-1	18	0	0	0	0	0	-1	0	20	0	0	9	-1	37	18	43	20	-1
c17374	0	0	0	9	0	0	0	11	0	-1	27	0	15	-1	0	1	0	-1	-1	-1	20	27	-1	9	0	-1	0	-1	20	0
c17423	0	0	-1	-1	27	7	0	-1	25	0	39	-1	47	0	39	17	0	0	21	26	20	0	0	-1	18	-1	48	-1	32	0
c17429	0	0	0	0	0	0	0	11	-1	0	-1	1	14	0	0	0	37	27	-1	0	20	-1	14	0	-1	0	0	0	-1	42
c17431	0	-1	0	42	0	0	0	-1	-1	0	27	1	-1	0	-1	0	21	-1	-1	0	20	-1	0	-1	0	0	-1	0	-1	-1
c17436	0	-1	0	0	33	39	31	11	1	39	0	-1	0	0	39	-1	0	-1	-1	0	20	27	7	0	-1	-1	0	-1	0	18
c17437	0	0	0	-1	33	-1	-1	11	1	39	0	-1	0	0	-1	0	0	0	0	0	20	27	7	0	26	27	0	17	0	18
c17438	-1	0	0	0	0	0	17	11	0	0	0	-1	48	0	0	19	0	0	0	0	20	0	5	0	0	0	-1	40	-1	0
c17442	0	0	33	-1	33	0	31	11	0	0	-1	0	25	-1	39	0	0	0	0	0	20	-1	7	0	26	0	0	-1	-1	18
c17485	0	0	0	-1	0	0	-1	11	0	0	0	-1	-1	0	0	-1	-1	-1	-1	-1	20	-1	33	0	0	0	0	0	20	0
c17487	0	9	-1	27	0	45	-1	-1	39	0	0	46	-1	0	0	50	0	0	0	17	0	0	18	0	33	0	0	0	0	0
c17502	0	0	0	-1	-1	0	31	11	0	39	-1	0	0	0	39	0	0	-1	0	-1	20	0	-1	0	26	18	-1	-1	0	18
c17508	0	9	-1	27	0	0	-1	-1	0	0	-1	-1	0	-1	0	43	-1	0	0	0	0	0	18	0	-1	0	0	-1	-1	0
c17509	0	-1	-1	27	0	-1	-1	-1	0	0	39	0	0	0	0	43	-1	0	0	0	0	0	-1	0	0	0	0	-1	0	-1
c17521	0	0	0	0	33	0	31	11	0	21	0	27	25	-1	-1	0	0	0	0	-1	20	0	7	0	26	14	-1	17	0	18
c17532	0	-1	0	0	33	0	31	11	0	0	0	0	25	0	39	-1	0	0	0	0	20	0	7	27	26	0	-1	17	9	18
c17536	0	0	0	0	-1	0	31	11	0	0	7	0	25	-1	-1	0	0	0	0	-1	20	0	7	0	26	-1	43	17	-1	18
c17567	6	0	0	0	-1	0	0	11	0	0	-1	1	14	-1	0	0	-1	0	-1	0	-1	-1	0	0	0	0	0	0	20	0
c17570	0	0	-1	-1	-1	32	31	11	0	39	0	0	-1	-1	-1	0	-1	39	0	0	20	0	-1	19	26	40	-1	17	0	18
c17594	39	9	-1	27	-1	0	-1	-1	0	0	26	-1	0	0	0	27	27	0	-1	0	37	-1	18	-1	0	-1	-1	-1	0	0
c17595	39	9	-1	27	-1	0	0	-1	-1	0	26	0	0	0	-1	27	27	0	0	0	37	0	18	0	-1	32	0	0	0	0
c17596	0	9	-1	27	0	0	0	-1	-1	0	-1	0	0	0	9	0	0	0	0	18	0	0	18	0	1	0	0	47	0	0
c17608	0	9	-1	27	0	0	0	-1	-1	0	0	27	0	0	0	0	0	0	28	0	0	-1	-1	0	0	0	18	0	0	0
c17620	18	5	-1	0	0	0	0	11	-1	0	0	20	0	25	0	0	-1	0	0	0	20	0	0	-1	5	0	0	4	20	0
c17621	18	-1	0	0	0	0	-1	-1	-1	0	-1	20	0	25	0	-1	-1	-1	0	-1	20	0	0	20	5	0	0	4	20	-1
c17625	0	0	0	0	33	0	-1	11	-1	0	0	32	-1	0	39	0	-1	0	0	0	-1	0	-1	0	26	33	-1	17	37	18
c17655	0	0	0	0	-1	2	31	-1	-1	-1	0	48	25	0	39	0	-1	0	48	46	-1	-1	7	0	26	0	-1	17	9	18
c17657	0	-1	-1	27	0	39	0	-1	-1	0	0	0	0	49	0	-1	0	0	-1	0	0	37	18	0	0	0	3	0	0	-1
c17658	-1	33	0	-1	-1	7	0	-1	40	0	0	-1	6	0	39	17	39	0	39	-1	20	0	0	0	-1	0	48	0	36	-1
c17673	0	9	-1	-1	-1	0	43	-1	0	0	-1	39	0	0	-1	27	9	4	0	-1	37	0	-1	0	-1	-1	42	0	0	0
c17682	-1	0	0	-1	33	-1	31	11	0	39	0	17	22	4	39	-1	-1	49	0	-1	-1	33	-1	0	-1	-1	17	17	0	18
c17712	-1	21	0	0	35	0	0	-1	-1	0	0	0	48	0	0	0	0	0	0	0	-1	0	40	0	0	0	0	0	-1	25
c17728	-1	43	45	0	11	0	0	-1	21	0	0	44	0	0	0	-1	0	0	-1	0	20	0	0	9	29	0	40	33	-1	0
c17730	6	9	-1	27	0	20	0	-1	0	0	0	18	0	0	-1	0	-1	0	48	18	0	0	-1	0	-1	0	-1	0	0	0
c17742	-1	0	0	-1	33	0	31	-1	0	0	50	0	25	0	39	0	0	-1	0	22	20	28	-1	25	26	0	0	17	9	18
c17745	0	-1	-1	27	0	0	0	-1	-1	-1	-1	1	0	0	0	0	0	0	20	18	0	0	18	43	0	39	-1	-1	13	39
c17746	0	9	-1	27	0	0	0	-1	0	-1	0	0	0	0	9	0	-1	0	0	18	-1	0	18	0	1	-1	0	-1	0	0
c17785	0	0	-1	-1	0	7	0	11	21	0	-1	-1	0	0	-1	17	0	0	39	-1	20	-1	49	20	18	0	40	39	0	0
c17788	26	9	-1	27	0	45	-1	-1	-1	0	11	46	-1	0	0	50	0	0	0	17	0	-1	18	0	33	17	-1	0	-1	0
c17803	0	9	-1	27	0	-1	-1	-1	-1	18	0	27	0	40	0	0	0	0	28	0	0	-1	18	40	0	0	18	0	0	0
c17807	-1	0	25	0	0	0	14	11	0	0	0	0	39	0	0	1	0	0	-1	0	20	-1	20	-1	-1	-1	43	-1	20	-1
c17815	0	0	-1	-1	0	0	0	11	0	0	-1	1	37	0	0	-1	0	-1	-1	0	20	-1	0	0	0	0	0	-1	20	0
c17818	0	9	-1	27	-1	45	0	-1	39	0	0	46	0	0	0	50	0	-1	27	17	-1	-1	-1	4	33	-1	0	0	0	0
c17819	-1	9	-1	27	-1	45	0	-1	39	0	0	46	0	0	0	50	0	-1	27	17	0	0	18	4	33	0	0	-1	0	0
c17821	18	14	-1	0	0	0	0	11	0	39	0	0	0	42	0	-1	1	0	0	0	20	-1	-1	35	0	0	21	4	20	0
c17830	-1	0	0	0	33	0	-1	11	0	39	0	14	0	0	39	0	0	0	37	0	-1	-1	-1	0	26	-1	0	17	0	18
c17855	0	9	-1	-1	0	-1	-1	-1	48	38	50	0	0	0	0	-1	0	0	-1	0	0	0	18	0	0	-1	0	-1	0	0
c17860	0	0	25	0	0	0	0	11	0	0	-1	0	0	0	0	1	0	20	-1	48	-1	29	20	9	-1	0	0	-1	-1	0
c17862	0	0	0	-1	0	0	-1	11	0	0	0	1	-1	0	0	35	-1	0	-1	48	20	-1	42	0	0	-1	0	0	-1	-1
c17872	0	9	-1	0	33	0	31	-1	34	39	0	0	0	-1	39	0	39	14	0	0	20	-1	-1	-1	-1	36	7	17	-1	-1
c17880	-1	9	-1	27	-1	-1	-1	-1	0	26	39	-1	0	0	0	43	0	0	-1	-1	0	-1	18	0	0	-1	-1	-1	-1	0
c17882	-1	9	-1	27	0	33	0	-1	0	0	26	0	13	39	39	-1	-1	17	-1	0	37	-1	18	-1	0	-1	-1	0	0	0
c17886	24	0	11	-1	0	7	0	-1	0	49	42	-1	0	17	-1	-1	0	-1	17	26	-1	0	-1	27	18	0	37	0	25	-1
c17896	0	0	-1	-1	33	0	31	11	-1	39	0	0	21	0	39	0	0	-1	0	0	20	0	-1	0	26	-1	-1	17	0	18
c17898	-1	0	0	0	0	-1	-1	11	0	0	-1	1	25	0	0	0	0	0	-1	0	20	22	-1	0	43	11	-1	11	20	0
c17899	-1	0	0	0	0	0	0	11	0	0	0	-1	25	0	0	0	0	0	-1	0	20	22	0	0	43	-1	0	11	-1	0
c17927	0	14	43	0	0	0	0	11	0	0	0	0	0	18	39	-1	-1	42	21	-1	20	39	-1	40	-1	-1	-1	0	0	0
c17936	0	9	-1	27	-1	0	0	-1	0	49	0	-1	0	-1	0	0	27	-1	0	-1	-1	0	18	-1	0	-1	-1	-1	20	0
c17955	0	-1	0	0	32	0	0	-1	0	0	-1	1	0	0	0	0	0	0	-1	4	20	-1	0	37	-1	-1	15	0	20	0
c17957	-1	-1	18	0	0	0	48	11	-1	-1	-1	1	14	0	0	0	0	0	-1	-1	20	-1	-1	0	0	0	0	0	20	-1
c17968	33	0	-1	-1	-1	7	0	11	-1	0	39	-1	47	0	39	-1	0	0	0	26	20	1	-1	-1	-1	-1	0	-1	26	0
c17969	33	0	0	11	0	-1	0	11	25	0	39	-1	47	0	39	-1	-1	0	0	26	20	1	27	-1	18	-1	0	20	26	0
c17989	0	0	0	-1	-1	32	31	11	-1	39	0	0	50	-1	-1	0	-1	39	48	0	20	0	-1	0	26	0	-1	17	0	18
c17991	18	0	0	0	0	-1	0	11	0	0	0	20	0	0	24	19	-1	0	0	0	20	0	0	-1	5	0	40	-1	20	0
c18003	6	21	-1	0	-1	-1	31	-1	-1	0	-1	0	-1	0	-1	0	8	-1	0	0	20	-1	-1	-1	-1	0	0	17	0	18
c18022	18	0	22	0	-1	0	-1	11	0	-1	0	0	20	0	0	-1	-1	-1	0	0	20	0	0	0	27	0	0	0	20	0
c18023	-1	0	-1	0	0	0	22	11	0	27	0	0	20	0	0	-1	0	0	0	0	20	0	0	0	-1	0	0	0	20	0
c18031	18	18	0	1	0	-1	17	11	0	0	-1	0	-1	0	0	34	0	-1	0	28	-1	28	5	-1	0	22	0	40	20	0
c18066	0	40	-1	0	33	37	31	11	20	0	-1	0	25	-1	39	0	0	-1	0	0	20	39	7	0	26	33	0	17	-1	18
c18072	0	-1	0	0	33	0	31	11	0	0	-1	0	25	0	39	0	-1	-1	0	-1	20	0	7	0	-1	0	-1	17	9	18
c18073	0	0	-1	0	33	0	31	11	0	0	-1	0	25	-1	39	0	-1	0	0	0	20	0	7	0	-1	0	0	17	-1	18
c18078	-1	9	-1	27	37	0	0	-1	0	0	26	0	-1	0	-1	27	0	0	0	0	-1	0	18	-1	33	-1	0	0	-1	0
c18102	0	0	-1	0	33	0	31	11	-1	39	0	-1	-1	0	39	0	-1	0	-1	0	20	27	7	-1	26	27	0	17	0	18
c18103	-1	0	0	0	33	0	31	11	1	-1	0	-1	0	0	39	-1	0	0	0	0	20	27	7	-1	26	-1	0	17	0	18
c18104	0	0	-1	11	27	7	0	11	-1	13	39	-1	47	-1	39	17	1	0	-1	26	20	0	-1	-1	18	-1	-1	20	0	-1
c18113	48	-1	0	0	0	0	0	11	37	-1	0	1	-1	0	0	27	0	0	-1	0	20	-1	21	4	0	11	0	-1	20	11
c18132	0	-1	-1	27	0	0	0	-1	0	0	26	0	-1	25	-1	27	40	0	0	0	37	0	18	0	0	0	0	-1	0	0
c18134	0	0	0	0	33	0	31	-1	1	39	25	0	0	-1	-1	-1	0	0	0	0	20	0	-1	-1	26	0	7	17	0	18
c18140	0	0	0	-1	0	-1	-1	11	0	0	0	1	46	0	0	-1	1	0	-1	0	-1	-1	0	0	0	-1	0	-1	20	0
c18141	0	0	0	0	-1	0	48	-1	-1	0	0	1	46	0	0	-1	1	0	-1	-1	20	-1	0	0	0	-1	0	0	-1	0
c18206	-1	-1	43	0	0	0	0	11	0	0	0	0	-1	-1	39	-1	25	42	21	0	20	-1	0	0	0	0	-1	0	0	0
c18224	0	0	0	0	-1	27	31	11	0	39	-1	0	0	0	39	-1	0	0	-1	0	20	27	-1	0	26	27	-1	17	0	18
c18225	0	-1	0	0	33	27	31	11	0	39	9	0	0	0	39	0	0	0	-1	-1	20	27	7	0	26	27	0	17	0	18
c18226	-1	28	0	0	-1	0	0	11	-1	0	1	0	46	-1	-1	1	0	40	-1	-1	20	-1	0	35	0	-1	0	-1	20	38
