	0	1	2	3	4	5	6	7	8	9	10	11	12	13	14	15	16	17	18	19	20	21	22	23	24	25	26	27	28	29
c1417	0	0	47	0	0	-1	0	0	0	-1	7	-1	-1	0	0	0	-1	0	46	0	24	24	0	-1	-1	0	0	-1	0	8
c1769	8	0	0	35	0	0	0	34	0	0	34	-1	0	23	50	-1	-1	0	42	-1	0	0	0	0	-1	32	0	0	38	-1
c1883	-1	0	47	-1	45	-1	-1	0	24	0	0	-1	-1	0	0	17	0	0	46	-1	0	-1	-1	36	0	0	0	-1	-1	-1
c1990	-1	0	47	0	42	-1	-1	-1	24	0	46	-1	30	7	-1	8	0	-1	46	0	0	-1	0	36	0	-1	0	-1	0	0
c1996	-1	0	-1	0	-1	-1	0	0	24	-1	40	9	-1	5	0	0	-1	42	35	32	0	0	-1	0	-1	0	0	0	-1	0
c2513	0	0	47	31	0	-1	-1	19	24	0	0	-1	0	-1	0	38	0	0	46	0	0	26	0	-1	0	0	0	0	-1	0
c2556	0	0	35	-1	0	-1	0	-1	45	-1	0	0	-1	-1	25	24	0	0	31	43	0	17	0	0	-1	-1	24	-1	14	-1
c2657	-1	0	47	0	0	-1	45	35	35	0	0	-1	0	0	0	0	-1	0	-1	24	-1	0	0	36	24	0	0	13	45	-1
c2666	0	0	47	35	42	-1	8	-1	24	35	0	-1	15	0	-1	0	0	-1	-1	42	0	-1	-1	36	0	0	-1	0	0	0
c2929	0	0	47	-1	42	-1	0	45	24	35	0	-1	0	0	-1	0	-1	-1	-1	0	-1	-1	0	36	0	-1	0	0	0	0
c3049	0	0	-1	0	0	-1	-1	34	0	35	0	0	0	0	0	0	33	-1	0	41	42	0	0	3	-1	0	43	0	0	41
c3250	43	-1	12	0	9	36	0	0	0	0	0	24	0	5	0	24	8	50	0	32	0	-1	38	0	-1	-1	24	24	43	0
c3279	43	34	0	0	0	36	-1	0	2	0	0	-1	0	5	0	24	0	0	0	-1	0	-1	0	0	-1	-1	-1	24	0	38
c3359	0	39	5	1	0	0	-1	-1	0	8	30	0	0	0	0	1	0	0	0	34	-1	0	-1	0	-1	32	0	0	38	-1
c3513	9	-1	-1	24	0	-1	32	34	35	0	14	0	-1	0	13	31	0	-1	0	34	0	0	42	0	-1	32	0	-1	-1	0
c3607	-1	0	0	-1	0	-1	0	0	24	-1	40	0	-1	5	0	30	0	-1	-1	0	0	-1	12	0	-1	-1	-1	0	-1	-1
c3844	8	0	-1	-1	-1	-1	0	0	24	35	7	-1	0	0	35	26	-1	32	46	12	0	-1	0	36	0	-1	28	0	0	-1
c3929	0	-1	0	24	37	0	0	-1	0	35	28	0	0	-1	0	-1	46	24	0	0	0	0	12	24	-1	0	-1	8	0	-1
c4078	0	0	47	-1	0	-1	-1	0	24	0	0	-1	0	24	0	0	0	0	46	0	0	26	0	36	0	0	0	-1	-1	-1
c4278	-1	0	0	0	24	0	-1	0	-1	0	40	0	-1	0	0	0	0	-1	35	0	0	0	12	0	-1	0	0	0	0	0
c4299	0	0	-1	-1	0	0	15	34	0	0	0	0	40	-1	0	0	-1	42	0	-1	32	0	0	0	-1	32	-1	31	35	34
c4325	24	34	12	0	0	0	15	34	0	41	0	0	0	0	0	-1	0	0	0	-1	-1	0	0	-1	-1	-1	-1	0	31	34
c4346	32	0	0	0	-1	-1	0	34	40	0	0	0	0	24	42	24	40	-1	23	0	24	0	0	0	-1	32	0	-1	0	34
c4360	0	-1	47	35	42	-1	-1	-1	24	35	0	-1	-1	0	10	0	0	0	46	0	0	0	0	-1	-1	-1	-1	24	0	0
c4583	0	-1	0	0	-1	0	0	0	0	0	14	-1	-1	0	0	0	-1	0	35	0	24	8	12	0	-1	35	0	0	0	-1
c4791	-1	0	47	31	0	-1	0	0	24	0	0	-1	0	24	0	0	0	0	-1	0	0	26	-1	36	0	0	0	26	0	0
c4857	0	-1	0	8	0	31	15	-1	24	0	0	0	-1	0	35	0	0	0	35	9	24	0	12	1	-1	38	0	0	0	0
c4932	0	-1	-1	0	28	0	0	34	0	0	-1	-1	0	24	0	0	0	-1	-1	-1	8	0	0	-1	-1	32	35	0	38	0
c4962	-1	-1	47	35	42	-1	0	-1	24	35	41	-1	25	29	0	0	0	38	-1	0	0	-1	0	36	0	-1	0	0	-1	0
c5011	0	38	47	-1	42	-1	-1	-1	24	35	-1	-1	0	0	-1	0	0	41	46	0	0	0	0	36	-1	0	0	0	0	-1
c5036	-1	0	47	-1	0	-1	-1	0	24	31	-1	-1	0	0	0	0	0	0	-1	0	0	0	-1	36	0	8	36	0	-1	0
c5084	0	-1	-1	35	-1	-1	0	0	24	35	42	-1	32	0	-1	0	0	0	46	25	0	-1	0	36	-1	42	0	0	0	0
c5095	-1	-1	0	0	23	0	0	-1	24	28	40	-1	-1	0	-1	0	0	0	-1	0	0	0	-1	5	-1	0	0	0	0	-1
c5110	-1	0	47	31	0	-1	0	0	24	24	-1	-1	0	0	0	0	24	0	-1	-1	12	26	-1	36	0	0	0	0	-1	0
c5272	-1	-1	47	-1	42	-1	0	0	24	35	0	-1	9	-1	0	0	26	32	46	0	8	0	0	36	0	0	0	8	0	34
c5276	-1	0	47	31	0	-1	0	37	24	-1	0	-1	0	0	41	0	0	35	46	0	38	-1	0	36	0	0	25	9	0	37
c5318	0	0	17	35	0	0	0	34	24	0	34	-1	0	-1	-1	0	-1	0	0	-1	0	0	0	0	-1	32	0	-1	38	0
c5321	24	-1	47	35	42	-1	8	41	24	35	0	-1	-1	0	0	0	0	0	46	-1	0	21	0	36	0	0	-1	0	0	12
c5359	0	0	47	35	42	-1	34	0	-1	35	0	-1	0	0	0	0	0	0	46	0	0	1	0	36	0	-1	0	38	0	0
c5467	0	0	47	0	-1	0	0	0	0	-1	0	0	0	0	22	0	-1	0	46	36	0	0	0	-1	0	-1	8	0	24	0
c5536	-1	7	0	0	0	0	0	0	24	0	-1	0	-1	0	0	0	-1	-1	35	-1	-1	-1	12	0	-1	0	0	0	0	0
c5592	-1	0	0	0	0	0	0	0	0	35	28	34	0	0	0	-1	46	13	0	0	0	4	12	50	-1	0	0	-1	0	0
c5694	-1	4	47	0	0	-1	48	0	0	0	26	-1	-1	-1	0	0	0	0	46	-1	8	24	0	-1	34	-1	0	-1	0	-1
c5788	0	0	47	3	0	-1	0	0	24	-1	0	-1	42	50	24	8	0	-1	46	-1	0	0	0	36	0	35	0	0	0	-1
c5799	0	0	0	-1	33	0	0	0	0	0	-1	-1	0	0	-1	0	0	-1	-1	0	0	0	12	0	-1	0	-1	-1	0	-1
c5815	0	0	47	0	34	-1	-1	-1	0	0	0	0	0	-1	22	0	35	0	46	36	0	0	0	35	0	24	8	12	0	-1
c5880	0	0	47	31	-1	-1	-1	0	-1	0	0	-1	36	6	0	-1	0	0	46	0	0	-1	35	36	0	-1	0	12	0	0
c5911	41	38	47	-1	42	-1	0	0	24	35	0	-1	-1	0	0	0	0	0	46	0	0	0	-1	36	0	0	0	0	0	0
c5914	35	-1	47	-1	42	-1	0	-1	24	-1	0	-1	0	9	0	0	0	32	46	0	25	-1	0	36	0	0	0	0	-1	0
c5917	0	0	47	-1	0	-1	24	40	24	0	24	-1	32	-1	41	-1	0	0	46	8	-1	0	-1	36	0	0	0	0	0	0
c5963	-1	0	35	0	31	0	38	34	34	0	0	0	0	0	-1	32	0	-1	45	32	0	0	-1	0	-1	35	0	0	-1	0
c6038	0	0	0	34	42	-1	0	34	0	8	0	-1	0	0	-1	46	0	0	35	-1	-1	0	0	-1	-1	32	0	0	24	34
c6058	0	0	47	35	42	-1	8	41	24	-1	0	-1	0	0	34	0	0	0	-1	42	-1	-1	19	36	-1	0	-1	-1	0	0
c6088	0	-1	-1	-1	0	-1	34	34	0	35	-1	0	-1	0	0	0	-1	0	0	-1	0	-1	0	3	-1	0	0	0	42	41
c6154	0	-1	0	0	42	-1	9	34	0	0	0	0	0	0	-1	0	8	0	0	40	0	0	0	0	-1	-1	0	0	0	34
c6248	0	-1	-1	-1	0	0	46	34	0	0	34	0	0	0	46	0	-1	0	24	8	0	-1	0	-1	-1	-1	0	0	38	0
c6253	0	0	0	-1	0	0	15	34	-1	0	0	0	0	0	0	24	0	-1	0	31	32	0	-1	0	-1	32	-1	0	35	34
c6301	0	5	0	-1	0	8	0	0	-1	0	34	24	0	35	0	0	0	24	0	0	8	21	0	0	-1	0	0	-1	39	0
c6303	0	0	-1	35	42	-1	0	-1	24	35	42	-1	0	0	-1	0	0	0	46	25	0	0	0	-1	0	42	26	-1	0	0
c6313	42	38	47	35	42	-1	0	-1	24	35	50	-1	0	0	0	-1	-1	0	46	36	-1	0	-1	36	36	0	0	-1	0	0
c6327	0	-1	47	-1	42	-1	24	0	24	35	-1	-1	0	0	-1	0	0	26	46	36	0	32	0	36	-1	0	0	-1	0	24
c6371	0	-1	0	0	46	36	-1	-1	0	0	0	0	0	-1	1	-1	0	-1	0	35	0	0	0	0	-1	-1	24	24	0	24
c6419	24	0	0	-1	0	0	42	13	0	35	0	0	0	0	0	0	46	11	0	-1	0	0	12	0	-1	-1	-1	0	0	49
c6460	-1	0	0	24	-1	36	-1	0	0	-1	0	-1	-1	5	-1	-1	30	38	0	0	-1	0	8	-1	-1	0	-1	24	0	-1
c6487	0	0	9	34	0	0	0	34	0	0	24	-1	8	12	0	36	0	0	0	-1	0	-1	-1	0	-1	32	41	0	38	0
c6501	-1	0	-1	35	42	-1	-1	41	24	-1	0	-1	0	-1	0	0	0	0	46	24	-1	0	21	36	0	0	0	-1	35	-1
c6525	9	0	0	0	24	24	32	34	-1	36	0	0	0	-1	13	31	0	39	0	8	0	0	0	0	-1	32	0	24	0	-1
c6582	0	-1	-1	-1	0	-1	0	-1	24	-1	0	-1	0	0	-1	32	0	-1	46	25	3	43	-1	36	0	0	-1	3	-1	37
c6600	0	0	47	35	42	-1	42	0	24	35	0	-1	0	0	0	0	0	0	46	-1	-1	-1	24	-1	0	42	0	0	0	0
c6620	0	0	0	19	24	-1	0	34	24	0	-1	36	-1	0	0	0	-1	34	-1	0	0	0	12	0	-1	0	0	0	0	34
c6658	0	0	47	0	0	0	-1	-1	-1	42	-1	0	0	0	22	-1	-1	0	46	36	0	0	0	0	0	-1	-1	-1	34	0
c6744	0	0	47	35	42	-1	0	-1	24	35	25	-1	0	-1	36	-1	0	-1	46	34	0	30	-1	36	-1	0	-1	24	-1	0
c6782	0	0	43	0	25	36	0	-1	8	0	0	34	0	5	0	24	0	0	0	0	0	0	0	0	-1	-1	-1	-1	0	0
c6804	0	9	47	-1	-1	-1	8	-1	24	-1	0	-1	0	0	0	0	0	40	46	-1	0	0	0	-1	35	0	0	0	0	-1
c6814	0	0	47	0	-1	-1	0	0	0	40	0	-1	0	0	0	0	0	0	-1	-1	-1	0	0	36	24	0	-1	-1	0	8
c6819	30	0	-1	1	-1	8	0	-1	24	13	12	28	0	0	0	0	0	0	0	24	-1	0	-1	0	-1	-1	-1	0	38	0
c6936	0	0	-1	-1	0	-1	-1	34	0	0	0	0	21	-1	0	0	0	0	-1	0	8	0	0	0	-1	32	0	0	38	0
c7099	0	0	47	-1	0	-1	0	0	24	-1	0	-1	9	-1	24	-1	0	41	-1	-1	39	26	0	36	36	0	-1	0	0	13
c7147	0	0	0	0	0	-1	0	0	21	35	-1	0	0	0	-1	0	46	0	8	0	0	0	12	-1	-1	0	41	-1	0	0
c7185	0	0	40	0	0	0	-1	-1	0	-1	0	0	0	43	0	46	0	24	1	0	-1	-1	0	18	-1	-1	0	0	40	34
c7269	0	0	0	34	42	0	0	34	0	8	-1	24	0	0	0	46	0	0	-1	-1	0	0	8	9	-1	-1	0	36	0	-1
c7275	0	0	0	-1	0	0	0	-1	0	0	0	0	0	1	0	-1	0	-1	0	0	0	0	-1	0	-1	38	-1	42	0	-1
c7367	0	38	47	35	42	-1	-1	0	24	35	0	-1	0	48	0	-1	0	-1	46	8	0	0	-1	36	0	0	0	34	0	-1
c7379	0	-1	-1	-1	0	0	15	34	0	0	0	-1	0	0	0	24	0	0	0	31	32	0	0	-1	-1	32	-1	0	-1	34
c7396	0	0	47	31	0	-1	-1	0	24	0	8	-1	0	0	0	0	0	0	46	0	0	43	0	36	0	0	0	3	12	37
c7404	-1	38	47	35	-1	-1	0	46	24	35	0	-1	0	0	45	0	0	-1	46	-1	0	32	-1	36	48	0	50	0	0	0
c7405	0	38	47	35	42	-1	0	46	24	35	41	-1	0	0	-1	0	24	0	46	36	0	-1	0	36	48	0	0	0	0	0
c7487	0	15	47	-1	0	-1	24	46	0	0	38	-1	-1	-1	0	0	-1	0	-1	41	-1	24	0	-1	0	0	0	0	10	8
c7642	0	0	0	-1	0	0	-1	34	35	0	0	0	0	10	24	0	-1	1	-1	0	0	0	0	-1	-1	32	-1	-1	0	0
c7643	0	0	0	0	0	0	0	-1	35	0	0	0	0	10	-1	-1	0	-1	32	0	0	0	0	0	-1	32	0	-1	0	0
c7693	0	0	47	0	0	-1	-1	0	0	-1	7	-1	-1	0	8	38	0	0	-1	0	40	24	0	36	15	0	-1	0	0	8
c7738	34	-1	47	24	42	-1	-1	0	-1	0	0	-1	0	0	0	-1	0	-1	46	8	0	0	-1	36	8	27	0	0	3	0
c7750	-1	32	-1	12	0	0	-1	34	38	37	-1	41	0	0	0	0	0	0	0	0	35	32	0	40	-1	32	0	24	0	0
c7767	0	0	0	-1	-1	0	0	34	-1	0	42	0	0	0	0	0	0	0	9	0	8	0	0	0	-1	32	35	0	-1	0
c7797	0	0	-1	-1	42	-1	0	0	24	35	-1	-1	0	0	0	0	0	32	46	0	0	0	-1	36	0	0	0	0	0	0
c7819	0	-1	47	35	42	-1	8	41	-1	-1	0	-1	0	0	34	0	0	-1	-1	42	0	-1	0	36	-1	0	0	0	0	0
c7854	0	0	0	0	0	0	0	-1	0	35	28	0	0	-1	-1	0	-1	42	0	0	-1	0	12	-1	-1	-1	-1	-1	20	0
c7855	-1	0	0	0	0	0	0	0	0	35	28	0	0	0	0	0	-1	42	0	-1	0	0	12	0	-1	32	0	-1	-1	0
c7920	0	0	0	0	0	0	0	40	5	0	-1	34	24	0	0	22	-1	46	0	50	0	0	34	0	-1	0	0	-1	8	0
c7924	0	-1	-1	35	-1	-1	0	0	24	35	0	-1	0	-1	17	0	-1	0	46	0	-1	0	3	36	-1	23	8	-1	0	0
c7941	0	7	-1	0	0	-1	0	0	24	-1	-1	0	-1	0	-1	0	0	0	35	0	42	0	12	0	-1	0	0	41	0	0
c7973	0	0	0	24	0	0	-1	-1	0	0	40	18	8	0	-1	0	-1	24	0	0	0	0	0	0	-1	0	-1	17	0	-1
c8060	0	39	0	-1	0	0	1	34	0	0	-1	0	0	-1	0	-1	0	24	-1	-1	0	0	0	0	-1	32	0	0	-1	34
c8095	0	12	46	-1	30	-1	0	34	0	0	0	0	35	32	0	0	8	0	34	0	0	0	0	0	-1	32	0	-1	-1	0
c8116	0	0	47	3	0	-1	0	0	24	-1	22	-1	42	50	24	0	35	0	-1	0	-1	0	0	36	-1	35	-1	0	24	-1
c8118	0	-1	47	-1	42	-1	0	0	24	35	0	-1	-1	0	0	0	0	32	46	-1	-1	0	0	36	1	35	0	-1	8	-1
c8167	-1	0	0	0	-1	36	0	0	0	0	35	34	-1	-1	-1	24	0	48	8	-1	24	17	-1	0	-1	0	24	24	0	0
c8238	0	0	7	-1	0	0	-1	-1	39	-1	0	-1	0	-1	0	0	-1	-1	31	0	0	12	17	3	-1	8	0	34	24	41
c8243	0	0	47	31	0	-1	-1	-1	24	0	0	-1	0	24	0	0	0	-1	46	0	0	26	0	36	0	0	0	0	0	15
c8303	-1	35	-1	31	0	-1	0	-1	24	0	0	-1	0	0	0	0	0	24	-1	0	34	26	0	36	0	0	0	-1	0	-1
c8314	0	0	47	35	42	-1	8	41	24	35	0	-1	0	0	0	0	0	0	-1	24	0	0	0	36	-1	-1	0	0	0	0
c8477	0	35	26	-1	0	0	24	-1	0	-1	0	-1	0	-1	-1	0	0	0	0	-1	0	0	-1	23	-1	32	0	0	0	0
c8556	0	9	47	-1	-1	-1	0	0	-1	-1	0	-1	0	0	30	0	0	32	46	0	36	2	0	36	0	0	31	0	3	0
c8557	0	9	-1	-1	42	-1	0	0	-1	35	-1	-1	0	-1	30	0	0	-1	46	0	36	0	0	36	0	0	-1	0	0	0
c8610	-1	0	0	0	24	0	34	-1	-1	0	-1	0	-1	0	-1	-1	0	0	35	-1	0	-1	12	0	-1	5	0	24	-1	0
c8611	0	-1	0	0	-1	0	34	34	-1	0	40	0	-1	0	0	0	0	0	35	0	-1	24	12	-1	-1	0	0	24	0	-1
c8637	0	0	0	0	-1	-1	15	34	0	-1	0	0	0	32	0	24	0	0	-1	48	32	0	0	-1	-1	32	-1	0	35	-1
c8661	34	35	47	-1	0	-1	24	0	24	0	-1	-1	0	48	0	0	0	0	46	0	-1	0	0	-1	0	0	0	0	0	0
c8679	0	38	47	35	42	-1	0	0	-1	35	8	-1	0	0	0	0	0	-1	46	0	0	0	-1	36	-1	0	0	0	-1	0
c8686	8	-1	0	-1	-1	-1	0	0	0	0	-1	34	-1	5	0	24	-1	48	0	0	24	-1	0	0	-1	5	-1	24	0	0
c8726	0	0	-1	-1	0	-1	0	0	-1	0	-1	-1	0	-1	0	0	0	0	46	0	-1	26	-1	36	0	0	0	0	0	24
c8727	0	0	47	-1	-1	-1	0	0	24	0	8	-1	0	-1	0	0	-1	0	46	0	0	26	0	36	0	0	0	0	23	-1
c8728	24	0	0	42	41	0	40	34	0	0	0	0	-1	0	-1	0	0	0	31	0	0	-1	0	3	-1	0	0	31	34	41
c8750	0	0	0	0	50	0	34	0	-1	8	-1	0	0	0	41	0	-1	-1	0	0	0	35	34	42	-1	0	0	-1	39	0
c8759	4	0	-1	0	0	-1	15	-1	0	0	-1	0	0	-1	0	0	-1	42	0	-1	32	0	0	0	-1	32	-1	0	35	34
c8779	0	31	0	0	24	0	0	0	24	28	0	24	0	0	42	0	0	24	0	0	0	9	0	0	-1	5	0	-1	-1	-1
c8793	-1	-1	47	-1	42	-1	0	-1	24	-1	-1	-1	-1	24	0	-1	0	32	46	0	0	0	0	36	0	0	0	34	0	0
c8855	-1	-1	-1	8	0	36	0	-1	-1	-1	-1	1	-1	5	-1	24	0	-1	31	43	0	35	24	0	-1	0	24	24	14	-1
c8931	0	38	47	35	42	-1	0	0	-1	35	0	-1	0	48	0	0	0	0	46	0	0	0	31	-1	0	-1	0	0	9	0
c8939	0	31	-1	28	35	-1	20	0	0	-1	-1	-1	5	0	0	35	-1	0	46	-1	0	8	0	36	26	0	0	-1	0	-1
c8947	0	-1	0	0	35	0	0	0	34	-1	0	0	0	0	-1	0	0	24	32	0	0	0	0	0	-1	0	40	0	36	-1
c8956	0	0	47	3	0	-1	0	0	-1	0	28	-1	0	42	24	0	0	-1	46	0	24	0	0	36	0	35	0	-1	0	-1
c8957	0	0	47	3	24	-1	-1	0	-1	0	28	-1	-1	42	24	0	0	0	46	5	24	0	0	36	0	35	0	0	0	-1
c8979	0	0	0	-1	0	9	0	34	-1	0	15	0	8	40	0	-1	0	-1	0	0	0	-1	-1	-1	-1	32	0	0	38	-1
c8996	0	35	47	31	0	-1	-1	0	24	0	0	-1	0	0	-1	0	0	24	46	-1	-1	26	0	-1	0	0	-1	0	0	0
c8999	0	0	47	35	42	-1	42	0	24	-1	0	-1	0	0	0	0	0	0	46	25	-1	0	24	36	-1	-1	0	0	-1	0
c9019	0	0	-1	0	-1	-1	0	0	24	0	40	24	-1	0	0	24	-1	8	35	34	0	0	12	-1	-1	0	0	0	-1	0
c9050	0	0	47	31	-1	-1	0	0	24	-1	0	-1	0	24	0	0	0	0	46	0	0	26	0	36	0	-1	0	0	0	0
c9064	0	0	0	0	0	0	-1	-1	-1	-1	28	0	23	-1	-1	-1	46	0	8	0	0	0	12	0	-1	0	-1	-1	0	0
c9074	0	-1	0	0	0	0	0	34	12	8	34	0	1	-1	0	0	0	0	0	0	0	0	0	0	-1	32	0	0	38	0
c9136	0	-1	47	31	0	-1	0	0	-1	2	0	-1	-1	0	0	-1	0	-1	46	0	32	0	0	36	0	0	-1	12	0	-1
c9164	9	0	0	0	0	24	32	34	0	0	34	0	0	-1	13	-1	0	39	-1	0	9	0	0	0	-1	32	0	0	0	0
c9220	0	0	47	35	42	-1	0	0	24	35	0	-1	0	0	17	-1	0	0	46	0	-1	0	-1	36	0	-1	8	0	0	0
c9225	0	-1	9	0	0	0	0	34	0	-1	-1	0	-1	0	0	8	-1	0	0	41	0	24	0	3	-1	0	0	0	-1	41
c9260	-1	0	47	0	0	0	-1	-1	0	-1	-1	0	24	0	22	38	0	0	46	36	-1	0	-1	0	0	24	8	0	0	-1
c9284	32	8	47	0	0	0	46	0	0	21	0	0	0	31	22	38	0	-1	46	36	0	0	0	0	-1	24	8	0	0	0
c9305	0	0	1	35	-1	-1	0	34	0	0	34	0	0	0	42	-1	-1	0	0	0	20	0	0	0	-1	32	0	0	38	0
c9403	0	8	47	31	0	-1	0	0	24	0	-1	-1	0	6	-1	0	-1	0	46	35	0	-1	0	36	0	21	0	0	0	0
c9404	0	-1	0	-1	0	0	36	0	0	35	28	-1	0	0	0	0	46	0	0	-1	35	0	-1	0	-1	0	-1	0	0	0
c9445	0	38	47	35	-1	-1	0	0	24	35	0	-1	0	-1	0	0	-1	0	-1	45	0	0	-1	36	-1	0	-1	0	-1	0
c9464	0	38	47	35	42	-1	-1	0	-1	35	0	-1	0	0	35	0	-1	24	46	0	0	0	31	36	-1	0	0	0	0	0
c9501	-1	0	0	1	0	31	0	-1	0	13	12	28	0	0	0	-1	28	0	-1	0	0	0	-1	0	-1	-1	0	0	38	0
c9525	0	0	47	0	34	-1	0	0	0	40	0	-1	0	0	0	-1	0	0	-1	0	0	0	0	36	24	0	0	0	0	-1
c9553	-1	0	0	-1	0	0	-1	34	-1	0	34	0	0	0	0	8	0	0	0	-1	0	0	0	0	-1	-1	-1	0	38	41
c9598	0	0	47	35	42	-1	0	-1	24	35	8	-1	-1	0	-1	0	0	0	46	25	38	0	0	36	34	-1	0	-1	0	0
c9618	1	0	47	-1	0	-1	45	-1	36	5	0	-1	0	35	0	-1	0	0	-1	0	0	0	0	36	-1	-1	0	13	45	8
c9653	0	-1	0	24	-1	36	36	0	0	12	0	0	0	5	-1	24	30	-1	0	8	40	0	8	0	-1	0	24	-1	0	45
c9684	9	0	-1	0	-1	24	32	-1	20	0	0	-1	-1	0	13	-1	0	39	0	0	34	24	0	0	-1	-1	0	24	0	-1
c9687	0	0	47	35	42	-1	-1	41	24	35	0	-1	15	0	40	0	0	-1	46	42	0	0	0	36	0	0	-1	0	0	0
c9698	0	0	47	35	42	-1	0	0	-1	35	-1	-1	0	-1	17	0	0	-1	46	-1	-1	-1	-1	36	-1	23	8	0	0	0
c9699	0	0	47	35	42	-1	0	0	-1	35	0	-1	0	0	17	0	0	0	46	-1	-1	0	0	36	-1	23	8	0	0	0
c9734	0	0	0	-1	42	0	0	34	41	0	0	41	-1	0	0	-1	0	0	-1	0	0	0	41	0	-1	32	0	12	-1	34
c9736	0	9	47	8	-1	-1	0	0	24	0	0	-1	0	0	0	0	0	0	-1	0	0	0	0	36	0	35	0	36	-1	0
c9753	0	0	47	35	-1	-1	0	0	-1	35	8	-1	45	-1	49	0	0	0	46	25	0	0	0	36	-1	-1	0	-1	-1	0
c9769	-1	-1	0	0	0	0	0	-1	12	8	-1	0	0	0	-1	0	-1	0	0	0	50	0	-1	0	-1	32	-1	0	-1	0
c9772	43	-1	0	0	0	36	0	0	0	-1	0	0	0	5	36	24	0	0	0	3	0	-1	-1	-1	-1	8	24	24	-1	0
c9812	0	0	0	0	23	0	43	0	24	0	40	0	-1	0	0	24	-1	0	35	0	-1	0	12	5	-1	-1	0	0	0	0
c9848	0	-1	47	31	-1	-1	0	37	24	36	0	-1	0	0	41	-1	0	35	46	36	38	43	-1	36	0	0	25	0	0	37
c9935	0	0	0	1	38	0	26	-1	0	0	0	28	0	24	40	0	24	-1	0	0	0	0	0	0	-1	-1	-1	-1	38	22
c9941	0	0	-1	35	42	-1	-1	0	24	-1	8	-1	0	-1	0	0	-1	0	46	25	0	0	-1	-1	24	42	0	-1	0	0
c9995	0	-1	-1	0	-1	0	0	0	24	-1	40	-1	-1	-1	0	0	0	0	35	8	0	-1	12	0	-1	0	0	0	0	0
c9998	0	0	0	0	0	0	0	0	0	0	0	0	0	0	-1	35	0	24	0	0	0	0	0	-1	-1	0	32	0	-1	-1
c10016	-1	0	0	0	31	24	32	34	0	0	0	0	12	0	13	31	0	39	0	8	0	0	0	-1	-1	-1	0	24	-1	-1
c10033	0	9	47	-1	-1	-1	0	3	24	0	0	-1	0	0	0	0	0	0	46	-1	40	0	0	36	-1	0	36	0	0	-1
c10045	0	0	0	3	0	48	46	34	-1	35	0	-1	-1	0	0	-1	0	-1	0	41	-1	0	-1	3	-1	0	-1	0	0	41
c10087	0	0	47	-1	42	-1	-1	-1	24	-1	-1	-1	0	0	30	0	0	32	46	40	36	0	-1	36	0	24	0	0	0	0
c10098	0	0	0	0	23	0	0	0	24	-1	-1	0	-1	-1	0	0	0	0	35	0	0	0	12	5	-1	0	0	0	0	-1
c10100	0	0	-1	35	42	-1	8	41	24	35	0	-1	-1	0	0	0	0	-1	46	24	-1	0	21	36	-1	-1	0	34	50	0
c10101	-1	0	47	35	42	-1	8	41	24	35	0	-1	0	0	0	0	-1	-1	46	24	0	0	21	36	0	0	-1	0	-1	0
c10126	0	-1	47	-1	42	-1	0	0	-1	35	0	-1	0	0	30	0	0	32	46	0	36	0	-1	36	0	0	0	-1	0	0
c10144	-1	0	28	0	41	0	0	34	0	31	35	38	0	-1	-1	0	0	24	0	0	0	-1	0	-1	-1	32	0	-1	0	34
c10152	-1	30	-1	-1	-1	8	-1	34	24	0	34	0	0	24	24	0	-1	0	0	0	0	13	-1	0	-1	32	0	-1	38	0
c10159	-1	-1	0	0	35	0	0	0	-1	0	40	-1	-1	0	0	0	0	0	-1	0	0	0	-1	0	-1	0	-1	41	0	0
c10186	0	0	47	31	0	-1	0	0	-1	0	0	-1	0	24	0	0	-1	42	-1	0	0	26	0	36	0	0	0	0	0	0
c10187	0	0	47	31	0	-1	-1	0	24	0	0	-1	-1	24	0	0	0	42	46	0	0	26	0	36	-1	0	0	-1	0	-1
c10206	0	0	0	12	0	-1	36	0	5	35	28	-1	0	0	0	0	46	0	0	0	35	0	12	0	-1	0	-1	0	0	0
c10209	-1	-1	47	0	0	-1	-1	-1	31	0	-1	-1	0	0	-1	38	0	0	46	-1	34	0	0	31	0	24	8	0	-1	24
c10223	0	40	0	-1	42	-1	-1	34	0	-1	0	0	0	0	0	0	34	0	-1	-1	34	0	-1	0	-1	32	-1	0	17	34
c10275	-1	35	0	0	0	0	38	34	-1	0	0	36	0	0	45	-1	0	-1	-1	-1	0	8	0	28	-1	33	-1	48	-1	8
c10331	0	-1	47	-1	42	-1	0	0	-1	35	8	-1	0	0	0	-1	0	-1	46	25	0	0	-1	36	24	42	-1	0	0	0
c10343	0	-1	0	-1	0	31	0	24	24	0	0	0	-1	0	35	-1	0	-1	35	9	-1	0	12	-1	-1	-1	0	-1	0	0
c10359	0	-1	47	-1	42	-1	0	0	24	35	0	-1	0	36	0	0	0	32	-1	0	0	0	-1	36	45	0	0	24	-1	0
c10376	0	0	-1	0	0	-1	0	5	-1	15	-1	-1	0	0	1	-1	8	35	46	0	0	0	-1	-1	0	0	0	-1	-1	8
c10382	0	0	0	0	42	-1	-1	34	-1	34	-1	34	0	-1	0	-1	40	0	0	0	0	0	-1	0	-1	32	0	0	0	34
c10386	0	39	-1	1	-1	0	0	34	12	8	-1	0	0	0	0	-1	-1	-1	0	34	0	0	24	-1	-1	32	-1	-1	38	0
c10398	24	0	-1	-1	-1	0	40	-1	0	0	0	0	0	0	-1	0	0	5	-1	-1	0	0	32	3	-1	0	0	0	0	41
c10436	0	0	47	3	0	-1	0	0	24	-1	0	-1	42	50	24	8	0	29	46	0	0	-1	21	36	0	35	0	0	-1	-1
c10451	0	12	0	0	0	0	0	25	-1	0	-1	0	0	35	-1	0	0	-1	-1	0	0	21	0	-1	-1	-1	0	0	-1	0
c10466	0	0	47	31	0	-1	0	0	24	-1	0	-1	0	0	0	0	0	0	-1	0	0	43	0	36	0	0	0	3	0	37
c10467	0	-1	47	31	0	-1	0	-1	24	0	0	-1	0	0	0	0	0	0	46	0	0	43	0	36	0	0	0	3	0	37
c10519	0	0	47	-1	-1	-1	-1	0	-1	0	0	-1	0	6	0	0	-1	-1	46	24	0	26	3	-1	0	0	0	0	0	40
c10533	0	15	-1	-1	0	-1	0	-1	0	0	0	-1	-1	0	0	-1	17	0	46	0	0	24	-1	36	0	-1	0	0	-1	8
c10544	-1	0	47	31	-1	-1	24	-1	24	0	-1	-1	32	0	0	0	-1	0	46	8	45	0	-1	-1	0	0	0	0	0	0
c10548	0	0	-1	0	0	-1	0	24	0	0	0	0	-1	0	0	0	0	-1	0	0	0	0	12	0	-1	0	-1	0	10	0
c10574	0	38	47	35	42	-1	0	-1	24	35	0	-1	0	0	0	0	0	-1	46	0	0	0	31	-1	0	0	0	0	0	-1
c10575	0	38	47	35	42	-1	0	0	24	35	0	-1	-1	0	0	0	0	-1	46	-1	0	0	31	36	0	-1	0	0	0	0
c10579	0	39	0	1	0	12	43	34	-1	8	-1	-1	-1	0	0	1	0	0	0	-1	0	0	0	0	-1	32	0	-1	38	0
c10600	-1	-1	0	8	24	31	0	24	24	0	0	0	-1	0	-1	0	0	0	35	9	0	0	12	1	-1	38	0	0	0	0
c10601	0	-1	0	8	0	31	0	24	24	0	0	0	-1	24	-1	-1	-1	0	35	9	0	0	12	-1	-1	38	0	0	0	0
c10619	0	0	0	0	-1	0	0	0	13	35	-1	-1	0	0	0	0	46	42	0	3	0	0	12	0	-1	0	0	24	-1	1
c10638	0	-1	0	0	23	40	-1	0	-1	28	-1	0	-1	0	0	0	0	0	35	0	0	0	12	5	-1	0	35	0	-1	0
c10655	0	0	47	31	0	-1	0	0	24	0	0	-1	-1	0	24	-1	-1	41	46	0	39	26	0	36	0	0	0	0	0	13
c10678	-1	0	0	0	23	0	43	0	-1	0	40	0	-1	0	0	24	0	0	35	-1	8	0	12	-1	-1	24	-1	-1	0	0
c10690	1	0	0	0	-1	42	0	0	0	0	0	41	0	0	0	-1	0	-1	0	0	-1	23	-1	0	-1	0	0	0	0	-1
c10711	0	-1	47	35	42	-1	0	0	24	35	0	-1	0	-1	17	0	0	0	46	0	-1	0	0	36	0	0	8	0	-1	0
c10714	0	0	-1	0	0	-1	0	0	0	0	0	0	0	0	5	0	0	-1	0	0	19	-1	12	-1	-1	0	0	0	0	0
c10747	0	36	-1	0	0	0	-1	34	0	0	0	0	-1	0	25	32	0	6	0	32	0	0	0	-1	-1	34	0	0	0	-1
c10760	-1	0	-1	0	-1	36	0	0	0	0	0	-1	0	5	34	24	0	-1	-1	0	0	-1	0	0	-1	0	24	24	0	0
c10761	43	0	-1	0	9	36	0	0	0	0	0	24	0	5	34	-1	0	-1	0	0	0	-1	0	0	-1	-1	24	24	0	0
c10768	43	0	0	-1	-1	36	0	0	0	0	0	0	0	5	0	24	-1	0	-1	3	0	-1	0	0	-1	-1	24	24	0	0
c10786	0	0	7	-1	0	0	-1	-1	39	-1	0	0	0	0	0	-1	0	0	31	0	0	12	17	3	-1	-1	0	34	-1	41
c10814	34	35	47	31	0	-1	24	0	24	0	-1	-1	0	0	0	0	0	0	46	0	-1	0	0	36	-1	0	0	0	-1	0
c10834	0	0	47	31	0	-1	24	40	24	0	24	-1	32	-1	0	-1	0	0	46	8	0	0	-1	36	-1	-1	0	0	0	-1
c10857	0	39	-1	1	0	-1	20	34	0	8	30	0	0	0	8	1	42	-1	32	34	-1	0	24	0	-1	-1	0	0	38	0
c10859	1	31	0	-1	0	0	0	-1	0	0	0	0	0	0	-1	46	0	24	0	0	35	0	-1	18	-1	32	0	0	40	34
c10865	0	38	47	35	42	-1	0	0	24	-1	0	-1	0	0	35	0	0	24	46	0	0	0	31	36	-1	0	0	0	0	40
c10878	0	0	7	-1	-1	0	-1	34	39	-1	0	0	-1	-1	0	0	35	0	31	0	0	12	-1	-1	-1	-1	0	34	-1	-1
c10900	0	0	47	-1	42	-1	0	-1	24	35	-1	-1	0	35	0	0	0	-1	46	0	0	-1	0	36	0	0	-1	0	0	28
c10929	0	38	47	35	42	-1	24	0	24	35	0	-1	0	0	-1	-1	0	0	-1	-1	-1	32	0	36	0	0	-1	0	-1	24
c10931	43	0	0	0	0	-1	0	0	0	0	0	0	0	5	-1	24	0	5	0	3	0	-1	0	0	-1	0	24	-1	0	0
c10950	0	0	0	0	0	0	0	34	-1	0	34	0	39	0	0	8	0	0	0	0	0	0	-1	0	-1	-1	0	0	38	0
c10957	0	0	-1	-1	42	-1	0	0	24	35	8	-1	0	0	0	0	0	0	46	-1	0	0	0	36	-1	42	0	0	0	0
c10974	1	0	-1	-1	0	-1	41	0	0	0	0	-1	-1	0	0	8	0	0	-1	0	0	32	0	36	24	0	-1	-1	-1	8
c10981	36	-1	47	-1	42	-1	0	0	-1	0	0	-1	-1	-1	-1	0	0	0	-1	8	0	0	0	36	-1	12	0	0	3	-1
c10993	-1	0	0	41	-1	0	-1	0	0	35	-1	0	-1	-1	0	-1	46	-1	0	0	0	0	12	50	-1	0	19	0	0	0
c11032	45	39	0	1	17	42	-1	34	0	8	30	0	29	-1	0	1	0	0	0	-1	0	0	24	0	-1	-1	42	0	-1	0
c11036	0	38	47	35	42	-1	0	0	24	35	0	-1	0	0	35	0	-1	0	46	0	0	0	31	36	0	0	0	0	40	0
c11071	0	39	0	1	0	-1	-1	34	-1	8	30	0	24	0	0	-1	0	0	0	34	0	0	24	0	-1	32	0	-1	38	0
c11089	0	-1	-1	-1	-1	-1	0	0	24	-1	0	-1	0	-1	0	0	0	32	46	-1	-1	0	0	-1	-1	0	0	34	0	0
c11133	0	0	47	35	42	-1	8	-1	-1	35	0	-1	-1	0	40	0	0	42	46	42	0	0	-1	36	-1	0	-1	-1	-1	0
c11142	-1	0	47	-1	0	-1	0	0	24	0	0	-1	0	0	-1	-1	-1	0	46	0	12	26	35	36	0	34	0	-1	0	0
c11143	0	0	47	31	0	-1	-1	0	24	0	0	-1	-1	0	0	0	24	0	46	0	12	26	0	36	0	34	0	0	0	0
c11165	-1	-1	0	0	-1	0	0	34	0	0	42	0	0	0	0	0	0	0	9	0	-1	0	0	0	-1	32	35	0	38	-1
c11192	0	0	47	24	35	-1	20	29	-1	-1	-1	0	10	0	0	-1	-1	0	-1	-1	24	8	0	36	-1	0	-1	8	24	24
c11244	41	0	47	31	0	-1	0	0	24	0	0	-1	9	-1	24	0	0	41	46	0	39	26	-1	36	-1	0	0	0	0	13
c11246	1	-1	47	0	0	-1	0	-1	0	0	0	-1	0	0	-1	0	0	-1	-1	-1	-1	0	0	-1	24	0	0	45	0	8
c11298	0	0	47	35	42	-1	0	0	24	35	0	-1	0	0	17	0	0	0	46	0	-1	0	0	-1	0	23	-1	0	0	28
c11301	-1	0	12	0	0	0	15	34	0	0	0	0	24	0	0	32	40	0	-1	-1	0	-1	0	0	-1	32	-1	0	0	34
c11366	0	0	0	0	24	38	0	34	24	0	40	0	-1	0	35	0	0	-1	35	0	-1	0	12	0	-1	0	0	0	0	0
c11368	-1	0	0	2	-1	36	0	0	-1	-1	-1	0	0	-1	25	-1	0	46	31	43	0	12	35	-1	-1	-1	24	24	14	-1
c11407	0	0	35	-1	31	0	-1	34	34	0	-1	0	32	46	25	32	0	0	45	32	0	0	41	0	-1	0	0	0	0	0
c11473	8	0	9	0	31	-1	35	-1	-1	41	0	0	40	-1	0	0	0	24	0	8	0	50	0	-1	-1	0	0	-1	39	0
c11480	0	7	-1	-1	0	0	45	0	24	0	40	-1	-1	0	25	0	0	0	35	0	0	0	12	0	-1	0	0	41	0	0
c11498	24	0	-1	0	40	36	0	42	48	-1	0	-1	37	-1	25	24	0	-1	-1	43	0	0	0	0	-1	0	24	24	14	-1
c11510	0	-1	47	42	-1	0	35	0	24	0	0	41	-1	-1	22	0	44	0	-1	36	42	-1	-1	0	0	24	8	5	-1	0
c11522	0	0	-1	-1	42	48	24	34	0	0	0	0	9	0	0	0	-1	0	0	0	0	8	0	0	-1	32	35	17	-1	34
c11524	0	38	-1	-1	42	-1	-1	0	-1	35	0	-1	0	8	0	36	0	-1	46	0	-1	12	-1	36	0	0	0	-1	0	0
c11525	0	38	47	35	42	-1	0	-1	24	35	-1	-1	0	8	0	0	0	0	46	-1	0	12	31	36	0	0	0	0	0	0
c11571	0	-1	-1	0	-1	0	38	34	34	0	-1	0	0	0	25	32	0	0	45	32	0	0	41	0	-1	35	-1	0	1	0
c11604	0	-1	1	-1	0	0	0	34	0	48	34	-1	0	0	4	-1	-1	-1	0	0	20	-1	0	0	-1	32	0	-1	38	0
c11609	-1	0	21	0	0	17	-1	-1	-1	0	0	-1	8	0	-1	0	43	24	0	0	0	0	0	0	-1	0	0	0	0	-1
c11613	0	30	-1	0	0	0	0	-1	0	45	0	0	0	10	0	0	-1	1	0	0	0	0	3	0	-1	32	13	-1	24	-1
c11620	32	0	0	8	0	36	-1	0	0	-1	32	0	0	-1	25	-1	0	0	31	43	1	35	0	0	-1	0	24	24	-1	-1
c11656	8	0	0	-1	0	-1	-1	24	0	0	0	0	0	0	0	0	0	-1	-1	0	0	0	12	0	-1	0	34	0	10	0
c11670	0	0	0	-1	0	36	35	-1	-1	-1	0	0	0	5	25	-1	0	0	-1	43	0	-1	0	0	-1	0	-1	24	14	-1
c11683	0	0	0	25	35	0	0	-1	0	35	-1	0	35	0	-1	24	48	-1	0	0	0	0	42	0	-1	0	-1	0	36	-1
c11684	-1	0	47	-1	0	-1	-1	-1	0	0	15	-1	0	45	0	34	0	-1	46	0	0	0	22	36	-1	0	0	0	41	8
c11698	0	-1	47	-1	42	-1	0	0	-1	35	0	-1	0	0	-1	0	0	32	-1	-1	36	-1	-1	36	0	0	0	0	0	0
c11756	0	0	-1	35	-1	-1	42	-1	24	-1	-1	-1	33	0	24	0	0	-1	46	25	-1	0	0	36	-1	-1	0	0	0	0
c11764	0	35	47	31	-1	-1	12	0	24	0	0	-1	-1	0	0	0	-1	24	46	0	24	26	-1	36	0	0	35	0	0	0
c11800	-1	38	47	35	42	-1	14	0	-1	35	-1	-1	0	0	45	0	0	0	46	36	0	32	0	36	0	-1	0	0	0	0
c11828	0	0	38	1	12	0	26	-1	0	0	0	28	0	0	40	0	-1	26	0	0	32	0	0	-1	-1	32	-1	0	38	22
c11839	7	0	35	0	3	36	12	-1	0	-1	12	0	-1	5	25	24	0	-1	31	43	0	0	-1	0	-1	0	-1	24	14	-1
c11874	0	0	47	-1	42	-1	0	-1	24	-1	50	-1	0	0	-1	0	0	32	46	-1	0	0	0	36	0	-1	0	0	0	-1
c11883	0	38	-1	-1	42	-1	22	-1	-1	35	0	-1	0	8	0	0	0	-1	46	0	0	-1	31	36	0	0	0	0	0	0
c11895	0	38	-1	35	42	-1	0	0	24	35	0	-1	0	0	-1	0	0	24	-1	-1	36	0	-1	36	0	0	0	24	0	-1
c11914	0	0	47	42	0	0	0	0	0	0	-1	-1	-1	0	22	0	0	-1	46	36	0	37	0	0	0	24	8	0	0	0
c11951	-1	0	-1	-1	0	-1	0	0	0	-1	0	-1	50	0	-1	0	0	0	-1	0	0	32	0	-1	24	0	-1	21	0	-1
c12015	-1	0	0	0	42	0	0	34	0	0	0	0	1	0	0	-1	6	0	0	0	-1	0	0	0	-1	32	35	0	0	34
c12044	0	38	47	35	42	-1	42	17	24	35	0	-1	0	0	0	0	0	0	46	0	0	0	31	36	-1	0	0	0	0	0
c12068	0	-1	47	35	42	-1	-1	0	24	35	0	-1	0	0	45	42	-1	0	-1	36	45	32	-1	36	0	0	24	8	-1	24
c12075	0	0	47	31	0	-1	0	0	24	0	0	-1	9	0	24	0	0	41	46	0	39	26	0	36	0	0	0	0	0	13
c12093	0	38	47	35	42	-1	0	0	24	35	-1	-1	0	0	0	0	0	-1	46	0	34	0	0	-1	0	29	0	24	0	24
c12107	0	0	0	0	34	5	-1	34	0	0	-1	0	0	-1	42	0	-1	0	0	24	0	0	0	-1	-1	32	0	0	0	34
c12141	-1	0	0	0	24	0	0	0	-1	35	0	-1	0	0	0	0	46	24	0	-1	-1	0	12	0	-1	0	0	0	0	0
c12168	1	0	0	-1	0	42	0	0	-1	0	0	-1	0	0	-1	-1	0	-1	0	0	0	23	12	0	-1	0	0	0	0	45
c12188	0	0	-1	-1	42	-1	-1	0	24	35	0	-1	-1	0	17	0	0	0	46	35	-1	0	0	36	0	0	8	24	0	-1
c12196	0	-1	47	3	-1	-1	0	0	24	-1	0	-1	42	0	-1	45	0	0	-1	-1	8	0	0	36	-1	35	42	0	0	-1
c12219	0	-1	-1	-1	42	-1	8	41	24	35	-1	-1	0	0	-1	0	0	0	-1	42	0	0	-1	36	0	-1	0	0	0	24
c12221	-1	36	0	-1	0	-1	15	-1	0	0	0	1	0	0	0	0	0	42	0	0	-1	0	0	43	-1	32	-1	-1	35	34
c12236	-1	0	47	31	0	-1	0	0	24	0	0	-1	0	-1	0	0	0	-1	46	24	0	26	3	36	0	0	0	0	0	40
c12237	0	0	47	-1	0	-1	0	0	-1	0	0	-1	0	6	0	0	0	0	46	24	-1	26	-1	36	0	0	0	-1	-1	-1
c12251	-1	0	47	35	42	-1	0	12	-1	35	8	-1	-1	0	0	24	0	0	46	25	0	0	0	36	24	42	0	-1	-1	-1
c12276	-1	9	-1	-1	42	-1	8	-1	24	-1	0	-1	0	0	0	0	0	40	46	35	24	0	-1	36	35	0	0	0	0	0
c12305	0	0	47	-1	42	-1	0	0	-1	35	0	-1	0	0	17	-1	0	0	46	0	-1	-1	0	36	0	23	8	0	0	28
c12307	0	28	0	-1	0	35	15	34	-1	0	0	0	0	0	0	-1	0	42	0	0	32	0	0	-1	-1	32	-1	0	35	34
c12312	34	35	47	31	0	-1	24	0	24	0	-1	-1	0	-1	0	0	0	0	-1	35	-1	0	-1	36	0	0	0	0	-1	0
c12313	34	35	47	-1	0	-1	24	0	24	0	-1	-1	0	24	0	0	0	0	46	0	-1	0	0	36	0	0	-1	0	24	-1
c12348	0	0	-1	-1	0	0	0	34	0	-1	0	-1	0	10	0	0	0	1	-1	-1	-1	0	-1	0	-1	32	-1	-1	0	-1
c12352	23	0	0	0	21	0	0	0	0	0	31	0	8	0	-1	0	43	24	0	0	35	-1	0	0	-1	-1	0	0	0	-1
c12368	0	0	12	0	0	0	15	-1	-1	-1	16	50	24	0	35	0	-1	41	0	0	0	-1	-1	8	-1	32	-1	0	-1	34
c12390	0	0	47	35	42	-1	34	-1	24	35	0	-1	0	0	0	0	0	-1	46	-1	0	-1	0	-1	0	0	0	38	0	-1
c12399	0	-1	0	0	-1	-1	35	-1	0	12	9	0	34	-1	0	8	0	-1	-1	0	0	-1	0	24	-1	-1	0	0	0	34
c12409	0	38	47	35	42	-1	0	0	24	35	0	-1	-1	48	0	41	0	0	-1	0	0	0	31	36	-1	0	0	0	0	0
c12418	0	0	47	31	-1	-1	-1	-1	24	-1	-1	-1	0	6	0	0	0	0	46	24	0	26	0	36	0	38	0	0	0	40
c12446	0	0	0	0	0	36	35	42	48	-1	-1	0	-1	5	25	24	0	0	31	43	0	10	-1	-1	-1	0	-1	24	14	-1
c12448	9	9	0	-1	-1	0	15	34	0	0	0	0	-1	-1	0	0	0	42	0	0	-1	0	0	0	-1	32	-1	31	-1	34
c12475	0	0	-1	0	0	0	0	0	24	0	40	0	-1	-1	0	-1	0	0	35	0	0	0	-1	0	-1	0	-1	0	0	0
c12477	24	0	0	0	0	-1	-1	-1	0	12	-1	0	-1	0	41	0	35	-1	0	0	0	0	0	-1	-1	0	0	-1	39	0
c12484	0	38	-1	35	42	-1	-1	0	24	35	0	-1	0	-1	0	0	24	0	46	0	0	0	0	36	-1	-1	0	42	0	0
c12485	0	38	47	-1	-1	-1	0	0	24	35	0	-1	0	0	0	0	24	0	46	0	0	0	0	-1	-1	0	0	42	0	0
c12512	41	0	0	35	24	0	24	8	-1	0	5	0	0	45	42	0	0	-1	0	-1	0	0	26	0	-1	0	0	0	-1	-1
c12562	0	0	-1	0	23	0	43	0	24	0	40	-1	-1	-1	0	24	0	24	35	-1	0	0	12	-1	-1	24	0	0	0	0
c12571	0	0	0	0	0	0	0	0	0	35	-1	0	-1	0	-1	0	46	-1	0	0	0	0	12	0	-1	0	0	0	0	0
c12574	0	0	-1	35	42	-1	8	41	24	-1	-1	-1	0	0	34	0	-1	-1	-1	-1	-1	0	0	36	0	0	0	0	0	0
c12610	0	0	47	32	35	-1	20	12	35	24	0	0	0	0	0	35	0	0	46	34	0	8	-1	36	0	37	0	0	-1	0
c12616	1	5	47	-1	0	-1	0	0	0	0	0	-1	0	0	0	0	0	0	-1	45	34	0	0	36	24	0	50	-1	0	8
c12635	0	0	0	0	0	36	0	-1	0	-1	0	0	0	5	-1	24	0	-1	31	-1	-1	0	0	0	-1	0	24	-1	14	-1
c12636	0	-1	47	35	42	-1	42	-1	24	35	0	-1	0	0	0	0	-1	0	46	25	24	0	-1	36	0	42	-1	0	0	0
c12637	0	0	47	35	-1	-1	42	0	24	35	0	-1	-1	-1	0	0	-1	0	46	25	-1	0	-1	36	-1	42	8	0	0	0
c12652	0	0	7	-1	-1	-1	-1	-1	-1	-1	0	0	-1	-1	-1	-1	0	-1	31	0	0	12	17	3	-1	0	0	-1	24	41
c12654	35	-1	47	-1	42	-1	-1	0	24	35	-1	-1	0	0	-1	0	0	32	46	0	0	0	0	36	0	33	0	0	0	0
c12656	-1	36	0	-1	0	-1	32	34	0	0	0	0	-1	0	13	-1	0	39	34	0	-1	0	0	12	-1	32	0	0	0	0
c12672	9	0	0	12	15	24	32	34	0	0	-1	29	-1	8	13	31	0	-1	0	0	0	24	0	0	-1	32	0	24	0	-1
c12693	0	-1	0	0	0	12	0	34	0	0	0	0	0	35	0	0	0	0	0	0	8	0	0	0	-1	32	35	24	38	30
c12715	-1	39	0	-1	0	0	43	34	0	8	30	0	0	-1	0	1	0	0	0	34	0	-1	0	-1	-1	-1	0	-1	38	0
c12721	-1	0	47	-1	0	-1	0	46	24	-1	0	-1	42	50	24	0	0	6	-1	0	0	0	0	36	0	35	0	0	26	-1
c12729	0	-1	47	31	0	-1	0	0	24	-1	-1	-1	0	0	0	0	0	-1	46	0	0	43	0	-1	0	0	0	3	0	37
c12796	0	0	47	-1	42	-1	0	0	24	35	50	-1	0	0	0	0	46	32	-1	0	-1	0	-1	36	0	36	0	0	0	0
c12797	0	0	47	-1	-1	-1	0	0	24	35	-1	-1	0	0	0	0	46	-1	-1	-1	0	0	32	36	0	36	-1	0	-1	0
c12822	0	0	47	31	-1	-1	24	40	24	0	24	-1	32	-1	0	-1	0	0	-1	8	0	0	-1	36	0	0	0	0	0	-1
c12823	0	0	47	31	0	-1	24	40	24	0	24	-1	32	0	0	0	0	0	46	8	0	-1	-1	36	0	0	-1	0	0	0
c12844	-1	0	47	31	0	-1	24	-1	24	0	-1	-1	0	0	0	0	-1	0	46	8	-1	0	0	-1	0	0	0	0	0	0
c12845	34	-1	47	31	0	-1	24	12	-1	0	-1	-1	0	0	-1	0	0	0	46	8	-1	0	0	36	0	0	0	-1	0	0
c12891	0	0	12	0	-1	0	15	34	0	0	0	-1	0	0	0	-1	0	0	17	0	-1	0	0	0	-1	32	-1	0	31	34
c12895	0	31	47	32	35	-1	20	12	35	24	0	0	0	12	0	35	0	-1	46	34	0	8	-1	36	0	-1	0	1	0	36
c12914	0	-1	47	-1	-1	-1	0	0	24	-1	-1	-1	36	-1	0	0	0	0	46	0	0	26	0	36	0	0	-1	0	0	0
c12937	0	0	47	35	-1	-1	0	0	-1	35	0	-1	0	0	0	0	-1	-1	46	25	24	0	23	36	0	42	0	0	0	-1
c12943	0	0	0	-1	0	0	-1	34	0	0	0	0	8	0	24	8	-1	-1	-1	0	8	-1	24	0	-1	32	0	0	38	-1
c12945	0	0	47	31	0	-1	0	0	24	2	0	-1	0	0	0	0	0	-1	46	-1	32	0	0	36	0	0	-1	12	0	8
c12950	39	0	47	31	0	-1	0	0	24	0	0	-1	0	24	-1	0	0	-1	46	0	0	26	0	36	0	-1	42	26	0	24
c12981	0	0	47	35	-1	-1	0	0	24	-1	-1	-1	0	-1	0	0	0	0	46	25	0	0	0	-1	24	42	35	0	0	0
c12997	0	-1	0	-1	0	0	-1	-1	0	0	-1	-1	0	24	0	8	0	0	12	44	-1	0	0	0	-1	32	0	0	38	41
c13006	0	0	0	0	42	0	9	-1	30	0	0	24	0	0	45	0	8	0	24	40	8	0	-1	0	-1	-1	24	0	0	34
c13036	0	-1	47	-1	42	-1	0	0	-1	35	0	-1	0	0	0	12	0	32	46	-1	0	0	0	36	0	0	0	0	-1	0
c13037	0	-1	-1	-1	42	-1	-1	-1	24	35	35	-1	0	0	-1	12	0	32	46	0	-1	0	0	36	0	0	0	0	-1	0
c13070	0	0	47	35	42	-1	34	0	24	35	0	-1	-1	0	0	0	12	0	46	0	-1	1	-1	36	0	0	0	38	-1	-1
c13096	0	-1	47	-1	42	-1	0	-1	24	35	-1	-1	9	0	0	0	0	32	46	24	0	0	0	36	0	0	-1	8	0	-1
c13097	-1	-1	47	-1	42	-1	0	9	24	-1	-1	-1	9	0	-1	-1	-1	32	-1	-1	-1	-1	0	-1	-1	0	0	8	0	0
c13117	0	0	0	12	-1	0	40	-1	0	12	0	0	-1	0	0	17	0	0	31	0	-1	0	0	-1	-1	0	0	0	34	-1
c13187	0	0	47	-1	-1	-1	-1	17	0	0	-1	-1	-1	0	0	0	-1	-1	46	0	-1	-1	49	36	0	0	0	24	-1	8
c13191	0	38	47	35	42	-1	0	-1	-1	35	0	-1	25	-1	0	0	24	36	-1	-1	0	0	0	36	0	0	0	0	-1	-1
c13257	0	0	47	-1	-1	12	0	0	8	0	-1	0	0	-1	22	38	0	34	-1	-1	34	0	0	0	-1	24	8	0	0	0
c13259	24	0	47	35	-1	-1	8	41	24	35	-1	-1	0	0	0	-1	-1	0	46	42	0	0	0	36	0	24	0	0	0	12
c13264	0	38	47	-1	42	-1	24	0	24	35	0	-1	0	-1	45	21	0	-1	46	36	0	32	0	36	0	0	0	-1	-1	24
c13265	0	38	47	-1	42	-1	24	-1	24	-1	0	-1	0	-1	45	21	0	0	46	36	0	32	0	36	0	0	0	0	0	24
c13279	-1	0	47	3	0	-1	0	0	24	-1	0	-1	42	0	-1	0	-1	42	46	-1	0	35	-1	36	24	35	-1	0	0	-1
c13283	-1	0	0	-1	0	-1	15	0	0	-1	28	0	0	-1	-1	0	-1	13	0	0	0	0	12	50	-1	0	19	0	0	0
c13310	0	-1	-1	35	0	0	0	0	-1	0	40	0	-1	0	0	0	0	0	35	0	0	0	12	-1	-1	0	0	0	24	0
c13323	0	0	0	24	0	0	-1	0	0	-1	0	43	-1	0	-1	0	46	0	0	-1	0	-1	12	0	-1	0	-1	34	0	0
c13325	0	0	-1	1	40	0	0	34	0	-1	30	-1	0	0	-1	1	0	0	-1	34	0	0	0	0	-1	32	0	-1	38	0
c13360	-1	0	0	1	0	0	-1	34	0	0	30	-1	0	0	-1	1	0	-1	0	-1	0	0	0	-1	-1	32	0	0	38	0
c13415	0	-1	47	-1	-1	-1	0	0	24	-1	8	-1	0	0	0	0	0	0	46	25	0	0	-1	36	24	42	0	0	-1	0
c13432	0	0	7	-1	37	0	-1	-1	39	-1	26	0	0	8	0	0	0	0	31	0	24	12	17	3	-1	-1	0	34	24	41
c13436	0	0	0	0	0	-1	0	0	0	-1	0	0	0	5	25	24	5	36	-1	43	0	0	0	0	-1	0	24	24	14	-1
c13441	0	-1	47	-1	42	-1	0	-1	24	35	0	-1	0	0	0	-1	0	32	46	-1	-1	-1	0	36	-1	0	0	34	0	0
c13445	0	-1	-1	-1	42	-1	24	0	24	35	0	-1	0	0	-1	0	0	32	46	0	0	-1	0	36	0	0	0	0	0	0
c13471	-1	-1	-1	0	50	-1	0	-1	0	0	0	-1	0	0	0	-1	21	0	-1	-1	-1	0	-1	36	24	-1	0	0	42	8
c13498	0	38	47	35	42	-1	0	0	24	35	0	-1	-1	48	40	0	0	0	46	0	0	8	31	36	0	0	0	8	0	0
c13499	0	38	47	-1	42	-1	-1	0	24	35	0	-1	0	-1	-1	0	0	0	46	0	0	0	31	-1	0	0	0	8	0	0
c13502	0	38	47	35	42	-1	8	0	24	35	-1	-1	0	0	0	0	-1	40	-1	0	34	0	0	36	0	-1	0	24	0	24
c13518	0	-1	47	35	42	-1	0	-1	24	-1	0	-1	-1	48	0	-1	0	0	46	0	0	0	31	36	0	0	-1	34	0	0
c13519	-1	38	47	35	42	-1	-1	-1	24	35	0	-1	0	48	0	-1	0	0	46	0	0	0	-1	-1	0	0	0	34	0	0
c13536	24	0	47	35	42	-1	8	41	24	35	0	-1	0	21	34	0	0	35	46	42	-1	0	0	36	0	0	0	-1	0	12
c13569	-1	0	47	0	0	0	0	0	0	0	0	0	0	9	22	-1	0	0	46	36	24	12	0	0	0	24	8	0	0	0
c13573	0	0	0	-1	42	0	0	34	-1	0	-1	0	-1	-1	0	0	34	0	-1	40	-1	41	-1	0	-1	32	0	0	35	34
c13591	0	0	35	-1	31	-1	38	-1	34	34	0	0	24	8	25	-1	0	0	45	-1	0	0	41	0	-1	0	-1	0	-1	36
c13594	0	0	7	-1	-1	0	-1	-1	39	-1	0	0	0	0	0	0	0	-1	-1	0	0	12	17	3	-1	0	0	34	24	-1
c13602	-1	0	0	0	42	48	0	34	-1	0	0	0	0	0	0	0	0	0	0	0	0	8	0	-1	-1	32	35	0	0	-1
c13642	0	35	47	31	0	-1	0	-1	24	0	0	-1	0	0	0	0	0	24	-1	0	34	26	0	-1	0	0	0	0	0	0
c13643	0	35	47	31	-1	-1	-1	-1	24	0	0	-1	0	0	0	0	-1	-1	-1	0	34	-1	0	36	0	0	-1	0	0	0
c13648	0	0	47	-1	-1	-1	-1	0	24	35	-1	-1	0	0	17	0	0	-1	46	-1	-1	0	0	-1	0	23	8	0	0	0
c13649	-1	0	47	-1	-1	-1	0	-1	-1	35	0	-1	0	0	17	0	0	0	46	0	-1	-1	0	36	-1	23	8	0	0	0
c13657	0	0	-1	-1	0	38	0	-1	0	35	-1	0	0	0	0	-1	46	0	0	0	0	0	12	-1	-1	0	0	0	42	0
c13658	0	0	41	0	-1	0	0	-1	-1	0	-1	0	-1	5	0	0	-1	0	-1	-1	-1	0	12	32	-1	0	0	0	0	0
c13661	0	0	35	0	31	0	38	34	-1	34	0	-1	-1	35	-1	32	-1	0	45	-1	0	0	-1	0	-1	0	0	0	0	36
c13710	0	0	47	0	42	-1	-1	-1	-1	-1	-1	-1	0	40	0	0	0	0	-1	0	0	0	0	36	35	0	0	0	-1	36
c13716	0	0	47	3	0	-1	0	0	24	-1	-1	-1	42	0	24	35	-1	0	-1	-1	8	-1	0	36	8	-1	-1	0	0	-1
c13727	-1	0	0	0	-1	0	0	34	12	8	34	0	-1	0	0	0	-1	0	0	0	0	-1	0	0	-1	32	-1	0	38	0
c13752	39	0	47	-1	0	-1	0	0	-1	0	0	-1	0	24	0	0	0	0	46	0	-1	26	0	36	0	0	42	-1	0	38
c13755	0	0	0	-1	0	0	42	-1	38	-1	0	17	0	-1	-1	0	46	0	0	0	0	0	12	0	-1	0	-1	0	0	49
c13763	43	-1	0	0	0	36	0	0	0	0	-1	0	0	5	0	24	0	-1	0	3	-1	-1	-1	-1	-1	8	24	24	0	-1
c13764	-1	-1	47	-1	42	-1	0	0	-1	35	0	-1	0	0	-1	0	0	32	-1	0	36	0	-1	36	-1	0	0	0	-1	0
c13765	-1	9	47	-1	42	-1	0	12	24	35	-1	-1	0	0	30	0	0	32	46	-1	36	0	-1	36	0	0	0	0	0	0
c13778	0	9	47	0	42	-1	-1	0	24	-1	0	-1	0	0	35	0	-1	40	46	0	0	0	0	-1	35	0	12	0	0	-1
c13784	0	0	0	0	25	36	0	-1	0	0	-1	34	0	5	0	-1	34	0	0	0	31	0	-1	0	-1	-1	24	24	0	-1
c13802	0	-1	47	35	42	-1	-1	0	24	35	0	-1	0	0	17	0	0	0	46	0	-1	0	-1	36	0	0	8	0	0	0
c13804	0	-1	0	-1	0	0	-1	-1	-1	0	0	0	-1	0	32	0	-1	24	0	0	-1	0	0	0	-1	0	0	0	-1	0
c13811	-1	0	0	0	0	42	0	0	0	-1	0	41	0	34	0	-1	0	-1	0	0	0	23	12	0	-1	0	0	0	-1	-1
c13824	0	0	-1	0	42	0	0	34	34	0	0	8	0	0	-1	0	-1	13	0	40	0	0	0	0	-1	32	-1	0	0	34
c13830	0	24	28	0	-1	-1	0	34	0	-1	0	0	0	0	-1	0	0	24	0	0	9	3	-1	-1	-1	-1	0	0	0	34
c13840	0	0	-1	0	0	0	12	0	24	0	40	0	-1	0	0	0	0	0	35	0	24	0	12	24	-1	0	0	-1	0	41
c13859	0	38	-1	35	42	-1	24	0	24	35	17	-1	0	46	45	0	0	-1	46	36	0	32	-1	36	0	0	0	0	0	24
c13868	0	-1	47	-1	42	-1	24	-1	24	35	0	-1	0	0	-1	-1	42	0	46	36	45	32	0	36	0	0	24	8	0	24
c13873	-1	0	0	-1	24	36	0	0	0	-1	0	-1	1	5	25	24	0	-1	31	43	12	-1	0	-1	-1	0	24	24	14	-1
c13901	0	0	47	0	0	0	41	0	-1	24	-1	0	-1	0	22	-1	0	34	46	36	0	0	0	31	0	-1	-1	0	0	0
c13902	0	0	0	-1	0	36	36	0	0	-1	0	-1	0	5	0	24	0	38	0	8	0	0	8	0	-1	0	24	24	32	35
c13911	-1	24	0	34	42	8	0	34	-1	8	5	0	0	-1	-1	-1	0	0	35	-1	0	-1	0	9	-1	32	0	0	42	-1
c13915	-1	0	-1	35	42	-1	8	41	24	35	0	-1	15	-1	40	0	0	42	46	42	0	41	-1	36	0	22	-1	0	0	0
c13922	41	0	47	-1	0	-1	0	-1	24	0	0	-1	-1	0	24	0	0	41	-1	0	39	26	0	36	-1	0	0	0	0	13
c13923	41	0	47	31	0	-1	0	0	24	0	0	-1	9	0	24	-1	0	41	-1	-1	-1	-1	0	36	0	0	0	0	0	13
c13948	0	0	47	32	35	-1	-1	12	35	-1	45	35	0	0	45	35	0	-1	46	-1	0	-1	8	36	0	0	0	0	0	0
c13952	0	0	-1	-1	0	0	0	31	0	0	34	41	-1	0	-1	0	0	0	46	36	0	37	0	0	0	24	8	35	0	-1
c13955	-1	9	0	0	0	0	0	34	8	8	0	0	0	0	0	0	-1	-1	0	-1	0	0	0	0	-1	-1	-1	0	-1	0
c13959	0	0	0	0	0	36	0	5	0	0	41	0	0	-1	-1	-1	38	-1	0	24	0	-1	-1	0	-1	-1	-1	24	0	0
c14016	0	24	0	40	0	36	-1	0	12	36	0	-1	0	5	-1	-1	41	35	34	0	-1	0	25	-1	-1	0	24	24	0	0
c14026	0	0	-1	0	0	0	0	0	-1	0	0	0	-1	0	22	-1	48	-1	46	36	0	0	-1	0	35	24	-1	8	24	-1
c14041	-1	-1	47	0	-1	-1	0	-1	24	0	0	-1	0	-1	-1	-1	-1	0	46	0	21	24	0	36	9	-1	0	0	0	0
c14042	0	0	0	0	0	0	0	0	24	0	40	0	-1	0	0	0	0	0	35	0	-1	0	12	-1	-1	0	-1	0	24	0
c14043	0	-1	0	0	0	0	0	-1	24	-1	40	0	-1	0	0	0	0	0	35	0	0	0	12	-1	-1	0	0	0	24	0
c14066	0	0	0	0	24	-1	0	-1	24	19	40	-1	-1	0	0	0	0	35	-1	0	0	0	12	8	-1	0	0	0	0	0
c14091	0	24	0	0	0	36	0	8	-1	-1	-1	0	0	5	25	24	0	-1	31	43	24	0	-1	0	-1	0	24	24	14	-1
c14106	0	38	47	35	42	-1	14	0	-1	35	0	-1	0	0	45	0	0	0	46	36	0	32	0	36	0	0	0	0	0	-1
c14107	0	38	47	35	42	-1	14	0	24	35	-1	-1	0	0	45	0	-1	0	46	36	0	32	0	36	0	-1	0	0	0	0
c14110	-1	0	0	0	0	0	0	0	0	35	-1	0	0	-1	0	0	46	-1	0	0	24	0	-1	0	-1	0	0	-1	-1	-1
c14123	0	0	-1	0	0	0	-1	34	-1	35	0	0	0	0	0	0	-1	0	0	41	0	0	0	3	-1	0	0	0	0	41
c14124	0	0	-1	-1	0	0	0	34	24	0	34	0	-1	-1	24	-1	-1	0	0	0	0	0	0	0	-1	32	0	15	38	0
c14139	0	39	-1	1	0	0	0	34	12	8	30	24	0	0	-1	1	0	0	0	34	0	0	24	31	-1	32	0	-1	-1	0
c14159	0	36	35	0	-1	0	38	34	-1	0	0	0	0	0	-1	32	-1	0	0	-1	0	12	0	-1	-1	0	0	0	-1	0
c14181	24	0	-1	0	-1	-1	0	34	0	-1	0	0	0	10	0	0	-1	1	-1	0	0	0	-1	42	-1	-1	-1	-1	24	-1
c14186	0	0	47	-1	-1	-1	0	0	-1	35	0	-1	0	-1	30	0	0	32	46	0	36	0	-1	36	0	0	0	-1	0	-1
c14188	0	38	-1	35	-1	-1	0	0	-1	35	0	-1	0	0	35	-1	0	24	46	0	0	-1	31	36	0	0	0	0	0	-1
c14189	-1	-1	47	35	42	-1	0	0	-1	35	0	-1	0	0	35	45	-1	24	46	0	0	0	31	-1	-1	0	-1	0	0	0
c14191	-1	0	0	24	0	-1	0	0	-1	0	40	0	8	0	-1	0	-1	24	0	0	0	0	-1	0	-1	-1	0	17	5	-1
c14202	0	0	0	8	0	36	-1	0	8	-1	32	0	-1	5	25	24	0	-1	31	43	0	-1	0	0	-1	0	24	24	-1	-1
c14210	0	0	47	-1	-1	-1	0	0	-1	35	8	-1	45	0	0	24	-1	-1	46	25	0	0	0	-1	24	42	0	0	0	-1
c14227	0	0	0	-1	0	0	0	0	-1	0	0	0	0	-1	-1	41	0	24	-1	33	0	-1	0	0	-1	0	0	0	39	1
c14239	0	0	-1	0	0	0	-1	34	0	8	0	0	0	-1	0	0	0	35	34	-1	0	0	0	-1	-1	32	-1	0	38	0
c14247	0	39	-1	1	24	-1	0	34	0	8	30	41	-1	0	0	1	-1	0	-1	34	0	0	24	24	-1	32	0	0	38	0
c14263	-1	0	0	0	42	0	5	34	41	0	21	41	0	0	0	0	0	0	0	0	-1	0	41	0	-1	32	0	12	0	34
c14264	-1	0	47	-1	35	-1	20	34	-1	24	0	48	-1	33	1	35	24	0	46	0	-1	8	0	36	0	0	0	0	40	0
c14274	0	35	-1	31	0	-1	0	0	24	0	0	-1	0	0	0	0	0	24	46	0	24	26	0	36	0	-1	0	-1	0	0
c14330	0	0	-1	-1	38	-1	15	34	0	0	35	0	24	0	-1	0	0	0	-1	-1	0	0	0	-1	-1	32	-1	-1	39	34
c14335	-1	0	47	-1	42	-1	8	-1	-1	35	0	-1	0	0	-1	-1	-1	0	-1	24	0	0	-1	36	0	-1	0	0	0	0
c14336	0	-1	-1	-1	42	-1	-1	0	24	35	-1	-1	0	0	0	-1	0	32	46	0	0	0	0	36	-1	-1	0	0	24	0
c14359	0	-1	47	0	35	-1	20	0	0	24	0	0	0	0	0	35	36	0	-1	0	0	-1	0	36	0	0	0	0	0	0
c14365	-1	0	9	1	0	0	31	-1	0	0	0	28	0	0	-1	0	24	0	0	-1	-1	0	0	-1	-1	32	0	0	38	22
c14367	0	-1	47	-1	42	-1	24	0	-1	35	0	-1	-1	0	0	0	0	32	46	0	-1	0	0	-1	0	0	0	0	-1	0
c14394	0	35	47	31	0	-1	12	0	-1	-1	-1	-1	0	-1	0	0	0	24	46	0	24	26	24	36	0	0	35	0	0	0
c14395	0	-1	-1	31	0	-1	12	0	24	0	0	-1	0	0	0	0	0	24	46	0	24	26	24	36	0	0	35	0	0	0
c14405	0	0	0	0	23	0	0	0	24	28	40	0	-1	-1	0	0	0	-1	35	-1	0	0	-1	5	-1	-1	35	42	-1	0
c14411	0	-1	47	35	42	-1	0	0	24	35	8	-1	-1	0	0	0	-1	0	46	25	-1	0	0	36	24	42	0	0	-1	-1
c14415	-1	0	47	42	-1	0	-1	0	-1	0	0	41	-1	0	-1	0	0	0	46	36	-1	0	28	0	0	24	8	-1	-1	0
c14426	0	-1	47	-1	42	-1	-1	0	-1	-1	0	-1	0	0	45	0	-1	0	46	36	0	32	-1	36	-1	0	0	0	-1	24
c14428	-1	38	47	35	42	-1	0	0	24	35	0	-1	0	0	0	-1	-1	0	-1	0	-1	0	31	36	0	0	0	0	-1	0
c14429	0	38	47	35	42	-1	0	0	24	-1	0	-1	-1	0	0	0	-1	0	-1	-1	0	-1	31	36	0	0	0	0	0	-1
c14459	0	0	50	-1	0	0	-1	34	35	0	0	0	21	0	0	0	0	0	0	0	8	-1	0	0	-1	32	0	0	38	0
c14467	0	12	46	0	30	17	0	34	0	-1	0	0	35	10	0	0	8	0	-1	0	0	0	0	0	-1	32	0	1	38	-1
c14468	34	0	7	0	34	0	-1	-1	0	-1	0	0	0	0	0	-1	0	-1	31	0	0	24	17	3	-1	-1	-1	43	-1	41
c14481	0	0	0	0	-1	0	0	0	-1	0	0	0	0	35	0	0	0	24	0	-1	0	21	0	0	-1	-1	0	0	39	-1
c14516	0	21	47	35	0	-1	0	0	0	0	-1	-1	0	-1	22	38	0	0	46	-1	0	0	0	0	0	-1	-1	0	0	0
c14521	0	-1	47	-1	-1	-1	0	0	24	0	0	-1	-1	24	0	-1	-1	-1	46	0	24	26	-1	-1	0	0	0	45	0	0
c14522	0	0	0	-1	42	0	-1	34	-1	8	0	-1	0	0	0	-1	0	-1	35	40	0	-1	0	9	-1	32	0	-1	0	34
c14533	-1	0	47	-1	42	-1	-1	-1	-1	35	-1	-1	0	0	0	-1	0	32	46	0	0	0	0	36	-1	36	0	0	0	0
c14534	-1	0	0	0	42	0	0	-1	28	34	0	34	8	0	-1	-1	40	34	0	0	0	0	0	-1	-1	32	-1	0	0	34
c14543	-1	0	-1	0	0	0	-1	34	0	0	0	0	-1	0	24	0	-1	0	0	-1	8	0	24	-1	-1	32	0	0	38	0
c14588	-1	0	-1	-1	-1	-1	0	-1	0	7	0	-1	0	0	0	0	-1	0	-1	48	0	32	0	-1	42	5	45	0	8	34
c14629	0	-1	50	-1	0	0	-1	-1	0	0	0	0	21	0	0	0	0	0	0	0	8	0	0	0	-1	32	0	0	-1	0
c14646	0	0	0	0	0	-1	35	0	-1	0	0	0	0	-1	0	0	0	24	-1	-1	0	50	-1	-1	-1	0	-1	-1	39	0
c14676	0	-1	47	42	0	0	24	0	0	0	-1	-1	-1	0	22	0	10	-1	46	-1	0	0	0	24	-1	24	8	0	0	0
c14679	0	0	0	8	0	36	0	-1	31	-1	32	1	15	5	25	24	0	0	31	43	0	35	0	24	-1	0	-1	24	-1	-1
c14716	-1	39	-1	1	0	0	-1	34	12	-1	30	0	-1	0	0	1	0	0	-1	34	-1	0	24	31	-1	32	0	-1	38	-1
c14719	-1	0	-1	31	8	-1	8	-1	24	2	0	-1	0	0	0	0	-1	0	46	0	32	34	-1	36	0	-1	0	12	0	-1
c14733	0	-1	12	24	0	0	15	34	0	-1	-1	0	0	-1	0	0	0	0	5	46	0	0	-1	0	-1	32	-1	0	31	34
c14744	1	0	20	0	0	42	0	-1	0	0	-1	41	-1	0	0	-1	-1	-1	0	0	0	-1	12	0	-1	0	0	0	0	45
c14786	0	0	43	0	25	36	0	0	0	-1	0	34	0	5	35	24	1	0	0	0	0	0	-1	0	-1	35	24	24	0	0
c14789	0	-1	-1	0	0	0	0	0	0	0	0	0	0	0	22	0	0	-1	46	-1	0	0	26	0	-1	24	8	8	24	0
c14802	0	0	47	35	-1	-1	34	40	24	35	0	-1	0	0	48	-1	0	0	46	0	0	1	-1	36	0	0	0	38	0	0
c14810	0	-1	47	31	0	-1	24	0	24	0	24	-1	0	0	0	0	0	0	46	0	0	-1	0	36	0	0	0	0	0	0
c14813	-1	0	47	35	42	-1	8	41	24	35	0	-1	0	21	34	-1	-1	35	-1	42	0	0	-1	36	-1	28	0	-1	0	12
c14848	20	-1	0	0	0	36	-1	0	0	-1	26	0	17	5	-1	-1	46	0	0	0	0	42	-1	0	-1	0	24	24	0	0
c14868	0	0	0	0	24	0	-1	0	0	0	0	-1	0	0	0	0	5	-1	34	-1	-1	0	12	0	-1	-1	42	42	24	0
c14884	0	0	0	0	0	0	0	0	35	35	28	0	0	0	35	0	46	0	0	0	-1	0	12	-1	-1	-1	0	0	0	0
c14885	-1	-1	0	0	0	5	0	0	-1	35	-1	-1	-1	0	35	0	46	0	0	-1	-1	0	12	-1	-1	0	0	0	0	0
c14900	0	0	47	31	0	-1	0	0	24	0	0	-1	0	0	0	0	0	0	46	0	-1	-1	0	36	-1	0	0	3	0	37
c14909	0	0	-1	0	-1	-1	3	34	0	0	0	0	0	24	-1	0	-1	24	0	0	0	0	0	0	-1	-1	-1	0	0	34
c14913	-1	0	-1	-1	25	-1	-1	0	-1	0	0	34	0	5	-1	-1	0	0	0	0	0	-1	-1	0	-1	35	24	24	-1	0
c14915	19	0	-1	35	-1	-1	0	-1	24	35	0	-1	0	0	-1	0	0	0	46	24	0	0	-1	36	0	0	0	-1	0	0
c14930	0	0	12	0	0	0	15	34	0	0	-1	0	0	0	-1	0	0	0	0	-1	0	0	0	0	-1	32	-1	0	31	34
c14932	0	0	0	0	0	12	35	0	24	0	40	42	-1	0	-1	0	0	0	35	-1	0	0	12	24	-1	0	0	0	0	0
c14942	0	35	47	0	0	0	45	0	34	41	0	0	3	-1	-1	0	-1	0	46	36	0	-1	26	35	-1	24	8	24	24	35
c14948	-1	38	47	-1	42	-1	24	0	24	35	0	-1	0	-1	45	-1	0	0	46	36	-1	32	0	36	0	0	-1	0	0	24
c14949	0	38	47	35	42	-1	24	-1	-1	35	0	-1	0	0	45	0	-1	0	46	-1	-1	32	0	36	0	0	0	0	-1	24
c14958	33	31	0	-1	-1	34	0	-1	-1	-1	0	28	45	0	0	-1	0	0	0	0	0	0	0	38	-1	32	0	0	38	-1
c14964	0	8	7	34	0	0	-1	34	-1	-1	0	0	-1	-1	0	0	42	0	31	0	-1	0	-1	3	-1	0	0	31	0	41
c14979	0	-1	-1	0	0	-1	0	0	-1	-1	0	26	0	5	25	24	-1	-1	31	43	0	0	0	-1	-1	0	24	24	14	-1
c14980	0	-1	47	-1	42	-1	-1	0	-1	35	12	-1	0	0	0	-1	0	34	46	0	0	1	0	-1	1	0	0	38	0	0
c15001	0	0	34	31	42	48	0	34	0	0	0	34	0	0	41	0	0	24	-1	0	0	24	0	0	-1	32	35	34	0	34
c15004	0	42	47	31	0	-1	0	0	24	0	0	-1	0	0	0	0	-1	0	-1	0	0	-1	0	36	0	45	0	-1	0	37
c15005	-1	42	-1	31	-1	-1	0	0	-1	-1	-1	-1	0	0	0	0	0	0	46	0	-1	43	0	-1	0	45	0	3	0	37
c15020	-1	0	47	31	0	-1	0	0	-1	0	-1	-1	36	6	0	0	0	0	-1	0	0	26	0	36	0	0	0	0	0	48
c15039	24	0	26	42	0	-1	40	-1	0	0	-1	-1	0	0	0	0	0	-1	31	0	24	5	-1	3	-1	34	19	31	34	41
c15047	0	0	-1	0	0	0	24	34	12	8	34	36	0	-1	0	0	26	34	-1	0	0	0	-1	0	-1	32	0	0	38	0
c15057	0	0	0	0	24	38	0	-1	24	0	40	-1	-1	0	0	-1	0	-1	35	0	0	0	12	0	-1	0	0	0	0	0
c15058	0	0	47	0	-1	-1	0	0	0	-1	0	-1	0	0	0	0	0	0	-1	0	0	0	0	36	24	0	0	0	0	8
c15070	0	0	0	0	-1	0	0	0	0	0	35	0	8	-1	-1	0	-1	24	-1	0	0	0	0	0	-1	0	0	-1	0	-1
c15105	0	39	0	0	0	0	1	34	0	0	0	0	0	0	0	-1	35	24	0	0	0	0	-1	-1	-1	32	0	-1	41	-1
c15116	-1	0	0	0	24	0	-1	0	24	41	0	24	0	0	42	-1	0	24	0	12	0	9	33	0	-1	5	0	0	-1	-1
c15121	0	0	0	24	-1	36	36	0	0	35	0	0	0	5	-1	-1	0	38	0	0	0	-1	-1	0	-1	0	24	24	42	0
c15162	0	-1	47	35	-1	-1	42	0	24	35	0	-1	33	0	0	0	0	0	46	25	0	0	0	36	0	-1	0	0	0	0
c15163	0	0	47	35	42	-1	42	0	24	35	0	-1	33	0	0	0	-1	0	46	25	0	0	0	36	0	42	0	0	0	0
c15170	0	0	0	0	0	0	0	0	24	35	-1	24	-1	0	0	-1	0	0	35	34	0	0	12	0	-1	0	0	0	-1	0
c15171	0	0	0	0	0	-1	-1	0	24	35	40	24	-1	0	0	-1	0	0	35	-1	0	0	12	-1	-1	0	0	0	0	0
c15176	0	36	35	-1	3	0	-1	34	19	1	0	0	-1	-1	25	-1	0	-1	0	32	0	0	0	-1	-1	34	0	0	0	-1
c15204	0	0	-1	0	0	0	4	-1	35	-1	-1	45	0	0	0	0	0	-1	0	0	0	0	-1	0	-1	0	0	42	-1	0
c15230	0	0	0	-1	0	36	0	42	48	-1	-1	0	-1	-1	25	24	-1	0	31	43	0	10	-1	0	-1	1	-1	24	14	-1
c15236	0	38	-1	35	42	-1	24	32	24	35	0	-1	0	-1	-1	0	0	40	46	-1	34	0	0	36	0	29	0	-1	0	-1
c15241	0	-1	-1	0	0	-1	31	0	0	0	-1	-1	-1	-1	0	-1	-1	0	46	0	-1	24	-1	36	-1	-1	8	-1	-1	8
c15244	0	38	47	35	42	-1	0	0	24	35	0	-1	0	48	0	0	0	-1	46	-1	0	0	31	36	0	-1	31	34	0	0
c15246	-1	0	-1	0	23	0	-1	24	-1	0	40	0	-1	-1	0	24	-1	0	35	0	-1	0	12	5	-1	24	0	0	0	-1
c15247	0	0	-1	0	-1	-1	43	24	24	0	40	-1	-1	0	0	24	0	0	35	0	0	-1	12	5	-1	24	0	0	0	0
c15269	1	31	0	-1	0	0	0	-1	0	0	0	-1	-1	9	0	46	0	24	0	34	35	0	48	-1	-1	32	-1	-1	40	34
c15287	-1	0	0	0	0	42	0	0	24	-1	34	41	0	0	0	-1	0	-1	-1	-1	0	23	12	0	-1	0	0	0	0	45
c15295	0	38	47	35	42	-1	42	0	-1	35	0	-1	0	0	0	0	0	0	46	0	0	0	31	-1	0	0	-1	-1	0	0
c15301	-1	0	47	-1	0	-1	0	0	0	0	-1	41	-1	42	22	0	0	0	-1	-1	0	0	-1	-1	0	24	8	0	-1	0
c15307	-1	0	-1	-1	0	36	4	0	0	0	-1	0	31	5	0	24	0	-1	0	0	-1	-1	0	31	-1	43	-1	24	-1	0
c15347	0	0	47	31	0	-1	0	-1	-1	0	0	-1	0	6	0	-1	0	0	-1	-1	0	26	3	36	0	-1	0	0	0	40
c15354	-1	0	35	0	35	0	21	0	0	35	0	9	0	0	-1	0	0	24	-1	0	0	0	-1	0	-1	0	0	32	36	-1
c15356	35	0	47	-1	42	-1	0	-1	24	35	0	-1	0	0	-1	0	0	32	46	0	0	0	24	36	0	33	0	-1	0	34
c15357	35	0	47	-1	42	-1	0	-1	24	35	-1	-1	-1	0	-1	0	0	32	46	0	0	0	24	36	0	33	0	0	0	34
c15364	24	0	0	0	23	0	43	0	-1	0	40	0	-1	0	0	24	-1	0	35	-1	0	0	12	5	-1	24	0	0	0	0
c15365	24	0	0	0	23	-1	43	0	24	0	40	0	-1	0	0	24	0	0	35	0	0	0	12	5	-1	24	0	0	0	0
c15390	-1	38	47	35	42	-1	24	0	24	35	0	-1	-1	0	-1	42	42	0	46	36	45	32	-1	36	-1	-1	24	8	-1	24
c15391	0	38	47	35	-1	-1	24	0	24	-1	0	-1	-1	0	-1	42	42	0	46	36	45	32	0	36	0	-1	24	8	0	24
c15398	-1	0	0	0	24	38	0	-1	-1	0	40	0	-1	0	0	0	0	-1	35	0	0	0	12	0	-1	0	9	0	0	0
c15428	-1	0	0	0	0	42	0	-1	0	0	0	41	0	0	0	0	0	-1	0	0	0	23	12	-1	-1	0	0	0	-1	-1
c15435	-1	0	12	0	0	0	15	34	45	-1	0	0	24	0	-1	0	40	0	0	0	0	0	0	0	-1	32	-1	-1	0	34
c15449	0	9	0	34	-1	0	0	34	8	-1	-1	0	0	-1	0	-1	0	-1	0	-1	-1	0	-1	0	-1	-1	0	0	-1	0
c15451	0	0	0	0	-1	38	0	23	0	35	-1	0	0	0	0	-1	46	21	0	0	0	0	12	0	-1	0	0	-1	-1	0
c15457	34	0	0	0	0	36	36	0	0	-1	0	0	0	5	0	24	0	38	40	8	0	0	-1	0	-1	0	24	24	32	0
c15466	0	0	7	-1	37	0	0	34	-1	-1	-1	0	-1	0	-1	0	35	0	31	24	0	0	17	3	-1	0	0	31	0	-1
c15470	-1	-1	0	0	-1	38	0	34	24	0	-1	-1	-1	-1	0	-1	0	-1	35	0	0	0	-1	0	-1	-1	9	0	0	0
c15471	0	0	0	0	-1	38	0	34	-1	0	40	0	-1	0	0	0	0	-1	-1	0	0	-1	12	-1	-1	0	9	0	0	-1
c15474	0	0	47	35	42	-1	8	41	24	35	34	-1	0	24	0	0	0	0	-1	-1	0	0	0	-1	0	0	24	-1	-1	0
c15475	0	0	47	35	-1	-1	8	41	24	35	34	-1	0	0	0	0	0	0	46	32	-1	0	0	36	0	0	-1	-1	0	-1
c15506	-1	0	0	1	0	0	-1	34	-1	0	-1	20	0	0	-1	1	0	-1	0	-1	0	0	0	0	-1	32	0	0	38	-1
c15525	0	0	0	8	0	36	0	0	0	-1	32	0	-1	5	-1	24	0	0	31	43	0	35	0	0	-1	0	-1	24	14	-1
c15542	0	-1	-1	0	35	-1	0	-1	0	35	-1	0	0	0	0	0	46	0	0	0	0	0	-1	0	-1	0	0	0	42	0
c15543	0	0	0	0	35	0	0	-1	0	35	-1	0	-1	0	0	0	46	0	0	0	-1	0	-1	0	-1	0	0	0	42	0
c15544	0	0	-1	0	0	0	35	34	0	12	9	0	34	0	0	8	-1	-1	0	0	0	0	0	24	-1	32	-1	0	0	34
c15547	0	12	0	0	0	-1	0	42	48	-1	5	0	12	5	25	24	0	0	31	43	-1	0	0	0	-1	-1	24	24	-1	-1
c15551	0	42	47	32	35	-1	20	-1	35	24	0	9	0	0	-1	35	0	28	46	34	0	8	0	36	-1	0	0	-1	0	0
c15552	0	0	0	0	0	9	24	34	-1	0	15	0	8	40	0	0	0	0	-1	0	0	50	-1	0	-1	32	0	0	38	0
c15562	12	0	0	0	0	36	-1	-1	0	-1	0	48	0	-1	25	24	0	-1	31	-1	0	-1	0	0	-1	0	24	24	14	-1
c15570	0	39	0	1	17	12	0	-1	24	8	-1	21	0	0	0	1	-1	0	38	34	0	0	24	-1	-1	32	-1	0	38	0
c15572	0	0	-1	0	0	0	0	-1	0	-1	0	46	0	-1	-1	46	0	24	1	0	0	-1	0	18	-1	32	0	0	40	34
c15576	45	0	47	31	0	-1	-1	0	24	2	0	-1	0	0	0	0	-1	-1	46	-1	32	46	0	36	0	0	0	12	0	8
c15585	0	0	-1	26	0	36	0	0	0	0	41	0	0	-1	0	24	0	-1	0	-1	0	-1	-1	0	-1	0	24	24	0	0
c15595	-1	9	47	-1	-1	-1	8	0	24	-1	-1	-1	-1	0	0	0	0	-1	46	0	8	0	0	36	35	0	32	0	0	0
c15610	0	0	50	0	0	0	34	34	0	-1	-1	0	0	0	0	0	0	0	0	0	8	13	0	0	-1	-1	-1	-1	38	0
c15634	22	0	-1	24	-1	36	36	0	-1	12	-1	0	0	5	-1	24	30	38	0	-1	40	0	8	0	-1	-1	24	24	0	45
c15639	0	0	47	35	42	-1	0	0	-1	35	0	-1	-1	0	17	0	-1	0	46	0	-1	0	0	36	0	0	8	24	40	0
c15647	0	-1	0	-1	-1	0	0	0	-1	35	28	-1	0	35	-1	-1	46	0	0	0	0	0	12	0	-1	0	17	15	41	0
c15666	-1	0	47	-1	0	-1	0	0	24	0	8	-1	0	24	0	0	0	0	-1	0	0	26	0	-1	0	0	0	-1	-1	0
c15683	9	0	-1	0	0	24	-1	34	0	-1	0	-1	0	0	-1	31	9	39	0	0	0	0	0	-1	-1	-1	0	24	0	-1
c15693	9	34	0	0	-1	-1	32	34	0	0	0	0	26	0	-1	-1	-1	39	0	-1	31	-1	-1	0	-1	32	0	-1	-1	0
c15696	-1	0	0	0	0	-1	0	-1	24	-1	40	-1	-1	5	0	0	-1	0	-1	8	0	0	-1	-1	-1	0	0	-1	0	0
c15715	0	0	0	-1	42	0	0	34	41	0	0	41	8	0	0	1	0	0	21	0	-1	0	-1	0	-1	-1	0	12	0	34
c15725	0	0	-1	0	0	-1	35	-1	0	0	1	0	35	0	22	-1	0	35	46	-1	0	0	26	-1	0	24	8	0	24	0
c15732	0	0	0	0	-1	-1	0	0	24	0	40	24	-1	0	0	24	0	0	35	34	-1	0	-1	-1	-1	0	0	0	0	0
c15734	0	46	47	35	-1	-1	0	0	24	35	-1	-1	-1	0	0	0	-1	0	46	25	0	0	0	36	-1	42	0	0	0	0
c15735	0	-1	-1	-1	42	-1	0	0	24	35	8	-1	0	0	0	0	0	0	46	25	0	-1	0	36	24	42	0	-1	0	0
c15737	0	0	47	35	42	-1	-1	0	24	35	8	-1	0	0	0	0	0	-1	46	25	0	0	0	36	24	42	0	0	0	-1
c15764	0	0	7	-1	0	0	0	34	39	-1	0	0	0	-1	0	-1	0	-1	31	0	-1	0	17	3	-1	0	8	0	24	41
c15769	0	0	-1	-1	0	-1	35	34	0	0	0	0	0	-1	42	-1	0	0	0	24	0	0	0	-1	-1	32	0	0	0	34
c15783	0	-1	40	-1	46	36	0	28	0	-1	0	26	34	5	-1	24	0	-1	-1	-1	0	0	0	12	-1	0	24	-1	14	-1
c15807	0	-1	47	0	-1	-1	-1	0	-1	35	15	-1	0	0	41	41	0	8	-1	-1	-1	-1	0	36	0	-1	48	24	41	8
c15869	0	0	47	0	-1	-1	0	0	-1	0	0	0	0	0	22	0	0	0	46	36	0	-1	26	0	0	24	8	8	24	0
c15874	0	-1	47	-1	-1	-1	24	-1	24	35	-1	-1	-1	0	0	0	0	32	-1	0	0	0	0	36	-1	0	0	0	0	-1
c15875	0	-1	47	-1	42	-1	24	0	24	35	-1	-1	-1	0	0	0	0	32	46	0	0	0	0	36	0	-1	0	0	0	0
c15884	0	0	0	35	-1	0	0	0	24	0	40	0	-1	0	0	0	0	0	35	-1	0	0	12	-1	-1	0	-1	0	24	0
c15885	0	0	0	35	0	-1	0	0	24	0	-1	0	-1	34	0	-1	0	-1	35	0	-1	-1	12	-1	-1	0	0	0	24	0
c15889	-1	-1	0	8	0	31	0	24	24	0	-1	0	-1	0	35	0	0	0	35	9	0	0	12	1	-1	38	-1	0	0	0
c15892	0	42	-1	-1	0	0	34	34	0	-1	0	0	0	0	12	0	33	0	0	-1	42	0	35	-1	-1	0	-1	0	0	41
c15910	0	-1	0	-1	50	0	34	-1	-1	0	0	-1	0	0	41	0	0	24	0	0	-1	35	46	-1	-1	-1	0	0	39	0
c15914	-1	0	47	0	42	-1	0	-1	-1	0	46	-1	0	0	0	0	0	-1	46	0	0	0	-1	-1	0	24	0	34	-1	0
c15926	-1	24	0	8	0	0	-1	34	0	24	-1	24	-1	0	0	46	0	24	0	0	42	0	0	0	-1	32	0	0	0	-1
c15932	0	-1	0	0	0	0	0	-1	0	35	-1	0	-1	12	16	0	-1	0	0	41	0	0	35	3	-1	35	-1	0	42	41
c15956	0	24	-1	40	0	36	17	24	-1	0	0	17	-1	5	0	-1	41	-1	34	0	-1	0	0	0	-1	-1	-1	24	0	0
c15975	0	-1	47	35	42	-1	8	41	-1	35	0	-1	0	0	0	0	0	0	46	24	0	0	21	36	0	0	-1	0	0	0
c16041	-1	-1	47	0	5	-1	9	0	0	0	0	-1	0	-1	0	-1	0	0	-1	0	34	0	0	36	24	-1	0	0	-1	8
c16072	42	0	47	0	35	-1	20	0	0	0	0	0	0	0	-1	35	-1	0	46	-1	0	8	0	36	26	-1	-1	0	0	-1
c16081	0	0	0	0	24	38	0	34	24	0	40	-1	-1	0	0	0	0	-1	-1	0	0	0	12	0	-1	0	0	0	0	0
c16113	0	0	0	0	0	36	-1	-1	0	-1	50	-1	0	5	0	24	0	48	-1	-1	24	0	0	0	-1	0	-1	24	0	0
c16120	-1	-1	47	31	0	-1	0	37	24	40	0	-1	0	0	41	0	0	35	-1	0	38	43	-1	-1	0	0	25	0	0	37
c16121	-1	0	47	31	0	-1	0	37	24	40	-1	-1	0	0	41	0	0	-1	46	0	38	43	-1	36	0	0	25	0	-1	-1
c16136	0	-1	47	35	42	-1	34	0	24	35	0	-1	0	0	0	46	0	-1	46	0	-1	-1	1	-1	0	0	0	38	0	-1
c16137	0	-1	-1	35	42	-1	34	0	24	35	-1	-1	-1	0	-1	-1	-1	34	46	0	0	-1	1	36	0	0	0	38	0	0
c16150	-1	0	-1	-1	42	-1	0	-1	-1	35	0	-1	0	0	30	0	0	32	46	0	36	0	0	36	-1	-1	0	0	0	0
c16151	-1	0	-1	-1	42	-1	0	-1	24	35	0	-1	0	0	30	0	0	32	46	0	36	0	0	36	-1	0	0	0	0	-1
c16155	-1	24	24	0	0	36	0	-1	-1	0	0	0	-1	5	-1	-1	41	35	34	-1	-1	0	0	-1	-1	35	24	24	0	0
c16161	24	9	47	-1	42	-1	0	-1	24	-1	0	-1	-1	-1	31	0	12	0	46	8	-1	0	0	36	0	0	0	0	0	33
c16188	0	38	47	35	42	-1	22	0	24	35	8	-1	0	-1	0	0	0	0	-1	0	10	0	31	36	0	0	0	0	0	33
c16192	34	0	47	31	0	-1	24	12	24	0	-1	-1	0	0	40	0	-1	0	46	8	-1	0	0	-1	-1	0	0	-1	0	7
c16202	0	0	47	35	-1	-1	8	41	24	35	34	-1	0	0	0	-1	0	0	-1	-1	0	-1	-1	-1	-1	0	24	-1	0	0
c16222	-1	0	0	0	-1	0	0	34	12	8	34	0	0	0	-1	0	0	-1	0	0	0	0	0	-1	-1	32	-1	0	38	0
c16266	39	-1	47	31	0	-1	0	0	-1	0	0	-1	0	24	0	0	0	0	-1	0	0	-1	0	36	0	0	42	26	0	-1
c16293	-1	0	12	38	0	0	15	34	0	0	35	-1	24	0	0	0	0	0	-1	-1	0	0	0	-1	-1	32	-1	0	39	34
c16295	0	0	-1	0	-1	-1	0	5	0	0	15	-1	-1	0	1	0	8	-1	-1	0	0	0	0	-1	0	0	0	0	41	8
c16305	0	0	-1	31	0	-1	0	0	-1	0	0	-1	0	6	-1	17	0	0	46	24	-1	26	3	36	0	0	-1	0	-1	40
c16307	0	-1	0	0	42	-1	9	34	30	0	0	0	0	0	45	0	8	0	24	-1	8	0	0	0	-1	32	24	-1	0	34
c16310	24	0	47	35	-1	-1	8	41	24	35	0	-1	0	0	0	24	-1	0	46	-1	0	0	0	36	0	0	0	-1	0	12
c16313	6	0	47	-1	-1	-1	0	0	24	-1	24	-1	42	0	-1	-1	-1	42	46	0	0	0	0	36	24	35	21	0	0	-1
c16322	35	23	47	31	0	-1	-1	-1	24	-1	0	-1	0	0	31	0	41	0	46	0	0	43	-1	36	0	0	0	4	-1	-1
c16343	0	-1	0	45	0	0	0	0	-1	-1	-1	24	-1	-1	0	24	0	8	35	34	0	-1	-1	0	-1	0	0	0	0	0
c16394	0	35	47	31	8	-1	35	-1	24	15	0	-1	0	-1	15	0	0	-1	46	0	24	26	0	36	43	0	-1	0	0	0
c16400	0	0	47	35	42	-1	8	-1	24	35	0	-1	-1	0	34	0	-1	0	-1	42	-1	0	0	-1	0	0	0	0	0	0
c16431	0	0	-1	-1	42	-1	0	41	24	35	0	-1	0	-1	30	0	0	-1	46	-1	-1	0	0	36	0	0	0	-1	0	0
c16438	0	0	47	35	42	-1	8	41	24	35	-1	-1	0	0	34	0	0	0	-1	42	0	0	0	-1	4	0	-1	0	0	0
c16451	0	0	7	-1	0	0	-1	-1	39	-1	0	22	0	0	-1	-1	-1	0	31	0	-1	-1	17	3	-1	0	0	-1	24	41
c16469	0	0	47	35	42	-1	42	0	24	35	0	-1	0	0	0	0	0	0	46	-1	35	0	0	36	0	42	-1	0	0	0
c16481	17	-1	-1	-1	-1	-1	0	-1	24	-1	0	-1	12	0	0	0	0	0	46	0	0	-1	0	-1	0	0	0	3	0	37
c16484	0	0	0	0	0	0	15	34	0	0	24	0	-1	0	0	24	35	-1	-1	0	32	32	34	35	-1	-1	-1	0	-1	34
c16488	0	0	47	31	0	-1	0	-1	24	0	0	-1	-1	6	0	0	0	-1	46	0	-1	26	0	36	0	0	0	32	0	40
c16498	0	0	0	0	-1	0	0	0	24	12	-1	-1	0	0	42	9	24	24	0	0	34	9	0	0	-1	5	-1	-1	-1	-1
c16504	0	39	-1	1	0	0	-1	34	0	8	30	0	42	0	0	1	0	0	0	-1	0	0	24	0	-1	32	25	0	38	0
c16524	0	0	0	-1	23	0	0	0	24	28	40	-1	-1	0	-1	0	0	0	35	0	-1	-1	12	5	-1	0	35	-1	0	0
c16525	0	0	0	0	23	0	0	0	24	-1	-1	21	-1	0	0	0	0	0	35	0	0	-1	12	5	-1	0	-1	42	0	0
c16528	-1	42	-1	0	0	-1	0	0	0	12	0	0	12	-1	41	0	0	24	0	-1	0	0	0	-1	-1	0	-1	0	39	0
c16562	0	0	47	31	0	-1	0	-1	24	0	0	-1	0	6	0	0	-1	-1	46	0	0	26	0	36	0	0	0	32	0	-1
c16563	0	0	47	31	0	-1	0	0	24	0	0	-1	-1	6	0	0	0	0	46	0	0	26	0	36	0	0	0	32	0	40
c16585	0	-1	-1	0	-1	-1	8	34	-1	35	-1	0	0	0	16	0	-1	0	42	41	-1	0	0	3	-1	0	0	0	42	41
c16590	35	-1	-1	-1	-1	36	0	42	48	-1	24	-1	35	5	25	-1	0	-1	31	43	-1	0	-1	0	-1	0	24	24	14	-1
c16635	0	9	-1	3	42	-1	0	0	24	0	0	-1	-1	0	0	0	0	-1	-1	8	-1	0	-1	36	0	0	0	0	0	0
c16652	0	38	47	35	42	-1	0	0	24	-1	-1	-1	0	0	-1	0	24	0	46	45	0	0	0	36	-1	-1	0	0	-1	0
c16653	0	38	47	-1	42	-1	0	-1	24	-1	-1	-1	-1	0	-1	0	-1	0	-1	45	0	0	-1	36	-1	42	-1	0	-1	0
c16656	0	0	47	-1	42	-1	0	0	24	35	0	-1	0	0	0	0	0	32	46	0	-1	0	-1	-1	0	0	0	-1	0	0
c16666	0	0	0	-1	0	-1	35	0	24	0	-1	42	-1	0	24	-1	0	0	35	-1	0	0	12	24	-1	0	0	0	-1	0
c16667	-1	0	0	0	0	12	35	0	24	0	40	42	-1	0	24	0	0	-1	-1	-1	0	0	12	24	-1	0	0	0	0	0
c16670	-1	0	47	31	0	-1	0	36	24	0	-1	-1	0	24	0	0	0	0	46	0	0	-1	0	36	0	0	42	26	0	0
c16671	39	0	47	31	0	-1	0	36	24	-1	0	-1	0	24	0	0	0	-1	46	0	0	26	0	-1	0	0	42	26	0	0
c16736	43	0	0	0	0	36	35	0	0	0	0	0	0	5	0	24	0	-1	0	-1	0	-1	13	0	-1	8	24	24	0	0
c16762	-1	0	47	31	-1	-1	-1	0	24	0	0	-1	9	0	24	0	0	41	46	0	-1	26	0	-1	40	0	0	0	-1	13
c16763	0	-1	47	-1	0	-1	0	-1	24	0	0	-1	9	-1	24	0	0	41	46	0	39	-1	0	36	40	0	0	-1	17	13
c16772	0	-1	47	32	35	-1	20	12	35	24	-1	0	0	0	-1	35	17	0	46	-1	0	-1	0	36	-1	-1	0	21	0	0
c16775	0	0	0	0	0	0	0	0	24	-1	40	-1	-1	0	-1	0	0	-1	35	0	0	0	12	24	-1	0	0	0	0	0
c16781	34	0	-1	42	0	-1	23	28	0	7	0	-1	0	0	0	9	0	0	46	-1	0	0	0	36	0	0	0	-1	8	34
c16786	0	0	0	0	23	0	0	-1	24	28	-1	0	-1	0	0	0	0	0	35	0	0	0	12	5	-1	0	0	0	-1	0
c16788	0	0	47	35	42	-1	-1	41	24	-1	0	-1	-1	0	0	-1	-1	0	-1	-1	0	-1	0	36	0	0	0	0	0	0
c16800	0	0	-1	0	-1	0	-1	0	-1	0	0	0	0	0	22	0	0	0	-1	36	-1	0	0	35	0	-1	8	-1	0	0
c16802	35	0	0	-1	0	0	0	0	0	35	40	-1	0	0	-1	0	-1	0	0	0	0	0	12	0	-1	-1	0	0	-1	24
c16804	32	0	0	0	-1	36	0	0	0	-1	5	0	0	5	25	24	0	0	-1	43	0	35	-1	0	-1	20	24	-1	-1	-1
c16821	0	-1	47	0	42	-1	0	-1	24	-1	0	-1	0	-1	-1	17	0	12	-1	-1	0	24	0	36	9	0	0	0	0	-1
c16834	-1	0	-1	0	0	0	0	0	0	35	28	0	0	0	0	0	46	0	-1	0	0	0	12	0	-1	-1	-1	-1	0	0
c16835	0	0	0	-1	0	0	0	0	0	35	28	0	0	0	0	0	-1	0	-1	-1	-1	0	12	-1	-1	0	0	-1	0	0
c16842	0	9	47	0	-1	-1	0	37	24	0	0	-1	0	0	0	0	0	0	46	49	0	0	0	36	0	0	0	36	-1	0
c16847	0	-1	-1	31	0	-1	0	0	24	-1	0	-1	0	0	31	0	41	-1	46	0	0	43	0	36	0	0	0	4	0	37
c16890	0	38	47	35	42	-1	22	0	-1	35	0	-1	0	8	0	-1	0	0	-1	0	0	0	31	36	0	0	0	-1	0	0
c16891	0	38	-1	35	42	-1	22	0	24	35	0	-1	-1	8	0	0	0	0	46	0	-1	0	31	36	0	0	0	0	0	0
c16903	32	0	0	0	0	36	50	0	15	-1	0	0	0	5	-1	-1	0	-1	-1	43	0	35	0	0	-1	-1	24	24	14	-1
c16904	0	-1	-1	-1	24	0	0	34	0	8	30	41	0	0	0	1	9	0	0	34	0	0	-1	-1	-1	-1	0	0	38	0
c16906	0	0	0	0	50	0	34	0	8	0	0	0	0	0	41	0	-1	24	0	0	0	0	0	42	-1	0	0	0	39	0
c16908	-1	0	47	9	35	-1	20	42	-1	-1	0	0	-1	8	8	35	-1	0	-1	0	24	8	0	36	-1	-1	-1	8	35	0
c16921	0	0	47	35	42	-1	8	41	-1	35	34	-1	0	0	-1	0	0	0	46	32	0	40	0	36	-1	0	24	-1	0	0
c16922	0	31	-1	-1	42	-1	-1	41	-1	-1	-1	-1	0	0	34	0	0	0	-1	-1	-1	0	0	36	0	0	0	0	0	-1
c16923	0	0	47	35	42	-1	8	41	24	35	0	-1	0	0	34	0	0	0	-1	42	0	-1	0	36	0	0	0	0	0	0
c16935	0	9	47	-1	42	-1	0	0	24	0	0	-1	0	0	0	0	0	4	46	8	0	-1	-1	36	0	0	0	-1	0	-1
c16938	21	0	47	3	24	-1	0	0	24	-1	10	-1	-1	0	-1	36	-1	7	46	0	0	0	0	36	-1	35	0	-1	0	-1
c16947	-1	0	47	-1	42	-1	0	-1	24	35	-1	-1	0	0	0	0	0	32	46	0	0	-1	-1	36	0	36	-1	0	0	0
c16949	0	-1	0	-1	31	-1	15	34	0	-1	0	0	-1	32	0	24	0	0	-1	-1	32	0	0	24	-1	32	-1	0	35	34
c16956	-1	0	-1	3	0	-1	0	0	24	-1	-1	-1	42	0	24	0	-1	-1	46	0	0	0	0	36	24	35	21	0	0	-1
c16980	0	0	47	35	42	-1	0	-1	24	35	8	-1	0	0	0	0	0	0	46	25	38	0	0	36	0	42	-1	0	0	0
c16981	0	0	47	35	42	-1	0	-1	24	35	8	-1	0	0	0	0	0	0	46	25	38	0	-1	-1	0	42	0	0	0	0
c16984	-1	0	0	-1	0	0	-1	8	-1	0	0	41	0	0	-1	35	0	24	0	-1	0	0	0	0	-1	35	-1	0	0	-1
c16995	24	0	-1	0	35	-1	20	12	-1	24	0	-1	-1	43	0	-1	0	-1	46	34	17	8	0	36	0	0	0	0	-1	0
c16997	0	0	0	0	0	-1	0	0	24	0	-1	0	-1	0	0	24	0	-1	35	-1	-1	-1	12	24	-1	0	-1	0	0	0
c17012	0	24	47	31	0	-1	0	0	-1	0	0	-1	0	6	0	-1	0	0	46	0	0	-1	0	36	0	0	0	32	0	40
c17022	-1	-1	-1	0	36	36	9	0	0	0	24	0	0	5	0	-1	-1	-1	0	-1	35	42	-1	0	-1	0	24	24	0	0
c17026	0	0	47	-1	42	-1	0	24	24	35	-1	-1	0	35	0	0	0	32	46	-1	-1	0	0	36	24	0	-1	0	0	28
c17028	0	31	-1	31	0	-1	24	-1	-1	-1	24	-1	0	0	0	0	0	-1	-1	0	0	-1	0	36	0	0	0	0	0	0
c17029	0	31	-1	31	0	-1	24	-1	-1	35	24	-1	-1	0	-1	0	0	0	-1	0	0	0	0	36	-1	0	-1	0	0	0
c17058	0	-1	0	1	0	0	43	34	43	8	30	0	0	0	0	1	-1	-1	0	34	0	-1	-1	0	-1	32	0	-1	-1	0
c17062	0	0	-1	31	45	-1	0	-1	24	0	0	-1	-1	-1	-1	-1	43	0	46	35	0	26	0	36	32	-1	0	0	0	-1
c17076	0	0	-1	-1	37	0	-1	-1	39	-1	26	0	0	8	0	-1	-1	-1	31	0	24	12	17	3	-1	0	0	34	24	-1
c17106	0	35	47	31	0	-1	0	0	24	0	0	-1	-1	0	0	0	-1	24	-1	0	24	26	0	36	-1	0	0	-1	0	-1
c17107	0	35	47	31	0	-1	-1	0	24	0	0	-1	0	0	0	0	0	24	-1	0	24	26	0	-1	0	0	0	0	0	0
c17118	0	38	47	35	42	-1	0	0	24	-1	0	-1	0	0	0	0	0	0	46	-1	36	0	-1	36	0	0	-1	24	-1	0
c17119	0	38	47	-1	42	-1	34	-1	24	-1	0	-1	-1	0	0	0	0	0	46	12	36	0	31	36	0	0	-1	24	0	0
c17129	-1	0	-1	0	34	0	0	-1	40	0	35	36	0	10	45	-1	0	50	0	0	0	-1	-1	0	-1	32	-1	5	0	0
c17137	0	0	0	0	31	-1	15	-1	-1	-1	0	0	0	32	0	24	-1	-1	-1	48	32	-1	-1	24	-1	32	-1	0	35	-1
c17151	0	0	47	31	0	-1	0	0	24	0	0	-1	9	0	24	0	0	41	46	-1	39	26	-1	36	0	-1	0	0	0	13
c17175	0	39	0	0	0	0	0	0	0	0	0	0	0	-1	0	-1	-1	-1	-1	0	9	24	12	-1	-1	-1	30	0	0	0
c17208	0	9	47	-1	42	-1	0	-1	-1	35	0	-1	0	-1	30	0	0	32	46	0	36	0	-1	-1	0	0	0	0	0	0
c17209	0	-1	47	-1	42	-1	0	0	24	35	0	-1	0	-1	30	0	-1	32	46	0	36	0	-1	36	0	0	-1	0	0	0
c17213	-1	38	47	35	42	-1	0	32	24	35	0	-1	0	0	0	0	0	-1	46	0	34	0	-1	36	0	-1	0	-1	0	24
c17229	0	0	0	0	-1	36	0	-1	25	0	8	0	0	5	-1	24	0	-1	0	0	3	40	42	0	-1	0	24	24	28	0
c17233	-1	-1	0	-1	0	10	-1	34	31	35	-1	28	0	0	16	0	8	0	0	41	0	0	0	-1	-1	0	-1	-1	-1	41
c17264	-1	39	0	1	17	42	-1	34	0	8	30	0	0	-1	0	-1	0	0	0	34	0	0	24	0	-1	32	-1	0	-1	0
c17265	45	39	0	-1	17	42	0	34	-1	8	-1	0	0	0	-1	1	0	0	0	34	0	0	24	0	-1	32	42	0	-1	0
c17290	-1	-1	47	0	-1	-1	0	-1	0	40	0	-1	0	0	0	48	0	0	-1	0	0	8	-1	36	24	21	0	0	36	-1
c17292	0	0	0	24	0	36	-1	0	3	0	24	0	-1	5	0	24	46	-1	0	0	35	-1	0	-1	-1	0	24	24	-1	0
c17314	0	-1	47	35	42	-1	8	41	24	35	-1	-1	0	0	34	0	0	-1	46	42	0	0	37	36	24	0	-1	24	-1	-1
c17326	0	24	0	0	42	0	0	34	-1	0	0	0	0	0	-1	0	0	0	-1	0	0	1	0	0	-1	32	0	33	12	34
c17340	0	0	0	0	-1	-1	0	0	24	0	40	24	-1	-1	0	24	0	0	35	34	0	12	12	34	-1	0	0	0	0	0
c17348	0	39	0	-1	0	-1	1	34	0	-1	0	0	0	0	0	-1	0	24	0	-1	0	-1	8	0	-1	32	0	0	0	34
c17349	0	39	-1	0	0	-1	1	34	0	0	0	0	0	0	0	-1	-1	24	0	0	0	-1	8	-1	-1	32	-1	0	0	34
c17358	5	0	0	0	0	0	36	-1	0	35	28	-1	-1	0	0	0	-1	0	0	0	0	0	12	0	-1	0	0	0	0	0
c17359	5	-1	0	0	0	0	36	0	0	35	28	-1	0	0	0	0	46	-1	0	0	0	0	12	-1	-1	0	0	0	0	0
c17368	0	0	0	0	-1	-1	0	34	0	0	0	0	0	-1	-1	46	0	-1	0	0	0	0	-1	-1	-1	32	40	-1	0	-1
c17370	-1	0	0	0	24	0	-1	0	24	0	0	24	50	0	42	0	0	24	15	-1	0	9	30	35	-1	-1	-1	5	-1	-1
c17396	0	-1	-1	-1	-1	-1	0	0	24	35	0	-1	0	0	0	0	0	32	46	0	0	0	0	36	-1	-1	42	34	0	0
c17397	0	-1	47	-1	42	-1	0	0	24	35	0	-1	-1	0	0	0	0	32	46	-1	0	0	0	36	0	0	42	-1	-1	0
c17404	0	0	47	35	42	-1	0	0	24	35	42	-1	0	0	0	0	0	0	46	25	0	0	0	36	0	42	0	0	0	-1
c17405	0	0	47	35	42	-1	0	0	-1	35	-1	-1	-1	0	-1	0	0	0	46	25	0	-1	0	36	0	-1	-1	0	0	0
c17412	0	35	47	31	0	-1	-1	0	24	-1	0	-1	0	0	0	0	0	24	-1	0	-1	26	0	36	0	0	0	0	0	0
c17419	0	38	47	-1	-1	-1	24	0	24	35	0	-1	0	0	45	0	0	-1	46	-1	0	32	-1	36	0	-1	0	-1	-1	24
c17431	0	28	0	28	0	0	15	34	0	-1	0	0	0	0	0	0	0	42	24	0	32	0	-1	0	-1	32	-1	24	35	34
c17434	0	0	47	-1	42	-1	0	0	24	35	0	-1	0	21	30	0	0	32	46	40	-1	-1	-1	-1	0	0	0	0	0	0
c17441	-1	0	0	6	42	0	-1	-1	41	0	0	41	8	-1	-1	1	0	0	21	-1	-1	-1	-1	-1	-1	32	0	12	0	34
c17442	9	24	34	0	-1	24	32	34	24	0	0	-1	-1	0	-1	31	0	39	-1	8	31	-1	0	0	-1	-1	0	24	0	-1
c17449	0	0	-1	0	-1	-1	35	-1	0	-1	0	-1	0	-1	0	0	0	0	34	41	-1	-1	40	-1	-1	0	-1	0	-1	-1
c17464	0	38	47	-1	42	-1	0	0	-1	35	46	-1	0	0	35	0	0	0	46	-1	0	0	-1	36	-1	0	-1	0	-1	0
c17465	0	-1	47	35	42	-1	-1	-1	-1	35	46	-1	0	-1	35	0	-1	0	46	0	-1	0	31	-1	-1	0	-1	0	-1	-1
c17466	0	0	35	0	31	0	38	34	-1	34	-1	-1	24	35	25	32	0	0	-1	-1	0	0	41	0	-1	0	0	0	-1	36
c17481	-1	0	47	-1	42	-1	0	0	-1	-1	0	-1	0	0	0	0	24	-1	46	25	-1	8	23	36	0	42	0	0	0	0
c17490	0	8	47	35	42	-1	0	0	24	35	0	-1	-1	0	17	0	0	0	46	0	-1	0	0	36	0	0	8	0	0	8
c17500	0	8	7	34	0	-1	-1	-1	0	-1	0	-1	0	0	-1	0	42	9	31	0	0	0	17	3	-1	0	0	31	0	41
c17517	-1	0	0	0	-1	0	0	34	0	0	35	0	-1	0	0	0	0	42	-1	0	0	0	-1	0	-1	32	35	0	0	34
c17518	0	-1	47	-1	0	-1	24	0	24	0	24	-1	0	0	-1	0	-1	0	46	24	0	-1	0	36	0	0	-1	17	0	0
c17534	-1	0	-1	-1	42	-1	0	23	24	35	0	-1	0	0	0	0	0	-1	46	32	-1	-1	0	36	0	0	0	-1	-1	0
c17535	35	0	47	-1	42	-1	0	23	24	35	0	-1	-1	-1	0	-1	0	32	46	-1	25	0	0	36	0	0	0	0	0	-1
c17537	0	9	47	24	42	-1	0	0	-1	0	0	-1	0	-1	31	0	-1	-1	46	-1	0	-1	0	-1	-1	5	-1	0	0	33
c17540	0	0	0	0	0	0	0	24	24	-1	40	0	-1	-1	0	0	-1	0	35	0	-1	0	12	-1	-1	0	0	35	0	0
c17545	-1	8	50	0	0	0	0	34	0	35	0	-1	0	0	-1	0	0	-1	0	41	-1	0	0	3	-1	0	0	0	36	41
c17550	-1	23	21	0	0	17	-1	0	0	0	0	0	8	0	-1	0	43	-1	0	-1	24	0	0	0	-1	0	41	0	0	-1
c17551	-1	23	21	0	0	17	0	0	0	0	0	0	-1	0	-1	-1	43	-1	0	12	24	0	-1	0	-1	0	-1	0	0	-1
c17583	-1	0	47	35	42	-1	8	41	24	35	0	-1	-1	0	-1	0	-1	0	46	24	0	0	21	36	0	0	0	0	0	-1
c17586	0	0	0	0	0	0	34	24	-1	0	0	0	0	0	0	0	-1	-1	0	24	-1	0	12	-1	-1	0	34	0	10	0
c17589	0	9	47	24	42	-1	-1	-1	-1	0	-1	-1	-1	0	31	43	-1	0	46	8	0	0	0	36	0	-1	0	-1	34	33
c17606	0	0	-1	0	34	0	12	-1	0	0	0	35	0	0	22	-1	35	0	46	36	0	-1	-1	-1	0	24	8	12	-1	35
c17616	0	-1	47	35	42	-1	38	0	24	35	8	-1	0	0	-1	-1	0	0	46	25	0	0	-1	-1	24	-1	24	-1	0	0
c17617	0	35	47	35	42	-1	38	0	24	35	-1	-1	0	0	-1	0	0	0	46	25	0	-1	-1	-1	24	-1	24	-1	0	0
c17624	0	0	23	0	0	0	0	0	0	35	28	0	0	0	-1	0	46	0	0	24	-1	0	12	0	-1	0	0	-1	0	-1
c17625	0	0	23	0	0	0	-1	0	0	35	28	-1	0	0	0	0	46	0	0	24	0	0	-1	0	-1	-1	0	-1	0	0
c17663	0	0	0	0	0	0	0	34	-1	8	34	-1	-1	0	0	0	0	0	0	0	0	0	0	0	-1	32	0	0	38	0
c17666	0	0	0	0	0	0	0	0	24	0	0	24	28	0	42	0	0	24	0	0	0	9	0	0	-1	-1	-1	50	-1	-1
c17690	0	0	42	0	-1	-1	0	34	0	0	0	0	0	-1	-1	-1	0	0	0	0	-1	8	0	0	-1	32	35	0	0	34
c17692	0	-1	0	0	0	0	0	0	24	0	40	24	-1	-1	0	24	-1	0	35	34	0	0	12	0	-1	0	0	28	-1	0
c17693	0	0	0	0	0	0	0	0	24	0	40	24	-1	-1	0	24	-1	0	35	34	-1	-1	12	0	-1	0	0	28	0	0
c17698	0	-1	0	0	0	24	0	-1	40	0	-1	0	0	10	45	-1	0	-1	-1	9	8	-1	0	0	-1	32	0	-1	-1	0
c17702	0	0	0	-1	24	38	0	34	24	-1	40	0	-1	0	0	0	0	-1	35	0	41	0	12	0	-1	0	0	0	0	-1
c17710	0	0	47	0	-1	0	0	0	0	8	0	-1	0	0	22	-1	0	0	46	36	0	0	24	0	0	24	-1	-1	24	0
c17726	-1	-1	0	-1	0	0	3	34	0	0	0	-1	0	24	-1	0	-1	24	-1	-1	0	0	0	-1	-1	32	0	0	0	-1
c17743	-1	0	-1	35	42	-1	8	41	24	35	0	-1	0	0	34	0	-1	0	-1	42	-1	0	0	36	4	0	0	0	0	-1
c17749	0	38	47	-1	42	-1	0	0	24	35	0	-1	24	48	0	41	0	0	46	8	0	0	31	36	0	0	0	0	0	0
c17751	-1	-1	47	31	0	-1	0	0	24	0	8	-1	-1	-1	0	0	0	0	46	0	0	26	0	36	0	0	0	-1	31	0
c17756	0	-1	47	35	42	-1	42	0	24	35	0	-1	0	-1	0	-1	0	-1	46	25	0	0	24	36	0	42	0	0	0	0
c17757	0	0	47	35	-1	-1	42	0	24	35	0	-1	-1	0	-1	0	0	-1	46	25	0	0	24	36	0	42	-1	-1	-1	0
c17758	0	0	0	10	0	0	34	0	0	35	25	0	0	0	42	0	46	-1	1	0	0	-1	12	5	-1	0	0	0	0	0
c17766	-1	38	47	-1	42	-1	0	0	24	35	-1	-1	0	-1	35	0	0	0	46	0	0	0	31	36	0	0	-1	-1	12	0
c17767	0	38	47	35	42	-1	0	0	-1	35	0	-1	0	0	35	0	0	-1	46	0	-1	0	-1	36	-1	0	-1	0	12	0
c17774	0	24	47	31	0	-1	0	0	-1	0	0	-1	0	6	0	-1	0	-1	46	-1	0	26	0	36	0	0	-1	32	0	40
c17796	34	0	-1	-1	42	-1	8	41	24	35	0	-1	15	0	40	-1	0	42	46	42	0	0	0	36	0	-1	-1	0	0	0
c17797	34	-1	47	35	42	-1	-1	41	-1	35	0	-1	15	0	40	0	0	42	46	-1	0	0	0	-1	0	0	-1	-1	0	-1
c17801	0	-1	35	0	0	36	0	0	0	-1	0	21	-1	5	-1	24	0	0	31	43	0	-1	0	0	-1	0	24	24	14	-1
c17808	-1	0	-1	0	0	36	15	0	-1	-1	8	0	0	5	-1	24	0	35	0	0	0	0	0	0	-1	0	24	24	28	0
c17823	0	0	35	-1	31	0	38	34	34	-1	-1	0	24	-1	-1	32	0	-1	45	32	0	36	41	0	-1	24	0	0	-1	36
c17829	0	0	47	0	35	-1	20	0	0	-1	-1	8	0	33	1	-1	24	0	46	0	0	8	0	-1	-1	0	0	-1	40	0
c17861	43	-1	-1	0	0	-1	0	0	-1	0	0	0	0	5	0	-1	40	0	0	3	0	-1	-1	0	-1	8	24	24	0	0
c17869	-1	0	-1	0	0	-1	0	0	0	-1	-1	0	0	5	0	24	46	0	0	-1	0	0	0	0	-1	0	24	24	0	0
c17876	0	-1	47	-1	42	-1	24	0	24	35	0	-1	0	0	45	0	0	0	-1	36	0	-1	0	36	0	0	0	0	-1	24
c17877	0	38	-1	-1	42	-1	24	0	-1	35	0	-1	0	0	45	0	0	0	46	36	0	-1	0	36	0	-1	0	0	0	24
c17878	0	38	47	-1	42	-1	24	0	24	35	0	-1	0	0	-1	0	0	0	46	36	0	32	0	36	-1	0	0	0	0	24
c17879	0	38	47	-1	42	-1	24	0	24	-1	0	-1	-1	0	-1	0	0	0	46	36	0	32	0	36	0	0	0	0	0	24
c17901	0	-1	26	0	-1	0	24	34	0	31	0	0	0	10	0	0	-1	31	0	46	0	0	36	0	-1	32	0	0	0	-1
c17909	0	0	0	0	0	0	0	-1	24	0	40	-1	-1	5	0	0	0	-1	35	22	0	-1	12	0	-1	0	0	0	0	40
c17913	0	0	0	0	0	36	35	42	48	-1	0	0	0	5	25	24	0	0	31	43	0	10	0	0	-1	0	-1	24	-1	-1
c17933	34	-1	0	24	-1	0	0	34	0	0	-1	-1	-1	0	45	24	0	0	36	0	0	0	0	24	-1	32	0	1	8	34
c17944	-1	-1	47	31	24	-1	0	12	-1	0	0	-1	0	-1	0	0	0	0	-1	0	0	26	0	36	0	0	0	-1	-1	24
c17958	-1	0	47	0	0	-1	-1	0	0	0	0	0	-1	0	22	38	0	-1	46	36	40	0	46	-1	34	24	8	0	0	0
c17962	0	-1	47	-1	42	-1	-1	-1	24	35	0	-1	0	-1	-1	-1	0	32	-1	-1	-1	0	-1	36	1	0	0	34	0	0
c17963	0	-1	47	-1	42	-1	0	0	24	35	0	-1	0	-1	-1	0	0	32	46	-1	-1	0	-1	36	1	0	-1	34	0	0
c17968	0	35	0	0	0	0	3	-1	0	0	0	0	0	-1	0	0	32	24	0	-1	-1	0	-1	35	-1	32	0	0	0	-1
c17973	0	31	47	28	35	-1	20	0	0	0	-1	-1	5	0	0	35	-1	0	46	0	0	8	41	-1	26	24	-1	0	0	-1
c17974	-1	0	0	-1	0	0	15	34	0	0	-1	0	0	0	0	24	0	0	0	31	32	0	-1	0	-1	32	-1	-1	35	34
c17981	0	0	47	42	0	0	0	0	0	0	-1	41	-1	-1	22	0	-1	-1	46	36	0	37	0	0	25	24	8	0	0	0
c17984	-1	0	23	0	0	0	0	0	0	35	-1	0	-1	0	0	-1	-1	0	0	24	0	0	12	0	-1	0	0	-1	0	0
c17985	0	0	23	0	0	0	0	0	0	35	28	0	0	-1	0	0	-1	0	0	24	0	0	12	0	-1	0	-1	-1	0	0
c18038	0	0	0	0	0	0	-1	-1	24	-1	40	0	-1	-1	-1	0	-1	0	35	-1	0	0	12	0	-1	0	0	0	-1	35
c18048	0	0	-1	0	24	0	0	34	-1	0	-1	0	-1	0	0	0	-1	-1	35	8	0	0	-1	0	-1	0	0	-1	0	-1
c18049	0	0	0	0	-1	0	0	34	24	0	40	0	-1	-1	-1	-1	0	-1	35	8	0	0	12	0	-1	0	0	-1	-1	0
c18076	0	-1	47	0	-1	-1	0	-1	24	0	0	-1	0	0	0	0	-1	0	46	36	0	24	0	36	9	12	0	0	0	0
c18078	0	0	0	0	23	0	0	0	24	28	40	0	-1	-1	0	0	0	0	35	0	0	0	12	-1	-1	0	0	0	0	0
c18079	0	0	0	0	23	0	0	0	24	28	-1	0	-1	0	0	0	0	-1	35	0	-1	-1	12	5	-1	0	0	0	0	0
c18084	-1	-1	35	-1	0	0	0	34	24	41	-1	0	0	9	-1	0	0	-1	0	0	0	0	-1	0	-1	32	0	-1	-1	0
c18098	0	35	47	31	8	-1	35	0	24	15	0	-1	0	0	15	0	-1	-1	46	0	24	26	-1	-1	43	0	-1	0	0	0
c18120	0	-1	0	-1	0	-1	-1	0	-1	0	-1	0	-1	0	0	0	0	0	35	46	24	-1	12	24	-1	0	-1	0	0	-1
c18121	0	0	0	0	0	0	0	0	24	0	40	0	-1	0	0	0	0	0	35	46	24	0	12	-1	-1	0	0	0	0	41
c18126	-1	38	47	35	42	-1	-1	17	24	35	0	-1	0	0	0	0	0	0	46	0	0	0	31	36	-1	0	0	0	0	0
c18127	0	38	47	35	42	-1	-1	17	24	35	0	-1	0	0	-1	-1	-1	0	46	-1	0	0	31	36	0	0	-1	0	0	0
