	0	1	2	3	4	5	6	7	8	9	10	11	12	13	14	15	16	17	18	19	20	21	22	23	24	25	26	27	28	29
c929	0	-1	23	0	23	0	0	-1	0	0	0	0	0	-1	0	35	12	28	22	17	0	-1	7	0	37	0	36	12	0	29
c1482	0	0	49	42	-1	0	28	23	-1	0	-1	-1	0	31	0	0	0	0	50	24	27	0	7	44	0	-1	0	0	50	29
c1720	0	12	0	29	50	0	0	17	36	0	25	0	-1	42	14	0	-1	0	16	50	17	-1	7	0	24	50	0	0	0	29
c3055	-1	0	0	0	23	-1	-1	0	0	44	0	-1	0	0	-1	0	0	-1	-1	39	-1	0	7	0	0	-1	0	0	25	-1
c3078	-1	-1	0	0	-1	0	0	0	0	44	0	0	24	0	44	0	0	0	-1	39	-1	0	7	-1	0	50	16	0	25	29
c3117	24	0	0	-1	23	-1	0	0	17	-1	0	-1	9	-1	0	-1	0	0	0	17	0	27	7	-1	0	24	8	0	0	29
c3235	-1	0	0	0	-1	0	0	0	0	0	0	25	19	-1	-1	44	23	0	44	0	0	-1	7	-1	0	24	-1	0	0	29
c3693	27	25	0	0	-1	27	0	-1	-1	0	0	44	-1	23	-1	-1	0	-1	-1	17	-1	0	7	0	24	0	0	0	-1	-1
c3709	24	0	0	0	23	0	47	0	50	39	-1	0	50	35	0	-1	0	0	0	0	0	0	7	0	17	0	0	0	0	29
c3807	0	-1	0	29	-1	-1	0	-1	0	-1	0	-1	0	-1	0	0	0	0	-1	0	17	13	7	17	-1	50	-1	0	17	-1
c3899	36	13	0	-1	23	0	0	50	23	49	0	31	50	-1	-1	0	0	-1	0	-1	0	0	7	0	-1	12	0	0	0	29
c4039	-1	-1	-1	-1	23	0	0	0	-1	28	0	0	0	0	0	0	0	0	37	0	-1	31	7	-1	-1	0	0	0	-1	29
c4107	-1	-1	17	0	0	50	0	32	-1	0	0	0	16	-1	-1	0	0	-1	16	0	0	-1	7	16	24	50	0	-1	31	-1
c4202	0	-1	19	0	24	0	0	0	0	0	0	0	0	-1	0	0	-1	0	0	0	-1	16	7	-1	24	50	8	-1	0	29
c4221	0	12	0	29	50	-1	0	-1	36	0	-1	0	30	-1	-1	0	-1	0	16	-1	17	13	7	0	24	-1	0	44	0	29
c4345	12	-1	-1	0	8	-1	0	-1	21	26	-1	0	20	23	22	0	-1	0	0	0	0	-1	7	0	-1	17	27	-1	-1	29
c4368	24	0	0	16	23	-1	0	0	17	-1	0	0	0	0	0	-1	0	0	0	17	0	27	7	-1	-1	24	0	0	0	29
c4381	0	15	44	0	-1	0	0	0	0	0	-1	-1	0	0	0	20	0	0	-1	17	0	0	7	25	37	0	-1	0	0	29
c4436	24	0	-1	-1	23	0	0	0	50	0	26	0	50	35	0	49	0	0	-1	0	0	-1	7	0	0	0	-1	0	0	29
c4464	39	0	0	-1	23	0	11	-1	0	0	-1	50	0	0	0	0	31	31	-1	0	-1	0	7	0	-1	0	-1	44	-1	-1
c4530	0	0	0	36	23	-1	-1	-1	50	44	0	-1	0	0	44	0	0	50	0	-1	-1	0	7	0	0	2	-1	0	25	29
c4794	-1	-1	0	-1	23	25	0	0	0	-1	0	50	0	0	-1	-1	50	11	0	-1	19	0	7	0	0	-1	50	-1	-1	29
c4825	0	12	23	36	23	0	0	0	-1	0	30	-1	-1	36	0	36	0	-1	0	17	0	0	7	-1	-1	-1	0	12	17	29
c4836	24	0	0	-1	23	17	50	0	50	35	0	0	50	-1	0	0	0	-1	0	0	0	42	-1	22	0	-1	-1	0	-1	29
c4892	-1	0	0	50	23	-1	0	0	50	0	50	0	50	35	24	-1	31	0	0	0	0	42	-1	16	0	0	-1	0	-1	-1
c4909	0	0	0	0	23	0	0	0	0	44	0	0	0	-1	-1	22	-1	0	27	39	-1	-1	7	0	0	0	0	0	-1	29
c4977	-1	0	0	50	23	0	0	0	50	0	50	31	50	35	0	0	0	0	0	-1	0	42	7	0	0	0	-1	0	-1	-1
c4984	0	42	0	36	23	0	-1	10	50	31	0	0	0	0	0	50	0	21	0	17	16	50	-1	0	17	-1	0	24	0	29
c5131	0	15	44	0	23	0	0	0	0	-1	27	0	0	0	0	0	45	0	-1	17	0	27	7	0	37	-1	-1	0	0	29
c5163	-1	25	-1	12	0	44	-1	-1	-1	21	0	0	-1	0	0	-1	44	0	0	0	0	-1	7	-1	0	0	-1	0	48	29
c5218	24	0	0	-1	-1	22	0	0	-1	-1	-1	0	50	35	0	0	1	-1	0	0	0	0	7	0	0	0	0	24	0	29
c5281	-1	-1	0	-1	23	0	0	0	50	-1	0	0	0	-1	0	30	0	-1	-1	-1	0	0	7	0	0	-1	0	-1	0	-1
c5284	0	44	-1	49	-1	0	27	17	0	-1	0	0	0	0	0	0	0	-1	0	0	0	0	7	21	0	0	-1	0	-1	29
c5310	0	25	20	0	-1	0	0	-1	0	17	-1	0	36	-1	0	0	0	0	-1	0	0	0	7	0	-1	0	50	-1	0	29
c5442	0	0	0	0	-1	44	0	0	0	0	0	0	19	24	0	44	0	-1	-1	0	0	-1	7	-1	0	0	0	0	0	-1
c5520	0	25	-1	0	8	24	-1	-1	0	26	25	0	0	-1	-1	0	44	0	-1	0	-1	42	7	-1	0	30	17	0	17	29
c5542	-1	25	0	0	19	0	26	-1	0	30	0	-1	0	37	-1	28	44	44	0	44	-1	-1	7	0	44	0	0	22	0	29
c5550	0	25	27	0	-1	-1	-1	-1	0	0	2	-1	0	8	0	0	44	-1	0	0	-1	0	7	-1	27	0	0	0	0	29
c5615	-1	0	44	0	-1	-1	0	0	38	0	0	-1	-1	25	0	0	0	0	42	-1	0	0	7	0	37	0	0	22	-1	29
c5644	6	25	21	-1	0	27	30	-1	-1	37	0	0	0	23	0	-1	0	-1	0	0	-1	0	-1	0	0	0	0	-1	0	29
c5649	-1	36	0	0	23	4	36	0	50	50	-1	0	0	0	0	0	-1	0	0	0	-1	21	-1	0	-1	0	0	-1	-1	29
c5652	15	12	0	0	0	-1	-1	34	-1	0	-1	0	16	42	0	0	17	-1	16	0	21	19	7	0	-1	50	0	0	46	29
c5670	0	-1	-1	-1	23	0	0	0	38	0	44	24	0	-1	-1	0	0	-1	-1	17	0	0	7	39	-1	0	50	0	8	29
c5679	0	-1	44	27	23	0	0	0	38	0	0	0	36	-1	8	0	22	-1	-1	17	0	0	7	39	37	0	0	-1	8	29
c5713	36	8	-1	0	-1	-1	0	25	0	-1	0	0	8	0	0	-1	0	0	-1	36	-1	-1	7	0	39	-1	0	-1	30	29
c5732	24	0	-1	0	23	0	0	-1	-1	-1	0	0	50	35	0	0	0	0	17	0	0	0	-1	34	0	-1	0	12	0	-1
c5746	0	12	-1	29	0	24	0	0	0	0	0	0	-1	-1	14	0	0	-1	16	-1	17	13	7	0	-1	50	0	0	0	29
c5748	-1	25	-1	0	15	0	26	-1	0	0	36	0	27	0	0	0	44	0	-1	0	0	0	7	-1	0	-1	0	0	0	29
c5774	-1	0	26	0	23	25	26	0	0	0	0	0	0	22	0	0	0	0	0	0	-1	0	7	44	0	-1	-1	0	-1	-1
c6030	-1	0	-1	20	23	-1	0	-1	-1	0	29	-1	0	0	0	0	0	0	0	-1	-1	22	7	0	24	0	0	-1	-1	29
c6093	0	-1	-1	-1	23	-1	0	-1	-1	-1	-1	0	0	0	0	0	0	-1	0	-1	-1	22	7	22	-1	0	0	0	-1	29
c6150	0	0	0	0	23	0	0	34	0	44	8	-1	0	0	-1	0	0	0	8	39	-1	0	-1	0	0	0	22	0	25	29
c6178	6	25	0	0	-1	27	30	-1	21	37	-1	0	0	23	0	-1	-1	34	0	0	-1	-1	-1	0	0	0	-1	-1	-1	29
c6203	0	2	-1	0	23	-1	-1	-1	38	0	0	0	-1	0	0	0	14	0	-1	17	-1	0	7	42	-1	-1	-1	0	0	29
c6216	0	-1	-1	0	23	0	0	0	-1	0	0	0	27	25	44	0	0	0	-1	17	0	0	7	39	-1	46	0	0	8	29
c6295	-1	0	0	0	23	0	0	0	0	0	0	-1	-1	0	0	0	-1	0	0	16	-1	44	7	0	0	0	0	-1	-1	29
c6300	0	-1	0	29	0	22	0	0	-1	0	-1	0	0	42	14	0	0	-1	-1	0	17	-1	-1	0	24	50	0	0	0	29
c6423	0	-1	0	0	16	-1	26	-1	0	0	0	0	37	50	36	-1	44	42	0	-1	-1	-1	7	28	0	0	22	-1	0	29
c6442	0	0	8	0	23	0	0	-1	0	44	-1	0	50	12	44	0	0	29	0	-1	-1	0	7	0	0	-1	0	0	-1	29
c6458	0	25	0	-1	0	0	26	-1	6	-1	0	-1	0	25	0	0	44	0	0	-1	30	0	7	0	0	0	24	-1	0	29
c6594	24	37	17	27	23	0	0	29	50	-1	0	0	-1	-1	0	24	0	0	0	0	35	0	7	0	17	0	-1	0	0	29
c6663	-1	-1	17	-1	0	24	0	0	0	-1	0	-1	16	42	0	-1	-1	0	-1	0	0	19	7	16	24	50	27	-1	0	29
c6719	0	12	0	29	0	22	-1	0	0	0	0	0	-1	42	14	0	-1	0	16	0	-1	13	7	24	-1	50	0	-1	12	29
c6725	0	12	0	29	50	0	0	0	36	44	0	29	-1	42	14	-1	0	-1	-1	-1	17	13	7	-1	24	50	31	44	0	29
c6731	36	0	0	0	-1	0	0	-1	-1	0	0	0	0	0	0	0	-1	27	0	0	-1	-1	-1	0	-1	0	-1	0	0	-1
c6770	0	25	0	0	-1	0	0	-1	0	17	-1	0	0	0	0	0	0	0	-1	44	0	0	7	0	-1	16	0	44	0	-1
c6805	0	25	27	0	0	0	26	-1	0	0	2	-1	-1	8	0	0	44	0	0	0	0	0	7	0	-1	0	-1	-1	0	-1
c6819	0	0	-1	-1	-1	24	-1	-1	0	0	39	-1	0	1	0	0	0	0	0	0	0	0	7	0	0	12	0	27	50	29
c6940	0	-1	0	0	23	39	0	0	50	-1	-1	0	0	0	0	0	0	0	0	-1	0	0	7	0	0	-1	0	0	0	29
c6951	-1	0	24	0	23	0	0	-1	-1	0	0	-1	0	0	0	-1	8	0	0	16	-1	0	7	25	0	38	0	-1	-1	29
c6979	0	0	0	0	23	0	-1	34	0	44	0	0	0	0	44	0	-1	0	0	39	-1	-1	-1	0	0	0	0	44	25	29
c7001	0	0	10	-1	23	-1	0	-1	0	0	0	0	0	0	0	24	0	22	-1	31	0	17	7	0	42	16	-1	0	42	-1
c7099	0	-1	0	0	0	27	30	-1	21	0	0	27	0	23	0	-1	-1	-1	0	27	0	0	7	-1	17	0	0	0	34	29
c7103	-1	-1	0	0	44	27	0	-1	21	0	0	0	-1	-1	0	0	-1	0	-1	0	0	0	7	0	0	0	0	-1	0	29
c7108	-1	0	32	0	-1	12	0	0	50	0	-1	34	50	-1	35	0	0	-1	0	0	-1	-1	7	-1	0	-1	-1	12	39	29
c7115	0	0	10	0	23	0	-1	0	0	-1	-1	0	0	-1	50	-1	0	50	-1	-1	0	17	7	0	-1	-1	-1	0	42	29
c7158	0	0	45	16	23	0	50	0	-1	0	0	0	0	-1	0	4	0	0	0	-1	0	27	7	-1	17	24	-1	0	-1	29
c7162	0	-1	0	-1	-1	0	0	34	0	44	0	0	-1	-1	44	8	0	0	-1	39	-1	0	7	0	0	-1	0	0	-1	-1
c7164	6	25	0	0	1	27	30	-1	21	37	0	0	0	23	0	-1	0	-1	0	0	24	0	-1	-1	0	0	0	-1	-1	29
c7170	0	25	-1	12	0	44	-1	-1	0	21	0	0	0	0	0	0	44	0	0	0	0	-1	7	0	0	39	-1	0	48	29
c7221	-1	8	0	-1	-1	0	0	25	0	0	0	0	8	0	-1	-1	0	0	0	0	0	0	7	-1	39	0	-1	0	30	29
c7229	0	25	0	0	0	32	26	-1	0	0	-1	27	0	0	0	-1	44	44	-1	0	0	0	7	33	0	19	0	44	0	29
c7258	0	-1	44	29	-1	39	-1	0	0	0	0	0	0	42	-1	14	0	49	16	0	17	-1	7	0	-1	50	0	-1	0	29
c7356	0	15	44	0	23	0	0	0	50	0	0	12	0	0	0	0	45	0	0	17	0	0	7	0	37	0	-1	0	0	29
c7367	0	0	0	44	23	-1	42	0	50	0	22	-1	0	-1	0	0	0	0	-1	-1	0	0	7	-1	0	0	0	0	-1	29
c7390	0	0	0	0	-1	0	0	20	0	0	-1	-1	19	-1	-1	44	0	0	0	-1	0	-1	-1	-1	10	0	-1	0	0	29
c7391	0	0	0	0	-1	0	0	20	0	0	0	0	19	24	-1	44	0	0	0	0	0	-1	-1	-1	10	0	16	0	0	29
c7441	0	0	0	0	23	0	-1	0	0	24	29	-1	-1	-1	0	22	0	0	44	0	-1	0	7	0	0	0	0	1	-1	29
c7448	0	25	20	0	-1	47	0	-1	0	17	0	0	36	0	0	0	24	0	0	0	0	0	7	0	-1	0	0	0	0	29
c7456	-1	44	37	-1	23	17	27	0	0	31	0	24	0	0	0	-1	-1	-1	8	0	0	0	7	0	0	-1	0	22	21	-1
c7466	0	-1	0	-1	29	0	44	0	0	0	-1	0	-1	42	14	31	0	0	-1	0	-1	13	7	-1	24	50	0	-1	0	29
c7470	36	0	0	0	23	0	36	0	0	0	0	0	0	27	22	0	0	0	0	17	0	50	7	-1	39	19	0	0	0	29
c7495	36	0	0	20	23	-1	22	0	23	0	0	0	0	38	0	0	0	0	36	47	0	-1	-1	0	0	-1	0	0	0	29
c7583	0	-1	13	0	23	0	0	0	0	44	0	36	0	-1	-1	0	0	-1	0	39	-1	-1	7	0	-1	0	0	0	-1	29
c7587	24	-1	-1	-1	23	0	-1	0	50	-1	0	0	-1	35	0	24	0	0	0	-1	0	0	7	0	17	0	-1	0	0	29
c7622	0	25	27	0	0	0	-1	-1	0	0	2	-1	0	8	-1	-1	44	0	0	0	0	0	7	0	-1	0	0	0	-1	29
c7701	0	15	44	0	-1	-1	0	48	0	26	0	0	0	0	0	0	45	0	36	17	0	27	7	0	37	0	-1	0	-1	29
c7713	44	12	0	29	22	0	0	0	-1	44	-1	-1	-1	42	0	33	-1	-1	16	0	-1	-1	-1	17	24	50	50	-1	0	-1
c7734	0	50	-1	0	23	-1	22	34	0	0	-1	0	0	0	0	0	0	0	-1	0	-1	-1	7	0	0	-1	-1	0	42	29
c7749	-1	12	17	0	0	0	-1	32	0	0	-1	0	16	42	0	0	-1	0	-1	0	0	19	-1	0	24	-1	16	0	36	29
c7810	-1	0	0	-1	-1	-1	35	35	0	42	0	0	19	-1	0	-1	-1	0	0	0	0	-1	7	-1	0	0	-1	0	-1	29
c7811	-1	0	-1	-1	-1	-1	35	35	0	42	0	0	19	-1	0	-1	34	0	26	0	0	-1	7	-1	0	-1	0	0	-1	29
c7815	24	-1	0	0	23	0	-1	0	-1	0	0	0	-1	35	-1	-1	0	0	0	-1	18	0	7	31	-1	-1	0	0	0	29
c7893	34	-1	0	44	23	0	13	11	0	0	-1	0	0	0	0	0	-1	-1	0	0	-1	0	-1	0	36	0	0	-1	-1	-1
c7896	0	15	-1	-1	23	-1	0	0	0	0	0	-1	-1	0	0	22	-1	0	0	17	0	0	7	0	37	0	-1	0	-1	29
c7976	-1	0	37	-1	-1	0	27	-1	0	31	0	0	0	39	-1	0	-1	13	0	0	0	0	-1	-1	-1	47	0	-1	-1	29
c8068	0	0	44	0	23	-1	0	0	38	0	0	-1	44	25	0	-1	0	0	42	17	0	0	7	0	37	39	0	22	24	29
c8136	0	-1	0	0	23	19	0	0	-1	0	-1	0	0	-1	0	44	30	-1	-1	-1	0	0	7	0	0	8	30	50	42	-1
c8141	24	0	-1	0	23	0	0	0	50	0	0	-1	50	35	0	-1	0	0	1	0	0	-1	7	-1	-1	39	-1	0	0	-1
c8153	-1	44	37	-1	23	17	27	0	-1	-1	0	-1	0	-1	0	0	0	-1	0	-1	0	0	7	0	0	25	0	22	21	29
c8160	0	-1	0	0	23	0	0	0	50	0	0	0	-1	0	44	30	0	0	-1	-1	0	0	-1	-1	0	0	0	-1	0	-1
c8236	-1	12	17	0	0	0	-1	0	0	0	0	0	16	42	0	-1	-1	0	16	0	0	19	-1	0	-1	-1	0	0	0	29
c8255	-1	25	-1	0	-1	27	0	-1	21	0	0	0	0	23	0	-1	0	-1	36	0	0	0	7	0	24	-1	0	0	0	-1
c8270	-1	12	17	0	0	0	-1	0	17	0	31	0	-1	42	-1	0	0	0	16	0	0	-1	7	-1	24	-1	27	0	0	29
c8283	30	0	-1	0	23	0	0	34	0	44	34	0	32	0	44	0	-1	0	-1	39	-1	-1	7	0	0	-1	0	0	25	29
c8302	0	12	0	0	-1	-1	16	0	0	0	-1	0	16	42	29	26	-1	-1	16	0	21	-1	7	-1	24	-1	0	0	0	29
c8318	24	0	0	0	23	34	42	-1	-1	-1	0	0	50	35	0	0	0	22	-1	-1	29	30	7	0	0	0	0	0	-1	29
c8323	0	0	0	-1	23	0	0	0	0	44	0	36	0	31	-1	0	0	0	-1	39	-1	0	7	0	0	0	24	0	-1	29
c8363	0	-1	-1	36	23	0	0	9	0	28	0	0	-1	-1	46	0	0	0	0	17	0	0	7	0	37	-1	50	24	24	-1
c8478	0	25	0	0	36	0	26	-1	0	0	-1	0	27	0	0	0	44	0	-1	0	-1	0	7	30	0	-1	0	0	0	29
c8569	-1	0	-1	0	23	25	0	-1	-1	0	0	0	0	0	0	0	0	0	22	0	-1	-1	7	16	0	-1	50	0	36	29
c8648	0	-1	0	0	23	0	-1	16	-1	22	0	0	0	0	31	0	0	0	-1	0	-1	0	-1	0	0	0	24	0	0	29
c8652	0	25	0	0	0	-1	0	-1	21	0	0	-1	7	23	0	-1	0	20	0	0	25	-1	-1	0	-1	-1	0	46	0	29
c8658	0	12	0	-1	0	0	0	0	-1	0	0	29	0	42	20	17	48	-1	0	0	49	-1	-1	15	24	-1	0	-1	24	29
c8725	0	0	0	0	23	0	0	0	-1	-1	0	0	-1	0	0	0	0	-1	-1	-1	-1	-1	7	0	-1	0	0	0	-1	29
c8747	0	-1	10	-1	23	-1	0	0	-1	0	0	0	14	-1	24	0	-1	50	-1	-1	0	0	7	0	0	-1	-1	0	42	29
c8751	0	0	0	0	23	0	17	0	0	0	28	0	0	0	50	29	0	22	0	-1	35	8	7	24	-1	-1	0	-1	50	29
c8766	0	-1	-1	0	23	0	0	0	38	0	-1	0	-1	25	0	0	0	0	-1	17	1	0	7	39	37	0	0	-1	-1	29
c8772	6	25	0	0	0	27	30	-1	21	37	0	-1	-1	23	0	-1	0	34	0	0	0	0	-1	0	0	0	0	-1	0	-1
c8789	-1	0	0	0	23	0	36	50	23	-1	-1	0	0	0	-1	0	0	-1	0	0	0	0	7	0	-1	44	-1	0	0	-1
c8819	0	-1	0	36	23	-1	0	0	39	0	0	0	0	-1	0	0	-1	27	0	17	-1	11	-1	-1	0	0	0	24	0	-1
c8851	0	-1	0	-1	-1	0	0	0	-1	28	0	0	-1	0	-1	0	0	-1	12	-1	8	-1	7	0	37	0	50	-1	24	29
c8888	0	15	44	0	-1	-1	0	0	0	0	0	12	0	0	0	0	45	0	0	17	44	0	7	0	37	0	-1	0	0	-1
c8915	17	-1	0	36	-1	0	0	0	0	-1	0	0	0	0	-1	0	0	-1	0	17	34	-1	7	0	0	0	-1	24	0	29
c8946	-1	15	-1	0	23	0	-1	0	0	0	-1	0	0	0	-1	0	45	-1	0	-1	0	0	7	0	37	0	-1	0	-1	-1
c8958	27	25	0	-1	0	-1	-1	-1	21	0	0	44	0	23	0	-1	-1	0	-1	-1	0	0	7	0	24	0	0	0	-1	29
c8963	-1	25	0	0	0	0	26	-1	6	0	0	0	0	-1	0	0	-1	0	0	0	0	0	7	0	0	0	0	0	0	29
c8964	-1	44	-1	49	-1	0	27	11	0	31	-1	-1	0	0	0	0	-1	-1	-1	-1	0	0	-1	0	0	44	0	-1	21	29
c8970	0	0	0	0	23	-1	0	0	-1	0	0	50	-1	-1	-1	-1	27	-1	44	0	30	0	7	25	24	0	-1	27	0	29
c8973	0	25	0	0	-1	0	26	-1	6	-1	0	0	0	0	0	0	-1	0	0	0	0	0	7	0	0	0	0	0	0	29
c9044	0	25	0	0	0	-1	26	-1	6	0	0	0	0	0	0	0	-1	0	0	0	0	-1	7	-1	0	0	25	-1	0	29
c9054	0	-1	44	-1	23	0	0	-1	38	0	-1	0	0	25	0	-1	0	-1	-1	17	0	49	-1	39	-1	0	-1	0	8	-1
c9288	-1	-1	0	0	-1	0	47	-1	-1	0	-1	0	50	-1	0	0	0	-1	0	0	27	0	7	0	17	0	0	0	-1	29
c9289	-1	0	0	0	-1	-1	47	0	50	0	-1	0	50	35	0	0	0	0	0	0	0	0	7	0	17	0	0	0	0	29
c9366	0	-1	-1	0	23	0	0	34	0	44	0	0	50	0	44	0	0	-1	0	39	-1	0	7	0	0	-1	0	0	25	29
c9368	27	25	0	0	-1	27	0	-1	21	-1	0	-1	0	-1	-1	-1	0	-1	0	0	0	-1	7	0	24	0	-1	0	0	29
c9373	0	12	26	0	0	20	0	0	0	0	0	-1	-1	-1	-1	0	-1	0	16	-1	0	19	-1	0	24	50	44	0	0	-1
c9394	0	15	-1	0	23	24	27	-1	0	0	0	44	0	0	20	29	0	0	0	17	-1	-1	7	0	37	0	-1	0	-1	-1
c9422	-1	25	0	-1	26	0	26	-1	6	0	0	-1	0	25	0	0	44	0	0	0	30	-1	7	0	0	-1	0	0	0	29
c9434	0	0	44	-1	23	-1	0	0	0	0	44	0	0	0	-1	0	0	26	0	-1	24	0	-1	-1	37	0	0	0	-1	29
c9442	0	-1	0	36	-1	0	0	-1	0	0	-1	-1	0	0	0	0	44	0	49	17	0	0	7	16	0	0	0	-1	16	29
c9443	0	-1	0	36	23	0	-1	0	0	0	0	0	0	0	-1	0	44	-1	-1	17	0	0	7	0	0	-1	0	24	16	29
c9453	-1	12	49	-1	-1	22	0	0	0	0	0	-1	0	-1	14	-1	0	15	16	-1	17	13	7	0	24	50	0	0	0	-1
c9458	0	12	0	29	0	0	0	0	0	0	0	-1	0	42	-1	-1	0	0	-1	0	17	13	7	17	24	50	50	0	-1	-1
c9544	-1	12	-1	0	-1	-1	0	0	0	-1	0	0	16	42	-1	0	0	0	16	-1	0	19	7	0	24	50	27	0	0	29
c9583	36	0	0	0	-1	49	0	0	23	0	0	22	0	0	0	0	-1	0	0	0	0	0	7	-1	-1	50	0	0	0	29
c9586	13	-1	-1	0	-1	-1	0	-1	24	17	0	0	-1	0	12	0	0	0	-1	0	0	-1	7	0	-1	0	-1	-1	-1	29
c9624	-1	25	0	0	-1	0	26	-1	0	-1	36	0	27	-1	0	0	44	0	-1	-1	0	-1	-1	30	0	0	-1	0	0	-1
c9625	-1	25	-1	-1	-1	0	26	-1	0	0	36	0	27	-1	0	31	44	0	-1	0	0	0	7	30	0	-1	0	-1	0	-1
c9668	34	0	-1	-1	23	0	-1	0	0	0	0	0	0	-1	0	0	-1	-1	-1	0	8	0	7	0	0	16	11	0	42	29
c9680	0	0	-1	-1	-1	0	-1	0	-1	0	-1	0	19	24	0	-1	0	-1	0	-1	-1	-1	-1	-1	0	0	0	0	0	29
c9692	0	0	8	0	23	0	0	-1	0	44	-1	-1	50	0	44	-1	-1	0	-1	39	-1	0	7	0	0	-1	0	0	-1	29
c9705	0	0	0	0	23	0	0	44	-1	-1	0	0	0	0	0	30	0	-1	-1	29	5	0	-1	0	-1	0	0	0	39	-1
c9736	0	25	0	50	-1	28	0	-1	0	-1	0	-1	0	-1	0	0	24	0	7	44	0	0	7	0	-1	0	0	44	0	29
c9746	24	0	0	50	-1	-1	0	0	50	0	-1	0	50	35	0	0	0	0	0	0	0	42	-1	0	-1	35	-1	0	0	-1
c9814	24	27	-1	-1	-1	35	42	0	-1	0	-1	10	50	35	0	27	39	47	0	0	0	0	7	0	0	0	-1	0	-1	29
c9821	-1	0	24	0	23	0	0	34	0	44	0	0	-1	0	44	0	-1	0	38	39	-1	0	7	0	0	0	0	-1	25	29
c9825	0	-1	-1	-1	23	-1	0	24	0	0	44	0	0	0	23	0	0	26	0	17	24	0	-1	0	37	-1	0	0	0	29
c9839	0	-1	25	50	0	-1	-1	-1	-1	44	0	0	0	42	0	-1	-1	-1	0	0	49	0	7	-1	24	50	0	0	24	29
c9854	0	25	0	0	24	30	-1	-1	-1	0	20	36	-1	0	50	0	0	17	0	-1	0	0	7	17	0	0	0	0	-1	29
c9860	34	25	-1	0	28	0	26	-1	19	-1	0	0	27	0	0	0	44	0	-1	0	0	0	7	30	0	0	0	0	0	29
c9863	-1	12	-1	44	0	0	-1	-1	-1	-1	0	0	16	42	0	25	0	0	16	0	0	19	7	0	24	-1	27	0	-1	29
c9908	35	0	0	0	23	0	42	0	50	0	0	0	12	0	0	0	0	-1	0	0	24	43	7	0	0	0	0	-1	0	-1
c9922	0	25	-1	0	36	24	26	-1	-1	-1	0	0	-1	26	42	23	-1	0	-1	0	0	0	7	-1	0	0	0	0	0	-1
c9942	0	0	0	0	23	0	0	34	27	44	0	0	22	0	44	24	0	0	0	39	-1	0	7	0	-1	0	8	-1	25	-1
c9974	-1	-1	0	36	23	-1	-1	0	-1	0	0	36	-1	0	0	-1	0	0	0	17	-1	11	7	0	0	0	0	24	0	-1
c10037	0	0	0	36	23	0	-1	-1	-1	0	0	0	-1	0	0	15	0	22	0	17	0	0	7	10	0	0	0	24	0	29
c10041	24	-1	0	0	23	0	42	0	-1	0	0	0	50	35	0	0	0	27	0	0	-1	0	7	31	0	0	0	0	-1	29
c10044	0	0	0	0	23	0	-1	0	0	44	0	-1	17	0	-1	0	0	0	-1	39	-1	0	-1	0	0	0	0	-1	25	29
c10054	0	-1	27	36	23	0	0	0	-1	28	0	0	0	0	0	0	0	-1	50	17	0	-1	7	0	0	-1	0	-1	24	29
c10061	0	-1	0	0	23	0	0	34	0	44	0	0	9	0	44	0	0	0	0	39	-1	0	-1	0	-1	0	0	0	25	-1
c10074	0	-1	44	0	23	0	0	0	38	0	0	0	0	25	0	0	21	0	-1	17	0	49	7	-1	-1	0	0	0	8	29
c10105	0	0	0	0	23	-1	-1	0	0	44	0	36	-1	31	44	-1	0	-1	-1	39	-1	0	7	24	0	0	0	-1	25	29
c10110	36	0	0	31	23	-1	0	-1	23	0	0	0	0	50	0	-1	0	0	-1	0	0	-1	7	-1	0	0	0	0	0	-1
c10120	-1	-1	0	0	23	-1	0	0	0	0	0	-1	0	-1	0	-1	0	-1	-1	16	-1	44	7	0	0	-1	0	-1	-1	-1
c10122	27	25	0	-1	0	27	-1	-1	-1	0	12	0	0	23	0	-1	-1	-1	0	0	0	0	7	0	-1	0	0	0	29	29
c10200	-1	-1	17	0	-1	0	0	0	0	0	0	0	16	42	0	0	0	0	16	-1	0	19	7	0	24	50	-1	35	0	29
c10231	36	0	0	0	23	0	0	0	23	0	0	0	0	0	-1	-1	-1	0	0	22	0	31	7	-1	0	17	0	0	0	29
c10239	24	-1	30	-1	23	0	42	35	-1	0	-1	0	50	35	-1	0	0	22	0	-1	0	0	7	0	0	0	0	0	0	-1
c10246	0	15	44	0	-1	22	36	22	-1	-1	0	12	0	0	0	0	45	0	0	-1	0	0	7	0	37	0	-1	0	0	29
c10291	0	-1	44	0	23	-1	-1	0	-1	0	0	0	0	25	0	0	0	0	42	17	-1	0	7	39	37	0	0	0	8	29
c10294	-1	-1	-1	0	0	-1	0	0	0	0	0	0	16	-1	-1	0	-1	0	16	0	-1	-1	-1	-1	24	50	27	0	-1	29
c10319	-1	12	17	0	0	24	0	0	0	0	0	0	16	42	0	-1	0	0	16	0	0	19	7	16	-1	-1	-1	0	41	29
c10344	15	-1	0	0	23	0	0	0	50	12	29	-1	0	44	-1	-1	0	-1	0	0	19	0	7	0	0	0	0	-1	0	29
c10347	29	37	-1	0	-1	-1	23	0	0	42	0	31	-1	0	17	44	25	0	0	0	0	-1	7	-1	0	0	0	0	-1	-1
c10385	0	44	44	-1	23	-1	0	0	38	-1	0	-1	-1	-1	0	0	0	0	-1	17	0	0	7	0	37	0	0	-1	0	29
c10392	0	0	0	0	-1	19	0	0	50	0	50	0	44	0	0	19	-1	0	0	-1	0	-1	7	0	0	24	44	0	0	29
c10447	0	15	-1	-1	23	0	0	0	0	0	0	0	0	0	0	0	45	0	-1	-1	0	0	7	0	37	0	-1	-1	0	29
c10454	-1	0	0	0	23	0	0	0	0	0	0	-1	14	0	27	0	-1	0	0	-1	-1	0	7	0	0	0	0	-1	-1	29
c10504	0	0	0	0	-1	0	0	22	34	-1	0	0	-1	24	0	44	-1	0	0	0	0	-1	7	-1	0	0	-1	0	0	29
c10508	-1	0	0	0	23	0	0	0	0	0	-1	34	44	0	35	0	0	0	0	0	-1	-1	7	0	0	-1	-1	10	25	29
c10520	0	27	24	0	-1	22	0	0	-1	44	18	0	0	0	44	0	0	0	0	39	-1	0	7	-1	0	50	0	-1	25	29
c10522	27	0	24	0	-1	0	0	-1	36	-1	0	0	0	0	44	-1	0	0	-1	-1	-1	-1	7	0	-1	0	0	-1	-1	29
c10523	27	-1	24	0	-1	0	0	-1	-1	44	0	0	0	-1	-1	35	0	0	-1	39	-1	0	-1	0	31	0	0	-1	25	29
c10527	-1	12	0	-1	0	0	0	-1	0	-1	0	-1	-1	-1	0	-1	19	0	-1	-1	17	13	-1	17	24	50	50	27	-1	29
c10528	34	0	10	0	23	-1	0	0	0	-1	0	0	0	49	50	0	17	-1	-1	-1	0	17	7	0	0	16	-1	0	42	29
c10562	30	0	0	0	23	26	0	34	0	44	34	0	-1	27	44	0	0	0	0	39	-1	22	7	0	0	0	0	-1	-1	29
c10575	27	25	0	0	0	27	0	-1	21	-1	0	-1	0	23	0	-1	0	0	0	17	0	0	-1	0	24	0	0	0	44	29
c10594	13	25	-1	-1	-1	-1	0	-1	24	17	0	0	36	0	0	0	0	0	0	-1	0	-1	7	0	-1	-1	0	0	-1	-1
c10603	24	0	0	50	23	0	0	0	-1	0	50	27	50	35	24	0	31	0	0	0	0	42	-1	16	0	-1	-1	0	0	29
c10605	0	0	0	44	23	0	0	34	50	0	0	-1	-1	0	-1	0	23	0	0	0	50	22	-1	0	0	0	0	0	17	-1
c10641	12	12	-1	0	0	0	17	44	0	0	0	0	0	-1	-1	0	-1	0	-1	0	49	0	7	15	24	50	-1	-1	16	29
c10655	47	0	0	0	23	0	0	-1	-1	0	34	-1	0	24	-1	0	-1	19	31	17	0	-1	7	0	37	0	0	0	0	-1
c10659	0	25	-1	0	17	24	26	-1	0	0	27	0	0	-1	42	0	44	0	-1	0	0	-1	7	-1	0	-1	0	0	-1	29
c10662	0	-1	0	28	0	-1	26	-1	11	0	16	0	44	44	0	0	44	24	-1	34	-1	42	7	0	50	0	27	0	0	-1
c10671	24	0	0	0	-1	0	47	-1	50	39	0	-1	50	35	50	36	0	-1	0	0	0	-1	7	-1	17	-1	0	19	0	-1
c10704	0	-1	0	36	23	37	0	0	2	28	-1	-1	-1	0	36	-1	0	0	0	17	0	0	7	0	0	0	0	24	24	29
c10707	0	0	0	29	23	19	0	0	50	0	-1	0	34	35	-1	-1	-1	-1	-1	18	44	-1	7	0	0	27	0	0	0	-1
c10721	-1	-1	24	36	23	0	0	-1	0	0	0	0	0	0	0	-1	0	0	0	17	24	34	7	0	47	-1	0	24	0	29
c10749	0	12	0	-1	0	-1	0	0	0	0	0	0	-1	42	0	0	0	0	16	-1	-1	19	7	0	-1	50	44	-1	0	29
c10770	0	-1	0	0	0	32	26	-1	0	27	0	0	0	0	0	0	44	0	24	0	0	0	7	-1	0	0	-1	-1	0	29
c10794	0	25	0	0	0	-1	26	-1	16	-1	0	-1	0	-1	0	-1	44	0	-1	0	0	22	7	0	47	0	0	0	0	29
c10848	-1	-1	0	0	23	0	0	-1	0	0	0	34	44	0	0	24	0	17	0	0	-1	0	-1	-1	0	0	-1	10	25	29
c10875	-1	0	9	0	-1	0	0	0	0	22	-1	0	-1	0	31	47	0	0	0	-1	0	-1	-1	-1	-1	0	0	0	0	29
c10895	0	-1	0	0	23	0	0	34	0	44	0	0	0	0	44	31	0	-1	-1	-1	-1	0	7	-1	0	0	-1	0	25	29
c10907	24	0	-1	-1	-1	0	47	0	50	-1	19	-1	-1	35	-1	-1	0	-1	26	0	-1	0	7	0	17	0	0	0	0	29
c10931	-1	15	-1	0	23	0	-1	0	0	0	0	0	0	0	0	0	45	0	-1	17	0	-1	7	0	37	0	-1	-1	0	29
c10954	0	25	0	0	0	27	30	-1	21	-1	0	-1	0	23	0	-1	0	-1	0	0	0	23	7	8	0	17	0	0	0	29
c10964	0	-1	44	0	-1	0	0	0	0	0	-1	12	-1	0	44	0	-1	0	-1	17	0	-1	7	-1	37	-1	-1	0	0	29
c10965	0	15	44	0	-1	0	0	0	0	0	0	12	0	0	0	-1	45	0	0	17	-1	0	7	0	37	0	-1	0	0	29
c11016	0	30	0	-1	23	0	-1	-1	0	42	-1	-1	0	0	31	0	42	0	27	0	0	0	-1	11	0	0	0	0	-1	29
c11071	-1	12	17	0	0	0	-1	0	0	0	0	0	16	42	0	0	27	-1	16	20	0	19	7	16	24	50	27	0	0	29
c11111	6	25	-1	0	0	-1	30	-1	-1	37	-1	0	-1	23	0	-1	-1	-1	0	0	0	42	-1	0	0	0	-1	-1	0	-1
c11116	24	-1	-1	0	-1	0	-1	0	-1	0	0	0	50	-1	0	0	0	27	0	0	18	0	-1	31	0	-1	0	0	0	29
c11126	24	44	0	0	23	22	37	0	50	0	0	-1	50	-1	0	0	0	0	0	-1	21	0	7	0	-1	0	0	24	0	29
c11128	24	0	-1	50	-1	0	0	-1	-1	0	0	0	50	35	0	0	0	0	0	0	0	-1	7	0	0	35	-1	0	0	29
c11165	0	25	0	0	-1	-1	26	-1	25	0	0	0	-1	0	0	0	44	0	0	0	-1	-1	7	30	0	0	0	0	-1	29
c11167	0	-1	8	0	23	-1	0	34	0	44	0	0	50	-1	44	0	0	0	0	39	-1	0	7	-1	0	-1	0	-1	25	-1
c11207	0	-1	0	36	23	0	-1	0	0	-1	0	-1	0	0	0	0	0	0	0	17	0	0	7	0	0	-1	0	24	24	29
c11210	24	1	0	0	23	0	-1	35	-1	-1	0	50	50	35	0	-1	0	22	16	0	-1	30	7	0	0	0	0	0	0	29
c11217	0	25	0	-1	24	30	-1	-1	0	-1	0	36	-1	0	-1	-1	-1	-1	36	17	-1	0	7	17	-1	-1	27	0	0	-1
c11249	29	0	44	0	-1	0	0	0	0	-1	0	28	0	0	0	0	44	35	12	17	-1	24	7	0	37	0	16	31	25	29
c11260	24	0	-1	0	23	0	0	25	50	0	0	0	50	-1	0	49	0	0	0	17	0	-1	7	0	0	0	-1	0	-1	29
c11273	0	0	0	0	23	-1	0	0	0	44	0	-1	0	50	-1	0	-1	0	-1	39	-1	-1	-1	-1	0	0	-1	0	25	29
c11287	48	0	24	-1	23	-1	-1	34	36	-1	0	-1	0	0	44	0	0	0	38	39	-1	0	-1	0	0	0	0	-1	25	29
c11319	-1	12	0	-1	39	-1	-1	0	0	0	0	0	0	42	0	0	-1	0	16	0	17	13	-1	-1	24	-1	34	0	0	29
c11385	-1	25	0	0	-1	0	26	-1	6	-1	0	0	0	0	-1	0	-1	0	-1	0	0	-1	7	0	-1	0	0	0	-1	29
c11420	-1	15	44	0	-1	0	50	0	0	0	31	0	0	0	0	20	-1	0	0	17	0	0	-1	25	37	0	-1	0	0	29
c11439	36	0	0	0	23	0	36	0	0	0	0	-1	0	-1	22	0	0	0	0	17	0	-1	7	24	39	-1	0	0	-1	-1
c11452	24	0	-1	50	23	0	0	0	50	0	0	-1	50	35	0	-1	27	0	0	0	0	-1	7	0	-1	35	-1	0	0	-1
c11501	27	25	0	0	-1	-1	-1	-1	21	0	0	-1	-1	23	0	-1	0	0	0	-1	-1	31	7	0	24	0	-1	0	-1	29
c11503	0	50	-1	0	23	0	22	0	44	0	-1	0	0	0	0	0	0	8	-1	-1	15	0	-1	50	0	16	-1	-1	-1	29
c11510	-1	13	0	0	23	0	0	0	-1	0	0	22	-1	26	15	35	0	0	42	0	-1	21	7	11	0	-1	0	0	-1	29
c11529	-1	-1	-1	0	23	-1	0	0	0	0	0	-1	0	0	0	0	0	0	0	-1	-1	0	7	0	0	0	0	-1	-1	-1
c11531	15	0	0	0	23	-1	0	0	50	0	0	0	0	-1	0	0	0	-1	0	0	0	29	7	0	0	0	0	0	-1	29
c11533	0	-1	27	0	0	0	-1	-1	0	0	2	-1	0	-1	0	0	-1	-1	0	44	0	0	7	0	27	-1	0	0	-1	29
c11540	12	25	0	0	0	-1	0	-1	-1	0	-1	0	20	23	-1	0	0	-1	-1	0	0	-1	7	-1	-1	35	-1	-1	-1	29
c11543	-1	-1	0	0	23	36	0	0	-1	-1	0	0	17	24	0	37	36	34	-1	0	-1	21	7	0	27	0	0	0	-1	29
c11564	6	-1	0	0	0	27	30	-1	21	37	0	0	-1	23	0	-1	37	-1	0	-1	39	25	-1	0	0	0	-1	-1	0	29
c11569	-1	0	0	23	23	44	0	0	50	50	0	0	17	0	-1	0	0	0	0	0	-1	-1	7	0	27	0	0	0	-1	29
c11572	-1	25	-1	0	0	27	0	-1	-1	-1	39	0	7	23	31	0	0	20	34	0	25	-1	7	-1	0	0	0	-1	0	29
c11588	0	-1	-1	0	-1	27	-1	-1	21	27	-1	0	7	23	0	0	50	-1	0	0	25	0	7	0	-1	0	11	-1	-1	29
c11675	0	17	-1	-1	23	0	0	0	0	0	-1	-1	0	0	0	0	25	26	0	17	24	0	7	-1	-1	0	0	-1	0	29
c11711	24	0	17	0	23	0	0	34	50	-1	-1	0	-1	35	0	24	-1	0	0	0	0	0	-1	-1	17	0	0	-1	0	29
c11717	24	0	0	-1	23	0	47	0	50	0	0	0	50	35	50	-1	0	0	-1	0	0	0	7	0	-1	0	0	19	0	29
c11734	-1	0	0	0	23	0	0	0	0	0	0	-1	0	0	0	0	0	0	44	16	-1	0	7	-1	0	0	0	-1	-1	29
c11746	-1	-1	0	-1	23	-1	0	0	50	0	0	-1	50	-1	0	0	0	0	-1	-1	0	42	7	-1	0	-1	-1	-1	0	29
c11748	0	0	37	-1	-1	27	27	-1	0	31	0	0	0	39	0	0	-1	13	0	0	-1	0	7	0	0	47	0	0	-1	29
c11757	0	0	-1	-1	23	22	-1	0	-1	0	0	21	0	0	34	0	49	0	0	17	8	-1	-1	0	0	0	37	-1	0	29
c11762	0	0	10	0	23	-1	0	0	0	0	0	0	0	0	50	0	0	0	-1	31	0	17	7	0	11	16	-1	0	42	29
c11775	27	25	0	0	-1	-1	-1	-1	-1	0	-1	0	12	23	0	-1	0	0	0	-1	0	-1	7	0	24	0	0	0	44	29
c11788	0	12	-1	0	-1	44	0	0	0	0	19	0	50	42	-1	0	0	0	0	30	49	0	7	15	24	50	0	0	0	29
c11841	0	15	-1	0	23	0	0	-1	-1	0	0	12	0	0	0	0	-1	19	0	17	0	0	-1	0	-1	-1	-1	0	-1	-1
c11851	-1	25	-1	-1	50	32	26	-1	0	0	-1	0	0	0	0	0	44	0	27	-1	27	0	7	0	50	0	0	0	0	29
c11877	6	-1	0	-1	0	27	30	-1	21	37	0	0	-1	-1	0	-1	0	0	0	0	0	0	-1	-1	0	-1	0	-1	0	29
c11891	0	25	-1	0	0	24	26	-1	0	0	27	0	-1	11	42	22	44	-1	-1	0	0	0	7	0	9	0	0	0	-1	29
c11902	0	0	0	-1	23	0	0	0	15	44	-1	36	0	50	44	0	8	0	0	-1	-1	0	7	0	0	0	-1	-1	25	-1
c11908	-1	15	44	0	23	0	27	0	0	0	0	0	-1	0	20	0	0	0	0	-1	0	0	7	0	37	0	-1	23	-1	29
c11909	0	-1	-1	0	23	0	-1	0	0	0	0	0	0	-1	20	0	-1	0	0	17	0	0	7	0	37	-1	-1	23	0	29
c11911	0	-1	0	36	23	-1	-1	0	0	0	0	0	0	0	0	31	49	0	0	17	-1	-1	7	22	24	0	37	24	0	29
c11927	50	25	0	0	0	11	26	-1	0	31	0	0	0	44	36	0	-1	0	20	34	3	0	7	-1	0	34	-1	0	-1	29
c11941	34	0	-1	29	23	43	0	0	0	-1	-1	0	16	0	0	0	0	-1	-1	0	-1	17	-1	0	0	-1	16	44	42	29
c11949	-1	0	0	-1	23	0	0	0	-1	-1	-1	-1	0	0	0	31	0	0	0	-1	-1	44	7	11	0	0	0	-1	-1	29
c11976	-1	0	0	0	23	0	0	8	0	0	0	-1	0	0	0	0	0	0	0	-1	-1	-1	7	0	0	-1	0	-1	-1	29
c11977	-1	0	0	0	23	0	-1	0	0	0	0	-1	0	0	-1	0	-1	35	0	16	-1	44	7	0	0	0	0	-1	-1	29
c11999	36	0	0	0	23	-1	-1	0	-1	0	0	0	0	0	0	0	0	0	0	0	0	0	7	-1	0	50	0	0	0	29
c12025	-1	15	-1	0	23	24	0	-1	0	0	-1	44	0	0	20	0	0	0	0	-1	0	0	7	0	37	0	-1	0	0	29
c12036	-1	12	17	0	0	0	0	0	0	0	0	0	16	42	0	-1	0	0	16	0	0	19	7	16	-1	50	27	0	0	29
c12051	0	0	0	0	-1	0	0	22	34	0	45	0	19	24	0	44	0	-1	0	-1	0	-1	7	-1	-1	0	0	0	0	-1
c12061	-1	41	0	24	23	5	30	0	0	-1	27	-1	0	0	0	0	0	0	0	0	-1	25	7	21	0	0	0	0	-1	29
c12070	-1	0	7	-1	23	0	-1	-1	0	0	-1	-1	-1	0	-1	0	0	0	-1	16	-1	0	7	-1	22	0	0	-1	-1	29
c12123	0	12	-1	0	24	0	0	0	0	0	28	-1	0	42	0	0	-1	0	0	0	-1	-1	7	-1	24	50	0	0	0	29
c12141	0	12	0	29	0	0	0	0	0	-1	0	-1	0	-1	0	0	0	-1	16	-1	17	13	7	-1	-1	50	50	0	0	29
c12162	34	0	-1	0	23	50	0	0	0	0	0	-1	0	0	50	0	0	-1	-1	31	0	-1	7	0	0	16	-1	0	42	29
c12163	34	-1	-1	0	-1	-1	0	-1	0	0	-1	-1	0	0	50	-1	0	-1	-1	-1	0	17	-1	0	0	16	-1	0	42	29
c12183	0	-1	42	0	0	-1	26	-1	0	0	-1	0	-1	-1	27	-1	44	0	24	0	0	-1	-1	0	0	0	0	-1	0	29
c12191	0	0	-1	-1	-1	-1	0	-1	0	0	0	0	19	15	0	44	24	0	-1	0	-1	-1	7	-1	0	-1	-1	0	0	29
c12192	0	0	0	0	23	0	-1	34	0	44	8	0	0	0	44	0	0	0	0	39	-1	-1	-1	0	0	0	22	0	25	29
c12206	-1	0	29	0	-1	0	0	0	0	-1	0	-1	-1	24	-1	44	0	0	0	-1	0	-1	-1	-1	0	0	0	0	0	29
c12212	0	25	-1	0	-1	0	26	-1	-1	-1	0	0	-1	0	0	0	44	44	0	-1	0	-1	7	0	0	0	0	0	-1	29
c12219	-1	12	24	-1	0	20	-1	44	0	0	0	0	0	42	0	0	-1	-1	0	0	0	0	7	36	0	50	27	-1	-1	29
c12220	0	-1	0	0	-1	-1	23	-1	0	42	0	0	19	0	-1	44	25	0	42	-1	0	-1	-1	-1	0	-1	0	0	0	29
c12241	-1	0	0	0	23	0	47	0	-1	0	0	0	50	35	0	0	-1	0	-1	0	0	0	-1	-1	17	-1	-1	0	0	29
c12305	24	0	0	-1	23	0	47	0	50	17	0	0	50	35	0	0	31	-1	0	0	0	0	-1	0	17	13	7	0	-1	29
c12307	-1	12	-1	0	27	0	0	0	0	-1	-1	-1	16	42	0	0	0	0	16	25	-1	19	7	0	24	50	27	-1	0	29
c12309	0	0	0	0	23	0	0	0	34	0	29	0	-1	0	0	0	0	0	-1	0	-1	-1	7	0	0	0	-1	-1	-1	29
c12331	31	-1	0	36	23	-1	0	0	-1	44	0	-1	0	0	-1	0	-1	-1	0	39	-1	0	7	0	0	2	-1	-1	25	29
c12333	36	0	0	0	23	0	36	44	0	0	0	0	0	27	0	0	0	-1	-1	17	0	-1	7	24	39	19	0	0	0	29
c12399	0	0	-1	0	23	0	0	24	0	0	29	-1	1	31	0	31	0	0	-1	0	-1	0	7	0	-1	26	-1	0	-1	-1
c12411	-1	0	0	-1	23	15	0	0	50	0	48	-1	0	0	0	0	0	0	0	0	-1	0	-1	0	0	17	0	-1	0	29
c12422	-1	-1	0	24	23	5	30	0	0	-1	0	-1	0	0	0	0	0	34	0	16	-1	0	7	-1	50	0	0	-1	-1	-1
c12444	0	25	0	-1	0	0	26	-1	6	0	0	0	-1	0	0	0	-1	0	0	0	0	0	7	0	0	-1	0	0	5	29
c12445	0	25	-1	0	0	0	26	-1	6	0	0	0	0	0	0	0	-1	0	0	-1	0	0	7	0	-1	0	0	0	5	29
c12447	0	12	22	0	-1	0	-1	0	-1	0	0	-1	16	42	0	0	0	-1	16	0	-1	19	7	-1	24	50	-1	29	0	29
c12488	0	-1	0	-1	24	30	-1	-1	-1	-1	0	36	-1	0	50	0	0	17	0	17	0	34	7	17	0	0	0	0	0	29
c12489	0	25	0	-1	24	-1	-1	-1	0	-1	0	36	-1	0	50	0	0	17	0	17	0	34	7	17	0	0	0	0	0	29
c12516	0	-1	-1	44	-1	0	0	0	0	0	34	-1	0	-1	-1	0	31	31	0	0	-1	-1	7	0	42	0	-1	44	-1	-1
c12534	-1	0	-1	-1	23	0	-1	-1	-1	0	0	-1	-1	-1	0	0	0	0	-1	47	0	22	7	0	0	0	0	0	0	-1
c12596	-1	0	-1	0	23	0	42	0	-1	-1	0	0	50	35	0	0	0	0	34	0	0	-1	7	0	-1	0	-1	0	0	29
c12597	-1	0	0	0	23	-1	-1	0	-1	38	-1	0	50	-1	0	0	-1	0	-1	0	0	0	7	-1	47	0	0	0	0	29
c12599	-1	25	0	0	0	27	0	-1	21	0	-1	0	7	-1	-1	0	0	-1	-1	11	25	0	7	-1	-1	22	0	-1	0	-1
c12618	24	0	0	-1	-1	16	20	0	50	0	50	27	50	35	-1	0	0	0	-1	0	0	42	7	0	0	0	-1	0	-1	29
c12637	0	0	0	0	23	0	0	-1	0	44	-1	0	-1	0	44	0	0	-1	-1	-1	-1	-1	7	0	0	0	17	0	25	29
c12654	0	25	27	0	0	0	-1	-1	0	0	2	-1	0	8	0	-1	44	0	0	0	0	0	7	0	27	5	22	0	0	29
c12665	27	0	-1	0	23	-1	0	34	0	44	0	0	0	-1	44	0	-1	0	0	39	-1	0	7	49	0	0	0	-1	25	29
c12677	0	27	24	0	23	22	0	0	-1	44	18	-1	0	31	44	-1	-1	0	0	39	-1	0	7	27	0	50	0	0	25	-1
c12689	0	12	0	44	-1	49	0	0	26	17	0	-1	0	42	0	0	0	31	0	-1	49	8	7	15	24	50	0	24	0	29
c12690	0	-1	-1	-1	23	-1	0	0	0	0	-1	0	36	0	0	0	0	0	0	17	0	0	7	0	0	0	0	-1	-1	29
c12695	6	-1	0	-1	0	27	30	-1	-1	37	0	0	-1	23	0	-1	0	34	0	0	0	0	-1	0	0	0	0	-1	0	-1
c12725	-1	-1	-1	0	0	42	0	-1	0	0	0	-1	16	42	0	0	-1	0	16	0	0	19	-1	0	-1	50	27	0	0	29
c12749	36	0	0	0	23	0	0	-1	23	0	0	0	0	0	-1	0	0	-1	-1	0	0	-1	7	0	0	0	0	0	0	29
c12763	0	-1	-1	0	23	0	0	0	38	0	0	0	0	25	0	0	0	0	-1	17	1	0	7	39	37	0	0	0	8	-1
c12768	0	25	0	0	-1	0	26	-1	6	-1	0	-1	42	0	17	0	-1	0	50	0	0	0	-1	0	0	0	0	0	-1	29
c12769	0	25	0	0	0	0	26	-1	6	-1	0	0	-1	0	0	0	-1	0	50	0	-1	0	7	0	0	0	0	0	-1	29
c12790	0	50	-1	44	23	-1	22	0	0	0	0	0	-1	-1	20	0	-1	0	-1	0	-1	0	7	50	0	16	-1	0	42	29
c12800	0	-1	-1	0	0	-1	26	-1	0	21	-1	0	0	0	50	26	44	27	-1	0	0	-1	7	0	0	22	-1	0	48	29
c12801	0	25	-1	0	0	0	26	-1	-1	21	0	0	-1	-1	-1	0	44	27	-1	0	0	-1	7	0	0	-1	-1	-1	48	29
c12815	28	-1	0	-1	23	0	0	0	-1	0	0	47	0	0	0	-1	-1	22	0	0	0	8	7	0	37	0	0	0	50	29
c12831	-1	0	0	0	23	-1	0	-1	50	50	11	-1	17	0	0	0	0	0	0	0	-1	-1	7	0	27	0	0	0	-1	29
c12861	0	24	22	36	23	-1	0	-1	0	-1	0	36	-1	-1	-1	0	-1	50	0	39	-1	0	-1	0	-1	2	-1	0	25	-1
c12862	0	0	0	-1	23	0	35	0	-1	0	44	12	44	0	0	-1	0	0	0	17	0	0	7	-1	37	0	-1	0	0	29
c12875	-1	25	-1	0	-1	27	30	-1	21	0	0	27	0	23	-1	-1	0	0	-1	27	0	-1	7	-1	17	0	0	-1	34	29
c12894	27	25	0	0	0	-1	0	-1	21	0	0	-1	0	-1	0	-1	-1	0	-1	-1	44	0	-1	0	24	0	0	0	0	29
c12957	0	25	0	0	0	-1	26	-1	0	0	-1	0	-1	0	0	0	-1	0	30	-1	0	0	7	0	0	0	-1	0	36	29
c12985	0	12	0	-1	0	24	16	0	-1	0	-1	0	16	42	0	26	-1	0	16	0	21	19	7	-1	24	50	25	-1	0	29
c12992	-1	0	0	0	23	0	0	-1	-1	0	0	-1	0	-1	0	0	0	0	0	16	-1	-1	7	-1	0	0	0	-1	-1	29
c12994	24	0	0	0	23	-1	42	35	-1	0	16	0	-1	-1	0	0	-1	22	0	0	0	0	-1	0	0	-1	-1	0	0	29
c12995	24	0	0	0	23	0	42	-1	-1	0	16	0	50	35	-1	-1	0	22	0	0	0	0	7	0	0	0	0	0	0	29
c13024	-1	13	0	-1	23	0	24	0	50	0	0	37	0	26	15	0	0	-1	-1	-1	-1	21	7	-1	0	0	0	0	-1	29
c13044	0	12	0	29	0	-1	0	0	0	0	0	0	0	42	34	-1	-1	0	16	0	17	13	7	-1	24	50	0	0	17	29
c13052	31	34	0	0	-1	0	48	-1	0	0	0	0	0	0	0	0	0	0	0	0	-1	-1	7	0	-1	35	0	26	-1	29
c13067	0	25	0	0	-1	27	30	-1	21	16	0	27	0	23	0	-1	0	0	0	-1	0	0	7	-1	17	0	-1	0	0	29
c13076	-1	-1	0	46	23	0	0	0	0	-1	29	0	-1	0	0	0	0	0	0	0	-1	-1	7	0	0	0	0	1	-1	-1
c13085	0	25	0	0	-1	-1	-1	-1	6	24	0	0	16	0	0	0	-1	0	0	0	0	0	7	0	0	0	0	0	-1	29
c13086	-1	12	17	0	0	0	0	0	0	-1	0	0	16	42	0	0	0	50	16	-1	0	19	7	0	24	50	0	-1	0	29
c13087	-1	12	17	0	0	0	16	-1	0	0	0	-1	16	42	0	0	0	-1	16	-1	0	19	7	-1	24	-1	0	0	0	-1
c13111	0	-1	44	36	23	0	0	0	-1	28	-1	17	-1	0	39	34	0	0	-1	-1	0	16	-1	0	-1	-1	0	24	24	29
c13138	-1	-1	27	28	23	19	-1	0	50	0	-1	-1	0	35	-1	0	0	0	0	0	1	-1	7	-1	0	0	-1	0	-1	-1
c13148	-1	25	0	0	-1	0	0	-1	24	17	-1	0	36	0	0	-1	0	0	0	0	0	-1	7	-1	-1	27	27	0	-1	29
c13160	24	0	-1	0	23	0	47	0	50	0	0	-1	50	35	50	36	0	0	0	0	0	-1	-1	0	17	31	0	19	-1	29
c13164	0	25	0	-1	0	-1	26	-1	16	0	0	-1	0	0	0	0	44	0	24	0	0	22	7	0	-1	-1	0	0	11	29
c13226	0	37	34	0	-1	-1	23	-1	0	-1	0	-1	19	-1	-1	44	25	7	0	0	-1	-1	7	-1	0	0	-1	-1	50	29
c13245	6	-1	0	0	0	27	30	-1	21	37	0	0	27	23	0	-1	0	0	0	0	-1	-1	-1	0	0	0	0	-1	0	-1
c13253	-1	12	17	-1	0	0	0	32	-1	-1	0	0	16	42	0	0	0	0	-1	0	0	19	7	0	24	50	-1	0	-1	29
c13256	0	0	-1	0	-1	-1	0	-1	0	44	0	36	0	-1	44	0	-1	0	0	39	-1	50	7	0	38	0	0	0	25	29
c13269	0	0	-1	0	23	30	0	0	50	0	0	0	0	-1	0	0	0	0	0	-1	0	0	-1	0	-1	24	0	0	0	29
c13291	0	0	0	0	-1	-1	0	0	0	42	-1	0	19	0	0	-1	-1	24	0	0	-1	-1	7	-1	-1	0	0	-1	8	29
c13300	0	25	0	0	-1	27	30	-1	21	-1	-1	0	0	23	-1	-1	-1	0	0	0	25	0	-1	0	-1	0	0	0	-1	29
c13323	0	-1	0	-1	0	0	0	0	-1	0	4	-1	0	42	-1	-1	-1	44	-1	-1	17	13	7	-1	24	50	50	0	-1	29
c13338	27	25	0	0	0	27	0	-1	21	0	-1	0	0	-1	0	-1	-1	0	0	38	-1	-1	-1	0	-1	0	-1	0	0	29
c13374	44	22	0	-1	23	-1	0	-1	-1	0	44	36	44	0	0	47	-1	0	0	17	0	0	7	0	37	0	0	0	0	-1
c13375	44	22	0	0	23	-1	0	0	0	-1	44	36	44	0	0	47	0	0	0	17	0	0	-1	0	-1	0	0	0	0	-1
c13393	-1	0	-1	0	23	0	-1	24	-1	0	29	0	0	31	0	31	0	0	-1	0	-1	0	-1	0	0	-1	-1	0	-1	-1
c13394	34	-1	10	0	23	0	0	0	0	0	0	0	0	-1	50	-1	-1	0	-1	-1	0	17	7	24	0	16	-1	0	42	29
c13399	0	-1	50	29	0	0	0	-1	0	0	0	-1	0	42	0	0	0	44	16	0	17	-1	7	17	24	50	50	0	-1	-1
c13430	44	25	19	0	44	0	26	-1	0	-1	0	0	0	-1	23	-1	44	0	-1	0	50	0	7	0	-1	-1	23	44	48	29
c13431	0	25	19	-1	44	0	26	-1	-1	21	-1	0	0	12	23	1	44	-1	17	0	50	0	7	-1	0	0	23	-1	48	29
c13438	50	-1	0	11	0	-1	26	-1	0	-1	22	29	0	-1	-1	28	44	0	-1	0	29	0	7	0	0	17	0	0	0	29
c13450	-1	0	44	0	23	39	0	0	38	-1	33	0	0	25	0	-1	0	0	42	-1	34	0	7	0	37	-1	0	-1	0	29
c13490	-1	12	0	29	-1	0	-1	-1	-1	-1	0	0	0	42	0	0	0	0	16	0	17	13	7	30	24	50	0	0	0	29
c13540	0	0	0	0	23	0	-1	37	44	0	44	0	-1	0	0	50	0	-1	0	-1	-1	-1	7	0	47	-1	50	-1	50	-1
c13545	-1	25	24	0	-1	0	26	-1	-1	0	0	0	0	0	0	0	44	-1	0	0	0	0	7	30	0	0	0	-1	0	29
c13546	36	2	0	0	-1	10	0	0	23	28	0	0	0	0	0	-1	-1	0	37	0	-1	31	7	0	-1	0	0	0	-1	29
c13547	36	-1	0	0	23	10	0	0	-1	28	0	0	0	0	0	0	0	0	37	0	0	31	7	0	0	0	0	0	0	29
c13561	-1	25	0	0	-1	0	26	-1	25	0	0	0	0	0	0	0	-1	-1	0	0	0	-1	7	30	0	0	0	0	0	-1
c13572	-1	12	17	0	0	0	0	0	0	0	0	0	16	42	0	0	-1	0	16	20	0	19	7	16	24	50	27	0	-1	29
c13576	-1	12	17	0	0	-1	0	32	0	0	0	0	16	42	0	0	0	0	16	0	0	19	7	0	24	50	-1	0	0	-1
c13595	-1	12	17	0	0	-1	0	0	-1	0	-1	0	16	42	0	0	0	0	16	0	-1	19	7	0	24	50	0	0	0	29
c13614	0	0	0	0	-1	0	25	0	-1	0	0	0	-1	0	-1	44	0	0	44	0	0	-1	7	-1	0	-1	-1	0	0	-1
c13626	-1	12	-1	26	0	0	-1	32	-1	-1	0	0	-1	42	0	0	0	0	-1	0	0	19	7	0	24	50	-1	0	-1	29
c13656	47	0	0	0	-1	-1	0	44	-1	0	0	47	0	-1	27	0	27	19	31	-1	0	8	7	20	37	0	0	0	0	29
c13663	0	44	37	49	23	7	27	11	0	31	0	-1	-1	0	-1	-1	0	-1	-1	27	0	0	7	0	0	-1	0	0	-1	29
c13677	0	25	22	21	0	27	30	-1	21	0	0	0	0	23	-1	-1	0	0	0	0	0	0	7	25	-1	0	0	0	0	29
c13704	0	12	0	29	0	-1	0	0	0	-1	0	-1	0	42	-1	-1	0	36	-1	0	17	13	7	17	24	50	25	0	0	29
c13705	0	12	0	29	0	0	0	0	0	-1	-1	-1	0	-1	0	0	-1	36	16	0	-1	13	7	17	24	50	-1	0	0	29
c13715	-1	-1	0	36	-1	-1	0	-1	0	28	0	0	0	0	0	0	0	0	0	17	0	26	7	-1	0	-1	0	24	24	29
c13719	0	15	-1	-1	23	0	0	-1	0	-1	0	0	-1	0	-1	0	45	0	0	17	-1	0	7	0	37	0	-1	-1	0	29
c13732	0	25	0	0	0	0	26	-1	-1	0	0	-1	0	0	44	-1	44	0	0	0	0	0	-1	0	0	-1	0	-1	0	29
c13733	0	-1	0	0	-1	-1	26	-1	-1	0	0	0	0	0	44	0	44	0	-1	0	0	0	7	0	0	0	0	0	0	-1
c13739	0	-1	0	29	0	0	0	0	-1	-1	16	-1	0	42	0	0	-1	44	-1	0	17	13	7	17	24	50	50	7	-1	29
c13743	0	-1	10	0	23	0	0	0	27	-1	50	0	14	0	0	19	0	0	-1	12	-1	30	7	0	0	16	-1	-1	42	29
c13744	-1	24	37	-1	-1	0	0	-1	-1	0	0	0	0	0	0	-1	0	19	31	17	0	0	7	0	37	48	0	0	0	29
c13753	47	-1	37	-1	23	29	0	0	0	-1	-1	0	-1	-1	0	0	0	19	-1	17	31	0	7	27	-1	0	0	0	0	-1
c13760	0	0	0	0	23	0	0	0	0	0	0	17	-1	0	-1	0	0	-1	31	-1	-1	0	7	-1	0	0	0	-1	25	29
c13762	-1	30	0	50	23	0	0	0	-1	0	27	0	50	-1	0	44	0	37	0	0	0	42	7	-1	0	-1	-1	0	44	29
c13765	0	0	-1	0	23	0	-1	0	-1	22	-1	0	-1	50	31	0	-1	0	0	0	0	0	-1	-1	0	-1	-1	0	8	-1
c13774	-1	0	0	0	-1	50	-1	0	0	0	-1	29	35	0	0	0	0	0	0	17	0	0	-1	0	37	0	50	0	0	29
c13812	36	0	0	0	23	0	36	50	23	-1	0	0	0	0	25	0	0	-1	0	0	27	0	7	30	-1	44	0	0	0	-1
c13814	0	0	-1	0	23	0	0	19	0	-1	0	0	0	0	0	0	0	-1	0	17	0	0	7	0	37	0	0	0	0	29
c13816	36	0	0	0	23	0	36	-1	0	0	-1	0	-1	27	0	0	0	0	0	17	-1	0	7	24	39	19	-1	-1	0	29
c13824	0	25	23	-1	0	-1	30	-1	21	37	-1	0	0	23	0	-1	-1	0	0	0	-1	-1	7	0	0	17	0	30	0	-1
c13832	0	12	-1	11	0	-1	0	0	-1	0	-1	0	-1	42	13	-1	0	50	16	-1	0	19	-1	-1	24	50	32	-1	0	29
c13833	0	12	0	11	0	0	0	-1	0	0	-1	0	16	-1	13	-1	0	50	16	0	0	19	7	0	24	50	-1	0	0	29
c13874	-1	12	17	0	0	0	0	0	0	0	0	0	16	42	0	-1	0	-1	-1	0	-1	19	7	16	24	-1	27	-1	-1	29
c13880	-1	25	0	0	0	27	0	-1	21	0	0	0	0	-1	0	-1	0	0	0	0	-1	0	7	0	24	0	0	-1	0	29
c13890	0	27	44	-1	23	0	0	0	0	0	-1	0	24	0	50	0	0	0	0	-1	24	0	7	23	37	0	0	0	0	-1
c13892	-1	-1	-1	-1	23	0	0	0	0	0	0	-1	-1	0	0	0	-1	-1	0	16	-1	0	7	36	0	-1	7	-1	-1	29
c13909	0	15	44	0	23	0	0	0	0	0	0	12	-1	0	0	0	45	0	-1	17	-1	0	7	0	37	0	-1	0	-1	29
c13919	6	25	0	0	0	27	30	-1	21	37	0	0	0	23	0	-1	0	34	0	0	39	-1	-1	0	-1	0	0	-1	-1	29
c13920	0	25	-1	0	-1	-1	0	0	0	0	29	-1	8	0	24	22	50	0	44	0	-1	0	7	0	0	0	0	1	-1	29
c13924	0	-1	0	0	-1	0	-1	0	0	0	-1	0	19	-1	0	44	0	0	0	0	12	-1	7	-1	0	0	-1	0	-1	29
c13954	-1	0	0	0	-1	0	0	0	15	0	0	12	19	0	19	44	0	-1	0	0	0	-1	7	-1	0	0	0	0	0	29
c13997	0	-1	-1	36	23	0	0	-1	0	44	0	36	0	-1	44	0	0	50	-1	39	-1	0	7	0	0	2	-1	0	25	29
c13999	24	27	0	-1	-1	-1	42	2	-1	0	0	-1	50	-1	-1	0	-1	-1	0	-1	24	0	7	0	0	-1	0	0	17	-1
c14005	-1	25	0	0	0	0	26	-1	6	0	0	0	0	0	24	0	-1	0	0	0	28	-1	7	-1	0	5	0	-1	0	29
c14046	0	12	24	-1	0	0	-1	-1	21	0	7	-1	0	42	0	-1	-1	-1	0	0	-1	-1	7	15	24	50	-1	-1	0	29
c14117	0	0	-1	-1	-1	0	-1	0	22	0	0	0	0	-1	0	-1	31	-1	-1	17	0	45	7	31	37	-1	-1	42	-1	29
c14133	0	25	-1	0	36	0	26	-1	0	0	36	0	27	16	2	0	44	0	-1	0	0	-1	7	30	0	0	0	0	0	29
c14141	27	-1	0	49	23	-1	30	0	0	8	0	0	0	44	-1	-1	0	17	0	0	0	36	-1	0	0	0	0	28	-1	29
c14155	-1	0	0	0	23	44	45	0	50	50	0	0	17	-1	28	-1	0	0	0	-1	-1	21	7	0	27	0	0	0	-1	29
c14178	0	25	27	0	0	0	26	-1	0	0	2	-1	0	8	0	34	44	0	0	0	0	-1	7	0	0	23	0	0	0	29
c14194	0	0	0	36	23	0	0	47	0	44	0	36	-1	0	44	0	-1	-1	-1	39	-1	0	7	0	0	2	-1	0	25	29
c14195	0	-1	0	36	23	-1	0	47	0	44	0	36	0	0	44	0	-1	-1	0	39	-1	0	7	0	0	2	-1	-1	-1	29
c14205	27	-1	0	0	0	-1	0	-1	21	0	0	0	0	-1	0	-1	0	-1	-1	0	-1	0	7	0	24	0	-1	36	0	29
c14209	36	0	0	0	-1	0	0	0	0	0	0	0	-1	-1	0	0	0	-1	0	-1	0	-1	7	0	0	0	0	0	50	29
c14212	-1	44	37	49	23	0	27	11	0	-1	0	0	0	0	0	0	0	-1	0	0	-1	0	7	0	0	44	0	0	0	29
c14256	-1	12	17	-1	0	0	-1	0	0	-1	-1	-1	16	42	0	0	-1	0	16	0	0	-1	-1	0	-1	50	-1	0	0	29
c14264	-1	-1	0	36	23	0	37	33	-1	-1	-1	-1	0	-1	0	0	0	0	0	17	-1	-1	7	0	0	-1	0	-1	24	-1
c14288	0	25	0	0	0	0	26	-1	6	-1	-1	0	0	-1	-1	-1	44	0	0	0	0	0	7	0	37	0	-1	-1	-1	29
c14289	0	25	0	0	0	0	26	-1	6	0	0	0	-1	0	8	50	44	0	-1	0	-1	0	-1	0	37	0	0	0	0	29
c14293	24	0	30	-1	23	-1	-1	35	-1	0	0	-1	-1	35	-1	-1	0	22	0	0	0	-1	7	0	0	0	-1	-1	0	29
c14299	-1	44	37	49	23	0	27	-1	0	31	-1	42	-1	0	-1	0	-1	-1	0	0	-1	0	7	0	50	0	0	0	-1	29
c14300	27	0	24	0	23	0	0	34	0	44	-1	0	0	0	44	0	-1	0	0	39	-1	0	7	-1	0	0	0	-1	25	29
c14320	0	24	0	36	-1	0	-1	17	0	0	27	0	-1	0	-1	0	-1	0	-1	17	0	-1	7	-1	0	0	0	24	0	29
c14350	0	25	0	-1	0	0	-1	-1	6	0	0	-1	0	-1	0	0	-1	0	0	0	0	0	7	-1	0	0	0	0	0	29
c14351	0	-1	-1	-1	0	0	26	-1	-1	0	-1	0	0	0	0	0	-1	0	-1	-1	0	0	7	0	-1	0	0	0	0	29
c14378	0	-1	26	0	23	25	0	0	28	0	-1	38	0	-1	0	0	0	8	-1	0	0	-1	7	0	0	-1	50	0	0	29
c14386	36	0	0	0	23	0	36	0	0	0	0	-1	0	-1	0	0	0	0	0	17	0	17	7	24	39	19	0	0	-1	29
c14414	24	-1	0	0	23	0	42	22	-1	-1	0	0	50	35	0	0	0	0	0	0	0	-1	7	-1	12	0	0	0	0	-1
c14418	-1	27	0	0	-1	0	0	44	0	44	0	50	0	0	44	0	-1	0	0	39	-1	0	7	0	8	50	-1	0	25	29
c14482	24	0	-1	-1	23	16	-1	0	50	0	50	-1	50	-1	15	0	-1	0	-1	-1	-1	-1	7	0	-1	-1	-1	0	0	29
c14504	0	15	44	0	23	0	0	-1	0	-1	0	12	0	0	0	0	-1	0	0	17	0	-1	7	0	37	0	-1	0	0	-1
c14505	0	-1	44	0	23	0	-1	0	0	0	-1	12	0	0	0	0	45	-1	0	17	0	-1	7	0	-1	0	-1	-1	0	-1
c14517	27	-1	0	0	0	27	-1	-1	21	0	-1	0	0	-1	-1	-1	0	0	0	0	0	0	7	0	24	0	0	0	0	29
c14527	0	0	0	-1	-1	0	0	-1	48	0	0	0	19	24	-1	44	0	-1	0	0	0	-1	7	-1	0	0	0	0	-1	29
c14534	-1	12	0	29	50	-1	-1	0	-1	44	-1	-1	0	42	14	-1	-1	0	16	-1	-1	13	7	0	24	50	0	-1	0	-1
c14539	-1	0	29	0	-1	0	0	0	0	0	-1	-1	19	24	-1	44	-1	0	0	0	-1	-1	-1	-1	0	-1	0	0	0	29
c14546	-1	-1	44	0	23	34	-1	-1	38	-1	0	0	47	25	0	0	-1	-1	-1	17	0	-1	7	39	37	-1	0	0	-1	29
c14566	0	-1	-1	0	23	-1	0	0	0	44	0	-1	0	-1	-1	50	-1	-1	0	39	-1	0	-1	-1	0	50	-1	-1	-1	29
c14567	0	-1	0	0	23	22	0	-1	0	44	0	0	0	0	-1	50	0	-1	0	39	-1	0	7	0	0	-1	0	0	25	-1
c14571	24	0	0	50	23	-1	0	0	50	-1	-1	0	50	35	0	0	0	0	0	25	-1	42	7	0	0	0	-1	-1	22	29
c14597	-1	0	-1	24	23	5	-1	-1	0	0	0	-1	0	0	-1	0	0	-1	0	-1	-1	0	7	0	-1	0	0	0	-1	-1
c14599	-1	12	17	0	0	0	0	0	0	-1	0	0	16	42	0	0	0	0	16	0	0	19	-1	0	24	50	0	35	0	29
c14602	47	0	0	0	-1	-1	0	0	0	42	22	0	19	-1	0	44	0	-1	0	0	0	-1	7	-1	-1	-1	0	-1	0	-1
c14610	24	0	0	-1	23	16	0	0	-1	0	50	27	50	35	-1	-1	0	0	0	-1	0	42	7	0	-1	0	-1	0	0	29
c14616	0	0	0	0	23	0	0	34	0	44	38	0	22	-1	-1	24	-1	0	35	-1	-1	0	7	0	0	-1	0	-1	25	29
c14617	0	0	0	0	23	-1	0	34	0	44	-1	0	22	0	44	24	0	-1	-1	-1	-1	0	7	0	0	0	0	0	-1	29
c14627	-1	-1	44	22	23	0	30	0	0	0	0	-1	0	0	-1	0	0	0	0	0	-1	0	7	29	-1	0	0	-1	-1	29
c14654	0	-1	36	0	23	0	-1	0	-1	-1	-1	0	0	-1	-1	0	0	36	0	0	-1	-1	7	0	0	0	0	-1	-1	-1
c14662	0	-1	0	36	23	-1	-1	0	0	28	0	-1	0	0	0	-1	0	0	0	17	0	0	7	-1	-1	-1	0	24	24	-1
c14715	12	-1	0	-1	44	27	0	-1	21	0	0	0	20	-1	0	0	0	0	-1	0	0	0	-1	0	0	0	-1	-1	-1	29
c14725	-1	-1	0	0	37	-1	-1	-1	-1	0	-1	0	20	23	0	0	0	0	0	-1	0	0	7	0	-1	35	0	-1	-1	29
c14767	-1	12	17	0	0	0	-1	0	0	0	0	0	-1	-1	0	0	-1	0	16	0	0	19	7	0	24	50	0	0	27	29
c14769	0	50	10	0	23	-1	22	0	0	0	-1	0	0	0	0	0	24	0	-1	-1	-1	0	7	0	0	16	-1	0	42	29
c14774	-1	-1	24	36	23	0	-1	0	-1	-1	-1	0	-1	-1	0	0	0	0	0	-1	34	-1	7	0	22	0	0	24	0	29
c14782	24	-1	0	50	23	0	0	0	-1	0	0	0	50	-1	0	0	0	0	-1	0	0	42	7	0	-1	35	-1	-1	0	-1
c14793	0	0	0	0	23	0	0	0	0	17	-1	0	0	0	0	21	-1	0	-1	24	0	34	-1	-1	0	0	39	0	50	29
c14800	12	25	0	0	-1	27	0	-1	-1	0	-1	0	-1	23	0	-1	0	0	-1	0	17	0	-1	0	0	35	-1	-1	-1	-1
c14843	0	25	27	0	0	-1	26	-1	0	-1	2	44	0	26	-1	26	44	0	0	0	-1	-1	7	0	0	0	-1	-1	0	29
c14844	-1	0	0	0	23	4	36	-1	-1	50	0	0	0	0	31	0	31	-1	0	0	-1	-1	7	0	27	0	0	0	-1	29
c14866	0	-1	24	-1	-1	0	0	0	0	-1	0	0	0	-1	0	29	0	27	17	17	36	0	7	0	0	0	0	24	0	29
c14883	29	-1	44	16	23	0	0	7	0	-1	0	0	0	0	0	25	0	0	0	17	0	0	7	0	37	0	50	31	0	29
c14887	-1	0	-1	0	23	0	0	-1	50	22	-1	0	50	35	-1	0	27	17	0	0	0	0	7	-1	0	0	0	-1	-1	29
c14894	24	0	30	0	23	0	42	35	-1	0	0	0	50	35	11	0	0	22	0	0	-1	0	7	-1	0	0	0	0	12	29
c14901	-1	0	0	0	23	0	0	-1	23	28	0	0	-1	-1	0	-1	0	0	37	0	-1	31	7	0	0	-1	0	-1	0	29
c14951	-1	12	17	0	0	0	-1	0	0	0	0	-1	16	42	-1	0	0	-1	-1	24	0	19	7	0	24	50	35	35	0	29
c14968	-1	0	44	-1	23	0	-1	0	0	0	0	-1	0	0	0	25	0	0	-1	16	-1	44	7	-1	-1	39	0	-1	-1	29
c14970	0	12	0	11	0	0	-1	-1	0	0	-1	0	16	42	13	0	0	50	16	0	0	19	-1	0	24	50	-1	0	0	29
c14971	0	12	-1	11	0	0	0	0	0	0	0	0	16	-1	13	0	0	50	-1	0	0	19	-1	0	24	50	32	0	0	-1
c14974	44	-1	-1	49	-1	0	27	-1	0	31	0	0	0	0	0	-1	0	-1	-1	0	0	0	-1	0	0	-1	-1	0	0	29
c14981	-1	25	0	0	-1	-1	0	-1	21	0	0	44	34	23	0	-1	0	0	-1	-1	8	0	-1	0	-1	0	0	-1	0	29
c14985	0	49	0	-1	23	0	0	0	0	-1	39	-1	27	0	-1	-1	0	0	0	0	0	0	7	0	0	12	0	27	50	29
c15014	0	-1	-1	44	23	0	-1	0	0	0	0	0	0	0	20	0	0	0	-1	0	15	0	7	-1	0	16	-1	0	-1	29
c15040	0	15	44	0	23	15	-1	-1	-1	0	-1	12	0	0	0	0	-1	0	0	17	0	0	7	0	37	0	-1	0	0	29
c15051	0	25	-1	0	0	27	0	-1	21	27	0	0	7	23	0	0	-1	20	0	0	25	0	7	0	0	0	11	46	-1	29
c15065	0	50	10	-1	23	17	22	0	0	-1	0	0	0	0	-1	-1	-1	0	-1	0	15	0	7	-1	0	16	-1	0	42	29
c15086	22	-1	44	0	23	0	-1	-1	27	0	0	0	0	25	0	0	36	-1	27	17	50	17	7	0	-1	0	-1	44	0	-1
c15089	24	-1	30	0	23	0	-1	35	-1	0	-1	-1	50	-1	0	-1	0	22	-1	-1	0	0	7	0	0	0	0	0	0	29
c15115	-1	12	24	-1	0	20	-1	44	0	0	23	-1	0	42	29	0	-1	0	22	33	0	0	7	36	-1	50	0	35	12	29
c15116	34	0	0	0	23	0	0	-1	-1	-1	0	0	-1	0	-1	0	0	17	-1	0	0	17	-1	-1	0	16	16	0	42	29
c15119	36	0	0	0	23	8	0	-1	23	0	0	28	-1	-1	-1	0	0	-1	17	0	12	0	-1	0	30	-1	-1	0	0	-1
c15123	12	-1	35	0	-1	0	44	44	0	0	0	0	17	42	-1	-1	-1	0	-1	0	49	-1	7	-1	24	50	-1	28	0	29
c15139	24	0	-1	0	23	0	0	-1	50	16	-1	-1	-1	35	-1	17	0	-1	0	24	-1	-1	7	-1	50	24	0	12	42	29
c15161	-1	12	17	0	-1	0	-1	32	0	44	-1	0	16	42	0	19	0	0	-1	0	0	19	-1	0	24	50	0	0	-1	29
c15188	15	0	0	0	23	0	0	0	-1	0	29	0	-1	0	0	0	-1	0	26	0	19	0	7	-1	0	39	26	0	0	29
c15206	0	25	27	0	0	0	-1	-1	0	0	2	-1	-1	8	0	0	44	0	0	44	0	0	-1	0	27	0	0	0	0	-1
c15207	-1	25	27	0	0	0	-1	-1	0	0	2	-1	0	-1	0	-1	44	-1	0	44	0	-1	7	-1	27	-1	0	0	0	29
c15214	0	-1	24	36	23	16	17	-1	0	44	0	0	0	19	0	0	0	0	0	17	0	0	7	0	-1	-1	0	24	0	29
c15221	29	0	0	36	-1	0	-1	0	0	0	0	-1	0	0	0	31	49	-1	0	-1	0	-1	-1	0	0	0	37	24	0	29
c15230	0	0	0	36	23	0	-1	17	0	0	50	0	20	0	0	0	0	0	0	17	0	0	-1	8	-1	0	0	24	-1	-1
c15242	-1	25	-1	-1	8	24	-1	-1	0	0	0	0	30	1	42	0	44	17	0	0	0	-1	-1	-1	0	0	0	0	17	29
c15265	36	0	37	-1	-1	37	-1	0	0	31	0	0	31	39	0	-1	0	-1	-1	0	-1	0	7	0	0	47	0	0	0	29
c15288	-1	-1	-1	0	23	25	0	-1	-1	0	-1	-1	0	0	-1	0	0	0	32	0	44	44	7	0	0	0	36	-1	0	29
c15294	6	25	0	50	0	27	30	-1	21	37	30	0	-1	23	-1	-1	0	34	0	-1	0	0	-1	0	48	34	-1	-1	0	29
c15295	6	25	0	-1	0	27	30	-1	-1	37	30	0	0	23	-1	-1	0	34	0	0	0	0	-1	0	48	34	0	-1	-1	29
c15297	0	30	-1	0	-1	50	42	0	0	0	21	-1	0	0	0	0	0	0	0	30	29	0	-1	0	-1	-1	0	0	0	29
c15307	0	-1	0	0	23	32	0	0	-1	0	-1	-1	-1	0	-1	0	36	-1	0	0	0	0	7	0	31	0	0	0	-1	29
c15337	-1	27	-1	0	23	-1	0	-1	0	44	0	0	0	0	44	0	0	0	-1	39	-1	0	7	0	-1	50	0	0	25	-1
c15347	24	0	-1	0	23	0	0	0	50	-1	0	-1	50	35	0	49	-1	0	0	17	-1	-1	-1	0	0	24	-1	46	0	29
c15377	0	25	11	0	27	32	26	-1	0	0	0	0	44	0	21	0	-1	0	36	50	0	-1	-1	-1	-1	0	-1	20	-1	-1
c15378	-1	0	44	0	-1	-1	0	0	38	0	0	0	34	25	0	0	0	0	42	17	0	0	7	0	37	0	0	22	0	29
c15379	-1	0	-1	0	23	-1	0	0	38	-1	0	0	34	25	-1	0	-1	0	42	17	0	0	7	0	37	-1	0	22	0	29
c15385	-1	13	0	0	-1	-1	24	0	50	0	0	37	0	26	-1	-1	0	-1	42	0	-1	21	-1	0	0	0	0	0	-1	29
c15404	0	0	0	0	23	0	0	0	0	-1	29	0	0	0	0	0	0	0	0	38	-1	22	-1	0	0	0	0	0	-1	-1
c15406	30	-1	0	0	23	0	36	34	0	44	34	0	32	27	-1	0	0	0	0	39	-1	22	7	-1	0	0	0	0	25	29
c15414	0	0	44	0	23	0	0	50	38	0	-1	-1	22	0	0	-1	-1	0	0	17	0	-1	7	0	37	0	0	34	-1	-1
c15438	24	-1	22	0	23	-1	42	0	-1	0	0	0	50	35	0	-1	-1	0	0	0	17	0	7	0	0	0	0	0	0	29
c15448	36	8	0	-1	-1	0	0	25	0	0	-1	0	8	0	0	0	-1	0	0	0	0	0	7	-1	39	0	0	0	30	29
c15449	36	8	-1	0	-1	0	0	25	0	0	-1	0	8	0	0	-1	0	0	-1	0	0	0	-1	-1	-1	0	0	0	30	29
c15451	0	0	22	42	23	-1	38	-1	0	0	29	-1	0	-1	0	0	0	-1	0	38	-1	22	-1	-1	0	0	0	0	-1	29
c15476	-1	-1	42	0	-1	-1	26	-1	0	0	34	0	-1	-1	0	0	-1	0	24	0	0	0	7	30	0	0	0	0	28	29
c15477	0	-1	42	0	0	-1	-1	-1	0	0	34	0	-1	0	0	0	44	0	24	0	0	0	7	30	-1	0	0	0	28	29
c15485	0	-1	44	0	23	0	0	-1	22	28	-1	0	0	27	13	0	0	-1	22	17	-1	44	7	0	37	-1	0	0	0	29
c15493	24	-1	0	-1	23	0	-1	0	50	0	0	-1	50	35	0	0	0	-1	0	0	0	17	7	44	0	0	0	12	22	29
c15502	-1	12	17	7	0	21	0	15	0	0	-1	0	16	42	0	0	0	0	16	0	-1	19	7	0	-1	50	0	32	0	29
c15526	24	-1	0	-1	23	0	0	0	-1	0	27	0	50	-1	0	44	0	37	0	0	0	42	7	0	0	0	-1	0	0	29
c15527	24	30	-1	50	23	0	0	0	50	0	27	0	50	35	0	44	0	37	-1	0	26	42	7	0	0	0	-1	0	0	29
c15534	0	25	0	0	0	27	30	-1	21	16	0	-1	0	23	0	-1	-1	0	0	-1	0	17	7	-1	17	0	16	0	-1	29
c15568	0	12	0	29	0	0	0	-1	-1	44	-1	-1	0	42	0	33	19	0	16	0	-1	13	-1	17	24	50	50	27	0	29
c15585	0	0	44	0	23	-1	-1	34	38	0	0	0	0	25	0	0	0	0	42	17	31	29	7	0	37	0	0	0	-1	29
c15599	0	-1	0	0	0	35	16	0	-1	0	0	0	16	42	0	0	0	-1	16	0	-1	-1	7	0	24	-1	-1	0	22	29
c15617	16	12	24	50	0	20	0	44	0	0	0	0	1	42	0	0	31	35	0	0	0	0	7	36	0	50	37	35	12	29
c15628	-1	12	17	0	0	0	0	0	26	-1	-1	0	-1	42	0	19	19	0	16	0	22	19	7	44	24	-1	-1	25	0	29
c15653	-1	12	17	0	0	25	-1	0	-1	-1	8	0	16	42	0	0	-1	13	16	0	0	19	7	0	24	50	-1	-1	-1	29
c15656	0	0	0	0	23	0	0	0	0	-1	29	0	32	0	-1	0	0	17	0	38	-1	0	7	42	44	27	0	0	-1	29
c15672	36	0	0	0	23	0	0	0	23	28	-1	-1	0	0	0	0	0	-1	37	0	0	31	7	-1	0	27	0	0	0	-1
c15674	6	25	0	-1	0	27	-1	-1	21	37	0	21	0	-1	0	-1	0	34	0	0	39	25	-1	-1	0	0	0	-1	0	29
c15680	24	0	-1	0	23	0	0	0	-1	0	-1	0	50	35	0	7	0	0	17	0	17	0	7	-1	0	-1	0	12	0	29
c15682	0	34	0	0	23	0	0	24	0	0	0	0	0	0	0	-1	-1	0	-1	0	-1	27	7	0	0	0	0	0	25	29
c15687	0	-1	24	36	23	0	0	0	0	0	0	0	-1	0	0	-1	-1	27	17	17	-1	26	7	0	-1	-1	-1	24	-1	29
c15697	0	-1	0	-1	0	-1	26	-1	0	0	0	0	-1	44	0	50	44	24	-1	34	36	0	7	0	-1	0	27	0	26	29
c15706	0	25	0	-1	0	-1	-1	-1	16	0	0	-1	0	0	0	0	44	-1	24	0	0	22	7	0	47	0	0	0	0	29
c15707	0	-1	0	0	0	-1	-1	-1	16	0	-1	-1	0	0	0	-1	44	0	24	0	0	22	7	0	47	0	0	0	-1	29
c15708	0	0	0	-1	23	0	0	0	0	-1	0	-1	0	-1	44	0	8	0	-1	39	-1	0	7	-1	0	-1	0	0	25	29
c15738	0	12	-1	0	0	35	16	0	0	19	0	0	16	-1	0	16	0	-1	16	0	-1	19	7	0	24	50	0	0	0	29
c15743	0	0	0	0	-1	0	0	0	0	0	0	0	19	24	0	-1	-1	-1	0	0	0	-1	7	-1	0	0	0	30	-1	29
c15749	0	0	0	0	-1	0	22	-1	-1	0	0	0	-1	24	0	44	-1	-1	-1	0	0	-1	7	-1	10	-1	0	0	0	29
c15751	0	12	19	0	24	0	0	0	12	12	0	0	27	42	0	0	0	0	44	-1	49	13	7	15	24	50	0	42	-1	29
c15756	36	25	0	-1	24	29	0	-1	0	0	0	-1	-1	0	-1	0	0	17	0	17	0	0	7	17	31	-1	0	0	22	29
c15781	0	0	44	0	23	0	0	30	50	31	0	0	0	0	-1	-1	-1	0	-1	-1	0	38	7	19	39	0	-1	0	0	29
c15788	0	-1	0	-1	39	0	26	-1	-1	0	17	0	0	-1	0	17	44	0	0	34	0	-1	7	0	50	0	27	0	0	29
c15796	-1	44	34	0	23	0	0	0	50	0	0	0	0	0	36	-1	-1	0	-1	35	0	36	7	0	0	-1	0	0	0	29
c15810	24	0	0	-1	23	-1	0	-1	50	22	0	0	50	35	0	50	0	0	0	44	0	42	7	0	0	-1	-1	0	0	29
c15820	27	25	-1	0	27	27	0	-1	21	0	0	0	0	23	-1	-1	0	0	0	0	-1	0	7	0	24	-1	0	0	0	29
c15822	-1	-1	0	0	23	-1	47	-1	50	0	0	0	50	35	50	36	0	0	0	0	-1	0	7	0	17	0	-1	-1	0	29
c15823	24	-1	0	0	23	0	47	34	-1	-1	0	0	50	35	50	36	0	0	0	0	0	0	-1	0	17	0	0	19	0	29
c15825	0	-1	0	0	23	0	0	0	15	44	0	36	0	50	44	-1	8	-1	0	39	-1	0	7	0	0	-1	0	-1	-1	29
c15826	0	25	-1	-1	0	0	26	-1	6	-1	-1	-1	-1	0	0	0	-1	0	50	-1	0	0	7	-1	0	-1	0	0	0	29
c15827	0	25	0	0	0	0	26	-1	6	0	0	-1	0	0	0	-1	-1	-1	50	0	0	0	-1	0	0	0	0	0	0	29
c15840	0	25	11	0	27	32	26	-1	-1	0	0	0	44	-1	21	0	44	0	36	50	44	-1	7	0	-1	0	0	0	0	-1
c15841	0	25	11	0	-1	32	26	-1	0	0	0	-1	44	-1	21	0	44	0	-1	50	44	0	-1	-1	0	0	0	0	-1	29
c15843	0	-1	-1	0	0	32	26	-1	16	27	0	0	-1	0	-1	0	44	0	-1	0	-1	0	7	33	-1	0	0	0	0	29
c15845	0	0	-1	0	23	0	0	0	-1	44	0	0	36	0	44	0	0	0	0	-1	-1	-1	7	0	44	0	44	-1	25	29
c15846	0	12	0	0	0	35	16	0	0	-1	0	0	16	-1	-1	0	0	-1	16	-1	-1	19	7	0	24	-1	0	0	22	29
c15848	0	-1	0	29	-1	0	0	0	36	-1	0	0	30	42	14	0	-1	-1	16	50	-1	13	7	0	24	50	31	-1	0	29
c15869	0	-1	42	0	-1	-1	26	-1	0	0	-1	0	-1	0	27	24	44	0	-1	0	0	0	-1	0	0	-1	0	-1	0	29
c15870	27	25	0	0	0	27	0	-1	21	-1	0	-1	0	23	0	-1	0	0	0	0	0	0	7	0	24	0	0	0	0	29
c15871	27	25	0	0	-1	27	-1	-1	21	-1	-1	0	0	23	0	-1	0	0	0	0	0	0	-1	0	24	0	0	0	0	-1
c15883	0	-1	0	29	39	0	-1	0	0	0	0	0	0	-1	0	0	44	0	16	0	17	-1	-1	0	-1	-1	36	0	-1	29
c15893	0	0	0	0	-1	0	0	34	0	44	8	0	0	0	44	0	0	0	0	-1	-1	0	7	0	21	0	22	0	25	29
c15905	0	34	-1	0	23	0	0	24	0	0	0	0	0	0	0	-1	-1	0	-1	0	-1	27	7	0	0	0	0	0	-1	29
c15916	0	44	37	49	23	0	27	0	0	31	31	-1	-1	0	0	0	0	-1	0	0	0	0	7	0	0	0	0	-1	0	29
c15932	27	25	0	0	0	27	0	-1	-1	0	-1	44	0	23	0	-1	0	0	0	17	0	0	7	44	24	0	0	0	44	29
c15938	0	15	44	0	23	24	0	-1	0	0	0	44	0	0	20	-1	0	0	0	17	0	0	7	0	37	0	-1	0	0	29
c15950	24	0	0	0	23	-1	42	15	-1	0	0	-1	50	35	0	0	0	-1	0	0	0	0	-1	0	0	0	0	0	0	-1
c15951	24	-1	-1	0	-1	0	42	15	-1	0	-1	0	50	35	0	0	0	0	0	0	0	0	7	0	0	-1	0	0	0	-1
c15963	6	25	0	0	0	-1	-1	-1	21	37	0	-1	0	23	-1	-1	0	-1	-1	0	39	25	-1	0	0	0	8	-1	0	29
c15972	-1	0	10	0	-1	-1	22	-1	30	-1	0	0	0	0	0	0	0	11	-1	0	0	0	7	0	0	16	-1	0	42	29
c15986	24	-1	0	0	23	0	47	0	50	0	0	-1	50	35	-1	36	0	-1	0	0	0	0	7	0	17	0	0	-1	0	29
c15988	0	-1	-1	0	0	0	26	-1	41	0	2	-1	-1	-1	0	-1	44	0	0	-1	0	-1	7	0	27	-1	0	0	0	29
c15989	-1	25	27	0	0	0	26	-1	0	0	-1	-1	0	8	0	0	44	0	0	0	0	0	-1	0	-1	0	0	0	0	29
c16042	0	25	0	-1	0	-1	26	-1	16	-1	0	0	0	0	0	0	44	0	-1	0	0	22	7	0	47	0	0	0	11	29
c16044	-1	12	0	29	39	0	0	0	-1	0	0	0	0	-1	0	0	-1	0	16	0	17	13	-1	30	-1	50	0	-1	0	29
c16051	-1	-1	0	-1	23	0	0	0	0	0	0	34	44	0	0	24	0	17	0	-1	-1	0	7	0	0	0	-1	10	25	29
c16054	13	-1	0	0	-1	-1	35	-1	24	-1	0	0	36	-1	12	0	0	0	-1	-1	-1	-1	7	0	-1	0	0	0	-1	29
c16088	0	-1	44	0	-1	0	0	0	0	44	31	0	0	0	0	20	0	-1	-1	17	8	0	-1	25	37	0	-1	0	0	29
c16098	24	-1	0	0	23	22	0	0	50	0	0	0	50	35	0	0	0	0	36	-1	17	16	-1	0	0	0	0	24	0	29
c16100	24	0	0	35	23	0	0	21	-1	44	0	-1	16	0	44	0	0	26	0	39	-1	0	7	0	0	0	36	0	25	29
c16101	24	0	0	35	23	0	-1	21	-1	44	0	36	16	0	-1	0	0	26	-1	39	-1	0	-1	0	0	0	36	0	25	29
c16137	-1	0	-1	0	23	0	0	10	-1	0	0	0	0	0	31	0	21	0	0	17	0	22	7	-1	37	0	0	0	0	29
c16147	24	-1	0	0	23	0	-1	0	-1	0	0	0	50	35	0	49	0	-1	0	0	0	0	-1	0	0	0	0	0	0	29
c16150	0	-1	0	0	-1	0	25	0	0	0	0	0	19	0	-1	44	0	0	44	0	-1	-1	-1	-1	0	0	-1	0	0	-1
c16167	-1	-1	-1	0	0	0	0	0	-1	50	-1	0	16	42	0	19	0	0	16	0	0	19	7	44	24	50	0	-1	0	29
c16168	27	25	-1	0	-1	27	-1	-1	21	0	0	-1	0	23	0	-1	0	-1	31	0	-1	0	7	50	24	-1	50	0	0	29
c16173	-1	-1	-1	-1	23	0	0	0	-1	0	0	0	-1	0	-1	-1	0	0	0	-1	0	11	7	-1	0	0	0	24	0	-1
c16178	0	25	-1	-1	50	32	-1	-1	-1	-1	-1	0	0	0	0	0	44	0	-1	0	27	0	7	48	50	0	0	-1	0	29
c16182	0	0	26	0	23	25	0	0	0	0	0	0	0	0	0	42	-1	0	28	0	0	34	-1	0	0	0	-1	0	0	29
c16184	0	0	0	0	-1	0	0	-1	0	0	-1	0	0	0	50	27	-1	-1	-1	17	0	0	7	-1	37	0	0	0	0	29
c16193	0	-1	0	36	23	0	-1	0	0	28	-1	50	-1	0	-1	0	-1	-1	0	17	0	0	7	0	0	24	0	24	24	29
c16233	-1	0	0	29	-1	0	0	0	0	0	0	34	-1	0	35	0	0	0	0	0	-1	0	7	0	0	29	-1	10	-1	-1
c16242	36	0	0	0	23	0	-1	44	0	-1	0	0	30	27	0	-1	0	0	0	-1	0	16	7	24	39	19	0	0	0	29
c16251	-1	12	17	0	-1	27	0	0	0	0	0	0	16	42	0	0	0	0	-1	-1	0	19	7	-1	-1	50	27	0	0	29
c16275	-1	12	17	0	0	0	0	-1	-1	0	0	0	16	42	0	0	-1	0	16	0	-1	19	7	0	-1	-1	27	0	0	29
c16282	-1	12	24	50	0	20	-1	44	0	-1	0	0	1	42	0	0	31	35	0	0	0	0	-1	36	-1	-1	0	35	12	29
c16314	0	25	0	-1	0	-1	26	-1	6	-1	0	0	0	0	-1	0	-1	0	-1	0	0	0	7	0	0	0	0	0	0	-1
c16345	0	25	0	-1	0	-1	26	-1	-1	-1	36	0	27	0	-1	0	44	0	-1	-1	0	0	7	30	0	22	0	-1	0	-1
c16346	-1	0	-1	29	23	0	27	-1	0	0	-1	-1	-1	0	44	-1	0	0	0	-1	-1	0	-1	0	0	26	0	-1	-1	29
c16347	-1	-1	0	29	23	0	27	0	0	0	0	-1	35	0	44	-1	0	-1	-1	-1	-1	0	7	0	0	26	0	-1	-1	-1
c16362	0	25	-1	0	0	-1	-1	-1	0	0	27	-1	0	-1	42	0	-1	0	-1	0	0	0	7	0	9	0	-1	0	0	-1
c16373	-1	25	-1	0	-1	27	0	-1	21	-1	0	0	-1	-1	31	0	0	-1	-1	0	-1	-1	7	0	-1	0	0	-1	0	29
c16382	0	-1	0	0	0	-1	26	-1	0	0	0	0	-1	0	0	0	-1	-1	0	-1	-1	0	7	0	-1	-1	0	0	36	-1
c16383	-1	-1	0	0	0	-1	26	-1	0	0	0	0	0	0	0	0	44	0	0	0	0	0	7	0	0	0	0	0	-1	29
c16398	0	0	-1	0	23	-1	-1	8	36	13	-1	29	35	0	0	0	0	0	0	-1	-1	17	7	0	37	0	-1	26	0	29
c16404	0	0	0	-1	23	0	-1	0	19	8	0	0	0	0	0	-1	-1	-1	0	0	0	0	-1	0	0	0	-1	0	50	29
c16418	-1	0	0	-1	-1	0	0	0	0	44	0	36	0	0	44	12	0	0	0	39	-1	-1	7	0	0	0	0	0	-1	29
c16427	-1	12	-1	0	0	0	-1	0	-1	0	-1	0	-1	-1	0	0	0	0	16	-1	0	19	7	-1	24	50	-1	0	-1	29
c16434	27	25	0	31	0	27	0	-1	21	0	0	0	0	23	-1	-1	-1	-1	0	0	0	0	7	0	-1	0	0	0	0	-1
c16435	27	25	0	31	0	27	0	-1	-1	-1	0	0	0	23	-1	-1	-1	-1	0	0	-1	0	7	0	24	0	-1	-1	0	-1
c16446	6	25	0	0	0	27	30	-1	21	37	-1	0	0	23	0	-1	0	34	0	0	39	25	-1	0	0	0	0	-1	0	29
c16472	-1	-1	-1	0	23	-1	0	21	0	44	0	36	-1	-1	44	0	0	0	0	39	-1	0	7	0	0	-1	0	-1	25	29
c16507	0	44	37	49	23	-1	27	-1	-1	31	0	0	0	0	0	0	-1	-1	-1	0	0	0	7	0	0	-1	0	0	21	29
c16509	0	30	-1	0	23	0	42	23	0	0	0	0	-1	-1	0	0	-1	0	17	-1	29	0	7	0	50	0	0	36	0	29
c16511	0	0	0	0	23	0	0	0	50	-1	50	0	0	0	0	0	0	0	0	-1	-1	-1	-1	-1	50	21	0	0	0	-1
c16533	0	-1	0	-1	23	0	-1	0	-1	28	0	0	25	0	0	0	0	50	0	17	8	0	-1	0	37	0	50	24	24	29
c16537	0	25	-1	0	24	30	-1	-1	0	-1	0	36	-1	-1	50	0	0	17	-1	17	0	0	7	17	0	0	0	0	0	29
c16545	0	-1	0	0	-1	0	0	-1	-1	-1	0	36	17	0	44	0	0	0	0	39	-1	0	7	-1	0	0	0	0	25	29
c16551	0	0	0	36	23	0	-1	0	0	-1	0	0	0	0	0	-1	49	0	-1	-1	0	-1	7	-1	0	0	37	-1	0	-1
c16556	0	25	0	0	0	-1	26	-1	6	0	0	0	0	0	0	-1	-1	0	-1	0	19	-1	-1	0	0	0	0	0	0	29
c16557	0	25	0	0	0	0	26	-1	6	0	0	-1	0	0	0	0	-1	0	0	0	19	0	7	0	0	-1	-1	0	0	29
c16575	0	25	19	-1	44	0	26	-1	0	21	0	0	0	0	23	1	44	0	19	11	0	0	7	0	-1	0	23	-1	48	-1
c16584	-1	0	44	0	23	-1	-1	0	0	0	-1	-1	0	22	13	19	0	0	-1	17	-1	0	7	0	37	-1	0	-1	0	29
c16620	0	25	-1	0	-1	24	26	-1	-1	0	-1	0	0	0	42	0	44	-1	-1	0	-1	0	7	-1	0	22	0	34	17	29
c16637	0	0	0	-1	23	0	0	34	0	44	-1	0	-1	-1	44	31	0	24	0	39	-1	0	7	0	0	0	0	0	-1	29
c16638	15	0	-1	-1	23	0	1	0	-1	0	0	0	0	0	0	-1	0	0	0	0	0	0	7	0	0	0	-1	-1	0	29
c16642	6	25	0	0	0	27	-1	-1	-1	37	0	0	0	23	0	-1	0	-1	-1	0	-1	0	-1	0	0	-1	0	-1	0	29
c16643	-1	25	0	0	0	27	-1	-1	21	37	0	0	0	23	0	-1	0	0	16	0	-1	0	-1	0	0	0	0	-1	-1	29
c16644	0	-1	0	0	-1	19	0	0	-1	-1	0	50	0	35	-1	0	-1	0	0	0	0	0	7	-1	0	0	0	0	0	29
c16652	11	0	0	0	23	-1	-1	0	0	44	0	36	-1	0	44	0	0	6	-1	-1	-1	0	-1	0	0	-1	0	0	25	29
c16677	6	-1	0	-1	0	27	30	-1	-1	37	0	-1	0	-1	-1	-1	0	0	0	0	0	0	-1	0	37	0	0	-1	-1	29
c16685	0	25	0	-1	0	27	0	-1	21	0	0	0	-1	23	-1	0	0	20	0	0	-1	-1	7	0	0	0	-1	46	24	29
c16696	0	25	-1	12	0	44	-1	-1	0	21	0	0	0	0	0	0	44	0	0	0	0	-1	7	-1	27	0	-1	31	48	29
c16697	0	25	-1	12	0	-1	-1	-1	0	21	0	0	-1	0	0	0	44	-1	0	0	-1	-1	7	0	27	0	-1	31	48	29
c16701	36	0	0	0	23	0	0	0	23	0	0	0	-1	0	0	-1	0	0	0	22	-1	31	7	0	0	-1	0	0	0	-1
c16728	-1	34	0	0	-1	30	30	0	0	0	0	-1	0	0	-1	0	0	0	-1	0	-1	-1	-1	0	0	0	-1	-1	-1	29
c16729	-1	34	0	0	23	30	30	0	0	0	-1	-1	-1	0	-1	0	0	0	-1	0	-1	0	-1	0	0	0	0	0	-1	29
c16739	0	0	12	0	23	0	17	28	0	0	28	0	0	0	0	29	0	-1	0	-1	-1	8	7	0	0	0	0	-1	-1	29
c16752	0	-1	-1	20	23	0	0	0	0	-1	29	-1	0	-1	0	0	0	0	-1	38	-1	22	7	0	0	0	0	50	-1	29
c16753	0	-1	0	20	-1	0	0	0	0	-1	29	0	0	0	0	0	0	0	-1	38	-1	22	7	0	0	0	-1	50	-1	29
c16757	0	-1	46	36	-1	0	44	0	0	0	0	0	-1	0	0	0	0	0	0	17	0	0	-1	-1	0	0	-1	-1	0	29
c16789	-1	0	0	0	23	0	0	0	50	-1	0	-1	50	35	-1	0	0	0	0	0	-1	0	7	25	0	-1	31	12	0	29
c16801	6	-1	21	0	0	27	30	-1	21	37	0	0	0	23	0	-1	0	0	-1	0	-1	-1	-1	-1	0	0	0	-1	0	29
c16824	0	0	-1	0	23	39	0	0	38	0	33	0	0	-1	0	0	0	-1	42	-1	34	-1	7	0	37	-1	-1	-1	0	29
c16835	12	25	-1	-1	-1	27	0	-1	21	26	44	0	20	23	-1	0	0	42	-1	0	-1	1	7	42	0	17	-1	-1	-1	29
c16866	0	0	-1	0	-1	0	0	0	22	0	8	-1	19	0	0	-1	0	-1	44	-1	0	-1	7	-1	0	-1	-1	0	0	29
c16867	0	0	38	0	-1	-1	15	0	22	0	8	0	19	-1	0	44	0	-1	44	0	-1	-1	7	-1	0	-1	0	-1	0	29
c16868	-1	12	-1	29	39	0	0	-1	0	0	-1	-1	-1	42	0	0	-1	-1	16	0	17	13	7	30	24	50	0	28	0	-1
c16903	0	0	44	0	23	-1	0	0	36	0	0	0	20	-1	13	37	0	0	0	17	-1	0	7	0	37	-1	0	0	0	29
c16907	0	-1	-1	36	23	-1	0	0	0	0	0	0	44	0	-1	0	-1	0	0	-1	0	-1	7	-1	0	0	0	24	0	29
c16915	0	15	44	0	23	0	0	-1	0	0	0	0	-1	0	0	0	0	-1	0	-1	0	0	7	-1	37	0	-1	-1	12	29
c16923	-1	-1	0	0	-1	0	-1	-1	-1	0	0	0	0	0	0	0	44	0	0	0	0	0	7	30	0	0	0	-1	-1	29
c16928	6	-1	0	0	-1	27	-1	-1	21	-1	0	0	0	-1	-1	-1	0	0	16	0	-1	0	-1	-1	0	0	0	-1	0	29
c16929	6	25	0	0	-1	27	30	-1	21	37	0	0	0	23	-1	-1	0	0	16	-1	-1	0	-1	-1	0	0	0	-1	0	-1
c16931	0	0	-1	0	-1	0	0	0	0	0	0	24	-1	0	0	0	0	25	-1	0	-1	0	7	-1	-1	0	-1	0	-1	29
c16934	0	25	0	-1	0	-1	26	-1	6	24	0	0	0	0	0	0	-1	-1	0	0	0	-1	7	0	0	0	0	0	0	29
c16935	0	25	0	0	-1	0	26	-1	6	24	-1	0	0	-1	0	-1	-1	0	0	-1	-1	0	7	0	0	0	0	-1	0	29
c16945	0	-1	-1	36	-1	22	0	0	0	0	0	0	50	0	0	-1	-1	50	37	17	0	11	7	0	0	0	0	24	0	29
c16952	0	-1	10	0	-1	0	0	-1	0	0	0	0	14	0	-1	0	-1	50	-1	0	0	0	7	-1	0	16	-1	0	42	-1
c16979	0	0	-1	0	-1	-1	0	0	0	17	-1	0	0	0	13	19	27	-1	3	-1	-1	0	7	0	37	-1	0	0	0	29
c16990	0	-1	0	-1	23	24	-1	0	-1	0	39	24	0	-1	0	34	44	0	27	0	0	0	7	0	0	12	-1	27	-1	29
c16993	0	25	0	-1	-1	28	0	-1	0	17	0	-1	0	0	0	0	31	16	7	-1	0	0	-1	0	-1	0	0	44	0	29
c16995	-1	41	0	24	23	5	-1	0	0	50	0	-1	0	0	0	0	0	0	16	0	-1	0	7	0	0	0	0	-1	-1	29
c17002	0	0	0	0	23	0	0	23	0	-1	-1	44	28	0	-1	-1	0	0	0	39	-1	-1	7	0	0	0	50	0	25	29
c17016	0	25	27	0	0	0	26	-1	-1	0	2	-1	-1	8	0	0	44	-1	0	0	0	0	-1	0	0	0	0	0	0	29
c17019	36	-1	46	36	-1	0	44	0	0	-1	0	-1	0	0	0	0	0	0	0	17	0	0	-1	0	-1	0	20	24	0	-1
c17024	0	0	0	0	23	0	0	0	0	44	0	-1	-1	50	44	0	8	0	0	39	-1	0	7	0	0	0	0	0	25	29
c17025	0	0	-1	0	23	0	-1	0	0	44	0	-1	-1	50	44	0	-1	0	0	39	-1	-1	7	0	0	0	0	0	25	29
c17042	-1	25	-1	0	-1	24	26	-1	0	-1	-1	0	0	-1	42	0	44	0	0	0	0	-1	7	0	0	0	0	0	0	29
c17053	17	12	44	29	-1	0	0	-1	0	10	0	-1	-1	42	14	0	0	0	16	21	17	13	-1	-1	24	50	-1	0	0	29
c17068	0	38	-1	-1	-1	-1	50	-1	0	42	-1	0	19	0	0	44	25	0	0	26	0	-1	-1	-1	0	17	0	0	-1	29
c17069	0	38	0	-1	-1	-1	50	0	0	42	0	0	19	0	-1	44	25	0	0	26	0	-1	7	-1	-1	17	0	0	0	29
c17083	6	25	0	44	0	27	30	-1	-1	37	0	-1	0	-1	50	-1	-1	-1	0	0	0	0	-1	-1	0	0	8	-1	0	-1
c17102	-1	0	0	0	23	31	0	0	0	0	29	0	32	0	0	0	50	-1	0	38	-1	0	7	0	0	0	0	0	-1	-1
c17122	6	25	0	-1	0	27	30	-1	21	37	0	0	0	23	0	-1	0	34	-1	0	39	25	-1	0	0	0	-1	-1	-1	29
c17127	0	25	24	0	-1	30	-1	-1	9	0	0	-1	-1	0	50	0	0	17	-1	17	-1	0	7	17	0	0	0	0	0	29
c17154	36	25	0	0	24	29	-1	-1	0	-1	0	-1	-1	0	50	0	0	-1	0	17	0	25	7	17	-1	0	0	0	22	29
c17159	0	0	0	0	23	0	0	0	0	-1	0	36	0	0	-1	0	0	0	0	39	-1	0	-1	26	0	0	0	0	25	29
c17174	0	-1	-1	50	-1	-1	0	-1	-1	17	0	-1	0	0	0	0	-1	0	7	-1	0	0	7	0	-1	-1	0	44	0	29
c17178	24	27	-1	11	23	35	42	-1	-1	0	44	10	50	35	0	27	39	47	-1	0	0	0	7	0	27	0	0	0	0	29
c17191	-1	-1	-1	-1	23	0	-1	0	50	50	0	0	0	0	-1	0	0	0	0	-1	-1	21	7	0	27	0	0	0	-1	29
c17192	24	-1	0	50	-1	-1	0	0	-1	0	50	27	50	-1	-1	0	-1	0	0	0	0	42	7	-1	0	0	-1	0	0	-1
c17204	24	0	30	0	-1	0	42	35	-1	0	0	0	-1	35	11	-1	0	22	0	-1	-1	0	7	0	0	0	0	0	12	29
c17232	-1	-1	0	0	23	-1	0	15	0	0	50	0	0	0	16	0	0	17	-1	36	39	-1	7	0	-1	16	34	0	42	29
c17238	0	0	0	0	-1	0	0	0	0	44	0	36	0	0	44	0	0	-1	0	39	-1	0	7	-1	0	0	0	0	25	-1
c17240	-1	-1	-1	0	0	0	0	0	0	0	-1	0	16	42	-1	0	-1	0	16	0	0	-1	7	0	24	50	27	0	0	29
c17241	-1	12	-1	0	-1	0	0	0	0	0	0	-1	16	42	0	0	-1	0	16	0	0	19	-1	0	24	50	27	0	0	29
c17258	0	12	0	29	-1	0	0	-1	0	44	0	-1	0	42	0	33	-1	0	16	0	-1	13	-1	17	-1	50	50	-1	0	29
c17259	0	12	0	29	-1	0	0	0	0	44	0	-1	0	42	0	-1	19	0	16	0	-1	13	-1	17	24	50	50	27	0	29
c17263	0	0	0	0	23	0	-1	24	50	0	39	-1	31	0	0	0	0	-1	0	-1	-1	0	7	24	0	0	-1	0	25	29
c17264	7	-1	0	36	-1	0	0	0	0	28	0	0	0	0	0	-1	-1	0	0	17	0	26	7	0	0	-1	0	24	24	29
c17269	-1	30	0	0	23	0	-1	-1	0	0	21	-1	-1	-1	0	0	0	0	0	-1	29	0	7	0	50	0	0	-1	-1	29
c17278	27	25	-1	0	0	27	0	-1	21	0	0	0	0	23	0	-1	0	0	-1	0	0	0	7	0	24	0	0	0	0	29
c17287	24	0	0	50	23	-1	0	0	50	0	-1	31	50	35	-1	0	0	0	0	0	-1	42	7	0	0	0	-1	0	0	29
c17293	0	0	0	44	23	-1	0	0	0	0	34	-1	0	0	0	-1	-1	31	-1	0	-1	0	7	0	42	0	44	-1	-1	-1
c17297	-1	0	-1	-1	23	0	17	0	0	-1	0	42	44	0	0	0	50	13	0	-1	-1	0	7	0	22	-1	0	0	25	29
c17321	22	0	44	-1	23	0	0	0	27	0	0	0	0	-1	39	0	-1	-1	27	17	0	0	-1	-1	-1	0	-1	44	0	29
c17338	0	0	23	0	23	0	0	0	0	0	0	0	0	35	0	34	0	28	0	17	0	0	7	-1	37	50	0	12	0	-1
c17347	-1	-1	17	-1	0	-1	-1	-1	0	0	0	-1	16	42	0	0	0	-1	16	0	0	19	7	0	24	50	0	0	-1	29
c17363	15	0	0	0	23	0	-1	-1	-1	0	0	0	0	0	0	0	39	0	-1	0	-1	29	7	0	0	0	9	-1	0	29
c17366	0	-1	22	28	0	0	26	-1	0	0	0	0	0	-1	0	0	-1	24	0	34	0	42	-1	0	50	30	27	0	0	-1
c17374	0	15	44	0	23	-1	0	0	0	26	0	0	-1	0	-1	0	-1	0	0	17	0	27	7	25	37	0	-1	17	-1	29
c17375	0	15	-1	0	23	0	0	0	0	26	0	0	0	0	0	0	45	0	0	17	-1	27	7	25	-1	0	-1	17	0	29
c17409	0	12	0	-1	0	24	16	-1	-1	0	-1	0	16	-1	0	26	0	0	16	0	21	-1	7	-1	-1	50	25	0	0	29
c17417	36	0	0	0	23	0	36	50	23	-1	0	0	0	0	25	0	0	-1	0	0	-1	0	7	0	0	44	0	0	0	-1
c17419	25	-1	0	-1	23	-1	0	-1	0	-1	0	0	25	-1	0	-1	0	0	0	17	-1	0	7	0	37	0	50	24	-1	29
c17453	6	25	0	0	0	27	30	-1	21	37	0	21	0	23	0	-1	0	34	0	-1	39	25	-1	0	0	0	0	-1	0	29
c17456	-1	0	10	-1	23	0	0	0	0	0	0	-1	-1	0	50	0	0	-1	-1	31	0	17	-1	0	11	16	-1	0	42	-1
c17463	0	25	0	0	0	27	0	-1	21	0	-1	30	-1	23	0	-1	0	0	0	0	-1	0	7	0	46	0	-1	8	0	29
c17508	0	12	0	29	50	0	0	-1	36	0	0	0	30	-1	14	16	0	-1	16	50	17	13	7	-1	24	50	31	44	0	29
c17512	0	0	0	-1	23	0	0	0	0	0	0	0	0	0	0	0	17	0	0	0	-1	17	7	30	0	-1	0	43	-1	29
c17548	-1	12	17	0	0	-1	27	0	50	-1	0	0	16	42	0	0	0	0	16	0	-1	-1	7	16	24	50	27	0	0	29
c17566	24	0	37	0	-1	0	-1	0	-1	0	0	34	50	35	0	0	-1	0	0	0	0	17	-1	-1	0	0	0	12	22	29
c17586	0	0	-1	0	23	-1	0	34	-1	44	0	0	0	0	44	0	47	-1	-1	39	-1	0	7	0	0	0	0	0	25	29
c17593	-1	39	0	-1	23	-1	44	0	50	0	0	0	0	-1	0	0	0	0	-1	0	-1	21	7	-1	28	37	0	-1	-1	29
c17602	0	25	0	0	-1	0	0	-1	-1	17	0	50	30	0	0	0	0	0	0	0	0	0	7	0	-1	-1	0	-1	-1	29
c17606	0	0	0	0	23	0	0	34	0	-1	0	0	-1	0	-1	0	0	0	-1	39	-1	0	-1	0	0	0	-1	0	25	29
c17612	-1	12	0	29	39	-1	0	0	0	-1	0	0	0	42	0	27	44	0	16	-1	17	13	7	22	24	50	36	0	0	29
c17613	0	12	0	29	39	0	0	0	0	0	0	-1	0	-1	0	27	44	0	16	0	17	13	-1	22	-1	50	36	0	0	-1
c17627	-1	25	0	0	0	-1	0	-1	21	-1	-1	-1	0	23	-1	-1	0	0	0	17	0	0	7	0	24	0	0	0	0	29
c17635	0	0	0	0	23	0	0	34	0	44	0	0	0	0	44	34	0	0	0	39	-1	0	-1	-1	0	0	0	44	25	29
c17636	0	25	27	0	0	-1	26	-1	0	0	2	-1	-1	8	0	0	44	0	0	0	0	0	7	-1	27	0	0	-1	0	-1
c17637	0	25	27	0	0	-1	26	-1	0	0	2	-1	0	8	0	0	44	0	0	0	-1	-1	7	0	27	0	0	0	0	29
c17641	0	0	-1	0	23	-1	47	0	50	0	49	27	-1	0	0	0	-1	0	0	-1	0	-1	7	0	-1	0	25	0	0	29
c17657	-1	12	17	0	0	0	0	32	0	-1	0	0	-1	42	0	0	0	0	16	10	0	-1	7	0	24	-1	30	0	0	29
c17664	0	0	44	0	23	0	0	31	-1	50	44	-1	-1	-1	0	0	0	-1	45	-1	24	0	7	0	37	0	0	-1	0	-1
c17674	0	12	0	29	0	0	0	0	0	44	0	-1	-1	42	0	33	19	0	16	0	-1	13	-1	17	24	50	50	27	0	29
c17682	6	25	-1	-1	0	27	-1	-1	21	37	0	0	0	-1	37	-1	-1	34	0	0	0	0	-1	0	0	0	0	-1	-1	-1
c17683	-1	25	-1	-1	0	27	30	-1	21	37	0	-1	0	23	37	-1	0	34	0	0	0	0	-1	0	0	0	0	-1	0	-1
c17698	24	0	0	-1	23	8	0	-1	50	22	0	0	50	35	0	0	-1	-1	0	44	0	42	7	-1	0	-1	-1	0	0	29
c17726	0	25	27	-1	0	0	26	-1	0	-1	2	-1	0	-1	0	0	44	0	-1	-1	22	28	7	-1	0	0	28	0	0	29
c17745	-1	12	17	-1	0	0	0	0	27	-1	0	50	16	42	0	0	0	0	-1	-1	-1	-1	7	0	24	50	0	0	29	29
c17746	12	25	-1	0	8	27	0	-1	21	26	44	0	-1	23	0	0	0	0	0	0	0	0	7	0	0	17	0	-1	-1	29
c17785	-1	0	0	-1	-1	0	0	31	0	-1	0	0	-1	24	0	0	0	-1	0	17	0	0	7	0	37	0	0	0	-1	29
c17789	24	-1	0	0	23	0	47	0	50	17	0	0	50	35	0	0	31	0	-1	0	-1	0	7	0	17	0	-1	0	0	29
c17810	0	25	0	0	-1	27	-1	-1	21	0	-1	0	0	23	0	-1	-1	50	37	-1	25	0	7	0	0	0	0	0	0	29
c17821	0	30	0	0	-1	0	42	-1	0	0	0	0	0	-1	21	0	0	0	0	0	29	0	7	17	50	-1	22	0	0	29
c17833	0	0	0	-1	-1	0	-1	-1	-1	44	-1	36	0	0	44	0	0	0	0	39	-1	34	-1	0	0	0	-1	0	25	-1
c17836	-1	-1	24	36	23	11	17	0	0	-1	0	0	0	0	-1	0	0	0	-1	17	0	0	7	0	0	0	0	24	0	-1
c17852	0	12	-1	11	0	0	-1	0	0	0	0	22	16	42	-1	0	0	-1	-1	0	0	19	-1	-1	24	50	32	0	0	29
c17853	0	12	0	11	0	0	0	0	0	0	0	22	16	42	0	0	0	-1	16	0	-1	19	7	0	-1	50	32	0	0	29
c17863	-1	25	-1	0	-1	0	26	-1	6	0	0	0	0	0	0	0	-1	0	0	-1	-1	0	7	0	0	0	-1	0	0	29
c17874	-1	25	19	44	-1	0	26	-1	0	21	-1	-1	50	12	23	1	44	0	17	0	0	0	7	-1	0	0	23	44	48	29
c17878	0	-1	-1	0	-1	24	26	-1	50	-1	0	0	0	-1	42	-1	44	23	0	0	50	0	7	-1	0	0	-1	0	17	29
c17884	0	25	-1	12	0	44	-1	-1	0	21	0	-1	0	0	0	0	44	0	0	0	0	-1	7	-1	-1	0	-1	27	48	29
c17885	0	25	-1	12	0	44	-1	-1	0	-1	0	0	0	0	0	0	44	0	0	0	0	-1	7	0	27	0	-1	27	-1	29
c17892	27	25	0	0	0	27	0	-1	21	-1	0	0	0	-1	0	-1	0	0	-1	0	0	0	7	0	24	0	0	0	0	29
c17906	0	25	0	-1	-1	32	26	-1	0	27	0	-1	-1	0	-1	0	44	0	24	0	0	0	-1	-1	0	0	0	0	0	29
c17939	0	12	-1	29	-1	0	0	0	0	0	0	0	0	42	14	0	0	0	16	-1	17	13	7	0	-1	-1	-1	-1	-1	29
c17949	24	-1	-1	0	23	0	-1	-1	50	0	0	34	50	35	-1	0	-1	-1	0	0	0	17	7	44	0	0	0	12	22	29
c17962	0	15	44	-1	-1	0	0	-1	0	0	0	12	0	0	0	0	45	0	0	17	0	0	7	0	37	0	-1	-1	0	29
c17975	0	30	10	0	23	0	0	0	27	0	50	0	14	0	0	19	-1	0	-1	12	0	30	7	0	0	16	-1	32	42	29
c18000	0	0	-1	0	-1	-1	25	0	0	0	0	0	19	0	0	-1	0	0	-1	0	0	-1	7	-1	0	0	-1	0	0	29
c18009	-1	-1	44	0	-1	24	0	0	0	-1	0	-1	0	0	20	0	0	0	0	-1	0	-1	7	0	37	0	-1	0	0	29
c18011	0	-1	0	0	0	35	16	0	0	0	0	-1	16	42	-1	0	0	-1	16	0	-1	19	7	0	24	-1	0	-1	22	29
c18016	24	0	0	0	-1	22	44	-1	50	0	0	0	50	35	0	0	0	50	0	-1	0	-1	7	0	-1	0	0	0	0	29
c18035	-1	-1	17	22	-1	0	-1	32	0	0	-1	-1	16	42	0	0	0	-1	16	0	50	-1	7	0	24	50	0	0	0	-1
c18037	0	12	0	0	24	0	0	31	36	0	0	17	-1	-1	26	-1	0	-1	0	-1	49	0	7	15	24	-1	0	0	-1	29
c18038	-1	12	-1	0	0	0	0	-1	27	-1	0	50	16	42	0	0	-1	0	16	0	0	19	7	0	24	50	0	0	29	29
c18048	0	15	44	0	-1	0	-1	0	0	7	-1	0	0	0	0	20	0	0	0	17	0	0	-1	25	37	0	-1	0	0	29
c18049	0	-1	44	0	-1	0	0	0	0	7	31	0	-1	-1	0	-1	0	-1	0	-1	0	0	7	25	37	0	-1	0	0	29
c18060	-1	12	-1	7	0	21	0	0	0	0	0	0	16	42	-1	0	0	0	16	0	-1	19	7	0	24	50	0	32	0	-1
c18061	-1	12	17	7	0	21	0	-1	0	0	0	0	16	42	-1	0	0	0	16	-1	0	19	7	0	24	-1	0	32	0	29
c18062	-1	27	24	0	23	22	0	0	0	44	18	0	0	-1	44	0	-1	0	0	39	-1	-1	7	0	0	50	0	0	25	29
c18063	0	-1	24	0	-1	22	0	0	0	44	-1	0	0	31	44	0	0	0	0	39	-1	-1	-1	0	-1	50	-1	0	25	29
c18069	-1	-1	-1	28	0	0	26	-1	44	0	0	-1	22	44	0	0	44	-1	0	34	0	42	7	1	50	30	27	0	0	29
c18080	24	0	-1	0	23	0	42	50	-1	34	0	-1	-1	-1	0	49	-1	29	0	0	0	0	7	0	0	0	0	0	0	29
c18097	34	-1	50	0	28	-1	-1	-1	19	-1	0	0	27	0	0	-1	44	0	-1	-1	0	0	-1	30	-1	0	0	0	0	29
c18101	0	27	0	-1	23	24	0	0	0	44	0	0	24	0	-1	0	0	-1	0	-1	-1	0	7	0	0	50	16	0	25	29
c18114	0	-1	0	-1	0	0	26	-1	0	0	44	-1	0	44	-1	-1	44	24	-1	34	0	42	7	0	50	0	27	0	0	-1
c18154	0	-1	23	-1	0	-1	30	-1	-1	37	-1	-1	0	23	0	-1	20	0	0	0	0	45	7	0	0	17	0	0	0	29
c18156	13	25	-1	0	-1	0	0	-1	24	17	0	0	36	-1	0	0	0	0	0	0	0	0	7	0	-1	0	-1	0	-1	29
c18157	13	25	0	-1	-1	0	0	-1	24	17	0	0	-1	0	0	0	0	0	0	0	0	0	-1	0	-1	0	0	0	-1	-1
c18175	0	-1	8	36	23	0	-1	27	0	28	-1	-1	-1	36	-1	0	0	0	-1	17	-1	0	7	0	0	-1	0	24	24	29
c18199	-1	12	17	0	-1	0	0	32	0	0	-1	0	16	42	0	-1	0	0	-1	0	0	19	7	0	-1	-1	-1	0	0	-1
c18206	0	25	0	0	-1	0	0	-1	0	-1	0	-1	0	0	35	0	-1	-1	7	44	0	0	7	0	-1	0	-1	-1	0	29
c18207	0	25	0	0	-1	0	0	-1	0	17	0	-1	0	0	35	0	0	0	-1	44	-1	0	-1	0	-1	0	0	44	0	29
c18214	-1	12	17	0	0	0	0	0	0	0	30	0	-1	-1	-1	22	-1	0	16	0	0	19	7	16	24	50	27	0	0	29
c18222	6	25	0	0	0	-1	30	-1	21	37	-1	0	0	23	0	-1	0	34	0	0	0	50	-1	0	35	0	0	-1	-1	29
c18244	-1	0	0	0	23	-1	0	-1	50	-1	0	0	0	0	0	-1	-1	-1	-1	-1	0	0	7	0	-1	0	0	0	0	-1
c18252	0	15	-1	0	23	-1	-1	0	0	-1	-1	0	0	0	0	0	45	0	0	17	0	0	7	0	37	-1	-1	-1	0	29
c18257	-1	0	-1	-1	-1	0	-1	0	-1	0	0	0	0	16	-1	0	0	17	-1	0	0	0	7	0	0	16	34	0	42	29
