	0	1	2	3	4	5	6	7	8	9	10	11	12	13	14	15	16	17	18	19	20	21	22	23	24	25	26	27	28	29
c1528	0	-1	-1	1	33	0	31	47	0	0	-1	-1	0	0	5	32	31	8	29	0	33	-1	-1	0	-1	-1	0	0	-1	41
c1720	0	0	0	1	-1	49	0	0	-1	0	-1	0	0	0	0	32	31	41	0	-1	0	40	-1	0	4	19	-1	1	0	0
c2437	0	0	30	0	0	48	45	-1	6	0	0	0	0	2	0	39	31	-1	24	-1	0	-1	0	0	-1	29	0	50	0	-1
c2550	0	0	30	-1	0	48	0	-1	6	0	-1	0	46	42	0	-1	31	0	-1	-1	2	0	-1	22	0	-1	0	0	0	-1
c2609	46	19	30	0	23	48	0	50	6	0	0	0	0	-1	26	-1	31	41	0	0	0	0	0	0	0	0	46	0	0	-1
c2746	32	-1	0	1	0	-1	0	0	0	0	-1	23	0	24	-1	32	31	35	-1	-1	0	40	-1	-1	4	0	-1	0	-1	0
c3276	0	-1	30	-1	0	-1	0	0	6	-1	0	0	0	0	-1	23	31	0	-1	0	50	0	-1	0	0	0	23	0	-1	-1
c3487	0	-1	0	1	0	0	0	0	0	0	-1	0	0	-1	1	32	-1	35	29	0	0	40	-1	-1	4	1	-1	0	-1	-1
c3983	0	-1	0	1	0	0	-1	0	-1	40	-1	0	0	24	0	32	31	35	-1	0	0	40	-1	4	4	5	0	3	-1	30
c4047	0	46	30	7	36	-1	0	-1	6	26	0	31	0	0	44	0	31	-1	0	0	0	0	0	-1	-1	-1	0	-1	0	-1
c4100	28	-1	-1	13	0	48	-1	0	6	0	-1	0	0	0	0	-1	31	0	-1	0	0	0	33	0	0	-1	23	0	0	-1
c4108	0	0	0	1	0	0	-1	20	34	0	-1	41	15	0	-1	32	31	0	0	0	45	40	-1	0	4	0	24	0	0	-1
c4134	0	-1	-1	-1	0	-1	0	-1	6	-1	-1	0	0	0	13	0	-1	35	0	0	2	0	0	22	0	39	0	0	-1	-1
c4146	3	3	30	0	-1	48	0	0	6	0	41	0	0	2	0	0	31	25	0	41	3	3	7	41	0	0	0	35	0	-1
c4226	0	0	30	-1	0	48	0	-1	-1	1	0	0	0	0	0	0	-1	0	6	0	-1	-1	0	-1	0	-1	11	0	0	-1
c4283	31	25	30	29	0	48	0	50	-1	-1	-1	0	0	2	0	-1	31	25	24	0	46	-1	0	0	0	29	3	0	0	-1
c4352	-1	-1	0	1	0	0	31	-1	0	-1	-1	-1	-1	0	31	-1	31	8	29	0	-1	40	-1	0	-1	0	-1	0	-1	0
c4460	45	7	30	0	50	48	-1	30	6	31	0	0	2	0	0	0	31	0	0	41	48	0	-1	-1	-1	-1	41	0	0	-1
c4520	1	0	0	1	9	0	3	33	0	-1	-1	0	0	0	0	32	31	0	-1	-1	0	40	-1	44	4	0	24	0	-1	-1
c4684	0	0	0	1	0	-1	0	0	-1	0	-1	0	0	-1	0	32	-1	-1	-1	0	-1	40	-1	6	4	3	24	3	0	0
c4818	0	0	30	0	0	48	0	29	-1	0	0	0	0	0	-1	0	31	9	0	19	0	3	0	-1	0	1	46	-1	-1	-1
c4852	0	0	30	-1	0	48	-1	-1	-1	0	0	-1	18	3	49	-1	-1	0	0	0	2	0	0	22	0	39	0	0	0	-1
c4877	31	25	30	-1	0	48	0	50	6	0	0	0	3	2	0	0	31	25	24	0	-1	-1	0	41	0	-1	-1	46	0	-1
c4964	0	7	30	0	0	48	29	13	6	31	0	0	-1	0	0	0	31	5	0	0	48	0	35	0	-1	20	41	0	0	-1
c5008	0	0	30	13	-1	48	19	0	6	-1	46	0	0	0	1	-1	31	0	0	-1	18	-1	33	26	35	0	0	-1	-1	-1
c5166	0	25	30	0	0	48	0	0	6	0	11	0	9	-1	35	0	-1	25	24	-1	8	0	15	10	0	29	0	-1	0	-1
c5321	-1	-1	33	1	35	10	0	0	41	-1	1	45	-1	0	-1	32	31	0	-1	0	2	40	-1	0	4	-1	45	-1	0	0
c5345	-1	0	-1	7	0	-1	-1	0	6	26	0	-1	0	0	0	0	31	41	0	0	-1	0	0	-1	0	-1	0	0	0	-1
c5366	29	39	30	0	0	-1	9	0	6	31	0	-1	2	-1	0	-1	31	0	-1	-1	48	0	35	0	0	0	41	0	0	-1
c5370	-1	-1	0	1	-1	-1	0	0	-1	0	-1	31	0	0	0	-1	31	0	29	0	33	-1	-1	-1	4	-1	41	0	-1	-1
c5376	0	-1	0	1	0	-1	0	20	34	0	-1	-1	0	0	0	32	31	0	-1	-1	-1	40	-1	0	-1	-1	24	0	0	0
c5391	0	-1	0	1	-1	0	0	31	-1	0	-1	-1	24	-1	0	32	31	-1	29	0	33	-1	-1	0	4	0	0	-1	-1	41
c5433	0	25	30	0	0	48	0	0	-1	0	11	-1	0	-1	-1	0	31	-1	24	0	8	0	15	-1	0	-1	0	0	0	-1
c5522	-1	-1	0	1	0	0	11	0	33	0	-1	0	0	24	0	32	31	-1	29	0	0	40	-1	-1	4	5	0	0	-1	0
c5650	0	0	30	-1	0	48	0	-1	6	1	0	0	0	0	-1	0	-1	35	0	0	2	0	0	22	0	39	0	0	-1	-1
c5668	-1	0	30	-1	0	48	29	-1	6	31	0	-1	2	0	0	26	31	-1	0	0	48	0	-1	0	0	0	41	0	0	-1
c5814	0	-1	26	1	0	0	0	0	0	-1	-1	0	0	24	0	32	-1	35	29	-1	0	40	-1	-1	4	-1	-1	0	-1	-1
c5857	-1	25	30	-1	-1	48	0	0	6	0	11	0	0	2	35	-1	31	25	24	-1	8	-1	15	10	0	29	0	0	0	-1
c5868	0	25	30	0	0	48	-1	-1	6	-1	45	41	0	-1	35	29	-1	25	-1	-1	0	0	0	33	3	29	0	0	3	-1
c5979	0	-1	0	-1	-1	0	0	0	49	0	-1	-1	0	-1	1	32	-1	35	29	0	0	40	-1	0	4	0	0	0	-1	45
c6071	0	-1	0	-1	9	0	3	0	0	0	-1	-1	0	0	0	-1	-1	0	0	0	0	-1	-1	44	-1	3	24	0	24	0
c6112	0	47	33	-1	17	-1	-1	41	0	-1	-1	0	-1	-1	0	32	31	0	0	0	2	40	-1	33	-1	0	46	-1	19	0
c6140	0	-1	-1	1	0	-1	0	0	-1	0	-1	0	0	0	41	32	31	35	29	0	0	40	-1	0	-1	0	-1	29	-1	33
c6186	-1	0	18	-1	-1	30	-1	0	0	0	-1	41	0	0	0	32	31	0	3	0	0	40	-1	-1	4	49	24	0	5	0
c6207	-1	-1	30	0	0	48	0	-1	6	0	8	-1	0	0	-1	0	31	0	0	0	24	-1	0	22	6	39	31	0	-1	-1
c6224	-1	-1	0	1	0	0	19	33	0	0	-1	0	0	0	-1	32	-1	0	29	11	33	40	-1	0	4	0	-1	0	-1	0
c6246	0	25	30	0	0	48	0	0	-1	-1	0	0	1	2	0	0	-1	-1	24	0	0	0	0	0	0	29	-1	34	0	-1
c6372	22	-1	0	1	0	0	0	0	0	45	-1	0	-1	0	0	-1	31	0	29	0	33	40	-1	0	4	-1	0	0	-1	31
c6600	2	0	0	1	0	0	0	-1	-1	-1	-1	0	0	3	0	32	31	0	-1	-1	0	40	-1	-1	4	0	24	1	46	-1
c6613	31	25	30	29	31	48	31	50	-1	46	0	0	0	2	0	-1	31	25	24	3	33	-1	-1	50	0	-1	1	-1	0	-1
c6617	-1	0	0	1	0	0	-1	-1	-1	0	-1	0	0	0	0	32	31	0	0	0	0	40	-1	0	4	19	-1	1	0	0
c6618	-1	0	-1	0	-1	48	0	-1	6	0	13	42	0	0	35	0	31	-1	-1	0	-1	0	0	-1	0	0	0	0	0	-1
c6635	0	-1	30	0	0	48	-1	-1	6	0	0	13	29	0	0	-1	31	0	0	44	-1	0	0	-1	0	39	-1	0	3	-1
c6640	0	0	0	1	9	0	3	0	0	0	-1	0	0	0	0	-1	31	-1	0	0	0	40	-1	44	4	0	24	0	0	0
c6657	45	7	30	0	50	48	31	0	6	31	0	0	2	0	-1	0	-1	24	0	0	48	0	35	0	-1	20	-1	0	-1	-1
c6783	0	-1	30	13	0	-1	0	-1	6	0	0	0	0	-1	0	-1	31	0	0	21	0	0	33	-1	11	0	0	29	0	-1
c6894	0	25	30	0	-1	48	-1	0	6	49	45	41	0	2	35	0	31	25	24	-1	0	0	0	0	-1	29	0	0	0	-1
c6910	0	0	0	1	0	0	0	-1	-1	-1	-1	0	0	0	-1	32	31	0	-1	0	0	-1	-1	0	4	0	24	1	-1	0
c6925	0	0	30	0	0	48	0	-1	6	1	0	0	0	50	0	0	-1	35	0	0	2	0	0	22	0	39	41	-1	-1	-1
c6951	0	-1	-1	0	0	48	19	0	6	0	45	41	-1	2	-1	29	31	-1	24	-1	0	0	0	-1	3	29	0	0	0	-1
c7020	0	-1	33	1	0	0	0	0	41	0	0	0	-1	-1	0	-1	31	-1	0	0	2	40	-1	43	4	0	45	0	0	-1
c7089	-1	0	30	-1	0	48	-1	29	6	0	8	0	0	0	-1	0	31	0	0	0	24	-1	0	22	6	39	31	0	0	-1
c7134	0	-1	0	1	0	0	31	0	0	0	-1	-1	0	0	31	32	31	8	29	0	33	40	-1	0	4	26	0	0	-1	0
c7139	0	0	-1	-1	27	48	19	29	-1	0	0	0	-1	0	0	0	-1	0	0	-1	0	-1	0	22	46	39	0	0	0	-1
c7196	-1	3	-1	-1	0	48	0	0	6	0	41	-1	-1	-1	0	0	31	-1	-1	-1	3	-1	0	41	31	0	6	-1	0	-1
c7215	0	-1	0	1	0	0	0	3	0	-1	-1	0	0	24	1	32	-1	35	29	0	0	40	-1	0	4	1	0	0	-1	0
c7224	29	39	30	-1	0	-1	0	0	6	31	0	0	2	0	0	0	31	0	41	0	-1	0	35	33	0	-1	41	0	0	-1
c7246	0	19	30	13	26	48	0	0	6	0	-1	-1	0	24	-1	0	-1	0	0	0	-1	0	33	0	0	-1	41	0	0	-1
c7353	0	1	30	0	0	48	0	20	6	31	0	0	2	0	15	-1	31	0	-1	0	48	-1	34	-1	0	0	-1	8	0	-1
c7384	31	25	-1	29	0	48	0	50	-1	4	0	0	0	2	-1	-1	31	25	24	0	0	11	-1	0	-1	29	0	-1	-1	-1
c7385	31	25	30	29	0	-1	0	50	-1	0	0	0	-1	2	1	-1	31	25	24	-1	-1	0	-1	0	0	29	34	-1	0	-1
c7394	35	-1	30	0	-1	48	0	0	-1	0	11	0	0	2	35	2	31	25	-1	0	0	0	0	10	10	29	0	0	0	-1
c7475	0	6	-1	-1	0	0	0	0	0	0	0	0	-1	0	-1	-1	31	0	0	0	2	40	-1	0	4	0	0	31	0	0
c7478	0	0	-1	-1	0	48	0	29	6	0	-1	0	33	0	48	0	31	-1	3	0	31	9	0	0	0	0	0	41	40	-1
c7491	-1	0	30	41	0	48	0	-1	-1	-1	8	0	0	0	0	0	31	0	0	-1	24	0	0	22	6	39	31	0	-1	-1
c7535	0	0	30	0	0	-1	0	-1	6	0	0	0	0	0	-1	0	31	0	0	0	2	0	-1	22	0	-1	0	20	0	-1
c7548	0	0	-1	13	-1	48	-1	0	-1	0	0	0	19	-1	0	0	31	-1	18	-1	0	0	33	43	0	0	0	-1	0	-1
c7570	-1	0	-1	0	3	48	0	0	6	41	0	0	0	0	1	0	31	0	0	-1	0	0	-1	0	-1	0	0	0	29	-1
c7581	3	0	30	0	0	48	0	0	6	-1	0	-1	0	-1	0	0	31	0	0	45	0	-1	0	-1	0	0	0	0	-1	-1
c7618	0	0	30	0	40	-1	0	-1	6	0	0	-1	0	0	0	0	31	0	0	0	0	31	3	0	0	0	0	0	0	-1
c7684	0	0	30	0	0	-1	49	-1	6	-1	0	31	-1	8	0	-1	31	0	0	15	24	0	-1	-1	0	31	0	-1	32	-1
c7716	-1	8	30	0	0	-1	0	0	6	-1	-1	0	1	2	0	0	31	25	35	41	3	0	0	41	0	0	0	0	-1	-1
c7776	0	0	30	0	0	48	31	-1	6	0	0	0	33	0	-1	0	31	0	3	0	31	9	0	41	0	0	0	0	0	-1
c7836	3	3	30	3	-1	48	0	0	6	0	41	0	0	2	0	0	-1	25	-1	41	3	0	0	41	-1	0	0	49	0	-1
c7842	0	0	30	1	0	48	0	29	6	0	-1	0	0	48	-1	-1	31	9	-1	19	0	3	0	-1	0	1	46	7	0	-1
c7859	0	41	-1	0	33	48	0	-1	6	0	0	0	0	0	-1	-1	31	-1	0	-1	0	0	0	-1	0	-1	0	0	0	-1
c7930	0	-1	0	1	0	0	34	31	3	0	-1	-1	-1	-1	0	32	-1	8	29	0	33	-1	-1	0	4	-1	0	-1	-1	-1
c7941	0	0	0	1	0	0	0	20	34	-1	-1	0	0	-1	0	-1	31	0	-1	0	45	40	-1	0	-1	10	24	0	19	0
c7956	31	0	-1	7	-1	-1	0	8	6	-1	-1	31	0	0	0	0	31	-1	0	0	6	0	0	-1	-1	17	0	0	-1	-1
c7973	47	0	-1	41	-1	48	0	0	6	41	18	42	-1	0	0	0	31	12	-1	11	0	-1	46	-1	0	44	-1	-1	0	-1
c8014	0	-1	0	1	0	-1	0	0	0	0	-1	-1	0	24	-1	32	31	35	29	0	0	40	-1	0	4	0	-1	1	-1	45
c8077	-1	0	-1	0	0	48	0	29	6	0	8	0	0	34	0	0	31	0	0	0	24	0	31	22	6	39	31	-1	-1	-1
c8087	0	0	30	-1	0	48	19	0	-1	0	43	0	19	0	0	0	31	0	31	-1	0	0	33	43	0	0	0	-1	-1	-1
c8110	31	25	30	29	0	48	0	-1	-1	48	0	0	0	2	0	-1	-1	-1	24	0	0	-1	0	0	0	29	0	0	0	-1
c8126	-1	0	30	-1	-1	48	0	29	6	0	0	0	0	0	-1	0	-1	-1	0	0	21	-1	24	22	0	39	45	0	42	-1
c8133	0	-1	30	0	0	48	0	0	6	0	0	0	0	2	0	39	31	25	24	0	0	0	-1	0	-1	29	0	50	0	-1
c8139	-1	0	30	0	0	48	24	0	6	31	-1	0	2	0	0	-1	31	0	0	0	48	0	-1	-1	0	0	41	0	0	-1
c8154	0	0	30	1	-1	48	0	0	6	-1	0	42	-1	-1	0	-1	31	0	0	0	15	-1	-1	0	0	0	0	5	0	-1
c8158	-1	-1	30	-1	-1	48	-1	0	6	0	41	0	0	2	-1	0	31	25	0	-1	3	0	0	41	0	0	0	0	-1	-1
c8168	0	-1	0	1	19	-1	0	20	34	-1	-1	-1	-1	0	0	32	-1	0	0	0	45	40	-1	0	-1	0	24	0	0	0
c8171	0	0	0	-1	9	0	3	0	24	0	-1	0	0	0	-1	32	31	0	0	0	-1	40	-1	34	-1	0	24	0	0	-1
c8192	0	0	30	-1	0	48	0	29	6	-1	0	0	0	-1	-1	-1	-1	9	0	19	0	3	0	-1	0	1	46	-1	0	-1
c8193	0	0	30	3	0	-1	0	29	6	0	0	3	0	-1	-1	-1	31	9	0	19	0	3	-1	-1	-1	1	46	7	-1	-1
c8198	0	-1	0	1	0	-1	0	0	-1	0	-1	0	-1	0	0	32	31	0	-1	0	0	40	-1	0	4	31	-1	-1	-1	4
c8233	0	0	41	1	19	0	0	0	-1	0	-1	0	0	-1	0	32	31	0	0	0	-1	-1	-1	-1	4	0	-1	1	0	0
c8299	-1	0	30	-1	0	48	0	-1	6	0	-1	0	-1	0	0	0	31	-1	0	-1	-1	0	0	22	30	-1	0	0	-1	-1
c8309	0	0	0	1	-1	0	0	0	-1	0	-1	-1	-1	0	0	32	31	0	-1	0	0	40	-1	0	4	0	24	0	0	0
c8350	3	3	30	0	0	48	0	-1	6	0	41	-1	0	2	0	0	31	25	0	41	3	-1	-1	41	0	0	0	-1	0	-1
c8391	-1	-1	-1	-1	50	-1	-1	0	6	0	0	0	0	34	0	-1	-1	28	0	-1	-1	41	0	0	1	0	6	-1	0	-1
c8416	0	-1	30	0	0	48	-1	29	6	1	0	0	33	29	0	0	31	0	3	0	0	-1	34	0	0	0	33	-1	0	-1
c8518	0	0	30	-1	0	48	0	-1	6	0	0	0	0	0	0	-1	31	0	7	0	-1	0	0	0	0	32	-1	0	0	-1
c8526	0	0	0	1	0	-1	0	0	0	31	-1	0	0	0	0	32	31	0	49	0	-1	-1	-1	0	-1	0	-1	0	10	4
c8578	0	-1	0	1	0	0	0	0	0	9	-1	0	0	0	-1	32	31	34	29	46	33	-1	-1	-1	4	-1	0	0	-1	0
c8605	0	7	-1	0	0	48	0	29	6	0	-1	0	0	0	46	0	-1	0	-1	0	24	0	0	22	0	39	0	-1	0	-1
c8636	0	-1	33	1	0	3	-1	0	-1	0	49	0	-1	0	0	32	31	0	0	0	2	-1	-1	-1	4	0	45	18	-1	-1
c8663	0	6	33	1	-1	0	0	0	0	0	0	-1	-1	-1	0	32	31	0	0	0	-1	-1	-1	0	-1	0	-1	0	0	0
c8687	0	25	-1	0	0	48	0	0	6	0	0	0	-1	2	0	-1	31	25	24	50	0	0	0	0	0	29	0	-1	0	-1
c8713	26	-1	30	0	0	-1	0	-1	6	0	-1	3	1	2	0	0	31	25	-1	41	3	0	-1	41	0	0	0	1	0	-1
c8744	0	-1	33	1	-1	-1	0	0	-1	0	0	-1	-1	3	0	32	31	-1	-1	-1	-1	40	-1	0	4	0	45	0	0	0
c8756	0	7	30	0	-1	48	0	0	6	-1	45	0	2	0	0	0	31	-1	-1	0	48	0	35	-1	-1	20	41	0	0	-1
c8781	0	41	30	0	0	48	0	29	6	0	0	0	0	24	35	0	31	-1	0	-1	-1	31	0	0	0	0	0	34	0	-1
c8798	0	41	-1	0	24	-1	-1	0	6	0	0	0	-1	-1	0	0	31	25	24	0	0	0	0	0	-1	29	0	26	0	-1
c8876	35	-1	30	0	0	48	-1	0	-1	0	11	41	-1	2	-1	2	31	25	-1	0	-1	0	0	10	-1	29	0	0	0	-1
c8888	0	0	30	3	0	-1	0	29	6	0	0	0	0	-1	-1	0	31	-1	0	-1	0	3	1	-1	0	-1	46	7	0	-1
c8901	31	25	30	-1	0	48	0	50	-1	48	-1	-1	0	-1	0	-1	-1	-1	24	0	-1	-1	0	0	0	29	0	0	0	-1
c8958	-1	-1	-1	-1	0	48	0	29	6	49	0	30	0	0	0	0	31	0	0	-1	0	0	-1	-1	-1	-1	0	0	25	-1
c8965	-1	0	30	13	0	48	19	0	6	0	0	0	0	0	0	0	31	15	0	-1	18	0	-1	-1	35	-1	-1	-1	-1	-1
c8968	3	-1	30	0	0	48	31	0	-1	0	41	0	-1	2	0	0	31	25	0	41	3	0	0	41	0	0	0	0	0	-1
c9035	0	0	30	-1	0	-1	0	13	-1	0	18	-1	0	-1	1	0	-1	-1	1	0	-1	0	-1	0	-1	0	0	0	0	-1
c9076	0	6	33	1	19	0	-1	41	-1	46	-1	0	-1	34	27	32	31	1	0	0	2	40	-1	0	4	0	13	-1	0	0
c9103	-1	-1	0	1	0	0	0	39	0	0	-1	-1	0	24	0	32	31	35	29	-1	0	40	-1	0	4	3	0	34	-1	0
c9106	0	0	-1	-1	-1	-1	0	-1	6	0	0	35	0	0	-1	0	-1	-1	-1	0	0	-1	0	22	0	39	45	0	0	-1
c9122	0	-1	0	1	0	0	0	0	-1	0	-1	0	0	0	-1	32	31	0	0	0	-1	40	-1	-1	4	0	24	1	0	-1
c9123	0	0	0	1	0	-1	0	0	-1	0	-1	0	0	-1	-1	32	31	0	0	0	-1	40	-1	-1	4	0	24	1	0	0
c9217	-1	0	-1	1	0	0	-1	-1	-1	0	-1	15	0	0	0	32	31	0	0	29	0	40	-1	0	4	-1	-1	-1	0	0
c9230	29	39	30	0	0	-1	6	0	6	31	6	-1	2	0	0	0	31	-1	41	0	48	0	35	0	0	0	41	50	-1	-1
c9287	-1	25	30	0	0	48	0	0	6	0	11	0	0	2	35	0	31	25	24	0	8	0	15	10	0	-1	35	0	-1	-1
c9315	0	-1	0	1	-1	0	0	-1	0	0	-1	0	0	24	1	32	-1	35	29	15	0	40	-1	-1	4	0	0	0	-1	-1
c9319	3	0	30	0	0	-1	0	-1	6	2	41	0	0	2	0	0	-1	25	0	41	3	0	-1	41	0	0	0	0	-1	-1
c9329	0	0	30	33	0	48	-1	-1	6	0	-1	42	-1	0	0	0	31	0	45	0	15	0	0	0	0	0	0	0	0	-1
c9332	-1	25	30	0	0	48	0	0	6	0	11	0	0	2	35	2	31	25	24	0	0	0	0	10	0	29	0	0	-1	-1
c9333	35	-1	30	-1	0	48	0	0	6	0	-1	2	0	2	35	2	31	25	24	-1	-1	0	0	10	-1	29	-1	-1	0	-1
c9334	0	0	30	0	0	-1	0	-1	6	0	0	0	37	0	17	0	31	0	0	0	2	0	0	22	0	39	0	0	3	-1
c9364	8	-1	-1	0	0	-1	0	41	6	0	0	0	-1	2	0	-1	31	25	24	-1	-1	0	0	-1	0	29	0	26	0	-1
c9365	8	41	30	0	0	-1	-1	41	6	0	0	0	0	2	0	0	31	25	24	-1	0	0	0	0	0	29	8	26	0	-1
c9384	0	0	30	0	0	-1	0	0	6	0	0	-1	0	-1	0	0	31	0	-1	48	0	0	0	0	45	-1	2	0	-1	-1
c9395	0	46	30	-1	36	48	0	-1	6	-1	0	31	0	0	44	0	31	0	0	0	0	0	0	-1	0	-1	26	0	-1	-1
c9490	-1	-1	-1	1	9	0	3	0	-1	3	-1	0	0	0	0	-1	31	0	-1	0	0	-1	-1	44	4	15	-1	0	-1	0
c9522	0	0	30	-1	0	48	0	0	-1	-1	0	0	0	2	0	39	31	-1	-1	0	0	0	0	0	-1	29	0	-1	0	-1
c9523	0	0	30	-1	0	48	0	-1	6	0	0	0	0	2	0	39	31	-1	24	0	0	0	0	-1	-1	29	-1	50	0	-1
c9529	0	0	30	-1	26	-1	0	29	-1	0	0	9	0	0	0	0	31	0	0	0	0	0	0	31	1	0	0	0	48	-1
c9534	35	25	30	0	-1	48	0	-1	6	0	11	-1	26	2	35	2	31	25	-1	26	0	0	-1	10	-1	29	-1	0	0	-1
c9554	0	0	30	-1	0	48	-1	29	6	40	0	0	0	-1	-1	0	31	9	0	-1	0	3	0	-1	0	-1	-1	7	-1	-1
c9557	0	0	30	35	0	48	0	-1	6	0	0	-1	0	-1	0	0	31	0	0	-1	-1	-1	0	-1	0	-1	-1	0	0	-1
c9562	31	25	-1	29	0	48	0	50	6	0	0	0	0	2	0	16	31	25	24	0	0	29	0	0	-1	29	32	0	0	-1
c9642	-1	25	30	29	0	48	-1	-1	-1	48	0	0	0	2	0	-1	31	25	24	0	0	0	39	0	0	29	0	0	0	-1
c9654	0	-1	30	24	50	48	-1	0	6	-1	-1	-1	0	-1	0	0	31	0	0	-1	0	1	0	0	0	-1	41	0	0	-1
c9668	0	-1	0	1	0	-1	0	0	0	3	-1	-1	0	24	0	32	31	-1	29	0	0	40	-1	0	4	-1	33	0	-1	0
c9677	0	0	-1	0	0	48	24	0	6	31	-1	-1	2	0	0	0	-1	-1	-1	0	48	-1	35	0	0	0	41	0	0	-1
c9692	0	0	30	-1	31	48	0	29	6	0	8	0	33	0	0	-1	31	0	3	0	0	9	0	-1	0	0	0	0	0	-1
c9704	-1	-1	30	0	0	-1	0	29	-1	0	0	0	19	-1	0	-1	31	-1	0	0	0	41	0	46	0	30	-1	0	0	-1
c9713	0	-1	0	-1	0	0	0	-1	20	0	-1	-1	-1	0	0	32	31	-1	29	0	-1	40	-1	-1	4	1	0	0	-1	0
c9722	0	0	-1	13	0	48	-1	0	6	0	0	0	-1	0	0	0	31	-1	0	-1	0	0	33	45	45	0	0	-1	0	-1
c9724	0	0	30	0	0	48	0	-1	6	0	-1	-1	46	42	0	0	31	26	0	-1	2	0	0	22	0	39	0	0	0	-1
c9741	0	0	-1	0	-1	48	0	0	6	41	0	0	-1	0	0	0	31	0	0	0	0	34	-1	0	-1	0	-1	0	29	-1
c9762	0	-1	0	1	-1	0	0	0	-1	0	-1	0	0	24	0	32	31	-1	29	37	0	40	-1	33	4	0	29	0	-1	0
c9806	0	0	-1	1	0	-1	0	0	1	0	-1	0	-1	41	0	32	31	0	47	-1	0	40	-1	0	-1	5	24	0	0	-1
c9891	0	6	33	-1	0	0	0	0	-1	0	0	0	-1	18	3	32	31	-1	0	0	2	-1	-1	34	4	0	0	0	-1	0
c9893	-1	3	30	0	-1	-1	-1	0	-1	0	41	0	0	2	0	0	31	25	0	41	-1	0	0	41	0	0	0	0	0	-1
c9904	31	25	30	0	0	-1	0	-1	6	-1	26	0	-1	2	31	0	31	25	24	0	0	-1	0	0	49	29	0	-1	0	-1
c9992	0	0	30	0	0	-1	0	29	6	0	47	0	6	0	-1	0	31	0	30	0	0	0	0	31	0	0	-1	0	-1	-1
c10008	-1	0	33	1	41	0	-1	0	-1	-1	45	-1	-1	24	-1	32	31	-1	46	0	2	40	-1	0	-1	0	-1	0	-1	-1
c10015	26	0	-1	1	0	-1	-1	0	0	0	-1	0	-1	0	-1	32	31	0	-1	-1	0	40	-1	0	4	-1	-1	0	10	-1
c10039	0	-1	0	-1	0	0	34	0	0	35	-1	0	0	0	0	32	31	0	29	-1	33	-1	-1	0	4	0	-1	0	-1	1
c10069	-1	-1	0	1	0	-1	0	0	0	0	-1	0	0	24	13	32	31	35	-1	0	0	40	-1	-1	4	3	0	33	-1	0
c10071	-1	0	0	1	9	-1	3	0	0	0	-1	-1	1	0	-1	-1	31	0	0	0	0	-1	-1	44	-1	-1	24	0	0	0
c10091	-1	25	30	0	-1	48	0	10	-1	-1	0	0	1	2	0	0	-1	25	24	0	0	0	0	0	0	29	0	34	0	-1
c10108	0	47	-1	1	-1	0	0	41	0	-1	-1	-1	-1	-1	0	32	31	-1	0	0	2	40	-1	0	4	0	-1	0	19	0
c10118	-1	25	30	0	0	48	19	0	6	0	45	41	0	2	35	0	31	-1	24	0	0	0	34	0	3	29	0	0	0	-1
c10154	31	25	30	29	0	48	0	50	6	0	-1	0	0	2	0	16	31	25	24	-1	-1	29	0	0	0	29	32	1	-1	-1
c10193	0	-1	0	1	9	0	-1	0	0	3	-1	0	0	0	0	-1	31	0	9	0	-1	40	-1	44	4	31	24	0	0	0
c10194	0	0	30	-1	0	48	-1	-1	6	0	0	0	46	42	0	-1	31	0	0	-1	2	0	0	-1	0	39	-1	0	0	-1
c10218	0	-1	0	1	31	0	-1	-1	0	0	-1	-1	-1	0	0	32	31	21	29	0	33	-1	-1	-1	4	3	50	0	-1	0
c10234	0	-1	0	1	0	0	35	31	-1	0	-1	-1	0	0	0	32	31	-1	29	31	-1	40	-1	0	-1	0	0	0	-1	0
c10270	0	24	30	0	0	-1	31	0	6	0	0	40	0	26	-1	4	31	0	0	0	3	-1	8	11	0	0	0	0	-1	-1
c10299	0	-1	30	0	27	48	19	29	6	0	0	0	-1	0	-1	0	-1	0	8	27	0	0	0	22	-1	39	0	0	0	-1
c10305	0	25	30	0	0	48	19	0	6	0	45	-1	0	2	-1	0	31	25	-1	-1	0	0	0	0	3	29	-1	0	0	-1
c10355	0	0	30	0	-1	48	0	29	6	0	0	0	0	0	0	0	31	0	0	0	0	0	0	0	4	0	0	0	0	-1
c10360	3	-1	30	3	0	48	-1	33	6	0	-1	0	0	2	-1	-1	31	-1	-1	-1	3	0	0	41	0	-1	0	0	0	-1
c10364	0	0	30	13	0	48	-1	0	6	-1	0	0	0	0	0	0	31	-1	46	-1	0	0	33	0	-1	0	0	-1	0	-1
c10365	0	0	30	-1	0	-1	19	0	6	0	0	0	0	-1	0	0	-1	0	46	-1	0	0	33	0	0	0	0	-1	0	-1
c10390	0	-1	0	1	0	0	0	-1	-1	0	-1	0	0	3	0	32	31	0	0	-1	0	40	-1	-1	4	0	24	1	0	0
c10410	0	0	-1	-1	0	48	-1	29	6	0	-1	0	0	-1	-1	0	-1	29	0	0	21	0	-1	22	0	39	45	0	42	-1
c10415	29	-1	-1	-1	0	48	0	0	6	0	0	-1	0	2	0	-1	31	25	24	0	0	0	0	0	0	29	0	-1	-1	-1
c10423	18	9	30	43	50	48	33	29	6	13	13	0	-1	41	0	-1	31	0	-1	0	0	0	0	0	0	15	0	-1	-1	-1
c10427	31	25	30	-1	0	48	31	50	6	-1	0	0	0	-1	0	0	31	25	-1	0	33	0	0	0	0	29	1	-1	0	-1
c10436	-1	3	30	3	0	48	0	0	6	0	41	0	0	2	0	0	31	25	0	41	3	-1	0	41	0	0	-1	0	-1	-1
c10459	-1	0	30	0	-1	48	-1	29	6	0	8	-1	0	0	0	0	31	0	0	0	24	-1	0	22	-1	39	-1	0	0	-1
c10485	-1	0	-1	-1	0	48	0	0	-1	26	-1	31	0	0	0	-1	31	24	0	-1	6	0	0	-1	0	17	0	-1	0	-1
c10521	45	0	-1	-1	-1	48	0	-1	-1	0	0	0	-1	39	-1	0	31	0	0	0	2	0	-1	-1	-1	39	0	0	27	-1
c10525	0	-1	0	-1	0	0	0	0	0	0	-1	0	-1	-1	-1	32	31	45	29	-1	33	40	-1	0	4	1	0	0	-1	0
c10537	31	25	30	-1	0	48	0	50	6	31	19	-1	0	-1	0	-1	31	25	24	-1	0	0	0	-1	0	29	-1	46	-1	-1
c10546	0	6	33	1	39	-1	0	31	0	-1	0	0	-1	0	0	32	31	0	0	0	2	40	-1	0	4	0	-1	0	0	0
c10552	-1	0	30	-1	-1	-1	0	-1	6	7	8	-1	0	0	0	0	31	-1	0	0	24	0	0	22	6	39	31	0	0	-1
c10566	0	-1	-1	1	0	0	0	0	0	-1	-1	0	0	24	-1	32	-1	35	-1	15	0	40	-1	0	-1	0	0	-1	-1	45
c10570	0	0	0	1	0	0	0	-1	-1	0	-1	-1	-1	3	0	32	31	0	0	31	0	40	-1	-1	-1	20	24	1	0	0
c10587	0	21	33	-1	41	0	0	0	-1	0	-1	0	-1	0	-1	-1	31	0	50	0	-1	-1	-1	0	4	0	-1	0	0	0
c10607	-1	0	30	43	-1	48	33	-1	6	13	21	0	0	0	0	3	31	0	29	0	0	-1	0	0	-1	15	0	0	-1	-1
c10608	-1	0	30	-1	0	-1	49	0	6	26	0	31	11	8	0	-1	31	0	0	15	0	0	0	-1	-1	0	-1	0	32	-1
c10614	0	0	0	1	0	49	0	-1	34	0	-1	-1	0	0	0	32	31	0	0	0	45	40	-1	0	4	0	-1	0	0	0
c10623	0	0	0	1	0	-1	0	-1	-1	0	-1	0	-1	0	-1	32	-1	0	49	0	-1	40	-1	0	-1	0	-1	0	10	4
c10640	-1	-1	30	0	0	48	0	0	-1	-1	0	42	0	0	-1	0	31	0	-1	0	3	0	0	0	0	-1	3	0	0	-1
c10664	-1	25	-1	-1	0	48	19	0	6	-1	45	41	-1	-1	35	0	31	25	24	0	0	25	0	0	-1	29	34	0	0	-1
c10731	0	25	30	0	0	48	0	-1	6	0	0	0	1	-1	0	0	31	25	24	0	0	0	-1	0	0	29	0	0	40	-1
c10755	0	0	0	1	-1	-1	0	-1	0	0	-1	0	0	-1	0	32	-1	-1	49	-1	50	40	-1	0	4	0	-1	0	-1	4
c10766	-1	0	30	0	50	48	-1	0	6	-1	-1	0	0	-1	0	-1	-1	0	3	0	-1	0	0	0	-1	21	0	11	0	-1
c10773	0	0	30	0	50	48	-1	-1	6	0	-1	49	0	0	0	0	-1	0	-1	17	-1	-1	0	0	1	0	0	0	0	-1
c10774	0	-1	30	0	33	48	0	29	6	0	-1	0	-1	0	-1	0	31	0	-1	-1	-1	0	0	0	0	0	-1	0	0	-1
c10788	0	7	30	0	0	48	0	0	6	-1	0	0	2	0	0	0	31	5	-1	0	48	0	35	0	-1	20	41	0	0	-1
c10795	0	25	30	-1	0	-1	0	0	6	0	0	-1	1	2	0	0	-1	25	24	-1	0	0	0	0	0	29	0	-1	0	-1
c10825	0	-1	0	1	0	0	0	0	0	0	-1	-1	0	0	0	32	-1	8	29	-1	-1	40	-1	0	4	-1	0	-1	-1	7
c10838	0	1	30	0	0	48	0	20	6	31	-1	0	2	0	0	0	31	0	-1	0	48	46	34	0	0	0	-1	8	0	-1
c10851	0	0	30	7	0	48	0	0	6	26	-1	31	0	19	0	0	31	0	-1	0	0	0	0	-1	0	17	0	0	12	-1
c10853	3	12	30	-1	0	48	0	34	-1	15	41	0	-1	2	0	1	-1	25	0	41	3	0	0	41	0	-1	-1	-1	5	-1
c10897	0	25	30	0	0	48	19	0	6	0	45	41	0	2	35	0	31	25	24	-1	1	0	0	0	3	29	0	0	0	-1
c10974	0	0	30	-1	0	48	0	-1	-1	0	0	0	0	0	50	0	31	0	0	0	2	0	0	22	0	39	0	-1	1	-1
c10981	0	-1	30	0	-1	48	0	-1	6	0	0	42	0	7	0	-1	31	0	0	0	0	-1	0	0	0	0	0	-1	0	-1
c10982	-1	41	30	-1	-1	48	-1	41	6	0	0	0	0	2	0	-1	-1	25	-1	-1	0	0	0	0	0	29	0	-1	0	-1
c11021	0	47	33	1	17	0	0	41	0	30	0	0	-1	-1	0	32	-1	4	0	0	2	40	-1	0	4	0	-1	0	-1	0
c11023	0	0	30	13	0	48	19	0	6	46	-1	0	8	0	0	0	31	-1	0	-1	0	-1	-1	0	0	0	0	-1	0	-1
c11032	0	7	-1	0	0	-1	-1	-1	6	-1	0	0	2	0	-1	0	31	0	-1	0	48	0	35	0	-1	20	41	0	0	-1
c11043	0	0	30	0	0	48	31	-1	-1	-1	-1	46	-1	3	0	0	31	0	0	0	0	0	0	0	0	0	-1	0	0	-1
c11082	31	0	-1	7	0	48	46	0	6	-1	-1	31	0	0	0	0	31	0	0	2	6	0	0	-1	-1	17	0	0	0	-1
c11083	31	-1	-1	7	7	48	-1	0	6	-1	0	-1	0	-1	0	0	31	0	0	2	6	0	0	-1	0	17	0	0	0	-1
c11099	6	-1	0	1	0	0	0	0	0	0	-1	-1	16	24	0	32	31	35	29	0	0	-1	-1	0	-1	46	-1	0	-1	0
c11102	0	0	30	0	0	48	0	-1	6	0	0	0	0	0	0	0	31	-1	1	0	0	-1	0	-1	0	0	0	13	0	-1
c11109	31	25	-1	0	0	48	0	50	6	46	26	-1	0	2	0	0	31	25	24	0	0	-1	9	25	0	29	-1	46	-1	-1
c11122	0	25	30	0	50	48	19	-1	6	-1	45	-1	0	2	-1	36	31	25	24	0	-1	0	0	0	3	29	0	0	7	-1
c11129	0	-1	30	1	0	0	0	-1	0	-1	-1	-1	0	24	-1	-1	31	35	29	0	13	40	-1	48	4	35	0	0	-1	29
c11140	0	-1	30	0	0	-1	0	29	6	0	47	0	6	0	0	0	31	0	0	0	0	0	0	31	0	0	0	0	0	-1
c11142	45	7	30	0	50	48	-1	0	-1	31	0	0	2	0	-1	0	31	-1	0	0	48	0	35	0	-1	20	41	0	0	-1
c11181	3	12	30	31	0	48	0	0	6	-1	41	0	0	2	0	1	31	25	0	41	3	0	0	-1	0	-1	0	-1	5	-1
c11194	0	-1	0	1	0	0	31	-1	-1	0	-1	-1	0	-1	31	32	31	8	-1	-1	33	40	-1	-1	4	-1	-1	0	-1	0
c11195	0	-1	0	-1	0	-1	31	-1	-1	0	-1	-1	0	0	31	32	-1	8	29	0	-1	-1	-1	0	4	26	0	0	-1	-1
c11201	3	0	-1	0	34	48	-1	29	6	0	0	0	0	0	0	6	31	0	-1	-1	0	-1	0	0	-1	32	0	0	3	-1
c11212	-1	-1	1	1	0	0	0	0	0	-1	-1	0	0	24	-1	32	31	35	29	41	0	-1	-1	0	-1	1	-1	0	-1	-1
c11241	0	-1	30	13	0	48	0	0	6	0	0	0	0	-1	0	0	31	0	1	0	-1	0	33	0	-1	31	0	0	6	-1
c11242	29	25	-1	0	0	48	0	0	6	0	0	0	0	2	-1	-1	31	25	24	0	0	25	0	0	0	29	0	34	0	-1
c11244	0	25	30	0	0	48	0	-1	-1	9	0	0	1	2	0	-1	31	25	24	0	0	-1	0	0	32	29	-1	11	0	-1
c11290	0	0	30	13	0	48	-1	0	-1	0	-1	0	19	1	0	-1	31	0	0	-1	0	0	33	43	0	0	0	-1	0	-1
c11295	-1	41	30	0	0	-1	0	0	6	0	0	0	0	-1	0	-1	31	25	-1	0	0	-1	0	0	0	29	0	26	0	-1
c11378	0	-1	33	-1	0	17	0	0	-1	46	0	0	-1	34	27	32	31	0	0	0	2	40	-1	-1	4	2	13	-1	0	0
c11416	0	0	30	26	-1	48	0	29	6	0	-1	3	33	-1	0	-1	-1	0	3	0	-1	9	0	-1	0	0	42	-1	0	-1
c11465	-1	0	30	0	0	48	0	-1	6	0	-1	21	0	0	0	-1	31	0	0	0	2	0	0	22	0	39	0	-1	0	-1
c11481	31	0	-1	-1	0	-1	-1	23	-1	26	-1	-1	0	0	0	0	31	24	0	-1	6	2	-1	-1	0	17	0	0	0	-1
c11494	45	0	30	0	-1	48	0	-1	6	41	0	0	-1	39	-1	0	31	0	0	0	2	0	-1	22	0	39	0	0	0	-1
c11504	0	-1	30	0	0	48	-1	-1	-1	-1	0	-1	0	0	-1	-1	31	0	0	0	-1	0	-1	22	0	39	0	-1	0	-1
c11550	3	0	30	0	0	48	15	0	6	0	41	0	-1	-1	-1	0	31	25	0	41	3	0	0	41	0	-1	0	9	-1	-1
c11559	31	25	-1	29	0	48	-1	50	-1	48	0	0	-1	-1	-1	-1	-1	25	24	0	-1	0	0	0	0	-1	0	0	0	-1
c11659	0	7	30	31	-1	48	-1	0	6	31	0	0	2	0	0	0	31	-1	-1	-1	48	0	35	0	-1	20	-1	0	0	-1
c11670	-1	-1	0	1	-1	-1	31	0	0	0	-1	-1	0	0	31	32	31	8	29	0	33	40	-1	0	4	0	0	0	-1	0
c11706	0	-1	30	0	0	48	19	0	6	0	45	41	0	2	35	0	31	25	24	-1	0	-1	0	0	3	-1	-1	50	0	-1
c11715	0	25	30	0	0	-1	0	0	6	0	45	0	1	2	41	3	31	25	24	0	0	0	0	0	0	29	0	0	-1	-1
c11722	0	0	30	13	0	48	0	0	6	0	-1	0	0	0	0	0	31	0	0	21	23	0	33	0	-1	0	0	29	0	-1
c11748	0	0	0	1	0	-1	0	-1	0	0	-1	0	-1	0	0	32	31	0	49	0	0	40	-1	0	4	0	-1	0	-1	4
c11791	0	-1	33	1	16	0	0	0	-1	-1	0	-1	-1	0	0	32	31	0	0	0	2	-1	-1	0	4	0	0	0	26	0
c11797	0	7	30	0	0	48	0	0	-1	31	11	0	-1	39	0	0	31	5	0	-1	48	0	35	0	-1	20	41	0	0	-1
c11808	0	-1	30	37	17	48	0	29	6	49	0	0	0	-1	-1	0	31	0	8	-1	0	0	0	22	0	39	0	0	35	-1
c11809	0	0	30	37	17	48	-1	29	-1	-1	0	-1	0	-1	0	0	31	0	8	29	0	0	0	22	0	39	0	-1	-1	-1
c11830	0	25	30	0	0	-1	-1	20	6	-1	0	0	0	-1	0	0	31	25	24	2	-1	0	0	-1	0	-1	0	0	0	-1
c11837	-1	0	30	7	0	48	0	0	6	26	-1	-1	0	0	0	0	31	-1	0	0	0	0	0	-1	0	-1	0	-1	0	-1
c11852	0	43	30	0	0	48	0	-1	-1	0	0	0	18	3	49	0	31	0	0	0	2	0	0	22	0	39	0	0	0	-1
c11892	0	0	0	1	-1	0	3	0	0	0	-1	-1	0	0	0	32	31	0	0	0	0	40	-1	44	4	0	-1	0	0	-1
c11953	0	0	-1	7	0	48	0	0	6	26	0	31	0	0	0	0	-1	0	-1	0	0	-1	0	-1	-1	-1	-1	0	0	-1
c11971	0	-1	0	1	0	0	0	0	0	0	-1	-1	-1	-1	0	32	31	8	-1	0	-1	40	-1	0	4	-1	0	-1	-1	7
c11996	-1	-1	30	13	-1	48	0	0	6	-1	0	0	0	0	0	0	-1	0	0	0	0	-1	-1	0	0	0	0	-1	0	-1
c12001	0	0	30	0	0	48	0	-1	6	1	-1	0	-1	-1	0	0	-1	35	0	-1	2	0	0	22	-1	39	0	0	-1	-1
c12002	0	-1	0	1	0	0	0	0	0	-1	-1	0	0	-1	0	-1	31	35	29	-1	0	40	-1	0	-1	0	29	0	-1	0
c12020	0	-1	-1	0	40	48	0	-1	6	0	0	0	0	0	0	0	31	0	0	0	0	0	3	0	0	0	0	0	-1	-1
c12078	0	0	30	0	-1	48	-1	29	6	0	0	-1	0	0	0	0	-1	0	0	0	0	-1	3	0	0	-1	0	0	-1	-1
c12104	31	25	30	0	0	48	0	50	6	0	29	-1	0	2	-1	41	31	25	24	0	-1	0	-1	-1	0	29	0	46	0	-1
c12133	0	15	-1	1	0	0	0	-1	-1	0	-1	15	0	0	0	32	31	0	0	29	0	40	-1	-1	4	19	-1	1	0	0
c12134	0	0	30	0	0	48	13	0	6	0	0	0	0	2	-1	39	-1	25	24	-1	0	-1	0	0	-1	29	-1	50	0	-1
c12145	0	-1	0	1	0	0	0	0	-1	0	-1	-1	0	0	0	32	31	-1	0	-1	0	40	-1	-1	4	0	-1	-1	0	0
c12162	0	0	30	13	0	48	19	0	6	-1	0	0	19	0	0	-1	-1	0	18	-1	-1	0	-1	-1	0	0	-1	-1	-1	-1
c12168	-1	41	30	0	41	48	0	29	6	49	0	0	0	0	-1	0	31	-1	-1	0	0	0	0	22	0	-1	0	0	-1	-1
c12169	0	41	30	0	0	48	0	29	6	49	0	0	-1	-1	0	0	31	0	0	-1	0	0	-1	22	0	39	0	0	41	-1
c12174	0	0	30	0	-1	-1	0	29	6	0	0	0	0	0	0	0	31	0	0	0	0	0	0	22	0	-1	0	0	-1	-1
c12181	3	3	30	3	0	-1	0	0	6	0	41	0	0	-1	0	0	31	25	0	-1	3	0	0	-1	0	0	0	-1	-1	-1
c12196	0	0	30	-1	0	48	0	-1	6	0	0	0	-1	0	-1	0	-1	-1	18	0	-1	0	-1	22	-1	39	45	0	0	-1
c12211	0	-1	30	29	0	48	-1	0	6	0	0	-1	0	2	35	0	31	25	24	0	0	-1	46	0	3	-1	-1	0	0	-1
c12224	0	-1	0	1	0	-1	0	-1	-1	24	-1	0	-1	24	1	32	31	35	29	0	0	40	-1	0	-1	-1	0	0	-1	0
c12232	0	0	30	-1	50	48	-1	0	6	31	0	0	-1	0	0	-1	31	-1	0	0	-1	0	0	47	1	0	-1	0	0	-1
c12240	9	-1	0	1	-1	0	0	3	0	24	-1	0	0	24	1	32	31	35	29	-1	0	-1	-1	0	4	1	0	0	-1	0
c12267	0	-1	-1	1	0	0	47	-1	-1	-1	-1	0	-1	24	0	32	31	35	29	0	-1	-1	-1	0	4	-1	0	-1	-1	0
c12275	-1	0	-1	0	0	48	0	-1	6	0	0	13	29	0	0	-1	31	0	0	44	2	0	0	22	0	-1	0	0	3	-1
c12312	-1	-1	0	1	0	0	31	0	1	0	-1	-1	0	0	-1	32	-1	8	29	0	-1	40	-1	-1	4	26	0	0	-1	0
c12330	0	25	30	3	-1	48	19	0	6	0	45	41	0	2	35	-1	31	25	-1	0	0	0	0	41	3	-1	0	0	5	-1
c12406	0	46	-1	13	0	48	-1	0	6	0	46	0	0	24	-1	0	31	-1	-1	0	-1	0	33	0	-1	31	0	0	-1	-1
c12468	0	0	-1	0	19	48	0	29	-1	0	0	0	0	-1	-1	0	31	9	-1	19	0	-1	-1	-1	0	1	-1	7	0	-1
c12470	0	-1	30	0	0	48	0	29	-1	-1	0	0	33	29	0	23	31	0	3	0	0	9	0	22	26	2	0	0	-1	-1
c12482	0	-1	33	1	-1	0	0	-1	-1	0	0	-1	-1	45	0	32	31	0	0	0	2	40	-1	0	4	0	45	0	0	-1
c12490	0	2	-1	1	9	0	3	0	0	-1	-1	0	0	0	0	32	31	-1	0	-1	0	40	-1	44	4	3	24	-1	0	0
c12498	0	-1	3	1	31	0	0	0	0	0	-1	46	0	0	0	32	-1	0	29	0	-1	40	-1	-1	4	3	-1	0	-1	-1
c12511	0	0	30	0	0	48	-1	-1	-1	0	0	0	37	0	0	0	31	0	0	-1	2	0	0	22	0	39	0	0	3	-1
c12516	0	0	30	0	-1	48	0	-1	6	0	0	34	0	0	0	0	31	0	0	29	2	-1	34	22	0	39	0	0	0	-1
c12527	0	0	30	0	0	48	-1	0	6	0	0	42	0	0	0	35	31	0	0	19	0	-1	0	-1	0	0	9	16	0	-1
c12528	0	0	-1	-1	9	0	3	0	0	0	-1	0	1	-1	0	-1	31	0	0	0	0	40	-1	44	4	0	-1	0	-1	0
c12545	3	0	-1	0	-1	48	0	0	6	0	-1	0	49	2	-1	0	31	25	0	-1	-1	0	0	41	-1	0	0	10	0	-1
c12546	-1	0	-1	1	0	-1	-1	0	0	0	-1	0	-1	0	0	32	31	0	49	0	0	40	-1	0	4	0	-1	0	10	-1
c12551	0	0	30	13	26	48	0	0	6	0	0	-1	0	-1	0	0	31	0	-1	0	-1	0	33	0	0	0	41	0	15	-1
c12561	0	25	30	0	0	48	19	0	6	-1	45	-1	0	-1	35	0	31	25	24	-1	-1	0	0	0	3	29	0	-1	0	-1
c12564	0	-1	-1	-1	-1	48	0	-1	6	31	0	-1	2	0	0	0	-1	-1	0	-1	48	0	-1	0	-1	20	41	-1	0	-1
c12611	0	0	30	41	0	-1	41	0	6	0	0	42	5	0	0	0	31	0	0	45	0	33	0	0	0	0	0	-1	0	-1
c12641	0	-1	0	-1	0	0	-1	0	0	0	-1	0	16	24	0	32	31	-1	29	0	-1	40	-1	0	4	3	0	0	-1	0
c12649	45	0	0	-1	0	0	0	0	-1	-1	-1	-1	0	0	0	32	-1	0	0	0	0	40	-1	-1	4	-1	24	1	-1	0
c12668	29	39	30	-1	0	-1	6	-1	6	31	6	0	-1	0	0	0	31	3	-1	0	48	0	35	0	0	0	41	-1	0	-1
c12714	0	25	30	0	0	48	19	0	6	29	45	41	0	2	35	29	31	25	24	0	0	0	35	-1	3	29	0	0	0	-1
c12770	3	12	30	31	0	48	0	0	6	15	41	0	-1	2	0	1	31	25	0	41	3	0	0	41	0	-1	0	-1	5	-1
c12794	-1	-1	0	1	-1	-1	31	0	1	0	-1	-1	0	0	-1	32	31	-1	29	0	33	40	-1	0	4	26	0	-1	-1	0
c12812	0	0	30	0	0	48	0	29	-1	0	-1	42	0	0	-1	0	31	50	-1	0	0	0	0	22	-1	39	-1	0	-1	-1
c12822	31	25	30	0	0	48	0	50	6	0	26	-1	0	-1	0	0	-1	25	24	0	0	-1	0	0	42	29	0	46	0	-1
c12825	0	-1	-1	1	0	0	0	0	20	0	-1	0	-1	-1	0	32	31	-1	-1	-1	-1	40	-1	0	4	-1	0	-1	-1	-1
c12827	29	25	-1	0	0	-1	0	0	-1	0	0	0	0	2	-1	-1	31	25	24	-1	0	-1	0	0	0	29	0	-1	0	-1
c12832	-1	-1	0	1	0	41	0	0	0	0	-1	0	0	3	41	32	-1	35	29	0	0	40	-1	0	-1	0	0	29	-1	33
c12887	0	-1	-1	1	-1	0	3	0	0	0	-1	0	0	0	50	-1	31	0	0	0	0	40	-1	34	-1	-1	24	-1	0	0
c12909	3	0	30	0	0	48	-1	0	6	0	41	-1	0	2	0	0	31	25	33	41	-1	21	-1	41	-1	-1	0	0	0	-1
c12923	0	0	30	0	0	-1	0	29	6	-1	-1	-1	-1	0	0	0	31	0	29	0	0	0	41	-1	0	0	0	0	15	-1
c12926	0	31	30	24	-1	48	-1	-1	6	46	0	-1	-1	0	-1	0	31	0	0	-1	0	1	-1	0	0	-1	41	-1	0	-1
c12932	0	0	30	0	0	48	0	-1	6	0	0	0	0	0	0	0	31	-1	0	0	2	0	0	22	0	-1	0	0	0	-1
c12950	0	46	30	7	36	48	0	0	6	26	0	31	0	0	44	0	31	-1	0	0	-1	0	0	-1	0	17	26	-1	0	-1
c12956	0	0	30	0	-1	48	26	-1	6	0	0	0	0	2	-1	39	-1	25	24	-1	0	0	0	0	-1	29	0	50	0	-1
c12973	35	25	30	0	-1	48	0	0	-1	-1	-1	0	0	-1	35	2	31	-1	-1	0	0	-1	0	10	0	29	0	0	0	-1
c12985	0	0	30	0	5	48	0	-1	6	-1	0	-1	0	-1	0	0	31	0	0	29	-1	0	46	-1	0	-1	0	0	0	-1
c13022	0	25	-1	0	-1	48	0	0	6	0	0	0	-1	2	-1	0	31	25	24	-1	0	3	0	0	0	29	0	46	0	-1
c13038	31	25	30	29	0	-1	0	50	6	0	0	0	0	2	0	16	31	-1	24	0	-1	29	-1	0	0	29	0	0	0	-1
c13041	26	-1	30	0	0	48	0	-1	6	0	-1	0	1	2	0	0	31	25	0	41	3	0	-1	41	2	13	0	0	0	-1
c13048	31	25	30	-1	0	48	0	-1	6	0	0	0	0	2	0	16	31	25	24	-1	0	29	0	0	-1	-1	32	0	0	-1
c13060	-1	25	30	-1	-1	48	0	50	-1	48	0	0	0	2	-1	-1	-1	-1	24	0	0	0	0	0	-1	-1	0	0	0	-1
c13061	31	25	-1	29	0	48	0	50	-1	-1	0	0	0	2	0	-1	31	25	24	0	0	0	-1	0	0	-1	0	0	0	-1
c13064	0	-1	-1	0	0	48	0	0	6	0	-1	0	1	2	0	0	31	-1	24	-1	0	0	0	0	0	29	0	8	-1	-1
c13070	-1	-1	30	-1	0	-1	0	29	6	-1	0	0	-1	0	-1	0	-1	0	-1	0	0	0	0	22	0	39	45	0	-1	-1
c13071	-1	0	30	-1	0	48	0	29	6	0	-1	0	11	0	-1	0	-1	0	0	0	0	-1	0	22	0	-1	45	0	0	-1
c13086	31	-1	30	-1	0	48	0	-1	6	0	0	0	0	-1	-1	16	31	25	24	-1	31	-1	0	-1	4	29	-1	0	0	-1
c13093	0	25	30	-1	50	48	19	-1	6	0	45	41	0	2	35	36	31	-1	24	0	0	0	0	0	3	29	0	0	7	-1
c13101	-1	1	30	0	0	-1	48	29	6	0	0	46	0	0	0	0	-1	0	0	0	0	41	0	31	0	-1	0	-1	0	-1
c13119	0	6	-1	1	0	0	-1	0	0	0	0	0	-1	-1	0	-1	31	0	0	0	2	40	-1	0	-1	0	0	31	25	0
c13136	-1	6	33	-1	0	0	0	-1	0	46	0	-1	-1	34	27	32	31	0	0	-1	2	40	-1	0	4	-1	13	-1	-1	22
c13139	0	0	-1	0	0	48	0	29	6	0	-1	0	0	0	0	-1	31	0	0	0	0	0	0	22	0	-1	0	-1	-1	-1
c13141	-1	6	-1	1	0	0	0	0	0	-1	31	-1	-1	-1	27	32	31	0	-1	0	2	40	-1	41	-1	0	0	0	35	0
c13159	3	0	30	0	-1	48	0	0	6	0	41	0	0	2	0	0	31	25	-1	-1	3	0	1	41	1	-1	41	0	0	-1
c13169	0	-1	-1	1	-1	0	0	0	0	0	-1	0	-1	-1	21	32	31	0	-1	0	-1	-1	-1	0	4	-1	0	31	-1	0
c13220	10	0	-1	13	1	48	19	0	6	0	0	0	19	0	-1	-1	31	0	0	-1	0	-1	33	43	-1	0	0	-1	34	-1
c13222	-1	-1	30	0	0	48	0	-1	6	-1	0	0	0	-1	0	0	31	25	24	3	0	31	0	0	0	29	41	31	-1	-1
c13261	0	25	-1	0	0	-1	-1	0	6	0	45	41	0	-1	35	-1	31	25	24	0	0	0	0	-1	3	29	0	0	11	-1
c13333	46	0	-1	0	-1	-1	0	29	6	-1	0	0	0	0	0	-1	-1	0	10	0	-1	0	3	41	0	0	1	0	0	-1
c13337	0	6	33	-1	0	0	0	0	0	-1	0	0	-1	-1	27	32	31	0	0	34	2	40	-1	-1	4	0	13	-1	0	0
c13352	31	-1	30	29	-1	48	0	50	6	0	0	0	0	2	2	16	31	25	24	-1	0	-1	-1	-1	0	29	32	0	0	-1
c13355	0	25	30	0	0	48	0	0	6	0	0	0	-1	2	0	0	31	25	24	0	0	0	7	0	0	29	-1	0	-1	-1
c13358	-1	7	-1	-1	41	-1	0	-1	-1	31	-1	0	2	0	0	0	31	-1	-1	-1	48	0	35	0	-1	20	41	0	0	-1
c13359	13	7	30	8	41	48	0	0	6	31	-1	-1	2	0	0	0	31	0	0	0	48	-1	35	0	-1	20	41	0	0	-1
c13410	0	-1	0	-1	0	0	0	0	0	0	-1	0	-1	-1	1	32	31	35	-1	0	0	-1	-1	-1	4	0	0	0	-1	45
c13420	41	0	30	0	-1	-1	0	-1	6	31	-1	-1	2	0	0	0	31	-1	-1	0	48	18	35	0	-1	-1	41	0	0	-1
c13432	0	47	33	-1	-1	-1	0	41	-1	-1	0	0	-1	-1	-1	32	31	0	9	0	2	40	-1	0	4	0	46	0	0	0
c13435	-1	-1	33	-1	0	8	0	0	41	0	49	0	-1	44	0	32	31	0	0	0	-1	40	-1	0	4	-1	45	9	0	0
c13449	0	-1	0	1	0	0	-1	0	-1	0	-1	0	16	24	0	32	-1	-1	29	-1	-1	40	-1	0	4	-1	0	0	-1	0
c13460	-1	3	-1	0	0	-1	0	-1	6	0	8	0	0	0	-1	0	31	0	0	0	24	0	-1	-1	-1	-1	31	0	0	-1
c13461	-1	0	-1	0	0	48	0	-1	6	0	8	0	0	0	0	0	31	0	-1	0	24	0	0	22	6	39	31	0	0	-1
c13476	0	25	30	0	0	-1	0	0	6	0	11	0	0	2	35	0	31	25	24	0	8	0	-1	10	0	-1	31	-1	0	-1
c13477	0	25	30	0	0	-1	0	0	6	0	11	0	0	2	35	0	31	25	24	-1	8	-1	15	10	0	-1	-1	0	0	-1
c13512	3	0	30	0	0	48	0	-1	6	-1	0	13	0	0	0	-1	31	0	0	44	2	0	0	-1	0	39	0	0	-1	-1
c13513	-1	0	30	-1	0	48	0	-1	6	0	0	13	0	0	-1	0	31	0	-1	-1	2	0	0	-1	-1	39	-1	0	3	-1
c13516	3	3	30	3	0	48	-1	0	6	-1	41	0	0	2	0	-1	31	25	0	41	3	0	0	41	0	-1	0	1	0	-1
c13529	0	-1	0	1	0	0	-1	31	0	0	-1	-1	24	-1	0	32	31	8	29	0	33	40	-1	-1	4	-1	21	0	-1	0
c13548	-1	0	-1	13	0	48	19	0	6	0	-1	0	0	0	-1	0	31	0	0	-1	0	0	33	45	45	0	0	-1	-1	-1
c13549	0	0	30	13	0	-1	-1	0	-1	0	0	0	0	0	-1	0	31	0	-1	-1	0	-1	-1	45	45	0	0	-1	0	-1
c13552	0	-1	0	1	0	0	0	-1	0	0	-1	0	0	24	1	32	31	35	29	0	0	-1	-1	0	4	-1	0	0	-1	-1
c13568	0	0	30	0	46	48	0	29	6	47	0	-1	0	0	0	0	-1	0	0	0	-1	3	0	22	-1	-1	-1	0	0	-1
c13582	0	-1	-1	0	0	48	0	0	-1	0	0	0	-1	2	0	-1	31	25	24	0	0	-1	0	-1	-1	29	0	50	0	-1
c13583	0	0	-1	-1	0	48	0	0	6	0	0	0	-1	2	0	39	31	25	24	1	0	-1	0	0	-1	29	0	50	0	-1
c13606	0	0	30	0	0	-1	-1	-1	6	0	-1	0	46	42	0	-1	31	0	0	-1	2	0	0	22	0	-1	-1	0	0	-1
c13640	0	6	33	1	-1	-1	-1	0	-1	0	9	-1	-1	-1	2	32	31	0	0	27	-1	40	-1	0	4	0	0	0	0	-1
c13645	0	-1	30	0	0	48	34	-1	-1	39	0	0	-1	26	-1	0	-1	-1	-1	-1	0	-1	8	0	0	0	0	0	-1	-1
c13651	0	0	-1	7	0	48	0	-1	6	-1	0	31	0	0	0	0	-1	0	30	0	-1	0	0	-1	0	17	-1	0	-1	-1
c13672	0	0	30	-1	50	48	-1	0	6	0	0	-1	0	-1	0	0	31	50	0	-1	0	41	0	-1	1	49	0	0	-1	-1
c13686	0	0	4	1	0	0	0	0	-1	0	-1	-1	0	0	0	32	31	0	3	0	0	40	-1	0	4	0	24	0	0	0
c13723	0	6	-1	1	0	0	-1	-1	0	-1	0	-1	-1	0	0	32	31	0	39	-1	2	40	-1	19	4	0	0	0	-1	0
c13732	33	0	30	-1	0	48	0	29	6	0	45	0	0	0	-1	-1	31	-1	0	0	-1	0	3	0	8	0	0	0	-1	-1
c13741	-1	0	-1	1	0	2	0	0	-1	0	-1	0	0	0	0	32	31	41	0	0	0	40	-1	0	4	0	-1	1	0	-1
c13745	0	0	0	1	-1	0	0	20	0	-1	-1	0	0	0	0	-1	31	0	-1	0	0	40	-1	5	4	0	-1	0	0	0
c13784	3	12	30	31	0	48	0	29	6	0	41	0	0	2	0	1	31	25	0	41	3	-1	0	41	-1	-1	0	-1	5	-1
c13785	3	12	-1	-1	0	48	0	29	6	0	41	0	0	2	0	1	31	25	0	41	3	0	0	41	-1	-1	0	-1	5	-1
c13792	3	0	30	0	0	-1	0	-1	-1	33	41	0	0	2	45	0	-1	-1	-1	41	3	39	0	41	0	0	-1	0	1	-1
c13808	3	0	30	31	0	48	0	0	6	0	41	0	-1	2	0	-1	31	25	0	41	3	0	8	-1	0	0	0	0	5	-1
c13827	26	-1	30	0	0	48	0	0	6	0	0	0	0	-1	-1	0	31	25	0	41	-1	0	0	41	0	0	0	0	0	-1
c13848	0	0	0	1	0	0	0	-1	-1	0	-1	-1	0	0	0	32	31	0	0	29	0	40	-1	0	4	-1	-1	1	0	0
c13874	29	39	-1	0	0	48	0	-1	6	31	46	0	2	0	0	0	-1	0	41	3	48	0	35	0	0	0	41	-1	0	-1
c13898	0	0	-1	0	0	48	0	29	6	0	-1	0	33	0	41	0	31	-1	-1	0	31	9	0	41	0	3	-1	0	-1	-1
c13899	-1	0	30	0	0	48	0	29	6	-1	0	0	33	0	41	-1	31	-1	3	0	31	9	0	-1	0	3	-1	0	0	-1
c13903	0	0	0	1	0	49	0	20	34	-1	-1	-1	0	0	-1	32	-1	-1	0	25	-1	40	-1	26	4	0	24	0	0	-1
c13910	0	0	30	0	-1	48	0	0	6	0	-1	0	0	2	-1	39	-1	25	24	0	45	0	0	0	-1	-1	-1	50	-1	-1
c13911	0	0	30	0	0	48	-1	0	-1	0	0	-1	0	2	0	39	31	25	24	0	-1	0	-1	0	-1	29	0	50	0	-1
c13924	-1	0	30	0	-1	-1	0	-1	-1	0	-1	0	18	39	49	0	31	0	0	0	2	0	36	22	-1	39	0	0	0	-1
c13931	0	0	30	13	-1	48	19	0	6	-1	-1	0	0	0	0	21	-1	0	0	-1	0	-1	33	0	-1	-1	0	-1	0	-1
c13948	-1	-1	30	0	0	48	0	-1	6	-1	0	-1	0	0	0	0	31	0	0	0	0	0	0	-1	-1	0	0	0	0	-1
c13954	0	25	30	-1	0	48	-1	10	6	0	0	0	1	2	0	-1	31	25	24	0	0	0	0	0	0	-1	0	34	0	-1
c13955	0	25	30	-1	0	48	0	10	-1	0	0	0	1	2	0	0	31	25	24	0	0	-1	0	0	0	-1	0	34	-1	-1
c13963	0	25	30	-1	0	48	0	0	6	0	11	0	0	2	-1	-1	-1	25	24	0	8	0	-1	10	0	29	0	0	-1	-1
c13973	0	0	-1	1	0	0	0	20	0	0	-1	-1	-1	0	46	32	31	3	0	0	40	40	-1	0	-1	0	24	0	-1	0
c13982	0	0	30	0	0	48	35	-1	6	31	0	0	-1	0	0	-1	31	0	0	0	48	3	34	0	0	0	41	0	0	-1
c14013	0	0	30	0	27	48	19	29	6	0	0	0	0	0	0	0	-1	0	-1	27	0	43	-1	22	-1	-1	0	0	0	-1
c14015	0	-1	29	1	0	-1	0	0	0	-1	-1	0	0	24	-1	32	-1	35	-1	26	0	40	-1	0	4	-1	0	0	-1	0
c14019	3	0	-1	0	0	48	0	0	6	2	41	0	0	2	0	-1	-1	-1	0	41	-1	0	0	41	0	0	0	0	42	-1
c14021	0	0	30	0	0	48	0	-1	-1	0	0	31	0	0	0	-1	31	0	0	45	0	0	2	-1	0	0	0	-1	0	-1
c14041	0	-1	30	31	0	48	0	0	6	1	0	0	-1	0	0	0	31	0	0	0	0	0	-1	0	0	-1	0	0	-1	-1
c14044	31	25	30	0	0	48	0	-1	6	46	26	0	-1	2	0	0	31	25	24	0	0	-1	-1	-1	-1	29	50	46	0	-1
c14050	41	25	30	0	0	48	0	43	-1	-1	0	0	1	2	0	0	31	25	24	0	0	0	-1	0	0	29	-1	11	0	-1
c14051	0	25	30	-1	0	48	0	43	6	9	-1	-1	1	2	0	0	31	25	24	0	-1	0	0	0	0	29	0	-1	-1	-1
c14093	-1	-1	0	1	0	0	0	35	47	0	-1	0	1	24	0	-1	31	35	29	0	0	40	-1	0	4	0	0	0	-1	0
c14102	-1	0	30	13	0	-1	19	0	6	-1	0	0	19	0	0	0	31	0	18	-1	0	0	-1	-1	0	0	0	-1	-1	-1
c14105	-1	-1	30	0	50	48	-1	0	6	46	0	-1	0	-1	-1	0	-1	0	0	0	-1	10	0	-1	1	0	26	0	13	-1
c14115	1	0	30	13	35	48	19	0	6	0	24	-1	19	0	0	0	31	0	0	-1	-1	0	33	43	9	0	0	-1	0	-1
c14153	8	41	30	0	0	48	0	41	6	0	0	0	-1	2	0	34	31	25	24	-1	0	0	0	0	11	29	0	26	-1	-1
c14159	1	0	30	0	-1	48	-1	0	-1	0	0	0	-1	0	0	1	31	0	-1	0	0	22	-1	0	1	0	0	0	0	-1
c14173	-1	9	-1	-1	50	-1	33	29	6	13	13	-1	0	-1	0	0	31	0	-1	2	0	0	0	0	0	15	0	0	-1	-1
c14175	0	0	-1	0	0	48	0	0	6	30	-1	-1	0	0	0	0	31	0	0	0	25	0	-1	0	0	-1	0	1	-1	-1
c14177	3	-1	30	0	0	-1	0	0	6	2	41	0	0	2	0	0	-1	-1	0	41	3	0	0	41	-1	-1	0	-1	42	-1
c14187	0	6	33	1	-1	0	0	0	0	-1	-1	0	-1	0	0	32	-1	-1	39	-1	2	40	-1	19	4	3	0	0	0	0
c14191	-1	6	33	1	0	17	47	0	0	46	0	-1	-1	34	27	32	31	0	0	0	2	40	-1	0	-1	0	-1	-1	0	0
c14195	0	-1	0	-1	0	0	34	0	0	35	-1	0	-1	0	-1	32	-1	0	-1	0	33	-1	-1	0	4	-1	-1	0	-1	0
c14203	-1	9	30	43	50	-1	33	29	-1	13	13	0	0	41	0	-1	31	0	0	0	-1	0	-1	-1	0	15	0	-1	-1	-1
c14212	0	0	0	1	-1	-1	0	0	0	0	-1	0	-1	0	5	32	31	0	49	0	49	40	-1	0	4	0	-1	0	10	-1
c14228	-1	0	30	13	26	48	0	-1	-1	-1	0	0	0	24	0	0	31	0	0	-1	-1	0	33	0	0	0	41	0	15	-1
c14236	-1	0	0	1	0	0	0	0	-1	0	-1	0	0	0	-1	-1	31	0	0	0	0	40	-1	-1	4	19	-1	1	-1	-1
c14237	0	0	0	-1	0	0	0	0	-1	0	-1	0	-1	0	-1	-1	31	0	0	0	0	-1	-1	0	4	19	-1	1	0	-1
c14257	0	0	-1	-1	-1	48	0	-1	6	0	0	0	46	-1	0	-1	31	-1	0	-1	2	0	0	22	0	39	-1	0	0	-1
c14267	0	0	30	0	0	48	-1	-1	6	-1	0	0	0	0	0	0	-1	0	0	0	-1	0	-1	22	0	-1	0	0	0	-1
c14291	0	-1	30	0	0	48	0	-1	6	-1	-1	0	0	2	-1	0	-1	-1	24	0	0	31	0	0	0	29	41	0	-1	-1
c14308	0	0	-1	13	35	48	19	0	6	0	0	0	19	0	0	19	-1	19	0	-1	0	17	33	43	-1	0	0	-1	0	-1
c14321	-1	12	30	31	0	48	0	0	6	0	41	0	0	2	0	1	31	25	0	41	3	0	0	-1	-1	-1	-1	-1	5	-1
c14333	-1	0	30	1	0	48	0	-1	-1	0	-1	0	0	0	-1	0	31	9	-1	19	0	3	0	-1	0	1	-1	7	0	-1
c14342	0	46	30	-1	36	-1	0	0	-1	26	0	31	0	-1	44	-1	31	0	-1	0	0	0	0	-1	0	17	-1	-1	0	-1
c14379	-1	-1	0	1	0	-1	31	0	0	0	-1	-1	0	-1	31	32	31	8	29	0	33	40	-1	0	4	26	0	0	-1	0
c14392	0	-1	-1	7	0	48	0	0	6	26	0	31	0	0	0	0	31	0	0	-1	0	0	0	-1	0	17	41	0	-1	-1
c14393	0	0	-1	7	0	-1	0	0	6	-1	0	31	0	0	0	0	31	0	0	0	0	-1	0	-1	0	-1	41	-1	0	-1
c14399	-1	39	30	0	0	-1	0	0	6	31	0	-1	2	-1	-1	0	31	-1	41	0	48	0	-1	0	-1	0	41	1	31	-1
c14404	0	-1	30	0	-1	48	0	29	6	-1	0	0	0	0	0	-1	31	-1	0	0	0	0	0	22	0	-1	0	9	0	-1
c14412	-1	0	30	-1	0	48	0	-1	6	-1	41	0	0	2	-1	0	-1	25	1	-1	-1	0	0	41	0	0	0	0	0	-1
c14430	29	39	30	-1	0	48	0	0	6	31	0	49	-1	0	0	0	31	0	41	-1	48	0	35	0	0	0	-1	40	0	-1
c14431	29	39	-1	0	-1	48	0	-1	6	31	0	49	2	0	0	0	31	0	41	3	48	0	35	0	0	0	41	40	0	-1
c14434	-1	0	30	13	0	48	0	0	6	0	-1	0	0	0	-1	31	31	0	0	0	0	0	33	-1	0	1	0	-1	0	-1
c14461	31	-1	30	29	-1	48	-1	50	6	0	0	0	0	-1	0	16	31	25	24	16	0	29	34	0	0	29	-1	0	0	-1
c14469	-1	0	30	13	-1	48	19	0	6	0	0	0	0	0	0	0	31	0	-1	-1	18	0	33	26	35	0	0	-1	-1	-1
c14485	0	-1	-1	8	-1	-1	0	0	6	31	-1	0	2	0	0	0	31	0	0	0	-1	0	35	0	-1	-1	-1	0	-1	-1
c14504	-1	0	0	1	31	0	-1	-1	-1	0	-1	-1	-1	0	0	32	31	0	-1	0	0	-1	-1	0	4	19	-1	1	0	0
c14505	0	0	0	1	31	0	0	-1	-1	0	-1	0	0	0	0	32	-1	0	-1	0	-1	40	-1	0	4	19	-1	1	0	0
c14530	45	7	30	0	50	48	0	30	6	31	0	0	2	0	0	0	31	0	0	0	-1	0	35	-1	-1	20	41	0	0	-1
c14539	3	0	30	-1	0	48	-1	0	6	0	41	-1	0	2	45	0	-1	-1	0	41	3	39	0	41	0	0	0	-1	-1	-1
c14549	0	-1	30	0	0	48	0	29	-1	0	0	0	-1	0	-1	0	31	0	-1	3	0	0	0	0	0	0	0	13	-1	-1
c14553	0	25	30	0	-1	48	0	0	6	0	0	0	1	2	41	1	-1	25	24	40	0	0	0	-1	0	29	-1	10	0	-1
c14568	0	0	-1	13	0	-1	19	0	6	0	41	-1	-1	0	0	21	-1	0	0	-1	0	0	33	0	45	19	-1	-1	0	-1
c14586	0	0	30	0	29	48	0	29	6	0	0	0	0	0	-1	0	31	-1	0	19	41	3	0	-1	0	-1	46	-1	0	-1
c14600	30	13	-1	0	-1	48	-1	0	6	0	0	23	-1	0	0	0	-1	-1	-1	-1	9	22	0	26	1	0	0	0	0	-1
c14629	3	0	30	0	-1	48	0	0	6	0	-1	0	0	2	45	0	-1	25	0	41	3	0	0	41	0	0	0	0	0	-1
c14643	31	25	30	0	-1	-1	0	50	6	0	26	0	-1	2	0	0	31	25	24	-1	0	0	0	0	6	29	0	46	0	-1
c14672	0	0	30	0	0	48	0	29	6	0	0	0	0	0	0	0	31	0	0	-1	0	13	0	0	0	0	-1	0	-1	-1
c14681	0	-1	30	0	0	-1	0	0	6	31	11	0	-1	39	0	0	31	5	0	0	48	0	35	-1	-1	-1	41	0	0	-1
c14695	0	0	30	-1	0	-1	24	0	-1	31	-1	0	2	0	0	0	31	0	0	0	-1	0	35	-1	0	15	41	0	0	-1
c14703	-1	25	30	0	0	-1	0	50	6	46	26	-1	29	-1	29	0	31	25	-1	1	0	-1	0	0	0	29	0	-1	0	-1
c14712	-1	0	30	0	0	48	0	39	-1	-1	0	0	-1	2	0	39	31	25	-1	0	0	0	-1	0	-1	29	46	50	0	-1
c14720	0	0	0	1	0	-1	0	0	0	0	-1	0	3	-1	0	32	-1	0	49	0	0	40	-1	0	4	0	-1	0	10	4
c14738	0	-1	0	1	0	0	0	3	-1	24	-1	0	0	24	1	32	31	35	29	0	0	40	-1	0	4	1	0	0	-1	0
c14752	0	41	30	0	50	48	-1	40	6	0	-1	0	0	0	46	0	-1	-1	0	0	0	41	0	0	1	50	0	0	0	-1
c14758	0	0	0	1	7	49	0	20	-1	0	-1	-1	0	0	-1	32	31	0	0	-1	45	40	-1	0	4	0	24	0	0	0
c14809	0	0	0	1	0	-1	0	0	0	0	-1	0	-1	-1	0	32	31	0	49	0	0	40	-1	0	4	0	-1	0	10	-1
c14813	31	25	30	0	0	48	0	50	6	0	0	0	0	-1	-1	0	31	25	-1	-1	0	0	2	0	0	29	0	46	0	-1
c14827	0	-1	-1	1	-1	-1	0	0	0	0	-1	-1	-1	0	0	32	31	8	29	-1	33	40	-1	0	4	-1	-1	0	-1	7
c14839	0	24	30	0	0	48	31	-1	6	0	0	40	31	26	-1	-1	31	0	0	0	-1	-1	-1	-1	0	0	0	46	0	-1
c14852	0	0	30	0	0	48	-1	-1	6	0	0	0	0	0	-1	0	-1	0	0	29	-1	0	0	22	-1	39	0	0	-1	-1
c14860	-1	-1	30	0	0	-1	0	-1	6	0	8	0	0	19	0	0	31	0	0	0	24	0	0	22	6	39	-1	0	0	-1
c14861	-1	45	-1	0	25	48	0	-1	6	0	8	0	0	19	0	0	31	0	0	0	-1	0	0	22	-1	-1	31	0	0	-1
c14909	0	25	30	0	0	48	19	0	6	-1	45	41	-1	2	35	-1	31	25	-1	0	0	25	0	-1	3	29	34	0	-1	-1
c14910	-1	0	30	7	0	48	0	0	6	26	0	31	0	0	-1	0	-1	0	-1	0	0	35	13	-1	0	-1	0	8	0	-1
c14912	0	-1	0	-1	0	0	0	0	0	0	-1	0	0	0	41	32	31	35	-1	0	0	40	-1	0	-1	30	0	29	-1	33
c14924	0	0	30	0	-1	48	0	0	6	7	0	42	0	0	0	0	31	0	0	0	0	-1	-1	-1	0	0	0	0	27	-1
c14930	0	-1	30	13	-1	48	-1	0	6	0	0	0	-1	24	0	0	31	0	1	17	-1	0	-1	0	0	31	0	0	0	-1
c14931	0	0	30	13	-1	48	-1	0	-1	-1	0	0	-1	24	0	-1	31	0	1	17	-1	0	33	0	0	31	0	0	-1	-1
c14936	0	25	30	0	0	48	19	0	6	3	45	-1	0	2	35	0	31	25	-1	-1	0	-1	0	0	3	29	34	0	0	-1
c14946	0	-1	0	1	0	0	-1	-1	0	0	-1	-1	-1	-1	0	32	31	8	-1	0	33	-1	-1	0	4	-1	0	35	-1	7
c14949	0	7	30	0	-1	-1	0	-1	6	-1	0	0	2	0	0	0	31	5	0	0	48	0	35	0	-1	20	41	31	0	-1
c14953	0	0	30	0	0	48	13	0	6	-1	0	0	0	-1	0	39	31	25	-1	0	-1	-1	0	0	-1	29	0	50	-1	-1
c14959	0	26	30	26	0	48	0	29	6	0	0	0	33	0	0	0	31	0	3	0	31	-1	0	0	24	3	-1	-1	-1	-1
c14960	-1	25	30	-1	0	48	0	0	6	0	11	0	0	-1	35	0	31	25	24	26	-1	-1	-1	-1	0	29	0	0	0	-1
c14965	-1	0	30	0	0	48	0	35	-1	0	0	42	31	0	0	0	31	17	0	0	0	-1	0	-1	0	0	0	0	0	-1
c14972	-1	-1	0	1	0	0	34	0	0	0	-1	-1	-1	0	0	32	31	0	-1	0	33	-1	-1	0	4	6	-1	0	-1	-1
c14982	0	-1	0	1	0	-1	0	0	0	31	-1	0	0	0	0	32	31	0	49	0	0	40	-1	0	4	0	-1	2	-1	4
c15003	0	-1	-1	1	0	0	0	0	-1	0	-1	-1	16	24	0	-1	31	35	29	0	-1	-1	-1	0	4	3	0	0	-1	0
c15013	29	25	30	0	0	48	0	0	6	0	0	0	0	2	-1	0	31	25	24	0	0	0	0	-1	-1	29	-1	-1	0	-1
c15020	31	-1	30	0	0	48	0	50	6	0	26	0	0	-1	-1	-1	31	-1	24	0	-1	-1	0	0	-1	29	0	46	0	-1
c15039	-1	0	30	0	0	-1	0	29	6	0	-1	0	39	0	0	0	-1	0	0	0	-1	0	-1	22	0	39	0	0	0	-1
c15052	0	0	0	1	9	0	3	-1	-1	3	-1	0	-1	0	-1	32	31	-1	41	0	0	40	-1	-1	4	0	24	0	0	0
c15054	34	-1	0	1	0	0	-1	0	37	0	-1	-1	0	-1	-1	32	31	0	29	0	33	40	-1	29	4	0	-1	0	-1	-1
c15057	0	41	30	0	0	48	0	-1	6	0	0	-1	-1	-1	0	0	31	25	24	-1	-1	0	32	-1	0	-1	-1	26	0	-1
c15087	-1	0	30	0	0	-1	0	29	6	-1	-1	0	-1	0	0	0	31	0	0	0	-1	0	0	0	0	0	0	0	0	-1
c15092	0	-1	-1	-1	-1	41	-1	0	25	0	-1	0	0	3	41	32	31	35	29	0	0	40	-1	0	-1	32	0	29	-1	-1
c15136	0	41	30	0	0	48	-1	0	-1	0	0	0	0	2	-1	-1	31	25	24	-1	0	-1	0	0	0	-1	-1	26	0	-1
c15137	0	41	30	0	0	48	0	0	6	0	0	0	-1	2	0	-1	31	25	24	-1	-1	0	0	0	0	-1	0	26	0	-1
c15139	3	3	30	0	-1	-1	-1	-1	6	0	41	0	0	2	0	-1	31	25	0	41	-1	0	-1	41	0	0	49	-1	0	-1
c15173	0	25	30	0	-1	48	0	0	6	-1	0	0	0	2	0	0	31	25	24	-1	-1	0	0	2	-1	-1	0	-1	0	-1
c15180	-1	-1	-1	1	0	0	0	-1	-1	0	-1	46	0	0	-1	32	-1	0	29	0	-1	40	-1	0	4	0	0	0	-1	0
c15196	-1	3	30	0	0	48	34	0	6	22	41	0	0	2	0	0	31	25	0	41	3	0	-1	41	0	0	0	0	0	-1
c15198	0	25	30	-1	0	48	-1	0	-1	2	-1	0	1	2	41	0	31	25	-1	-1	0	0	0	0	0	29	0	0	-1	-1
c15201	0	0	0	1	9	11	-1	0	0	3	-1	0	0	0	0	32	-1	0	0	0	-1	40	-1	44	-1	15	24	0	0	0
c15204	-1	25	-1	0	0	-1	0	50	-1	0	0	0	0	2	0	0	31	-1	24	0	0	0	0	0	-1	29	-1	46	-1	-1
c15241	0	0	0	1	-1	-1	-1	0	-1	0	-1	34	0	0	0	32	31	0	0	0	0	40	-1	0	4	19	-1	1	0	0
c15257	0	0	30	13	0	-1	19	0	6	-1	-1	-1	0	0	0	0	31	0	0	-1	18	-1	33	26	35	0	0	-1	-1	-1
c15259	0	-1	30	-1	50	48	-1	0	6	0	0	0	0	0	-1	0	-1	0	0	0	0	22	-1	-1	1	0	0	0	-1	-1
c15285	0	47	33	1	17	0	0	41	0	30	0	0	-1	-1	-1	32	-1	0	0	0	2	40	-1	0	-1	0	-1	0	19	31
c15291	31	25	-1	29	0	-1	-1	50	6	0	0	0	0	-1	0	-1	31	25	24	35	0	29	-1	-1	0	29	32	0	-1	-1
c15298	35	25	30	-1	0	48	0	0	6	0	11	0	0	-1	35	2	31	25	-1	26	0	0	-1	-1	-1	29	0	0	0	-1
c15299	35	25	30	0	0	48	-1	0	-1	0	11	0	0	2	-1	2	31	25	-1	-1	0	-1	0	-1	0	29	-1	0	0	-1
c15305	0	-1	0	1	0	0	0	31	-1	0	-1	-1	24	-1	-1	32	31	8	29	-1	-1	40	-1	0	4	0	21	0	-1	0
c15344	-1	0	30	-1	-1	-1	0	-1	6	-1	0	0	-1	-1	0	39	31	25	24	0	0	0	0	-1	-1	-1	0	-1	-1	-1
c15345	9	0	30	0	41	48	0	41	6	0	0	0	0	2	0	39	-1	-1	24	0	0	0	-1	0	-1	29	0	-1	0	-1
c15373	0	-1	0	1	0	0	0	0	0	0	-1	0	-1	-1	-1	32	31	35	29	0	0	40	-1	0	4	0	0	0	-1	-1
c15380	-1	7	30	0	0	-1	-1	9	6	31	0	0	-1	0	48	-1	31	-1	0	0	48	0	35	0	-1	20	41	0	-1	-1
c15386	0	1	30	0	-1	48	0	-1	6	31	0	0	2	0	0	0	31	0	0	0	48	46	34	0	0	-1	-1	8	0	-1
c15409	-1	41	30	0	0	48	0	0	6	0	0	0	0	-1	-1	0	31	-1	0	0	0	11	0	0	0	32	0	0	0	-1
c15421	8	41	30	0	0	48	0	-1	6	0	0	0	0	-1	0	34	31	25	-1	-1	-1	-1	0	0	11	-1	0	26	0	-1
c15442	0	15	30	-1	0	-1	-1	0	6	0	0	-1	0	2	0	39	31	25	24	-1	0	0	0	0	-1	29	0	50	-1	-1
c15450	0	0	30	0	0	48	13	0	6	0	0	0	0	2	-1	39	31	25	24	0	-1	3	-1	0	-1	29	0	50	0	-1
c15451	-1	0	30	0	-1	48	13	0	6	0	0	0	-1	2	0	39	-1	25	24	0	0	3	0	0	-1	29	0	50	-1	-1
c15455	-1	15	30	0	0	48	0	-1	-1	0	41	23	-1	2	0	0	31	-1	0	-1	-1	0	0	41	1	0	41	0	-1	-1
c15469	0	25	30	0	0	48	-1	0	-1	0	0	48	0	-1	-1	0	31	25	24	0	0	0	43	-1	3	29	0	0	0	-1
c15470	-1	-1	30	13	0	48	19	18	6	0	0	0	0	0	0	0	31	0	0	-1	18	33	-1	26	35	0	0	-1	-1	-1
c15473	0	-1	33	1	-1	8	0	-1	41	0	49	0	-1	-1	0	32	31	13	0	-1	2	40	-1	0	4	-1	45	-1	0	-1
c15482	-1	-1	0	1	0	0	0	-1	0	0	-1	0	34	-1	-1	32	31	0	-1	0	-1	40	-1	1	4	0	26	0	-1	0
c15513	0	-1	30	-1	-1	48	29	0	6	26	-1	31	0	-1	-1	0	31	0	21	0	0	0	0	-1	0	17	-1	0	0	-1
c15517	0	-1	0	1	-1	-1	0	0	-1	0	-1	-1	0	46	0	-1	31	-1	-1	-1	33	40	-1	-1	4	0	-1	0	-1	26
c15523	0	-1	0	1	31	0	0	0	-1	-1	-1	-1	-1	0	0	-1	31	0	29	-1	33	40	-1	-1	4	3	0	0	-1	0
c15524	0	-1	-1	1	0	0	11	-1	33	0	-1	0	0	24	-1	32	31	35	29	0	0	40	-1	0	4	5	17	0	-1	0
c15528	0	-1	-1	1	-1	0	0	3	0	-1	-1	0	0	-1	1	32	31	35	29	0	0	40	-1	0	4	-1	0	0	-1	0
c15537	0	15	30	0	0	48	0	-1	6	-1	-1	0	0	0	0	0	-1	0	0	0	2	0	0	22	0	39	0	-1	0	-1
c15549	0	7	30	-1	41	48	0	-1	6	31	-1	0	-1	0	-1	0	31	0	-1	0	48	0	35	0	-1	20	41	0	0	-1
c15564	45	0	0	1	9	0	3	31	0	0	-1	0	48	0	0	32	31	0	-1	34	0	40	-1	44	4	6	24	0	40	0
c15586	31	0	-1	7	0	48	35	31	6	-1	0	-1	0	27	0	0	31	0	0	0	6	0	0	-1	0	17	0	0	0	-1
c15659	31	25	30	0	0	48	0	50	6	0	27	0	0	-1	0	0	31	25	24	36	0	0	0	0	0	29	0	46	-1	-1
c15666	0	-1	0	1	0	0	0	-1	-1	-1	-1	0	0	0	0	-1	31	26	0	0	0	-1	-1	0	-1	0	24	0	0	-1
c15673	0	25	-1	0	0	48	0	20	-1	0	0	0	0	2	0	-1	31	25	24	-1	-1	0	0	2	0	-1	0	0	-1	-1
c15687	0	25	30	0	-1	48	-1	0	6	-1	0	48	0	-1	35	-1	31	25	24	0	0	0	-1	0	3	29	0	-1	0	-1
c15720	-1	0	30	13	0	48	0	-1	6	0	-1	-1	0	-1	0	-1	31	0	-1	-1	-1	0	33	0	0	0	-1	0	0	-1
c15735	6	-1	-1	1	0	-1	0	49	0	-1	-1	-1	16	24	0	32	31	35	29	0	0	40	-1	0	-1	-1	-1	0	-1	0
c15751	0	25	30	0	-1	48	19	0	6	-1	45	-1	0	2	35	0	31	25	24	0	0	32	-1	0	3	29	0	0	0	-1
c15766	0	0	30	-1	-1	48	0	0	6	0	0	42	-1	0	0	0	31	-1	0	0	0	-1	-1	-1	0	0	-1	0	29	-1
c15775	0	0	30	0	0	48	20	49	6	0	-1	42	-1	0	0	0	31	-1	0	0	0	0	0	0	-1	0	0	31	0	-1
c15782	0	-1	-1	0	0	48	-1	-1	-1	-1	0	0	0	-1	0	-1	31	25	24	3	-1	31	0	-1	0	29	41	31	-1	-1
c15784	0	0	30	0	31	48	0	-1	6	0	0	-1	0	0	24	0	-1	0	0	0	0	0	-1	0	-1	0	0	0	0	-1
c15800	0	-1	0	1	0	0	0	3	0	24	-1	-1	0	-1	1	32	31	35	29	0	0	40	-1	-1	4	-1	-1	0	-1	0
c15801	-1	-1	0	-1	0	0	0	3	0	24	-1	0	-1	24	1	32	31	35	29	-1	0	-1	-1	0	4	-1	-1	0	-1	0
c15803	0	-1	33	1	0	0	0	0	0	46	31	0	-1	34	-1	-1	-1	0	0	0	2	40	-1	0	4	0	0	0	0	-1
c15812	0	25	30	0	0	48	0	-1	6	31	11	0	-1	2	35	-1	-1	25	24	0	8	0	15	10	0	-1	0	19	34	-1
c15813	-1	25	-1	0	0	-1	0	0	6	31	-1	0	0	2	-1	0	31	25	24	0	-1	0	15	-1	0	-1	0	-1	34	-1
c15816	4	0	30	0	0	-1	46	-1	6	0	0	-1	0	2	0	39	31	25	24	-1	0	0	0	0	-1	29	0	50	0	-1
c15836	0	0	-1	7	0	48	47	0	6	26	-1	31	-1	0	0	0	31	0	0	0	0	33	-1	-1	0	17	41	0	11	-1
c15837	0	0	-1	7	0	-1	47	0	6	26	0	31	-1	0	-1	0	31	0	0	0	0	0	0	-1	0	17	41	0	11	-1
c15841	-1	20	30	0	0	48	-1	-1	-1	0	-1	0	0	0	0	0	31	-1	0	-1	0	0	-1	31	0	0	0	0	50	-1
c15849	3	-1	30	0	1	48	-1	29	6	0	0	0	19	0	0	0	-1	-1	-1	0	0	0	0	46	0	30	0	15	0	-1
c15852	0	0	30	13	0	48	19	19	6	0	-1	0	8	-1	-1	0	31	-1	0	-1	0	-1	33	0	0	0	-1	-1	30	-1
c15857	26	8	30	0	0	48	0	0	-1	0	33	0	1	2	0	0	-1	25	0	41	-1	-1	0	41	2	-1	-1	0	0	-1
c15872	0	0	30	0	0	48	0	0	6	0	0	0	0	-1	0	0	31	0	0	0	19	9	0	0	0	35	-1	3	0	-1
c15881	0	25	30	30	0	48	19	0	6	0	45	-1	0	2	35	29	-1	-1	24	0	0	0	0	-1	3	-1	-1	0	0	-1
c15884	0	0	30	0	0	48	0	-1	6	0	-1	-1	0	0	0	0	31	0	0	-1	2	-1	0	-1	-1	39	0	0	0	-1
c15888	0	0	3	-1	0	0	-1	0	-1	31	-1	0	1	0	0	-1	31	-1	0	0	-1	40	-1	0	4	-1	-1	1	-1	0
c15897	0	0	30	13	-1	48	-1	0	-1	0	0	0	33	0	-1	0	31	0	24	-1	-1	0	33	45	45	-1	-1	-1	-1	-1
c15900	0	0	30	33	0	48	0	-1	6	0	-1	42	0	0	0	0	31	0	-1	0	15	0	0	-1	0	0	0	0	0	-1
c15907	0	-1	0	1	-1	1	31	-1	0	-1	-1	-1	0	0	5	32	31	8	29	50	33	40	-1	0	4	-1	0	0	-1	-1
c15915	0	0	0	1	0	-1	0	0	0	0	-1	0	-1	0	0	32	31	0	-1	0	0	40	-1	29	4	0	-1	0	10	-1
c15920	0	-1	0	1	0	-1	0	-1	0	24	-1	-1	-1	24	-1	32	31	-1	-1	0	0	40	-1	0	4	1	0	0	-1	0
c15930	-1	-1	0	1	0	0	31	-1	-1	0	-1	-1	0	0	31	32	31	8	29	-1	33	40	-1	0	4	-1	0	0	-1	0
c15932	0	0	-1	1	0	10	0	-1	-1	0	-1	0	0	0	0	32	31	0	0	-1	46	40	-1	0	4	19	-1	1	0	5
c15956	3	0	-1	-1	34	-1	0	29	6	0	0	41	0	7	0	0	31	0	0	0	-1	-1	0	0	30	32	0	0	3	-1
c15986	-1	0	30	0	35	48	0	29	-1	0	-1	0	26	0	-1	0	31	0	0	0	24	0	0	22	6	39	31	0	0	-1
c15998	31	-1	30	0	0	48	0	-1	6	-1	0	0	0	2	0	-1	31	25	-1	27	0	0	0	0	0	29	0	46	0	-1
c15999	-1	25	30	0	0	48	0	50	-1	0	0	0	0	-1	0	41	-1	25	24	27	-1	0	0	0	-1	-1	0	-1	0	-1
c16010	3	2	0	-1	-1	0	0	-1	-1	0	-1	0	-1	0	0	32	31	0	0	0	0	-1	-1	0	4	-1	24	0	0	0
c16024	-1	-1	30	13	26	48	0	0	6	0	0	-1	0	24	0	0	31	-1	-1	0	-1	0	-1	0	0	0	-1	-1	0	-1
c16028	0	-1	33	1	0	0	0	0	-1	0	-1	-1	-1	0	0	32	-1	0	0	0	2	-1	-1	-1	4	0	0	31	0	0
c16032	0	6	33	1	0	0	0	46	0	9	0	0	-1	-1	-1	32	31	0	39	0	2	40	-1	0	4	0	0	0	0	0
c16070	0	47	33	1	17	0	0	-1	-1	30	0	0	-1	-1	0	32	31	0	-1	0	2	40	-1	0	4	0	-1	0	-1	0
c16071	0	47	33	1	17	0	0	41	-1	30	0	0	-1	-1	0	32	31	0	0	0	2	40	-1	0	-1	0	-1	0	-1	0
c16079	0	-1	0	1	0	0	0	31	0	0	-1	-1	24	0	0	32	31	8	29	0	33	40	-1	-1	4	0	0	0	-1	-1
c16121	0	0	0	1	1	0	0	0	0	0	-1	41	41	0	0	32	31	0	0	0	0	40	-1	0	4	0	24	0	0	0
c16140	-1	0	30	0	0	48	0	-1	6	0	0	0	45	0	0	0	31	33	0	0	-1	0	0	22	0	39	-1	-1	0	-1
c16163	-1	0	30	0	11	48	33	-1	6	-1	-1	0	0	0	0	0	31	0	0	0	2	0	0	22	-1	39	-1	-1	0	-1
c16169	0	46	-1	7	36	48	0	0	6	26	-1	-1	0	0	44	0	31	0	-1	0	0	0	0	-1	0	17	-1	0	0	-1
c16186	0	6	33	1	39	0	0	0	0	-1	0	0	-1	0	-1	32	31	0	0	0	2	40	-1	0	4	0	0	0	0	0
c16196	0	0	0	1	0	0	0	-1	-1	0	-1	0	-1	0	0	32	31	0	0	0	31	40	-1	-1	4	-1	24	1	-1	0
c16203	0	47	33	1	-1	0	0	41	0	-1	0	0	-1	-1	0	32	-1	0	0	0	-1	-1	-1	0	-1	0	-1	-1	19	0
c16228	0	0	30	7	0	48	0	0	6	26	0	31	0	0	0	9	31	0	0	0	-1	0	0	-1	0	17	0	0	-1	-1
c16231	0	0	30	13	0	48	19	0	6	0	0	0	0	0	0	0	31	0	-1	-1	0	0	33	-1	45	0	-1	-1	0	-1
c16276	0	-1	-1	1	0	0	0	-1	0	0	-1	-1	-1	-1	-1	32	31	-1	29	0	33	40	-1	0	4	0	0	0	-1	0
c16278	0	7	30	0	0	48	-1	0	6	31	11	0	2	-1	0	0	31	5	0	0	48	0	35	0	-1	20	41	0	0	-1
c16280	0	25	30	0	-1	48	0	0	6	0	11	-1	-1	2	-1	0	31	25	24	0	8	0	15	10	0	29	0	0	0	-1
c16283	0	6	-1	-1	0	0	-1	0	0	0	0	-1	-1	0	-1	-1	-1	0	0	0	2	40	-1	0	4	0	0	31	0	0
c16305	-1	0	0	1	0	0	0	0	-1	0	-1	0	0	0	-1	-1	-1	0	0	-1	0	40	-1	-1	4	-1	24	1	0	0
c16306	31	25	30	0	-1	48	0	-1	6	-1	26	0	0	2	31	-1	31	25	24	0	0	-1	0	0	0	29	-1	46	-1	-1
c16307	-1	25	-1	0	0	48	0	-1	6	46	26	0	0	2	31	-1	31	25	24	0	0	-1	0	0	0	29	-1	46	0	-1
c16338	-1	0	-1	7	24	48	0	-1	6	26	0	-1	0	-1	0	-1	-1	0	0	41	0	0	0	-1	0	17	-1	0	11	-1
c16342	0	0	1	1	49	-1	49	0	0	0	-1	0	0	0	0	32	31	-1	49	0	0	-1	-1	0	4	0	-1	0	10	4
c16347	0	-1	0	1	0	0	0	0	0	0	-1	0	16	-1	-1	32	31	35	29	0	-1	40	-1	0	4	3	0	0	-1	0
c16363	-1	-1	33	1	35	0	0	0	41	0	-1	0	-1	33	0	32	31	0	0	31	2	40	-1	0	4	3	45	0	29	8
c16378	0	40	1	1	49	-1	0	0	0	0	-1	0	0	0	0	32	-1	0	-1	-1	-1	40	-1	0	4	0	-1	0	10	-1
c16379	0	-1	1	1	49	-1	0	0	0	0	-1	0	0	-1	0	-1	-1	0	49	0	0	40	-1	0	4	0	-1	-1	10	4
c16382	0	0	0	1	46	0	0	-1	-1	0	-1	-1	0	0	-1	32	31	0	-1	-1	0	40	-1	0	4	0	24	-1	0	0
c16398	31	25	30	32	0	48	0	50	6	31	19	-1	0	2	0	-1	31	25	24	0	0	0	0	41	0	29	-1	-1	0	-1
c16407	-1	0	30	-1	0	48	19	-1	-1	0	-1	0	19	0	0	50	31	0	18	-1	0	0	33	43	0	-1	0	-1	-1	-1
c16419	0	0	30	13	0	48	0	0	6	0	0	0	24	20	0	0	31	0	0	21	0	-1	33	-1	11	0	0	-1	-1	-1
c16422	2	0	30	0	0	48	0	29	6	0	0	0	33	0	0	0	31	-1	-1	0	31	9	0	41	0	0	0	0	0	-1
c16429	0	-1	30	0	0	48	-1	-1	6	0	0	0	1	2	0	-1	31	25	-1	0	0	25	0	0	0	29	0	0	0	-1
c16464	0	0	-1	1	0	0	0	0	-1	48	-1	0	0	31	0	32	31	0	0	0	0	40	-1	-1	4	0	24	-1	0	-1
c16465	0	0	0	-1	0	0	-1	0	-1	-1	-1	-1	0	31	0	32	31	-1	0	0	0	-1	-1	-1	-1	0	24	1	0	0
c16475	0	-1	0	-1	-1	30	0	-1	-1	0	-1	0	-1	0	46	32	31	29	29	0	33	40	-1	0	4	0	26	0	-1	0
c16516	31	25	-1	-1	0	48	0	50	-1	48	0	-1	0	2	0	-1	31	25	24	0	0	0	0	0	0	29	-1	-1	0	-1
c16517	31	25	30	29	-1	48	0	50	-1	48	0	0	0	2	0	-1	31	25	24	0	0	0	0	0	-1	29	-1	0	-1	-1
c16539	0	0	30	0	0	48	-1	-1	6	0	-1	0	0	0	-1	0	31	0	0	0	2	2	0	-1	30	39	0	0	0	-1
c16554	0	0	30	0	-1	48	0	-1	6	0	0	-1	-1	0	0	0	31	0	0	0	2	0	0	22	-1	39	0	0	0	-1
c16557	0	25	30	0	0	48	19	-1	6	0	-1	41	0	-1	35	0	31	25	24	0	0	-1	0	0	-1	29	34	0	0	-1
c16562	0	-1	30	5	0	48	-1	0	6	-1	46	0	-1	0	0	0	31	0	0	15	48	34	35	-1	0	0	41	0	0	-1
c16583	26	8	30	0	-1	48	0	0	-1	0	0	0	0	2	0	19	31	-1	0	41	3	0	0	-1	21	0	-1	-1	0	-1
c16589	31	0	-1	7	0	48	35	31	6	-1	0	31	0	-1	0	-1	31	0	0	0	6	-1	0	-1	0	17	0	0	0	-1
c16600	0	0	30	0	0	48	19	29	6	-1	1	-1	0	0	0	0	-1	-1	0	18	0	0	-1	-1	-1	39	0	0	0	-1
c16603	0	-1	0	-1	-1	0	30	31	3	0	-1	-1	0	0	0	32	31	8	-1	-1	33	40	-1	-1	-1	0	0	0	-1	0
c16626	-1	-1	30	-1	-1	48	0	-1	6	-1	-1	0	0	2	0	0	31	25	24	0	33	31	0	0	0	29	41	0	-1	-1
c16627	0	-1	30	0	-1	48	-1	-1	6	-1	-1	0	0	2	0	0	31	25	-1	0	33	-1	0	0	0	29	41	0	-1	-1
c16675	0	0	0	1	0	31	0	0	-1	0	-1	-1	-1	0	0	32	31	0	0	-1	0	40	-1	0	4	0	24	0	-1	-1
c16687	-1	24	30	0	-1	48	20	0	6	31	0	3	-1	0	6	0	31	0	-1	0	48	0	0	0	0	0	41	0	-1	-1
c16699	26	-1	30	0	0	48	-1	-1	6	0	0	34	0	0	0	0	-1	-1	0	0	2	-1	0	22	0	39	0	0	0	-1
c16707	0	0	30	0	0	48	-1	46	6	31	33	0	-1	0	0	0	-1	0	7	0	48	41	-1	-1	-1	-1	41	-1	15	-1
c16709	18	-1	30	-1	-1	48	33	29	-1	-1	20	0	-1	0	0	0	31	-1	35	0	0	0	-1	0	0	15	39	0	-1	-1
c16710	-1	-1	33	1	0	-1	0	13	41	0	0	0	-1	-1	-1	32	-1	-1	0	0	2	-1	-1	0	-1	0	45	-1	0	-1
c16713	0	0	0	1	0	-1	0	0	-1	-1	-1	13	0	0	0	32	31	0	0	0	0	40	-1	0	4	0	-1	1	0	0
c16715	0	0	30	0	-1	48	0	29	-1	0	0	0	33	0	41	0	31	-1	3	0	31	9	49	-1	0	3	0	0	0	-1
c16718	0	-1	30	0	0	48	0	0	6	0	-1	0	0	2	0	39	-1	-1	-1	0	0	-1	-1	0	-1	-1	0	50	0	-1
c16723	0	-1	0	1	0	0	0	-1	0	0	-1	-1	-1	0	-1	32	-1	8	-1	0	33	40	-1	0	-1	-1	0	0	-1	0
c16728	0	-1	0	1	0	0	0	-1	-1	0	-1	0	0	0	0	32	-1	0	0	-1	0	40	-1	-1	4	-1	24	1	0	0
c16746	0	0	30	7	0	-1	0	0	6	26	0	31	0	0	13	41	-1	0	0	0	-1	0	41	-1	-1	17	0	0	12	-1
c16771	0	0	0	-1	0	0	0	0	-1	0	-1	0	0	0	0	32	31	0	0	-1	0	40	-1	-1	4	0	24	1	0	0
c16773	0	0	30	0	31	48	0	29	6	1	0	0	0	0	0	0	31	-1	0	-1	-1	0	3	0	-1	0	0	0	0	-1
c16775	0	0	30	0	0	-1	0	39	6	0	-1	-1	-1	2	-1	39	31	25	24	0	0	0	0	0	-1	29	46	50	-1	-1
c16777	45	-1	-1	0	50	48	31	-1	6	31	0	0	2	0	0	-1	31	0	0	0	-1	0	35	0	-1	20	41	-1	0	-1
c16778	3	0	-1	0	0	48	0	8	6	0	41	0	0	2	0	0	-1	25	41	-1	3	0	-1	41	0	0	0	0	-1	-1
c16782	0	0	30	-1	0	-1	0	29	6	0	0	0	0	0	-1	0	-1	-1	0	0	0	-1	-1	22	0	39	45	0	0	-1
c16784	0	0	30	-1	-1	48	0	29	6	0	0	-1	0	0	-1	0	-1	0	0	0	-1	16	24	22	0	39	45	0	42	-1
c16789	0	6	-1	1	0	0	0	0	-1	0	0	0	-1	0	3	32	31	-1	-1	0	2	-1	-1	0	4	-1	0	0	-1	0
c16810	-1	-1	30	0	0	48	34	0	6	39	-1	-1	0	-1	-1	-1	31	-1	-1	0	-1	35	8	0	0	0	0	1	0	-1
c16816	0	0	30	0	0	-1	0	-1	-1	0	0	0	37	-1	0	-1	31	-1	0	-1	2	0	-1	22	-1	39	0	0	3	-1
c16817	0	0	30	0	0	48	-1	-1	-1	0	0	0	-1	0	-1	0	31	0	-1	0	2	0	0	22	-1	39	0	0	3	-1
c16825	0	0	-1	0	0	48	34	0	6	39	0	0	0	-1	-1	0	31	0	0	0	0	35	8	26	-1	0	0	0	0	-1
c16827	0	-1	-1	1	0	0	0	-1	50	37	-1	0	0	24	0	32	31	35	29	-1	0	40	-1	0	4	-1	-1	0	-1	-1
c16833	3	-1	30	0	0	48	0	0	-1	33	41	0	0	2	45	0	-1	25	0	41	3	39	-1	41	-1	0	0	0	0	-1
c16837	0	-1	30	8	-1	48	0	0	6	31	-1	0	2	0	-1	0	-1	0	0	0	-1	0	35	0	-1	20	41	0	0	-1
c16847	0	0	30	0	0	48	0	-1	6	0	-1	34	-1	0	0	-1	31	0	0	-1	2	0	0	22	-1	39	-1	0	0	-1
c16854	0	-1	29	1	32	20	0	-1	0	-1	-1	-1	0	24	8	32	-1	35	-1	26	0	40	-1	0	4	0	0	-1	-1	0
c16867	0	0	30	0	-1	-1	-1	0	6	0	0	-1	-1	0	0	0	31	0	0	0	0	22	0	0	1	0	0	0	-1	-1
c16869	-1	-1	33	1	0	0	33	0	41	0	34	0	-1	2	0	32	-1	24	0	0	2	40	-1	0	4	0	45	-1	0	0
c16883	0	0	30	0	0	48	0	-1	6	0	0	0	46	42	0	-1	31	0	0	-1	2	-1	0	22	0	-1	0	0	0	-1
c16888	-1	46	30	7	0	48	-1	0	6	26	0	31	-1	24	44	-1	31	0	0	0	0	-1	0	-1	0	17	-1	-1	0	-1
c16889	-1	46	30	7	0	48	0	0	6	26	0	31	0	-1	44	-1	31	0	-1	-1	-1	0	-1	-1	0	17	-1	0	0	-1
c16908	-1	7	30	0	-1	48	0	0	-1	31	11	0	2	39	-1	0	31	5	-1	0	-1	-1	-1	0	-1	20	41	-1	0	-1
c16913	0	0	30	13	0	48	19	0	-1	0	0	-1	0	31	-1	0	31	0	-1	-1	-1	0	33	-1	35	-1	0	-1	-1	-1
c16929	31	-1	30	29	0	48	0	50	-1	0	-1	27	7	2	0	-1	31	25	24	0	0	0	0	0	-1	29	0	0	0	-1
c16938	0	-1	30	0	-1	48	19	-1	6	0	-1	41	-1	2	-1	-1	-1	25	-1	0	0	0	0	0	3	-1	0	19	0	-1
c16948	-1	0	30	13	0	48	0	-1	6	0	0	0	0	0	0	0	-1	0	0	0	0	-1	-1	0	0	0	0	-1	0	-1
c16961	3	3	30	3	0	48	0	0	6	0	41	-1	-1	2	0	0	-1	25	0	41	3	0	-1	41	-1	0	0	0	0	-1
c16980	0	-1	0	1	0	-1	11	0	-1	40	-1	-1	0	24	0	32	-1	-1	29	0	0	-1	-1	0	4	5	0	0	-1	30
c17002	0	0	30	0	-1	48	-1	-1	-1	0	2	-1	0	-1	0	-1	31	0	0	0	0	22	-1	0	-1	0	0	0	0	-1
c17005	0	-1	-1	1	0	-1	0	0	20	44	-1	0	0	0	0	-1	31	0	-1	-1	33	-1	-1	0	-1	1	0	0	-1	0
c17013	0	-1	30	46	33	48	0	0	6	-1	2	0	-1	0	34	-1	31	0	0	0	-1	0	34	-1	3	-1	41	0	0	-1
c17024	-1	0	-1	0	-1	-1	0	29	6	-1	0	0	0	-1	0	-1	31	0	0	-1	0	0	3	-1	-1	0	0	0	0	-1
c17039	35	25	-1	0	0	-1	41	0	6	-1	11	0	-1	2	35	2	-1	25	-1	-1	0	0	0	-1	-1	29	-1	0	3	-1
c17040	29	25	30	0	0	-1	0	0	6	0	0	0	0	2	0	0	-1	25	24	-1	0	0	0	-1	0	29	0	-1	0	-1
c17048	0	25	30	-1	0	-1	19	0	6	0	45	41	0	2	35	47	31	-1	24	0	0	0	0	0	-1	29	0	0	0	-1
c17049	0	25	30	0	0	-1	19	0	-1	0	-1	41	0	2	35	47	31	25	24	0	0	-1	0	0	3	29	0	0	0	-1
c17068	0	-1	30	0	0	48	0	0	6	0	-1	31	-1	0	0	0	31	0	0	45	0	0	0	-1	0	0	0	0	0	-1
c17074	0	-1	30	-1	0	48	0	-1	6	0	0	13	29	0	-1	-1	31	0	0	44	2	0	0	-1	0	-1	0	0	3	-1
c17081	0	-1	-1	0	24	48	0	0	6	0	0	0	0	2	0	0	31	25	-1	0	0	0	0	0	0	29	0	26	0	-1
c17086	0	0	30	-1	27	48	19	29	6	0	0	0	0	0	-1	0	-1	0	-1	27	-1	-1	-1	22	46	39	0	0	0	-1
c17106	25	-1	-1	1	0	0	0	0	0	-1	-1	0	0	24	-1	32	31	35	29	41	0	-1	-1	0	4	1	-1	0	-1	0
c17111	45	0	19	-1	9	0	3	31	0	0	-1	0	-1	0	0	32	-1	0	0	-1	-1	-1	-1	44	4	6	24	-1	40	0
c17126	45	0	0	-1	9	-1	3	31	0	-1	-1	0	48	-1	-1	-1	31	0	25	34	-1	40	-1	44	4	0	24	0	0	0
c17136	0	0	-1	1	0	10	0	0	-1	0	-1	0	0	0	-1	32	31	0	0	-1	46	40	-1	0	4	19	-1	1	0	0
c17139	0	0	0	1	0	13	0	-1	0	0	-1	0	45	41	0	32	31	0	24	-1	-1	40	-1	-1	4	5	24	0	0	43
c17149	3	-1	30	-1	0	48	0	0	6	0	-1	0	0	2	0	0	31	25	0	41	-1	0	8	41	0	0	0	0	5	-1
c17155	3	0	30	0	0	48	0	-1	6	0	0	13	-1	0	0	0	31	0	0	44	2	0	0	22	0	-1	0	0	3	-1
c17166	0	-1	-1	-1	0	48	-1	-1	-1	-1	0	0	-1	-1	0	0	31	-1	24	0	0	31	0	0	-1	29	-1	0	-1	-1
c17174	0	0	30	31	50	-1	-1	0	6	0	0	-1	0	0	0	0	31	0	-1	2	0	0	-1	0	1	0	-1	0	0	-1
c17180	-1	25	30	0	0	48	0	0	-1	0	11	0	-1	-1	35	2	-1	25	-1	26	-1	0	0	10	0	29	0	0	0	-1
c17182	0	-1	0	1	0	0	0	34	-1	0	-1	-1	16	24	0	32	31	35	29	0	-1	40	-1	0	4	-1	0	0	-1	0
c17216	0	-1	-1	1	0	0	0	33	41	0	-1	45	-1	0	0	32	31	0	24	-1	2	40	-1	0	4	0	45	0	0	0
c17227	31	25	30	32	0	48	0	50	6	0	19	0	0	2	0	0	31	25	24	0	-1	-1	0	41	0	29	0	46	0	-1
c17229	0	0	30	0	0	48	0	29	6	45	-1	0	0	0	31	0	31	-1	0	-1	-1	0	3	0	-1	0	-1	-1	0	-1
c17236	0	0	30	0	-1	-1	0	29	6	49	-1	0	0	0	0	0	31	0	0	0	0	0	0	-1	0	39	0	0	-1	-1
c17246	0	0	30	27	35	48	0	0	-1	0	0	42	-1	0	0	-1	31	0	0	-1	0	-1	0	0	0	0	-1	0	0	-1
c17250	29	25	30	0	0	48	6	0	-1	0	-1	0	0	2	0	0	31	25	24	0	0	0	0	-1	0	-1	-1	-1	-1	-1
c17251	29	25	-1	-1	0	-1	6	0	6	0	0	0	-1	2	0	0	31	-1	24	0	0	0	0	-1	-1	29	0	-1	0	-1
c17254	0	0	30	-1	0	48	0	-1	6	-1	0	0	0	2	0	39	-1	25	24	0	0	0	0	0	-1	29	0	-1	0	-1
c17257	0	0	-1	-1	0	-1	0	0	6	2	0	42	0	0	0	0	31	-1	0	0	15	-1	0	0	34	0	-1	0	0	-1
c17266	0	-1	29	1	0	0	31	0	0	0	-1	-1	0	0	5	32	31	8	29	0	33	40	-1	0	4	0	-1	0	-1	0
c17267	-1	-1	29	1	0	0	-1	0	0	0	-1	-1	0	0	5	32	31	8	29	0	33	40	-1	0	4	0	20	0	-1	0
c17268	0	7	-1	8	41	48	0	0	6	31	-1	0	2	0	0	0	31	0	0	0	48	0	35	0	-1	20	41	0	0	-1
c17272	0	-1	0	1	0	0	0	0	0	0	-1	0	0	-1	0	32	31	35	29	-1	0	-1	-1	0	-1	0	0	0	-1	0
c17284	0	0	30	0	31	-1	0	29	6	0	-1	0	-1	0	0	0	31	0	-1	19	0	0	3	0	0	-1	0	0	0	-1
c17287	3	-1	30	-1	0	48	0	0	6	-1	41	0	0	2	0	0	31	25	0	-1	3	-1	0	41	0	0	-1	0	5	-1
c17297	0	-1	0	1	0	41	-1	-1	-1	0	-1	-1	0	3	-1	32	31	35	29	0	1	-1	-1	0	-1	0	0	29	-1	33
c17302	-1	3	-1	3	0	-1	-1	-1	6	0	41	0	0	2	0	0	31	25	-1	41	3	0	0	41	0	0	0	0	0	-1
c17306	0	-1	0	1	31	-1	-1	0	0	0	-1	31	0	0	0	32	31	0	-1	0	33	40	-1	-1	4	0	0	-1	-1	0
c17307	0	-1	0	1	31	-1	0	0	0	0	-1	31	0	0	-1	32	31	0	29	0	33	40	-1	-1	4	0	0	0	-1	0
c17310	0	7	-1	8	41	48	0	0	6	31	-1	-1	2	-1	0	-1	31	0	0	1	48	0	-1	-1	-1	20	-1	0	0	-1
c17312	0	0	0	1	0	-1	0	-1	0	31	-1	-1	0	0	43	-1	31	0	49	0	0	40	-1	0	4	-1	-1	0	10	4
c17313	0	0	0	1	0	-1	0	-1	0	-1	-1	-1	0	0	43	32	31	0	49	0	-1	40	-1	0	4	-1	-1	0	10	-1
c17322	-1	0	0	1	0	-1	-1	-1	0	0	-1	30	0	0	0	32	31	0	49	0	0	40	-1	0	-1	0	-1	0	10	4
c17323	0	0	-1	1	0	-1	0	-1	0	0	-1	30	0	0	0	-1	31	-1	-1	0	0	-1	-1	0	4	0	-1	0	10	4
c17337	0	0	0	1	9	-1	3	0	0	0	-1	0	-1	0	0	32	31	31	-1	0	21	40	-1	-1	4	0	-1	46	0	0
c17346	0	25	30	0	40	48	0	0	6	0	0	-1	0	2	0	0	31	25	24	0	0	0	-1	0	0	-1	0	34	0	-1
c17347	0	-1	30	0	40	48	0	0	6	0	0	0	0	2	0	-1	31	25	-1	0	0	0	-1	0	0	29	0	34	0	-1
c17361	-1	25	30	0	-1	-1	0	0	6	0	-1	0	0	2	35	0	31	25	24	0	0	3	0	0	0	29	0	46	0	-1
c17368	31	25	30	0	0	48	0	50	6	46	26	0	29	-1	29	0	-1	-1	24	1	0	-1	0	0	-1	29	-1	46	0	-1
c17369	31	25	30	0	0	48	0	50	6	46	26	0	29	2	-1	0	31	25	24	1	0	-1	0	0	-1	-1	0	46	0	-1
c17379	1	0	30	13	35	48	19	0	6	0	-1	0	-1	0	0	0	31	-1	0	-1	0	0	-1	43	9	0	0	-1	0	-1
c17391	0	0	30	-1	0	-1	48	29	6	0	0	0	0	0	0	-1	31	0	11	0	0	0	0	0	0	0	-1	0	-1	-1
c17398	0	-1	-1	1	-1	1	31	0	-1	-1	-1	-1	0	0	5	32	31	-1	-1	-1	33	40	-1	0	4	-1	0	-1	-1	-1
c17401	0	6	33	1	0	0	0	0	0	-1	0	0	-1	0	0	32	31	0	-1	33	2	40	-1	0	4	0	0	0	0	0
c17402	0	0	30	0	26	-1	0	29	6	0	0	0	0	0	-1	-1	31	0	0	0	0	-1	0	31	0	0	0	0	0	-1
c17416	-1	-1	30	-1	0	48	0	-1	6	-1	0	0	0	2	0	0	31	25	24	3	-1	31	0	0	0	29	-1	31	-1	-1
c17417	0	-1	30	0	0	48	-1	-1	6	-1	0	0	0	2	0	0	31	25	24	3	0	31	-1	0	-1	29	41	31	-1	-1
c17454	0	0	30	0	0	48	0	29	6	0	-1	0	0	32	46	0	31	0	0	0	24	0	-1	22	0	39	-1	0	0	-1
c17456	0	-1	0	1	0	-1	-1	0	0	0	-1	0	-1	24	0	32	31	35	29	0	-1	40	-1	1	4	3	0	0	-1	0
c17462	26	-1	30	-1	0	48	0	-1	6	0	0	34	0	0	0	-1	31	0	0	0	2	0	0	-1	0	39	0	0	0	-1
c17467	0	25	30	-1	11	-1	0	-1	6	-1	11	0	0	2	-1	0	31	25	24	25	8	33	-1	10	0	29	0	-1	0	-1
c17494	0	0	30	-1	24	48	0	13	6	31	0	0	2	0	34	0	31	-1	0	30	48	-1	34	0	0	-1	41	0	0	-1
c17517	0	0	0	1	0	0	0	-1	-1	48	-1	0	0	0	-1	32	-1	0	0	0	-1	40	-1	-1	4	0	-1	1	0	0
c17520	35	25	30	0	-1	48	0	0	6	0	11	0	-1	2	-1	-1	31	25	-1	-1	-1	0	-1	10	0	29	0	-1	0	-1
c17529	-1	0	-1	7	0	48	0	0	6	26	0	-1	0	0	30	0	-1	0	-1	-1	0	3	45	-1	0	17	0	31	0	-1
c17537	26	25	30	0	50	-1	19	-1	6	-1	45	41	0	2	35	36	-1	25	-1	-1	0	0	-1	0	3	29	0	0	7	-1
c17538	48	-1	0	1	-1	-1	0	0	0	8	-1	0	0	24	-1	-1	-1	-1	29	0	0	40	-1	0	4	-1	20	0	-1	0
c17544	-1	-1	-1	-1	0	-1	8	-1	0	0	-1	-1	10	24	0	32	-1	35	29	-1	0	40	-1	0	4	0	0	0	-1	0
c17559	-1	-1	-1	1	0	0	-1	0	0	0	-1	-1	0	31	31	32	-1	8	29	-1	33	40	-1	0	4	26	0	0	-1	0
c17584	29	39	-1	41	0	48	0	15	6	31	-1	0	2	0	0	0	31	0	41	2	48	0	-1	0	-1	46	41	0	0	-1
c17586	0	0	30	0	0	-1	0	29	6	0	47	-1	6	0	0	0	31	0	0	0	0	0	0	31	0	0	0	0	0	-1
c17609	3	0	30	0	0	48	-1	-1	6	2	41	0	0	-1	0	0	-1	25	0	-1	3	0	0	41	0	0	0	0	42	-1
c17627	-1	25	30	0	0	48	19	0	6	0	45	41	-1	2	35	0	31	-1	24	9	0	-1	-1	0	3	29	0	0	-1	-1
c17629	0	0	30	0	0	48	34	0	-1	39	-1	0	0	26	-1	0	31	-1	-1	0	0	35	8	-1	0	0	0	0	0	-1
c17630	-1	0	-1	13	0	48	19	-1	6	-1	0	0	-1	0	0	0	-1	-1	-1	-1	0	0	33	43	0	-1	0	-1	-1	-1
c17673	0	-1	-1	1	0	0	0	-1	0	0	-1	-1	1	0	0	-1	31	8	29	0	33	-1	-1	0	4	0	0	-1	-1	0
c17674	0	0	-1	13	0	48	19	0	6	0	0	0	-1	0	0	0	31	0	18	-1	0	0	33	-1	0	0	0	-1	0	-1
c17686	-1	-1	30	13	0	48	0	0	-1	-1	-1	11	0	0	1	-1	31	0	0	0	-1	-1	-1	0	0	0	0	-1	0	-1
c17692	-1	7	30	-1	41	-1	0	0	-1	31	-1	0	2	0	0	0	31	-1	0	0	48	-1	35	0	-1	20	41	0	0	-1
c17703	0	-1	-1	1	0	0	0	0	0	0	-1	0	-1	0	-1	-1	-1	0	0	0	2	40	-1	-1	4	0	0	31	0	0
c17713	0	-1	0	1	0	0	0	0	-1	-1	-1	0	0	-1	0	32	-1	-1	29	37	0	40	-1	33	-1	0	29	-1	-1	-1
c17720	0	0	-1	0	-1	48	-1	-1	-1	0	0	-1	0	0	-1	0	31	-1	0	0	0	0	0	-1	0	-1	0	0	50	-1
c17735	0	-1	0	1	0	-1	0	0	26	0	-1	0	-1	24	-1	32	31	-1	29	0	0	-1	-1	0	4	-1	0	0	-1	-1
c17755	-1	0	-1	0	0	48	34	0	6	0	0	0	3	-1	-1	0	-1	0	49	0	0	0	0	0	-1	0	0	0	0	-1
c17757	0	0	30	-1	0	48	0	29	-1	-1	-1	-1	0	0	0	0	-1	0	-1	0	0	-1	-1	22	0	-1	0	-1	0	-1
c17759	0	-1	0	1	3	31	-1	-1	0	-1	-1	21	-1	-1	0	-1	31	2	29	-1	33	40	-1	0	4	-1	0	0	-1	0
c17779	0	-1	0	1	-1	0	0	-1	32	0	-1	-1	0	0	0	32	31	8	29	0	-1	-1	-1	24	4	0	-1	0	-1	-1
c17783	0	0	30	0	0	48	0	0	6	31	0	0	2	-1	0	0	31	0	0	0	48	0	34	0	0	-1	41	0	0	-1
c17784	0	-1	0	1	-1	0	3	0	0	0	-1	0	0	0	-1	-1	31	0	-1	0	-1	40	-1	0	4	0	-1	41	0	-1
c17790	0	0	30	-1	50	48	-1	5	6	0	0	6	0	41	0	0	-1	-1	0	0	46	22	0	0	1	-1	0	0	-1	-1
c17793	0	39	0	1	-1	0	-1	0	-1	0	-1	0	0	-1	-1	32	31	-1	3	0	-1	40	-1	-1	-1	0	24	-1	0	0
c17809	-1	-1	-1	-1	-1	48	0	0	6	0	0	42	-1	0	0	-1	31	0	-1	-1	0	-1	0	-1	0	0	0	0	29	-1
c17811	-1	0	30	0	0	48	0	-1	6	0	0	34	0	0	0	0	-1	-1	0	-1	2	0	0	22	0	39	-1	-1	0	-1
c17815	0	0	30	7	0	-1	0	-1	6	26	0	31	0	0	-1	-1	31	0	19	0	0	-1	0	-1	0	17	-1	0	1	-1
c17820	0	0	30	0	0	48	0	29	6	0	0	0	0	0	0	0	31	-1	0	-1	0	3	0	22	0	-1	-1	0	0	-1
c17829	0	0	30	33	-1	48	0	0	6	0	0	0	-1	2	0	39	-1	25	24	0	0	0	0	0	-1	29	0	50	0	-1
c17840	0	0	0	-1	0	0	0	0	-1	48	-1	0	0	0	0	-1	31	-1	0	0	0	40	-1	-1	4	0	24	1	0	0
c17846	0	0	30	-1	50	48	0	29	6	-1	0	19	0	0	-1	0	-1	-1	0	0	0	33	0	22	0	-1	45	0	-1	-1
c17851	0	-1	33	1	0	0	-1	0	41	-1	0	0	-1	0	0	32	31	0	0	2	2	40	-1	0	4	0	45	0	0	0
c17855	0	0	30	7	0	-1	29	0	6	26	0	31	0	0	48	-1	31	0	21	0	0	0	0	-1	0	17	-1	0	0	-1
c17867	0	0	33	1	41	0	41	26	0	-1	0	-1	-1	-1	-1	32	-1	0	-1	0	2	40	-1	0	4	0	0	0	0	0
c17870	46	-1	30	0	0	48	-1	43	6	9	0	0	1	2	0	0	31	25	24	0	0	0	0	0	-1	29	0	11	0	-1
c17885	-1	0	3	1	0	0	0	0	-1	31	-1	0	1	-1	0	32	31	0	0	0	0	40	-1	0	4	19	-1	1	33	-1
c17899	0	6	33	1	0	0	-1	0	49	0	0	0	-1	0	3	32	31	-1	0	0	2	-1	-1	0	4	0	0	0	-1	0
c17962	0	25	30	0	0	-1	-1	0	6	0	11	0	0	2	35	0	31	25	24	0	8	-1	15	10	-1	29	-1	0	0	-1
c17977	3	0	30	0	0	48	0	-1	6	31	-1	31	0	0	0	0	31	0	0	45	0	0	-1	-1	0	0	0	0	0	-1
c17980	0	-1	0	1	0	0	0	0	-1	0	-1	0	0	0	41	32	31	35	29	0	41	40	-1	0	-1	0	-1	29	-1	33
c18002	0	46	30	-1	0	48	0	0	6	-1	46	-1	0	24	0	0	-1	0	1	0	-1	0	33	-1	0	31	0	-1	6	-1
c18003	0	46	-1	13	0	48	0	0	6	0	46	0	0	24	-1	0	31	0	1	0	-1	0	33	0	0	31	0	0	6	-1
c18005	0	7	-1	8	41	48	46	0	6	31	-1	0	2	-1	-1	0	-1	-1	41	-1	48	-1	35	0	-1	20	41	-1	0	-1
c18032	0	0	30	46	-1	48	0	0	6	31	-1	0	2	0	34	0	31	0	0	0	-1	0	-1	-1	3	0	41	0	0	-1
c18046	0	25	-1	0	0	48	0	0	6	-1	11	0	0	-1	35	0	31	25	24	26	8	-1	15	10	0	29	0	0	0	-1
c18047	0	25	30	0	0	48	-1	0	6	0	11	0	0	2	35	0	31	25	24	26	8	0	15	10	0	29	0	-1	0	-1
c18055	18	35	30	43	50	48	33	29	6	13	20	0	0	-1	0	0	31	0	35	-1	-1	0	-1	0	0	-1	39	0	-1	-1
c18068	0	0	-1	1	-1	0	0	0	-1	0	-1	-1	-1	0	-1	32	31	-1	-1	0	0	40	-1	0	4	0	24	-1	0	0
c18069	0	0	0	1	0	-1	0	-1	-1	0	-1	0	-1	-1	0	32	31	0	0	0	0	40	-1	0	4	0	24	1	0	0
c18082	0	0	30	-1	0	48	0	-1	6	0	0	0	0	43	0	0	31	11	0	0	2	-1	0	22	-1	39	0	0	0	-1
c18086	0	0	30	-1	0	-1	0	-1	-1	0	-1	44	0	8	-1	-1	31	24	0	13	2	0	0	22	0	39	35	0	0	-1
c18116	0	0	0	1	0	0	0	20	-1	0	-1	0	-1	0	0	32	31	0	-1	19	45	40	-1	0	4	10	24	0	19	-1
c18134	-1	-1	0	1	0	0	31	0	1	0	-1	-1	0	-1	31	32	31	8	29	0	33	40	-1	0	-1	26	0	0	-1	0
c18149	0	43	30	0	0	-1	0	-1	-1	-1	0	-1	-1	3	49	0	31	0	0	43	-1	-1	0	22	0	39	0	0	0	-1
c18156	0	-1	0	1	0	0	-1	-1	41	0	-1	-1	0	0	-1	32	31	35	29	0	0	40	-1	0	-1	0	0	29	-1	33
