	0	1	2	3	4	5	6	7	8	9	10	11	12	13	14	15	16	17	18	19	20	21	22	23	24	25	26	27	28	29
c633	0	-1	-1	-1	0	-1	-1	0	0	0	0	16	0	0	-1	0	-1	0	-1	0	0	0	0	29	8	-1	12	0	29	8
c1014	0	-1	0	-1	-1	50	-1	0	11	0	-1	0	25	-1	27	0	30	21	-1	18	38	-1	0	0	-1	22	-1	18	-1	0
c1026	24	-1	0	41	-1	0	-1	-1	0	0	0	0	0	0	-1	0	0	-1	-1	-1	-1	-1	0	39	0	18	0	6	0	47
c1283	10	0	35	0	0	0	-1	0	-1	39	0	0	-1	-1	0	44	-1	-1	-1	15	26	0	0	0	48	15	-1	26	38	9
c1747	0	24	0	-1	-1	0	-1	0	-1	18	0	0	0	0	0	0	7	0	40	0	-1	0	0	40	18	0	-1	18	-1	0
c1760	0	0	48	42	0	16	-1	-1	6	39	0	-1	19	14	-1	0	7	37	0	15	0	0	0	0	48	0	-1	-1	0	29
c1788	44	-1	48	-1	7	0	-1	0	40	0	-1	0	0	22	0	0	0	0	-1	-1	0	-1	-1	27	0	18	-1	44	16	17
c1930	-1	0	-1	0	0	0	-1	0	0	18	30	0	0	0	0	-1	7	0	0	0	0	-1	0	0	0	5	8	18	-1	0
c1956	-1	11	0	0	0	0	-1	30	-1	21	0	6	32	0	0	-1	-1	0	-1	28	0	0	-1	0	0	-1	8	-1	0	0
c2019	0	0	-1	0	0	-1	-1	-1	6	-1	0	0	30	0	27	0	7	0	0	15	40	0	0	0	48	0	0	0	0	-1
c2020	-1	-1	11	36	0	0	-1	0	0	-1	0	0	0	-1	0	0	18	0	-1	0	0	16	-1	0	0	-1	-1	0	0	0
c2081	0	-1	11	0	0	0	-1	0	0	0	0	-1	-1	0	0	0	-1	0	-1	0	0	0	0	0	15	0	0	0	0	0
c2243	0	0	0	-1	-1	-1	-1	-1	-1	0	0	-1	0	2	-1	22	47	47	0	40	0	48	0	0	0	16	26	0	-1	0
c2256	0	-1	22	0	0	44	-1	0	-1	0	0	30	0	0	-1	0	-1	0	-1	-1	24	-1	0	0	0	0	0	0	0	0
c2487	-1	-1	0	0	0	0	-1	-1	0	0	1	0	-1	-1	34	13	0	0	47	40	0	0	0	0	9	-1	0	0	48	-1
c2559	-1	0	21	-1	0	0	-1	-1	-1	0	0	22	0	0	34	-1	-1	47	-1	-1	30	0	0	-1	0	16	-1	0	28	0
c2589	-1	5	-1	-1	0	0	-1	-1	0	30	0	18	0	-1	0	0	7	43	40	0	0	-1	0	-1	11	-1	-1	18	28	0
c2617	-1	26	-1	0	26	0	-1	0	0	0	16	0	26	0	25	0	-1	30	40	16	-1	0	0	-1	0	0	8	18	0	0
c2694	0	-1	0	0	0	0	-1	-1	0	0	0	0	21	0	15	7	12	0	-1	15	16	0	-1	-1	-1	21	-1	0	47	8
c2766	0	44	0	11	-1	18	-1	-1	48	-1	0	0	0	0	0	18	7	-1	6	19	0	0	0	-1	0	0	47	-1	22	-1
c2817	0	-1	21	-1	0	-1	-1	-1	-1	0	0	-1	0	0	34	-1	47	47	-1	40	30	40	0	-1	27	16	26	0	28	0
c2897	0	-1	0	0	5	-1	-1	12	0	-1	39	0	-1	0	-1	0	11	-1	-1	0	-1	25	16	-1	-1	18	0	6	6	-1
c2908	0	0	0	0	0	0	-1	21	6	39	-1	0	0	0	0	18	7	0	0	-1	-1	0	0	0	48	0	0	-1	0	0
c2962	0	0	28	0	47	-1	-1	0	6	39	0	0	-1	14	-1	12	7	-1	0	15	-1	0	0	0	48	-1	17	2	0	0
c2975	9	0	0	0	0	0	-1	25	0	0	0	0	33	0	0	-1	7	0	0	15	0	-1	0	-1	-1	0	8	0	0	0
c3006	0	-1	0	0	-1	44	-1	0	15	-1	22	40	0	48	0	-1	0	0	-1	0	0	2	0	18	0	0	0	9	0	0
c3053	27	0	0	0	9	26	-1	0	0	0	0	0	24	18	-1	-1	7	-1	-1	-1	-1	30	0	30	0	0	0	-1	0	-1
c3062	0	-1	0	-1	0	0	-1	0	13	0	-1	-1	11	0	-1	-1	0	-1	-1	15	0	-1	-1	22	48	0	0	0	11	0
c3081	18	0	0	0	-1	0	-1	0	0	12	0	-1	33	-1	0	0	7	43	-1	-1	-1	0	0	0	11	-1	8	18	38	0
c3085	0	-1	6	0	19	0	-1	-1	-1	18	0	0	-1	0	0	0	0	29	-1	0	30	0	0	0	0	0	0	25	0	5
c3135	0	-1	0	0	0	-1	-1	0	0	0	0	20	25	-1	27	0	30	-1	-1	0	-1	36	0	0	16	22	0	18	12	0
c3223	44	-1	-1	0	0	50	-1	0	0	0	0	-1	-1	0	33	0	30	21	-1	0	28	-1	-1	0	0	0	-1	0	6	24
c3358	-1	0	0	-1	17	0	-1	-1	-1	0	16	0	0	0	34	11	47	-1	0	40	0	-1	-1	-1	0	16	26	0	26	-1
c3370	0	-1	-1	-1	0	38	-1	0	0	0	0	0	18	0	0	0	15	0	-1	0	0	0	0	0	16	5	0	15	0	0
c3420	0	-1	-1	18	0	0	-1	0	29	-1	0	0	18	0	0	0	-1	-1	-1	-1	0	13	0	0	0	0	22	21	0	-1
c3428	47	0	-1	0	-1	0	-1	0	11	-1	38	0	0	-1	-1	18	7	0	16	47	0	47	0	0	0	0	0	0	-1	-1
c3484	0	-1	0	0	0	-1	-1	33	0	0	-1	0	25	-1	27	-1	30	21	-1	0	0	36	0	-1	16	22	0	18	0	0
c3496	0	30	0	0	0	34	-1	0	0	-1	0	0	-1	18	0	0	7	-1	40	22	0	0	-1	0	-1	50	8	18	0	45
c3525	48	-1	0	0	0	50	-1	-1	20	0	0	-1	27	-1	33	0	30	21	-1	0	0	11	0	0	0	15	0	-1	0	24
c3542	0	-1	39	-1	-1	-1	-1	0	33	0	0	0	25	0	27	0	-1	21	-1	0	0	-1	26	-1	16	22	-1	-1	0	-1
c3669	47	0	20	0	0	0	-1	-1	11	-1	38	0	-1	-1	0	-1	7	-1	0	5	31	47	0	0	11	0	0	0	-1	-1
c3700	0	0	0	-1	0	0	-1	-1	-1	0	-1	-1	0	0	34	0	47	47	0	40	0	48	0	-1	0	16	26	0	28	-1
c3804	0	-1	-1	0	0	0	-1	-1	18	8	0	0	0	48	-1	24	-1	0	-1	-1	0	21	0	-1	18	25	0	9	0	0
c3828	0	-1	35	16	30	18	-1	-1	6	-1	0	-1	0	4	0	-1	7	-1	33	15	-1	0	0	0	48	15	0	15	38	0
c3854	0	0	0	30	0	0	-1	18	6	39	16	0	0	31	-1	0	-1	21	0	15	0	0	11	0	48	0	0	0	11	-1
c3904	-1	39	0	14	0	-1	-1	0	0	0	0	-1	0	-1	-1	0	-1	0	-1	-1	0	0	0	22	0	-1	8	18	5	0
c3922	-1	0	-1	-1	0	0	-1	-1	-1	0	-1	-1	-1	0	-1	-1	47	47	20	40	30	0	0	0	18	16	26	0	-1	0
c3928	-1	0	0	0	0	8	-1	0	43	28	-1	-1	27	0	0	0	7	-1	0	0	0	-1	12	-1	0	37	8	18	12	-1
c3948	0	0	-1	22	0	0	-1	-1	0	18	0	0	27	0	-1	33	7	0	0	-1	-1	0	0	0	37	0	8	18	-1	-1
c3950	0	0	0	-1	0	0	-1	-1	0	30	0	0	0	-1	-1	0	7	43	40	0	44	0	0	0	11	-1	-1	-1	14	-1
c4052	0	0	21	-1	-1	0	-1	-1	-1	0	47	-1	0	0	34	0	-1	-1	15	40	0	-1	0	0	0	16	26	-1	28	0
c4154	-1	0	0	-1	17	-1	-1	-1	-1	6	16	28	-1	-1	34	-1	47	27	-1	40	0	0	-1	0	0	16	26	0	0	0
c4239	-1	0	18	0	0	0	-1	0	0	-1	30	0	0	0	0	-1	7	-1	-1	-1	0	0	0	0	0	5	8	18	10	42
c4267	-1	-1	0	0	-1	-1	-1	0	0	0	0	0	-1	5	-1	0	0	-1	-1	0	0	0	6	29	22	0	22	0	0	8
c4320	0	-1	0	0	22	44	-1	-1	0	0	27	-1	0	48	0	-1	0	0	-1	0	0	0	0	-1	0	0	0	9	0	0
c4332	0	-1	0	0	0	50	-1	0	-1	0	0	-1	27	-1	33	0	-1	-1	-1	0	-1	0	0	16	0	18	24	-1	27	24
c4371	44	-1	0	-1	0	0	-1	43	0	0	-1	0	-1	39	0	7	0	26	-1	0	0	0	0	0	29	0	-1	0	47	-1
c4374	-1	-1	0	0	0	22	-1	0	-1	0	-1	6	0	-1	-1	-1	-1	0	0	28	43	0	21	0	0	-1	8	18	0	0
c4389	0	44	0	0	-1	0	-1	0	-1	22	0	0	-1	-1	0	10	7	0	6	19	0	16	0	0	48	0	47	0	22	-1
c4398	0	0	0	0	0	0	-1	0	0	18	0	0	0	-1	0	0	7	0	40	0	0	0	24	0	-1	0	8	18	-1	0
c4456	-1	-1	35	0	-1	0	-1	0	6	39	18	0	0	0	0	16	7	6	22	15	26	0	-1	1	48	15	-1	0	0	0
c4500	0	15	0	-1	0	6	-1	-1	-1	-1	0	0	33	-1	34	-1	-1	47	0	40	0	48	0	0	28	-1	-1	0	28	6
c4501	0	15	0	-1	0	-1	-1	-1	-1	-1	0	0	0	-1	34	-1	-1	47	0	40	0	48	-1	0	28	16	26	0	28	6
c4549	-1	-1	0	0	0	50	-1	40	0	10	24	27	25	-1	27	0	30	21	-1	-1	-1	36	0	26	16	22	0	18	0	0
c4597	-1	18	18	0	0	14	-1	0	0	18	30	0	0	0	0	-1	7	-1	0	0	-1	21	22	0	0	0	8	18	10	38
c4616	44	-1	-1	-1	24	11	-1	-1	40	-1	0	11	44	0	24	0	7	-1	0	9	-1	-1	0	0	-1	0	0	0	-1	-1
c4636	0	-1	28	27	21	0	-1	-1	0	0	0	0	0	20	34	0	43	0	0	40	40	-1	0	22	0	-1	-1	37	-1	0
c4668	0	-1	-1	0	0	-1	-1	-1	0	0	18	0	25	0	27	0	30	21	-1	0	0	36	0	-1	16	22	-1	-1	0	0
c4673	0	-1	0	-1	0	50	-1	0	-1	0	0	0	-1	0	27	0	30	-1	-1	0	21	36	0	0	16	22	0	18	0	0
c4755	-1	-1	0	26	0	0	-1	33	0	-1	0	0	0	0	7	0	7	11	6	19	0	-1	9	0	0	28	47	40	22	-1
c4774	-1	-1	0	0	-1	-1	-1	0	0	0	13	0	47	15	0	-1	7	0	-1	0	0	0	0	0	0	0	8	-1	0	0
c4782	0	-1	47	0	-1	50	-1	-1	-1	0	0	9	27	0	33	0	30	21	-1	0	28	0	0	-1	-1	-1	0	0	0	24
c4788	0	-1	0	0	0	44	-1	0	-1	0	0	-1	0	48	0	-1	12	0	-1	0	0	2	0	-1	0	0	0	9	0	-1
c4827	0	0	-1	-1	21	-1	-1	-1	0	0	0	0	0	20	34	0	43	0	0	40	40	0	0	22	0	16	0	0	-1	-1
c4828	-1	0	18	0	28	24	-1	0	0	-1	-1	0	0	0	10	-1	7	0	33	15	0	0	0	6	-1	-1	8	0	-1	40
c4844	0	47	0	0	0	0	-1	-1	0	-1	0	18	0	-1	0	0	7	-1	40	0	0	0	0	-1	-1	-1	-1	18	0	21
c4861	0	-1	19	0	0	0	-1	0	-1	0	-1	-1	0	5	0	31	-1	38	-1	0	0	10	0	5	0	-1	0	0	-1	47
c4866	-1	0	0	-1	0	0	-1	0	-1	-1	0	0	26	0	25	9	7	5	40	0	0	0	18	-1	-1	27	8	18	0	0
c4878	-1	-1	0	16	0	38	-1	0	0	-1	0	0	18	0	0	0	-1	0	-1	0	-1	0	0	0	16	5	-1	0	0	0
c4903	0	-1	-1	-1	-1	-1	-1	0	0	-1	-1	-1	-1	0	0	0	7	-1	0	-1	0	0	0	0	-1	0	-1	11	0	0
c4925	0	-1	0	-1	0	27	-1	0	18	14	-1	0	-1	35	-1	0	0	0	-1	0	0	11	0	0	0	0	-1	4	0	0
c4929	0	-1	19	-1	0	0	-1	-1	48	0	-1	-1	0	5	30	0	30	38	-1	0	-1	10	0	7	0	0	0	0	0	47
c4933	0	0	0	0	27	0	-1	-1	-1	39	-1	0	15	0	0	0	7	0	0	15	7	0	0	0	-1	15	21	32	-1	39
c4956	-1	0	-1	-1	-1	0	-1	-1	6	39	-1	-1	0	0	19	0	7	44	0	-1	-1	11	28	0	-1	0	15	21	0	0
c4961	0	0	11	-1	0	6	-1	0	0	0	0	-1	0	0	0	0	7	43	40	44	0	0	-1	0	-1	0	8	18	0	50
c4982	16	-1	0	-1	0	8	-1	25	29	18	-1	0	-1	18	0	0	30	-1	-1	33	0	13	0	-1	-1	0	0	21	0	0
c4991	0	-1	-1	0	-1	50	-1	0	0	-1	0	0	-1	0	33	-1	30	21	-1	0	-1	0	0	0	0	-1	0	13	0	24
c4996	0	-1	18	0	0	-1	-1	-1	0	-1	0	0	25	0	27	-1	-1	-1	-1	-1	0	0	0	0	0	22	-1	18	0	10
c5006	-1	-1	48	0	15	16	-1	0	6	39	-1	0	19	-1	26	0	7	37	26	15	0	0	0	0	48	0	0	-1	0	0
c5043	-1	0	0	18	0	0	-1	0	-1	39	0	19	0	18	0	-1	7	0	0	15	0	33	0	0	48	0	-1	0	0	0
c5066	0	-1	0	41	-1	0	-1	-1	0	0	0	0	47	0	0	0	0	21	-1	-1	0	18	6	0	0	18	0	6	0	-1
c5095	-1	29	0	-1	0	40	-1	40	0	0	18	0	-1	0	0	-1	7	0	0	32	11	0	0	0	38	0	8	18	0	16
c5220	0	-1	0	0	0	0	-1	0	30	-1	15	0	40	0	-1	0	0	0	-1	-1	0	0	0	29	0	-1	0	14	0	8
c5244	0	-1	0	-1	25	0	-1	0	28	0	0	0	-1	0	0	0	-1	-1	-1	0	34	0	25	29	0	0	0	-1	34	8
c5309	47	0	0	-1	37	-1	-1	39	11	-1	-1	42	0	-1	0	18	7	0	0	0	0	-1	0	0	0	0	0	-1	22	-1
c5330	0	-1	0	-1	0	44	-1	-1	-1	0	0	40	-1	-1	-1	0	44	0	-1	0	0	2	-1	18	0	0	0	9	0	10
c5333	47	0	45	0	35	-1	-1	0	11	0	38	0	0	-1	0	18	7	0	0	-1	0	47	11	47	-1	0	0	0	-1	-1
c5343	0	-1	0	0	0	0	-1	0	0	0	0	0	-1	-1	0	0	7	0	0	15	47	0	0	-1	-1	0	8	0	0	0
c5355	-1	0	18	0	0	-1	-1	0	24	0	-1	0	0	26	0	0	-1	-1	0	0	47	-1	0	-1	0	0	8	18	-1	-1
c5389	0	-1	-1	0	0	0	-1	0	48	-1	0	-1	0	-1	-1	-1	30	19	-1	15	0	0	10	0	0	9	0	0	27	47
c5393	-1	44	-1	26	0	0	-1	-1	50	-1	0	-1	0	21	0	10	7	-1	6	19	-1	31	0	0	0	0	47	0	22	-1
c5395	-1	-1	0	0	0	-1	-1	0	0	44	-1	40	0	-1	0	0	0	0	-1	0	-1	0	0	13	27	0	0	-1	18	0
c5435	0	-1	0	-1	22	44	-1	0	0	0	27	-1	0	48	44	0	0	0	-1	0	0	0	0	24	0	0	-1	9	0	0
c5623	0	-1	-1	-1	0	39	-1	-1	-1	-1	0	-1	0	-1	0	0	7	0	40	22	0	24	-1	0	18	0	-1	-1	5	0
c5630	0	0	0	-1	27	0	-1	-1	-1	0	5	-1	0	-1	34	-1	47	47	0	-1	0	-1	0	0	0	16	-1	0	-1	-1
c5637	-1	0	28	0	0	0	-1	-1	0	18	-1	0	0	0	0	-1	7	0	40	-1	0	0	0	25	18	-1	8	-1	-1	0
c5651	0	0	11	0	18	-1	-1	-1	30	6	0	0	44	30	-1	0	50	0	0	-1	0	0	0	0	0	-1	30	20	48	-1
c5652	16	0	0	26	-1	0	-1	0	-1	39	18	0	18	0	0	0	-1	0	0	15	30	0	0	0	48	15	21	0	0	35
c5672	0	0	0	27	-1	0	-1	-1	0	0	7	0	-1	-1	34	0	43	-1	0	40	40	0	0	22	-1	16	0	0	0	0
c5673	0	-1	0	-1	21	0	-1	-1	0	-1	7	-1	0	20	34	0	43	0	0	-1	40	0	0	22	0	16	-1	0	0	0
c5677	0	-1	0	0	0	50	-1	0	-1	0	0	-1	-1	0	33	0	-1	21	-1	0	0	0	-1	-1	0	9	0	13	-1	-1
c5680	0	-1	-1	0	19	27	-1	0	-1	18	0	33	0	0	28	5	0	0	-1	0	0	0	11	0	-1	-1	0	25	11	-1
c5682	-1	-1	0	0	29	0	-1	0	0	-1	-1	0	0	0	-1	0	24	0	-1	-1	44	5	0	10	0	0	0	22	0	30
c5691	-1	-1	0	0	0	0	-1	0	0	25	-1	0	-1	40	0	0	7	-1	-1	-1	47	0	0	6	-1	18	8	0	-1	0
c5697	15	20	0	-1	0	0	-1	18	6	-1	0	36	0	24	0	-1	7	-1	47	15	0	18	0	15	48	0	-1	0	0	0
c5727	-1	-1	0	0	17	-1	-1	-1	6	39	0	0	0	0	33	0	7	-1	0	-1	0	-1	-1	26	48	-1	47	0	-1	16
c5757	-1	0	26	-1	17	0	-1	-1	-1	0	16	0	0	44	-1	0	47	0	16	40	0	0	32	0	40	-1	26	0	-1	0
c5760	0	-1	39	27	-1	15	-1	-1	-1	0	0	0	0	26	34	0	43	0	-1	40	0	-1	-1	-1	18	16	6	16	0	0
c5778	-1	-1	0	0	0	44	-1	-1	0	0	0	40	-1	48	0	0	27	0	-1	21	0	2	0	0	0	0	0	9	10	0
c5826	0	-1	0	21	0	-1	-1	-1	11	0	0	0	-1	0	-1	0	30	21	-1	0	0	0	0	0	-1	-1	0	18	0	0
c5828	27	0	0	-1	21	-1	-1	-1	0	0	-1	0	0	-1	34	0	43	-1	-1	40	-1	-1	0	0	18	16	0	0	11	16
c5858	-1	-1	-1	0	0	-1	-1	0	24	-1	-1	0	0	-1	0	0	7	32	-1	0	0	-1	0	12	0	24	-1	-1	10	0
c5868	48	0	15	-1	0	0	-1	11	6	39	-1	-1	0	0	0	0	7	0	0	-1	0	-1	0	0	48	0	0	0	0	0
c5886	0	0	0	0	0	0	-1	0	-1	-1	0	0	32	0	-1	0	7	0	0	-1	0	0	0	-1	48	-1	21	0	0	0
c5910	0	0	0	0	0	0	-1	0	-1	-1	0	0	-1	0	0	-1	7	0	40	0	0	-1	0	0	18	0	8	-1	-1	0
c6002	0	-1	0	-1	17	0	-1	-1	-1	-1	0	0	-1	20	34	0	47	0	14	-1	0	0	32	9	15	16	26	10	0	0
c6021	-1	0	0	0	27	0	-1	14	16	0	-1	0	-1	0	25	9	7	0	40	-1	0	0	0	0	0	27	-1	18	0	-1
c6049	-1	22	0	0	27	-1	-1	0	0	0	0	28	0	21	0	-1	7	0	42	0	8	-1	0	0	0	0	8	-1	0	0
c6141	0	47	-1	27	21	-1	-1	-1	-1	-1	0	36	0	-1	34	0	43	50	0	-1	-1	0	12	22	0	16	0	0	-1	0
c6175	27	0	21	-1	0	-1	-1	40	12	18	-1	0	0	5	-1	0	7	15	0	15	-1	-1	18	15	0	0	-1	0	-1	-1
c6183	-1	27	18	0	0	0	-1	-1	0	18	-1	0	0	0	0	-1	7	0	-1	0	0	0	40	0	-1	18	8	18	10	0
c6233	0	-1	-1	0	0	0	-1	0	0	0	11	42	0	-1	50	0	-1	0	-1	0	11	0	0	0	0	0	0	9	40	0
c6272	-1	-1	0	0	0	44	-1	0	0	0	0	40	-1	-1	2	0	44	37	-1	33	-1	2	0	18	0	0	0	-1	-1	0
c6308	-1	-1	0	0	0	50	-1	0	11	-1	18	-1	27	0	33	0	-1	21	-1	0	0	0	0	0	0	18	24	-1	27	-1
c6323	0	-1	0	0	31	0	-1	0	0	29	5	0	10	0	-1	-1	0	0	-1	33	-1	0	0	-1	0	0	-1	11	0	25
c6332	15	0	-1	0	-1	0	-1	-1	0	30	0	0	-1	-1	0	0	7	-1	40	0	-1	-1	0	29	-1	-1	-1	18	0	32
c6335	44	0	0	-1	-1	0	-1	-1	0	6	-1	0	0	0	34	0	47	0	0	40	0	-1	32	40	28	16	-1	0	0	-1
c6342	0	26	35	0	0	-1	-1	0	6	-1	0	-1	0	0	0	0	7	0	33	15	26	-1	0	0	48	15	-1	0	38	0
c6381	0	-1	35	16	-1	-1	-1	22	6	39	0	27	0	4	0	0	7	0	33	15	26	0	0	0	48	15	0	-1	-1	0
c6390	0	-1	0	0	0	5	-1	0	0	0	0	0	0	0	0	0	-1	0	-1	0	0	33	-1	0	-1	0	-1	31	-1	-1
c6405	5	0	0	14	0	40	-1	31	0	-1	0	0	0	0	-1	-1	7	0	0	-1	28	40	0	22	-1	-1	8	18	5	-1
c6428	0	-1	-1	0	29	0	-1	0	0	0	-1	18	0	0	-1	0	-1	0	-1	0	0	5	0	18	0	-1	0	21	0	50
c6430	-1	0	0	0	0	-1	-1	0	43	-1	-1	0	34	9	0	-1	7	21	0	0	-1	44	0	0	0	0	8	18	-1	0
c6444	-1	-1	-1	0	18	-1	-1	0	27	-1	-1	-1	0	-1	-1	26	7	39	-1	-1	35	18	-1	-1	-1	-1	0	47	22	-1
c6457	0	0	0	-1	-1	0	-1	-1	0	0	-1	-1	0	-1	34	0	47	45	14	40	-1	0	32	9	-1	16	-1	0	0	-1
c6556	42	-1	0	0	0	0	-1	0	0	0	-1	26	0	-1	0	0	0	0	-1	0	0	0	0	0	0	0	0	0	0	0
c6578	15	-1	-1	0	0	0	-1	0	-1	-1	-1	0	22	-1	0	0	0	42	-1	0	0	0	40	-1	0	-1	11	44	-1	0
c6591	-1	-1	0	40	-1	27	-1	-1	-1	-1	44	0	0	-1	-1	-1	0	0	-1	0	0	0	-1	0	0	0	29	0	0	-1
c6620	-1	6	0	0	-1	0	-1	0	0	0	0	-1	-1	15	43	-1	7	0	42	-1	0	-1	-1	0	-1	0	8	-1	0	34
c6621	-1	-1	0	0	-1	0	-1	0	0	0	-1	-1	0	-1	43	-1	7	-1	42	0	0	-1	-1	-1	0	0	8	-1	0	34
c6627	0	0	0	-1	0	0	-1	0	0	0	0	-1	-1	0	0	0	7	0	0	32	0	0	6	0	0	14	8	18	0	16
c6672	0	0	0	-1	0	21	-1	0	0	0	0	22	27	0	0	0	7	-1	0	15	47	0	0	-1	-1	0	8	0	0	0
c6691	0	11	0	18	0	18	-1	0	6	39	0	0	0	0	0	31	7	0	5	15	0	0	0	0	48	0	-1	-1	0	0
c6762	47	15	-1	0	35	27	-1	0	11	20	38	0	0	-1	15	18	7	0	0	0	0	0	48	47	28	0	0	0	22	-1
c6766	-1	-1	-1	-1	38	0	-1	0	0	0	0	0	21	-1	15	7	0	0	-1	-1	0	20	0	-1	-1	21	0	0	47	8
c6809	18	-1	0	0	0	0	-1	12	0	0	-1	-1	0	40	-1	31	0	0	-1	31	0	0	0	0	-1	18	-1	6	0	0
c6823	0	-1	0	-1	10	0	-1	0	0	-1	0	0	47	0	-1	0	-1	0	-1	-1	-1	11	0	0	0	0	-1	15	0	-1
c6826	-1	0	0	0	0	22	-1	0	-1	0	0	6	0	0	0	-1	7	-1	0	28	0	0	21	0	-1	-1	8	18	0	0
c6829	27	-1	0	27	21	0	-1	-1	0	14	-1	-1	0	0	34	0	43	0	0	40	0	-1	0	0	18	16	0	0	11	16
c6833	44	0	-1	18	0	0	-1	-1	6	39	12	0	0	31	0	-1	7	-1	0	-1	0	0	-1	0	48	15	0	-1	-1	-1
c6895	31	-1	-1	21	0	50	-1	0	11	0	10	0	25	-1	27	0	30	21	-1	11	0	0	22	0	18	22	-1	18	-1	-1
c6906	47	0	-1	-1	0	18	-1	-1	-1	0	0	-1	0	0	34	0	47	47	0	40	-1	0	0	0	0	-1	26	0	28	30
c6935	0	0	42	29	0	0	-1	48	0	0	11	0	26	-1	25	-1	7	-1	40	0	-1	-1	0	-1	0	0	8	18	0	0
c6940	-1	-1	0	50	-1	0	-1	15	0	0	16	0	-1	0	-1	-1	0	0	-1	16	0	0	-1	22	0	0	-1	0	0	0
c6945	0	0	-1	0	27	0	-1	0	18	0	15	0	26	0	25	-1	-1	11	40	0	-1	0	-1	0	0	27	-1	18	0	0
c6957	27	-1	-1	27	21	0	-1	-1	0	0	-1	-1	0	25	34	0	43	0	0	40	0	-1	-1	-1	18	-1	-1	0	11	16
c6960	-1	-1	21	0	0	0	-1	0	0	0	0	18	21	-1	0	7	28	0	-1	15	0	-1	-1	0	0	21	-1	0	47	8
c7003	0	44	1	18	24	0	-1	-1	0	0	0	0	0	0	21	0	7	0	6	19	0	0	0	0	0	0	47	0	-1	-1
c7058	10	-1	44	0	-1	0	-1	0	0	0	0	0	21	0	0	7	0	32	-1	15	0	0	0	0	-1	21	-1	0	-1	8
c7129	0	0	-1	0	0	0	-1	-1	6	39	0	-1	0	42	33	0	7	0	11	15	-1	6	-1	0	48	-1	-1	-1	0	0
c7130	-1	0	0	0	-1	0	-1	2	14	18	-1	-1	0	15	43	-1	7	0	-1	-1	-1	0	-1	0	0	0	8	-1	0	0
c7152	0	15	0	0	-1	0	-1	0	-1	39	0	0	0	0	-1	0	7	0	0	15	-1	0	0	0	48	15	-1	0	0	0
c7223	-1	-1	0	0	39	31	-1	-1	48	0	12	25	0	0	11	0	30	10	-1	0	-1	0	-1	11	27	0	-1	0	-1	0
c7227	0	-1	0	0	-1	0	-1	0	0	-1	-1	0	47	-1	-1	0	0	-1	-1	1	0	11	0	0	-1	0	0	0	0	-1
c7241	0	-1	-1	0	0	0	-1	0	0	0	0	0	21	0	0	7	0	0	-1	15	0	0	0	-1	0	0	0	0	47	8
c7253	0	0	-1	-1	21	0	-1	-1	0	0	0	0	-1	20	34	0	-1	-1	12	40	40	-1	40	22	-1	-1	0	0	0	-1
c7303	0	-1	0	-1	30	39	-1	28	29	0	0	-1	18	0	-1	-1	30	-1	-1	29	0	13	0	16	44	-1	0	21	13	-1
c7310	0	-1	0	0	22	44	-1	0	-1	0	27	-1	0	48	44	0	0	0	-1	0	0	0	0	0	-1	0	0	-1	-1	0
c7335	0	0	0	0	0	0	-1	-1	-1	21	0	22	0	-1	-1	0	7	0	0	0	20	24	0	0	18	-1	0	47	-1	-1
c7439	44	0	0	18	-1	0	-1	-1	6	39	0	0	0	0	0	0	7	0	0	15	0	0	8	0	48	-1	0	26	-1	-1
c7440	0	-1	0	0	0	-1	-1	9	0	34	0	40	-1	48	0	9	0	0	-1	0	0	2	-1	0	0	0	0	9	0	-1
c7446	0	0	48	0	0	16	-1	0	-1	39	0	0	-1	0	-1	0	7	37	0	-1	5	0	0	0	48	-1	-1	-1	0	0
c7472	20	-1	0	0	0	-1	-1	0	-1	0	0	0	21	0	0	7	0	-1	-1	15	11	-1	0	9	0	21	-1	0	47	8
c7487	0	-1	0	0	0	0	-1	-1	18	0	0	11	47	0	-1	0	0	50	-1	0	0	11	0	-1	0	0	9	5	0	11
c7493	0	-1	-1	18	0	-1	-1	0	0	0	0	0	25	0	27	0	30	-1	-1	0	7	36	26	0	16	-1	0	18	0	0
c7495	0	-1	-1	-1	0	0	-1	-1	-1	16	0	0	26	0	34	0	47	47	0	40	30	0	0	0	-1	16	26	0	28	7
c7504	-1	0	0	-1	0	0	-1	11	6	39	0	47	0	0	0	0	7	0	0	-1	26	0	0	0	48	0	0	0	0	0
c7524	0	0	0	0	0	0	-1	0	6	39	-1	-1	-1	42	-1	0	7	-1	11	15	0	-1	0	-1	48	-1	-1	0	0	0
c7525	0	0	0	0	0	-1	-1	0	6	39	-1	-1	-1	42	33	0	7	0	11	15	-1	0	0	0	48	-1	-1	-1	0	-1
c7530	0	-1	-1	-1	0	47	-1	-1	0	42	0	-1	0	0	27	0	7	-1	0	-1	-1	43	-1	0	-1	10	0	-1	0	0
c7573	0	-1	11	-1	0	0	-1	-1	0	0	0	0	-1	0	0	0	0	6	-1	-1	-1	0	0	0	0	0	-1	0	-1	0
c7596	44	-1	22	-1	-1	0	-1	-1	0	18	0	0	30	0	34	0	47	-1	-1	40	50	0	32	-1	44	16	26	0	42	0
c7598	16	0	0	26	0	0	-1	0	-1	39	18	0	-1	0	0	0	-1	0	0	15	-1	0	-1	-1	48	15	21	0	0	35
c7602	-1	-1	0	-1	22	44	-1	33	0	0	-1	40	0	48	0	47	0	9	-1	0	18	-1	25	0	0	29	0	9	0	0
c7625	47	-1	0	0	0	-1	-1	0	0	0	16	-1	11	0	-1	-1	-1	0	-1	15	0	0	-1	-1	0	26	0	0	44	30
c7636	0	-1	0	0	0	0	-1	0	0	18	0	0	21	0	0	7	0	0	-1	15	0	-1	-1	0	0	0	-1	0	47	-1
c7648	27	-1	6	0	19	-1	-1	0	0	18	0	0	0	0	0	-1	0	0	-1	0	22	0	0	0	0	0	0	25	39	5
c7656	0	-1	0	0	0	0	-1	0	0	0	40	40	-1	0	-1	0	0	-1	-1	0	0	5	0	0	0	0	0	0	0	30
c7672	0	22	0	0	0	9	-1	0	-1	-1	15	0	-1	-1	0	0	-1	43	40	0	-1	-1	1	0	11	-1	8	18	0	39
c7676	0	-1	0	18	0	0	-1	28	29	0	-1	0	-1	0	37	0	30	0	-1	0	0	13	0	0	44	0	-1	21	-1	0
c7680	0	-1	0	0	0	0	-1	0	0	0	0	0	-1	24	0	-1	0	14	-1	0	11	0	-1	26	0	5	0	0	0	0
c7687	15	0	0	27	-1	47	-1	-1	0	0	-1	0	0	20	34	0	43	-1	-1	40	40	0	-1	22	-1	16	0	17	0	0
c7700	-1	22	0	0	-1	-1	-1	30	0	12	-1	-1	0	0	0	-1	7	0	42	0	8	0	0	18	21	0	-1	18	14	0
c7702	0	-1	0	0	0	27	-1	0	18	14	6	0	47	35	-1	0	0	-1	-1	0	0	11	0	0	0	-1	-1	4	0	0
c7717	0	-1	0	0	0	0	-1	47	0	11	0	0	0	39	-1	7	0	-1	-1	0	0	0	0	25	0	0	0	0	47	8
c7728	6	-1	0	0	0	0	-1	18	0	14	6	-1	47	5	-1	41	0	-1	-1	-1	0	11	-1	0	0	0	-1	-1	47	0
c7793	0	-1	0	0	0	50	-1	0	0	0	0	0	25	0	27	0	-1	21	-1	-1	-1	-1	-1	0	15	22	-1	18	0	-1
c7797	0	-1	0	0	0	21	-1	0	0	0	0	0	0	22	-1	0	0	11	-1	0	0	5	0	0	0	-1	0	0	-1	0
c7804	0	0	-1	-1	0	0	-1	-1	-1	-1	0	0	-1	0	34	0	47	-1	0	40	-1	0	0	17	18	16	26	21	28	0
c7813	0	-1	-1	18	0	50	-1	-1	0	0	0	-1	27	0	33	0	30	-1	-1	-1	-1	0	-1	-1	0	0	0	0	0	24
c7817	0	-1	0	27	-1	0	-1	-1	-1	-1	0	0	0	26	34	0	43	0	0	40	0	-1	22	0	18	16	6	0	-1	0
c7827	-1	0	18	0	0	0	-1	0	-1	0	-1	6	0	-1	0	0	-1	0	0	0	0	-1	0	12	0	-1	8	18	0	0
c7852	0	-1	0	-1	0	28	-1	0	-1	39	0	19	0	0	-1	0	7	44	11	15	-1	11	28	0	-1	-1	15	21	-1	0
c7863	33	-1	30	-1	0	-1	-1	0	0	0	27	-1	44	-1	50	-1	25	-1	-1	0	11	0	-1	0	0	0	-1	9	40	0
c7912	0	-1	0	-1	0	0	-1	0	-1	-1	0	0	26	0	-1	9	7	29	40	-1	-1	0	0	-1	0	27	8	-1	0	0
c7951	0	-1	0	19	5	50	-1	15	0	0	0	-1	27	0	-1	0	-1	21	-1	0	0	0	0	0	-1	-1	0	13	0	24
c7958	0	0	-1	0	-1	0	-1	0	6	-1	0	0	0	18	30	0	7	0	34	15	0	6	-1	0	-1	0	-1	-1	-1	0
c7979	28	-1	48	0	-1	-1	-1	0	40	-1	-1	0	27	22	0	0	0	-1	-1	0	0	40	0	-1	0	18	11	44	18	16
c7986	0	30	0	0	-1	34	-1	48	0	-1	0	0	0	18	0	0	-1	24	40	22	0	0	0	0	0	50	8	18	0	45
c7988	0	22	-1	-1	0	0	-1	0	6	39	0	0	0	-1	-1	-1	-1	0	0	15	-1	18	0	15	48	0	-1	-1	0	0
c8012	44	-1	0	0	39	0	-1	0	44	0	0	0	0	5	0	0	0	0	-1	0	0	0	0	29	22	0	22	-1	-1	8
c8033	0	-1	0	41	0	-1	-1	-1	-1	0	33	0	0	0	0	-1	0	-1	-1	0	26	18	0	0	-1	18	-1	-1	-1	-1
c8058	0	47	0	14	0	40	-1	31	0	0	-1	0	0	-1	-1	0	7	0	-1	15	32	0	0	22	0	-1	8	18	-1	0
c8096	0	-1	11	-1	0	0	-1	40	0	0	-1	0	18	0	0	0	0	-1	-1	-1	-1	0	0	-1	18	0	0	0	0	30
c8117	-1	0	0	-1	-1	0	-1	-1	0	0	-1	-1	44	-1	-1	13	-1	10	0	40	-1	0	0	0	9	16	0	0	48	0
c8163	26	0	0	30	-1	0	-1	0	6	39	0	0	0	0	33	-1	7	0	-1	15	0	0	0	0	48	-1	0	-1	0	40
c8167	0	-1	-1	-1	30	34	-1	0	0	0	16	0	11	0	-1	0	-1	0	-1	15	0	0	0	22	-1	0	0	18	-1	0
c8169	0	22	-1	27	-1	-1	-1	-1	-1	0	0	5	0	-1	34	34	43	0	-1	40	-1	21	0	22	0	16	50	-1	-1	0
c8171	-1	26	0	-1	0	-1	-1	-1	-1	0	0	0	0	-1	34	0	47	47	0	40	30	26	0	47	0	16	26	6	28	25
c8190	47	0	0	0	0	0	-1	0	-1	0	38	-1	0	-1	24	-1	7	0	0	0	0	-1	0	-1	0	0	0	33	22	-1
c8214	-1	-1	0	48	27	0	-1	0	0	0	0	28	-1	0	0	-1	7	0	42	0	8	0	0	0	0	0	8	18	0	0
c8216	0	-1	-1	0	0	0	-1	11	-1	0	0	0	18	0	-1	0	0	0	-1	0	0	0	0	26	-1	5	0	0	0	0
c8241	-1	-1	0	0	11	0	-1	44	48	-1	-1	-1	-1	18	-1	0	-1	0	-1	-1	29	0	28	-1	-1	-1	-1	28	0	-1
c8247	27	-1	-1	-1	-1	-1	-1	40	39	18	0	-1	0	5	-1	0	7	5	0	-1	11	30	-1	15	0	0	25	0	0	-1
c8275	0	0	33	0	-1	0	-1	0	0	0	0	0	0	0	0	-1	7	0	0	15	0	-1	0	-1	-1	0	8	0	0	0
c8279	48	-1	0	0	0	0	-1	11	6	39	0	47	-1	0	0	0	7	0	0	-1	0	0	0	20	48	0	0	0	0	-1
c8292	0	-1	-1	0	0	0	-1	0	0	0	0	0	21	0	0	7	0	0	-1	-1	-1	47	-1	0	0	21	30	0	47	8
c8308	0	0	21	0	18	0	-1	0	6	39	16	0	0	0	33	0	7	0	-1	15	0	0	0	0	48	-1	-1	0	0	0
c8309	0	0	21	0	0	-1	-1	0	6	39	16	0	0	-1	33	0	7	-1	11	-1	0	0	0	0	48	-1	-1	0	0	0
c8319	-1	0	0	0	18	-1	-1	0	-1	39	0	18	0	0	0	0	7	-1	0	15	-1	0	0	0	-1	15	21	0	18	-1
c8325	-1	0	0	24	0	-1	-1	0	-1	13	-1	0	0	0	0	26	7	11	50	38	0	0	0	0	-1	0	0	-1	22	-1
c8327	0	-1	-1	-1	-1	0	-1	0	29	0	0	-1	18	0	0	0	30	0	-1	0	-1	13	0	-1	0	26	0	0	0	0
c8397	0	-1	0	-1	0	0	-1	0	0	29	0	-1	0	47	0	0	7	0	-1	15	0	0	0	-1	-1	0	-1	0	-1	11
c8404	0	-1	-1	0	0	27	-1	0	0	14	6	0	47	0	-1	0	0	7	-1	0	0	11	0	0	0	0	-1	9	0	-1
c8405	0	-1	-1	0	0	27	-1	0	0	14	-1	0	47	0	-1	0	0	7	-1	0	0	-1	0	0	0	0	-1	9	-1	0
c8420	-1	-1	0	0	0	0	-1	0	0	0	40	18	22	0	-1	0	7	0	0	-1	0	18	0	22	-1	-1	8	18	5	0
c8423	0	30	0	0	0	34	-1	0	0	18	0	0	0	18	8	0	7	21	40	30	22	0	-1	0	0	50	8	-1	16	0
c8424	0	-1	0	0	0	-1	-1	-1	0	0	0	0	21	0	15	7	0	0	-1	-1	-1	0	-1	0	-1	21	0	0	47	8
c8426	0	0	-1	0	0	-1	-1	0	-1	39	0	0	0	0	1	0	7	0	0	15	0	-1	0	0	48	15	21	0	-1	0
c8434	0	-1	0	0	0	-1	-1	0	0	11	0	0	25	0	27	0	30	-1	-1	0	7	36	26	-1	16	-1	0	18	0	-1
c8440	0	0	0	27	-1	0	-1	-1	-1	0	0	7	-1	26	34	-1	43	0	0	-1	0	-1	22	0	18	-1	-1	-1	0	0
c8457	0	26	0	0	0	0	-1	0	-1	22	0	-1	-1	-1	0	-1	7	43	40	-1	21	18	-1	0	11	-1	-1	18	0	0
c8463	0	0	-1	47	47	0	-1	0	6	-1	-1	0	0	14	0	-1	-1	0	0	15	-1	0	0	8	48	-1	0	0	0	-1
c8503	0	-1	19	0	0	27	-1	0	48	-1	-1	-1	0	5	0	0	30	38	-1	0	0	10	0	-1	0	0	0	0	0	47
c8512	0	28	0	-1	17	10	-1	-1	0	-1	40	0	0	20	34	0	47	0	14	40	6	0	32	9	15	16	-1	-1	0	0
c8517	0	-1	0	0	18	0	-1	0	0	-1	0	15	48	-1	0	0	7	-1	0	15	0	-1	0	-1	-1	39	8	0	0	30
c8526	-1	0	0	-1	-1	-1	-1	-1	-1	0	0	0	0	0	34	-1	47	47	-1	-1	31	48	0	0	0	16	26	-1	28	-1
c8530	0	-1	0	-1	21	0	-1	0	0	0	0	0	18	24	0	0	0	14	-1	0	0	0	0	26	-1	5	47	0	-1	-1
c8537	0	-1	0	0	10	0	-1	0	0	-1	0	0	47	-1	-1	0	18	0	-1	15	-1	11	-1	0	0	0	0	0	0	-1
c8572	16	0	0	26	0	0	-1	0	-1	39	18	0	18	-1	0	0	-1	0	0	15	0	-1	0	0	48	15	21	0	0	35
c8573	16	0	0	-1	-1	0	-1	-1	-1	39	18	0	18	0	0	0	7	0	-1	15	0	0	0	0	48	15	21	0	0	35
c8574	-1	-1	-1	-1	0	0	-1	-1	-1	0	-1	-1	0	15	34	-1	-1	47	0	40	30	0	0	17	18	16	26	-1	28	0
c8582	0	0	0	39	0	0	-1	0	-1	39	-1	0	15	24	0	40	7	0	0	15	0	18	0	15	48	0	27	-1	0	-1
c8596	-1	50	-1	-1	0	-1	-1	-1	-1	0	0	0	0	0	34	0	47	47	0	40	30	0	0	0	18	16	-1	0	28	0
c8613	0	-1	-1	-1	-1	0	-1	0	39	21	16	0	-1	-1	0	-1	7	14	0	0	20	0	-1	0	-1	0	0	0	22	-1
c8666	0	-1	-1	21	0	50	-1	0	11	0	0	-1	-1	-1	-1	-1	30	21	-1	0	0	0	12	-1	18	22	0	18	-1	-1
c8677	0	-1	-1	0	0	38	-1	0	0	-1	0	0	18	31	0	0	15	0	-1	0	0	0	0	0	16	5	0	-1	-1	22
c8686	50	0	0	0	27	-1	-1	0	0	-1	-1	0	-1	0	-1	-1	7	-1	40	0	0	-1	0	0	0	27	8	18	0	0
c8694	47	0	-1	0	-1	0	-1	0	11	-1	38	0	0	-1	0	18	7	26	0	47	0	47	0	16	0	0	-1	0	-1	-1
c8705	0	-1	0	0	-1	29	-1	-1	-1	15	0	25	31	0	0	0	30	24	-1	27	33	-1	0	-1	0	16	-1	0	0	-1
c8713	0	-1	11	-1	33	-1	-1	0	-1	0	-1	0	0	0	0	0	30	0	-1	0	0	0	44	-1	0	0	0	15	0	0
c8744	0	-1	0	-1	0	-1	-1	0	0	0	0	0	27	0	33	0	30	-1	-1	0	-1	0	0	0	22	0	0	0	0	24
c8752	-1	0	-1	0	0	0	-1	10	16	0	13	0	0	0	0	27	-1	0	0	15	0	18	-1	22	-1	0	8	0	0	-1
c8767	-1	-1	31	0	0	50	-1	18	0	11	0	0	27	-1	33	0	30	-1	-1	0	28	0	-1	0	0	0	0	0	0	24
c8773	-1	11	0	0	0	0	-1	0	-1	39	0	0	0	0	-1	-1	7	0	0	-1	0	0	0	7	48	0	0	0	-1	-1
c8784	-1	0	0	27	21	-1	-1	-1	0	11	-1	0	0	-1	34	-1	43	-1	-1	-1	-1	48	0	22	0	16	-1	0	0	40
c8842	8	0	44	27	21	0	-1	-1	0	22	0	6	0	-1	34	27	-1	-1	-1	40	-1	0	0	0	-1	16	-1	0	22	-1
c8850	26	-1	0	30	0	0	-1	0	-1	39	7	0	16	0	33	0	7	-1	11	-1	0	-1	0	0	48	-1	0	0	0	10
c8858	0	-1	0	0	0	50	-1	0	0	-1	0	48	-1	0	27	0	30	-1	-1	0	0	21	0	0	15	22	0	18	-1	-1
c8881	0	-1	-1	5	0	50	-1	8	0	-1	-1	26	25	0	-1	24	30	21	-1	6	-1	0	0	0	10	-1	0	18	0	0
c8885	0	-1	0	0	0	-1	-1	14	-1	0	0	0	25	0	-1	0	-1	21	-1	0	32	36	0	-1	16	22	0	18	-1	0
c8942	0	-1	41	32	6	-1	-1	0	48	15	0	25	31	0	0	0	-1	-1	-1	0	33	0	0	33	0	16	-1	0	0	-1
c8946	0	0	-1	0	0	0	-1	-1	0	18	0	-1	0	0	-1	0	7	0	40	0	0	-1	-1	0	18	0	8	18	-1	0
c8947	0	0	-1	-1	0	-1	-1	0	-1	-1	0	-1	0	0	-1	0	-1	0	40	0	0	-1	-1	0	18	-1	8	18	-1	0
c8967	-1	0	-1	-1	17	0	-1	-1	0	-1	16	0	41	0	-1	0	47	0	-1	-1	0	0	-1	21	0	16	26	0	0	11
c8976	0	-1	0	-1	-1	0	-1	0	0	10	-1	0	21	0	0	7	0	29	-1	15	0	-1	0	0	0	-1	0	0	47	-1
c8977	-1	-1	0	-1	-1	-1	-1	0	0	0	0	0	21	0	-1	7	0	29	-1	15	0	0	-1	-1	0	21	0	0	47	8
c8984	0	0	0	-1	0	40	-1	31	14	-1	0	0	-1	0	-1	0	7	-1	0	15	0	0	0	22	0	-1	8	18	5	-1
c9000	0	-1	0	18	0	0	-1	28	29	0	-1	0	18	0	0	0	-1	0	-1	0	0	13	0	0	44	0	-1	21	30	0
c9010	0	0	-1	-1	5	0	-1	-1	-1	0	0	0	-1	-1	-1	0	47	47	-1	40	30	0	0	0	18	16	26	0	28	-1
c9016	0	-1	-1	-1	50	9	-1	28	-1	0	11	0	-1	0	-1	-1	0	0	-1	0	47	-1	0	0	0	-1	29	0	-1	0
c9027	0	10	0	27	-1	0	-1	-1	-1	0	14	7	0	26	-1	32	43	0	27	40	0	-1	22	-1	18	16	24	-1	0	0
c9028	0	-1	0	0	0	50	-1	0	0	0	0	-1	27	0	33	0	30	21	-1	0	14	0	-1	-1	0	0	0	-1	27	24
c9052	47	24	0	0	0	0	-1	18	0	0	0	0	-1	0	40	0	7	0	0	15	0	0	21	-1	-1	-1	-1	9	-1	0
c9054	48	-1	-1	0	16	50	-1	11	0	0	0	39	25	0	27	0	30	-1	-1	28	21	36	0	37	16	22	0	18	-1	-1
c9066	0	-1	-1	27	-1	0	-1	-1	-1	0	0	-1	0	26	34	-1	43	48	-1	-1	0	-1	22	25	18	16	6	0	0	0
c9081	-1	26	0	-1	-1	0	-1	-1	10	9	-1	0	-1	0	34	41	-1	0	-1	-1	48	0	32	30	-1	16	-1	0	0	0
c9088	-1	0	-1	0	0	11	-1	-1	-1	6	0	0	44	30	34	0	50	0	0	40	0	0	0	-1	0	16	0	0	-1	1
c9097	-1	-1	-1	0	-1	0	-1	0	0	0	16	0	26	0	25	-1	7	30	40	-1	0	0	10	-1	0	0	8	18	0	0
c9133	0	0	0	0	-1	0	-1	-1	-1	39	0	0	0	-1	0	0	-1	-1	-1	-1	-1	0	0	15	48	15	21	0	0	0
c9134	0	37	0	-1	0	0	-1	0	11	5	0	0	0	-1	-1	0	7	0	-1	15	47	0	0	6	-1	0	8	-1	0	0
c9142	0	0	0	27	21	0	-1	-1	6	0	18	0	-1	20	34	-1	43	21	0	40	40	0	16	-1	0	16	0	-1	0	0
c9148	-1	0	0	0	0	34	-1	-1	0	18	0	0	-1	18	26	0	7	-1	40	-1	40	18	44	-1	-1	0	-1	18	40	0
c9153	0	0	35	-1	0	0	-1	0	6	39	0	0	0	0	0	0	7	-1	33	-1	26	-1	0	0	48	15	-1	0	-1	-1
c9162	0	-1	-1	0	30	0	-1	0	-1	-1	-1	0	0	22	0	0	-1	0	-1	-1	0	0	40	27	0	18	11	44	0	0
c9167	-1	-1	0	0	0	50	-1	0	0	0	0	20	25	-1	27	0	30	-1	-1	0	0	-1	0	0	16	22	0	18	12	0
c9168	-1	-1	19	0	-1	0	-1	9	48	34	-1	-1	0	5	0	31	30	38	-1	0	22	10	0	5	-1	0	0	0	0	47
c9196	0	-1	35	-1	-1	43	-1	-1	-1	-1	0	-1	0	-1	-1	16	7	-1	22	15	26	0	0	1	48	15	0	0	0	0
c9201	0	0	29	0	-1	0	-1	-1	39	21	0	-1	0	-1	-1	-1	7	0	0	0	20	14	0	0	18	0	0	0	22	-1
c9225	27	17	0	0	0	0	-1	-1	-1	18	0	0	0	5	-1	0	7	0	0	-1	11	30	18	15	-1	-1	25	0	10	-1
c9235	-1	-1	0	0	0	0	-1	30	-1	0	0	28	30	0	0	-1	7	0	42	0	8	0	0	0	0	0	8	18	0	0
c9253	-1	0	0	0	25	0	-1	0	6	39	0	0	0	18	30	0	-1	-1	0	15	0	6	15	0	-1	-1	-1	0	0	0
c9291	0	0	0	44	0	0	-1	-1	0	18	0	0	0	44	0	0	7	0	40	0	0	21	48	-1	18	0	8	18	-1	0
c9314	17	-1	30	0	0	0	-1	24	6	39	0	0	10	0	0	-1	-1	0	0	-1	-1	0	-1	-1	48	-1	-1	0	-1	0
c9320	28	16	0	0	0	0	-1	0	0	0	0	0	0	0	0	-1	7	0	0	15	0	0	16	6	-1	0	8	-1	-1	33
c9322	0	-1	0	-1	25	0	-1	0	-1	39	0	0	0	-1	-1	0	7	-1	0	15	0	-1	15	0	-1	0	-1	-1	0	0
c9338	0	-1	0	0	0	0	-1	0	-1	0	12	25	0	33	-1	0	30	0	-1	0	0	0	-1	0	0	0	-1	0	0	0
c9339	0	-1	0	0	0	0	-1	0	48	0	12	25	0	33	11	0	30	0	-1	-1	0	0	0	0	0	0	-1	-1	-1	-1
c9348	-1	-1	0	27	21	0	-1	-1	0	0	0	0	0	0	34	0	43	-1	18	-1	-1	0	-1	27	0	16	-1	31	40	15
c9362	44	-1	0	0	-1	0	-1	11	40	0	0	-1	0	0	24	0	7	-1	-1	29	0	0	0	0	0	-1	22	0	22	-1
c9377	-1	0	-1	-1	0	0	-1	-1	-1	0	34	0	6	0	34	0	47	47	0	40	30	0	0	-1	18	16	-1	0	-1	0
c9379	0	-1	0	0	0	50	-1	0	-1	0	0	44	27	0	-1	0	30	21	-1	0	28	0	-1	0	-1	0	0	0	-1	24
c9388	0	-1	0	-1	0	38	-1	0	0	-1	0	0	18	0	-1	-1	-1	0	-1	0	0	0	0	0	16	-1	0	0	0	0
c9399	-1	-1	44	0	0	-1	-1	-1	0	18	-1	-1	0	48	-1	9	0	0	-1	-1	-1	2	0	0	0	0	0	9	0	-1
c9402	-1	0	0	26	-1	-1	-1	0	0	0	0	0	0	-1	-1	-1	-1	43	40	27	-1	0	0	0	11	0	-1	18	0	0
c9424	0	-1	0	0	-1	-1	-1	0	0	11	0	0	25	0	27	-1	30	-1	-1	0	7	-1	26	-1	16	22	0	18	0	-1
c9454	0	44	0	11	-1	0	-1	0	0	-1	0	-1	0	0	0	0	7	0	6	19	0	0	0	0	-1	0	47	-1	22	-1
c9465	0	0	-1	-1	0	0	-1	-1	-1	-1	0	0	-1	15	-1	0	47	47	0	40	30	0	0	-1	18	16	26	0	28	0
c9466	5	0	0	0	25	0	-1	0	-1	39	0	0	0	18	30	0	7	0	-1	15	0	-1	15	0	-1	0	-1	-1	0	0
c9478	-1	-1	0	50	18	0	-1	24	47	16	0	28	5	0	-1	-1	-1	39	0	0	0	6	0	0	-1	-1	-1	0	22	-1
c9495	-1	-1	0	0	-1	-1	-1	0	-1	39	0	0	-1	0	0	0	7	-1	0	15	0	0	0	0	48	-1	21	32	14	0
c9503	-1	-1	-1	0	0	0	-1	-1	-1	-1	0	6	0	0	-1	-1	7	0	0	-1	0	0	21	0	0	-1	8	18	0	0
c9528	47	-1	0	41	0	0	-1	-1	-1	0	0	0	0	0	0	-1	0	21	-1	0	0	-1	0	0	0	18	-1	-1	0	0
c9532	0	-1	-1	-1	37	0	-1	-1	0	0	0	0	-1	0	0	7	0	-1	-1	15	6	0	0	0	0	21	0	0	47	8
c9534	0	47	0	0	0	0	-1	-1	-1	0	0	0	-1	0	0	0	-1	0	-1	15	33	-1	0	-1	-1	40	8	-1	-1	11
c9554	11	0	0	0	0	-1	-1	0	-1	39	0	50	0	0	-1	0	-1	-1	0	15	0	-1	0	-1	48	-1	0	34	0	-1
c9562	0	5	0	0	0	-1	-1	-1	0	6	-1	0	44	-1	34	0	-1	0	-1	40	10	-1	0	0	2	-1	0	-1	48	1
c9614	0	0	0	-1	0	-1	-1	0	6	39	0	0	-1	0	0	18	-1	0	0	15	0	-1	0	0	48	0	0	0	0	0
c9623	0	0	0	-1	17	0	-1	-1	0	0	-1	0	0	0	-1	0	-1	-1	0	40	-1	0	-1	40	21	16	26	-1	-1	0
c9642	31	-1	0	21	-1	50	-1	12	11	-1	10	0	-1	-1	-1	0	30	21	-1	11	0	-1	22	0	18	22	0	18	-1	0
c9653	-1	-1	0	50	18	0	-1	-1	0	16	-1	-1	-1	0	0	26	7	39	0	0	0	6	-1	0	-1	-1	0	0	22	-1
c9659	47	0	20	0	0	0	-1	0	11	-1	38	0	0	-1	-1	18	7	0	0	-1	0	47	-1	0	0	-1	0	0	-1	-1
c9677	0	0	-1	0	0	0	-1	9	-1	39	0	0	0	0	0	-1	7	0	0	15	-1	0	15	-1	48	15	-1	0	0	-1
c9685	-1	0	0	0	-1	11	-1	-1	0	0	0	-1	0	15	43	-1	7	-1	42	-1	0	0	-1	0	-1	0	-1	-1	-1	0
c9699	0	-1	0	-1	-1	-1	-1	26	0	0	-1	0	0	48	44	0	-1	0	-1	0	-1	0	0	-1	-1	-1	40	9	0	9
c9712	0	0	-1	27	-1	0	-1	-1	-1	0	-1	0	0	26	34	0	-1	0	0	-1	0	-1	-1	0	-1	-1	6	0	0	-1
c9719	15	0	38	-1	-1	0	-1	-1	-1	0	0	10	-1	26	-1	32	43	-1	0	-1	0	-1	22	0	-1	16	48	-1	0	0
c9729	50	-1	0	0	-1	0	-1	0	28	20	-1	-1	0	0	0	-1	0	47	-1	0	0	0	25	29	0	0	-1	27	34	8
c9744	0	0	0	-1	0	12	-1	-1	-1	38	0	0	0	-1	34	0	47	-1	0	40	-1	48	0	0	0	16	26	0	28	0
c9746	-1	0	-1	0	0	0	-1	-1	43	0	-1	-1	-1	-1	0	0	7	0	0	-1	21	-1	0	0	0	0	8	18	12	-1
c9756	-1	0	0	0	-1	0	-1	-1	0	0	-1	-1	0	15	43	-1	-1	0	42	0	0	38	0	0	0	0	8	-1	0	0
c9783	0	0	0	14	0	40	-1	0	-1	-1	0	0	0	44	-1	11	7	29	0	-1	0	-1	0	22	0	-1	-1	-1	-1	-1
c9800	0	0	0	0	-1	0	-1	-1	18	6	-1	0	44	30	-1	0	-1	-1	0	40	0	0	22	0	0	16	-1	0	-1	1
c9822	-1	0	-1	27	21	5	-1	-1	0	11	-1	0	33	0	34	-1	43	0	0	40	0	-1	-1	22	18	16	-1	0	11	-1
c9850	-1	0	18	0	-1	6	-1	0	-1	-1	30	0	0	0	0	-1	7	47	0	0	0	-1	-1	-1	-1	0	8	18	10	37
c9854	0	41	0	0	18	10	-1	0	5	-1	-1	10	4	0	18	0	7	0	40	25	27	0	0	0	-1	0	8	18	0	0
c9861	0	-1	47	0	0	0	-1	0	-1	0	47	0	47	0	-1	11	30	0	-1	0	0	11	-1	-1	0	0	28	0	-1	0
c9888	27	0	0	0	0	0	-1	40	12	18	0	26	-1	5	-1	0	7	0	0	-1	11	30	18	15	0	0	-1	0	0	-1
c9901	0	-1	0	0	0	0	-1	-1	0	0	0	0	-1	24	0	0	0	14	-1	0	-1	0	-1	26	0	5	0	0	0	0
c9920	22	-1	0	0	0	50	-1	-1	0	0	0	0	-1	0	33	-1	30	21	-1	14	0	0	0	27	0	9	-1	13	0	24
c9931	0	30	0	-1	0	34	-1	-1	0	18	0	0	40	18	8	0	7	21	40	30	0	-1	0	0	-1	50	8	18	0	0
c9937	14	-1	0	18	0	-1	-1	28	29	-1	0	0	18	0	0	0	30	0	-1	0	0	13	0	0	44	0	0	-1	0	0
c9953	0	-1	0	0	0	-1	-1	-1	0	18	0	0	18	-1	-1	0	0	14	-1	0	0	0	0	-1	-1	5	0	0	0	0
c9957	0	0	-1	-1	-1	-1	-1	-1	-1	0	34	-1	6	0	-1	0	47	47	0	40	30	14	0	0	18	16	26	0	-1	0
c9958	0	-1	47	0	-1	0	-1	11	-1	39	0	0	47	50	0	0	-1	21	-1	15	-1	0	0	15	48	15	21	0	0	0
c9993	0	0	0	27	21	0	-1	-1	0	-1	0	28	-1	0	34	27	-1	0	0	40	0	0	0	-1	32	16	-1	0	0	0
c9994	47	0	0	-1	0	0	-1	0	6	39	0	8	15	24	0	40	7	-1	0	15	38	18	0	-1	48	0	44	-1	-1	0
c10002	0	-1	0	0	0	50	-1	18	-1	11	0	0	27	0	-1	0	30	21	-1	0	28	-1	-1	-1	-1	0	0	0	0	24
c10014	0	-1	0	11	0	50	-1	0	16	0	-1	0	25	0	-1	0	30	21	-1	0	-1	0	0	-1	0	22	14	18	0	10
c10015	0	-1	0	11	0	50	-1	-1	16	0	0	0	25	0	27	0	30	-1	-1	0	0	0	-1	-1	0	22	14	18	0	10
c10032	0	-1	0	0	0	0	-1	-1	0	14	6	0	47	0	-1	41	0	0	-1	0	0	11	-1	0	-1	0	-1	0	47	0
c10034	0	0	0	-1	0	0	-1	0	-1	0	0	0	26	-1	25	9	7	5	40	-1	0	0	0	-1	0	27	8	18	0	0
c10038	0	-1	0	0	0	38	-1	0	41	0	0	0	-1	-1	0	0	15	-1	-1	11	0	-1	0	12	16	5	-1	43	0	0
c10047	0	-1	-1	0	-1	-1	-1	0	-1	39	0	16	44	0	0	0	7	0	0	15	0	0	-1	0	-1	15	21	0	-1	0
c10048	0	-1	0	0	0	0	-1	0	-1	0	0	0	21	0	-1	7	0	29	-1	-1	0	0	0	0	0	21	0	0	47	8
c10052	0	22	0	0	0	0	-1	0	0	-1	0	0	33	-1	0	0	7	-1	40	0	0	31	0	0	11	0	8	18	0	0
c10063	47	-1	-1	-1	0	0	-1	-1	-1	-1	38	0	0	-1	0	18	7	28	0	0	31	-1	0	0	0	0	0	0	-1	-1
c10072	0	-1	0	-1	0	38	-1	-1	-1	0	0	0	18	0	0	0	15	0	-1	18	0	0	0	-1	-1	5	-1	0	0	-1
c10081	0	-1	22	0	0	-1	-1	0	-1	0	11	0	0	0	-1	0	16	0	-1	0	24	0	0	0	0	0	0	0	0	0
c10084	-1	18	0	-1	-1	12	-1	-1	-1	0	0	-1	-1	-1	34	0	47	47	0	40	0	48	0	0	-1	16	26	-1	28	0
c10087	-1	-1	0	27	21	-1	-1	-1	0	-1	-1	0	0	0	34	0	43	44	0	40	44	-1	0	22	18	-1	-1	-1	11	16
c10102	0	0	0	0	-1	0	-1	0	-1	39	-1	0	0	-1	-1	0	-1	0	0	15	0	0	-1	15	-1	-1	21	0	0	0
c10112	-1	-1	0	0	0	27	-1	-1	18	14	6	0	47	-1	-1	0	-1	0	-1	0	0	11	0	0	0	0	-1	-1	-1	0
c10114	0	-1	0	-1	17	0	-1	-1	13	0	0	0	-1	-1	34	-1	47	0	0	40	0	0	32	0	0	16	26	-1	11	-1
c10144	15	28	0	-1	17	0	-1	-1	0	0	16	0	-1	-1	-1	0	47	-1	-1	-1	0	0	32	9	15	16	26	-1	13	0
c10158	25	-1	11	0	0	0	-1	0	0	0	0	0	0	0	0	0	18	21	-1	0	11	0	0	0	0	-1	0	0	-1	-1
c10165	-1	-1	0	0	0	50	-1	0	0	0	24	27	-1	11	-1	0	30	21	-1	0	-1	36	-1	26	16	22	-1	18	33	0
c10172	0	-1	0	0	22	44	-1	0	0	0	27	-1	0	-1	-1	0	0	0	-1	0	0	0	0	0	0	0	14	-1	0	-1
c10176	0	0	0	-1	0	18	-1	-1	-1	0	0	0	5	-1	34	0	47	47	-1	40	-1	0	0	0	0	-1	26	0	28	30
c10178	0	-1	0	39	0	44	-1	0	0	0	-1	40	0	48	0	27	27	0	-1	0	0	2	-1	0	0	0	0	9	10	0
c10204	0	0	0	-1	0	0	-1	-1	-1	33	-1	0	0	0	34	0	0	-1	18	40	18	0	0	0	-1	-1	26	0	0	-1
c10206	0	0	-1	-1	0	0	-1	0	-1	0	25	0	0	-1	-1	39	7	43	40	30	28	0	0	0	-1	-1	-1	18	14	0
c10232	0	-1	0	0	0	-1	-1	0	0	0	0	40	0	48	0	-1	-1	0	-1	0	0	2	0	0	0	0	0	9	10	0
c10244	0	0	-1	0	-1	0	-1	0	6	39	-1	0	0	0	40	0	-1	6	22	15	26	0	0	0	48	15	0	-1	0	0
c10245	0	0	35	0	-1	0	-1	0	6	39	-1	0	0	0	40	0	7	6	22	15	26	0	0	0	48	15	0	0	0	0
c10247	0	-1	0	-1	0	50	-1	0	0	-1	0	-1	25	0	27	0	30	21	-1	47	50	-1	-1	0	-1	-1	0	18	0	8
c10266	-1	-1	0	-1	21	0	-1	-1	0	0	9	21	0	20	34	0	43	27	0	-1	-1	-1	0	-1	27	16	-1	0	0	0
c10272	0	-1	32	0	44	0	-1	0	39	21	16	-1	-1	-1	0	0	7	14	0	0	20	-1	0	0	5	0	0	-1	-1	-1
c10301	-1	48	-1	0	0	0	-1	-1	0	6	39	0	44	-1	34	0	0	-1	12	40	0	0	0	28	0	16	-1	0	48	1
c10306	-1	0	0	-1	-1	0	-1	-1	-1	6	-1	0	36	0	34	0	-1	0	0	40	9	-1	-1	5	0	-1	26	0	0	0
c10308	-1	-1	0	0	-1	9	-1	-1	0	0	0	0	-1	48	-1	0	0	-1	-1	40	11	-1	-1	0	10	-1	0	-1	0	18
c10323	0	0	0	-1	-1	0	-1	0	-1	39	-1	0	-1	0	0	0	-1	-1	0	15	0	-1	-1	15	48	15	21	-1	0	30
c10331	0	-1	0	-1	0	0	-1	-1	0	33	0	0	-1	0	34	0	-1	0	18	40	18	15	-1	-1	-1	16	26	0	-1	-1
c10361	-1	-1	0	0	0	50	-1	0	0	-1	0	-1	27	0	33	5	30	21	-1	0	0	-1	0	-1	0	0	24	-1	27	24
c10378	-1	22	0	0	0	0	-1	-1	-1	0	0	28	0	0	-1	-1	7	-1	-1	0	-1	0	0	18	0	0	8	18	14	0
c10392	0	-1	0	27	21	-1	-1	-1	-1	0	0	12	0	20	-1	0	43	-1	0	40	40	48	0	22	0	16	0	0	0	0
c10408	-1	-1	-1	0	0	0	-1	0	48	0	-1	-1	0	0	-1	0	-1	0	-1	-1	0	0	-1	-1	0	0	0	0	29	47
c10409	-1	-1	0	0	0	0	-1	0	-1	-1	-1	-1	0	-1	0	-1	30	0	-1	0	-1	0	-1	0	0	0	0	-1	-1	47
c10411	0	0	0	27	21	-1	-1	-1	0	0	-1	0	0	20	-1	0	43	-1	36	40	40	48	0	22	37	16	0	0	-1	0
c10422	0	-1	0	18	0	-1	-1	0	29	18	37	0	18	-1	0	0	30	-1	-1	-1	28	13	0	0	0	0	-1	21	0	0
c10426	0	-1	11	0	0	0	-1	-1	0	-1	-1	0	-1	-1	-1	0	18	0	-1	0	0	-1	-1	17	0	0	0	0	21	26
c10434	0	22	0	0	0	28	-1	0	0	-1	0	0	33	-1	48	-1	-1	43	40	0	0	31	-1	0	11	0	8	18	0	0
c10475	44	47	0	27	21	0	-1	-1	0	0	0	0	22	20	34	-1	43	0	0	40	40	-1	16	22	0	16	0	0	0	0
c10506	-1	-1	-1	26	-1	0	-1	0	0	0	0	0	-1	0	0	26	-1	39	0	0	-1	0	0	0	-1	0	0	0	22	-1
c10550	-1	27	18	0	0	-1	-1	-1	0	18	30	0	0	0	0	-1	7	0	0	0	0	0	-1	0	0	-1	8	18	10	0
c10551	-1	27	18	0	0	-1	-1	-1	0	18	30	0	0	0	0	-1	7	0	0	0	-1	0	11	0	0	18	-1	18	-1	0
c10554	-1	0	0	0	-1	11	-1	0	0	0	0	-1	0	15	43	-1	7	0	42	18	0	0	0	0	0	0	8	-1	0	0
c10586	0	0	-1	0	0	0	-1	-1	18	6	0	0	44	30	34	0	0	-1	0	40	-1	0	-1	0	-1	-1	-1	0	-1	1
c10592	0	-1	0	0	0	0	-1	0	-1	0	-1	-1	0	48	0	0	0	0	-1	0	0	47	0	0	0	-1	0	9	0	0
c10594	-1	-1	-1	17	29	18	-1	0	43	0	-1	0	0	0	0	0	7	0	0	0	21	42	0	0	0	0	8	18	12	15
c10606	0	-1	18	0	22	44	-1	0	28	0	-1	40	0	-1	19	0	0	0	-1	-1	0	-1	20	0	0	0	0	9	0	0
c10614	-1	20	-1	0	0	0	-1	0	6	39	0	6	24	0	0	18	7	0	0	15	12	30	0	8	48	0	0	-1	47	47
c10635	40	-1	0	-1	0	15	-1	-1	21	-1	0	0	-1	-1	34	0	-1	26	0	40	0	0	0	0	0	16	-1	0	-1	1
c10675	0	-1	0	-1	0	0	-1	-1	-1	0	0	0	0	0	34	0	47	47	-1	40	30	6	-1	0	0	16	26	0	28	-1
c10678	0	37	-1	-1	0	0	-1	0	0	-1	-1	0	0	-1	0	0	7	18	-1	15	47	47	0	6	-1	0	8	-1	26	0
c10683	0	-1	0	27	-1	0	-1	-1	0	0	-1	0	22	20	34	-1	-1	21	-1	40	-1	-1	16	-1	0	16	0	0	0	0
c10697	27	0	-1	27	21	0	-1	-1	-1	0	-1	-1	0	0	34	0	43	0	0	-1	0	-1	-1	0	18	16	0	0	11	-1
c10706	0	0	0	0	0	0	-1	0	0	0	13	15	0	0	0	-1	-1	0	0	15	0	18	-1	-1	-1	35	8	0	-1	33
c10714	0	0	18	0	28	24	-1	0	0	0	0	0	0	-1	-1	0	-1	-1	33	15	0	-1	0	6	-1	18	8	0	-1	40
c10726	26	0	0	30	0	-1	-1	0	6	39	22	0	-1	0	33	0	-1	0	11	15	0	-1	-1	50	48	-1	0	-1	0	-1
c10742	-1	-1	0	0	0	50	-1	-1	0	0	-1	0	27	0	33	14	30	21	-1	0	28	0	0	0	6	0	0	-1	0	24
c10755	0	0	0	27	21	0	-1	-1	-1	0	0	-1	22	20	34	-1	43	0	-1	-1	40	0	16	22	40	16	-1	-1	30	0
c10769	47	0	20	0	-1	0	-1	18	11	-1	38	-1	-1	-1	-1	-1	7	0	0	47	5	47	0	0	0	0	5	0	-1	-1
c10772	0	-1	-1	0	6	50	-1	18	16	0	0	-1	25	0	27	0	30	21	-1	0	-1	0	0	0	0	22	14	-1	0	-1
c10774	0	-1	0	0	10	0	-1	18	0	-1	18	0	47	0	-1	-1	0	0	-1	1	0	-1	0	0	0	0	0	0	0	-1
c10779	0	47	0	0	44	0	-1	-1	39	21	-1	-1	0	-1	0	0	7	14	-1	25	20	37	0	-1	-1	0	0	-1	22	-1
c10790	0	-1	0	-1	20	47	-1	26	29	-1	-1	-1	18	0	0	-1	30	0	-1	0	0	-1	0	0	0	0	15	21	0	0
c10792	-1	50	-1	-1	0	-1	-1	-1	-1	0	0	0	0	0	34	0	47	47	-1	40	30	-1	-1	0	18	16	26	0	28	0
c10802	47	0	45	14	35	-1	-1	0	-1	0	38	0	0	-1	0	-1	7	0	0	-1	0	47	0	-1	0	0	0	0	22	-1
c10808	-1	-1	-1	0	22	44	-1	-1	0	0	-1	40	-1	48	-1	47	0	9	-1	0	0	-1	25	18	-1	29	0	9	0	0
c10814	0	-1	-1	0	-1	-1	-1	0	-1	13	0	9	-1	-1	0	44	7	0	50	0	0	0	0	28	6	0	0	0	22	-1
c10830	0	0	0	0	0	0	-1	0	-1	18	0	0	0	0	0	0	7	0	40	-1	-1	0	-1	21	18	0	8	-1	-1	0
c10842	0	-1	-1	0	0	0	-1	25	0	0	0	0	-1	39	0	7	0	-1	-1	0	0	0	0	-1	-1	-1	-1	0	47	8
c10845	0	0	0	0	-1	0	-1	-1	0	32	-1	18	22	0	-1	0	7	0	0	-1	0	18	0	22	-1	-1	8	18	-1	0
c10869	16	29	0	0	0	0	-1	0	-1	39	18	33	-1	0	0	0	7	0	0	15	0	0	0	0	48	15	21	0	0	35
c10870	-1	0	0	14	-1	40	-1	0	-1	0	0	0	0	22	-1	0	-1	47	0	-1	0	0	0	22	0	-1	8	-1	5	-1
c10875	28	-1	0	18	0	39	-1	28	29	0	-1	0	18	0	0	-1	30	-1	-1	0	0	13	0	16	-1	0	0	21	0	29
c10877	48	-1	-1	0	0	50	-1	0	20	0	0	-1	27	0	33	0	30	21	-1	-1	0	16	0	0	0	0	27	0	0	-1
c10893	0	-1	18	0	22	44	-1	0	28	0	27	40	0	48	0	-1	-1	0	-1	0	0	0	20	0	0	0	0	9	0	0
c10904	0	-1	11	41	-1	-1	-1	-1	38	0	0	0	0	0	0	-1	-1	0	-1	-1	0	0	47	40	0	18	0	6	0	0
c10909	0	-1	-1	0	0	0	-1	0	48	0	-1	-1	0	5	0	37	30	38	-1	0	0	-1	0	7	0	0	0	0	-1	47
c10913	-1	0	0	-1	-1	0	-1	-1	0	0	0	-1	6	15	43	-1	7	-1	42	0	0	0	0	0	0	0	8	-1	0	-1
c10917	27	0	0	27	-1	0	-1	-1	0	0	-1	0	0	0	34	0	43	0	0	-1	-1	-1	0	0	18	-1	0	11	11	16
c10935	0	-1	-1	0	0	50	-1	0	11	-1	0	-1	27	0	33	24	30	-1	-1	-1	-1	0	0	0	0	0	-1	-1	27	24
c10938	-1	0	0	0	0	-1	-1	0	43	0	-1	0	0	9	0	0	7	21	-1	0	-1	44	-1	-1	-1	0	-1	-1	-1	0
c10946	0	-1	0	0	0	50	-1	0	-1	0	0	0	27	-1	-1	0	30	21	-1	0	28	0	-1	0	-1	0	-1	39	0	24
c10960	-1	0	0	0	0	0	-1	0	0	0	13	0	0	16	0	27	7	0	0	15	0	18	-1	0	-1	0	8	-1	0	0
c10968	26	0	0	-1	0	-1	-1	0	6	39	22	0	0	0	33	-1	-1	0	11	15	0	0	0	0	48	-1	0	43	0	10
c10977	0	-1	0	-1	44	44	-1	16	-1	0	0	-1	0	48	0	0	0	0	-1	-1	0	2	0	18	-1	0	-1	9	24	0
c10984	-1	-1	-1	0	10	0	-1	0	48	47	0	-1	0	-1	27	0	30	0	-1	0	-1	0	0	-1	0	0	-1	0	0	47
c10988	-1	-1	0	18	47	0	-1	0	-1	-1	0	0	0	6	-1	10	44	-1	-1	-1	0	0	0	0	0	0	29	0	6	0
c10989	21	-1	-1	18	47	-1	-1	0	0	-1	0	0	0	6	-1	10	-1	28	-1	-1	0	-1	0	0	0	0	29	0	6	0
c10998	0	0	0	-1	17	0	-1	-1	-1	0	40	0	0	0	34	0	47	-1	-1	-1	0	-1	-1	40	0	16	-1	-1	0	27
c11000	0	-1	0	18	0	-1	-1	0	0	0	0	12	25	0	27	0	30	-1	-1	0	7	36	-1	0	16	22	0	18	0	0
c11002	0	-1	0	-1	0	0	-1	28	29	0	-1	0	18	0	-1	0	-1	0	-1	-1	0	13	0	-1	44	9	0	21	0	0
c11005	44	-1	0	-1	0	0	-1	0	0	29	0	0	10	0	-1	-1	0	0	-1	0	0	27	-1	-1	0	0	29	0	0	0
c11015	0	-1	-1	0	0	50	-1	-1	0	0	0	0	44	30	34	0	0	-1	-1	40	0	0	-1	42	9	-1	-1	1	48	0
c11034	0	-1	0	0	-1	0	-1	-1	0	33	-1	0	0	39	0	7	0	26	-1	0	0	0	0	0	9	-1	0	0	47	8
c11038	-1	-1	0	0	18	0	-1	0	0	18	0	0	0	0	0	-1	-1	39	0	0	0	0	0	-1	-1	0	0	0	22	-1
c11050	16	0	0	0	0	0	-1	0	-1	39	-1	-1	0	-1	0	0	7	0	0	15	0	0	-1	0	-1	15	21	-1	0	35
c11051	16	0	0	0	0	0	-1	0	-1	39	18	0	0	0	-1	0	-1	0	0	15	0	0	0	0	48	15	21	-1	0	-1
c11061	-1	0	0	24	-1	9	-1	0	0	13	-1	0	0	-1	-1	0	7	11	50	-1	0	-1	0	0	-1	0	0	0	22	-1
c11065	27	0	0	27	-1	-1	-1	-1	0	22	-1	-1	-1	0	-1	0	43	0	0	40	0	-1	0	0	18	16	0	0	11	-1
c11071	-1	-1	0	14	0	0	-1	0	39	21	0	0	0	-1	-1	0	7	-1	-1	-1	20	-1	0	0	18	0	11	0	-1	-1
c11074	0	0	21	27	21	0	-1	-1	0	0	0	0	0	20	34	0	-1	-1	12	40	40	48	0	-1	0	16	0	-1	0	0
c11075	0	0	-1	-1	-1	0	-1	-1	0	0	0	0	-1	20	34	0	43	-1	12	40	40	48	0	-1	0	16	0	-1	0	0
c11094	27	0	-1	0	0	-1	-1	40	39	18	-1	0	0	5	-1	0	-1	-1	0	15	11	30	18	15	0	0	25	0	0	-1
c11101	27	30	0	15	0	0	-1	18	6	-1	0	0	-1	0	0	-1	7	0	0	-1	13	0	0	0	48	0	-1	-1	0	0
c11103	0	0	-1	0	0	0	-1	0	-1	39	0	-1	0	0	0	-1	-1	0	0	15	0	-1	0	0	-1	15	21	0	0	0
c11132	0	0	35	16	0	0	-1	22	6	-1	0	27	0	4	0	-1	7	0	-1	15	-1	0	0	0	-1	15	0	-1	-1	0
c11136	0	-1	0	14	0	40	-1	-1	0	-1	0	-1	0	0	-1	0	-1	-1	0	15	-1	0	-1	22	0	-1	8	18	5	0
c11138	-1	-1	26	-1	21	0	-1	-1	0	0	-1	16	0	12	34	0	43	0	0	40	0	-1	0	16	18	16	0	0	11	-1
c11146	0	0	0	27	-1	-1	-1	-1	-1	0	0	-1	0	26	34	-1	43	0	0	40	0	-1	22	0	-1	16	6	0	0	-1
c11154	-1	-1	0	0	0	0	-1	0	0	18	0	0	25	0	47	26	-1	39	10	5	0	0	0	-1	0	47	47	0	22	-1
c11158	0	-1	0	0	-1	0	-1	0	29	0	-1	0	18	0	0	0	30	0	-1	0	0	-1	0	25	0	-1	0	0	0	0
c11162	0	0	0	-1	27	0	-1	-1	-1	0	5	0	0	-1	34	0	47	47	-1	40	0	48	0	0	0	16	-1	0	28	43
c11163	0	0	-1	-1	27	0	-1	-1	-1	0	5	0	-1	14	34	0	47	47	0	40	-1	48	0	-1	0	16	26	0	28	43
c11181	0	0	-1	-1	0	0	-1	0	39	21	0	0	0	-1	0	0	7	26	-1	27	20	-1	0	0	18	0	0	6	22	-1
c11182	-1	0	-1	40	0	22	-1	-1	-1	0	0	6	15	-1	0	-1	-1	0	0	28	0	0	21	47	-1	-1	-1	18	0	0
c11183	-1	-1	0	-1	-1	22	-1	0	-1	0	0	6	15	-1	0	-1	7	0	0	28	0	-1	21	47	0	-1	-1	18	0	0
c11191	-1	30	0	0	0	0	-1	0	0	0	0	-1	24	18	-1	12	7	-1	11	15	30	30	0	30	0	-1	-1	-1	-1	0
c11197	0	-1	0	0	30	34	-1	0	-1	0	16	-1	11	0	-1	-1	40	0	-1	15	-1	0	0	-1	-1	0	0	18	-1	0
c11203	0	50	0	27	21	0	-1	-1	0	-1	-1	21	-1	-1	34	0	43	27	5	40	40	0	0	22	27	16	0	0	-1	0
c11206	0	0	-1	0	18	-1	-1	-1	-1	39	0	-1	0	42	33	0	7	0	-1	15	33	0	0	0	-1	-1	-1	0	-1	0
c11212	0	30	0	18	0	0	-1	-1	0	0	0	0	0	-1	0	0	7	0	0	15	0	29	-1	0	-1	0	0	11	0	16
c11214	0	-1	48	0	-1	0	-1	0	40	0	-1	-1	0	22	19	0	26	0	-1	0	0	0	0	27	0	18	-1	44	14	17
c11216	-1	0	-1	0	-1	0	-1	0	6	39	11	9	12	14	0	0	7	40	0	-1	-1	0	0	0	48	-1	-1	0	0	0
c11225	-1	-1	0	-1	-1	0	-1	0	0	18	0	0	0	0	0	26	7	39	0	0	0	-1	0	0	-1	0	0	0	22	-1
c11229	0	-1	39	0	-1	-1	-1	-1	-1	-1	0	11	25	32	27	0	30	21	-1	2	-1	36	0	0	16	-1	0	18	0	-1
c11246	0	-1	-1	-1	14	29	-1	0	0	-1	0	0	-1	0	0	28	7	12	-1	15	0	0	-1	0	-1	33	0	11	0	0
c11250	0	-1	0	0	0	0	-1	-1	-1	-1	-1	25	0	-1	11	0	30	0	-1	0	0	0	0	-1	-1	0	-1	-1	-1	0
c11257	10	-1	0	0	0	31	-1	0	0	22	-1	0	0	-1	0	0	7	43	40	0	0	0	-1	-1	11	-1	-1	-1	0	21
c11274	0	-1	19	25	-1	0	-1	15	48	28	-1	-1	0	5	0	31	-1	38	-1	0	0	-1	0	5	0	-1	-1	0	-1	-1
c11275	0	-1	19	25	-1	0	-1	15	48	28	-1	-1	0	-1	0	31	-1	38	-1	0	0	10	-1	5	0	-1	0	0	0	47
c11277	0	-1	-1	0	0	0	-1	-1	-1	0	25	0	-1	-1	25	9	7	-1	40	0	-1	0	0	21	0	27	8	18	0	0
c11280	0	-1	0	0	-1	0	-1	0	-1	0	0	0	21	0	-1	7	0	0	-1	-1	-1	0	0	-1	0	21	-1	0	-1	-1
c11284	0	0	-1	0	0	50	-1	-1	0	-1	0	0	44	30	34	0	24	0	0	40	0	11	0	42	9	16	-1	1	48	0
c11287	40	-1	11	-1	-1	-1	-1	0	0	0	0	-1	-1	-1	9	0	-1	-1	-1	0	0	0	0	-1	0	26	0	0	27	26
c11290	0	-1	-1	0	42	0	-1	0	29	0	0	0	18	0	0	-1	30	0	-1	-1	0	13	0	-1	0	0	0	0	0	0
c11305	-1	0	18	0	0	0	-1	-1	0	18	20	0	0	0	0	-1	7	0	0	-1	0	0	0	0	0	0	8	18	10	26
c11330	0	44	-1	0	-1	0	-1	-1	0	22	0	-1	-1	0	0	-1	-1	0	6	19	0	0	0	0	15	0	47	0	22	-1
c11354	-1	0	-1	-1	0	0	-1	-1	6	39	0	0	0	0	43	-1	-1	-1	-1	-1	9	-1	28	-1	48	-1	15	21	0	0
c11364	0	-1	11	41	14	-1	-1	-1	38	0	0	0	0	0	0	-1	0	0	-1	-1	0	0	0	40	0	18	0	6	-1	0
c11377	0	0	0	-1	-1	0	-1	-1	10	33	0	-1	0	0	-1	0	-1	0	18	40	18	11	6	15	18	16	26	11	40	0
c11380	21	0	0	-1	0	0	-1	-1	-1	0	-1	-1	-1	0	34	-1	47	-1	0	40	-1	48	-1	0	0	16	-1	0	28	0
c11386	-1	-1	-1	0	-1	-1	-1	0	0	0	0	0	27	0	-1	22	30	21	-1	-1	-1	-1	0	0	25	0	0	0	0	24
c11393	0	0	0	-1	-1	-1	-1	-1	0	-1	0	0	0	44	0	0	-1	0	40	0	0	0	48	25	18	-1	8	18	-1	-1
c11399	0	-1	34	12	21	0	-1	0	21	0	0	27	12	0	0	-1	7	0	0	32	0	-1	0	0	-1	28	8	-1	0	0
c11412	47	0	0	0	6	0	-1	15	-1	0	-1	0	0	0	-1	0	7	0	-1	15	0	0	30	0	-1	39	-1	9	-1	-1
c11417	0	0	-1	-1	0	-1	-1	-1	-1	-1	0	0	0	0	-1	0	47	47	0	40	30	0	-1	0	18	16	26	-1	28	-1
c11422	-1	0	-1	0	-1	-1	-1	0	0	13	0	0	0	-1	0	44	7	18	50	-1	0	0	0	0	0	0	0	15	22	-1
c11427	0	-1	0	0	-1	-1	-1	0	0	0	27	-1	0	48	0	-1	0	0	-1	0	0	0	0	0	-1	0	0	9	39	0
c11434	-1	-1	0	0	0	-1	-1	0	30	0	-1	0	25	0	27	0	30	-1	-1	0	-1	36	26	0	16	22	0	18	0	-1
c11456	0	37	0	-1	0	0	-1	-1	0	0	0	-1	-1	0	0	-1	7	18	-1	15	47	0	-1	6	-1	0	8	-1	0	-1
c11473	0	-1	0	0	0	0	-1	0	0	-1	-1	0	30	0	-1	0	0	7	-1	0	0	5	0	-1	0	44	0	0	-1	0
c11478	-1	44	1	44	24	0	-1	47	0	0	-1	0	-1	29	6	0	-1	-1	6	19	0	0	0	0	0	7	47	0	22	-1
c11484	-1	-1	0	-1	-1	0	-1	0	0	0	-1	0	47	0	-1	0	0	28	-1	0	0	11	0	0	0	5	0	0	0	-1
c11489	47	-1	0	21	31	50	-1	0	11	35	0	0	25	44	-1	0	30	21	-1	0	0	0	0	0	-1	-1	0	18	0	0
c11495	-1	-1	0	0	0	-1	-1	0	43	0	-1	18	2	0	0	0	7	9	-1	0	0	0	-1	0	-1	0	8	18	12	0
c11500	0	-1	-1	14	0	40	-1	31	44	0	-1	0	0	0	-1	0	7	0	-1	-1	0	-1	0	22	0	-1	8	18	-1	0
c11503	0	5	0	0	-1	0	-1	0	39	21	0	0	0	-1	-1	0	7	0	0	0	-1	-1	-1	0	18	0	0	0	22	-1
c11512	0	0	0	-1	17	18	-1	-1	0	0	0	0	0	-1	34	0	47	33	0	40	5	0	-1	0	0	-1	26	47	0	0
c11514	-1	0	18	0	0	0	-1	0	0	-1	30	0	0	-1	0	-1	7	0	0	0	0	-1	0	0	0	5	8	18	10	42
c11515	-1	0	18	0	0	0	-1	0	0	18	30	0	0	-1	-1	-1	7	-1	0	0	0	-1	0	0	-1	5	8	-1	10	42
c11518	-1	-1	0	0	27	-1	-1	0	18	0	0	0	27	25	33	-1	30	-1	-1	44	28	0	14	-1	15	0	-1	0	-1	-1
c11540	-1	50	0	27	21	0	-1	-1	0	0	9	21	-1	20	34	0	43	27	0	-1	40	0	0	22	27	16	0	0	0	0
c11543	0	-1	0	0	-1	27	-1	0	18	14	-1	0	-1	0	-1	0	-1	0	-1	0	0	11	0	0	0	0	-1	4	0	-1
c11577	47	0	20	0	0	0	-1	0	11	-1	38	0	0	-1	0	18	7	0	0	47	36	47	0	0	-1	43	0	0	-1	-1
c11580	0	50	0	-1	21	0	-1	-1	0	-1	9	21	0	20	34	0	43	27	0	-1	40	0	-1	22	27	16	0	-1	0	0
c11581	0	50	0	27	21	0	-1	-1	0	0	9	21	0	-1	34	0	43	27	0	-1	40	0	0	22	27	16	0	-1	-1	0
c11607	-1	-1	0	0	-1	11	-1	0	0	0	0	-1	0	15	-1	-1	-1	48	42	-1	0	0	0	0	-1	0	8	-1	0	0
c11610	0	-1	47	0	18	0	-1	0	0	0	-1	0	21	14	0	-1	0	-1	-1	15	-1	32	-1	-1	0	21	9	0	47	8
c11623	-1	-1	0	-1	18	0	-1	0	0	16	0	0	5	0	0	-1	7	39	0	-1	0	6	-1	0	-1	0	0	0	-1	-1
c11638	0	-1	38	0	-1	16	-1	14	0	0	0	-1	0	-1	0	19	-1	0	-1	0	-1	11	0	0	0	18	-1	6	0	0
c11641	-1	0	-1	27	21	-1	-1	-1	0	18	-1	0	48	20	34	0	43	0	0	40	40	0	0	-1	0	16	17	0	0	0
c11647	-1	0	0	-1	-1	-1	-1	0	14	-1	0	-1	-1	-1	43	-1	7	0	42	-1	0	0	0	0	0	0	8	-1	0	0
c11649	0	-1	0	0	0	50	-1	0	0	0	0	-1	27	0	33	0	30	21	-1	0	0	0	-1	0	-1	0	0	-1	27	24
c11659	47	13	0	28	0	0	-1	0	0	0	0	0	-1	0	0	0	7	0	0	15	0	27	0	0	-1	39	-1	-1	0	0
c11672	0	-1	0	27	21	0	-1	-1	0	22	-1	0	0	13	34	-1	43	-1	-1	40	0	-1	0	0	32	16	0	0	22	-1
c11687	-1	0	0	-1	0	40	-1	-1	0	0	0	-1	-1	0	-1	0	7	0	0	15	0	0	14	22	0	-1	8	18	5	0
c11698	-1	-1	0	0	0	0	-1	-1	-1	0	40	0	0	0	-1	0	0	31	-1	0	0	5	0	-1	0	0	0	-1	0	-1
c11700	0	-1	0	0	18	50	-1	0	0	0	0	-1	27	-1	33	0	30	-1	-1	0	0	-1	0	-1	0	0	24	-1	27	24
c11702	0	-1	0	-1	0	50	-1	-1	21	0	-1	0	25	0	27	0	30	-1	-1	0	0	36	0	21	16	22	15	18	12	0
c11708	0	-1	22	0	8	29	-1	0	48	-1	15	-1	0	44	26	0	-1	24	-1	9	0	-1	0	0	0	16	0	0	-1	-1
c11716	0	0	0	-1	21	27	-1	-1	0	0	0	-1	0	-1	34	-1	43	-1	36	40	40	48	0	22	-1	16	0	0	0	0
c11728	0	-1	-1	-1	-1	0	-1	0	-1	39	0	0	0	0	0	0	7	0	-1	-1	0	-1	-1	0	48	15	21	0	0	0
c11734	0	-1	-1	0	0	0	-1	0	-1	39	-1	0	0	-1	0	0	7	0	0	15	0	0	0	0	-1	15	21	-1	0	-1
c11735	0	0	0	0	0	0	-1	0	-1	-1	-1	0	0	-1	0	0	7	0	0	15	-1	0	0	0	48	15	-1	0	0	0
c11739	0	0	-1	-1	0	0	-1	0	0	0	40	28	0	0	0	0	7	0	-1	15	47	5	0	-1	-1	0	8	0	-1	-1
c11746	6	-1	0	28	17	-1	-1	-1	0	0	0	0	0	48	0	-1	43	0	-1	0	0	21	0	0	0	25	0	9	0	-1
c11747	6	-1	-1	28	17	0	-1	-1	-1	0	0	0	0	-1	0	0	43	0	-1	0	0	-1	0	0	0	25	0	9	0	15
c11753	-1	-1	0	0	0	-1	-1	0	0	0	25	40	22	-1	0	24	0	0	-1	0	0	0	0	-1	0	0	0	-1	0	-1
c11754	0	0	-1	-1	0	0	-1	-1	-1	0	0	0	12	0	34	0	47	47	0	40	-1	0	0	17	-1	16	26	21	28	0
c11763	0	-1	0	41	0	0	-1	-1	-1	0	-1	0	0	-1	0	0	0	-1	-1	0	0	18	0	-1	0	-1	31	-1	-1	0
c11769	-1	-1	11	0	-1	37	-1	27	0	0	-1	0	-1	-1	-1	0	18	18	-1	0	0	-1	-1	0	0	0	24	-1	0	9
c11777	0	-1	0	-1	0	-1	-1	0	27	0	0	0	0	48	0	0	-1	0	-1	20	-1	21	0	-1	0	25	0	9	-1	0
c11785	0	0	-1	-1	0	0	-1	-1	-1	0	-1	-1	0	0	34	0	47	47	20	40	30	0	-1	0	18	-1	26	-1	28	5
c11810	-1	-1	0	0	6	50	-1	-1	0	0	-1	27	-1	11	27	0	30	21	-1	6	-1	36	-1	26	16	22	-1	18	-1	21
c11829	-1	-1	0	0	-1	0	-1	0	0	0	0	0	0	15	0	-1	7	-1	42	0	0	0	0	0	0	0	8	-1	0	0
c11863	0	29	0	-1	-1	40	-1	0	0	-1	18	0	0	-1	-1	0	7	21	0	32	11	0	0	0	38	0	8	18	0	16
c11872	-1	-1	-1	20	15	16	-1	0	6	39	0	0	19	-1	26	0	-1	37	0	15	0	-1	0	0	48	0	0	-1	0	0
c11884	0	0	0	14	0	40	-1	31	0	-1	0	0	-1	0	-1	0	-1	0	0	15	0	0	0	-1	0	-1	8	18	-1	0
c11886	-1	48	30	0	0	-1	-1	-1	-1	6	0	0	44	-1	34	0	0	-1	0	40	18	0	22	5	-1	-1	0	0	-1	1
c11889	-1	0	-1	-1	17	0	-1	-1	0	-1	16	0	-1	0	34	-1	47	0	0	40	-1	0	32	0	0	16	26	0	26	0
c11922	-1	-1	0	-1	17	0	-1	-1	-1	22	-1	0	12	-1	34	26	47	0	-1	-1	0	0	32	0	0	16	26	-1	0	0
c11946	-1	0	0	0	-1	-1	-1	0	43	0	-1	-1	0	0	-1	-1	7	20	0	0	21	16	-1	0	0	0	8	18	-1	-1
c11947	-1	-1	0	0	-1	40	-1	0	43	0	-1	0	0	0	0	0	7	20	0	0	21	-1	-1	0	0	-1	8	18	-1	0
c11955	0	0	-1	0	0	0	-1	9	-1	39	0	-1	-1	0	-1	0	7	0	0	15	0	0	15	47	-1	15	21	0	0	0
c11960	-1	0	0	-1	0	-1	-1	-1	43	-1	-1	0	-1	0	-1	0	7	-1	0	0	-1	0	0	-1	-1	0	8	18	12	0
c11972	-1	0	0	30	0	0	-1	0	6	-1	-1	-1	16	0	33	-1	7	0	11	15	0	50	25	0	48	-1	0	0	0	10
c11973	-1	0	47	30	-1	0	-1	0	6	39	0	0	16	0	33	0	7	0	11	15	0	50	25	0	-1	-1	-1	0	0	10
c11990	0	-1	0	0	30	34	-1	0	-1	0	16	0	11	0	-1	50	0	-1	-1	15	0	0	18	22	0	0	-1	18	-1	0
c11998	0	-1	0	21	0	50	-1	0	-1	0	0	0	25	0	27	14	30	-1	-1	0	0	-1	0	48	-1	22	-1	18	28	18
c12011	0	0	-1	-1	0	0	-1	-1	-1	0	34	0	6	0	34	0	47	47	-1	-1	30	0	0	0	-1	16	-1	0	28	17
c12014	-1	-1	0	-1	17	0	-1	-1	0	6	40	0	0	0	34	-1	-1	42	0	40	-1	0	32	-1	0	16	-1	-1	0	-1
c12024	0	-1	0	-1	11	-1	-1	-1	0	0	0	0	18	-1	0	22	-1	0	-1	-1	17	0	0	26	0	5	16	0	0	-1
c12026	-1	0	0	12	21	0	-1	0	0	33	0	27	-1	0	0	0	7	0	0	-1	0	0	-1	0	-1	28	8	18	33	0
c12033	22	-1	0	21	0	50	-1	0	11	0	0	0	25	-1	27	0	-1	21	-1	0	0	0	0	0	0	22	8	18	0	0
c12049	0	-1	19	0	0	0	-1	0	48	0	-1	-1	0	5	-1	-1	30	38	-1	0	0	10	0	7	0	0	0	0	-1	47
c12063	0	-1	-1	0	-1	0	-1	0	-1	-1	-1	0	0	22	-1	0	0	0	-1	0	-1	0	0	27	47	18	-1	44	0	17
c12064	-1	-1	0	34	0	0	-1	0	13	0	16	-1	11	0	-1	0	0	0	-1	15	0	-1	0	22	-1	-1	0	0	0	-1
c12070	0	-1	11	0	0	0	-1	0	0	0	-1	0	0	0	-1	39	-1	-1	-1	31	32	0	0	0	0	0	0	18	0	-1
c12071	0	-1	11	0	0	0	-1	0	0	0	0	0	-1	0	28	39	-1	-1	-1	31	32	-1	0	0	0	0	0	18	0	-1
c12077	0	-1	-1	0	25	-1	-1	0	-1	0	0	0	0	0	0	-1	0	-1	-1	0	0	0	25	29	-1	-1	-1	0	0	8
c12107	0	-1	18	-1	0	50	-1	0	0	0	0	32	25	0	-1	28	30	21	-1	-1	0	0	-1	0	0	22	-1	18	24	10
c12122	0	-1	-1	0	5	0	-1	12	0	0	0	0	0	-1	0	0	0	-1	-1	0	38	25	0	25	0	18	36	6	-1	-1
c12136	-1	47	-1	27	21	0	-1	-1	0	0	0	-1	-1	20	-1	0	43	0	-1	40	40	0	-1	22	0	16	0	0	0	-1
c12141	0	37	0	16	8	27	-1	-1	0	0	-1	0	26	0	0	0	7	0	-1	-1	47	0	11	6	-1	0	8	-1	-1	0
c12162	26	0	0	30	0	0	-1	0	6	39	0	0	16	0	33	0	7	0	11	15	0	0	0	0	48	-1	0	0	0	-1
c12165	0	0	0	14	0	40	-1	-1	0	30	-1	0	-1	22	-1	0	7	47	0	-1	0	0	-1	22	0	-1	8	18	5	18
c12168	-1	0	-1	0	-1	0	-1	-1	6	39	0	-1	0	-1	0	18	-1	0	0	15	0	0	0	0	-1	19	-1	-1	0	0
c12169	0	0	-1	-1	0	0	-1	0	6	-1	0	0	-1	0	0	18	7	0	0	15	0	0	0	0	48	19	0	0	0	0
c12186	0	-1	0	-1	0	-1	-1	50	-1	0	0	6	0	0	0	-1	-1	-1	-1	28	0	0	14	5	18	0	11	0	32	47
c12206	-1	0	-1	0	0	0	-1	0	43	-1	-1	-1	0	0	-1	0	7	0	0	-1	21	42	0	0	0	0	8	18	12	0
c12237	0	-1	0	0	14	44	-1	0	-1	-1	0	0	0	0	-1	32	0	0	-1	0	0	-1	0	0	11	0	0	-1	0	-1
c12247	-1	-1	0	0	11	0	-1	0	48	0	-1	-1	0	0	0	0	30	0	-1	0	29	0	0	9	-1	-1	-1	28	6	47
c12263	-1	-1	39	0	-1	-1	-1	0	0	-1	-1	11	-1	32	-1	0	30	21	-1	2	0	36	0	-1	16	-1	0	18	0	0
c12264	0	44	0	11	-1	0	-1	0	-1	-1	0	-1	0	-1	0	0	-1	-1	6	19	-1	-1	0	0	0	0	-1	30	22	-1
c12281	0	-1	11	0	0	0	-1	0	0	0	0	-1	0	0	-1	14	-1	6	-1	0	0	0	0	0	0	0	0	0	0	0
c12288	-1	-1	48	0	-1	16	-1	0	6	39	48	0	19	0	26	-1	7	37	0	15	0	0	0	0	48	-1	0	-1	0	0
c12293	0	0	35	0	-1	0	-1	0	6	-1	0	0	0	0	0	16	-1	6	22	15	26	-1	0	1	48	15	0	0	0	0
c12294	0	-1	0	0	0	0	-1	0	0	0	0	0	0	-1	-1	0	-1	0	-1	0	-1	-1	-1	0	38	-1	-1	0	0	-1
c12298	-1	0	0	-1	17	-1	-1	-1	0	0	0	0	-1	-1	34	-1	47	0	0	40	0	0	32	0	0	-1	26	-1	11	-1
c12304	0	0	0	0	47	0	-1	0	6	39	0	-1	-1	14	0	0	7	30	0	15	0	18	40	0	-1	-1	0	0	0	0
c12307	0	-1	0	0	0	0	-1	0	-1	39	0	-1	26	0	33	0	7	0	11	15	0	0	18	0	-1	-1	0	0	0	0
c12309	0	37	0	0	0	-1	-1	18	6	39	0	0	0	0	-1	0	7	20	0	15	0	0	0	0	48	-1	-1	0	0	0
c12311	0	-1	0	0	22	44	-1	0	0	0	-1	40	0	48	0	-1	-1	-1	-1	0	0	-1	25	18	-1	29	-1	9	-1	0
c12317	28	-1	48	-1	0	0	-1	0	40	-1	-1	0	0	22	0	0	0	6	-1	-1	0	40	21	27	-1	18	11	44	0	0
c12324	0	-1	48	0	0	0	-1	0	40	-1	-1	0	0	22	0	-1	0	0	-1	0	-1	-1	40	27	-1	18	-1	44	0	29
c12341	0	-1	0	-1	-1	0	-1	0	0	0	0	0	-1	-1	0	0	-1	0	-1	0	0	0	5	0	0	-1	40	9	0	-1
c12346	0	-1	-1	0	0	50	-1	50	48	0	44	0	0	0	-1	0	-1	-1	-1	27	0	0	14	-1	0	30	11	0	32	47
c12347	-1	-1	0	0	-1	50	-1	50	-1	0	-1	0	0	0	-1	-1	-1	-1	-1	-1	0	0	14	5	0	30	11	0	32	47
c12350	0	-1	0	21	0	50	-1	0	11	0	-1	0	25	-1	27	0	30	21	-1	0	0	0	12	-1	18	-1	0	18	-1	0
c12355	47	0	-1	0	0	-1	-1	0	11	0	-1	0	0	-1	0	18	7	0	0	-1	0	-1	0	47	0	0	0	33	22	-1
c12365	0	-1	0	-1	21	0	-1	-1	0	0	0	-1	15	-1	34	-1	-1	0	-1	40	0	0	0	0	24	16	0	-1	0	15
c12377	0	-1	0	0	0	0	-1	0	48	0	12	-1	0	33	11	0	30	0	-1	0	0	-1	0	0	-1	0	-1	27	0	-1
c12382	0	0	0	0	27	0	-1	-1	-1	0	-1	0	-1	30	34	-1	0	-1	-1	40	-1	0	27	0	9	16	0	0	-1	0
c12387	0	0	0	0	0	0	-1	0	0	0	0	-1	0	-1	-1	0	7	-1	40	-1	0	0	16	0	11	0	8	18	0	0
c12394	0	-1	0	0	44	-1	-1	21	-1	0	0	-1	25	22	27	0	30	21	-1	0	0	36	0	-1	16	22	0	-1	-1	-1
c12401	-1	-1	0	0	0	50	-1	50	48	0	0	6	-1	-1	0	0	-1	0	-1	0	-1	0	-1	5	18	-1	11	27	-1	47
c12403	0	-1	0	0	0	0	-1	0	0	-1	0	0	-1	-1	-1	10	0	0	-1	0	0	27	0	-1	0	0	-1	-1	0	0
c12408	0	0	0	-1	0	0	-1	-1	-1	-1	0	0	0	0	34	0	-1	47	0	-1	0	48	-1	-1	0	16	26	-1	28	0
c12410	-1	0	0	-1	0	0	-1	-1	-1	0	43	44	0	0	34	0	-1	0	0	-1	0	0	-1	0	0	16	26	0	0	-1
c12415	0	-1	26	0	-1	-1	-1	21	0	-1	0	25	25	0	27	-1	30	21	-1	-1	0	36	0	-1	-1	22	0	-1	0	-1
c12417	50	0	0	-1	-1	0	-1	0	-1	0	18	0	26	0	25	9	7	-1	-1	0	-1	-1	0	0	0	27	8	18	-1	0
c12426	0	0	0	0	-1	29	-1	-1	0	-1	0	0	-1	0	0	-1	7	0	0	15	0	0	42	-1	-1	0	0	11	-1	0
c12430	15	0	0	27	21	47	-1	-1	0	0	-1	-1	0	20	34	0	43	-1	-1	40	-1	0	0	22	0	16	0	-1	0	0
c12435	0	-1	0	0	0	-1	-1	50	-1	0	44	0	0	-1	-1	0	-1	-1	-1	0	-1	0	14	5	0	30	11	0	32	47
c12459	44	0	0	-1	0	0	-1	-1	6	-1	12	-1	0	0	0	0	7	0	0	15	0	0	-1	0	48	-1	0	26	-1	-1
c12464	15	0	-1	27	21	0	-1	-1	0	0	0	0	0	0	34	27	43	0	0	40	0	20	-1	0	32	16	14	0	-1	0
c12484	0	22	0	31	0	0	-1	0	6	39	-1	0	0	-1	-1	0	7	0	0	15	0	-1	-1	15	48	0	0	29	-1	0
c12485	0	22	0	31	0	0	-1	-1	6	39	0	0	0	24	-1	0	7	0	0	15	0	18	0	-1	48	-1	0	-1	-1	0
c12496	47	0	45	14	35	0	-1	0	11	-1	38	0	0	-1	-1	18	7	0	0	0	0	-1	0	47	0	0	0	0	-1	-1
c12500	27	30	-1	0	0	0	-1	-1	-1	0	0	0	24	-1	-1	0	7	-1	11	15	30	30	0	-1	0	0	-1	40	0	14
c12502	0	-1	0	0	-1	0	-1	-1	-1	39	-1	-1	-1	14	0	0	-1	-1	0	-1	0	18	40	-1	-1	-1	-1	0	0	-1
c12507	33	0	0	-1	-1	0	-1	-1	0	33	-1	-1	0	0	34	39	0	0	18	40	18	0	30	15	18	16	26	10	-1	0
c12529	0	-1	0	0	0	0	-1	0	0	18	0	0	21	0	0	7	0	0	-1	15	0	47	-1	0	0	21	0	0	47	8
c12552	0	41	0	0	18	10	-1	0	5	18	0	10	0	0	18	0	7	-1	40	25	27	0	0	0	-1	0	8	-1	0	0
c12565	-1	-1	0	27	21	-1	-1	-1	0	0	0	27	0	0	-1	0	-1	-1	0	40	0	-1	0	0	24	16	5	0	9	0
c12579	0	0	-1	-1	-1	0	-1	-1	-1	-1	0	7	0	26	-1	-1	43	0	47	40	29	-1	-1	0	-1	16	-1	-1	-1	0
c12583	0	0	0	0	-1	0	-1	0	-1	-1	0	0	0	0	0	-1	-1	0	0	15	0	0	0	15	48	15	21	-1	0	30
c12588	39	16	16	0	-1	0	-1	0	0	-1	-1	-1	40	0	0	0	7	22	0	15	0	0	16	6	-1	-1	8	0	50	-1
c12594	0	-1	0	-1	0	0	-1	0	0	13	-1	0	0	0	-1	-1	7	-1	-1	0	-1	-1	-1	0	0	-1	0	0	22	-1
c12608	0	47	0	14	0	-1	-1	-1	0	0	0	0	0	0	-1	0	-1	0	-1	15	32	0	-1	22	0	-1	8	-1	5	0
c12612	0	0	27	0	0	-1	-1	0	0	0	0	0	-1	44	0	-1	7	43	40	0	0	-1	16	20	-1	0	8	18	-1	0
c12613	0	0	27	-1	0	0	-1	0	0	0	-1	0	0	44	-1	0	7	43	-1	0	-1	0	16	20	11	0	8	-1	0	0
c12624	0	-1	0	-1	0	50	-1	-1	0	0	0	0	27	0	33	0	30	21	-1	0	28	0	-1	24	-1	28	-1	0	0	24
c12636	0	47	0	0	0	0	-1	-1	0	30	0	-1	0	-1	0	0	7	43	40	26	0	0	0	26	-1	-1	-1	18	0	21
c12645	-1	22	0	0	0	9	-1	0	0	12	-1	0	33	-1	0	10	-1	43	40	0	0	0	-1	0	-1	-1	8	18	-1	0
c12647	44	-1	0	0	0	-1	-1	-1	40	0	0	0	-1	-1	24	0	7	8	0	-1	0	-1	0	22	-1	0	0	-1	22	-1
c12653	-1	-1	22	0	8	29	-1	-1	48	15	15	25	-1	44	26	-1	30	24	-1	9	-1	0	0	47	0	16	0	0	0	0
c12654	0	-1	18	39	0	44	-1	0	0	0	0	40	-1	48	0	27	-1	0	-1	0	0	2	0	0	0	0	0	-1	10	0
c12655	0	-1	0	39	0	44	-1	0	0	0	0	40	0	48	0	27	27	0	-1	0	0	2	0	0	0	0	0	9	10	0
c12657	-1	0	-1	0	0	14	-1	5	0	18	30	0	20	0	-1	-1	7	0	0	0	-1	0	-1	-1	0	0	8	18	10	0
c12662	0	-1	-1	-1	47	0	-1	0	6	-1	-1	0	-1	14	0	12	7	-1	-1	15	0	0	0	0	48	-1	-1	2	0	0
c12664	0	-1	0	-1	0	50	-1	0	11	0	0	0	25	27	27	0	30	21	-1	0	0	-1	-1	0	0	-1	0	18	0	0
c12666	0	0	0	12	21	0	-1	-1	0	0	-1	27	12	-1	0	-1	7	0	0	32	0	0	0	0	-1	-1	8	18	0	11
c12676	0	-1	0	-1	0	0	-1	-1	0	0	43	44	0	-1	34	0	0	0	0	-1	0	0	0	-1	0	16	26	0	0	0
c12677	0	0	0	-1	0	0	-1	-1	0	-1	43	44	0	0	34	0	-1	0	0	40	0	0	0	0	0	16	26	0	0	0
c12681	27	-1	0	-1	21	0	-1	-1	0	-1	-1	0	-1	0	34	0	-1	-1	0	40	0	-1	0	0	18	16	0	0	11	-1
c12687	0	-1	9	0	0	-1	-1	0	-1	-1	0	25	0	-1	0	0	-1	-1	-1	0	0	0	0	0	1	27	0	-1	0	0
c12702	-1	-1	0	0	25	-1	-1	0	28	-1	-1	0	5	0	0	0	0	47	-1	-1	0	26	25	29	0	0	0	-1	0	8
c12707	0	-1	-1	0	0	-1	-1	50	-1	-1	0	18	0	0	0	0	30	-1	-1	0	0	0	14	5	0	-1	11	0	32	47
c12717	0	0	30	-1	11	-1	-1	-1	17	6	0	0	44	30	34	0	50	0	0	40	0	0	-1	-1	-1	16	0	0	48	1
c12720	0	-1	0	27	21	27	-1	-1	-1	0	-1	0	11	20	34	-1	43	-1	36	40	40	48	0	22	0	16	0	-1	0	-1
c12727	0	47	0	35	-1	0	-1	-1	39	21	16	18	0	-1	-1	0	7	14	10	0	20	0	0	0	-1	0	0	0	22	-1
c12729	-1	-1	38	0	18	-1	-1	0	0	0	0	-1	0	0	-1	10	0	26	-1	0	-1	-1	0	0	0	0	29	44	0	0
c12735	27	0	0	27	21	5	-1	-1	0	0	-1	0	0	0	34	-1	43	0	0	40	0	-1	0	22	18	16	0	0	11	16
c12747	-1	0	18	0	0	14	-1	0	0	18	30	0	0	0	0	-1	-1	0	0	-1	22	0	22	-1	0	-1	8	18	10	-1
c12753	0	0	-1	27	21	0	-1	-1	0	0	0	28	0	0	-1	27	43	0	-1	40	0	0	0	-1	32	16	-1	0	-1	0
c12756	0	0	0	-1	17	18	-1	-1	0	-1	0	0	0	48	34	0	47	33	0	40	24	-1	32	0	0	16	26	-1	0	0
c12757	-1	-1	0	-1	-1	18	-1	-1	0	-1	-1	0	0	48	-1	0	47	33	0	40	24	-1	-1	0	0	16	-1	0	0	0
c12772	25	-1	0	0	0	0	-1	0	18	13	0	14	0	0	40	44	-1	-1	-1	0	-1	-1	0	0	6	0	22	48	22	-1
c12778	0	5	16	-1	0	0	-1	0	39	21	0	0	29	-1	0	0	7	-1	-1	0	20	0	-1	0	18	-1	0	0	22	-1
c12780	0	47	0	14	0	40	-1	31	0	0	0	0	-1	-1	-1	0	7	-1	-1	15	32	-1	-1	-1	0	-1	-1	18	-1	0
c12796	0	0	6	0	-1	0	-1	0	-1	39	0	-1	0	21	0	-1	7	0	-1	-1	0	0	0	15	48	15	21	-1	0	-1
c12805	0	0	0	-1	18	41	-1	0	0	0	0	0	0	-1	-1	47	7	0	0	15	0	-1	0	47	-1	0	0	-1	13	0
c12810	-1	-1	0	0	-1	0	-1	-1	0	0	0	0	-1	48	0	0	0	43	-1	40	11	-1	0	-1	10	-1	0	9	0	0
c12842	0	-1	0	0	0	44	-1	26	-1	0	18	40	-1	48	-1	-1	-1	0	-1	-1	16	2	-1	0	0	0	-1	9	0	0
c12843	0	-1	0	0	0	44	-1	26	0	0	18	40	0	48	-1	9	-1	0	-1	-1	0	2	0	0	0	0	0	9	0	0
c12848	47	0	20	0	-1	-1	-1	0	-1	-1	-1	0	0	-1	0	18	7	-1	0	0	0	47	-1	-1	-1	0	-1	-1	-1	-1
c12852	47	0	0	-1	0	0	-1	-1	11	0	38	0	0	-1	-1	-1	-1	0	0	-1	0	0	0	47	0	0	0	33	22	-1
c12858	27	0	-1	0	0	-1	-1	40	-1	18	-1	0	0	5	-1	0	7	5	0	15	11	30	18	15	0	0	25	0	0	-1
c12862	0	0	-1	-1	-1	0	-1	-1	-1	0	0	0	12	0	34	0	47	47	21	40	-1	0	0	17	18	16	26	0	28	0
c12864	0	-1	0	0	0	44	-1	0	30	0	0	40	0	48	-1	0	44	0	-1	0	0	2	-1	18	0	0	0	9	0	10
c12865	0	-1	-1	0	-1	44	-1	0	30	0	0	-1	0	48	0	-1	44	-1	-1	0	0	-1	0	18	0	-1	0	9	0	-1
c12868	0	0	0	-1	0	-1	-1	0	-1	39	0	0	0	0	0	11	7	-1	-1	-1	0	0	0	0	48	15	21	0	27	0
c12892	-1	32	0	0	-1	0	-1	0	14	-1	0	-1	0	15	43	-1	7	0	42	-1	0	0	0	0	-1	0	8	-1	0	0
c12901	0	-1	0	0	0	44	-1	0	0	6	0	40	0	-1	0	9	0	0	-1	0	0	2	0	0	-1	-1	0	9	0	0
c12907	0	0	-1	-1	0	0	-1	-1	-1	0	0	0	0	0	34	-1	47	-1	20	40	30	0	0	0	-1	16	26	0	28	5
c12921	27	-1	-1	27	-1	-1	-1	-1	0	-1	-1	0	33	0	34	-1	43	0	0	40	0	-1	-1	22	18	16	-1	44	11	16
c12925	0	-1	11	0	-1	-1	-1	-1	0	0	0	22	-1	0	0	0	0	0	-1	0	0	0	0	0	0	0	-1	0	-1	-1
c12926	0	-1	-1	0	0	27	-1	0	0	14	-1	0	47	0	-1	0	0	0	-1	0	0	11	0	0	-1	-1	-1	9	0	0
c12933	0	-1	0	0	0	-1	-1	-1	28	0	-1	0	44	30	34	-1	0	10	0	40	0	-1	27	0	9	-1	0	0	48	0
c12935	0	-1	-1	27	21	27	-1	-1	0	0	0	-1	0	20	34	0	43	-1	36	40	40	48	0	22	-1	16	-1	0	-1	0
c12936	0	-1	0	5	-1	50	-1	-1	0	-1	0	26	25	-1	27	-1	30	21	-1	47	50	-1	0	0	0	-1	-1	18	0	0
c12944	0	-1	12	0	0	0	-1	-1	0	-1	0	0	-1	-1	-1	7	0	26	-1	-1	0	0	-1	-1	0	0	15	0	-1	8
c12959	-1	-1	0	0	0	-1	-1	0	43	0	-1	-1	0	0	-1	29	7	0	0	0	0	0	0	0	0	0	-1	-1	12	-1
c12965	-1	0	-1	0	0	-1	-1	5	0	18	-1	0	0	0	0	-1	7	0	-1	0	0	0	22	0	0	0	8	18	10	0
c12969	-1	-1	45	-1	35	0	-1	0	-1	0	38	0	0	-1	0	18	-1	0	0	0	0	47	-1	47	0	0	0	0	22	-1
c12983	-1	-1	-1	0	0	-1	-1	0	39	0	0	0	0	0	0	0	26	-1	-1	39	-1	-1	0	0	0	-1	0	-1	0	0
c12988	-1	-1	-1	0	0	50	-1	30	0	43	-1	20	25	0	27	-1	-1	-1	-1	0	24	36	0	0	16	22	0	-1	12	0
c12992	0	0	27	0	-1	0	-1	0	-1	27	0	0	-1	44	15	0	7	43	40	0	0	0	16	0	11	0	8	18	0	0
c13012	0	18	-1	-1	0	12	-1	-1	-1	0	0	-1	-1	-1	34	0	47	-1	0	40	-1	-1	-1	0	0	16	-1	0	28	-1
c13017	0	0	0	0	47	0	-1	0	6	39	0	9	0	-1	-1	0	7	0	0	-1	-1	-1	0	0	48	-1	0	0	0	0
c13018	0	0	0	-1	0	-1	-1	-1	-1	0	-1	0	0	0	34	0	47	47	-1	40	30	6	0	0	0	16	26	0	28	0
c13019	0	0	0	-1	0	0	-1	-1	-1	0	-1	0	0	0	34	0	47	47	-1	-1	-1	-1	0	0	0	16	26	0	-1	0
c13022	28	-1	-1	-1	-1	0	-1	0	-1	-1	-1	-1	27	22	0	0	0	6	-1	0	0	40	0	27	0	18	11	44	-1	16
c13033	-1	-1	39	-1	0	34	-1	0	50	0	-1	0	0	0	-1	0	7	-1	6	19	-1	-1	0	18	0	0	47	0	22	-1
c13035	-1	-1	-1	0	0	0	-1	0	0	0	-1	0	18	-1	0	-1	0	26	-1	-1	0	0	0	-1	0	5	0	47	-1	0
c13042	0	-1	0	18	0	0	-1	0	29	18	0	-1	18	18	0	-1	30	-1	-1	33	0	-1	0	0	0	0	16	-1	-1	0
c13043	0	-1	0	-1	0	0	-1	0	29	18	0	14	18	18	0	0	-1	-1	-1	33	0	13	0	0	0	0	16	-1	0	0
c13055	0	-1	0	-1	-1	-1	-1	0	-1	13	0	0	13	44	0	44	7	0	50	0	-1	0	0	28	6	0	0	0	22	-1
c13057	0	-1	21	-1	0	0	-1	28	29	-1	0	0	-1	-1	0	18	30	0	-1	0	0	-1	-1	0	44	0	0	21	0	22
c13074	0	-1	-1	5	-1	50	-1	0	0	-1	0	26	25	18	27	0	30	-1	-1	0	-1	0	0	0	0	-1	0	18	0	0
c13083	0	5	0	-1	0	0	-1	-1	0	6	0	0	44	-1	34	0	0	0	-1	40	0	0	0	0	0	16	0	0	48	1
c13086	-1	0	0	-1	21	-1	-1	-1	0	0	0	27	0	-1	0	-1	-1	33	0	32	0	-1	0	0	0	28	8	18	-1	-1
c13095	-1	-1	11	0	0	-1	-1	0	44	47	-1	47	-1	-1	21	32	-1	-1	-1	0	-1	0	0	0	0	0	0	18	0	0
c13098	-1	-1	0	-1	18	0	-1	-1	0	-1	0	0	5	44	0	26	7	39	0	0	0	6	0	0	-1	0	0	0	22	-1
c13104	0	44	0	0	-1	2	-1	0	22	-1	0	0	24	0	0	-1	7	-1	6	19	0	-1	0	0	0	-1	47	0	22	-1
c13105	0	44	0	0	-1	-1	-1	0	22	0	0	0	24	0	0	0	7	0	6	19	0	-1	0	0	0	-1	47	0	22	-1
c13106	-1	0	18	0	0	14	-1	0	0	-1	30	0	15	0	0	-1	7	27	0	0	0	0	22	0	-1	-1	8	18	10	0
c13132	-1	44	-1	26	0	34	-1	0	50	0	0	22	0	0	0	-1	7	-1	6	19	0	31	0	0	0	0	47	-1	22	-1
c13134	-1	-1	-1	27	21	0	-1	-1	0	0	0	-1	0	0	34	0	-1	0	18	40	0	0	-1	0	0	16	21	0	0	15
c13146	0	-1	0	0	0	0	-1	0	0	-1	16	0	11	-1	-1	-1	-1	0	-1	15	-1	0	0	22	0	-1	0	0	44	0
c13151	0	0	0	-1	0	0	-1	-1	0	33	0	-1	0	0	-1	0	0	0	18	-1	18	21	-1	0	18	16	-1	0	0	-1
c13153	0	0	0	0	0	-1	-1	-1	0	0	44	0	44	30	34	0	0	0	-1	40	-1	10	0	0	9	16	25	0	48	0
c13156	0	0	-1	-1	0	0	-1	-1	-1	0	-1	0	6	0	34	7	47	47	0	40	30	0	0	-1	-1	16	26	0	28	0
c13157	0	0	-1	-1	0	-1	-1	-1	-1	0	34	0	6	0	34	7	47	47	0	40	30	0	0	0	18	16	26	0	28	0
c13159	-1	-1	0	-1	0	50	-1	0	0	0	24	27	25	11	27	-1	-1	21	-1	0	0	36	47	-1	16	-1	0	18	0	0
c13169	-1	-1	0	26	-1	-1	-1	33	0	0	0	0	0	-1	0	-1	7	11	6	19	-1	31	-1	-1	0	28	47	-1	22	-1
c13180	0	-1	-1	50	0	11	-1	-1	0	0	16	0	0	0	-1	0	0	-1	-1	16	-1	0	0	22	0	18	0	27	-1	0
c13187	0	0	0	0	7	29	-1	0	0	-1	0	0	0	0	0	-1	7	0	0	15	0	-1	0	-1	-1	0	0	11	0	0
c13191	0	0	-1	-1	0	22	-1	0	6	-1	0	0	0	27	19	0	7	44	0	15	0	11	28	0	48	0	15	21	0	0
c13192	0	-1	-1	0	0	0	-1	-1	14	0	0	0	0	39	0	7	0	-1	-1	0	0	-1	0	0	11	0	-1	0	47	8
c13210	0	-1	0	0	44	-1	-1	-1	0	-1	0	25	-1	0	27	-1	30	21	-1	15	0	36	0	0	16	22	-1	-1	0	0
c13216	-1	-1	0	18	47	0	-1	0	0	-1	-1	0	0	0	-1	10	44	28	-1	-1	47	0	-1	-1	0	-1	29	0	0	0
c13223	-1	0	-1	-1	0	0	-1	-1	0	0	0	0	24	-1	-1	0	7	-1	11	15	30	30	0	30	26	0	0	40	0	0
c13225	0	44	0	11	-1	0	-1	0	-1	-1	0	0	0	-1	0	0	7	-1	-1	19	-1	-1	-1	-1	-1	16	47	0	22	-1
c13242	-1	0	-1	-1	17	0	-1	-1	22	-1	0	0	-1	-1	34	0	47	0	0	-1	0	0	32	-1	0	16	26	-1	-1	-1
c13243	0	0	-1	-1	17	0	-1	-1	22	-1	0	0	-1	-1	34	0	47	0	0	40	0	0	32	-1	0	16	26	-1	-1	-1
c13248	0	-1	-1	-1	0	0	-1	-1	29	16	0	0	18	0	0	-1	30	40	-1	0	0	13	16	25	0	27	0	-1	0	0
c13255	-1	-1	-1	0	-1	0	-1	0	6	39	0	-1	0	0	0	0	7	-1	0	15	26	-1	0	0	48	15	0	-1	0	0
c13256	-1	-1	0	0	-1	0	-1	0	-1	0	0	0	0	48	0	0	0	0	-1	0	0	47	0	0	11	0	-1	9	0	0
c13268	0	-1	0	-1	-1	-1	-1	0	0	0	0	0	-1	0	0	-1	-1	0	-1	0	0	0	0	26	0	5	0	-1	6	-1
c13272	-1	-1	11	0	-1	37	-1	-1	0	0	0	0	0	0	0	0	-1	18	-1	-1	0	0	-1	0	0	0	-1	0	0	9
c13275	0	-1	-1	-1	0	0	-1	-1	0	0	0	0	0	5	-1	0	39	37	-1	0	0	-1	-1	29	22	0	22	0	0	8
c13276	29	-1	0	34	-1	0	-1	0	13	0	16	0	11	0	-1	0	-1	0	-1	-1	0	0	0	22	48	0	0	0	0	-1
c13281	0	-1	-1	40	0	0	-1	0	-1	0	0	0	18	0	-1	0	30	0	-1	0	0	13	0	0	50	0	0	0	-1	-1
c13298	-1	0	0	-1	0	-1	-1	26	-1	0	0	0	-1	40	25	9	7	0	40	-1	0	0	0	-1	-1	-1	8	18	0	0
c13303	0	-1	0	-1	-1	27	-1	0	18	14	-1	-1	47	0	-1	0	0	0	-1	0	0	-1	2	28	0	0	-1	-1	0	0
c13309	47	-1	0	0	0	0	-1	0	0	0	-1	0	0	0	0	-1	0	0	-1	-1	0	-1	0	29	-1	0	-1	0	-1	8
c13314	-1	0	0	30	0	0	-1	0	6	39	-1	0	16	39	33	0	7	0	11	15	-1	0	0	0	48	-1	0	0	0	10
c13325	-1	0	20	0	0	0	-1	-1	11	-1	38	0	-1	-1	0	18	-1	0	0	47	-1	47	0	0	0	0	0	0	-1	-1
c13327	0	-1	0	-1	0	50	-1	50	48	0	-1	0	0	0	-1	-1	-1	-1	-1	0	-1	0	-1	-1	-1	30	-1	0	32	47
c13346	-1	0	0	0	0	0	-1	-1	11	-1	38	0	-1	6	0	0	7	-1	25	28	0	0	0	0	0	0	-1	-1	22	-1
c13347	-1	-1	0	0	0	0	-1	0	11	39	38	0	0	-1	0	0	7	0	-1	28	0	-1	0	0	0	-1	-1	0	22	-1
c13349	0	-1	-1	-1	10	0	-1	-1	48	0	0	-1	0	-1	-1	21	30	0	-1	-1	0	0	0	0	0	0	0	0	0	47
c13360	0	-1	-1	-1	0	0	-1	0	0	0	0	0	-1	5	0	5	0	0	-1	22	0	21	0	-1	22	0	22	-1	0	8
c13363	0	-1	0	0	0	50	-1	-1	0	0	18	26	27	-1	33	0	30	21	-1	-1	28	0	0	0	0	0	-1	-1	0	24
c13365	-1	-1	11	19	0	-1	-1	-1	-1	0	-1	-1	0	0	-1	-1	-1	-1	-1	0	0	0	0	0	0	0	-1	18	0	0
c13366	32	-1	0	0	-1	50	-1	0	11	-1	18	-1	27	0	33	0	-1	-1	-1	-1	0	0	0	0	0	18	-1	-1	-1	24
c13374	0	-1	41	14	6	29	-1	0	-1	15	-1	-1	31	0	0	0	30	-1	-1	-1	33	18	0	0	-1	16	-1	0	-1	0
c13387	0	0	0	14	-1	40	-1	0	0	0	0	0	0	22	-1	0	7	48	-1	-1	0	0	0	22	-1	-1	8	18	5	0
c13399	0	-1	0	0	0	-1	-1	44	0	0	0	-1	25	0	27	0	30	-1	-1	0	-1	36	0	0	16	-1	0	18	12	0
c13418	27	30	0	0	0	0	-1	0	0	0	0	0	24	18	-1	0	7	-1	-1	-1	30	30	0	30	-1	0	-1	-1	0	0
c13426	0	-1	-1	0	-1	-1	-1	-1	0	-1	0	0	0	-1	0	0	7	43	40	0	0	-1	0	0	11	-1	-1	18	0	0
c13436	18	-1	0	-1	22	15	-1	-1	0	21	-1	-1	22	0	34	-1	0	15	18	40	-1	0	0	-1	-1	16	26	27	-1	48
c13442	39	0	20	-1	0	0	-1	0	0	0	0	-1	-1	0	-1	15	7	0	0	32	0	0	6	0	0	0	-1	18	0	16
c13450	0	30	0	0	0	0	-1	33	18	0	0	-1	0	44	0	0	7	0	0	15	-1	29	0	0	-1	0	0	-1	0	-1
c13464	0	-1	-1	0	43	0	-1	-1	18	8	0	0	0	48	0	0	-1	-1	-1	-1	0	21	0	-1	18	25	-1	9	5	0
c13466	-1	-1	48	-1	0	0	-1	0	40	-1	-1	0	0	22	0	0	0	-1	-1	-1	0	0	40	27	0	18	11	-1	0	0
c13467	0	-1	48	0	0	0	-1	0	40	-1	-1	0	0	22	0	0	0	0	-1	9	0	0	40	27	0	18	11	44	0	0
c13468	10	0	-1	27	21	0	-1	-1	0	0	7	0	0	20	34	0	43	15	0	40	-1	0	0	-1	-1	16	0	27	0	0
c13476	28	-1	0	-1	0	39	-1	28	29	0	0	0	18	0	0	0	-1	-1	-1	0	0	-1	0	16	44	-1	0	21	0	29
c13477	28	-1	0	-1	0	39	-1	28	29	0	-1	0	18	-1	0	0	30	0	-1	0	0	13	0	16	44	0	0	21	0	29
c13478	0	-1	-1	0	19	26	-1	0	-1	18	0	28	-1	0	0	0	0	0	-1	0	0	0	0	0	0	5	1	25	0	5
c13485	-1	0	-1	-1	-1	0	-1	-1	-1	0	0	0	0	0	-1	0	47	47	0	40	30	0	0	0	-1	16	26	0	-1	0
c13520	0	-1	0	21	0	50	-1	0	11	0	0	-1	25	0	27	14	30	21	-1	0	0	0	-1	48	-1	22	0	18	28	18
c13524	24	39	0	-1	17	0	-1	-1	22	0	-1	0	36	0	34	14	47	-1	0	40	9	-1	32	-1	0	16	26	0	-1	0
c13525	24	39	0	-1	17	0	-1	-1	-1	0	0	0	-1	0	34	14	-1	0	-1	40	9	-1	32	-1	0	16	26	0	0	0
c13528	0	-1	0	0	-1	0	-1	0	6	39	0	0	0	14	0	-1	7	0	0	15	-1	0	0	0	-1	-1	0	2	0	0
c13529	0	0	0	0	-1	0	-1	0	-1	39	0	0	-1	14	0	12	7	0	0	15	0	0	0	-1	-1	-1	0	2	0	0
c13531	0	0	0	-1	17	5	-1	-1	0	0	0	-1	-1	20	34	0	47	-1	14	-1	-1	0	-1	9	0	16	-1	0	-1	0
c13533	-1	-1	30	0	0	-1	-1	0	0	0	0	42	0	-1	50	0	-1	0	-1	0	11	0	0	10	-1	0	-1	9	40	0
c13538	31	-1	0	21	0	-1	-1	12	-1	0	10	0	25	-1	27	0	-1	21	-1	11	-1	0	22	0	18	22	0	18	-1	-1
c13541	-1	26	0	-1	17	0	-1	-1	-1	-1	16	0	0	0	34	41	47	0	0	40	48	0	32	30	-1	-1	26	0	0	0
c13545	48	-1	47	0	9	50	-1	0	20	0	-1	-1	27	0	33	0	30	21	-1	0	0	29	0	-1	0	47	27	0	0	-1
c13547	0	0	-1	0	-1	14	-1	-1	18	-1	0	0	44	30	34	0	0	-1	0	40	-1	0	22	0	0	-1	0	0	-1	-1
c13548	-1	0	-1	0	0	0	-1	0	43	0	-1	0	0	0	5	0	7	0	0	0	21	42	0	0	-1	0	8	18	12	0
