	0	1	2	3	4	5	6	7	8	9	10	11	12	13	14	15	16	17	18	19	20	21	22	23	24	25	26	27	28	29
c350	34	5	33	0	47	41	0	0	0	-1	25	0	0	44	-1	0	38	0	0	0	41	-1	-1	0	-1	-1	0	0	0	-1
c605	25	5	0	41	-1	41	0	0	0	31	-1	0	-1	44	25	-1	-1	-1	0	0	0	44	-1	0	0	0	0	21	-1	0
c1146	0	5	32	0	-1	41	0	-1	0	31	38	-1	22	44	0	-1	0	0	-1	34	-1	44	0	0	0	0	43	41	-1	0
c1560	34	-1	0	6	0	41	0	0	0	31	-1	0	-1	-1	27	44	46	0	46	-1	41	44	0	0	11	25	0	0	0	0
c1575	-1	5	33	0	47	41	21	0	-1	31	-1	0	38	44	38	0	0	0	0	-1	41	-1	-1	-1	11	49	2	0	0	0
c1673	-1	-1	0	0	38	25	0	0	0	8	0	0	0	0	30	-1	28	0	0	8	0	0	-1	45	-1	0	26	0	0	15
c1802	17	5	0	0	45	41	0	0	11	31	0	0	-1	-1	0	0	-1	0	0	39	-1	44	-1	0	11	-1	0	-1	-1	0
c2367	0	-1	0	0	0	0	0	0	0	0	0	0	-1	-1	0	-1	0	0	0	8	-1	0	-1	45	0	-1	26	0	0	15
c2580	0	-1	41	-1	0	-1	-1	0	0	-1	-1	0	8	44	-1	-1	11	7	0	-1	0	44	-1	0	0	0	0	5	-1	-1
c2876	0	5	41	0	0	41	0	-1	0	31	-1	0	0	44	0	16	25	-1	46	41	0	44	0	-1	0	39	30	0	0	32
c2881	-1	-1	-1	32	0	-1	0	35	0	-1	45	0	44	0	0	0	0	38	8	0	0	0	-1	-1	0	27	11	33	-1	0
c2973	0	5	-1	34	0	41	17	0	0	31	25	0	34	44	0	0	-1	0	38	32	41	44	-1	0	11	0	0	0	0	11
c3051	0	5	0	0	-1	-1	0	0	44	31	25	0	0	44	-1	0	0	-1	14	0	41	44	41	0	11	45	26	0	0	11
c3183	0	5	0	-1	-1	41	0	0	0	31	-1	0	0	-1	-1	44	46	0	46	-1	41	-1	0	0	-1	-1	-1	41	0	0
c3239	-1	5	-1	0	0	41	0	0	0	31	0	-1	0	44	0	0	-1	0	46	0	0	44	0	-1	27	0	0	-1	-1	0
c3248	0	5	-1	0	0	-1	0	0	34	-1	-1	34	0	44	0	16	-1	7	0	0	12	44	0	0	0	-1	0	-1	0	34
c3269	-1	5	0	0	0	41	-1	0	0	31	-1	0	0	44	0	-1	46	0	46	-1	-1	44	-1	-1	11	0	0	0	-1	0
c3270	46	5	12	-1	0	-1	0	0	-1	-1	0	5	0	44	0	32	0	0	0	32	-1	44	0	-1	0	41	46	-1	0	41
c3278	0	5	-1	0	-1	41	0	0	0	31	-1	-1	27	-1	0	6	41	0	0	0	-1	-1	0	-1	-1	0	6	5	0	-1
c3340	33	5	41	0	32	41	-1	0	-1	-1	-1	11	0	-1	0	16	25	7	0	-1	0	44	0	0	0	0	-1	0	41	0
c3347	0	-1	0	41	0	41	16	-1	16	31	-1	0	0	44	25	-1	-1	32	0	-1	-1	44	0	0	0	46	0	0	-1	0
c3355	0	-1	33	11	47	41	5	-1	-1	31	25	0	38	-1	38	25	0	-1	-1	0	41	-1	-1	16	11	49	2	0	0	0
c3397	0	5	24	0	0	-1	0	0	0	-1	-1	0	0	44	0	44	-1	-1	46	-1	41	44	1	0	11	0	-1	0	0	0
c3475	0	5	-1	0	0	41	0	32	-1	31	-1	-1	0	44	0	16	25	7	-1	-1	0	44	0	-1	0	0	0	0	-1	32
c3637	17	5	0	0	0	41	-1	46	11	31	0	0	0	44	0	0	38	0	-1	-1	41	44	0	0	-1	0	-1	-1	-1	0
c3816	0	5	41	0	0	41	0	0	0	31	-1	0	-1	44	0	-1	11	-1	0	0	-1	44	-1	32	0	-1	0	5	0	11
c3854	-1	-1	0	0	-1	41	0	0	0	31	-1	0	-1	44	0	-1	0	0	33	32	0	44	8	0	0	2	0	0	28	0
c3862	0	5	11	25	32	-1	-1	0	-1	31	0	5	0	-1	32	0	0	-1	0	5	0	44	0	0	0	41	-1	0	0	-1
c3882	-1	5	0	-1	15	41	0	0	0	-1	46	0	30	-1	0	45	35	0	0	-1	41	44	0	46	34	0	46	0	0	41
c3946	33	5	41	0	-1	41	9	0	-1	31	-1	0	-1	44	35	-1	25	7	0	0	0	44	0	0	0	0	-1	0	0	0
c4057	0	5	0	41	0	41	0	0	-1	31	-1	44	-1	44	25	-1	-1	-1	0	0	0	44	-1	-1	0	0	0	0	0	-1
c4078	0	5	0	0	0	41	-1	0	0	31	-1	0	0	44	38	0	-1	-1	0	-1	38	44	-1	0	0	2	0	0	0	-1
c4156	30	5	-1	0	0	41	0	0	0	31	25	0	0	44	0	0	0	-1	0	-1	41	44	41	0	11	0	26	0	0	11
c4227	0	-1	46	0	5	41	32	0	44	31	25	17	-1	44	0	0	12	0	0	46	41	44	0	0	11	-1	0	0	41	11
c4240	0	5	0	0	0	41	0	-1	-1	31	0	25	0	-1	0	38	0	0	-1	0	0	-1	41	24	-1	0	0	-1	0	32
c4255	0	5	41	32	-1	41	6	32	0	31	-1	-1	-1	44	38	16	-1	7	46	-1	0	44	0	-1	0	0	30	-1	0	32
c4263	-1	5	-1	-1	25	-1	-1	-1	0	31	-1	38	0	44	34	16	25	7	11	8	0	44	0	24	0	0	25	10	0	32
c4303	0	5	0	41	0	41	0	0	0	-1	-1	41	-1	44	25	-1	-1	-1	0	0	0	44	-1	-1	0	0	44	-1	0	0
c4320	0	5	0	0	0	41	0	-1	-1	31	-1	5	0	44	0	0	0	0	0	5	0	44	0	0	0	41	0	0	-1	-1
c4323	0	5	0	0	0	41	46	0	0	31	33	-1	0	44	-1	-1	-1	0	0	0	-1	44	0	17	0	-1	0	32	34	25
c4359	35	5	41	-1	-1	41	5	32	0	31	-1	11	0	-1	-1	16	25	7	41	0	-1	44	0	-1	0	-1	0	10	0	32
c4380	35	5	41	-1	25	41	5	32	-1	31	-1	11	-1	44	0	16	25	-1	0	0	-1	-1	0	24	0	0	0	10	-1	-1
c4452	0	5	0	49	-1	41	5	-1	-1	31	0	-1	0	44	0	0	0	0	-1	-1	-1	44	0	0	0	41	0	8	0	0
c4462	0	41	0	0	45	24	0	0	0	-1	0	-1	0	0	11	42	-1	28	-1	0	0	0	-1	45	38	34	0	0	46	15
c4480	5	-1	41	0	0	0	0	0	0	-1	12	0	0	0	0	-1	0	-1	0	8	0	0	-1	-1	0	-1	-1	0	0	15
c4497	-1	5	38	0	0	41	44	-1	0	-1	-1	-1	25	44	0	41	32	35	0	0	-1	44	0	0	0	0	0	-1	31	44
c4514	0	5	41	0	45	41	0	-1	0	31	0	0	46	44	0	16	6	-1	-1	0	16	-1	0	-1	44	0	17	0	0	-1
c4535	0	-1	0	-1	0	41	-1	0	-1	-1	0	0	0	44	43	0	0	0	0	0	0	44	-1	46	0	0	46	0	0	41
c4536	-1	5	41	32	0	41	-1	32	0	31	-1	0	0	44	0	-1	25	7	46	-1	0	44	-1	-1	39	11	30	0	0	32
c4579	0	-1	0	0	0	-1	0	41	0	-1	-1	0	0	44	0	44	46	0	-1	-1	-1	44	-1	0	11	0	0	0	0	0
c4580	-1	5	0	0	0	-1	0	-1	-1	31	0	0	0	44	-1	6	0	0	-1	-1	46	44	0	0	0	28	-1	0	26	25
c4613	-1	5	0	0	0	41	38	-1	-1	31	38	-1	22	44	0	-1	0	25	-1	34	46	44	11	0	0	35	30	41	0	0
c4629	33	5	41	0	0	41	0	-1	0	31	-1	0	32	44	-1	16	25	7	0	0	0	44	0	-1	0	0	-1	0	25	0
c4686	-1	5	-1	0	41	41	0	0	0	31	-1	0	0	44	-1	-1	-1	0	46	-1	41	44	0	-1	-1	0	-1	0	-1	0
c4691	38	5	41	0	0	41	0	16	0	31	-1	0	8	44	0	16	11	-1	0	39	0	44	0	0	0	0	0	0	0	-1
c4802	-1	-1	0	-1	0	41	0	0	0	-1	0	-1	-1	44	0	32	0	0	0	32	0	44	0	46	-1	0	46	0	0	41
c4807	-1	5	0	38	16	41	0	0	0	-1	0	0	-1	-1	0	0	0	0	25	0	0	44	-1	0	0	0	25	-1	38	0
c4836	0	5	0	16	0	41	-1	46	-1	-1	0	5	0	-1	0	0	0	0	0	5	0	44	0	0	0	41	0	0	-1	0
c4855	-1	5	41	0	0	-1	0	0	0	31	-1	-1	-1	44	0	16	25	7	-1	45	-1	-1	0	0	0	0	-1	-1	0	5
c4878	-1	-1	12	44	0	-1	0	0	-1	-1	0	-1	-1	0	0	42	0	0	0	0	-1	0	-1	45	0	0	-1	5	5	-1
c4879	17	0	12	44	0	-1	0	0	0	0	-1	-1	0	0	0	42	0	0	-1	-1	0	0	-1	-1	0	0	0	5	-1	15
c4949	-1	5	0	34	0	41	30	0	0	31	-1	0	39	44	0	0	43	0	5	42	25	-1	0	0	0	0	0	32	11	0
c4977	0	-1	0	0	0	41	0	0	0	31	0	0	0	44	0	-1	-1	0	33	-1	0	44	8	0	0	2	-1	-1	0	0
c5020	0	5	41	41	8	-1	0	32	0	31	-1	0	-1	44	-1	16	25	-1	-1	0	0	44	0	-1	0	-1	30	0	-1	32
c5028	33	5	41	-1	0	41	-1	0	0	31	-1	0	0	-1	12	-1	25	7	0	0	39	44	0	0	0	0	-1	-1	0	0
c5094	-1	5	-1	0	0	41	0	0	0	-1	-1	12	0	44	0	0	0	0	46	0	0	44	0	49	0	0	0	32	-1	0
c5107	-1	5	41	27	45	41	0	-1	0	31	-1	0	0	44	0	16	6	0	25	11	0	44	46	38	44	0	0	32	0	0
c5146	46	5	0	-1	0	-1	0	0	11	31	0	0	0	44	0	0	0	11	0	-1	41	44	5	0	11	-1	-1	-1	-1	6
c5169	0	5	-1	-1	21	-1	0	-1	0	31	-1	8	0	44	0	-1	0	-1	0	0	0	44	0	-1	0	46	0	0	0	-1
c5173	0	5	0	49	-1	-1	5	0	-1	31	-1	-1	0	44	41	0	27	0	0	5	-1	-1	0	0	0	41	0	-1	0	0
c5191	30	5	0	0	0	41	0	0	0	31	25	0	0	44	-1	41	0	-1	0	-1	41	44	41	0	-1	-1	26	-1	0	11
c5238	0	5	0	-1	0	41	38	-1	11	-1	-1	0	39	44	0	0	-1	0	0	0	25	44	0	0	0	0	0	32	0	0
c5243	32	-1	32	0	0	0	0	35	15	0	0	0	-1	0	-1	41	0	38	-1	0	0	0	0	-1	0	27	11	33	0	39
c5263	-1	5	41	0	-1	41	0	32	0	31	-1	-1	0	44	-1	16	25	-1	-1	0	0	44	0	-1	0	0	-1	0	41	-1
c5324	0	-1	32	0	17	0	-1	-1	0	0	0	0	44	0	0	-1	0	38	-1	0	0	0	31	0	-1	27	11	33	0	0
c5362	0	5	0	34	-1	-1	-1	0	0	31	-1	0	39	-1	33	38	0	0	5	-1	25	44	-1	0	0	0	0	32	11	0
c5413	0	-1	41	0	0	-1	0	0	0	-1	-1	0	8	-1	0	-1	11	7	-1	0	0	44	0	12	0	41	0	5	0	11
c5421	0	5	0	32	-1	-1	-1	0	-1	31	0	0	0	44	11	0	0	0	33	32	0	44	8	0	-1	2	0	0	28	0
c5530	0	-1	-1	32	0	24	-1	0	0	0	0	30	0	0	11	42	-1	28	-1	0	0	0	-1	45	38	-1	41	0	-1	15
c5539	0	32	0	0	0	0	0	35	0	0	0	0	44	0	17	-1	-1	0	0	0	0	0	0	-1	8	27	11	33	-1	0
c5562	0	5	0	0	-1	-1	0	0	0	31	25	-1	17	44	-1	0	-1	0	38	-1	41	44	41	0	11	0	0	0	0	11
c5601	0	-1	0	27	-1	41	0	-1	6	-1	25	0	6	44	0	0	-1	0	-1	0	41	-1	41	30	11	-1	0	0	0	-1
c5631	0	-1	41	0	0	41	16	32	0	31	-1	0	0	44	0	16	25	7	0	30	0	44	-1	24	-1	0	0	-1	-1	32
c5636	-1	5	-1	0	0	41	0	0	0	31	-1	0	-1	44	0	0	0	8	46	0	-1	44	0	49	41	0	0	32	-1	0
c5681	0	5	0	0	0	41	-1	0	0	31	-1	0	-1	44	0	44	46	-1	46	-1	41	44	0	0	11	0	0	41	0	0
c5686	0	5	0	25	32	-1	-1	0	-1	31	-1	5	0	-1	0	0	0	-1	0	-1	0	-1	0	-1	0	41	0	-1	0	-1
c5698	33	5	41	0	0	41	-1	0	0	31	-1	0	0	44	0	16	25	7	0	0	0	44	0	0	-1	0	-1	0	-1	0
c5699	33	5	41	-1	-1	41	30	0	0	31	-1	0	0	44	0	16	25	-1	-1	-1	-1	-1	0	0	-1	0	-1	0	0	0
c5734	0	5	-1	0	5	41	-1	0	44	31	25	-1	0	44	0	46	-1	0	0	46	41	44	27	0	11	-1	0	0	41	11
c5747	-1	41	0	32	-1	24	-1	0	0	0	0	30	0	0	11	42	0	28	0	-1	0	0	-1	45	38	34	0	41	46	15
c5767	-1	5	0	0	24	41	0	0	-1	31	-1	32	0	-1	0	-1	0	5	-1	0	27	44	-1	0	0	46	0	0	0	6
c5799	0	5	0	0	-1	41	0	-1	25	31	0	0	31	44	0	0	0	41	41	0	-1	44	0	8	-1	0	0	32	0	-1
c5847	0	5	41	24	46	-1	0	-1	0	31	-1	0	8	-1	-1	-1	11	7	0	-1	-1	44	0	25	0	0	0	5	16	11
c5952	0	5	0	0	0	41	0	-1	0	-1	-1	-1	39	44	40	0	0	26	0	0	25	44	0	0	0	0	-1	-1	-1	10
c6053	0	-1	0	0	-1	0	25	35	0	0	0	0	44	32	17	24	0	0	28	0	0	0	0	0	0	27	-1	33	0	-1
c6117	0	5	0	-1	-1	41	-1	-1	0	-1	0	41	-1	44	0	32	-1	0	0	32	0	44	-1	46	0	0	46	-1	0	41
c6128	-1	-1	0	0	5	-1	0	0	0	31	25	0	0	44	0	0	-1	0	-1	46	41	44	0	0	11	38	0	0	0	11
c6142	6	32	0	-1	0	0	33	0	-1	0	-1	0	44	0	0	0	0	30	0	0	-1	0	0	0	0	27	11	33	0	0
c6208	0	5	0	41	0	41	47	-1	-1	31	-1	0	0	44	25	-1	-1	0	0	32	0	44	0	27	0	11	0	0	-1	0
c6221	0	5	0	34	0	41	0	0	0	31	25	0	0	44	0	0	-1	-1	38	-1	41	-1	-1	0	11	-1	-1	0	0	11
c6231	33	5	41	-1	0	41	-1	0	0	31	-1	11	25	44	-1	16	25	7	11	0	0	44	0	0	27	-1	-1	0	-1	0
c6253	-1	5	41	0	5	41	-1	-1	0	31	-1	-1	8	44	12	16	-1	-1	0	0	-1	44	-1	0	0	0	0	0	-1	11
c6295	0	5	0	-1	-1	41	0	-1	0	-1	0	0	0	44	0	0	0	0	-1	-1	41	44	-1	46	0	0	46	0	32	-1
c6315	-1	-1	41	0	0	-1	0	0	34	-1	-1	0	0	-1	-1	16	25	7	0	8	5	44	0	0	0	30	0	0	0	32
c6318	0	-1	0	0	0	41	30	46	-1	31	0	5	-1	44	0	0	0	0	-1	5	0	44	0	0	0	41	0	0	0	-1
c6329	0	5	41	-1	-1	41	0	0	0	-1	-1	-1	-1	44	32	16	25	7	0	38	0	44	25	0	0	0	0	0	-1	-1
c6333	-1	-1	-1	5	0	41	0	0	-1	-1	0	25	-1	44	0	0	0	0	0	0	0	-1	-1	0	0	-1	-1	32	-1	-1
c6344	46	5	0	11	-1	41	0	0	-1	31	25	-1	0	44	0	-1	-1	-1	38	46	41	-1	0	0	11	38	26	0	0	-1
c6382	0	5	39	41	0	41	11	0	0	31	-1	25	-1	-1	25	-1	-1	0	-1	-1	0	44	-1	-1	0	0	0	4	0	-1
c6429	0	-1	0	0	-1	41	0	0	0	-1	-1	-1	0	-1	-1	0	0	-1	14	0	41	44	41	-1	11	45	-1	17	0	11
c6452	35	5	-1	11	0	-1	5	32	0	31	-1	0	0	44	0	16	25	7	0	-1	0	44	0	24	-1	0	-1	10	0	32
c6457	0	5	0	0	0	-1	0	0	0	31	0	0	-1	44	0	0	0	-1	33	32	0	44	-1	0	0	-1	0	0	28	-1
c6474	0	5	0	-1	0	41	0	0	0	31	-1	0	0	44	0	44	46	0	46	-1	41	-1	0	0	11	0	0	0	0	0
c6484	0	5	0	0	0	41	-1	15	-1	31	0	-1	0	44	0	0	0	30	0	5	0	44	0	-1	-1	41	0	11	0	0
c6506	-1	5	33	11	-1	41	5	-1	-1	31	25	0	38	44	38	25	-1	0	-1	0	41	44	-1	16	11	49	-1	-1	0	0
c6528	-1	5	0	-1	-1	41	0	0	0	-1	0	0	-1	-1	0	11	0	0	0	0	0	44	-1	46	0	0	46	0	-1	-1
c6577	-1	32	32	0	0	0	0	35	0	0	5	-1	44	0	0	41	0	-1	-1	0	44	44	0	0	0	27	-1	33	0	0
c6607	-1	-1	0	0	0	41	19	0	-1	31	25	0	0	44	0	-1	-1	0	38	30	41	44	41	0	-1	0	46	0	41	11
c6618	0	-1	0	-1	5	41	0	-1	0	31	25	45	0	-1	0	0	0	0	0	-1	41	44	-1	32	11	38	-1	8	0	-1
c6633	0	32	0	0	0	0	0	35	0	-1	0	0	44	-1	0	0	25	-1	0	0	0	0	0	0	28	27	11	33	0	0
c6651	0	32	0	0	12	-1	-1	35	-1	0	0	38	44	0	-1	47	0	-1	0	0	0	0	0	-1	0	27	11	33	-1	0
c6691	0	5	0	0	0	41	0	46	-1	31	0	5	0	44	0	-1	0	38	0	5	-1	-1	-1	26	-1	41	0	0	-1	6
c6717	0	5	-1	-1	0	41	0	0	0	31	-1	-1	0	44	25	-1	-1	0	0	0	0	44	46	-1	0	11	0	0	0	11
c6731	0	-1	0	41	0	-1	24	0	11	31	-1	0	0	44	25	-1	-1	0	0	-1	0	44	-1	-1	0	0	0	-1	-1	0
c6734	0	5	0	0	0	41	-1	0	0	31	25	0	0	44	0	-1	0	-1	35	-1	41	44	-1	-1	11	0	-1	27	0	11
c6737	33	5	41	-1	0	41	45	0	-1	31	-1	0	0	44	0	-1	25	7	0	0	-1	-1	0	0	-1	0	-1	0	0	0
c6792	-1	5	0	44	-1	41	0	0	39	31	6	0	-1	44	0	0	-1	0	0	0	9	44	38	-1	0	0	3	32	0	0
c6826	16	5	0	11	0	-1	0	-1	0	31	38	-1	22	44	0	0	0	25	-1	34	-1	44	11	-1	0	-1	-1	41	0	0
c6843	0	41	32	0	-1	24	0	41	0	0	0	0	0	25	11	42	0	28	9	0	0	0	-1	45	38	34	0	0	46	15
c6858	28	-1	33	32	47	41	0	0	0	31	-1	0	38	44	38	0	0	0	0	0	41	44	-1	0	11	49	2	25	0	0
c6859	28	5	33	32	47	41	0	0	0	31	-1	0	-1	44	38	0	0	0	0	0	41	44	-1	-1	11	49	2	25	0	0
c6871	0	5	0	-1	5	41	0	0	0	-1	25	0	0	44	0	0	-1	0	0	46	-1	-1	0	0	11	38	0	8	0	11
c6883	0	-1	0	32	0	24	-1	0	0	0	-1	30	-1	0	11	42	0	28	0	39	-1	0	-1	45	38	34	0	0	46	15
c6890	0	5	0	0	-1	41	0	0	0	31	-1	0	-1	44	0	44	46	0	46	-1	41	44	0	-1	11	-1	-1	41	0	0
c6899	-1	41	0	32	0	24	-1	0	0	0	-1	30	-1	0	11	42	0	-1	0	39	0	0	-1	45	38	34	0	0	46	15
c6902	0	5	0	32	0	41	0	0	-1	31	0	5	0	44	-1	0	-1	-1	0	5	46	44	0	0	0	41	0	0	27	-1
c6938	35	5	-1	-1	2	41	-1	32	27	31	-1	0	0	-1	-1	16	25	7	0	0	25	44	0	-1	0	0	0	10	0	32
c6963	33	5	41	0	0	41	0	33	-1	31	-1	0	-1	44	-1	-1	25	-1	-1	-1	0	44	41	0	0	46	-1	0	0	0
c6983	-1	5	-1	0	5	41	-1	-1	0	31	25	45	0	44	0	0	0	0	0	46	-1	44	0	32	-1	38	0	8	-1	11
c6999	0	-1	41	0	-1	41	-1	-1	0	31	-1	0	0	44	0	16	25	-1	30	0	0	44	-1	-1	0	25	0	0	0	0
c7041	33	5	41	44	0	41	0	43	-1	31	-1	0	0	44	0	16	25	7	-1	0	0	44	0	0	0	6	-1	-1	38	0
c7102	0	5	0	0	0	-1	0	-1	0	31	-1	0	0	44	0	-1	0	33	-1	0	-1	44	0	-1	-1	46	0	0	0	0
c7160	-1	5	41	0	-1	41	0	32	0	31	-1	0	12	44	0	-1	25	7	46	0	-1	44	0	-1	0	39	30	0	0	32
c7178	5	5	45	0	-1	41	0	25	0	31	-1	0	0	44	0	-1	-1	-1	-1	0	41	-1	41	-1	11	0	0	-1	-1	-1
c7217	-1	5	-1	0	-1	41	0	8	0	-1	-1	0	0	44	-1	-1	0	0	12	0	6	44	0	0	0	0	0	30	0	-1
c7227	-1	5	41	-1	0	41	27	0	0	31	-1	0	41	44	0	16	25	7	6	38	0	44	0	-1	0	-1	-1	0	0	0
c7238	-1	5	41	-1	0	41	0	0	0	31	-1	0	0	44	0	16	25	-1	-1	44	0	-1	-1	0	0	-1	-1	38	0	0
c7239	-1	5	41	0	0	41	0	0	0	31	-1	0	0	44	0	16	25	7	-1	0	0	-1	0	0	-1	6	-1	38	0	-1
c7247	5	-1	0	0	0	0	-1	0	0	0	0	0	-1	8	0	-1	-1	0	0	8	0	-1	-1	45	-1	21	26	0	0	15
c7302	0	-1	0	32	5	0	0	49	0	0	0	0	0	0	0	-1	0	0	0	8	0	11	-1	-1	-1	0	26	0	0	15
c7346	-1	41	-1	0	0	24	-1	0	34	41	0	0	-1	0	-1	42	0	-1	0	0	0	44	-1	45	38	34	0	0	46	-1
c7351	-1	5	0	-1	0	-1	0	0	0	31	25	-1	0	44	0	-1	-1	-1	-1	0	41	44	-1	-1	11	0	0	-1	0	11
c7376	-1	-1	46	0	5	41	0	-1	32	-1	-1	5	0	-1	11	0	0	0	0	46	41	-1	0	-1	11	38	0	0	0	-1
c7398	-1	41	44	0	0	-1	-1	0	0	-1	0	0	0	0	-1	42	38	28	-1	0	26	0	-1	45	38	34	0	0	-1	15
c7409	0	-1	0	0	5	41	0	0	0	31	25	0	0	44	0	0	0	0	0	46	-1	-1	-1	0	11	38	0	0	0	11
c7440	0	32	0	-1	0	-1	0	-1	-1	0	-1	0	44	0	-1	-1	0	44	21	-1	0	-1	0	0	-1	27	11	33	0	24
c7458	0	5	0	-1	8	41	2	-1	0	31	38	16	22	44	0	32	0	-1	-1	34	-1	44	33	44	0	0	0	41	-1	25
c7460	-1	5	41	-1	0	41	45	0	-1	31	-1	-1	0	44	0	-1	25	7	0	0	39	44	0	0	0	0	-1	0	0	0
c7482	0	5	-1	41	0	41	38	0	-1	-1	-1	0	-1	44	-1	-1	-1	-1	0	0	0	44	0	0	-1	0	0	0	0	0
c7485	0	5	0	-1	-1	41	0	-1	0	31	-1	0	0	44	25	-1	-1	0	0	32	-1	44	0	-1	0	0	44	32	0	0
c7505	0	-1	0	0	0	0	41	0	-1	-1	0	0	0	0	-1	-1	0	38	17	8	0	0	-1	45	0	-1	-1	0	-1	15
c7524	0	-1	0	32	-1	-1	0	35	0	0	0	0	44	-1	0	0	-1	38	8	0	-1	0	0	0	0	27	11	33	0	0
c7536	0	5	0	38	16	41	30	-1	0	31	0	0	-1	44	11	6	-1	-1	0	0	0	44	0	16	0	-1	-1	32	0	32
c7552	35	5	-1	11	0	41	5	32	0	31	-1	0	-1	44	22	-1	25	7	0	-1	0	44	11	-1	0	0	0	10	0	-1
c7569	0	41	44	0	-1	24	-1	0	-1	0	0	32	-1	0	11	42	0	28	9	0	-1	-1	-1	45	-1	-1	0	0	46	15
c7573	0	5	0	-1	0	41	0	0	-1	31	0	0	0	44	0	0	-1	0	0	0	0	44	8	38	28	2	25	0	-1	-1
c7608	0	5	0	-1	-1	41	0	0	-1	-1	25	0	0	-1	0	41	0	0	0	0	41	44	-1	0	11	0	0	-1	8	11
c7614	-1	5	0	34	0	41	-1	0	0	-1	-1	0	0	44	38	0	-1	0	-1	0	41	44	-1	12	11	0	0	0	0	11
c7625	0	5	0	41	0	41	0	0	-1	31	0	-1	-1	44	0	0	0	-1	26	-1	0	-1	0	0	0	-1	0	0	-1	0
c7628	0	-1	0	0	0	41	0	46	-1	31	0	5	-1	44	0	0	-1	0	0	5	0	44	-1	0	-1	41	0	0	0	0
c7634	-1	5	0	32	0	-1	0	0	46	31	25	0	0	44	0	-1	41	0	41	0	-1	44	-1	0	11	0	26	0	0	11
c7637	0	5	6	0	0	41	0	0	-1	31	0	0	0	44	-1	0	0	0	-1	-1	0	-1	-1	0	0	41	0	-1	26	8
c7645	-1	5	0	0	0	-1	0	-1	0	31	0	-1	0	44	0	0	0	0	-1	0	35	44	0	49	-1	-1	-1	-1	-1	0
c7652	0	5	46	0	5	41	32	0	44	31	25	-1	0	44	-1	0	-1	-1	38	46	41	44	41	0	11	-1	0	-1	41	-1
c7665	0	5	0	0	0	41	-1	0	0	31	25	-1	0	-1	0	-1	-1	-1	0	0	-1	-1	-1	0	-1	-1	0	0	0	11
c7674	0	-1	-1	0	0	41	0	0	0	31	-1	0	0	44	-1	16	25	7	0	0	0	44	0	41	0	0	-1	0	0	0
c7682	0	5	25	0	0	41	41	0	-1	31	0	-1	-1	44	0	0	-1	0	0	5	0	-1	-1	-1	-1	41	0	-1	9	-1
c7740	-1	32	32	0	-1	0	38	-1	-1	0	0	0	44	-1	0	-1	-1	38	0	-1	0	0	-1	6	0	27	11	33	0	0
c7742	35	5	-1	-1	2	-1	5	32	0	31	-1	-1	0	44	0	-1	25	7	0	0	0	44	0	24	0	0	0	10	-1	32
c7747	11	32	-1	16	0	-1	-1	35	0	0	46	0	44	0	0	0	44	0	32	0	0	0	11	0	0	27	11	33	0	0
c7751	33	5	41	0	0	-1	0	0	0	-1	-1	0	41	-1	0	16	25	7	0	0	0	44	32	0	38	0	-1	0	0	0
c7762	25	5	0	-1	-1	41	0	11	0	-1	45	-1	-1	44	0	26	0	0	-1	0	-1	44	0	46	0	-1	46	12	0	41
c7775	16	5	0	0	0	41	0	0	-1	31	25	0	0	44	0	0	-1	0	0	0	41	44	-1	0	11	0	0	0	0	11
c7788	11	32	-1	-1	-1	0	46	35	0	0	0	-1	-1	0	0	0	0	-1	32	0	-1	41	11	0	-1	27	11	33	-1	0
c7791	0	5	41	0	-1	41	-1	0	-1	31	-1	0	0	-1	34	16	-1	-1	-1	38	0	44	0	0	-1	0	-1	0	0	0
c7792	-1	5	33	11	47	41	5	0	-1	31	25	0	38	-1	38	25	-1	0	0	0	41	44	-1	-1	11	49	2	0	-1	0
c7816	-1	32	0	-1	-1	0	0	35	0	0	0	0	44	0	0	0	-1	0	46	0	-1	0	0	0	28	27	-1	33	0	0
c7847	0	5	-1	49	-1	41	5	-1	-1	31	0	0	0	44	0	-1	-1	0	-1	5	0	44	0	0	0	41	-1	-1	0	0
c7880	25	5	-1	0	41	41	0	0	0	-1	-1	0	0	44	34	44	46	0	46	-1	-1	44	0	47	11	0	0	0	0	-1
c7882	0	5	0	-1	0	41	-1	-1	0	-1	0	0	-1	44	-1	47	44	0	0	0	0	44	0	46	0	-1	-1	0	41	41
c7898	11	32	0	0	-1	0	0	30	38	-1	0	0	44	0	0	0	0	30	0	0	0	0	0	0	0	27	11	33	0	-1
c7908	33	5	41	-1	0	41	0	0	-1	31	-1	0	0	-1	0	16	25	7	41	0	0	44	32	-1	0	0	-1	0	11	0
c7930	-1	5	0	0	0	-1	0	0	-1	31	0	12	0	44	0	0	0	0	46	0	0	44	0	49	0	0	0	-1	-1	0
c7944	0	0	12	44	41	0	34	0	-1	0	0	-1	0	0	0	42	0	0	0	0	0	0	-1	45	0	0	0	5	5	15
c7945	0	0	12	44	41	0	34	0	-1	0	0	-1	0	0	-1	42	0	0	0	0	0	0	-1	45	-1	-1	-1	5	5	15
c8009	0	41	0	32	-1	24	-1	-1	0	0	0	30	0	0	11	42	-1	28	0	39	0	0	-1	45	38	34	0	0	46	15
c8051	0	32	22	-1	0	0	0	35	0	0	39	0	44	0	17	24	0	0	0	0	0	0	0	0	8	27	-1	-1	41	0
c8082	0	41	-1	0	0	24	0	-1	0	0	-1	0	6	0	11	42	0	-1	0	32	-1	0	-1	45	38	34	0	20	46	15
c8083	0	41	-1	0	0	24	0	0	0	0	0	0	6	0	11	42	0	28	0	-1	0	0	-1	45	38	34	0	-1	46	15
c8091	22	5	0	0	0	41	27	0	0	31	-1	0	-1	-1	25	-1	-1	0	46	-1	-1	44	0	-1	27	0	0	0	-1	-1
c8094	-1	5	0	0	-1	41	-1	0	0	31	0	0	0	44	-1	0	0	0	33	-1	5	44	8	0	0	2	12	0	28	0
c8099	0	5	0	0	0	41	0	0	0	31	25	0	0	-1	0	0	-1	0	-1	0	41	44	41	0	11	0	-1	46	0	11
c8109	47	-1	0	-1	0	24	-1	0	-1	0	-1	30	-1	-1	11	-1	-1	28	0	39	-1	0	-1	45	38	34	0	0	46	15
c8132	-1	5	41	32	0	-1	0	-1	-1	31	-1	-1	0	44	0	-1	25	7	0	0	-1	-1	0	-1	0	-1	-1	-1	0	0
c8153	0	41	0	32	0	-1	-1	0	0	0	0	30	25	-1	-1	-1	0	28	0	39	-1	0	-1	45	38	34	0	-1	46	15
c8161	0	5	41	0	0	41	0	3	34	-1	-1	0	0	44	0	16	25	7	0	0	0	44	-1	0	5	0	32	0	-1	0
c8163	0	5	46	0	5	41	32	0	44	31	25	17	0	44	0	0	-1	-1	0	-1	-1	44	0	-1	11	-1	-1	-1	-1	11
c8191	0	32	-1	32	0	-1	0	35	0	38	0	0	44	44	-1	0	32	38	0	0	0	0	0	0	0	27	11	33	0	0
c8205	0	5	40	0	0	41	0	0	-1	31	-1	0	0	44	-1	0	0	0	0	-1	-1	44	0	0	0	41	0	-1	-1	46
c8234	0	5	-1	0	0	41	0	0	0	31	25	32	0	44	0	0	-1	14	-1	0	41	44	-1	41	-1	6	46	0	0	11
c8237	-1	32	-1	0	0	0	0	35	-1	0	0	0	44	0	0	0	0	0	0	0	0	-1	-1	0	28	27	11	33	-1	0
c8270	0	5	-1	-1	45	-1	0	0	0	-1	0	0	46	44	0	16	6	0	-1	0	16	-1	0	-1	-1	-1	17	0	0	0
c8272	0	-1	0	-1	-1	0	0	-1	0	0	-1	0	44	0	-1	0	41	0	0	0	0	6	0	0	28	27	11	33	0	0
c8293	33	-1	41	-1	0	41	30	24	0	-1	-1	0	0	44	0	16	25	7	0	0	0	44	0	0	0	0	-1	0	0	0
c8299	0	5	41	-1	26	41	0	32	-1	31	-1	-1	0	44	5	16	25	-1	-1	0	-1	44	12	-1	0	0	0	0	0	32
c8340	-1	5	-1	-1	41	41	0	0	0	31	-1	9	-1	44	0	16	25	7	0	0	0	44	0	-1	0	0	-1	8	0	0
c8375	8	-1	0	-1	16	-1	0	0	0	31	0	0	0	44	11	0	0	0	-1	0	0	44	0	0	0	0	0	32	0	32
c8386	34	-1	5	34	0	-1	0	0	25	31	-1	0	39	44	0	-1	0	-1	-1	0	25	44	0	-1	0	0	0	32	-1	0
c8404	33	5	-1	0	-1	41	0	0	0	31	-1	0	-1	44	0	16	25	7	32	0	0	44	0	0	0	0	-1	-1	0	0
c8406	11	32	0	0	11	0	-1	35	0	-1	12	5	-1	0	0	-1	0	0	-1	0	-1	27	-1	0	-1	27	11	33	0	26
c8414	0	-1	0	34	0	-1	-1	0	0	-1	-1	-1	0	-1	38	46	-1	0	-1	0	41	44	-1	16	11	-1	0	24	0	-1
c8439	0	5	41	0	0	41	32	0	-1	31	-1	0	8	-1	0	16	-1	7	0	-1	0	44	0	0	-1	0	0	0	0	11
c8452	-1	5	-1	0	5	41	0	0	0	31	25	-1	0	44	0	0	0	0	-1	46	41	-1	0	0	11	38	46	0	0	-1
c8477	0	5	5	0	0	41	0	0	0	31	0	-1	0	44	11	-1	0	0	33	-1	0	44	8	0	0	-1	0	0	28	0
c8485	33	-1	-1	-1	-1	41	0	33	-1	31	-1	0	-1	44	0	16	25	7	0	17	-1	44	0	0	0	46	-1	0	0	0
c8499	33	5	-1	0	0	41	0	35	0	31	-1	0	26	44	0	16	25	7	0	0	-1	44	32	25	0	0	-1	0	0	0
c8512	33	5	41	-1	0	-1	-1	-1	25	31	-1	0	0	44	-1	16	25	7	0	0	0	44	-1	0	0	0	-1	0	0	0
c8539	0	5	0	32	0	41	0	0	46	31	25	0	0	-1	0	41	41	0	41	0	-1	44	-1	0	11	0	26	0	-1	11
c8572	0	5	0	0	0	41	0	0	0	31	0	0	8	44	11	0	-1	-1	33	32	0	44	8	0	0	2	0	-1	28	0
c8579	0	5	-1	0	-1	41	0	-1	-1	31	-1	0	0	44	0	-1	46	0	46	-1	41	44	0	0	-1	0	0	0	0	5
c8582	0	-1	-1	0	0	41	0	0	-1	-1	-1	0	8	44	-1	-1	11	7	21	-1	0	44	0	12	0	41	0	-1	0	11
c8588	22	-1	0	0	25	41	27	0	0	31	-1	0	45	44	25	-1	-1	0	0	0	0	44	-1	0	27	-1	0	0	0	32
c8627	0	-1	-1	0	0	41	34	5	0	31	-1	0	0	-1	38	-1	-1	38	-1	32	0	-1	-1	0	0	0	6	0	0	0
c8633	38	5	41	0	0	41	-1	16	0	31	-1	0	8	44	0	-1	11	7	0	39	0	44	0	0	0	0	0	1	0	11
c8638	0	32	0	32	-1	-1	0	35	0	0	0	0	44	44	0	0	-1	38	42	0	0	32	0	0	0	-1	11	33	0	0
c8639	0	32	0	32	4	-1	0	35	0	0	0	0	44	44	-1	0	6	38	42	-1	-1	32	0	0	-1	27	11	33	0	0
c8640	39	5	41	0	-1	41	0	0	0	-1	0	0	-1	44	-1	-1	6	0	-1	0	16	44	0	0	-1	-1	17	-1	-1	0
c8641	0	5	41	0	45	41	0	0	11	-1	0	0	46	-1	0	-1	6	0	-1	0	-1	44	0	0	44	0	17	-1	0	0
c8653	-1	-1	0	0	5	41	0	0	0	31	25	0	0	44	0	-1	-1	38	0	46	41	-1	0	-1	-1	38	0	0	-1	11
c8655	0	5	-1	-1	0	41	0	-1	0	-1	-1	-1	0	44	0	44	46	0	46	-1	-1	44	32	38	11	0	-1	41	0	0
c8659	0	-1	0	0	47	-1	27	0	-1	-1	-1	-1	0	-1	-1	-1	-1	-1	0	8	0	0	-1	45	-1	-1	26	0	0	15
c8662	0	32	0	0	0	0	0	35	-1	-1	0	0	44	0	-1	0	25	16	0	-1	0	-1	0	0	28	-1	11	33	0	0
c8688	-1	-1	0	-1	45	41	0	-1	38	-1	-1	0	34	44	25	-1	0	0	0	39	45	44	0	46	0	0	46	38	27	-1
c8697	-1	5	38	0	0	41	-1	-1	0	31	-1	32	25	44	0	41	0	35	0	0	-1	44	0	0	0	0	-1	32	31	44
c8710	0	5	-1	25	32	41	0	0	-1	31	0	-1	0	-1	-1	38	0	0	22	5	0	44	41	-1	0	41	0	0	-1	0
c8724	0	5	0	-1	0	41	0	0	0	-1	0	0	-1	44	11	-1	0	0	0	45	0	-1	0	46	0	0	46	0	0	41
c8730	33	5	41	0	0	41	45	0	0	31	-1	23	0	44	6	16	25	7	17	0	39	-1	-1	-1	0	-1	-1	-1	0	5
c8733	-1	5	0	41	0	41	0	5	0	31	-1	-1	0	-1	0	-1	-1	-1	-1	0	0	-1	0	0	0	0	0	0	0	0
c8737	46	5	41	0	0	41	0	0	0	31	-1	0	32	44	0	16	-1	7	32	-1	0	44	-1	5	0	46	32	0	0	0
c8750	0	5	41	0	0	41	-1	32	0	31	-1	-1	0	44	0	16	25	7	46	0	0	-1	0	-1	-1	39	30	0	0	32
c8757	0	-1	25	-1	0	0	0	0	0	0	0	0	0	0	0	-1	-1	-1	0	8	0	0	-1	45	-1	0	26	0	38	15
c8770	33	-1	41	0	-1	-1	0	0	0	31	-1	0	-1	44	-1	16	25	7	0	-1	0	-1	0	0	0	0	-1	-1	0	0
c8797	-1	41	0	0	-1	24	41	0	-1	-1	-1	0	0	0	11	-1	0	28	44	0	0	0	-1	45	38	34	0	20	46	15
c8808	0	5	-1	-1	0	41	0	-1	-1	31	-1	-1	-1	44	25	-1	-1	0	16	0	0	-1	0	-1	0	-1	0	0	0	-1
c8812	-1	-1	0	-1	32	41	3	0	0	31	-1	0	0	44	0	-1	-1	0	0	0	41	-1	41	0	11	-1	0	0	0	11
c8813	0	5	0	-1	0	41	-1	0	0	31	25	0	-1	44	0	0	-1	0	0	-1	41	-1	41	0	11	25	0	-1	0	11
c8822	33	5	41	-1	0	41	45	0	0	31	-1	0	0	44	0	16	25	7	-1	0	39	44	0	0	0	0	-1	0	-1	0
c8831	0	-1	-1	32	0	24	-1	0	0	-1	-1	30	0	-1	11	42	-1	28	0	-1	46	0	-1	45	38	34	0	41	46	15
c8835	0	5	0	0	0	41	-1	-1	11	31	0	30	0	44	0	0	0	0	0	39	41	44	22	0	11	0	0	-1	-1	34
c8843	0	5	-1	0	-1	41	32	0	0	31	25	-1	0	44	0	0	0	0	0	-1	41	-1	0	0	11	38	0	0	-1	11
c8860	35	-1	41	11	25	41	-1	32	0	31	-1	11	0	44	-1	16	-1	7	0	0	0	44	0	24	-1	0	-1	10	35	32
c8864	0	5	0	0	32	41	0	-1	0	31	0	-1	0	-1	0	0	-1	-1	33	32	0	44	8	0	0	2	0	0	0	0
c8878	0	5	41	0	-1	41	0	0	0	31	-1	0	0	44	0	16	25	7	0	0	0	44	0	-1	0	0	-1	0	0	0
c8887	-1	5	41	0	0	-1	0	32	0	31	-1	0	0	-1	0	16	25	-1	46	-1	35	44	0	-1	-1	-1	30	0	0	32
c8888	11	32	0	0	0	0	0	35	0	-1	0	5	44	0	0	-1	0	-1	0	0	-1	-1	0	0	-1	27	-1	33	0	26
c8923	0	5	33	-1	47	-1	5	-1	-1	-1	-1	-1	38	44	-1	25	0	0	0	0	41	44	-1	16	11	49	2	0	0	0
c8926	-1	-1	0	0	-1	30	15	0	-1	0	-1	0	0	0	0	-1	0	-1	0	8	0	34	-1	45	0	-1	26	0	0	-1
c8934	33	5	41	-1	0	41	0	0	0	31	-1	11	0	44	-1	16	-1	7	-1	-1	0	44	-1	0	41	0	-1	0	0	0
c8935	33	5	41	-1	0	41	-1	-1	0	31	-1	-1	0	44	-1	16	25	7	11	1	0	44	0	-1	41	0	-1	0	-1	-1
c8941	-1	41	44	0	0	24	0	0	0	0	0	32	0	-1	11	42	0	28	-1	-1	26	-1	-1	45	-1	-1	0	0	46	-1
c8944	0	32	-1	0	0	0	0	35	0	0	0	-1	-1	0	0	41	0	38	0	0	32	5	0	0	0	27	11	33	33	0
c8945	0	32	32	-1	-1	0	0	-1	0	0	0	33	44	0	0	41	0	38	0	0	32	5	0	0	0	27	11	33	33	0
c8965	-1	-1	0	0	5	41	0	5	0	31	25	-1	-1	-1	-1	0	0	38	0	-1	-1	44	0	0	-1	38	0	0	0	11
c8969	33	5	41	32	0	41	0	0	25	31	-1	-1	5	44	0	16	25	7	0	0	0	44	0	33	-1	41	-1	0	0	0
c8970	32	-1	32	0	0	0	0	35	0	0	0	0	44	0	0	41	0	38	0	0	0	0	0	0	0	27	11	33	0	39
c8988	-1	5	0	-1	5	41	0	0	0	31	25	-1	0	44	0	0	34	0	0	46	-1	44	-1	-1	11	38	0	8	11	11
c8991	0	5	41	0	46	41	-1	0	0	31	-1	0	30	44	-1	16	-1	7	0	38	0	44	-1	-1	16	0	-1	-1	0	0
c8997	-1	-1	33	-1	47	41	5	-1	-1	31	25	0	38	44	38	25	0	0	-1	0	-1	-1	-1	-1	11	49	2	41	0	-1
c8999	0	-1	0	25	32	41	0	0	-1	-1	-1	5	0	-1	0	0	0	0	22	5	0	44	41	5	-1	41	0	0	0	0
c9000	0	5	-1	0	0	-1	0	0	0	31	-1	0	0	44	25	-1	-1	0	-1	0	0	44	0	34	0	0	-1	-1	-1	0
c9044	0	-1	0	0	0	-1	30	46	-1	31	0	5	0	44	0	0	0	-1	0	5	0	44	-1	-1	0	41	0	0	0	0
c9045	0	5	0	0	0	41	-1	46	-1	31	-1	5	0	44	0	0	0	0	0	5	0	44	0	0	0	41	0	0	-1	0
c9047	0	5	41	-1	0	41	-1	32	0	31	-1	0	0	44	0	16	-1	7	46	0	0	44	0	-1	0	39	30	-1	0	32
c9048	-1	5	-1	32	0	-1	0	0	46	-1	25	0	0	44	-1	41	0	0	0	0	-1	44	-1	0	11	0	0	-1	-1	11
c9052	0	-1	0	0	24	41	0	0	0	31	-1	24	0	44	0	-1	-1	5	0	0	-1	44	17	0	0	46	0	0	25	45
c9073	0	5	0	-1	-1	41	0	-1	25	31	-1	-1	0	44	0	0	-1	0	-1	0	41	44	-1	0	11	0	-1	0	-1	-1
c9089	0	5	30	-1	-1	41	32	0	25	-1	0	0	-1	44	-1	0	0	45	0	-1	0	44	0	46	0	0	46	0	44	-1
c9145	0	-1	0	-1	0	41	0	0	-1	-1	-1	0	0	44	44	0	0	0	0	0	0	44	16	46	0	0	46	0	32	41
c9152	0	32	0	0	0	0	0	-1	0	0	0	38	-1	0	0	32	0	0	-1	-1	0	0	-1	0	0	27	11	33	0	0
c9166	-1	5	0	-1	5	41	0	0	0	31	-1	-1	25	-1	0	0	0	0	0	46	41	44	0	0	-1	-1	0	0	0	11
c9228	39	-1	-1	-1	0	-1	-1	35	0	0	0	0	-1	0	0	0	0	38	8	0	0	0	0	0	0	27	-1	33	0	0
c9240	0	-1	0	0	0	41	0	-1	-1	31	-1	-1	0	44	0	26	0	0	0	-1	0	44	0	6	0	41	0	0	9	-1
c9244	35	5	-1	11	25	-1	5	32	-1	-1	-1	0	0	44	0	-1	25	7	11	0	0	44	19	24	9	-1	0	10	0	32
c9248	11	-1	32	-1	0	0	0	35	0	0	0	5	44	0	0	0	6	41	0	-1	0	0	-1	0	-1	27	11	33	0	26
c9249	11	32	-1	35	0	0	0	35	0	0	-1	5	44	0	0	0	6	-1	-1	-1	0	-1	0	0	-1	27	11	33	0	26
c9278	0	5	0	-1	0	41	0	0	-1	31	-1	32	0	44	41	0	0	-1	0	-1	41	44	-1	0	11	6	-1	0	0	11
c9294	-1	5	0	0	-1	41	0	-1	-1	-1	25	-1	0	44	45	0	0	-1	39	0	41	-1	41	0	11	-1	26	-1	32	-1
c9298	32	-1	-1	0	25	41	-1	0	11	31	6	-1	0	44	0	0	0	0	0	0	-1	44	38	0	11	11	-1	32	0	0
c9314	0	-1	-1	0	-1	41	0	0	-1	31	6	0	0	44	9	0	0	-1	0	39	41	44	0	30	11	31	0	0	-1	34
c9335	0	41	-1	32	6	24	-1	0	-1	0	0	-1	0	0	11	42	-1	28	0	0	0	0	-1	-1	38	34	41	0	46	15
c9343	38	5	41	0	0	-1	0	16	0	31	-1	0	8	44	-1	16	11	-1	38	39	0	-1	-1	0	25	0	0	32	-1	11
c9375	0	5	25	-1	-1	41	0	0	0	-1	0	0	39	44	0	-1	-1	0	0	0	25	-1	25	0	0	0	-1	-1	0	0
c9380	0	5	0	0	-1	41	0	0	0	31	-1	0	-1	44	0	0	-1	32	-1	41	41	44	41	0	11	8	46	0	0	11
c9387	0	5	0	0	-1	-1	5	27	-1	31	11	0	11	44	0	0	0	0	0	5	0	44	0	0	0	41	0	-1	41	-1
c9390	-1	-1	0	0	5	41	0	5	0	31	25	2	0	44	0	0	0	38	0	46	-1	44	0	0	11	38	0	0	0	-1
c9414	-1	-1	0	0	0	-1	0	-1	0	0	0	0	44	0	-1	32	-1	0	-1	0	-1	0	0	0	0	27	11	33	0	24
c9420	0	5	0	0	0	41	27	-1	0	31	-1	0	-1	44	-1	-1	-1	38	-1	-1	0	44	0	-1	-1	0	0	0	0	32
c9430	38	5	41	0	5	41	0	16	0	31	-1	-1	8	-1	12	16	11	7	-1	0	0	44	-1	0	0	-1	0	0	0	11
c9441	38	5	-1	0	-1	41	0	16	0	-1	-1	0	8	44	0	-1	-1	7	0	0	0	-1	0	0	-1	0	-1	-1	11	-1
c9455	46	5	0	0	-1	41	15	0	0	31	25	0	46	44	-1	0	5	0	0	46	41	44	0	-1	11	38	0	0	0	-1
c9474	0	5	0	0	0	41	0	0	-1	31	25	-1	0	-1	0	0	0	-1	-1	0	41	44	41	0	11	35	0	-1	0	11
c9475	0	-1	0	0	0	41	0	0	0	31	25	0	-1	44	0	-1	0	25	0	0	41	44	-1	-1	-1	35	0	-1	0	11
c9518	0	5	0	0	32	41	-1	0	0	-1	-1	0	0	44	-1	44	46	0	46	-1	41	44	0	-1	11	0	-1	0	0	-1
c9520	-1	5	-1	0	-1	41	0	0	0	31	-1	-1	27	44	14	6	0	41	0	-1	-1	44	-1	0	-1	-1	0	0	0	-1
c9539	33	5	41	0	0	41	0	0	0	31	-1	0	-1	44	0	16	25	7	0	0	38	44	0	0	0	-1	-1	16	0	0
c9556	0	5	0	0	0	-1	0	0	0	31	25	32	45	-1	-1	0	0	44	0	0	41	44	-1	0	11	6	0	-1	-1	11
c9583	0	5	32	22	-1	41	-1	0	0	31	-1	0	0	44	0	-1	-1	0	46	-1	-1	44	-1	0	11	-1	-1	0	0	0
c9598	0	5	0	0	-1	41	0	-1	0	-1	25	0	0	44	0	41	0	-1	0	0	-1	-1	-1	0	11	-1	0	-1	-1	11
c9610	-1	-1	41	0	0	41	0	32	0	-1	-1	-1	0	44	39	16	25	-1	46	16	-1	44	0	-1	0	39	30	0	0	-1
c9626	-1	5	0	0	5	41	0	0	0	31	25	-1	0	-1	0	0	0	0	-1	46	41	-1	-1	0	11	38	0	-1	0	11
c9627	0	5	0	0	5	41	0	0	0	31	25	0	0	-1	0	0	0	0	0	-1	41	44	-1	0	11	38	-1	0	0	11
c9628	0	5	0	-1	0	41	30	0	11	31	-1	0	0	44	9	0	0	-1	0	39	41	-1	47	30	11	31	-1	0	-1	-1
c9638	0	5	0	0	0	41	0	0	0	31	-1	-1	0	44	0	44	46	0	46	-1	41	44	0	0	11	-1	-1	0	0	0
c9641	0	5	0	0	0	-1	-1	41	-1	31	0	0	0	44	0	41	0	-1	0	39	41	44	0	-1	11	0	0	-1	-1	0
c9654	-1	5	-1	0	0	41	0	0	0	31	-1	-1	17	44	0	44	-1	0	46	-1	41	-1	0	0	11	0	0	34	0	0
c9674	0	41	-1	-1	0	24	-1	0	0	0	-1	30	0	-1	11	-1	0	-1	-1	39	0	0	-1	45	38	34	0	0	46	15
c9678	0	5	-1	0	5	41	32	-1	44	31	25	17	0	44	0	0	-1	0	0	46	41	44	41	0	11	-1	0	0	41	11
c9679	0	5	46	0	-1	41	32	-1	44	31	25	17	0	44	0	0	-1	0	0	-1	41	44	41	0	-1	-1	0	-1	-1	-1
c9706	0	-1	0	-1	5	0	0	0	0	0	0	-1	0	-1	-1	-1	0	-1	-1	8	0	11	-1	45	0	0	26	0	0	15
c9707	0	-1	0	-1	5	0	-1	0	-1	0	0	0	0	-1	0	-1	0	11	-1	8	-1	11	-1	45	0	0	26	0	0	15
c9713	5	-1	41	0	0	0	0	0	0	-1	0	0	0	-1	0	-1	0	41	0	8	0	0	-1	45	0	0	-1	0	0	15
c9718	0	5	0	0	0	41	0	-1	0	31	-1	0	0	44	0	0	0	-1	-1	0	41	-1	41	0	11	0	26	-1	-1	11
c9724	-1	5	0	0	0	41	0	0	-1	31	-1	0	0	44	0	0	0	0	0	-1	41	44	41	0	11	0	11	-1	-1	-1
c9739	0	5	0	-1	0	41	0	0	0	-1	0	0	0	44	-1	11	0	0	0	0	46	44	0	46	-1	0	46	-1	-1	41
c9741	0	-1	0	-1	0	-1	5	0	-1	31	5	-1	0	44	0	1	6	-1	0	5	0	-1	0	-1	0	41	0	0	0	-1
c9756	0	-1	0	0	0	41	0	0	-1	31	0	11	22	44	0	0	0	0	-1	-1	46	44	15	0	0	0	-1	9	0	0
c9786	33	5	41	0	0	41	0	33	0	31	-1	0	-1	-1	-1	16	25	-1	-1	0	0	44	-1	0	-1	46	-1	0	-1	0
c9850	0	5	0	0	0	41	0	0	0	-1	-1	0	0	44	0	44	46	0	46	-1	41	44	0	0	11	0	0	-1	0	0
c9851	0	-1	0	0	0	41	0	0	0	31	-1	0	0	-1	0	44	46	0	46	-1	41	44	0	0	11	-1	-1	-1	0	0
c9857	0	5	45	0	0	-1	0	-1	-1	31	0	0	0	44	0	0	-1	-1	0	5	0	-1	5	0	0	41	0	-1	0	0
c9871	0	5	0	0	-1	41	0	-1	0	31	-1	0	22	-1	0	0	-1	0	-1	34	46	-1	15	0	46	0	27	0	0	0
c9888	0	5	0	-1	-1	-1	5	-1	-1	31	-1	0	11	44	0	-1	0	0	0	5	0	-1	0	-1	-1	41	0	0	0	38
c9916	0	32	-1	0	32	-1	0	35	0	-1	0	0	44	0	12	0	0	0	0	0	0	0	0	0	0	27	11	33	41	41
c9917	0	32	0	0	32	0	0	35	-1	0	-1	0	44	0	12	0	-1	0	0	0	0	0	0	-1	-1	27	11	-1	41	-1
c9923	0	5	41	0	0	41	0	0	0	-1	-1	-1	-1	44	0	16	-1	7	-1	0	0	44	0	-1	0	0	-1	0	-1	0
c9925	0	-1	25	0	0	0	0	0	0	0	-1	0	0	-1	-1	-1	38	2	0	-1	-1	0	-1	45	-1	0	-1	0	0	15
c9951	0	5	41	0	0	41	0	32	-1	31	-1	32	0	44	-1	-1	25	7	0	22	0	44	0	-1	0	0	0	0	41	32
c9953	0	5	41	0	0	41	38	32	0	31	-1	32	0	44	0	-1	-1	7	0	22	0	44	-1	24	0	-1	0	0	41	-1
c9954	-1	5	0	0	-1	41	0	0	0	31	-1	0	-1	44	0	0	-1	-1	0	-1	41	44	-1	0	-1	38	-1	8	11	11
c9977	25	-1	0	41	12	41	0	0	0	-1	-1	-1	0	44	25	-1	-1	0	-1	0	-1	44	0	0	-1	-1	-1	0	-1	0
c9991	0	-1	-1	0	0	41	0	0	0	31	-1	0	0	44	0	44	46	0	46	-1	41	44	-1	0	11	0	-1	-1	0	0
c9992	0	5	0	34	0	41	0	-1	25	31	25	0	44	-1	0	0	-1	0	-1	0	41	-1	-1	41	11	0	0	0	-1	11
c9993	0	5	0	34	-1	41	0	-1	-1	31	25	0	0	44	0	0	-1	-1	38	0	41	44	-1	41	11	0	0	0	33	-1
c10006	0	-1	0	0	0	41	0	11	-1	-1	-1	-1	0	44	0	0	0	0	0	0	0	44	8	0	0	2	32	-1	0	0
c10018	11	32	0	-1	0	0	0	35	-1	0	0	-1	44	0	0	0	6	41	0	41	0	0	0	0	-1	27	11	33	-1	26
c10034	0	-1	41	34	-1	-1	30	0	0	31	0	0	39	44	45	0	0	-1	-1	0	25	44	11	1	-1	0	0	32	-1	0
c10052	25	-1	0	-1	-1	-1	0	0	0	-1	-1	0	5	-1	0	0	-1	0	0	0	-1	44	0	-1	25	0	46	0	-1	41
c10072	33	5	41	-1	0	-1	30	0	0	-1	-1	-1	0	44	-1	16	-1	7	-1	0	-1	44	8	-1	0	0	-1	-1	0	0
c10073	33	-1	41	0	0	-1	-1	0	0	31	-1	0	0	44	0	-1	25	7	-1	0	0	-1	0	0	-1	0	-1	0	0	0
c10078	0	5	0	32	0	41	0	-1	46	31	25	0	0	-1	0	41	-1	0	0	0	41	-1	-1	-1	-1	-1	0	-1	8	-1
c10079	-1	-1	0	32	0	41	0	18	46	31	25	0	0	44	-1	41	0	0	0	0	41	-1	-1	0	11	0	-1	0	8	11
c10088	0	5	41	0	0	41	0	-1	-1	-1	-1	0	0	-1	0	16	25	7	0	0	0	44	0	-1	32	0	32	0	0	32
c10100	-1	5	-1	-1	5	41	-1	-1	0	31	25	0	0	44	0	39	-1	38	0	46	41	44	0	0	11	38	0	0	0	11
c10107	0	5	30	-1	0	41	-1	0	25	-1	0	0	-1	44	0	-1	0	0	33	0	-1	44	0	46	0	0	-1	-1	0	41
c10110	0	5	0	0	-1	41	0	0	0	-1	25	0	0	-1	0	0	0	0	0	46	41	44	0	0	11	-1	0	0	-1	11
c10119	0	5	0	34	0	41	30	0	0	31	0	0	-1	44	-1	0	0	0	5	0	-1	-1	0	0	0	0	40	32	11	0
c10148	0	5	26	0	0	41	46	0	-1	-1	0	5	34	44	0	0	-1	0	0	5	46	44	0	46	0	41	5	-1	0	32
c10157	0	5	46	-1	5	41	32	0	44	31	25	17	-1	44	0	0	-1	0	0	46	41	44	0	0	11	-1	32	0	41	11
c10173	-1	5	0	0	-1	41	0	0	0	31	-1	11	22	44	-1	0	0	-1	-1	34	46	44	15	0	0	0	0	0	0	0
c10181	0	5	0	0	0	41	-1	8	0	31	25	0	0	44	0	0	0	25	0	0	41	44	41	0	11	0	0	-1	0	11
c10184	0	5	26	0	41	-1	46	0	-1	-1	0	5	0	-1	0	-1	-1	0	0	5	46	44	0	46	0	41	5	0	-1	32
c10185	0	5	26	0	41	-1	46	0	-1	-1	0	-1	-1	44	0	0	0	0	-1	5	46	44	0	46	0	41	-1	0	0	32
c10186	0	5	-1	0	-1	-1	0	0	0	-1	-1	-1	0	44	0	16	25	-1	0	38	0	44	25	-1	0	-1	0	0	0	-1
c10190	-1	5	-1	5	0	-1	0	0	0	31	0	0	0	44	-1	0	0	45	0	0	0	44	0	0	-1	-1	0	-1	0	0
c10193	-1	5	0	34	0	-1	0	0	11	31	0	0	-1	-1	0	0	0	0	0	39	41	44	0	-1	-1	0	0	-1	-1	0
c10194	0	-1	0	0	5	41	0	0	0	31	25	0	31	44	0	-1	-1	0	0	46	-1	44	0	0	11	38	0	0	0	11
c10198	0	5	41	0	0	-1	0	-1	34	-1	-1	0	0	44	-1	16	25	7	0	8	5	44	0	0	0	0	0	0	0	32
c10211	0	-1	0	32	5	0	-1	0	0	0	0	0	0	0	0	-1	0	-1	0	8	0	11	-1	45	0	0	26	-1	0	15
c10220	0	5	41	-1	45	-1	32	0	46	31	0	0	46	-1	-1	-1	-1	0	-1	0	-1	-1	-1	38	44	0	-1	-1	0	0
c10252	0	41	-1	32	0	24	-1	0	-1	0	-1	30	-1	0	-1	42	0	28	0	39	0	0	-1	45	38	34	0	0	46	15
c10262	0	5	0	0	0	-1	-1	-1	-1	-1	25	-1	0	44	0	0	0	0	-1	0	41	-1	-1	0	11	0	46	0	-1	-1
c10263	-1	5	0	0	0	41	0	0	0	31	25	-1	0	44	0	0	0	0	0	0	41	44	41	0	11	0	46	0	-1	11
c10269	5	-1	0	0	0	0	-1	0	0	0	0	0	0	0	0	-1	0	0	0	-1	0	0	-1	45	0	0	26	0	0	-1
c10275	-1	5	0	-1	0	-1	0	0	11	31	0	0	0	44	0	0	0	11	0	-1	-1	44	5	19	11	0	0	0	-1	0
c10280	-1	5	0	-1	16	41	-1	8	0	31	0	0	-1	44	0	0	44	0	0	-1	0	44	0	-1	30	0	-1	32	32	-1
c10298	0	32	-1	0	0	0	38	35	-1	0	0	-1	44	0	0	41	46	38	0	11	0	0	32	0	0	27	11	33	0	0
c10303	0	5	0	0	5	41	-1	0	0	31	25	0	0	44	0	0	-1	0	0	-1	41	44	0	0	11	38	0	8	0	11
c10313	0	41	0	32	0	24	-1	-1	0	0	-1	30	0	0	-1	42	0	28	0	39	0	-1	-1	45	38	-1	0	0	46	15
c10314	0	32	0	0	-1	46	-1	-1	0	0	0	-1	44	0	0	0	-1	0	0	0	46	0	21	0	0	27	11	33	46	0
c10321	0	-1	25	0	0	0	0	41	0	0	0	0	-1	0	0	-1	-1	2	0	8	-1	0	-1	45	-1	0	26	0	-1	15
c10328	-1	5	41	32	0	41	0	0	0	-1	-1	0	0	44	0	16	25	7	0	0	0	44	0	0	0	-1	-1	0	0	-1
c10329	33	5	41	32	0	41	0	0	0	31	-1	0	0	44	0	16	25	7	0	0	0	44	-1	0	0	0	-1	0	0	41
c10348	0	5	0	0	0	41	0	-1	0	-1	25	0	0	-1	45	44	0	-1	16	0	-1	44	41	0	11	26	26	39	0	11
c10368	-1	-1	0	0	0	32	11	45	0	0	-1	0	41	0	0	-1	0	2	0	8	0	-1	-1	45	0	0	26	-1	46	-1
c10390	11	32	0	-1	0	0	0	35	0	-1	0	-1	44	0	0	0	0	0	0	0	34	0	0	11	-1	27	11	33	0	26
c10402	0	5	0	0	5	41	0	0	0	31	-1	0	25	44	0	0	0	0	-1	46	41	44	0	0	11	-1	-1	0	0	11
c10406	-1	5	0	0	-1	-1	0	-1	45	31	0	0	0	-1	0	-1	-1	0	-1	-1	-1	-1	0	0	0	28	0	0	0	25
c10415	0	41	0	-1	0	24	-1	0	0	0	0	30	0	0	-1	-1	0	28	0	39	0	-1	-1	45	38	34	-1	0	46	15
c10426	0	5	0	-1	0	41	46	-1	-1	31	38	-1	22	44	0	0	0	0	-1	34	-1	44	0	0	0	0	0	41	0	0
c10427	0	-1	0	0	0	41	46	49	0	31	38	0	-1	44	0	0	-1	-1	-1	34	46	44	0	0	0	-1	0	41	0	0
c10430	33	5	41	32	0	41	-1	0	-1	31	-1	0	-1	44	0	-1	25	7	0	0	0	44	0	44	0	0	-1	-1	0	41
c10433	-1	5	0	-1	0	41	0	46	21	-1	0	35	-1	44	0	32	0	0	0	32	-1	44	0	46	0	-1	46	6	0	41
c10435	0	-1	41	-1	0	41	0	0	0	31	-1	0	0	44	-1	16	-1	7	0	38	49	44	5	-1	-1	46	-1	0	0	0
c10442	25	5	0	-1	-1	41	0	0	-1	-1	46	-1	6	-1	0	35	0	-1	-1	-1	-1	44	5	46	-1	0	46	0	0	-1
c10449	-1	-1	0	38	16	41	-1	-1	0	31	0	0	0	44	11	-1	0	0	0	-1	-1	44	-1	-1	0	0	0	32	-1	32
c10450	0	5	0	38	-1	41	0	-1	-1	31	-1	0	0	44	11	0	0	0	0	0	0	44	0	0	0	0	0	32	0	-1
c10460	26	5	-1	0	0	41	0	0	-1	31	11	9	0	44	0	0	16	-1	0	0	2	-1	19	-1	-1	0	0	32	-1	0
c10461	26	5	-1	0	-1	41	0	0	0	31	-1	9	0	44	0	0	-1	38	0	0	2	44	19	-1	0	0	0	32	0	0
c10467	0	5	0	-1	0	-1	0	0	11	31	11	0	0	44	-1	0	0	11	0	0	41	44	-1	-1	11	31	0	0	-1	0
c10491	-1	5	25	-1	0	41	5	0	-1	31	0	-1	0	44	0	1	0	-1	-1	-1	0	44	0	0	0	41	0	0	0	0
c10496	0	5	33	11	-1	41	5	0	-1	31	25	0	38	44	38	25	0	0	0	0	-1	-1	-1	16	-1	49	2	0	0	0
c10543	0	5	0	0	0	41	-1	0	0	-1	-1	0	-1	44	0	44	46	-1	46	-1	41	44	0	0	11	0	0	0	28	-1
c10558	33	41	-1	0	0	24	41	-1	32	0	0	0	0	0	11	42	0	28	-1	0	0	0	-1	45	-1	-1	0	-1	46	15
c10559	0	-1	-1	0	0	-1	41	-1	32	0	0	0	-1	-1	-1	42	-1	28	0	-1	0	0	-1	45	38	-1	0	20	46	15
c10568	-1	-1	25	0	-1	0	-1	0	-1	0	0	0	0	0	0	-1	0	2	0	8	0	0	-1	45	-1	0	26	12	0	15
c10569	0	-1	25	0	25	0	-1	0	0	0	0	0	0	0	0	-1	0	-1	0	8	0	0	-1	45	-1	0	26	-1	0	15
c10571	0	5	41	-1	0	41	0	-1	0	31	-1	0	0	44	-1	16	25	7	0	0	0	44	6	-1	0	-1	32	0	0	32
c10572	0	32	0	32	4	-1	-1	-1	0	-1	0	-1	44	44	0	0	0	38	2	0	0	-1	0	0	-1	27	11	-1	0	0
c10580	-1	5	38	0	0	41	0	-1	0	-1	0	32	25	44	-1	41	0	35	0	-1	0	44	0	-1	-1	-1	0	32	31	44
c10582	0	-1	-1	0	24	41	0	-1	0	31	-1	24	0	44	0	-1	-1	5	-1	0	-1	44	33	0	-1	46	0	0	25	-1
c10585	11	-1	0	0	-1	41	-1	0	-1	31	0	-1	-1	44	-1	0	0	0	0	5	0	44	-1	0	0	41	0	-1	-1	0
c10597	0	-1	26	0	0	41	46	0	-1	-1	-1	5	-1	44	-1	0	0	0	0	5	46	44	-1	46	0	41	5	0	0	32
c10603	0	-1	-1	-1	17	41	0	32	0	31	-1	0	0	44	0	16	25	7	0	0	0	-1	41	24	0	0	0	-1	0	-1
c10610	-1	5	-1	11	0	41	5	32	0	31	-1	-1	0	44	0	16	-1	7	-1	-1	0	44	32	24	-1	0	0	-1	0	32
c10618	0	5	0	0	-1	41	-1	0	0	31	0	-1	-1	44	0	-1	-1	0	0	-1	0	44	-1	11	0	2	0	0	0	0
c10625	0	5	41	0	-1	41	-1	32	0	31	-1	0	0	44	35	16	25	7	46	-1	0	44	-1	-1	0	39	30	32	0	-1
c10627	-1	5	-1	45	0	41	0	0	-1	31	-1	0	27	-1	0	0	0	11	0	0	6	44	25	0	0	0	0	0	0	-1
c10657	11	32	0	0	-1	-1	0	-1	0	34	-1	5	44	0	0	-1	0	0	0	0	0	0	0	0	-1	27	11	33	0	-1
c10680	0	41	0	32	38	24	-1	-1	0	0	0	30	0	-1	11	42	-1	28	0	0	0	32	-1	45	38	34	41	8	46	15
c10697	0	5	0	0	0	41	0	0	0	31	25	0	0	44	0	0	0	25	-1	0	41	44	41	0	11	0	0	-1	0	-1
c10704	-1	5	41	-1	0	41	-1	32	-1	31	-1	0	0	44	0	-1	25	7	0	-1	0	44	41	24	0	0	0	0	0	32
c10729	-1	5	41	35	46	41	0	32	0	31	-1	0	0	44	-1	16	25	7	-1	0	0	44	0	-1	-1	0	-1	0	15	32
c10737	0	5	0	0	0	41	0	42	-1	31	8	-1	0	44	35	0	0	0	-1	5	46	44	0	0	25	41	0	0	0	0
c10740	0	5	0	34	-1	41	0	0	0	-1	25	0	0	44	-1	0	-1	24	38	0	41	44	-1	0	11	0	0	0	0	11
c10741	0	5	-1	34	0	41	0	-1	0	31	25	0	0	44	0	0	-1	-1	-1	47	41	44	-1	0	11	0	0	0	0	11
c10742	0	5	0	32	0	41	-1	0	46	31	-1	0	-1	44	0	41	0	0	0	0	41	44	-1	0	11	0	41	-1	8	11
c10744	0	41	0	0	-1	24	0	0	0	0	0	-1	0	0	11	42	0	28	0	-1	0	-1	-1	45	38	-1	0	20	-1	15
c10764	0	5	0	-1	0	41	0	-1	-1	-1	0	0	0	44	0	-1	0	0	0	0	-1	44	0	46	0	0	46	-1	32	41
c10769	0	-1	46	0	-1	-1	0	30	0	31	25	5	0	-1	-1	0	0	-1	0	46	41	-1	0	0	-1	38	-1	0	0	11
c10770	0	-1	46	-1	5	41	32	0	44	31	-1	17	0	44	0	46	-1	-1	0	-1	-1	-1	0	0	11	-1	0	0	41	11
c10776	0	5	0	0	41	41	0	0	0	31	-1	0	-1	44	0	44	46	0	46	-1	41	44	0	0	-1	0	0	0	0	0
c10777	-1	5	0	-1	41	-1	0	-1	0	31	-1	0	34	44	0	-1	-1	0	46	-1	41	-1	0	0	11	0	-1	0	0	0
c10789	0	5	11	-1	-1	41	0	-1	0	-1	0	0	-1	44	0	6	0	-1	0	45	0	44	0	-1	0	0	-1	0	0	41
c10792	33	5	41	0	0	41	0	0	0	31	-1	0	25	-1	0	16	25	7	-1	0	0	44	0	0	0	6	-1	0	0	0
c10807	0	5	0	-1	0	41	26	0	-1	-1	0	0	0	-1	0	11	0	5	0	0	0	-1	46	46	44	0	-1	0	-1	41
c10812	0	5	-1	41	-1	41	0	0	-1	31	-1	5	0	44	0	0	-1	-1	26	5	0	44	0	0	-1	41	0	0	0	0
c10878	0	-1	25	0	0	0	0	0	-1	-1	0	0	0	0	0	-1	-1	2	0	8	-1	0	-1	45	-1	-1	26	0	0	15
c10903	0	32	0	0	25	0	-1	0	38	0	0	0	-1	0	0	25	-1	30	38	0	0	-1	0	0	0	27	11	-1	30	0
c10913	0	41	0	0	45	24	0	0	0	41	0	-1	0	0	11	42	0	-1	-1	0	-1	0	-1	45	38	34	0	0	46	15
c10918	0	5	41	0	45	41	0	0	0	31	0	-1	46	44	0	16	6	-1	-1	-1	16	-1	0	0	44	8	-1	0	0	0
c10927	0	5	0	-1	0	41	0	0	-1	-1	0	0	0	-1	0	11	0	0	0	0	0	44	46	46	44	0	46	0	-1	41
c10930	0	5	-1	34	0	41	41	47	6	-1	25	0	0	44	0	0	-1	0	38	0	-1	44	-1	0	-1	0	-1	0	0	11
c10947	0	5	41	0	0	41	16	32	0	31	-1	0	0	44	0	-1	25	-1	-1	30	0	44	-1	24	-1	0	0	-1	0	32
c10948	0	-1	41	0	45	-1	0	0	0	31	0	0	46	44	0	16	-1	0	-1	0	16	44	0	0	44	0	0	0	0	0
c10958	0	5	0	-1	32	-1	0	-1	0	-1	0	0	0	44	0	11	0	0	0	0	0	44	-1	46	0	0	46	0	0	41
c10959	0	5	0	-1	-1	41	0	-1	0	-1	0	0	0	44	0	11	0	0	0	-1	0	44	0	46	0	0	-1	0	0	41
c10988	33	5	41	-1	0	-1	-1	44	0	31	-1	0	-1	44	0	-1	25	7	0	0	0	44	0	0	0	-1	-1	39	11	0
c11021	0	5	0	0	0	41	3	0	0	31	-1	5	0	44	0	0	-1	1	41	0	41	-1	-1	0	11	-1	0	15	0	11
c11038	0	32	-1	32	0	0	0	35	0	0	0	0	-1	-1	0	0	-1	5	0	0	0	0	0	0	28	-1	11	33	0	0
c11043	-1	5	0	44	0	41	0	-1	41	31	-1	0	0	-1	-1	45	30	0	46	0	0	44	-1	-1	25	-1	0	32	-1	0
c11050	0	5	0	-1	0	41	0	0	0	31	-1	0	0	44	25	-1	-1	0	0	0	0	44	0	-1	0	0	-1	0	-1	0
c11060	-1	41	40	0	-1	24	0	0	0	41	0	0	0	0	-1	42	0	-1	0	0	0	0	-1	45	-1	34	0	-1	46	15
c11066	0	5	-1	27	-1	41	17	0	0	-1	-1	-1	-1	-1	0	16	6	-1	-1	0	0	44	46	-1	44	-1	32	44	-1	-1
c11093	0	5	0	41	0	41	0	0	0	31	0	0	0	-1	0	-1	6	35	33	-1	0	44	-1	0	27	2	0	39	28	0
c11094	5	5	0	0	-1	41	0	0	-1	31	39	-1	-1	44	45	0	0	0	21	5	46	44	0	0	0	41	24	0	0	0
c11096	-1	-1	0	34	0	41	0	0	11	31	0	0	0	-1	0	-1	-1	0	-1	39	41	44	0	0	11	0	0	-1	-1	0
c11097	-1	5	0	34	0	41	0	0	11	31	-1	0	0	44	0	0	0	0	0	39	41	-1	0	0	11	-1	-1	-1	-1	0
c11099	33	5	41	0	0	41	0	0	0	31	-1	11	0	-1	0	16	25	7	0	-1	0	44	0	-1	-1	0	-1	0	41	0
c11107	0	5	0	41	0	41	0	-1	0	31	-1	0	0	44	-1	-1	-1	0	0	32	0	44	0	27	0	0	0	30	-1	0
c11108	0	5	-1	0	0	41	-1	0	0	-1	0	0	-1	44	41	0	0	41	13	0	0	-1	0	0	0	0	-1	32	45	0
c11118	0	32	32	0	-1	0	-1	-1	-1	0	5	-1	44	0	0	41	0	38	-1	-1	44	44	0	0	-1	-1	11	33	0	0
c11120	33	5	41	0	-1	41	0	0	0	31	-1	0	-1	44	0	16	-1	7	0	0	0	-1	0	0	0	0	-1	0	-1	38
c11137	-1	5	41	0	5	41	0	-1	0	31	-1	-1	8	44	-1	16	11	7	0	-1	0	44	25	0	-1	0	0	0	0	11
c11145	0	5	0	0	-1	-1	0	0	0	31	25	0	25	44	-1	0	0	0	0	46	41	-1	0	-1	11	38	0	0	-1	-1
c11154	-1	-1	-1	-1	0	41	27	44	-1	31	-1	32	-1	44	-1	-1	-1	38	-1	0	-1	44	0	0	27	0	0	0	0	-1
c11163	-1	5	0	0	0	-1	11	30	-1	31	0	5	-1	-1	0	-1	0	0	-1	5	-1	44	0	-1	0	41	0	0	0	0
c11165	33	5	41	0	0	41	0	0	0	-1	-1	0	0	44	0	-1	25	7	0	0	0	44	32	-1	0	0	-1	-1	0	6
c11179	0	5	0	0	42	41	0	8	0	31	-1	0	0	-1	0	8	0	11	12	47	6	44	-1	0	0	0	-1	-1	0	-1
c11181	0	5	0	41	-1	41	-1	-1	0	-1	-1	0	0	44	25	-1	-1	0	0	-1	0	44	25	27	0	0	44	32	0	0
c11182	-1	5	0	41	0	41	16	0	0	-1	-1	32	0	44	25	-1	-1	0	0	0	0	44	0	0	0	-1	-1	0	-1	0
c11185	6	5	0	0	-1	41	0	0	-1	31	-1	-1	0	44	0	0	0	0	0	5	0	44	0	0	9	41	0	0	9	-1
c11193	33	5	41	-1	-1	41	30	0	0	31	-1	0	0	-1	25	16	-1	-1	0	11	0	44	0	0	0	0	-1	0	0	39
c11203	0	5	46	-1	-1	41	-1	0	0	-1	0	11	-1	44	0	0	0	-1	-1	0	-1	44	0	46	-1	0	46	0	0	41
c11213	-1	5	-1	0	-1	41	0	0	-1	31	11	9	0	44	0	0	16	38	0	0	0	44	19	-1	0	0	0	32	0	0
c11216	0	32	0	0	0	0	-1	-1	0	0	-1	-1	44	-1	0	-1	0	0	0	11	0	0	0	0	-1	27	11	33	0	-1
c11225	0	0	12	-1	0	0	0	0	0	0	25	-1	0	0	0	42	-1	32	0	0	0	0	-1	45	-1	0	-1	5	-1	15
c11233	8	5	41	0	0	41	0	0	0	-1	-1	0	47	-1	0	16	25	7	9	0	0	44	-1	17	32	17	0	0	0	0
c11246	0	5	0	0	0	41	0	0	44	31	25	0	0	44	45	-1	-1	-1	39	0	41	44	41	0	11	0	26	0	32	11
c11254	0	5	0	0	0	41	0	0	-1	-1	25	-1	0	44	0	0	0	-1	0	-1	41	-1	41	-1	11	0	0	-1	0	11
c11261	5	-1	-1	0	-1	0	0	0	-1	0	0	0	-1	-1	0	-1	0	-1	0	8	0	-1	-1	45	0	-1	-1	0	0	15
c11267	38	5	41	0	5	41	-1	16	0	31	-1	-1	-1	-1	12	16	11	7	0	0	-1	44	25	0	0	0	-1	0	0	11
c11281	-1	5	-1	11	0	-1	5	32	0	-1	-1	0	0	44	-1	16	25	7	0	0	25	44	0	24	0	0	-1	-1	0	32
c11300	-1	-1	15	-1	0	-1	0	0	0	-1	-1	46	-1	44	-1	44	46	2	-1	-1	41	44	-1	0	11	46	0	0	0	0
c11315	33	5	41	0	0	41	0	0	0	31	-1	-1	0	44	0	16	25	7	-1	0	0	44	0	0	0	6	-1	0	0	0
c11319	-1	-1	11	0	0	41	-1	0	0	31	0	17	0	44	44	0	0	0	-1	34	46	44	0	-1	0	0	-1	0	0	0
c11322	11	32	0	0	0	0	0	-1	0	34	0	5	-1	0	0	-1	0	0	0	0	38	0	0	0	-1	27	11	33	0	26
c11329	0	32	-1	-1	-1	0	0	35	0	0	0	0	44	0	12	0	-1	0	-1	0	0	0	0	0	0	27	11	33	41	0
c11352	-1	5	0	-1	0	-1	0	0	0	31	25	0	0	44	0	0	0	-1	0	0	41	44	41	0	11	0	0	-1	-1	11
c11353	-1	5	-1	16	-1	-1	0	0	0	31	25	0	0	44	-1	0	0	25	0	-1	41	44	41	0	11	0	0	-1	0	11
c11377	0	5	-1	32	15	41	0	0	0	-1	38	16	22	44	0	0	0	0	-1	34	46	44	0	0	0	0	0	41	0	0
c11403	0	5	41	0	0	41	-1	32	0	31	-1	0	-1	44	0	16	-1	-1	46	0	-1	44	33	-1	-1	39	30	32	46	32
c11410	0	-1	41	0	0	41	0	32	26	31	-1	-1	0	44	0	16	25	7	0	0	0	44	-1	24	0	0	0	0	0	-1
c11418	0	5	0	0	-1	41	0	-1	-1	31	25	0	0	44	-1	0	0	-1	0	-1	-1	-1	41	0	11	35	0	-1	0	11
c11423	-1	5	41	-1	0	-1	0	-1	0	31	-1	0	0	44	0	16	25	-1	46	0	-1	44	0	-1	-1	39	-1	0	16	32
c11434	-1	5	0	0	0	41	0	0	0	31	0	12	0	44	2	0	-1	0	46	0	0	44	-1	49	0	0	-1	32	-1	0
c11435	-1	5	0	0	0	41	0	0	0	31	0	12	0	44	0	-1	0	0	46	0	0	44	0	49	0	0	0	32	-1	-1
c11443	35	5	-1	11	-1	41	5	32	-1	31	-1	-1	-1	44	0	16	25	7	0	0	0	-1	32	-1	0	0	0	10	0	32
c11445	0	5	0	-1	0	41	0	-1	0	31	-1	-1	0	44	0	-1	0	0	0	-1	0	44	-1	0	0	-1	49	0	0	0
c11450	38	5	41	0	0	41	14	16	34	31	-1	0	8	44	0	16	-1	7	0	39	0	44	0	0	0	0	0	1	-1	-1
c11468	-1	-1	46	0	25	41	0	0	0	31	6	0	0	44	0	0	0	0	-1	-1	0	44	38	0	0	0	0	-1	0	22
c11486	0	5	41	0	0	41	-1	0	0	31	-1	0	8	44	0	-1	11	7	0	0	0	44	33	-1	-1	0	0	5	0	-1
c11496	-1	-1	0	0	0	41	0	0	-1	31	0	0	0	44	-1	26	-1	0	-1	5	0	-1	-1	6	0	41	0	0	9	5
c11503	0	32	0	0	32	0	0	-1	0	0	0	0	-1	-1	12	0	0	0	0	0	-1	-1	0	0	0	27	-1	33	41	0
c11512	0	5	0	0	0	41	0	-1	0	31	-1	0	0	44	-1	44	46	0	46	-1	41	-1	0	0	11	0	41	0	0	0
c11515	0	5	26	0	0	41	46	0	-1	-1	0	5	0	-1	0	0	8	-1	0	-1	-1	44	0	-1	0	-1	5	0	-1	-1
c11516	0	-1	39	41	39	41	-1	0	5	31	-1	25	0	44	25	-1	-1	-1	6	-1	0	44	-1	-1	-1	0	0	0	0	-1
c11520	26	-1	-1	-1	0	-1	0	0	0	31	11	9	-1	44	-1	0	16	38	-1	-1	-1	44	19	-1	0	-1	0	-1	0	-1
c11529	0	5	11	22	-1	41	-1	0	0	31	-1	0	0	44	0	44	46	-1	46	-1	41	44	44	0	11	-1	0	0	0	0
c11534	33	5	41	0	0	-1	0	-1	-1	31	-1	0	0	-1	0	16	25	7	-1	0	0	44	0	0	0	6	-1	0	0	-1
c11542	0	41	0	0	0	24	11	-1	0	0	-1	-1	0	0	11	42	0	28	0	0	0	0	-1	45	-1	34	0	20	46	15
c11564	-1	5	0	41	34	41	-1	0	-1	-1	-1	0	0	44	-1	-1	-1	6	0	0	0	44	-1	-1	26	0	0	0	-1	0
c11565	5	-1	0	-1	0	41	-1	0	0	31	-1	0	0	44	25	-1	-1	6	0	0	0	44	0	0	26	-1	0	0	-1	0
c11580	0	-1	-1	0	-1	41	32	32	0	-1	-1	0	8	44	0	16	11	7	0	0	0	44	0	0	-1	0	37	0	0	11
c11584	0	5	33	11	47	41	5	0	-1	31	25	0	38	-1	38	25	0	0	32	0	41	44	-1	-1	11	49	2	0	0	0
c11585	0	5	-1	11	47	-1	5	0	-1	31	25	-1	38	44	38	25	0	0	32	-1	41	44	-1	-1	11	49	2	0	-1	0
c11591	0	41	40	0	11	24	-1	0	-1	41	-1	0	0	0	-1	42	0	-1	41	-1	-1	0	-1	45	38	34	0	0	46	15
c11593	11	32	0	0	0	0	-1	35	0	-1	0	5	44	0	0	0	-1	0	0	0	0	0	0	0	-1	27	11	33	0	26
c11606	-1	41	32	-1	0	24	0	0	0	0	22	0	0	0	11	-1	0	28	9	0	0	0	-1	45	38	34	0	0	46	15
c11608	0	-1	0	41	0	41	-1	0	0	-1	-1	0	-1	44	25	-1	-1	25	0	0	0	44	0	27	0	0	0	0	-1	0
c11625	0	5	0	-1	0	-1	6	0	34	31	16	0	0	-1	0	0	0	0	0	41	0	44	8	17	0	2	-1	0	-1	41
c11626	0	5	0	0	0	41	0	-1	46	-1	0	15	39	44	0	-1	-1	-1	0	0	25	44	25	0	-1	0	-1	32	0	0
c11631	0	5	46	-1	0	41	35	0	0	-1	0	11	-1	44	0	0	0	0	-1	0	0	-1	0	46	0	0	46	0	0	41
c11633	-1	5	30	-1	0	41	0	0	0	-1	46	0	5	-1	0	0	0	-1	0	0	0	44	0	-1	25	0	-1	0	0	-1
c11638	0	-1	-1	0	-1	24	0	-1	0	0	-1	-1	0	0	11	42	0	28	0	0	-1	0	-1	45	-1	34	-1	20	-1	15
c11639	0	41	0	0	0	24	0	0	0	0	0	0	0	0	11	42	0	28	-1	0	0	0	-1	45	38	34	0	20	46	15
c11649	0	5	0	-1	-1	-1	0	0	0	-1	0	0	0	44	11	0	0	0	0	-1	0	44	0	46	0	0	46	0	0	41
c11650	0	32	0	0	32	0	0	35	0	0	0	0	44	-1	12	0	0	-1	0	0	-1	0	-1	0	0	-1	-1	33	41	0
c11655	-1	5	0	-1	16	41	0	0	0	31	25	-1	17	44	0	0	-1	0	38	0	41	44	41	0	-1	0	0	0	0	11
c11656	0	32	22	0	0	32	0	-1	0	-1	39	18	-1	0	17	24	0	0	-1	0	0	-1	-1	0	8	27	11	-1	41	0
c11658	0	5	0	-1	0	41	0	0	-1	31	25	32	0	44	0	0	0	0	0	0	41	44	-1	0	11	0	0	0	0	11
c11660	-1	5	41	0	0	41	0	32	-1	31	-1	0	0	44	32	16	25	-1	0	0	11	44	-1	24	0	0	0	0	0	32
c11661	0	5	41	0	-1	41	-1	32	5	31	-1	0	0	-1	0	16	25	7	0	0	11	44	41	24	0	-1	0	0	0	32
c11664	-1	32	0	0	-1	0	0	-1	-1	-1	-1	0	-1	0	6	0	0	-1	-1	0	0	0	38	6	0	27	11	33	0	5
c11672	33	5	41	-1	-1	-1	0	-1	0	-1	-1	0	25	44	-1	16	25	7	-1	-1	0	44	45	0	0	6	-1	0	0	-1
c11679	0	-1	41	-1	46	41	41	-1	0	31	-1	44	8	-1	0	16	11	7	0	0	41	44	-1	0	0	0	0	0	0	11
c11689	35	5	41	-1	25	41	5	32	-1	31	-1	11	0	44	0	16	25	7	0	0	0	44	0	24	0	41	-1	10	-1	-1
c11709	0	41	32	0	0	24	0	0	44	-1	22	0	-1	-1	11	42	0	28	9	-1	0	0	-1	45	38	34	0	32	46	15
c11712	0	41	32	0	0	24	0	-1	0	0	22	0	0	0	11	42	0	28	9	0	0	0	-1	45	38	34	0	-1	46	15
c11716	0	5	0	32	0	41	-1	0	-1	31	25	0	0	44	0	-1	0	0	0	0	41	44	-1	-1	11	-1	41	17	8	11
c11741	0	5	-1	32	0	41	0	49	46	31	-1	0	0	44	0	41	22	-1	0	-1	41	44	-1	0	11	0	41	17	8	11
c11756	-1	-1	0	0	0	41	0	0	-1	31	0	0	0	44	0	-1	12	0	0	5	0	44	5	0	0	41	0	-1	-1	-1
c11779	0	5	39	41	0	41	0	0	0	31	-1	0	46	44	-1	-1	-1	43	0	32	0	44	-1	27	-1	0	0	-1	0	0
c11793	-1	5	0	-1	0	41	27	39	-1	31	-1	0	-1	44	25	-1	-1	0	0	0	0	44	0	0	27	0	0	0	0	32
c11810	0	41	40	0	-1	24	-1	6	0	41	0	0	-1	0	-1	42	0	-1	-1	0	0	44	-1	45	38	34	0	0	-1	-1
c11814	-1	32	0	32	-1	-1	0	35	-1	-1	0	-1	44	44	0	0	32	38	0	0	0	0	0	0	0	-1	11	33	-1	0
c11815	0	32	0	32	0	-1	0	35	0	38	0	0	44	44	0	0	32	38	0	0	0	0	0	0	0	27	11	33	0	0
c11819	-1	5	41	-1	0	-1	41	-1	-1	31	-1	0	-1	-1	34	16	25	7	0	38	0	44	0	0	38	0	5	-1	0	0
c11839	-1	5	0	-1	-1	41	0	-1	0	-1	0	0	0	44	46	-1	0	0	0	0	-1	44	46	46	44	0	46	-1	0	41
c11851	0	5	41	22	0	41	5	0	-1	-1	0	0	8	44	-1	-1	0	7	0	34	0	-1	0	-1	0	0	34	0	-1	-1
c11853	-1	-1	-1	0	16	-1	44	27	0	31	-1	-1	25	-1	0	41	0	35	0	0	0	44	-1	0	-1	0	-1	32	31	-1
c11860	0	5	0	0	5	41	0	-1	-1	31	25	0	31	44	0	0	0	0	0	46	41	44	0	0	11	38	0	0	0	-1
c11868	0	41	0	32	-1	-1	-1	-1	-1	0	0	30	0	-1	11	-1	0	28	0	39	0	0	-1	45	38	34	0	0	46	15
c11870	0	-1	8	32	-1	-1	-1	35	0	0	0	0	44	45	0	0	0	38	8	0	0	0	0	0	-1	27	11	33	0	0
c11874	0	5	-1	0	0	41	-1	-1	0	31	-1	0	0	44	-1	16	25	7	0	0	-1	44	0	-1	0	0	0	0	-1	32
c11875	0	5	41	0	0	41	-1	-1	0	31	-1	0	0	44	0	16	25	7	0	0	-1	44	0	-1	0	0	0	0	0	32
c11892	46	5	0	0	5	41	-1	0	-1	31	-1	0	-1	44	0	-1	-1	0	0	46	41	44	-1	0	11	38	0	0	0	11
c11897	0	5	-1	0	-1	-1	-1	-1	0	31	-1	-1	22	44	0	0	0	41	13	0	0	-1	-1	0	0	-1	0	32	45	0
c11898	32	5	41	-1	0	41	5	-1	46	31	-1	0	49	44	0	16	25	7	-1	-1	-1	44	-1	-1	-1	11	40	0	0	0
c11904	0	5	41	-1	0	41	-1	32	0	31	-1	0	0	44	0	16	25	7	-1	-1	-1	44	0	-1	-1	11	30	0	0	32
c11916	0	5	41	0	0	41	0	32	5	31	-1	-1	6	-1	0	-1	25	7	46	0	-1	44	-1	-1	0	-1	30	0	0	32
c11927	-1	5	39	41	-1	41	-1	-1	0	31	-1	25	0	-1	25	-1	-1	0	0	-1	32	44	-1	27	0	0	0	0	0	-1
c11936	0	5	0	0	0	41	3	0	0	31	25	5	0	44	0	0	-1	1	41	0	-1	-1	-1	0	-1	0	0	-1	0	11
c11938	0	5	41	0	0	41	0	32	0	31	-1	0	32	44	0	16	-1	-1	0	-1	-1	44	0	-1	0	0	0	0	0	-1
c11970	0	-1	-1	-1	0	41	0	0	0	-1	-1	0	46	44	25	-1	-1	43	0	32	11	-1	-1	27	0	0	0	-1	0	0
c11985	-1	5	-1	0	0	41	0	-1	0	31	-1	0	-1	44	0	16	25	7	0	0	0	44	-1	0	0	46	-1	39	-1	22
c12008	-1	-1	0	32	0	41	0	0	46	31	25	0	0	44	0	41	0	0	0	0	41	44	-1	30	11	0	41	-1	-1	11
c12009	0	5	0	-1	-1	41	0	0	46	-1	25	0	0	44	0	41	0	0	0	0	41	-1	-1	30	11	0	-1	-1	8	11
c12013	0	-1	0	-1	0	41	-1	0	0	31	-1	32	45	44	0	-1	-1	44	0	0	41	44	-1	0	11	6	0	0	0	11
c12018	-1	5	-1	0	0	41	0	-1	-1	31	25	-1	0	44	-1	0	0	0	0	5	-1	44	0	0	0	41	0	-1	0	0
c12035	0	5	-1	-1	0	41	0	0	25	-1	0	-1	-1	44	0	-1	-1	0	33	0	0	-1	-1	-1	0	0	46	0	0	41
c12037	-1	-1	0	0	-1	32	11	45	-1	0	0	0	41	0	0	-1	0	2	0	8	0	-1	-1	45	-1	0	26	0	46	15
c12039	-1	5	41	0	0	41	-1	32	-1	31	-1	-1	0	44	0	16	25	7	46	-1	0	-1	0	-1	0	39	-1	-1	32	32
c12040	38	5	41	0	5	-1	0	16	0	31	-1	-1	8	-1	12	16	11	7	0	0	0	-1	-1	0	0	0	0	0	0	11
c12045	0	-1	32	0	-1	25	0	0	0	0	-1	-1	-1	0	-1	-1	-1	-1	-1	-1	0	0	-1	45	-1	0	26	0	-1	15
c12050	0	5	0	41	0	41	0	-1	-1	31	-1	0	0	44	25	-1	-1	0	-1	-1	0	44	0	27	0	11	0	6	0	0
c12074	-1	-1	0	34	0	41	-1	0	0	31	25	0	0	44	38	-1	-1	0	38	0	41	44	-1	0	11	0	0	0	0	11
c12081	0	5	0	0	0	41	0	0	-1	31	-1	0	0	44	0	44	46	0	46	-1	41	44	0	0	11	0	0	0	0	-1
c12085	0	5	0	-1	0	41	0	0	-1	31	-1	12	0	44	25	-1	-1	0	0	0	-1	44	0	38	0	0	38	0	-1	0
c12089	-1	-1	0	0	-1	0	0	0	-1	-1	0	45	0	0	0	-1	0	0	0	8	0	0	-1	45	0	0	-1	0	-1	15
c12090	-1	5	0	0	5	-1	0	0	0	31	25	-1	0	44	0	0	-1	0	0	-1	41	44	0	0	11	38	-1	-1	0	-1
c12091	-1	5	0	0	5	41	0	0	0	31	25	0	0	44	0	0	0	-1	0	46	41	44	0	-1	11	38	0	0	0	11
c12093	0	5	0	0	0	41	30	46	-1	31	0	5	0	44	17	0	0	0	-1	5	0	44	0	0	0	41	0	-1	0	0
c12097	-1	-1	41	0	0	-1	0	0	0	-1	-1	0	0	44	0	16	25	7	-1	0	0	44	0	0	-1	6	-1	0	0	0
c12100	22	5	0	0	0	41	27	0	-1	31	-1	7	45	44	25	-1	-1	0	0	-1	-1	-1	0	0	27	0	0	0	0	32
c12101	22	5	0	0	0	41	27	0	-1	-1	-1	7	-1	-1	25	-1	-1	0	-1	-1	0	44	0	-1	27	0	0	0	0	32
c12106	0	5	41	0	0	41	0	32	5	31	-1	0	0	44	0	16	25	7	0	0	11	44	-1	24	0	0	0	-1	0	-1
c12107	0	5	41	0	0	-1	0	32	5	31	-1	-1	0	44	0	16	25	7	0	0	11	-1	-1	24	0	0	0	-1	-1	-1
c12130	0	5	-1	0	0	41	41	0	0	-1	-1	-1	0	44	44	0	0	-1	38	0	0	44	8	22	-1	2	25	3	0	0
c12156	5	-1	41	0	0	0	0	26	-1	-1	0	0	0	0	0	-1	-1	41	0	8	0	0	-1	-1	-1	0	-1	0	0	15
c12164	35	-1	-1	11	-1	-1	5	32	0	31	-1	-1	0	44	0	-1	25	7	-1	0	25	44	0	24	0	0	0	-1	0	32
c12188	0	5	0	0	47	41	0	0	0	31	25	-1	0	44	0	0	-1	0	-1	5	41	44	41	0	11	0	0	0	0	-1
c12189	0	5	-1	-1	-1	41	-1	0	0	31	-1	32	0	44	0	0	0	0	0	5	41	44	41	0	11	0	0	-1	0	11
c12191	0	5	0	0	0	-1	0	-1	0	31	25	0	0	-1	45	44	0	-1	16	0	-1	44	41	0	11	26	26	0	0	11
c12197	22	5	-1	45	0	41	27	39	-1	31	-1	-1	-1	-1	25	-1	-1	-1	0	0	0	44	0	0	27	-1	0	0	0	32
c12223	0	-1	41	35	0	-1	0	0	0	-1	-1	0	0	44	0	16	25	7	0	38	0	44	32	0	0	6	0	0	-1	2
c12231	0	5	-1	32	-1	41	-1	0	-1	31	0	5	0	44	0	0	0	0	0	-1	46	44	0	0	0	41	0	0	27	0
c12242	33	-1	41	0	-1	41	-1	-1	0	31	-1	0	-1	-1	-1	16	25	7	0	0	-1	44	0	0	0	-1	-1	0	0	38
c12248	0	41	0	32	0	24	-1	0	-1	0	0	30	0	-1	11	-1	0	-1	0	39	0	0	-1	45	38	34	0	0	46	15
c12258	-1	32	44	-1	0	6	0	35	0	0	0	0	44	0	38	0	0	-1	32	0	0	41	-1	-1	0	27	-1	-1	0	0
c12260	0	-1	41	-1	-1	41	-1	0	0	-1	-1	0	25	44	0	16	25	7	0	0	0	44	0	0	0	0	0	-1	-1	0
c12270	0	5	26	0	-1	41	46	0	-1	-1	0	5	-1	44	0	-1	0	-1	0	-1	46	44	0	46	0	-1	5	0	0	32
c12271	-1	5	26	0	-1	41	46	0	-1	-1	0	5	-1	-1	0	0	0	0	0	5	46	44	0	46	0	41	5	0	0	32
c12279	-1	5	-1	32	0	41	6	32	0	31	-1	0	0	44	0	16	25	7	46	-1	0	44	-1	-1	-1	0	30	0	0	-1
c12288	0	32	-1	0	42	0	38	35	-1	0	-1	0	44	0	0	41	46	38	0	11	-1	0	32	-1	-1	27	11	-1	0	0
c12297	-1	5	-1	11	2	41	-1	32	0	31	-1	-1	0	-1	0	-1	25	-1	0	0	-1	44	0	24	0	32	0	10	0	32
c12303	0	5	-1	0	6	41	0	0	39	-1	-1	0	0	-1	0	-1	-1	0	-1	-1	41	-1	0	0	11	0	-1	41	-1	0
c12306	-1	41	32	0	0	24	0	-1	0	0	0	0	0	25	11	42	0	28	-1	0	0	-1	-1	45	38	34	0	0	46	-1
c12307	0	41	32	0	0	24	0	-1	0	0	0	0	0	25	11	-1	0	-1	9	0	0	0	-1	45	38	-1	0	-1	-1	15
c12310	0	5	0	-1	0	41	-1	-1	-1	31	0	5	0	-1	0	-1	0	-1	0	5	0	-1	0	-1	0	41	0	0	32	0
c12311	0	5	0	16	-1	41	0	46	-1	31	0	5	0	-1	0	0	0	0	0	5	0	44	0	0	0	41	0	0	32	0
c12338	0	5	0	25	32	-1	0	0	-1	-1	-1	-1	0	-1	0	25	0	0	22	5	0	44	-1	5	-1	41	0	0	0	-1
c12356	0	-1	0	0	8	-1	2	-1	-1	31	-1	16	22	44	0	32	0	0	-1	34	-1	44	33	-1	0	-1	0	41	0	25
c12359	0	5	0	0	0	41	0	46	-1	31	-1	5	0	44	17	0	0	38	0	5	-1	44	-1	26	-1	41	-1	-1	0	0
c12363	-1	32	0	0	-1	0	0	35	0	0	0	0	44	0	0	0	0	0	-1	-1	-1	0	0	0	28	27	-1	33	0	0
c12371	-1	5	0	0	-1	41	0	0	-1	31	0	30	0	44	0	0	0	0	0	39	41	44	22	-1	11	0	-1	0	-1	34
c12372	-1	5	0	0	0	-1	0	0	0	31	-1	0	0	44	0	44	-1	0	46	-1	41	44	0	0	11	0	0	0	28	39
c12373	-1	5	-1	0	0	41	-1	0	-1	31	-1	0	-1	44	0	44	46	0	46	-1	41	44	0	0	11	0	0	0	28	0
c12376	0	5	0	41	0	41	16	-1	-1	-1	-1	0	0	44	25	-1	-1	-1	0	0	0	44	0	0	0	0	0	0	-1	0
c12377	0	5	0	41	0	41	16	0	0	31	-1	0	0	44	-1	-1	-1	-1	0	0	0	44	0	0	0	0	0	0	-1	-1
c12383	0	-1	5	0	0	24	41	0	-1	32	0	-1	0	-1	-1	42	0	28	44	0	0	0	-1	-1	38	34	0	20	46	15
c12392	0	-1	-1	0	21	41	0	-1	0	31	0	0	0	44	-1	41	46	41	-1	34	-1	44	-1	39	41	-1	0	-1	0	0
c12404	35	5	-1	11	0	41	-1	32	-1	31	-1	0	6	44	0	16	25	7	0	0	0	44	32	24	0	0	-1	10	0	32
c12423	0	5	33	11	47	41	5	0	-1	-1	25	0	38	44	-1	-1	0	0	0	-1	-1	44	-1	16	11	49	2	41	0	-1
c12426	-1	32	32	0	0	0	0	35	0	-1	12	0	44	0	0	41	46	38	-1	11	-1	0	32	0	-1	27	11	33	0	0
c12474	0	5	-1	-1	-1	41	0	32	-1	31	-1	0	0	44	0	16	25	7	0	0	0	44	12	-1	0	0	32	-1	0	32
c12477	30	5	-1	-1	0	-1	0	0	0	-1	-1	0	0	-1	0	0	0	-1	-1	-1	41	-1	-1	0	11	-1	26	0	0	11
c12480	0	5	-1	0	0	41	0	0	0	-1	0	0	39	-1	45	-1	-1	0	0	-1	25	44	-1	0	-1	0	-1	32	8	0
c12488	0	-1	0	0	0	41	-1	0	0	31	-1	0	17	44	-1	-1	46	0	46	-1	41	44	-1	46	-1	-1	-1	0	0	0
c12489	0	5	-1	0	0	41	0	0	0	31	-1	0	17	44	0	44	46	0	46	-1	41	44	0	46	11	0	-1	0	0	0
c12490	33	5	41	0	0	-1	41	0	0	31	-1	0	41	-1	0	16	25	7	0	0	-1	-1	32	0	0	0	-1	-1	0	0
c12504	-1	41	0	0	45	-1	-1	0	0	-1	0	0	0	0	11	42	0	28	0	0	0	-1	-1	45	38	-1	0	0	46	15
c12505	0	41	0	0	-1	24	0	0	0	-1	0	0	0	0	11	42	0	28	0	-1	-1	0	-1	45	38	-1	0	0	46	15
c12516	-1	5	-1	-1	0	41	0	0	-1	31	0	0	-1	44	-1	0	-1	0	0	5	0	44	5	0	0	41	0	-1	0	0
c12518	-1	5	-1	0	5	41	0	30	0	31	25	5	0	44	-1	-1	0	-1	0	46	41	-1	0	0	11	38	0	0	0	11
c12519	0	-1	46	0	5	41	0	30	0	31	25	5	0	-1	0	0	0	-1	0	46	41	-1	-1	0	11	38	0	0	0	11
c12522	0	5	0	0	0	-1	-1	0	38	31	0	-1	0	44	0	0	0	0	0	0	0	44	8	38	28	-1	25	0	-1	-1
c12536	0	5	0	41	0	41	0	0	33	31	-1	0	8	44	0	0	0	35	33	-1	-1	-1	8	0	0	2	0	0	28	0
c12537	0	5	-1	41	0	41	0	0	33	-1	41	0	8	44	0	0	0	35	33	-1	0	-1	8	0	0	2	0	0	28	0
c12553	0	5	0	32	0	41	-1	-1	-1	31	25	0	-1	44	0	41	-1	0	41	0	41	44	-1	-1	11	0	26	0	0	-1
c12555	38	5	0	-1	16	41	-1	-1	0	31	-1	0	0	44	0	-1	44	0	0	0	0	44	0	0	30	0	41	32	32	0
c12556	0	32	32	0	0	-1	-1	35	0	0	0	0	44	0	45	41	46	-1	-1	11	0	0	32	-1	0	27	-1	33	0	0
c12561	-1	5	-1	-1	25	41	-1	32	-1	31	-1	0	0	44	0	16	25	7	11	0	-1	44	-1	24	9	0	-1	10	0	32
c12562	0	-1	0	-1	0	24	-1	0	0	0	0	30	0	0	11	-1	0	-1	0	-1	0	0	-1	45	38	-1	0	0	46	15
c12564	0	5	0	0	-1	-1	0	0	0	31	-1	0	-1	44	0	0	0	0	33	32	0	44	8	-1	0	2	-1	0	28	0
c12565	0	5	-1	-1	-1	41	0	0	-1	31	-1	0	0	44	0	0	0	-1	33	32	0	44	8	-1	0	2	-1	0	28	0
c12566	0	5	0	0	-1	41	-1	0	-1	-1	-1	0	17	44	0	44	46	-1	46	-1	41	44	0	0	11	0	-1	0	0	0
c12568	0	-1	0	0	45	24	0	0	-1	-1	0	0	0	0	11	42	0	28	0	0	-1	0	-1	45	38	34	0	0	-1	15
c12569	0	-1	-1	0	45	24	-1	-1	0	41	0	0	0	0	11	42	0	28	0	-1	0	0	-1	45	38	34	-1	0	46	15
c12589	0	5	26	-1	-1	41	-1	0	-1	-1	0	5	-1	44	0	0	0	0	0	-1	46	44	0	46	0	-1	5	0	-1	32
c12599	0	5	41	27	45	41	17	-1	0	31	-1	0	46	44	0	-1	6	0	25	-1	0	44	46	0	-1	0	0	44	0	-1
c12631	0	5	0	0	0	41	0	0	-1	31	0	0	0	44	-1	-1	0	-1	0	5	0	44	0	0	0	41	0	-1	0	-1
c12640	5	-1	41	0	0	41	-1	32	-1	-1	-1	-1	0	44	0	16	25	7	0	0	0	-1	0	-1	38	0	-1	0	41	32
c12642	0	-1	0	0	0	-1	0	0	0	-1	25	-1	0	44	0	-1	0	0	0	-1	-1	44	41	2	11	0	-1	49	0	11
c12643	0	5	0	0	0	-1	-1	-1	0	-1	25	-1	0	44	0	26	0	0	0	0	41	44	41	2	11	-1	-1	49	-1	11
c12646	0	32	-1	0	0	-1	-1	35	0	-1	11	32	44	0	0	0	0	38	-1	21	0	0	25	0	-1	27	-1	33	0	0
c12648	-1	-1	41	0	0	0	0	0	0	-1	0	0	0	-1	0	-1	8	41	0	-1	-1	0	-1	-1	0	0	26	0	30	15
c12649	5	-1	41	0	-1	0	0	0	0	-1	0	0	-1	0	0	-1	8	41	0	8	41	0	-1	45	0	0	26	0	30	15
c12650	0	5	-1	-1	0	41	0	0	0	31	-1	0	0	-1	0	-1	-1	7	0	38	0	44	5	-1	-1	-1	-1	0	0	31
c12653	0	-1	41	-1	0	41	32	32	-1	31	-1	0	8	44	0	16	11	7	11	0	0	-1	0	0	30	0	0	0	0	11
c12654	-1	5	41	0	0	41	0	0	8	31	-1	25	0	44	0	0	-1	0	46	0	0	44	0	0	0	0	0	32	-1	-1
c12660	0	5	0	0	0	41	0	-1	0	31	-1	0	-1	44	0	44	-1	41	46	-1	41	-1	-1	-1	11	0	0	0	0	0
c12675	0	32	32	0	-1	0	-1	35	-1	0	5	-1	44	0	0	41	0	38	-1	0	-1	-1	0	-1	0	27	11	33	0	0
c12680	-1	5	0	-1	16	41	-1	8	44	31	0	0	0	44	0	0	44	-1	0	32	0	-1	0	0	30	0	-1	32	32	0
c12689	38	5	41	38	17	41	0	16	0	31	-1	0	8	44	12	-1	11	7	0	0	46	44	25	-1	0	0	-1	0	0	11
c12700	-1	5	0	41	0	41	-1	-1	0	31	-1	0	0	44	-1	-1	-1	-1	0	32	0	44	-1	27	-1	-1	44	-1	35	0
c12701	-1	5	0	-1	-1	41	5	-1	-1	31	-1	0	0	44	25	-1	-1	38	0	-1	0	44	-1	27	0	46	-1	32	35	0
c12726	0	5	34	5	47	-1	16	0	0	-1	15	0	-1	44	-1	0	0	0	0	0	0	44	38	0	0	0	0	32	0	0
c12737	-1	5	-1	44	0	-1	0	0	-1	31	-1	-1	0	44	0	0	30	0	46	-1	-1	44	-1	-1	-1	0	0	32	-1	0
c12750	-1	5	0	0	-1	41	0	-1	41	-1	25	0	0	-1	-1	0	0	0	0	0	41	44	41	0	11	0	0	-1	0	11
c12751	0	5	0	0	0	41	0	0	41	-1	25	0	0	-1	0	0	0	0	0	0	41	-1	41	0	11	0	0	-1	0	11
c12765	0	5	0	-1	0	41	0	0	38	31	0	-1	-1	-1	0	-1	0	0	0	0	-1	44	8	38	28	2	25	0	0	-1
c12774	0	5	22	0	0	41	0	5	0	31	-1	0	0	44	0	-1	-1	-1	0	0	-1	-1	-1	-1	0	0	-1	11	12	0
c12784	11	-1	0	0	0	0	0	35	0	34	0	5	44	-1	0	-1	-1	0	0	0	0	0	16	0	-1	27	11	33	0	26
c12785	-1	32	0	-1	0	-1	0	35	-1	34	-1	5	-1	0	0	-1	-1	-1	0	0	0	0	16	0	-1	27	11	33	0	26
c12786	-1	5	8	32	38	41	0	0	-1	31	0	-1	0	44	-1	0	0	-1	0	5	46	44	-1	0	0	41	0	0	27	0
c12787	0	5	8	32	38	41	0	0	-1	31	-1	5	0	44	0	0	0	0	-1	5	46	44	0	0	0	-1	0	0	27	0
c12798	0	5	46	-1	5	41	-1	0	44	31	25	17	-1	44	0	21	0	0	0	46	41	44	0	-1	11	-1	-1	0	41	11
c12799	-1	5	46	-1	5	41	0	0	44	31	25	17	-1	44	0	21	0	0	0	46	-1	-1	-1	0	-1	-1	0	0	41	11
c12804	0	-1	-1	0	0	-1	-1	0	32	0	0	45	0	0	0	-1	-1	0	-1	8	0	0	-1	45	24	-1	26	0	0	15
c12812	-1	5	0	38	16	41	0	0	-1	-1	0	-1	0	44	0	-1	-1	0	25	-1	0	44	-1	0	-1	0	0	32	0	0
c12815	0	5	0	0	-1	41	16	0	0	31	25	32	0	44	0	17	0	0	0	-1	41	44	41	-1	11	0	27	0	0	11
c12820	0	5	-1	25	0	41	0	0	-1	-1	0	5	32	44	12	-1	-1	0	25	-1	0	44	0	-1	11	41	-1	-1	0	0
c12830	0	5	0	0	44	41	0	0	0	31	25	0	0	44	0	0	0	25	0	0	41	44	41	0	11	0	-1	-1	0	11
c12831	0	5	0	-1	-1	41	0	-1	0	31	25	0	-1	44	0	0	0	25	-1	-1	41	44	41	0	11	0	-1	-1	0	11
c12832	-1	5	0	-1	-1	41	0	-1	0	-1	46	0	0	-1	15	-1	0	41	0	0	0	-1	0	46	-1	0	-1	-1	0	-1
c12841	0	5	-1	34	0	-1	0	0	0	31	-1	0	34	-1	-1	44	-1	0	46	-1	41	44	-1	-1	11	-1	0	0	0	0
c12857	-1	5	0	0	0	41	0	0	0	31	0	0	0	-1	0	0	0	0	33	-1	0	44	-1	-1	0	2	0	0	28	0
c12870	35	5	41	-1	25	-1	5	32	-1	31	-1	11	-1	-1	-1	16	25	7	0	0	0	44	-1	24	0	0	0	10	0	32
c12880	33	-1	41	0	-1	41	0	0	0	31	-1	-1	-1	44	0	-1	25	7	46	8	0	44	32	0	0	8	-1	12	-1	0
c12911	0	32	0	0	27	0	-1	0	38	0	44	0	44	0	0	0	0	30	0	0	-1	0	-1	0	0	27	11	-1	0	0
c12916	-1	41	32	0	0	24	0	0	-1	0	22	0	0	0	11	42	-1	28	9	0	0	-1	-1	45	38	34	0	-1	-1	15
c12924	0	5	0	0	0	41	0	0	0	31	0	0	-1	44	0	0	0	0	-1	-1	46	44	-1	0	46	25	27	0	32	0
c12928	-1	5	41	0	0	41	0	32	-1	-1	-1	0	0	44	0	16	25	7	0	0	0	44	12	-1	0	0	0	-1	0	32
c12944	33	-1	41	-1	0	41	0	0	0	31	-1	0	0	44	-1	-1	25	-1	0	-1	-1	-1	0	0	0	0	-1	0	-1	0
c12952	0	-1	0	32	5	0	0	0	0	0	0	0	0	0	0	-1	0	11	-1	-1	0	-1	-1	-1	0	0	-1	0	0	15
c12953	0	-1	0	32	5	0	0	0	0	0	0	0	0	0	0	-1	0	11	0	8	0	11	-1	-1	-1	-1	26	0	0	15
c12960	0	5	0	0	0	41	-1	0	0	-1	-1	0	0	-1	0	44	46	0	46	-1	41	44	-1	-1	11	0	0	0	5	0
c12962	-1	5	41	0	5	41	0	16	0	31	-1	-1	8	44	12	16	-1	7	0	0	0	44	25	0	41	0	0	0	-1	11
c12977	0	5	0	0	0	41	6	0	0	31	16	0	41	-1	-1	-1	38	0	0	-1	0	44	8	-1	0	-1	0	-1	0	-1
c12979	-1	5	-1	11	5	41	5	32	0	31	-1	-1	-1	44	0	16	25	7	0	0	0	44	0	24	0	0	0	10	0	-1
c12984	0	5	0	-1	-1	-1	0	0	-1	-1	46	0	5	44	0	45	0	-1	0	0	41	44	-1	46	34	41	46	32	0	41
c12986	-1	5	30	0	0	41	0	0	38	31	0	0	0	44	0	14	0	-1	0	0	0	44	8	38	0	2	25	0	0	-1
c12988	38	5	-1	11	47	41	5	0	-1	31	25	0	38	44	38	25	0	0	0	0	-1	44	-1	16	11	49	2	0	0	0
c12989	38	5	33	11	47	-1	5	0	-1	31	25	0	38	-1	38	25	0	0	0	-1	41	44	-1	16	11	49	2	0	0	-1
c12993	-1	-1	25	0	0	39	0	0	0	0	0	0	0	-1	0	-1	0	2	0	8	0	0	-1	-1	-1	-1	26	0	0	15
c12998	0	5	26	0	0	41	-1	0	-1	-1	0	5	0	44	0	0	0	0	0	5	46	44	-1	-1	-1	-1	5	0	0	32
c13001	0	5	0	-1	41	41	25	0	0	-1	0	0	0	44	0	-1	0	0	0	-1	-1	44	0	-1	0	41	46	0	0	-1
c13004	5	-1	41	0	0	0	0	26	0	-1	0	0	0	0	-1	-1	0	41	0	8	0	0	-1	45	0	0	-1	0	-1	15
c13013	34	5	0	34	0	41	-1	33	0	31	0	0	39	44	0	0	0	-1	-1	0	25	44	0	0	0	0	11	32	-1	0
c13017	35	5	-1	11	2	41	5	32	0	31	-1	-1	0	44	0	16	-1	7	-1	0	0	44	0	-1	0	-1	0	10	0	32
c13025	0	5	0	41	0	41	0	0	0	31	-1	0	-1	44	-1	-1	-1	38	-1	0	-1	44	-1	-1	0	0	0	0	-1	0
c13026	0	5	-1	41	38	41	38	32	-1	31	-1	12	0	-1	25	-1	-1	34	0	8	0	44	0	0	34	-1	46	0	0	0
c13028	5	-1	0	0	0	41	-1	0	0	0	-1	0	0	0	0	-1	34	0	-1	8	0	0	-1	-1	-1	0	26	-1	0	15
c13037	0	-1	32	-1	0	24	0	41	-1	-1	0	0	0	25	11	42	0	-1	9	0	-1	0	-1	45	38	34	0	0	-1	15
c13056	0	5	0	41	0	-1	-1	0	0	31	41	0	0	44	0	-1	0	35	33	-1	0	44	8	0	0	2	0	0	28	0
c13057	0	-1	0	41	0	41	0	0	-1	31	41	0	0	44	-1	-1	0	35	33	-1	0	44	8	0	0	2	0	0	28	0
c13070	33	5	41	0	0	41	-1	0	0	-1	-1	41	-1	44	-1	16	25	7	-1	24	0	-1	0	0	0	-1	-1	0	-1	-1
c13074	33	5	41	0	0	41	0	0	0	31	-1	-1	0	44	0	-1	25	7	0	-1	-1	44	32	-1	0	0	-1	0	-1	6
c13075	33	-1	41	0	0	41	0	0	0	31	-1	0	0	-1	0	16	25	7	0	24	0	44	32	-1	0	0	-1	0	0	-1
c13076	-1	41	0	32	0	24	-1	0	0	0	-1	30	0	0	11	42	0	28	0	-1	0	0	-1	45	38	34	41	-1	46	15
c13077	0	41	0	32	0	-1	-1	0	0	0	-1	30	0	0	-1	42	0	28	0	0	-1	0	-1	45	-1	34	41	0	46	15
c13097	0	5	0	-1	8	41	0	0	-1	31	25	0	0	44	-1	41	-1	0	41	0	41	44	-1	0	11	0	26	0	-1	11
c13114	0	5	0	0	-1	41	-1	-1	0	31	0	0	22	44	-1	0	0	41	13	-1	0	-1	0	0	-1	0	0	32	45	0
c13116	-1	-1	0	0	0	41	0	0	0	31	-1	0	-1	-1	0	44	46	0	46	-1	-1	-1	0	0	11	0	0	-1	0	0
c13117	0	-1	0	0	0	-1	0	0	-1	-1	-1	0	0	44	0	44	46	0	46	-1	41	44	0	0	11	-1	0	0	0	0
c13125	33	5	41	32	0	41	0	-1	-1	-1	-1	0	-1	-1	-1	16	25	7	0	-1	0	44	0	-1	-1	-1	-1	0	0	0
c13132	0	32	-1	-1	-1	0	0	35	0	0	0	0	-1	0	0	0	0	-1	0	0	-1	0	32	0	28	-1	-1	33	-1	0
c13140	-1	-1	0	32	0	41	0	0	46	31	25	0	0	44	0	41	0	0	0	0	41	44	-1	0	-1	0	41	17	8	-1
c13141	0	5	-1	32	0	41	0	0	-1	31	-1	0	-1	44	0	41	0	0	0	0	41	44	-1	0	11	0	41	17	8	-1
c13155	0	5	41	6	0	41	0	32	0	31	-1	0	0	44	0	16	-1	7	0	0	0	44	0	-1	9	-1	32	0	0	32
c13166	0	5	46	0	5	41	-1	-1	44	-1	25	17	-1	-1	0	0	-1	0	0	46	41	44	0	0	11	-1	0	0	-1	11
c13196	5	-1	41	0	0	0	0	0	0	-1	0	-1	-1	0	0	-1	8	41	0	8	41	0	-1	45	0	-1	26	0	30	15
c13211	0	5	-1	-1	0	41	0	0	0	-1	25	32	0	44	0	26	0	0	39	0	41	-1	41	-1	11	0	0	49	0	11
c13222	0	5	41	22	-1	41	-1	0	0	31	0	-1	8	44	0	-1	0	7	0	-1	0	-1	-1	0	0	0	0	0	15	0
c13234	0	-1	0	-1	0	24	-1	0	0	0	0	30	0	0	11	42	0	28	0	39	0	0	-1	45	38	34	0	0	46	15
c13235	0	41	0	-1	0	24	-1	0	0	0	0	30	0	0	11	42	0	-1	0	39	0	0	-1	45	38	34	0	0	46	15
c13238	-1	5	-1	-1	38	41	0	0	0	-1	-1	0	0	44	-1	0	0	-1	14	0	41	-1	41	0	11	45	-1	8	0	-1
c13239	0	5	0	0	38	-1	0	0	0	31	25	0	0	44	-1	0	0	-1	14	0	-1	44	41	0	11	45	-1	8	0	11
c13258	-1	5	0	0	5	41	0	5	-1	31	25	2	-1	44	-1	0	-1	38	-1	46	-1	44	0	0	11	38	0	0	0	11
c13259	-1	5	-1	-1	5	41	0	-1	0	31	25	2	-1	44	0	0	0	38	0	46	-1	-1	0	0	11	38	0	0	0	-1
c13264	-1	5	11	0	-1	41	-1	27	0	-1	0	32	0	44	0	41	12	35	0	-1	-1	44	30	-1	0	-1	0	-1	-1	44
c13281	-1	5	0	-1	0	41	-1	0	0	-1	-1	9	0	-1	-1	35	0	41	0	25	44	44	5	-1	-1	26	46	0	0	41
c13285	-1	5	38	-1	0	41	0	-1	0	31	-1	32	25	44	0	-1	0	-1	-1	0	-1	44	0	0	0	-1	-1	32	31	44
c13289	0	41	0	-1	0	24	-1	0	45	0	0	30	0	0	11	42	0	28	0	39	0	0	-1	45	38	34	0	0	46	15
c13295	0	5	33	11	47	-1	5	0	-1	31	25	0	38	44	38	25	0	0	0	-1	41	44	-1	16	-1	-1	-1	0	0	0
c13302	0	-1	0	0	-1	41	0	32	-1	31	-1	0	0	44	0	-1	-1	0	33	32	0	44	8	0	0	2	0	0	28	0
c13305	5	-1	41	0	0	0	0	0	0	-1	0	0	-1	0	-1	-1	0	-1	0	-1	-1	0	-1	45	0	-1	26	0	0	15
c13337	0	5	41	22	0	41	5	-1	0	-1	0	0	-1	44	0	16	0	7	0	34	0	44	-1	0	0	0	0	0	15	0
c13339	-1	5	41	-1	7	41	0	0	0	31	-1	0	0	-1	0	16	25	-1	0	0	0	44	0	0	0	37	-1	0	0	0
c13346	5	-1	0	0	0	41	0	-1	-1	0	0	0	0	-1	0	-1	0	41	5	8	0	24	-1	45	0	-1	26	0	0	15
c13361	46	5	0	5	0	41	0	0	0	-1	0	0	-1	-1	-1	0	0	0	0	0	-1	44	-1	0	0	-1	-1	-1	0	0
c13364	0	5	0	0	-1	41	0	32	11	31	0	30	0	44	0	0	0	0	0	39	41	44	-1	0	11	0	0	0	-1	34
c13375	0	-1	0	0	-1	41	0	46	-1	31	-1	5	0	44	-1	0	-1	34	0	5	0	44	0	26	-1	41	0	0	0	38
c13384	0	-1	41	41	0	41	0	-1	0	31	-1	41	0	44	25	-1	-1	0	0	32	-1	44	-1	27	0	-1	-1	-1	0	0
c13409	-1	-1	0	0	0	41	0	0	0	25	0	45	-1	-1	0	-1	0	-1	0	8	30	0	-1	-1	0	0	26	0	0	15
c13411	33	-1	41	-1	0	41	0	0	-1	31	-1	0	0	44	0	16	25	7	0	0	32	44	0	0	0	0	-1	-1	0	0
c13413	5	-1	0	-1	0	0	-1	0	0	0	0	0	0	0	-1	-1	0	0	0	-1	-1	0	-1	45	-1	0	26	0	-1	15
c13420	0	5	0	0	-1	41	0	0	0	31	18	-1	-1	-1	0	0	46	31	-1	34	46	-1	0	-1	41	-1	14	0	0	0
c13422	0	41	0	32	38	24	-1	0	-1	0	-1	30	0	-1	11	42	0	28	0	0	0	32	-1	45	-1	34	41	0	46	15
c13433	0	5	-1	34	-1	41	0	0	-1	-1	-1	0	0	-1	0	44	46	-1	46	-1	41	44	0	-1	11	0	0	-1	-1	0
c13437	0	-1	-1	0	41	41	0	5	0	31	-1	0	0	-1	0	-1	-1	0	0	-1	0	44	-1	-1	0	0	0	0	0	-1
c13438	0	5	5	0	0	-1	-1	0	0	31	0	0	0	44	11	-1	0	-1	-1	32	-1	44	8	0	0	2	0	0	28	-1
c13444	-1	32	0	16	0	0	-1	35	-1	0	30	0	44	-1	0	0	44	0	32	0	0	0	11	38	-1	27	11	-1	-1	0
c13451	0	5	0	5	0	-1	0	0	0	-1	0	0	-1	-1	0	0	0	0	11	0	0	44	38	-1	0	0	0	32	0	-1
c13458	0	5	41	0	45	-1	0	0	0	31	0	0	46	44	-1	-1	6	0	-1	0	16	-1	0	0	44	0	17	-1	0	0
c13460	17	5	0	11	0	41	0	0	11	-1	0	0	38	44	0	0	0	0	0	39	41	44	0	0	11	0	0	-1	-1	0
c13461	-1	5	0	11	0	-1	0	0	11	31	0	0	-1	44	0	-1	0	0	0	-1	-1	44	0	0	11	0	0	-1	-1	-1
c13468	0	-1	0	25	-1	41	0	-1	0	31	0	0	-1	44	0	32	-1	-1	0	0	0	44	-1	0	-1	2	49	0	0	0
c13474	0	5	0	0	0	-1	0	-1	0	-1	25	32	0	44	-1	11	0	0	0	0	41	-1	-1	0	11	-1	0	0	0	11
c13476	35	5	-1	11	0	41	-1	32	0	31	-1	0	0	-1	0	16	25	7	-1	0	0	44	0	24	0	0	0	10	0	32
c13479	-1	-1	0	0	0	0	0	0	-1	25	-1	45	-1	0	0	-1	-1	-1	0	8	0	0	-1	45	-1	0	26	0	0	15
c13508	-1	5	41	0	0	41	0	0	5	31	-1	11	-1	-1	0	16	25	7	0	0	0	44	-1	-1	0	0	-1	0	41	0
c13511	-1	-1	0	0	0	0	0	0	0	25	0	45	0	0	0	-1	0	0	-1	8	-1	0	-1	45	0	0	26	0	0	15
c13513	0	5	41	24	-1	41	-1	0	0	31	-1	-1	8	44	-1	-1	11	7	0	-1	0	44	0	25	0	-1	-1	5	0	11
c13519	46	5	0	0	5	41	0	0	0	31	-1	0	0	-1	0	0	0	0	-1	46	41	-1	0	0	11	-1	-1	0	0	11
c13525	0	5	41	0	0	41	0	0	0	-1	-1	-1	-1	44	0	-1	25	7	0	0	0	44	0	0	0	0	0	-1	43	-1
c13529	-1	5	0	0	-1	41	-1	0	0	31	25	0	-1	44	0	0	0	38	-1	46	41	44	0	0	11	38	0	-1	-1	11
c13540	38	5	41	0	0	41	-1	-1	0	31	-1	-1	8	44	0	16	11	7	0	39	0	44	0	-1	0	0	0	0	0	11
c13549	32	5	-1	0	0	-1	32	49	0	31	38	0	22	-1	0	0	0	0	-1	34	46	44	0	-1	0	0	0	41	0	6
c13583	33	-1	41	0	7	41	-1	0	0	31	-1	0	0	44	0	16	-1	7	0	0	-1	44	0	11	-1	0	-1	6	-1	-1
c13590	33	5	41	32	0	-1	0	0	0	31	-1	0	-1	44	0	-1	25	7	0	-1	-1	-1	0	-1	0	0	-1	-1	0	41
c13597	0	5	0	0	0	41	0	0	0	31	-1	0	-1	-1	0	44	46	0	46	-1	-1	44	0	0	11	0	41	0	8	-1
c13608	32	5	0	0	0	41	-1	0	11	-1	0	0	0	-1	-1	0	6	0	0	-1	41	44	41	0	11	0	11	-1	-1	0
c13609	32	5	0	0	0	41	0	0	11	-1	0	0	0	44	0	0	6	0	0	-1	41	44	-1	0	11	0	11	-1	-1	0
c13611	32	5	0	0	0	41	-1	0	-1	31	-1	-1	0	44	-1	0	-1	0	0	5	0	44	0	0	0	41	0	-1	-1	0
c13618	11	-1	41	0	35	41	0	32	0	31	-1	0	0	44	0	16	25	-1	0	0	0	44	0	24	11	-1	0	0	41	32
c13627	-1	-1	0	32	-1	-1	0	35	0	0	0	0	44	0	0	0	-1	38	8	0	0	0	0	0	0	27	11	33	0	0
c13628	0	41	0	32	38	24	-1	0	0	0	-1	30	0	-1	11	42	0	-1	0	0	0	32	-1	45	38	-1	-1	0	46	15
c13635	0	5	0	5	-1	41	0	-1	0	-1	-1	0	-1	44	0	0	0	25	0	0	-1	44	38	0	0	-1	0	-1	0	0
c13645	5	5	-1	-1	0	41	0	32	0	-1	0	0	0	44	-1	0	0	0	0	32	-1	44	0	46	11	0	46	0	0	-1
