	0	1	2	3	4	5	6	7	8	9	10	11	12	13	14	15	16	17	18	19	20	21	22	23	24	25	26	27	28	29
c1026	-1	0	0	-1	0	20	-1	48	0	-1	-1	0	-1	22	35	0	0	-1	0	0	1	0	-1	-1	50	-1	50	0	-1	-1
c1645	-1	32	0	-1	0	0	-1	48	-1	-1	0	0	0	-1	35	0	0	0	0	1	1	0	-1	-1	50	18	0	6	0	-1
c1683	0	8	0	0	20	0	-1	0	-1	24	41	50	0	0	0	0	50	0	0	50	0	0	0	0	46	0	21	-1	-1	0
c1865	-1	0	-1	0	0	-1	-1	48	46	0	35	0	0	-1	0	-1	50	0	20	-1	1	0	50	-1	50	34	-1	0	0	-1
c1963	0	0	-1	35	0	48	-1	0	0	0	0	-1	-1	0	0	0	-1	0	20	0	0	-1	0	-1	0	35	-1	0	50	18
c1972	0	0	35	-1	16	0	41	0	0	0	0	20	31	-1	27	18	0	0	-1	18	18	24	-1	0	0	-1	0	0	39	34
c2018	32	0	-1	-1	0	50	-1	48	-1	0	14	24	0	-1	0	12	0	13	5	0	-1	0	0	0	50	-1	-1	6	0	0
c2228	18	0	50	0	0	0	-1	0	0	-1	0	-1	31	0	0	0	0	10	-1	-1	-1	-1	0	0	50	0	0	0	0	34
c2429	50	23	0	-1	0	10	-1	-1	-1	0	10	27	-1	22	0	-1	0	0	0	-1	-1	0	-1	0	50	0	0	0	-1	0
c2536	-1	-1	0	-1	0	0	0	0	-1	-1	38	20	-1	0	-1	0	-1	-1	-1	18	0	0	-1	0	0	26	0	18	0	34
c2627	12	0	36	0	-1	24	0	0	12	47	0	-1	14	22	0	0	0	0	-1	-1	1	0	0	0	50	0	0	0	-1	-1
c2676	-1	0	40	-1	0	23	11	0	17	10	50	0	-1	0	49	0	12	-1	42	18	10	0	-1	-1	0	0	-1	0	0	34
c2768	0	0	0	-1	-1	0	0	20	-1	-1	-1	20	31	0	0	0	50	-1	-1	18	0	-1	48	0	0	26	0	18	38	34
c2822	16	-1	-1	-1	35	-1	-1	48	46	0	41	0	0	-1	-1	-1	0	0	0	50	1	-1	0	-1	50	0	13	-1	-1	0
c2830	-1	0	-1	0	-1	22	27	0	-1	20	22	-1	0	0	48	9	-1	14	-1	0	-1	12	0	0	0	0	20	0	-1	50
c3042	0	23	-1	0	0	-1	-1	-1	-1	0	14	0	-1	22	0	-1	48	-1	-1	23	1	0	0	0	50	-1	0	16	27	0
c3063	16	0	-1	-1	35	18	-1	48	46	0	-1	0	0	-1	0	-1	0	0	-1	0	1	0	13	-1	-1	-1	0	0	35	-1
c3157	-1	-1	0	-1	-1	0	-1	48	0	27	-1	0	-1	22	-1	0	-1	20	0	0	1	-1	0	-1	50	0	0	0	26	23
c3180	-1	28	50	3	0	0	-1	39	0	-1	13	20	31	43	0	0	0	0	-1	-1	-1	-1	-1	0	0	0	0	14	0	34
c3185	50	23	0	-1	-1	0	-1	48	-1	0	0	0	-1	-1	0	-1	0	0	0	1	1	0	46	14	50	0	0	0	0	0
c3211	18	50	50	16	-1	0	48	-1	0	-1	0	20	-1	48	0	-1	0	0	-1	-1	0	-1	-1	0	13	-1	0	0	0	-1
c3263	0	42	-1	0	28	0	-1	48	0	-1	-1	0	-1	22	-1	0	0	0	12	0	1	34	0	-1	50	0	0	22	0	-1
c3308	0	-1	0	0	0	0	-1	48	0	-1	0	-1	-1	22	-1	0	-1	-1	-1	-1	1	34	0	-1	50	40	0	-1	0	-1
c3425	0	0	0	-1	0	0	-1	50	24	-1	-1	50	-1	0	13	-1	-1	39	-1	14	0	50	-1	0	0	-1	41	22	50	18
c3429	-1	20	0	-1	22	0	0	0	0	32	0	20	31	0	22	39	16	0	-1	18	12	0	48	8	48	26	0	18	-1	34
c3456	8	0	40	0	0	13	-1	0	17	0	50	0	16	0	0	0	12	-1	38	18	-1	0	-1	-1	0	0	-1	0	0	34
c3575	0	-1	0	49	0	-1	-1	-1	0	17	-1	50	50	-1	0	-1	0	35	-1	14	0	0	0	48	0	35	-1	-1	-1	18
c3665	0	0	35	46	-1	0	46	0	0	-1	3	-1	-1	48	0	0	22	0	-1	18	0	24	0	0	-1	26	0	34	0	34
c3669	0	42	32	-1	0	0	-1	48	-1	0	-1	-1	-1	22	12	50	18	0	0	48	1	0	0	0	50	27	0	0	0	23
c3812	22	48	0	39	-1	-1	-1	0	0	0	-1	-1	0	48	27	0	0	0	-1	50	-1	22	48	-1	0	0	41	0	50	0
c3891	23	-1	-1	0	0	27	0	0	16	-1	22	0	0	0	-1	9	50	0	27	0	-1	12	0	0	-1	-1	20	0	-1	50
c3900	0	49	0	-1	27	0	0	-1	16	0	41	0	41	-1	0	0	50	0	0	0	-1	0	26	0	46	0	0	-1	0	-1
c3965	-1	42	47	6	-1	0	-1	48	0	50	39	0	-1	-1	0	-1	18	0	0	0	1	0	0	0	50	0	0	0	0	-1
c3974	0	0	41	0	-1	24	22	0	23	0	0	14	-1	22	0	-1	-1	-1	43	25	1	0	0	18	50	0	-1	-1	0	24
c4013	-1	-1	0	-1	-1	-1	-1	0	-1	-1	22	25	50	0	-1	9	-1	0	27	0	-1	12	0	0	13	-1	20	0	0	50
c4038	0	42	-1	21	10	0	-1	48	35	0	-1	0	-1	-1	5	0	0	0	0	-1	1	-1	-1	27	50	0	0	-1	0	23
c4138	0	0	0	50	0	0	-1	48	0	-1	0	0	0	22	35	18	0	0	-1	-1	1	0	22	20	50	18	-1	0	0	48
c4165	0	40	40	0	0	23	-1	0	-1	10	50	-1	0	0	0	0	12	0	0	-1	10	0	0	-1	0	0	-1	0	0	34
c4181	32	0	0	1	0	0	-1	48	0	0	48	0	0	-1	0	0	-1	0	5	23	1	0	0	0	50	27	0	0	0	-1
c4253	-1	-1	-1	0	32	24	0	0	0	-1	48	0	-1	22	0	-1	0	22	0	25	-1	-1	0	-1	-1	0	16	0	0	-1
c4259	0	-1	0	25	0	0	-1	48	0	0	50	0	-1	22	5	-1	13	0	0	-1	-1	14	0	1	50	0	0	-1	0	23
c4275	-1	0	-1	23	32	24	0	20	0	-1	0	0	-1	22	0	0	0	0	10	-1	-1	0	35	0	-1	25	0	38	18	24
c4289	39	0	-1	0	0	0	0	0	16	0	22	0	50	0	-1	-1	-1	0	27	46	-1	12	0	0	0	0	20	0	-1	-1
c4302	0	42	0	0	0	0	-1	48	23	0	-1	19	-1	22	-1	0	0	0	-1	0	1	34	0	-1	50	-1	0	-1	22	23
c4335	-1	0	0	0	0	0	-1	48	-1	-1	0	0	0	22	0	0	0	0	-1	0	1	0	-1	-1	50	0	-1	50	0	0
c4342	0	42	0	0	0	-1	-1	48	-1	-1	39	32	-1	22	0	0	0	0	-1	-1	-1	0	0	0	50	-1	0	-1	0	23
c4383	10	42	0	-1	-1	16	-1	48	0	10	39	0	-1	22	0	0	0	0	0	0	-1	0	46	0	50	0	0	10	0	23
c4384	0	49	12	0	-1	0	27	0	16	0	-1	0	0	0	0	9	50	14	27	18	-1	12	0	-1	10	-1	20	0	-1	50
c4421	18	-1	50	22	-1	-1	-1	0	-1	-1	0	-1	31	40	0	0	0	20	-1	-1	21	0	0	20	46	0	0	22	0	34
c4486	0	-1	0	0	0	0	-1	48	0	0	9	19	-1	22	-1	0	0	0	27	28	1	34	-1	-1	50	0	0	-1	22	23
c4600	0	1	-1	0	0	6	-1	0	-1	-1	0	-1	0	-1	0	45	-1	-1	20	-1	38	24	-1	-1	0	0	-1	0	-1	0
c4639	-1	42	0	1	-1	39	-1	48	0	0	0	0	-1	22	0	0	0	0	-1	48	1	0	50	0	50	0	14	0	0	23
c4647	0	42	0	20	0	0	-1	48	0	0	-1	0	-1	22	5	0	14	0	-1	-1	1	0	27	-1	50	0	-1	0	-1	23
c4679	22	0	0	-1	-1	0	27	0	16	0	22	-1	-1	0	0	-1	-1	14	27	-1	0	12	0	0	0	0	20	0	9	50
c4744	0	-1	0	-1	-1	22	27	0	16	0	22	0	-1	0	0	9	-1	14	-1	0	0	12	0	20	0	0	20	12	-1	-1
c4759	0	32	26	-1	0	16	-1	48	0	0	50	0	0	-1	35	0	0	0	0	0	1	-1	-1	20	50	18	-1	6	0	39
c4762	-1	28	50	10	0	0	0	0	-1	-1	-1	20	31	-1	0	0	0	-1	-1	-1	0	0	0	0	0	0	0	0	0	34
c4800	27	-1	16	21	0	0	14	0	16	0	-1	0	6	-1	-1	0	-1	0	0	0	-1	-1	0	0	0	-1	20	0	0	0
c4804	0	23	-1	0	0	10	-1	48	-1	-1	0	0	-1	-1	0	-1	0	0	50	0	1	0	-1	0	50	0	0	-1	0	1
c4816	0	18	-1	0	24	0	0	0	16	0	-1	10	0	0	0	9	50	-1	27	0	0	12	0	0	22	0	-1	26	0	50
c4824	0	0	0	20	-1	0	0	3	48	0	0	20	31	0	-1	10	0	39	-1	18	0	0	48	-1	0	26	0	-1	1	34
c4858	48	-1	40	-1	0	-1	11	0	17	10	50	48	0	0	49	0	12	50	0	18	10	0	0	-1	10	0	-1	0	-1	34
c4909	0	0	-1	0	12	0	-1	0	16	24	41	31	0	19	10	0	-1	-1	0	0	-1	-1	0	0	46	0	0	20	-1	0
c4971	0	-1	-1	0	0	-1	-1	48	46	0	0	21	0	-1	0	-1	0	0	0	0	1	34	22	-1	50	0	0	0	0	0
c5005	0	42	0	0	0	0	-1	48	-1	0	-1	19	-1	-1	-1	0	0	0	0	-1	-1	34	-1	-1	-1	0	0	0	22	-1
c5052	0	-1	0	0	-1	22	27	0	16	-1	22	-1	-1	-1	0	-1	50	14	-1	-1	-1	12	0	0	0	0	20	12	-1	50
c5097	27	0	16	12	0	0	0	13	16	0	0	20	-1	0	-1	0	-1	0	-1	0	0	20	10	0	-1	0	27	-1	10	-1
c5104	0	0	-1	-1	9	13	11	0	17	0	-1	0	16	46	1	0	12	0	-1	-1	18	0	0	-1	23	0	-1	0	0	34
c5151	18	24	50	16	0	0	0	23	0	45	-1	-1	-1	0	0	0	0	39	-1	-1	0	0	-1	0	-1	0	-1	0	0	34
c5168	0	20	35	-1	0	10	0	-1	0	0	0	20	-1	0	0	0	0	24	-1	-1	48	-1	49	0	0	-1	-1	0	1	34
c5241	-1	42	0	0	-1	0	-1	-1	-1	27	0	0	-1	22	-1	0	0	-1	-1	0	1	50	0	0	-1	0	0	0	26	23
c5274	18	0	50	16	0	0	0	23	0	45	0	-1	-1	0	0	4	0	0	-1	-1	0	48	-1	45	-1	0	8	0	1	-1
c5281	0	-1	17	1	22	0	-1	-1	0	21	0	-1	-1	22	0	0	0	0	0	48	-1	16	0	0	50	0	0	0	12	-1
c5295	0	-1	0	14	32	24	0	0	0	0	48	39	14	-1	0	47	-1	0	0	25	1	27	0	1	50	0	14	-1	-1	24
c5300	0	-1	0	1	5	0	-1	-1	0	0	0	10	-1	22	-1	0	22	0	0	-1	1	-1	0	0	50	-1	0	0	0	23
c5308	18	28	50	0	48	0	22	50	-1	-1	0	20	31	0	-1	0	0	1	-1	-1	0	0	0	-1	20	0	0	-1	0	34
c5385	0	42	0	0	50	0	-1	48	35	0	0	0	-1	-1	5	0	0	0	0	-1	1	0	0	0	-1	-1	9	0	0	23
c5398	43	42	0	-1	5	-1	-1	48	0	-1	0	0	-1	22	-1	-1	0	31	-1	48	1	0	0	0	50	-1	14	0	0	23
c5411	32	-1	0	0	48	0	-1	48	0	26	0	0	40	22	0	0	10	0	0	0	1	-1	-1	0	50	0	0	0	37	20
c5418	0	33	0	22	22	0	0	0	0	-1	38	-1	31	0	-1	-1	50	0	-1	18	0	24	48	0	0	-1	-1	18	-1	-1
c5428	0	42	-1	41	-1	0	-1	48	-1	0	-1	-1	-1	22	-1	0	0	0	-1	-1	1	0	0	0	50	-1	10	0	21	23
c5469	0	0	-1	32	-1	50	22	0	0	20	0	20	31	0	0	-1	0	0	-1	18	0	0	0	0	-1	-1	-1	0	0	34
c5474	50	-1	40	-1	0	23	11	0	-1	10	50	16	0	28	0	-1	12	50	0	18	10	0	0	-1	14	-1	-1	0	0	34
c5533	27	-1	16	0	0	0	0	26	-1	6	-1	20	48	0	48	0	50	0	0	-1	0	0	10	0	0	0	44	0	10	0
c5547	-1	28	50	0	0	0	0	0	0	-1	0	-1	31	-1	0	-1	0	-1	-1	-1	0	0	-1	0	-1	0	-1	0	0	34
c5572	50	23	0	0	0	-1	-1	48	-1	0	-1	0	-1	22	-1	-1	0	0	0	1	1	0	0	10	50	0	0	0	0	0
c5582	0	42	0	0	0	0	-1	48	35	-1	0	14	-1	-1	-1	-1	0	0	0	-1	1	0	0	39	-1	0	18	-1	0	-1
c5596	0	-1	50	0	0	0	31	0	16	0	22	0	31	-1	0	9	50	-1	27	38	49	12	0	-1	34	0	-1	0	0	50
c5634	22	48	-1	-1	-1	6	-1	0	-1	0	0	50	-1	0	27	0	-1	0	20	50	0	22	-1	-1	0	0	-1	0	-1	0
c5649	-1	23	0	0	-1	19	-1	48	-1	0	9	0	-1	22	0	-1	-1	-1	9	1	-1	1	18	0	-1	48	0	0	0	0
c5655	-1	0	-1	0	0	-1	-1	0	-1	0	0	-1	50	-1	0	-1	0	0	20	14	0	-1	0	0	19	-1	41	14	-1	-1
c5658	27	33	-1	0	0	0	-1	-1	16	0	-1	0	27	-1	0	0	50	0	44	0	0	-1	39	0	48	0	0	0	0	0
c5663	0	42	0	-1	-1	0	-1	48	0	0	0	17	-1	22	5	0	0	-1	-1	-1	1	0	0	0	50	0	0	0	0	23
c5755	27	0	16	0	0	-1	14	0	16	-1	-1	0	0	0	4	0	50	-1	0	0	0	0	-1	0	0	0	0	0	-1	0
c5782	-1	0	1	39	-1	6	-1	0	0	0	0	50	0	0	0	0	-1	0	20	50	0	0	48	-1	0	0	41	0	-1	0
c5819	27	-1	16	12	0	0	0	13	16	0	0	20	0	0	-1	-1	50	0	0	0	-1	20	10	0	0	0	27	0	10	-1
c5845	0	0	0	-1	-1	0	0	0	0	0	0	20	31	0	-1	10	19	39	-1	18	0	0	48	-1	-1	26	0	-1	0	34
c5872	27	0	-1	0	0	0	14	0	16	0	0	0	0	0	0	0	50	16	48	-1	0	0	-1	0	0	39	0	20	0	-1
c5873	27	0	16	0	0	-1	14	0	16	0	0	13	0	0	0	0	50	16	0	0	0	31	0	0	-1	0	23	0	0	21
c5883	18	-1	-1	-1	0	0	-1	50	0	-1	12	20	31	-1	0	0	0	0	-1	-1	0	-1	0	1	-1	0	-1	0	0	34
c5945	18	0	-1	0	0	0	0	50	0	-1	-1	20	31	-1	0	0	0	0	-1	-1	35	0	50	-1	28	0	-1	0	-1	-1
c5959	0	-1	-1	-1	12	0	0	35	16	24	41	-1	0	50	0	0	50	0	0	0	0	-1	0	0	46	0	-1	20	13	0
c5967	28	0	-1	-1	-1	0	-1	0	16	-1	22	0	0	0	0	9	50	14	27	-1	0	12	-1	0	0	0	20	0	-1	50
c5987	50	23	0	0	-1	19	-1	48	-1	0	50	-1	-1	-1	0	-1	-1	-1	0	1	1	0	0	-1	50	0	50	0	0	-1
c5994	-1	42	0	1	0	0	-1	-1	12	0	0	10	-1	-1	0	0	22	0	0	48	1	0	0	0	50	0	0	-1	0	23
c6009	-1	42	0	0	0	12	-1	48	0	27	4	-1	-1	22	0	0	0	0	-1	50	-1	50	-1	-1	50	50	0	-1	0	23
c6041	0	17	50	-1	0	0	0	-1	16	0	22	0	0	13	0	9	-1	-1	27	-1	-1	-1	0	0	34	0	20	14	0	50
c6060	0	0	35	4	-1	23	27	0	-1	0	0	-1	31	-1	27	0	47	0	-1	18	16	-1	49	43	50	26	0	-1	0	34
c6090	0	0	0	20	0	-1	0	0	0	-1	28	20	31	-1	0	1	0	0	-1	18	0	23	48	-1	20	26	0	18	0	-1
c6124	23	42	0	0	0	12	-1	48	0	27	-1	0	-1	22	0	0	0	-1	0	-1	1	-1	0	0	50	14	-1	-1	0	23
c6148	-1	0	40	-1	0	13	11	-1	17	28	50	0	16	-1	0	0	-1	0	-1	-1	-1	-1	-1	-1	0	-1	-1	50	0	34
c6157	27	0	16	44	0	-1	22	-1	16	1	-1	0	47	47	0	35	-1	14	10	0	0	0	0	0	0	45	-1	0	-1	-1
c6160	0	0	0	-1	47	0	-1	-1	-1	0	0	0	-1	22	35	-1	0	0	0	0	1	0	22	-1	-1	18	-1	48	0	50
c6170	-1	0	-1	44	0	-1	22	-1	16	1	0	0	-1	47	0	35	50	14	10	-1	0	0	-1	0	0	45	0	0	-1	27
c6193	0	42	0	0	-1	-1	-1	48	12	0	-1	22	-1	22	-1	0	-1	0	12	0	1	34	-1	-1	50	0	0	43	0	-1
c6230	0	-1	0	0	0	0	0	-1	0	-1	-1	20	31	-1	0	0	0	0	-1	18	0	0	48	0	1	26	-1	-1	0	34
c6281	18	0	50	0	0	13	0	-1	0	-1	-1	20	31	13	-1	0	0	-1	-1	-1	0	0	0	0	32	14	-1	50	-1	34
c6355	-1	23	12	-1	12	0	-1	48	-1	0	10	-1	-1	22	0	-1	0	0	0	1	-1	0	-1	-1	-1	0	0	0	-1	0
c6367	18	-1	50	0	0	0	-1	18	0	-1	-1	20	-1	0	0	0	-1	1	-1	-1	0	0	-1	0	20	39	0	0	0	-1
c6370	16	0	-1	0	-1	24	0	0	12	-1	0	-1	14	22	45	0	39	-1	0	-1	1	0	0	0	50	0	25	0	18	24
c6402	50	23	0	-1	-1	-1	-1	-1	-1	0	-1	0	-1	22	0	-1	27	-1	0	1	-1	0	0	0	-1	50	0	0	0	0
c6410	-1	47	0	20	0	17	0	0	-1	-1	28	20	-1	0	0	1	-1	-1	-1	18	0	0	48	-1	0	26	-1	-1	0	34
c6415	20	50	10	0	0	0	-1	-1	46	31	46	-1	0	22	0	0	-1	22	-1	0	-1	-1	0	-1	50	0	-1	0	50	28
c6430	-1	0	16	0	0	0	10	50	-1	-1	0	20	0	0	-1	0	50	0	0	0	0	0	10	-1	14	0	0	0	10	0
c6440	-1	0	0	20	0	0	0	0	0	0	0	20	31	0	0	-1	0	0	-1	18	0	-1	48	-1	0	26	0	18	0	34
c6471	0	0	0	-1	0	0	24	-1	0	27	28	20	-1	0	0	1	0	-1	-1	-1	0	-1	-1	-1	0	26	50	-1	0	34
c6475	-1	0	0	0	0	0	-1	0	-1	0	0	-1	0	0	0	20	0	24	20	16	-1	0	-1	-1	38	0	41	0	50	0
c6485	18	-1	50	16	0	0	48	23	0	45	0	20	-1	48	-1	0	0	0	-1	-1	0	-1	0	0	13	-1	0	-1	-1	-1
c6497	-1	-1	5	-1	-1	0	-1	0	0	0	0	50	-1	0	0	13	-1	0	20	-1	0	27	24	0	0	35	41	0	50	18
c6531	0	0	0	0	24	0	0	0	16	0	22	10	0	0	-1	9	50	4	27	0	0	12	-1	0	22	0	20	0	0	-1
c6568	0	0	50	0	0	0	-1	-1	16	0	22	0	31	0	-1	9	50	-1	27	38	49	12	0	-1	34	0	20	12	-1	50
c6627	-1	0	-1	0	-1	24	-1	0	12	0	0	-1	14	22	0	0	0	0	0	-1	-1	0	0	0	50	0	-1	-1	-1	24
c6629	20	-1	0	0	32	-1	-1	-1	-1	0	48	0	14	22	0	47	0	0	0	25	1	0	0	0	50	-1	0	27	0	-1
c6685	-1	42	-1	-1	0	50	-1	48	-1	0	39	0	-1	22	0	0	18	18	0	0	1	0	-1	0	-1	-1	0	-1	0	23
c6722	-1	-1	-1	0	-1	0	14	0	16	12	5	0	0	0	20	0	50	0	-1	0	0	0	0	0	0	0	-1	0	0	0
c6735	27	0	16	50	0	0	0	50	16	0	0	20	-1	50	-1	0	50	-1	0	0	0	0	-1	0	14	0	50	0	10	0
c6737	27	0	16	0	0	0	0	50	16	0	0	20	0	0	-1	0	-1	0	-1	-1	18	0	10	0	14	0	0	0	10	-1
c6745	0	42	-1	1	0	-1	-1	48	-1	-1	-1	20	-1	-1	0	0	12	-1	0	48	1	-1	-1	0	50	0	0	0	-1	23
c6807	0	42	0	0	0	0	-1	48	-1	0	0	14	-1	-1	5	0	0	0	-1	-1	1	0	0	0	-1	8	18	0	0	23
c6897	0	0	0	-1	-1	22	27	0	16	0	-1	0	6	0	0	9	50	14	-1	0	-1	12	0	0	0	0	20	0	-1	50
c6910	0	-1	0	0	32	24	0	35	0	0	-1	-1	14	22	48	47	-1	0	-1	25	1	0	50	0	50	-1	0	0	0	-1
c6913	0	40	40	-1	0	13	-1	0	17	28	50	0	16	0	14	0	12	0	0	18	-1	-1	0	-1	0	0	-1	0	0	-1
c6921	0	50	10	0	14	0	-1	48	-1	34	0	0	-1	-1	0	17	-1	-1	0	0	1	1	-1	-1	-1	0	0	0	-1	0
c6950	50	0	35	4	16	23	0	0	-1	20	-1	20	31	0	27	0	47	50	-1	18	0	0	49	0	0	26	-1	-1	0	34
c6953	0	0	-1	0	0	0	0	3	16	22	22	-1	0	0	0	9	50	4	-1	0	0	-1	48	-1	35	-1	20	-1	0	50
c6968	35	-1	0	0	17	0	-1	48	46	0	-1	0	-1	-1	0	18	-1	0	0	18	1	-1	0	-1	50	0	0	0	15	0
c6974	-1	-1	-1	1	43	50	-1	48	-1	0	14	0	23	22	0	0	-1	0	5	0	-1	0	0	-1	50	0	-1	6	20	0
c6988	-1	23	0	0	-1	19	-1	48	-1	-1	35	0	-1	22	-1	-1	0	-1	0	1	1	0	0	50	50	0	0	-1	-1	-1
c7001	0	-1	-1	0	32	24	22	-1	23	0	0	-1	14	22	0	0	46	0	-1	25	1	0	0	-1	50	0	-1	1	0	-1
c7014	0	1	0	14	0	0	-1	20	16	0	-1	5	46	0	0	26	50	0	-1	0	-1	0	0	24	46	31	26	-1	0	-1
c7025	0	42	0	0	0	0	-1	48	35	0	0	-1	-1	22	5	0	50	0	0	-1	-1	0	-1	0	50	0	-1	0	-1	23
c7043	50	-1	22	-1	-1	19	-1	48	-1	-1	35	29	-1	22	0	-1	18	-1	-1	1	1	0	0	0	-1	44	0	0	0	0
c7051	39	32	40	-1	-1	23	-1	0	17	10	50	0	0	-1	-1	0	12	-1	-1	18	10	-1	0	-1	0	22	-1	45	0	34
c7065	0	0	35	4	16	-1	0	14	-1	0	0	20	-1	-1	-1	35	-1	-1	-1	18	0	0	49	0	0	26	0	-1	0	34
c7075	-1	50	9	0	-1	-1	8	-1	0	-1	-1	20	31	-1	0	0	-1	19	-1	18	0	0	48	-1	0	26	0	18	50	34
c7094	0	9	40	0	0	23	11	0	17	-1	50	-1	0	0	-1	0	-1	0	-1	18	10	0	50	-1	0	50	-1	0	42	-1
c7108	0	0	0	0	-1	0	-1	0	16	0	22	0	0	3	-1	9	50	14	-1	-1	0	12	0	0	0	0	20	0	9	50
c7155	0	0	-1	20	0	0	0	-1	48	0	0	20	31	0	-1	10	0	39	-1	18	0	0	48	-1	0	26	-1	18	-1	34
c7158	0	0	-1	46	10	0	0	1	0	16	3	20	31	-1	0	5	22	0	-1	18	-1	21	50	-1	-1	26	-1	-1	0	34
c7185	0	0	0	-1	32	24	22	0	-1	-1	0	0	-1	-1	-1	10	0	0	0	25	1	38	0	-1	50	50	0	0	0	24
c7241	0	0	0	0	0	0	-1	-1	0	-1	0	0	0	-1	35	16	0	0	0	0	1	43	0	20	50	-1	-1	0	-1	0
c7247	23	-1	40	48	0	23	-1	9	17	10	50	-1	-1	50	0	0	12	0	0	18	-1	0	-1	-1	-1	-1	-1	35	-1	34
c7308	45	1	0	0	0	-1	-1	21	16	0	41	39	0	-1	50	26	50	0	48	0	38	47	0	-1	-1	2	0	0	0	0
c7350	-1	50	10	0	0	20	-1	48	46	0	46	0	0	-1	0	-1	-1	22	0	0	1	0	0	-1	50	-1	0	0	50	0
c7365	18	10	50	16	0	0	0	23	0	-1	0	-1	-1	22	0	0	0	-1	-1	-1	0	0	16	-1	45	0	0	0	50	-1
c7378	0	0	36	0	-1	24	0	0	-1	0	0	-1	-1	22	0	0	20	0	-1	25	1	0	0	-1	50	0	0	0	16	24
c7405	-1	0	0	0	-1	50	-1	48	0	0	-1	0	0	22	35	0	13	27	0	0	1	10	0	20	50	18	-1	9	-1	-1
c7407	18	0	50	16	0	-1	0	23	-1	45	0	20	-1	22	0	50	46	18	-1	-1	0	0	16	0	-1	0	0	-1	50	34
c7413	-1	0	0	1	0	-1	-1	-1	-1	16	48	-1	0	-1	24	0	0	-1	5	0	1	0	0	-1	50	27	50	0	0	0
c7425	-1	0	35	0	-1	-1	0	0	0	0	1	20	31	0	0	0	0	0	-1	18	0	0	0	0	-1	26	20	-1	0	34
c7428	18	0	50	16	-1	0	48	23	0	45	0	20	-1	0	-1	0	0	0	-1	-1	0	-1	0	0	0	0	0	-1	12	34
c7444	0	42	24	6	31	-1	-1	48	0	5	39	0	-1	22	0	0	18	0	0	0	-1	0	0	0	-1	0	26	0	0	23
c7449	18	0	-1	0	0	-1	0	0	-1	-1	0	-1	31	-1	-1	2	0	0	-1	-1	0	-1	0	-1	0	24	0	0	-1	34
c7480	0	0	-1	0	0	0	-1	50	0	-1	-1	50	-1	0	13	-1	48	39	20	14	0	50	-1	0	0	-1	41	22	50	18
c7493	-1	14	0	0	-1	0	-1	0	21	0	-1	50	50	0	0	0	44	-1	20	0	0	0	0	0	0	35	41	1	-1	18
c7497	0	-1	40	0	0	23	11	22	17	10	50	0	0	0	0	0	-1	0	0	18	10	0	12	-1	0	-1	-1	0	0	34
c7555	18	28	50	0	0	0	0	0	-1	-1	0	20	-1	34	-1	-1	0	1	-1	-1	-1	-1	-1	0	20	39	0	0	0	34
c7590	-1	-1	50	0	0	-1	0	48	1	-1	0	20	31	40	-1	0	0	-1	-1	-1	0	0	14	0	0	0	0	-1	-1	34
c7606	-1	50	10	0	0	0	-1	48	46	0	0	0	14	22	0	0	-1	22	0	0	1	0	0	-1	50	0	0	0	50	39
c7609	0	0	0	0	15	-1	0	20	0	0	-1	20	-1	0	0	0	50	-1	-1	18	0	-1	48	0	0	26	0	18	38	34
c7610	0	0	-1	-1	0	0	-1	10	0	0	0	50	-1	14	0	0	0	0	20	-1	0	27	-1	0	20	35	-1	0	-1	-1
c7615	-1	1	0	0	0	0	0	0	16	20	41	0	0	9	-1	-1	50	0	-1	-1	38	0	0	-1	46	-1	-1	46	0	-1
c7624	-1	39	0	1	0	50	-1	-1	0	0	0	0	0	22	-1	19	0	0	5	0	-1	22	-1	0	50	21	0	-1	0	-1
c7626	-1	1	0	10	0	0	-1	0	16	0	41	0	-1	50	-1	26	50	48	40	-1	38	-1	-1	0	46	0	41	39	-1	0
c7643	0	1	0	14	0	0	0	20	16	0	-1	50	46	9	-1	26	-1	-1	0	0	-1	22	0	24	46	31	26	0	24	-1
c7665	27	33	16	27	0	0	14	0	16	0	-1	48	0	0	0	-1	50	0	44	0	0	-1	0	0	0	0	0	0	0	0
c7695	32	0	32	0	-1	50	-1	-1	0	32	0	0	40	22	0	0	0	0	0	-1	1	48	38	0	50	0	-1	0	-1	-1
c7702	0	0	0	20	0	-1	0	0	0	27	-1	-1	-1	22	-1	1	0	0	-1	18	0	0	-1	-1	0	26	0	18	0	34
c7707	-1	-1	0	-1	0	0	-1	48	0	0	0	0	0	22	50	-1	12	0	-1	23	1	-1	0	43	50	0	-1	0	0	0
c7711	0	0	50	-1	0	1	0	0	16	-1	22	-1	0	0	6	9	50	-1	27	38	-1	12	0	-1	-1	-1	20	0	0	50
c7720	23	-1	0	-1	1	0	-1	48	0	27	23	0	-1	22	-1	0	0	0	-1	0	1	50	0	0	-1	-1	0	0	-1	23
c7741	0	-1	0	0	-1	-1	0	0	16	-1	-1	-1	0	0	-1	26	50	0	40	33	38	-1	0	0	46	0	0	0	0	10
c7777	-1	-1	40	0	0	23	11	0	17	10	50	0	0	-1	34	-1	12	0	-1	18	10	-1	-1	-1	14	0	-1	0	0	34
c7820	18	-1	50	0	0	-1	0	-1	0	-1	0	20	-1	13	0	0	0	0	-1	-1	0	50	-1	0	0	0	0	50	0	34
c7824	0	-1	0	0	32	24	-1	-1	0	0	-1	-1	14	22	0	47	0	0	-1	25	1	-1	0	0	50	0	-1	0	-1	24
c7842	18	28	50	3	0	0	-1	0	0	-1	13	20	31	0	0	-1	0	0	-1	-1	0	0	12	0	0	0	0	-1	0	34
c7847	20	-1	22	21	-1	0	-1	-1	0	-1	9	19	-1	22	-1	-1	-1	50	0	0	1	34	0	-1	50	0	41	0	22	23
c7848	0	0	10	0	0	0	-1	48	46	-1	46	0	0	22	0	0	0	-1	1	-1	-1	-1	-1	-1	50	14	14	-1	0	22
c7860	-1	28	50	39	-1	0	0	0	-1	-1	0	20	31	-1	0	0	0	0	-1	-1	0	0	0	0	0	-1	0	0	-1	-1
c7866	-1	28	50	0	0	0	0	0	-1	-1	0	20	31	0	0	-1	0	1	-1	-1	0	-1	0	0	20	0	-1	22	-1	-1
c7871	0	-1	-1	0	-1	-1	-1	48	46	0	-1	-1	0	-1	-1	-1	0	0	20	0	1	28	0	-1	50	0	-1	0	48	-1
c7885	0	47	0	20	0	17	0	0	-1	-1	28	20	31	0	0	-1	-1	0	-1	18	0	0	48	-1	0	-1	50	18	0	34
c7897	18	-1	50	16	0	0	23	23	0	45	0	20	-1	0	-1	0	0	0	-1	-1	0	0	0	2	0	-1	0	9	0	34
c7905	32	0	0	0	-1	50	-1	48	0	0	0	0	40	22	0	0	-1	0	0	-1	-1	48	-1	-1	-1	-1	1	0	37	0
c7910	-1	0	14	20	0	50	0	50	-1	27	28	20	31	22	-1	1	0	12	-1	-1	0	0	48	-1	0	26	14	-1	0	34
c7912	0	42	0	-1	0	0	-1	48	0	0	-1	0	-1	22	0	0	18	0	47	0	-1	-1	0	32	50	45	0	0	0	23
c7919	12	1	48	0	0	0	23	0	16	0	41	0	0	45	0	26	50	0	40	0	38	0	-1	10	46	0	-1	0	0	-1
c7952	0	32	0	-1	0	0	-1	-1	0	-1	0	0	0	-1	-1	0	0	0	0	-1	1	0	-1	20	50	18	0	6	-1	39
c7959	39	0	-1	0	-1	23	-1	0	-1	10	50	10	0	0	-1	-1	12	50	-1	18	10	19	0	-1	0	0	-1	0	0	34
c7981	-1	0	0	22	0	0	-1	0	-1	-1	17	50	0	0	0	0	0	24	20	0	-1	0	48	-1	0	-1	41	-1	50	0
c8019	50	23	20	0	-1	19	-1	48	-1	-1	0	-1	-1	22	0	-1	27	-1	-1	1	1	-1	0	0	50	0	0	0	0	0
c8022	-1	24	50	39	-1	6	-1	0	0	-1	0	50	0	0	0	0	0	-1	-1	50	-1	-1	-1	-1	0	0	41	50	-1	0
c8042	-1	0	-1	0	12	0	0	0	-1	24	41	0	0	0	0	-1	50	0	10	0	0	0	0	0	46	0	0	20	13	0
c8057	-1	-1	-1	0	0	-1	-1	48	-1	-1	0	0	-1	22	0	-1	48	0	0	23	1	0	0	0	50	0	0	16	27	0
c8058	0	0	-1	1	0	0	0	0	0	20	0	20	31	-1	0	0	0	0	-1	18	0	0	0	-1	-1	26	0	-1	0	34
c8070	-1	0	0	39	-1	6	-1	-1	16	-1	0	50	0	0	0	46	0	0	20	50	-1	0	48	-1	-1	0	41	0	50	0
c8082	0	42	0	-1	0	0	-1	48	0	0	-1	0	-1	-1	-1	0	0	0	12	0	1	34	0	-1	50	40	0	0	0	23
c8101	0	1	0	-1	0	0	0	-1	16	0	41	8	0	0	-1	26	50	0	40	0	38	0	0	0	46	0	0	0	0	0
c8135	0	18	-1	0	38	0	-1	48	-1	0	-1	1	0	22	35	18	0	0	0	0	1	0	0	-1	50	18	0	0	-1	16
c8160	0	0	6	0	0	0	14	0	16	-1	22	10	10	0	0	-1	50	4	27	-1	0	12	0	0	-1	0	20	0	0	50
c8175	-1	16	0	0	27	0	26	0	16	0	-1	0	41	8	0	0	50	-1	0	-1	9	-1	26	0	-1	-1	0	0	0	-1
c8177	0	20	35	4	-1	-1	0	0	-1	-1	-1	-1	31	0	0	-1	0	0	-1	18	0	47	49	6	0	26	0	0	0	34
c8183	39	0	-1	-1	-1	-1	0	48	16	0	22	0	50	-1	-1	9	-1	0	27	0	29	12	0	-1	0	0	-1	0	0	50
c8211	-1	0	0	0	-1	0	27	-1	16	0	-1	0	0	0	8	-1	50	14	27	18	0	12	0	0	50	-1	-1	-1	0	50
c8214	0	-1	50	-1	21	-1	0	16	16	-1	22	50	0	0	24	9	50	-1	27	0	0	12	0	0	34	0	-1	-1	0	-1
c8215	0	0	50	-1	-1	-1	0	16	16	-1	22	-1	-1	0	24	9	-1	-1	27	0	0	12	0	-1	34	0	-1	0	0	50
c8247	0	0	-1	0	0	0	-1	48	46	0	0	0	0	-1	0	-1	0	-1	20	0	1	11	0	-1	50	0	-1	0	0	5
c8262	0	20	-1	4	-1	0	0	0	0	-1	0	-1	31	0	20	-1	0	24	-1	18	0	0	49	-1	-1	26	-1	0	0	34
c8272	-1	1	0	-1	22	47	0	-1	-1	20	41	50	0	0	0	26	-1	-1	40	0	38	-1	0	-1	46	0	0	-1	0	0
c8287	0	0	0	0	0	0	-1	48	-1	0	0	0	50	22	0	0	9	0	-1	-1	1	0	0	0	50	0	10	0	0	17
c8312	18	0	50	0	-1	0	0	50	0	-1	12	20	31	-1	0	-1	0	0	-1	-1	-1	0	0	0	-1	-1	0	0	0	34
c8322	0	-1	0	0	0	0	-1	21	16	0	41	-1	39	-1	0	-1	50	20	40	31	38	-1	0	3	46	13	0	0	-1	0
c8329	0	42	-1	0	0	0	-1	48	0	0	0	0	-1	22	-1	-1	0	0	12	-1	1	34	0	-1	50	27	0	0	35	-1
c8333	-1	9	0	0	27	0	-1	-1	16	48	41	0	41	8	0	0	-1	0	-1	0	9	48	26	39	-1	0	0	-1	0	-1
c8344	12	0	0	0	-1	27	18	0	16	-1	22	0	-1	0	0	9	-1	0	27	0	29	12	0	-1	-1	-1	20	0	0	50
c8392	-1	23	0	-1	-1	19	-1	48	-1	-1	-1	-1	-1	22	-1	-1	47	-1	48	1	1	-1	35	0	-1	0	0	0	0	-1
c8401	0	0	35	-1	-1	-1	0	0	0	0	0	20	31	0	5	0	0	0	-1	-1	0	33	0	0	-1	26	20	0	0	-1
c8410	16	6	-1	-1	35	-1	-1	48	-1	0	41	0	0	-1	0	-1	-1	0	0	13	-1	0	0	-1	-1	0	0	39	-1	0
c8438	0	42	1	6	0	-1	-1	48	0	0	39	0	-1	22	0	0	18	0	0	0	-1	0	0	-1	-1	45	0	0	0	23
c8457	-1	0	16	44	0	-1	22	-1	16	1	0	-1	47	47	20	-1	50	14	10	0	0	0	0	0	0	0	42	0	0	27
c8475	18	28	50	10	0	0	0	0	0	-1	-1	20	-1	0	0	0	0	1	-1	-1	0	0	0	0	0	-1	0	0	0	-1
c8489	28	0	35	0	-1	0	27	0	16	0	22	0	0	0	0	-1	50	14	27	0	0	-1	35	0	0	18	20	0	-1	50
c8490	20	-1	-1	0	32	24	-1	-1	0	50	48	0	14	-1	-1	47	22	0	0	25	1	-1	-1	11	50	0	-1	-1	22	24
c8501	-1	42	0	0	0	12	-1	48	0	27	4	0	-1	22	0	-1	0	0	-1	12	-1	50	0	-1	50	0	0	0	0	23
c8515	0	26	0	0	12	0	0	29	16	24	41	0	35	0	0	-1	50	45	0	0	-1	0	-1	0	46	0	46	-1	0	0
c8520	0	0	0	0	32	-1	22	18	23	0	3	0	14	22	0	10	0	-1	0	25	1	0	-1	18	-1	50	0	0	0	24
c8527	0	23	46	0	-1	10	-1	48	-1	-1	0	-1	-1	22	-1	-1	0	0	-1	0	1	0	0	0	50	0	-1	16	-1	1
c8531	0	0	0	20	0	0	0	0	0	27	28	-1	31	0	0	1	-1	0	-1	-1	0	0	-1	-1	0	-1	50	-1	-1	34
c8554	13	0	0	0	0	-1	0	0	16	0	22	0	48	0	-1	-1	50	14	27	0	29	12	0	0	-1	0	20	-1	0	50
c8575	0	0	0	20	-1	50	0	50	0	-1	28	20	31	22	0	1	0	12	-1	18	-1	0	48	-1	0	26	14	18	0	34
c8577	18	28	-1	0	-1	0	0	0	-1	-1	16	20	31	-1	0	0	0	-1	-1	-1	-1	0	0	-1	20	0	10	39	0	34
c8599	0	0	50	0	0	39	0	-1	16	12	-1	0	0	0	0	9	50	-1	27	38	49	12	-1	0	34	0	-1	0	0	50
c8604	0	0	-1	0	-1	0	-1	0	16	24	41	31	0	0	0	0	50	0	0	-1	0	-1	0	-1	46	0	0	20	13	0
c8621	0	0	-1	-1	0	-1	-1	-1	0	0	0	0	-1	22	50	0	13	18	-1	-1	-1	39	0	43	50	-1	-1	0	0	0
c8650	18	0	50	-1	0	0	0	50	0	-1	12	-1	31	-1	-1	0	0	0	-1	-1	0	0	0	0	0	0	0	0	0	34
c8657	18	28	-1	10	0	0	0	0	0	-1	0	20	31	0	-1	0	0	1	-1	-1	0	0	0	0	0	0	0	0	0	34
c8674	0	50	9	0	-1	0	-1	0	0	0	0	20	31	3	0	0	-1	-1	-1	18	0	-1	48	0	0	-1	0	18	-1	34
c8677	0	0	-1	0	0	40	-1	48	0	-1	0	1	-1	22	-1	18	0	50	0	0	1	-1	0	20	50	18	50	0	0	20
c8692	48	0	40	0	-1	23	11	-1	-1	10	50	-1	0	46	49	0	12	50	-1	18	10	0	10	-1	-1	0	-1	0	0	34
c8711	32	0	36	0	48	0	-1	48	0	0	0	0	-1	22	0	0	0	0	0	0	-1	0	0	0	50	-1	0	-1	-1	22
c8717	0	0	0	0	-1	40	-1	48	-1	0	0	1	-1	22	-1	-1	0	-1	0	0	1	-1	0	-1	50	18	50	0	0	20
c8718	0	-1	0	0	-1	9	0	0	0	8	-1	20	31	-1	-1	0	50	-1	-1	18	0	-1	48	0	0	-1	20	18	-1	-1
c8721	46	0	0	0	-1	0	-1	50	0	-1	22	50	-1	0	13	0	48	-1	-1	14	0	0	-1	0	0	35	41	0	50	18
c8722	0	-1	-1	0	0	0	-1	48	46	-1	50	0	-1	22	0	0	0	0	0	16	1	0	18	-1	50	0	-1	27	0	0
c8737	0	42	-1	41	0	0	-1	48	0	0	-1	17	-1	22	-1	0	0	-1	0	-1	1	-1	0	0	-1	0	10	0	21	23
c8776	-1	0	-1	0	32	24	-1	-1	23	12	0	-1	14	-1	0	28	0	0	0	25	-1	0	0	18	-1	0	0	0	0	-1
c8783	0	23	46	0	-1	10	-1	48	-1	0	0	0	-1	22	0	-1	0	0	0	0	1	0	-1	0	50	0	0	16	0	1
c8791	18	28	50	0	0	-1	0	0	-1	-1	0	20	31	0	0	0	0	1	-1	-1	-1	0	-1	0	20	0	0	-1	0	-1
c8798	10	-1	40	0	-1	23	11	0	17	-1	-1	0	9	-1	0	0	-1	-1	0	18	10	0	0	-1	27	0	-1	0	0	34
c8799	10	-1	40	0	0	-1	11	0	17	-1	50	0	9	-1	0	0	-1	0	0	18	10	0	0	-1	27	0	-1	0	0	34
c8804	18	0	50	16	0	0	-1	23	0	45	0	20	-1	-1	0	0	0	-1	-1	-1	0	-1	0	0	0	-1	0	0	12	34
c8820	-1	23	0	-1	0	0	-1	48	-1	-1	10	-1	-1	22	-1	-1	-1	0	0	1	-1	0	-1	0	50	0	0	-1	12	0
c8821	50	23	-1	-1	0	0	-1	48	-1	0	10	27	-1	22	0	-1	0	0	-1	1	-1	0	-1	-1	50	0	0	10	-1	0
c8825	18	-1	50	16	0	-1	23	23	0	-1	0	20	-1	0	0	0	0	0	-1	-1	-1	0	0	-1	0	-1	-1	9	0	-1
c8828	18	0	50	0	0	-1	0	0	0	-1	0	20	31	0	-1	-1	0	-1	-1	-1	0	0	0	0	0	0	50	10	50	34
c8829	-1	0	50	0	-1	-1	0	0	0	-1	-1	20	31	0	0	0	0	-1	-1	-1	0	-1	-1	0	0	0	50	10	50	34
c8830	31	-1	0	0	12	0	12	-1	16	24	41	0	4	6	-1	34	50	0	0	-1	0	-1	0	27	46	-1	0	-1	0	0
c8831	31	0	0	-1	12	0	-1	-1	16	-1	41	-1	4	0	0	-1	50	0	0	0	0	-1	0	27	46	0	0	20	0	0
c8849	0	42	0	21	10	0	-1	48	35	0	0	0	-1	22	5	0	0	0	0	-1	1	0	0	27	-1	1	0	0	0	23
c8850	-1	0	0	-1	0	0	-1	-1	21	0	0	50	50	-1	0	0	39	0	20	0	-1	-1	0	0	1	35	41	22	50	18
c8861	16	0	-1	-1	35	-1	-1	48	46	0	41	0	0	-1	-1	-1	0	0	0	0	1	49	0	-1	-1	0	0	0	0	0
c8862	-1	0	35	4	0	0	32	0	0	-1	0	-1	31	0	16	0	-1	-1	-1	18	-1	0	49	0	0	26	16	0	-1	34
c8867	20	-1	-1	0	32	24	0	45	-1	-1	48	0	14	22	0	47	22	0	-1	25	1	0	0	0	50	0	8	0	39	24
c8889	0	-1	0	21	10	20	-1	48	35	0	0	50	-1	22	5	0	-1	-1	0	-1	-1	0	0	27	50	0	0	-1	0	-1
c8903	0	0	-1	0	0	0	-1	23	0	-1	0	50	-1	0	0	0	0	0	20	14	-1	27	0	-1	0	35	-1	0	-1	-1
c8912	-1	27	0	0	0	-1	0	0	16	-1	22	-1	-1	-1	0	-1	-1	4	27	0	0	12	-1	32	35	-1	-1	-1	0	50
c8956	0	22	50	0	-1	24	50	0	12	50	0	-1	-1	22	5	10	0	0	41	25	1	0	0	-1	-1	0	-1	0	27	24
c8970	27	1	16	0	0	10	0	26	-1	0	-1	-1	0	0	0	-1	50	21	6	-1	0	0	10	0	0	0	0	0	10	0
c8972	-1	50	27	0	13	0	8	-1	0	0	46	-1	31	-1	-1	0	23	39	-1	-1	-1	0	48	0	-1	26	0	-1	0	34
c9019	0	42	0	0	0	0	-1	48	48	0	0	0	-1	22	-1	0	-1	0	12	-1	1	34	0	-1	50	27	-1	0	35	23
c9021	50	23	0	-1	0	0	-1	48	-1	0	10	27	-1	22	0	-1	0	0	-1	1	1	16	-1	35	-1	0	0	0	12	-1
c9024	0	0	27	0	32	-1	-1	-1	21	24	-1	50	-1	0	0	13	0	0	20	0	0	10	0	0	0	35	41	0	50	18
c9026	35	20	18	0	0	-1	-1	48	46	4	-1	0	14	22	0	0	0	0	-1	18	1	0	0	-1	50	-1	0	0	0	0
c9033	27	1	-1	0	0	0	8	26	-1	0	-1	20	0	0	0	0	50	21	-1	-1	0	0	10	0	0	0	0	0	10	0
c9035	39	14	-1	0	0	-1	-1	0	17	10	50	-1	0	0	0	-1	12	50	-1	18	10	19	-1	-1	-1	0	-1	26	0	34
c9037	0	32	-1	-1	-1	0	-1	48	0	-1	0	0	-1	-1	-1	-1	0	-1	46	32	1	0	-1	20	50	18	50	6	0	39
c9041	27	0	16	50	25	0	0	50	-1	0	-1	-1	0	50	-1	0	50	-1	0	0	0	0	10	0	-1	0	0	0	10	0
c9058	16	0	-1	-1	-1	0	-1	48	46	0	41	0	0	-1	-1	-1	-1	0	-1	0	-1	0	0	-1	50	0	0	-1	0	0
c9083	12	32	0	-1	0	0	-1	-1	0	-1	-1	0	0	-1	35	0	0	-1	0	49	-1	42	-1	20	50	18	-1	6	10	39
c9108	0	-1	0	0	12	0	12	0	16	24	41	-1	0	0	0	34	50	0	0	0	22	0	-1	-1	-1	0	0	20	0	0
c9147	32	0	0	0	0	0	-1	48	0	18	0	0	-1	22	0	-1	-1	0	-1	0	1	0	0	-1	50	0	0	50	-1	0
c9158	0	16	-1	0	-1	0	-1	48	-1	0	0	0	10	-1	0	-1	0	0	-1	2	1	-1	0	-1	50	48	0	3	0	0
c9181	23	-1	-1	0	9	12	-1	48	-1	27	0	0	-1	22	0	-1	0	0	0	-1	-1	50	0	0	50	14	-1	0	0	23
c9201	0	0	0	-1	0	0	0	0	16	0	22	-1	-1	28	0	9	50	4	27	-1	0	12	0	0	35	-1	20	-1	0	50
c9208	50	-1	0	0	-1	-1	-1	48	-1	-1	0	0	-1	22	0	-1	47	-1	48	1	1	-1	35	0	50	-1	50	0	0	-1
c9212	0	0	0	-1	0	0	0	0	16	0	22	-1	0	0	0	9	50	4	-1	0	0	12	-1	0	35	-1	20	0	0	50
c9221	-1	0	0	-1	10	0	-1	-1	-1	-1	0	50	-1	0	10	0	0	22	-1	0	0	-1	0	31	0	35	41	-1	50	18
c9227	32	-1	0	0	48	0	-1	48	0	0	0	0	0	22	0	0	0	-1	0	0	1	0	39	0	50	0	0	0	0	0
c9238	0	-1	0	50	-1	0	8	0	0	19	18	20	31	0	0	0	-1	19	-1	18	0	0	48	0	0	26	0	18	0	34
c9252	-1	14	0	1	-1	-1	-1	48	0	24	0	50	0	22	-1	0	0	0	-1	-1	1	0	0	0	-1	27	0	0	0	-1
c9297	-1	0	40	-1	9	13	11	-1	17	-1	50	0	16	-1	0	0	-1	0	0	18	48	50	0	-1	50	-1	-1	0	0	34
c9298	0	42	0	18	0	-1	-1	48	0	-1	0	0	-1	-1	-1	0	0	-1	12	0	1	-1	0	-1	50	-1	0	0	0	-1
c9321	0	-1	0	13	13	-1	8	0	0	-1	0	20	-1	-1	12	0	0	0	-1	18	14	-1	48	0	0	-1	0	18	0	34
c9327	0	-1	0	-1	32	24	0	0	50	-1	48	0	14	22	0	-1	39	0	0	25	1	27	-1	1	50	0	14	0	-1	-1
c9351	-1	0	50	-1	-1	0	50	0	16	0	22	0	0	-1	0	9	50	-1	27	19	0	12	0	0	-1	-1	20	-1	27	-1
c9356	-1	42	12	-1	0	0	-1	48	0	0	0	10	-1	22	0	0	0	-1	-1	48	-1	48	-1	0	50	-1	0	0	0	23
c9377	12	0	36	0	-1	24	21	0	-1	0	0	-1	-1	22	0	0	0	0	-1	25	1	0	0	0	50	0	0	-1	0	24
c9396	35	0	-1	0	0	0	-1	48	46	0	0	17	0	22	0	0	5	0	0	20	1	0	0	-1	50	-1	-1	0	-1	48
c9430	32	0	0	0	-1	0	-1	48	0	10	0	0	27	22	0	-1	0	0	0	-1	1	0	-1	-1	50	-1	-1	-1	0	-1
c9434	-1	42	-1	0	0	0	-1	48	0	0	0	0	-1	22	5	18	0	0	0	-1	1	0	27	50	50	0	0	0	-1	-1
c9443	-1	28	50	10	0	0	0	0	-1	-1	0	-1	31	0	-1	0	0	1	-1	-1	0	0	0	0	0	0	0	0	-1	34
c9447	50	23	26	0	-1	19	-1	48	-1	0	0	0	-1	22	0	-1	0	-1	0	-1	1	0	0	-1	-1	0	3	-1	0	50
c9473	0	-1	0	0	-1	0	27	-1	16	0	22	-1	0	-1	0	-1	50	14	27	0	0	12	0	0	0	-1	20	48	0	-1
c9495	27	1	16	0	0	0	0	26	16	-1	-1	20	0	23	0	-1	50	0	0	12	0	27	10	0	0	0	0	-1	10	0
c9500	43	42	0	1	5	0	-1	48	0	-1	0	0	-1	22	0	0	0	0	22	48	1	0	0	0	50	0	14	-1	10	23
c9515	28	0	-1	0	-1	0	-1	0	16	-1	22	0	0	0	-1	9	50	14	27	0	0	12	35	0	0	18	20	0	-1	50
c9526	0	0	50	-1	0	28	11	-1	16	0	-1	50	0	-1	0	9	50	-1	27	0	0	12	-1	0	34	0	-1	0	0	50
c9568	-1	0	-1	50	0	0	50	0	16	0	22	0	27	0	0	9	50	-1	27	-1	0	12	0	0	34	-1	20	0	27	50
c9581	10	0	40	-1	0	13	11	0	17	16	50	0	16	0	0	0	12	0	0	18	14	27	0	-1	16	35	-1	0	0	-1
c9596	0	0	-1	0	0	6	0	0	16	0	22	-1	27	0	0	9	50	4	27	0	0	12	-1	0	35	-1	20	0	0	50
c9600	27	0	16	-1	-1	19	-1	13	16	0	0	20	0	0	-1	0	50	50	-1	0	-1	20	10	-1	-1	0	12	0	10	-1
c9648	0	0	50	-1	0	-1	0	-1	16	0	22	-1	0	0	24	9	50	-1	27	0	0	12	0	0	34	0	-1	0	-1	50
c9654	32	0	0	-1	-1	0	-1	48	0	-1	48	0	0	-1	0	0	48	0	5	0	-1	0	0	0	50	-1	0	0	0	0
c9685	0	0	50	0	0	39	0	6	16	0	-1	0	0	0	-1	9	-1	-1	27	38	49	12	-1	0	34	0	20	0	0	-1
c9733	23	42	-1	0	0	12	-1	48	0	27	0	-1	-1	-1	0	0	0	27	0	-1	1	50	-1	12	50	14	50	0	0	23
c9734	18	0	50	0	-1	0	0	50	0	-1	0	-1	31	-1	0	0	-1	0	-1	-1	48	0	-1	0	10	38	0	-1	0	-1
c9749	50	0	40	0	0	23	11	0	17	10	-1	-1	17	0	0	0	12	0	22	-1	10	-1	-1	-1	-1	-1	-1	0	0	34
c9775	0	-1	0	0	0	0	-1	48	0	0	0	1	0	22	-1	18	0	-1	0	0	1	0	-1	-1	50	18	0	0	0	0
c9797	18	0	50	22	-1	0	0	0	0	-1	0	-1	-1	40	0	-1	0	0	-1	-1	0	0	0	0	10	0	-1	22	0	34
c9805	27	1	16	0	0	0	0	26	-1	0	-1	20	0	0	48	0	-1	50	-1	10	0	0	10	0	34	0	0	0	10	0
c9815	-1	-1	50	0	-1	-1	0	50	0	-1	12	-1	31	-1	0	0	0	0	-1	-1	-1	-1	0	-1	0	-1	0	0	0	-1
c9826	18	50	50	16	0	0	48	-1	0	45	-1	20	-1	48	0	0	0	0	-1	-1	0	-1	0	0	-1	-1	0	0	0	-1
c9833	0	0	0	38	0	0	-1	48	-1	-1	8	10	6	22	-1	0	-1	39	-1	40	1	39	0	43	50	0	0	0	0	0
c9837	0	0	-1	0	-1	0	-1	-1	46	0	0	0	0	-1	0	-1	0	0	5	-1	1	41	22	-1	50	-1	-1	-1	0	0
c9845	0	0	-1	0	32	-1	0	35	0	0	48	0	14	22	0	47	0	0	0	-1	1	0	0	-1	50	-1	5	0	0	24
c9848	18	28	50	-1	0	0	35	50	0	-1	0	20	31	0	0	0	0	1	-1	-1	0	-1	0	-1	0	-1	-1	0	-1	34
c9866	0	0	50	-1	0	-1	0	16	16	0	22	50	0	0	24	9	50	-1	27	0	0	12	0	0	34	0	-1	0	0	-1
c9873	-1	0	-1	22	12	0	0	0	-1	24	41	0	0	0	-1	0	-1	0	0	0	-1	0	-1	0	46	0	0	20	13	0
c9907	22	0	0	39	27	6	-1	0	0	0	0	50	-1	24	27	0	45	0	20	-1	48	22	48	-1	50	-1	41	-1	-1	5
c9913	13	32	0	-1	-1	0	-1	48	0	0	-1	48	0	-1	35	0	0	0	0	0	1	-1	-1	20	50	18	-1	6	0	39
c9918	-1	-1	0	0	-1	0	27	0	16	0	22	0	0	41	35	9	50	14	-1	0	-1	12	50	-1	0	-1	-1	0	0	50
c9919	0	-1	-1	0	-1	-1	27	0	-1	0	22	0	0	41	35	9	50	14	27	-1	0	12	50	-1	0	0	-1	0	0	50
c9941	-1	23	-1	0	46	26	-1	48	-1	-1	-1	0	-1	22	0	-1	48	0	0	0	-1	0	50	0	50	0	0	16	27	0
c9975	0	-1	35	-1	0	0	26	0	0	20	43	20	31	0	-1	0	0	0	-1	18	0	-1	0	50	-1	26	-1	0	0	-1
c10024	0	0	-1	-1	-1	24	10	-1	12	-1	20	-1	-1	22	8	-1	39	0	-1	-1	1	0	0	-1	50	0	0	0	0	24
c10034	18	0	50	0	39	-1	0	0	-1	-1	26	20	31	-1	0	24	0	-1	-1	-1	0	0	-1	0	0	0	0	0	0	34
c10039	35	0	0	0	-1	0	-1	48	46	0	-1	1	-1	22	0	0	5	26	0	8	-1	-1	0	-1	50	46	5	39	0	-1
c10047	35	0	0	26	0	12	-1	-1	46	0	0	0	27	22	0	12	26	0	22	0	1	-1	0	-1	50	0	0	45	0	-1
c10063	-1	0	0	0	0	0	-1	48	0	18	0	0	0	22	-1	-1	0	0	-1	39	1	22	0	50	50	0	0	50	0	0
c10066	0	42	0	27	0	0	-1	48	0	0	50	0	-1	22	5	0	13	0	0	-1	1	14	0	0	50	0	18	6	50	23
c10067	0	-1	0	27	0	-1	-1	48	0	0	-1	0	-1	-1	-1	0	13	0	0	-1	-1	14	0	0	50	29	-1	6	-1	23
c10077	-1	-1	0	0	35	0	-1	0	6	16	-1	50	-1	33	0	-1	-1	0	20	-1	0	0	0	0	-1	35	41	-1	50	18
c10094	0	0	-1	0	12	0	-1	0	16	24	41	31	-1	0	0	22	50	0	-1	0	0	0	-1	0	46	0	-1	20	13	0
c10099	0	42	22	6	0	0	-1	48	13	0	39	-1	-1	22	0	0	18	0	-1	0	1	0	50	50	50	-1	0	0	24	23
c10107	-1	-1	-1	0	0	0	-1	48	-1	0	0	-1	-1	22	0	-1	48	0	0	0	1	0	0	0	50	0	0	16	27	0
c10109	20	-1	-1	0	-1	-1	0	0	0	0	48	0	14	22	-1	-1	22	0	-1	25	1	0	50	0	-1	0	0	-1	0	24
c10113	0	0	40	9	12	23	11	0	17	10	50	-1	0	0	-1	0	-1	0	27	18	10	-1	0	-1	0	0	-1	0	0	34
c10115	0	0	0	20	0	0	24	0	0	27	28	20	31	0	-1	1	0	0	-1	18	0	-1	48	-1	0	26	50	18	-1	34
c10117	-1	1	-1	0	0	0	0	0	16	-1	41	0	-1	0	0	26	50	-1	40	-1	38	0	0	0	-1	0	0	0	11	0
c10149	-1	0	0	50	0	24	-1	0	0	12	23	50	50	0	0	35	-1	0	20	14	0	0	0	0	0	35	41	0	50	18
c10159	0	42	0	0	0	-1	-1	48	0	-1	0	0	-1	22	5	6	0	-1	0	-1	1	0	-1	50	50	-1	0	0	0	23
c10170	-1	49	0	-1	27	0	0	0	-1	0	41	12	41	0	0	1	50	-1	24	0	0	-1	26	0	46	0	0	0	-1	-1
c10175	0	-1	0	23	0	0	-1	48	46	-1	39	-1	-1	22	-1	0	18	26	-1	0	1	0	8	-1	50	0	14	-1	0	23
c10177	-1	4	-1	-1	0	50	14	0	16	10	-1	0	0	0	0	50	50	-1	0	0	-1	0	0	0	-1	0	0	0	0	0
c10180	0	23	-1	-1	0	34	-1	-1	-1	44	0	0	-1	22	-1	-1	-1	0	0	0	1	0	0	5	50	-1	-1	-1	0	0
c10182	0	-1	-1	1	0	22	-1	48	0	0	0	10	-1	22	0	0	0	0	0	-1	1	0	0	-1	50	0	0	0	29	-1
c10192	-1	0	0	0	-1	0	-1	0	21	-1	0	50	50	0	0	0	-1	0	20	0	-1	-1	48	0	-1	35	41	0	50	18
c10200	0	0	-1	0	32	24	22	-1	-1	12	9	-1	14	-1	0	0	22	0	0	25	1	-1	0	18	-1	-1	0	-1	50	24
c10204	20	-1	0	0	32	24	-1	0	0	-1	48	0	14	22	-1	47	0	0	0	25	1	0	0	0	50	-1	0	27	0	24
c10234	0	-1	0	0	15	0	0	0	0	0	-1	20	31	-1	0	0	50	-1	-1	18	0	0	48	0	0	26	0	18	0	-1
c10243	22	1	33	14	0	0	-1	20	-1	0	41	-1	46	0	0	26	50	-1	0	0	-1	48	0	24	46	31	3	0	0	-1
c10249	0	1	-1	0	18	25	0	0	16	27	41	27	-1	0	-1	26	50	0	40	33	38	0	0	-1	46	0	-1	0	-1	0
c10258	0	0	5	0	0	0	-1	-1	0	21	0	50	-1	-1	-1	0	0	-1	20	14	0	27	0	-1	17	-1	41	-1	-1	18
c10261	18	0	50	16	32	0	0	23	0	-1	1	20	-1	0	16	0	0	-1	-1	-1	0	0	0	34	0	0	0	0	0	34
c10263	18	0	50	-1	0	-1	48	16	-1	-1	-1	20	-1	39	0	18	0	20	-1	-1	0	0	0	-1	0	-1	0	0	0	34
c10276	-1	0	40	0	0	23	11	0	17	-1	50	0	-1	50	50	0	-1	0	0	18	10	-1	0	-1	-1	-1	-1	-1	-1	34
c10282	0	0	35	4	16	-1	0	-1	-1	0	0	20	-1	0	-1	0	0	0	-1	18	0	-1	-1	0	0	26	22	0	-1	34
c10285	22	0	0	-1	17	-1	-1	0	27	0	-1	50	40	20	0	-1	0	0	20	50	-1	10	48	-1	0	0	41	0	-1	-1
c10294	0	0	35	0	0	0	-1	21	0	20	0	20	31	-1	-1	-1	-1	0	-1	-1	0	0	18	50	-1	26	0	0	0	-1
c10298	0	-1	40	0	0	23	-1	0	17	-1	50	39	-1	0	0	-1	12	0	0	18	10	0	-1	-1	0	41	-1	0	43	34
c10300	0	0	-1	0	2	0	-1	48	46	0	0	0	0	22	0	0	-1	0	0	0	1	0	0	-1	50	46	0	0	-1	17
c10315	18	0	50	-1	0	0	-1	23	0	45	0	20	-1	-1	-1	-1	-1	0	-1	-1	0	0	0	-1	0	0	0	0	0	34
c10328	0	0	21	0	32	24	22	0	23	0	0	0	-1	-1	0	10	0	-1	0	25	1	38	21	18	50	50	-1	23	-1	24
c10345	35	42	0	21	-1	0	-1	-1	35	0	0	-1	-1	22	-1	0	0	0	0	-1	-1	50	-1	-1	50	0	26	0	0	23
c10349	0	0	-1	0	12	47	-1	0	16	-1	41	31	0	0	0	0	-1	13	-1	0	0	0	0	-1	46	0	9	20	-1	0
c10368	-1	0	-1	48	-1	50	-1	-1	0	48	4	-1	40	-1	0	13	-1	-1	0	0	1	48	39	-1	-1	0	-1	-1	37	0
c10372	-1	0	0	0	-1	0	0	0	16	0	22	10	0	0	0	9	50	-1	27	0	0	-1	0	0	22	-1	20	0	0	50
c10389	-1	5	5	-1	10	0	-1	0	0	0	-1	50	-1	0	0	13	0	1	20	-1	0	-1	24	-1	0	35	41	0	50	-1
c10390	0	0	0	0	0	-1	0	0	0	0	0	-1	-1	-1	0	-1	-1	-1	-1	18	0	0	48	16	0	-1	50	18	0	34
c10406	18	50	50	16	0	0	48	23	0	45	0	20	-1	-1	0	10	0	-1	-1	-1	-1	-1	-1	0	13	-1	0	0	0	-1
c10410	0	-1	0	14	32	24	-1	0	50	-1	48	0	14	22	-1	47	0	0	0	-1	1	27	0	-1	50	0	-1	0	0	24
c10417	18	0	50	22	0	0	0	0	0	-1	0	-1	31	40	-1	-1	5	-1	-1	-1	0	0	0	0	0	0	17	22	0	34
c10451	-1	-1	-1	-1	32	24	0	0	0	0	48	-1	14	22	0	-1	0	22	0	25	1	0	0	0	-1	12	0	10	0	24
c10460	27	1	16	0	0	0	0	-1	-1	0	-1	20	0	0	48	0	50	0	1	0	0	0	-1	0	0	0	0	-1	10	0
c10461	27	1	-1	0	-1	0	0	26	-1	0	-1	20	0	-1	48	0	50	0	1	-1	0	0	10	0	0	0	0	0	10	0
c10466	0	1	10	0	0	0	0	0	16	0	41	0	0	0	0	26	50	0	-1	-1	38	0	0	0	46	0	0	-1	-1	0
c10477	-1	16	0	0	-1	0	-1	0	16	0	41	0	41	8	-1	0	50	0	0	0	9	48	26	0	46	-1	22	0	0	-1
c10484	27	0	-1	-1	44	-1	-1	-1	-1	23	0	50	-1	-1	0	0	-1	-1	20	14	0	1	0	0	0	35	41	0	-1	-1
c10490	0	38	-1	20	0	-1	12	0	0	0	0	20	31	-1	-1	10	0	39	-1	18	0	0	48	-1	39	26	0	18	0	-1
c10493	0	0	-1	0	-1	0	27	0	16	10	-1	-1	0	0	0	9	50	14	27	0	0	12	0	0	0	0	20	-1	17	50
c10496	0	1	0	14	0	0	-1	20	16	0	41	5	46	0	0	26	50	0	0	0	-1	0	0	24	46	-1	26	0	0	-1
c10512	-1	-1	0	0	32	24	0	0	0	-1	-1	0	14	-1	0	-1	-1	22	-1	25	1	-1	0	0	50	0	0	10	48	24
c10525	-1	1	0	0	0	47	32	0	-1	20	41	0	28	-1	-1	-1	50	0	40	0	-1	-1	35	0	46	20	-1	-1	0	-1
c10552	0	-1	0	14	32	24	0	0	19	0	-1	0	14	22	-1	47	0	0	-1	25	1	27	0	1	50	0	14	0	23	24
c10559	-1	4	-1	0	12	0	0	0	-1	-1	41	1	0	-1	0	0	-1	0	0	-1	0	-1	0	48	46	0	10	20	35	0
c10570	-1	-1	17	1	22	0	-1	48	0	0	1	0	-1	-1	-1	0	0	0	0	48	1	16	0	-1	50	-1	-1	0	12	23
c10573	-1	0	35	4	0	48	0	-1	40	0	-1	20	31	-1	-1	0	0	-1	-1	18	39	0	49	-1	0	26	0	0	35	34
c10592	35	42	0	21	0	0	-1	48	35	0	0	45	-1	22	-1	-1	0	0	0	-1	-1	0	0	-1	50	0	26	0	-1	23
c10616	18	0	50	-1	20	0	-1	23	0	49	0	20	31	-1	0	-1	-1	-1	-1	-1	0	0	22	14	0	20	0	0	0	34
c10620	27	1	16	0	0	-1	38	-1	-1	0	-1	20	-1	0	-1	0	50	21	0	0	0	0	10	0	0	21	0	-1	10	0
c10621	27	1	16	0	-1	22	38	26	16	0	-1	20	0	0	0	0	50	21	0	0	0	0	10	0	0	21	0	0	10	0
c10633	23	42	0	0	0	0	-1	48	16	27	0	23	-1	22	0	0	0	0	-1	0	1	-1	0	0	50	0	0	0	0	23
c10635	16	0	0	20	0	0	0	-1	48	0	-1	20	31	0	-1	10	0	-1	-1	18	0	0	48	-1	0	26	0	18	1	34
c10656	-1	0	36	0	-1	24	0	0	12	0	0	-1	14	22	0	-1	0	0	0	-1	1	-1	0	-1	50	0	0	0	-1	24
c10665	0	-1	0	0	12	0	0	0	16	24	41	0	-1	-1	0	-1	-1	0	0	0	0	0	0	0	46	0	-1	20	0	0
c10667	35	-1	0	0	0	0	-1	48	46	-1	0	0	0	22	-1	50	50	0	0	-1	-1	0	0	-1	-1	0	0	0	-1	-1
c10676	-1	-1	0	0	0	-1	-1	0	20	0	-1	50	50	-1	-1	0	-1	0	20	-1	12	20	0	0	20	35	41	-1	-1	18
c10685	0	42	0	0	0	0	-1	-1	35	0	-1	0	-1	22	5	0	-1	0	0	-1	1	-1	-1	0	50	0	0	0	0	23
c10693	18	45	-1	0	13	35	-1	48	46	0	50	-1	0	22	0	0	9	0	0	0	1	0	0	-1	50	0	0	27	0	-1
c10714	27	33	-1	-1	0	0	14	0	-1	-1	-1	0	-1	0	0	0	-1	3	44	0	0	-1	39	0	-1	0	0	0	0	0
c10722	16	0	-1	-1	35	0	-1	-1	46	0	-1	0	0	-1	-1	-1	-1	0	0	0	1	0	0	-1	-1	0	0	0	0	0
c10723	16	0	-1	-1	-1	0	-1	48	46	0	41	-1	0	-1	0	-1	0	0	-1	0	-1	0	0	-1	-1	0	0	-1	0	0
c10726	0	0	0	0	12	0	-1	0	16	24	41	-1	0	-1	0	16	50	0	0	16	0	-1	0	0	46	21	46	20	0	0
c10729	0	16	0	0	-1	22	26	0	16	0	41	0	41	8	-1	0	50	0	0	0	9	48	26	0	-1	-1	0	0	0	-1
c10737	0	42	-1	0	0	0	-1	48	-1	0	0	0	-1	22	-1	0	0	0	12	3	1	34	0	-1	50	-1	0	10	0	23
c10743	50	-1	0	-1	-1	-1	-1	48	-1	-1	0	20	-1	22	50	-1	0	-1	0	1	1	0	-1	16	50	0	0	0	-1	0
c10744	-1	-1	16	50	0	0	-1	50	-1	-1	0	-1	0	-1	-1	0	50	0	0	0	0	0	10	0	14	0	0	0	10	0
c10764	0	-1	0	20	0	-1	24	40	0	27	28	20	31	0	-1	1	0	0	-1	18	0	-1	48	-1	0	26	50	18	50	-1
c10768	0	0	-1	0	12	0	0	0	16	24	41	47	-1	0	0	16	50	0	0	16	0	0	0	0	46	21	46	20	0	0
c10779	0	0	-1	0	-1	0	20	-1	0	0	0	-1	31	-1	0	0	0	0	-1	18	0	-1	-1	44	-1	26	0	0	26	34
c10808	0	1	26	0	-1	0	0	0	16	27	41	0	0	0	20	26	50	34	40	33	38	0	0	0	46	0	-1	0	0	0
c10824	48	17	40	-1	0	23	-1	0	17	10	50	-1	0	0	49	0	12	50	0	18	10	0	39	-1	0	0	-1	0	0	34
c10828	0	0	0	0	-1	-1	27	48	-1	9	22	-1	0	-1	39	-1	50	14	27	0	0	12	0	0	50	0	20	0	-1	50
c10833	22	-1	33	-1	-1	0	0	20	16	0	41	-1	46	0	0	26	50	-1	-1	0	-1	-1	0	24	46	31	-1	0	0	-1
c10836	0	-1	-1	32	-1	23	-1	0	17	10	50	0	12	-1	0	-1	12	-1	0	18	10	0	0	-1	0	0	-1	48	-1	34
c10840	-1	-1	50	-1	-1	0	0	23	0	45	0	-1	-1	-1	0	0	0	0	-1	-1	0	48	0	0	-1	-1	0	0	0	34
c10855	32	0	0	0	48	-1	-1	-1	0	10	0	0	27	22	0	-1	0	0	-1	12	1	0	0	0	50	-1	-1	-1	0	0
c10864	18	0	-1	-1	20	0	0	23	0	-1	0	-1	31	0	-1	-1	0	-1	-1	-1	0	0	-1	14	-1	20	0	0	0	-1
c10895	13	0	0	-1	-1	0	0	0	0	-1	0	20	31	0	0	39	35	0	-1	18	12	-1	-1	-1	0	26	35	18	22	34
c10897	18	0	50	0	0	13	0	0	0	-1	0	20	31	13	-1	0	0	20	-1	-1	0	0	0	0	-1	14	0	50	0	34
c10932	18	0	-1	0	20	0	0	23	-1	0	0	20	-1	0	0	0	0	0	-1	-1	0	0	21	0	50	0	0	-1	0	34
c10936	-1	-1	0	0	-1	-1	0	0	16	0	-1	0	0	-1	0	-1	50	-1	-1	-1	38	0	0	0	-1	-1	0	0	11	-1
c10953	0	0	40	0	9	-1	-1	0	17	0	50	-1	-1	-1	1	0	12	0	22	18	-1	0	0	-1	0	-1	-1	0	0	34
c10954	-1	42	0	0	-1	0	-1	48	0	27	10	-1	-1	22	-1	-1	0	0	0	20	1	50	9	0	-1	0	0	0	26	23
c10957	32	-1	0	1	0	0	-1	-1	0	0	-1	0	0	22	17	0	0	0	-1	-1	1	0	-1	0	50	0	0	0	-1	0
c10964	18	28	50	3	0	0	0	0	0	-1	13	20	31	0	0	0	0	0	-1	-1	0	0	12	0	0	0	0	0	0	34
c10998	-1	-1	-1	22	0	0	-1	-1	0	-1	0	-1	-1	40	37	-1	0	0	-1	-1	0	0	-1	0	-1	0	0	22	0	34
c11046	0	42	0	1	-1	0	-1	48	-1	-1	-1	10	-1	22	0	-1	0	36	0	48	-1	-1	0	-1	50	-1	-1	0	0	23
c11047	0	42	0	1	0	0	-1	48	0	0	10	10	-1	22	0	0	0	0	0	48	-1	48	0	-1	-1	24	0	-1	0	23
c11052	48	0	40	0	-1	23	-1	0	17	10	50	-1	0	0	49	0	12	50	0	-1	10	0	-1	-1	0	27	-1	-1	0	34
c11067	0	-1	0	0	-1	24	0	0	-1	-1	48	0	-1	22	0	-1	0	22	0	25	-1	50	0	0	-1	0	16	0	50	24
c11097	0	0	-1	12	12	0	18	-1	16	24	41	0	0	-1	-1	0	50	0	0	-1	0	0	0	0	46	0	10	-1	13	0
c11110	0	0	27	12	-1	0	-1	0	-1	0	-1	-1	-1	0	0	0	0	24	20	0	-1	0	48	-1	0	0	41	0	50	0
c11115	0	-1	-1	48	-1	24	0	0	50	0	48	0	-1	22	-1	47	27	0	0	-1	-1	27	18	1	50	0	14	0	-1	-1
c11117	0	-1	0	40	-1	0	0	0	-1	8	-1	20	-1	0	0	0	50	-1	-1	18	-1	0	48	0	0	26	0	18	39	34
c11124	32	0	0	1	0	-1	-1	48	0	0	48	0	0	22	0	0	0	0	5	0	1	-1	23	0	50	27	0	0	0	0
c11134	32	50	-1	1	0	0	-1	48	0	0	0	0	0	22	0	0	0	0	5	0	1	-1	0	0	50	0	0	0	-1	0
c11150	-1	28	50	10	0	0	0	0	0	-1	0	-1	31	0	0	0	-1	1	-1	-1	0	0	0	0	0	0	0	0	0	-1
c11166	0	-1	0	21	0	0	-1	-1	0	0	9	19	-1	22	-1	0	0	50	0	-1	1	34	0	-1	50	0	0	0	22	-1
c11169	18	-1	50	0	0	0	0	0	0	-1	0	20	31	13	-1	0	0	13	-1	-1	-1	50	24	0	0	0	0	50	0	34
c11182	18	0	50	0	20	0	0	23	0	35	0	-1	31	10	0	48	0	19	-1	-1	0	20	22	3	0	0	0	0	0	34
c11197	18	0	50	2	-1	-1	0	23	0	0	0	20	-1	0	-1	0	0	-1	-1	-1	0	1	0	-1	0	45	0	0	0	34
c11209	0	1	0	-1	0	0	0	20	16	0	41	0	46	33	0	26	50	-1	0	-1	-1	-1	0	24	46	31	0	0	0	-1
c11214	0	0	36	0	-1	24	-1	0	12	0	0	-1	14	-1	0	0	0	0	0	25	1	0	0	0	50	0	0	0	0	24
c11225	48	0	40	-1	0	23	11	0	17	10	50	0	0	0	49	0	12	50	0	18	10	0	-1	-1	0	0	-1	0	0	34
c11226	27	-1	-1	0	32	24	0	0	0	-1	48	0	14	22	0	47	0	22	0	25	-1	-1	0	0	50	-1	16	0	50	24
c11227	-1	-1	0	0	-1	24	0	0	0	0	-1	0	14	22	0	47	0	22	0	25	1	0	0	-1	50	0	16	0	50	24
c11234	0	38	0	20	0	0	-1	0	0	0	0	-1	31	0	-1	-1	0	0	-1	-1	-1	0	-1	-1	0	26	0	-1	0	34
c11258	18	0	50	0	20	-1	0	23	0	0	0	20	-1	-1	0	0	0	0	-1	-1	-1	-1	21	-1	50	0	0	0	0	-1
c11271	-1	40	-1	-1	0	0	-1	0	0	20	0	-1	31	0	0	0	0	0	-1	18	16	0	-1	0	-1	26	0	0	10	34
c11274	50	-1	0	-1	-1	0	-1	48	-1	0	-1	27	-1	22	-1	-1	20	-1	0	1	1	0	-1	0	50	0	0	0	12	0
c11276	-1	-1	0	0	-1	19	-1	48	-1	0	0	0	-1	22	46	-1	0	-1	0	1	1	0	39	0	-1	0	0	0	0	0
c11284	23	42	0	-1	0	-1	-1	48	-1	27	-1	0	-1	22	-1	-1	-1	0	0	32	1	50	0	0	50	0	0	0	0	23
c11288	0	12	-1	-1	12	1	0	0	16	24	41	0	-1	50	0	0	-1	46	0	0	-1	-1	0	0	46	-1	10	-1	13	0
c11291	18	0	50	0	20	0	0	23	-1	0	0	-1	-1	0	-1	0	46	0	-1	-1	-1	0	21	-1	50	0	0	0	0	34
c11299	32	-1	0	-1	-1	-1	-1	48	0	0	4	0	40	-1	0	13	0	0	49	0	-1	48	0	8	-1	0	1	-1	37	0
c11301	0	0	-1	38	-1	0	-1	48	0	0	0	-1	-1	22	50	-1	0	39	-1	-1	1	39	0	-1	50	0	0	0	0	0
c11314	35	0	22	-1	0	0	-1	-1	46	0	50	1	14	22	28	0	5	26	0	-1	-1	0	0	-1	50	46	0	-1	0	0
c11315	35	0	22	0	0	-1	-1	48	-1	5	-1	1	14	22	28	0	5	26	0	-1	-1	0	0	-1	50	46	0	39	0	0
c11316	18	0	50	0	-1	0	48	23	-1	35	0	20	31	-1	-1	0	-1	19	-1	-1	0	-1	22	0	-1	-1	0	0	0	34
c11317	18	0	50	0	-1	-1	48	-1	0	35	0	20	-1	-1	0	0	0	19	-1	-1	-1	20	22	0	0	0	0	0	0	34
c11327	0	0	40	0	0	23	11	0	17	10	50	0	48	0	-1	-1	-1	0	-1	18	10	0	-1	-1	-1	50	-1	0	0	34
c11329	32	0	0	0	0	-1	-1	48	0	0	0	-1	-1	22	0	10	0	0	5	0	1	0	-1	0	50	-1	0	-1	-1	50
c11348	-1	18	0	-1	0	50	-1	-1	0	0	0	0	0	22	0	-1	-1	0	5	0	1	22	20	0	50	21	0	20	0	-1
c11354	39	-1	-1	-1	22	23	-1	0	17	10	50	0	0	0	0	0	12	40	-1	18	10	-1	0	-1	14	0	-1	0	0	34
c11367	18	28	50	0	0	0	10	0	0	-1	0	-1	-1	0	0	0	1	0	-1	-1	0	0	-1	0	0	0	0	0	0	34
c11385	0	42	-1	-1	0	0	-1	48	35	0	-1	-1	-1	22	5	0	-1	0	0	-1	1	0	-1	-1	50	0	18	0	0	23
c11409	0	0	0	20	0	0	0	-1	0	27	28	20	-1	0	0	-1	-1	-1	-1	18	0	-1	-1	-1	0	26	50	18	0	34
c11415	27	1	16	0	0	0	-1	26	-1	-1	-1	-1	0	23	0	0	50	0	0	0	0	27	10	0	0	-1	0	-1	10	0
c11434	0	-1	-1	0	-1	-1	0	-1	0	14	48	0	14	22	0	47	0	0	0	-1	-1	27	-1	1	50	0	14	0	0	24
c11437	50	23	50	-1	0	0	-1	48	-1	0	0	0	-1	22	0	-1	0	0	0	1	-1	0	46	0	50	35	0	0	0	-1
c11440	0	48	-1	38	0	0	-1	48	0	0	0	0	6	22	50	0	0	-1	-1	-1	-1	39	0	43	50	0	0	0	0	0
c11454	-1	0	0	-1	27	6	-1	0	0	0	22	-1	-1	0	27	0	-1	-1	-1	50	0	22	48	-1	0	-1	41	0	50	0
c11457	0	0	0	20	-1	0	-1	0	0	-1	0	20	31	0	-1	10	0	39	-1	18	0	0	48	-1	39	26	0	-1	0	34
c11472	0	0	35	0	0	0	0	0	0	20	0	-1	-1	-1	-1	14	0	-1	-1	18	0	0	0	0	-1	26	0	0	46	34
c11484	-1	-1	27	0	0	27	0	21	16	0	-1	0	-1	0	0	26	50	-1	0	0	38	10	0	-1	46	0	-1	0	0	0
c11487	0	16	-1	0	-1	-1	26	0	16	0	41	0	41	8	0	0	50	0	0	0	-1	48	26	0	46	0	0	0	0	-1
c11502	18	0	50	0	20	0	0	-1	-1	0	-1	-1	-1	0	0	0	0	0	-1	-1	0	0	0	-1	50	0	-1	0	0	34
c11503	18	0	50	0	20	0	0	23	0	0	-1	20	-1	0	0	0	0	0	-1	-1	0	-1	0	46	50	0	-1	0	0	34
c11504	18	-1	50	0	-1	0	0	48	-1	-1	0	20	31	40	0	0	0	0	-1	-1	-1	0	14	0	0	0	0	22	0	34
c11510	18	0	-1	16	0	0	-1	23	-1	0	0	20	-1	0	0	0	23	0	-1	-1	12	0	0	0	0	0	0	0	0	34
c11514	0	0	0	0	27	-1	-1	-1	16	0	41	0	41	0	0	0	50	0	0	0	0	-1	26	46	46	0	0	0	0	-1
c11526	-1	-1	-1	0	-1	0	-1	48	35	0	0	14	-1	22	-1	0	0	0	0	-1	1	0	0	39	50	0	18	0	0	23
c11550	0	0	40	-1	0	-1	11	0	-1	0	-1	0	16	-1	18	0	12	-1	38	18	-1	0	35	-1	0	0	-1	0	0	34
c11561	-1	-1	10	-1	0	-1	-1	48	46	0	0	-1	14	22	0	0	0	22	0	-1	1	0	0	-1	-1	0	-1	0	50	0
c11563	-1	0	0	-1	-1	-1	27	0	16	-1	22	-1	47	0	0	9	50	14	27	46	0	12	-1	0	0	0	-1	18	0	50
c11569	-1	50	0	13	13	0	8	0	0	0	0	20	31	0	12	0	0	-1	-1	18	24	-1	48	0	0	-1	0	18	0	34
c11588	-1	50	27	0	13	0	8	0	0	0	-1	-1	31	0	-1	0	23	39	-1	18	0	0	-1	0	-1	26	14	18	0	34
c11589	46	50	27	0	13	0	8	0	0	0	0	20	31	-1	-1	0	-1	39	-1	18	0	-1	48	0	50	26	14	18	0	34
c11594	0	0	26	14	32	-1	-1	0	21	0	0	50	-1	0	0	0	0	0	20	0	-1	10	-1	0	0	35	-1	0	50	18
c11619	18	-1	50	16	0	1	0	-1	0	45	0	20	-1	0	0	18	22	2	-1	-1	0	0	0	0	0	0	0	-1	0	34
c11623	0	0	-1	39	0	0	-1	48	46	0	50	0	6	22	0	-1	0	0	-1	16	1	0	0	-1	50	-1	0	-1	0	0
c11627	0	20	0	20	0	0	0	0	0	0	0	20	-1	0	-1	10	-1	39	-1	18	0	0	48	-1	26	26	-1	18	0	34
c11628	0	42	0	0	0	-1	-1	48	0	10	39	-1	-1	22	0	0	0	-1	0	0	1	0	46	0	50	43	-1	10	3	23
c11637	0	1	0	0	0	0	0	-1	16	0	41	-1	0	0	0	26	50	0	40	0	38	-1	0	0	46	-1	0	0	0	50
c11641	18	-1	50	0	20	-1	0	23	0	0	-1	20	-1	0	0	0	0	0	-1	-1	0	0	0	-1	50	-1	-1	0	-1	34
c11672	-1	0	0	0	-1	0	-1	0	16	0	41	0	41	8	0	0	50	0	-1	-1	9	48	-1	0	46	-1	0	0	0	-1
c11674	32	-1	-1	0	0	0	-1	48	0	18	0	0	0	22	0	0	-1	0	-1	0	1	46	0	50	50	-1	0	50	0	0
c11676	0	27	0	0	0	-1	0	0	16	0	22	-1	-1	0	-1	9	-1	4	27	0	0	-1	-1	0	35	-1	20	0	-1	-1
c11687	50	0	0	23	32	24	0	20	-1	-1	40	0	14	22	0	0	0	0	10	-1	-1	0	35	0	-1	25	0	0	18	24
c11699	0	-1	10	0	0	0	-1	48	46	0	23	0	14	22	0	-1	-1	-1	0	-1	1	0	0	-1	50	0	0	17	50	-1
c11707	0	0	44	38	0	0	-1	-1	0	0	0	0	6	-1	50	0	-1	39	-1	-1	1	39	-1	43	50	0	0	0	-1	0
c11710	0	-1	0	50	0	24	-1	0	0	0	-1	50	-1	0	0	0	-1	0	20	-1	0	0	-1	0	0	35	41	26	50	18
c11714	18	0	-1	0	0	0	-1	-1	-1	-1	0	20	31	0	0	2	0	-1	-1	-1	0	0	0	0	0	-1	0	0	0	34
c11723	0	0	-1	0	-1	0	27	-1	16	-1	22	-1	0	-1	0	9	50	14	27	0	0	12	0	-1	0	0	20	0	0	50
c11724	27	1	11	0	-1	0	0	20	-1	-1	41	0	-1	0	0	26	50	0	-1	0	38	-1	0	24	46	31	0	18	-1	0
c11755	18	-1	50	0	-1	0	0	-1	0	-1	0	20	-1	0	0	0	0	-1	-1	-1	48	47	0	0	10	38	0	-1	-1	-1
c11756	0	0	35	0	50	0	-1	0	0	-1	27	20	31	0	0	0	0	-1	-1	18	10	-1	0	0	-1	26	0	36	0	-1
c11758	27	41	16	0	0	0	-1	0	16	0	5	0	-1	-1	20	-1	50	0	0	0	0	0	0	-1	-1	-1	20	0	0	0
c11768	50	23	0	-1	-1	19	-1	48	-1	-1	35	-1	-1	22	0	-1	18	-1	0	-1	1	0	0	0	-1	0	0	0	0	0
c11794	39	-1	-1	0	0	-1	0	48	16	0	22	0	50	0	46	9	-1	0	27	0	29	12	0	0	0	0	-1	0	0	50
c11810	17	0	-1	0	-1	24	-1	0	12	0	0	-1	14	22	0	0	39	0	-1	25	1	-1	0	-1	50	0	0	0	0	24
c11811	17	0	-1	0	-1	24	0	0	12	-1	-1	-1	14	22	0	0	39	0	-1	25	1	-1	50	-1	50	0	0	0	0	24
c11819	0	0	0	0	-1	0	0	-1	16	24	41	1	0	0	0	0	50	0	0	10	0	0	0	48	46	0	10	20	0	0
c11830	0	42	0	0	0	0	-1	-1	-1	0	0	-1	-1	22	5	0	0	0	0	-1	-1	0	27	0	50	0	0	0	0	23
c11831	0	-1	-1	0	0	0	-1	48	-1	0	0	-1	-1	22	-1	0	0	0	-1	-1	1	0	27	0	50	0	0	0	0	23
c11836	-1	0	-1	0	0	0	-1	-1	0	-1	18	0	22	22	35	18	0	0	0	0	1	0	-1	20	50	18	0	0	-1	48
c11848	-1	0	0	0	0	-1	0	0	16	0	-1	0	0	0	0	9	50	-1	-1	0	-1	12	0	0	0	0	20	45	0	-1
c11856	0	-1	0	4	32	24	0	0	-1	-1	-1	-1	14	22	0	47	0	0	0	25	1	-1	0	-1	50	0	-1	0	-1	24
c11864	48	17	40	-1	-1	23	11	0	-1	10	50	0	0	0	49	0	12	50	0	18	10	-1	39	-1	0	0	-1	-1	0	34
c11871	27	0	0	-1	44	0	-1	0	0	23	-1	50	50	-1	0	0	0	0	20	14	-1	-1	0	0	0	35	41	0	-1	-1
c11902	0	-1	40	-1	9	13	-1	-1	17	0	50	0	-1	0	0	0	12	0	0	18	-1	0	16	-1	0	-1	-1	0	50	34
c11903	0	0	40	0	9	13	-1	-1	17	-1	-1	0	16	0	-1	0	12	23	0	18	12	0	16	-1	0	0	-1	-1	-1	34
c11904	0	0	50	0	0	1	0	50	16	-1	22	0	0	0	0	9	-1	-1	27	38	49	12	0	0	-1	0	20	-1	0	50
c11911	-1	0	-1	0	0	44	-1	48	46	0	0	0	0	-1	0	-1	0	-1	20	0	1	0	0	-1	50	0	-1	0	0	24
c11930	0	0	-1	49	0	-1	-1	18	0	0	0	50	-1	0	29	0	-1	35	20	14	0	0	-1	0	0	35	41	0	50	18
c11947	22	0	0	39	-1	6	-1	40	0	0	-1	50	0	24	27	0	45	0	20	50	48	22	48	-1	50	0	41	-1	50	5
c11966	32	14	-1	-1	-1	-1	-1	48	0	24	0	0	0	-1	0	0	0	0	-1	0	-1	0	17	0	50	27	-1	0	20	26
c11975	0	0	0	-1	-1	10	-1	0	21	0	-1	50	-1	0	0	10	39	0	20	0	-1	0	0	-1	1	35	-1	22	50	18
c11986	18	0	50	-1	28	-1	48	23	0	45	0	20	-1	-1	0	0	0	0	-1	-1	0	0	-1	0	0	0	0	-1	0	34
c11998	18	0	50	0	-1	10	0	0	-1	-1	26	20	31	0	-1	24	0	-1	-1	-1	0	35	0	0	0	0	0	0	-1	34
c12003	0	42	0	-1	0	0	-1	48	-1	0	-1	-1	-1	-1	0	0	12	-1	0	48	-1	-1	0	0	-1	0	0	0	0	23
c12025	0	33	35	20	0	0	-1	0	0	-1	0	20	-1	0	-1	-1	-1	0	-1	18	0	0	0	0	-1	26	0	0	26	34
c12030	0	42	32	0	0	0	-1	48	0	0	-1	0	-1	22	-1	50	18	0	0	-1	1	0	0	-1	50	22	22	0	-1	23
c12032	18	-1	-1	-1	0	0	0	23	0	0	1	20	-1	0	-1	-1	0	0	-1	-1	0	0	0	0	-1	0	0	0	0	-1
c12058	0	42	0	-1	0	0	-1	48	26	0	9	19	-1	22	-1	-1	0	-1	0	0	1	-1	-1	-1	50	-1	0	0	-1	-1
c12062	0	0	50	0	-1	1	0	0	16	0	-1	0	0	0	-1	9	-1	-1	27	38	49	12	0	0	34	0	20	0	0	-1
c12068	18	-1	50	22	37	-1	0	-1	-1	-1	0	-1	31	-1	-1	-1	-1	0	-1	-1	0	0	0	0	-1	0	0	22	0	-1
c12070	0	0	-1	-1	36	23	11	0	17	10	50	0	0	0	0	-1	-1	0	0	-1	-1	0	0	-1	-1	0	-1	21	0	-1
c12084	0	50	27	0	13	0	8	0	0	0	-1	20	-1	0	0	-1	23	-1	-1	18	-1	-1	48	-1	0	26	0	-1	-1	-1
c12095	-1	49	0	-1	27	48	0	0	16	0	-1	12	41	-1	-1	-1	50	0	0	0	0	0	-1	0	46	12	-1	0	-1	-1
c12100	0	0	5	0	0	0	-1	22	0	21	0	50	-1	0	-1	0	0	0	-1	14	0	27	0	-1	17	35	41	-1	50	18
c12102	-1	0	-1	0	0	0	-1	48	46	-1	0	0	-1	22	0	0	-1	-1	0	-1	1	0	50	-1	50	0	-1	-1	28	0
c12116	0	42	24	6	31	48	-1	48	0	5	39	-1	-1	22	0	-1	18	-1	-1	-1	1	9	-1	0	-1	-1	0	0	0	23
c12117	0	-1	24	6	31	48	-1	48	0	5	39	0	-1	22	0	0	18	0	50	0	1	9	0	0	-1	0	-1	0	0	23
c12118	0	-1	-1	0	25	0	0	0	-1	24	41	24	0	0	0	32	50	-1	-1	0	0	0	24	0	46	0	0	0	-1	0
c12121	0	0	5	0	10	0	-1	0	0	16	0	-1	-1	0	-1	13	-1	0	20	14	0	27	-1	0	0	35	41	0	50	18
c12134	0	23	-1	-1	0	0	-1	48	-1	0	-1	0	-1	22	0	-1	48	0	0	-1	-1	-1	0	0	50	0	-1	-1	46	0
c12143	36	24	36	0	-1	24	0	0	12	-1	0	-1	-1	22	0	-1	45	0	0	25	1	0	50	-1	-1	0	0	-1	-1	24
c12148	39	0	49	0	-1	0	-1	-1	-1	47	22	-1	-1	-1	0	9	50	0	27	0	29	-1	0	-1	0	0	-1	-1	0	50
c12149	39	-1	0	0	-1	0	0	12	16	47	22	0	-1	0	0	9	-1	0	27	0	29	-1	0	0	-1	0	-1	0	0	50
c12151	0	42	0	23	0	-1	-1	48	0	-1	39	-1	-1	22	0	0	18	19	26	0	1	0	8	0	50	21	-1	-1	0	23
c12158	-1	0	0	-1	0	0	0	-1	50	27	28	20	31	0	0	1	-1	0	-1	-1	24	0	48	-1	-1	26	50	18	0	34
c12175	0	27	35	0	0	7	12	0	0	-1	0	20	31	-1	0	-1	-1	0	-1	-1	10	-1	-1	0	-1	26	10	0	-1	34
c12177	-1	0	0	0	0	27	18	0	-1	-1	-1	0	50	0	0	-1	50	0	27	0	-1	12	0	0	50	-1	20	4	0	50
c12178	0	-1	-1	0	-1	0	-1	48	46	0	22	0	0	-1	0	-1	0	0	5	0	1	41	22	-1	50	-1	-1	-1	0	-1
c12190	-1	0	0	0	0	-1	0	0	0	0	0	20	31	-1	0	0	0	0	-1	18	0	-1	-1	16	0	-1	50	18	0	34
c12211	50	23	0	0	-1	0	-1	48	-1	0	0	0	-1	22	0	-1	0	-1	48	1	1	0	50	20	50	0	0	0	0	0
c12212	0	0	-1	0	0	28	-1	0	0	-1	-1	50	-1	0	0	0	0	0	20	14	0	0	50	0	0	35	41	0	50	18
c12216	-1	33	-1	22	22	0	0	-1	0	0	38	-1	31	0	0	0	50	0	-1	18	0	-1	48	0	0	26	0	-1	22	34
c12219	18	0	50	16	0	0	23	-1	48	-1	-1	20	-1	1	0	0	0	0	-1	-1	0	-1	0	-1	0	0	0	-1	0	34
c12220	16	0	0	20	-1	0	-1	3	48	0	0	-1	31	0	-1	10	0	39	-1	-1	0	0	48	-1	0	26	0	18	1	34
c12221	-1	0	0	20	-1	0	0	3	48	0	0	20	-1	0	-1	10	0	-1	-1	18	0	0	-1	-1	0	26	0	18	-1	34
c12231	0	-1	10	0	-1	0	-1	48	46	0	0	0	14	22	0	0	0	22	0	0	1	0	0	-1	50	0	0	24	50	0
c12234	-1	50	0	-1	-1	0	8	0	0	18	0	-1	31	0	12	0	0	-1	-1	18	0	-1	48	0	0	-1	0	18	0	34
c12236	47	1	27	0	0	-1	0	21	16	0	41	0	50	0	0	26	50	0	0	0	38	0	0	24	46	-1	0	25	0	-1
c12238	20	0	-1	22	12	0	0	0	-1	24	41	0	0	0	-1	0	-1	0	0	-1	0	0	0	0	46	0	0	20	13	0
c12240	18	0	-1	22	0	0	-1	0	-1	-1	0	-1	31	40	0	0	-1	20	-1	-1	0	0	-1	20	46	0	0	22	0	34
c12241	-1	0	50	22	0	-1	-1	0	0	-1	0	-1	31	40	-1	-1	0	20	-1	-1	0	0	0	-1	46	-1	0	22	0	-1
c12244	0	0	40	39	-1	-1	11	0	17	-1	50	-1	0	-1	-1	-1	12	0	0	18	10	0	0	-1	0	0	-1	0	0	-1
c12248	50	23	12	-1	0	0	-1	48	-1	0	10	27	-1	22	0	-1	0	0	0	1	-1	0	-1	-1	50	0	0	0	12	0
c12269	50	23	0	-1	0	0	-1	48	-1	0	10	27	-1	22	-1	-1	0	0	0	1	-1	0	46	0	50	0	0	0	12	0
c12272	12	-1	-1	-1	-1	-1	0	-1	16	0	41	0	-1	8	0	0	50	0	0	0	9	48	26	0	46	-1	0	0	-1	-1
c12273	12	0	0	0	-1	0	0	0	16	0	41	0	-1	8	0	0	50	0	0	0	9	48	-1	0	46	-1	0	0	0	-1
c12278	0	0	-1	0	0	24	0	0	-1	20	0	20	31	0	0	0	0	0	-1	18	0	0	-1	-1	-1	-1	0	-1	0	34
c12290	-1	28	50	0	20	0	0	0	0	-1	50	20	31	0	-1	0	23	0	-1	-1	0	0	0	0	0	0	0	0	0	34
c12291	18	-1	50	0	20	0	0	0	0	-1	50	20	-1	0	-1	0	23	0	-1	-1	0	0	0	0	0	0	-1	0	0	34
c12311	-1	4	-1	16	0	50	14	0	-1	-1	0	0	0	0	0	50	50	50	0	0	0	0	-1	-1	-1	0	0	0	0	0
c12326	0	23	50	-1	0	-1	0	0	16	0	22	0	0	0	0	-1	50	4	27	0	0	12	-1	-1	1	35	-1	50	-1	50
c12332	22	0	-1	0	-1	0	0	0	16	-1	41	31	0	0	0	0	50	22	0	0	0	0	0	-1	-1	0	0	20	13	0
c12334	27	0	16	44	0	-1	22	-1	16	1	0	0	47	47	0	35	50	14	10	0	0	0	-1	0	0	45	0	50	0	27
c12335	-1	0	-1	44	0	-1	22	-1	-1	1	-1	0	47	47	0	35	50	14	-1	0	0	0	-1	-1	0	45	0	50	0	27
c12349	0	0	35	0	-1	24	0	-1	-1	20	0	20	31	0	0	0	0	0	-1	18	0	16	-1	0	-1	-1	0	0	0	34
c12353	0	0	48	-1	27	0	34	0	16	0	41	0	41	0	0	0	50	0	-1	-1	0	0	26	46	-1	6	27	-1	0	-1
c12362	23	42	0	0	-1	0	-1	48	0	27	4	0	-1	22	0	0	0	-1	0	-1	1	50	0	-1	50	0	-1	0	0	23
c12374	-1	0	13	0	0	0	-1	48	-1	0	0	0	0	22	-1	0	0	0	0	-1	1	0	0	-1	50	0	0	0	0	0
c12386	0	0	-1	0	-1	0	0	-1	16	24	41	47	0	0	-1	-1	50	0	0	16	0	0	0	0	46	21	46	20	0	0
c12391	0	0	40	0	9	13	11	0	17	46	50	19	16	0	1	0	12	0	0	18	-1	-1	0	-1	-1	0	-1	19	0	34
c12393	0	-1	0	20	-1	-1	0	50	-1	27	28	20	31	22	0	1	0	-1	-1	18	0	0	-1	-1	0	26	-1	18	0	34
c12402	27	0	16	50	0	0	-1	50	-1	0	0	20	0	50	-1	0	50	-1	-1	0	0	-1	10	0	14	-1	0	0	10	0
c12420	0	0	-1	0	9	13	-1	-1	-1	0	-1	0	-1	0	0	0	12	0	0	18	12	0	16	-1	0	-1	-1	0	50	34
c12430	0	0	0	-1	-1	-1	27	0	16	0	-1	0	0	0	0	-1	50	14	27	0	-1	-1	-1	-1	0	0	20	-1	17	50
c12442	0	0	-1	0	10	0	-1	48	46	-1	50	22	0	22	0	0	0	0	0	0	1	0	0	-1	50	20	0	27	0	0
c12456	0	23	-1	0	0	0	-1	-1	-1	0	-1	0	-1	22	0	-1	0	0	0	20	1	-1	0	0	50	-1	-1	16	0	0
c12459	12	0	0	0	-1	0	0	-1	16	-1	41	-1	41	8	-1	-1	50	0	0	0	9	48	26	0	46	-1	-1	0	0	-1
c12475	0	-1	-1	0	32	24	0	0	-1	0	48	19	-1	22	0	47	0	0	0	25	-1	0	0	-1	50	0	0	1	0	24
c12476	18	0	50	16	-1	0	-1	23	-1	45	0	20	-1	-1	-1	0	24	0	-1	-1	0	-1	-1	0	0	0	0	0	0	-1
c12480	0	0	35	20	-1	0	12	14	-1	-1	0	20	-1	0	0	0	0	-1	-1	18	0	0	0	0	-1	26	0	0	26	34
c12490	-1	0	16	44	0	-1	22	-1	-1	1	0	0	47	47	0	35	50	14	-1	0	-1	0	50	0	0	45	0	0	0	27
c12502	32	0	0	0	0	-1	-1	48	0	0	41	0	0	22	0	10	0	0	5	0	1	-1	-1	0	50	18	0	0	0	50
c12503	32	0	0	0	0	9	-1	48	0	0	41	-1	-1	22	-1	10	0	-1	5	0	1	0	-1	0	50	18	-1	-1	0	50
c12504	-1	-1	-1	0	0	0	-1	48	-1	0	-1	-1	-1	22	0	-1	0	0	26	-1	1	0	0	-1	50	-1	-1	16	0	0
c12506	48	0	-1	0	0	23	11	0	17	10	50	0	0	0	49	0	12	50	50	18	10	0	0	-1	10	0	-1	0	-1	34
c12508	-1	-1	35	4	16	23	0	0	0	0	-1	20	31	0	-1	45	0	0	-1	18	-1	0	49	0	0	26	0	-1	0	34
c12523	0	-1	0	0	0	0	-1	-1	-1	-1	0	50	-1	33	0	0	0	0	20	18	0	0	32	0	0	35	41	0	50	18
c12526	32	0	0	0	48	27	-1	48	0	45	0	0	-1	22	18	-1	0	0	13	-1	1	0	0	0	50	0	0	0	0	-1
c12548	-1	27	-1	1	0	50	-1	48	0	0	0	0	0	22	-1	19	0	0	5	50	1	22	0	0	50	21	0	0	0	0
c12549	-1	-1	-1	1	0	50	-1	48	0	0	0	0	0	22	0	19	0	0	5	-1	1	22	0	0	50	21	0	0	0	0
c12551	0	0	50	0	0	1	0	0	16	0	22	0	-1	0	0	9	-1	-1	-1	-1	49	12	0	0	34	0	20	0	0	50
c12553	0	42	-1	41	-1	0	-1	48	0	0	6	17	-1	22	5	0	0	0	0	-1	-1	0	26	0	50	0	10	0	21	-1
c12556	0	-1	46	0	0	10	-1	48	-1	0	0	0	-1	22	0	-1	10	0	0	0	1	0	10	0	50	0	0	16	0	1
c12559	0	0	0	-1	0	48	-1	0	-1	45	0	50	50	0	8	0	0	0	-1	24	-1	-1	-1	-1	49	35	-1	0	50	18
c12562	0	0	0	-1	0	0	-1	18	-1	0	-1	50	50	-1	29	0	-1	-1	20	14	0	0	0	0	39	35	41	-1	50	18
c12563	0	-1	0	-1	0	-1	-1	18	-1	0	24	50	50	18	-1	0	10	35	20	14	0	0	0	0	39	35	41	0	50	-1
c12566	18	0	50	-1	-1	-1	-1	23	0	-1	0	20	-1	0	-1	18	22	0	-1	-1	8	-1	0	0	0	0	-1	-1	0	34
c12581	0	-1	-1	0	32	24	0	-1	0	0	48	-1	-1	22	0	47	0	22	0	25	1	0	-1	0	50	0	-1	46	-1	24
c12582	27	33	16	-1	0	0	14	0	16	0	-1	-1	0	0	0	0	50	0	44	0	10	-1	-1	0	0	-1	-1	0	0	0
c12596	27	-1	50	50	0	0	0	0	16	0	22	0	0	0	0	9	50	-1	27	19	0	12	-1	-1	-1	-1	20	16	26	50
c12602	0	42	-1	0	0	0	-1	48	41	27	0	0	-1	22	41	0	-1	-1	16	0	1	50	10	34	50	0	0	-1	0	23
c12615	0	50	9	0	13	24	8	-1	0	0	0	20	-1	-1	0	0	0	19	-1	18	-1	0	-1	0	0	26	0	18	50	34
c12621	-1	0	-1	-1	16	0	41	0	0	0	0	20	31	-1	27	0	0	0	-1	18	0	0	49	0	0	-1	-1	0	39	-1
c12622	-1	0	50	16	-1	0	-1	23	36	0	0	20	-1	35	0	0	23	0	-1	-1	12	0	27	0	-1	-1	-1	0	0	34
c12638	18	0	-1	16	0	34	-1	23	0	45	0	-1	-1	0	-1	0	0	0	-1	-1	0	0	0	0	0	0	0	0	0	34
c12641	-1	28	-1	0	20	0	0	0	0	-1	50	20	-1	0	-1	0	0	0	-1	-1	-1	0	0	0	0	0	-1	0	0	34
c12661	-1	0	0	38	0	0	-1	48	0	0	-1	0	6	22	50	0	14	39	-1	-1	1	39	-1	-1	-1	0	0	-1	48	0
c12662	22	0	0	39	0	6	-1	0	-1	0	0	-1	0	47	27	0	-1	0	-1	50	0	22	48	-1	0	0	41	0	-1	0
c12670	0	17	-1	0	0	-1	0	0	16	0	-1	0	0	-1	0	9	50	-1	27	0	49	12	0	0	34	0	20	0	0	50
c12673	20	0	-1	-1	12	0	-1	0	-1	24	41	0	0	0	0	0	-1	-1	0	0	-1	0	0	0	-1	0	0	20	13	0
c12675	32	0	50	-1	0	50	-1	-1	-1	0	14	0	0	22	-1	5	-1	0	5	0	-1	-1	0	0	50	3	-1	6	0	0
c12686	0	0	40	0	0	23	11	-1	17	10	50	0	0	24	-1	-1	12	0	-1	-1	10	-1	0	-1	0	26	-1	0	0	34
c12693	14	48	35	0	-1	-1	0	0	0	0	0	20	-1	0	-1	12	39	-1	-1	-1	0	2	0	-1	-1	26	-1	-1	0	34
c12694	27	1	11	0	0	0	0	20	16	-1	41	-1	46	0	0	26	50	0	0	0	38	-1	-1	24	46	-1	0	18	0	0
c12695	27	1	11	0	0	0	0	20	16	0	41	0	46	0	0	26	50	0	-1	0	38	-1	-1	24	46	31	0	18	0	-1
c12699	18	28	50	10	0	0	0	0	-1	-1	0	20	31	-1	0	-1	-1	1	-1	-1	0	0	0	0	0	0	0	0	0	34
c12715	0	0	0	20	0	50	0	0	0	-1	28	20	31	22	0	-1	0	0	-1	18	10	0	48	-1	0	26	0	18	-1	-1
c12723	0	42	-1	0	0	24	-1	48	35	0	0	14	-1	22	5	-1	0	0	0	-1	1	-1	0	0	50	0	18	0	0	23
c12726	0	0	0	20	0	0	0	0	0	0	-1	20	31	0	-1	10	0	39	-1	-1	0	-1	48	-1	0	26	0	18	0	34
c12731	-1	-1	0	0	27	-1	0	0	-1	-1	41	0	41	8	0	0	50	0	-1	0	-1	-1	26	0	46	0	0	0	0	-1
c12767	-1	1	0	0	0	27	0	0	16	0	41	-1	50	0	0	26	50	-1	-1	-1	38	0	0	24	46	8	-1	0	0	-1
c12778	18	28	50	0	0	0	-1	0	0	-1	0	-1	-1	14	0	0	0	0	-1	-1	0	0	0	0	0	0	0	-1	18	34
c12782	0	22	50	0	-1	24	0	0	12	50	-1	-1	14	22	5	0	-1	22	41	25	-1	-1	0	0	50	-1	0	0	0	24
c12809	18	0	-1	0	0	-1	48	16	0	-1	43	20	31	39	0	18	0	0	-1	-1	0	0	0	0	-1	0	0	0	0	34
c12813	0	0	0	0	12	0	12	0	16	-1	41	0	0	0	-1	34	50	0	0	0	22	0	12	27	46	-1	0	20	0	0
c12821	-1	0	0	50	0	-1	-1	-1	0	12	23	50	50	0	0	0	0	0	20	-1	-1	0	0	0	-1	35	41	0	50	-1
c12824	50	23	0	0	-1	19	-1	48	-1	-1	35	0	-1	22	0	-1	0	-1	0	-1	1	0	-1	0	50	0	0	0	16	0
c12828	0	22	0	0	27	0	0	0	16	28	41	0	41	0	0	0	50	0	0	0	-1	0	26	0	-1	0	50	50	-1	-1
c12837	18	0	-1	16	0	34	-1	-1	-1	0	0	20	-1	0	-1	0	23	0	-1	-1	12	-1	0	0	-1	0	0	0	0	34
c12858	0	50	0	9	0	0	-1	-1	16	0	22	0	50	0	0	9	-1	10	27	0	29	-1	-1	0	0	0	-1	0	0	-1
c12860	32	0	-1	48	48	50	-1	48	0	0	4	0	40	22	0	13	-1	0	0	0	1	48	39	0	50	0	1	0	37	0
c12895	-1	50	0	0	13	0	-1	50	0	-1	-1	20	-1	0	0	-1	-1	19	-1	18	-1	0	48	0	0	26	0	-1	-1	-1
c12897	18	37	50	0	0	0	0	-1	0	-1	0	-1	31	-1	48	-1	-1	0	-1	-1	8	-1	0	0	-1	0	-1	0	0	34
c12898	-1	20	50	16	0	0	0	23	0	0	1	-1	-1	0	0	-1	-1	0	-1	-1	0	0	0	0	0	-1	-1	0	-1	-1
c12904	28	-1	35	0	-1	-1	27	0	16	-1	22	-1	0	42	0	9	50	14	27	0	0	12	35	0	0	16	20	0	0	50
c12912	-1	0	-1	-1	0	0	-1	0	0	20	43	20	31	0	0	0	-1	0	-1	18	0	0	0	50	-1	26	0	-1	0	34
c12913	0	0	35	-1	0	0	-1	0	0	20	43	20	31	-1	0	-1	-1	0	-1	18	0	0	0	50	-1	26	0	0	0	34
c12925	0	0	-1	-1	-1	-1	27	0	16	-1	22	-1	0	0	0	9	50	14	27	-1	-1	12	0	0	1	0	20	0	-1	50
c12934	0	-1	-1	0	12	0	0	0	16	-1	41	-1	0	0	0	0	-1	-1	0	-1	0	0	-1	0	46	0	0	20	-1	0
c12935	0	0	0	0	12	0	-1	0	16	24	41	-1	0	0	0	0	50	0	0	0	0	0	32	-1	-1	0	0	20	-1	-1
c12947	0	42	0	0	-1	0	-1	48	35	0	0	-1	-1	22	5	-1	0	0	0	-1	1	-1	-1	-1	50	0	18	-1	0	23
c12951	35	42	22	1	0	-1	-1	48	32	0	-1	10	-1	22	0	0	-1	0	0	48	1	0	-1	-1	50	-1	0	-1	0	-1
c12958	50	0	0	0	12	0	0	0	16	24	41	0	-1	0	0	0	50	0	0	-1	0	-1	0	0	46	0	0	20	0	0
c12960	-1	40	40	-1	0	23	-1	0	-1	10	-1	39	0	0	-1	0	-1	0	-1	18	10	0	0	-1	0	0	-1	0	0	-1
c12961	0	-1	-1	24	0	23	-1	0	17	10	50	-1	-1	0	-1	0	12	0	14	18	10	0	0	-1	0	0	-1	0	0	34
c12963	0	0	0	35	0	0	-1	0	-1	22	-1	50	0	0	-1	32	-1	24	-1	-1	-1	0	48	-1	0	50	41	0	-1	33
c12985	0	0	50	0	0	39	0	6	16	0	22	0	0	0	0	-1	50	-1	27	38	49	12	0	-1	34	12	20	0	0	50
c12991	0	-1	35	-1	0	0	12	0	0	-1	0	-1	31	-1	-1	-1	0	0	-1	18	0	0	31	0	-1	26	50	0	26	-1
c13000	0	0	0	20	-1	0	-1	3	48	0	0	20	31	0	-1	10	0	39	-1	18	-1	0	48	-1	0	26	27	18	1	34
c13009	0	0	40	18	0	23	-1	-1	-1	10	50	-1	0	0	0	0	12	0	0	18	10	0	48	-1	0	41	-1	0	0	-1
c13011	0	0	0	0	32	24	0	-1	0	0	-1	-1	14	22	0	47	-1	-1	-1	25	1	0	20	0	50	0	0	0	10	24
c13012	0	-1	-1	-1	-1	-1	8	0	0	0	-1	20	31	0	0	0	-1	39	-1	18	-1	0	48	0	0	26	0	18	0	34
c13017	0	42	-1	41	12	0	-1	48	0	0	0	17	-1	22	5	0	0	0	0	-1	1	0	-1	0	-1	0	10	0	21	23
c13018	0	1	31	-1	0	0	-1	21	16	35	41	0	0	-1	0	-1	50	0	40	31	38	0	-1	3	46	-1	0	0	0	-1
c13029	12	-1	-1	0	0	27	18	0	16	-1	22	0	50	0	-1	-1	50	0	27	0	29	12	0	0	48	0	20	0	31	-1
c13032	2	0	0	0	0	0	0	0	16	0	22	-1	-1	0	0	-1	50	4	27	0	-1	12	-1	0	35	-1	20	0	0	50
c13038	19	0	0	38	0	-1	-1	48	0	-1	0	0	50	22	50	-1	9	-1	-1	0	-1	39	0	43	50	0	0	-1	0	21
c13039	19	-1	0	38	-1	-1	-1	48	-1	0	0	0	50	22	50	0	-1	39	-1	-1	-1	39	0	43	-1	-1	0	0	0	21
c13045	0	0	0	0	12	0	0	-1	16	24	-1	0	0	0	6	0	50	18	0	-1	0	-1	-1	43	-1	-1	0	20	34	11
c13076	-1	0	50	50	0	0	-1	0	16	0	22	0	27	22	0	9	50	-1	27	19	0	12	0	-1	-1	0	20	-1	-1	50
c13080	0	42	0	-1	0	9	-1	-1	-1	0	-1	0	-1	22	-1	0	0	0	-1	0	1	34	0	-1	50	40	0	0	0	23
c13088	23	42	50	10	0	12	-1	48	0	27	-1	0	-1	22	0	-1	0	10	0	-1	1	-1	0	38	50	14	-1	0	0	23
c13092	18	-1	50	16	-1	0	-1	23	-1	0	0	-1	-1	0	0	0	23	0	-1	-1	-1	0	0	-1	0	0	21	0	0	34
c13097	39	50	-1	0	0	23	-1	0	17	-1	50	0	0	0	0	0	12	-1	-1	18	10	19	0	-1	0	-1	-1	-1	0	34
c13100	35	0	0	0	0	0	-1	48	46	0	0	43	0	22	5	0	-1	0	0	18	1	0	0	-1	50	27	0	46	-1	0
c13119	0	0	-1	0	0	0	-1	48	46	0	0	0	-1	-1	1	-1	35	0	-1	0	1	-1	0	-1	-1	0	0	0	0	0
c13124	-1	0	50	16	0	0	-1	23	0	45	-1	20	-1	0	-1	0	-1	0	-1	-1	0	23	0	18	-1	0	0	0	0	34
c13125	18	0	50	16	0	0	-1	23	0	45	0	20	-1	0	36	0	-1	0	-1	-1	0	23	0	18	0	0	0	0	-1	34
c13127	18	28	50	39	50	0	-1	0	0	-1	-1	20	31	0	0	0	0	0	-1	-1	-1	-1	0	0	0	0	0	0	-1	34
c13129	0	-1	-1	-1	27	0	0	0	16	0	41	12	41	-1	0	0	50	0	0	0	0	0	26	0	46	-1	0	0	0	-1
c13143	27	-1	0	-1	44	0	-1	0	0	23	0	50	50	34	0	0	0	0	20	14	0	1	0	0	0	35	41	0	-1	18
c13146	-1	0	23	0	0	0	-1	-1	46	-1	20	0	0	22	0	0	50	0	0	-1	-1	0	-1	-1	-1	-1	0	0	0	0
c13152	-1	-1	-1	-1	0	-1	0	23	0	-1	-1	20	-1	0	0	18	22	0	-1	-1	50	-1	-1	-1	0	0	0	-1	0	34
c13154	23	42	0	0	0	0	-1	48	0	-1	-1	0	-1	22	-1	0	0	0	0	0	1	50	0	0	-1	0	-1	-1	0	23
c13168	0	1	0	0	-1	40	-1	-1	16	-1	41	0	0	0	0	26	50	0	40	0	38	0	0	0	-1	0	0	0	0	0
c13171	50	23	0	0	-1	19	-1	48	-1	0	0	0	-1	22	0	-1	47	-1	0	1	1	0	35	-1	50	0	-1	0	0	-1
c13172	0	42	-1	0	0	24	-1	48	35	0	0	-1	-1	22	-1	-1	0	0	0	-1	1	0	0	0	-1	0	18	0	0	23
c13186	48	0	40	0	0	23	11	0	17	10	-1	0	0	0	49	0	12	50	0	18	-1	0	-1	-1	22	0	-1	0	0	34
c13191	50	23	50	0	0	0	-1	48	-1	-1	0	0	-1	22	-1	-1	-1	0	0	1	-1	0	46	-1	-1	-1	-1	0	0	-1
c13206	0	42	0	-1	0	0	-1	48	0	47	9	19	-1	22	-1	0	0	-1	0	0	1	34	0	-1	50	3	0	0	22	23
c13207	0	42	-1	0	0	0	-1	48	0	-1	9	-1	-1	22	-1	-1	0	-1	0	0	-1	34	0	-1	50	3	0	-1	22	23
c13208	50	0	35	0	-1	0	32	-1	0	0	0	20	31	0	-1	-1	-1	-1	-1	-1	0	0	0	-1	-1	-1	31	0	26	34
c13216	0	0	-1	-1	-1	0	0	10	0	0	0	20	-1	0	0	0	0	0	-1	18	0	-1	48	-1	0	26	0	18	0	34
c13223	18	0	50	22	-1	16	-1	0	0	-1	0	-1	31	40	0	0	0	20	-1	-1	0	0	0	20	-1	0	0	22	0	34
c13250	0	42	0	-1	-1	0	-1	48	41	27	0	0	-1	22	0	0	0	0	-1	0	1	50	-1	0	50	0	-1	-1	0	23
c13257	0	50	0	47	0	0	-1	48	0	8	10	1	0	22	-1	18	0	0	-1	-1	1	-1	-1	20	50	18	0	10	0	0
c13268	20	23	8	48	-1	34	-1	-1	-1	0	0	0	-1	22	0	-1	-1	0	0	0	1	0	-1	0	50	0	0	16	0	0
c13270	-1	28	50	0	-1	0	0	0	0	-1	0	20	31	0	0	0	0	1	-1	-1	0	0	0	0	20	49	0	22	0	-1
c13275	0	0	40	0	36	23	11	0	17	10	-1	0	0	0	0	6	12	0	50	18	-1	0	0	-1	0	0	-1	21	0	34
c13283	0	0	0	0	-1	45	0	-1	16	-1	41	0	-1	0	-1	0	50	-1	0	0	-1	-1	0	0	-1	0	-1	20	0	-1
c13290	0	0	35	20	0	0	12	0	-1	-1	22	-1	31	49	-1	0	0	0	-1	18	-1	0	-1	0	-1	-1	0	-1	26	34
c13291	0	0	35	20	0	0	-1	0	-1	-1	22	-1	31	-1	-1	0	-1	0	-1	18	-1	0	0	0	-1	-1	0	0	26	34
c13293	0	50	-1	0	13	-1	8	0	0	0	14	20	-1	0	0	0	23	39	-1	18	-1	0	48	-1	0	26	0	18	0	34
c13300	0	0	0	-1	0	-1	-1	48	-1	0	0	0	6	22	-1	0	0	39	-1	-1	1	39	0	43	-1	0	0	0	0	0
c13322	32	0	28	1	0	0	-1	48	0	0	0	0	0	-1	0	0	0	0	5	0	1	0	0	0	50	0	0	0	-1	0
c13327	22	48	-1	-1	0	6	-1	0	0	0	0	-1	-1	-1	27	-1	0	0	-1	-1	0	22	48	-1	0	-1	41	0	-1	0
c13349	-1	0	0	50	0	0	-1	0	0	0	23	50	50	0	0	50	0	-1	20	14	0	0	0	0	0	35	41	0	50	18
c13358	-1	0	50	-1	20	0	0	23	0	49	0	20	31	0	0	-1	0	-1	-1	-1	0	0	-1	14	0	20	0	0	0	34
c13373	-1	0	35	4	16	0	41	0	0	0	-1	20	-1	-1	27	0	0	0	-1	18	29	0	49	0	0	-1	0	23	39	34
c13376	0	-1	0	20	0	0	0	0	0	27	28	20	31	0	0	1	-1	0	-1	18	0	0	48	-1	0	26	-1	18	0	34
c13387	-1	0	0	-1	-1	6	-1	0	16	0	0	50	0	0	0	46	-1	0	20	50	0	0	48	-1	0	0	41	45	-1	22
c13396	-1	4	-1	-1	0	50	14	0	16	10	0	0	-1	0	0	50	50	50	0	-1	-1	0	0	0	0	0	-1	0	0	-1
c13398	18	0	50	22	0	0	0	-1	0	-1	0	-1	31	40	-1	0	5	0	-1	-1	-1	0	0	0	0	-1	17	22	0	34
c13399	-1	0	50	22	0	0	0	-1	0	-1	0	-1	-1	-1	48	0	5	0	-1	-1	0	-1	0	0	0	0	17	22	0	-1
c13421	-1	23	0	0	-1	19	-1	48	-1	0	0	0	-1	22	0	-1	0	-1	0	1	1	0	0	-1	50	-1	0	-1	4	-1
c13428	-1	0	0	1	0	50	-1	48	0	0	0	0	0	22	0	-1	-1	-1	5	0	-1	22	0	0	50	-1	0	25	0	12
c13448	46	0	0	49	0	0	-1	18	0	12	0	50	50	19	0	48	0	0	20	-1	0	0	0	0	0	35	41	0	50	18
c13452	10	50	40	-1	0	13	-1	0	17	0	50	0	16	0	0	0	12	0	0	18	-1	0	0	-1	0	-1	-1	0	0	34
c13464	20	40	40	0	0	23	-1	35	17	10	-1	39	0	0	-1	0	12	0	38	-1	10	0	0	-1	-1	0	-1	-1	0	34
c13469	18	0	50	0	0	-1	0	0	0	-1	0	20	31	0	0	0	48	0	-1	-1	0	0	0	0	0	-1	0	-1	10	34
c13485	20	-1	35	-1	-1	0	41	0	-1	-1	0	20	31	-1	27	0	0	0	-1	18	0	0	49	0	0	-1	6	0	39	34
c13499	18	0	-1	0	0	-1	0	-1	0	-1	26	-1	31	0	0	24	0	0	-1	-1	0	0	0	0	0	22	0	0	0	34
c13503	35	0	-1	0	0	0	-1	48	46	-1	-1	0	0	22	0	-1	0	0	0	18	1	0	1	-1	50	-1	-1	0	0	0
c13508	32	0	0	20	0	-1	-1	48	0	33	0	0	-1	-1	0	10	0	0	5	0	1	0	-1	0	50	18	0	0	0	50
c13509	32	0	0	20	0	9	-1	48	0	0	0	0	-1	22	0	10	0	0	5	0	1	-1	-1	-1	50	-1	0	0	0	-1
c13518	0	0	-1	0	-1	22	27	0	16	0	22	0	0	0	48	9	50	14	27	0	0	-1	0	-1	0	0	20	12	-1	-1
c13520	27	0	16	12	0	0	0	13	16	0	-1	20	-1	0	-1	0	50	0	0	0	28	-1	10	0	0	0	27	-1	10	-1
c13535	38	18	0	22	32	-1	-1	2	21	0	0	50	-1	0	0	0	0	0	-1	0	-1	0	0	-1	0	35	41	0	-1	18
c13539	27	1	16	0	-1	22	38	26	16	0	-1	20	0	-1	50	0	50	21	0	0	-1	0	10	0	0	21	0	0	10	0
c13546	18	-1	50	-1	-1	0	-1	-1	0	49	0	20	-1	0	0	-1	0	19	-1	-1	0	0	22	14	0	20	0	0	0	34
c13552	0	42	0	39	0	0	-1	48	0	0	0	0	-1	22	5	-1	0	10	0	-1	-1	-1	0	-1	50	0	-1	0	-1	23
c13554	27	0	16	-1	0	0	14	0	-1	-1	0	0	0	-1	4	0	50	0	0	0	0	0	0	0	50	-1	0	0	0	0
c13557	18	-1	50	0	0	-1	39	48	1	-1	0	20	31	40	0	0	0	0	-1	-1	0	0	-1	0	0	0	0	22	0	34
c13562	-1	0	0	0	0	0	-1	48	0	0	0	0	-1	22	35	18	0	-1	0	0	1	0	0	20	50	18	0	0	0	48
c13567	0	-1	-1	0	-1	23	-1	0	17	10	50	0	0	-1	0	0	12	0	0	18	-1	0	0	-1	0	-1	-1	-1	-1	-1
c13570	0	-1	-1	0	0	0	-1	48	46	0	0	26	0	-1	0	-1	0	-1	20	-1	1	28	0	-1	50	0	-1	0	48	0
c13580	10	-1	10	21	0	-1	-1	48	35	0	0	0	-1	-1	-1	0	0	-1	0	-1	1	0	0	27	50	0	0	0	0	-1
c13607	-1	23	-1	0	0	10	-1	48	-1	0	0	-1	-1	-1	0	-1	0	0	50	0	1	0	6	0	50	-1	0	16	0	1
c13619	0	42	22	6	0	0	-1	48	13	0	39	0	-1	22	0	0	18	0	0	0	1	-1	-1	50	50	0	0	0	24	23
c13621	0	0	-1	-1	0	-1	-1	0	0	27	28	20	31	22	0	1	-1	0	-1	18	-1	0	48	-1	-1	26	50	18	0	34
c13626	0	0	35	-1	0	-1	-1	-1	0	0	20	20	31	0	2	0	0	-1	-1	18	0	-1	0	-1	-1	26	20	0	0	34
c13627	0	0	35	50	0	-1	0	-1	0	0	20	20	31	0	-1	-1	0	-1	-1	-1	0	-1	0	0	-1	26	20	0	0	-1
c13641	0	42	-1	1	0	22	-1	48	0	0	0	-1	-1	22	-1	0	0	0	0	-1	1	-1	0	-1	50	0	0	0	29	23
c13643	-1	0	36	0	-1	24	21	0	12	0	0	-1	-1	22	0	0	-1	0	-1	25	1	0	0	0	50	0	0	22	10	24
c13658	0	0	0	0	12	0	0	0	16	24	41	-1	0	-1	0	0	-1	0	37	0	0	0	0	0	46	0	12	20	0	0
c13660	18	-1	-1	3	0	0	0	0	0	-1	13	20	31	0	0	0	0	0	-1	-1	-1	0	12	0	-1	-1	0	0	-1	34
c13670	0	47	0	20	0	17	0	0	0	-1	28	20	31	-1	-1	1	-1	0	-1	18	0	-1	48	-1	-1	26	50	18	0	34
c13677	35	0	49	0	0	-1	-1	48	46	0	0	-1	0	22	0	0	0	0	-1	18	1	0	1	-1	50	0	0	-1	0	0
c13679	50	-1	40	18	0	-1	11	0	17	10	-1	16	0	0	0	0	12	50	0	-1	-1	0	0	-1	14	0	-1	0	0	34
c13680	0	0	13	12	-1	24	-1	0	-1	0	0	-1	14	-1	50	25	0	43	0	25	1	0	0	18	-1	0	0	0	0	24
c13700	0	-1	48	-1	0	0	-1	48	0	50	0	4	0	-1	35	0	0	0	0	39	1	0	-1	-1	50	18	-1	6	0	39
c13713	-1	-1	-1	0	-1	-1	-1	-1	46	-1	0	-1	0	22	-1	-1	50	0	22	0	1	19	0	-1	50	0	0	0	0	0
c13717	0	50	1	-1	-1	0	13	0	16	-1	22	0	50	0	0	9	-1	0	27	-1	29	-1	0	0	-1	0	-1	0	-1	50
c13729	0	-1	50	0	-1	24	0	0	12	50	0	-1	14	-1	5	-1	0	0	41	25	1	0	0	0	50	0	12	0	0	24
c13734	0	0	0	0	-1	0	-1	-1	16	0	22	0	0	0	-1	9	50	14	27	0	0	-1	0	-1	0	0	-1	6	-1	-1
c13742	35	46	0	0	0	0	-1	48	46	-1	0	0	0	22	23	50	-1	-1	-1	-1	1	0	0	-1	50	0	19	0	0	18
c13748	0	0	35	0	0	0	0	0	0	-1	0	-1	-1	0	0	0	50	-1	-1	18	0	0	0	0	-1	26	0	-1	0	34
c13755	21	0	-1	31	32	24	0	35	-1	0	48	0	14	22	0	47	-1	0	0	25	-1	0	0	-1	50	0	-1	-1	0	24
c13764	-1	1	33	-1	50	0	0	20	16	20	41	0	46	0	0	26	50	-1	-1	0	-1	0	10	24	46	31	0	0	-1	-1
c13767	18	0	50	0	0	13	-1	0	0	-1	0	20	31	13	-1	0	0	-1	-1	-1	0	0	0	0	0	14	0	50	0	34
c13774	0	16	0	0	27	0	26	0	16	0	-1	0	41	-1	0	0	50	0	0	0	9	48	26	0	46	0	0	0	-1	-1
c13776	0	10	0	0	-1	0	-1	13	16	0	22	27	0	0	0	9	50	14	27	10	0	12	0	27	50	-1	20	0	0	50
