	0	1	2	3	4	5	6	7	8	9	10	11	12	13	14	15	16	17	18	19	20	21	22	23	24	25	26	27	28	29
c937	0	20	-1	35	-1	38	-1	37	0	21	0	0	0	-1	15	47	0	29	0	-1	-1	0	37	48	0	-1	0	0	0	0
c955	20	-1	4	0	-1	-1	-1	0	38	-1	1	0	-1	29	0	0	0	29	0	-1	0	0	0	2	0	48	-1	0	35	-1
c997	-1	19	-1	0	-1	0	18	35	0	16	0	-1	0	29	-1	-1	-1	29	2	14	-1	47	0	0	21	35	19	47	0	0
c1030	0	0	4	0	-1	-1	-1	35	22	0	20	0	-1	29	0	37	0	29	14	47	-1	0	0	0	0	41	0	0	47	0
c1456	0	-1	4	47	-1	0	0	0	0	0	0	0	0	29	16	47	0	29	2	24	-1	0	0	4	0	9	0	0	0	0
c1651	20	-1	4	22	-1	-1	-1	-1	0	27	0	-1	0	29	-1	-1	27	29	0	0	-1	0	0	46	-1	0	26	0	47	0
c1667	0	35	4	-1	-1	8	0	0	0	0	-1	0	47	29	0	0	0	29	0	-1	-1	4	48	0	-1	-1	0	-1	26	0
c2213	0	0	4	0	-1	-1	0	-1	0	0	14	0	0	29	0	-1	0	29	0	24	-1	0	0	0	0	9	0	0	46	-1
c2331	-1	0	35	0	-1	0	-1	22	0	-1	0	-1	0	29	0	0	27	0	0	-1	-1	8	-1	35	-1	-1	0	0	0	0
c2337	0	0	-1	-1	-1	0	0	35	0	38	0	0	-1	-1	41	0	0	29	0	-1	-1	0	0	0	0	0	0	0	0	0
c2393	-1	2	4	0	-1	0	0	2	0	0	35	0	16	-1	-1	47	-1	29	0	24	-1	0	-1	-1	0	9	0	0	-1	0
c2649	0	0	0	0	-1	0	47	41	0	0	-1	48	-1	29	-1	1	0	-1	0	48	-1	-1	47	22	-1	0	-1	-1	-1	0
c2687	20	-1	4	0	-1	-1	-1	0	41	0	1	0	0	-1	0	0	0	29	-1	20	0	0	0	0	0	0	30	0	0	-1
c2853	0	14	-1	0	-1	47	-1	35	0	46	0	0	4	-1	24	37	0	29	-1	32	-1	0	0	-1	0	0	-1	0	0	-1
c2879	27	47	4	0	-1	30	0	0	0	0	0	0	0	29	15	47	47	29	48	24	-1	0	-1	0	-1	9	-1	0	46	0
c3123	41	-1	4	0	-1	0	0	35	0	0	0	19	20	29	-1	0	0	29	20	0	-1	-1	-1	35	0	0	0	-1	43	-1
c3143	0	-1	4	0	-1	47	21	35	0	-1	0	-1	-1	29	0	0	-1	29	0	8	-1	-1	0	0	19	-1	-1	38	-1	0
c3210	0	0	4	0	-1	0	-1	35	-1	19	0	0	20	29	0	35	0	29	0	30	-1	0	20	-1	22	0	0	-1	4	0
c3225	0	0	0	-1	-1	0	47	41	0	-1	0	48	0	29	29	-1	37	0	0	48	41	0	47	-1	-1	-1	-1	0	-1	0
c3339	20	0	-1	-1	-1	0	0	14	41	32	0	0	35	29	24	39	-1	29	44	22	-1	27	0	47	0	-1	0	0	-1	-1
c3378	-1	0	4	0	-1	3	0	35	0	19	19	35	20	29	0	-1	0	29	0	0	-1	-1	48	9	-1	-1	0	38	0	0
c3443	-1	0	-1	35	-1	-1	-1	35	0	0	0	-1	-1	-1	48	47	0	29	0	24	-1	0	0	0	-1	9	0	-1	19	0
c3504	20	0	4	-1	-1	0	-1	-1	0	47	-1	0	0	29	0	41	0	29	0	22	0	20	33	0	0	-1	0	35	0	0
c3657	0	35	4	-1	-1	8	38	0	0	0	46	-1	30	29	0	27	0	29	0	0	-1	0	48	0	0	-1	-1	-1	47	-1
c3828	0	-1	4	-1	-1	24	-1	35	0	35	0	0	0	-1	-1	37	14	-1	-1	-1	-1	0	0	-1	-1	16	0	0	0	20
c3973	0	0	4	47	-1	-1	-1	24	33	-1	35	35	-1	29	0	-1	37	29	0	24	-1	-1	0	4	0	9	0	-1	-1	0
c3976	0	0	-1	-1	-1	36	-1	0	-1	0	-1	35	34	29	47	0	48	29	0	2	-1	0	-1	44	0	0	0	0	0	0
c4089	41	20	4	0	-1	3	0	35	-1	22	0	19	20	-1	48	0	0	29	-1	-1	-1	0	-1	0	-1	0	0	0	43	-1
c4139	0	-1	-1	-1	-1	36	0	0	-1	-1	0	0	0	29	0	0	35	29	-1	0	-1	0	35	44	-1	-1	0	0	0	0
c4177	0	0	0	-1	-1	0	47	0	32	0	-1	-1	35	29	29	47	0	46	22	48	41	0	47	0	-1	0	0	38	0	47
c4230	0	-1	4	0	-1	41	27	35	37	19	47	20	20	29	0	0	0	29	0	0	-1	0	0	0	48	0	0	38	43	21
c4236	0	0	4	-1	-1	-1	-1	19	-1	-1	0	0	0	29	0	47	26	29	0	-1	-1	0	0	0	0	9	-1	0	-1	0
c4249	0	0	0	0	-1	-1	47	41	0	0	0	48	41	-1	29	0	0	-1	0	48	41	-1	47	0	-1	47	-1	-1	-1	0
c4273	49	19	4	47	-1	-1	0	0	33	-1	35	0	0	29	-1	-1	-1	29	0	24	-1	4	0	4	0	9	0	0	0	0
c4285	0	-1	4	0	-1	0	0	0	0	0	0	-1	0	29	-1	47	-1	-1	-1	24	-1	0	27	4	0	9	35	0	0	0
c4295	20	-1	4	0	-1	-1	-1	46	0	0	-1	0	9	29	0	-1	-1	29	0	-1	0	0	0	0	0	0	19	0	0	0
c4298	-1	0	4	-1	-1	0	0	35	50	-1	0	0	-1	29	0	0	14	29	-1	48	-1	0	0	0	35	0	0	38	-1	0
c4335	41	14	4	46	-1	0	47	35	0	0	0	0	-1	29	-1	-1	0	29	0	0	-1	27	-1	0	0	0	-1	-1	-1	-1
c4348	0	-1	0	-1	-1	0	-1	0	-1	0	47	48	-1	29	29	47	0	0	0	48	41	0	47	0	-1	0	1	38	-1	47
c4401	0	0	4	-1	-1	0	0	0	0	0	41	0	0	29	0	-1	0	29	-1	24	-1	45	-1	4	0	9	32	0	0	0
c4468	0	0	4	0	-1	0	0	-1	-1	-1	0	20	0	29	0	-1	0	29	-1	24	-1	0	0	4	0	9	-1	46	26	0
c4518	0	-1	4	-1	-1	36	0	0	-1	0	0	-1	47	29	0	24	0	29	0	-1	-1	0	-1	-1	0	19	0	0	0	0
c4541	0	0	4	-1	-1	-1	0	0	0	0	-1	22	24	29	-1	-1	0	29	0	0	-1	22	-1	-1	0	0	0	35	0	0
c4542	-1	0	4	0	-1	0	-1	2	-1	0	35	0	16	-1	0	47	0	29	0	24	-1	0	0	47	0	9	-1	0	0	36
c4616	20	-1	4	27	-1	0	-1	0	0	0	0	0	22	29	35	0	-1	29	-1	-1	0	32	-1	-1	0	32	0	0	-1	0
c4640	0	0	4	-1	-1	-1	30	0	-1	0	0	22	24	29	0	0	0	29	0	0	-1	22	-1	0	-1	0	0	0	0	0
c4700	20	-1	-1	0	-1	4	-1	-1	0	-1	0	-1	-1	29	0	35	0	29	0	0	0	0	-1	0	0	0	0	-1	0	-1
c4710	15	0	4	0	-1	-1	-1	19	0	0	16	0	0	29	-1	-1	0	29	0	24	-1	0	0	0	-1	9	-1	0	0	0
c4749	4	0	0	0	-1	0	47	0	0	0	38	48	35	29	29	47	0	-1	22	48	41	0	47	0	-1	-1	-1	38	47	47
c4750	0	-1	-1	-1	-1	-1	0	0	41	0	0	0	15	29	-1	0	46	29	-1	0	-1	33	48	47	41	35	-1	-1	0	0
c4763	0	35	-1	-1	-1	-1	0	49	0	19	0	22	0	-1	0	0	0	29	0	-1	-1	-1	48	47	-1	0	0	-1	-1	-1
c4821	0	0	-1	-1	-1	21	9	44	-1	20	0	22	0	29	0	25	0	29	0	47	-1	35	0	37	0	-1	0	0	0	0
c4912	19	0	-1	0	-1	-1	47	29	0	0	46	48	35	29	29	-1	0	14	0	48	41	0	47	0	-1	0	0	38	0	47
c5013	-1	-1	4	48	-1	2	0	0	0	15	0	0	2	29	0	0	10	-1	-1	0	0	0	0	9	0	0	0	0	0	0
c5043	0	35	4	-1	-1	21	0	17	0	0	0	0	0	29	0	0	0	29	-1	0	-1	0	0	-1	0	-1	0	0	-1	0
c5049	20	0	4	0	-1	0	0	14	0	0	33	0	-1	29	35	0	0	29	4	22	0	0	0	-1	23	0	-1	35	-1	20
c5064	0	0	4	-1	-1	36	-1	-1	-1	0	0	0	0	29	0	0	48	29	0	2	-1	0	0	44	0	-1	-1	0	-1	0
c5145	-1	0	-1	0	-1	0	0	19	0	0	46	0	27	-1	0	47	-1	29	0	-1	-1	0	0	0	0	9	0	-1	47	-1
c5175	0	0	4	35	-1	0	-1	0	0	-1	-1	0	-1	-1	0	47	0	29	0	24	-1	20	0	0	-1	9	0	0	19	0
c5186	0	0	4	-1	-1	36	0	0	15	0	0	-1	0	29	0	0	0	29	0	0	-1	0	-1	44	0	0	0	0	0	0
c5187	0	0	-1	-1	-1	36	0	0	15	0	0	0	-1	29	0	-1	0	29	0	0	-1	0	2	44	0	0	0	0	-1	0
c5212	0	-1	4	0	-1	0	0	35	0	0	0	0	22	29	27	15	39	29	-1	0	-1	24	0	-1	27	0	-1	0	0	0
c5225	0	35	4	-1	-1	8	-1	0	-1	0	-1	-1	30	29	0	27	47	29	-1	0	-1	0	48	27	0	-1	-1	-1	0	0
c5242	-1	0	4	-1	-1	36	0	0	15	0	0	0	0	29	0	0	0	29	0	0	-1	0	0	44	0	0	0	0	0	0
c5243	-1	0	4	-1	-1	36	0	3	15	-1	0	0	0	29	0	0	0	-1	0	0	-1	0	0	44	0	0	0	-1	-1	27
c5256	-1	-1	-1	27	-1	0	0	-1	47	0	0	0	47	29	-1	-1	42	-1	0	-1	-1	3	0	27	-1	22	41	-1	0	0
c5287	0	0	4	-1	-1	-1	-1	0	-1	0	4	0	-1	29	0	22	-1	-1	-1	0	-1	0	0	44	-1	0	27	0	0	-1
c5290	0	35	4	-1	-1	8	0	-1	0	-1	0	0	0	29	-1	0	-1	29	41	22	-1	2	48	0	-1	-1	0	-1	0	22
c5293	-1	0	-1	-1	-1	-1	0	-1	-1	46	0	0	0	29	-1	-1	0	29	38	14	-1	0	0	-1	0	0	8	-1	17	0
c5306	-1	0	4	-1	-1	36	0	0	-1	-1	4	32	0	-1	0	-1	0	29	14	0	-1	0	-1	44	0	0	0	0	-1	0
c5307	0	0	4	-1	-1	36	0	0	-1	-1	4	32	0	29	0	0	0	-1	14	-1	-1	47	0	44	0	0	0	0	-1	0
c5309	0	-1	4	35	-1	0	18	35	4	-1	35	0	27	-1	0	0	0	29	-1	-1	-1	-1	0	0	0	0	0	-1	0	0
c5310	-1	0	4	-1	-1	0	0	0	0	-1	0	0	0	-1	47	41	-1	29	0	0	-1	-1	0	0	-1	0	-1	0	0	0
c5331	0	35	4	-1	-1	8	5	0	0	-1	0	-1	30	29	22	27	0	29	0	-1	-1	48	48	0	0	-1	0	-1	0	0
c5374	0	0	-1	0	-1	0	-1	0	0	0	0	0	0	29	-1	47	0	29	2	24	-1	-1	0	4	-1	9	-1	0	0	0
c5402	-1	-1	-1	0	-1	0	47	41	0	-1	2	48	-1	29	29	-1	35	0	20	-1	41	49	47	0	-1	0	-1	0	-1	3
c5407	0	20	4	0	-1	0	-1	19	0	-1	0	0	-1	29	0	-1	26	29	-1	24	-1	0	-1	0	0	-1	-1	-1	0	0
c5412	48	0	-1	47	-1	26	0	0	33	0	35	0	-1	29	0	47	-1	29	0	24	-1	-1	0	4	-1	9	0	0	0	0
c5435	0	-1	19	0	-1	0	47	0	-1	0	-1	48	-1	29	29	47	0	14	-1	48	41	-1	47	-1	-1	22	0	38	9	47
c5436	-1	0	4	0	-1	0	-1	0	0	33	-1	48	27	29	-1	0	10	-1	0	-1	0	0	0	0	-1	15	0	41	-1	0
c5483	0	0	4	0	-1	0	0	2	0	0	35	0	16	-1	0	-1	0	-1	0	24	-1	0	47	0	0	9	39	0	0	-1
c5489	-1	0	4	-1	-1	0	0	0	-1	0	0	22	24	29	16	-1	0	29	0	19	-1	22	14	0	-1	0	2	0	-1	0
c5526	-1	0	4	35	-1	32	0	35	0	0	0	0	27	-1	48	47	0	29	46	24	-1	0	0	0	-1	9	0	0	-1	0
c5532	0	0	-1	0	-1	-1	2	35	-1	19	20	-1	20	29	16	0	0	29	0	41	-1	0	22	0	0	0	0	38	3	0
c5535	0	35	4	-1	-1	8	0	48	46	14	0	-1	-1	29	16	27	0	-1	-1	-1	-1	47	48	0	0	-1	0	-1	0	0
c5541	41	0	4	-1	-1	-1	-1	35	0	-1	-1	19	-1	29	-1	0	47	29	-1	0	-1	2	-1	0	0	0	0	0	43	-1
c5544	20	0	4	27	-1	30	0	24	0	-1	0	-1	38	29	35	0	-1	29	0	-1	0	32	0	-1	21	32	0	0	0	0
c5565	0	0	4	0	-1	24	-1	-1	0	35	-1	0	-1	-1	0	37	-1	29	-1	0	-1	-1	0	38	0	0	0	0	0	-1
c5665	0	0	4	0	-1	0	0	35	27	35	0	-1	0	29	27	-1	0	29	0	0	-1	0	3	-1	-1	0	0	0	-1	0
c5669	0	0	4	0	-1	0	0	8	-1	-1	0	0	0	-1	0	47	0	-1	0	24	-1	0	-1	4	-1	9	-1	-1	-1	0
c5684	0	0	-1	0	-1	0	0	0	0	4	0	0	0	29	0	47	0	29	0	24	-1	0	0	4	0	9	0	0	0	-1
c5724	15	0	4	0	-1	0	-1	19	0	0	16	-1	18	29	-1	47	-1	29	0	24	-1	0	0	0	0	9	0	0	0	0
c5775	41	0	4	0	-1	0	0	35	0	0	47	19	20	-1	48	0	0	29	20	0	-1	2	-1	0	-1	-1	0	-1	43	-1
c5784	0	0	0	0	-1	0	47	-1	27	0	0	-1	35	29	29	47	0	46	22	48	-1	0	47	48	-1	0	0	38	0	47
c5810	20	-1	-1	0	-1	47	47	41	0	0	0	-1	0	-1	29	-1	-1	0	-1	48	-1	47	47	0	-1	0	-1	0	0	-1
c5861	0	-1	4	0	-1	0	15	35	0	19	0	-1	20	29	0	-1	47	-1	0	-1	-1	4	-1	0	0	-1	0	-1	0	0
c5875	0	35	4	-1	-1	21	0	17	0	-1	0	0	0	29	0	-1	0	29	29	0	-1	0	0	37	0	0	0	0	-1	0
c5899	20	-1	-1	0	-1	-1	-1	-1	0	0	1	0	10	-1	0	15	0	29	0	-1	0	0	0	2	22	0	0	0	0	0
c5910	0	0	4	0	-1	0	16	0	0	35	0	-1	0	29	0	-1	0	29	-1	24	-1	0	46	4	-1	9	20	0	0	0
c5920	0	0	-1	0	-1	-1	0	19	0	0	8	0	0	29	0	47	22	29	0	24	-1	20	24	0	-1	-1	0	0	0	0
c5936	0	35	4	-1	-1	21	0	0	0	46	-1	0	0	29	0	35	0	-1	0	-1	-1	0	0	-1	0	35	0	0	0	0
c5937	0	35	4	-1	-1	21	0	0	0	46	0	0	0	29	0	35	0	29	0	-1	-1	0	0	-1	-1	35	-1	0	0	-1
c5941	0	0	4	0	-1	47	-1	19	0	0	0	0	-1	29	-1	47	0	29	0	24	-1	20	0	22	35	9	0	0	0	0
c5942	41	0	4	0	-1	0	-1	-1	0	22	-1	19	20	29	-1	-1	0	29	20	-1	-1	0	-1	19	-1	0	22	16	-1	-1
c5970	0	-1	0	4	-1	0	-1	-1	0	0	0	48	46	29	29	1	0	0	0	48	41	0	47	0	-1	0	-1	0	0	0
c5973	0	0	4	47	-1	-1	0	0	-1	0	35	0	0	-1	0	47	-1	29	-1	24	-1	0	0	4	0	9	0	0	0	0
c6005	0	0	4	-1	-1	0	0	19	-1	-1	-1	0	0	29	29	47	-1	29	9	-1	-1	0	0	0	0	9	4	0	0	-1
c6010	-1	35	4	-1	-1	21	0	0	0	46	0	0	0	-1	0	35	-1	-1	35	-1	-1	0	0	-1	0	0	47	0	-1	0
c6055	-1	37	-1	0	-1	0	-1	-1	0	0	46	-1	27	29	-1	47	0	29	-1	24	-1	0	0	-1	0	9	0	-1	0	22
c6091	0	0	4	47	-1	0	47	35	15	41	0	0	20	29	27	0	-1	29	0	-1	-1	-1	19	-1	22	-1	0	0	19	-1
c6143	-1	35	4	-1	-1	8	0	-1	46	0	0	-1	47	-1	0	-1	0	-1	0	-1	-1	-1	-1	0	0	-1	0	-1	0	0
c6157	0	47	4	-1	-1	0	-1	22	0	0	-1	0	27	29	-1	47	0	29	46	-1	-1	0	30	0	-1	9	-1	0	44	0
c6160	47	0	4	0	-1	0	0	19	16	0	0	-1	0	29	0	47	-1	29	35	24	-1	0	0	0	0	9	0	0	0	-1
c6162	-1	0	-1	0	-1	-1	0	0	-1	0	17	0	0	29	-1	0	36	29	0	0	20	0	0	-1	0	0	46	0	47	22
c6168	-1	-1	4	0	-1	0	0	35	27	-1	-1	0	0	29	25	35	-1	-1	-1	20	-1	0	-1	24	-1	0	0	-1	2	0
c6177	0	50	4	0	-1	-1	0	44	38	-1	0	0	-1	29	-1	47	-1	29	48	24	-1	-1	0	22	0	-1	0	0	0	0
c6182	0	0	4	47	-1	-1	-1	0	0	35	0	-1	0	29	0	-1	0	29	-1	24	-1	-1	46	-1	0	9	0	0	44	0
c6202	33	-1	-1	-1	-1	-1	0	35	-1	-1	0	32	0	29	35	19	35	29	0	48	-1	47	0	47	-1	0	0	0	22	0
c6314	-1	0	4	-1	-1	-1	-1	0	0	48	0	47	19	29	0	0	0	29	0	2	-1	0	0	-1	-1	-1	0	0	-1	47
c6335	0	-1	4	0	-1	-1	0	0	0	0	48	0	47	29	-1	47	48	29	2	24	-1	0	-1	-1	0	9	14	24	0	0
c6344	20	-1	4	0	-1	-1	-1	0	0	18	-1	0	-1	29	-1	-1	0	29	0	20	4	0	0	0	0	0	-1	0	48	47
c6370	0	0	19	0	-1	0	47	0	0	0	0	48	35	29	29	-1	22	14	20	-1	41	0	47	9	-1	0	0	38	-1	-1
c6382	0	0	4	-1	-1	0	15	35	0	19	0	-1	20	29	34	0	-1	29	0	0	-1	0	-1	0	0	0	0	38	0	0
c6386	2	0	4	-1	-1	36	0	22	-1	0	-1	0	47	29	0	0	0	29	0	0	-1	0	-1	-1	0	0	0	0	35	0
c6399	0	0	0	13	-1	0	47	41	0	0	0	48	0	-1	-1	0	0	-1	0	48	41	-1	47	0	-1	0	-1	0	0	0
c6412	-1	47	4	35	-1	0	-1	0	41	-1	0	-1	27	29	14	-1	0	29	46	-1	-1	-1	32	22	-1	9	0	0	0	-1
c6424	-1	46	4	49	-1	24	-1	-1	4	45	50	-1	2	-1	2	4	0	29	0	0	-1	0	0	0	20	16	27	-1	0	-1
c6451	0	14	4	0	-1	0	-1	35	0	-1	0	0	35	29	44	37	46	29	0	0	-1	0	15	0	1	24	0	-1	0	0
c6462	0	0	-1	-1	-1	21	0	44	0	-1	48	-1	0	-1	0	0	0	29	0	0	-1	0	0	-1	0	0	0	-1	0	0
c6486	-1	-1	-1	-1	-1	0	0	19	0	-1	-1	0	27	-1	0	47	0	29	0	24	-1	0	0	0	0	9	38	0	47	-1
c6497	0	35	-1	-1	-1	8	0	0	0	0	0	0	0	29	0	14	29	-1	0	22	-1	0	48	35	-1	-1	0	-1	35	2
c6509	0	35	4	-1	-1	8	0	-1	0	0	-1	-1	0	29	0	22	0	29	0	22	-1	-1	48	32	-1	-1	-1	-1	0	0
c6551	-1	0	4	0	-1	-1	0	-1	0	0	0	-1	0	29	0	47	0	29	-1	24	-1	0	0	0	0	9	0	0	-1	0
c6600	-1	0	0	0	-1	44	47	38	0	0	47	48	35	-1	29	47	-1	22	25	48	41	0	47	0	-1	0	16	-1	0	47
c6615	0	0	0	0	-1	44	47	41	0	0	25	48	0	29	-1	1	0	0	0	48	41	0	47	-1	-1	0	-1	0	-1	47
c6642	0	0	0	0	-1	0	-1	0	0	0	19	48	35	29	-1	-1	0	0	22	48	41	0	47	-1	-1	0	0	38	0	47
c6692	15	0	-1	0	-1	0	0	-1	0	-1	16	0	0	29	0	47	-1	29	0	24	-1	0	-1	0	0	9	0	0	0	0
c6702	0	0	4	0	-1	0	0	0	41	4	-1	0	0	29	-1	47	0	29	0	24	-1	-1	0	4	0	-1	0	0	26	0
c6753	0	47	4	0	-1	0	-1	-1	0	-1	0	15	20	29	0	47	-1	29	0	0	-1	21	0	0	19	4	0	38	0	0
c6770	0	-1	-1	0	-1	0	0	22	-1	4	0	0	0	29	0	47	0	-1	0	-1	-1	0	0	4	0	9	0	0	0	22
c6771	35	-1	4	0	-1	0	0	22	0	4	-1	0	0	29	0	-1	0	29	0	-1	-1	0	0	4	0	9	0	0	-1	22
c6798	0	-1	14	0	-1	27	47	-1	4	-1	0	48	-1	29	29	47	0	47	-1	48	41	-1	47	0	-1	0	0	38	0	47
c6815	0	35	-1	-1	-1	8	0	0	0	0	0	0	0	29	0	14	0	29	-1	22	-1	0	48	35	-1	-1	0	-1	35	0
c6842	0	0	4	-1	-1	0	9	0	0	4	0	-1	0	29	14	47	-1	-1	0	24	-1	0	0	4	-1	9	0	0	0	0
c6854	0	35	4	-1	-1	8	0	47	0	0	0	22	0	-1	0	0	47	29	0	22	-1	-1	48	0	-1	-1	0	-1	-1	-1
c6867	20	0	4	-1	-1	0	0	0	0	0	0	-1	-1	29	35	0	10	29	0	22	-1	0	0	9	26	0	0	0	0	0
c6889	-1	0	4	0	-1	0	-1	35	0	-1	0	15	20	29	0	0	0	-1	0	0	-1	-1	38	-1	19	-1	-1	38	-1	0
c6908	-1	35	4	-1	-1	8	0	0	0	0	-1	-1	0	29	0	22	0	29	0	22	-1	-1	48	0	-1	-1	-1	-1	0	0
c6957	33	0	4	0	-1	0	47	35	-1	0	0	0	0	29	-1	0	35	29	-1	0	-1	0	-1	0	-1	0	29	-1	22	-1
c6961	-1	0	-1	-1	-1	36	0	22	-1	0	0	0	-1	-1	0	0	-1	29	0	0	-1	-1	0	-1	0	0	0	0	0	0
c6980	0	0	-1	0	-1	0	0	0	16	0	-1	46	-1	29	15	47	0	29	48	24	-1	-1	0	0	-1	-1	0	0	46	-1
c7008	0	0	-1	15	-1	26	0	35	0	19	49	0	20	29	0	0	0	29	-1	-1	-1	35	0	35	22	0	-1	38	15	47
c7036	20	-1	-1	4	-1	4	0	0	3	22	0	-1	0	29	0	35	0	29	15	-1	-1	0	-1	0	-1	-1	0	-1	0	0
c7047	23	-1	0	0	-1	0	47	0	22	0	0	48	-1	29	29	47	35	35	0	48	-1	35	47	-1	-1	0	0	38	0	-1
c7054	0	0	-1	0	-1	0	9	0	0	-1	0	-1	0	29	14	47	34	29	0	24	-1	-1	-1	4	0	9	-1	0	0	0
c7055	0	0	4	0	-1	0	9	0	0	4	0	-1	0	29	-1	47	-1	29	0	24	-1	44	0	4	0	9	0	-1	-1	-1
c7063	0	38	0	0	-1	0	47	41	0	-1	-1	-1	4	29	29	-1	0	0	0	48	-1	0	47	0	-1	0	-1	46	38	0
c7071	32	0	4	35	-1	32	-1	35	0	0	0	0	27	-1	48	-1	0	29	0	24	-1	0	8	0	-1	9	0	0	19	47
c7086	9	48	4	-1	-1	-1	0	35	22	19	0	0	20	-1	-1	0	0	29	16	-1	-1	0	27	0	-1	0	22	38	4	0
c7131	15	19	4	0	-1	0	-1	-1	0	0	16	47	27	-1	0	47	-1	29	0	24	-1	0	0	38	0	9	0	50	0	47
c7166	-1	-1	4	0	-1	0	0	35	0	19	0	0	-1	29	-1	35	0	29	0	0	-1	0	0	-1	0	0	-1	-1	0	0
c7167	-1	0	4	0	-1	0	0	35	0	19	0	-1	20	29	23	35	0	29	0	0	-1	0	0	0	-1	0	0	-1	0	0
c7179	47	0	35	0	-1	3	-1	22	-1	0	-1	0	-1	29	0	0	27	0	0	0	-1	8	0	35	-1	-1	-1	0	0	-1
c7205	0	35	4	-1	-1	-1	0	0	-1	0	0	0	15	29	-1	0	46	29	0	0	-1	33	48	0	41	35	35	-1	-1	0
c7217	0	0	4	35	-1	0	22	19	33	0	0	0	0	29	20	47	-1	29	0	-1	-1	0	0	4	0	9	-1	-1	0	23
c7219	0	0	-1	-1	-1	-1	-1	0	0	0	0	0	0	29	2	47	16	29	2	-1	-1	0	0	4	0	9	-1	0	42	0
c7271	0	0	4	0	-1	-1	18	-1	16	-1	2	-1	0	29	0	47	0	29	-1	-1	-1	0	1	32	-1	0	19	47	0	0
c7286	19	-1	4	-1	-1	35	0	35	0	19	27	0	20	-1	-1	0	39	29	-1	48	-1	0	0	0	0	-1	0	-1	0	-1
c7313	0	0	4	-1	-1	0	0	35	0	-1	-1	0	20	-1	0	16	-1	-1	-1	0	-1	21	0	0	-1	47	-1	38	0	0
c7324	0	14	4	-1	-1	-1	-1	35	0	0	0	-1	-1	29	0	37	-1	29	44	-1	-1	0	36	0	-1	0	0	-1	-1	0
c7326	-1	35	4	-1	-1	8	0	-1	0	0	0	0	47	29	0	0	-1	-1	0	22	-1	4	48	0	-1	-1	-1	-1	-1	0
c7328	41	27	-1	-1	-1	-1	0	35	0	9	-1	19	20	29	48	0	47	29	20	0	-1	0	-1	0	0	0	-1	27	43	-1
c7342	-1	0	4	0	-1	24	-1	0	22	0	-1	27	0	29	0	0	-1	29	29	42	0	0	10	0	0	0	0	0	0	0
c7344	-1	0	4	0	-1	0	35	35	0	0	-1	19	-1	29	48	46	-1	29	20	0	-1	2	-1	-1	-1	0	0	0	43	-1
c7357	0	35	4	-1	-1	8	-1	0	0	0	0	-1	0	29	0	14	0	-1	0	22	-1	0	48	35	-1	-1	0	-1	35	0
c7386	2	0	4	47	-1	26	0	0	33	0	35	0	0	29	0	47	19	29	0	24	-1	0	0	4	0	9	0	0	48	0
c7387	2	0	4	-1	-1	-1	0	0	33	0	35	0	0	-1	0	47	19	29	0	24	-1	0	0	4	-1	9	0	-1	48	0
c7403	0	0	-1	-1	-1	36	0	0	15	0	0	0	26	29	-1	0	-1	29	0	0	-1	-1	-1	44	0	-1	0	0	0	0
c7413	-1	-1	4	0	-1	0	-1	0	0	0	0	-1	-1	29	0	47	32	-1	0	0	0	0	0	0	0	-1	0	0	0	0
c7416	0	0	4	0	-1	0	39	0	33	0	-1	0	14	29	0	-1	-1	29	0	24	-1	0	0	-1	0	9	-1	0	27	23
c7456	-1	0	4	-1	-1	-1	-1	-1	15	0	0	-1	-1	29	-1	0	0	29	0	-1	-1	-1	0	-1	0	-1	0	27	0	0
c7457	0	0	4	-1	-1	36	0	0	15	0	16	0	-1	29	0	-1	0	-1	0	30	-1	0	0	44	0	-1	0	27	0	0
c7464	-1	35	4	-1	-1	8	-1	46	0	0	0	-1	0	29	-1	-1	-1	29	26	22	-1	0	48	-1	35	35	-1	-1	-1	0
c7487	41	27	4	0	-1	-1	15	35	0	0	0	19	20	29	48	-1	0	29	20	0	-1	0	-1	0	0	48	0	0	43	-1
c7517	25	0	4	0	-1	-1	47	35	0	0	-1	0	0	29	39	-1	35	-1	-1	49	-1	0	35	35	46	15	47	0	29	0
c7576	0	0	-1	0	-1	0	-1	-1	-1	0	-1	0	14	29	0	47	35	29	0	-1	-1	35	35	4	0	9	-1	0	0	23
c7584	-1	29	4	-1	-1	36	0	0	-1	0	-1	0	0	29	0	32	0	29	14	0	-1	0	0	44	0	0	22	0	0	35
c7585	-1	-1	-1	-1	-1	36	-1	0	-1	38	4	0	0	29	-1	0	0	29	14	0	-1	0	-1	44	0	0	22	0	0	-1
c7588	-1	0	4	0	-1	24	35	-1	0	-1	0	0	-1	29	0	0	0	29	0	0	0	27	0	0	-1	2	48	0	0	0
c7606	16	-1	4	-1	-1	-1	-1	-1	-1	35	24	-1	0	29	-1	27	0	29	0	0	-1	47	48	0	0	-1	0	-1	0	0
c7609	15	0	-1	-1	-1	0	0	19	-1	0	-1	0	35	-1	-1	47	0	29	0	24	-1	0	0	0	-1	9	0	0	0	-1
c7612	0	35	4	-1	-1	8	-1	46	24	0	27	32	0	-1	-1	17	0	29	26	-1	-1	0	48	0	0	35	0	-1	47	0
c7621	14	0	4	0	-1	-1	15	35	47	19	0	0	20	29	0	20	0	29	-1	22	-1	35	0	0	0	0	0	38	0	0
c7631	0	35	4	-1	-1	-1	0	0	0	0	0	-1	0	29	0	-1	0	29	0	0	-1	0	48	0	0	0	47	-1	-1	0
c7651	-1	35	4	-1	-1	-1	-1	46	24	0	0	0	-1	29	-1	0	0	29	-1	-1	-1	0	48	0	0	-1	-1	-1	0	0
c7663	-1	-1	-1	0	-1	0	47	0	0	-1	0	-1	35	29	29	47	0	0	0	48	41	-1	47	0	-1	0	0	38	0	47
c7676	-1	-1	-1	-1	-1	-1	0	0	0	-1	0	20	0	29	-1	0	0	29	-1	47	-1	-1	-1	0	-1	0	2	-1	0	0
c7715	-1	0	4	15	-1	-1	24	0	0	48	0	22	19	-1	-1	0	0	29	0	2	20	32	0	-1	0	34	0	0	-1	47
c7716	-1	-1	4	-1	-1	36	0	0	15	0	0	0	0	29	0	0	0	29	0	-1	-1	0	0	44	0	-1	0	0	-1	0
c7719	0	0	4	0	-1	0	50	2	0	-1	0	0	-1	29	15	47	-1	29	48	24	-1	0	-1	-1	-1	9	-1	0	-1	14
c7726	0	41	19	-1	-1	0	47	35	47	0	-1	48	35	29	-1	-1	35	14	0	48	41	0	47	20	-1	-1	-1	-1	-1	47
c7756	-1	-1	4	-1	-1	-1	-1	-1	16	0	1	-1	0	29	0	0	0	29	0	0	0	47	0	0	0	0	0	0	-1	0
c7765	47	-1	4	35	-1	-1	0	0	0	-1	0	-1	27	29	14	-1	-1	29	46	24	-1	0	0	-1	-1	9	0	2	0	0
c7773	8	35	4	-1	-1	8	0	35	-1	0	-1	-1	0	-1	0	-1	0	29	22	0	-1	0	48	0	-1	0	0	-1	22	-1
c7818	0	35	4	-1	-1	8	-1	0	0	10	-1	0	-1	29	0	-1	-1	29	0	22	-1	0	48	0	-1	-1	0	-1	0	0
c7828	0	47	4	35	-1	0	0	48	0	0	0	-1	27	-1	14	47	-1	29	-1	24	-1	0	0	0	-1	9	0	0	37	0
c7832	-1	0	4	19	-1	0	0	0	0	-1	0	0	0	-1	0	-1	-1	-1	38	22	-1	24	0	-1	0	0	46	-1	0	22
c7840	-1	-1	35	0	-1	3	-1	22	-1	0	0	0	0	29	0	0	27	0	35	0	-1	8	0	35	-1	-1	0	0	0	0
c7841	-1	0	35	0	-1	3	-1	22	0	0	0	-1	-1	29	0	0	27	0	0	0	-1	8	-1	35	-1	-1	0	0	0	0
c7845	0	35	4	-1	-1	21	35	0	0	46	0	50	-1	-1	20	-1	0	-1	0	-1	-1	0	0	-1	39	0	0	-1	0	48
c7855	0	22	0	0	-1	-1	47	-1	-1	0	0	48	24	29	29	-1	0	-1	0	48	41	0	47	22	-1	0	-1	0	-1	0
c7872	-1	0	4	0	-1	0	-1	0	44	4	0	-1	4	29	0	47	-1	29	-1	-1	-1	0	20	4	0	9	-1	47	0	22
c7917	20	-1	4	0	-1	-1	-1	0	41	0	-1	0	0	29	0	0	0	29	47	-1	47	0	0	0	44	0	0	0	0	-1
c7918	20	0	4	0	-1	0	0	0	0	35	-1	0	0	29	0	27	-1	-1	-1	-1	0	0	0	0	0	0	-1	0	0	0
c7965	0	-1	4	35	-1	0	0	35	35	-1	48	0	27	-1	-1	47	0	29	0	24	-1	19	0	2	-1	9	22	-1	19	0
c7992	41	0	-1	32	-1	0	0	35	-1	0	0	19	20	29	-1	0	0	-1	20	16	-1	0	-1	0	0	0	2	0	43	-1
c8003	47	-1	4	0	-1	-1	0	19	16	0	0	-1	0	29	0	47	26	29	-1	-1	-1	-1	0	0	-1	9	0	0	-1	0
c8036	0	32	-1	0	-1	0	0	0	0	0	0	38	0	-1	0	-1	-1	29	2	24	-1	0	0	4	4	-1	0	27	46	0
c8044	41	47	4	0	-1	0	-1	35	5	-1	0	19	20	29	48	0	-1	29	20	14	-1	0	-1	0	-1	0	-1	0	43	-1
c8058	0	-1	-1	-1	-1	36	0	0	15	0	0	47	0	29	0	-1	14	-1	0	0	-1	0	0	0	47	22	0	-1	35	0
c8074	-1	0	47	0	-1	-1	-1	0	0	0	0	48	35	29	29	47	0	-1	22	48	-1	0	-1	0	-1	-1	0	38	0	47
c8096	0	41	4	-1	-1	0	38	0	0	0	1	22	24	29	35	-1	0	29	47	0	-1	22	-1	0	0	0	0	0	-1	0
c8138	-1	-1	4	0	-1	-1	47	-1	0	-1	-1	0	-1	-1	20	35	46	29	-1	-1	-1	21	0	0	22	15	0	-1	29	-1
c8177	0	0	-1	0	-1	-1	0	-1	0	-1	-1	-1	-1	29	0	0	0	-1	0	-1	-1	0	0	0	22	0	0	38	0	0
c8185	0	47	4	-1	-1	0	0	0	0	-1	22	0	27	29	-1	47	0	29	46	24	-1	-1	30	0	-1	-1	-1	0	44	0
c8188	0	0	4	35	-1	32	0	35	0	0	0	0	27	-1	48	47	0	29	0	24	-1	22	-1	0	-1	9	0	0	19	0
c8195	0	35	4	-1	-1	8	0	35	0	0	-1	-1	47	-1	-1	-1	-1	29	0	35	-1	35	48	0	-1	0	0	-1	-1	-1
c8207	-1	35	4	0	-1	0	0	0	47	35	0	-1	0	29	0	0	0	29	0	-1	0	0	-1	38	-1	-1	-1	0	-1	0
c8220	0	35	4	-1	-1	8	-1	-1	0	0	-1	0	47	-1	0	0	-1	-1	0	22	-1	0	48	0	-1	-1	0	-1	0	-1
c8246	0	-1	4	0	-1	0	0	35	0	35	0	0	-1	29	27	0	0	29	0	0	-1	0	3	-1	0	-1	0	-1	0	0
c8256	20	0	4	0	-1	0	0	14	0	32	0	-1	35	29	24	39	0	-1	44	22	0	46	0	47	0	41	0	35	0	-1
c8258	0	10	4	0	-1	0	0	36	48	4	47	48	0	-1	0	-1	0	29	30	24	-1	0	0	-1	0	9	0	-1	0	0
c8260	-1	35	-1	-1	-1	21	0	17	0	-1	47	0	-1	-1	0	-1	0	-1	29	0	-1	27	0	-1	0	49	0	-1	0	0
c8274	20	0	4	0	-1	0	0	-1	0	-1	45	0	0	29	41	24	-1	-1	0	27	24	47	0	0	0	-1	0	35	0	0
c8307	0	35	4	-1	-1	-1	15	0	0	0	0	0	15	29	-1	0	-1	29	-1	0	-1	33	48	-1	41	35	35	-1	16	0
c8314	20	-1	4	2	-1	-1	-1	0	38	0	1	0	0	-1	0	0	0	29	0	0	0	35	0	0	0	0	19	-1	0	0
c8318	0	0	-1	15	-1	26	0	35	46	19	49	-1	-1	-1	0	0	-1	-1	-1	-1	-1	35	0	35	22	0	0	38	15	0
c8319	-1	0	4	15	-1	26	0	-1	0	19	49	0	20	29	0	0	-1	29	0	-1	-1	35	-1	35	-1	0	-1	38	15	0
c8335	-1	0	-1	0	-1	0	0	35	0	35	22	0	0	29	27	-1	0	29	0	0	-1	-1	3	-1	29	0	0	29	-1	0
c8357	-1	0	4	0	-1	4	-1	-1	0	0	0	0	0	-1	0	0	16	-1	-1	-1	20	0	0	-1	47	0	46	0	-1	22
c8392	0	48	0	-1	-1	35	47	41	0	46	0	48	0	29	29	0	35	47	24	-1	41	-1	47	-1	-1	0	-1	24	0	0
c8393	-1	-1	0	-1	-1	35	47	41	0	46	0	48	0	-1	29	-1	35	47	24	-1	41	-1	47	-1	-1	0	-1	-1	0	0
c8397	0	35	4	-1	-1	8	0	0	46	0	48	-1	0	-1	27	-1	0	29	0	-1	-1	0	48	15	-1	-1	0	-1	35	-1
c8414	0	0	4	-1	-1	21	0	44	0	0	0	4	0	-1	0	0	0	-1	0	0	-1	0	0	37	0	0	-1	0	0	-1
c8425	25	-1	4	0	-1	-1	47	-1	-1	0	-1	0	-1	-1	20	35	-1	29	0	0	-1	0	0	0	0	15	0	0	29	0
c8433	-1	4	4	0	-1	24	-1	0	46	16	49	-1	0	-1	47	0	-1	29	0	-1	0	0	-1	-1	35	0	0	0	41	0
c8438	0	0	4	0	-1	0	0	0	-1	4	0	0	0	-1	0	47	0	29	0	24	-1	0	0	-1	0	9	0	0	0	14
c8465	0	0	-1	0	-1	0	0	4	0	0	0	-1	0	29	0	47	0	29	2	24	-1	0	-1	-1	0	-1	-1	0	0	-1
c8474	0	0	0	-1	-1	35	-1	41	0	0	0	48	-1	29	-1	0	35	0	-1	48	41	-1	47	48	-1	20	-1	0	0	0
c8477	-1	35	4	38	-1	0	14	0	0	0	0	47	0	29	0	0	0	29	38	0	20	24	0	-1	0	0	46	-1	0	22
c8501	0	0	4	0	-1	0	-1	35	0	0	0	-1	-1	29	-1	-1	-1	29	-1	-1	-1	41	0	4	0	9	0	0	0	0
c8517	-1	33	-1	-1	-1	-1	-1	35	0	-1	-1	2	0	-1	0	-1	47	29	-1	0	-1	0	0	0	0	0	0	47	44	0
c8522	20	-1	4	0	-1	4	32	11	47	22	0	-1	0	29	0	-1	0	29	0	32	-1	47	0	48	-1	0	0	0	0	-1
c8528	20	0	4	-1	-1	0	0	0	0	0	0	-1	0	29	0	0	-1	29	-1	0	0	-1	0	9	0	0	0	0	-1	0
c8539	-1	37	4	0	-1	0	0	19	0	0	46	0	27	29	-1	47	0	-1	-1	24	-1	0	-1	0	-1	9	0	22	0	0
c8557	-1	0	-1	0	-1	24	-1	-1	0	35	-1	0	0	-1	0	-1	14	29	-1	0	-1	0	35	38	0	0	0	0	-1	20
c8559	0	0	4	0	-1	0	-1	0	48	4	47	0	0	-1	-1	-1	0	29	-1	24	-1	22	30	-1	0	9	0	0	0	-1
c8563	0	35	4	-1	-1	8	0	48	46	0	0	-1	0	29	0	27	0	29	-1	0	-1	47	48	-1	0	-1	0	-1	0	-1
c8565	0	-1	-1	24	-1	0	0	0	-1	-1	-1	0	0	-1	-1	-1	-1	-1	-1	24	-1	0	0	-1	0	9	-1	0	0	-1
c8574	0	35	4	-1	-1	8	0	35	0	0	-1	-1	47	29	-1	27	35	-1	0	35	-1	0	48	-1	0	0	0	-1	0	0
c8608	46	35	4	-1	-1	8	0	-1	0	-1	-1	-1	47	29	-1	27	35	29	0	-1	-1	35	48	0	0	14	0	-1	0	0
c8609	46	35	4	-1	-1	8	0	35	0	20	-1	-1	47	29	-1	27	35	29	0	0	-1	-1	-1	-1	0	14	0	-1	0	0
c8616	47	0	-1	0	-1	0	0	35	-1	19	0	0	-1	29	0	35	0	29	0	0	-1	0	20	0	22	0	0	38	-1	0
c8627	35	35	4	-1	-1	8	-1	0	46	-1	-1	-1	0	29	0	27	-1	29	35	27	-1	-1	-1	0	0	-1	0	-1	35	-1
c8632	-1	0	4	0	-1	-1	47	35	0	-1	-1	0	0	-1	0	35	0	-1	0	0	-1	0	0	0	-1	-1	-1	0	29	-1
c8641	-1	35	-1	0	-1	0	35	35	0	0	0	19	20	29	-1	46	0	29	20	0	-1	2	-1	0	0	0	0	0	-1	-1
c8648	0	0	-1	-1	-1	36	0	0	-1	0	0	0	0	29	0	0	0	29	0	2	-1	0	0	0	0	0	0	0	0	-1
c8657	0	35	4	-1	-1	8	4	-1	15	0	0	-1	0	29	-1	22	0	29	0	22	-1	0	48	0	-1	-1	-1	-1	-1	0
c8674	0	0	4	-1	-1	21	0	-1	24	0	0	-1	0	-1	35	0	0	29	0	0	-1	0	0	37	0	0	35	0	0	-1
c8675	0	-1	4	-1	-1	-1	0	-1	0	-1	-1	-1	0	29	35	0	-1	29	0	0	-1	-1	-1	-1	0	-1	35	0	-1	-1
c8687	20	-1	4	-1	-1	4	0	35	0	22	0	-1	-1	29	0	35	22	29	0	-1	0	46	0	0	32	0	38	0	-1	-1
c8702	0	0	4	0	-1	0	-1	-1	33	0	0	0	0	-1	-1	-1	0	29	0	24	-1	0	0	-1	15	9	-1	-1	-1	23
c8731	-1	0	4	-1	-1	36	0	0	-1	0	39	0	0	-1	0	0	9	29	0	47	-1	0	0	-1	0	27	-1	0	0	0
c8732	0	37	4	0	-1	-1	0	2	47	0	35	-1	16	-1	0	47	27	29	-1	24	-1	0	35	0	20	9	0	-1	32	0
c8758	33	0	4	0	-1	0	0	35	-1	0	-1	32	0	29	0	0	35	-1	0	-1	-1	14	-1	47	0	0	0	0	22	-1
c8765	20	-1	-1	-1	-1	4	-1	0	0	22	0	-1	0	29	0	35	0	29	-1	0	35	0	36	35	47	3	0	0	0	0
c8766	0	0	4	0	-1	0	0	-1	0	0	8	35	0	-1	-1	-1	0	29	0	24	-1	20	24	0	0	9	0	-1	0	0
c8777	6	-1	4	-1	-1	-1	0	0	0	0	-1	-1	-1	29	-1	27	-1	29	0	0	-1	0	48	0	0	-1	0	-1	0	-1
c8788	-1	0	4	0	-1	-1	0	18	0	48	0	0	0	-1	0	0	0	29	0	0	-1	-1	0	-1	0	34	0	0	43	-1
c8809	0	0	4	0	-1	-1	0	35	0	0	0	0	0	29	0	47	0	29	2	24	-1	0	0	4	0	9	0	0	0	0
c8814	-1	0	-1	47	-1	26	0	0	33	0	35	0	-1	29	0	47	19	29	0	-1	-1	-1	0	4	0	9	0	0	0	-1
c8819	-1	-1	4	0	-1	0	0	19	0	-1	46	-1	27	29	0	-1	0	29	0	-1	-1	0	35	0	0	9	0	22	-1	0
c8834	0	-1	4	-1	-1	-1	0	-1	-1	0	0	-1	47	29	-1	16	0	-1	0	22	-1	0	-1	0	-1	-1	0	-1	0	0
c8844	0	0	4	0	-1	0	0	0	0	4	0	0	0	29	-1	-1	0	29	0	24	-1	0	0	4	-1	9	0	0	2	22
c8855	0	0	4	0	-1	21	4	0	0	0	-1	0	0	29	0	47	44	-1	2	-1	-1	0	0	-1	-1	-1	0	0	0	0
c8882	0	-1	4	-1	-1	36	0	-1	15	0	-1	0	35	29	-1	0	-1	29	-1	0	-1	14	-1	39	0	0	4	0	-1	0
c8886	15	0	4	39	-1	-1	0	19	35	-1	16	15	0	29	0	47	0	29	0	24	-1	0	0	0	-1	9	0	50	30	-1
c8904	-1	-1	4	35	-1	19	39	46	2	0	0	0	41	29	-1	47	2	29	-1	-1	-1	0	0	-1	-1	9	-1	37	-1	0
c8921	0	0	4	-1	-1	0	0	47	33	-1	49	0	14	29	-1	47	0	29	0	24	-1	0	0	4	0	9	-1	0	0	23
c8923	20	22	4	-1	-1	0	0	0	-1	32	-1	0	0	29	-1	47	10	29	0	27	0	0	-1	0	38	0	-1	0	35	0
c8952	0	19	4	-1	-1	-1	0	0	15	-1	16	0	-1	29	26	-1	-1	-1	0	0	-1	-1	-1	0	0	-1	14	0	0	0
c8969	-1	27	4	0	-1	0	0	35	0	-1	0	19	-1	29	48	-1	0	29	20	0	-1	0	-1	0	0	-1	0	-1	43	-1
c8990	0	-1	-1	0	-1	0	-1	35	0	-1	0	0	20	29	0	22	0	-1	0	0	-1	0	0	0	-1	0	-1	-1	0	0
c8997	0	48	-1	-1	-1	15	-1	35	0	19	0	-1	20	-1	0	-1	0	-1	0	0	-1	0	0	0	0	24	22	38	-1	0
c9013	0	0	38	0	-1	0	47	-1	-1	-1	-1	48	35	29	29	-1	-1	-1	22	48	41	0	47	0	-1	0	22	38	48	-1
c9022	0	47	4	35	-1	0	0	0	41	0	-1	0	27	29	14	47	0	-1	46	24	-1	-1	-1	22	-1	9	0	0	0	0
c9029	41	0	4	0	-1	2	35	35	0	22	0	19	20	29	48	0	-1	29	20	-1	-1	-1	-1	0	0	0	0	0	43	-1
c9048	-1	0	4	-1	-1	-1	0	0	0	0	0	29	0	-1	0	41	-1	29	0	0	-1	-1	-1	0	0	0	-1	0	0	0
c9057	32	0	0	35	-1	-1	47	38	0	0	-1	48	35	29	29	47	0	0	0	48	41	0	47	0	-1	-1	16	38	-1	47
c9067	0	-1	4	0	-1	0	15	35	0	-1	0	0	20	29	0	22	-1	29	-1	0	-1	0	0	0	-1	0	0	38	0	0
c9077	0	0	-1	35	-1	0	0	35	0	0	0	0	27	-1	48	47	0	29	0	24	-1	-1	4	0	-1	9	-1	-1	-1	-1
c9088	0	9	-1	-1	-1	21	20	44	-1	-1	0	0	0	29	-1	0	0	29	0	41	-1	50	19	37	-1	0	0	0	0	22
c9089	0	0	4	-1	-1	21	20	44	42	0	0	0	0	29	0	0	0	29	0	41	-1	50	19	37	0	0	0	0	0	22
c9098	41	27	-1	0	-1	0	0	-1	0	9	0	19	20	29	48	0	-1	29	20	0	-1	0	-1	0	0	0	35	-1	43	-1
c9101	0	0	4	-1	-1	21	-1	-1	0	0	2	0	-1	29	32	38	0	29	-1	0	-1	48	0	37	0	0	0	-1	0	0
c9122	0	-1	4	0	-1	-1	15	35	0	19	0	0	20	29	0	0	46	29	0	0	-1	0	0	0	0	-1	0	38	-1	0
c9124	20	47	4	0	-1	0	0	14	-1	0	0	0	0	29	-1	41	-1	-1	10	22	0	0	15	0	0	0	0	-1	0	0
c9133	-1	-1	4	0	-1	0	15	-1	0	19	0	0	20	29	0	-1	47	29	0	0	-1	4	48	0	0	-1	-1	38	17	0
c9143	41	14	4	0	-1	0	-1	35	0	0	0	0	20	29	-1	48	0	29	0	0	-1	0	-1	0	0	0	19	-1	0	-1
c9150	-1	35	4	-1	-1	-1	-1	29	0	-1	0	-1	38	-1	20	0	0	29	-1	22	-1	49	-1	37	0	0	0	0	0	0
c9155	-1	0	4	-1	-1	-1	-1	35	0	-1	-1	19	-1	29	48	19	0	29	-1	16	-1	-1	-1	0	-1	0	46	4	43	-1
c9161	41	0	4	0	-1	0	0	35	0	22	0	19	20	29	48	47	0	-1	20	0	-1	-1	-1	0	0	0	9	0	43	-1
c9186	0	0	4	0	-1	0	0	35	-1	0	-1	-1	0	-1	0	0	35	-1	42	15	-1	0	-1	24	0	0	47	0	2	0
c9216	-1	-1	4	0	-1	24	0	0	0	28	50	35	27	29	0	4	47	29	0	0	0	0	0	0	0	-1	27	0	-1	-1
c9236	0	47	4	-1	-1	0	0	0	-1	-1	0	0	27	29	-1	-1	-1	29	46	24	-1	0	-1	0	-1	-1	5	-1	0	0
c9243	-1	35	-1	0	-1	-1	47	29	0	0	0	48	35	29	29	47	0	-1	0	48	41	0	47	0	-1	0	-1	-1	-1	47
c9251	0	0	-1	-1	-1	0	-1	2	-1	-1	-1	-1	16	-1	0	47	0	29	0	24	-1	0	0	0	-1	9	0	0	0	36
c9274	-1	0	4	0	-1	0	0	19	0	0	0	0	0	29	27	47	41	29	29	-1	-1	17	0	0	0	9	0	0	25	0
c9282	0	4	4	0	-1	0	0	35	0	-1	0	15	-1	29	-1	0	0	29	0	0	-1	-1	0	-1	19	4	0	38	0	0
c9284	0	0	19	50	-1	0	47	0	20	0	0	48	35	-1	29	47	0	0	16	48	-1	15	47	0	-1	0	-1	38	24	47
c9296	-1	-1	4	0	-1	0	0	19	0	0	0	0	-1	29	0	47	-1	29	0	24	-1	-1	0	0	0	9	19	0	-1	0
c9299	0	20	4	35	-1	-1	0	-1	0	21	0	0	24	29	15	47	0	29	0	24	-1	0	0	48	0	9	0	0	0	0
c9324	20	-1	4	-1	-1	-1	-1	20	-1	0	1	-1	0	29	-1	0	0	29	-1	-1	47	47	0	0	0	0	0	0	20	0
c9384	0	-1	4	-1	-1	-1	0	-1	-1	0	0	-1	4	-1	35	27	-1	29	-1	0	-1	0	48	0	0	0	0	-1	0	0
c9407	0	-1	4	-1	-1	-1	0	44	0	-1	0	-1	0	29	-1	0	0	29	0	0	-1	15	0	37	-1	0	4	0	0	-1
c9432	0	49	4	0	-1	0	-1	29	0	4	47	0	-1	29	19	-1	46	29	-1	24	-1	0	-1	4	0	9	0	0	0	28
c9451	48	0	4	0	-1	0	-1	35	0	19	-1	35	20	29	0	0	0	29	0	0	-1	0	-1	0	0	0	-1	-1	-1	0
c9460	0	47	-1	35	-1	0	0	0	-1	0	-1	0	27	29	14	-1	-1	29	46	24	-1	0	30	0	-1	-1	0	0	44	0
c9468	0	-1	4	0	-1	0	0	0	0	0	0	0	0	-1	0	47	47	29	2	24	-1	0	-1	-1	0	9	0	0	0	0
c9478	0	0	27	0	-1	47	47	-1	-1	0	27	48	35	29	-1	47	0	0	22	-1	-1	26	47	0	-1	0	0	-1	0	47
c9491	0	14	4	0	-1	-1	-1	35	0	22	0	0	4	29	0	37	-1	29	22	32	-1	0	0	0	0	0	36	-1	0	0
c9507	0	-1	4	-1	-1	8	0	32	0	-1	0	-1	30	29	0	-1	47	29	0	0	-1	0	48	0	-1	-1	-1	-1	-1	0
c9514	41	14	4	0	-1	0	47	35	0	0	0	0	20	29	-1	0	-1	29	0	20	-1	27	-1	0	0	0	19	-1	0	-1
c9516	0	20	4	35	-1	-1	0	0	0	21	0	-1	-1	29	15	47	0	29	0	24	-1	0	0	48	0	9	0	0	0	0
c9528	-1	-1	4	-1	-1	21	0	44	0	0	0	-1	0	29	35	0	0	29	0	0	-1	-1	0	37	0	-1	0	0	0	-1
c9529	32	0	4	-1	-1	21	0	-1	0	0	0	-1	0	-1	35	0	0	29	0	0	-1	0	0	37	0	0	0	0	0	-1
c9543	0	0	4	0	-1	0	-1	35	0	0	3	0	-1	29	0	47	47	29	2	-1	-1	0	0	0	0	0	19	47	15	-1
c9553	-1	-1	4	-1	-1	0	27	35	27	0	0	0	-1	29	0	0	35	29	-1	-1	-1	-1	0	-1	0	0	46	0	2	35
c9554	0	0	0	0	-1	0	47	44	0	0	47	48	35	29	-1	47	0	14	46	48	-1	48	-1	35	-1	0	0	-1	0	-1
c9577	41	0	4	0	-1	-1	0	-1	0	22	0	19	20	29	48	0	-1	29	20	0	-1	0	-1	0	0	0	22	16	43	-1
c9588	48	35	4	-1	-1	21	0	0	0	46	48	-1	0	29	0	-1	0	-1	-1	-1	-1	0	-1	37	-1	-1	0	0	16	22
c9596	0	32	4	-1	-1	36	0	0	-1	26	0	0	-1	-1	26	24	0	29	0	-1	-1	0	-1	-1	20	0	0	0	0	0
c9603	0	0	4	0	-1	-1	0	0	0	4	27	47	-1	29	0	-1	0	29	0	24	-1	-1	48	4	-1	9	27	0	26	0
c9624	-1	35	4	-1	-1	8	25	-1	0	0	-1	-1	47	29	-1	27	-1	29	48	0	-1	-1	48	-1	14	48	37	-1	27	19
c9625	-1	-1	4	-1	-1	8	25	35	0	0	-1	-1	47	-1	-1	27	35	-1	48	0	-1	-1	48	0	14	48	37	-1	27	19
c9631	0	-1	4	-1	-1	26	0	-1	33	0	35	0	-1	29	0	47	19	-1	39	24	-1	-1	-1	4	0	9	-1	0	0	-1
c9635	-1	-1	19	4	-1	0	47	0	-1	0	0	-1	35	29	29	47	-1	0	0	-1	41	15	47	-1	-1	-1	0	38	0	47
c9641	0	35	4	-1	-1	8	0	-1	0	-1	0	-1	0	29	0	22	0	29	0	22	-1	0	48	32	-1	-1	-1	-1	0	0
c9646	0	0	4	0	-1	46	2	0	0	0	-1	0	19	29	0	47	35	29	0	24	-1	0	0	0	-1	9	-1	0	0	0
c9658	-1	0	4	0	-1	24	-1	35	0	-1	0	-1	4	-1	0	37	-1	29	-1	0	-1	0	0	-1	0	0	0	0	0	-1
c9666	-1	-1	4	-1	-1	21	-1	44	0	-1	0	4	0	29	-1	0	0	29	-1	0	-1	0	0	37	-1	0	0	0	0	-1
c9673	20	-1	4	-1	-1	-1	32	0	0	22	0	-1	0	29	-1	35	0	29	0	42	0	-1	-1	16	0	0	0	-1	-1	-1
c9683	-1	35	-1	0	-1	-1	47	41	-1	0	0	-1	35	29	29	47	0	-1	19	48	41	0	47	0	-1	-1	0	-1	0	47
c9702	0	10	-1	0	-1	0	0	-1	48	4	47	48	0	29	0	-1	0	29	30	-1	-1	-1	0	4	0	-1	0	0	16	0
c9715	0	-1	19	0	-1	35	47	-1	27	2	23	48	35	29	29	47	14	0	0	48	41	15	47	0	-1	0	0	38	0	47
c9724	-1	2	4	-1	-1	-1	-1	2	-1	0	-1	0	16	-1	16	47	0	29	0	-1	-1	-1	47	0	0	9	0	0	-1	0
c9738	0	46	4	0	-1	0	18	35	0	0	-1	0	0	-1	0	0	-1	29	-1	14	-1	-1	26	-1	0	46	0	-1	0	0
c9762	-1	0	4	0	-1	0	-1	-1	0	0	-1	46	0	29	0	47	-1	-1	19	-1	20	0	47	-1	4	0	15	0	0	47
c9765	22	0	4	-1	-1	26	0	35	0	19	-1	9	20	29	0	0	0	29	0	-1	-1	35	0	0	22	0	0	38	15	0
c9781	-1	0	4	0	-1	0	0	47	33	0	0	-1	0	29	20	47	0	29	0	24	-1	0	0	4	0	9	-1	0	0	23
c9783	0	35	-1	-1	-1	8	0	0	-1	-1	0	-1	0	-1	-1	27	0	29	16	0	-1	47	-1	-1	0	-1	0	-1	0	-1
c9816	0	0	-1	-1	-1	36	-1	-1	15	0	-1	47	0	29	22	0	0	29	0	-1	-1	0	0	0	47	2	-1	0	35	0
c9817	0	-1	4	-1	-1	36	0	-1	15	0	0	47	0	29	22	0	0	29	0	0	-1	-1	0	0	47	-1	39	0	35	0
c9825	0	35	19	-1	-1	0	47	4	0	47	0	48	35	29	29	47	0	14	0	48	41	0	47	-1	-1	-1	-1	38	0	47
c9830	0	32	4	0	-1	-1	0	35	0	-1	47	46	-1	29	15	47	0	29	48	24	-1	-1	0	0	0	-1	35	-1	-1	-1
c9860	20	-1	4	46	-1	4	0	0	0	22	0	-1	0	-1	0	35	-1	-1	0	0	0	0	0	0	4	0	0	-1	-1	26
c9883	0	14	19	0	-1	47	47	-1	0	-1	-1	48	-1	-1	29	47	0	14	48	-1	41	0	47	0	-1	0	2	38	47	47
c9887	26	-1	4	-1	-1	35	19	0	0	0	0	35	0	-1	-1	-1	0	29	0	0	-1	0	16	0	-1	0	-1	0	-1	0
c9903	20	35	4	0	-1	0	47	35	0	0	0	-1	0	-1	0	0	10	29	19	0	0	0	-1	0	0	0	0	-1	0	0
c9927	0	-1	4	-1	-1	8	-1	-1	24	0	-1	32	0	29	-1	-1	0	29	26	0	-1	27	48	-1	-1	35	0	-1	47	0
c9953	41	14	-1	0	-1	0	0	35	0	0	0	0	20	-1	-1	-1	0	-1	0	0	-1	0	0	9	35	0	19	0	0	-1
c9968	41	27	4	5	-1	0	0	-1	35	0	0	19	20	29	48	0	47	-1	20	0	-1	0	-1	0	0	0	0	27	-1	-1
c9969	41	27	4	-1	-1	-1	0	35	35	0	0	19	-1	29	48	0	47	29	-1	0	-1	0	-1	0	29	0	0	27	-1	-1
c9970	-1	-1	4	47	-1	-1	0	0	0	0	47	-1	-1	29	0	-1	0	29	2	24	-1	0	0	4	0	9	-1	0	0	0
c9976	15	41	4	0	-1	0	0	19	0	0	16	0	0	29	-1	47	35	29	0	24	-1	0	-1	0	0	-1	0	0	0	-1
c9988	-1	0	4	-1	-1	0	0	0	0	0	36	29	0	-1	0	41	0	29	20	0	-1	0	0	0	0	0	14	0	0	0
c10001	0	-1	-1	0	-1	0	0	19	-1	0	0	0	0	29	0	47	0	29	-1	24	-1	20	0	0	-1	9	0	-1	-1	0
c10015	25	-1	4	0	-1	-1	47	-1	0	0	0	35	0	29	20	35	-1	-1	2	35	-1	0	-1	0	0	15	0	0	29	0
c10016	-1	0	-1	0	-1	0	0	0	-1	0	-1	0	-1	29	-1	0	0	29	-1	46	20	-1	0	-1	-1	0	15	-1	0	47
c10020	0	0	4	0	-1	0	2	2	0	0	-1	0	16	-1	16	47	-1	-1	0	24	-1	0	47	0	0	9	0	0	-1	0
c10021	0	0	4	0	-1	0	2	2	0	0	-1	0	16	-1	16	47	0	-1	0	24	-1	0	47	-1	0	9	0	0	-1	0
c10025	-1	35	4	-1	-1	8	-1	46	0	-1	0	0	-1	29	-1	0	0	29	-1	19	-1	0	48	-1	0	35	0	-1	-1	-1
c10040	0	0	4	-1	-1	0	0	2	0	0	35	0	16	-1	0	47	0	29	0	24	-1	0	47	0	0	9	-1	-1	0	0
c10049	-1	-1	4	0	-1	0	0	35	0	19	0	0	20	29	35	0	-1	29	0	0	-1	21	0	0	0	0	-1	38	0	0
c10060	0	35	4	-1	-1	8	0	-1	0	15	-1	-1	47	29	0	0	35	29	-1	22	-1	0	48	0	-1	-1	0	-1	-1	-1
c10076	-1	0	14	0	-1	27	47	0	4	0	0	48	35	29	-1	47	0	47	22	48	41	14	47	0	-1	0	0	38	0	47
c10085	41	0	4	0	-1	0	0	35	0	-1	-1	19	-1	29	48	0	-1	-1	20	26	-1	-1	-1	-1	-1	0	0	0	43	-1
c10090	0	0	4	-1	-1	0	-1	24	33	0	35	0	-1	29	0	47	-1	29	0	-1	-1	-1	0	4	0	9	0	0	0	0
c10099	41	0	4	0	-1	0	0	35	0	22	35	19	-1	29	48	0	0	29	-1	-1	-1	0	-1	0	-1	-1	-1	-1	43	-1
c10110	8	35	4	-1	-1	8	0	0	0	0	39	-1	-1	-1	0	27	0	29	-1	-1	-1	0	48	0	-1	0	0	-1	22	-1
c10115	0	35	4	-1	-1	8	0	0	-1	32	-1	0	47	29	0	47	0	29	0	22	-1	0	48	0	-1	-1	0	-1	0	0
c10118	20	0	4	0	-1	0	0	0	-1	0	45	-1	19	-1	0	0	10	-1	46	27	0	16	0	-1	-1	8	0	0	-1	0
c10124	0	0	4	-1	-1	-1	0	0	-1	0	0	0	-1	29	0	-1	0	-1	0	0	-1	-1	0	44	0	35	0	0	-1	0
c10132	27	-1	-1	-1	-1	47	0	0	0	0	-1	20	0	29	0	0	0	-1	47	0	-1	22	48	-1	-1	0	2	0	-1	0
c10151	0	-1	4	-1	-1	0	-1	0	0	-1	0	-1	0	29	-1	47	0	29	2	24	-1	0	0	4	0	9	-1	-1	0	0
c10161	0	0	4	-1	-1	36	0	0	-1	0	4	0	-1	29	0	22	0	-1	-1	0	-1	-1	0	44	-1	-1	27	0	-1	0
c10165	20	-1	4	2	-1	4	0	0	26	22	0	-1	0	-1	0	35	-1	29	0	0	-1	-1	0	0	0	22	42	19	0	-1
c10182	0	-1	4	0	-1	0	0	0	-1	-1	0	0	-1	29	0	-1	0	-1	-1	24	-1	-1	0	4	0	9	-1	0	0	-1
c10183	0	0	4	0	-1	0	0	-1	-1	4	0	0	-1	29	0	47	0	29	-1	-1	-1	0	0	-1	0	9	-1	0	0	0
c10185	33	-1	4	0	-1	35	39	-1	-1	0	0	-1	-1	29	-1	35	35	29	16	22	-1	22	0	-1	0	47	0	0	22	0
c10187	0	-1	4	-1	-1	24	-1	35	0	-1	0	0	0	-1	-1	37	14	29	2	0	-1	0	0	-1	0	0	35	0	0	0
c10189	0	0	4	-1	-1	0	-1	35	0	0	-1	0	0	29	0	47	0	29	2	-1	-1	0	0	4	0	9	0	0	-1	0
c10192	-1	-1	4	47	-1	0	-1	0	-1	0	-1	0	-1	29	-1	-1	0	29	-1	24	-1	0	0	4	0	9	-1	0	49	0
c10194	0	35	4	-1	-1	8	0	0	0	20	0	-1	30	29	0	27	-1	-1	-1	0	-1	0	48	0	0	-1	0	-1	0	0
c10195	0	35	4	-1	-1	8	0	0	0	20	0	-1	30	29	0	27	-1	29	0	0	-1	0	48	0	0	-1	0	-1	0	-1
c10209	41	0	4	0	-1	0	22	35	-1	22	0	19	20	29	48	0	22	-1	20	0	-1	0	-1	0	0	0	46	0	43	-1
c10220	0	47	4	35	-1	0	0	0	0	0	0	35	27	29	14	47	0	-1	46	-1	-1	0	30	0	-1	-1	-1	-1	44	-1
c10245	0	0	4	-1	-1	0	-1	0	-1	0	0	22	24	29	0	0	48	29	14	-1	-1	22	0	-1	0	0	0	0	-1	0
c10246	6	-1	4	-1	-1	-1	0	-1	-1	0	0	-1	30	29	0	27	-1	29	22	0	-1	0	48	0	0	-1	0	-1	0	0
c10277	20	0	4	0	-1	0	0	0	-1	0	0	0	0	29	35	0	-1	-1	0	27	0	0	0	0	15	8	15	0	20	0
c10278	2	0	-1	35	-1	0	0	-1	2	-1	19	0	27	-1	-1	47	0	29	0	24	-1	20	41	0	-1	9	0	0	19	0
c10292	0	0	4	0	-1	-1	0	35	0	-1	48	15	20	29	-1	0	0	29	0	0	-1	21	-1	-1	-1	4	47	-1	0	0
c10307	-1	0	-1	0	-1	0	0	35	-1	0	0	0	0	29	-1	19	48	29	-1	14	-1	0	0	0	0	0	0	27	0	-1
c10329	0	0	4	0	-1	0	0	0	33	0	49	0	0	29	0	47	37	29	29	24	-1	0	0	4	29	9	-1	0	-1	23
c10334	0	32	4	0	-1	-1	0	0	0	20	0	0	-1	-1	0	-1	0	29	2	-1	-1	0	0	4	-1	9	14	0	46	0
c10338	-1	-1	4	27	-1	0	0	0	0	0	0	0	22	29	35	-1	-1	29	14	-1	0	32	-1	38	-1	32	0	0	47	35
c10373	-1	0	0	-1	-1	0	47	-1	-1	0	-1	48	35	29	29	-1	0	0	0	48	41	0	47	0	-1	0	1	38	-1	47
c10376	0	35	4	-1	-1	8	0	0	-1	-1	0	0	0	-1	0	22	0	29	4	22	-1	0	48	0	-1	-1	0	-1	0	48
c10387	0	0	4	35	-1	32	0	35	0	-1	-1	0	27	-1	48	-1	-1	-1	0	-1	-1	0	-1	0	-1	9	0	0	19	-1
c10392	0	0	4	32	-1	-1	0	2	0	16	35	0	16	29	0	47	2	29	-1	-1	-1	-1	0	0	0	9	0	-1	0	-1
c10398	-1	0	4	0	-1	0	29	35	24	-1	-1	0	-1	29	0	0	0	29	0	0	-1	0	0	0	45	0	14	38	-1	0
c10399	0	-1	4	0	-1	0	29	35	24	-1	-1	0	20	-1	0	0	0	29	0	-1	-1	0	0	0	45	0	0	38	0	0
c10406	0	0	4	0	-1	0	3	47	-1	0	-1	0	-1	29	20	47	0	29	-1	24	-1	0	0	4	-1	9	-1	-1	0	23
c10407	0	0	4	0	-1	0	0	47	33	0	0	0	-1	29	20	47	0	29	0	-1	-1	-1	0	4	0	9	-1	0	0	23
c10432	0	0	4	47	-1	0	-1	0	33	-1	35	0	0	29	-1	47	38	-1	0	24	-1	0	0	4	0	9	0	0	0	0
c10433	0	0	4	-1	-1	0	-1	-1	33	0	-1	0	0	-1	0	47	0	29	0	24	-1	0	0	4	0	9	-1	0	0	0
c10456	22	0	4	0	-1	0	50	2	0	-1	-1	41	0	29	15	-1	0	29	48	24	-1	0	-1	0	0	9	-1	0	0	0
c10459	0	-1	-1	35	-1	38	-1	0	27	21	-1	0	27	29	15	-1	24	-1	0	24	-1	0	-1	48	-1	9	0	0	0	0
c10471	26	0	-1	-1	-1	-1	0	0	-1	-1	-1	35	0	-1	-1	41	0	29	0	0	-1	0	0	0	0	-1	14	26	0	0
c10475	0	-1	4	19	-1	46	-1	35	0	-1	0	0	20	-1	0	0	0	29	0	0	-1	21	0	48	-1	0	0	38	32	-1
c10476	0	0	4	-1	-1	-1	0	44	0	-1	-1	22	0	29	0	-1	0	29	0	0	-1	35	0	37	0	16	0	0	0	0
c10479	0	-1	4	35	-1	0	0	35	0	0	-1	0	27	-1	-1	47	0	29	0	24	-1	-1	0	-1	-1	9	22	-1	-1	0
c10481	-1	0	4	0	-1	-1	0	0	0	0	-1	0	0	29	0	4	-1	29	-1	-1	0	0	10	-1	0	0	-1	0	0	0
c10482	0	35	4	-1	-1	8	0	0	0	-1	0	-1	30	-1	0	-1	0	29	0	0	-1	0	48	0	0	-1	-1	-1	0	-1
c10487	0	35	-1	-1	-1	8	0	0	0	0	-1	0	20	29	-1	0	20	29	0	-1	-1	-1	-1	0	-1	0	0	-1	0	-1
c10488	0	35	4	-1	-1	-1	47	-1	0	0	0	-1	-1	-1	-1	50	47	29	0	-1	-1	-1	48	0	-1	-1	0	-1	-1	5
c10496	0	-1	4	47	-1	-1	0	-1	33	35	35	0	0	29	0	-1	19	29	0	-1	-1	0	0	4	-1	9	0	0	48	0
c10497	0	-1	4	47	-1	26	0	-1	-1	35	35	0	0	29	0	47	19	-1	-1	24	-1	0	0	4	-1	-1	0	0	48	0
c10512	41	0	4	0	-1	-1	-1	35	0	22	49	19	20	29	-1	0	-1	29	20	0	-1	-1	-1	-1	0	0	27	0	43	-1
c10529	47	0	-1	0	-1	10	0	0	33	0	49	0	0	29	-1	-1	22	29	0	24	-1	0	0	4	0	9	-1	0	0	-1
c10531	0	-1	-1	-1	-1	8	0	35	0	-1	-1	-1	47	29	-1	27	-1	29	0	0	-1	20	-1	0	0	0	0	-1	0	0
c10534	33	0	4	0	-1	0	0	-1	-1	0	0	32	0	29	-1	0	35	29	-1	0	-1	0	35	47	-1	-1	-1	-1	22	-1
c10541	20	22	4	-1	-1	0	0	0	0	32	-1	-1	0	29	-1	47	10	29	0	27	-1	0	-1	0	38	0	-1	0	35	0
c10548	0	0	4	0	-1	0	0	22	2	0	-1	22	0	29	-1	-1	0	29	48	24	-1	0	0	22	35	-1	0	2	0	-1
c10591	0	35	4	-1	-1	8	0	-1	0	0	-1	0	47	29	0	0	0	29	0	22	-1	0	48	0	-1	-1	0	-1	0	0
c10592	20	0	-1	0	-1	-1	-1	-1	19	-1	0	27	0	29	0	-1	10	29	32	-1	0	32	-1	-1	0	0	47	0	-1	-1
c10594	47	0	0	-1	-1	-1	-1	41	0	0	-1	48	0	-1	29	0	35	0	-1	48	41	-1	47	-1	-1	0	-1	0	0	0
c10597	0	0	4	19	-1	46	0	35	0	-1	0	0	20	-1	0	0	-1	29	1	26	-1	21	-1	0	19	0	0	38	35	0
c10602	-1	0	4	0	-1	36	-1	35	-1	-1	-1	-1	27	29	0	0	10	29	0	-1	0	0	0	0	-1	-1	0	0	0	0
c10606	-1	-1	4	0	-1	-1	0	0	0	-1	0	47	0	29	0	47	0	29	-1	24	-1	0	48	4	0	9	27	0	26	0
c10607	0	0	4	0	-1	0	0	0	0	4	0	47	0	29	0	-1	0	29	0	-1	-1	0	48	4	0	9	27	-1	26	0
c10609	0	4	4	-1	-1	-1	0	35	0	19	-1	-1	-1	29	0	-1	-1	-1	-1	0	-1	0	0	0	0	0	0	-1	47	0
c10635	0	0	4	-1	-1	36	0	-1	15	0	0	0	0	29	0	0	-1	29	-1	0	-1	-1	0	-1	0	-1	0	0	0	0
c10651	-1	0	4	0	-1	0	35	0	-1	20	16	-1	0	29	0	48	42	29	0	0	20	0	35	-1	47	0	46	35	-1	22
c10652	0	0	4	0	-1	0	-1	19	0	20	0	0	-1	29	29	47	0	29	9	24	-1	0	-1	0	0	9	4	0	0	0
c10667	16	0	4	-1	-1	0	9	-1	0	0	35	0	16	29	0	47	0	-1	46	24	-1	0	-1	-1	0	9	0	0	47	0
c10670	-1	0	4	0	-1	0	0	35	0	0	4	0	35	-1	27	15	39	29	0	0	-1	0	0	-1	0	0	47	0	0	-1
c10678	20	-1	4	-1	-1	-1	32	0	-1	22	-1	-1	-1	29	-1	-1	0	-1	15	42	0	0	0	16	0	0	0	0	0	0
c10688	20	-1	-1	-1	-1	-1	-1	0	16	0	1	0	0	-1	0	47	-1	29	-1	0	0	47	0	0	0	0	0	0	20	0
c10705	0	0	4	-1	-1	36	0	0	15	-1	-1	0	0	29	0	0	0	29	0	-1	-1	0	0	0	0	0	0	0	0	0
c10707	0	35	4	-1	-1	21	0	0	0	46	0	-1	0	29	0	35	0	29	0	-1	-1	0	0	37	0	36	0	0	-1	-1
c10726	0	0	-1	-1	-1	21	20	44	42	0	-1	-1	0	29	0	0	-1	29	0	41	-1	50	19	-1	0	-1	-1	0	-1	-1
c10728	-1	27	4	0	-1	0	0	-1	0	9	0	19	20	29	-1	-1	-1	-1	20	-1	-1	35	-1	-1	0	0	35	27	-1	-1
c10736	0	0	4	0	-1	0	15	35	0	-1	0	0	20	29	0	-1	47	29	-1	0	-1	4	48	46	-1	0	-1	38	0	0
c10737	0	0	4	0	-1	0	15	35	0	19	0	0	-1	29	0	-1	47	29	0	0	-1	4	48	46	-1	0	0	38	0	0
c10746	-1	0	4	41	-1	47	0	-1	-1	0	0	-1	0	29	-1	0	0	29	0	0	-1	0	26	-1	0	27	0	0	-1	0
c10755	-1	41	4	-1	-1	0	27	-1	0	32	29	0	-1	29	0	0	0	-1	0	-1	-1	0	0	38	0	0	-1	0	-1	0
c10760	41	-1	-1	0	-1	-1	0	35	0	22	0	19	20	29	48	35	0	29	20	0	-1	0	-1	0	-1	0	0	-1	-1	-1
c10761	41	-1	4	0	-1	-1	0	35	0	-1	-1	19	20	29	48	0	0	-1	20	0	-1	0	-1	-1	0	0	0	0	-1	-1
c10774	0	0	4	20	-1	0	0	-1	-1	4	47	0	0	-1	0	-1	0	29	0	-1	-1	27	4	4	0	9	0	0	-1	0
c10791	20	47	-1	0	-1	0	0	14	-1	0	0	0	-1	29	0	41	-1	29	-1	22	-1	0	15	0	-1	-1	0	0	-1	0
c10799	0	0	4	-1	-1	0	0	0	-1	4	47	0	0	29	0	-1	-1	29	30	24	-1	0	-1	4	-1	9	0	0	0	0
c10803	20	0	4	0	-1	0	-1	0	0	-1	0	0	-1	29	-1	0	10	29	-1	0	0	26	0	9	0	4	0	0	0	0
c10813	0	0	-1	-1	-1	36	0	0	15	0	0	0	0	29	0	0	35	-1	0	0	-1	0	-1	0	0	0	0	0	0	0
c10824	0	0	4	-1	-1	0	0	0	0	0	0	-1	0	29	0	47	-1	29	-1	24	-1	4	27	4	0	9	35	0	0	0
c10830	-1	35	4	-1	-1	-1	-1	0	0	4	0	-1	0	29	0	14	-1	29	0	22	-1	0	48	35	-1	-1	0	-1	-1	0
c10845	0	-1	4	35	-1	32	0	35	0	0	0	-1	27	-1	48	47	0	29	0	24	-1	0	0	0	-1	-1	0	35	19	24
c10912	0	0	4	0	-1	2	0	-1	-1	19	0	-1	20	29	9	0	0	-1	-1	0	-1	-1	-1	0	-1	0	0	38	0	22
c10918	-1	0	-1	0	-1	35	-1	0	19	-1	0	27	0	29	0	-1	10	29	-1	-1	0	-1	0	-1	0	-1	0	35	0	35
c10929	0	0	-1	0	-1	44	47	41	0	0	25	-1	-1	29	29	1	0	0	-1	-1	41	-1	47	0	-1	0	-1	0	-1	47
c10937	-1	0	4	0	-1	0	0	35	0	19	-1	35	20	-1	0	0	0	29	0	0	-1	0	48	0	0	37	-1	38	0	0
c10941	-1	-1	4	-1	-1	-1	-1	19	26	-1	1	-1	0	29	-1	2	0	29	0	20	-1	0	0	0	0	0	0	0	-1	47
c10946	20	-1	4	-1	-1	4	32	-1	0	22	0	-1	0	29	15	35	-1	-1	0	0	30	-1	0	36	0	0	0	27	0	-1
c10954	22	0	-1	0	-1	26	-1	35	0	19	49	9	20	29	0	0	0	-1	-1	-1	-1	35	0	0	22	0	0	38	15	0
c11044	0	-1	0	0	-1	0	47	-1	0	0	47	48	35	29	29	47	0	3	0	48	41	0	47	0	-1	0	0	38	0	47
c11063	0	35	4	-1	-1	8	0	35	0	-1	-1	-1	-1	29	-1	27	35	29	0	-1	-1	0	-1	4	0	-1	0	-1	0	0
c11074	-1	35	4	-1	-1	8	0	0	46	0	0	-1	0	-1	0	-1	0	29	35	-1	-1	-1	48	0	0	-1	0	-1	35	-1
c11080	0	47	4	35	-1	0	0	0	0	16	0	-1	27	29	14	47	-1	29	46	24	-1	0	30	0	-1	-1	0	0	44	0
c11099	15	2	4	0	-1	-1	0	-1	0	0	-1	-1	0	29	-1	47	0	29	0	-1	-1	0	49	-1	-1	9	0	47	0	0
c11140	0	-1	-1	-1	-1	21	-1	44	42	-1	0	-1	0	29	35	22	0	-1	0	-1	-1	-1	22	37	0	0	0	-1	0	22
c11148	-1	0	4	-1	-1	-1	0	35	0	22	0	-1	20	29	48	-1	2	29	20	-1	-1	-1	-1	0	0	0	19	0	43	-1
c11157	-1	0	4	0	-1	-1	-1	0	0	27	0	0	46	29	0	0	2	29	0	14	8	-1	0	-1	0	0	-1	-1	-1	0
c11161	33	22	4	-1	-1	0	-1	35	-1	0	0	0	0	29	-1	-1	35	29	0	0	-1	0	-1	-1	-1	0	-1	-1	22	0
c11168	41	0	4	27	-1	0	0	35	4	22	0	19	20	29	48	0	0	-1	20	0	-1	0	-1	0	-1	0	22	0	43	-1
c11169	41	0	4	27	-1	0	0	35	-1	-1	0	19	20	29	-1	0	0	29	-1	0	-1	0	-1	0	0	-1	22	0	43	-1
c11174	0	0	4	0	-1	0	-1	22	0	-1	0	0	-1	29	0	47	44	29	-1	24	-1	0	0	4	24	9	-1	0	0	-1
c11185	41	0	4	0	-1	0	35	35	0	0	-1	19	20	29	48	46	-1	29	-1	0	-1	2	-1	14	0	0	-1	-1	43	-1
c11190	-1	0	4	0	-1	-1	0	0	0	0	0	47	0	29	0	0	0	29	0	-1	20	24	0	-1	-1	35	-1	24	-1	47
c11201	0	30	4	0	-1	0	0	-1	0	19	-1	0	20	29	0	0	0	29	-1	15	-1	0	0	-1	0	0	0	-1	0	-1
c11220	0	0	4	35	-1	-1	0	35	0	0	0	0	27	-1	48	47	0	29	-1	-1	-1	0	0	-1	-1	-1	0	0	19	0
c11221	0	-1	4	35	-1	32	0	35	0	0	0	0	27	-1	48	47	-1	29	0	24	-1	0	0	48	-1	9	0	0	19	-1
c11222	-1	32	4	-1	-1	0	0	0	0	22	0	0	-1	29	-1	47	0	29	2	-1	-1	-1	-1	-1	0	9	0	0	0	0
c11223	0	32	4	-1	-1	0	0	-1	0	-1	0	-1	-1	29	0	47	0	-1	2	-1	-1	0	-1	4	0	-1	0	0	0	0
c11234	47	0	0	-1	-1	0	47	-1	-1	0	47	48	35	-1	29	47	0	-1	0	48	-1	0	47	0	-1	0	1	-1	-1	47
c11248	-1	29	4	-1	-1	36	0	0	-1	0	4	0	0	-1	0	0	-1	29	-1	0	-1	0	48	44	0	0	22	0	0	0
c11249	-1	29	4	-1	-1	36	0	0	-1	0	4	0	-1	29	0	0	0	29	14	-1	-1	0	48	44	0	0	-1	0	0	0
c11259	41	0	4	0	-1	0	0	35	0	22	0	19	20	-1	48	0	-1	29	20	-1	-1	0	-1	0	-1	35	22	16	-1	-1
c11261	-1	0	4	0	-1	0	0	35	-1	-1	35	19	-1	29	48	0	-1	29	20	0	-1	0	-1	-1	0	0	-1	0	-1	-1
c11263	0	0	-1	22	-1	0	-1	36	0	0	48	0	0	29	48	47	48	29	-1	24	-1	-1	0	-1	0	9	14	24	0	0
c11267	41	-1	4	0	-1	-1	0	35	0	-1	0	19	20	29	48	0	0	29	-1	-1	-1	22	-1	0	-1	0	46	0	-1	-1
c11271	16	2	4	0	-1	2	-1	2	35	0	-1	0	16	-1	16	47	0	29	-1	24	-1	0	47	0	0	9	0	-1	-1	41
c11274	41	27	4	0	-1	0	-1	-1	-1	0	0	19	20	29	-1	14	0	29	-1	0	-1	0	-1	0	0	0	0	0	-1	-1
c11276	41	-1	-1	0	-1	0	0	35	0	0	10	19	20	29	-1	0	47	29	20	0	-1	0	-1	0	-1	0	0	27	43	-1
c11277	41	-1	4	0	-1	0	0	35	0	0	0	19	-1	29	-1	0	47	29	20	0	-1	0	-1	0	0	0	0	27	43	-1
c11283	19	0	4	0	-1	35	-1	35	0	19	0	-1	20	29	-1	0	0	29	0	48	-1	0	-1	19	0	-1	0	38	0	0
c11287	-1	35	-1	-1	-1	-1	0	47	0	46	0	0	0	29	0	-1	0	-1	0	0	-1	0	0	37	24	0	0	0	0	-1
c11318	2	-1	-1	-1	-1	39	38	47	0	0	0	22	24	-1	35	0	0	29	0	0	-1	22	39	0	0	0	0	0	38	0
c11323	0	41	4	-1	-1	0	38	0	0	0	0	-1	24	-1	-1	0	0	29	0	-1	-1	22	39	0	0	0	-1	0	44	0
c11332	20	-1	4	48	-1	-1	-1	0	16	0	-1	0	47	29	0	47	0	29	48	0	14	-1	0	0	0	-1	-1	0	20	0
c11338	26	32	4	-1	-1	0	19	0	0	0	0	35	-1	-1	-1	41	0	29	0	0	-1	-1	-1	0	0	0	-1	0	0	0
c11341	47	0	4	0	-1	0	0	0	0	32	0	-1	0	29	0	47	0	29	2	24	-1	0	-1	-1	0	9	35	0	0	0
c11371	41	0	4	47	-1	0	0	-1	0	22	-1	-1	20	-1	48	0	0	-1	20	0	-1	0	-1	-1	0	-1	22	16	43	-1
c11378	0	0	-1	0	-1	-1	0	19	-1	-1	-1	0	0	29	0	47	0	-1	0	-1	-1	20	24	0	0	9	47	0	0	0
c11385	-1	0	4	-1	-1	0	-1	0	-1	-1	-1	0	0	29	0	20	-1	29	0	-1	20	-1	0	-1	4	-1	15	0	0	47
c11386	0	35	-1	-1	-1	8	0	0	0	0	0	0	47	29	0	0	0	29	-1	22	-1	4	-1	-1	-1	-1	0	-1	0	0
c11391	41	-1	4	-1	-1	0	0	-1	9	0	35	0	20	29	-1	-1	0	29	0	0	-1	0	0	-1	0	0	19	19	0	-1
c11395	0	-1	-1	-1	-1	15	47	0	2	0	-1	-1	35	29	29	-1	0	14	0	-1	41	35	47	0	-1	-1	0	-1	0	47
c11399	0	0	4	0	-1	-1	0	35	49	35	0	0	0	-1	27	0	0	29	0	0	-1	0	3	-1	0	0	-1	-1	0	0
c11414	47	0	4	0	-1	10	0	-1	33	0	49	-1	0	29	0	-1	22	29	0	24	-1	-1	0	4	0	9	-1	35	0	23
c11419	0	0	4	19	-1	46	0	35	0	-1	0	0	20	-1	0	0	0	29	1	-1	-1	21	0	0	19	0	-1	38	35	-1
c11435	8	35	4	-1	-1	8	-1	46	0	0	0	0	0	29	-1	0	-1	29	-1	22	-1	0	48	0	-1	35	0	-1	0	-1
c11440	-1	0	4	0	-1	0	-1	-1	-1	4	0	0	0	29	0	47	0	29	0	24	-1	0	0	4	0	9	0	0	26	-1
c11441	0	0	4	0	-1	-1	-1	0	41	4	0	0	0	29	0	47	0	-1	0	24	-1	0	0	4	0	9	-1	0	-1	-1
c11448	25	4	4	22	-1	-1	47	35	0	47	-1	47	-1	-1	-1	35	0	29	-1	49	-1	0	0	0	35	15	0	0	29	0
c11470	0	1	4	0	-1	46	-1	-1	0	0	46	0	-1	29	0	-1	35	29	0	24	-1	0	0	-1	-1	9	0	0	0	0
c11480	0	-1	-1	0	-1	0	0	19	0	-1	47	0	0	29	0	47	26	29	0	24	-1	0	0	0	0	9	0	0	-1	0
c11486	-1	-1	4	0	-1	-1	-1	0	-1	48	0	-1	0	29	0	0	-1	-1	0	0	20	35	0	-1	-1	34	-1	0	0	-1
c11498	0	0	-1	0	-1	8	-1	35	-1	-1	19	-1	20	29	47	0	0	29	0	27	-1	0	48	-1	0	0	0	-1	0	0
c11512	0	0	4	0	-1	0	-1	-1	0	0	-1	-1	0	29	0	47	0	-1	0	-1	-1	20	0	0	35	9	0	16	0	0
c11515	-1	0	-1	0	-1	-1	-1	-1	0	-1	0	0	-1	29	0	0	38	-1	-1	-1	20	-1	0	-1	0	34	-1	0	-1	47
c11517	26	-1	4	-1	-1	20	-1	0	0	0	0	0	49	-1	0	41	0	29	0	0	-1	0	0	0	0	0	14	0	0	0
c11521	19	0	-1	0	-1	35	0	35	0	19	27	0	-1	-1	-1	0	39	29	-1	48	-1	0	-1	-1	0	-1	-1	38	-1	0
c11530	0	0	4	-1	-1	0	39	0	48	-1	47	0	0	29	-1	-1	0	29	-1	-1	-1	22	0	-1	0	9	0	0	0	0
c11536	41	0	4	0	-1	0	22	35	0	-1	-1	19	20	-1	48	0	22	29	20	0	-1	0	-1	0	0	0	46	0	43	-1
c11550	0	-1	4	-1	-1	36	0	0	15	-1	0	0	-1	29	26	24	0	29	0	0	-1	-1	-1	0	0	0	0	-1	0	-1
c11551	0	32	-1	-1	-1	36	0	0	15	26	0	0	0	29	26	24	0	29	0	0	-1	0	-1	0	0	0	0	-1	0	0
c11553	0	35	4	-1	-1	8	0	-1	2	0	-1	-1	30	29	0	27	0	29	47	0	-1	0	48	0	0	-1	0	-1	0	18
c11565	20	-1	4	0	-1	-1	32	-1	47	-1	0	-1	0	29	0	-1	-1	29	0	0	0	47	0	0	-1	0	0	0	-1	-1
c11579	0	0	4	-1	-1	-1	25	0	-1	0	-1	0	0	29	0	47	44	29	2	24	-1	-1	-1	4	0	9	0	0	-1	0
c11596	-1	0	4	-1	-1	21	0	44	0	0	0	4	0	-1	0	0	0	29	0	-1	-1	0	0	37	0	-1	0	0	0	-1
c11597	-1	-1	4	-1	-1	21	0	44	0	0	0	4	0	29	38	0	-1	29	0	0	-1	0	0	37	0	0	0	0	-1	-1
c11600	0	35	-1	0	-1	0	47	0	2	0	-1	-1	35	29	29	-1	-1	14	-1	-1	41	0	47	35	-1	0	0	-1	0	47
c11608	-1	-1	4	-1	-1	0	0	0	0	0	47	0	-1	-1	49	47	0	29	2	24	-1	0	0	4	0	9	0	0	0	0
c11617	0	0	0	0	-1	49	47	-1	22	0	0	48	-1	29	29	-1	35	35	0	48	-1	0	47	-1	-1	27	0	38	0	47
c11624	-1	0	4	0	-1	-1	0	35	0	22	0	19	20	29	-1	-1	-1	29	-1	0	-1	0	-1	19	-1	0	22	16	43	-1
c11660	0	47	-1	-1	-1	21	0	44	42	0	0	49	35	-1	-1	0	0	29	0	0	-1	-1	0	-1	0	0	0	-1	0	22
c11684	0	0	-1	0	-1	0	15	-1	0	19	0	0	20	29	34	0	-1	29	0	0	-1	0	0	0	0	0	0	38	22	0
c11685	0	-1	4	0	-1	0	15	-1	0	19	0	0	20	29	34	-1	-1	29	-1	0	-1	0	0	-1	0	0	0	38	-1	-1
c11687	-1	-1	4	-1	-1	0	0	0	-1	0	0	0	0	-1	0	41	-1	29	0	-1	-1	-1	0	-1	0	-1	-1	0	9	0
c11694	-1	-1	4	0	-1	0	0	2	0	0	35	8	16	-1	0	-1	0	-1	0	-1	-1	-1	-1	0	0	9	0	20	0	-1
c11711	46	0	4	0	-1	0	0	0	33	14	-1	0	0	-1	0	47	-1	-1	0	24	-1	0	0	4	0	-1	-1	0	0	23
c11712	0	47	4	-1	-1	-1	0	0	0	0	0	0	27	29	-1	47	0	29	46	24	-1	0	30	0	-1	-1	0	0	-1	0
c11717	20	0	4	27	-1	0	0	-1	0	-1	-1	-1	0	29	35	0	-1	29	0	-1	0	-1	-1	38	0	32	0	0	0	0
c11730	0	0	4	0	-1	0	-1	35	0	19	0	-1	20	29	0	-1	0	29	0	0	-1	35	0	0	14	0	0	38	-1	0
c11740	-1	0	4	-1	-1	-1	0	19	-1	0	0	0	0	29	0	-1	26	29	35	24	-1	0	0	0	0	9	20	-1	0	-1
c11744	36	35	4	-1	-1	8	0	0	0	0	0	0	47	29	0	0	-1	29	0	22	-1	0	48	-1	-1	-1	0	-1	0	0
c11746	0	0	-1	35	-1	0	-1	0	0	-1	0	0	27	-1	0	47	0	29	0	24	-1	-1	-1	0	-1	9	0	0	19	0
c11756	-1	37	4	-1	-1	0	0	19	0	0	46	0	-1	29	0	47	0	29	0	24	-1	-1	0	0	0	9	0	-1	-1	-1
c11757	-1	37	4	0	-1	0	0	19	0	0	46	0	27	29	0	47	0	-1	0	24	-1	-1	-1	0	0	-1	0	0	48	0
c11765	-1	47	4	35	-1	0	0	0	41	-1	0	0	-1	29	14	47	0	29	46	24	-1	-1	-1	22	-1	9	0	19	0	-1
c11770	-1	0	4	0	-1	0	0	0	0	4	0	0	-1	29	0	47	0	-1	0	24	-1	0	0	4	0	9	0	0	-1	0
c11782	0	0	4	-1	-1	21	27	-1	-1	20	0	0	0	29	0	0	0	29	0	0	-1	20	0	37	0	0	-1	0	-1	0
c11788	0	-1	4	0	-1	35	0	35	0	19	0	0	20	-1	0	0	0	29	-1	-1	-1	0	0	20	0	0	0	-1	-1	0
c11789	0	0	4	0	-1	35	0	35	0	19	0	0	20	29	0	0	0	-1	0	-1	-1	0	-1	20	0	0	0	-1	0	0
c11819	0	-1	-1	0	-1	0	0	0	0	0	48	0	47	29	0	47	48	29	2	24	-1	-1	0	-1	0	9	14	-1	0	0
c11821	0	1	4	0	-1	46	2	0	-1	0	46	0	42	29	0	47	35	29	0	24	-1	0	0	0	0	9	-1	0	0	0
c11841	-1	0	-1	0	-1	0	35	35	22	-1	0	15	20	29	0	0	0	29	-1	0	-1	21	0	0	19	-1	0	38	-1	0
c11848	0	-1	4	0	-1	46	-1	35	-1	0	0	-1	-1	-1	0	37	0	29	44	0	-1	0	-1	0	0	-1	0	-1	0	0
c11878	0	0	4	-1	-1	-1	0	0	0	-1	0	0	0	29	0	-1	44	29	2	24	-1	0	0	4	0	9	-1	0	0	0
c11879	0	0	4	-1	-1	0	-1	0	0	0	0	0	0	29	0	-1	44	29	2	24	-1	0	0	-1	0	9	-1	0	0	0
c11895	0	47	4	-1	-1	0	0	48	16	0	0	0	27	29	14	47	-1	29	46	24	-1	0	0	0	-1	9	0	0	37	-1
c11905	-1	35	4	0	-1	-1	0	35	-1	19	0	-1	-1	29	0	0	0	29	-1	29	-1	21	0	0	19	4	0	38	25	-1
c11916	-1	0	4	-1	-1	-1	-1	0	-1	-1	22	0	0	29	0	0	14	29	14	-1	-1	0	0	0	-1	0	-1	-1	-1	22
c11926	-1	0	4	0	-1	24	0	0	0	0	50	35	0	29	0	4	-1	29	0	0	0	0	0	-1	0	16	-1	19	1	0
c11927	-1	0	4	0	-1	24	0	0	0	0	50	35	0	29	0	4	0	29	0	0	-1	0	0	0	0	16	27	19	-1	-1
c11961	15	-1	4	0	-1	15	-1	-1	0	46	22	0	-1	29	-1	37	0	29	0	-1	-1	35	35	0	0	0	0	-1	22	0
c11993	0	0	4	35	-1	32	0	35	0	-1	-1	0	27	-1	48	47	0	29	0	24	-1	-1	44	-1	-1	-1	-1	0	-1	0
c12019	0	0	4	-1	-1	0	38	30	2	0	0	22	24	29	35	0	0	29	24	2	-1	22	39	0	0	0	0	0	0	0
c12045	0	32	4	0	-1	-1	0	0	0	0	0	0	-1	29	0	47	-1	29	-1	24	-1	32	0	4	0	-1	0	2	0	33
c12048	0	0	4	0	-1	0	0	2	-1	0	35	0	16	29	0	47	-1	29	0	24	-1	0	0	0	0	9	0	0	0	36
c12059	0	0	4	0	-1	0	0	-1	27	-1	0	0	32	29	-1	0	35	29	0	-1	-1	0	0	-1	29	0	0	0	2	0
c12081	0	-1	4	-1	-1	-1	0	0	0	0	-1	-1	-1	29	0	-1	0	29	0	0	-1	0	48	0	0	0	0	-1	0	0
c12084	47	0	4	47	-1	0	16	35	0	35	0	0	0	29	0	-1	0	29	-1	24	-1	0	46	4	-1	9	0	-1	44	-1
c12085	0	0	4	47	-1	-1	16	35	0	-1	-1	-1	0	29	0	-1	0	29	-1	24	-1	0	-1	-1	0	9	-1	-1	44	0
c12089	0	0	4	0	-1	0	0	0	33	0	0	0	0	29	20	-1	0	29	0	-1	-1	-1	0	4	0	-1	-1	0	0	23
c12108	41	27	4	-1	-1	-1	0	35	-1	0	2	19	20	29	48	-1	-1	-1	-1	0	-1	0	-1	0	23	0	-1	27	-1	-1
c12109	-1	-1	4	0	-1	0	0	35	0	0	2	19	20	29	-1	-1	47	-1	-1	0	-1	0	-1	0	23	0	0	27	43	-1
c12113	25	29	4	0	-1	-1	47	-1	0	0	0	0	-1	29	20	-1	-1	-1	-1	0	-1	0	0	0	0	15	0	-1	29	0
c12122	25	-1	4	0	-1	-1	47	-1	-1	0	-1	0	0	29	0	-1	0	29	0	0	-1	0	0	0	0	-1	0	45	-1	0
c12126	0	-1	4	0	-1	-1	0	0	0	0	0	-1	0	29	2	-1	16	29	2	-1	-1	0	0	4	0	9	0	0	42	0
c12128	0	-1	4	-1	-1	15	0	35	0	19	0	0	-1	-1	0	0	0	-1	0	0	-1	0	-1	0	-1	24	22	38	0	0
c12131	-1	-1	4	35	-1	0	0	0	0	0	30	0	27	29	14	47	-1	-1	46	24	-1	0	30	0	-1	9	0	27	44	-1
c12132	0	35	4	-1	-1	8	0	0	0	20	0	-1	30	29	-1	-1	0	-1	0	-1	-1	0	48	0	0	-1	37	-1	0	0
c12143	47	0	0	-1	-1	0	47	0	46	0	47	48	35	29	29	47	0	0	0	48	41	0	47	0	-1	-1	-1	-1	0	47
c12148	20	0	4	0	-1	35	-1	-1	-1	0	0	27	0	29	0	0	-1	29	32	0	0	32	0	32	0	0	0	0	0	-1
c12159	2	16	4	0	-1	-1	0	16	0	0	0	9	0	29	0	47	48	29	2	24	-1	0	0	4	0	9	-1	0	0	0
c12165	-1	0	4	0	-1	14	0	19	-1	0	0	-1	0	29	-1	-1	26	29	35	24	-1	-1	0	0	-1	9	0	0	0	0
c12174	33	-1	-1	0	-1	0	0	35	-1	26	0	0	19	29	0	-1	0	29	0	24	-1	0	22	35	0	0	0	47	22	35
c12188	20	-1	-1	22	-1	-1	-1	-1	47	0	0	0	0	29	0	0	27	29	35	0	-1	0	-1	0	-1	0	0	-1	0	0
c12192	0	48	4	-1	-1	-1	0	2	0	0	-1	0	0	29	-1	0	48	29	38	14	-1	0	-1	37	-1	22	0	-1	0	0
c12202	0	0	-1	0	-1	0	-1	0	0	0	0	49	-1	29	15	-1	0	29	48	24	-1	0	0	22	0	9	0	-1	0	0
c12211	20	0	-1	0	-1	0	-1	0	0	0	0	0	0	-1	0	-1	10	29	0	27	0	47	0	-1	38	0	0	-1	35	0
c12232	-1	0	-1	0	-1	24	0	0	0	0	48	0	2	-1	29	0	16	29	0	0	-1	27	0	0	-1	0	-1	0	-1	0
c12234	20	-1	-1	0	-1	27	0	0	0	44	45	-1	0	29	0	-1	-1	29	0	-1	0	0	0	0	0	8	0	35	0	0
c12236	25	-1	-1	-1	-1	-1	47	35	0	0	0	0	0	29	0	-1	0	-1	47	-1	-1	22	0	0	-1	15	0	0	-1	0
c12238	0	0	4	0	-1	0	-1	47	33	0	0	20	0	-1	16	47	0	-1	0	24	-1	0	0	4	-1	9	-1	0	-1	23
c12246	0	41	4	-1	-1	0	-1	0	0	0	0	-1	24	29	35	0	0	29	0	0	-1	22	-1	0	0	0	-1	0	-1	-1
c12250	41	27	4	0	-1	0	0	35	0	0	0	19	20	29	48	14	0	29	20	-1	-1	0	-1	0	0	-1	-1	-1	-1	-1
c12251	41	27	4	-1	-1	0	0	35	0	0	0	-1	20	29	48	14	0	29	20	-1	-1	-1	-1	0	0	0	0	-1	-1	-1
c12252	0	0	4	0	-1	0	0	0	0	4	0	0	-1	29	0	-1	0	29	0	24	-1	0	0	-1	0	9	24	-1	0	-1
c12253	0	0	4	0	-1	0	0	0	0	4	0	0	-1	29	0	-1	0	29	-1	24	-1	-1	0	4	0	9	24	0	0	0
c12263	0	0	0	0	-1	27	47	0	0	-1	27	48	-1	-1	29	47	0	0	-1	-1	41	20	47	0	-1	0	0	-1	0	47
c12272	48	0	4	0	-1	0	0	35	0	19	-1	35	20	29	0	0	0	29	0	0	-1	0	48	-1	0	0	-1	38	0	0
c12283	-1	0	4	-1	-1	0	0	35	35	-1	-1	0	27	-1	48	47	0	29	-1	24	-1	19	0	2	-1	9	22	0	19	0
c12286	-1	0	4	0	-1	-1	0	0	0	48	-1	19	0	29	0	0	0	-1	0	0	20	0	0	-1	0	34	0	38	0	47
c12288	0	4	4	0	-1	47	0	0	-1	-1	-1	35	-1	29	-1	-1	0	29	48	24	-1	0	0	-1	0	9	0	0	-1	0
c12299	-1	0	4	-1	-1	0	0	8	0	35	0	0	0	-1	0	41	-1	29	0	-1	-1	-1	0	0	0	-1	14	0	-1	-1
c12303	-1	-1	4	-1	-1	0	0	19	0	0	46	48	27	29	-1	47	0	29	0	24	-1	0	48	-1	0	-1	-1	0	47	-1
c12306	25	-1	4	0	-1	-1	47	-1	0	47	-1	47	-1	29	0	35	19	29	0	49	-1	0	0	0	0	-1	-1	0	29	0
c12318	0	0	-1	0	-1	-1	47	0	-1	2	-1	48	35	29	29	-1	-1	0	-1	48	41	15	-1	0	-1	0	-1	38	-1	47
c12336	15	22	4	39	-1	0	0	19	0	0	16	15	0	29	0	47	-1	29	-1	24	-1	0	0	0	0	9	0	50	0	0
c12337	15	22	4	39	-1	0	0	19	-1	-1	16	15	0	29	0	47	0	29	0	-1	-1	0	0	0	0	9	0	50	-1	-1
c12340	14	0	4	0	-1	0	15	-1	0	-1	0	-1	20	29	0	20	-1	29	0	22	-1	0	0	0	0	-1	0	38	0	0
c12352	0	35	4	-1	-1	8	0	0	0	0	0	-1	0	29	0	22	0	29	-1	22	-1	0	48	-1	-1	-1	-1	-1	0	35
c12360	15	0	-1	-1	-1	0	0	19	0	27	16	0	0	-1	0	-1	-1	29	0	24	-1	0	0	0	-1	9	-1	-1	0	0
c12361	15	0	4	0	-1	0	0	19	0	-1	16	0	0	29	0	47	0	29	0	24	-1	0	0	0	-1	9	0	-1	-1	0
c12378	0	-1	-1	0	-1	0	2	35	-1	19	-1	-1	-1	29	16	0	0	29	0	0	-1	0	22	0	-1	-1	0	38	0	-1
c12379	0	0	-1	0	-1	-1	-1	-1	0	-1	20	-1	20	29	16	0	0	29	0	0	-1	0	22	0	-1	0	0	38	0	0
c12380	-1	0	4	0	-1	-1	14	35	32	19	0	0	-1	-1	-1	35	0	29	16	0	-1	8	-1	-1	0	0	0	-1	0	0
c12386	20	-1	-1	0	-1	0	0	0	-1	-1	-1	0	0	-1	0	0	10	29	-1	0	0	0	0	-1	0	0	0	-1	47	0
c12389	0	20	4	35	-1	-1	0	0	-1	21	-1	-1	24	29	15	47	-1	29	-1	24	-1	0	0	48	0	9	0	0	0	0
c12404	-1	0	4	0	-1	0	0	-1	0	0	35	0	-1	29	0	49	26	29	25	14	-1	0	19	0	0	0	0	0	-1	0
c12407	0	0	4	47	-1	0	-1	24	33	47	35	0	-1	-1	50	47	37	29	0	24	-1	0	0	4	0	9	0	0	0	0
c12411	20	-1	4	0	-1	-1	-1	0	0	18	1	0	0	-1	0	-1	0	29	-1	20	0	0	0	0	0	-1	0	0	48	-1
c12428	-1	20	4	35	-1	-1	-1	0	-1	-1	0	0	24	29	15	-1	0	-1	0	24	-1	0	0	-1	0	9	0	0	0	0
c12429	0	20	4	35	-1	-1	0	0	-1	21	0	0	24	29	15	-1	0	29	0	-1	-1	0	0	48	-1	-1	0	0	0	0
c12434	-1	0	4	0	-1	21	4	0	0	-1	-1	0	-1	29	0	-1	44	-1	-1	-1	-1	0	0	4	0	9	-1	0	0	0
c12436	0	-1	0	0	-1	0	47	-1	27	0	0	48	35	-1	-1	47	0	-1	22	48	41	0	-1	0	-1	16	-1	38	0	47
c12437	0	0	-1	0	-1	-1	47	0	27	-1	0	48	35	-1	-1	47	0	46	22	48	-1	0	47	0	-1	16	0	-1	0	47
c12452	0	35	4	-1	-1	8	-1	0	46	0	-1	-1	0	29	-1	27	0	29	0	0	-1	47	-1	0	0	-1	-1	-1	46	0
c12456	-1	0	4	-1	-1	21	0	44	-1	0	0	-1	0	29	35	0	0	29	0	0	-1	0	0	37	0	-1	0	0	0	-1
c12457	32	0	4	-1	-1	21	0	-1	0	0	0	-1	-1	29	35	0	0	29	0	0	-1	0	-1	-1	-1	0	0	0	0	-1
c12465	0	-1	19	0	-1	-1	47	0	0	-1	0	-1	-1	29	29	47	0	14	0	48	41	0	-1	35	-1	0	0	38	9	47
c12468	-1	-1	4	0	-1	4	32	11	47	-1	0	-1	0	29	0	-1	0	29	0	-1	0	47	0	0	0	0	0	0	0	47
c12483	0	0	4	0	-1	-1	0	14	0	0	48	0	0	-1	-1	47	48	-1	2	24	-1	-1	0	-1	-1	9	14	24	0	-1
c12497	0	0	4	0	-1	0	0	35	0	19	19	35	20	29	0	0	0	29	0	0	-1	0	2	2	-1	0	-1	38	0	0
c12507	0	35	4	-1	-1	21	0	47	0	46	0	0	0	29	0	22	0	29	0	0	-1	0	-1	37	-1	0	0	-1	0	0
c12514	20	47	-1	46	-1	0	-1	-1	0	0	0	48	27	-1	-1	-1	10	29	0	-1	0	0	0	-1	0	-1	0	0	0	0
c12518	-1	0	4	46	-1	-1	47	35	0	0	0	0	0	29	3	35	0	-1	47	0	-1	22	0	0	0	-1	0	0	-1	-1
c12530	0	-1	4	-1	-1	36	0	0	15	0	0	0	0	29	0	0	-1	29	0	0	-1	0	-1	44	-1	-1	0	19	-1	0
c12531	0	0	4	-1	-1	36	-1	-1	15	0	0	0	0	29	0	0	-1	29	0	0	-1	0	-1	44	0	0	-1	19	0	0
c12540	0	-1	4	0	-1	0	15	35	0	19	0	-1	20	29	0	-1	47	29	0	0	-1	4	48	0	0	0	0	38	0	-1
c12546	0	47	4	35	-1	0	0	0	41	-1	-1	-1	-1	-1	14	47	0	29	46	-1	-1	-1	32	22	-1	9	0	-1	0	0
c12548	0	0	4	0	-1	0	-1	-1	0	0	-1	0	35	29	27	15	39	29	0	22	-1	0	7	-1	-1	0	47	0	0	-1
c12560	0	0	4	48	-1	2	0	19	0	0	-1	0	0	29	26	47	0	29	0	-1	-1	-1	24	0	0	9	0	0	-1	0
c12564	0	0	4	0	-1	0	15	-1	0	19	0	35	20	29	0	-1	47	29	0	-1	-1	4	48	-1	0	-1	0	38	0	-1
c12575	0	-1	-1	0	-1	-1	0	-1	0	19	19	35	20	29	0	0	0	-1	0	0	-1	-1	48	-1	-1	-1	0	-1	0	0
c12578	0	-1	-1	0	-1	0	0	0	0	4	0	0	0	29	0	47	0	29	0	24	-1	0	0	4	-1	9	0	-1	0	0
c12579	0	-1	4	0	-1	0	0	0	0	4	0	0	0	29	0	-1	0	29	0	24	-1	0	0	4	0	9	0	0	0	0
c12580	0	35	0	-1	-1	-1	47	41	0	0	0	48	-1	29	29	1	1	0	-1	-1	41	0	47	-1	-1	0	-1	0	-1	47
c12585	0	46	48	46	-1	0	47	41	0	-1	0	48	0	-1	29	0	0	0	0	48	41	0	47	34	-1	0	-1	0	2	0
c12601	-1	0	4	0	-1	-1	47	35	0	0	-1	0	0	29	-1	35	0	29	0	0	-1	46	0	0	15	15	0	0	29	0
c12607	4	0	4	0	-1	0	-1	35	-1	48	-1	2	-1	-1	0	37	47	29	46	-1	-1	-1	0	0	-1	-1	-1	47	44	0
c12608	0	0	-1	0	-1	27	0	0	0	0	-1	0	-1	29	15	-1	0	29	48	24	-1	0	0	-1	-1	9	0	-1	2	22
c12620	-1	0	4	-1	-1	-1	0	0	-1	0	19	0	0	-1	0	-1	10	29	0	0	0	-1	0	-1	0	0	-1	0	0	20
c12631	41	0	4	0	-1	24	0	35	-1	22	-1	19	20	29	-1	19	-1	29	20	16	-1	22	-1	-1	0	0	46	0	43	-1
c12640	-1	18	-1	0	-1	32	-1	35	0	26	-1	-1	19	29	0	0	15	29	40	24	-1	0	22	-1	0	0	0	47	22	-1
c12642	-1	0	4	0	-1	24	0	-1	-1	-1	48	0	2	29	0	0	16	29	0	0	0	27	0	0	-1	0	44	0	1	-1
c12654	0	-1	4	0	-1	0	-1	35	-1	47	-1	0	6	29	0	37	-1	29	-1	14	-1	19	0	0	-1	-1	47	-1	-1	0
c12661	20	0	4	0	-1	0	0	49	0	38	0	0	0	-1	0	0	10	-1	0	0	0	0	0	9	0	0	0	-1	0	0
c12668	0	0	4	0	-1	0	15	35	-1	-1	0	-1	20	29	0	22	0	-1	0	0	-1	0	35	0	-1	0	0	38	0	0
c12670	0	0	4	0	-1	-1	2	0	17	-1	-1	0	19	-1	0	47	35	29	0	24	-1	0	0	0	0	9	-1	-1	0	0
c12676	-1	0	4	0	-1	0	-1	35	0	0	35	0	0	29	-1	49	0	29	0	14	-1	-1	19	0	0	47	0	0	0	0
c12682	-1	0	4	0	-1	-1	-1	0	0	0	0	0	0	-1	0	47	-1	29	2	24	-1	-1	0	4	0	9	0	-1	0	-1
c12686	-1	35	4	-1	-1	8	0	-1	0	0	0	0	47	29	0	0	0	29	0	22	-1	4	48	-1	-1	-1	0	-1	0	0
c12688	20	-1	-1	0	-1	0	27	0	-1	0	0	0	0	29	35	0	0	29	0	-1	-1	-1	39	38	-1	32	0	-1	0	-1
c12694	0	-1	4	-1	-1	-1	0	0	0	0	-1	0	-1	29	35	14	-1	29	0	22	-1	47	48	0	-1	-1	0	-1	35	0
c12697	0	0	-1	0	-1	0	18	35	-1	48	0	0	0	29	0	-1	-1	-1	2	14	-1	-1	5	-1	0	46	0	47	35	0
c12699	0	35	4	-1	-1	8	-1	46	24	0	-1	32	-1	29	-1	-1	0	-1	26	0	-1	35	48	0	0	35	0	-1	47	0
c12713	0	35	4	-1	-1	8	0	0	0	-1	20	-1	30	29	0	27	-1	29	46	8	-1	0	48	-1	0	-1	0	-1	0	0
c12730	0	0	4	-1	-1	21	-1	44	-1	0	0	0	-1	29	0	0	0	29	0	0	-1	0	0	-1	0	0	-1	0	-1	-1
c12734	0	9	4	0	-1	0	0	0	0	23	0	0	22	-1	14	-1	-1	-1	0	24	-1	35	0	0	19	9	0	0	0	0
c12736	0	14	4	0	-1	0	-1	-1	0	-1	0	-1	-1	29	-1	37	2	29	0	0	-1	26	-1	0	0	-1	30	0	0	0
c12739	-1	0	4	-1	-1	-1	0	-1	-1	0	4	0	17	-1	0	0	0	29	-1	-1	-1	0	-1	44	-1	27	0	-1	0	0
c12745	-1	0	4	-1	-1	-1	0	-1	25	0	-1	0	0	29	0	0	0	29	0	0	-1	0	-1	-1	0	0	46	-1	-1	22
c12764	0	35	4	-1	-1	8	0	0	0	0	-1	-1	30	29	47	-1	38	29	0	0	-1	0	48	0	0	-1	0	-1	0	0
c12791	20	-1	4	-1	-1	-1	-1	0	16	0	1	0	0	29	0	47	0	29	48	0	14	-1	-1	0	0	0	0	0	20	0
c12802	0	0	46	0	-1	0	47	41	0	0	0	48	35	29	29	-1	37	0	0	48	41	0	47	0	-1	0	-1	-1	0	0
c12808	20	-1	4	0	-1	35	-1	0	19	0	0	27	0	-1	0	-1	-1	29	32	0	0	32	0	46	0	0	-1	0	0	0
c12810	20	0	4	0	-1	0	-1	-1	0	0	0	0	-1	29	0	0	10	29	0	0	0	0	0	0	0	0	0	0	0	0
c12826	25	0	4	0	-1	-1	47	-1	0	-1	0	0	0	29	-1	35	-1	-1	27	-1	-1	-1	0	0	-1	15	0	0	29	-1
c12834	0	-1	0	29	-1	15	47	41	0	47	0	-1	0	-1	-1	0	-1	-1	0	48	-1	0	47	0	-1	0	-1	0	0	0
c12854	20	-1	4	0	-1	4	32	-1	0	-1	0	-1	0	-1	0	35	0	29	0	-1	15	0	0	0	0	34	0	41	-1	0
c12855	20	-1	4	0	-1	4	-1	0	0	22	0	-1	0	29	0	35	0	29	0	-1	-1	0	0	0	-1	34	0	41	0	0
c12860	-1	-1	4	-1	-1	0	0	-1	0	0	0	-1	27	-1	48	-1	0	29	0	24	-1	19	0	2	-1	9	22	0	19	-1
c12861	0	0	4	35	-1	0	0	35	0	-1	0	0	27	-1	48	47	0	29	0	24	-1	-1	-1	2	-1	9	22	0	19	0
c12877	41	48	4	0	-1	-1	0	35	46	21	0	19	20	-1	48	0	0	29	-1	16	-1	0	-1	0	0	-1	0	0	43	-1
c12883	-1	0	4	0	-1	0	-1	19	0	0	46	48	27	29	0	47	-1	29	0	-1	-1	0	0	-1	0	9	0	0	47	-1
c12902	0	-1	19	0	-1	0	-1	47	0	0	-1	48	35	29	-1	47	0	0	0	48	41	15	47	0	-1	0	0	38	35	47
c12928	0	0	4	2	-1	0	0	35	24	19	0	0	20	29	9	0	0	-1	0	-1	-1	0	0	-1	0	0	-1	-1	0	22
c12946	35	35	4	-1	-1	8	0	-1	46	0	0	-1	35	29	27	27	0	29	0	-1	-1	-1	48	-1	-1	-1	-1	-1	35	-1
c12958	26	35	4	-1	-1	0	0	-1	0	0	0	35	0	-1	-1	41	0	29	0	10	-1	0	0	33	0	0	14	-1	0	0
c12965	0	0	4	0	-1	0	16	0	0	35	0	0	0	29	0	47	0	29	-1	24	-1	0	46	-1	0	-1	-1	0	0	0
c12979	47	0	35	-1	-1	-1	47	-1	0	0	-1	48	0	29	29	0	0	0	24	48	-1	-1	47	24	-1	0	-1	-1	20	-1
c12986	-1	-1	4	0	-1	0	-1	0	0	0	0	0	0	29	0	0	16	29	-1	0	20	-1	29	-1	20	0	46	0	-1	-1
c12987	-1	-1	4	0	-1	0	-1	0	0	0	-1	0	0	29	0	0	16	29	-1	0	20	-1	-1	-1	20	0	46	0	0	-1
c12989	0	-1	4	0	-1	-1	0	-1	0	-1	0	0	-1	29	0	-1	-1	29	2	24	-1	0	0	4	0	9	0	-1	-1	22
c12991	35	0	4	0	-1	0	0	35	0	0	35	0	0	29	-1	49	22	29	0	14	-1	20	-1	0	0	2	-1	-1	0	0
c13001	41	0	4	-1	-1	-1	0	35	-1	22	0	19	20	29	48	0	0	29	20	-1	-1	0	-1	0	0	0	0	-1	43	-1
c13035	41	0	4	32	-1	0	0	35	-1	0	0	19	20	29	-1	0	0	-1	20	16	-1	0	-1	0	-1	0	2	0	43	-1
c13042	33	22	-1	0	-1	-1	0	35	-1	16	0	0	0	29	-1	2	-1	29	-1	26	-1	-1	-1	0	0	0	0	-1	-1	0
c13070	33	0	4	0	-1	0	-1	35	-1	-1	0	0	0	29	-1	0	35	29	-1	-1	-1	0	-1	0	0	-1	-1	35	22	0
c13075	0	0	4	35	-1	0	0	0	-1	-1	0	26	27	-1	0	47	0	29	0	24	-1	0	0	0	-1	9	0	0	19	0
c13083	20	-1	-1	27	-1	-1	0	46	47	0	0	-1	0	29	-1	-1	42	-1	-1	0	-1	3	0	27	-1	-1	0	-1	0	0
c13094	-1	4	4	20	-1	35	0	-1	0	-1	19	35	20	-1	0	0	0	29	0	0	-1	0	-1	-1	-1	-1	0	38	-1	0
c13098	41	0	4	0	-1	0	0	35	-1	22	0	19	20	29	48	-1	0	-1	20	0	-1	0	-1	19	0	-1	-1	16	43	-1
c13123	0	0	-1	0	-1	37	0	35	27	0	0	0	-1	29	0	0	35	-1	0	20	-1	0	0	24	0	0	-1	0	2	0
c13129	0	-1	4	-1	-1	21	-1	44	42	0	0	0	0	29	35	22	0	29	0	0	-1	0	22	37	0	-1	0	0	0	22
c13141	-1	0	4	-1	-1	0	-1	0	0	0	22	-1	0	29	14	0	-1	29	0	32	-1	0	0	-1	0	35	46	16	-1	22
c13145	-1	0	4	0	-1	-1	0	0	-1	0	-1	-1	32	29	0	47	-1	-1	19	-1	20	-1	47	-1	4	0	15	0	0	47
c13150	-1	0	4	0	-1	-1	35	0	-1	20	16	0	-1	29	0	48	-1	29	0	0	20	0	-1	-1	-1	0	46	-1	-1	22
c13163	0	-1	4	0	-1	0	15	-1	45	19	0	35	20	29	17	20	0	29	0	-1	-1	0	0	0	0	35	-1	-1	0	0
c13189	-1	-1	4	0	-1	-1	47	-1	-1	-1	47	-1	0	29	20	-1	-1	29	0	-1	-1	-1	0	-1	0	15	0	-1	29	0
c13199	0	35	4	-1	-1	8	0	35	0	0	-1	-1	47	29	-1	27	35	-1	-1	0	-1	0	48	0	-1	0	0	-1	-1	0
c13214	41	27	4	0	-1	0	0	35	0	9	0	19	20	29	-1	0	-1	29	20	0	-1	-1	-1	0	-1	0	35	27	43	-1
c13215	-1	27	4	0	-1	0	0	35	0	9	0	19	-1	29	48	0	47	-1	-1	0	-1	0	-1	0	0	0	35	27	43	-1
c13220	-1	35	4	-1	-1	8	0	0	46	0	-1	-1	-1	29	27	27	2	29	-1	-1	-1	0	48	47	22	-1	0	-1	35	0
c13221	38	-1	4	-1	-1	8	0	0	46	0	20	-1	0	-1	-1	27	2	29	0	-1	-1	0	48	-1	-1	-1	0	-1	35	0
c13234	20	-1	4	47	-1	4	-1	0	-1	22	0	-1	46	29	-1	35	0	29	0	19	35	0	-1	0	-1	44	0	0	27	-1
c13242	0	0	4	0	-1	0	-1	35	0	-1	0	0	6	29	0	37	0	29	-1	14	-1	19	0	-1	0	0	0	0	-1	0
c13245	20	47	4	32	-1	0	4	14	-1	-1	0	-1	0	-1	0	41	0	29	10	22	0	0	15	0	-1	0	0	0	0	0
c13252	0	0	4	19	-1	46	10	35	-1	-1	0	-1	20	29	0	0	0	29	0	0	-1	21	0	-1	19	0	0	-1	0	-1
c13281	-1	47	0	22	-1	-1	47	-1	22	0	0	48	-1	29	29	47	35	35	-1	48	-1	35	47	-1	-1	4	0	38	0	47
c13290	-1	0	-1	-1	-1	21	9	2	-1	0	0	0	47	29	-1	-1	0	29	0	14	-1	-1	-1	37	0	0	0	-1	-1	0
c13305	0	-1	-1	-1	-1	0	-1	35	-1	48	-1	2	0	29	0	37	47	29	0	-1	-1	27	0	0	0	0	0	47	44	0
c13311	0	-1	4	0	-1	0	-1	-1	-1	0	0	-1	0	29	-1	47	0	29	2	24	-1	-1	27	4	0	9	-1	0	0	0
c13313	39	0	4	0	-1	0	0	-1	0	0	-1	0	16	-1	-1	47	0	-1	0	24	-1	-1	47	0	0	9	0	-1	0	-1
c13314	0	35	4	-1	-1	8	0	32	0	47	0	-1	30	29	0	27	47	29	0	0	-1	0	48	0	0	-1	-1	-1	0	0
c13320	25	-1	4	22	-1	-1	-1	-1	-1	0	0	0	0	29	-1	35	-1	-1	0	46	-1	-1	0	0	-1	15	0	0	29	0
c13324	0	4	4	26	-1	0	0	-1	-1	19	0	-1	20	29	0	0	0	29	0	0	-1	0	0	0	-1	0	0	38	0	0
c13334	0	0	4	0	-1	0	0	0	0	-1	0	-1	0	29	-1	47	-1	29	0	-1	-1	0	0	4	0	9	0	0	2	22
c13335	0	0	4	0	-1	0	0	0	0	4	-1	0	0	29	-1	47	0	29	0	24	-1	0	-1	4	0	9	0	0	-1	22
c13337	16	2	-1	0	-1	2	-1	2	0	0	-1	0	16	-1	16	47	0	29	0	24	-1	0	47	0	0	9	-1	-1	27	0
c13345	-1	0	-1	0	-1	0	9	32	0	4	0	-1	0	-1	14	47	0	29	0	-1	-1	0	0	4	0	9	0	0	0	0
c13352	-1	-1	4	0	-1	0	0	35	0	0	35	0	20	29	-1	-1	0	29	0	0	-1	22	0	9	0	0	19	19	-1	-1
c13358	0	35	4	-1	-1	8	0	35	0	-1	0	0	-1	29	35	0	0	29	0	-1	-1	-1	48	0	-1	-1	0	-1	0	0
c13359	0	35	-1	-1	-1	8	0	-1	0	-1	0	-1	47	29	-1	0	0	29	0	22	-1	0	48	0	-1	-1	0	-1	0	0
c13367	0	35	4	-1	-1	8	0	48	46	0	24	-1	-1	29	-1	27	0	29	0	0	-1	47	48	0	0	-1	0	-1	-1	-1
c13382	0	-1	-1	0	-1	0	-1	35	-1	19	20	-1	-1	29	16	0	0	29	-1	41	-1	0	22	-1	0	0	-1	38	3	2
c13383	0	0	-1	0	-1	0	2	35	-1	19	20	-1	20	-1	-1	0	0	-1	0	41	-1	0	22	-1	-1	0	0	38	3	2
c13385	-1	0	4	15	-1	0	0	19	0	0	46	-1	27	29	0	47	0	29	0	24	-1	0	0	0	-1	9	0	-1	47	0
c13403	0	0	-1	0	-1	-1	47	21	20	0	0	48	35	29	29	47	0	14	-1	48	41	-1	47	-1	-1	0	47	38	0	47
c13420	0	-1	4	-1	-1	36	0	0	15	0	-1	0	0	29	0	0	0	29	-1	0	-1	0	-1	44	-1	0	0	19	0	0
c13431	0	35	-1	-1	-1	8	0	-1	0	0	27	-1	-1	29	0	-1	0	29	0	22	-1	0	48	0	-1	-1	-1	-1	0	0
c13433	41	0	4	-1	-1	0	0	-1	0	22	0	19	20	-1	48	0	-1	29	20	0	-1	0	-1	0	0	-1	22	-1	43	-1
c13437	20	0	4	27	-1	0	0	0	0	0	0	-1	-1	29	35	-1	-1	29	0	-1	0	32	0	38	21	32	0	0	-1	0
c13459	0	-1	4	-1	-1	0	0	2	-1	-1	35	-1	16	29	-1	47	0	29	0	24	-1	0	0	0	-1	9	0	0	0	0
c13460	20	-1	4	0	-1	4	-1	-1	0	22	0	-1	0	29	0	35	0	29	0	-1	0	0	0	0	0	0	-1	0	0	0
c13461	20	-1	4	0	-1	4	32	0	0	22	0	-1	-1	-1	0	35	-1	29	0	-1	0	0	0	0	-1	0	0	0	0	0
c13465	0	0	4	0	-1	0	15	-1	0	19	0	0	20	29	0	-1	47	29	0	-1	-1	4	48	-1	0	0	0	38	0	-1
c13471	-1	18	4	19	-1	32	0	35	0	26	0	41	19	29	0	0	15	29	0	-1	-1	-1	22	-1	0	0	-1	47	22	4
c13474	-1	-1	4	0	-1	-1	0	-1	14	0	-1	0	-1	29	0	47	0	29	29	24	-1	0	0	0	18	9	0	-1	-1	0
c13488	0	0	0	0	-1	38	47	41	0	0	0	48	0	-1	29	0	0	-1	0	48	41	0	47	0	-1	0	-1	0	0	0
c13494	0	0	4	0	-1	0	0	47	33	21	0	0	-1	29	0	-1	0	-1	0	24	-1	35	0	4	0	9	-1	0	-1	-1
c13503	20	50	4	47	-1	0	0	0	0	0	0	0	0	29	0	0	-1	29	0	46	33	0	-1	9	0	0	0	9	0	0
c13512	-1	-1	4	-1	-1	-1	0	-1	0	-1	0	19	0	29	36	0	0	-1	22	0	20	0	0	-1	0	34	47	0	0	-1
c13524	19	0	4	0	-1	0	0	35	0	-1	0	35	20	29	14	-1	0	29	-1	0	-1	0	0	27	0	-1	-1	38	0	0
c13526	0	20	-1	0	-1	47	0	0	10	-1	-1	0	0	29	15	47	-1	29	48	-1	-1	47	-1	-1	0	9	0	0	0	0
c13531	0	0	48	46	-1	0	-1	41	0	0	0	48	0	-1	29	0	0	0	0	48	41	-1	47	34	-1	0	-1	0	2	0
c13533	0	30	-1	0	-1	0	0	35	0	19	-1	0	20	29	0	-1	-1	29	-1	15	-1	0	-1	20	0	0	0	-1	0	-1
c13542	0	0	4	0	-1	0	0	0	0	-1	0	0	-1	29	0	47	-1	29	0	24	-1	0	0	-1	0	9	0	-1	0	47
c13543	-1	-1	4	0	-1	-1	0	0	0	4	-1	0	-1	29	0	47	0	29	0	24	-1	-1	-1	4	0	9	0	0	0	47
c13546	0	0	0	-1	-1	-1	-1	14	-1	0	-1	48	35	-1	29	47	0	22	0	48	41	0	-1	-1	-1	0	1	38	0	47
c13554	20	-1	-1	0	-1	-1	-1	0	0	0	1	0	0	-1	-1	0	47	29	0	-1	0	0	0	2	0	0	0	0	0	47
c13557	-1	4	4	-1	-1	-1	-1	35	0	19	-1	35	20	-1	0	0	0	29	0	0	-1	0	0	0	0	-1	0	38	35	0
c13575	33	18	4	47	-1	0	22	35	0	-1	0	0	19	29	0	0	0	-1	-1	24	-1	0	-1	35	0	-1	-1	47	22	-1
c13607	-1	18	4	0	-1	0	0	35	-1	26	0	-1	19	29	0	0	0	29	-1	24	-1	0	22	35	22	-1	0	-1	22	16
c13608	0	0	4	-1	-1	36	0	0	-1	0	0	0	26	29	0	-1	0	29	0	0	-1	0	-1	-1	-1	-1	0	0	0	0
c13609	0	0	4	-1	-1	36	0	0	-1	0	0	0	26	29	0	0	0	29	0	-1	-1	-1	-1	-1	0	-1	0	0	-1	0
c13610	0	0	-1	-1	-1	36	0	0	-1	0	-1	0	-1	29	-1	0	0	29	0	0	-1	0	-1	-1	0	-1	0	0	0	0
c13611	0	0	4	-1	-1	36	-1	0	15	-1	0	0	-1	29	0	0	0	29	0	-1	-1	-1	0	44	0	-1	0	0	0	0
c13615	47	0	0	-1	-1	35	47	41	0	0	0	48	0	29	29	0	35	0	24	48	-1	-1	47	48	-1	0	-1	0	0	-1
c13628	41	27	4	-1	-1	-1	0	-1	0	-1	-1	19	20	29	48	0	37	29	-1	0	-1	0	-1	0	-1	0	-1	-1	43	-1
c13650	0	0	4	0	-1	46	2	0	0	47	46	0	-1	29	0	47	35	-1	-1	24	-1	0	0	0	37	9	0	-1	-1	-1
c13651	0	0	4	0	-1	46	-1	0	0	47	46	-1	0	29	-1	47	35	29	0	-1	-1	0	0	0	37	9	-1	-1	0	0
c13652	0	0	4	-1	-1	36	19	0	15	-1	0	0	0	29	0	0	0	29	-1	0	-1	-1	0	44	0	-1	0	0	0	-1
c13653	0	0	4	-1	-1	36	19	0	15	0	0	0	0	-1	0	0	-1	29	-1	-1	-1	-1	-1	-1	0	-1	0	0	-1	0
c13663	4	0	4	-1	-1	-1	0	0	0	41	0	0	-1	29	0	47	0	-1	2	24	-1	0	46	4	0	9	0	0	-1	0
c13667	-1	0	4	0	-1	-1	14	-1	0	16	-1	0	0	29	14	-1	-1	29	0	0	0	0	10	-1	0	0	0	0	4	19
c13674	-1	0	-1	35	-1	32	0	35	0	0	-1	0	-1	-1	48	47	0	29	0	24	-1	0	0	0	-1	9	-1	-1	-1	-1
