	0	1	2	3	4	5	6	7	8	9	10	11	12	13	14	15	16	17	18	19	20	21	22	23	24	25	26	27	28	29
c804	0	0	-1	0	0	21	0	-1	-1	35	0	-1	0	7	26	-1	26	0	-1	-1	0	6	0	32	-1	-1	0	0	23	44
c1039	0	0	-1	47	3	5	11	-1	0	0	32	0	6	-1	26	3	0	0	-1	-1	0	0	29	0	0	0	-1	0	3	44
c1391	0	0	-1	7	0	8	42	-1	-1	0	0	-1	29	39	-1	0	29	24	47	-1	0	3	-1	-1	-1	0	50	0	0	33
c1542	0	0	0	0	3	0	11	-1	-1	0	0	-1	6	-1	26	3	0	6	-1	0	0	-1	29	0	-1	0	0	0	0	0
c1706	0	4	32	7	-1	0	0	-1	0	0	0	-1	0	0	-1	0	0	34	0	0	34	0	0	-1	-1	-1	39	0	0	33
c1757	0	26	0	0	0	0	3	-1	-1	0	0	-1	-1	0	26	-1	0	0	50	18	0	0	0	0	0	0	0	0	32	0
c1808	0	0	0	-1	3	-1	11	-1	0	-1	0	0	-1	0	26	3	0	0	-1	24	0	0	29	0	39	0	15	0	-1	-1
c1899	0	0	-1	4	0	35	-1	-1	0	0	37	0	-1	0	-1	0	-1	17	-1	0	-1	29	0	0	-1	0	0	1	15	-1
c2317	0	0	0	0	3	-1	11	-1	0	0	0	0	6	-1	-1	3	0	-1	0	0	0	-1	29	0	0	0	29	0	-1	0
c2476	0	0	-1	7	0	8	0	-1	6	0	0	-1	-1	0	26	0	0	9	0	0	37	-1	0	-1	0	0	0	50	0	-1
c2652	22	29	23	0	-1	23	29	-1	6	-1	0	0	0	0	26	50	0	0	0	27	21	0	0	0	0	-1	0	31	-1	6
c2676	0	0	0	-1	3	-1	11	-1	0	0	47	0	6	0	26	3	0	0	23	-1	0	0	29	0	0	0	19	0	23	0
c2903	0	2	32	0	0	21	-1	-1	-1	35	0	-1	0	0	26	-1	2	0	0	-1	0	0	0	0	-1	0	0	0	-1	0
c3091	0	0	0	7	0	8	0	-1	7	30	4	0	-1	0	26	29	0	0	0	0	0	0	39	-1	0	-1	0	0	-1	33
c3104	0	0	-1	-1	0	0	-1	-1	5	0	-1	0	0	0	-1	32	19	0	-1	0	0	0	6	-1	0	0	-1	-1	0	3
c3106	0	0	0	7	-1	-1	5	-1	5	32	0	-1	0	0	-1	32	0	0	39	-1	0	0	0	-1	0	0	-1	-1	37	3
c3184	-1	0	23	0	0	-1	0	-1	3	-1	-1	0	-1	0	26	50	0	-1	47	27	48	0	0	0	0	0	0	31	-1	-1
c3197	8	0	0	0	-1	0	0	-1	0	-1	0	0	-1	50	26	-1	0	-1	26	-1	0	-1	0	5	-1	0	0	44	0	35
c3344	29	-1	0	0	-1	0	0	-1	-1	35	0	0	-1	0	-1	0	0	-1	-1	0	0	-1	-1	32	-1	13	0	0	0	0
c3464	0	0	-1	7	0	0	0	-1	-1	11	0	-1	0	-1	26	32	0	0	39	-1	0	0	0	-1	0	-1	-1	2	0	3
c3497	0	31	0	7	44	-1	-1	-1	0	29	0	-1	-1	17	-1	26	0	0	0	0	0	-1	16	-1	29	0	0	0	-1	-1
c3505	0	0	23	0	0	0	-1	-1	0	0	-1	0	-1	31	26	50	-1	0	0	0	6	0	38	0	0	0	22	-1	-1	6
c3524	0	-1	0	0	48	21	-1	-1	-1	-1	0	0	0	0	26	-1	2	-1	0	-1	26	29	-1	0	0	35	31	35	0	3
c3564	-1	0	0	0	0	-1	0	-1	-1	35	-1	-1	26	0	26	0	0	0	0	47	42	-1	0	0	39	0	0	0	26	-1
c3577	7	42	0	0	-1	0	42	-1	-1	-1	31	0	0	0	-1	0	0	31	0	0	18	-1	0	-1	0	-1	0	0	0	0
c3681	0	-1	39	0	32	21	0	-1	-1	35	0	-1	0	7	26	24	0	0	-1	0	0	-1	0	32	35	0	0	39	0	44
c3749	6	0	-1	-1	0	-1	3	-1	27	0	-1	-1	-1	0	26	-1	29	0	50	-1	0	3	0	0	-1	0	0	31	32	0
c3752	0	39	0	0	0	0	0	-1	4	0	0	0	0	0	26	0	0	1	0	0	-1	-1	0	0	-1	18	-1	29	0	0
c3780	0	-1	0	0	0	0	0	-1	-1	35	0	0	0	0	26	0	-1	-1	0	0	0	-1	-1	0	-1	13	0	0	0	-1
c3786	0	0	0	0	3	-1	11	-1	0	0	0	0	6	-1	26	3	0	-1	0	0	0	0	29	0	0	-1	-1	0	-1	-1
c3787	0	13	0	0	-1	-1	11	-1	0	0	0	0	6	-1	-1	-1	0	22	0	0	0	0	-1	4	-1	0	-1	-1	-1	0
c3879	-1	0	50	0	-1	0	3	-1	32	0	0	0	0	-1	26	0	48	0	50	-1	0	0	-1	-1	42	0	0	0	32	0
c3934	0	0	0	-1	0	21	33	-1	-1	35	-1	0	0	37	26	-1	0	0	0	0	0	5	0	0	0	-1	0	-1	-1	-1
c3993	0	0	26	4	-1	-1	0	-1	0	0	37	0	50	0	-1	-1	-1	0	-1	0	0	29	-1	0	0	0	0	1	15	-1
c3997	6	0	0	32	-1	33	3	-1	0	-1	-1	0	0	0	26	0	0	-1	-1	0	37	0	0	0	21	0	-1	7	32	-1
c4071	50	3	23	26	0	23	0	-1	0	-1	0	0	0	0	26	50	0	37	-1	27	0	0	50	-1	0	0	-1	31	0	-1
c4086	0	0	23	-1	0	23	41	-1	0	-1	-1	0	0	0	26	50	-1	0	47	-1	0	16	0	0	50	0	0	31	0	6
c4118	0	0	-1	47	-1	5	11	-1	0	0	0	0	6	-1	26	3	0	50	0	0	0	0	29	0	-1	35	0	0	3	-1
c4120	32	0	0	0	0	21	4	-1	-1	-1	15	0	0	37	26	0	0	0	0	0	-1	5	-1	0	0	0	0	0	0	-1
c4127	0	0	0	-1	32	0	0	-1	0	25	47	17	-1	20	26	-1	-1	0	0	0	0	0	0	-1	0	-1	0	0	0	0
c4145	0	47	0	7	0	3	0	-1	5	0	39	0	0	-1	-1	32	0	0	39	32	-1	-1	0	-1	-1	32	0	0	13	3
c4197	-1	26	0	0	32	35	0	-1	0	39	0	0	8	0	-1	35	25	0	-1	-1	0	29	0	-1	0	0	26	0	0	35
c4206	0	0	3	-1	3	-1	-1	-1	13	-1	0	0	6	0	26	3	-1	-1	32	33	-1	0	29	0	35	0	46	0	-1	26
c4274	39	0	0	0	0	0	0	-1	0	0	0	39	0	0	26	0	0	0	0	0	-1	29	0	0	0	0	0	0	0	-1
c4342	-1	-1	-1	-1	0	21	-1	-1	-1	35	0	0	0	-1	26	0	0	0	0	0	32	0	3	-1	0	19	6	0	0	0
c4358	8	0	-1	0	0	-1	-1	-1	0	0	0	4	0	0	26	0	0	0	-1	0	0	-1	0	-1	0	-1	0	-1	-1	35
c4359	8	0	-1	0	0	-1	-1	-1	0	0	0	4	-1	0	26	0	0	0	26	-1	0	-1	-1	-1	0	0	0	0	0	35
c4360	0	47	0	0	0	-1	0	-1	-1	35	44	0	0	0	26	-1	-1	0	0	0	0	-1	0	0	0	50	0	0	0	0
c4377	-1	-1	-1	7	0	-1	-1	-1	5	0	0	0	0	0	-1	32	0	0	39	50	0	0	0	-1	0	0	43	0	-1	3
c4399	42	0	0	7	0	8	0	-1	0	-1	0	0	0	0	26	0	0	-1	0	0	0	-1	0	-1	-1	0	19	0	0	-1
c4463	6	0	50	0	39	0	3	-1	-1	0	-1	0	0	0	26	0	26	0	50	0	39	0	47	0	-1	-1	0	0	-1	0
c4561	-1	-1	-1	0	0	21	0	-1	-1	35	0	15	-1	0	-1	50	0	0	0	32	0	0	0	0	0	-1	0	0	22	0
c4566	0	-1	-1	0	0	21	0	-1	-1	35	0	-1	-1	7	-1	0	0	0	-1	-1	29	0	0	0	-1	-1	0	0	-1	-1
c4584	0	15	0	7	-1	8	0	-1	-1	0	0	-1	0	0	26	-1	-1	-1	47	0	50	0	0	-1	0	0	50	0	0	33
c4614	32	0	0	-1	0	37	0	-1	0	2	0	-1	-1	0	-1	0	-1	-1	0	0	0	0	0	-1	-1	0	0	0	0	33
c4620	0	32	-1	0	-1	23	0	-1	0	-1	0	0	0	-1	26	50	-1	19	47	27	0	-1	-1	0	39	0	0	31	-1	-1
c4629	0	-1	0	7	0	8	0	-1	0	0	0	35	-1	0	26	0	0	9	0	0	0	-1	3	-1	-1	0	0	0	-1	33
c4668	-1	0	-1	7	32	25	-1	-1	0	25	-1	0	31	0	26	-1	5	0	0	0	-1	0	0	-1	0	-1	0	0	39	0
c4687	6	0	-1	0	37	0	3	-1	0	0	0	0	0	0	26	0	-1	0	50	0	-1	-1	0	0	0	0	15	0	-1	-1
c4689	35	0	23	0	-1	23	0	-1	-1	-1	-1	0	0	0	-1	50	0	0	34	-1	-1	0	50	-1	32	-1	0	31	11	6
c4693	32	-1	0	-1	3	50	-1	-1	32	17	-1	50	6	-1	-1	3	0	0	0	33	2	19	29	0	0	-1	44	0	0	0
c4704	32	-1	0	-1	-1	50	-1	-1	0	17	0	-1	-1	-1	26	3	39	0	32	33	38	-1	-1	48	0	-1	0	0	0	0
c4708	0	0	-1	0	0	35	0	-1	0	0	0	37	0	0	26	0	0	0	29	-1	0	29	0	0	-1	0	0	0	2	35
c4772	-1	-1	0	0	-1	0	-1	-1	0	0	0	-1	0	0	26	-1	0	0	-1	-1	0	0	34	-1	42	0	0	25	32	0
c4779	-1	0	47	-1	0	0	0	-1	-1	41	0	-1	0	25	26	0	0	0	0	-1	0	0	0	-1	-1	0	-1	0	0	-1
c4786	-1	42	-1	0	0	-1	6	-1	-1	35	0	0	0	0	-1	0	0	31	0	0	47	-1	0	0	0	13	0	0	0	0
c4803	-1	0	11	-1	32	-1	3	-1	0	-1	0	-1	0	6	26	0	8	0	-1	0	-1	15	15	0	0	0	-1	0	-1	0
c4827	44	-1	0	7	0	8	0	-1	-1	0	0	-1	0	0	26	-1	-1	0	-1	0	0	-1	0	-1	0	0	0	0	5	33
c4835	0	0	23	-1	-1	0	-1	-1	0	0	0	44	0	0	26	50	0	0	-1	-1	0	0	-1	0	0	0	22	0	0	6
c4861	0	0	0	0	0	35	50	-1	0	0	6	-1	-1	-1	-1	-1	-1	0	-1	0	0	29	0	0	39	0	41	0	0	-1
c4901	19	0	0	0	3	-1	11	-1	42	0	-1	-1	6	-1	-1	3	0	-1	-1	0	0	-1	29	-1	-1	0	39	0	0	0
c4931	6	0	11	0	0	26	3	-1	0	-1	0	0	-1	-1	26	0	0	0	50	0	-1	27	0	-1	0	-1	0	0	-1	0
c4932	0	2	-1	0	0	21	-1	-1	-1	35	15	0	0	0	26	-1	2	0	0	-1	0	3	0	-1	0	0	0	0	-1	0
c4957	-1	47	0	7	-1	26	-1	-1	0	25	47	17	-1	0	-1	0	5	-1	0	0	0	-1	-1	-1	0	0	0	0	-1	0
c5017	0	0	-1	-1	0	21	0	-1	-1	35	0	-1	-1	7	-1	0	0	0	-1	21	29	0	0	-1	-1	0	0	0	5	44
c5021	32	0	0	-1	-1	0	0	-1	-1	35	0	39	47	50	26	0	31	31	32	32	0	0	0	-1	0	-1	0	-1	6	0
c5186	0	-1	0	7	0	-1	-1	-1	7	33	-1	-1	0	0	-1	-1	0	0	-1	0	0	0	-1	-1	0	0	0	47	0	33
c5190	-1	0	0	-1	0	0	-1	-1	31	35	0	23	25	-1	26	0	35	-1	0	0	35	0	0	44	0	-1	0	0	0	-1
c5194	0	0	0	7	0	37	0	-1	0	2	-1	-1	-1	-1	26	0	0	0	0	-1	0	0	0	-1	-1	-1	0	-1	-1	-1
c5262	0	0	0	0	3	-1	11	-1	0	0	0	5	6	0	-1	3	0	4	48	0	0	0	29	0	35	-1	0	42	0	26
c5318	-1	0	-1	0	15	-1	-1	-1	32	0	-1	0	-1	0	26	0	48	0	50	0	0	15	0	0	42	0	0	-1	32	0
c5330	7	0	0	0	0	35	-1	-1	0	0	0	0	0	-1	-1	0	0	0	-1	47	0	29	0	0	0	0	0	0	-1	35
c5343	-1	39	0	0	0	0	0	-1	-1	47	-1	-1	-1	0	26	47	0	-1	0	0	31	0	0	0	0	18	-1	29	3	6
c5349	-1	0	0	7	0	8	37	-1	0	0	0	0	-1	19	26	0	25	0	-1	0	0	0	0	-1	32	0	26	31	-1	33
c5410	35	-1	0	7	0	0	0	-1	-1	0	0	-1	-1	-1	26	32	0	-1	39	0	0	0	0	-1	-1	0	-1	0	31	-1
c5429	42	0	0	7	0	0	1	-1	31	0	0	23	-1	-1	26	0	35	-1	0	0	0	0	0	44	-1	-1	0	0	-1	21
c5438	0	0	0	7	-1	8	37	-1	0	0	0	0	0	-1	26	0	-1	0	0	-1	0	0	0	-1	0	0	0	-1	-1	33
c5439	0	0	0	7	0	-1	-1	-1	0	0	-1	0	0	19	26	0	25	0	-1	0	0	0	-1	-1	0	0	0	31	-1	-1
c5450	0	0	0	47	3	0	-1	-1	0	-1	0	0	6	-1	26	-1	0	0	-1	2	0	0	29	0	0	31	0	0	3	-1
c5451	50	0	0	47	3	-1	11	-1	0	0	-1	-1	6	-1	26	3	0	0	0	2	0	0	29	0	35	31	0	0	3	0
c5453	14	0	3	0	-1	0	11	-1	-1	0	0	0	6	0	26	3	31	-1	-1	0	0	0	29	0	35	0	-1	-1	-1	26
c5472	0	0	-1	0	0	23	0	-1	43	-1	0	0	0	0	26	50	0	12	0	-1	0	-1	0	0	6	0	0	31	0	6
c5501	0	47	0	7	0	3	0	-1	5	0	39	0	0	0	26	32	0	0	39	-1	32	-1	0	-1	0	32	-1	35	13	3
c5504	0	-1	23	44	6	0	0	-1	13	0	0	0	0	0	-1	50	4	0	-1	39	0	0	-1	39	0	0	-1	0	0	6
c5517	-1	0	23	0	3	-1	0	-1	0	14	0	0	0	21	26	50	0	0	0	-1	22	0	-1	0	0	0	29	0	0	6
c5566	-1	-1	23	0	0	0	0	-1	0	6	0	0	0	-1	26	50	32	0	0	0	-1	0	0	0	-1	0	22	0	0	6
c5577	0	26	0	-1	-1	15	3	-1	0	0	0	-1	0	0	-1	0	0	0	50	-1	0	0	0	0	0	0	0	0	32	0
c5581	0	0	23	-1	19	0	0	-1	0	39	0	-1	0	0	26	-1	0	0	0	-1	0	0	0	0	0	0	22	0	-1	6
c5615	6	0	0	0	34	-1	3	-1	0	-1	-1	0	0	0	26	0	0	0	50	0	0	0	0	-1	21	-1	0	0	32	0
c5622	0	0	0	7	0	-1	0	-1	5	0	50	0	0	-1	26	32	19	0	39	49	-1	0	-1	-1	-1	0	-1	0	-1	3
c5629	-1	26	-1	0	-1	0	-1	-1	0	0	0	0	0	0	26	44	0	15	50	0	-1	0	0	42	0	0	0	0	32	0
c5649	0	0	23	44	0	0	0	-1	-1	0	47	0	0	0	-1	50	-1	0	-1	0	0	0	0	0	0	0	22	32	0	6
c5751	0	0	-1	0	50	0	0	-1	32	26	13	44	0	8	26	-1	0	-1	26	6	5	-1	0	-1	4	0	-1	0	0	-1
c5761	0	32	0	-1	0	0	0	-1	-1	0	0	0	31	0	26	0	0	-1	-1	0	37	47	0	-1	0	0	48	47	0	0
c5768	0	0	23	-1	0	0	0	-1	6	0	0	0	0	0	26	50	-1	0	-1	0	0	-1	0	0	-1	0	22	0	0	-1
c5772	42	0	0	7	0	50	0	-1	31	-1	0	23	25	0	-1	0	0	42	0	26	39	0	0	44	0	5	39	19	-1	-1
c5787	0	0	-1	0	-1	23	0	-1	50	-1	0	0	0	3	26	50	6	-1	0	27	0	0	0	0	19	0	0	-1	0	6
c5798	0	0	0	0	0	0	0	-1	-1	35	42	0	0	0	-1	0	-1	31	29	-1	-1	0	-1	-1	0	13	7	0	0	0
c5819	0	-1	23	0	0	0	-1	-1	0	0	0	0	0	29	-1	50	0	0	-1	0	0	0	-1	0	0	0	22	0	0	6
c5867	37	0	0	7	-1	0	0	-1	7	33	-1	-1	0	0	26	-1	0	44	-1	0	0	0	-1	-1	0	17	-1	-1	-1	33
c6086	0	0	0	7	0	8	0	-1	-1	0	0	47	-1	0	26	29	0	-1	0	0	0	0	39	-1	0	0	0	0	0	33
c6087	0	0	0	7	0	8	-1	-1	7	-1	0	3	-1	0	-1	29	0	0	41	0	0	0	39	-1	-1	0	-1	0	0	33
c6112	0	0	0	0	-1	21	0	-1	-1	35	15	0	0	37	26	0	-1	0	0	0	0	5	0	0	0	0	0	0	0	-1
c6154	0	39	0	0	-1	0	0	-1	4	-1	-1	0	0	0	-1	-1	0	1	0	0	31	0	0	0	-1	18	-1	29	0	0
c6178	-1	0	0	0	0	0	32	-1	0	0	-1	6	-1	0	-1	0	0	0	0	-1	-1	29	0	0	15	-1	6	0	39	35
c6186	6	29	11	0	0	0	3	-1	0	0	-1	0	50	0	26	0	29	0	50	0	0	-1	-1	0	0	0	-1	0	-1	-1
c6197	0	-1	0	-1	0	-1	-1	-1	-1	0	0	-1	0	0	26	32	0	0	39	0	0	-1	0	-1	26	0	26	0	31	3
c6198	7	0	0	0	-1	21	-1	-1	-1	35	32	0	0	0	26	-1	-1	0	11	-1	0	35	39	0	-1	13	0	0	19	0
c6215	31	0	0	7	32	0	-1	-1	0	25	-1	17	31	0	26	-1	5	-1	0	0	0	0	0	-1	0	0	-1	-1	0	0
c6218	0	7	-1	0	-1	0	3	-1	2	0	29	39	0	17	26	0	-1	0	50	0	0	-1	50	37	-1	0	0	0	32	0
c6258	32	-1	0	-1	3	50	11	-1	0	17	0	39	-1	-1	26	3	0	0	0	33	38	19	-1	48	0	-1	0	0	19	0
c6285	0	0	0	18	-1	-1	50	-1	0	0	0	0	-1	-1	26	44	0	0	0	0	50	-1	-1	-1	0	-1	-1	-1	50	-1
c6311	0	0	-1	-1	-1	-1	11	-1	-1	32	-1	0	-1	0	-1	3	0	4	48	0	-1	-1	29	-1	35	0	0	0	-1	26
c6321	0	26	0	29	0	0	3	-1	0	0	-1	0	32	0	-1	-1	41	0	50	0	-1	0	0	0	0	-1	0	-1	-1	0
c6350	0	0	0	7	0	8	0	-1	0	0	42	35	-1	-1	-1	0	-1	0	0	0	0	0	0	-1	0	0	0	0	0	33
c6374	6	0	0	0	0	35	-1	-1	0	29	37	0	-1	0	-1	-1	0	-1	-1	0	0	29	31	-1	-1	-1	-1	-1	15	35
c6376	0	0	0	-1	3	-1	11	-1	-1	4	8	0	6	0	26	-1	22	29	0	0	0	0	29	34	48	0	0	0	0	21
c6387	0	-1	0	48	-1	0	-1	-1	-1	35	0	-1	0	0	26	0	0	31	0	0	0	-1	-1	0	0	13	-1	0	0	-1
c6406	0	-1	23	0	0	23	32	-1	0	-1	4	0	0	-1	-1	50	0	-1	47	-1	0	0	0	0	0	0	0	31	0	-1
c6440	0	0	0	-1	0	0	-1	-1	5	0	0	0	-1	0	26	32	0	-1	-1	-1	42	0	0	-1	0	44	31	0	0	3
c6462	42	0	0	7	-1	0	0	-1	-1	0	0	23	25	0	-1	0	-1	0	0	-1	0	0	-1	-1	0	0	0	-1	0	-1
c6544	50	42	0	26	0	21	-1	-1	-1	-1	0	-1	0	0	-1	-1	2	0	0	-1	0	0	0	0	6	0	-1	0	-1	-1
c6548	0	0	23	0	0	-1	-1	-1	0	0	6	0	0	29	26	50	-1	0	0	0	-1	0	0	0	0	0	22	0	0	-1
c6549	-1	0	23	0	-1	0	39	-1	0	0	6	0	0	29	-1	50	-1	0	0	0	0	-1	0	0	0	-1	-1	-1	0	6
c6580	8	0	0	0	0	0	0	-1	0	0	0	4	50	0	26	0	-1	-1	26	0	-1	29	44	0	0	-1	2	7	0	35
c6603	-1	0	0	47	3	0	11	-1	0	0	0	39	6	-1	26	3	0	-1	42	2	-1	32	29	0	0	0	0	0	-1	0
c6641	0	0	23	0	0	0	0	-1	-1	0	0	0	0	29	26	-1	0	26	0	-1	0	0	-1	0	0	0	-1	0	0	6
c6658	6	0	0	0	0	0	3	-1	0	0	0	-1	0	0	26	0	0	-1	50	-1	0	-1	-1	0	42	6	0	-1	32	0
c6665	0	-1	0	7	0	8	0	-1	7	0	0	-1	19	0	26	29	0	15	0	0	-1	0	39	-1	0	0	0	0	22	33
c6705	-1	0	4	-1	3	5	11	-1	0	0	0	0	6	-1	26	3	0	0	0	0	-1	0	29	-1	-1	0	0	0	-1	8
c6730	0	32	-1	-1	35	0	0	-1	-1	0	-1	0	-1	0	26	0	0	-1	0	0	0	47	0	-1	0	0	48	-1	0	0
c6738	-1	0	0	7	-1	0	0	-1	32	0	0	-1	0	0	26	16	0	0	0	-1	34	0	0	-1	6	-1	19	22	0	-1
c6757	8	0	0	0	26	0	0	-1	0	31	3	4	0	0	26	0	26	0	26	-1	-1	29	0	0	0	-1	-1	7	0	-1
c6766	-1	-1	15	7	35	0	0	-1	19	1	47	47	0	-1	26	0	-1	0	0	0	0	0	0	-1	2	0	0	6	-1	39
c6808	0	0	0	0	3	0	11	-1	35	0	0	0	6	0	26	-1	0	-1	0	0	0	0	29	0	0	-1	0	0	0	0
c6822	0	-1	0	7	0	0	17	-1	5	0	0	0	0	0	26	32	-1	0	-1	-1	0	-1	0	-1	-1	0	43	0	0	3
c6852	0	0	0	0	3	0	11	-1	-1	0	47	0	6	0	26	3	-1	0	23	-1	-1	0	-1	31	31	0	19	-1	23	0
c6860	0	0	-1	0	3	0	11	-1	-1	0	-1	0	6	0	26	-1	0	-1	23	0	0	0	29	0	-1	0	19	0	23	-1
c6876	-1	0	0	-1	24	0	3	-1	32	0	0	0	0	-1	26	47	0	0	-1	0	-1	0	0	-1	42	37	26	-1	-1	0
c6894	4	-1	0	7	35	0	0	-1	19	1	-1	-1	-1	0	26	31	0	0	0	0	0	0	0	-1	2	0	-1	-1	0	0
c6902	8	44	0	31	-1	-1	-1	-1	0	0	6	4	0	0	-1	0	0	0	26	0	0	29	-1	0	35	0	0	0	0	35
c6904	0	0	0	0	3	0	11	-1	-1	0	8	0	6	0	-1	-1	-1	6	0	0	48	0	29	0	0	0	-1	2	35	0
c6908	-1	0	0	0	0	0	0	-1	-1	35	0	0	0	0	-1	0	-1	31	0	32	0	-1	-1	50	-1	-1	0	0	6	0
c6954	8	-1	-1	0	0	21	0	-1	44	0	0	-1	0	0	26	0	0	0	0	0	0	29	0	47	1	-1	4	0	0	35
c6975	15	0	0	0	0	-1	13	-1	4	-1	3	0	0	0	26	0	-1	0	0	0	6	-1	0	0	-1	18	-1	-1	-1	0
c6979	0	37	-1	50	0	0	0	-1	0	31	44	0	0	29	26	-1	0	0	0	13	6	5	0	-1	0	0	22	0	-1	6
c7003	29	31	0	0	0	0	0	-1	-1	35	-1	31	0	32	26	15	0	31	0	-1	17	35	0	0	0	13	0	0	-1	0
c7020	42	-1	-1	7	32	25	0	-1	-1	-1	0	0	31	-1	26	0	5	31	21	0	0	0	0	-1	0	0	0	0	39	0
c7021	-1	0	0	7	32	-1	0	-1	0	25	-1	0	31	14	26	0	5	31	21	-1	0	0	0	-1	0	0	0	-1	39	0
c7094	0	-1	0	0	0	-1	29	-1	-1	35	-1	0	-1	0	26	50	26	31	-1	-1	0	-1	0	-1	0	13	0	0	6	-1
c7100	0	-1	0	-1	29	-1	0	-1	-1	35	0	0	0	0	26	0	0	31	26	32	39	0	-1	0	0	13	-1	0	37	0
c7111	0	0	31	7	0	8	0	-1	-1	0	0	0	0	0	26	0	0	0	-1	37	0	0	-1	-1	7	0	0	-1	0	-1
c7167	0	50	0	0	32	0	0	-1	4	0	0	-1	0	-1	26	0	0	0	0	0	0	0	-1	0	0	18	-1	29	-1	0
c7178	6	0	11	0	6	0	-1	-1	0	0	0	0	0	0	26	0	0	0	50	0	0	27	0	0	0	0	0	23	-1	0
c7180	0	-1	-1	0	0	0	0	-1	4	0	0	0	-1	0	26	0	0	0	6	0	0	0	47	0	0	18	-1	-1	47	0
c7223	1	-1	29	0	0	0	0	-1	0	0	0	0	0	0	26	0	-1	0	-1	-1	-1	-1	0	0	0	0	0	0	0	35
c7225	-1	0	-1	0	-1	-1	-1	-1	-1	0	0	0	6	24	26	-1	-1	0	0	0	0	0	29	0	-1	0	0	0	-1	0
c7242	0	0	-1	-1	0	35	-1	-1	-1	0	6	0	-1	-1	-1	29	0	0	-1	29	0	29	0	0	0	0	-1	29	0	-1
c7272	0	31	0	7	44	-1	0	-1	0	29	0	-1	-1	26	26	26	0	0	0	-1	0	-1	0	-1	0	13	37	0	0	-1
c7284	0	47	0	-1	0	21	0	-1	-1	35	-1	-1	0	7	26	-1	2	0	-1	-1	0	0	2	0	-1	0	0	0	5	44
c7287	-1	0	-1	7	0	0	0	-1	0	0	0	-1	50	0	26	0	0	0	0	0	-1	50	0	-1	39	0	0	0	0	33
c7294	0	0	-1	0	-1	23	0	-1	0	-1	0	0	0	0	-1	-1	50	0	34	27	-1	0	50	0	-1	-1	-1	31	0	6
c7325	0	39	0	0	-1	21	-1	-1	-1	35	0	-1	6	7	-1	-1	29	0	-1	-1	16	-1	0	0	-1	0	0	0	-1	-1
c7330	6	0	-1	0	0	0	0	-1	-1	35	26	0	0	0	26	0	0	-1	0	-1	0	0	0	3	0	13	0	-1	6	-1
c7399	-1	24	-1	7	-1	8	0	-1	0	2	0	0	0	-1	-1	-1	-1	0	0	0	39	0	3	-1	0	0	0	0	0	33
c7427	0	0	0	-1	0	35	-1	-1	0	3	0	0	0	35	-1	0	0	19	-1	-1	0	-1	0	0	0	0	0	23	-1	-1
c7435	0	-1	0	0	0	21	0	-1	-1	35	0	0	4	-1	26	0	-1	0	0	-1	-1	0	24	39	0	19	6	35	0	0
c7445	0	-1	0	47	3	0	-1	-1	0	0	0	0	-1	-1	26	3	0	0	0	0	0	0	29	-1	0	-1	0	13	3	0
c7447	0	32	0	-1	0	-1	0	-1	0	0	0	-1	-1	0	26	-1	0	-1	0	0	0	4	0	-1	0	0	-1	47	0	0
c7454	8	0	-1	0	5	0	0	-1	2	6	0	0	3	0	26	-1	0	0	26	-1	0	-1	0	-1	3	-1	0	-1	0	35
c7467	-1	-1	-1	7	0	-1	17	-1	5	-1	0	0	0	7	26	32	0	0	39	0	-1	0	0	-1	-1	0	43	0	21	3
c7472	-1	0	0	-1	29	0	-1	-1	-1	35	31	0	-1	13	26	0	0	31	26	32	0	-1	-1	0	0	13	0	0	-1	0
c7486	-1	-1	23	50	0	-1	-1	-1	0	31	0	0	0	-1	26	50	0	0	0	-1	6	5	-1	-1	0	0	-1	0	-1	6
c7498	6	-1	-1	0	0	-1	3	-1	0	0	42	0	0	0	26	-1	0	0	-1	0	44	27	-1	0	0	0	0	0	-1	0
c7505	-1	0	0	7	35	0	-1	-1	-1	1	0	47	0	0	-1	-1	-1	0	-1	0	-1	0	0	-1	2	0	0	-1	0	-1
c7506	0	0	47	7	0	26	5	-1	5	0	-1	-1	0	-1	26	32	0	0	39	0	-1	0	-1	-1	-1	0	0	5	32	-1
c7540	-1	0	-1	0	0	0	-1	-1	0	25	-1	0	0	0	26	-1	0	0	50	0	0	0	0	-1	42	0	-1	0	32	0
c7547	0	0	0	7	0	37	0	-1	0	-1	0	-1	-1	0	26	0	0	-1	0	15	-1	42	-1	-1	0	0	0	3	0	33
c7555	0	0	0	7	0	0	-1	-1	7	0	35	-1	0	-1	26	-1	0	0	-1	-1	0	0	-1	-1	-1	6	0	0	0	-1
c7565	-1	31	-1	0	-1	-1	-1	-1	-1	-1	-1	-1	39	0	26	0	0	31	0	17	39	35	0	-1	0	-1	15	0	0	50
c7566	-1	0	11	0	-1	26	3	-1	-1	0	0	0	0	0	-1	-1	-1	0	50	0	-1	15	15	3	0	0	13	0	32	0
c7590	42	0	0	7	0	0	3	-1	31	0	0	23	25	0	26	0	-1	-1	6	-1	0	0	-1	44	-1	3	4	0	0	3
c7603	18	5	0	0	-1	21	26	-1	-1	35	0	0	0	0	26	-1	32	0	0	0	32	0	15	0	0	-1	6	-1	-1	29
c7619	-1	0	23	0	0	-1	0	-1	0	-1	0	0	0	0	26	-1	0	0	34	27	0	0	50	0	1	0	-1	31	32	6
c7628	-1	-1	0	7	2	0	0	-1	5	0	0	0	0	0	26	32	3	0	39	0	0	0	0	-1	9	42	-1	0	0	3
c7639	0	0	0	7	32	25	0	-1	0	25	-1	0	31	0	26	-1	5	0	39	0	-1	14	50	-1	-1	0	18	0	39	-1
c7645	-1	0	11	0	32	-1	3	-1	0	0	0	0	0	0	26	0	8	0	-1	32	18	15	15	0	0	0	13	-1	32	0
c7663	-1	0	50	0	0	0	0	-1	0	-1	0	-1	6	42	-1	0	-1	0	-1	0	47	-1	0	39	0	0	-1	-1	0	35
c7670	44	0	-1	7	32	-1	0	-1	0	25	2	0	31	-1	26	0	-1	-1	0	0	0	-1	0	-1	0	0	0	0	39	0
c7710	-1	-1	0	7	32	-1	-1	-1	-1	25	-1	0	31	3	26	3	-1	0	0	-1	0	-1	-1	-1	0	0	0	-1	-1	0
c7711	0	44	0	7	32	0	-1	-1	47	25	-1	0	31	3	-1	-1	5	0	0	0	0	-1	39	-1	0	0	0	0	0	0
c7715	0	2	32	0	0	21	37	-1	-1	35	0	0	0	0	26	-1	2	-1	0	-1	-1	0	-1	6	-1	0	0	7	0	0
c7737	-1	0	0	0	3	0	11	-1	0	0	-1	0	6	24	26	3	-1	48	0	0	-1	-1	-1	0	0	0	0	0	0	0
c7755	-1	0	-1	-1	0	0	3	-1	0	0	0	0	0	-1	-1	0	5	0	50	-1	0	-1	34	-1	42	0	0	25	32	0
c7794	-1	0	29	4	-1	35	0	-1	0	0	37	0	0	0	-1	0	0	0	-1	0	0	29	32	0	0	16	-1	-1	15	-1
c7800	0	0	23	0	-1	-1	0	-1	0	0	0	0	0	29	26	50	0	0	-1	0	0	31	-1	0	0	0	22	0	0	6
c7801	0	-1	23	0	0	0	0	-1	-1	0	0	-1	0	29	26	50	0	0	0	0	-1	-1	0	0	0	0	22	0	0	-1
c7803	-1	0	23	0	0	0	0	-1	0	6	0	-1	0	0	26	50	-1	0	0	-1	8	0	0	50	-1	-1	22	0	32	6
c7811	0	0	23	0	0	23	0	-1	0	-1	0	0	0	0	26	50	0	0	34	27	0	0	50	0	0	-1	0	31	0	6
c7843	-1	0	-1	47	3	0	11	-1	0	0	-1	0	-1	-1	26	3	-1	0	0	-1	0	0	-1	0	-1	31	0	0	3	0
c7878	-1	37	-1	0	26	35	0	-1	0	25	-1	0	5	0	26	47	-1	0	0	0	0	29	0	0	0	-1	0	0	2	35
c7882	0	0	23	0	-1	0	0	-1	0	0	0	32	0	29	26	50	-1	0	0	0	0	-1	0	0	-1	0	-1	-1	-1	-1
c7884	0	0	0	7	32	25	0	-1	-1	25	0	-1	31	0	26	-1	5	0	21	0	-1	0	0	-1	0	-1	0	0	39	-1
c7897	-1	0	0	0	0	-1	18	-1	4	0	0	0	0	-1	-1	0	0	-1	-1	0	0	0	31	0	-1	18	-1	29	0	0
c7901	0	-1	26	7	44	0	0	-1	0	29	-1	-1	15	0	-1	26	-1	0	0	0	0	-1	0	-1	0	0	0	32	42	0
c7907	0	0	0	0	0	0	-1	-1	0	6	0	39	0	0	26	-1	-1	0	0	0	-1	29	0	0	-1	-1	5	33	0	35
c7916	0	31	0	7	44	2	0	-1	2	29	0	-1	0	0	26	26	0	0	0	0	-1	-1	0	-1	0	0	0	-1	0	0
c7926	18	32	0	-1	0	0	-1	-1	0	0	-1	0	-1	0	26	0	-1	-1	0	23	-1	-1	0	-1	25	-1	-1	47	0	-1
c7929	0	0	-1	0	0	-1	0	-1	0	0	-1	0	0	0	-1	50	-1	0	0	-1	-1	0	0	0	-1	-1	22	0	0	6
c7932	0	-1	0	0	-1	35	-1	-1	0	0	0	0	39	-1	-1	9	0	0	-1	0	0	29	0	-1	0	0	0	0	-1	35
c7934	-1	28	35	0	0	0	0	-1	0	0	0	0	-1	0	26	-1	47	0	0	0	-1	-1	0	-1	6	0	0	0	0	-1
c7942	0	0	0	0	0	-1	0	-1	32	0	13	47	0	0	-1	6	0	15	26	0	5	29	0	0	0	-1	0	0	-1	35
c7954	0	0	0	0	0	0	0	-1	4	-1	0	0	37	-1	26	0	50	0	0	-1	0	0	-1	0	0	18	-1	29	-1	0
c7961	0	0	23	-1	19	0	0	-1	-1	0	-1	0	0	-1	26	-1	-1	-1	0	11	0	0	-1	0	0	0	22	0	0	6
c7962	7	-1	4	-1	32	0	-1	-1	0	25	47	17	31	0	26	-1	-1	0	0	-1	31	0	0	-1	0	0	0	0	-1	3
c8002	35	0	23	0	6	-1	0	-1	0	-1	-1	-1	0	-1	-1	50	0	0	34	27	0	0	-1	0	32	0	0	31	0	6
c8029	0	0	0	0	-1	0	0	-1	-1	-1	6	0	42	0	26	0	0	31	26	-1	48	0	-1	0	0	13	0	0	-1	-1
c8118	0	0	23	44	-1	0	-1	-1	13	0	-1	0	0	0	-1	50	4	0	0	0	-1	-1	-1	0	0	0	22	-1	-1	6
c8126	0	37	23	-1	6	23	0	-1	0	-1	0	0	0	0	-1	50	0	0	34	-1	0	-1	50	0	-1	5	6	31	0	6
c8159	6	-1	0	0	25	47	3	-1	3	0	0	0	29	0	-1	0	35	-1	50	0	0	0	0	-1	42	0	0	0	-1	37
c8237	2	31	0	-1	-1	0	5	-1	0	29	0	0	-1	0	26	26	0	0	0	0	0	39	-1	-1	0	0	0	-1	0	0
c8243	0	0	0	7	0	8	-1	-1	0	0	0	0	0	19	26	13	25	0	0	0	0	0	0	-1	-1	0	0	31	-1	-1
c8268	-1	0	0	7	42	0	-1	-1	31	0	0	23	25	0	26	0	35	-1	6	0	0	0	0	44	44	3	-1	0	0	0
c8282	0	0	-1	7	0	-1	0	-1	-1	-1	0	-1	-1	0	26	0	-1	0	0	0	-1	0	0	-1	0	0	0	0	0	33
c8294	32	0	23	0	19	0	-1	-1	-1	0	0	0	26	0	26	50	32	0	0	-1	0	-1	0	0	0	0	22	-1	0	6
c8337	0	0	23	-1	19	0	-1	-1	0	0	0	-1	0	13	26	50	0	-1	0	11	-1	0	0	-1	0	0	-1	0	0	6
c8343	0	-1	0	0	0	21	0	-1	-1	-1	15	0	0	37	26	0	-1	0	-1	-1	0	5	0	0	-1	0	0	0	0	-1
c8357	-1	-1	0	-1	0	0	3	-1	31	0	0	23	25	0	26	0	35	-1	6	0	0	0	0	44	-1	4	4	0	0	0
c8373	-1	0	23	-1	19	0	0	-1	44	39	-1	0	0	0	26	50	0	0	0	0	0	0	-1	0	-1	0	22	0	0	-1
c8374	0	0	0	0	0	0	0	-1	32	0	0	0	0	0	26	0	32	29	26	0	0	29	-1	42	0	0	0	22	0	35
c8376	0	0	-1	7	-1	25	0	-1	0	25	-1	32	31	0	26	0	-1	0	39	0	29	14	50	-1	13	0	18	0	39	-1
c8379	7	0	0	0	0	35	0	-1	0	0	0	18	0	0	-1	0	0	0	-1	47	0	-1	-1	0	0	0	0	0	-1	35
c8384	0	-1	0	7	0	0	0	-1	-1	0	0	0	31	39	26	0	0	18	0	-1	0	-1	0	-1	0	0	0	47	29	0
c8456	0	-1	23	-1	19	0	0	-1	0	39	0	-1	-1	0	26	50	0	0	0	35	0	0	0	-1	0	0	-1	29	0	-1
c8472	0	0	0	-1	0	-1	0	-1	-1	0	0	-1	-1	0	26	-1	0	0	-1	0	0	0	0	-1	0	-1	0	-1	0	33
c8496	-1	0	23	44	0	0	0	-1	13	0	0	-1	0	0	-1	-1	4	-1	0	0	0	0	0	0	0	-1	22	0	-1	6
c8497	0	0	23	-1	0	43	0	-1	13	0	0	0	0	0	-1	50	4	0	0	-1	-1	0	-1	0	0	0	22	0	29	6
c8518	0	0	8	0	0	0	0	-1	-1	35	0	35	47	-1	26	50	0	-1	0	32	0	0	0	0	-1	-1	0	0	6	-1
c8521	-1	-1	50	0	15	0	3	-1	-1	0	0	0	-1	0	26	-1	48	-1	50	0	0	0	-1	0	42	0	0	0	32	0
c8540	0	0	0	47	-1	0	11	-1	0	0	-1	0	6	-1	-1	3	3	0	0	2	0	0	-1	0	0	31	0	0	3	22
c8575	-1	0	23	-1	19	0	32	-1	0	39	0	-1	0	0	26	-1	0	0	-1	0	-1	0	0	32	-1	0	22	0	0	6
c8585	0	-1	0	0	0	0	0	-1	-1	0	0	32	0	0	26	0	-1	0	-1	0	0	7	0	0	35	18	-1	-1	2	0
c8589	6	3	0	0	0	-1	-1	-1	0	-1	0	0	0	0	-1	0	0	0	50	0	0	-1	0	0	21	-1	0	0	32	0
c8635	-1	0	0	0	3	0	-1	-1	-1	0	0	0	6	-1	26	3	-1	0	-1	0	0	-1	-1	0	0	-1	-1	32	-1	-1
c8666	0	0	0	26	0	-1	-1	-1	-1	35	0	-1	0	0	26	-1	2	0	0	-1	-1	-1	-1	0	0	0	0	0	6	-1
c8693	0	31	0	0	-1	6	0	-1	-1	35	39	0	-1	0	26	0	0	-1	0	17	0	35	-1	32	0	13	0	31	0	0
c8725	-1	0	26	-1	3	0	11	-1	8	35	0	-1	6	-1	-1	3	0	-1	0	0	-1	0	29	0	0	0	0	4	-1	-1
c8731	0	4	0	7	0	0	0	-1	7	0	35	-1	0	44	26	-1	0	0	-1	38	0	0	-1	-1	-1	6	-1	0	0	33
c8750	0	-1	0	0	3	0	11	-1	0	22	-1	-1	6	43	26	-1	6	0	0	0	0	0	29	0	0	0	0	0	0	0
c8771	0	0	0	0	0	0	0	-1	-1	-1	13	-1	0	-1	-1	6	0	15	26	15	5	29	3	-1	50	-1	0	0	6	35
c8773	0	0	0	-1	0	37	-1	-1	0	0	-1	-1	-1	-1	26	0	24	0	0	0	0	0	0	-1	0	-1	0	0	0	33
c8777	31	0	23	0	0	-1	0	-1	0	-1	0	-1	0	0	26	50	-1	-1	34	27	0	0	50	0	0	0	0	-1	0	-1
c8778	0	-1	0	0	0	-1	0	-1	-1	-1	39	0	0	-1	26	1	0	-1	0	17	32	35	-1	0	-1	13	-1	39	0	0
c8787	0	-1	0	-1	0	-1	0	-1	-1	35	0	0	0	0	-1	0	0	31	32	26	0	-1	0	0	-1	13	0	0	0	0
c8797	-1	-1	0	0	0	0	-1	-1	50	0	13	0	0	9	26	-1	18	0	26	2	-1	29	0	0	0	0	2	0	0	35
c8800	8	17	44	0	0	-1	0	-1	2	0	0	37	3	0	-1	0	13	0	26	-1	0	29	0	0	3	0	0	-1	0	35
c8810	0	-1	0	7	44	0	-1	-1	0	29	0	-1	0	0	26	-1	-1	0	0	0	0	-1	-1	-1	3	-1	-1	0	0	0
c8821	42	0	0	7	0	-1	1	-1	31	0	0	-1	25	0	26	0	35	-1	0	0	0	0	0	44	-1	-1	0	0	0	-1
c8833	0	0	0	0	3	0	11	-1	0	15	0	0	6	0	26	3	0	4	48	-1	0	0	29	0	35	-1	0	0	0	26
c8835	32	-1	0	-1	3	0	11	-1	0	17	0	0	-1	0	26	3	-1	0	0	0	0	-1	29	0	0	-1	0	0	0	0
c8842	21	6	0	47	0	4	0	-1	-1	25	0	3	0	0	26	-1	-1	-1	44	0	-1	-1	0	-1	0	18	-1	29	0	-1
c8858	-1	0	0	0	3	0	11	-1	-1	0	0	0	6	24	26	3	22	0	0	35	0	0	-1	-1	0	0	0	0	0	-1
c8867	0	31	0	0	0	-1	-1	-1	-1	35	39	0	39	0	26	0	-1	31	0	17	-1	35	0	0	0	13	15	-1	-1	50
c8869	0	-1	-1	7	44	2	0	-1	0	29	0	-1	0	26	26	26	0	0	0	0	0	-1	0	-1	0	0	37	0	0	-1
c8870	37	0	-1	7	0	0	13	-1	7	33	-1	-1	0	0	26	-1	0	0	-1	0	0	0	-1	-1	-1	0	0	0	47	33
c8877	0	-1	0	7	0	8	-1	-1	-1	0	0	0	0	19	-1	13	-1	0	0	0	0	8	-1	-1	-1	39	0	-1	-1	33
c8879	3	0	0	0	0	35	0	-1	0	0	0	0	0	0	-1	0	0	0	-1	-1	0	-1	0	0	6	-1	0	0	15	35
c8894	0	0	0	-1	0	21	0	-1	-1	35	0	-1	0	0	-1	-1	0	-1	0	32	0	0	0	-1	5	-1	0	-1	0	0
c8930	-1	31	0	-1	0	0	-1	-1	-1	35	0	39	47	-1	-1	-1	0	31	0	32	0	5	0	0	6	-1	0	0	6	0
c8941	23	39	0	-1	0	0	37	-1	-1	0	-1	0	-1	0	26	0	0	1	0	0	31	0	0	-1	23	18	-1	-1	0	50
c8945	19	0	0	0	0	0	0	-1	4	50	13	0	-1	15	26	0	0	0	0	0	31	0	6	0	0	18	-1	29	5	0
c8946	-1	0	0	-1	-1	29	3	-1	0	0	35	-1	4	29	26	-1	0	-1	50	0	8	0	-1	0	-1	0	26	29	32	0
c8969	0	0	0	47	3	0	11	-1	0	17	0	0	6	-1	26	-1	-1	0	47	0	0	0	29	0	15	6	0	0	3	0
c8970	0	31	0	0	0	6	-1	-1	-1	35	39	0	35	0	26	-1	-1	31	0	17	0	-1	0	0	0	-1	-1	-1	0	-1
c8987	0	-1	0	-1	0	0	0	-1	-1	8	0	0	31	-1	26	0	0	0	0	-1	0	-1	0	-1	0	0	-1	47	0	0
c8992	42	-1	0	7	-1	0	0	-1	31	0	-1	23	25	0	26	0	0	-1	0	26	0	-1	0	44	0	5	39	-1	0	32
c8995	50	0	0	7	32	6	0	-1	31	25	6	0	31	0	26	-1	5	0	0	42	47	0	-1	-1	0	0	0	0	26	0
c9003	4	0	0	7	35	0	0	-1	19	1	-1	-1	0	26	26	31	0	-1	0	0	39	0	-1	-1	2	0	0	0	0	0
c9016	-1	0	0	47	3	0	11	-1	0	0	-1	0	6	-1	26	3	0	0	0	-1	42	0	-1	0	-1	31	0	-1	3	0
c9017	-1	0	0	47	3	0	11	-1	0	0	0	0	6	-1	-1	3	0	-1	0	2	0	0	-1	0	-1	31	0	0	3	-1
c9024	0	37	-1	34	6	23	0	-1	-1	-1	-1	0	0	-1	26	-1	0	0	34	27	0	48	50	0	0	-1	-1	-1	3	6
c9061	0	2	32	0	0	21	37	-1	-1	35	-1	-1	0	0	26	-1	2	0	0	-1	0	0	0	0	0	0	-1	0	0	0
c9074	-1	37	23	0	0	35	0	-1	0	0	0	0	-1	0	-1	0	-1	0	0	0	-1	29	-1	0	0	0	0	0	2	35
c9120	0	0	0	0	3	-1	11	-1	0	-1	47	0	6	0	26	-1	0	0	23	0	0	0	29	0	0	0	19	0	23	0
c9128	0	0	23	-1	-1	-1	-1	-1	-1	0	0	0	0	0	26	50	0	-1	32	-1	0	0	0	0	0	0	22	0	0	6
c9137	0	0	0	0	29	0	0	-1	-1	35	0	0	0	2	-1	-1	-1	31	26	32	0	6	-1	0	0	13	0	0	-1	0
c9142	0	0	-1	0	0	0	0	-1	32	0	13	50	0	0	-1	0	0	15	26	-1	5	29	0	0	-1	0	0	0	0	35
c9151	-1	0	0	0	0	-1	-1	-1	0	0	0	0	0	0	26	0	0	-1	26	0	-1	29	-1	11	-1	0	-1	44	0	35
c9160	0	0	0	47	3	0	11	-1	0	-1	9	7	6	-1	-1	3	0	0	0	2	0	0	29	0	0	31	-1	0	3	0
c9166	0	0	29	7	-1	0	0	-1	7	0	35	-1	0	0	26	-1	0	0	-1	-1	0	-1	-1	-1	-1	0	0	0	0	-1
c9173	-1	0	0	0	3	0	11	-1	-1	-1	0	0	6	-1	26	3	22	0	0	0	-1	32	-1	0	0	0	0	-1	0	0
c9199	0	26	0	7	0	0	0	-1	-1	0	0	-1	0	0	26	0	0	-1	17	0	0	-1	0	-1	39	0	0	0	0	-1
c9205	-1	0	0	18	0	0	50	-1	0	-1	0	0	-1	7	26	0	-1	-1	0	-1	50	-1	0	0	0	0	-1	-1	50	35
c9270	0	18	0	0	-1	-1	0	-1	-1	35	0	0	0	0	26	0	0	31	26	32	-1	37	-1	-1	5	13	-1	32	37	0
c9273	-1	0	0	0	0	35	0	-1	0	0	50	0	0	0	-1	0	0	-1	-1	0	0	-1	0	0	0	-1	0	-1	0	-1
c9275	0	-1	27	0	47	-1	11	-1	0	8	-1	0	5	-1	26	0	0	0	0	0	24	29	0	0	0	-1	0	0	0	35
c9278	0	32	0	-1	-1	0	-1	-1	0	0	0	0	31	0	26	0	0	25	0	0	0	0	0	-1	0	0	-1	47	-1	0
c9284	0	3	23	-1	-1	-1	39	-1	48	0	38	44	50	-1	26	50	0	0	0	-1	0	6	-1	0	0	0	22	0	0	6
c9293	0	15	0	-1	-1	-1	0	-1	-1	35	-1	-1	-1	-1	26	0	-1	31	-1	32	35	0	0	6	-1	13	0	0	6	0
c9299	-1	-1	0	7	32	26	-1	-1	0	25	-1	17	31	0	-1	0	5	-1	0	0	-1	-1	0	-1	47	25	0	-1	0	0
c9301	-1	0	-1	0	6	0	0	-1	-1	44	0	2	0	-1	-1	50	-1	0	0	0	6	0	0	0	0	0	22	0	0	6
c9302	0	-1	0	7	44	0	-1	-1	0	29	0	-1	0	-1	26	26	-1	0	0	-1	0	-1	-1	-1	0	0	0	0	-1	0
c9340	32	-1	0	-1	3	50	11	-1	0	17	0	0	6	0	26	3	-1	0	0	33	-1	19	29	48	0	-1	0	0	0	0
c9345	0	0	0	0	8	-1	0	-1	-1	35	15	0	0	37	26	0	0	-1	0	0	0	5	6	-1	0	0	0	0	-1	-1
c9347	-1	-1	-1	47	-1	4	0	-1	4	25	0	3	-1	0	26	0	0	0	-1	0	-1	0	0	0	-1	18	-1	29	0	-1
c9350	0	0	-1	0	0	0	-1	-1	0	0	0	15	0	2	-1	0	0	0	-1	0	0	29	23	-1	15	-1	-1	0	0	-1
c9369	-1	0	0	7	32	25	0	-1	-1	25	0	0	31	0	26	-1	5	-1	21	1	0	0	0	-1	0	-1	0	32	39	26
c9371	42	0	-1	-1	32	0	3	-1	31	0	0	23	25	0	26	0	35	-1	6	0	0	2	0	44	0	3	4	0	0	0
c9376	-1	0	0	0	24	0	3	-1	-1	0	0	0	-1	0	26	0	0	0	50	0	8	50	0	0	-1	0	26	-1	32	0
c9385	0	6	0	0	0	-1	50	-1	4	25	0	0	0	0	-1	0	-1	35	44	0	0	3	-1	-1	-1	18	-1	29	0	5
c9400	0	0	0	0	3	0	11	-1	0	0	-1	0	6	-1	26	3	0	0	23	0	-1	0	29	0	-1	-1	19	0	-1	0
c9415	0	0	0	0	0	0	0	-1	-1	35	-1	39	-1	0	26	0	-1	31	0	32	-1	0	4	0	0	13	0	-1	6	-1
c9422	0	-1	0	-1	0	0	-1	-1	4	0	-1	32	0	0	-1	0	0	0	0	0	0	-1	-1	0	0	18	-1	-1	-1	0
c9427	0	-1	0	7	32	25	0	-1	6	25	0	0	31	0	26	0	5	-1	21	0	39	0	0	-1	0	0	0	0	39	26
c9438	6	-1	11	-1	0	0	3	-1	0	0	0	0	0	0	26	0	0	0	50	0	0	-1	-1	0	0	0	-1	0	-1	0
c9439	6	0	-1	0	0	0	3	-1	0	-1	0	0	0	0	26	0	-1	-1	50	-1	-1	-1	-1	0	-1	0	0	-1	-1	0
c9447	-1	0	-1	7	-1	26	-1	-1	5	0	0	-1	0	8	26	32	0	0	39	0	0	48	-1	-1	-1	-1	0	0	0	3
c9450	42	0	-1	7	0	0	1	-1	31	-1	44	23	25	0	26	0	35	-1	0	0	0	0	42	44	5	0	0	0	29	21
c9455	-1	42	-1	0	4	32	0	-1	-1	35	0	0	0	47	26	-1	0	31	0	0	0	-1	0	0	35	13	2	31	0	0
c9469	0	2	32	0	0	-1	37	-1	-1	35	0	0	0	-1	26	-1	2	0	0	-1	-1	-1	0	2	0	0	0	-1	0	0
c9473	0	0	23	0	0	0	-1	-1	0	0	0	0	-1	0	26	50	-1	-1	0	-1	39	-1	0	0	-1	0	-1	0	-1	6
c9481	0	44	23	44	-1	0	0	-1	13	-1	0	44	0	0	26	50	-1	-1	0	0	0	0	0	0	0	39	22	0	33	-1
c9485	-1	-1	-1	0	-1	-1	0	-1	-1	35	6	39	47	0	26	0	-1	31	0	-1	35	47	26	6	0	13	-1	0	6	-1
c9486	31	0	0	5	3	-1	11	-1	0	0	0	0	-1	50	26	3	22	0	0	0	0	0	29	-1	31	0	-1	-1	0	-1
c9491	0	0	-1	0	0	0	0	-1	4	0	-1	-1	-1	-1	26	0	0	0	-1	0	0	0	31	26	-1	18	-1	29	13	0
c9502	31	0	0	5	3	-1	11	-1	0	0	0	-1	6	50	26	3	22	0	-1	0	0	0	-1	-1	31	0	0	0	0	-1
c9510	15	0	0	37	0	0	0	-1	4	0	0	0	0	-1	-1	0	0	0	-1	-1	6	0	0	-1	-1	18	-1	29	4	-1
c9522	0	0	0	18	35	44	50	-1	0	0	-1	0	-1	7	26	-1	0	0	-1	0	50	0	0	0	-1	0	50	-1	0	35
c9528	0	0	0	7	6	-1	0	-1	0	0	-1	-1	6	0	26	29	0	-1	0	0	0	0	39	-1	0	8	0	0	0	-1
c9534	-1	0	-1	7	0	0	0	-1	7	33	-1	-1	-1	0	26	-1	0	0	-1	0	0	0	-1	-1	42	0	0	0	47	33
c9535	37	0	-1	7	0	0	0	-1	7	-1	-1	-1	0	0	26	-1	0	0	-1	0	0	7	-1	-1	42	0	0	0	47	33
c9545	0	0	-1	0	31	0	0	-1	-1	35	-1	0	0	39	26	0	0	31	0	0	0	0	0	0	0	-1	-1	0	25	0
c9554	14	0	3	-1	3	0	-1	-1	-1	0	0	0	6	0	26	3	31	0	0	29	0	0	29	0	35	0	46	0	-1	26
c9573	0	5	0	0	-1	1	0	-1	-1	-1	0	-1	0	-1	26	13	-1	31	26	32	0	0	-1	-1	0	13	0	0	-1	0
c9589	-1	50	-1	-1	0	0	-1	-1	0	-1	0	0	0	0	-1	0	-1	0	50	0	-1	0	0	0	42	0	-1	-1	-1	42
c9594	0	32	-1	-1	0	0	-1	-1	0	-1	2	0	31	-1	26	-1	0	0	-1	0	0	32	0	-1	-1	0	-1	47	0	0
c9599	-1	0	-1	0	0	0	0	-1	-1	0	0	50	6	50	26	0	0	0	26	-1	0	29	0	5	34	0	0	44	0	35
c9602	-1	0	-1	0	0	0	3	-1	-1	0	7	0	0	9	26	0	0	0	50	0	0	0	0	-1	42	0	0	0	32	0
c9603	-1	0	-1	0	0	0	3	-1	0	-1	7	0	0	0	-1	0	0	-1	50	0	0	0	0	-1	-1	0	0	0	-1	0
c9605	0	-1	21	-1	0	-1	11	-1	5	-1	0	0	0	0	26	32	0	0	0	11	0	0	0	-1	4	0	0	-1	31	-1
c9615	6	0	0	0	0	0	3	-1	0	-1	0	0	49	23	-1	-1	-1	0	50	-1	0	25	-1	0	21	0	0	23	32	37
c9626	0	0	0	-1	0	0	0	-1	-1	35	0	4	47	2	26	0	0	-1	-1	32	0	0	0	0	-1	-1	35	-1	-1	0
c9655	-1	0	0	-1	0	0	0	-1	5	0	50	0	37	0	-1	-1	0	0	39	5	0	0	0	-1	0	0	0	-1	0	3
c9658	8	-1	0	0	0	0	0	-1	2	0	0	0	-1	-1	26	0	-1	0	26	0	0	29	-1	3	3	0	0	-1	29	35
c9661	0	31	0	0	0	-1	0	-1	-1	35	39	0	0	0	-1	-1	0	31	0	17	32	35	-1	0	0	13	-1	39	0	-1
c9666	0	26	0	0	0	15	3	-1	0	0	0	-1	0	0	-1	-1	0	0	50	0	0	0	0	-1	0	0	-1	0	32	0
c9669	0	0	27	0	47	0	22	-1	-1	1	0	0	0	0	26	-1	0	-1	0	-1	-1	-1	0	0	0	6	0	0	-1	35
c9689	0	-1	0	-1	0	0	-1	-1	5	-1	0	0	-1	5	26	32	0	0	39	0	0	-1	-1	-1	0	0	43	0	0	-1
c9694	0	-1	0	0	29	0	0	-1	-1	7	-1	39	-1	-1	26	0	0	50	0	0	-1	29	0	-1	0	0	0	32	35	35
c9712	6	-1	0	0	47	0	3	-1	0	0	31	37	0	-1	26	0	23	-1	50	0	0	34	0	4	-1	0	0	-1	-1	-1
c9767	-1	0	-1	0	0	-1	0	-1	-1	35	0	-1	0	37	26	0	-1	-1	0	0	11	-1	0	0	0	0	17	0	0	-1
c9786	39	32	-1	7	0	0	0	-1	0	26	0	0	31	0	26	0	0	0	-1	23	0	0	0	-1	-1	0	-1	47	0	10
c9802	0	-1	-1	29	-1	0	0	-1	32	0	13	2	0	0	26	0	0	15	-1	0	5	29	23	0	39	0	33	0	-1	-1
c9830	0	2	-1	0	0	21	-1	-1	-1	35	8	0	29	0	26	-1	2	44	0	-1	0	0	-1	-1	0	0	0	-1	21	0
c9834	42	0	0	-1	0	-1	-1	-1	31	0	0	23	25	0	-1	0	-1	-1	6	0	0	0	0	44	0	4	4	17	0	0
c9842	0	47	0	7	0	0	0	-1	5	0	39	-1	47	-1	-1	32	0	34	39	0	32	0	0	-1	0	0	-1	0	-1	3
c9847	0	0	-1	-1	3	-1	-1	-1	0	-1	-1	-1	6	0	-1	3	0	0	0	0	0	26	29	0	-1	0	0	-1	-1	-1
c9864	0	31	-1	-1	44	0	0	-1	0	29	0	-1	15	0	-1	26	0	-1	0	0	0	-1	0	-1	-1	0	0	32	42	0
c9865	0	31	0	7	44	0	-1	-1	0	29	0	-1	15	0	-1	26	0	0	0	0	0	-1	0	-1	-1	0	-1	32	-1	0
c9883	0	-1	31	-1	-1	0	-1	-1	32	0	-1	0	-1	-1	-1	-1	0	15	26	0	5	29	0	0	0	-1	0	0	6	35
c9897	38	0	-1	0	3	-1	-1	-1	50	-1	-1	0	6	0	26	3	0	0	44	0	-1	0	29	0	-1	6	-1	0	0	0
c9910	0	0	0	0	15	0	0	-1	32	0	13	-1	0	0	26	6	0	15	26	4	5	-1	0	0	0	-1	0	0	6	-1
c9930	-1	0	6	0	31	-1	0	-1	-1	35	0	-1	0	39	26	0	0	31	0	0	-1	-1	0	35	0	13	0	0	-1	0
c9935	32	-1	0	-1	3	0	11	-1	0	17	0	0	6	0	26	3	0	0	-1	-1	0	0	-1	-1	0	-1	0	0	-1	0
c9977	-1	31	0	0	0	0	0	-1	-1	35	-1	39	47	0	26	0	0	31	0	32	0	5	-1	0	6	13	0	0	6	0
c9984	47	-1	0	-1	0	0	0	-1	-1	35	0	-1	-1	0	-1	0	0	31	0	0	0	-1	0	-1	-1	13	47	-1	0	-1
c9993	0	-1	0	0	0	21	0	-1	-1	35	0	-1	6	7	-1	0	29	35	-1	21	16	-1	0	-1	-1	0	0	0	-1	44
c9994	27	25	0	0	0	0	0	-1	-1	0	0	39	-1	0	26	-1	0	0	-1	1	-1	-1	-1	0	0	0	7	-1	0	35
c9998	44	0	0	7	32	25	0	-1	0	-1	2	-1	31	0	26	0	5	0	0	-1	0	0	0	-1	25	0	0	0	39	0
c10011	0	26	-1	0	0	0	3	-1	0	0	0	0	0	0	26	44	0	15	50	0	0	0	0	42	-1	0	0	-1	32	0
c10030	-1	-1	0	0	24	0	-1	-1	-1	0	0	0	-1	-1	-1	0	0	-1	50	0	8	0	0	0	42	0	-1	0	32	0
c10039	8	-1	0	0	-1	-1	-1	-1	0	0	0	-1	6	50	26	34	0	0	26	0	0	29	0	-1	0	-1	0	44	0	35
c10056	0	0	0	7	32	0	0	-1	0	-1	0	15	31	32	26	0	5	-1	6	-1	0	0	23	-1	-1	0	-1	-1	0	0
c10077	0	0	-1	-1	-1	28	-1	-1	0	-1	47	17	31	0	26	-1	5	0	0	0	0	0	0	-1	-1	0	0	0	0	0
c10090	-1	26	0	0	-1	-1	-1	-1	32	0	0	0	-1	24	-1	3	22	0	0	0	0	0	-1	0	0	0	-1	0	26	0
c10107	0	0	0	0	3	0	11	-1	11	0	47	0	6	29	26	3	0	13	23	-1	0	0	29	0	0	0	0	0	8	0
c10108	0	26	0	0	0	-1	3	-1	0	0	-1	-1	-1	0	-1	50	41	0	50	0	-1	0	0	0	0	0	0	0	-1	38
c10130	0	31	0	0	0	0	0	-1	-1	35	39	-1	39	0	26	-1	-1	31	0	17	0	35	17	0	0	13	15	0	0	50
c10135	0	0	0	18	0	0	50	-1	0	0	0	-1	-1	7	-1	0	0	0	0	0	50	0	0	0	0	0	50	-1	50	35
c10142	6	-1	0	-1	-1	33	3	-1	0	-1	-1	-1	0	-1	26	-1	0	0	-1	-1	7	-1	-1	3	-1	0	39	-1	32	39
c10146	0	0	0	0	0	0	0	-1	4	0	0	0	0	-1	-1	0	0	0	-1	0	0	0	31	-1	0	18	-1	29	-1	0
c10166	0	26	-1	0	0	0	-1	-1	-1	0	26	0	0	0	26	-1	29	0	50	0	47	0	35	0	32	0	0	0	32	0
c10188	-1	0	0	3	3	-1	-1	-1	0	-1	0	-1	6	-1	26	3	0	22	-1	0	0	-1	29	0	0	-1	0	0	0	0
c10205	29	-1	0	0	-1	0	31	-1	-1	35	0	0	0	0	26	0	0	31	-1	0	0	-1	0	-1	0	13	0	-1	0	-1
c10236	-1	-1	0	0	-1	-1	3	-1	-1	0	0	21	-1	0	-1	0	0	32	-1	0	-1	0	34	-1	42	-1	0	25	32	0
c10248	0	39	0	0	0	0	0	-1	4	0	-1	0	0	-1	26	0	0	1	0	0	31	0	0	0	0	18	-1	29	0	0
c10255	0	32	0	7	-1	0	0	-1	0	0	0	0	31	0	26	0	-1	0	0	23	0	24	-1	-1	-1	-1	-1	47	-1	0
c10258	0	32	-1	7	0	-1	0	-1	0	0	-1	0	-1	0	26	0	-1	-1	0	-1	0	0	0	-1	-1	0	-1	47	0	10
c10259	-1	32	15	7	-1	0	0	-1	-1	0	0	0	31	0	26	0	0	0	-1	-1	0	-1	-1	-1	-1	0	-1	47	-1	10
c10263	0	0	0	0	-1	0	0	-1	-1	-1	-1	39	47	0	26	-1	0	31	-1	32	35	-1	3	6	0	-1	0	43	6	-1
c10266	-1	31	34	-1	0	-1	0	-1	-1	35	39	-1	39	0	26	0	0	31	0	17	-1	35	0	0	0	13	15	0	0	-1
c10269	0	26	0	0	0	15	3	-1	0	0	0	-1	0	0	26	0	-1	0	50	0	32	0	0	0	0	-1	0	0	32	-1
c10280	-1	32	0	-1	0	0	0	-1	0	47	0	-1	-1	-1	26	-1	0	0	-1	37	-1	0	0	-1	-1	-1	0	47	0	44
c10284	-1	0	0	0	0	35	-1	-1	0	0	0	46	0	0	-1	0	0	0	-1	47	0	-1	0	-1	-1	0	0	0	-1	35
c10289	0	50	0	5	3	-1	11	-1	0	0	-1	0	-1	50	26	3	22	0	0	0	0	0	29	0	-1	0	0	-1	0	-1
c10300	0	0	-1	0	0	35	0	-1	-1	-1	0	0	0	0	-1	0	0	0	-1	-1	0	29	0	-1	0	0	-1	0	-1	35
c10313	0	-1	44	7	17	0	17	-1	5	0	-1	0	-1	0	26	32	0	0	39	0	-1	-1	6	-1	42	-1	-1	42	-1	3
c10315	7	0	0	7	0	4	0	-1	5	27	50	0	0	0	26	32	-1	0	39	0	3	0	26	-1	-1	0	0	0	35	3
c10318	0	0	-1	0	0	23	0	-1	0	-1	0	0	4	-1	26	50	0	0	34	-1	0	4	50	0	31	0	0	31	-1	6
c10326	15	37	0	0	0	0	0	-1	4	0	0	0	0	0	-1	0	0	0	0	37	-1	0	0	0	0	18	-1	29	-1	0
c10328	0	0	0	0	3	-1	11	-1	0	-1	-1	0	6	0	26	3	0	-1	-1	0	0	0	29	-1	35	0	0	0	0	-1
c10346	6	0	11	-1	0	0	3	-1	0	0	24	0	0	0	26	-1	0	0	50	-1	0	27	-1	0	0	37	0	-1	-1	0
c10356	-1	0	0	0	-1	0	0	-1	4	0	0	-1	0	0	-1	-1	-1	0	0	0	6	0	0	0	0	18	-1	-1	0	0
c10373	0	-1	0	7	0	14	0	-1	5	0	0	0	-1	0	26	-1	0	-1	0	0	0	4	0	-1	4	0	0	26	0	37
c10374	0	0	0	0	-1	0	-1	-1	0	0	0	-1	6	0	26	-1	0	0	0	0	-1	0	29	-1	-1	0	-1	0	-1	0
c10417	-1	39	0	0	0	0	-1	-1	4	0	0	-1	0	0	-1	0	0	1	0	0	-1	0	-1	42	0	18	-1	29	0	39
c10421	0	32	-1	44	0	0	-1	-1	0	0	0	0	0	0	26	50	0	0	-1	0	0	0	-1	0	0	-1	22	1	0	6
c10439	0	0	0	-1	0	37	0	-1	0	2	0	-1	-1	0	26	39	-1	0	0	-1	0	0	0	-1	0	-1	-1	0	0	33
c10440	0	0	0	0	0	0	0	-1	32	0	13	50	0	0	26	3	0	15	26	0	5	29	0	0	16	0	0	0	0	-1
c10441	0	0	0	0	-1	0	0	-1	32	0	13	50	0	-1	-1	-1	-1	15	26	0	-1	29	0	0	16	0	0	0	-1	35
c10444	0	42	0	0	42	21	47	-1	-1	35	0	-1	26	0	-1	0	-1	0	0	47	-1	0	-1	0	0	0	0	0	0	0
c10448	42	0	-1	-1	0	0	3	-1	31	0	0	23	25	0	26	0	35	-1	6	-1	-1	0	0	44	0	0	4	0	-1	0
c10476	0	0	23	0	0	23	32	-1	0	-1	4	-1	-1	-1	26	50	0	0	47	27	0	0	0	0	0	0	0	31	0	-1
c10483	0	6	0	-1	0	35	-1	-1	0	-1	0	31	0	-1	-1	0	13	0	-1	0	-1	29	0	0	0	-1	0	0	0	35
c10486	-1	0	-1	0	-1	0	3	-1	4	0	0	0	0	0	26	0	8	0	50	0	0	0	15	0	0	0	13	0	32	0
c10517	0	0	0	0	48	21	-1	-1	-1	35	32	-1	0	-1	26	-1	2	0	0	-1	-1	29	29	32	0	0	0	35	-1	3
c10531	0	-1	3	-1	3	0	11	-1	13	0	0	0	6	0	26	3	-1	0	0	44	0	0	-1	0	35	-1	46	0	-1	26
c10534	0	0	0	-1	-1	-1	0	-1	7	-1	35	-1	0	44	26	-1	0	0	-1	-1	0	0	-1	-1	-1	6	0	-1	0	33
c10535	0	0	6	7	0	0	0	-1	7	0	35	-1	0	44	26	-1	0	0	-1	38	0	0	-1	-1	-1	6	0	0	-1	-1
c10539	-1	44	11	0	-1	0	3	-1	0	-1	0	0	0	0	26	0	8	0	50	0	0	0	15	50	0	0	13	0	-1	-1
c10541	0	-1	0	47	-1	5	-1	-1	0	0	0	39	6	-1	26	3	0	0	0	0	0	0	-1	15	0	-1	0	0	3	22
c10542	0	0	0	47	-1	0	11	-1	0	37	0	0	6	-1	-1	3	0	-1	0	2	0	0	29	0	0	-1	0	-1	3	0
c10555	-1	2	32	0	0	21	37	-1	-1	35	0	0	0	-1	26	-1	2	0	0	-1	0	0	0	6	0	0	0	0	0	0
c10599	-1	0	0	7	0	8	0	-1	0	2	0	19	0	-1	26	0	0	0	-1	-1	0	0	0	-1	0	0	23	0	0	33
c10604	-1	0	-1	-1	3	0	11	-1	-1	-1	0	0	6	0	26	-1	22	0	0	0	-1	-1	29	34	48	0	0	0	0	21
c10643	0	-1	0	0	0	0	0	-1	-1	35	-1	0	0	0	26	0	0	31	0	0	0	-1	0	0	0	13	0	0	0	-1
c10672	0	0	0	-1	-1	25	-1	-1	0	25	0	0	-1	0	26	0	5	0	33	0	50	0	-1	-1	39	0	0	0	39	0
c10700	0	0	14	7	-1	26	5	-1	-1	-1	-1	-1	0	0	26	32	0	0	39	3	-1	-1	0	-1	-1	0	0	0	0	3
c10708	32	31	-1	7	44	2	0	-1	0	29	0	0	0	-1	26	26	0	0	-1	0	-1	-1	0	-1	0	0	0	0	0	0
c10710	0	0	0	-1	-1	21	0	-1	-1	35	3	-1	0	7	26	0	0	-1	-1	21	0	0	0	0	-1	0	-1	0	0	-1
c10712	-1	-1	0	0	0	-1	3	-1	26	31	0	-1	0	0	26	-1	-1	0	50	0	-1	0	0	0	-1	0	0	0	32	-1
c10728	38	0	23	0	0	-1	0	-1	0	0	0	0	0	0	26	50	0	0	0	0	0	26	0	0	0	0	22	0	0	6
c10735	26	0	0	0	3	21	0	-1	-1	35	32	0	0	0	26	0	0	-1	11	-1	0	35	39	0	-1	0	0	-1	19	0
c10751	-1	0	27	31	47	0	-1	-1	0	0	-1	0	0	22	26	0	0	0	0	0	-1	29	0	0	0	0	0	0	0	35
c10769	-1	0	0	7	0	-1	-1	-1	0	-1	25	-1	-1	0	26	0	0	0	-1	0	-1	0	-1	-1	0	0	-1	-1	29	33
c10784	0	0	0	0	3	2	11	-1	-1	-1	0	-1	6	0	26	3	0	6	0	15	-1	0	29	0	0	0	0	0	0	0
c10800	-1	42	0	0	0	0	0	-1	-1	35	0	29	0	0	26	0	0	31	0	-1	47	-1	0	0	0	13	0	0	0	0
c10804	0	-1	0	-1	3	0	-1	-1	-1	0	0	9	-1	-1	-1	3	-1	0	0	2	3	0	29	-1	31	31	0	0	3	0
c10810	0	0	0	0	29	0	0	-1	-1	35	0	0	0	-1	26	-1	0	31	26	32	29	-1	-1	0	0	13	-1	0	37	0
c10812	0	0	33	0	3	0	11	-1	0	0	47	0	6	0	26	3	-1	0	23	0	0	0	-1	0	0	0	-1	0	0	0
c10814	-1	-1	25	-1	0	0	17	-1	5	0	0	-1	39	0	26	32	21	0	39	0	-1	-1	0	-1	0	0	-1	0	0	3
c10821	-1	42	0	0	4	32	19	-1	-1	35	0	0	-1	47	26	0	0	31	0	0	0	-1	-1	0	-1	13	2	0	0	0
c10822	-1	31	0	23	0	0	0	-1	-1	35	-1	13	39	0	26	-1	0	31	0	17	0	35	0	0	0	13	15	0	15	-1
c10827	32	0	23	-1	19	0	-1	-1	-1	0	0	0	26	0	26	50	-1	-1	0	8	0	26	0	-1	0	0	22	0	0	6
c10831	-1	18	-1	0	0	0	3	-1	-1	0	-1	0	0	-1	26	0	8	0	50	0	0	15	15	0	0	0	13	0	-1	0
c10835	0	-1	0	-1	0	0	-1	-1	-1	35	39	0	0	0	26	39	0	31	-1	17	-1	-1	-1	0	0	13	15	0	39	50
c10863	-1	0	0	7	-1	0	0	-1	0	0	0	-1	0	0	26	-1	0	0	0	6	-1	-1	0	-1	6	-1	0	0	0	33
c10875	6	-1	0	0	-1	0	3	-1	0	-1	31	37	0	6	-1	0	23	36	50	0	0	34	0	4	24	0	0	-1	-1	39
c10881	-1	0	0	7	-1	0	2	-1	31	0	-1	23	25	0	26	0	0	0	-1	0	0	0	0	44	0	-1	0	0	-1	23
c10891	0	0	0	0	15	0	0	-1	32	0	13	0	0	0	26	6	0	15	26	-1	5	29	-1	0	0	-1	0	0	6	35
c10894	0	26	35	0	0	0	-1	-1	0	0	0	0	0	0	-1	-1	29	0	50	0	0	-1	-1	0	0	0	2	0	32	0
c10909	-1	0	11	0	0	0	3	-1	0	-1	0	0	-1	0	26	-1	8	0	50	-1	0	0	15	0	0	2	13	0	32	0
c10911	0	0	-1	0	0	21	0	-1	-1	35	0	-1	0	-1	-1	0	0	0	-1	21	29	0	0	0	-1	0	0	0	5	44
c10913	0	-1	0	48	0	0	22	-1	-1	-1	0	0	0	39	26	-1	0	-1	0	0	0	-1	0	0	0	13	0	0	-1	-1
c10918	0	0	-1	7	-1	0	0	-1	5	-1	0	0	0	0	26	32	19	0	39	5	-1	0	0	-1	0	0	5	0	0	3
c10920	-1	0	0	-1	0	26	-1	-1	5	0	-1	-1	-1	0	26	32	1	0	39	-1	0	0	0	-1	-1	0	0	-1	0	3
c10926	0	0	0	0	3	-1	11	-1	0	32	-1	0	6	0	26	3	0	4	48	0	-1	0	-1	0	35	0	0	-1	0	-1
c10927	0	0	0	0	3	0	11	-1	-1	32	-1	-1	-1	0	26	3	0	4	48	0	0	0	29	0	-1	0	0	0	0	26
c10936	0	0	0	7	0	0	0	-1	47	0	0	-1	0	0	-1	0	0	0	37	0	-1	25	0	-1	0	0	0	32	-1	33
c10944	0	-1	0	0	3	0	11	-1	-1	0	37	0	6	0	26	3	0	4	-1	0	0	0	29	-1	35	0	0	0	0	26
c10962	0	-1	0	-1	29	0	0	-1	26	7	-1	39	0	0	26	0	0	0	0	0	-1	29	0	0	0	0	6	32	0	35
c10966	-1	-1	0	0	0	35	0	-1	0	-1	50	0	0	0	-1	-1	0	0	-1	0	0	29	-1	0	0	-1	-1	0	0	-1
c10968	0	-1	0	0	0	-1	34	-1	-1	35	-1	-1	0	0	26	0	0	31	0	0	0	-1	0	3	-1	13	0	0	0	-1
c10974	0	4	23	-1	19	0	0	-1	0	0	0	44	-1	0	26	50	0	0	-1	0	0	0	0	0	0	0	22	18	0	6
c10981	0	0	-1	0	-1	0	32	-1	-1	35	3	-1	47	-1	-1	0	0	31	0	32	0	3	0	0	0	-1	-1	0	6	-1
c10985	6	6	0	0	39	1	-1	-1	0	0	2	0	0	0	26	48	0	0	-1	0	39	0	0	44	-1	-1	18	0	32	50
c10999	-1	-1	0	0	47	0	0	-1	-1	35	-1	0	0	-1	26	0	0	-1	0	0	-1	-1	0	0	-1	13	0	0	0	-1
c11011	-1	0	0	7	0	0	0	-1	31	0	-1	23	25	0	26	-1	9	42	0	26	-1	-1	0	44	0	5	39	-1	0	32
c11036	-1	0	11	0	32	0	3	-1	0	0	0	0	0	0	26	0	8	0	50	0	0	15	15	0	-1	0	-1	0	-1	0
c11038	7	-1	-1	0	0	0	-1	-1	-1	35	-1	0	3	0	-1	0	0	31	0	0	22	-1	-1	0	0	13	-1	-1	0	32
c11042	6	0	0	-1	0	0	3	-1	0	0	0	0	0	50	26	0	0	3	-1	-1	-1	0	0	0	-1	48	0	0	32	-1
c11058	0	0	-1	44	-1	-1	0	-1	13	0	0	0	0	0	-1	50	-1	0	0	0	2	0	0	0	0	0	22	0	-1	6
c11059	0	0	23	44	0	0	-1	-1	-1	0	-1	0	0	0	-1	50	4	-1	0	0	-1	-1	-1	0	0	0	22	0	-1	6
c11060	47	0	-1	-1	0	35	0	-1	0	21	37	-1	-1	0	-1	-1	-1	0	-1	-1	0	29	0	0	0	0	0	0	15	35
c11071	0	42	0	0	3	0	11	-1	0	-1	0	35	6	0	26	3	0	-1	2	-1	0	0	29	0	0	0	0	18	-1	33
c11088	39	-1	6	0	29	0	0	-1	-1	35	0	0	0	2	26	0	3	-1	26	32	0	44	-1	0	50	13	32	0	37	0
c11100	-1	0	-1	0	3	38	11	-1	0	0	0	0	6	24	26	-1	-1	48	0	0	0	-1	-1	0	-1	0	0	0	0	0
c11103	-1	28	0	50	0	0	-1	-1	0	-1	0	-1	-1	0	26	-1	47	0	0	0	0	0	0	7	0	0	0	0	32	35
c11109	-1	0	0	7	32	25	0	-1	-1	-1	0	0	-1	-1	26	0	-1	0	0	0	0	0	0	-1	0	0	0	0	39	0
c11133	6	0	0	0	-1	0	3	-1	0	-1	-1	0	0	0	26	0	28	0	50	3	0	0	0	0	42	-1	0	5	-1	0
c11137	-1	0	0	0	0	35	-1	-1	0	-1	37	0	0	0	-1	0	-1	0	-1	0	0	29	0	0	0	0	-1	32	15	35
c11142	42	32	0	7	-1	0	-1	-1	0	0	-1	0	31	0	26	-1	0	0	0	23	0	0	-1	-1	-1	0	0	-1	29	0
c11160	0	0	0	-1	3	0	-1	-1	0	4	0	0	-1	0	26	3	22	0	0	0	0	0	29	34	48	15	0	0	0	21
c11190	0	0	6	7	0	8	0	-1	0	2	0	0	0	0	26	0	0	-1	-1	0	39	0	3	-1	0	0	-1	0	0	33
c11199	0	0	0	0	3	0	11	-1	0	15	0	0	6	0	26	3	0	-1	48	0	0	0	29	0	35	0	0	0	0	26
c11200	-1	-1	0	7	-1	0	0	-1	0	29	0	-1	5	-1	26	0	0	29	0	0	0	-1	0	-1	0	5	0	0	-1	0
c11202	19	0	0	0	0	0	0	-1	4	50	13	0	0	0	26	0	0	0	0	0	31	0	6	0	0	18	-1	29	5	0
c11209	0	0	0	7	0	-1	0	-1	-1	0	0	0	0	0	26	-1	0	-1	0	0	0	0	0	-1	0	0	0	0	0	33
c11230	8	6	-1	0	0	0	-1	-1	0	0	-1	50	6	50	-1	0	0	0	26	-1	0	29	0	5	3	0	0	44	0	-1
c11235	8	-1	0	0	0	0	0	-1	2	0	0	29	3	0	26	0	0	42	26	0	-1	29	0	0	-1	0	0	0	0	35
c11238	0	0	0	7	32	-1	0	-1	0	-1	0	-1	31	0	26	-1	5	0	-1	-1	0	-1	50	-1	13	0	0	0	-1	0
c11249	0	21	0	7	-1	-1	-1	-1	5	11	0	-1	-1	0	26	32	0	-1	39	16	0	0	0	-1	0	0	-1	0	0	3
c11257	0	0	0	0	29	-1	0	-1	-1	35	0	0	0	-1	26	0	0	31	26	32	0	0	-1	0	0	13	-1	-1	37	0
c11261	8	0	0	26	0	0	33	-1	0	3	0	-1	3	-1	26	0	14	0	26	0	-1	29	0	0	-1	0	0	-1	-1	35
c11269	-1	0	-1	7	32	-1	0	-1	-1	-1	0	0	-1	32	26	0	5	0	6	0	0	0	23	-1	0	0	-1	0	-1	-1
c11274	0	0	0	0	-1	0	-1	-1	-1	35	0	-1	1	0	26	0	0	31	0	0	50	5	0	2	0	13	0	0	-1	0
c11278	-1	0	0	0	3	0	11	-1	0	-1	0	0	6	0	26	3	0	0	0	-1	0	0	-1	0	0	0	0	-1	0	0
c11282	0	44	23	44	-1	0	0	-1	13	0	35	44	0	0	26	50	4	0	-1	0	0	0	0	0	-1	-1	22	0	33	6
c11286	26	0	0	0	-1	21	-1	-1	-1	35	32	0	0	0	-1	0	0	0	-1	-1	0	35	39	0	0	0	0	50	19	0
c11288	0	0	0	7	0	26	-1	-1	5	34	0	-1	0	0	26	32	-1	42	39	0	-1	4	-1	-1	-1	0	0	0	0	3
c11289	0	0	0	7	0	26	-1	-1	5	34	0	-1	0	0	26	32	-1	42	39	0	0	4	-1	-1	-1	0	-1	0	0	-1
c11313	0	0	0	-1	-1	0	11	-1	-1	0	0	-1	6	-1	26	3	0	-1	0	0	-1	0	29	0	-1	0	0	0	0	47
c11332	0	0	-1	0	-1	21	0	-1	-1	35	-1	-1	26	0	26	0	0	-1	-1	47	0	0	0	0	-1	18	-1	-1	0	-1
c11344	0	0	23	-1	0	0	0	-1	13	0	-1	-1	0	-1	-1	50	4	0	0	0	-1	0	0	0	0	0	-1	32	0	-1
c11355	0	0	0	0	3	0	11	-1	0	0	37	0	6	0	26	3	0	-1	-1	0	0	0	-1	0	35	0	0	0	-1	26
c11365	0	0	0	-1	3	-1	11	-1	0	4	8	0	6	0	26	3	22	0	-1	0	0	0	-1	34	48	0	0	0	0	-1
c11387	-1	0	0	-1	29	-1	0	-1	-1	35	0	0	0	0	26	0	0	31	26	32	0	0	-1	-1	-1	13	0	32	37	0
c11388	0	0	-1	7	0	0	17	-1	5	0	0	0	0	0	26	32	0	0	39	-1	-1	-1	0	-1	0	0	43	0	0	3
c11391	0	0	0	7	-1	-1	0	-1	5	0	8	-1	0	-1	26	32	-1	0	39	0	26	0	0	-1	0	39	0	39	0	3
c11400	0	3	0	7	32	0	0	-1	0	-1	-1	0	31	32	26	0	5	0	6	2	-1	-1	23	-1	6	6	-1	0	0	-1
c11428	0	0	23	0	0	23	0	-1	0	-1	26	-1	0	0	26	-1	0	-1	-1	27	-1	0	50	0	0	0	-1	31	0	6
c11434	14	0	3	-1	3	0	-1	-1	13	0	0	0	6	0	-1	-1	31	0	0	29	-1	0	29	0	35	-1	46	0	-1	26
c11435	14	0	3	-1	3	0	-1	-1	13	0	0	0	6	0	26	-1	31	0	0	-1	0	0	29	0	35	0	-1	0	-1	26
c11448	0	37	23	50	0	0	25	-1	-1	31	-1	-1	0	29	26	50	13	-1	0	0	-1	5	0	-1	-1	0	22	-1	-1	-1
c11449	0	37	23	50	0	0	-1	-1	0	31	-1	47	-1	29	-1	-1	13	0	0	0	6	5	0	0	-1	0	22	-1	-1	6
c11451	0	0	-1	0	0	0	0	-1	32	0	13	0	0	0	26	-1	-1	15	26	15	5	29	0	15	0	-1	0	0	6	35
c11457	-1	39	0	-1	-1	21	37	-1	-1	35	0	-1	32	0	26	-1	2	32	-1	-1	-1	0	29	0	-1	39	-1	35	0	0
c11469	0	0	27	-1	47	0	-1	-1	0	0	0	0	0	-1	-1	-1	-1	0	0	0	-1	29	15	0	0	0	0	-1	0	35
c11478	0	47	0	7	0	0	0	-1	5	0	39	0	0	0	26	32	0	0	39	0	32	0	0	-1	3	-1	0	0	13	3
c11482	19	0	0	0	32	0	0	-1	4	50	0	0	0	0	26	50	0	0	0	0	0	-1	-1	-1	0	18	-1	29	5	0
c11484	0	0	47	0	0	0	-1	-1	-1	35	0	-1	47	0	26	0	35	31	0	32	0	0	0	-1	0	13	0	-1	-1	0
c11493	44	0	-1	7	32	-1	0	-1	0	25	2	0	31	0	26	0	5	0	0	0	0	0	0	-1	25	0	-1	0	-1	-1
c11497	-1	-1	0	0	0	44	0	-1	-1	35	0	26	0	-1	-1	0	-1	31	0	-1	0	0	0	0	6	-1	0	0	-1	-1
c11506	0	0	0	-1	0	0	0	-1	-1	35	0	0	50	0	26	0	-1	-1	-1	32	-1	0	0	0	-1	-1	-1	0	6	0
c11511	-1	0	0	0	0	21	-1	-1	-1	35	-1	6	-1	2	26	39	0	-1	0	-1	0	35	-1	0	0	0	0	0	0	-1
c11514	0	3	-1	0	29	0	-1	-1	-1	35	0	0	0	0	26	0	0	31	26	-1	0	-1	-1	0	0	13	0	-1	37	-1
c11516	42	-1	0	-1	0	0	3	-1	31	0	0	-1	25	0	26	0	-1	-1	6	0	0	0	0	44	-1	0	4	0	0	-1
c11521	6	-1	23	0	3	0	0	-1	0	-1	0	0	-1	21	-1	50	0	-1	0	0	22	0	37	0	0	0	29	0	-1	6
c11533	-1	0	0	7	0	8	0	-1	0	-1	-1	0	0	0	-1	0	0	0	0	0	0	34	35	-1	7	-1	0	0	0	33
c11539	0	0	0	0	3	0	11	-1	0	0	0	0	6	-1	26	3	0	0	0	-1	-1	0	-1	0	-1	0	0	-1	-1	-1
c11552	0	0	23	0	0	0	0	-1	-1	37	0	0	0	29	26	50	0	0	0	0	0	-1	0	-1	0	0	22	-1	0	6
c11560	26	0	0	-1	3	21	0	-1	-1	-1	-1	0	-1	0	26	0	0	0	11	-1	0	35	-1	29	0	0	0	-1	19	0
c11564	15	0	-1	7	32	0	0	-1	-1	25	47	17	31	0	26	-1	5	0	0	0	0	0	0	-1	-1	0	0	4	0	0
c11565	-1	0	-1	7	-1	0	0	-1	0	25	47	17	-1	0	-1	-1	5	0	0	0	0	0	0	-1	0	0	0	-1	0	0
c11568	-1	0	-1	31	0	0	0	-1	32	0	13	50	-1	0	-1	0	-1	15	-1	0	5	29	0	0	16	0	0	0	0	35
c11574	0	-1	23	-1	0	0	0	-1	13	50	0	0	0	0	-1	50	4	0	0	0	0	0	0	-1	25	0	22	0	0	-1
c11586	0	0	-1	-1	0	0	32	-1	0	0	-1	6	0	0	26	0	0	0	0	0	0	29	0	-1	15	-1	-1	0	39	35
c11589	0	0	0	0	0	22	-1	-1	-1	0	-1	0	0	-1	-1	0	-1	0	0	-1	4	39	0	-1	0	18	-1	29	-1	0
c11600	0	-1	0	7	35	-1	0	-1	5	-1	0	0	0	-1	26	32	19	0	39	5	0	0	0	-1	0	0	5	0	0	-1
c11624	0	0	0	-1	-1	21	-1	-1	-1	-1	0	5	-1	39	26	-1	2	0	39	-1	0	0	39	0	-1	0	0	0	0	0
c11626	0	0	-1	7	42	8	-1	-1	-1	0	0	0	0	0	26	0	0	-1	47	0	50	0	0	-1	0	-1	50	-1	0	33
c11642	0	0	0	0	3	-1	-1	-1	0	-1	0	0	6	-1	26	3	0	22	0	0	-1	0	29	0	0	-1	-1	-1	0	0
c11644	0	26	0	0	0	0	3	-1	4	0	26	0	0	0	26	-1	29	-1	50	-1	-1	0	-1	-1	-1	0	0	0	32	0
c11672	0	0	0	-1	0	-1	-1	-1	-1	35	0	0	0	-1	26	-1	0	31	0	-1	0	0	0	3	32	13	0	-1	6	-1
c11675	-1	32	8	7	0	0	0	-1	0	6	0	0	31	0	26	-1	0	0	-1	23	0	0	-1	-1	42	31	0	47	-1	0
c11682	0	47	23	0	0	23	0	-1	0	-1	-1	0	-1	0	26	50	0	0	34	27	0	0	50	0	32	0	0	31	0	6
c11699	8	0	-1	0	0	0	0	-1	0	-1	0	0	3	-1	26	0	-1	0	26	0	-1	29	0	0	0	0	0	0	0	35
c11702	6	0	11	0	-1	0	3	-1	0	0	0	-1	29	0	26	0	0	0	50	0	0	27	15	0	-1	-1	-1	0	-1	-1
c11708	0	32	0	0	0	-1	0	-1	-1	35	-1	-1	-1	-1	26	0	0	-1	0	47	0	0	-1	0	0	0	0	0	0	-1
c11722	0	0	3	-1	3	0	-1	-1	-1	0	0	39	6	0	26	3	31	0	32	33	0	0	29	0	35	0	46	0	-1	26
c11729	6	0	-1	0	0	0	3	-1	0	0	0	0	0	0	26	0	0	0	50	0	-1	27	-1	0	0	-1	0	0	-1	0
c11746	-1	-1	26	4	-1	35	-1	-1	0	-1	37	0	0	-1	-1	-1	-1	0	-1	0	0	29	0	-1	0	0	-1	1	15	35
c11780	0	0	0	-1	0	-1	0	-1	32	0	13	26	0	0	-1	0	0	15	26	0	5	29	0	0	16	-1	-1	0	0	35
c11787	0	0	0	0	-1	0	0	-1	-1	35	0	-1	0	0	26	17	0	31	-1	32	0	0	-1	0	0	13	0	0	37	0
c11788	0	0	0	0	0	21	-1	-1	-1	35	0	5	-1	-1	26	-1	2	0	39	-1	0	0	39	0	0	-1	0	0	0	0
c11789	0	0	0	0	0	21	-1	-1	-1	35	0	5	0	0	26	-1	2	-1	39	-1	-1	0	39	32	0	0	0	0	0	0
c11797	-1	0	23	0	0	0	-1	-1	0	0	0	0	0	29	26	50	0	-1	0	-1	0	0	0	0	0	0	22	0	-1	6
c11818	0	0	0	0	0	21	47	-1	-1	35	0	-1	-1	-1	26	0	0	0	0	-1	0	0	0	0	0	0	0	0	0	0
c11819	0	0	0	0	0	21	47	-1	-1	35	0	-1	26	0	26	0	-1	-1	0	47	0	-1	0	0	0	0	0	0	0	-1
c11836	32	-1	0	-1	3	50	11	-1	0	17	0	-1	-1	0	26	-1	39	0	-1	33	38	19	29	-1	0	-1	0	-1	0	0
c11837	32	-1	0	-1	3	50	11	-1	-1	17	0	0	6	0	26	3	-1	0	-1	33	38	19	-1	-1	0	-1	0	0	0	0
c11840	0	31	0	7	44	0	0	-1	-1	29	0	-1	0	0	26	26	-1	0	-1	-1	0	-1	-1	-1	0	0	0	0	0	-1
c11841	0	31	-1	-1	-1	0	0	-1	19	29	0	-1	0	0	26	26	-1	0	0	0	0	-1	-1	-1	0	0	0	0	0	-1
c11856	6	0	0	0	-1	-1	-1	-1	0	0	0	37	0	6	26	0	23	36	50	0	0	0	0	4	24	-1	0	-1	32	0
c11860	0	-1	-1	7	0	0	0	-1	5	0	-1	-1	0	0	26	32	0	0	39	-1	0	0	0	-1	26	0	0	0	31	3
c11867	6	-1	0	0	-1	-1	-1	-1	0	-1	-1	0	0	0	26	-1	0	0	50	0	-1	-1	0	-1	21	0	-1	0	32	39
c11868	0	47	23	-1	0	23	0	-1	0	-1	21	0	0	0	26	-1	-1	0	-1	27	0	0	50	0	32	-1	0	31	2	6
c11882	0	0	0	7	32	-1	0	-1	0	25	-1	0	-1	0	26	-1	5	0	0	0	0	0	0	-1	0	-1	0	0	39	0
c11884	0	-1	0	7	44	2	0	-1	0	29	0	0	0	0	26	26	35	0	0	-1	0	-1	0	-1	0	-1	0	-1	0	0
c11885	0	31	0	7	44	-1	0	-1	0	-1	0	0	0	0	26	26	35	0	0	0	0	-1	0	-1	-1	0	-1	-1	0	0
c11890	0	0	0	0	29	0	0	-1	-1	-1	0	0	0	0	26	0	0	31	-1	32	0	0	-1	-1	5	13	0	0	37	-1
c11896	0	-1	0	7	0	-1	0	-1	-1	-1	0	0	0	0	26	32	0	17	0	-1	-1	-1	0	-1	4	0	0	26	0	-1
c11900	0	31	0	-1	44	2	0	-1	0	29	-1	0	0	-1	26	26	35	-1	0	0	-1	-1	0	-1	0	-1	-1	-1	0	0
c11905	39	-1	6	0	-1	0	0	-1	-1	35	0	-1	0	-1	26	0	3	-1	26	32	0	44	-1	0	50	13	32	0	37	0
c11940	0	0	0	0	31	21	0	-1	-1	35	0	-1	0	-1	-1	0	-1	0	-1	-1	29	-1	-1	0	-1	0	0	0	5	-1
c11946	0	0	48	0	-1	-1	11	-1	18	-1	0	0	6	0	26	-1	0	6	-1	0	0	0	29	-1	-1	39	0	0	0	0
c11955	0	-1	-1	7	0	14	35	-1	5	-1	0	5	-1	0	26	32	0	-1	0	0	0	0	0	-1	4	-1	0	26	0	37
c11956	15	0	0	-1	0	0	0	-1	4	39	0	-1	0	0	-1	0	0	-1	39	0	6	0	0	44	0	18	-1	-1	0	15
c11970	0	-1	0	0	-1	0	0	-1	-1	35	0	0	0	0	-1	0	0	31	17	3	0	-1	0	0	0	13	0	0	37	3
c11981	-1	47	27	0	0	21	0	-1	44	0	0	-1	0	0	26	0	32	0	0	0	0	-1	0	0	0	0	4	0	0	35
c11983	0	0	37	0	25	0	-1	-1	32	0	13	0	0	0	-1	-1	0	15	26	0	5	29	0	0	0	-1	0	-1	6	35
c11984	-1	0	0	-1	35	0	0	-1	19	1	0	-1	0	26	26	31	-1	0	0	0	-1	0	0	-1	2	0	0	0	0	0
c11987	-1	0	23	0	3	0	47	-1	0	-1	-1	-1	0	21	26	-1	0	0	0	0	22	0	37	0	0	0	29	0	0	6
c11999	7	42	0	0	0	0	-1	-1	-1	35	0	29	0	0	-1	-1	0	31	0	0	47	-1	0	0	0	13	0	0	-1	0
c12003	7	42	0	0	0	0	0	-1	-1	-1	0	0	39	35	26	29	0	31	6	21	0	-1	-1	-1	0	13	-1	0	50	6
c12005	0	47	0	7	15	0	0	-1	5	0	39	0	0	0	26	32	0	0	39	0	32	0	-1	-1	0	-1	0	0	13	3
c12010	-1	39	0	7	-1	0	-1	-1	5	42	0	-1	0	0	26	32	-1	0	39	0	0	0	0	-1	0	0	0	0	0	3
c12020	0	32	7	-1	-1	0	0	-1	-1	38	0	0	31	0	26	0	-1	-1	0	0	-1	47	-1	-1	0	0	48	47	-1	0
c12021	0	-1	7	-1	39	0	0	-1	-1	38	-1	50	31	0	26	0	-1	-1	0	0	-1	47	0	-1	0	-1	48	47	0	0
c12028	0	0	0	0	0	-1	8	-1	0	0	0	31	31	0	-1	0	13	0	-1	0	0	29	-1	0	-1	31	0	0	-1	35
c12042	0	0	-1	0	-1	0	-1	-1	-1	-1	0	-1	47	0	26	0	50	31	-1	32	35	0	3	6	0	-1	0	43	6	35
c12049	-1	-1	23	0	-1	-1	0	-1	0	-1	0	0	0	32	26	50	0	0	-1	27	0	7	50	-1	0	0	-1	31	0	-1
c12052	0	0	0	0	0	0	0	-1	-1	35	0	35	47	6	26	50	0	31	0	32	-1	0	0	0	-1	13	0	0	6	37
c12055	-1	0	-1	0	0	-1	3	-1	26	31	0	-1	0	0	26	0	1	0	50	0	0	0	0	0	42	0	0	0	32	15
c12060	0	0	0	0	0	-1	-1	-1	4	0	0	-1	-1	0	-1	0	-1	0	6	0	0	-1	0	0	18	-1	-1	29	47	0
c12065	6	0	0	0	47	0	-1	-1	-1	0	0	37	0	-1	26	0	23	-1	50	0	-1	0	0	4	0	0	0	-1	32	0
c12082	-1	0	-1	0	-1	-1	11	-1	0	15	-1	0	-1	1	26	3	0	0	-1	-1	-1	0	29	-1	0	-1	-1	0	0	0
c12099	0	0	0	-1	3	-1	11	-1	0	-1	0	-1	6	0	26	-1	22	-1	0	0	0	31	-1	7	-1	-1	0	0	0	-1
c12103	0	-1	0	-1	0	-1	0	-1	-1	35	0	0	0	0	26	-1	0	0	0	32	0	0	-1	0	0	0	0	0	0	0
c12118	0	-1	0	7	0	14	0	-1	-1	-1	0	0	0	0	-1	-1	0	17	0	-1	0	0	0	-1	4	-1	-1	26	-1	37
c12122	44	0	0	7	0	8	0	-1	50	0	0	0	21	0	26	0	0	0	0	0	0	0	0	-1	0	0	0	0	-1	33
c12140	44	0	0	7	32	25	0	-1	0	25	2	47	31	0	26	0	-1	0	2	29	0	-1	0	-1	0	0	0	0	-1	-1
c12150	0	0	0	18	-1	0	50	-1	0	0	0	33	-1	7	26	-1	0	0	0	0	50	8	0	0	0	0	-1	-1	50	35
c12151	0	0	0	18	-1	0	50	-1	0	0	-1	-1	-1	7	-1	0	0	0	0	0	50	8	0	0	0	-1	50	-1	-1	35
c12153	-1	37	-1	35	0	35	0	-1	0	0	39	0	0	0	-1	0	31	-1	0	-1	0	29	0	0	0	0	5	-1	2	35
c12155	0	0	3	0	3	0	11	-1	13	0	0	0	6	0	26	3	-1	0	0	44	0	0	29	0	-1	3	46	0	-1	-1
c12172	0	0	-1	-1	-1	21	0	-1	-1	35	0	29	47	0	26	34	-1	31	0	32	0	0	0	0	0	-1	0	-1	6	0
c12193	-1	0	0	0	-1	0	11	-1	0	0	0	0	-1	24	26	3	22	-1	0	0	0	0	29	0	0	0	0	0	0	0
c12198	-1	32	0	7	0	0	0	-1	0	0	0	-1	31	0	26	0	-1	-1	0	23	0	-1	0	-1	0	0	0	47	0	0
c12199	0	32	0	7	0	0	0	-1	-1	0	0	0	31	0	26	0	-1	0	-1	23	0	1	0	-1	0	0	0	47	0	0
c12208	-1	0	-1	0	0	-1	0	-1	-1	35	0	39	47	0	26	0	18	31	0	32	-1	0	0	0	21	13	0	-1	-1	0
c12214	15	0	0	37	0	13	0	-1	4	39	-1	0	-1	0	-1	0	0	0	39	3	6	0	0	44	-1	18	-1	29	0	15
c12225	0	0	0	18	-1	44	50	-1	0	-1	0	0	-1	7	26	0	0	0	-1	0	50	0	0	0	0	0	-1	-1	0	-1
c12229	0	47	0	7	0	0	-1	-1	5	0	-1	0	0	0	26	32	0	-1	39	0	32	0	0	-1	0	0	0	31	13	3
c12230	0	26	-1	0	0	0	0	-1	0	44	0	0	0	29	26	50	-1	0	31	0	0	-1	0	-1	0	0	22	6	0	6
c12239	-1	0	0	-1	-1	39	0	-1	-1	-1	0	-1	0	-1	-1	0	0	0	0	0	0	0	31	-1	-1	18	-1	29	13	0
c12240	-1	35	11	0	0	0	3	-1	3	0	0	0	29	4	26	0	8	39	50	0	0	0	15	0	0	0	-1	-1	32	0
c12261	0	0	-1	0	-1	0	23	-1	-1	35	0	39	-1	0	26	0	26	31	0	32	-1	-1	0	6	0	-1	0	0	6	39
c12279	0	0	0	7	0	0	-1	-1	5	-1	0	-1	-1	0	26	32	0	0	39	0	-1	0	-1	-1	0	0	0	6	0	-1
c12280	0	0	0	0	0	11	4	-1	-1	35	-1	-1	-1	0	26	0	18	31	0	-1	0	0	-1	3	0	13	0	-1	-1	-1
c12291	-1	0	6	-1	31	0	0	-1	-1	35	15	0	0	-1	26	0	0	-1	0	-1	-1	-1	0	0	-1	13	0	0	-1	0
c12293	0	28	35	-1	0	0	0	-1	0	0	0	-1	-1	0	26	4	47	0	0	-1	0	-1	-1	0	0	0	0	0	-1	35
c12303	0	0	0	-1	3	0	-1	-1	0	0	0	9	-1	-1	-1	3	0	-1	0	2	3	0	29	0	0	31	0	-1	3	0
c12307	0	0	0	7	-1	-1	0	-1	0	0	0	-1	-1	0	26	-1	0	0	-1	-1	0	0	0	-1	0	0	0	0	0	-1
c12312	0	-1	0	7	44	0	-1	-1	0	29	0	-1	0	0	26	26	-1	0	-1	0	0	-1	-1	-1	0	0	0	0	0	0
c12313	-1	31	-1	7	44	0	-1	-1	0	29	0	-1	0	-1	26	26	-1	0	0	-1	0	-1	-1	-1	0	0	0	-1	0	0
c12324	0	37	-1	-1	-1	-1	0	-1	0	31	-1	0	0	29	26	50	-1	-1	0	38	6	5	0	-1	0	0	22	-1	-1	6
c12325	0	37	-1	50	0	-1	0	-1	0	31	0	-1	-1	-1	26	50	0	0	-1	38	6	5	0	32	-1	0	22	0	-1	6
c12332	0	2	32	0	-1	21	37	-1	-1	35	0	-1	0	-1	26	-1	2	0	-1	-1	-1	48	0	0	50	0	-1	0	0	0
c12345	0	-1	0	0	-1	0	4	-1	-1	35	42	39	3	0	26	0	0	-1	17	0	0	-1	0	29	0	13	-1	0	0	38
c12350	-1	0	0	0	6	0	3	-1	0	0	0	0	0	-1	26	0	-1	0	50	0	0	-1	34	0	42	0	0	-1	32	0
c12365	0	0	0	0	-1	0	11	-1	-1	32	-1	-1	-1	0	-1	3	0	4	48	0	0	-1	29	8	35	0	-1	-1	0	26
c12370	0	0	-1	-1	3	0	11	-1	0	0	0	0	-1	0	-1	3	-1	0	0	0	26	0	-1	0	-1	0	0	0	0	0
c12374	0	0	0	0	0	0	0	-1	4	0	-1	-1	0	-1	26	0	0	-1	0	0	-1	0	31	26	0	18	-1	29	13	-1
c12382	0	0	0	7	-1	37	0	-1	0	-1	0	-1	-1	32	26	0	2	0	0	0	-1	0	0	-1	8	0	0	0	0	-1
c12388	0	0	23	-1	19	0	-1	-1	0	0	0	0	0	0	26	50	-1	-1	32	11	0	10	0	0	0	0	-1	-1	0	6
c12389	0	-1	23	-1	19	0	-1	-1	0	0	0	-1	0	0	26	50	0	-1	-1	11	0	10	0	0	0	-1	22	-1	0	-1
c12416	0	0	0	0	0	35	50	-1	0	0	6	0	-1	0	-1	29	0	0	-1	0	0	-1	0	37	-1	-1	0	-1	0	-1
c12418	0	0	0	50	0	0	0	-1	4	-1	0	0	35	-1	-1	0	-1	21	-1	-1	0	0	31	6	0	18	-1	29	0	32
c12420	7	42	-1	0	0	-1	0	-1	-1	35	-1	0	0	0	-1	-1	0	-1	0	0	-1	-1	-1	-1	-1	-1	0	-1	-1	0
c12473	0	0	0	-1	-1	0	0	-1	-1	6	0	-1	0	-1	26	0	0	-1	0	0	-1	29	0	0	0	-1	5	7	-1	-1
c12495	-1	0	0	-1	0	-1	3	-1	0	-1	0	0	-1	0	26	-1	0	0	50	0	0	25	-1	-1	21	0	0	23	-1	0
c12504	0	0	-1	-1	19	0	0	-1	0	0	0	-1	0	0	26	50	0	-1	-1	11	0	0	0	0	0	0	22	0	0	6
c12539	0	0	7	-1	-1	8	0	-1	7	0	-1	0	-1	0	26	-1	0	0	0	0	0	0	39	-1	0	-1	0	0	0	33
c12556	-1	-1	0	37	-1	0	-1	-1	-1	-1	-1	0	35	0	-1	0	0	-1	39	0	-1	0	0	44	-1	18	-1	-1	0	0
c12572	-1	-1	0	39	3	0	11	-1	0	0	-1	0	6	24	-1	3	22	0	0	0	0	0	29	0	-1	0	-1	0	0	47
c12577	-1	0	11	0	0	0	3	-1	0	0	0	-1	0	0	-1	-1	8	0	50	0	0	0	15	-1	0	0	13	0	32	0
c12579	7	42	0	0	0	-1	-1	-1	-1	35	0	0	-1	0	26	0	0	31	0	0	-1	-1	0	0	0	13	0	0	0	0
c12610	0	0	23	47	0	23	0	-1	19	-1	0	25	0	0	-1	50	0	0	47	-1	0	0	0	0	0	0	0	31	0	-1
c12612	47	31	-1	-1	0	0	0	-1	-1	35	39	0	0	0	-1	-1	0	31	0	-1	0	35	-1	0	0	13	-1	2	0	50
c12626	0	-1	-1	7	-1	-1	-1	-1	0	-1	0	0	-1	-1	26	0	0	0	-1	23	0	0	0	-1	0	-1	-1	47	0	10
c12627	0	32	15	-1	0	0	0	-1	-1	0	0	-1	31	0	26	-1	0	0	0	23	0	0	-1	-1	0	0	-1	47	0	-1
c12628	0	0	-1	7	32	0	0	-1	0	-1	0	-1	31	32	26	-1	5	29	6	-1	0	0	23	-1	6	0	-1	0	-1	0
c12629	0	0	0	7	32	-1	0	-1	0	-1	0	-1	-1	32	26	0	5	29	-1	0	0	0	23	-1	6	-1	-1	0	0	0
c12644	-1	-1	50	0	-1	0	3	-1	32	-1	0	-1	0	0	26	-1	0	0	50	0	0	0	0	0	42	0	0	0	32	2
c12653	-1	0	0	7	-1	-1	0	-1	-1	29	7	10	0	29	26	-1	0	-1	42	0	0	15	-1	-1	-1	0	32	-1	0	6
c12680	0	0	0	0	-1	0	0	-1	-1	0	13	0	0	0	26	0	0	15	26	-1	5	-1	0	0	0	0	41	0	3	-1
c12690	0	0	23	-1	19	0	0	-1	0	39	-1	0	0	0	26	50	0	0	-1	0	0	0	0	-1	25	0	22	0	0	6
c12697	-1	44	11	-1	47	0	3	-1	0	39	-1	0	-1	0	26	0	8	0	50	0	-1	0	15	-1	0	0	13	0	32	0
c12710	-1	0	0	0	-1	0	-1	-1	34	0	0	0	6	0	26	3	0	0	0	24	0	0	29	0	22	0	0	6	21	-1
c12712	0	-1	0	0	0	0	0	-1	4	0	-1	-1	0	-1	26	0	0	0	-1	0	0	0	0	0	0	18	-1	29	-1	-1
c12746	-1	0	0	-1	0	-1	32	-1	26	0	0	6	-1	0	26	7	0	0	0	0	0	-1	0	0	15	-1	0	0	-1	35
c12749	47	0	0	0	0	21	0	-1	-1	35	0	-1	0	7	26	0	0	-1	-1	-1	0	-1	0	0	-1	0	-1	0	5	44
c12753	-1	0	0	0	0	33	-1	-1	0	0	0	0	0	-1	26	0	0	0	-1	0	-1	0	-1	-1	42	-1	26	0	32	0
c12754	-1	0	0	0	3	32	-1	-1	50	15	0	0	6	43	26	3	0	0	-1	0	-1	-1	-1	0	8	6	-1	0	0	0
c12761	0	0	-1	0	0	21	0	-1	-1	35	-1	-1	0	-1	26	-1	-1	-1	0	-1	-1	0	0	0	-1	0	0	0	0	0
c12772	-1	0	0	0	0	0	0	-1	0	39	-1	0	6	42	26	0	0	0	26	0	47	29	0	-1	29	-1	-1	-1	23	-1
c12774	0	0	0	-1	-1	39	11	-1	0	-1	0	0	6	0	26	3	0	0	0	0	-1	0	29	0	-1	0	0	0	-1	0
c12775	0	0	0	0	3	39	11	-1	0	5	0	0	6	0	26	3	0	0	0	-1	26	0	29	0	-1	-1	0	0	0	0
c12776	0	0	0	0	0	0	0	-1	-1	35	0	0	0	0	-1	0	0	31	0	-1	38	0	0	3	0	13	-1	-1	6	-1
c12782	6	35	0	0	0	-1	0	-1	-1	-1	-1	5	0	-1	-1	0	0	31	0	-1	32	0	-1	3	0	13	0	-1	-1	-1
c12789	0	-1	0	0	0	6	0	-1	-1	-1	39	0	0	0	26	0	0	31	0	17	0	-1	-1	0	0	13	0	31	0	0
c12792	8	0	0	0	0	0	-1	-1	0	0	0	4	0	-1	26	0	-1	0	-1	-1	-1	29	50	0	0	0	2	7	35	35
c12795	0	0	-1	0	0	-1	0	-1	32	-1	13	50	0	0	26	3	0	15	26	0	5	29	0	-1	16	-1	0	0	0	35
c12801	-1	0	0	0	0	21	0	-1	-1	35	-1	-1	26	-1	26	48	0	0	0	47	0	-1	0	0	0	26	-1	0	0	-1
c12812	-1	0	0	7	32	25	0	-1	6	25	0	0	31	0	26	38	5	6	21	0	-1	0	0	-1	-1	0	-1	0	39	26
c12816	0	0	0	35	-1	21	37	-1	-1	35	0	0	32	0	26	-1	2	-1	-1	-1	0	21	-1	0	-1	0	0	0	0	0
c12825	0	0	0	0	0	0	-1	-1	32	0	13	-1	-1	0	-1	-1	-1	15	-1	0	5	29	0	0	16	21	0	0	0	35
c12838	-1	-1	0	0	4	32	0	-1	-1	35	0	0	-1	47	26	0	0	-1	-1	0	-1	-1	0	0	35	13	2	0	-1	0
c12839	-1	42	0	0	-1	32	0	-1	-1	35	0	0	0	47	26	0	0	31	0	0	0	-1	-1	0	35	-1	-1	0	-1	0
c12847	32	-1	0	-1	3	50	-1	-1	32	17	0	50	6	0	-1	3	0	0	7	33	0	-1	29	0	0	-1	0	0	-1	0
c12848	39	0	0	0	29	0	31	-1	-1	35	0	21	0	-1	-1	0	-1	31	26	32	0	-1	-1	0	5	13	-1	0	37	0
c12852	6	7	23	0	3	0	47	-1	0	0	-1	0	0	21	26	50	0	0	0	0	22	0	-1	0	0	0	29	0	0	6
c12858	0	0	34	0	0	35	0	-1	0	0	-1	0	-1	0	-1	0	0	0	-1	0	39	29	0	-1	0	-1	7	-1	0	35
c12867	0	0	23	0	0	23	-1	-1	0	-1	0	0	-1	0	26	50	0	-1	34	27	0	0	50	0	0	-1	0	31	0	6
c12876	0	0	-1	0	47	0	0	-1	48	0	0	0	-1	0	-1	39	0	0	0	0	44	29	0	0	0	0	0	0	0	-1
c12883	6	0	-1	0	39	0	-1	-1	0	0	0	0	0	0	26	0	0	0	50	0	39	0	0	-1	21	-1	18	-1	32	0
c12890	-1	-1	0	0	-1	0	3	-1	0	0	0	0	0	50	26	-1	0	3	50	0	-1	-1	0	0	42	-1	0	0	32	0
c12893	42	0	0	-1	-1	0	-1	-1	31	0	0	23	25	0	26	0	35	-1	6	0	-1	0	0	-1	0	0	4	0	0	0
c12894	0	0	23	0	-1	0	0	-1	0	0	6	0	-1	-1	26	50	-1	0	0	31	0	0	-1	31	-1	-1	22	0	47	6
c12895	-1	0	23	0	0	0	0	-1	0	0	6	0	-1	0	26	50	-1	-1	0	31	0	0	0	31	-1	-1	22	-1	47	6
c12896	-1	0	0	32	29	0	0	-1	-1	35	0	0	-1	0	26	-1	4	31	-1	32	0	0	-1	0	21	-1	-1	32	37	6
c12898	-1	0	-1	0	0	-1	3	-1	-1	0	0	-1	0	4	26	0	-1	0	50	-1	0	27	0	-1	0	50	0	0	32	35
c12905	-1	0	0	-1	0	21	-1	-1	-1	35	0	-1	0	7	-1	0	0	-1	-1	21	29	0	0	0	-1	0	0	-1	5	44
c12914	0	0	0	7	0	8	0	-1	0	0	0	0	0	0	-1	0	0	0	-1	0	0	0	0	-1	0	0	0	0	0	33
c12915	0	0	-1	-1	0	8	-1	-1	0	0	0	0	-1	0	-1	0	-1	0	0	0	0	-1	0	-1	0	0	-1	0	-1	-1
c12916	6	-1	0	-1	0	33	3	-1	0	-1	6	0	0	0	26	0	-1	0	-1	0	7	0	0	3	21	0	0	-1	32	39
c12924	6	0	0	0	0	0	3	-1	0	0	-1	0	0	0	-1	0	0	0	50	-1	0	0	0	0	42	6	-1	-1	32	0
c12936	0	3	0	0	3	3	11	-1	47	0	-1	0	6	0	26	-1	22	0	0	-1	-1	0	29	7	0	0	0	0	-1	-1
c12944	0	0	23	0	0	0	0	-1	0	6	0	0	0	0	26	50	32	0	0	0	0	0	0	-1	-1	0	22	-1	0	6
c12946	0	0	-1	-1	0	23	0	-1	0	-1	0	0	0	0	26	50	0	0	-1	27	-1	0	0	-1	-1	-1	0	31	0	6
c12956	-1	0	-1	0	3	0	11	-1	11	0	47	0	-1	29	-1	3	0	-1	23	0	0	0	29	0	0	0	-1	0	8	47
c12969	0	0	0	0	0	0	-1	-1	32	-1	-1	0	0	19	26	-1	0	15	26	-1	5	29	0	-1	5	0	0	0	-1	35
c12974	-1	-1	-1	0	15	0	3	-1	32	0	0	-1	6	0	26	32	0	-1	-1	0	0	2	0	0	42	0	0	0	32	2
c12984	-1	31	0	7	44	-1	0	-1	-1	29	0	0	0	0	26	26	0	0	-1	0	-1	-1	-1	-1	0	0	0	0	-1	0
c13000	0	0	0	7	32	0	0	-1	0	-1	47	17	31	0	26	-1	5	0	0	-1	0	-1	-1	-1	0	0	0	0	-1	39
c13017	0	0	0	0	0	0	0	-1	-1	0	0	-1	0	-1	26	0	0	0	0	0	-1	0	31	26	0	18	-1	29	13	0
c13026	0	0	0	7	0	8	0	-1	0	0	0	0	6	-1	26	29	0	0	0	-1	0	0	39	-1	42	0	0	0	0	33
c13032	0	0	0	0	29	33	0	-1	-1	-1	0	-1	0	0	26	0	0	31	26	32	-1	0	-1	-1	0	13	-1	24	-1	-1
c13040	0	0	0	7	32	25	0	-1	6	25	0	-1	31	0	26	0	-1	6	21	0	0	-1	0	-1	0	-1	-1	0	-1	26
c13053	0	0	23	-1	0	0	0	-1	0	-1	0	0	0	-1	26	50	-1	0	0	0	6	-1	0	0	25	0	22	-1	8	6
c13056	-1	0	-1	0	48	50	0	-1	-1	6	0	39	0	0	26	0	0	0	0	0	-1	29	0	0	0	-1	5	0	0	35
c13061	22	29	-1	-1	-1	23	29	-1	0	-1	0	0	0	0	26	50	0	-1	0	27	21	0	0	0	-1	0	-1	31	0	6
c13068	-1	0	-1	7	0	26	-1	-1	5	0	0	-1	-1	-1	26	32	0	0	39	0	0	-1	0	-1	-1	0	0	0	0	3
c13070	0	0	0	7	14	26	-1	-1	5	0	0	-1	0	0	26	32	0	0	39	0	26	47	0	-1	50	0	0	-1	-1	3
c13085	0	-1	-1	-1	0	0	0	-1	-1	35	0	29	0	0	26	-1	0	31	17	-1	0	-1	0	0	0	13	0	0	32	0
c13092	0	-1	0	-1	3	0	11	-1	0	4	8	0	-1	0	-1	3	22	0	-1	0	0	0	29	34	48	-1	0	-1	0	21
c13098	0	0	0	7	0	8	0	-1	7	-1	-1	0	0	0	26	29	-1	-1	-1	0	0	0	39	-1	0	0	0	-1	0	33
c13109	-1	0	23	0	0	18	0	-1	0	0	-1	-1	39	29	26	50	0	0	0	-1	0	0	0	0	0	0	22	0	0	6
c13116	0	-1	26	0	-1	31	0	-1	-1	25	0	0	-1	-1	26	0	-1	19	44	0	0	-1	47	0	0	18	-1	29	0	0
c13117	0	-1	26	0	-1	31	0	-1	-1	25	-1	0	0	26	26	0	0	19	44	-1	0	7	47	0	0	-1	-1	29	-1	0
c13128	0	32	8	7	0	0	0	-1	0	6	0	0	31	0	26	-1	0	0	0	23	-1	0	-1	-1	42	31	0	47	0	-1
c13137	0	-1	0	7	44	-1	3	-1	0	29	0	-1	0	0	-1	26	-1	0	0	17	13	39	16	-1	0	0	-1	0	0	0
c13147	0	-1	0	0	0	0	4	-1	-1	35	42	-1	0	0	26	-1	0	-1	-1	-1	0	-1	0	-1	0	13	0	0	0	0
c13151	31	-1	0	0	0	37	0	-1	-1	-1	0	0	47	47	26	50	0	31	0	-1	0	0	-1	0	0	13	0	0	6	0
c13154	-1	37	23	0	31	-1	0	-1	0	0	0	0	5	0	26	0	0	31	0	0	35	29	0	0	18	0	-1	0	2	35
c13164	15	0	0	7	-1	26	5	-1	5	0	-1	-1	0	0	26	32	0	0	39	0	-1	50	0	-1	0	29	0	0	37	3
c13180	0	0	0	0	-1	-1	11	-1	-1	0	0	0	6	6	26	3	0	0	0	0	-1	0	29	0	0	0	26	0	0	0
c13192	-1	0	-1	0	-1	-1	0	-1	0	0	0	0	0	0	-1	0	0	-1	-1	0	-1	29	0	0	-1	-1	-1	0	0	-1
c13206	0	-1	0	7	0	0	0	-1	0	26	0	0	31	0	26	0	0	0	-1	23	0	0	0	-1	0	0	-1	47	0	10
c13207	0	32	0	7	0	0	0	-1	0	-1	0	-1	31	0	26	0	0	-1	0	23	0	-1	0	-1	0	0	-1	47	0	10
c13220	6	-1	11	-1	0	0	3	-1	0	0	0	0	0	0	26	-1	0	0	50	0	0	27	0	-1	-1	-1	0	0	-1	0
c13227	-1	0	23	44	0	0	0	-1	13	0	0	0	0	50	-1	50	4	0	0	0	0	0	-1	0	0	0	22	0	0	6
c13229	0	0	0	0	3	0	11	-1	0	-1	47	-1	6	0	26	3	0	0	-1	-1	0	0	29	0	0	-1	19	0	23	0
c13234	0	0	0	0	29	35	-1	-1	0	29	-1	0	0	-1	-1	-1	0	-1	-1	0	0	-1	0	0	0	0	-1	32	15	-1
c13235	0	0	0	0	29	35	-1	-1	0	29	37	0	0	0	-1	0	-1	0	-1	-1	0	-1	0	0	0	0	-1	32	15	35
c13238	0	-1	0	0	0	0	0	-1	-1	35	0	0	0	-1	26	0	0	31	0	0	0	-1	0	32	-1	13	0	0	-1	-1
c13253	0	0	0	18	0	0	50	-1	-1	0	-1	35	-1	-1	26	0	0	0	0	5	50	0	0	-1	0	0	50	-1	50	35
c13256	-1	0	27	0	47	-1	-1	-1	-1	0	0	50	0	0	26	0	0	2	6	0	0	29	8	0	0	-1	0	0	42	-1
c13263	0	-1	25	7	0	0	17	-1	5	0	0	42	-1	-1	26	32	0	0	39	0	-1	-1	0	-1	-1	0	-1	0	0	3
c13277	26	0	0	0	3	21	0	-1	-1	35	32	0	0	0	26	0	0	0	11	-1	0	35	39	0	0	0	-1	50	19	0
c13287	0	0	23	0	6	0	0	-1	0	0	0	7	0	-1	26	50	0	-1	0	3	6	0	0	-1	0	-1	22	-1	0	6
c13288	-1	32	-1	-1	0	0	0	-1	-1	0	0	-1	31	0	-1	0	-1	-1	0	0	0	-1	0	-1	0	29	-1	47	0	0
c13298	0	26	0	-1	29	-1	0	-1	0	39	35	0	8	0	-1	-1	0	0	-1	0	0	29	0	-1	-1	0	-1	0	0	35
c13307	0	0	-1	0	0	35	0	-1	0	0	0	-1	-1	0	-1	-1	0	-1	-1	-1	0	29	39	0	0	-1	-1	0	0	-1
c13316	-1	0	0	-1	-1	38	11	-1	0	0	0	-1	6	24	26	-1	22	-1	0	0	-1	0	-1	0	0	0	0	0	0	0
c13320	0	7	0	47	3	5	-1	-1	0	0	0	0	6	-1	26	3	0	0	0	0	0	0	29	15	0	0	-1	0	3	22
c13322	-1	32	0	-1	0	0	0	-1	0	-1	0	0	31	0	26	-1	0	-1	0	0	-1	0	0	-1	0	0	-1	47	0	0
c13323	0	32	-1	-1	0	0	-1	-1	-1	-1	0	-1	31	0	26	0	0	0	0	-1	0	0	0	-1	-1	0	-1	47	0	0
c13334	0	26	0	0	39	0	3	-1	0	0	0	0	0	-1	26	-1	29	-1	50	0	0	0	-1	-1	0	0	0	-1	32	0
c13339	-1	0	0	0	0	21	-1	-1	-1	35	-1	-1	26	-1	26	0	-1	0	-1	47	0	-1	-1	0	0	0	-1	47	-1	0
c13341	-1	31	0	-1	0	-1	0	-1	-1	-1	39	0	0	0	26	0	0	31	0	17	32	35	0	-1	0	13	0	39	-1	0
c13349	0	0	0	0	0	0	0	-1	-1	0	0	0	0	-1	26	0	0	0	0	0	0	-1	0	0	37	-1	-1	29	47	0
c13351	0	0	0	-1	-1	25	0	-1	35	25	-1	0	31	0	26	-1	5	0	39	-1	29	14	50	-1	13	0	18	-1	39	0
c13359	0	0	0	0	0	0	0	-1	-1	-1	0	0	0	26	-1	0	-1	0	0	0	0	0	0	0	37	18	-1	29	47	-1
c13369	0	0	0	0	0	-1	-1	-1	32	29	13	0	-1	0	-1	0	0	15	26	-1	5	29	-1	0	-1	0	0	0	3	-1
c13370	42	-1	15	7	-1	0	-1	-1	31	0	0	23	25	-1	26	0	-1	-1	-1	0	-1	0	0	44	0	0	0	18	0	21
c13372	0	0	23	0	0	23	0	-1	50	-1	21	0	0	4	-1	50	-1	0	-1	-1	0	0	0	-1	-1	0	-1	31	0	-1
c13382	-1	0	0	0	47	0	3	-1	0	0	-1	37	0	6	26	0	-1	-1	50	0	0	0	-1	4	-1	0	-1	-1	32	0
c13401	0	-1	23	50	-1	-1	-1	-1	0	-1	0	0	0	29	26	50	-1	0	0	0	6	5	0	0	0	0	22	0	-1	6
c13408	0	0	0	0	3	0	11	-1	11	0	47	29	-1	-1	26	3	-1	13	23	0	0	0	29	0	0	0	0	0	8	0
c13411	0	0	-1	0	0	0	0	-1	32	-1	0	0	0	0	26	0	-1	29	26	0	0	29	39	42	0	0	-1	22	0	35
c13414	0	0	0	7	-1	8	-1	-1	0	0	-1	0	0	0	-1	0	0	-1	0	0	-1	0	0	-1	0	0	0	-1	0	-1
c13422	0	31	0	-1	-1	0	5	-1	26	29	0	0	0	0	26	26	0	29	0	6	-1	-1	-1	-1	0	0	0	0	0	-1
c13423	0	31	0	-1	44	0	5	-1	26	29	0	-1	-1	-1	-1	26	0	29	0	6	0	39	0	-1	-1	0	0	0	0	0
c13449	-1	0	0	7	0	-1	-1	-1	5	11	0	-1	0	-1	26	32	0	0	39	0	0	0	0	-1	0	0	0	0	-1	3
c13454	-1	0	0	0	3	0	-1	-1	0	0	0	0	-1	0	-1	3	0	-1	0	-1	26	0	29	0	-1	0	0	0	0	0
c13462	-1	0	0	-1	0	21	-1	-1	-1	35	0	0	0	0	-1	0	0	0	0	32	0	0	-1	-1	0	0	-1	-1	0	0
c13465	0	-1	-1	7	0	0	17	-1	5	0	0	0	7	-1	26	32	-1	0	39	0	0	31	0	-1	0	-1	43	0	0	3
c13466	-1	0	-1	0	0	-1	37	-1	-1	-1	-1	11	32	44	26	-1	-1	0	-1	-1	26	0	29	-1	0	0	0	-1	0	0
c13480	0	0	0	0	0	0	0	-1	4	-1	-1	-1	0	0	-1	0	-1	0	0	0	0	7	0	-1	0	18	-1	29	31	0
c13483	0	2	32	-1	0	21	37	-1	-1	35	0	8	0	0	26	-1	2	0	0	-1	0	0	0	-1	0	0	-1	0	0	0
c13516	0	-1	0	7	-1	-1	17	-1	0	25	-1	17	-1	0	26	0	5	-1	0	-1	0	-1	0	-1	0	-1	0	0	0	0
c13517	0	0	0	7	-1	28	17	-1	0	25	47	17	-1	0	-1	0	5	-1	0	0	0	0	0	-1	0	0	0	0	0	0
c13518	4	0	0	7	-1	0	35	-1	19	-1	-1	-1	-1	0	26	-1	-1	0	0	-1	0	0	0	-1	2	0	0	-1	0	0
c13530	0	39	-1	0	0	0	0	-1	-1	-1	0	0	0	-1	26	0	-1	1	24	0	31	0	0	29	0	-1	-1	29	0	0
c13540	-1	0	0	-1	3	34	11	-1	0	0	-1	0	6	0	26	3	-1	6	0	0	0	0	29	0	-1	0	-1	0	-1	0
c13568	0	-1	0	7	39	6	-1	-1	5	3	0	0	0	0	26	32	34	-1	39	0	0	0	-1	-1	0	0	43	3	0	3
c13578	-1	0	0	0	0	-1	3	-1	3	0	0	0	0	0	26	0	-1	0	-1	42	-1	3	0	0	42	-1	0	-1	32	6
c13582	-1	0	0	-1	3	0	11	-1	0	4	0	0	-1	0	26	-1	22	0	0	0	0	0	29	34	-1	48	-1	0	0	21
c13588	19	0	0	0	0	21	-1	-1	-1	35	-1	0	-1	0	26	0	0	0	0	0	32	0	0	39	0	-1	6	-1	0	0
c13591	0	0	23	0	0	0	39	-1	0	0	0	0	0	-1	26	50	0	0	0	0	6	0	0	-1	25	0	22	-1	0	6
c13597	42	35	0	7	-1	0	-1	-1	-1	0	0	23	-1	0	26	0	0	42	0	26	0	-1	0	44	0	-1	39	19	0	32
c13599	6	32	11	-1	0	0	3	-1	0	0	0	0	-1	-1	26	0	0	0	50	0	42	27	0	0	0	0	0	0	-1	0
c13600	-1	-1	21	7	0	-1	-1	-1	5	-1	0	-1	0	0	26	32	0	0	0	11	0	-1	0	-1	4	0	-1	-1	0	-1
c13618	0	-1	0	-1	-1	-1	0	-1	32	0	13	0	-1	0	26	0	0	15	26	0	5	29	0	48	0	0	0	0	3	35
c13621	0	0	0	-1	0	21	-1	-1	-1	35	0	-1	26	0	26	0	0	42	0	-1	-1	-1	0	0	0	0	-1	-1	-1	0
c13626	19	0	0	7	32	28	-1	-1	0	25	47	17	31	0	-1	0	5	0	-1	0	0	3	-1	-1	0	0	0	0	0	0
c13630	-1	0	23	-1	0	23	-1	-1	0	-1	0	0	0	0	26	50	0	-1	47	27	0	0	0	0	0	-1	-1	31	0	-1
c13631	0	-1	23	0	0	23	0	-1	0	-1	0	0	0	0	26	-1	0	-1	47	27	0	-1	0	0	-1	0	0	31	0	-1
