	0	1	2	3	4	5	6	7	8	9	10	11	12	13	14	15	16	17	18	19	20	21	22	23	24	25	26	27	28	29
c721	47	6	1	0	0	25	-1	0	0	-1	37	0	0	0	0	0	0	0	21	15	6	0	44	0	36	-1	22	0	5	-1
c1084	9	6	49	0	19	25	3	44	0	29	-1	36	0	0	-1	50	21	0	21	15	-1	-1	0	0	-1	0	0	0	6	0
c1384	47	6	0	-1	29	-1	0	0	0	43	37	-1	0	35	-1	0	0	0	-1	15	6	0	-1	0	36	43	22	0	0	15
c1395	34	6	0	0	0	25	0	44	-1	28	-1	0	1	0	35	0	-1	7	21	15	0	0	0	0	36	-1	1	-1	6	-1
c1473	0	6	29	22	0	25	-1	44	-1	28	37	-1	0	0	0	-1	0	0	21	15	-1	-1	0	0	36	36	1	-1	-1	0
c2004	-1	6	0	0	36	25	0	44	-1	28	37	-1	-1	0	-1	0	0	-1	21	15	0	-1	0	0	-1	36	1	0	6	0
c2070	0	6	0	0	0	25	0	-1	0	-1	37	0	-1	-1	0	-1	0	0	21	15	0	-1	46	0	36	36	1	29	6	0
c2230	0	-1	-1	0	-1	-1	44	-1	0	0	37	-1	0	0	0	21	5	0	-1	15	0	-1	-1	0	36	0	0	21	0	0
c2234	-1	-1	-1	0	47	25	0	-1	0	-1	-1	41	0	0	7	-1	0	0	-1	-1	0	29	0	0	7	0	16	0	-1	0
c2285	0	6	0	0	0	25	0	44	-1	28	37	0	36	21	0	6	0	0	-1	-1	0	0	0	0	36	36	-1	0	-1	0
c2517	9	6	0	-1	-1	25	3	-1	0	-1	-1	36	-1	0	37	50	0	0	-1	15	0	43	-1	0	-1	0	0	21	6	0
c2544	-1	6	0	0	-1	25	0	0	-1	43	37	0	0	0	0	0	0	0	-1	15	6	0	-1	-1	36	-1	22	0	0	0
c2579	-1	-1	0	-1	0	25	0	36	29	0	-1	-1	36	0	0	0	29	0	21	15	19	0	46	-1	36	44	21	21	0	29
c2678	0	6	0	36	-1	-1	0	44	-1	-1	37	6	-1	34	0	44	-1	-1	21	15	-1	-1	0	0	36	36	-1	0	6	0
c2738	9	-1	0	-1	0	25	-1	44	0	0	37	36	-1	0	37	-1	0	-1	21	15	0	0	0	0	36	0	0	6	6	0
c2806	0	6	-1	-1	0	-1	-1	44	0	28	37	0	0	0	35	0	0	-1	21	-1	0	0	29	0	36	36	1	0	-1	25
c2811	19	6	-1	-1	0	25	21	0	-1	11	37	45	-1	50	0	0	-1	0	-1	15	6	28	36	0	36	-1	36	0	0	43
c2948	0	6	43	42	0	-1	-1	21	29	0	-1	0	36	0	29	-1	0	-1	21	15	0	0	-1	-1	-1	0	0	21	0	21
c3041	0	6	0	-1	0	25	0	0	0	0	37	0	0	-1	-1	-1	0	0	21	-1	6	0	44	0	36	0	45	0	-1	0
c3177	0	6	0	0	0	-1	-1	-1	0	28	37	-1	-1	0	45	0	0	0	-1	15	-1	0	-1	0	36	36	1	0	-1	-1
c3202	0	6	0	22	0	-1	0	-1	-1	28	-1	0	0	0	0	0	0	0	21	15	0	0	0	0	36	36	1	0	6	0
c3253	0	6	-1	0	34	25	0	44	0	0	37	0	35	-1	0	0	-1	34	21	15	6	0	44	0	36	-1	45	-1	0	0
c3296	-1	6	-1	0	0	-1	0	-1	-1	-1	37	0	0	29	0	-1	0	-1	21	15	6	0	44	35	36	0	45	0	22	0
c3397	0	6	0	0	0	25	0	44	-1	-1	37	0	36	0	0	0	27	-1	21	-1	-1	-1	0	0	36	36	1	-1	6	0
c3406	0	6	0	0	0	25	33	44	-1	28	37	0	0	0	0	0	-1	0	-1	15	0	-1	0	0	36	36	-1	0	6	0
c3432	9	6	0	0	0	25	3	44	0	0	37	36	0	0	37	50	0	0	21	15	0	0	0	0	36	0	0	21	6	0
c3546	-1	1	35	0	7	-1	44	0	0	0	37	35	0	0	-1	0	0	0	21	15	-1	-1	-1	0	-1	0	36	-1	-1	-1
c3553	-1	6	0	0	0	25	0	0	0	0	-1	-1	0	50	0	0	-1	0	-1	15	6	0	36	0	36	0	0	-1	0	43
c3566	-1	1	0	0	0	25	44	-1	0	-1	37	0	0	0	0	0	0	0	21	15	0	0	7	20	36	-1	0	21	29	-1
c3621	47	6	0	0	-1	25	0	0	0	-1	37	0	0	0	0	22	7	-1	21	15	-1	0	44	-1	36	44	22	-1	-1	-1
c3654	0	6	0	-1	27	25	0	44	-1	28	-1	46	-1	0	0	-1	-1	0	21	15	-1	-1	0	0	-1	-1	1	-1	6	0
c3717	0	6	-1	0	0	25	-1	44	0	28	37	0	0	0	0	21	0	0	21	15	0	0	0	0	-1	36	1	0	6	37
c3735	0	-1	0	35	0	0	0	-1	-1	0	7	13	-1	0	22	0	-1	0	-1	0	0	0	0	-1	-1	7	0	0	-1	-1
c3760	47	0	0	35	0	-1	0	25	-1	0	-1	-1	-1	0	0	0	0	0	0	0	-1	-1	16	42	-1	7	46	0	27	43
c3790	0	6	-1	2	-1	25	0	44	0	28	37	-1	0	-1	-1	-1	46	-1	21	15	0	0	0	0	36	36	1	47	6	25
c3845	0	6	-1	-1	0	25	-1	-1	0	28	37	18	0	0	-1	0	0	0	21	15	-1	0	0	0	-1	-1	1	0	6	0
c3873	0	0	0	35	1	0	0	0	-1	-1	7	0	19	0	29	0	0	36	0	25	0	0	0	4	0	-1	0	25	0	0
c3888	0	6	11	-1	29	-1	0	44	0	28	37	0	0	0	35	0	0	0	21	15	0	-1	-1	0	-1	-1	-1	0	-1	25
c3993	0	-1	-1	4	0	25	-1	44	0	28	37	0	0	0	0	0	36	0	-1	-1	0	0	0	0	36	36	1	0	6	-1
c3998	0	6	0	0	0	25	0	44	-1	-1	-1	0	0	-1	29	12	0	47	21	15	0	-1	36	-1	36	36	1	0	6	0
c4090	0	6	0	2	0	25	0	9	1	0	37	-1	35	50	0	-1	0	0	-1	15	6	0	13	0	-1	0	0	0	-1	0
c4150	29	6	0	9	-1	-1	7	36	-1	0	37	0	36	0	0	0	0	29	-1	-1	-1	-1	46	0	-1	26	-1	21	-1	0
c4161	-1	6	36	0	0	25	0	44	0	0	37	36	0	0	37	-1	0	0	21	15	0	0	0	0	-1	-1	0	-1	6	0
c4167	9	6	-1	0	0	25	3	-1	0	0	37	36	0	-1	37	50	0	0	21	15	0	-1	-1	0	36	-1	0	21	6	0
c4184	0	0	-1	35	0	0	0	25	47	0	-1	13	-1	9	-1	-1	34	0	0	21	7	0	-1	0	-1	-1	0	0	27	-1
c4211	-1	-1	0	0	0	25	-1	-1	0	28	37	0	0	0	-1	-1	0	0	21	15	43	0	-1	0	36	36	1	0	6	25
c4218	0	6	0	-1	0	25	0	44	11	0	37	0	0	21	0	-1	50	-1	-1	15	6	0	44	0	36	0	45	47	19	-1
c4244	0	6	36	-1	25	25	-1	44	-1	-1	37	0	0	-1	0	-1	16	-1	21	15	0	-1	0	0	36	36	1	-1	6	0
c4391	-1	6	-1	0	0	25	0	-1	0	28	37	0	0	35	0	-1	0	0	-1	-1	0	0	0	0	-1	-1	1	0	6	37
c4420	-1	6	19	0	15	-1	50	-1	-1	-1	37	-1	0	0	0	-1	0	0	-1	-1	6	29	44	35	36	0	45	-1	0	0
c4424	43	6	-1	0	0	25	-1	44	0	28	37	35	0	0	0	13	-1	-1	21	15	0	13	0	0	36	0	1	1	6	0
c4600	0	-1	4	36	27	25	0	44	-1	28	37	0	-1	34	-1	-1	0	0	21	15	36	-1	27	0	36	36	1	0	6	0
c4609	29	-1	0	9	40	-1	19	0	-1	0	37	0	36	-1	0	11	0	-1	-1	15	0	-1	46	0	36	-1	-1	21	31	0
c4667	-1	0	1	29	-1	19	28	0	0	0	39	50	26	36	-1	-1	-1	-1	-1	2	43	-1	-1	29	-1	0	0	36	-1	0
c4788	47	6	43	0	0	25	-1	-1	0	43	37	-1	0	0	0	0	0	-1	-1	15	-1	0	-1	1	36	0	22	0	0	0
c4798	0	0	1	-1	0	19	28	0	0	47	0	0	26	36	-1	0	13	0	-1	2	43	-1	0	0	0	-1	-1	36	29	0
c4803	-1	6	19	0	0	25	0	-1	0	-1	-1	-1	0	6	0	0	0	0	21	15	-1	13	44	-1	36	0	45	0	21	0
c4867	0	0	37	47	0	25	0	-1	13	0	37	-1	-1	6	-1	-1	45	-1	21	15	-1	0	-1	34	21	0	16	0	0	0
c4880	0	-1	29	0	0	25	7	44	-1	-1	-1	0	36	0	21	4	-1	0	-1	15	0	0	0	0	36	-1	-1	0	6	0
c4886	47	6	-1	36	34	-1	0	-1	0	43	37	0	0	0	0	-1	0	0	21	15	-1	0	44	0	-1	44	22	0	0	0
c4895	0	-1	37	0	0	25	0	0	0	-1	37	0	-1	-1	7	0	0	0	21	15	0	0	0	0	0	0	16	0	0	21
c4917	47	6	0	0	-1	25	0	1	0	43	37	0	-1	0	-1	45	0	-1	21	15	-1	0	-1	0	-1	44	22	16	0	0
c4932	37	6	-1	19	0	25	-1	20	0	37	37	0	0	-1	6	24	-1	17	21	15	6	0	-1	0	36	0	45	0	0	0
c4950	43	6	47	0	0	25	0	44	-1	-1	37	-1	0	0	0	13	0	-1	21	15	0	26	44	5	36	0	-1	0	-1	-1
c4978	0	1	-1	45	0	25	44	0	24	0	-1	0	-1	0	-1	-1	0	-1	-1	15	-1	0	27	0	36	0	0	21	0	0
c5047	9	-1	34	-1	-1	25	0	44	0	0	37	36	0	0	37	35	0	0	21	15	0	0	0	-1	36	0	0	0	-1	-1
c5165	0	5	0	35	-1	5	0	0	0	-1	7	0	0	-1	0	38	28	36	0	0	16	0	0	4	0	22	0	0	0	0
c5250	0	0	37	0	35	25	0	-1	0	0	37	0	0	29	7	19	0	-1	-1	15	-1	-1	-1	0	0	-1	16	9	-1	-1
c5280	0	6	-1	-1	0	25	0	44	0	28	37	-1	0	0	0	-1	0	0	21	15	0	0	0	0	-1	36	1	0	6	37
c5343	0	6	0	27	0	25	0	44	-1	28	37	-1	-1	0	0	-1	0	0	-1	-1	0	0	-1	0	36	-1	1	35	6	0
c5347	0	6	0	0	0	25	0	44	0	28	37	7	0	-1	-1	0	-1	0	21	15	0	-1	7	0	36	36	-1	0	6	25
c5408	47	6	21	0	8	25	-1	-1	0	43	37	35	0	0	-1	0	7	-1	21	15	-1	0	44	0	36	-1	22	47	0	-1
c5439	-1	6	-1	0	0	25	0	44	0	28	37	0	0	-1	0	21	0	-1	21	15	1	-1	0	0	-1	36	1	0	-1	-1
c5464	-1	0	0	0	0	25	-1	-1	29	43	37	-1	36	0	29	0	0	-1	21	15	27	6	46	0	36	0	0	21	0	0
c5484	9	6	0	0	0	25	3	44	0	0	37	36	0	0	37	-1	0	0	21	-1	0	0	0	0	36	0	36	21	6	0
c5489	0	6	0	-1	0	25	34	21	-1	0	-1	-1	36	-1	29	-1	0	0	21	15	0	0	46	6	-1	0	-1	21	0	0
c5500	0	6	0	0	0	-1	-1	44	-1	28	-1	0	0	0	0	0	0	0	21	-1	-1	0	0	0	36	-1	1	0	-1	-1
c5504	0	6	-1	0	-1	25	0	-1	-1	-1	37	9	0	0	0	0	0	0	21	15	0	0	0	47	36	36	1	0	6	0
c5648	0	6	0	15	0	25	0	-1	0	-1	37	0	0	0	0	35	0	49	21	-1	35	0	-1	0	36	6	-1	46	6	0
c5662	47	6	-1	0	6	25	0	-1	0	43	37	0	0	0	6	-1	0	0	21	15	-1	0	44	0	36	44	22	0	0	0
c5673	30	0	45	35	0	0	0	44	-1	0	-1	13	-1	0	0	0	-1	13	0	0	0	0	25	-1	0	-1	0	-1	27	-1
c5697	0	6	-1	13	-1	25	19	-1	0	0	37	0	24	0	-1	0	7	-1	21	15	6	7	44	0	-1	0	45	36	0	0
c5723	0	-1	-1	-1	0	25	0	44	-1	28	-1	0	36	0	0	19	0	0	-1	15	0	0	0	-1	-1	36	1	-1	6	-1
c5746	-1	6	0	-1	-1	25	0	2	11	44	37	0	0	21	0	0	-1	0	-1	15	6	0	44	-1	36	0	45	0	0	0
c5793	0	6	-1	-1	0	25	0	44	0	28	37	-1	0	0	29	21	0	0	21	-1	0	0	0	0	-1	36	-1	0	6	37
c5798	0	6	0	27	0	25	0	44	-1	28	-1	0	36	0	0	-1	0	0	21	15	0	0	0	0	36	36	1	35	6	0
c5799	0	-1	0	27	0	-1	0	44	-1	28	37	0	36	0	-1	0	-1	0	21	15	0	0	0	-1	36	36	1	35	6	0
c5848	2	1	0	0	0	25	44	0	0	0	37	-1	-1	0	0	0	0	0	21	15	-1	0	0	20	36	21	0	21	0	0
c5854	9	6	0	0	0	-1	21	44	0	0	-1	0	-1	-1	37	-1	36	-1	21	15	9	44	-1	0	36	0	0	0	6	-1
c5872	-1	0	-1	0	16	25	29	0	36	47	37	-1	0	0	36	-1	0	7	-1	15	15	0	0	0	0	21	16	16	21	-1
c5875	0	6	0	-1	-1	25	-1	0	0	0	37	0	0	-1	0	0	-1	0	21	15	6	0	44	0	-1	0	45	48	-1	-1
c5901	9	6	43	0	-1	25	-1	44	0	-1	37	0	0	-1	-1	-1	16	-1	21	15	-1	0	0	0	36	0	0	36	6	46
c5950	-1	-1	-1	-1	0	25	0	0	0	43	37	0	0	0	24	0	0	-1	21	15	6	0	-1	0	-1	0	22	0	0	19
c6018	0	-1	-1	0	0	-1	44	27	-1	0	37	0	0	0	21	0	0	0	21	15	0	25	-1	25	36	0	0	21	36	0
c6046	-1	-1	19	0	-1	25	50	0	0	-1	37	-1	0	0	-1	0	0	0	21	15	6	0	44	35	36	0	45	0	0	0
c6053	0	-1	0	35	0	34	34	9	0	-1	7	41	0	-1	0	38	28	36	0	0	16	0	0	4	-1	22	0	0	0	0
c6101	0	-1	0	0	0	25	-1	27	-1	0	-1	0	0	0	-1	0	0	0	21	15	-1	0	0	25	36	0	0	21	36	0
c6119	47	6	21	1	0	25	0	0	0	43	37	35	0	-1	0	0	7	41	21	15	-1	7	44	0	-1	44	22	-1	0	-1
c6141	7	6	0	0	-1	25	0	44	-1	28	37	-1	0	0	0	0	0	0	-1	15	0	0	0	47	-1	36	1	0	6	0
c6195	0	6	0	0	0	25	-1	-1	0	28	37	0	0	0	0	0	0	0	21	-1	0	0	-1	0	36	36	1	22	6	-1
c6208	0	1	0	-1	0	25	44	0	24	0	37	0	37	2	0	21	0	0	21	15	-1	2	27	-1	36	-1	35	21	29	0
c6219	0	6	-1	0	0	-1	36	44	0	-1	37	0	1	0	35	0	0	7	21	15	-1	0	-1	0	36	36	1	-1	6	-1
c6234	-1	-1	19	0	19	25	0	0	0	-1	37	28	0	1	0	0	0	0	21	15	6	0	44	-1	36	0	45	0	0	8
c6258	0	6	0	-1	0	25	0	-1	0	28	37	0	-1	0	35	0	-1	34	21	15	0	0	7	0	36	36	1	0	-1	25
c6277	9	-1	36	-1	0	25	0	44	0	0	37	36	-1	0	37	-1	0	-1	-1	-1	0	0	-1	0	-1	-1	0	0	6	0
c6291	19	6	0	0	-1	-1	0	0	0	0	37	-1	0	50	-1	0	-1	-1	-1	15	6	0	36	0	36	0	0	0	0	43
c6329	0	6	0	2	-1	25	-1	44	-1	28	37	-1	0	0	-1	0	46	-1	21	15	0	0	0	-1	-1	36	1	0	6	25
c6363	47	6	43	0	0	25	11	0	0	43	-1	0	-1	0	0	0	-1	0	21	15	-1	35	44	-1	36	-1	22	-1	13	0
c6372	9	6	36	0	0	-1	0	44	0	-1	37	36	0	-1	-1	0	0	-1	21	15	-1	0	0	-1	36	-1	0	0	6	-1
c6373	9	6	36	-1	-1	25	0	44	0	-1	37	36	29	6	37	0	0	0	21	15	0	0	0	0	36	6	0	0	6	0
c6388	0	-1	-1	35	0	0	25	0	0	-1	7	-1	0	-1	-1	38	28	36	45	0	16	0	0	4	42	22	0	-1	41	30
c6416	7	0	-1	0	-1	25	0	0	-1	0	37	0	43	0	0	-1	45	0	-1	15	21	0	0	0	0	0	16	0	29	45
c6522	-1	6	19	0	0	25	0	-1	0	-1	37	0	0	0	0	0	0	0	21	15	-1	0	-1	35	36	-1	45	0	0	0
c6534	0	6	0	36	27	25	0	44	-1	28	-1	0	-1	34	0	0	0	-1	21	15	36	-1	0	-1	-1	36	1	0	6	0
c6546	-1	-1	21	37	0	25	-1	0	-1	0	37	0	36	0	29	0	0	0	21	15	0	0	46	0	36	27	0	21	0	0
c6569	-1	0	-1	26	0	19	-1	0	0	-1	0	0	26	0	-1	0	13	37	0	-1	43	-1	0	0	-1	0	-1	36	29	0
c6586	0	-1	0	35	0	-1	0	0	0	45	7	0	0	-1	0	6	-1	0	0	44	-1	-1	-1	0	0	-1	0	0	27	-1
c6604	0	6	11	-1	0	25	0	44	0	28	37	0	0	-1	35	-1	-1	0	21	15	0	0	-1	0	36	-1	1	0	-1	25
c6624	43	6	47	0	-1	25	0	44	0	28	-1	35	0	-1	0	-1	0	0	-1	15	-1	45	0	29	36	-1	1	0	-1	0
c6676	0	-1	0	19	0	25	29	-1	0	28	37	0	0	-1	0	-1	-1	0	21	-1	19	0	-1	0	36	-1	1	-1	6	0
c6683	0	6	-1	-1	0	25	0	44	44	28	37	0	0	0	0	21	0	0	-1	-1	0	-1	7	0	-1	36	1	0	6	37
c6691	29	6	0	9	0	-1	7	30	29	0	-1	-1	-1	-1	4	0	0	0	-1	-1	-1	0	46	0	-1	0	47	21	-1	0
c6706	0	6	0	-1	0	-1	0	44	0	28	37	-1	0	-1	0	-1	0	0	21	15	-1	0	0	0	36	-1	1	0	6	0
c6719	0	6	0	0	0	25	0	44	25	28	37	0	0	0	35	0	0	0	21	15	-1	-1	29	0	36	36	-1	42	-1	25
c6741	-1	6	19	0	0	25	0	0	0	-1	37	-1	-1	29	0	3	0	36	21	15	6	0	44	35	36	0	-1	-1	0	0
c6750	-1	-1	0	36	27	-1	0	-1	-1	28	37	0	-1	0	-1	0	0	7	21	15	6	-1	0	0	36	36	1	-1	6	0
c6758	0	6	0	0	0	-1	-1	44	-1	28	37	0	36	-1	0	-1	19	0	-1	15	0	-1	0	0	36	-1	1	-1	6	0
c6810	37	6	0	45	0	25	-1	0	-1	0	-1	0	42	-1	0	-1	0	17	21	-1	6	0	0	-1	36	4	-1	0	0	0
c6830	0	-1	0	-1	0	25	29	-1	-1	0	37	-1	-1	0	19	0	0	0	-1	15	6	-1	-1	1	36	0	45	-1	0	-1
c6862	-1	0	0	35	0	-1	19	0	0	-1	-1	0	-1	0	-1	29	-1	-1	43	-1	0	-1	-1	1	0	7	0	0	-1	0
c6881	0	6	36	0	25	25	0	44	-1	28	37	0	-1	45	0	-1	0	-1	-1	15	0	0	0	-1	36	-1	1	-1	6	0
c6882	37	6	-1	0	-1	25	0	-1	-1	-1	37	0	44	50	0	0	-1	-1	21	15	6	30	0	-1	-1	0	0	-1	0	-1
c6887	0	-1	-1	-1	-1	25	0	0	0	0	-1	0	-1	-1	-1	36	-1	-1	21	15	6	-1	-1	0	36	36	45	-1	0	0
c6903	17	-1	-1	0	0	25	0	0	29	-1	-1	20	36	50	0	-1	0	-1	-1	15	6	0	46	0	36	0	0	-1	-1	22
c6911	-1	6	36	11	0	25	0	44	0	0	37	36	0	-1	37	-1	0	0	21	15	-1	0	4	0	36	0	0	0	6	0
c6914	0	6	0	0	0	25	-1	44	-1	28	37	0	36	0	0	0	0	-1	-1	15	0	0	0	0	36	-1	1	-1	6	0
c6969	-1	6	0	-1	29	-1	0	0	0	44	37	22	0	0	35	0	0	0	21	15	6	-1	44	0	36	0	45	0	-1	0
c6972	43	6	-1	-1	0	25	15	44	25	-1	37	-1	-1	0	0	13	-1	0	21	15	0	0	-1	0	36	0	1	1	6	28
c7030	9	-1	0	0	0	25	3	44	0	0	37	36	0	-1	37	50	0	0	21	-1	0	0	0	-1	36	0	-1	21	6	0
c7031	9	6	0	-1	-1	25	3	44	-1	-1	37	36	0	0	37	50	0	0	21	15	0	-1	0	0	36	-1	0	21	6	-1
c7056	0	6	0	2	0	25	0	0	1	34	-1	0	0	50	0	-1	-1	0	-1	-1	-1	0	-1	0	-1	21	0	0	0	0
c7066	-1	-1	0	0	0	25	0	-1	0	22	37	0	29	-1	40	-1	0	0	21	15	6	0	44	0	-1	-1	45	0	0	0
c7099	25	6	0	0	0	25	0	0	0	-1	37	0	0	0	-1	-1	-1	0	21	15	6	7	44	0	36	6	45	-1	0	0
c7101	9	6	36	0	-1	25	0	44	0	0	37	36	0	0	37	0	0	-1	21	15	0	0	0	0	36	0	46	0	-1	0
c7133	-1	6	-1	-1	0	25	29	-1	0	0	37	37	0	-1	-1	-1	0	0	21	15	6	0	44	-1	36	0	45	-1	-1	-1
c7134	9	6	0	0	0	25	0	44	0	0	37	0	-1	29	37	0	36	-1	21	15	9	44	45	-1	36	0	-1	0	6	-1
c7137	-1	6	-1	9	-1	25	7	-1	29	0	-1	29	36	0	0	0	37	11	-1	-1	0	0	46	0	-1	-1	47	21	0	0
c7149	0	-1	0	0	0	25	0	36	29	0	37	-1	36	0	0	0	29	6	21	15	-1	0	46	-1	36	0	21	21	0	29
c7155	0	0	37	0	0	25	0	0	35	0	-1	0	34	0	7	0	0	0	21	15	0	0	0	0	0	-1	16	-1	-1	0
c7167	-1	-1	21	0	29	25	0	0	0	43	37	35	-1	0	0	0	-1	0	21	15	-1	0	44	0	36	44	22	-1	0	-1
c7183	0	6	11	-1	29	25	0	44	0	28	37	-1	0	0	-1	0	0	0	21	15	16	-1	29	-1	36	36	1	0	-1	25
c7250	0	6	0	2	-1	25	0	44	0	28	37	0	0	-1	35	0	46	0	21	15	0	0	0	0	36	36	1	19	6	25
c7254	9	6	0	0	0	-1	0	-1	0	44	37	-1	-1	29	37	0	36	-1	-1	15	9	44	5	0	36	-1	37	0	6	-1
c7261	-1	-1	19	0	19	25	0	0	-1	-1	-1	-1	0	1	0	0	0	0	21	-1	6	0	-1	-1	36	0	45	0	0	8
c7274	0	0	1	0	0	19	28	-1	0	0	0	47	26	-1	-1	0	13	-1	0	-1	43	-1	0	0	1	0	-1	36	29	0
c7277	0	0	0	35	0	0	0	-1	47	0	-1	-1	0	9	-1	0	-1	0	0	-1	0	0	0	0	-1	7	-1	0	-1	0
c7285	0	0	0	35	0	0	27	0	0	-1	7	0	-1	0	44	0	0	36	0	29	0	0	-1	-1	0	22	0	0	0	-1
c7297	47	6	0	0	-1	25	0	0	0	-1	37	0	0	-1	-1	0	0	0	21	15	-1	0	44	0	36	0	22	-1	13	49
c7313	47	6	0	0	6	25	0	0	0	43	37	0	0	0	6	0	0	-1	21	-1	-1	0	44	36	36	44	22	0	0	0
c7336	5	-1	0	-1	0	0	-1	44	0	35	-1	13	-1	-1	0	-1	-1	0	0	19	0	6	8	0	0	7	43	28	27	0
c7370	47	6	0	0	-1	-1	47	0	4	43	37	0	0	0	0	0	0	0	21	-1	6	0	44	0	-1	-1	22	0	5	0
c7385	0	-1	-1	-1	0	-1	0	-1	0	-1	-1	0	0	0	0	21	0	-1	21	15	0	0	-1	21	-1	36	1	0	6	37
c7405	0	4	-1	0	0	25	0	-1	29	0	37	0	36	0	29	15	0	0	21	15	0	0	46	0	36	0	-1	21	-1	0
c7411	-1	6	0	-1	-1	25	-1	-1	11	-1	37	0	-1	21	0	0	50	-1	-1	15	-1	0	44	0	36	0	45	0	0	0
c7448	0	6	-1	-1	0	25	29	0	-1	0	37	37	0	0	19	-1	0	0	21	-1	6	-1	-1	-1	36	44	45	-1	35	-1
c7449	0	6	0	-1	0	25	29	0	-1	0	37	37	0	0	-1	-1	0	-1	21	15	6	0	44	1	36	44	45	-1	-1	-1
c7488	21	-1	-1	29	0	25	-1	0	29	21	37	44	-1	0	0	35	0	46	21	-1	13	0	-1	-1	36	0	0	-1	0	6
c7502	47	6	0	-1	0	25	-1	0	0	43	37	0	0	0	0	0	-1	0	21	15	6	0	-1	29	-1	7	22	0	0	-1
c7515	2	-1	0	9	0	-1	-1	0	0	0	37	0	0	0	0	0	-1	0	21	15	0	0	0	20	36	0	29	-1	0	0
c7529	9	6	0	0	0	25	0	44	0	-1	37	0	0	29	37	-1	-1	-1	21	15	9	0	0	0	36	0	0	11	6	0
c7536	9	6	0	0	0	25	0	44	0	0	37	0	-1	36	37	0	0	-1	21	15	0	0	0	0	36	0	0	0	6	0
c7563	9	6	36	11	0	25	0	44	-1	0	-1	36	0	0	37	0	0	-1	-1	15	17	-1	0	0	36	0	0	21	6	0
c7580	21	6	-1	15	7	-1	0	44	0	-1	37	-1	49	0	0	35	0	0	21	15	35	0	0	0	36	25	-1	0	6	0
c7581	-1	6	-1	15	7	25	0	44	0	28	37	0	-1	0	0	35	0	0	21	15	-1	0	0	0	36	-1	-1	0	6	0
c7599	0	6	0	2	0	25	22	-1	1	0	37	0	0	50	0	0	0	0	-1	-1	6	0	0	0	-1	0	0	0	0	47
c7601	29	6	-1	9	0	25	-1	0	29	0	-1	0	36	37	13	0	0	0	-1	15	15	0	-1	37	36	47	6	-1	0	0
c7604	9	6	0	-1	0	25	3	44	0	0	37	36	0	0	37	50	-1	0	-1	15	-1	0	-1	0	36	0	29	21	6	-1
c7609	47	6	-1	-1	29	25	0	0	0	-1	37	0	21	0	-1	0	0	0	21	15	6	0	44	22	36	43	22	-1	0	0
c7616	0	6	19	35	0	25	0	0	0	43	-1	-1	-1	0	0	4	-1	-1	21	15	6	36	44	0	36	0	22	0	45	19
c7617	0	-1	-1	35	0	25	0	0	-1	43	37	-1	-1	29	0	4	0	-1	21	15	6	-1	44	-1	36	-1	22	-1	-1	19
c7630	0	6	0	0	0	25	0	0	0	-1	37	0	0	0	0	25	0	0	21	15	6	0	-1	0	-1	0	45	0	0	-1
c7648	47	6	-1	0	-1	25	0	-1	0	43	37	0	0	0	0	0	0	0	-1	15	6	0	44	0	36	-1	22	0	0	0
c7675	6	6	19	-1	21	25	0	6	0	0	37	0	34	50	43	0	0	0	-1	15	6	-1	36	0	36	0	36	-1	0	50
c7708	7	0	37	0	0	25	0	0	-1	-1	37	0	43	-1	0	-1	0	0	21	15	21	0	0	0	0	0	16	0	29	-1
c7740	-1	6	-1	0	47	25	0	-1	-1	-1	37	0	-1	-1	-1	-1	0	0	-1	15	6	0	44	35	36	0	45	0	0	0
c7745	0	6	-1	15	0	25	0	44	0	-1	37	0	0	0	0	-1	-1	0	21	-1	35	0	0	0	36	0	-1	0	6	0
c7760	19	6	-1	0	0	-1	0	0	-1	0	37	19	0	50	-1	0	-1	0	-1	15	6	0	36	0	36	0	-1	0	0	43
c7764	47	6	0	0	-1	-1	0	9	-1	43	37	19	0	-1	0	0	43	0	21	15	6	0	44	22	36	43	22	0	0	0
c7777	-1	6	0	0	29	25	0	0	16	43	37	0	0	0	0	0	36	-1	21	15	6	-1	44	-1	36	43	22	36	0	-1
c7780	-1	6	0	0	0	25	0	-1	0	43	-1	0	0	-1	0	-1	0	-1	21	-1	6	36	-1	0	36	-1	22	0	0	-1
c7807	-1	6	0	0	0	25	0	-1	-1	-1	-1	0	0	-1	40	-1	0	0	-1	-1	6	0	44	0	36	-1	45	0	-1	0
c7811	0	6	0	27	0	25	0	-1	-1	28	37	0	0	0	0	0	0	0	-1	15	0	0	0	0	36	36	1	35	6	0
c7838	0	6	0	22	0	25	36	44	-1	-1	37	-1	0	0	0	0	0	0	21	15	0	0	13	0	36	-1	1	0	6	0
c7839	0	-1	0	22	7	25	0	-1	-1	28	37	0	-1	0	0	0	0	0	21	15	0	0	13	0	36	36	-1	-1	6	-1
c7866	29	0	-1	35	0	-1	-1	-1	0	45	7	0	0	0	-1	0	-1	-1	0	44	-1	-1	-1	0	0	-1	0	34	27	0
c7880	43	6	0	49	0	25	-1	44	0	28	37	-1	-1	0	0	13	0	0	-1	15	5	0	0	0	36	0	1	1	6	0
c7890	0	-1	-1	0	0	25	-1	-1	0	28	37	0	0	25	0	0	0	0	21	15	43	0	0	0	36	36	-1	0	6	25
c7892	-1	6	19	21	0	25	0	-1	41	-1	37	-1	0	0	0	0	0	47	21	15	6	0	44	35	36	-1	45	0	35	0
c7930	0	6	0	-1	-1	25	-1	44	-1	-1	-1	0	0	-1	0	0	0	0	-1	-1	-1	0	0	0	36	36	1	0	6	-1
c7950	0	6	0	0	0	25	-1	44	0	28	-1	0	0	0	-1	0	0	0	21	15	0	35	0	0	36	36	1	-1	6	25
c7969	-1	0	-1	35	0	-1	-1	0	0	-1	7	0	11	0	0	0	-1	36	-1	25	0	40	47	4	20	-1	36	0	0	0
c7974	-1	-1	0	48	0	25	-1	0	24	3	37	0	44	0	35	0	0	0	21	15	0	-1	0	6	-1	0	0	21	0	0
c7991	19	6	0	0	0	25	0	0	0	0	37	0	0	50	0	-1	-1	47	-1	15	6	0	36	0	36	28	0	-1	1	43
c8016	-1	6	-1	0	29	-1	0	-1	-1	43	37	0	0	0	0	-1	0	-1	21	15	6	0	44	-1	36	43	22	0	0	0
c8030	-1	6	4	0	-1	25	7	-1	-1	28	37	-1	36	0	0	0	0	0	-1	15	0	0	0	0	36	36	-1	0	-1	-1
c8031	-1	6	4	0	0	25	7	44	-1	28	37	34	36	0	0	0	0	0	-1	15	-1	0	0	0	36	36	1	0	-1	0
c8047	-1	6	19	2	-1	25	-1	19	0	-1	37	0	0	0	0	0	36	0	-1	15	6	13	44	-1	36	0	45	-1	22	0
c8050	0	1	-1	0	-1	25	44	-1	0	0	-1	0	0	0	-1	0	0	0	21	15	0	0	0	0	-1	6	0	21	-1	0
c8092	0	6	0	36	-1	25	-1	44	-1	28	37	0	-1	-1	0	0	0	0	21	15	36	-1	0	0	36	36	1	0	6	-1
c8109	47	6	0	-1	29	25	0	2	-1	43	37	0	-1	0	0	-1	0	0	21	-1	6	0	44	0	36	43	22	0	0	0
c8126	0	-1	0	0	0	25	-1	44	-1	28	37	0	-1	-1	0	-1	0	-1	21	15	-1	0	0	0	36	-1	1	0	6	-1
c8127	0	6	0	0	0	25	-1	44	0	-1	37	-1	29	-1	0	36	-1	-1	21	15	0	0	0	0	36	36	1	0	6	-1
c8135	9	6	0	-1	-1	-1	0	44	46	0	37	0	0	36	37	0	-1	-1	21	15	-1	0	0	19	-1	0	0	0	6	0
c8142	0	0	0	35	0	9	0	7	0	-1	7	0	0	0	29	1	0	36	4	25	0	-1	0	4	0	22	0	6	-1	0
c8162	43	6	5	4	9	25	0	44	0	28	37	35	-1	0	-1	13	0	0	-1	15	0	0	0	-1	36	0	1	-1	6	0
c8163	43	6	5	0	9	25	0	-1	0	28	37	35	-1	0	0	13	0	0	21	15	0	0	27	-1	36	0	1	-1	6	0
c8198	0	6	0	0	0	25	36	44	35	28	-1	0	1	0	35	0	36	7	21	15	0	-1	0	-1	36	36	-1	-1	6	25
c8208	0	0	-1	0	-1	25	0	15	0	0	37	0	-1	-1	0	-1	0	0	21	-1	21	-1	4	29	6	-1	16	0	29	0
c8244	-1	6	-1	-1	0	25	0	44	0	-1	-1	35	0	26	27	-1	0	0	21	15	-1	45	0	0	36	-1	1	0	6	-1
c8254	-1	6	19	0	0	25	0	44	0	-1	37	0	0	0	0	0	0	-1	21	15	6	0	44	35	36	-1	45	0	0	0
c8261	-1	6	-1	0	34	25	-1	0	0	-1	-1	0	0	0	29	0	2	0	21	15	6	0	44	35	36	0	45	0	0	0
c8266	0	-1	0	0	-1	25	-1	44	-1	28	-1	0	-1	0	-1	0	0	-1	21	15	-1	-1	0	0	-1	36	1	5	6	-1
c8308	0	6	-1	-1	-1	25	0	44	-1	28	37	18	0	0	-1	9	0	0	21	-1	0	0	-1	0	36	36	1	0	6	0
c8317	0	6	0	0	0	-1	0	44	-1	-1	37	0	-1	0	0	0	0	0	-1	-1	-1	0	0	0	-1	36	1	-1	6	0
c8320	-1	6	11	-1	29	25	19	44	0	28	37	29	0	0	35	0	0	0	21	15	-1	0	29	-1	36	-1	1	-1	-1	-1
c8325	9	-1	3	-1	0	25	-1	44	0	0	37	36	-1	-1	-1	43	0	-1	21	-1	-1	0	0	0	36	-1	0	0	6	0
c8341	0	6	11	0	29	25	0	44	0	28	37	0	0	0	35	0	0	-1	21	15	-1	0	-1	0	36	36	1	0	-1	25
c8346	9	6	36	36	27	-1	0	44	0	0	-1	36	0	30	37	-1	0	0	-1	15	0	0	-1	35	36	0	0	0	6	0
c8347	9	6	-1	36	27	25	-1	44	0	0	37	-1	0	30	37	0	0	0	21	15	0	0	0	35	36	0	0	0	6	0
c8354	-1	6	0	-1	29	25	-1	25	0	44	37	22	0	0	-1	0	-1	0	21	15	6	0	-1	0	36	0	45	0	0	0
c8368	36	13	0	-1	45	25	-1	0	29	44	-1	0	-1	0	0	0	0	0	21	15	0	0	46	16	36	0	-1	-1	0	22
c8392	43	6	-1	-1	-1	25	0	-1	0	-1	-1	35	8	0	0	13	0	0	21	15	0	0	0	-1	-1	0	1	1	6	0
c8400	25	6	-1	0	0	-1	0	44	-1	-1	37	-1	-1	-1	-1	21	0	0	21	15	-1	0	34	0	-1	-1	1	0	6	-1
c8418	0	6	0	0	0	25	0	-1	0	28	37	-1	0	0	-1	43	0	0	-1	15	0	-1	0	-1	36	36	-1	0	-1	0
c8427	-1	-1	37	0	-1	25	-1	0	0	0	-1	0	-1	-1	0	-1	-1	0	21	15	21	0	4	0	0	0	16	0	-1	19
c8442	0	0	-1	0	0	-1	0	0	0	0	37	0	0	0	-1	0	-1	-1	21	-1	0	0	0	-1	-1	0	16	0	0	0
c8475	-1	6	0	0	24	25	0	44	-1	-1	37	9	36	0	0	0	0	-1	21	15	0	0	0	47	36	-1	-1	0	6	0
c8482	-1	6	-1	-1	0	25	0	0	0	0	37	-1	0	50	0	19	-1	47	-1	-1	-1	0	-1	0	36	0	36	0	0	43
c8495	0	6	0	0	-1	25	0	0	0	-1	37	0	0	0	0	0	0	0	21	15	6	0	-1	0	36	0	45	0	0	-1
c8516	0	6	0	0	0	25	0	44	0	-1	37	18	0	0	-1	-1	0	41	21	15	0	-1	0	0	36	36	1	0	6	-1
c8517	0	-1	0	0	-1	25	0	44	0	28	-1	18	0	0	-1	43	-1	0	21	15	0	-1	0	0	36	36	1	0	-1	0
c8538	0	6	0	-1	0	25	29	20	0	0	37	-1	0	0	0	21	47	0	21	-1	6	15	44	44	36	0	45	0	0	35
c8599	-1	-1	-1	44	0	25	-1	37	0	-1	37	0	0	-1	7	35	0	-1	21	15	-1	-1	-1	0	0	0	16	0	0	0
c8625	0	-1	0	0	0	25	-1	44	28	28	37	0	0	29	0	0	0	-1	21	15	-1	0	9	0	36	36	1	0	6	-1
c8710	-1	6	19	0	0	25	0	0	0	-1	37	0	26	29	0	3	0	0	21	15	6	-1	44	35	36	0	45	0	-1	0
c8719	-1	6	0	-1	0	25	0	0	29	0	37	0	36	11	29	0	-1	-1	21	15	-1	0	-1	0	-1	0	29	21	0	29
c8728	-1	6	19	0	47	25	0	0	0	-1	37	0	29	0	0	0	0	-1	21	15	6	0	44	35	36	0	45	0	27	0
c8742	-1	6	0	0	-1	25	0	0	0	43	-1	0	-1	35	0	7	19	0	21	-1	6	25	44	0	-1	43	22	0	-1	0
c8754	47	6	21	0	-1	25	0	0	0	43	37	35	4	0	0	-1	-1	41	21	15	-1	7	44	0	36	44	-1	0	0	0
c8762	-1	1	0	0	30	25	44	0	24	0	-1	0	0	0	-1	0	-1	-1	21	15	0	5	0	22	36	0	0	-1	0	45
c8765	0	6	0	0	0	-1	0	44	-1	28	-1	0	0	16	0	34	0	0	21	15	0	0	0	-1	36	36	1	0	6	0
c8819	-1	6	0	-1	-1	25	0	0	0	0	-1	-1	0	0	0	0	29	0	21	15	6	0	44	0	36	0	45	48	45	0
c8827	-1	-1	0	-1	0	25	0	-1	29	0	37	-1	36	0	0	37	-1	-1	21	15	-1	0	46	-1	-1	-1	0	21	0	-1
c8847	0	-1	0	-1	0	25	29	20	0	16	-1	0	0	0	0	-1	0	0	21	15	6	15	44	0	36	0	45	0	-1	35
c8859	2	1	-1	0	0	-1	-1	6	0	0	37	0	0	25	0	0	-1	0	21	15	36	0	-1	20	36	0	36	21	41	-1
c8867	0	1	0	0	0	-1	44	19	0	-1	37	0	37	0	0	-1	44	-1	21	15	29	0	-1	0	36	0	11	21	-1	0
c8871	0	-1	11	0	0	25	-1	-1	-1	28	37	0	47	0	-1	-1	0	0	-1	15	0	43	29	0	36	36	1	36	-1	25
c8876	0	6	-1	0	0	-1	29	-1	25	-1	37	-1	0	0	-1	0	0	-1	21	15	0	0	0	0	36	36	-1	36	-1	0
c8886	47	6	-1	0	-1	25	0	9	0	43	37	0	-1	0	35	0	43	0	21	-1	6	0	44	22	36	43	22	0	0	-1
c8894	0	-1	0	15	0	25	0	44	0	28	37	-1	49	0	0	35	0	0	21	15	35	-1	0	0	36	0	-1	0	6	0
c8895	-1	6	0	15	0	25	0	44	0	-1	37	0	49	0	0	35	0	0	21	15	35	0	0	0	-1	-1	-1	0	6	0
c8903	47	6	0	0	-1	25	0	0	0	43	37	0	0	0	-1	0	0	0	21	15	6	0	-1	-1	36	43	22	0	0	0
c8906	0	6	0	0	0	25	0	-1	0	28	37	-1	0	0	35	0	-1	34	21	15	9	0	-1	0	36	36	1	0	6	25
c8913	-1	0	0	35	0	0	0	0	-1	-1	7	-1	7	0	0	44	0	19	-1	0	0	0	0	0	0	7	21	0	27	1
c8917	0	-1	6	0	0	-1	-1	44	0	28	37	0	0	0	0	0	0	0	21	15	43	0	0	0	36	36	1	0	-1	25
c8925	0	-1	0	35	0	0	0	35	0	39	7	13	43	49	0	36	0	0	0	7	0	-1	0	27	0	7	0	0	27	16
c8930	0	6	-1	0	0	25	-1	44	0	28	37	0	-1	-1	35	0	0	0	-1	15	0	-1	-1	0	36	36	1	-1	-1	25
c8932	-1	6	-1	-1	29	25	0	-1	4	43	37	-1	22	-1	0	0	0	0	-1	-1	6	-1	44	29	36	43	22	0	0	0
c8941	37	6	0	0	-1	-1	0	-1	0	-1	37	44	44	50	46	-1	-1	0	21	15	6	-1	0	0	36	0	-1	-1	0	0
c8953	9	6	30	0	10	-1	-1	44	0	0	-1	0	0	29	37	-1	-1	-1	21	15	9	0	-1	0	-1	0	0	0	-1	-1
c8960	0	-1	-1	0	0	25	-1	-1	0	28	37	0	0	0	0	0	-1	0	21	15	16	0	0	0	36	36	1	0	-1	25
c8967	-1	0	0	35	0	0	29	29	-1	0	7	13	7	0	13	0	11	-1	0	0	-1	0	0	45	20	7	0	-1	27	0
c8992	-1	-1	0	0	-1	-1	-1	44	0	28	37	0	22	0	0	0	0	0	21	15	0	0	0	0	36	36	-1	-1	6	25
c8993	0	-1	0	0	0	25	-1	44	0	28	37	0	0	-1	0	0	0	0	21	15	0	0	45	0	36	36	1	0	-1	25
c9043	0	-1	7	-1	1	25	37	44	45	-1	37	-1	0	0	35	-1	0	0	-1	15	25	0	29	0	36	36	1	42	-1	25
c9053	-1	6	0	0	0	25	0	44	0	0	37	-1	0	-1	40	0	0	-1	21	15	6	-1	44	0	36	-1	45	0	-1	0
c9060	0	6	0	0	0	25	-1	44	0	28	37	0	0	-1	-1	0	0	0	-1	15	0	0	0	0	36	36	-1	0	6	-1
c9061	0	-1	0	35	0	25	-1	-1	0	-1	37	0	0	0	0	0	0	0	21	-1	0	0	0	-1	36	36	1	-1	-1	-1
c9075	-1	6	11	0	0	25	0	44	0	28	37	0	-1	0	35	-1	0	0	21	15	0	0	29	0	36	36	-1	-1	-1	25
c9076	0	6	0	0	0	-1	29	-1	0	-1	37	-1	0	-1	0	0	0	0	21	-1	-1	0	-1	0	36	36	-1	-1	-1	0
c9087	47	6	-1	0	0	25	0	0	0	43	37	0	0	0	0	-1	0	-1	21	15	-1	0	-1	1	36	0	22	-1	0	0
c9097	-1	6	-1	0	0	25	0	0	0	-1	37	6	0	0	0	3	0	0	21	15	6	0	44	-1	36	0	45	0	0	0
c9101	19	-1	0	-1	0	25	0	36	0	45	37	0	0	-1	0	0	-1	0	-1	15	6	0	-1	0	36	0	0	0	0	43
c9113	-1	6	8	0	0	25	-1	25	-1	0	37	-1	0	50	-1	0	0	0	-1	-1	6	-1	0	0	-1	0	-1	0	0	-1
c9119	0	-1	21	15	0	25	0	44	46	-1	37	-1	0	0	7	35	44	0	21	15	35	-1	11	35	36	0	-1	-1	6	0
c9124	-1	-1	0	16	0	25	0	44	46	0	37	0	-1	36	37	0	0	-1	-1	15	0	-1	-1	-1	36	0	0	-1	6	0
c9126	-1	6	8	0	0	25	44	0	1	34	37	0	0	50	-1	0	0	0	-1	-1	6	0	-1	0	-1	0	0	0	0	0
c9203	0	-1	0	15	0	-1	0	44	0	-1	37	0	0	0	0	35	0	49	-1	15	35	0	0	0	36	0	-1	46	6	20
c9243	-1	6	-1	-1	-1	-1	29	0	0	0	37	37	0	0	19	0	0	0	21	15	6	0	44	1	36	0	45	-1	35	-1
c9280	43	6	-1	35	0	25	0	44	0	28	-1	35	0	0	27	13	0	0	-1	15	-1	45	0	0	-1	-1	1	21	6	0
c9281	43	6	-1	35	0	-1	0	-1	0	28	-1	-1	0	0	27	13	0	0	21	-1	-1	45	0	0	36	-1	1	0	6	-1
c9293	0	1	0	-1	0	25	44	0	24	13	37	0	0	0	-1	0	0	0	-1	15	0	0	0	45	36	-1	0	21	0	0
c9294	9	-1	0	0	0	25	3	44	0	0	37	36	0	0	-1	43	0	-1	21	15	0	0	0	0	36	-1	0	0	6	0
c9297	43	6	0	0	0	25	0	44	35	28	37	35	0	0	0	13	44	0	21	-1	0	13	0	0	36	0	1	1	6	36
c9311	0	6	0	0	0	25	0	44	0	28	37	18	0	0	0	43	0	0	-1	15	0	0	0	0	36	36	1	-1	-1	-1
c9330	9	6	36	36	-1	25	0	44	0	0	37	36	0	0	37	0	0	-1	21	15	0	0	0	35	36	0	-1	-1	6	0
c9331	9	6	36	36	27	-1	0	44	0	0	-1	36	0	0	-1	0	-1	0	21	15	-1	0	0	35	36	0	0	0	6	0
c9360	36	13	43	0	-1	25	-1	-1	29	44	37	0	-1	0	-1	47	0	0	21	15	0	47	46	0	36	0	0	21	0	22
c9379	0	6	0	-1	0	25	0	0	0	43	37	0	-1	-1	24	0	0	-1	-1	15	6	0	44	0	36	0	22	0	0	-1
c9386	43	0	0	35	0	-1	-1	25	47	-1	-1	13	0	-1	-1	0	0	42	-1	0	0	0	0	-1	-1	7	0	47	27	0
c9398	0	6	37	47	0	25	-1	44	0	28	-1	0	0	0	0	-1	0	0	21	-1	0	-1	0	0	36	36	1	0	6	-1
c9407	0	0	-1	35	0	0	22	0	0	-1	7	0	-1	0	-1	0	0	36	0	25	-1	0	-1	4	0	-1	36	0	-1	27
c9432	0	6	0	0	0	25	-1	44	0	-1	37	18	0	0	0	9	0	0	21	15	0	0	36	0	36	36	1	0	6	-1
c9435	19	6	0	35	0	25	0	0	0	0	37	-1	-1	50	0	-1	-1	-1	-1	15	6	35	36	-1	36	28	0	-1	1	43
c9438	0	-1	0	0	-1	25	45	44	-1	6	37	0	-1	-1	0	0	0	-1	21	15	6	0	44	0	36	-1	45	0	0	20
c9447	0	1	0	0	-1	25	44	-1	0	0	-1	29	0	0	21	0	-1	0	21	-1	0	25	0	25	36	0	0	21	0	-1
c9477	19	0	-1	11	-1	25	0	0	29	-1	37	0	36	0	-1	0	-1	0	21	15	0	0	46	0	36	0	43	21	-1	0
c9479	9	6	-1	29	-1	25	0	44	0	0	37	36	-1	0	37	0	29	0	21	15	0	0	0	0	-1	-1	0	-1	-1	7
c9490	-1	-1	-1	0	0	25	0	44	0	28	37	-1	0	0	0	-1	-1	-1	21	-1	0	0	0	21	-1	36	1	0	6	37
c9491	0	6	-1	-1	0	25	0	44	0	28	37	0	0	0	0	21	0	-1	21	15	0	-1	-1	21	-1	36	-1	-1	6	37
c9493	47	6	-1	7	0	25	0	0	0	43	37	35	-1	0	0	0	7	0	21	-1	-1	0	44	0	36	44	22	0	-1	-1
c9513	30	0	0	35	0	0	0	0	0	-1	7	13	0	0	36	0	0	0	0	0	0	42	0	0	0	7	43	0	27	0
c9528	0	-1	0	35	0	0	0	35	0	39	-1	13	0	49	0	36	0	0	0	7	0	0	-1	27	0	7	-1	0	27	16
c9530	0	6	0	0	24	25	0	44	-1	28	37	9	0	0	0	0	0	11	21	15	-1	0	-1	47	36	36	1	0	6	-1
c9531	0	6	0	-1	24	25	-1	44	-1	28	37	9	-1	0	-1	0	-1	11	21	15	0	0	0	47	36	36	1	0	6	0
c9533	0	-1	11	-1	0	25	0	-1	29	0	37	0	36	0	29	0	0	21	21	-1	0	0	-1	0	36	0	0	21	0	45
c9538	-1	-1	37	-1	0	25	-1	0	29	0	-1	0	0	-1	0	0	0	-1	21	-1	15	0	0	0	0	19	16	16	21	0
c9556	-1	6	11	0	29	25	0	44	0	28	-1	0	0	0	35	-1	0	0	21	15	0	0	-1	0	36	36	1	0	-1	25
c9560	47	6	0	0	30	25	0	0	0	43	37	0	0	0	0	0	0	-1	21	15	6	0	-1	1	36	-1	22	0	0	0
c9568	0	-1	0	0	0	25	0	36	29	0	37	-1	-1	0	0	45	29	0	21	15	19	7	46	-1	-1	0	0	21	0	29
c9571	19	6	0	16	-1	25	0	0	7	-1	37	0	0	50	0	0	-1	47	-1	15	6	0	36	0	36	0	36	0	0	43
c9577	19	0	0	0	8	-1	0	0	29	29	-1	0	36	25	0	0	0	35	21	15	19	0	46	0	36	-1	21	21	0	2
c9585	9	6	36	0	0	25	0	44	0	22	-1	36	-1	0	37	0	0	-1	21	15	-1	0	-1	0	36	0	0	0	6	0
c9609	47	6	0	0	0	25	36	0	0	43	37	0	7	0	0	0	35	-1	21	15	-1	0	44	0	-1	0	-1	0	13	-1
c9634	47	6	0	0	0	25	0	0	0	43	37	35	0	0	-1	0	0	0	-1	15	-1	-1	44	-1	36	0	-1	0	13	-1
c9646	0	-1	0	0	0	25	-1	44	0	-1	37	-1	0	0	-1	0	0	0	-1	15	43	0	0	0	36	-1	1	-1	6	-1
c9647	0	-1	0	0	35	25	-1	44	0	28	37	0	0	0	0	0	0	0	21	-1	43	0	0	0	-1	36	1	0	6	25
c9648	0	0	0	-1	-1	0	0	0	0	0	-1	13	-1	0	-1	0	0	46	0	0	0	0	0	0	0	7	0	0	27	0
c9649	0	0	0	35	0	0	-1	0	0	-1	7	13	0	0	-1	0	0	46	0	0	0	-1	0	0	0	7	0	0	27	0
c9679	47	-1	-1	7	0	-1	0	21	0	43	37	35	0	0	0	0	7	0	-1	15	-1	0	44	-1	36	-1	-1	0	0	-1
c9687	-1	27	37	0	0	25	0	0	0	-1	37	0	43	-1	-1	-1	0	0	-1	15	-1	0	0	0	0	0	16	-1	29	0
c9696	-1	6	-1	-1	47	25	0	0	0	-1	37	0	29	0	0	0	0	0	21	-1	-1	0	44	35	36	0	45	0	0	0
c9705	47	6	0	0	29	25	0	-1	0	-1	37	0	0	-1	0	0	0	0	-1	15	6	0	44	22	36	43	22	0	0	-1
c9707	19	6	0	0	0	25	0	0	0	0	37	0	0	-1	0	0	-1	47	-1	15	6	-1	36	-1	36	0	-1	-1	1	43
c9721	-1	6	0	15	0	-1	0	-1	0	-1	37	36	0	0	0	35	3	4	-1	15	35	0	0	0	36	-1	-1	0	6	-1
c9723	-1	-1	0	-1	0	44	0	0	0	-1	7	0	-1	27	0	38	28	36	-1	0	-1	0	0	4	0	22	0	-1	0	0
c9726	43	-1	0	49	0	-1	0	44	-1	28	37	35	0	0	0	13	-1	0	21	15	5	-1	-1	0	36	0	1	1	6	-1
c9748	47	6	0	0	29	25	0	0	0	43	-1	0	-1	-1	0	0	0	47	21	15	6	0	44	-1	-1	43	-1	0	43	-1
c9773	-1	6	0	-1	29	25	0	-1	0	44	37	22	0	0	35	-1	-1	0	21	15	6	0	44	0	36	0	45	0	0	0
c9791	0	6	0	2	0	25	0	44	0	28	37	0	0	0	-1	0	46	0	21	15	29	0	0	0	36	36	1	19	6	25
c9830	29	6	0	-1	40	25	0	13	-1	0	37	0	-1	0	0	-1	-1	0	-1	15	-1	6	46	-1	36	0	-1	21	31	0
c9835	0	6	46	0	0	25	0	44	0	28	-1	-1	0	-1	0	0	0	0	-1	15	0	0	0	0	36	36	1	-1	6	0
c9847	-1	6	0	0	-1	25	0	44	-1	-1	-1	0	36	5	0	0	0	0	21	15	-1	-1	0	0	36	36	-1	0	6	0
c9854	9	6	0	0	0	25	3	44	0	0	37	36	-1	0	37	50	-1	0	21	15	0	0	0	0	36	0	0	21	6	0
c9864	-1	6	-1	0	-1	25	0	-1	0	0	37	0	0	50	0	0	-1	0	-1	15	6	0	36	0	36	0	-1	0	7	43
c9865	-1	6	11	0	0	25	0	0	0	0	37	0	0	50	0	0	-1	0	-1	15	-1	-1	36	0	-1	0	-1	0	7	43
c9879	0	25	37	0	-1	25	-1	0	47	-1	37	9	0	0	-1	-1	0	19	21	15	0	0	0	0	0	0	16	29	22	0
c9898	21	0	-1	0	0	25	0	0	29	21	37	0	-1	44	0	-1	0	0	21	-1	13	0	46	0	36	0	0	21	-1	0
c9903	9	6	43	0	44	25	-1	-1	0	-1	37	0	0	0	37	5	0	-1	21	15	0	0	0	0	36	-1	0	-1	6	46
c9922	43	-1	0	0	0	25	0	-1	-1	-1	37	35	0	0	27	13	0	0	21	15	0	0	0	0	-1	0	1	1	6	0
c9924	0	6	0	-1	0	-1	0	44	-1	28	37	18	29	-1	0	46	0	-1	21	15	0	25	21	0	36	36	1	0	6	13
c9936	0	6	0	0	0	25	0	44	-1	28	-1	0	0	0	0	0	0	0	-1	15	0	-1	0	-1	36	36	-1	0	-1	-1
c9937	0	-1	0	0	0	25	0	44	-1	28	-1	0	0	0	0	0	-1	-1	-1	15	0	0	0	0	36	36	1	-1	6	34
c9944	-1	1	0	-1	-1	-1	44	-1	24	0	37	0	0	-1	0	0	41	0	21	15	0	0	-1	-1	36	-1	0	21	0	0
c9954	7	6	0	0	24	25	0	44	-1	28	37	9	-1	0	0	0	0	0	21	15	0	0	-1	47	36	36	1	-1	6	0
c9955	-1	6	0	0	24	25	0	44	-1	28	-1	-1	0	0	0	0	0	-1	21	15	0	0	0	47	36	36	1	0	6	-1
c9964	35	0	0	35	-1	0	0	0	0	0	7	13	0	0	0	0	0	0	0	-1	0	0	-1	0	29	-1	0	0	27	0
c9974	47	-1	0	0	6	-1	29	29	0	-1	-1	0	0	0	6	0	0	0	-1	15	-1	0	44	36	36	44	22	0	0	0
c9975	47	6	0	-1	6	25	-1	0	-1	43	37	-1	0	0	6	0	0	0	21	15	-1	0	44	-1	-1	44	22	0	0	0
c9985	0	0	-1	-1	0	0	41	0	0	-1	7	0	0	-1	0	0	0	36	0	25	-1	0	47	4	7	-1	36	0	0	27
c9996	-1	6	19	0	0	25	0	0	0	-1	-1	-1	0	0	0	-1	0	0	21	15	6	0	44	-1	36	-1	45	0	7	0
c10005	0	0	37	35	0	-1	-1	0	0	0	37	47	0	0	7	0	1	-1	21	15	0	0	-1	7	0	0	-1	0	-1	0
c10035	0	34	0	0	0	25	39	0	29	0	37	0	0	0	0	21	0	21	21	15	-1	0	-1	0	36	-1	13	21	0	-1
c10047	9	6	0	0	0	25	3	44	0	0	-1	36	-1	0	37	50	0	-1	-1	15	0	-1	0	0	36	0	-1	21	6	0
c10062	-1	6	0	-1	0	25	0	41	0	-1	-1	0	0	-1	0	0	0	-1	21	15	6	36	44	0	36	0	22	0	0	-1
c10087	-1	-1	0	0	0	-1	0	49	43	43	37	0	0	19	-1	-1	-1	-1	21	15	6	0	44	1	36	36	22	0	-1	19
c10098	47	6	11	0	0	25	0	0	0	-1	-1	0	0	0	11	0	0	0	-1	15	-1	0	44	13	36	0	22	-1	13	0
c10107	0	-1	21	19	-1	25	29	-1	0	28	37	0	0	-1	0	0	-1	0	-1	-1	-1	-1	0	0	-1	36	1	13	6	-1
c10110	-1	0	7	-1	-1	0	0	0	-1	-1	7	0	19	0	29	-1	-1	36	0	-1	0	21	0	4	0	22	6	0	0	0
c10116	-1	0	0	35	0	0	0	13	-1	-1	7	0	-1	0	29	45	0	36	26	-1	0	0	0	4	-1	22	0	0	0	0
c10122	-1	6	0	15	45	25	0	44	-1	-1	37	0	-1	-1	0	35	0	49	21	15	-1	0	0	0	36	6	-1	46	6	0
c10125	-1	-1	-1	0	0	25	0	44	-1	28	-1	0	0	0	0	-1	0	-1	21	15	-1	0	0	0	-1	36	1	0	6	0
c10144	9	6	-1	0	0	25	0	44	4	0	-1	36	-1	0	-1	0	0	22	-1	15	0	0	0	0	36	0	0	0	-1	-1
c10145	9	6	-1	0	0	25	-1	44	4	0	37	36	0	-1	37	0	0	0	-1	15	0	0	0	0	36	3	43	0	-1	0
c10149	9	6	0	0	0	25	-1	-1	0	0	37	-1	-1	29	37	0	36	-1	21	15	-1	44	0	0	36	0	-1	0	6	-1
c10176	0	6	-1	-1	0	-1	0	44	-1	28	37	0	0	0	1	21	0	37	21	15	0	0	0	0	-1	36	1	0	6	37
c10177	0	6	-1	0	0	-1	0	44	6	-1	37	0	0	0	1	21	0	37	21	15	0	-1	0	-1	-1	-1	-1	0	6	-1
c10179	0	6	0	2	-1	25	46	44	0	28	37	0	0	0	35	-1	-1	0	-1	15	0	0	0	-1	36	36	1	0	6	25
c10198	47	-1	0	0	-1	-1	-1	0	0	43	-1	0	0	-1	-1	0	0	-1	-1	15	-1	19	44	0	-1	-1	22	0	13	0
c10210	7	-1	-1	0	24	25	21	44	-1	28	37	9	0	-1	0	16	-1	0	21	15	0	0	0	47	36	36	-1	-1	6	0
c10218	43	-1	-1	0	-1	-1	0	44	-1	28	-1	35	-1	-1	27	-1	0	0	21	15	-1	45	-1	0	36	-1	1	0	-1	22
c10229	-1	21	6	35	0	-1	0	0	25	-1	7	0	0	0	0	0	0	36	0	-1	0	-1	0	4	0	22	0	-1	0	0
c10240	0	-1	0	0	24	25	0	44	-1	28	37	9	0	0	0	0	0	0	21	15	0	0	0	47	36	36	1	-1	6	0
c10242	34	0	37	0	0	25	-1	0	0	0	37	16	43	-1	0	-1	-1	0	21	15	-1	0	4	-1	0	0	16	1	29	-1
c10252	9	6	36	11	0	25	0	44	0	0	-1	-1	0	0	-1	0	-1	0	21	15	17	0	4	0	36	0	0	0	6	0
c10254	30	0	0	-1	0	0	0	44	0	0	7	13	0	0	0	-1	0	6	-1	0	0	0	0	0	0	7	14	0	-1	-1
c10260	0	6	0	0	-1	25	0	-1	0	-1	37	0	0	0	24	0	43	-1	21	-1	6	0	44	0	36	0	22	0	0	-1
c10270	-1	-1	-1	0	0	25	0	44	21	28	37	0	0	0	0	21	0	0	21	15	0	42	0	0	-1	36	1	-1	6	-1
c10271	0	6	-1	0	0	-1	0	44	21	28	37	0	0	0	-1	21	0	0	21	15	-1	42	0	0	-1	36	1	-1	-1	37
c10276	0	6	0	0	-1	25	-1	44	0	28	37	-1	0	-1	35	-1	-1	-1	21	15	-1	0	0	0	36	36	1	-1	-1	25
c10280	0	0	-1	0	36	25	-1	-1	29	0	-1	0	-1	0	29	0	0	0	21	15	0	0	46	19	36	-1	0	21	0	24
c10283	0	-1	9	0	0	25	-1	36	-1	0	37	-1	-1	-1	11	0	29	42	21	15	19	0	46	17	-1	0	0	21	0	29
c10291	0	0	37	0	0	25	0	0	-1	-1	37	0	0	-1	7	-1	0	-1	21	15	0	0	0	0	0	0	16	9	0	0
c10298	-1	-1	-1	0	27	25	34	44	-1	28	37	0	-1	-1	0	0	0	0	21	15	0	-1	-1	0	36	36	1	-1	-1	0
c10299	27	6	0	-1	27	25	34	44	-1	28	-1	0	-1	0	0	0	0	0	21	15	0	-1	0	0	36	36	1	0	6	-1
c10301	47	6	0	0	0	25	-1	0	15	43	37	0	0	0	-1	0	-1	0	-1	15	-1	0	44	0	36	44	-1	16	0	-1
c10302	9	6	0	-1	-1	25	0	44	21	44	-1	0	-1	-1	37	-1	36	-1	21	15	9	44	0	0	36	0	0	0	6	-1
c10313	0	34	12	0	0	-1	0	0	29	0	-1	-1	0	6	0	46	0	21	-1	15	0	0	46	0	36	37	36	21	36	29
c10327	43	6	47	0	-1	25	11	44	0	28	37	35	0	0	0	13	0	-1	-1	-1	0	36	-1	19	-1	0	-1	0	6	0
c10340	29	0	36	-1	-1	25	35	0	29	27	37	0	-1	44	29	-1	0	-1	21	15	13	-1	46	0	36	9	16	21	-1	0
c10342	0	0	0	35	0	0	27	0	0	-1	7	0	0	0	44	0	-1	36	0	29	-1	-1	0	-1	19	22	0	0	0	0
c10344	9	-1	36	-1	0	-1	0	44	0	0	37	36	-1	0	37	-1	0	0	21	-1	-1	0	0	0	36	0	-1	0	6	0
c10345	9	6	36	0	0	25	0	44	0	0	37	36	-1	0	37	0	0	0	21	15	-1	-1	0	0	-1	0	-1	0	6	0
c10346	0	6	0	6	0	-1	-1	44	-1	28	-1	0	0	0	0	0	0	0	21	15	0	0	0	-1	36	36	-1	0	6	0
c10347	0	-1	-1	6	0	-1	-1	44	-1	28	-1	0	0	0	0	0	0	0	21	-1	0	0	0	0	36	-1	-1	0	6	0
c10364	-1	0	37	0	0	25	0	3	29	0	-1	0	-1	7	0	0	0	0	21	15	15	0	0	27	0	36	16	16	21	0
c10368	0	-1	-1	0	0	25	37	-1	0	28	37	0	0	0	-1	21	0	-1	21	15	0	35	6	21	-1	-1	1	0	-1	37
c10449	0	-1	1	4	0	25	-1	44	40	28	37	0	0	0	0	0	0	0	21	-1	0	-1	0	0	36	36	1	0	6	-1
c10453	-1	6	0	9	0	-1	0	-1	-1	0	-1	44	36	36	0	0	0	-1	-1	15	0	0	46	0	36	47	-1	21	-1	0
c10457	-1	0	37	0	0	25	0	-1	13	-1	37	-1	-1	0	-1	0	0	0	21	15	0	25	0	0	21	0	16	22	-1	11
c10468	0	6	-1	0	0	25	26	-1	29	29	37	16	-1	0	29	0	0	0	21	15	5	-1	46	44	36	-1	-1	-1	0	6
c10494	0	6	-1	47	0	25	-1	44	0	28	37	29	0	0	0	0	0	0	21	-1	0	0	-1	0	-1	36	-1	-1	6	-1
c10512	0	6	0	-1	0	25	0	0	-1	-1	37	0	0	21	0	0	-1	0	21	15	6	19	44	0	36	-1	-1	-1	-1	29
c10513	0	6	0	-1	-1	25	0	0	11	44	37	0	0	-1	0	0	50	0	21	15	6	-1	44	0	36	0	45	0	0	29
c10557	47	6	0	0	29	25	0	-1	0	43	37	-1	0	0	0	45	0	-1	21	15	6	0	-1	0	-1	43	22	0	43	0
c10575	-1	6	19	0	0	25	0	0	-1	-1	37	0	0	-1	-1	-1	-1	0	21	-1	-1	0	-1	35	36	-1	45	0	0	-1
c10578	0	-1	0	-1	0	25	0	0	11	-1	37	0	0	-1	0	0	50	0	21	15	6	0	44	0	-1	0	45	0	-1	22
c10605	-1	6	0	-1	0	25	0	44	0	28	37	35	0	0	-1	13	0	0	21	15	0	-1	0	0	36	0	1	1	6	0
c10611	0	-1	37	0	-1	25	0	-1	-1	0	37	0	0	0	0	0	0	0	-1	15	0	0	8	-1	0	0	16	0	0	0
c10624	0	6	11	0	29	25	0	44	0	28	37	0	-1	0	-1	0	0	0	21	15	0	0	29	0	36	36	1	0	-1	25
c10625	0	6	11	-1	-1	25	0	44	0	28	37	-1	0	0	35	0	0	0	-1	15	0	0	29	0	36	-1	1	0	-1	25
c10638	35	6	0	0	0	25	0	44	0	28	37	18	0	0	0	9	0	-1	21	15	0	-1	0	0	36	-1	-1	0	6	0
c10666	9	-1	0	0	0	25	3	44	0	-1	-1	36	0	0	-1	43	0	-1	21	15	0	0	36	-1	36	15	-1	0	6	0
c10669	-1	-1	-1	45	30	25	-1	15	24	0	37	24	-1	21	0	0	-1	0	-1	15	-1	5	0	22	36	0	0	21	0	-1
c10674	0	6	0	0	0	25	-1	44	0	-1	37	0	-1	0	0	0	0	0	21	15	0	0	0	16	36	36	1	0	6	0
c10675	0	6	-1	0	0	25	0	44	0	28	37	0	0	0	-1	0	0	0	21	-1	0	0	0	16	36	36	1	-1	-1	0
c10678	-1	-1	0	0	0	25	-1	37	0	43	37	0	0	0	21	0	0	0	21	15	-1	0	44	-1	-1	-1	22	16	0	0
c10722	0	-1	0	-1	0	-1	0	0	-1	-1	-1	-1	19	0	29	0	0	36	0	25	0	0	0	4	0	22	-1	0	0	0
c10730	-1	6	0	0	-1	-1	0	0	0	-1	37	0	0	50	0	0	-1	0	-1	15	-1	0	36	0	36	45	0	-1	0	43
c10733	43	6	21	0	2	25	-1	-1	0	28	37	-1	0	-1	-1	13	0	-1	21	15	0	0	0	0	-1	0	1	1	6	-1
c10740	0	6	11	0	0	25	0	44	-1	28	37	0	0	0	35	-1	0	42	21	-1	0	0	29	0	-1	36	1	0	-1	25
c10744	0	6	0	36	27	25	0	44	-1	28	37	-1	-1	0	0	12	0	0	21	15	6	-1	0	0	36	36	1	-1	6	0
c10745	-1	6	0	36	27	25	0	-1	-1	28	37	-1	-1	0	0	-1	0	0	-1	15	6	-1	-1	0	-1	36	1	0	6	0
c10759	47	6	-1	0	-1	25	0	0	-1	43	37	-1	0	0	21	0	-1	0	-1	15	-1	-1	44	-1	36	44	-1	0	0	0
c10766	19	-1	0	0	0	25	-1	-1	0	35	37	0	0	-1	0	0	-1	0	-1	15	6	0	-1	0	-1	0	0	0	0	-1
c10768	9	6	-1	0	0	25	0	44	0	0	37	0	-1	29	37	0	36	-1	21	15	9	44	0	0	36	0	0	0	-1	-1
c10769	9	6	0	0	0	25	0	44	-1	0	37	0	-1	29	37	-1	36	-1	21	15	9	44	44	0	36	0	0	0	6	-1
c10782	47	6	-1	0	-1	25	0	-1	0	43	37	0	0	0	0	0	0	46	21	-1	-1	21	44	27	36	44	-1	0	0	0
c10799	-1	1	-1	-1	30	-1	44	0	24	-1	37	-1	-1	25	-1	-1	0	-1	21	15	0	-1	-1	22	36	20	0	21	0	45
c10800	-1	-1	0	0	0	25	-1	44	-1	28	37	-1	-1	0	-1	-1	0	0	21	15	0	0	0	0	36	36	-1	0	6	-1
c10801	-1	-1	0	0	0	25	-1	44	0	28	37	0	-1	0	0	-1	0	-1	21	15	7	0	-1	-1	36	-1	-1	0	6	-1
c10804	0	-1	1	0	-1	-1	28	0	0	0	0	50	26	36	-1	0	13	29	0	2	43	-1	0	0	0	0	0	36	-1	0
c10807	-1	6	0	2	0	25	22	0	1	0	-1	0	0	50	0	-1	-1	0	-1	15	6	0	0	-1	-1	0	0	0	0	-1
c10809	-1	-1	0	0	29	25	0	0	0	43	37	-1	0	0	0	0	0	0	-1	15	6	21	-1	22	36	-1	22	0	15	0
c10810	-1	-1	0	0	0	-1	-1	44	0	28	37	-1	-1	0	0	-1	0	0	-1	15	43	0	0	0	36	36	1	-1	6	25
c10811	0	-1	0	0	-1	25	-1	-1	0	28	37	0	-1	-1	0	0	0	0	21	15	43	-1	0	0	36	36	1	0	6	25
c10813	47	6	-1	0	5	25	0	0	-1	43	37	35	0	0	-1	0	7	0	-1	15	-1	-1	-1	0	36	44	22	-1	0	0
c10846	-1	-1	0	-1	29	25	0	25	-1	-1	37	22	0	0	-1	0	0	-1	-1	15	6	0	44	0	36	-1	45	0	-1	0
c10847	-1	6	0	-1	29	25	0	25	0	44	-1	22	-1	-1	35	-1	-1	0	21	15	6	0	44	-1	-1	0	45	-1	0	0
c10864	0	1	0	0	0	25	44	0	-1	0	-1	0	-1	-1	0	-1	47	0	-1	-1	0	0	-1	0	-1	-1	-1	-1	0	23
c10877	29	6	44	-1	0	25	7	0	29	-1	37	25	36	-1	27	0	0	0	-1	15	46	0	46	0	-1	0	47	21	0	0
c10878	0	6	0	0	0	-1	-1	44	0	-1	37	18	0	0	0	0	0	-1	21	15	0	0	0	0	36	36	1	21	6	0
c10879	0	6	0	0	0	25	-1	44	0	-1	37	18	0	0	0	0	0	0	21	15	0	0	0	-1	36	36	1	-1	-1	0
c10882	-1	6	0	0	0	-1	47	0	-1	43	37	0	0	0	0	0	0	-1	21	-1	-1	36	-1	0	36	0	22	-1	5	-1
c10890	-1	6	0	-1	29	25	0	0	25	43	37	-1	0	-1	-1	0	0	-1	21	15	6	20	-1	46	36	0	-1	0	7	-1
c10892	0	-1	0	0	0	25	0	-1	-1	28	37	0	0	0	0	12	0	47	21	15	0	-1	36	-1	36	36	-1	0	6	0
c10893	0	6	0	0	0	-1	0	-1	-1	28	37	-1	-1	0	0	12	0	47	21	15	0	0	36	0	36	-1	-1	0	6	-1
c10905	0	6	-1	0	0	-1	-1	44	0	-1	37	0	0	0	-1	-1	0	42	21	15	0	0	29	0	36	36	1	-1	-1	-1
c10923	6	6	19	-1	21	-1	0	0	36	0	37	0	34	50	-1	43	0	4	-1	15	6	0	36	0	36	0	36	-1	-1	0
c10942	-1	6	19	0	0	25	0	0	0	-1	37	0	0	-1	0	-1	-1	36	21	15	6	0	44	35	-1	0	45	0	0	-1
c10951	47	6	0	0	0	25	24	0	0	43	37	0	0	0	21	0	0	0	21	-1	-1	-1	44	0	36	44	22	-1	0	0
c10972	0	-1	0	0	36	25	-1	0	43	43	37	0	0	-1	0	0	0	-1	21	15	6	-1	44	1	36	0	-1	0	0	-1
c10987	0	1	0	-1	0	-1	44	0	24	-1	37	0	0	0	0	21	0	0	21	15	0	0	0	36	36	0	0	21	0	0
c10997	47	6	0	0	0	25	35	0	0	43	37	35	-1	0	0	-1	0	0	21	-1	-1	0	-1	-1	-1	0	-1	24	13	0
c11025	0	5	-1	-1	0	0	-1	0	0	-1	7	0	0	27	0	38	28	36	0	0	16	0	0	4	24	-1	0	11	0	0
c11045	46	-1	0	-1	0	25	0	0	29	44	37	0	36	26	-1	0	0	0	21	15	6	0	46	0	36	0	-1	21	44	22
c11051	-1	-1	0	16	0	25	-1	-1	46	0	37	0	0	36	37	0	0	-1	21	15	0	0	-1	19	36	-1	0	0	6	-1
c11085	0	0	-1	35	-1	-1	-1	-1	0	-1	7	0	0	0	-1	0	0	-1	3	-1	-1	0	0	4	7	22	0	0	0	0
c11093	-1	6	19	-1	15	25	50	-1	44	-1	37	-1	0	0	0	0	0	0	21	15	-1	0	44	35	36	0	-1	0	0	0
c11096	0	0	0	35	0	0	-1	0	0	0	7	13	-1	-1	29	0	21	0	0	0	-1	0	0	0	-1	7	35	-1	27	0
c11109	0	1	0	29	45	-1	44	0	21	0	37	0	0	0	0	29	0	0	21	15	0	0	0	-1	36	-1	0	21	19	-1
c11115	-1	6	30	0	29	25	-1	0	-1	43	37	0	0	0	0	0	0	0	21	15	-1	0	44	0	-1	-1	22	-1	0	0
c11128	0	-1	0	0	0	25	-1	-1	0	28	37	0	0	19	0	0	4	0	21	15	16	-1	0	0	-1	36	1	0	6	25
c11129	0	-1	0	0	0	-1	-1	-1	0	-1	37	0	0	0	0	-1	4	0	21	15	16	0	-1	0	36	36	-1	17	6	25
c11138	19	6	0	0	-1	25	0	0	0	0	37	0	0	50	0	-1	-1	5	-1	15	6	-1	36	0	36	0	0	0	0	43
c11143	0	6	9	-1	-1	-1	0	0	0	0	37	0	0	0	0	0	0	-1	21	15	6	0	44	-1	-1	0	-1	0	10	0
c11148	47	6	0	0	29	25	0	0	-1	43	37	0	0	0	0	0	0	-1	21	15	6	-1	44	0	36	43	22	0	0	0
c11152	9	6	36	0	0	25	0	44	7	0	37	36	0	0	37	0	-1	0	-1	15	-1	-1	0	0	36	0	0	0	6	0
c11160	47	6	0	0	0	25	-1	0	0	-1	37	0	0	0	-1	0	0	-1	21	15	-1	-1	44	0	36	0	-1	35	13	49
c11161	47	6	0	-1	0	25	0	0	0	-1	-1	0	0	0	-1	0	0	0	21	15	-1	-1	44	0	36	-1	22	-1	13	49
c11171	0	6	0	0	0	25	0	-1	0	28	37	-1	0	13	-1	0	0	0	21	15	0	0	-1	-1	36	36	1	21	6	0
c11172	-1	6	0	0	2	25	0	44	0	28	37	35	0	0	0	13	-1	0	21	15	-1	0	0	6	36	-1	1	1	6	0
c11176	9	6	36	43	-1	25	0	44	0	0	-1	-1	0	0	37	0	-1	0	21	15	8	29	0	-1	36	0	0	-1	6	0
c11182	47	6	0	-1	29	25	-1	0	41	43	-1	0	0	-1	0	7	0	0	21	15	6	1	-1	-1	-1	43	-1	21	0	0
c11187	0	6	0	0	-1	-1	29	-1	25	-1	37	0	0	25	0	0	0	0	21	15	0	0	0	0	-1	36	1	36	6	0
c11190	-1	6	0	2	-1	25	46	44	0	28	-1	0	0	0	-1	0	46	0	21	15	-1	0	0	0	36	36	-1	0	6	-1
c11196	0	0	37	37	0	25	-1	-1	0	0	37	0	0	-1	7	0	0	0	21	15	0	0	-1	-1	0	-1	16	9	0	0
c11203	47	6	0	0	29	-1	-1	0	-1	43	37	0	0	0	0	-1	0	0	21	15	6	11	-1	0	-1	-1	-1	0	-1	0
c11214	0	6	0	2	-1	25	0	0	-1	34	37	-1	0	-1	-1	-1	0	0	-1	-1	6	-1	0	0	-1	21	-1	0	4	16
c11226	0	0	-1	35	0	0	0	-1	-1	-1	7	0	-1	0	0	0	0	36	0	25	0	0	47	4	0	22	36	0	0	0
c11232	-1	6	19	0	-1	25	-1	0	0	-1	37	0	29	-1	19	-1	-1	0	-1	-1	6	36	-1	35	36	0	45	0	-1	-1
c11244	-1	-1	0	0	0	-1	-1	44	0	28	37	-1	-1	0	0	-1	0	0	-1	15	-1	0	0	0	36	36	1	0	-1	25
c11245	-1	-1	-1	0	0	-1	-1	44	0	28	37	0	-1	0	0	0	0	0	21	15	43	0	0	0	36	36	1	0	6	25
c11246	0	-1	0	15	0	25	0	44	-1	-1	37	0	0	0	0	35	-1	49	-1	15	-1	0	0	0	36	0	-1	46	6	20
c11255	19	6	0	0	0	25	-1	-1	0	0	37	0	0	-1	34	0	-1	-1	-1	15	6	-1	36	0	36	0	46	0	21	-1
c11261	0	6	0	15	0	25	0	44	0	-1	37	0	-1	0	0	35	0	49	21	15	35	-1	0	0	36	6	-1	46	6	0
c11270	-1	1	35	0	0	25	-1	0	0	0	37	35	0	0	0	0	-1	0	21	15	0	0	0	0	-1	0	36	-1	0	23
c11275	25	6	0	-1	0	25	0	-1	0	0	37	44	-1	0	43	-1	7	0	21	15	6	7	-1	0	36	-1	45	0	0	0
c11287	0	6	0	0	37	25	-1	44	0	28	-1	0	0	0	0	-1	0	0	21	15	0	0	46	-1	36	36	1	0	-1	-1
c11302	0	6	0	0	0	-1	-1	44	0	0	-1	0	13	-1	34	0	43	34	21	15	6	0	44	0	36	-1	45	-1	-1	0
c11307	2	1	0	9	0	25	44	3	0	0	37	45	0	0	0	0	0	37	21	15	0	0	-1	-1	36	0	0	-1	0	0
c11310	47	6	0	0	0	25	0	-1	0	43	37	0	0	0	0	-1	0	-1	21	15	-1	-1	-1	1	36	0	22	0	0	-1
c11316	43	1	35	0	0	25	44	0	25	0	37	27	0	-1	-1	0	39	0	21	15	-1	-1	-1	5	36	0	0	21	0	-1
c11320	19	6	0	0	-1	25	0	-1	0	-1	37	35	0	50	-1	0	-1	0	-1	15	6	0	36	0	-1	0	-1	0	0	-1
c11321	19	6	0	0	-1	25	0	0	0	0	37	35	-1	50	-1	0	-1	0	-1	15	6	0	36	-1	36	0	0	-1	0	43
c11334	0	6	0	-1	0	25	-1	34	0	43	37	0	-1	0	24	21	0	-1	21	15	6	-1	-1	0	36	0	22	-1	0	19
c11337	47	6	0	0	0	25	0	0	0	43	37	-1	45	0	0	0	-1	-1	21	15	-1	-1	44	0	36	44	22	0	0	-1
c11338	0	6	11	-1	29	25	19	44	0	28	37	29	0	0	35	0	0	0	21	-1	-1	0	-1	0	36	36	1	0	-1	25
c11339	0	-1	11	-1	-1	-1	-1	44	0	28	37	29	0	0	35	0	0	0	21	-1	0	0	29	0	36	36	1	0	-1	25
c11354	0	6	-1	-1	0	25	0	44	-1	28	37	0	-1	-1	-1	21	0	0	21	15	0	0	0	-1	-1	36	1	-1	6	37
c11379	29	6	0	9	0	25	7	0	29	0	37	0	36	44	0	0	0	-1	-1	-1	46	0	46	-1	-1	-1	47	21	-1	1
c11384	0	-1	0	0	-1	25	0	0	0	43	37	0	25	0	-1	-1	-1	-1	21	15	6	0	44	0	36	0	22	5	45	19
c11385	-1	6	0	0	0	25	0	0	4	43	37	0	25	0	0	-1	19	-1	21	15	6	-1	-1	0	36	0	22	-1	-1	19
c11387	0	-1	-1	0	0	-1	-1	44	0	28	37	43	29	0	0	0	0	43	21	15	43	0	0	0	36	36	1	-1	6	25
c11388	0	6	11	-1	29	25	0	44	0	28	37	0	0	0	35	0	0	-1	21	15	0	0	29	0	36	36	1	-1	-1	25
c11389	0	-1	11	0	29	25	0	44	0	28	37	0	0	0	35	-1	-1	0	-1	15	0	0	29	0	36	36	1	0	-1	25
c11399	0	6	0	-1	27	-1	0	44	-1	28	37	0	-1	34	0	0	0	0	21	15	36	-1	0	0	36	36	-1	0	6	0
c11412	21	0	0	0	0	25	-1	0	29	21	37	0	36	0	0	-1	0	0	21	15	13	0	46	0	36	0	0	21	-1	0
c11437	0	1	-1	48	0	25	-1	0	24	-1	37	0	-1	0	35	0	0	26	-1	15	0	6	0	-1	-1	0	0	21	0	34
c11444	0	0	0	35	0	-1	0	0	0	-1	7	-1	-1	0	0	7	-1	36	-1	29	0	0	9	-1	-1	22	46	0	0	0
c11464	-1	6	19	8	-1	25	-1	-1	-1	-1	-1	0	0	0	0	-1	0	0	-1	15	6	-1	-1	13	-1	0	45	0	-1	0
c11472	-1	13	0	0	45	25	-1	0	29	44	37	0	36	0	0	0	0	0	21	15	0	0	46	0	-1	0	0	21	0	22
c11478	-1	-1	0	0	0	25	-1	44	28	28	37	0	0	29	-1	0	0	0	21	-1	0	-1	9	0	-1	36	1	0	6	-1
c11479	0	-1	0	-1	0	25	-1	44	-1	28	37	0	-1	29	0	0	-1	0	-1	15	0	0	9	0	36	36	1	-1	6	-1
c11482	9	-1	-1	0	0	25	0	0	-1	43	-1	0	0	-1	24	13	0	-1	21	15	6	0	44	-1	36	0	22	0	0	-1
c11483	9	6	-1	0	0	25	0	-1	0	43	37	0	0	0	24	0	0	-1	21	15	6	0	-1	0	36	0	22	0	0	19
c11486	0	6	0	-1	29	-1	-1	44	0	6	37	0	0	0	37	0	0	37	-1	15	0	8	-1	0	36	0	0	-1	-1	18
c11487	0	-1	-1	0	29	25	0	-1	-1	6	37	0	0	0	37	0	0	37	21	-1	0	-1	-1	-1	36	1	0	-1	6	15
c11494	0	-1	-1	-1	0	-1	0	0	11	-1	37	0	-1	21	0	0	-1	0	-1	-1	-1	0	44	0	36	0	45	0	0	0
c11496	37	6	22	0	0	25	0	0	0	-1	-1	44	44	50	46	0	0	6	21	15	6	0	0	0	36	0	0	0	-1	-1
c11502	9	6	0	0	9	25	3	44	0	0	37	36	0	0	37	-1	0	0	21	15	0	0	-1	0	36	0	0	-1	6	0
c11503	9	6	0	0	0	25	3	44	0	-1	37	36	-1	0	37	50	0	0	21	15	-1	-1	0	0	36	0	0	21	6	0
c11506	0	6	-1	0	0	-1	0	44	44	-1	37	0	0	-1	0	21	0	0	21	15	0	0	0	0	-1	36	1	0	6	37
c11507	0	6	-1	0	0	-1	0	44	44	28	-1	0	0	0	0	-1	0	0	21	-1	0	0	0	0	-1	-1	1	0	6	37
c11517	0	0	0	35	0	0	0	-1	0	0	-1	13	7	0	0	21	0	13	-1	-1	-1	11	0	-1	-1	7	0	0	27	0
c11526	0	6	0	35	0	25	0	44	35	28	37	0	0	0	0	0	0	0	21	15	0	0	0	-1	36	36	1	0	-1	-1
c11527	0	-1	-1	0	0	25	0	44	0	28	37	0	-1	-1	0	-1	0	0	21	-1	0	0	0	0	-1	36	-1	0	6	0
c11532	-1	6	0	0	24	25	0	44	-1	28	37	-1	-1	0	0	44	0	-1	21	15	0	0	0	47	36	36	1	0	6	0
c11533	29	6	-1	0	24	25	-1	44	-1	28	37	9	0	0	0	0	0	0	21	15	0	0	0	47	36	36	1	0	6	0
c11535	0	0	0	0	0	25	-1	0	29	-1	37	-1	36	-1	-1	44	0	-1	21	-1	-1	0	46	0	36	0	0	21	0	0
c11562	0	0	37	-1	0	-1	0	49	13	0	37	0	0	-1	7	0	0	0	-1	15	16	-1	0	29	21	-1	16	0	0	21
c11572	0	0	-1	0	0	25	0	0	-1	0	37	0	36	0	29	0	0	0	21	15	0	0	46	-1	36	0	-1	21	0	0
c11576	-1	6	0	0	0	25	-1	-1	0	0	-1	0	0	50	-1	0	-1	0	-1	15	-1	0	36	0	36	0	-1	0	19	43
c11579	47	6	44	-1	0	25	0	0	0	43	37	35	0	0	-1	0	0	0	21	15	-1	0	44	-1	36	0	-1	0	13	0
c11581	0	6	11	-1	-1	25	0	44	-1	28	37	0	47	0	-1	29	-1	0	21	15	0	43	29	0	36	36	1	36	-1	25
c11593	-1	-1	0	-1	0	25	0	-1	43	43	37	0	0	19	-1	29	0	-1	21	15	6	0	44	1	36	36	22	0	0	19
c11599	29	6	-1	9	0	25	7	-1	29	43	37	0	-1	0	0	0	0	0	-1	15	46	0	46	0	-1	0	47	21	0	0
c11624	-1	6	36	-1	0	25	0	44	45	-1	37	36	-1	0	37	-1	0	0	21	-1	0	0	0	0	36	0	0	0	6	0
c11625	9	6	36	-1	0	25	0	44	45	-1	37	-1	0	0	37	27	0	0	21	15	0	0	0	0	36	-1	0	0	6	0
c11632	0	6	0	0	0	-1	0	0	0	43	37	0	0	0	24	-1	0	-1	21	15	-1	-1	44	0	36	0	22	-1	25	19
c11641	29	6	0	9	-1	25	7	0	-1	0	37	16	36	0	0	45	0	0	-1	-1	0	0	46	0	-1	0	-1	21	0	25
c11643	47	6	0	-1	29	25	0	-1	-1	43	37	0	21	0	0	0	0	0	21	15	6	0	-1	-1	36	43	22	0	0	0
c11645	0	-1	11	0	0	25	0	-1	0	28	37	0	47	0	35	-1	0	0	21	15	0	0	29	0	36	36	1	37	-1	25
c11654	0	6	0	15	0	25	0	44	0	-1	37	0	0	0	0	35	0	49	-1	15	35	-1	0	0	-1	0	-1	46	6	0
c11655	-1	6	0	15	0	25	0	-1	0	-1	37	0	0	0	0	35	0	49	21	15	35	-1	0	0	36	0	-1	46	6	0
c11657	13	1	-1	-1	0	-1	44	0	24	0	37	0	-1	35	0	0	0	19	21	15	0	-1	-1	0	-1	0	0	21	-1	0
c11658	29	0	0	-1	0	-1	0	37	-1	0	37	0	36	0	29	0	0	1	-1	15	-1	0	46	0	36	-1	-1	21	0	21
c11667	0	6	-1	0	-1	-1	0	0	0	0	37	0	0	0	0	36	-1	-1	21	15	6	7	-1	0	36	-1	45	0	-1	0
c11672	0	6	0	19	0	25	29	-1	0	28	37	0	0	0	0	0	0	0	21	15	19	0	0	0	36	36	1	-1	6	0
c11719	46	-1	-1	35	0	-1	1	0	0	-1	7	0	19	0	29	-1	-1	-1	0	25	25	0	-1	4	0	22	0	-1	-1	0
c11725	19	6	0	0	0	25	-1	0	-1	0	37	0	0	50	0	0	-1	0	-1	15	6	0	36	0	36	28	-1	0	0	-1
c11727	-1	6	0	0	27	25	0	-1	0	-1	37	0	0	0	24	0	0	-1	21	15	6	0	44	0	36	0	22	0	0	19
c11744	-1	-1	19	-1	0	25	0	30	0	-1	-1	36	-1	0	0	0	0	0	21	15	6	0	44	35	-1	0	45	0	-1	0
c11755	0	6	0	0	0	-1	0	-1	-1	28	37	0	36	0	0	0	19	0	-1	15	0	0	0	0	36	36	-1	0	6	0
c11758	0	6	11	0	0	25	0	-1	0	-1	37	-1	0	0	35	-1	0	0	21	15	0	0	-1	0	36	36	1	-1	-1	25
c11759	-1	6	-1	0	-1	25	0	44	0	-1	37	-1	-1	-1	35	-1	0	0	21	-1	-1	0	-1	0	36	-1	1	0	-1	-1
c11781	9	6	0	-1	0	-1	3	44	0	-1	37	36	19	0	-1	0	21	-1	21	15	0	-1	0	6	36	0	0	-1	6	0
c11782	0	6	-1	-1	0	25	0	0	11	44	37	0	0	21	0	0	50	0	21	-1	6	-1	44	-1	36	0	45	0	0	-1
c11786	0	6	0	-1	0	25	-1	44	0	-1	37	0	0	0	0	35	0	-1	21	15	35	0	0	0	36	-1	-1	46	6	0
c11791	9	6	0	0	34	-1	0	44	-1	0	37	0	-1	-1	37	-1	-1	-1	21	15	-1	0	0	0	36	-1	0	0	6	0
c11845	19	6	0	0	0	25	0	0	0	0	37	-1	36	50	0	0	-1	47	-1	15	6	0	-1	0	36	0	0	0	1	43
c11851	-1	-1	37	36	0	25	0	-1	29	29	37	0	0	0	0	0	0	5	-1	15	15	0	47	0	0	0	16	16	21	-1
c11863	7	21	37	0	0	25	0	0	0	0	37	0	43	0	0	-1	0	-1	21	-1	21	-1	0	0	0	-1	16	0	-1	29
c11872	-1	6	47	0	0	25	29	44	0	28	-1	35	0	-1	0	-1	0	0	21	15	0	45	0	0	36	0	1	-1	6	-1
c11884	0	0	0	0	0	25	0	16	-1	0	-1	0	36	36	29	0	0	-1	21	-1	0	35	-1	19	36	-1	0	21	0	0
c11894	7	-1	37	0	0	25	0	17	-1	-1	37	0	-1	0	0	-1	0	0	-1	-1	21	0	0	0	0	-1	16	0	29	29
c11900	-1	6	21	19	0	25	29	-1	-1	-1	37	-1	0	0	0	0	-1	0	21	15	0	-1	-1	-1	36	36	1	13	6	0
c11901	-1	6	21	-1	-1	-1	29	-1	0	28	37	0	-1	-1	0	-1	43	0	21	15	0	-1	-1	0	36	36	-1	13	6	0
c11903	19	6	0	0	-1	25	0	0	-1	0	37	0	0	50	0	0	-1	0	-1	15	-1	0	36	0	36	45	0	0	0	43
c11919	0	6	0	-1	0	-1	29	0	-1	0	37	37	9	0	19	0	0	0	21	-1	6	0	44	1	36	0	45	-1	0	-1
c11951	-1	6	-1	0	0	25	0	0	0	-1	37	0	0	-1	-1	0	4	0	21	-1	-1	16	44	35	36	0	-1	0	0	-1
c11953	-1	6	19	0	19	25	0	0	0	-1	-1	28	0	1	0	0	0	35	-1	15	6	0	44	35	36	0	45	0	0	-1
c11962	0	6	0	-1	24	25	0	44	-1	28	37	9	0	-1	0	0	0	0	21	15	0	0	0	-1	-1	36	1	0	6	0
c11968	29	6	0	-1	40	25	0	13	-1	0	-1	0	36	0	0	21	0	-1	-1	-1	-1	6	46	0	-1	0	0	21	31	0
c11970	0	0	37	-1	6	25	0	37	-1	-1	37	0	0	-1	7	35	0	0	21	15	-1	0	0	0	0	-1	16	-1	0	0
c11975	19	6	-1	0	0	25	0	36	0	45	37	0	0	-1	-1	0	-1	-1	-1	15	6	0	36	0	36	0	-1	0	0	43
c11977	0	6	18	36	-1	25	0	44	-1	28	-1	0	-1	-1	0	-1	0	0	21	15	36	-1	0	0	36	36	1	0	-1	34
c11984	9	6	5	-1	0	25	0	44	0	0	37	0	0	29	37	-1	-1	-1	21	15	9	0	-1	0	36	0	-1	-1	6	0
c11993	0	-1	0	6	-1	25	-1	44	-1	28	-1	0	0	0	0	0	-1	-1	21	15	0	0	0	0	-1	-1	1	0	-1	0
c12001	0	1	-1	0	0	25	44	4	25	0	37	27	0	-1	0	0	0	0	-1	15	0	0	0	-1	-1	0	-1	21	20	0
c12012	-1	13	0	50	45	25	-1	29	-1	44	37	-1	36	-1	-1	0	0	0	21	-1	0	-1	46	-1	-1	0	-1	-1	0	22
c12013	36	13	0	50	45	25	-1	29	29	44	37	0	36	-1	-1	0	0	0	21	-1	0	0	-1	15	-1	0	-1	21	-1	22
c12027	0	-1	-1	0	0	25	37	44	0	-1	-1	-1	0	0	0	21	0	-1	21	15	0	35	6	21	-1	36	1	0	6	37
c12032	47	-1	0	0	0	25	-1	0	0	43	37	0	0	-1	0	0	-1	0	21	15	6	0	-1	29	-1	0	22	0	-1	-1
c12034	47	-1	-1	0	0	25	47	0	27	43	-1	-1	0	27	-1	3	0	0	21	15	-1	0	44	0	36	-1	22	0	5	0
c12046	9	6	36	0	19	25	22	-1	42	36	37	36	0	0	37	0	0	0	21	-1	0	0	0	0	36	-1	0	0	-1	0
c12047	9	6	36	0	19	25	-1	-1	42	36	37	36	0	0	37	0	0	0	21	15	0	0	0	0	36	-1	0	0	-1	0
c12062	-1	6	-1	0	-1	25	0	44	0	28	37	0	0	0	0	21	0	0	21	-1	-1	-1	0	0	-1	36	1	-1	6	37
c12077	47	6	0	0	29	25	0	0	0	43	37	-1	0	0	9	0	-1	-1	21	15	6	21	-1	22	36	43	22	0	15	0
c12084	19	6	0	0	0	25	0	0	-1	0	37	-1	0	50	0	0	-1	47	-1	15	6	0	-1	40	36	28	0	0	1	43
c12085	19	6	0	0	0	-1	-1	0	0	-1	37	0	-1	-1	-1	0	-1	47	-1	15	6	0	36	-1	-1	28	0	0	-1	-1
c12090	-1	6	0	0	0	25	0	0	0	43	-1	0	37	0	-1	-1	0	-1	21	15	6	36	44	0	36	0	22	0	0	19
c12091	-1	6	-1	0	0	25	0	0	0	43	37	0	37	0	0	0	0	-1	21	15	-1	36	44	0	-1	0	22	0	0	19
c12108	28	0	10	0	0	25	0	0	29	0	37	0	-1	0	29	0	45	0	21	15	47	0	46	36	36	-1	11	21	21	9
c12113	0	6	18	36	27	25	0	44	-1	28	37	0	-1	34	0	0	19	0	21	15	36	-1	9	0	36	36	-1	0	6	0
c12119	-1	6	-1	0	0	-1	47	0	27	43	-1	-1	0	0	-1	0	0	0	21	-1	6	0	44	1	36	-1	-1	0	5	0
c12124	19	6	-1	0	-1	-1	0	36	0	45	37	-1	0	50	27	0	-1	0	-1	-1	6	0	-1	0	36	-1	-1	0	-1	43
c12125	19	6	0	0	-1	25	0	36	0	45	37	0	0	50	27	0	-1	0	-1	15	-1	0	36	0	36	0	0	0	0	43
c12132	-1	6	43	0	0	25	9	44	0	0	-1	0	0	0	-1	5	36	-1	21	-1	0	0	0	36	36	0	0	36	6	46
c12143	0	6	-1	-1	0	25	0	44	0	-1	37	0	0	0	-1	21	0	0	21	15	0	0	0	0	-1	-1	1	0	-1	37
c12144	-1	6	0	0	0	-1	-1	44	-1	28	-1	-1	-1	0	-1	0	0	0	21	-1	-1	0	0	0	36	36	1	47	6	0
c12145	-1	-1	0	0	0	25	-1	44	-1	28	-1	0	0	0	0	-1	0	0	21	15	0	0	0	0	36	36	1	47	6	0
c12151	0	13	0	7	0	-1	0	0	-1	44	37	2	36	0	0	0	0	-1	21	15	0	48	46	0	36	0	0	21	0	22
c12157	19	5	0	35	0	0	0	0	0	-1	7	6	0	27	0	-1	-1	36	0	0	16	0	0	4	24	22	0	11	0	0
c12161	19	6	0	-1	0	25	0	0	-1	0	-1	-1	-1	50	0	0	-1	47	-1	15	6	0	36	0	36	28	0	0	1	43
c12163	-1	0	11	0	0	-1	0	0	29	0	-1	0	36	0	-1	-1	0	0	21	15	42	-1	-1	-1	36	0	0	21	0	45
c12171	47	6	0	0	29	-1	0	0	-1	-1	-1	-1	0	0	0	45	0	0	21	15	6	25	44	0	-1	43	22	-1	43	-1
c12183	0	0	37	0	0	25	0	0	0	0	37	28	0	-1	-1	-1	28	0	-1	15	-1	0	0	0	7	0	16	0	0	0
c12187	0	-1	0	48	0	-1	44	0	24	3	-1	0	0	0	0	21	0	0	21	15	0	-1	-1	-1	36	0	29	21	0	0
c12192	0	0	0	35	8	0	-1	0	-1	-1	7	0	0	0	-1	0	0	-1	0	29	-1	37	0	4	-1	-1	9	0	0	0
c12193	0	0	-1	35	8	0	-1	0	0	-1	7	0	-1	0	-1	0	4	-1	0	29	-1	37	0	4	0	-1	-1	0	0	0
c12202	-1	0	-1	0	-1	-1	0	0	16	-1	37	0	-1	0	7	0	0	45	21	15	0	-1	0	0	0	-1	16	-1	0	29
c12213	0	6	0	-1	0	25	0	0	29	0	37	0	36	0	29	0	0	0	21	15	0	0	46	-1	36	0	29	-1	1	0
c12218	-1	6	0	-1	0	25	36	44	0	28	-1	0	1	27	35	0	36	7	21	15	-1	-1	0	0	36	36	1	-1	6	25
c12245	0	1	0	35	21	-1	42	-1	0	-1	7	13	-1	-1	-1	5	-1	0	0	-1	0	0	-1	0	0	7	-1	34	27	0
c12249	-1	0	0	0	-1	25	0	0	29	41	37	-1	36	0	29	44	35	-1	-1	15	-1	0	46	0	36	0	27	-1	0	-1
c12253	19	6	-1	0	29	25	0	-1	0	-1	37	0	0	50	0	0	-1	0	-1	15	-1	-1	36	0	36	45	0	0	0	43
c12261	43	-1	-1	-1	0	25	0	44	0	28	-1	35	1	0	27	13	0	0	-1	-1	-1	45	0	0	36	0	1	-1	6	-1
c12267	0	6	0	0	0	25	0	44	0	28	-1	0	0	0	35	0	0	34	21	15	0	0	7	0	36	36	-1	-1	6	-1
c12269	-1	6	0	-1	0	25	0	0	25	43	-1	-1	0	37	-1	-1	0	-1	-1	15	6	20	44	46	-1	0	22	0	0	0
c12270	47	6	0	0	0	25	-1	0	-1	43	-1	0	0	0	-1	0	0	0	-1	15	-1	0	44	0	36	44	-1	16	0	0
c12273	47	6	-1	0	-1	-1	0	0	-1	43	37	0	0	-1	0	0	0	0	-1	-1	6	-1	-1	22	-1	43	22	0	15	-1
c12285	0	5	11	0	0	25	0	0	29	31	37	0	36	47	29	0	0	0	21	15	-1	21	-1	0	36	0	41	21	0	45
c12286	0	0	37	0	0	25	-1	49	13	-1	-1	0	0	-1	7	0	0	0	21	15	16	2	0	29	21	0	16	0	0	-1
c12293	0	0	37	-1	-1	25	0	0	0	0	37	0	26	-1	7	-1	21	0	21	15	-1	0	0	0	0	0	16	35	0	0
c12304	0	6	0	0	0	-1	0	44	0	-1	37	-1	0	0	0	9	0	0	21	-1	0	-1	-1	0	36	36	-1	0	6	-1
c12305	0	-1	0	0	0	-1	0	44	0	28	37	18	0	0	-1	9	0	0	21	15	0	36	0	-1	36	36	-1	0	6	0
c12307	0	6	0	0	0	25	0	-1	29	0	-1	37	36	0	29	0	-1	-1	-1	15	0	7	46	6	-1	-1	0	-1	0	0
c12316	-1	-1	0	0	0	25	-1	44	0	28	37	-1	0	0	0	0	-1	0	-1	15	0	0	0	0	36	36	1	-1	6	-1
c12317	-1	-1	0	0	0	25	-1	44	0	28	37	0	-1	0	-1	0	0	-1	21	15	0	0	0	0	36	36	1	-1	6	-1
c12344	43	6	0	0	0	25	21	44	0	-1	37	35	0	0	0	-1	0	0	-1	15	0	36	0	0	36	25	1	1	6	-1
c12345	-1	-1	0	0	0	25	21	44	0	-1	37	35	0	0	0	13	-1	0	21	-1	0	36	0	0	36	25	1	1	6	0
c12352	43	6	0	0	-1	-1	-1	44	0	28	37	35	45	0	0	13	44	0	-1	15	0	13	29	0	36	-1	1	1	6	0
c12356	-1	6	0	0	0	25	36	0	0	43	37	0	0	-1	0	0	0	0	-1	15	-1	19	44	0	36	29	22	0	13	0
c12357	47	-1	0	0	-1	25	36	-1	-1	43	37	-1	0	0	0	0	0	-1	-1	15	-1	19	44	-1	36	29	22	-1	13	0
c12360	-1	6	36	0	-1	25	0	44	-1	28	37	0	0	0	0	0	-1	-1	21	15	0	35	0	-1	36	36	1	-1	-1	0
c12388	0	6	0	0	0	-1	29	-1	-1	-1	-1	0	0	0	0	-1	0	0	21	15	0	0	0	0	-1	36	1	36	6	0
c12389	-1	6	0	0	0	-1	-1	-1	0	-1	-1	0	0	0	0	0	0	-1	21	15	0	0	0	0	36	36	1	36	6	0
c12390	-1	6	40	36	27	25	-1	44	-1	28	-1	0	-1	34	0	0	0	0	21	-1	36	-1	0	-1	36	36	1	0	6	-1
c12413	0	6	0	-1	0	25	0	-1	0	0	37	-1	0	0	0	0	-1	0	21	15	6	0	44	0	-1	0	45	0	0	0
c12428	0	-1	37	-1	-1	25	0	0	0	0	37	0	-1	-1	7	29	-1	0	21	15	0	0	0	-1	0	21	-1	0	0	-1
c12438	2	1	-1	0	0	25	44	0	-1	45	37	-1	0	21	0	0	0	0	21	15	45	0	43	20	-1	0	0	21	0	-1
c12443	47	6	30	0	29	25	0	0	-1	43	37	0	0	0	-1	0	0	7	21	15	6	0	44	0	-1	43	22	-1	0	0
c12462	0	1	0	48	-1	-1	44	0	-1	3	37	0	0	0	0	21	0	0	21	15	0	0	0	0	-1	0	0	21	0	-1
c12463	-1	1	-1	48	0	-1	44	0	24	3	37	0	0	0	0	-1	0	0	21	15	0	0	0	0	-1	0	-1	21	0	0
c12464	0	6	-1	2	0	25	0	-1	1	0	37	0	35	50	0	0	0	0	-1	15	6	0	0	0	-1	0	-1	-1	45	0
c12469	47	6	1	0	0	-1	47	0	27	43	37	0	0	0	0	0	0	0	21	15	6	0	44	0	36	0	-1	0	5	0
c12482	-1	6	-1	0	0	25	0	44	0	28	37	-1	0	-1	35	-1	0	-1	-1	15	35	0	29	0	36	-1	1	0	-1	25
c12483	0	6	11	-1	0	25	0	44	0	-1	37	0	0	0	35	-1	-1	-1	-1	15	35	0	29	0	36	36	1	-1	-1	25
c12484	0	6	-1	0	0	25	-1	-1	0	28	37	0	-1	0	-1	-1	-1	0	21	15	0	0	-1	19	36	36	1	0	6	-1
c12485	0	6	0	0	0	25	-1	44	0	28	37	0	-1	0	0	0	0	0	21	-1	0	0	-1	19	36	36	1	-1	6	-1
c12491	0	0	0	35	7	0	-1	0	0	0	7	13	29	0	0	0	0	-1	-1	0	12	0	0	-1	1	7	-1	-1	-1	-1
c12504	0	6	0	-1	0	25	0	0	11	44	-1	0	0	21	0	0	50	0	21	15	6	0	44	0	36	0	-1	0	0	19
c12505	-1	-1	0	-1	0	25	0	0	11	44	37	0	0	21	0	0	50	0	21	-1	6	0	44	-1	36	0	45	0	0	19
c12528	0	-1	1	16	-1	19	0	0	0	-1	0	0	0	0	-1	-1	13	-1	0	2	-1	7	0	0	0	-1	0	-1	0	0
c12549	21	0	-1	35	0	0	0	0	-1	-1	7	29	-1	0	29	0	0	36	45	25	0	0	-1	4	0	22	0	0	0	0
c12566	0	-1	0	0	0	25	0	44	-1	28	37	0	0	0	-1	0	0	0	-1	15	0	-1	0	0	36	36	-1	-1	6	0
c12567	0	6	0	0	-1	25	0	44	-1	-1	37	0	0	0	-1	0	-1	0	-1	15	0	0	0	-1	36	-1	-1	-1	6	-1
c12581	29	6	0	-1	0	-1	-1	36	-1	0	-1	0	36	0	0	0	0	-1	-1	15	0	0	46	0	-1	-1	-1	21	0	-1
c12612	-1	6	19	0	0	-1	-1	-1	0	-1	37	0	0	0	0	0	0	0	21	15	6	-1	44	0	36	0	45	28	0	5
c12619	9	6	0	0	22	25	3	44	0	0	-1	36	-1	-1	37	50	-1	0	21	15	0	0	0	0	36	39	0	21	6	-1
c12628	0	6	0	0	0	25	0	-1	-1	28	37	0	-1	0	0	0	0	0	21	-1	0	-1	0	0	36	36	-1	0	6	0
c12629	0	6	0	0	0	25	0	44	-1	28	37	-1	0	-1	-1	0	0	-1	21	15	0	0	0	0	36	36	1	0	-1	-1
c12631	47	-1	0	0	-1	25	-1	0	0	43	37	0	7	0	-1	0	35	0	-1	15	-1	-1	44	0	36	0	22	0	13	-1
c12651	0	6	0	19	0	25	29	-1	0	-1	37	0	0	0	0	0	-1	19	21	15	19	0	0	0	36	36	1	13	6	0
c12664	0	6	19	35	-1	25	0	0	0	43	37	0	-1	0	-1	4	0	-1	-1	15	6	36	44	0	36	0	22	-1	0	19
c12672	47	6	0	0	6	25	0	0	0	43	37	-1	0	0	-1	0	-1	0	-1	15	-1	-1	-1	-1	36	44	22	-1	0	0
c12675	0	6	-1	-1	29	-1	-1	0	-1	-1	-1	22	0	0	35	0	0	0	-1	15	6	0	-1	5	36	-1	45	0	41	-1
c12698	9	6	0	0	22	-1	3	-1	0	0	-1	-1	0	0	37	50	-1	-1	21	15	0	-1	0	0	36	39	0	21	6	0
c12709	0	1	0	0	0	25	44	43	25	0	37	-1	50	0	0	0	0	48	21	15	0	0	-1	0	36	0	0	21	0	0
c12712	47	6	21	-1	0	25	0	0	0	-1	-1	35	0	0	44	-1	-1	0	21	15	-1	0	44	0	36	44	22	-1	29	-1
c12713	47	6	-1	0	0	25	0	0	0	-1	37	35	0	0	44	-1	-1	0	-1	15	-1	0	-1	0	36	44	22	0	29	-1
c12725	19	-1	0	0	35	-1	0	0	0	0	37	-1	0	50	0	0	-1	0	-1	-1	6	0	36	0	36	0	-1	35	0	-1
c12732	0	6	0	15	0	-1	0	44	0	-1	37	0	0	-1	0	35	0	49	21	-1	-1	0	-1	21	-1	0	-1	46	-1	0
c12733	0	6	0	15	0	-1	0	44	0	-1	37	0	0	0	0	-1	0	49	21	15	35	0	0	0	36	0	-1	46	6	0
c12754	-1	1	-1	0	-1	25	44	0	0	45	37	35	0	21	0	0	0	-1	21	15	-1	0	0	20	36	0	-1	21	29	0
c12759	0	6	-1	0	0	25	-1	44	0	28	37	0	0	47	29	-1	0	0	21	15	-1	0	0	0	-1	36	1	0	6	37
c12760	0	6	-1	0	35	25	0	44	0	28	-1	36	0	0	35	-1	-1	34	21	15	0	0	7	-1	36	-1	1	0	6	-1
c12761	-1	6	-1	0	35	25	0	44	0	28	37	36	0	0	35	0	0	-1	21	15	0	0	7	0	36	36	1	0	6	-1
c12782	36	13	-1	0	45	25	-1	0	-1	-1	37	0	36	0	0	0	0	0	21	15	0	0	46	0	-1	0	-1	21	0	22
c12800	2	1	0	9	36	-1	44	0	0	0	37	45	-1	0	0	0	0	37	21	15	0	0	-1	20	-1	0	0	21	-1	0
c12804	0	-1	-1	0	0	25	0	36	0	0	37	-1	0	-1	0	-1	7	-1	-1	15	6	7	44	0	36	0	45	0	22	-1
c12805	0	6	-1	-1	-1	25	0	36	0	0	37	0	0	-1	-1	-1	7	-1	-1	-1	6	7	44	0	36	0	45	0	22	0
c12807	0	6	-1	36	27	-1	0	44	-1	-1	37	0	-1	34	0	0	-1	0	21	15	36	-1	0	0	36	-1	1	0	-1	0
c12829	-1	1	0	-1	19	25	-1	27	35	-1	37	0	-1	21	0	0	-1	47	-1	-1	0	0	0	-1	36	6	0	21	0	-1
c12830	0	6	-1	-1	0	-1	0	44	-1	28	37	0	47	0	35	29	0	0	21	15	-1	43	29	0	36	36	-1	36	-1	25
c12836	0	6	-1	-1	0	25	0	0	29	25	37	0	36	0	29	0	-1	-1	-1	15	0	0	46	0	36	0	29	21	0	0
c12843	-1	6	22	9	0	25	7	36	-1	0	-1	0	36	0	-1	0	0	-1	-1	15	0	36	46	-1	-1	0	47	21	0	0
c12851	0	6	0	0	24	25	0	44	-1	28	37	0	0	0	34	-1	0	0	21	15	0	0	-1	47	-1	-1	1	-1	6	0
c12853	19	-1	0	45	0	-1	0	-1	0	-1	37	0	0	50	0	-1	-1	0	-1	15	6	0	36	-1	-1	0	0	4	0	43
c12878	0	6	0	-1	0	25	0	44	-1	28	37	-1	36	0	0	0	0	0	21	15	0	0	0	0	36	36	1	0	6	0
c12879	0	6	0	35	0	25	0	44	-1	28	37	0	36	0	0	0	0	-1	21	15	0	-1	-1	0	-1	36	-1	-1	6	0
c12882	0	6	0	-1	0	25	0	44	0	-1	37	0	-1	0	0	-1	0	49	-1	15	35	0	0	0	36	-1	-1	-1	6	20
c12883	0	6	-1	-1	0	25	0	44	0	-1	37	-1	0	-1	0	35	-1	49	-1	15	35	0	0	0	36	-1	-1	46	-1	20
c12891	0	0	0	35	0	-1	0	-1	0	45	7	0	-1	0	-1	29	-1	0	43	44	-1	0	-1	1	44	7	0	0	27	0
c12892	0	-1	0	0	0	25	-1	44	0	28	37	-1	0	-1	0	0	0	0	21	15	43	0	0	49	-1	36	1	-1	6	25
c12919	-1	6	0	0	0	25	0	44	0	28	37	0	-1	0	35	0	0	0	-1	15	0	0	0	0	36	36	1	45	-1	25
c12940	-1	-1	0	-1	-1	0	-1	44	0	0	7	13	13	0	0	0	0	0	0	-1	0	41	0	-1	-1	7	0	0	27	-1
c12953	47	6	0	-1	29	25	0	0	16	-1	37	0	0	0	0	0	36	0	21	15	6	-1	44	36	36	-1	22	36	-1	33
c12955	-1	6	19	0	0	25	0	0	0	-1	37	-1	0	0	40	0	0	-1	21	15	-1	15	44	35	36	-1	-1	3	29	-1
c12960	47	-1	43	0	0	25	11	0	0	43	37	0	0	-1	0	36	-1	0	21	15	-1	35	44	-1	36	-1	-1	-1	13	0
c12964	0	6	6	-1	-1	25	0	0	-1	0	37	0	27	-1	0	8	0	-1	21	15	6	35	44	0	36	47	45	0	0	0
c12966	0	0	1	0	0	19	0	0	0	-1	0	0	-1	-1	-1	-1	13	37	26	-1	43	-1	-1	0	0	0	-1	-1	29	-1
c12984	47	6	1	-1	0	-1	-1	0	-1	43	37	0	0	0	0	0	0	0	21	15	6	-1	44	0	-1	0	-1	0	5	16
c13001	19	6	-1	45	0	25	0	-1	0	-1	37	0	0	50	0	17	-1	0	-1	15	-1	0	36	0	-1	0	0	0	0	43
c13008	-1	-1	-1	0	0	25	0	0	0	0	37	0	0	50	0	0	-1	5	-1	15	6	0	36	0	-1	0	-1	-1	0	43
c13009	19	6	-1	0	0	25	0	0	0	0	37	0	-1	-1	0	0	-1	5	-1	15	6	-1	36	0	36	25	-1	-1	0	-1
c13018	0	0	37	0	0	25	0	0	0	0	37	0	46	-1	7	0	0	0	21	15	0	0	-1	0	-1	-1	16	-1	0	0
c13021	-1	6	19	0	-1	25	-1	30	0	-1	37	0	0	0	0	0	-1	0	21	15	6	0	44	35	36	-1	-1	0	0	0
c13026	7	0	0	-1	-1	-1	0	0	5	-1	7	0	0	0	46	-1	0	36	0	-1	0	0	0	4	0	22	0	9	0	-1
c13054	9	6	-1	16	0	25	-1	44	46	0	-1	0	0	36	37	-1	-1	-1	-1	-1	-1	0	-1	19	36	0	0	0	6	0
c13055	-1	6	0	16	0	25	0	-1	46	0	-1	0	0	36	-1	6	0	-1	21	15	0	0	-1	19	36	-1	0	0	-1	0
c13058	-1	-1	0	35	0	0	0	0	-1	-1	7	1	43	27	46	38	28	36	0	0	-1	0	0	4	-1	22	0	0	0	0
c13072	0	6	-1	0	0	25	0	44	0	28	37	0	0	0	0	-1	0	0	21	15	0	0	0	0	-1	36	1	-1	-1	37
c13076	0	-1	0	0	41	25	-1	36	29	-1	37	0	36	0	0	0	29	0	-1	15	19	3	46	-1	-1	0	7	21	-1	29
c13093	0	0	0	0	-1	25	35	0	29	-1	-1	0	-1	-1	-1	6	0	0	-1	15	-1	42	46	0	36	0	0	21	-1	47
c13107	0	6	0	6	-1	25	-1	44	-1	-1	-1	0	0	0	-1	-1	-1	0	21	15	0	0	0	0	36	36	1	0	6	0
c13113	-1	-1	-1	48	0	-1	-1	0	24	3	37	0	0	0	0	21	0	-1	21	15	0	0	0	-1	36	0	0	21	-1	0
c13123	0	-1	11	0	0	25	0	-1	-1	0	37	-1	-1	0	29	0	0	0	21	-1	0	0	46	0	36	0	0	21	0	45
c13138	0	-1	0	0	-1	-1	0	-1	-1	-1	37	0	36	21	0	0	-1	0	21	15	-1	0	0	0	36	36	-1	0	6	0
c13139	0	6	-1	-1	0	25	0	44	-1	28	-1	0	36	-1	-1	0	0	0	21	15	0	-1	0	-1	36	-1	1	0	-1	0
c13146	-1	6	0	0	0	25	0	44	0	28	37	0	0	0	-1	0	0	34	21	15	9	0	7	0	36	-1	1	0	6	25
c13147	0	6	0	0	0	25	0	44	0	28	37	-1	0	-1	35	0	0	34	21	15	9	-1	7	0	-1	-1	1	0	6	25
c13151	0	6	-1	2	-1	25	46	-1	0	28	-1	0	0	0	35	0	-1	-1	21	15	0	0	0	0	36	36	1	0	6	25
c13155	0	6	3	-1	0	25	0	-1	0	0	37	-1	0	-1	0	0	6	34	21	15	6	0	44	27	36	-1	45	-1	-1	0
c13157	0	-1	37	0	0	25	-1	0	-1	0	37	0	-1	21	7	-1	0	0	21	15	0	0	0	0	0	-1	16	9	0	33
c13158	0	6	-1	0	37	25	9	44	0	-1	37	0	0	0	0	0	-1	0	21	15	0	0	46	0	36	36	1	0	6	0
c13159	-1	6	0	0	-1	-1	9	44	0	28	37	0	0	0	0	-1	0	0	21	15	0	0	46	0	36	36	1	0	6	0
c13160	47	6	0	0	-1	25	-1	0	-1	43	37	0	7	0	0	-1	-1	0	21	15	-1	0	-1	0	36	0	22	-1	13	-1
c13161	47	-1	0	0	0	25	-1	0	0	43	37	0	7	0	0	0	35	0	21	15	-1	0	44	0	-1	0	22	-1	13	-1
c13165	0	-1	0	0	-1	25	-1	36	29	-1	37	-1	36	-1	0	0	29	0	21	15	-1	0	46	-1	-1	-1	21	21	0	29
c13167	9	6	-1	0	0	-1	-1	44	0	-1	-1	-1	0	0	37	5	36	-1	21	15	0	-1	0	36	36	0	0	36	6	46
c13172	-1	6	19	0	0	25	-1	42	42	-1	37	8	0	0	25	0	0	0	21	-1	6	-1	44	35	36	0	45	-1	19	-1
c13173	-1	6	19	-1	-1	25	0	42	42	-1	37	-1	0	0	25	0	0	0	21	-1	6	0	44	35	36	0	45	-1	19	-1
c13178	-1	6	0	2	0	25	7	0	1	34	37	0	-1	50	0	0	-1	0	-1	-1	6	0	0	0	-1	21	0	0	0	5
c13181	0	-1	1	0	0	19	22	0	12	0	0	-1	26	-1	-1	-1	13	37	-1	2	43	-1	0	0	0	0	-1	36	29	0
c13189	-1	0	0	35	0	0	0	-1	0	0	7	13	7	0	0	0	0	13	0	0	-1	-1	-1	0	20	7	-1	0	27	0
c13192	-1	6	0	-1	0	25	0	-1	0	43	37	0	-1	0	24	0	-1	-1	21	15	6	0	44	-1	36	0	22	0	-1	-1
c13193	0	6	0	-1	0	25	0	-1	0	43	37	0	-1	-1	24	0	0	-1	21	15	6	0	44	-1	36	0	22	0	0	19
c13203	2	1	25	0	0	25	44	0	0	45	37	35	-1	-1	0	0	0	0	-1	15	45	0	0	20	36	0	0	21	-1	0
c13210	0	0	37	0	0	-1	0	0	0	0	-1	0	0	-1	7	-1	0	0	21	15	0	0	-1	37	35	0	16	0	0	44
c13218	0	6	0	0	0	-1	0	0	0	-1	37	0	0	0	0	0	0	-1	21	15	6	0	44	0	36	0	45	0	0	-1
c13219	-1	-1	0	0	0	-1	0	0	0	-1	37	-1	0	0	0	0	0	0	-1	15	6	-1	44	0	36	0	-1	0	0	-1
c13229	-1	-1	37	0	-1	25	0	49	-1	0	-1	0	0	0	7	0	0	29	21	15	0	0	0	7	21	0	16	0	0	0
c13240	0	6	0	0	0	25	-1	44	0	28	37	0	-1	-1	0	0	0	0	21	15	0	0	-1	-1	36	36	1	0	6	-1
c13241	0	6	0	0	0	-1	-1	44	-1	28	37	0	-1	0	0	-1	-1	-1	21	15	0	0	0	0	36	36	1	0	6	-1
c13242	0	-1	-1	0	0	25	0	0	43	-1	37	0	0	19	-1	0	0	-1	21	15	-1	0	44	-1	36	0	22	16	0	19
c13252	0	6	7	0	0	25	0	44	0	-1	-1	0	0	0	35	0	0	0	-1	15	-1	0	-1	0	36	36	1	-1	6	25
c13261	-1	-1	19	46	0	25	0	0	-1	-1	37	0	0	0	0	0	0	0	-1	15	6	0	-1	35	36	-1	-1	0	29	-1
c13264	47	6	0	-1	0	-1	-1	0	0	-1	37	0	0	0	0	0	0	0	21	15	-1	46	-1	0	36	44	22	0	-1	-1
c13265	47	6	0	0	0	25	0	0	0	43	-1	0	-1	0	0	0	0	-1	21	15	-1	-1	44	0	36	44	22	-1	0	-1
c13267	0	6	-1	0	0	25	-1	44	-1	28	-1	0	0	-1	0	0	0	0	21	15	-1	-1	-1	0	36	36	-1	-1	6	0
c13270	29	6	16	0	0	25	0	0	25	-1	-1	-1	0	-1	-1	0	0	-1	21	15	6	-1	44	-1	36	0	22	0	0	37
c13276	-1	6	0	36	27	25	-1	-1	-1	28	-1	0	-1	34	-1	0	0	0	21	15	36	-1	0	0	-1	36	1	0	6	0
c13293	-1	0	1	16	0	19	0	16	0	-1	0	0	0	0	-1	0	13	30	0	2	43	7	-1	0	0	-1	0	36	0	0
c13299	47	6	0	0	6	25	0	0	0	-1	37	0	0	0	6	0	0	0	-1	-1	-1	0	44	36	36	44	22	0	0	0
c13300	0	1	25	-1	0	25	44	0	24	3	37	0	0	0	0	21	0	-1	-1	15	0	0	-1	36	36	0	0	21	-1	8
c13302	0	-1	0	15	0	25	43	44	0	-1	37	0	0	0	0	35	-1	-1	21	15	35	-1	0	0	36	-1	-1	0	6	-1
c13303	0	6	-1	15	0	25	43	44	0	-1	37	0	0	-1	0	35	0	0	21	15	35	0	0	0	36	0	-1	-1	6	0
c13329	47	6	1	0	19	25	47	0	-1	43	37	0	0	15	0	-1	0	0	21	15	6	0	44	0	36	-1	-1	0	-1	0
c13335	43	6	0	0	0	25	0	44	0	-1	37	-1	-1	0	-1	13	0	0	21	15	0	-1	-1	0	36	0	1	-1	6	-1
c13336	9	6	34	29	-1	25	0	44	0	0	37	36	-1	0	37	0	29	0	21	15	0	-1	0	0	36	0	0	0	6	7
c13337	-1	6	34	29	-1	-1	0	44	0	0	37	36	37	0	37	-1	29	0	-1	15	0	0	0	0	36	0	0	0	6	-1
c13358	0	0	1	0	0	19	28	0	0	47	0	0	26	36	-1	0	13	-1	0	2	43	-1	0	0	0	0	25	-1	29	0
c13360	0	6	21	15	0	-1	0	44	46	-1	37	0	0	0	7	35	0	0	21	-1	-1	0	0	35	36	0	-1	0	6	0
c13365	47	-1	0	0	29	25	0	0	0	43	37	0	0	0	0	0	0	0	21	15	6	0	-1	-1	36	-1	22	0	-1	0
c13372	0	-1	0	0	0	25	0	0	43	43	37	0	0	0	0	0	0	-1	-1	15	-1	35	44	1	36	0	22	-1	0	19
c13387	-1	0	0	-1	0	0	0	-1	0	0	-1	13	7	0	-1	0	-1	13	0	11	-1	-1	0	45	20	7	0	0	27	0
c13388	0	-1	-1	22	-1	25	0	44	-1	28	37	0	0	0	0	0	-1	0	21	15	0	0	0	0	36	36	-1	25	6	0
c13389	0	6	-1	22	0	25	0	44	-1	28	37	0	0	0	0	0	0	0	21	-1	-1	0	0	-1	36	-1	1	-1	6	0
c13401	0	6	0	2	-1	25	0	0	1	0	37	0	35	-1	0	0	-1	21	-1	15	-1	34	0	0	-1	0	0	-1	-1	-1
c13406	0	-1	0	0	0	25	0	-1	43	43	-1	0	0	0	-1	0	0	-1	21	15	6	0	44	1	36	43	-1	46	-1	19
c13415	0	-1	0	22	0	25	0	44	-1	28	-1	0	0	0	0	0	0	0	21	15	0	0	0	0	36	36	1	0	6	0
c13446	-1	6	0	0	0	-1	29	-1	0	-1	-1	0	-1	-1	0	0	0	-1	21	15	0	0	0	-1	36	36	1	36	6	0
c13447	0	6	0	0	0	-1	29	-1	-1	-1	37	0	0	0	0	0	-1	0	21	15	0	-1	0	0	36	36	-1	36	6	0
c13449	0	6	-1	0	42	-1	21	-1	0	43	37	0	-1	0	24	-1	-1	-1	21	15	6	0	44	0	36	0	22	0	0	19
c13450	0	-1	0	2	0	25	0	44	0	28	37	0	0	0	35	0	-1	0	21	15	-1	0	0	0	36	36	1	19	6	-1
c13451	0	6	-1	2	-1	25	-1	44	0	28	37	0	-1	0	35	0	46	0	-1	15	-1	0	-1	0	-1	-1	-1	19	6	25
c13457	-1	-1	0	-1	0	25	-1	-1	-1	0	37	0	0	0	0	21	0	-1	21	15	-1	0	44	0	36	-1	45	-1	0	35
c13466	-1	6	0	0	29	-1	0	0	0	43	37	21	0	0	-1	0	0	-1	21	15	6	21	44	-1	36	43	22	-1	15	0
c13484	47	-1	0	0	29	25	-1	0	0	43	37	15	0	0	0	-1	0	-1	21	15	6	11	44	-1	-1	43	22	-1	45	0
c13485	47	6	0	-1	29	25	-1	0	0	43	37	15	0	-1	0	0	0	0	21	15	6	11	44	0	-1	43	22	0	45	0
c13488	0	1	0	-1	0	25	44	27	0	0	-1	0	34	-1	21	0	-1	20	21	15	-1	0	0	25	-1	0	0	21	0	0
c13493	9	6	36	43	29	25	-1	44	0	0	37	-1	0	0	37	0	0	0	21	15	0	0	0	0	36	-1	-1	0	6	0
c13499	-1	6	0	0	0	25	0	36	0	0	37	0	0	-1	0	36	7	-1	21	15	6	7	44	-1	36	0	-1	0	0	0
c13506	-1	21	6	35	0	-1	0	0	-1	-1	7	0	0	0	0	0	0	36	0	0	-1	-1	0	4	0	-1	0	-1	0	0
c13508	0	6	0	0	0	25	0	44	-1	28	37	-1	-1	16	0	34	0	0	21	-1	0	0	0	0	36	36	1	0	-1	0
c13534	47	6	-1	0	35	25	0	-1	0	43	37	0	-1	0	0	0	-1	0	21	-1	-1	0	-1	0	36	44	-1	0	-1	0
c13540	-1	6	-1	0	0	25	0	1	0	-1	37	0	0	0	0	0	0	0	21	15	6	-1	44	0	36	0	45	0	21	0
c13557	0	6	0	6	0	25	-1	44	-1	28	-1	-1	-1	0	0	0	0	0	21	15	0	0	-1	0	36	36	1	-1	-1	-1
