	0	1	2	3	4	5	6	7	8	9	10	11	12	13	14	15	16	17	18	19	20	21	22	23	24	25	26	27	28	29
c1237	0	0	0	8	0	0	0	0	-1	0	0	13	0	-1	0	0	43	-1	22	0	0	-1	-1	0	19	-1	0	1	0	0
c1715	0	0	0	0	42	8	0	36	43	-1	0	0	0	-1	13	0	0	-1	0	0	0	1	0	0	-1	0	-1	0	0	0
c2097	-1	0	0	6	0	-1	1	0	0	5	-1	31	0	49	12	-1	0	13	22	2	0	18	0	-1	17	0	-1	0	0	0
c2200	0	0	0	5	0	0	-1	0	0	-1	-1	0	-1	46	0	40	0	-1	-1	0	28	0	8	0	0	24	0	27	0	0
c2644	-1	8	0	-1	25	-1	0	-1	-1	-1	0	0	0	0	-1	0	28	-1	31	7	-1	1	0	0	36	-1	-1	22	-1	-1
c2647	10	0	0	31	-1	25	-1	0	0	28	-1	48	0	0	17	5	-1	0	-1	-1	0	-1	0	5	0	-1	36	5	0	0
c2703	0	24	36	8	0	0	21	-1	42	0	-1	0	-1	0	21	0	-1	9	0	10	0	0	-1	0	-1	36	0	0	0	0
c2708	5	-1	0	-1	-1	0	0	0	-1	0	0	0	10	-1	17	5	31	0	25	0	31	0	28	-1	-1	-1	-1	-1	-1	0
c2926	10	0	-1	31	0	25	0	-1	0	28	-1	35	11	0	17	-1	-1	0	0	-1	-1	8	35	5	0	0	-1	5	0	-1
c2929	-1	-1	0	8	0	-1	28	-1	42	0	0	-1	24	-1	-1	0	0	0	-1	0	0	0	-1	-1	10	36	-1	-1	-1	36
c3161	5	-1	0	-1	-1	0	0	0	0	0	0	2	0	31	17	5	31	0	25	4	31	0	28	-1	-1	-1	-1	-1	-1	0
c3291	0	-1	36	0	10	19	-1	10	-1	-1	28	0	1	0	13	21	-1	0	0	-1	0	0	8	0	37	0	1	21	0	0
c3323	0	5	17	49	0	5	5	8	0	0	0	-1	4	-1	6	0	0	0	0	0	-1	0	8	0	0	0	-1	21	1	0
c3386	5	0	21	0	0	0	0	0	0	0	9	48	0	0	17	-1	34	0	25	0	0	19	0	-1	0	0	-1	-1	0	0
c3546	-1	0	0	0	-1	0	-1	0	0	-1	0	0	0	0	12	0	0	47	22	0	0	-1	0	25	-1	-1	0	7	0	-1
c3618	48	-1	27	-1	-1	0	-1	-1	43	0	0	0	24	-1	0	0	0	0	-1	0	0	-1	0	0	0	0	0	0	0	-1
c3626	0	-1	24	-1	0	0	49	-1	43	8	17	-1	0	0	-1	21	-1	0	0	-1	0	1	0	0	-1	-1	1	22	0	0
c3660	0	-1	0	0	42	0	0	-1	43	-1	0	0	0	0	21	28	-1	-1	0	0	0	1	-1	0	0	-1	0	0	0	0
c3688	-1	0	13	8	1	0	32	-1	42	19	0	34	19	21	-1	-1	0	0	0	0	17	-1	-1	-1	28	36	0	17	-1	0
c3792	10	-1	25	-1	-1	-1	0	0	5	0	9	0	11	19	17	5	-1	0	28	-1	0	0	0	-1	-1	0	10	0	0	0
c3811	0	-1	0	0	-1	0	-1	0	0	0	0	7	0	-1	0	24	-1	0	-1	49	0	0	8	0	17	28	-1	21	0	-1
c4218	-1	0	-1	-1	-1	43	-1	0	-1	0	9	48	0	33	17	-1	-1	0	25	0	0	0	0	-1	0	0	-1	-1	-1	19
c4230	-1	0	-1	0	20	0	1	0	5	-1	0	49	36	0	32	-1	-1	9	17	-1	-1	1	-1	-1	5	-1	-1	-1	21	-1
c4310	0	-1	36	8	-1	-1	0	0	42	17	0	0	0	0	21	-1	47	0	0	0	46	0	-1	0	0	36	-1	28	-1	0
c4316	-1	-1	0	8	0	0	-1	0	42	28	0	0	0	43	0	0	49	-1	0	13	0	8	-1	0	1	-1	0	3	-1	36
c4685	7	0	-1	0	-1	19	0	10	0	10	-1	0	0	21	0	0	10	-1	0	0	21	13	8	0	0	28	-1	-1	0	0
c4690	0	-1	0	-1	0	28	28	0	42	0	21	36	0	0	-1	0	-1	0	0	-1	0	0	-1	-1	0	-1	0	3	-1	36
c4707	-1	17	0	0	0	13	0	0	21	0	0	19	0	-1	12	0	0	-1	22	0	0	1	25	25	17	47	0	0	-1	0
c4766	0	0	0	36	0	19	0	0	43	25	0	0	41	0	-1	0	42	5	0	0	0	1	0	0	1	0	0	0	1	5
c4770	0	0	-1	8	0	0	-1	17	-1	-1	0	0	0	-1	0	0	0	0	0	0	0	0	-1	0	-1	36	28	22	7	0
c4822	10	0	47	0	20	-1	-1	0	20	0	0	0	36	-1	17	5	-1	36	0	-1	0	0	-1	-1	0	0	10	0	0	0
c4865	-1	0	0	8	8	0	0	-1	42	-1	0	-1	17	-1	28	0	0	0	-1	19	0	-1	-1	5	0	-1	-1	0	-1	-1
c4939	0	0	-1	0	0	0	-1	31	0	0	5	0	-1	-1	-1	0	-1	-1	0	20	-1	0	-1	0	-1	0	-1	27	-1	0
c5036	5	0	21	0	0	21	-1	0	0	0	9	48	0	0	17	-1	-1	-1	25	-1	0	27	0	-1	0	10	-1	-1	-1	-1
c5124	0	0	0	-1	11	0	0	-1	42	19	0	-1	36	0	0	0	0	-1	41	19	0	0	-1	0	-1	36	0	-1	5	0
c5126	0	1	0	0	0	0	0	0	43	0	17	-1	0	-1	0	21	-1	0	-1	0	-1	1	0	-1	0	0	-1	22	-1	4
c5191	0	28	24	0	0	-1	-1	-1	43	0	17	-1	33	-1	0	21	-1	0	-1	0	0	1	0	43	0	-1	1	22	0	0
c5198	10	0	0	0	0	-1	10	0	43	0	0	-1	-1	0	19	0	28	0	-1	25	-1	1	0	-1	0	40	28	0	0	8
c5207	0	0	0	8	28	0	-1	0	42	0	0	34	0	0	0	0	0	-1	-1	22	17	8	-1	0	28	-1	0	17	0	19
c5229	21	0	24	-1	0	0	0	-1	43	0	17	-1	0	0	0	21	-1	-1	-1	0	0	-1	0	-1	0	0	1	22	0	-1
c5346	36	0	-1	0	28	5	0	-1	21	-1	0	-1	36	0	0	0	-1	0	0	-1	0	0	5	-1	17	0	8	-1	49	-1
c5407	0	-1	0	8	36	-1	28	0	-1	0	21	2	0	0	-1	-1	0	-1	0	21	-1	0	-1	0	-1	36	0	3	-1	-1
c5445	-1	0	0	-1	20	0	-1	-1	5	4	0	-1	36	0	32	0	42	9	17	0	0	1	0	0	5	-1	-1	0	21	0
c5470	0	10	0	0	28	0	46	40	-1	0	34	-1	0	0	0	-1	0	0	0	-1	-1	0	5	-1	17	-1	-1	27	49	0
c5490	34	0	0	-1	8	47	0	-1	42	21	0	0	-1	13	28	0	0	0	-1	19	0	0	-1	5	9	-1	36	-1	36	38
c5505	-1	0	0	0	42	0	5	0	43	-1	7	0	0	0	-1	0	0	0	-1	0	-1	1	0	-1	-1	5	0	17	0	-1
c5622	-1	0	0	8	10	0	41	0	-1	1	17	49	0	0	-1	0	0	4	0	0	17	0	-1	31	28	36	0	10	-1	-1
c5632	0	0	0	-1	0	0	0	0	42	-1	0	0	0	-1	0	0	-1	-1	22	0	22	36	-1	0	-1	-1	0	1	0	14
c5682	10	0	25	0	2	0	10	-1	5	0	0	18	0	19	17	5	-1	-1	-1	-1	0	0	0	0	33	0	10	-1	0	0
c5773	-1	0	0	8	36	-1	0	0	42	-1	-1	0	0	0	0	0	0	0	0	0	0	0	-1	0	0	-1	10	0	0	16
c5774	0	48	0	8	21	0	0	1	42	21	0	0	2	0	0	-1	0	9	-1	0	0	0	-1	1	42	36	-1	2	2	-1
c5807	0	0	0	8	0	11	0	0	42	0	0	-1	18	-1	0	0	-1	0	22	0	-1	36	-1	-1	19	36	0	1	0	0
c5864	0	0	0	8	8	10	0	-1	42	0	-1	0	0	-1	0	-1	-1	0	41	19	-1	0	-1	-1	0	36	-1	0	0	0
c5957	-1	0	-1	0	-1	-1	-1	21	0	-1	-1	0	0	34	-1	0	-1	47	-1	-1	2	-1	-1	25	17	0	0	0	0	0
c5974	33	0	0	-1	0	0	1	-1	-1	5	-1	31	33	-1	12	-1	0	2	22	2	0	0	-1	-1	17	37	0	0	0	-1
c6083	-1	-1	27	0	-1	19	5	-1	25	24	-1	-1	-1	0	41	1	-1	-1	-1	-1	0	0	8	13	0	28	-1	-1	0	41
c6100	0	17	0	6	-1	40	-1	-1	0	-1	0	-1	10	-1	12	49	0	0	-1	0	0	28	1	-1	17	0	0	0	0	-1
c6191	0	5	0	40	-1	0	13	0	-1	0	0	0	0	0	-1	0	0	0	0	22	0	0	8	-1	8	0	43	-1	-1	1
c6215	-1	0	13	8	31	0	36	0	42	17	0	0	2	-1	37	-1	-1	0	22	-1	-1	0	-1	-1	19	36	0	1	0	-1
c6251	0	-1	0	8	0	43	0	-1	42	-1	4	1	-1	-1	0	-1	-1	0	-1	0	0	-1	-1	-1	19	36	-1	1	0	13
c6273	5	13	0	-1	-1	-1	32	0	0	0	0	-1	-1	0	17	5	31	-1	25	4	31	-1	28	-1	-1	-1	-1	-1	0	0
c6343	5	13	0	-1	-1	0	0	0	0	0	0	-1	0	0	17	5	31	-1	25	-1	-1	0	28	-1	-1	-1	-1	-1	49	-1
c6461	0	0	0	-1	0	3	0	-1	42	10	0	0	36	0	0	0	0	28	-1	19	10	-1	-1	0	5	36	13	-1	-1	21
c6485	10	-1	0	0	20	0	-1	43	0	0	0	0	-1	10	-1	5	0	36	0	-1	-1	0	0	0	13	0	10	-1	0	0
c6502	8	24	36	8	0	-1	0	0	42	7	0	0	0	0	21	-1	0	9	0	-1	-1	-1	-1	0	0	-1	0	0	-1	0
c6523	0	0	0	-1	0	24	-1	0	42	29	0	-1	0	-1	34	25	17	-1	0	0	31	25	-1	0	-1	36	0	17	30	0
c6531	5	0	21	0	0	0	0	0	0	10	0	-1	16	0	17	5	0	0	25	10	0	0	0	-1	0	0	-1	-1	0	0
c6534	0	0	-1	0	24	-1	0	0	19	-1	0	43	0	-1	12	0	0	0	22	0	0	0	0	13	17	0	-1	-1	-1	-1
c6682	-1	0	-1	0	20	0	36	0	-1	4	0	0	36	0	0	-1	42	9	17	-1	0	1	0	0	0	-1	22	7	-1	0
c6699	-1	17	0	6	0	21	0	-1	0	21	0	-1	-1	0	12	49	-1	42	22	0	0	28	1	-1	17	0	0	11	27	0
c6740	-1	24	36	8	-1	0	0	0	42	0	-1	20	0	-1	21	0	-1	-1	0	0	0	-1	-1	0	0	36	0	0	0	0
c6767	5	24	-1	8	-1	0	21	0	42	0	0	0	0	0	21	0	0	9	0	-1	0	0	-1	0	0	36	0	0	0	0
c6803	-1	-1	-1	36	0	-1	-1	0	0	20	0	0	0	48	12	-1	0	47	22	-1	0	-1	0	25	-1	0	31	0	0	0
c6807	10	0	-1	0	0	-1	-1	0	21	25	0	0	34	0	17	5	-1	0	-1	-1	0	0	0	28	0	3	0	1	0	0
c6820	5	0	21	-1	11	0	0	0	17	-1	9	48	2	0	17	-1	-1	0	25	0	5	0	0	-1	0	-1	-1	-1	0	0
c6844	21	0	0	0	0	9	-1	7	27	21	0	0	9	0	24	-1	36	0	0	17	0	0	0	-1	0	36	0	0	0	0
c6956	-1	-1	0	8	1	24	0	26	42	29	-1	0	43	-1	0	25	-1	-1	0	0	31	-1	-1	-1	19	36	31	0	1	0
c6962	0	0	5	0	0	0	36	0	-1	0	-1	0	-1	-1	-1	0	42	-1	0	-1	0	1	0	21	0	0	0	0	0	36
c6968	-1	0	0	0	0	-1	-1	47	-1	0	0	10	0	0	19	0	-1	0	0	0	-1	1	0	-1	0	40	28	36	28	-1
c7084	0	-1	0	6	-1	4	-1	0	0	-1	-1	31	-1	0	12	49	0	17	22	0	0	-1	49	0	-1	-1	0	21	-1	0
c7117	-1	20	-1	0	0	0	-1	0	-1	20	-1	0	0	0	12	0	0	47	22	-1	0	-1	0	25	17	0	31	0	0	0
c7127	5	-1	0	28	0	0	0	0	-1	0	0	0	0	0	12	0	-1	0	-1	0	-1	-1	-1	24	17	-1	0	17	0	0
c7140	-1	0	21	0	0	0	0	0	0	46	-1	-1	28	0	17	-1	34	21	25	-1	0	0	-1	-1	0	-1	-1	-1	3	0
c7260	0	-1	-1	8	17	-1	-1	0	42	-1	0	0	0	-1	0	-1	0	9	34	36	42	-1	-1	0	0	36	0	3	-1	36
c7302	0	-1	0	8	0	-1	0	0	-1	0	4	-1	-1	-1	0	-1	43	0	0	48	0	0	-1	36	19	36	0	1	0	13
c7303	0	-1	0	8	0	0	0	-1	-1	0	4	1	0	-1	0	-1	43	0	0	0	0	0	-1	36	19	36	-1	1	-1	13
c7338	40	-1	0	8	0	0	0	0	42	0	10	0	0	0	0	-1	-1	9	0	0	0	0	-1	48	5	36	-1	3	-1	-1
c7368	5	-1	13	-1	-1	-1	0	0	0	0	0	-1	0	0	-1	5	31	-1	25	0	-1	0	28	-1	-1	-1	-1	-1	-1	13
c7434	0	-1	0	0	0	-1	0	0	-1	-1	-1	0	0	34	12	-1	0	21	-1	-1	40	0	0	28	17	0	0	17	0	0
c7457	0	-1	-1	-1	-1	0	32	0	42	0	0	34	27	-1	0	-1	-1	-1	0	0	17	0	-1	0	28	36	49	17	0	0
c7467	10	31	-1	31	-1	-1	0	-1	0	-1	48	41	0	28	17	5	0	-1	36	-1	0	0	0	5	16	0	-1	-1	-1	0
c7556	-1	0	2	8	0	-1	0	0	42	31	0	0	36	49	-1	-1	0	0	-1	19	0	28	-1	-1	0	36	-1	0	-1	-1
c7615	0	-1	24	0	0	-1	0	-1	43	0	17	-1	0	0	0	21	-1	-1	-1	0	0	1	-1	0	0	0	1	22	0	0
c7650	-1	0	-1	0	-1	-1	0	0	43	35	-1	0	1	0	0	5	-1	-1	0	0	-1	-1	-1	11	0	0	0	0	0	11
c7672	21	0	0	0	2	0	0	-1	5	0	0	-1	0	-1	-1	-1	36	-1	0	0	-1	0	-1	25	-1	36	-1	5	0	0
c7679	0	-1	0	0	21	-1	-1	0	43	0	-1	-1	41	0	-1	-1	-1	-1	5	0	-1	1	0	34	0	0	0	40	1	0
c7703	5	0	0	6	0	-1	0	-1	-1	-1	0	-1	0	-1	-1	-1	-1	-1	22	-1	0	17	0	5	17	-1	-1	-1	0	0
c7753	0	0	0	49	0	0	7	-1	0	0	-1	-1	0	0	0	13	0	0	0	0	0	0	8	0	-1	0	-1	21	1	-1
c7759	0	-1	0	0	0	1	-1	0	-1	0	13	19	0	27	0	0	-1	9	0	7	0	28	28	0	0	36	0	19	0	0
c7761	0	-1	0	8	34	0	0	46	42	36	0	0	0	0	0	0	-1	0	-1	10	17	-1	-1	0	28	36	-1	28	-1	0
c7763	10	0	25	0	2	0	0	-1	5	-1	0	0	0	19	17	5	-1	0	0	-1	0	0	0	8	33	0	10	21	0	0
c7852	17	0	42	-1	42	0	-1	0	43	0	0	0	0	-1	-1	13	0	0	0	1	-1	1	2	0	0	-1	-1	0	-1	0
c7883	0	0	47	8	0	11	0	0	42	0	0	28	18	-1	0	0	43	0	22	0	0	36	-1	0	19	36	0	1	-1	0
c7940	-1	0	-1	0	-1	0	-1	0	-1	-1	0	28	-1	0	-1	0	2	47	22	-1	-1	-1	36	25	17	0	31	0	0	0
c7941	-1	-1	-1	0	0	-1	-1	0	0	20	0	0	1	0	12	-1	2	47	22	0	0	-1	0	25	17	0	31	0	0	-1
c7951	-1	-1	0	-1	-1	0	-1	-1	-1	-1	0	28	0	0	0	-1	22	0	25	19	-1	0	-1	-1	-1	36	0	0	0	0
c7989	5	-1	0	-1	-1	0	0	0	0	0	0	0	0	0	17	-1	31	0	25	0	31	28	28	-1	-1	-1	-1	-1	0	0
c8052	0	0	0	0	24	-1	-1	36	0	-1	0	-1	0	0	12	0	0	0	22	0	0	0	0	9	17	0	0	17	-1	0
c8059	0	-1	0	-1	0	-1	0	-1	0	0	-1	0	47	-1	0	0	-1	-1	0	50	0	0	-1	31	-1	0	0	27	36	0
c8073	-1	-1	49	6	0	-1	28	0	-1	28	48	-1	0	0	12	0	-1	0	-1	0	0	0	0	-1	17	0	5	-1	-1	0
c8078	0	0	13	8	0	-1	0	0	-1	17	-1	0	0	-1	-1	-1	-1	0	22	0	-1	0	-1	0	19	-1	-1	1	-1	0
c8118	-1	-1	-1	0	2	21	-1	0	5	43	-1	0	0	-1	17	5	-1	0	0	-1	5	-1	0	21	33	0	10	0	0	0
c8161	5	13	0	-1	-1	-1	-1	0	0	0	0	0	0	0	17	-1	31	0	25	0	31	0	28	-1	-1	-1	-1	-1	0	0
c8182	0	0	0	-1	24	40	0	0	36	0	0	0	17	10	12	0	5	27	-1	0	0	0	0	0	17	0	0	17	0	24
c8201	10	0	-1	5	0	-1	19	0	0	1	0	0	34	0	17	5	-1	0	-1	-1	24	-1	0	-1	0	0	0	0	0	-1
c8204	0	0	-1	0	10	-1	-1	10	-1	-1	28	0	0	28	40	21	0	0	0	0	0	0	8	0	0	0	1	21	0	0
c8236	0	0	0	8	0	0	0	9	42	17	-1	0	0	-1	0	-1	-1	0	22	0	22	0	-1	0	19	-1	0	1	0	14
c8254	33	0	0	6	0	0	1	0	0	5	-1	31	0	49	12	0	0	0	22	2	0	18	0	-1	17	0	0	0	0	0
c8268	-1	0	-1	0	0	-1	-1	-1	0	0	0	17	0	-1	12	0	0	47	22	0	0	-1	-1	-1	17	0	0	-1	0	-1
c8292	0	48	0	0	-1	0	13	0	0	0	0	-1	0	-1	12	0	0	0	22	28	0	0	0	0	17	0	0	-1	49	0
c8350	0	0	0	0	-1	-1	-1	0	-1	-1	0	0	10	0	0	-1	28	1	0	47	41	1	0	0	25	-1	-1	22	1	-1
c8400	0	0	0	9	27	0	0	0	0	-1	0	0	0	0	21	5	0	20	0	36	0	2	0	-1	0	0	0	28	-1	-1
c8434	10	0	0	0	-1	21	0	5	0	0	0	0	0	-1	17	5	10	0	0	-1	-1	0	0	21	0	0	-1	0	47	-1
c8466	5	17	0	0	0	19	8	-1	43	-1	0	0	-1	4	0	0	42	0	0	5	0	1	-1	0	1	-1	0	0	1	5
c8549	0	0	0	0	0	0	0	-1	43	0	-1	0	0	0	-1	21	-1	0	0	0	0	-1	0	25	0	33	1	-1	0	0
c8704	5	0	-1	47	-1	0	-1	-1	0	0	-1	48	0	0	17	-1	34	0	25	0	0	0	0	-1	0	0	-1	-1	0	0
c8707	8	13	0	-1	-1	0	0	-1	42	0	48	0	0	0	0	-1	19	0	41	19	-1	-1	-1	0	0	36	0	0	28	0
c8714	-1	0	0	0	-1	-1	0	0	-1	-1	0	0	0	0	19	0	-1	8	0	-1	0	-1	0	-1	-1	40	28	36	28	8
c8740	0	0	-1	13	10	19	0	10	-1	0	28	0	0	0	0	0	0	0	0	-1	-1	0	8	19	0	0	-1	21	0	0
c8753	0	-1	0	4	-1	0	0	-1	-1	0	-1	28	24	0	-1	-1	-1	-1	0	20	-1	-1	8	-1	13	36	-1	27	0	-1
c8801	0	47	0	0	42	0	0	0	43	-1	0	0	0	-1	0	47	0	0	0	1	-1	1	2	0	-1	8	-1	0	0	0
c8854	-1	0	49	6	0	0	28	0	46	0	0	0	0	0	12	-1	0	13	22	0	0	0	-1	-1	-1	0	25	0	5	0
c8882	10	0	0	-1	0	0	-1	0	0	0	0	3	-1	0	17	5	36	-1	0	-1	-1	0	-1	0	-1	-1	0	0	0	0
c8908	0	0	0	-1	-1	0	-1	49	0	-1	-1	0	-1	5	0	0	5	-1	0	50	0	0	-1	31	0	31	0	27	0	0
c8922	0	0	0	0	0	42	0	0	0	48	0	1	0	0	12	0	0	-1	22	0	0	0	-1	0	17	0	-1	-1	0	41
c8930	-1	-1	24	-1	0	0	0	0	43	35	-1	0	1	-1	0	5	42	0	-1	0	0	1	0	11	0	0	4	0	0	11
c8943	0	-1	0	8	0	0	0	19	42	17	-1	0	0	-1	0	0	-1	0	22	0	22	0	-1	-1	19	36	0	1	0	14
c8966	-1	-1	41	0	0	47	0	0	-1	0	-1	0	0	0	0	21	-1	0	0	4	-1	-1	-1	-1	0	0	0	22	-1	0
c8987	-1	0	49	6	0	0	28	0	28	0	9	0	5	-1	12	21	28	-1	22	0	-1	0	0	28	-1	0	47	-1	-1	0
c9031	0	0	0	-1	-1	47	0	0	0	0	12	0	0	-1	12	0	-1	0	22	-1	36	0	0	2	17	0	-1	17	21	0
c9050	0	0	0	0	41	0	0	0	0	0	0	0	0	0	12	0	0	37	22	0	-1	0	0	0	17	-1	0	-1	0	0
c9104	10	47	0	-1	0	25	0	0	19	28	48	48	4	0	17	-1	0	-1	9	-1	0	-1	0	5	4	10	0	5	0	-1
c9130	-1	-1	17	8	-1	0	0	0	42	0	0	40	0	-1	0	-1	43	-1	10	0	0	0	-1	36	19	36	0	-1	0	-1
c9138	-1	2	0	0	10	0	-1	0	0	0	0	0	0	0	12	31	0	47	-1	-1	0	-1	-1	25	17	0	-1	7	0	-1
c9161	-1	0	0	0	24	40	0	0	36	0	0	0	0	0	12	0	0	0	22	0	0	0	0	-1	17	0	0	-1	0	20
c9208	5	21	0	0	41	0	10	0	0	0	0	0	0	0	12	28	0	5	-1	0	31	0	0	0	17	-1	0	17	0	0
c9215	0	17	-1	6	0	-1	0	-1	-1	21	0	-1	10	0	-1	49	0	8	22	0	0	28	1	9	17	0	0	0	27	0
c9249	-1	48	-1	8	0	0	0	17	42	0	0	-1	0	-1	0	0	0	0	0	0	0	0	-1	0	19	36	0	0	36	0
c9253	0	0	10	0	13	0	34	0	-1	0	0	-1	0	0	-1	0	0	0	-1	0	-1	0	8	0	17	0	0	-1	0	0
c9265	0	0	-1	8	-1	-1	0	0	-1	0	0	28	18	-1	0	0	43	0	-1	0	0	0	-1	-1	19	-1	0	-1	0	1
c9277	0	0	0	8	21	0	-1	1	42	21	0	0	-1	-1	-1	-1	5	5	31	0	1	0	-1	0	13	36	0	40	-1	-1
c9287	5	-1	13	8	13	0	-1	-1	42	-1	-1	0	0	-1	-1	0	-1	-1	22	0	-1	0	-1	-1	19	36	0	1	0	0
c9290	10	-1	0	0	14	21	7	5	0	28	0	31	0	-1	-1	5	0	0	0	-1	0	0	-1	21	0	-1	10	-1	47	-1
c9332	-1	0	0	8	-1	0	0	1	42	21	-1	36	0	-1	-1	0	5	0	31	-1	0	0	-1	0	0	36	10	0	2	0
c9372	10	0	25	0	2	21	0	0	5	43	-1	0	0	-1	17	5	-1	0	0	-1	5	0	0	21	33	0	10	0	0	0
c9394	-1	0	0	8	-1	0	0	46	42	0	-1	-1	0	0	0	43	0	0	0	0	17	48	-1	0	28	36	0	5	28	0
c9438	-1	0	-1	0	0	0	-1	46	41	0	0	0	-1	0	-1	0	0	47	22	49	28	-1	6	25	17	0	0	-1	0	0
c9469	0	0	0	0	10	-1	-1	10	-1	0	-1	0	0	0	0	0	0	0	0	0	0	0	8	19	-1	0	0	21	0	0
c9512	-1	11	-1	0	-1	9	0	0	0	0	0	0	0	-1	17	-1	34	49	25	0	0	0	0	-1	-1	0	-1	-1	-1	0
c9580	0	5	36	0	-1	-1	-1	21	0	4	0	0	0	0	0	0	-1	0	43	-1	0	-1	8	-1	37	-1	-1	21	-1	0
c9623	10	-1	25	22	-1	-1	-1	0	-1	0	0	-1	11	19	17	5	-1	0	28	-1	0	0	-1	-1	33	0	10	36	0	0
c9640	-1	0	-1	0	0	27	0	0	0	-1	-1	-1	0	0	17	-1	34	0	25	-1	0	-1	-1	-1	0	0	-1	-1	0	-1
c9643	0	-1	0	8	0	8	0	0	42	43	0	-1	28	0	0	5	0	9	-1	0	-1	0	-1	13	-1	-1	0	3	-1	36
c9660	-1	0	-1	0	0	43	0	0	0	0	-1	48	22	0	-1	-1	-1	0	25	0	0	0	0	-1	0	0	-1	-1	0	19
c9661	5	0	-1	0	0	43	0	0	0	0	-1	48	22	0	17	-1	34	0	25	0	0	-1	0	-1	0	0	-1	-1	0	19
c9671	0	0	0	0	24	40	-1	0	43	-1	37	-1	17	0	12	0	0	0	22	0	0	0	0	0	17	-1	0	-1	0	43
c9739	0	-1	0	49	0	0	0	0	0	0	20	0	0	0	0	0	0	28	-1	7	0	0	8	0	-1	3	-1	21	1	-1
c9744	0	-1	0	6	0	0	0	-1	31	28	13	31	0	28	12	0	-1	8	22	-1	0	0	0	0	17	0	0	41	28	-1
c9768	19	0	0	8	8	0	-1	-1	42	21	-1	0	-1	-1	0	0	0	0	0	-1	0	0	-1	0	0	-1	36	0	1	0
c9815	10	-1	0	0	5	-1	0	-1	0	0	0	0	-1	18	-1	5	-1	0	-1	-1	-1	0	0	0	0	0	0	-1	0	50
c9883	0	0	0	-1	0	24	0	0	42	29	0	-1	0	-1	0	25	0	0	0	0	31	25	-1	7	19	36	24	0	30	0
c9912	9	-1	-1	8	0	34	28	0	42	-1	0	0	0	0	2	-1	0	0	5	0	2	0	-1	-1	0	36	0	3	-1	36
c9915	-1	-1	-1	0	41	0	11	0	0	0	0	0	0	0	12	0	0	0	-1	0	21	0	-1	0	17	0	0	17	0	21
c9938	5	0	-1	0	0	-1	0	0	0	29	9	48	0	-1	17	-1	34	0	25	28	0	19	-1	-1	0	-1	-1	-1	-1	0
c9940	10	0	-1	0	-1	0	0	0	0	-1	0	-1	34	0	17	-1	-1	0	-1	-1	0	-1	0	0	0	0	41	0	0	0
c9945	0	-1	0	20	42	0	-1	0	43	0	0	-1	0	10	-1	0	0	0	-1	1	0	1	-1	0	0	17	0	0	5	20
c9978	0	0	-1	47	0	0	0	31	0	0	-1	0	-1	0	-1	0	0	-1	22	0	0	0	0	-1	-1	0	19	17	-1	21
c9985	0	-1	0	-1	-1	0	0	-1	-1	0	47	0	0	-1	0	0	-1	40	22	13	-1	-1	-1	10	19	-1	1	1	0	0
c10009	-1	-1	49	6	-1	-1	28	0	0	28	48	-1	17	-1	12	0	0	-1	22	0	0	-1	0	-1	17	0	0	0	-1	-1
c10015	-1	0	-1	0	0	0	-1	10	0	3	0	0	0	0	12	-1	0	47	22	-1	0	-1	14	25	17	0	0	-1	-1	0
c10031	10	-1	0	0	-1	0	-1	0	0	0	0	0	-1	-1	17	5	0	9	-1	-1	0	0	0	0	0	18	0	28	-1	-1
c10053	-1	-1	49	6	0	-1	28	0	-1	28	48	-1	-1	0	-1	0	0	0	22	0	0	0	0	-1	-1	0	0	0	0	-1
c10058	43	0	0	0	42	0	41	-1	-1	-1	19	-1	-1	0	0	0	0	-1	0	0	0	1	-1	-1	25	17	0	17	0	-1
c10077	0	37	0	8	1	-1	32	0	42	0	0	34	0	-1	-1	-1	0	-1	0	0	17	0	-1	0	-1	36	0	17	32	0
c10103	0	0	0	8	0	0	-1	-1	42	17	0	0	0	-1	0	-1	-1	-1	22	0	22	0	-1	0	19	-1	0	1	-1	-1
c10113	0	0	0	8	-1	0	0	1	42	21	37	0	0	-1	0	0	5	-1	31	0	-1	0	-1	-1	21	-1	0	0	-1	-1
c10158	10	31	0	0	0	21	0	-1	0	21	0	0	-1	0	17	5	0	0	48	-1	0	49	0	21	0	-1	10	-1	47	-1
c10171	0	0	1	-1	28	0	32	0	42	0	1	34	0	0	0	0	0	0	5	22	17	0	-1	39	28	36	-1	17	0	0
c10179	0	0	-1	8	0	24	0	-1	42	29	0	0	36	-1	-1	25	17	0	21	0	31	25	-1	0	19	36	-1	0	30	0
c10184	-1	0	49	5	10	0	-1	0	0	0	-1	0	0	-1	12	0	-1	-1	22	0	0	-1	0	25	-1	0	0	7	0	-1
c10226	0	-1	0	8	0	-1	0	0	42	0	4	1	0	-1	-1	-1	43	0	0	0	0	0	-1	36	-1	36	-1	1	0	13
c10229	0	0	0	0	10	19	-1	10	0	11	28	0	-1	-1	-1	1	0	-1	0	-1	0	0	8	-1	0	28	-1	21	0	41
c10239	-1	24	36	8	0	-1	-1	0	42	0	46	0	21	0	21	0	25	-1	0	0	49	0	-1	0	0	36	-1	0	10	0
c10240	0	0	0	4	0	-1	-1	28	0	0	0	0	0	10	-1	4	0	1	-1	-1	0	-1	1	0	-1	36	0	-1	10	27
c10257	9	13	-1	13	-1	0	-1	0	27	21	-1	0	9	0	0	49	0	47	-1	17	0	28	0	0	0	36	0	-1	0	0
c10269	10	-1	0	6	0	28	4	1	34	0	-1	31	-1	5	12	49	0	8	22	0	-1	0	0	0	-1	0	5	21	0	-1
c10298	0	0	0	8	0	28	0	-1	42	0	0	0	0	-1	0	0	43	0	22	0	0	-1	-1	1	19	36	0	1	41	-1
c10323	0	-1	0	0	-1	0	13	0	0	0	0	-1	0	19	-1	0	0	0	22	28	0	43	0	0	-1	-1	0	17	0	20
c10325	28	0	49	6	0	-1	-1	0	0	28	48	-1	-1	0	12	0	0	0	-1	-1	0	0	0	5	17	0	0	0	-1	0
c10371	21	9	0	0	2	0	0	0	0	5	0	1	0	0	-1	-1	0	0	-1	0	13	5	36	-1	0	36	-1	0	0	43
c10457	-1	8	0	-1	0	0	0	-1	43	-1	0	0	0	48	0	-1	28	-1	31	-1	-1	-1	0	0	36	0	-1	22	1	0
c10475	0	0	0	8	21	49	13	27	42	0	-1	-1	28	48	-1	-1	20	0	0	0	1	-1	-1	0	0	36	10	0	9	1
c10519	0	-1	0	0	7	0	0	0	7	-1	-1	0	-1	0	0	0	0	0	0	49	-1	0	8	0	17	0	0	21	0	0
c10582	0	7	0	-1	8	-1	0	-1	42	0	-1	0	36	0	-1	-1	31	46	41	19	-1	0	-1	0	0	-1	0	-1	0	0
c10641	0	-1	-1	8	-1	0	13	0	42	43	0	-1	28	-1	-1	0	-1	9	-1	13	0	-1	-1	0	-1	36	28	3	-1	36
c10659	0	-1	0	-1	20	0	0	46	42	0	0	0	-1	0	0	43	0	28	0	0	17	48	-1	0	28	36	0	-1	-1	0
c10661	10	-1	-1	22	2	-1	0	0	5	0	-1	-1	11	-1	17	5	-1	0	28	-1	0	-1	0	0	33	0	10	0	36	0
c10669	0	-1	-1	-1	0	0	40	17	42	0	-1	0	0	-1	0	36	0	0	0	0	-1	-1	-1	0	19	36	0	0	0	0
c10728	24	0	0	0	42	0	-1	0	43	0	27	-1	13	-1	0	0	0	31	0	0	0	1	0	0	0	0	0	0	-1	0
c10781	10	0	25	0	2	0	0	8	5	0	-1	0	21	19	17	-1	-1	0	0	-1	0	0	0	-1	33	0	-1	0	-1	0
c10782	0	-1	0	-1	-1	19	4	0	-1	0	0	0	-1	0	0	22	42	0	-1	4	0	1	0	0	0	19	0	0	17	-1
c10801	-1	0	21	0	0	0	0	0	-1	46	-1	-1	0	0	-1	-1	34	0	25	0	0	0	5	-1	0	1	-1	-1	0	0
c10816	0	0	0	8	8	0	0	-1	42	0	-1	-1	0	-1	0	-1	-1	-1	-1	19	-1	0	-1	0	0	36	34	0	0	0
c10819	8	24	36	8	0	-1	0	0	42	7	0	-1	-1	-1	21	36	0	9	0	0	0	0	-1	0	0	36	0	0	0	0
c10822	0	0	5	-1	0	36	-1	0	-1	0	3	0	-1	0	-1	7	0	0	22	-1	0	-1	0	0	-1	0	0	17	0	-1
c10823	0	0	5	-1	28	-1	0	0	0	0	3	-1	-1	0	12	7	0	0	22	0	0	0	0	-1	17	0	-1	17	0	0
c10828	0	0	-1	0	0	0	0	0	0	0	0	0	0	0	0	0	0	0	0	49	-1	0	8	0	17	0	0	21	0	36
c10860	10	17	-1	0	-1	0	-1	-1	0	0	19	-1	36	36	17	5	28	36	0	-1	-1	-1	0	0	13	0	10	-1	0	0
c10888	0	0	0	-1	5	0	0	0	43	0	0	0	0	0	-1	0	28	0	-1	0	0	1	0	34	25	0	-1	22	1	0
c10902	-1	0	0	-1	9	0	0	46	42	0	-1	21	-1	0	0	43	0	0	0	-1	-1	48	-1	0	-1	36	0	0	0	0
c10922	-1	0	-1	0	0	-1	0	-1	0	48	0	1	0	0	12	0	0	0	22	-1	0	0	8	0	17	0	-1	-1	0	41
c10928	0	17	-1	6	0	0	0	-1	0	21	-1	-1	10	0	12	49	0	8	22	0	0	28	-1	9	17	-1	-1	0	-1	5
c10930	0	-1	-1	8	-1	21	0	0	-1	0	4	1	0	-1	0	-1	43	0	0	0	0	-1	-1	36	19	36	31	1	0	13
c10960	-1	48	0	0	24	0	13	0	0	0	0	31	-1	0	12	0	0	0	22	28	0	-1	0	0	17	0	0	17	0	0
c10961	0	48	-1	-1	24	0	13	0	0	0	-1	31	-1	0	12	0	0	0	22	28	0	0	-1	0	17	0	0	17	0	0
c10991	5	0	0	0	-1	0	0	0	-1	13	0	0	-1	-1	17	5	8	0	25	-1	13	0	28	-1	22	22	-1	-1	41	0
c10992	-1	-1	-1	-1	0	40	-1	-1	0	-1	0	0	0	9	12	0	0	-1	22	0	0	-1	-1	25	17	0	0	-1	0	0
c11047	21	-1	0	-1	2	0	0	0	0	0	10	-1	0	-1	28	-1	36	0	0	0	0	0	28	-1	0	-1	5	5	0	0
c11063	0	-1	31	0	42	3	-1	0	-1	36	0	0	48	-1	0	0	0	-1	0	0	-1	1	0	-1	28	-1	-1	0	-1	28
c11085	24	0	0	0	-1	-1	36	0	43	0	-1	0	0	-1	0	49	0	0	0	0	0	1	0	36	-1	0	0	0	-1	0
c11086	0	0	0	8	-1	0	-1	-1	42	41	0	0	17	-1	0	0	43	0	22	-1	-1	0	-1	0	19	36	0	-1	0	28
c11108	-1	0	0	8	28	0	0	-1	42	41	0	0	-1	-1	-1	0	43	0	-1	0	0	0	-1	-1	19	36	0	1	0	-1
c11117	10	0	0	0	-1	0	-1	0	0	1	0	-1	13	10	17	5	0	0	-1	-1	0	0	28	0	0	0	-1	0	0	0
c11171	0	0	13	8	0	0	-1	0	42	17	0	-1	0	-1	0	0	-1	0	22	0	22	0	-1	-1	-1	36	-1	1	0	0
c11178	0	-1	13	6	0	0	47	0	-1	28	13	31	4	0	12	0	0	0	22	21	0	48	-1	-1	17	0	0	41	-1	0
c11191	0	47	0	0	42	0	-1	0	43	0	0	16	28	0	0	47	-1	0	-1	1	0	1	-1	34	48	0	-1	0	0	0
c11327	0	-1	0	0	20	0	-1	0	27	21	-1	0	9	0	-1	0	41	0	0	17	-1	-1	0	0	25	36	8	0	31	0
c11332	0	-1	0	8	-1	0	5	-1	42	28	-1	0	0	0	0	40	0	35	-1	-1	0	0	-1	21	-1	-1	0	0	0	36
c11337	0	0	13	-1	0	0	-1	0	42	17	32	0	0	-1	49	-1	-1	0	22	-1	22	-1	-1	-1	-1	36	0	1	0	0
c11350	0	0	-1	8	-1	0	0	11	-1	0	-1	-1	0	-1	0	22	43	0	22	0	0	-1	-1	0	19	36	9	-1	0	0
c11351	0	0	0	8	-1	0	0	-1	-1	0	0	0	0	-1	0	22	-1	0	22	-1	0	19	-1	-1	-1	36	-1	1	8	-1
c11354	0	-1	13	0	0	19	0	0	43	36	-1	0	-1	-1	-1	0	-1	0	-1	20	0	1	0	-1	0	0	0	0	0	0
c11384	0	0	13	8	0	0	36	0	42	17	0	5	28	-1	0	0	-1	0	-1	0	22	0	-1	-1	19	-1	0	-1	0	-1
c11408	0	0	0	8	21	0	0	1	42	21	0	0	-1	0	28	-1	5	-1	31	0	6	0	-1	0	-1	36	0	8	2	0
c11418	0	0	5	0	-1	-1	0	41	19	-1	-1	40	0	0	-1	-1	0	-1	22	0	0	0	0	0	17	0	0	17	-1	0
c11419	0	0	5	-1	-1	0	0	41	-1	-1	0	40	0	0	12	-1	0	0	22	-1	-1	0	0	0	17	0	0	17	0	0
c11423	-1	-1	0	-1	0	0	1	0	0	-1	-1	31	0	-1	12	0	-1	0	-1	-1	-1	18	0	-1	17	0	-1	0	0	0
c11435	5	0	-1	0	20	0	0	8	0	0	33	0	16	-1	17	5	0	0	25	-1	-1	32	0	-1	0	0	-1	-1	0	0
c11437	-1	-1	0	0	0	9	0	-1	0	34	5	0	47	5	0	0	-1	-1	0	50	0	-1	-1	31	-1	-1	0	-1	-1	-1
c11444	-1	0	-1	0	0	0	-1	0	43	0	-1	0	0	0	5	-1	-1	22	0	-1	7	1	0	0	0	0	2	-1	-1	-1
c11459	-1	21	49	6	-1	-1	-1	0	0	-1	48	-1	17	-1	12	0	0	0	22	0	0	-1	0	0	17	0	0	0	0	-1
c11465	0	0	0	8	8	0	31	-1	-1	5	0	0	-1	0	28	-1	-1	21	-1	19	-1	0	-1	0	-1	36	-1	-1	0	0
c11496	0	0	0	4	0	0	-1	28	0	0	-1	0	0	10	0	-1	0	1	0	0	-1	-1	28	2	-1	36	0	-1	10	27
c11502	10	0	0	0	0	21	0	5	15	36	0	0	0	-1	17	5	0	0	0	-1	0	0	-1	21	0	0	10	0	-1	-1
c11537	0	0	-1	8	0	-1	-1	0	-1	29	0	0	-1	-1	0	25	-1	0	-1	0	-1	25	-1	-1	19	36	0	0	-1	0
c11557	-1	-1	0	8	-1	-1	10	-1	42	21	37	-1	0	-1	0	-1	43	-1	0	0	0	-1	-1	36	19	36	0	1	0	0
c11563	-1	0	0	-1	20	0	36	0	5	-1	0	0	36	-1	0	1	42	9	17	0	0	1	0	0	0	-1	22	0	-1	0
c11564	0	21	36	8	0	0	49	0	42	0	0	32	0	0	21	2	0	31	0	21	46	0	-1	0	0	-1	-1	28	-1	0
c11582	-1	31	21	0	0	0	0	0	0	-1	0	4	0	0	17	-1	34	0	25	0	17	0	0	-1	0	-1	-1	-1	0	0
c11591	0	-1	21	8	0	-1	-1	-1	42	-1	4	1	5	-1	0	-1	43	0	-1	21	0	0	-1	-1	19	36	0	-1	0	13
c11613	0	0	-1	8	8	0	0	-1	42	0	0	0	0	0	28	-1	8	0	0	19	-1	0	-1	0	-1	36	0	28	0	-1
c11621	0	-1	11	0	0	8	-1	0	27	21	0	48	9	0	24	-1	36	0	10	17	-1	0	0	0	-1	36	0	-1	0	0
c11641	-1	-1	21	47	0	0	19	47	0	46	0	0	-1	-1	17	-1	-1	-1	25	46	-1	0	5	-1	-1	1	-1	-1	0	-1
c11671	-1	-1	25	22	2	-1	-1	0	5	0	0	0	11	19	17	5	-1	0	28	-1	0	0	0	0	33	-1	10	0	36	36
c11686	10	5	0	0	0	0	0	0	0	0	0	0	0	-1	12	28	-1	47	22	49	-1	1	25	25	-1	47	0	0	0	-1
c11687	10	5	0	0	0	48	0	0	0	0	0	0	-1	-1	12	28	0	47	22	49	0	1	-1	25	17	47	0	0	-1	-1
c11721	0	0	48	7	0	0	0	0	0	-1	5	-1	0	46	0	0	0	-1	0	0	-1	-1	8	0	0	0	0	27	41	0
c11751	5	0	21	-1	-1	0	0	0	0	2	-1	-1	16	0	17	5	0	0	25	10	0	0	-1	-1	0	-1	-1	-1	0	13
c11755	0	-1	0	0	42	0	-1	0	43	0	-1	16	-1	0	-1	47	0	-1	4	1	0	-1	2	-1	48	0	-1	0	0	0
c11764	-1	-1	0	-1	0	0	-1	0	-1	0	-1	28	0	46	0	0	-1	-1	0	0	28	0	8	0	-1	0	-1	27	0	-1
c11777	10	-1	-1	22	2	-1	-1	0	5	31	-1	-1	11	19	17	5	-1	-1	28	-1	-1	0	0	-1	-1	17	10	0	0	0
c11789	0	0	0	0	0	-1	21	-1	0	0	0	0	-1	0	-1	0	17	0	0	-1	-1	-1	0	47	7	0	0	0	0	0
c11819	0	21	-1	8	0	0	0	-1	-1	-1	0	0	-1	49	0	0	0	0	-1	-1	9	28	-1	0	0	-1	-1	28	0	0
c11825	0	21	-1	27	0	8	0	40	21	36	0	0	36	0	0	0	0	0	-1	-1	0	13	5	-1	-1	0	0	0	49	0
c11832	-1	21	49	6	-1	-1	-1	0	0	28	48	0	0	0	12	0	5	0	22	24	0	0	-1	21	17	0	0	0	0	0
c11833	-1	21	49	6	5	-1	28	-1	0	28	48	0	0	0	12	0	5	0	22	24	0	0	0	21	17	-1	0	0	0	0
c11849	10	0	0	49	-1	0	-1	13	0	0	19	0	36	-1	17	5	-1	36	-1	-1	0	0	0	-1	13	0	10	0	0	0
c11859	0	4	0	0	0	-1	-1	0	27	21	0	0	9	0	-1	10	0	-1	19	17	0	0	0	0	17	36	-1	36	21	-1
c11909	-1	-1	0	0	0	0	-1	0	27	21	-1	0	9	0	-1	0	36	-1	-1	-1	0	0	7	0	-1	36	0	0	0	-1
c11934	-1	-1	0	6	0	0	0	-1	-1	28	-1	31	0	0	-1	0	0	-1	22	0	0	0	0	-1	17	43	0	-1	0	0
c11936	0	-1	0	-1	27	-1	0	0	0	-1	0	0	0	0	-1	-1	0	20	1	-1	48	2	0	-1	-1	-1	-1	28	-1	-1
c11957	0	-1	0	-1	0	0	0	0	0	0	5	-1	0	-1	-1	-1	0	-1	0	-1	-1	-1	8	0	0	0	0	27	0	34
c11962	-1	-1	0	6	41	0	-1	-1	-1	21	8	-1	10	0	12	-1	0	0	22	16	0	-1	1	9	17	0	0	0	11	0
c11969	7	0	36	0	-1	19	-1	-1	0	-1	-1	17	0	21	0	0	10	0	0	9	21	0	8	0	-1	28	-1	-1	0	0
c11989	32	-1	34	8	0	3	0	17	42	0	-1	-1	36	0	0	0	0	-1	0	-1	10	0	-1	0	0	-1	13	-1	0	21
c11995	-1	28	5	-1	-1	-1	0	0	43	-1	0	0	1	0	0	5	42	0	0	0	0	1	0	11	0	0	0	0	0	0
c12005	-1	0	13	8	1	0	32	0	42	19	-1	-1	-1	0	0	21	8	-1	13	0	17	0	-1	-1	28	-1	0	17	29	0
c12009	5	0	0	6	-1	0	0	-1	-1	-1	-1	31	0	10	12	0	0	-1	22	0	0	0	0	0	17	0	0	-1	-1	0
c12014	-1	0	36	0	10	19	24	10	0	0	28	-1	-1	0	13	21	-1	0	0	0	0	0	8	13	37	0	1	21	21	0
c12039	0	0	-1	0	10	-1	27	10	0	0	28	0	0	-1	-1	0	-1	0	0	0	-1	0	-1	19	0	0	-1	21	0	0
c12041	-1	0	-1	0	-1	0	-1	0	0	-1	-1	0	-1	0	12	0	0	47	22	0	0	-1	0	-1	-1	0	31	0	0	-1
c12075	17	-1	-1	0	-1	-1	0	2	0	0	36	0	36	24	0	-1	0	17	-1	-1	-1	-1	-1	47	-1	0	0	36	-1	0
c12087	41	0	0	0	49	-1	-1	13	27	21	0	-1	9	0	0	0	0	0	0	17	0	0	-1	31	-1	36	0	0	-1	0
c12101	0	0	-1	0	0	0	34	-1	-1	0	-1	-1	0	0	21	0	-1	0	0	0	-1	0	8	0	17	0	0	-1	0	0
c12124	0	-1	0	8	1	0	32	0	42	0	36	34	0	0	0	0	0	-1	-1	0	17	0	-1	-1	28	36	0	17	0	-1
c12139	-1	10	0	0	0	28	-1	0	0	0	0	0	41	0	17	5	0	1	0	-1	0	28	-1	0	0	0	24	21	0	0
c12147	0	0	0	0	-1	0	0	-1	0	0	0	0	0	-1	-1	0	0	-1	22	0	0	0	0	-1	17	0	0	17	0	0
c12157	0	-1	0	-1	10	-1	0	-1	-1	0	0	-1	-1	-1	-1	0	25	-1	0	-1	17	9	-1	0	28	36	-1	0	20	0
c12161	17	0	24	-1	49	0	4	-1	43	0	-1	-1	0	-1	0	21	-1	0	0	0	0	1	-1	-1	0	0	1	22	-1	0
c12164	-1	0	49	0	10	0	-1	0	0	-1	-1	0	0	0	-1	0	0	-1	22	-1	0	-1	0	25	17	0	0	7	0	-1
c12174	-1	0	31	0	-1	0	5	0	43	8	-1	0	0	0	0	0	0	0	0	4	46	1	0	-1	-1	0	21	17	0	0
c12192	-1	-1	0	39	0	-1	-1	-1	-1	0	-1	-1	0	0	12	0	0	0	-1	9	0	0	0	0	17	0	-1	17	-1	0
c12193	0	0	0	39	0	-1	0	0	0	-1	-1	0	-1	0	12	0	0	0	-1	9	0	0	0	0	17	-1	-1	17	0	41
c12214	0	-1	0	0	0	0	-1	-1	0	48	-1	0	-1	0	12	0	0	22	22	-1	0	0	0	35	-1	0	0	-1	0	0
c12215	0	0	0	0	0	0	0	0	0	48	-1	-1	0	0	12	-1	0	-1	22	0	0	0	0	35	17	0	-1	-1	0	0
c12229	0	0	0	0	10	19	0	10	0	0	28	0	0	0	-1	-1	0	-1	0	0	0	0	8	-1	0	0	1	21	-1	0
c12260	-1	0	21	-1	0	0	0	0	0	46	0	0	13	0	17	-1	34	21	25	5	0	0	0	-1	0	-1	-1	-1	0	-1
c12295	5	0	21	0	0	0	0	0	0	0	9	48	0	0	17	-1	34	0	25	0	0	19	-1	-1	0	-1	-1	-1	0	0
c12303	0	0	13	-1	0	0	0	0	42	-1	35	-1	-1	-1	0	0	-1	0	22	0	22	0	-1	0	19	-1	-1	1	0	0
c12325	0	0	0	8	0	40	0	46	42	46	0	0	36	0	28	-1	0	0	36	0	17	0	-1	0	28	36	0	28	0	-1
c12345	-1	0	0	0	42	28	5	-1	43	8	-1	0	0	0	0	0	0	0	0	0	0	-1	-1	-1	-1	0	36	17	8	0
c12355	0	0	0	-1	24	-1	-1	36	-1	0	5	0	-1	0	12	0	0	0	22	0	0	0	0	9	17	0	0	17	0	0
c12393	-1	0	-1	0	-1	-1	-1	21	0	-1	-1	-1	0	0	12	0	-1	47	22	0	0	-1	14	-1	17	-1	0	-1	0	0
c12410	-1	-1	0	0	0	35	0	0	-1	0	0	-1	34	0	17	5	36	0	0	-1	0	0	0	0	0	0	0	0	0	0
c12428	-1	0	0	49	34	-1	-1	0	0	-1	0	21	0	0	12	0	0	47	22	-1	0	-1	0	25	-1	0	0	0	-1	-1
c12432	0	0	0	8	0	24	0	0	-1	29	0	0	36	-1	0	25	17	0	0	-1	-1	-1	-1	-1	19	-1	0	-1	30	0
c12444	36	0	8	0	0	0	0	0	-1	48	0	0	0	0	-1	0	0	36	-1	0	32	0	0	-1	17	0	0	17	0	0
c12457	0	0	0	0	24	0	28	0	0	0	-1	-1	0	28	17	5	0	19	5	43	0	0	17	10	0	-1	0	-1	0	0
c12458	-1	0	-1	0	-1	0	13	48	5	48	0	0	0	-1	17	-1	-1	-1	0	-1	0	0	-1	0	33	13	-1	-1	-1	28
c12459	10	-1	25	0	2	0	13	48	5	48	0	-1	0	-1	17	5	-1	-1	0	-1	0	-1	0	-1	33	0	10	0	-1	28
c12481	-1	0	0	0	20	19	0	0	5	4	0	0	36	0	-1	0	42	0	17	0	0	1	-1	0	0	0	22	0	0	0
c12498	0	0	0	8	8	3	49	17	42	0	0	0	36	0	0	0	-1	28	-1	19	10	0	-1	-1	0	36	13	0	-1	21
c12505	0	13	0	0	24	25	-1	36	36	0	0	0	-1	0	12	0	0	0	22	0	0	-1	-1	0	-1	0	0	17	0	24
c12538	10	17	0	-1	-1	28	4	1	0	0	-1	31	0	0	12	49	0	8	22	0	-1	0	0	0	-1	0	5	21	0	0
c12555	-1	0	21	0	-1	0	-1	25	0	8	-1	0	0	0	17	-1	34	0	25	0	21	0	0	-1	37	0	-1	-1	0	0
c12579	0	0	-1	8	-1	-1	9	2	42	0	0	-1	11	-1	-1	0	0	-1	21	19	0	0	-1	0	0	36	0	-1	2	16
c12590	5	13	0	-1	-1	0	0	0	0	0	-1	0	-1	0	-1	5	31	-1	25	4	31	47	28	-1	-1	-1	-1	-1	0	-1
c12599	0	0	-1	0	10	19	-1	10	-1	0	-1	0	0	8	0	-1	0	0	0	0	0	0	8	0	-1	0	-1	21	0	0
c12609	5	0	0	8	36	0	0	-1	42	0	-1	0	2	0	-1	-1	0	-1	0	0	-1	0	-1	47	0	-1	10	0	0	16
c12621	0	-1	0	17	24	-1	28	0	0	0	-1	0	0	-1	-1	5	-1	19	0	5	2	0	17	-1	0	0	-1	41	0	0
c12623	-1	0	0	-1	-1	0	0	0	43	35	0	0	1	-1	0	-1	-1	0	0	0	35	1	0	11	13	0	0	0	0	11
c12639	21	-1	0	8	-1	0	-1	-1	42	0	-1	0	0	0	3	-1	0	-1	2	19	-1	0	-1	0	0	36	0	0	0	-1
c12642	-1	0	-1	10	-1	0	-1	0	5	-1	0	0	36	0	0	-1	42	9	17	0	0	1	0	0	0	-1	-1	0	21	0
c12701	10	5	-1	-1	0	0	-1	-1	28	0	0	0	-1	21	12	-1	-1	47	22	0	0	1	25	25	17	47	0	0	-1	-1
c12723	-1	-1	-1	-1	0	0	-1	0	0	0	0	0	-1	28	12	-1	7	-1	22	0	0	-1	14	25	17	0	-1	-1	21	5
c12725	0	10	0	0	28	0	46	40	0	-1	34	0	0	-1	0	0	0	-1	0	0	21	0	5	-1	17	-1	20	27	49	0
c12733	5	0	0	0	41	0	0	0	0	0	0	0	-1	21	12	-1	0	5	22	9	-1	0	0	0	17	0	0	17	-1	-1
c12746	21	-1	0	0	-1	0	0	0	0	0	7	0	0	-1	28	-1	36	0	0	0	0	28	28	-1	-1	36	5	5	0	0
c12763	0	0	0	-1	24	40	0	0	0	0	-1	-1	17	-1	12	0	5	27	-1	0	0	0	0	0	17	-1	0	17	0	0
c12786	0	0	0	0	10	-1	0	10	-1	0	28	0	0	0	-1	0	0	0	0	0	0	41	8	19	0	0	0	21	0	0
c12803	0	-1	-1	42	0	19	0	0	-1	21	-1	-1	41	12	-1	11	42	0	0	-1	0	1	0	0	1	-1	0	0	1	0
c12805	-1	17	0	6	0	28	-1	0	-1	0	0	31	-1	0	12	-1	0	0	22	0	13	-1	0	0	17	0	5	21	0	0
c12856	24	-1	0	0	42	0	36	0	43	0	-1	0	-1	-1	0	-1	0	-1	0	0	-1	1	0	36	0	0	0	0	-1	-1
c12859	21	36	0	-1	2	0	0	0	-1	-1	-1	-1	0	0	28	0	36	0	0	-1	-1	0	0	25	0	36	5	5	-1	0
c12863	33	0	0	6	0	0	1	0	0	-1	-1	31	-1	0	-1	0	7	-1	-1	2	41	0	-1	-1	17	-1	0	-1	0	0
c12898	0	0	0	0	0	0	0	-1	43	-1	17	4	10	0	0	21	-1	0	0	0	-1	1	42	-1	-1	0	41	22	0	0
c12930	0	37	48	-1	1	0	-1	0	-1	0	0	-1	-1	5	0	0	-1	0	0	0	17	10	-1	0	28	36	0	17	0	0
c12949	-1	0	0	8	-1	0	0	11	42	0	0	0	0	-1	0	22	43	0	22	0	0	19	-1	0	19	36	9	1	0	0
c12958	0	0	24	0	0	0	-1	-1	43	0	17	-1	0	0	0	21	-1	0	0	0	0	1	0	-1	0	-1	-1	22	0	0
c12970	0	0	0	-1	10	19	20	10	-1	36	28	0	0	0	0	-1	0	0	-1	-1	0	-1	8	0	0	0	0	21	9	-1
c12971	0	-1	-1	-1	-1	19	20	10	0	36	-1	-1	-1	0	0	-1	0	0	-1	3	0	-1	-1	0	0	0	0	-1	-1	0
c12999	-1	0	49	-1	10	19	-1	10	-1	0	28	31	5	0	41	1	-1	0	-1	0	-1	-1	8	0	0	-1	-1	21	0	0
c13008	0	0	0	49	-1	0	7	0	0	0	0	0	-1	0	0	-1	0	0	-1	0	0	0	8	0	0	0	-1	21	1	0
c13011	0	-1	0	10	42	8	-1	0	43	0	-1	0	0	-1	-1	0	17	0	0	0	25	1	0	0	0	0	0	0	0	0
c13022	3	47	0	-1	42	0	0	0	43	0	0	0	0	0	0	47	-1	0	0	1	0	1	2	0	0	21	-1	0	28	0
c13024	28	0	49	6	0	-1	28	0	-1	28	48	-1	0	0	12	-1	0	-1	22	-1	-1	0	0	-1	17	-1	17	0	43	-1
c13036	-1	-1	-1	0	0	43	7	0	0	0	9	48	0	-1	17	-1	34	-1	25	0	36	0	0	-1	0	0	-1	-1	0	19
c13041	28	0	-1	6	0	-1	28	0	-1	28	48	-1	0	0	12	0	0	0	22	0	-1	0	27	-1	17	-1	0	0	0	0
c13060	0	0	0	8	-1	3	49	-1	42	0	0	0	36	0	0	8	-1	-1	0	19	10	0	-1	0	0	36	13	0	0	21
c13062	-1	0	21	0	0	0	0	0	0	0	9	48	0	0	17	-1	34	2	25	0	0	0	0	-1	0	0	-1	-1	0	-1
c13100	10	-1	25	22	2	-1	0	8	-1	0	0	0	11	19	17	-1	-1	-1	28	-1	-1	46	7	0	33	0	-1	0	36	0
c13106	-1	-1	0	8	0	0	-1	0	42	47	0	0	0	20	0	25	0	0	36	-1	0	0	-1	0	0	36	-1	3	-1	36
c13114	0	7	0	8	0	22	0	-1	-1	0	0	40	-1	0	0	-1	-1	0	0	0	17	0	-1	0	28	36	0	28	0	-1
c13115	0	0	0	-1	-1	22	0	46	42	0	0	40	0	0	0	0	13	0	0	0	17	0	-1	0	28	36	-1	-1	-1	0
c13118	0	-1	10	6	0	-1	0	0	0	-1	2	31	-1	0	-1	-1	0	0	22	2	0	0	0	-1	17	0	0	0	32	-1
c13122	47	22	0	8	8	0	-1	-1	42	21	12	0	-1	0	0	0	22	0	0	-1	-1	0	-1	17	0	36	0	0	0	0
c13131	10	5	0	47	48	0	0	0	0	0	-1	0	-1	-1	12	0	0	-1	22	0	0	-1	25	25	17	47	0	0	0	-1
c13155	28	-1	13	-1	-1	0	-1	0	42	19	32	34	0	0	0	0	-1	-1	0	0	17	0	-1	0	28	-1	0	17	29	0
c13180	10	0	-1	46	0	0	0	0	0	0	-1	0	34	0	17	5	36	8	14	-1	0	0	8	10	0	0	0	0	0	0
c13200	5	17	0	6	0	0	0	-1	0	21	0	-1	10	0	-1	-1	0	0	22	0	-1	28	1	-1	17	0	0	0	0	-1
c13201	5	-1	0	6	0	0	0	-1	0	21	0	-1	-1	0	12	49	0	0	22	-1	0	28	1	-1	17	0	0	0	-1	0
c13209	-1	-1	17	8	21	-1	0	1	42	21	31	0	-1	0	5	10	0	-1	0	13	0	27	-1	0	-1	36	17	40	2	0
c13236	-1	-1	21	0	41	0	0	0	0	0	0	0	0	-1	12	0	0	37	22	0	5	-1	0	0	-1	0	-1	17	0	0
c13239	0	-1	0	8	0	0	-1	-1	42	0	10	-1	2	0	47	0	36	9	3	0	-1	25	-1	0	0	36	0	3	-1	-1
c13253	5	0	21	-1	0	0	0	-1	0	0	0	21	-1	0	17	5	0	0	25	10	-1	0	0	-1	0	0	-1	-1	0	0
c13276	0	0	-1	8	-1	0	0	-1	42	-1	-1	0	-1	0	-1	0	0	31	0	28	17	-1	-1	0	28	36	28	0	0	-1
c13304	0	-1	0	0	28	0	0	40	33	0	0	0	43	-1	0	-1	-1	0	0	0	21	0	5	-1	17	0	24	-1	-1	-1
c13310	0	-1	0	8	31	-1	-1	46	42	34	0	-1	-1	0	0	43	0	0	0	0	17	48	-1	-1	28	36	-1	0	3	0
c13313	41	0	0	8	24	0	0	-1	-1	0	47	0	0	-1	0	0	-1	40	22	13	-1	-1	-1	-1	19	36	1	1	0	0
c13316	5	-1	0	0	41	0	0	0	-1	0	0	0	0	0	-1	0	0	5	22	0	0	0	0	0	17	0	0	17	-1	0
c13327	10	5	0	0	0	-1	0	25	0	0	32	25	0	-1	12	0	0	-1	22	0	0	1	25	25	17	47	0	40	-1	0
c13344	0	0	0	0	0	0	0	-1	43	0	17	0	0	-1	-1	21	-1	0	0	-1	0	1	0	25	0	33	-1	22	0	-1
c13355	0	13	0	-1	17	0	-1	11	42	1	0	16	0	-1	0	5	-1	0	22	0	0	21	-1	0	-1	36	-1	-1	0	0
c13375	0	0	13	-1	0	0	-1	0	42	-1	35	0	11	-1	0	0	-1	0	22	0	22	-1	-1	0	19	36	0	1	0	0
c13382	0	5	17	49	0	5	5	-1	0	-1	0	-1	0	0	49	0	0	0	0	0	0	0	8	0	0	41	-1	21	1	13
c13402	0	37	-1	8	-1	-1	32	0	-1	0	0	34	41	0	0	0	-1	0	0	-1	17	0	-1	0	28	36	0	17	0	0
c13407	14	31	0	0	0	0	0	0	0	48	0	-1	0	0	12	-1	0	46	22	0	0	0	8	0	17	0	46	17	0	-1
c13430	48	-1	0	8	0	0	0	0	-1	0	4	1	0	-1	41	-1	43	0	0	-1	0	0	-1	-1	19	-1	-1	1	5	13
c13435	0	0	-1	8	34	0	0	-1	42	0	-1	0	0	0	0	0	-1	0	0	0	17	0	-1	0	28	36	47	28	-1	-1
c13439	-1	0	0	0	0	0	-1	0	0	2	0	0	0	-1	17	5	7	1	0	-1	-1	0	-1	0	-1	0	24	21	0	5
c13442	0	0	0	0	-1	0	0	41	19	-1	0	0	0	-1	12	-1	0	0	22	0	0	0	0	0	-1	0	0	17	0	-1
c13443	0	0	0	0	-1	0	0	-1	19	-1	0	0	-1	0	12	-1	0	0	22	0	0	0	-1	-1	17	0	0	17	-1	-1
c13449	8	-1	-1	-1	1	-1	0	0	42	43	0	0	-1	0	0	0	0	9	0	-1	0	0	-1	0	-1	36	28	3	-1	36
c13452	-1	0	-1	0	0	21	0	0	0	0	9	48	0	0	-1	-1	34	36	25	-1	0	-1	0	-1	0	0	-1	-1	0	0
c13473	-1	0	36	0	20	0	36	-1	5	4	-1	0	36	0	0	0	-1	9	-1	0	0	1	0	0	0	-1	22	0	21	0
c13483	0	-1	0	8	28	0	0	0	42	0	4	1	0	-1	41	-1	43	0	-1	-1	0	-1	-1	36	19	36	36	1	5	13
c13507	7	-1	0	8	0	0	-1	-1	-1	0	-1	0	-1	12	-1	0	0	28	0	19	10	0	-1	9	0	36	14	34	0	21
c13512	-1	-1	-1	8	0	0	28	0	-1	0	0	0	8	0	2	0	0	39	0	0	0	-1	-1	0	0	36	17	3	-1	36
c13547	0	-1	0	8	0	24	21	0	42	29	0	-1	-1	-1	0	-1	0	-1	0	-1	31	0	-1	0	19	36	-1	0	0	5
c13559	41	0	0	0	10	-1	0	10	28	0	28	0	5	49	-1	0	-1	-1	-1	0	-1	0	8	0	0	28	-1	21	0	0
c13575	-1	0	-1	0	0	0	-1	0	41	0	0	0	-1	-1	12	-1	-1	-1	-1	0	28	-1	6	25	17	0	-1	0	0	0
c13583	-1	-1	25	22	2	-1	0	0	5	-1	0	0	11	19	-1	5	-1	0	28	-1	0	-1	0	0	33	0	10	0	-1	0
c13584	0	0	0	0	19	-1	0	0	-1	0	5	-1	47	5	0	0	-1	-1	0	50	47	0	8	31	-1	0	0	27	19	1
c13592	36	0	0	8	-1	0	0	1	-1	21	0	0	-1	0	0	36	0	0	0	-1	-1	0	-1	1	0	36	0	2	-1	0
c13603	0	-1	-1	-1	0	5	5	0	0	0	0	-1	-1	-1	0	-1	-1	-1	0	0	17	-1	8	0	-1	0	-1	21	1	0
c13673	21	19	27	-1	-1	0	0	0	-1	0	0	0	24	0	0	0	0	0	0	0	0	1	0	0	0	0	0	0	8	0
c13681	-1	0	28	47	0	17	-1	0	0	0	0	0	-1	-1	12	0	0	36	22	0	0	0	0	-1	-1	0	0	17	0	28
c13685	0	37	0	8	1	-1	32	0	42	0	34	-1	5	13	0	0	0	0	0	0	-1	0	-1	0	28	36	-1	17	32	0
c13697	0	0	0	8	2	3	13	17	-1	0	-1	0	36	0	0	0	0	28	0	19	-1	-1	-1	5	0	36	13	-1	0	21
c13710	0	28	0	-1	21	49	0	27	42	0	-1	-1	28	48	0	0	-1	-1	1	0	-1	-1	-1	-1	0	36	10	0	9	1
c13739	10	5	0	0	0	0	0	0	0	-1	0	-1	-1	0	12	28	0	47	-1	49	0	1	25	25	17	47	0	0	0	-1
c13740	0	-1	-1	0	-1	0	0	0	-1	0	0	0	-1	0	0	0	-1	0	-1	41	0	1	0	-1	0	0	0	0	8	0
c13791	-1	0	0	6	0	0	-1	-1	-1	28	0	31	0	0	12	28	0	21	22	0	33	-1	8	0	-1	0	-1	-1	-1	0
c13802	7	0	0	0	-1	0	0	0	43	-1	0	-1	0	0	-1	-1	28	0	21	-1	0	1	0	0	25	-1	21	22	-1	0
c13818	7	0	-1	0	10	19	0	10	-1	0	-1	0	0	21	0	0	10	-1	-1	-1	21	-1	8	0	-1	28	-1	-1	0	0
c13819	7	0	21	-1	10	19	0	10	-1	-1	-1	0	0	21	-1	-1	10	0	0	0	-1	0	8	0	6	28	-1	-1	0	0
c13830	0	0	-1	0	0	24	28	-1	0	0	5	28	-1	21	0	0	-1	-1	0	20	28	21	8	-1	-1	0	0	27	-1	-1
c13850	0	0	5	-1	-1	0	0	-1	19	-1	0	0	0	0	12	-1	-1	0	22	0	5	0	-1	0	17	0	-1	17	0	-1
c13851	0	0	5	0	-1	0	0	41	-1	-1	-1	0	0	-1	12	-1	0	0	22	-1	-1	0	-1	0	-1	0	0	17	0	0
c13856	0	0	0	8	0	24	0	0	42	29	0	0	-1	-1	21	-1	0	0	0	0	31	-1	-1	0	19	36	31	0	31	-1
c13880	-1	0	-1	0	10	0	-1	0	0	0	0	0	0	-1	12	0	0	47	-1	0	0	-1	0	25	17	20	-1	7	0	-1
c13884	0	0	0	9	27	5	-1	0	0	-1	-1	0	-1	0	21	5	0	-1	28	36	13	2	0	-1	0	0	0	-1	17	-1
c13890	0	0	-1	-1	24	0	-1	36	-1	0	0	0	0	-1	12	0	0	0	22	-1	0	0	0	9	17	0	0	17	0	0
c13891	0	0	-1	0	-1	0	-1	36	0	0	-1	0	0	36	12	0	0	0	22	0	0	0	0	9	17	0	0	17	0	0
c13892	0	0	0	8	34	0	0	46	42	0	-1	-1	0	0	0	-1	0	0	0	-1	17	-1	-1	0	28	-1	47	28	0	0
c13895	0	21	0	0	28	0	28	24	0	-1	-1	0	0	0	17	5	0	19	0	0	0	0	17	0	40	7	0	0	1	0
c13896	5	0	-1	0	0	43	0	-1	0	0	9	48	0	0	-1	-1	34	0	-1	-1	-1	0	0	-1	-1	-1	-1	-1	13	-1
c13897	5	0	-1	-1	0	-1	-1	-1	0	0	9	48	0	0	-1	-1	34	0	25	-1	0	-1	-1	-1	0	0	-1	-1	-1	19
c13906	-1	0	13	8	0	0	36	-1	42	17	0	-1	-1	-1	-1	0	-1	0	22	0	-1	0	-1	-1	19	36	0	1	-1	-1
c13907	0	0	13	8	0	0	36	47	42	17	0	0	0	-1	-1	0	-1	-1	22	0	22	-1	-1	-1	19	36	0	1	-1	0
c13915	0	0	0	8	21	-1	28	1	42	21	0	-1	-1	0	0	0	-1	0	0	-1	0	27	-1	0	0	36	-1	0	2	0
c13916	0	-1	0	0	24	0	28	0	-1	0	-1	-1	0	0	17	5	-1	19	5	43	42	0	17	10	0	-1	0	-1	0	0
c13917	0	0	0	0	24	0	28	22	0	0	-1	-1	-1	-1	-1	-1	0	19	-1	43	42	0	-1	10	0	-1	0	0	0	0
c13919	28	0	49	-1	0	-1	28	0	-1	28	48	-1	0	0	12	0	0	0	22	-1	0	0	0	5	17	0	0	0	0	17
c13920	0	0	-1	0	0	0	0	0	0	20	5	25	24	0	5	0	-1	-1	-1	20	-1	0	-1	0	13	0	-1	27	0	0
c13939	10	-1	0	0	13	0	-1	0	-1	0	-1	0	13	-1	17	-1	0	0	0	-1	0	0	0	0	0	-1	10	43	0	0
c13956	26	-1	0	8	-1	0	10	0	42	21	37	-1	0	-1	0	-1	43	0	0	0	0	0	-1	-1	19	36	0	1	0	0
c13961	48	24	36	8	-1	-1	0	10	42	-1	0	20	0	0	21	0	0	9	0	0	0	0	-1	-1	0	36	0	28	10	0
c13980	28	-1	0	21	10	19	-1	10	9	0	28	0	0	-1	0	-1	0	1	-1	-1	17	0	-1	0	13	10	0	21	-1	0
c13991	-1	-1	0	0	-1	0	-1	-1	-1	-1	-1	36	-1	0	-1	5	0	40	25	28	13	0	28	-1	0	22	-1	-1	0	42
c14013	0	0	2	49	0	0	7	27	0	0	-1	0	0	-1	0	-1	-1	0	-1	40	0	0	8	0	-1	-1	-1	21	1	0
c14073	0	0	0	8	0	-1	-1	0	-1	10	0	0	-1	0	19	40	0	35	0	-1	-1	0	-1	0	-1	36	0	0	0	36
c14093	0	-1	-1	8	0	0	-1	0	42	0	4	1	0	-1	41	-1	-1	0	0	0	-1	0	-1	36	19	-1	36	-1	5	13
c14146	-1	0	-1	0	2	0	0	5	-1	-1	-1	-1	0	0	28	-1	36	0	0	0	4	0	-1	25	-1	-1	5	5	0	0
c14172	0	48	-1	0	24	0	13	0	0	0	0	31	-1	0	-1	0	0	-1	22	28	0	0	0	0	17	0	20	17	0	0
c14173	0	48	0	0	24	0	-1	0	0	0	0	31	0	0	12	0	0	-1	-1	28	0	7	-1	0	17	0	20	17	0	-1
c14176	-1	-1	0	8	0	-1	0	46	-1	34	0	0	0	0	-1	-1	0	0	0	-1	17	48	-1	13	28	36	0	0	0	0
c14190	10	0	-1	0	20	-1	-1	0	19	21	0	0	36	-1	17	5	0	36	0	-1	-1	0	-1	-1	0	0	10	-1	-1	28
c14193	-1	0	0	49	0	-1	-1	0	-1	0	-1	22	0	0	0	0	0	0	0	-1	0	-1	8	0	0	0	-1	21	1	0
c14201	0	13	0	0	0	0	-1	0	27	21	-1	-1	9	0	-1	0	13	0	-1	17	13	0	0	-1	0	-1	-1	0	0	-1
c14229	0	-1	-1	-1	0	0	-1	-1	42	0	0	0	-1	0	2	0	0	39	-1	0	0	0	-1	0	0	36	17	3	-1	36
c14235	0	19	27	0	-1	0	-1	-1	43	0	0	0	24	0	5	0	-1	0	0	0	0	1	0	0	0	0	-1	0	-1	0
c14241	0	-1	0	9	-1	0	0	0	0	-1	48	0	0	0	21	5	0	20	0	-1	0	2	0	-1	0	5	0	-1	17	-1
c14252	-1	22	-1	8	-1	0	-1	-1	42	21	-1	-1	21	0	0	0	22	21	0	19	0	0	-1	-1	0	-1	0	0	0	13
c14328	-1	0	0	0	0	0	0	-1	0	0	5	0	47	-1	0	-1	5	-1	0	-1	0	0	-1	31	0	0	0	27	-1	48
c14332	0	0	-1	0	-1	0	0	0	0	-1	-1	0	0	0	-1	0	37	-1	22	0	0	1	25	25	17	0	0	0	0	47
c14334	0	0	-1	49	0	-1	0	8	0	0	0	0	0	0	21	0	1	0	9	0	0	0	8	0	0	-1	-1	21	1	10
c14344	10	0	0	-1	0	21	-1	0	-1	0	0	0	24	0	-1	5	-1	0	-1	-1	0	31	0	0	0	0	10	-1	-1	21
c14367	10	-1	-1	0	-1	48	13	0	0	-1	-1	-1	0	0	12	-1	0	47	-1	0	0	1	25	25	17	47	0	0	0	-1
c14405	-1	0	0	8	-1	0	5	0	42	0	0	0	0	0	-1	40	0	0	28	-1	-1	0	-1	0	-1	36	-1	0	0	36
c14438	5	-1	21	0	11	0	0	0	-1	48	9	48	0	-1	17	-1	-1	0	-1	-1	-1	0	0	-1	0	-1	-1	-1	-1	0
c14478	0	0	0	8	8	10	0	-1	42	0	-1	-1	0	0	0	-1	0	0	41	19	-1	0	-1	0	0	-1	0	0	0	0
c14480	0	0	0	8	8	28	0	-1	42	0	0	0	0	-1	0	0	43	0	22	-1	0	-1	-1	1	-1	36	0	-1	41	5
c14484	0	0	8	8	49	28	0	-1	42	0	0	0	0	-1	0	0	43	-1	22	13	0	-1	-1	1	19	36	0	1	41	-1
c14492	5	-1	0	-1	41	0	0	0	0	0	0	0	-1	0	12	0	-1	5	22	0	-1	-1	0	0	17	0	0	17	21	0
c14493	5	0	-1	0	41	0	0	0	0	0	0	0	-1	-1	12	0	0	5	22	0	-1	0	0	0	17	0	0	17	-1	0
c14502	7	0	-1	42	10	19	0	10	0	0	-1	0	0	21	0	0	10	-1	0	0	21	0	8	0	0	28	-1	-1	0	-1
c14507	0	0	36	0	42	0	47	0	43	0	0	0	0	-1	7	0	2	0	0	1	-1	-1	-1	20	-1	5	26	0	-1	-1
c14511	4	0	0	8	-1	0	-1	-1	42	21	2	0	0	25	-1	41	0	0	0	19	0	0	-1	-1	0	-1	36	0	0	7
c14513	0	24	-1	8	-1	0	41	0	42	10	0	2	-1	0	21	3	0	9	0	0	0	-1	-1	0	0	-1	0	-1	-1	1
c14517	0	0	-1	0	24	0	28	0	-1	-1	-1	-1	0	0	17	5	0	19	0	43	0	-1	17	10	46	-1	0	-1	0	0
c14524	0	43	0	-1	24	1	28	0	0	0	-1	0	28	-1	17	5	0	19	0	5	2	0	17	10	0	0	-1	41	0	0
c14576	0	-1	0	0	-1	-1	0	-1	21	-1	28	-1	0	0	0	-1	0	-1	-1	0	0	-1	5	-1	17	0	-1	-1	49	-1
c14577	0	0	0	0	0	0	0	-1	21	-1	0	-1	-1	0	0	0	0	0	0	0	0	-1	5	-1	-1	0	-1	0	49	0
c14588	0	0	-1	0	24	0	28	5	-1	0	-1	0	48	0	-1	5	0	19	0	5	0	-1	17	-1	0	0	0	0	0	0
c14597	-1	-1	0	-1	0	-1	0	0	-1	0	10	5	-1	-1	0	0	0	9	0	0	0	13	-1	0	0	36	-1	-1	-1	-1
c14601	-1	0	-1	-1	0	0	0	0	0	0	-1	36	-1	0	0	0	-1	-1	0	49	-1	0	8	0	17	0	0	21	0	36
c14606	28	0	49	6	2	-1	28	0	-1	-1	48	-1	0	0	12	0	0	0	22	0	-1	0	-1	-1	17	0	17	-1	43	0
c14607	28	0	49	6	0	-1	28	0	-1	28	48	-1	0	0	12	0	-1	0	-1	0	-1	0	0	-1	17	0	-1	0	43	-1
c14690	10	48	-1	-1	20	0	-1	13	0	0	19	0	36	17	17	5	0	36	0	-1	0	28	0	-1	13	0	10	-1	-1	0
c14710	0	-1	-1	-1	-1	19	0	43	43	36	-1	0	41	0	-1	0	42	0	0	-1	0	1	0	-1	0	5	3	0	0	0
c14725	5	-1	-1	0	-1	0	37	8	36	12	-1	0	16	37	-1	5	-1	0	25	1	0	32	0	-1	0	25	-1	-1	-1	0
c14736	-1	0	13	8	-1	-1	0	-1	42	-1	21	0	0	-1	0	-1	-1	0	22	0	22	-1	-1	0	-1	36	1	-1	0	0
c14744	0	10	-1	0	28	0	-1	40	0	0	0	0	0	21	-1	-1	0	9	0	0	21	-1	-1	-1	17	0	0	0	49	-1
c14747	-1	-1	0	0	0	0	0	0	10	36	0	0	-1	-1	17	5	0	0	-1	-1	0	8	0	0	3	0	0	-1	-1	-1
c14749	-1	0	-1	0	0	0	-1	0	0	3	-1	0	0	43	12	-1	0	47	22	0	0	-1	14	25	17	0	0	-1	21	47
c14770	0	-1	0	8	-1	0	0	11	42	0	0	0	0	-1	0	22	43	0	22	0	0	19	-1	0	-1	-1	9	1	0	0
c14771	0	-1	0	8	-1	0	0	11	42	0	0	0	0	-1	0	22	43	0	22	0	0	19	-1	0	19	36	9	-1	-1	0
c14774	0	0	-1	8	0	0	0	40	21	5	-1	-1	36	0	0	0	0	0	0	41	-1	0	5	-1	17	0	0	-1	49	0
c14798	0	0	5	0	0	0	-1	-1	21	0	5	0	17	5	0	0	-1	-1	0	0	-1	-1	8	0	0	19	0	27	0	0
c14808	10	0	-1	0	3	0	0	0	0	0	0	-1	1	0	12	0	0	47	22	-1	0	1	25	25	17	47	0	22	0	9
c14818	0	0	-1	8	0	0	0	0	42	-1	0	1	36	0	0	0	0	0	41	19	0	9	-1	-1	19	36	0	0	5	0
c14832	0	0	13	8	0	0	0	5	42	17	-1	0	0	-1	0	-1	-1	47	22	-1	22	-1	-1	7	19	36	0	1	0	0
c14834	-1	48	0	8	0	0	0	-1	42	0	-1	28	0	-1	-1	-1	-1	4	21	19	-1	0	-1	0	0	36	0	24	0	9
c14844	26	0	0	0	0	19	0	0	43	-1	-1	-1	41	0	0	0	42	-1	0	0	0	1	-1	0	-1	13	0	0	0	0
c14854	7	0	0	-1	10	19	0	10	0	0	-1	0	0	21	0	0	-1	0	0	9	21	8	8	-1	6	28	-1	-1	-1	0
c14855	-1	0	0	0	10	19	0	-1	0	0	-1	0	0	21	0	0	10	-1	0	9	21	0	8	0	6	-1	-1	-1	0	0
c14863	0	0	0	8	21	0	-1	1	42	21	0	0	0	5	0	-1	5	5	31	-1	1	0	-1	-1	-1	36	0	40	2	-1
c14870	21	-1	0	0	-1	0	-1	0	0	0	0	0	0	48	28	-1	36	0	1	-1	0	-1	28	25	0	36	5	5	0	0
c14930	0	-1	-1	-1	17	0	0	11	-1	1	0	22	0	-1	-1	5	-1	0	22	0	0	0	-1	0	19	36	-1	-1	-1	0
c14932	10	-1	1	-1	0	-1	0	0	43	-1	-1	-1	0	0	19	-1	28	0	0	0	-1	1	-1	-1	0	5	0	0	0	-1
c14940	0	-1	-1	-1	0	0	13	0	-1	43	0	0	28	0	0	0	0	9	0	13	0	0	-1	-1	-1	36	28	3	-1	-1
c14942	0	-1	0	8	-1	5	36	0	42	-1	4	-1	-1	-1	-1	-1	43	0	0	21	0	0	-1	36	19	36	0	-1	0	13
c14943	0	-1	0	8	0	5	-1	-1	42	-1	-1	1	-1	-1	0	-1	43	-1	-1	-1	-1	0	-1	36	19	36	0	1	0	13
c14946	-1	31	-1	0	0	0	0	-1	0	-1	-1	1	0	41	12	21	-1	-1	-1	0	0	0	8	0	-1	0	0	17	0	-1
c14952	5	-1	13	8	-1	-1	36	0	42	17	0	0	0	-1	-1	-1	-1	0	22	0	22	-1	-1	-1	19	36	0	1	0	0
c14953	5	0	13	8	13	0	36	0	-1	-1	0	0	0	-1	-1	0	-1	0	22	0	22	0	-1	-1	19	36	-1	1	0	0
c14955	0	0	0	8	28	0	0	0	42	41	0	-1	0	-1	0	0	43	0	-1	-1	0	0	-1	-1	19	-1	0	1	0	0
c14959	0	0	24	-1	0	0	0	-1	-1	4	17	-1	-1	0	0	21	-1	0	0	24	0	1	-1	49	0	0	1	22	0	0
c14981	0	0	0	8	-1	0	0	28	42	17	0	0	0	-1	0	0	0	0	-1	0	0	0	-1	0	19	36	49	-1	22	0
c14996	0	0	0	-1	-1	0	-1	0	0	-1	-1	25	24	0	-1	-1	0	-1	0	20	28	47	8	0	13	0	0	27	0	0
c15011	1	0	0	5	0	0	27	0	0	0	-1	-1	11	0	12	0	7	-1	22	0	-1	0	0	0	-1	0	-1	17	-1	0
c15047	47	0	-1	0	0	0	0	40	21	0	0	-1	36	0	0	0	0	0	48	-1	0	0	-1	-1	17	13	0	0	49	0
c15079	0	10	0	0	28	0	-1	40	0	0	17	0	0	0	0	0	0	-1	-1	0	-1	10	5	-1	17	0	0	0	49	-1
c15081	0	0	-1	0	0	0	0	0	0	48	0	-1	0	-1	12	-1	0	22	22	0	0	-1	0	0	17	-1	0	17	0	0
c15102	0	0	40	0	42	-1	24	0	43	-1	0	0	0	-1	13	-1	-1	0	0	0	-1	1	0	0	0	0	0	0	0	46
c15107	-1	32	0	0	0	0	0	0	5	0	0	0	0	0	12	0	0	-1	22	0	36	0	0	-1	17	0	0	17	0	-1
c15114	47	0	-1	10	42	8	-1	0	43	0	-1	0	0	-1	0	-1	-1	0	0	0	-1	1	0	-1	-1	0	0	36	-1	-1
c15116	25	0	0	8	8	13	24	-1	42	-1	-1	-1	-1	0	35	0	22	0	21	19	0	1	-1	1	-1	-1	0	34	-1	-1
c15124	0	0	0	-1	-1	-1	0	0	-1	48	0	1	0	0	12	0	0	0	22	-1	0	-1	8	-1	17	-1	0	17	0	41
c15125	-1	0	0	0	-1	-1	0	0	0	48	0	1	-1	0	12	0	0	0	-1	0	0	0	8	24	17	0	0	17	-1	41
c15134	0	0	13	8	0	0	-1	37	-1	17	-1	-1	0	-1	-1	0	-1	0	22	0	22	0	-1	-1	-1	36	-1	1	-1	-1
c15156	28	21	49	6	-1	-1	28	0	0	28	48	-1	17	-1	12	0	47	0	-1	0	-1	39	0	-1	17	0	0	0	0	-1
c15179	0	21	36	8	0	0	0	0	42	3	8	0	1	0	21	2	47	0	0	0	46	0	-1	0	-1	36	-1	28	0	0
c15182	-1	24	36	-1	0	-1	0	0	42	-1	0	0	0	0	21	36	0	9	7	0	0	-1	-1	0	0	-1	0	0	0	0
c15189	-1	0	1	0	41	0	-1	0	0	-1	-1	0	-1	0	12	-1	0	5	22	0	0	-1	0	0	17	0	0	17	0	0
c15214	21	0	36	-1	-1	0	0	0	-1	-1	-1	-1	28	0	28	-1	36	0	0	47	4	0	0	25	-1	36	5	-1	-1	0
c15218	5	0	-1	-1	0	43	0	0	0	0	9	48	0	0	-1	-1	34	0	25	0	0	0	0	-1	0	0	-1	-1	0	19
c15219	-1	0	-1	0	0	43	0	0	0	0	9	48	-1	-1	17	-1	34	0	25	0	0	0	0	-1	0	0	-1	-1	0	19
c15224	0	-1	0	0	24	0	-1	0	0	0	0	-1	-1	0	12	0	36	0	-1	28	0	0	-1	-1	17	0	0	17	0	0
c15234	0	0	-1	-1	0	3	-1	17	42	0	0	-1	-1	0	0	-1	0	28	0	19	10	-1	-1	0	0	-1	13	1	0	21
c15292	-1	0	0	0	0	0	-1	0	43	35	28	0	1	0	0	5	42	-1	0	0	0	1	0	11	-1	-1	0	-1	0	11
c15309	0	28	28	-1	-1	13	0	0	48	0	42	0	-1	36	-1	0	0	21	-1	-1	-1	42	8	-1	-1	28	36	21	0	-1
c15321	0	31	0	0	0	0	0	-1	-1	48	0	1	0	0	12	21	0	46	22	0	0	-1	8	-1	17	0	-1	17	0	41
c15373	0	0	0	8	-1	21	0	1	42	-1	0	0	37	0	0	0	0	0	0	-1	-1	0	-1	1	0	36	0	2	-1	-1
c15381	0	-1	0	8	0	31	28	49	42	10	-1	0	-1	-1	2	0	0	0	-1	0	0	0	-1	-1	2	36	0	3	-1	36
c15383	0	-1	0	0	42	0	-1	0	43	0	0	16	-1	-1	-1	47	0	0	4	1	0	1	2	34	48	0	-1	4	0	0
c15393	-1	24	-1	8	0	10	2	0	-1	-1	-1	0	21	0	21	0	25	-1	0	0	49	0	-1	0	0	36	-1	0	10	-1
c15394	43	0	0	0	42	0	0	0	-1	0	0	0	0	0	0	0	0	0	0	0	0	1	-1	36	0	17	-1	-1	17	-1
c15400	0	0	0	0	0	-1	1	-1	43	-1	7	0	41	-1	2	0	42	-1	0	-1	0	1	0	-1	0	10	0	-1	0	-1
c15429	10	0	0	13	0	21	0	0	0	-1	0	0	0	0	17	5	0	-1	0	-1	0	22	-1	0	-1	0	10	0	-1	0
c15442	-1	0	0	29	-1	0	0	0	-1	-1	41	19	-1	-1	0	0	0	-1	0	0	0	1	0	-1	0	0	-1	17	0	-1
c15472	0	0	0	8	0	0	0	-1	42	17	0	0	0	-1	0	0	-1	0	22	0	22	0	-1	0	19	-1	7	1	0	-1
c15473	0	0	0	8	0	0	-1	0	-1	17	0	0	0	-1	0	0	-1	0	22	0	22	0	-1	0	-1	36	7	1	-1	14
c15479	0	0	-1	17	24	0	-1	0	0	34	-1	28	0	0	17	5	-1	19	0	0	-1	-1	-1	10	0	0	0	0	0	-1
c15490	0	0	36	8	8	5	0	-1	42	0	0	-1	-1	-1	0	-1	-1	0	0	-1	-1	28	-1	-1	0	36	0	32	0	10
c15492	0	34	37	0	0	0	0	-1	7	5	5	-1	-1	5	5	-1	5	-1	0	50	41	-1	8	31	0	0	5	27	22	0
c15495	5	0	0	6	-1	0	0	-1	-1	28	0	31	0	0	-1	-1	0	0	22	9	0	0	0	0	17	0	0	-1	4	0
c15505	0	0	-1	0	0	0	-1	0	0	0	5	28	24	21	0	0	0	-1	0	20	28	-1	8	0	13	0	-1	27	0	0
c15512	0	0	0	8	-1	0	-1	0	42	7	43	-1	0	5	0	4	0	0	31	-1	28	-1	-1	0	0	36	48	-1	0	-1
c15528	0	1	0	20	42	22	1	0	43	-1	0	0	-1	-1	0	0	43	0	3	1	0	1	0	-1	-1	0	0	0	0	0
c15532	0	-1	0	8	10	0	-1	0	-1	0	0	0	1	0	-1	0	0	0	0	0	17	-1	-1	10	28	-1	-1	-1	-1	0
c15538	-1	21	49	6	-1	-1	-1	-1	0	28	48	0	0	0	12	0	5	0	22	24	0	0	0	-1	-1	0	0	17	0	0
c15539	-1	-1	49	6	0	-1	28	0	0	28	48	0	-1	0	-1	-1	5	0	22	24	0	0	0	21	-1	0	-1	17	0	0
c15542	0	-1	47	8	0	0	13	0	42	43	0	0	-1	0	0	0	0	9	24	13	0	0	-1	0	0	36	28	3	-1	36
c15549	0	-1	0	8	0	0	0	17	42	8	36	-1	10	-1	0	0	0	0	0	19	0	0	-1	0	0	36	-1	0	0	0
c15554	-1	5	0	-1	0	0	0	-1	0	0	0	-1	-1	0	-1	-1	0	47	22	0	0	1	-1	25	-1	47	41	-1	0	-1
c15578	10	0	0	0	28	0	0	0	-1	1	-1	0	34	0	-1	5	-1	0	0	-1	24	-1	0	0	0	0	0	40	0	-1
c15582	10	-1	22	0	-1	0	0	0	0	0	0	-1	34	-1	17	5	36	0	0	-1	0	9	0	0	0	-1	-1	0	0	0
c15584	0	-1	8	8	0	1	28	0	42	0	21	0	0	28	2	0	0	0	-1	0	-1	0	-1	31	28	36	0	3	-1	36
c15590	0	-1	0	8	21	0	0	-1	42	21	0	7	0	0	36	27	0	0	28	13	-1	-1	-1	0	0	36	17	0	2	47
c15608	-1	0	0	0	-1	0	-1	-1	0	0	0	0	0	0	12	0	0	0	-1	-1	-1	0	0	9	17	0	0	17	0	0
c15609	0	0	0	0	24	0	-1	-1	0	0	0	0	0	0	12	31	0	-1	22	-1	0	0	0	9	17	-1	0	17	0	0
c15654	5	47	21	-1	0	0	1	43	0	0	9	48	10	0	17	-1	34	0	25	0	28	0	0	-1	0	0	-1	-1	0	0
c15674	0	1	0	20	42	22	1	0	43	46	0	0	0	-1	0	0	43	-1	3	1	0	1	0	5	-1	-1	0	-1	0	0
c15676	-1	0	-1	0	-1	-1	-1	21	0	0	-1	0	-1	0	12	0	0	47	-1	0	-1	-1	14	25	17	0	-1	-1	-1	-1
c15717	0	0	36	41	-1	0	0	0	43	0	0	-1	0	-1	-1	0	-1	0	0	1	-1	1	2	20	0	0	26	21	0	16
c15733	0	0	0	-1	0	0	0	0	43	0	-1	0	0	0	-1	21	-1	0	0	0	0	1	-1	0	0	0	0	-1	0	19
c15739	0	0	-1	8	-1	0	36	0	42	17	0	0	0	-1	-1	0	-1	0	22	-1	22	0	-1	-1	19	36	0	-1	0	-1
c15750	0	-1	0	0	0	42	0	0	0	48	0	1	0	0	-1	0	0	0	22	0	41	0	8	0	17	0	0	17	-1	41
c15795	47	-1	36	8	-1	-1	-1	4	-1	0	-1	0	1	0	-1	-1	47	0	0	0	46	0	-1	0	0	36	-1	28	0	0
c15796	0	5	17	49	0	-1	5	0	0	-1	0	-1	0	0	0	0	21	35	0	0	0	0	8	-1	-1	-1	-1	21	1	-1
c15812	0	0	0	-1	48	28	0	-1	-1	22	0	0	0	-1	-1	0	43	0	22	0	0	-1	-1	1	19	36	0	1	41	0
c15817	-1	-1	-1	0	20	-1	-1	13	-1	0	19	0	-1	17	17	5	-1	36	0	-1	-1	0	0	0	13	-1	10	0	0	0
c15824	-1	0	0	8	28	0	32	0	42	0	-1	-1	-1	-1	0	-1	0	0	0	22	-1	-1	-1	0	28	36	0	17	0	0
c15852	-1	-1	-1	0	42	0	0	0	43	0	0	0	0	-1	-1	5	0	0	0	0	0	1	-1	-1	0	17	0	0	17	-1
c15865	28	0	49	6	0	-1	28	-1	0	-1	48	-1	0	0	12	0	-1	0	22	10	0	-1	-1	5	17	0	0	-1	0	0
c15869	-1	0	0	6	0	0	-1	0	-1	-1	13	31	0	9	12	0	3	-1	22	0	-1	0	0	0	17	-1	0	-1	28	0
c15876	-1	0	-1	0	0	-1	-1	0	-1	20	0	0	-1	0	12	0	-1	47	-1	0	0	-1	0	25	17	0	31	0	0	0
c15885	30	48	36	0	10	-1	24	10	0	0	28	-1	-1	0	13	21	0	0	-1	0	0	-1	8	13	37	-1	1	21	21	0
c15906	0	0	0	8	21	-1	-1	1	42	-1	0	-1	2	0	20	0	0	-1	-1	0	-1	0	-1	1	0	-1	0	2	2	-1
c15917	0	0	0	0	20	-1	0	0	43	0	0	-1	1	0	0	0	-1	0	0	-1	0	1	0	0	47	-1	28	-1	0	-1
c15949	-1	0	0	0	-1	0	0	0	43	0	-1	0	1	0	0	-1	-1	0	0	0	0	-1	0	-1	0	0	0	0	2	0
c15973	0	0	0	0	0	0	0	0	43	0	0	0	1	0	0	0	42	0	0	0	0	1	0	0	-1	0	0	-1	0	0
c15998	-1	31	0	0	0	21	0	-1	0	0	0	-1	0	0	17	5	0	-1	48	-1	-1	0	0	21	0	0	-1	0	47	-1
c16001	-1	0	0	0	0	0	0	-1	43	0	7	0	41	0	0	0	42	36	-1	10	0	1	0	42	0	0	-1	0	0	0
c16004	-1	42	24	28	49	0	4	-1	43	0	-1	-1	0	-1	0	-1	-1	0	0	-1	0	1	-1	0	0	0	1	22	0	0
c16042	0	0	0	0	0	-1	0	0	0	48	0	1	0	0	12	0	0	0	22	0	0	-1	8	0	17	0	0	17	0	41
c16043	0	-1	0	-1	-1	-1	0	0	0	-1	0	1	0	0	12	0	0	0	22	0	0	-1	8	-1	17	0	0	17	-1	41
c16070	27	0	0	0	-1	0	37	-1	0	0	0	0	0	0	0	0	0	0	-1	49	0	-1	-1	0	17	28	-1	21	0	2
c16074	10	0	0	-1	0	25	-1	0	0	-1	48	0	0	0	17	-1	0	0	0	-1	0	-1	-1	5	-1	0	0	-1	-1	0
c16077	0	0	36	0	42	-1	47	0	43	0	0	-1	-1	0	-1	-1	-1	-1	-1	-1	-1	1	2	20	0	0	-1	0	0	16
c16082	0	-1	-1	8	0	0	-1	0	-1	0	-1	0	8	0	2	-1	0	10	0	-1	0	0	-1	0	19	36	0	3	-1	36
c16086	0	0	0	5	8	0	-1	0	0	0	-1	-1	9	46	0	0	0	-1	0	-1	28	0	8	0	0	0	-1	-1	0	21
c16101	0	-1	0	49	0	0	7	0	-1	0	0	0	-1	0	0	0	0	0	-1	28	0	0	8	-1	-1	-1	-1	21	1	10
c16126	10	47	0	31	0	25	0	0	19	28	48	0	4	0	17	5	0	-1	9	-1	0	0	0	5	4	10	-1	5	-1	0
c16127	10	-1	-1	31	0	25	0	0	19	28	48	-1	4	0	17	5	-1	0	9	-1	0	0	0	5	4	10	0	5	-1	0
c16131	-1	0	2	8	-1	-1	0	-1	-1	0	0	0	-1	49	-1	-1	0	0	2	-1	34	28	-1	0	0	36	-1	0	36	0
c16134	0	0	-1	8	-1	7	0	17	42	0	36	28	0	0	0	5	-1	-1	-1	19	0	0	-1	0	-1	36	-1	-1	0	2
c16138	0	0	-1	17	0	-1	2	-1	0	0	13	0	0	0	0	21	0	0	0	17	-1	28	0	0	28	36	0	17	48	0
c16140	30	-1	21	0	41	0	0	0	-1	0	-1	0	0	0	12	0	0	37	22	-1	5	0	0	-1	-1	0	0	17	0	-1
c16142	10	0	0	47	42	-1	0	0	43	0	0	21	-1	0	20	0	-1	0	10	-1	0	1	0	0	0	0	0	2	0	-1
c16148	0	0	0	0	0	0	-1	0	27	21	0	48	9	0	24	-1	-1	0	10	17	4	0	0	0	1	36	0	0	-1	0
c16158	-1	0	0	0	0	0	0	0	-1	0	-1	25	24	0	5	-1	1	-1	0	20	28	0	8	0	-1	0	0	27	0	-1
c16182	0	0	0	-1	0	0	-1	-1	42	28	-1	0	0	9	0	0	0	0	0	0	-1	-1	-1	0	-1	36	48	0	0	-1
c16200	-1	0	5	0	0	0	36	0	-1	0	-1	10	-1	0	0	0	-1	0	-1	0	-1	1	0	0	-1	-1	0	0	-1	-1
c16213	-1	21	-1	6	-1	-1	28	0	0	28	48	0	0	0	12	0	-1	0	22	-1	0	0	0	21	17	0	0	0	-1	0
c16228	0	-1	0	8	0	0	0	30	42	0	4	1	0	-1	0	-1	43	0	0	-1	0	0	-1	36	19	-1	0	1	24	13
c16241	0	0	5	-1	0	36	0	0	0	-1	-1	-1	0	0	12	7	0	0	22	0	0	0	0	-1	17	0	0	17	0	0
c16250	-1	0	-1	-1	0	0	0	17	42	-1	21	0	36	0	0	0	0	28	0	19	10	0	-1	0	0	36	0	0	0	21
c16252	0	-1	0	8	-1	-1	0	-1	42	-1	-1	-1	0	-1	0	-1	-1	0	0	0	0	0	-1	36	19	36	0	1	0	13
c16274	5	0	0	8	28	0	32	0	42	28	-1	34	0	0	0	0	0	0	0	22	17	0	-1	0	28	36	0	17	0	0
c16324	0	0	48	40	-1	0	-1	34	-1	21	-1	0	9	25	1	17	0	-1	0	17	-1	-1	0	-1	-1	36	0	0	-1	0
c16328	0	-1	-1	-1	-1	0	28	0	42	0	0	0	-1	0	-1	0	-1	39	0	-1	0	0	-1	0	0	-1	17	3	-1	36
c16334	0	48	0	8	0	0	0	-1	42	-1	-1	28	0	-1	0	0	28	4	21	19	0	-1	-1	0	0	36	0	0	0	0
c16368	0	-1	0	8	0	0	0	0	42	28	0	0	0	43	-1	-1	-1	0	0	13	0	-1	-1	0	1	36	0	3	-1	36
c16375	0	10	10	0	28	36	-1	40	-1	0	0	0	0	0	0	5	0	0	0	0	21	-1	5	-1	17	-1	0	-1	-1	0
c16377	0	-1	0	8	0	5	-1	0	42	-1	4	1	5	-1	21	-1	-1	0	0	21	0	0	-1	36	19	36	0	-1	-1	13
c16383	0	17	0	6	0	28	-1	-1	0	49	0	31	0	-1	-1	-1	0	0	-1	0	0	0	1	-1	17	0	5	-1	0	0
c16392	-1	0	0	0	0	42	0	0	0	48	0	1	0	0	12	0	0	0	22	0	0	0	8	0	17	0	0	17	0	41
c16394	28	0	49	6	-1	-1	-1	0	-1	-1	48	-1	-1	20	12	0	0	0	22	-1	49	0	-1	5	17	3	0	0	0	0
c16395	28	0	-1	6	0	-1	28	0	0	28	-1	-1	0	20	-1	0	0	0	22	10	49	0	0	5	-1	3	-1	0	0	0
c16405	0	13	0	-1	17	4	0	0	42	0	0	0	-1	-1	0	5	43	-1	22	0	21	0	-1	0	19	36	-1	1	0	0
c16418	0	-1	0	0	28	0	-1	40	33	0	-1	0	-1	-1	0	-1	0	0	-1	0	21	0	5	-1	17	0	24	0	49	-1
c16436	-1	0	0	-1	-1	0	5	0	43	-1	7	0	0	0	21	-1	0	0	0	0	-1	-1	0	-1	-1	0	0	17	0	0
c16464	0	0	0	8	21	0	0	1	-1	21	0	-1	0	0	4	34	-1	0	0	-1	-1	0	-1	1	0	36	-1	-1	2	0
c16468	-1	0	-1	0	0	-1	-1	-1	0	3	0	-1	0	0	-1	-1	-1	47	22	0	0	-1	14	25	17	0	0	-1	21	0
c16469	-1	0	-1	0	0	0	-1	0	0	3	0	0	0	0	12	-1	0	47	22	-1	0	-1	14	25	17	0	0	-1	-1	0
c16476	0	42	0	8	-1	40	0	0	42	0	0	24	36	0	0	0	0	0	0	0	0	-1	-1	-1	0	36	-1	0	0	0
c16477	0	42	0	-1	-1	-1	-1	0	-1	0	0	-1	36	0	0	0	-1	0	0	-1	0	-1	-1	0	0	36	48	-1	0	0
c16493	0	24	-1	8	46	-1	0	0	42	0	0	0	0	0	21	0	0	-1	0	0	0	-1	-1	-1	0	-1	0	27	48	17
c16496	0	-1	-1	8	0	0	28	0	42	0	0	0	8	0	2	0	0	39	0	-1	-1	0	-1	0	0	-1	17	3	-1	-1
c16500	-1	48	0	0	24	0	13	-1	0	0	-1	31	0	0	12	0	0	0	22	28	0	0	0	0	17	-1	0	17	0	20
c16508	28	21	49	6	-1	-1	-1	-1	0	-1	48	-1	17	-1	12	0	47	0	22	0	-1	39	0	0	17	0	-1	0	0	-1
c16528	0	0	0	20	42	22	1	0	43	12	0	0	0	0	0	0	0	0	0	-1	0	1	0	0	0	0	0	0	0	0
c16554	14	31	0	-1	0	0	0	0	0	48	-1	1	0	-1	-1	21	10	46	22	-1	0	0	8	0	-1	-1	0	17	-1	41
c16571	0	0	0	8	-1	0	0	0	42	41	0	20	0	-1	0	-1	43	0	22	0	0	0	-1	0	19	36	0	1	0	0
c16576	19	0	0	8	8	0	-1	-1	42	-1	0	24	0	6	0	0	-1	36	0	-1	0	0	-1	-1	0	36	36	0	-1	0
c16585	0	0	13	8	0	0	36	0	42	17	0	5	28	-1	0	0	-1	0	22	0	22	0	-1	-1	19	-1	0	1	0	0
c16587	10	-1	20	0	-1	0	0	0	43	-1	0	0	0	-1	0	0	0	0	-1	-1	41	1	0	0	-1	7	0	2	0	-1
c16608	0	0	1	-1	28	0	32	28	42	-1	1	34	0	0	0	-1	0	0	0	22	17	48	-1	-1	28	36	0	-1	-1	0
c16615	21	0	0	0	2	-1	0	21	0	0	0	0	28	19	28	-1	-1	0	0	-1	5	-1	0	25	-1	36	5	-1	0	36
c16619	11	-1	36	8	46	0	0	0	42	36	-1	0	-1	-1	-1	17	0	9	0	1	0	5	-1	-1	0	36	0	0	48	-1
c16622	-1	0	0	8	-1	11	0	0	42	0	0	28	18	-1	0	0	43	0	22	-1	-1	36	-1	-1	-1	36	0	1	0	0
c16623	0	0	0	8	0	11	0	-1	42	-1	-1	28	18	-1	0	0	43	0	22	-1	0	36	-1	0	19	36	0	1	0	0
c16632	10	-1	25	22	2	-1	-1	0	5	0	0	0	11	19	17	5	-1	0	28	-1	0	0	0	-1	33	-1	10	0	0	0
c16646	0	36	10	-1	0	-1	0	0	0	0	5	10	47	5	0	-1	-1	-1	0	-1	17	0	-1	31	0	21	10	27	0	28
c16650	0	0	0	8	0	40	0	0	-1	0	0	-1	36	0	-1	0	0	0	0	0	0	-1	-1	0	0	36	48	0	0	0
c16651	0	-1	0	8	0	40	0	0	42	0	0	24	-1	0	0	0	0	0	0	-1	0	-1	-1	0	0	36	48	0	0	0
c16659	-1	-1	1	47	0	-1	0	0	43	35	28	0	1	0	0	-1	42	0	0	0	0	1	0	11	0	7	0	0	0	11
c16703	0	17	34	6	-1	40	0	-1	0	21	0	-1	10	0	12	49	0	0	22	0	0	28	1	9	17	35	-1	0	0	0
c16728	10	0	1	-1	0	-1	-1	0	43	0	0	0	0	34	-1	0	28	0	0	0	0	1	-1	-1	0	-1	-1	0	21	-1
c16737	-1	-1	1	-1	-1	0	32	0	-1	0	1	34	0	0	-1	0	-1	0	5	22	17	0	-1	0	28	36	-1	-1	0	0
c16747	10	0	25	-1	2	0	13	48	5	48	0	0	0	19	-1	5	-1	-1	0	-1	0	0	0	0	33	-1	10	-1	0	28
c16756	4	0	0	8	8	0	-1	-1	42	21	2	0	0	-1	-1	-1	0	-1	0	-1	-1	0	-1	17	-1	-1	36	0	36	7
c16764	-1	0	5	21	42	0	-1	0	43	-1	-1	49	0	0	28	13	0	0	0	0	0	1	0	-1	46	0	0	17	0	-1
c16774	0	0	0	8	0	28	0	-1	42	0	-1	0	-1	-1	0	0	-1	0	22	0	0	-1	-1	1	19	36	0	1	41	0
c16776	0	13	0	-1	17	37	0	0	42	0	0	0	0	-1	0	5	43	0	22	28	1	-1	-1	0	19	36	0	-1	-1	0
c16786	0	0	24	0	0	-1	0	-1	-1	0	17	-1	-1	0	0	21	-1	0	0	0	0	1	21	0	41	0	1	22	-1	0
c16790	0	0	24	0	0	0	0	-1	-1	0	-1	-1	0	0	0	21	-1	0	0	0	0	-1	0	49	-1	0	1	22	0	11
c16799	-1	-1	0	9	27	-1	0	0	0	-1	-1	0	0	0	21	5	0	20	1	36	0	2	0	-1	0	0	47	-1	-1	-1
c16801	-1	0	0	0	42	28	-1	0	43	-1	0	0	0	0	0	0	0	0	0	0	0	1	13	-1	0	-1	0	17	0	-1
c16830	-1	0	0	0	-1	0	-1	0	0	-1	36	0	-1	-1	0	1	0	17	0	0	0	1	-1	-1	-1	0	0	36	-1	21
c16839	10	0	-1	0	3	0	0	0	0	0	-1	25	1	0	12	0	0	47	22	-1	-1	-1	-1	25	17	47	0	22	0	9
c16846	24	0	0	0	-1	0	4	0	43	0	27	0	-1	-1	0	-1	-1	0	0	-1	0	1	0	0	-1	0	-1	0	0	0
c16855	0	-1	0	-1	17	0	0	0	42	0	0	0	-1	-1	0	5	43	17	-1	0	0	0	-1	0	19	36	0	1	47	0
c16867	-1	0	31	0	42	0	-1	-1	-1	8	-1	0	0	0	0	-1	0	0	-1	-1	0	1	-1	-1	-1	-1	0	17	0	0
c16890	0	0	0	0	5	-1	0	-1	43	9	0	0	0	0	-1	-1	28	0	21	47	0	1	-1	0	25	0	21	22	1	0
c16895	0	0	0	8	-1	0	0	0	42	0	-1	28	0	0	0	-1	-1	0	0	-1	5	0	-1	0	0	36	0	0	0	0
c16899	10	-1	0	0	0	-1	-1	-1	43	0	0	0	0	0	19	-1	-1	0	-1	0	0	-1	0	-1	-1	0	0	0	0	8
c16911	0	37	0	8	1	0	-1	0	42	-1	0	34	0	0	0	0	0	0	0	0	17	0	-1	0	-1	-1	0	-1	0	0
c16914	0	0	37	-1	0	0	0	-1	-1	0	5	0	47	-1	0	0	5	-1	0	50	-1	0	-1	31	-1	-1	37	27	0	0
c16964	0	0	0	0	41	0	0	0	10	49	0	0	0	0	12	0	0	-1	22	0	0	0	0	-1	17	0	0	17	0	0
c16967	0	0	28	0	28	0	-1	3	0	0	-1	0	0	-1	-1	-1	0	-1	45	47	28	-1	8	0	8	5	-1	27	5	0
c16970	28	0	13	8	1	0	32	0	42	19	-1	34	0	-1	0	-1	-1	-1	0	0	-1	0	-1	7	-1	36	0	17	29	22
c16976	-1	0	0	0	20	0	-1	0	5	4	0	-1	36	0	0	0	42	9	17	20	0	1	-1	0	0	-1	22	0	-1	0
c16988	0	21	36	8	0	0	0	0	42	34	0	0	0	0	21	2	0	0	0	0	46	0	-1	0	0	36	-1	28	0	0
c16989	0	21	36	8	-1	0	0	-1	42	34	0	-1	0	-1	21	-1	0	-1	0	0	46	0	-1	0	0	36	-1	28	0	0
c16995	0	17	0	-1	-1	0	0	-1	-1	-1	0	-1	10	0	12	49	0	-1	22	0	0	28	1	9	17	0	0	0	27	0
c16998	-1	0	0	0	41	0	0	0	0	0	0	0	0	0	12	-1	0	-1	22	0	-1	0	0	0	17	0	0	17	-1	0
c16999	5	-1	0	0	-1	0	0	0	0	0	0	0	0	-1	12	0	0	5	22	0	0	0	0	0	-1	0	0	17	0	-1
c17004	-1	31	0	0	0	0	0	0	0	48	0	1	0	0	12	21	10	46	22	0	0	0	8	0	17	-1	0	17	0	-1
c17008	0	0	0	27	0	0	0	0	43	-1	17	-1	0	0	5	21	-1	0	0	0	33	1	0	-1	0	36	0	22	0	-1
c17029	0	0	0	-1	0	17	0	-1	0	-1	49	0	0	0	0	-1	0	0	0	-1	0	47	8	0	-1	0	0	21	-1	0
c17030	-1	0	0	0	20	0	0	0	5	4	0	0	36	0	-1	0	42	9	17	28	0	-1	0	0	5	-1	22	-1	21	0
c17035	10	0	25	0	2	0	0	8	5	0	-1	0	21	19	17	5	-1	0	0	-1	0	0	0	8	33	-1	-1	-1	0	-1
c17038	5	13	0	-1	-1	0	47	36	0	0	0	0	0	0	17	-1	31	-1	25	4	31	34	28	-1	-1	-1	-1	-1	0	0
c17040	0	0	0	0	42	0	0	0	43	-1	0	-1	0	0	-1	36	0	0	21	-1	-1	-1	-1	20	0	0	-1	0	0	16
c17050	0	-1	0	8	21	49	-1	27	42	0	-1	0	28	48	0	0	-1	-1	1	0	1	-1	-1	0	41	36	10	0	9	1
c17055	10	-1	-1	49	-1	0	-1	0	21	0	32	25	-1	-1	12	0	27	47	22	0	0	1	25	25	17	47	-1	-1	0	0
c17058	-1	0	0	-1	24	0	0	0	43	0	0	-1	-1	0	0	0	42	0	-1	0	0	-1	21	0	21	0	0	0	0	21
c17060	0	0	0	0	0	-1	0	0	0	48	-1	-1	-1	-1	-1	-1	0	0	-1	-1	0	0	8	0	17	0	0	-1	0	41
c17061	0	0	0	0	0	-1	0	0	-1	48	-1	1	0	4	12	-1	-1	0	-1	0	0	0	8	-1	17	0	0	17	0	41
c17070	10	5	0	0	0	0	0	0	0	0	-1	-1	0	0	12	28	0	47	22	-1	0	1	25	25	17	47	0	0	0	-1
c17071	10	5	0	0	0	0	0	0	0	0	-1	0	-1	0	-1	28	0	47	22	-1	0	1	25	25	17	47	0	-1	0	-1
c17084	0	19	27	0	-1	-1	0	0	43	0	0	0	-1	36	0	0	0	0	0	0	-1	-1	0	0	0	0	-1	0	0	43
c17087	4	-1	-1	-1	0	-1	0	0	42	43	0	0	28	0	22	0	0	9	0	-1	24	0	-1	-1	0	36	0	3	-1	36
c17088	10	-1	25	22	-1	-1	0	0	5	0	0	0	11	19	17	5	-1	0	28	-1	0	-1	0	0	33	0	-1	0	-1	-1
c17104	0	-1	0	8	0	0	28	-1	42	0	0	-1	20	-1	2	-1	-1	0	10	0	0	-1	-1	0	0	36	0	3	-1	36
c17122	43	0	0	0	-1	0	0	0	-1	0	0	0	0	0	0	-1	0	0	0	0	0	-1	-1	36	0	17	0	0	17	-1
c17123	-1	0	0	0	42	0	-1	0	-1	0	0	0	-1	0	0	0	0	0	0	0	0	1	-1	36	-1	17	0	0	17	-1
c17125	-1	0	-1	-1	42	5	5	-1	43	8	7	0	0	0	0	0	0	0	0	-1	0	-1	0	-1	-1	0	2	17	-1	27
c17145	0	0	0	10	0	0	0	-1	43	-1	0	0	-1	0	0	10	42	-1	0	0	0	1	-1	0	21	0	0	-1	-1	21
c17154	0	0	0	8	-1	26	0	17	42	-1	-1	-1	0	-1	0	0	-1	0	0	0	-1	0	-1	0	19	36	0	0	-1	0
c17161	0	0	0	-1	0	-1	0	0	6	0	21	0	21	19	12	0	0	47	22	0	-1	1	25	-1	17	47	0	5	25	-1
c17165	0	0	0	0	-1	0	-1	0	-1	21	-1	0	9	-1	-1	0	0	0	32	17	0	0	0	0	1	36	0	36	-1	36
c17175	0	-1	0	-1	-1	0	0	1	-1	21	0	10	0	0	0	0	5	0	31	-1	0	0	-1	-1	0	36	-1	47	2	0
c17187	0	0	-1	0	-1	-1	0	0	43	0	0	0	17	-1	12	0	0	0	22	-1	0	0	-1	0	17	-1	0	17	0	43
c17192	-1	13	21	-1	-1	0	0	0	4	0	-1	0	16	-1	17	5	-1	0	25	10	0	-1	0	-1	0	0	-1	-1	0	0
c17196	0	-1	0	8	28	0	0	0	42	-1	0	-1	0	-1	0	0	43	0	22	0	0	0	-1	-1	19	36	0	1	0	0
c17221	-1	21	49	-1	0	-1	28	-1	-1	-1	-1	-1	0	0	12	0	5	0	22	24	-1	0	0	21	17	0	0	0	0	0
c17235	0	13	0	-1	-1	0	0	11	-1	1	0	-1	-1	-1	0	5	-1	0	22	0	0	0	-1	0	-1	36	-1	-1	0	0
c17238	-1	-1	36	8	-1	10	2	0	42	0	-1	0	21	0	21	13	-1	9	0	0	49	0	-1	0	0	36	-1	0	-1	0
c17275	0	-1	0	-1	-1	34	0	-1	0	21	0	-1	10	0	-1	49	0	8	22	0	0	28	1	9	-1	0	0	0	27	0
c17276	0	21	-1	0	10	19	7	10	9	-1	-1	0	0	-1	-1	13	0	1	-1	-1	0	0	8	0	0	-1	0	-1	-1	0
c17278	-1	0	49	-1	10	1	-1	0	0	0	0	-1	-1	-1	12	0	-1	-1	22	0	0	-1	-1	25	17	0	-1	7	0	-1
c17279	-1	-1	49	0	-1	1	-1	0	0	0	0	0	0	0	12	0	0	-1	22	0	-1	-1	21	-1	17	0	0	7	0	-1
c17283	0	17	0	6	0	-1	0	-1	0	21	0	-1	10	0	12	49	0	0	22	0	11	28	1	-1	17	-1	0	0	27	0
c17290	-1	-1	14	0	42	0	5	0	43	8	7	0	-1	0	-1	-1	0	7	0	0	-1	1	-1	-1	-1	0	0	-1	5	-1
c17308	0	0	0	0	-1	0	0	40	-1	-1	0	-1	0	0	-1	0	-1	0	0	0	31	-1	5	-1	17	-1	0	28	49	0
c17310	0	0	13	8	0	0	-1	-1	42	-1	-1	-1	11	-1	0	31	-1	0	22	-1	22	0	-1	0	-1	36	0	1	0	0
c17320	-1	-1	0	8	-1	0	0	-1	42	21	12	-1	21	43	-1	0	-1	0	0	19	0	0	-1	17	28	36	0	0	0	0
c17325	0	0	48	8	0	0	0	46	42	0	0	0	0	0	-1	43	17	-1	0	-1	17	48	-1	0	28	36	-1	-1	14	46
c17340	10	0	22	-1	0	0	0	0	0	0	0	0	34	0	17	5	36	0	20	-1	0	-1	0	0	0	0	0	0	0	0
c17354	0	0	0	0	46	-1	0	0	43	0	-1	46	0	20	-1	21	-1	0	14	0	-1	1	0	-1	31	-1	-1	22	0	0
c17359	21	0	0	0	2	-1	0	0	0	0	0	0	0	-1	28	-1	36	0	0	0	0	0	28	-1	0	36	5	5	0	0
c17363	0	-1	0	8	0	0	0	0	42	28	0	0	0	-1	0	0	0	-1	0	0	-1	-1	-1	0	0	-1	48	0	0	-1
c17397	10	17	0	0	5	0	-1	0	0	0	0	0	0	0	17	5	0	0	0	-1	-1	0	0	0	-1	0	10	0	0	-1
c17403	0	17	0	6	41	0	0	-1	-1	21	8	-1	10	0	-1	49	-1	0	22	16	0	28	-1	-1	-1	-1	0	-1	0	0
c17407	0	0	0	8	28	0	0	0	42	41	0	0	0	-1	-1	0	-1	0	22	0	0	-1	-1	0	19	36	0	-1	0	-1
c17408	21	36	0	0	2	0	0	0	47	0	-1	8	47	-1	28	0	36	0	0	4	0	0	-1	-1	0	36	5	5	0	-1
c17427	-1	-1	0	0	0	19	0	0	43	0	-1	0	41	0	0	0	-1	28	-1	-1	0	-1	0	10	-1	0	0	0	1	21
c17437	0	0	0	10	2	47	0	0	0	0	12	-1	0	1	12	0	20	0	22	0	36	0	0	2	-1	-1	0	17	21	0
c17454	0	0	0	0	41	0	0	-1	0	-1	0	0	0	0	12	-1	-1	0	22	0	0	0	0	0	-1	0	0	-1	0	-1
c17455	0	0	-1	0	41	0	0	0	0	0	0	-1	0	0	12	0	0	0	22	0	-1	0	0	0	17	-1	0	17	-1	0
c17472	11	-1	-1	0	34	-1	0	40	-1	-1	13	0	36	0	0	0	4	0	-1	-1	-1	0	-1	-1	17	0	0	0	-1	5
c17476	-1	-1	0	0	28	0	0	0	-1	35	0	0	-1	0	0	5	42	-1	0	0	0	1	0	11	0	0	0	0	0	0
c17485	0	0	0	0	24	0	0	0	19	-1	0	0	0	0	12	-1	7	0	22	0	-1	0	0	0	17	0	-1	17	0	0
c17486	0	0	0	8	-1	0	-1	-1	42	-1	0	0	21	0	-1	43	0	28	0	0	17	48	-1	0	28	36	-1	-1	0	0
c17507	10	-1	25	22	2	-1	0	0	5	0	0	0	11	19	17	5	-1	0	28	-1	0	-1	0	0	33	0	10	0	0	-1
c17511	0	0	0	9	27	0	-1	0	0	-1	-1	0	-1	-1	21	-1	0	20	0	36	0	-1	0	-1	0	0	32	28	17	-1
c17520	-1	-1	0	8	0	24	21	0	42	29	0	0	-1	-1	-1	25	0	-1	-1	0	31	0	-1	-1	19	36	-1	0	0	5
c17526	0	-1	-1	0	-1	0	0	28	0	0	0	0	0	10	0	0	0	1	0	43	-1	-1	-1	21	0	36	0	-1	0	27
c17532	0	0	0	0	24	40	0	0	43	-1	0	-1	17	0	12	0	0	-1	22	0	0	0	0	0	17	0	4	17	-1	43
c17538	0	-1	0	8	0	-1	-1	-1	42	-1	0	0	0	-1	0	-1	-1	-1	22	-1	22	0	-1	0	19	36	28	1	0	14
c17539	0	-1	0	-1	0	-1	-1	0	42	17	-1	0	0	-1	0	-1	-1	0	22	-1	22	0	-1	0	-1	-1	28	1	-1	-1
c17540	0	0	-1	8	0	0	0	46	42	34	0	-1	0	0	0	43	0	0	0	-1	17	48	-1	0	28	36	-1	0	-1	0
c17543	0	0	0	0	-1	19	0	-1	43	-1	0	-1	41	-1	0	-1	42	0	0	0	0	1	0	0	-1	0	0	0	5	0
c17546	0	0	13	8	0	0	36	0	-1	17	0	5	-1	-1	0	0	-1	-1	22	-1	22	0	-1	-1	19	36	0	1	0	0
c17558	-1	5	0	-1	-1	-1	13	0	28	0	0	0	0	0	0	0	0	8	0	-1	0	0	8	-1	8	0	43	21	-1	-1
c17566	5	37	21	0	11	0	0	-1	-1	48	9	48	0	0	17	-1	34	-1	25	0	5	0	0	-1	0	0	-1	-1	0	0
c17571	3	36	0	0	19	-1	0	0	0	0	5	2	47	5	0	0	5	-1	-1	50	0	0	8	31	0	0	0	-1	0	0
c17581	0	0	-1	0	0	0	-1	0	-1	0	0	13	0	-1	-1	-1	0	0	0	-1	-1	0	-1	0	17	-1	0	-1	0	0
c17606	-1	0	-1	-1	0	0	-1	0	0	0	0	-1	0	28	12	-1	0	47	-1	0	0	-1	14	25	17	0	0	-1	21	0
c17607	-1	0	-1	43	0	0	-1	0	0	0	0	0	0	28	12	-1	0	47	22	-1	0	-1	14	25	17	0	0	-1	21	0
c17609	0	0	0	8	-1	11	0	-1	42	-1	-1	0	0	21	0	-1	0	0	0	19	-1	0	-1	0	-1	36	34	0	-1	0
c17618	7	0	0	8	0	0	0	17	42	-1	0	0	-1	12	-1	0	0	28	0	19	10	0	-1	9	-1	36	14	34	0	21
c17619	7	0	0	8	0	0	0	-1	-1	0	-1	0	-1	12	0	0	-1	28	-1	19	-1	0	-1	-1	0	36	-1	34	0	21
c17638	-1	0	5	8	8	0	0	-1	42	-1	43	-1	0	0	17	-1	41	31	-1	-1	-1	0	-1	0	0	36	0	0	0	0
c17639	0	0	5	8	-1	-1	-1	-1	42	0	43	0	0	0	17	-1	41	31	37	-1	-1	0	-1	0	0	36	0	0	0	0
c17645	0	0	0	0	24	40	0	0	-1	0	0	0	17	-1	-1	0	-1	27	22	0	0	0	0	0	17	-1	0	17	0	0
c17661	0	-1	36	8	0	0	-1	0	42	0	0	32	0	0	-1	2	0	-1	0	0	46	-1	-1	0	0	36	-1	28	48	-1
c17665	-1	47	0	0	-1	0	-1	0	-1	0	0	0	36	34	17	-1	13	36	-1	-1	0	0	0	0	-1	0	10	0	-1	0
c17683	-1	0	0	8	-1	0	0	0	42	0	-1	-1	-1	0	-1	0	13	0	-1	3	0	0	-1	17	0	-1	10	8	0	-1
c17703	0	5	-1	49	0	5	5	0	-1	-1	0	-1	0	0	-1	-1	22	0	24	0	0	0	-1	0	-1	0	-1	21	1	0
c17708	0	0	13	8	0	0	0	0	42	17	-1	0	0	-1	0	0	-1	0	22	41	22	48	-1	-1	19	36	0	-1	0	0
c17710	0	-1	0	0	28	0	-1	40	33	0	-1	-1	-1	0	0	0	0	0	0	0	21	0	5	-1	17	0	24	0	49	-1
c17713	-1	24	36	8	-1	21	-1	0	-1	0	0	0	-1	0	21	0	0	-1	0	0	0	0	-1	-1	25	36	0	-1	48	17
c17738	0	0	-1	10	0	0	0	0	43	0	-1	0	41	36	0	0	42	0	-1	-1	0	1	-1	0	21	0	0	-1	0	21
c17781	10	5	-1	-1	48	0	0	0	49	-1	-1	0	0	0	12	-1	1	-1	22	0	0	1	25	25	17	47	0	0	0	-1
c17804	0	0	-1	-1	8	-1	0	-1	42	36	0	-1	0	0	0	-1	0	0	-1	-1	-1	-1	-1	0	-1	-1	0	0	0	0
c17837	28	0	-1	8	1	0	32	21	42	19	32	34	0	-1	0	0	0	0	13	0	17	0	-1	-1	28	36	-1	17	29	0
c17845	-1	0	-1	0	-1	0	16	-1	0	0	0	-1	36	0	42	48	0	0	0	-1	2	1	0	47	-1	0	0	0	46	0
c17864	-1	-1	0	8	0	0	0	-1	42	0	4	1	0	-1	0	-1	43	0	0	-1	0	0	-1	36	19	36	0	1	24	13
c17865	0	-1	0	8	0	0	0	-1	42	0	4	1	0	-1	0	-1	-1	0	0	0	0	0	-1	36	19	36	0	1	24	13
c17866	0	-1	0	0	24	5	28	24	0	0	-1	41	0	0	17	5	0	-1	0	-1	0	47	17	0	0	0	0	0	1	0
c17874	0	0	-1	0	0	0	0	-1	43	0	0	0	-1	0	0	0	-1	27	-1	0	0	1	-1	28	0	0	0	-1	0	0
c17907	13	-1	49	6	0	-1	28	-1	-1	0	9	0	5	-1	12	21	28	0	22	0	-1	0	27	28	-1	0	47	-1	-1	0
c17908	21	0	13	8	0	0	-1	35	42	17	0	0	0	-1	0	0	-1	0	22	0	-1	0	-1	-1	19	36	0	1	0	0
c17909	21	0	13	8	0	0	36	35	42	17	-1	0	0	-1	0	0	-1	0	22	0	22	0	-1	-1	19	36	-1	1	0	0
c17917	-1	28	0	8	-1	0	0	-1	42	-1	0	-1	-1	-1	0	-1	0	0	0	0	0	0	-1	0	0	36	0	2	2	0
c17931	0	10	0	21	28	-1	-1	40	-1	0	0	-1	-1	0	0	0	0	0	0	0	21	-1	5	-1	17	-1	24	27	49	0
c17942	0	-1	0	8	0	0	0	-1	-1	0	4	1	0	-1	0	-1	43	-1	0	0	0	0	-1	36	-1	36	0	1	-1	-1
c17943	0	-1	0	8	0	0	0	0	42	0	-1	1	0	-1	0	-1	43	0	0	0	0	-1	-1	36	19	36	0	1	24	13
c17945	0	0	0	0	5	0	-1	0	43	-1	0	0	10	0	0	-1	28	8	0	47	0	1	0	-1	25	0	21	-1	1	29
c17955	-1	0	0	0	0	0	0	0	43	0	17	46	0	20	0	21	-1	0	14	0	-1	1	0	0	0	-1	0	22	9	0
c17996	5	0	1	0	41	0	0	0	0	0	0	0	0	0	12	0	0	5	22	0	0	0	0	0	17	0	-1	17	0	0
c17997	5	0	1	0	-1	0	0	-1	0	-1	0	0	0	-1	12	0	0	5	22	0	0	0	0	0	-1	0	-1	17	0	-1
c18007	-1	-1	25	22	2	-1	0	0	5	0	-1	-1	11	19	17	-1	-1	0	28	-1	0	-1	-1	0	-1	0	10	0	36	0
c18048	0	0	0	-1	21	0	0	-1	42	21	0	0	0	0	0	0	5	0	31	0	0	0	-1	0	-1	36	0	-1	2	-1
c18053	0	0	46	6	13	0	0	-1	0	0	0	31	-1	0	12	0	0	0	-1	-1	0	-1	-1	-1	17	-1	0	0	0	-1
c18110	10	17	0	6	0	28	4	1	0	0	-1	31	22	0	12	-1	0	8	22	0	-1	0	17	0	17	0	-1	21	0	0
c18117	8	0	0	28	-1	0	0	21	0	0	-1	25	-1	0	5	-1	-1	-1	24	20	28	-1	8	0	13	0	0	27	0	0
c18125	9	0	0	17	24	0	28	0	-1	0	-1	28	0	-1	17	5	0	19	0	0	2	0	17	10	-1	0	0	0	0	0
c18128	0	0	13	8	0	0	36	-1	42	17	0	5	0	-1	0	0	-1	0	22	-1	22	0	-1	-1	-1	36	-1	1	0	0
c18131	5	19	27	-1	-1	37	0	0	43	0	0	0	24	-1	0	-1	37	0	-1	0	0	1	-1	0	0	-1	0	0	0	0
c18136	0	0	0	-1	0	-1	0	-1	42	17	0	0	0	-1	0	-1	-1	-1	-1	-1	-1	0	-1	0	19	36	28	-1	0	-1
c18137	0	0	0	8	0	-1	0	0	42	17	0	-1	0	-1	0	-1	-1	-1	22	-1	22	0	-1	0	19	36	28	1	-1	14
c18141	0	0	0	0	24	0	28	0	0	0	-1	0	-1	0	-1	-1	-1	19	0	0	0	47	-1	0	-1	0	0	0	-1	0
c18145	0	-1	-1	8	-1	0	0	0	42	17	0	0	0	-1	0	0	-1	0	22	0	22	0	-1	0	19	36	0	1	0	27
