	0	1	2	3	4	5	6	7	8	9	10	11	12	13	14	15	16	17	18	19	20	21	22	23	24	25	26	27	28	29
c474	0	0	-1	-1	30	0	0	0	-1	0	-1	-1	22	0	-1	-1	22	0	-1	0	2	-1	47	0	0	-1	-1	0	-1	-1
c558	20	0	0	0	31	0	31	20	-1	-1	0	35	-1	-1	0	-1	33	6	0	-1	0	46	-1	45	46	-1	-1	-1	0	-1
c646	0	0	-1	-1	0	-1	0	15	-1	-1	0	6	22	-1	0	14	-1	13	18	0	0	50	47	-1	0	-1	-1	0	-1	-1
c923	-1	0	-1	0	0	28	-1	-1	6	-1	0	0	0	-1	0	-1	28	0	-1	6	0	12	0	0	0	-1	-1	0	0	0
c931	0	-1	0	0	0	0	33	8	0	0	26	27	0	17	0	14	0	-1	15	33	0	0	15	0	0	-1	-1	19	0	0
c1140	0	24	0	0	18	22	15	0	0	0	0	0	0	-1	22	-1	0	0	0	2	-1	-1	0	-1	0	-1	-1	0	0	0
c1190	0	0	0	-1	-1	19	0	0	0	15	5	-1	22	-1	-1	-1	22	0	0	0	0	50	47	0	0	-1	-1	0	0	0
c1263	0	0	0	28	0	-1	0	43	6	0	0	-1	-1	0	-1	14	0	0	36	6	0	0	13	-1	15	-1	-1	0	0	-1
c1287	20	33	0	0	-1	0	-1	0	-1	0	0	13	0	0	-1	14	0	0	15	-1	22	0	19	-1	47	-1	-1	0	0	28
c1418	0	26	-1	22	0	28	0	0	6	-1	0	0	6	-1	0	14	0	0	36	-1	0	11	29	-1	22	-1	-1	0	0	-1
c1431	-1	0	24	6	0	8	0	0	27	0	-1	-1	0	-1	0	14	0	19	0	2	0	13	0	10	0	-1	-1	27	0	-1
c1490	20	19	0	-1	-1	0	0	-1	0	0	0	-1	22	-1	15	14	0	0	33	32	22	0	0	0	0	-1	-1	15	22	28
c1510	-1	0	0	0	-1	0	0	-1	-1	-1	26	40	0	17	0	14	-1	-1	-1	-1	50	-1	-1	-1	0	-1	-1	0	0	0
c1527	0	17	5	0	10	0	-1	0	-1	-1	0	0	-1	0	0	-1	-1	0	36	6	0	0	0	36	0	-1	-1	0	0	0
c1573	20	0	15	-1	-1	0	-1	17	0	0	0	6	-1	0	24	14	-1	-1	22	-1	-1	0	0	0	47	-1	-1	0	0	28
c1708	-1	0	0	47	18	0	-1	0	13	-1	0	43	0	10	0	14	0	0	-1	2	33	0	0	0	18	-1	-1	47	15	0
c1742	22	17	-1	0	10	0	24	0	6	0	-1	0	-1	14	0	14	0	27	36	6	0	0	26	-1	0	-1	-1	0	-1	0
c1757	0	-1	22	28	0	0	0	13	-1	0	0	-1	0	0	0	14	-1	0	0	27	41	0	-1	-1	24	-1	-1	0	0	15
c1824	20	15	0	-1	-1	0	0	17	0	33	34	0	0	0	24	14	28	33	-1	19	22	-1	9	0	47	-1	-1	-1	-1	28
c2015	20	-1	0	0	-1	0	-1	0	0	0	0	0	0	-1	24	14	43	0	0	0	22	-1	-1	0	-1	-1	-1	44	0	28
c2027	20	0	-1	-1	15	0	24	0	0	15	0	0	22	-1	20	14	22	0	0	35	0	50	47	32	-1	-1	-1	0	8	24
c2115	0	0	0	-1	0	0	11	8	27	32	26	14	24	-1	0	14	0	0	-1	33	0	0	-1	-1	17	-1	-1	-1	0	-1
c2197	20	14	-1	44	0	14	14	0	-1	0	15	0	47	0	-1	-1	28	0	0	0	-1	0	32	-1	24	-1	-1	0	-1	-1
c2302	46	0	0	0	22	0	0	0	0	-1	-1	0	0	17	47	14	14	0	-1	0	0	14	0	0	0	-1	-1	50	-1	0
c2308	46	0	0	-1	18	13	0	0	0	-1	0	0	1	17	0	14	0	27	27	0	0	14	0	0	0	-1	-1	0	36	24
c2386	0	17	5	-1	10	0	0	0	6	13	0	0	-1	0	14	14	0	0	36	6	0	-1	-1	0	42	-1	-1	-1	0	0
c2387	0	17	-1	-1	10	0	0	42	6	-1	0	-1	0	0	0	14	-1	-1	36	6	0	-1	-1	0	42	-1	-1	47	0	0
c2401	-1	14	6	44	33	0	14	0	-1	0	0	0	47	0	-1	-1	28	0	0	0	-1	34	0	-1	-1	-1	-1	0	33	-1
c2476	-1	0	0	0	18	-1	-1	0	-1	0	0	0	28	15	0	14	47	0	42	-1	0	0	0	13	50	-1	-1	6	0	-1
c2488	20	15	-1	16	-1	0	36	17	0	-1	0	0	0	0	24	14	28	33	22	19	-1	-1	0	-1	47	-1	-1	0	-1	28
c2614	0	17	5	0	10	-1	0	0	-1	46	-1	0	0	0	11	-1	0	0	36	6	0	-1	0	0	0	-1	-1	0	-1	-1
c2643	0	0	-1	-1	18	-1	0	-1	13	0	-1	43	43	-1	18	14	0	0	46	2	0	0	0	0	-1	-1	-1	47	15	0
c2648	20	0	0	44	0	22	0	0	-1	47	-1	0	-1	16	24	-1	0	0	0	-1	22	-1	0	15	24	-1	-1	0	33	-1
c2709	0	20	0	42	22	0	0	-1	0	0	26	33	19	17	0	-1	0	-1	46	33	-1	0	0	-1	0	-1	-1	0	0	28
c2722	-1	33	0	-1	-1	0	-1	0	27	0	12	-1	14	32	46	14	0	0	0	2	0	13	0	0	17	-1	-1	27	20	-1
c2739	46	17	0	0	0	0	0	8	-1	50	26	0	0	17	0	14	0	-1	0	33	0	0	0	0	-1	-1	-1	33	0	-1
c2749	20	22	15	0	-1	0	-1	15	-1	29	0	0	-1	0	24	14	0	0	50	-1	22	-1	-1	15	47	-1	-1	14	0	28
c2752	0	0	-1	-1	0	19	0	-1	0	15	0	0	22	-1	0	14	-1	22	-1	-1	22	50	47	-1	24	-1	-1	8	0	0
c2854	20	15	0	15	-1	0	0	0	28	-1	0	0	0	-1	24	-1	0	33	22	0	22	0	6	-1	-1	-1	-1	0	20	-1
c2870	0	0	0	-1	0	-1	0	8	0	15	0	0	22	-1	0	14	22	-1	22	0	0	50	47	0	0	-1	-1	-1	0	0
c3003	15	0	0	-1	0	19	-1	-1	0	15	-1	0	22	-1	0	14	22	28	-1	0	0	50	-1	0	0	-1	-1	0	0	0
c3045	46	0	0	0	0	0	0	0	0	0	25	0	0	-1	-1	14	0	14	27	0	0	14	-1	0	-1	-1	-1	50	36	0
c3051	0	0	0	-1	0	8	0	0	27	0	-1	0	0	32	0	14	0	-1	-1	2	6	-1	46	0	-1	-1	-1	27	-1	-1
c3100	0	0	0	0	0	15	0	8	-1	42	-1	40	10	17	22	14	-1	-1	29	33	0	-1	-1	0	0	-1	-1	0	0	0
c3101	0	0	0	0	0	0	-1	8	27	42	26	40	0	17	0	14	-1	-1	29	33	-1	12	-1	0	0	-1	-1	0	0	0
c3107	0	0	-1	47	18	0	0	8	13	-1	0	43	0	0	18	14	-1	0	46	2	0	-1	0	-1	18	-1	-1	47	15	-1
c3122	20	15	0	0	-1	0	0	0	0	0	0	0	0	-1	24	-1	0	-1	22	0	22	0	0	0	47	-1	-1	-1	20	28
c3154	0	15	0	47	18	0	-1	0	-1	46	0	43	15	17	0	14	18	29	29	-1	0	0	0	-1	46	-1	-1	0	0	14
c3175	0	0	-1	0	18	22	15	0	0	-1	0	0	-1	0	22	-1	-1	0	0	2	8	0	0	-1	11	-1	-1	0	-1	0
c3177	0	15	0	0	-1	17	-1	0	27	35	-1	27	0	32	0	-1	-1	13	-1	2	0	13	0	0	17	-1	-1	27	20	0
c3183	20	-1	0	0	43	0	-1	-1	0	-1	-1	0	15	46	24	14	-1	0	0	0	22	0	0	0	25	-1	-1	0	0	28
c3204	-1	-1	5	0	-1	0	-1	15	-1	15	0	0	-1	0	33	14	-1	30	-1	6	30	20	0	-1	-1	-1	-1	0	-1	35
c3217	0	6	0	-1	0	31	0	0	33	15	5	-1	22	-1	0	-1	-1	0	0	0	-1	50	47	0	0	-1	-1	30	0	-1
c3222	0	0	-1	0	0	0	15	-1	27	0	26	0	0	17	0	14	50	-1	29	33	0	-1	-1	-1	0	-1	-1	0	0	0
c3237	0	17	-1	0	10	0	-1	0	6	-1	0	-1	0	0	0	14	0	0	36	6	0	0	0	35	-1	-1	-1	0	0	0
c3241	0	0	0	0	-1	-1	-1	47	27	0	0	27	0	32	0	14	0	0	0	2	29	13	0	0	17	-1	-1	27	-1	0
c3247	0	0	-1	0	-1	0	-1	0	28	0	0	0	0	0	26	14	0	0	0	0	33	46	-1	0	0	-1	-1	28	0	0
c3252	0	-1	5	-1	10	-1	-1	0	6	0	15	0	-1	22	0	-1	24	22	-1	6	6	-1	-1	0	0	-1	-1	0	27	13
c3273	-1	0	24	-1	0	8	-1	0	-1	-1	8	-1	0	-1	0	14	0	19	0	2	0	13	0	-1	0	-1	-1	-1	-1	0
c3275	20	-1	0	44	0	31	14	0	-1	11	0	-1	0	0	-1	14	22	17	0	0	22	-1	0	0	24	-1	-1	0	33	-1
c3278	20	0	1	-1	0	-1	0	-1	0	-1	0	0	22	0	15	14	0	0	33	32	22	-1	0	0	0	-1	-1	0	17	28
c3281	0	0	6	15	0	0	15	8	27	-1	26	14	-1	17	0	14	50	-1	-1	-1	-1	0	-1	43	-1	-1	-1	-1	0	0
c3304	46	46	0	33	-1	0	-1	8	27	30	26	0	0	17	-1	14	0	0	-1	33	0	0	-1	-1	1	-1	-1	33	0	0
c3316	31	-1	-1	0	0	33	26	-1	0	0	-1	0	0	0	0	14	-1	0	0	15	-1	0	0	0	-1	-1	-1	-1	0	0
c3367	12	17	-1	0	10	0	15	0	-1	-1	0	-1	0	0	0	14	46	0	36	6	0	0	0	36	0	-1	-1	-1	0	0
c3405	46	0	0	0	0	15	0	8	-1	27	-1	-1	0	-1	0	-1	0	12	0	33	0	0	0	0	-1	-1	-1	33	0	0
c3487	0	0	0	-1	0	0	0	0	0	-1	8	15	22	-1	-1	14	22	0	0	29	0	-1	47	0	-1	-1	-1	0	-1	-1
c3511	20	0	-1	-1	-1	0	0	15	0	29	0	-1	-1	0	24	14	0	0	-1	-1	22	0	1	15	-1	-1	-1	0	0	-1
c3514	20	0	0	15	-1	0	0	15	0	29	0	0	15	0	24	14	-1	22	50	0	22	27	0	15	47	-1	-1	0	0	-1
c3518	20	0	0	0	-1	-1	0	-1	33	11	17	1	0	0	0	-1	0	-1	0	32	22	0	0	0	0	-1	-1	0	0	28
c3526	46	46	0	-1	0	0	0	8	27	-1	26	0	17	17	14	14	0	-1	0	33	44	0	0	43	50	-1	-1	-1	0	19
c3530	46	0	46	0	0	0	43	-1	-1	0	-1	46	0	-1	-1	14	15	-1	-1	33	-1	47	0	0	0	-1	-1	33	0	-1
c3531	46	0	0	0	0	-1	43	8	-1	0	26	46	0	17	-1	14	-1	-1	15	-1	0	-1	-1	0	0	-1	-1	33	0	22
c3550	20	15	0	-1	-1	-1	0	0	0	0	0	0	0	27	24	14	-1	33	22	0	22	0	-1	15	-1	-1	-1	0	20	28
c3562	0	15	-1	-1	0	0	-1	8	5	-1	26	0	0	17	0	14	0	0	-1	33	-1	0	0	0	30	-1	-1	19	0	-1
c3563	0	-1	-1	-1	0	0	-1	8	5	0	26	0	0	17	0	14	0	0	0	33	0	-1	0	-1	30	-1	-1	19	0	11
c3573	46	17	0	0	0	-1	-1	-1	27	17	26	47	0	17	0	14	0	0	0	33	0	17	-1	0	0	-1	-1	33	0	-1
c3582	46	0	0	0	0	0	-1	0	0	0	0	0	0	17	-1	14	0	0	27	-1	-1	14	-1	0	0	-1	-1	24	36	0
c3664	20	47	-1	-1	-1	0	-1	0	-1	0	-1	0	0	0	24	14	0	-1	0	0	22	0	-1	35	47	-1	-1	0	-1	28
c3667	46	0	0	-1	41	15	0	8	27	-1	26	46	0	17	0	14	0	12	0	-1	-1	0	24	0	0	-1	-1	33	43	0
c3701	-1	12	-1	15	18	-1	15	42	0	0	0	0	0	0	-1	14	-1	0	-1	2	0	-1	0	-1	0	-1	-1	0	0	0
c3721	0	0	-1	28	33	48	0	42	0	0	0	-1	-1	0	0	-1	0	-1	0	0	41	0	15	0	0	-1	-1	0	0	15
c3731	-1	17	-1	0	-1	0	0	0	6	0	0	-1	0	0	0	-1	0	0	36	6	0	0	0	0	0	-1	-1	0	0	0
c3734	0	-1	-1	47	18	-1	-1	12	13	-1	-1	43	15	0	0	14	18	0	29	2	0	-1	20	0	46	-1	-1	0	-1	0
c3759	-1	0	0	-1	30	0	0	0	15	0	0	0	-1	22	17	14	22	-1	0	33	0	-1	47	0	0	-1	-1	0	0	29
c3771	46	-1	0	-1	18	0	0	8	0	0	0	11	17	17	0	14	-1	-1	-1	0	-1	14	0	0	0	-1	-1	0	36	-1
c3788	46	-1	0	0	-1	0	-1	0	0	0	0	-1	42	17	-1	14	0	0	27	14	0	14	0	0	0	-1	-1	0	-1	0
c3819	0	17	-1	0	10	0	0	-1	-1	0	0	0	0	0	0	14	0	0	36	-1	0	-1	0	0	42	-1	-1	0	0	0
c3828	0	-1	5	0	10	0	15	0	-1	-1	-1	0	0	0	0	14	46	0	36	6	0	-1	0	0	0	-1	-1	-1	15	-1
c3859	20	14	46	44	0	0	14	46	-1	11	0	0	0	-1	24	14	22	29	0	47	22	0	0	26	24	-1	-1	15	33	-1
c3899	-1	17	22	0	-1	-1	0	8	27	0	26	-1	0	17	-1	14	0	0	13	-1	0	0	0	0	0	-1	-1	33	0	-1
c3905	46	0	0	0	-1	0	0	0	47	0	0	0	0	-1	-1	14	-1	0	27	0	-1	14	0	0	0	-1	-1	50	36	0
c3909	-1	17	5	0	-1	-1	15	0	-1	0	0	0	-1	0	0	14	46	17	36	-1	0	0	0	-1	0	-1	-1	0	0	0
c3925	-1	0	-1	-1	18	0	0	8	-1	0	0	43	-1	0	18	-1	-1	0	46	2	0	0	0	17	18	-1	-1	-1	15	0
c3939	-1	-1	-1	0	27	0	-1	8	50	-1	26	0	0	17	17	14	17	22	0	33	-1	0	0	0	-1	-1	-1	-1	24	-1
c3959	0	15	0	0	0	0	33	8	17	0	-1	33	43	17	33	14	33	0	0	33	0	0	0	0	0	-1	-1	19	0	0
c3964	-1	17	5	42	-1	0	0	0	6	30	-1	-1	-1	-1	0	14	-1	0	36	6	6	0	0	6	-1	-1	-1	-1	-1	-1
c3987	0	-1	28	42	22	-1	0	8	-1	-1	-1	48	46	17	0	14	8	0	0	33	0	0	0	0	-1	-1	-1	30	0	0
c3997	-1	0	1	0	0	-1	0	-1	0	0	4	-1	22	0	15	14	22	0	33	32	22	0	0	0	0	-1	-1	43	17	28
c4008	46	17	-1	0	0	0	0	8	27	0	26	33	0	17	0	14	-1	0	0	-1	0	17	0	0	0	-1	-1	33	0	0
c4035	33	0	0	47	18	0	-1	-1	13	46	0	43	15	0	-1	14	-1	33	-1	-1	0	0	-1	-1	46	-1	-1	46	0	0
c4041	-1	0	0	0	0	-1	26	-1	0	0	0	0	27	-1	0	-1	0	0	0	0	33	0	0	-1	-1	-1	-1	0	-1	12
c4062	-1	0	0	0	0	27	26	0	-1	0	0	0	27	33	-1	14	0	0	0	0	-1	20	0	0	0	-1	-1	0	-1	-1
c4072	0	0	24	6	0	8	0	-1	-1	0	-1	-1	0	-1	33	14	-1	-1	0	2	0	13	0	10	18	-1	-1	27	0	0
c4073	0	0	24	6	0	8	-1	0	27	-1	8	-1	-1	-1	-1	14	0	19	0	2	-1	13	0	10	-1	-1	-1	27	-1	0
c4079	0	0	0	42	-1	-1	0	8	0	42	-1	0	15	17	-1	14	0	0	-1	33	0	0	0	1	-1	-1	-1	0	0	0
c4094	11	0	0	42	22	0	0	8	-1	-1	26	-1	0	-1	0	-1	-1	0	0	33	-1	0	0	-1	0	-1	-1	14	0	0
c4133	20	0	0	44	0	0	0	0	-1	15	0	0	0	-1	-1	14	0	0	-1	0	-1	-1	-1	0	24	-1	-1	0	33	-1
c4146	20	-1	-1	-1	-1	0	-1	0	-1	-1	-1	-1	0	0	24	14	50	0	0	0	22	0	-1	-1	24	-1	-1	0	-1	28
c4158	-1	33	0	0	-1	-1	-1	0	-1	0	0	13	-1	-1	24	14	0	0	0	0	22	0	0	0	-1	-1	-1	-1	0	28
c4173	20	15	0	0	-1	0	0	-1	33	0	0	0	0	0	-1	-1	0	33	-1	22	-1	0	0	0	47	-1	-1	0	20	-1
c4190	46	17	-1	0	0	0	0	8	-1	0	26	0	-1	-1	15	14	-1	0	0	33	0	0	6	0	-1	-1	-1	33	44	-1
c4191	46	17	0	-1	0	0	0	8	27	0	26	0	-1	17	15	14	0	0	-1	33	0	0	6	-1	-1	-1	-1	33	44	0
c4200	20	-1	0	-1	-1	0	31	-1	-1	-1	-1	35	0	0	-1	14	0	6	0	0	27	46	-1	45	46	-1	-1	40	0	42
c4234	-1	-1	5	0	10	-1	0	0	6	-1	0	-1	-1	0	-1	14	50	43	-1	6	0	0	0	-1	0	-1	-1	0	0	0
c4248	0	0	47	-1	-1	0	0	0	0	15	-1	15	22	-1	40	14	22	22	0	-1	0	-1	47	0	-1	-1	-1	0	0	-1
c4249	0	0	47	-1	0	-1	-1	-1	0	15	8	15	22	-1	40	14	22	22	0	29	0	-1	47	0	-1	-1	-1	-1	0	-1
c4252	46	0	0	0	-1	0	-1	0	0	0	0	0	-1	17	-1	14	0	0	-1	44	0	14	14	0	0	-1	-1	-1	36	7
c4265	-1	0	-1	47	18	0	0	8	13	0	0	43	0	0	18	14	-1	-1	46	2	0	0	0	-1	18	-1	-1	47	15	-1
c4270	6	0	-1	15	18	22	-1	42	13	-1	0	0	0	0	22	-1	-1	-1	22	2	0	0	0	8	0	-1	-1	0	0	-1
c4271	-1	0	-1	15	18	22	-1	42	13	-1	0	0	0	0	22	14	-1	-1	0	2	0	0	0	-1	0	-1	-1	0	0	-1
c4273	0	15	0	0	0	0	33	-1	0	28	-1	0	43	17	33	-1	33	-1	0	-1	-1	0	0	0	0	-1	-1	-1	0	13
c4281	0	17	-1	0	-1	0	-1	0	6	0	15	0	-1	0	-1	14	24	22	36	6	6	0	0	-1	0	-1	-1	0	27	-1
c4299	20	22	0	0	0	0	0	-1	0	0	0	0	22	-1	15	14	-1	0	-1	32	22	0	0	15	0	-1	-1	0	0	-1
c4318	-1	17	-1	-1	0	15	26	-1	-1	0	13	0	0	0	0	14	-1	0	-1	0	0	17	31	0	0	-1	-1	0	-1	0
c4327	46	0	-1	0	8	0	-1	8	27	0	26	0	-1	17	0	-1	-1	0	-1	33	22	44	-1	0	-1	-1	-1	33	0	15
c4332	15	32	-1	47	18	-1	0	-1	13	0	0	43	0	-1	-1	14	0	0	0	2	0	0	0	0	-1	-1	-1	47	15	-1
c4334	46	17	0	0	0	0	20	-1	27	0	26	0	0	-1	0	14	0	27	0	33	0	0	0	17	0	-1	-1	33	-1	0
c4361	46	0	0	35	-1	15	-1	8	27	-1	26	46	47	17	0	14	0	12	0	33	0	0	24	0	0	-1	-1	33	-1	0
c4368	0	-1	0	-1	0	14	11	8	27	0	-1	0	24	17	0	14	0	0	-1	33	0	0	-1	-1	17	-1	-1	0	-1	0
c4397	0	0	0	0	-1	0	0	0	-1	0	-1	43	0	0	0	14	0	50	28	2	0	0	0	-1	14	-1	-1	0	0	0
c4407	14	6	13	-1	0	31	0	0	-1	15	0	-1	22	-1	0	14	-1	0	0	0	0	50	-1	30	0	-1	-1	30	6	0
c4417	-1	0	0	42	-1	0	0	8	0	-1	-1	0	-1	17	0	14	0	30	17	33	22	0	45	0	-1	-1	-1	0	0	0
c4432	33	0	24	-1	0	8	0	13	27	0	8	-1	0	-1	0	14	0	19	24	-1	0	-1	0	-1	0	-1	-1	27	0	0
c4434	20	0	0	44	0	0	0	0	-1	-1	-1	0	-1	-1	24	14	24	0	0	20	22	-1	0	15	24	-1	-1	0	33	-1
c4439	0	0	25	-1	-1	0	26	0	0	0	0	-1	0	24	0	14	0	0	0	33	33	0	13	44	0	-1	-1	0	0	0
c4444	-1	15	-1	0	-1	15	0	-1	33	0	0	35	-1	0	24	14	-1	-1	22	0	-1	0	0	-1	47	-1	-1	0	20	28
c4460	8	17	5	0	10	0	15	0	-1	0	0	0	0	0	0	14	46	0	36	6	-1	0	0	-1	-1	-1	-1	-1	0	0
c4480	-1	0	-1	0	18	-1	-1	33	0	0	-1	-1	0	30	0	14	-1	0	0	2	0	0	0	13	50	-1	-1	6	0	33
c4534	-1	46	0	33	0	0	0	8	27	0	26	-1	17	17	14	14	0	-1	0	-1	0	0	0	43	50	-1	-1	33	-1	0
c4536	0	17	5	0	10	11	15	0	6	-1	0	-1	0	0	0	-1	-1	-1	36	6	0	0	0	17	0	-1	-1	0	-1	0
c4548	20	0	0	0	-1	8	-1	0	0	0	0	0	0	0	24	14	0	-1	43	14	22	-1	0	0	47	-1	-1	0	0	-1
c4556	0	0	28	42	-1	-1	0	8	0	-1	26	0	0	17	0	14	8	-1	0	-1	0	0	14	35	0	-1	-1	0	0	-1
c4564	-1	46	0	33	0	0	-1	8	27	0	26	0	17	17	14	14	0	-1	0	33	0	-1	17	43	50	-1	-1	33	0	-1
c4572	20	-1	0	0	-1	-1	0	-1	33	0	46	0	0	0	24	14	0	-1	22	0	-1	0	0	0	47	-1	-1	0	20	28
c4574	15	17	5	0	-1	0	15	0	6	0	-1	0	0	0	0	14	46	0	36	6	0	0	0	-1	0	-1	-1	-1	0	0
c4575	15	17	5	-1	10	-1	15	0	6	0	-1	0	0	0	0	14	46	0	36	-1	0	0	-1	0	0	-1	-1	0	0	-1
c4580	0	17	5	0	10	0	-1	30	6	0	0	-1	0	0	11	-1	0	0	36	6	0	0	0	0	-1	-1	-1	-1	0	-1
c4581	8	17	5	0	10	0	0	30	6	0	11	0	0	-1	11	14	-1	-1	36	6	0	0	0	0	-1	-1	-1	-1	-1	0
c4590	0	17	5	0	10	-1	0	0	6	0	0	0	-1	24	0	14	-1	0	36	6	-1	0	-1	0	0	-1	-1	0	1	0
c4591	22	-1	5	0	-1	0	0	-1	6	0	0	0	-1	24	0	14	-1	-1	36	-1	6	0	-1	0	0	-1	-1	-1	-1	0
c4599	0	-1	-1	0	14	28	0	45	6	0	15	-1	0	-1	-1	14	28	-1	-1	6	0	-1	0	0	22	-1	-1	-1	-1	34
c4603	0	15	0	0	0	0	33	8	0	-1	26	0	43	17	33	14	33	0	0	33	13	0	0	0	-1	-1	-1	19	0	-1
c4608	-1	0	0	42	-1	0	0	8	0	15	26	0	0	17	-1	14	0	0	34	33	-1	0	0	0	-1	-1	-1	0	22	28
c4653	20	0	0	0	0	-1	14	15	47	0	8	19	46	-1	24	14	0	-1	-1	15	-1	-1	40	0	25	-1	-1	0	0	28
c4661	22	0	0	47	18	0	0	-1	13	0	22	43	0	0	0	-1	0	47	0	2	0	0	0	0	-1	-1	-1	47	15	0
c4669	-1	17	0	-1	28	0	50	8	27	0	-1	0	-1	-1	0	14	-1	0	-1	33	15	-1	0	0	15	-1	-1	33	0	11
c4678	20	0	0	0	35	0	0	22	0	0	0	0	0	0	15	14	0	0	33	-1	22	0	0	0	33	-1	-1	11	0	-1
c4681	0	0	0	-1	30	0	47	0	0	0	-1	0	22	0	17	-1	22	0	0	0	0	-1	47	0	0	-1	-1	0	33	25
c4683	20	27	0	19	0	-1	-1	15	-1	-1	-1	35	20	0	0	14	0	6	0	0	-1	-1	-1	45	46	-1	-1	0	0	42
c4695	-1	-1	-1	32	-1	0	15	0	-1	0	0	0	0	0	24	-1	0	0	13	-1	22	-1	-1	0	47	-1	-1	-1	0	28
c4709	20	43	12	28	-1	0	0	0	33	-1	0	0	0	-1	0	14	0	0	-1	32	-1	17	0	33	14	-1	-1	4	0	28
c4724	20	15	0	0	-1	0	0	0	33	-1	0	-1	0	0	-1	14	0	33	22	22	-1	0	0	0	47	-1	-1	47	20	28
c4739	20	9	-1	0	-1	33	0	-1	0	0	0	0	0	-1	24	-1	0	0	33	32	22	0	0	0	47	-1	-1	8	0	28
c4761	0	17	5	0	10	-1	-1	46	6	-1	0	0	0	0	0	14	46	0	36	6	-1	-1	-1	-1	0	-1	-1	0	0	0
c4762	-1	0	0	0	18	0	0	0	0	0	-1	0	15	0	0	14	-1	0	28	2	-1	-1	0	13	50	-1	-1	6	-1	0
c4769	50	50	0	0	-1	0	-1	0	27	-1	18	0	0	-1	0	14	-1	0	-1	2	0	13	0	-1	1	-1	-1	27	20	0
c4795	0	6	0	-1	46	31	0	-1	-1	15	5	-1	22	-1	0	14	22	-1	0	0	0	50	47	0	0	-1	-1	30	0	0
c4836	46	17	0	-1	0	0	0	8	27	0	-1	0	0	17	-1	-1	0	0	0	33	0	0	6	0	-1	-1	-1	33	-1	0
c4854	20	15	0	0	-1	0	0	0	-1	0	0	0	-1	-1	24	-1	0	33	22	0	22	-1	6	-1	47	-1	-1	0	20	28
c4864	-1	0	0	44	42	20	0	0	-1	47	29	0	-1	-1	24	-1	0	0	0	20	22	-1	0	-1	24	-1	-1	0	33	-1
c4871	0	0	0	42	-1	0	41	8	0	-1	-1	33	-1	17	15	14	-1	0	0	33	-1	0	0	0	0	-1	-1	0	0	0
c4889	20	0	0	19	0	-1	-1	-1	-1	-1	0	35	0	0	0	14	0	6	0	-1	36	46	-1	45	46	-1	-1	0	0	42
c4936	46	0	0	30	0	0	0	0	0	47	46	0	8	17	0	14	-1	0	27	0	0	14	0	-1	0	-1	-1	-1	-1	10
c4950	-1	0	-1	14	30	13	0	0	33	11	17	0	17	0	0	14	0	-1	0	32	-1	-1	0	13	0	-1	-1	0	-1	28
c4951	20	0	42	0	-1	-1	0	0	33	11	17	0	17	0	-1	14	0	0	0	32	22	0	0	13	0	-1	-1	-1	33	28
c4954	46	0	-1	-1	0	0	43	-1	-1	0	26	46	-1	17	-1	14	15	-1	15	33	0	-1	0	0	0	-1	-1	33	13	22
c4957	20	0	-1	-1	-1	-1	-1	0	22	0	0	-1	17	0	24	14	0	0	0	0	22	0	0	-1	-1	-1	-1	0	0	28
c4962	15	-1	-1	47	18	-1	-1	0	-1	0	0	43	0	0	0	-1	31	0	-1	2	-1	0	-1	0	18	-1	-1	47	15	0
c4963	15	32	0	47	18	-1	0	0	13	0	0	43	-1	0	0	-1	0	0	-1	2	0	0	0	42	-1	-1	-1	47	15	0
c4989	-1	17	5	-1	10	-1	15	1	-1	0	11	0	0	0	0	-1	46	0	36	6	19	0	0	-1	-1	-1	-1	0	0	0
c5003	20	14	0	-1	0	-1	14	-1	-1	11	0	0	0	0	-1	-1	-1	17	0	0	-1	14	0	0	-1	-1	-1	0	33	-1
c5008	20	0	45	0	0	-1	-1	0	-1	0	33	-1	0	-1	43	-1	0	-1	0	32	22	0	-1	0	0	-1	-1	19	0	-1
c5009	20	0	45	0	0	0	-1	0	-1	0	-1	-1	-1	0	43	-1	0	0	-1	32	22	0	11	0	-1	-1	-1	19	0	28
c5010	-1	0	-1	-1	-1	0	-1	-1	-1	-1	0	0	0	32	-1	14	0	0	0	2	0	13	6	-1	17	-1	-1	27	20	0
c5036	46	-1	0	0	8	0	-1	8	27	17	26	0	0	17	0	-1	29	0	0	33	0	-1	33	0	47	-1	-1	-1	0	0
c5051	20	0	0	28	-1	0	0	1	33	-1	0	0	0	0	0	14	-1	48	-1	32	22	0	-1	33	-1	-1	-1	4	-1	-1
c5055	-1	-1	-1	44	0	-1	14	0	-1	46	0	0	-1	0	24	-1	28	0	17	0	-1	0	0	-1	24	-1	-1	0	-1	-1
c5058	15	-1	-1	0	14	-1	0	0	-1	0	15	0	0	-1	0	14	0	0	36	6	11	0	0	0	22	-1	-1	-1	0	0
c5076	-1	17	5	0	10	19	0	0	6	0	0	0	-1	24	0	14	-1	0	-1	6	6	0	0	0	0	-1	-1	0	1	0
c5086	-1	6	0	-1	-1	31	0	0	33	15	-1	-1	22	-1	0	14	22	0	0	-1	0	50	47	0	-1	-1	-1	30	0	0
c5087	0	6	0	-1	0	31	0	-1	33	-1	5	-1	-1	-1	0	-1	22	-1	0	0	0	50	47	0	-1	-1	-1	30	-1	0
c5101	20	0	-1	0	35	-1	0	0	0	0	0	42	0	0	15	14	14	0	33	32	22	0	0	0	33	-1	-1	11	-1	28
c5112	0	0	-1	42	22	0	41	8	-1	-1	26	33	0	17	15	14	0	0	-1	33	-1	0	0	-1	0	-1	-1	36	0	0
c5115	22	0	24	6	0	8	0	15	-1	0	8	-1	0	-1	-1	14	0	19	0	-1	0	13	-1	-1	0	-1	-1	27	0	0
c5124	20	-1	0	0	-1	-1	-1	0	-1	5	-1	13	-1	12	24	14	-1	-1	0	0	22	0	0	0	-1	-1	-1	-1	0	28
c5133	0	0	0	-1	22	0	-1	-1	0	0	26	33	0	17	15	-1	0	0	-1	33	-1	0	-1	0	0	-1	-1	0	0	13
c5166	0	-1	5	0	10	0	-1	0	6	0	-1	0	0	0	0	14	0	0	-1	6	0	-1	0	0	-1	-1	-1	0	-1	-1
c5174	-1	46	0	33	0	0	-1	8	27	0	26	0	0	17	0	14	0	0	0	-1	0	-1	0	43	1	-1	-1	-1	0	15
c5196	11	28	-1	0	18	-1	41	-1	-1	0	0	-1	0	0	-1	14	-1	0	36	6	0	0	24	0	-1	-1	-1	-1	-1	-1
c5203	20	15	0	13	-1	0	0	0	33	0	46	-1	0	0	24	14	0	33	22	0	22	0	0	0	47	-1	-1	0	20	28
c5207	0	15	0	0	0	-1	33	-1	0	0	26	-1	43	-1	33	-1	33	0	0	33	0	0	0	0	0	-1	-1	-1	0	0
c5244	46	31	0	0	0	0	0	0	0	25	0	0	33	17	0	14	0	0	27	0	-1	14	44	0	0	-1	-1	50	-1	0
c5262	46	17	0	0	-1	-1	0	8	-1	0	26	0	0	17	-1	14	0	0	0	33	-1	-1	-1	0	-1	-1	-1	33	44	0
c5263	46	17	0	-1	0	0	0	8	27	0	26	0	0	17	15	14	0	-1	0	33	-1	0	-1	0	-1	-1	-1	33	44	-1
c5266	0	0	0	0	0	0	26	0	0	0	0	-1	0	24	0	14	0	0	0	33	33	0	0	-1	0	-1	-1	0	0	0
c5268	46	0	25	0	8	0	-1	8	27	0	26	0	15	17	0	-1	-1	-1	-1	33	22	44	-1	0	47	-1	-1	33	0	0
c5269	46	0	-1	0	8	0	-1	8	27	0	-1	0	15	17	0	-1	29	0	0	33	22	44	33	-1	47	-1	-1	33	0	-1
c5270	0	17	-1	-1	10	-1	15	0	6	-1	0	0	0	0	-1	14	46	47	36	6	11	0	0	-1	0	-1	-1	0	0	0
c5275	46	17	0	0	0	0	-1	8	27	-1	26	0	0	17	0	14	-1	0	0	33	-1	0	0	0	-1	-1	-1	33	0	-1
c5278	20	0	20	28	13	0	-1	0	33	-1	0	-1	0	0	5	14	41	-1	0	32	-1	0	-1	0	0	-1	-1	-1	0	28
c5283	0	20	0	42	22	0	0	8	-1	0	-1	33	0	17	0	-1	0	45	0	33	-1	33	0	0	0	-1	-1	0	0	0
c5288	0	48	0	0	18	22	15	0	0	0	0	50	0	0	22	-1	0	-1	-1	2	0	-1	0	-1	-1	-1	-1	0	-1	0
c5295	20	0	0	-1	0	0	0	0	-1	0	0	0	0	0	24	14	0	-1	0	0	22	0	0	0	24	-1	-1	0	33	-1
c5311	11	28	0	43	18	-1	41	11	-1	-1	0	-1	0	0	12	14	-1	-1	36	-1	-1	42	24	0	17	-1	-1	0	0	33
c5334	0	0	0	0	18	13	0	0	50	-1	46	-1	0	-1	-1	-1	0	-1	0	2	0	0	0	0	0	-1	-1	33	-1	24
c5347	0	0	0	47	18	0	0	-1	-1	0	0	-1	-1	0	0	14	0	0	0	2	29	15	-1	0	18	-1	-1	47	0	0
c5375	0	-1	27	19	0	0	26	0	0	0	0	0	0	24	0	14	0	0	0	33	-1	0	13	-1	-1	-1	-1	0	0	-1
c5390	0	-1	0	-1	0	0	33	-1	0	0	26	0	0	17	0	14	0	-1	5	33	24	0	-1	0	0	-1	-1	19	15	0
c5391	-1	-1	-1	-1	0	0	33	-1	-1	0	26	0	0	17	0	14	-1	-1	5	-1	24	0	0	0	0	-1	-1	19	15	0
c5400	0	0	-1	-1	18	-1	15	27	13	0	0	43	0	0	0	-1	-1	24	29	2	0	0	-1	0	0	-1	-1	0	-1	0
c5405	0	-1	-1	0	0	-1	0	0	6	-1	7	0	30	-1	0	-1	28	0	36	6	0	0	-1	0	0	-1	-1	-1	0	-1
c5430	46	-1	0	-1	0	0	0	8	27	0	26	0	-1	17	14	14	0	33	0	33	0	-1	17	43	-1	-1	-1	33	0	22
c5431	46	46	0	33	0	-1	0	8	27	-1	26	0	-1	17	14	14	0	33	0	-1	-1	0	17	43	-1	-1	-1	33	0	-1
c5471	46	0	22	26	-1	0	0	0	0	0	-1	47	19	17	0	14	0	0	27	0	0	14	0	0	0	-1	-1	-1	-1	-1
c5476	0	15	15	-1	18	0	-1	0	-1	46	0	43	15	0	0	14	18	-1	-1	2	0	0	-1	-1	-1	-1	-1	0	0	0
c5490	-1	17	5	0	10	0	0	12	-1	0	0	-1	0	-1	44	14	0	27	-1	6	0	0	0	0	0	-1	-1	0	0	0
c5491	0	17	5	0	10	0	0	12	6	0	0	0	0	0	44	14	0	-1	36	6	0	0	-1	0	0	-1	-1	0	0	0
c5496	-1	0	0	0	-1	-1	0	0	20	0	0	0	0	17	0	-1	31	0	27	0	18	14	-1	0	0	-1	-1	0	36	0
c5526	20	15	0	0	-1	0	15	0	33	0	0	0	0	0	24	14	-1	-1	-1	0	-1	0	0	0	47	-1	-1	0	20	28
c5527	20	15	-1	0	-1	-1	15	0	33	0	0	0	0	0	24	14	0	33	22	0	22	-1	0	0	47	-1	-1	0	-1	28
c5529	0	0	0	47	-1	0	0	0	13	0	-1	43	0	10	0	14	0	0	0	2	-1	15	0	0	18	-1	-1	47	15	0
c5531	0	0	0	0	-1	-1	-1	47	27	0	0	27	0	32	-1	14	0	50	15	2	-1	13	0	0	17	-1	-1	27	20	0
c5538	0	0	0	0	0	-1	-1	8	27	0	-1	0	0	-1	0	14	50	-1	29	33	-1	0	-1	-1	0	-1	-1	0	0	0
c5546	20	0	15	0	5	0	26	0	0	0	0	0	0	15	0	-1	0	0	22	0	33	0	0	4	0	-1	-1	-1	15	12
c5550	20	47	15	0	-1	-1	-1	0	-1	0	-1	0	0	0	24	14	0	0	0	-1	22	0	13	0	-1	-1	-1	0	0	28
c5557	-1	0	5	-1	22	19	0	0	0	15	43	0	22	-1	0	14	-1	-1	0	0	0	50	47	0	29	-1	-1	-1	6	0
c5563	0	0	14	-1	18	-1	0	0	13	0	0	43	0	10	0	14	-1	0	0	-1	0	0	0	0	18	-1	-1	47	15	0
c5569	0	-1	5	-1	-1	-1	15	-1	-1	0	15	0	0	15	33	14	46	30	-1	6	30	0	0	11	-1	-1	-1	0	-1	-1
c5570	0	0	17	19	0	-1	-1	8	-1	-1	26	-1	-1	17	0	14	0	15	-1	33	0	0	45	-1	17	-1	-1	0	0	0
c5577	20	0	-1	19	-1	-1	-1	0	33	0	0	20	0	-1	-1	14	0	0	41	32	22	0	30	0	0	-1	-1	-1	17	28
c5584	0	0	0	42	22	0	0	-1	0	0	26	0	-1	17	-1	-1	8	0	0	33	0	0	0	28	0	-1	-1	0	0	-1
c5587	22	27	0	45	-1	-1	-1	0	-1	0	28	0	14	-1	14	14	0	0	32	-1	0	13	-1	0	17	-1	-1	27	20	0
c5588	0	-1	5	0	-1	33	15	35	6	0	0	0	0	0	0	14	46	0	-1	-1	0	0	0	0	0	-1	-1	0	0	0
c5589	0	17	5	0	10	33	15	-1	6	0	0	-1	0	0	-1	14	46	0	-1	6	0	0	0	0	0	-1	-1	-1	0	0
c5619	0	17	5	-1	10	0	0	29	6	15	0	0	-1	-1	-1	14	0	33	36	6	-1	28	0	-1	-1	-1	-1	-1	0	0
c5625	0	0	0	47	18	0	15	27	-1	50	0	-1	0	0	0	14	18	-1	-1	-1	0	-1	0	0	0	-1	-1	0	0	-1
c5626	20	0	0	0	-1	33	0	-1	0	0	33	0	0	0	-1	-1	0	0	0	11	22	-1	0	-1	47	-1	-1	-1	19	28
c5633	20	0	0	0	-1	0	-1	0	0	-1	0	-1	0	0	24	14	0	-1	0	-1	-1	46	-1	-1	47	-1	-1	0	-1	-1
c5635	46	0	0	0	17	0	-1	8	-1	0	-1	46	0	-1	0	14	0	-1	15	-1	0	0	0	0	-1	-1	-1	33	0	0
c5647	0	-1	0	-1	18	22	15	0	0	0	-1	0	0	0	22	14	50	15	0	2	0	11	0	-1	0	-1	-1	0	-1	0
c5656	-1	0	28	42	22	27	-1	8	33	0	-1	48	46	17	0	14	8	0	0	33	0	0	0	0	-1	-1	-1	0	0	0
c5671	0	15	-1	-1	14	-1	-1	-1	6	0	15	0	0	-1	-1	-1	0	0	-1	6	-1	-1	-1	0	22	-1	-1	-1	13	0
c5672	0	28	0	0	18	0	0	11	6	0	0	-1	0	-1	12	14	0	-1	36	6	0	0	24	0	-1	-1	-1	0	0	33
c5688	0	15	42	0	-1	0	33	8	0	0	26	0	43	17	33	14	33	0	-1	33	13	11	0	0	0	-1	-1	-1	0	0
c5692	20	33	0	0	0	-1	0	34	-1	47	0	0	0	3	24	14	-1	-1	0	0	22	0	0	-1	-1	-1	-1	-1	-1	28
c5694	46	17	0	0	0	0	0	8	27	0	26	0	0	17	0	14	0	27	-1	33	0	0	17	0	-1	-1	-1	33	0	0
c5712	0	0	-1	0	-1	0	-1	42	27	0	15	0	0	32	-1	14	0	0	-1	2	17	13	0	-1	-1	-1	-1	27	20	-1
c5713	0	0	-1	0	-1	0	-1	42	-1	0	15	0	0	32	-1	14	0	0	22	2	17	-1	0	-1	1	-1	-1	27	20	-1
c5720	0	17	5	0	10	-1	15	0	-1	-1	0	0	0	0	0	14	-1	-1	36	-1	0	0	0	-1	-1	-1	-1	0	0	0
c5727	20	15	28	-1	-1	0	0	24	0	0	0	-1	26	0	-1	14	0	0	33	0	-1	19	0	15	35	-1	-1	13	10	-1
c5735	20	-1	0	0	0	33	-1	-1	0	43	-1	0	0	0	-1	14	0	0	33	32	-1	15	0	0	33	-1	-1	11	0	28
c5740	20	0	0	0	0	0	0	34	-1	-1	-1	0	-1	-1	24	-1	22	-1	0	-1	22	0	0	-1	-1	-1	-1	0	0	-1
c5749	33	0	24	6	-1	8	0	13	-1	0	8	-1	0	-1	0	14	0	19	24	2	0	13	0	10	0	-1	-1	27	0	0
c5752	-1	0	0	8	0	0	0	8	27	42	26	40	0	17	0	14	-1	-1	29	33	0	-1	-1	6	13	-1	-1	0	-1	-1
c5756	-1	0	-1	0	0	0	26	0	47	11	0	8	15	19	0	14	0	0	0	17	33	0	0	0	22	-1	-1	0	0	14
c5766	0	0	-1	28	18	-1	15	-1	0	0	0	0	0	-1	22	-1	15	0	0	-1	0	0	-1	0	0	-1	-1	0	0	0
c5768	0	-1	0	0	0	0	15	8	27	-1	26	0	0	17	0	14	50	-1	-1	33	-1	19	-1	-1	0	-1	-1	0	0	0
c5773	0	0	0	0	0	0	-1	8	-1	0	-1	0	0	17	0	-1	50	-1	29	33	15	-1	-1	43	0	-1	-1	0	0	0
c5807	46	0	-1	0	35	0	0	-1	-1	0	-1	28	0	-1	43	14	0	0	27	14	0	14	0	0	17	-1	-1	24	36	0
c5809	0	-1	0	-1	-1	-1	-1	0	0	0	0	0	0	24	0	14	0	0	0	33	33	0	0	44	-1	-1	-1	0	0	0
c5811	46	-1	0	0	18	0	-1	29	6	-1	-1	-1	17	17	0	14	0	0	-1	-1	0	-1	0	-1	-1	-1	-1	0	-1	0
c5822	32	6	0	-1	0	31	0	0	33	15	0	-1	22	-1	0	14	22	0	-1	0	0	50	47	0	0	-1	-1	-1	0	0
c5828	0	0	0	11	0	-1	15	-1	27	0	26	17	0	17	0	14	-1	-1	-1	33	0	0	-1	-1	0	-1	-1	0	0	0
c5829	-1	0	-1	11	0	0	15	8	27	0	-1	17	0	17	0	14	50	-1	29	33	0	0	-1	43	-1	-1	-1	0	0	0
c5845	-1	0	0	-1	0	0	0	15	-1	0	0	-1	0	0	-1	14	15	18	0	0	22	0	0	0	24	-1	-1	0	33	-1
c5847	20	15	0	0	-1	-1	0	0	33	-1	0	0	0	33	24	14	-1	33	22	22	22	47	0	0	47	-1	-1	-1	-1	28
c5851	20	33	0	-1	-1	0	-1	0	-1	5	0	-1	0	12	24	-1	0	0	14	0	22	0	0	0	47	-1	-1	0	0	-1
c5852	14	0	0	0	18	0	0	0	-1	0	20	43	-1	33	15	14	-1	-1	0	2	-1	-1	0	-1	14	-1	-1	0	0	0
c5860	0	0	-1	47	18	22	-1	8	13	-1	-1	43	0	0	18	-1	-1	0	46	2	-1	0	0	17	18	-1	-1	47	15	0
c5870	46	46	-1	33	0	-1	0	8	27	6	-1	0	0	17	11	14	0	0	0	33	0	0	0	43	1	-1	-1	33	22	0
c5871	46	46	-1	33	0	0	0	8	27	6	26	0	0	17	11	-1	0	0	0	33	0	-1	0	43	1	-1	-1	33	22	-1
c5881	14	-1	0	0	18	0	0	-1	6	36	0	-1	0	-1	-1	14	0	0	36	6	0	19	24	0	0	-1	-1	-1	0	33
c5902	0	0	0	-1	18	0	0	0	13	0	0	43	0	10	0	14	0	0	0	2	15	0	0	-1	18	-1	-1	47	15	-1
c5908	0	50	-1	0	-1	0	-1	0	27	0	0	0	0	32	0	14	0	0	-1	2	0	13	0	-1	-1	-1	-1	27	20	0
c5911	-1	5	0	5	13	41	34	8	0	10	-1	0	-1	17	0	-1	-1	0	0	33	0	-1	0	0	0	-1	-1	0	0	0
c5931	20	0	33	-1	0	19	-1	0	0	15	-1	12	22	-1	0	14	22	0	0	27	0	50	47	0	0	-1	-1	-1	0	0
c5941	20	15	0	0	-1	0	0	0	0	-1	0	0	0	0	24	-1	-1	33	22	0	22	-1	6	-1	47	-1	-1	24	20	28
c5944	0	17	5	45	-1	0	-1	0	6	28	0	0	0	0	0	14	0	-1	36	6	0	-1	0	-1	0	-1	-1	0	0	-1
c5956	20	0	0	0	0	-1	0	-1	0	0	0	0	22	0	15	-1	15	0	33	32	-1	0	0	0	0	-1	-1	0	-1	28
c5957	20	0	0	0	0	0	0	-1	0	-1	0	0	22	0	-1	14	15	0	33	-1	22	0	0	0	0	-1	-1	-1	0	28
c5972	50	6	0	0	0	0	-1	-1	-1	42	26	40	0	17	0	14	-1	-1	29	33	0	12	-1	-1	0	-1	-1	-1	0	0
c5973	50	6	0	0	0	0	0	8	27	42	26	-1	0	17	0	14	-1	-1	29	33	0	12	-1	0	0	-1	-1	0	0	0
c5986	0	17	5	0	10	0	0	0	6	0	-1	-1	0	22	0	14	-1	27	36	6	0	0	0	0	-1	-1	-1	0	0	-1
c5992	-1	0	15	-1	0	0	0	0	0	15	0	15	22	-1	-1	14	22	0	0	-1	-1	-1	47	-1	0	-1	-1	-1	0	-1
c6004	-1	-1	8	-1	-1	0	-1	-1	-1	0	0	-1	-1	-1	-1	14	-1	0	0	2	0	13	-1	28	17	-1	-1	-1	20	-1
c6009	20	43	12	28	-1	0	0	0	33	0	17	0	-1	-1	-1	14	0	0	-1	32	22	-1	0	33	-1	-1	-1	4	0	28
c6010	20	1	-1	0	0	-1	0	20	0	0	-1	0	0	0	15	14	0	15	33	-1	-1	0	0	-1	-1	-1	-1	11	0	28
c6014	46	28	25	0	8	0	-1	8	27	0	26	0	0	17	0	-1	29	26	-1	33	-1	44	33	0	47	-1	-1	33	0	0
c6015	46	-1	25	0	8	0	-1	-1	27	0	26	0	0	17	0	-1	29	26	-1	33	-1	44	-1	0	47	-1	-1	33	0	0
c6016	20	0	0	0	-1	-1	0	15	0	29	50	0	0	0	24	14	0	0	50	17	22	0	-1	15	47	-1	-1	15	-1	28
c6030	46	-1	0	13	-1	0	46	-1	19	0	0	0	17	17	0	14	0	0	27	-1	0	14	14	0	0	-1	-1	50	36	0
c6036	46	17	0	-1	0	0	0	8	27	0	26	0	0	-1	0	14	0	0	0	33	-1	0	0	0	-1	-1	-1	33	0	0
c6037	46	17	0	-1	0	-1	0	8	27	0	26	0	-1	17	0	-1	0	0	0	33	0	0	0	0	-1	-1	-1	33	0	0
c6048	20	-1	0	0	0	-1	-1	15	-1	-1	0	35	0	0	0	14	0	6	-1	0	-1	46	-1	45	46	-1	-1	0	0	42
c6056	0	0	0	42	22	0	0	8	0	-1	26	0	0	17	0	-1	0	-1	0	33	-1	0	0	0	0	-1	-1	15	22	0
c6057	0	0	-1	42	-1	0	0	8	0	0	26	0	0	17	0	-1	-1	0	-1	33	-1	0	-1	-1	0	-1	-1	15	22	0
c6067	0	0	22	28	-1	-1	0	13	-1	0	0	-1	0	8	0	14	0	0	0	0	41	0	-1	0	0	-1	-1	0	0	15
c6070	0	18	0	0	-1	0	26	22	14	0	0	0	0	24	0	14	-1	22	0	-1	33	24	0	44	0	-1	-1	0	0	0
c6076	0	12	-1	15	18	22	15	42	0	13	-1	0	0	0	-1	14	15	-1	-1	2	0	33	0	20	0	-1	-1	0	0	0
c6077	0	12	-1	15	18	-1	15	42	-1	-1	-1	0	0	0	22	14	15	0	0	2	0	33	0	-1	0	-1	-1	0	0	0
c6084	-1	0	-1	15	18	22	15	42	-1	0	-1	0	0	-1	22	14	15	-1	-1	2	0	33	0	0	-1	-1	-1	0	0	-1
c6114	-1	15	28	-1	-1	43	0	24	0	0	0	-1	-1	0	24	-1	0	26	33	0	22	0	0	0	35	-1	-1	0	0	-1
c6118	15	17	5	-1	-1	0	15	0	6	0	0	0	0	-1	0	14	46	-1	36	6	0	0	33	0	0	-1	-1	0	15	0
c6133	0	0	0	0	-1	22	15	0	0	0	0	0	0	-1	22	14	0	0	0	2	0	-1	0	0	0	-1	-1	-1	28	0
c6135	20	33	-1	-1	0	0	0	34	-1	47	0	-1	0	3	-1	14	0	-1	42	0	22	43	0	0	0	-1	-1	-1	-1	28
c6145	-1	17	-1	0	10	0	0	0	6	0	0	0	0	46	18	14	15	0	36	6	0	0	0	-1	0	-1	-1	-1	-1	27
c6146	0	15	0	0	-1	13	33	-1	0	0	-1	0	-1	-1	33	14	33	0	0	33	0	0	24	-1	0	-1	-1	19	-1	0
c6153	46	0	-1	-1	-1	0	46	0	0	0	5	0	0	17	0	14	43	0	27	0	0	14	14	0	0	-1	-1	50	36	-1
c6157	0	0	0	0	-1	0	26	0	0	-1	0	-1	8	-1	0	-1	0	0	0	46	33	-1	-1	0	0	-1	-1	20	0	12
c6161	20	0	0	19	0	-1	-1	15	-1	-1	0	35	0	0	-1	14	0	-1	0	0	0	46	-1	45	-1	-1	-1	0	0	42
c6191	46	-1	-1	0	-1	11	-1	0	20	0	0	-1	0	-1	-1	-1	31	-1	-1	0	18	14	-1	0	0	-1	-1	0	36	0
c6194	0	17	0	0	0	15	26	40	-1	-1	13	0	-1	0	0	-1	0	-1	-1	0	0	0	31	0	0	-1	-1	-1	12	0
c6207	46	0	-1	-1	0	-1	-1	-1	20	0	0	-1	-1	17	-1	-1	31	0	27	-1	18	14	-1	0	0	-1	-1	0	36	0
c6215	0	0	0	-1	18	-1	15	0	-1	-1	0	-1	0	0	22	14	-1	0	0	2	8	0	0	0	0	-1	-1	0	0	0
c6222	20	14	13	-1	0	0	14	0	-1	11	30	0	0	0	24	14	22	-1	0	0	22	14	-1	0	24	-1	-1	0	33	-1
c6224	20	-1	0	44	-1	0	0	-1	-1	22	0	-1	31	50	24	14	0	0	0	0	-1	-1	0	0	-1	-1	-1	0	33	-1
c6232	0	-1	0	42	-1	0	0	8	-1	0	26	0	0	17	-1	14	-1	0	0	33	-1	0	0	-1	0	-1	-1	-1	12	0
c6235	0	0	33	-1	0	0	-1	0	0	-1	0	0	0	24	0	14	0	-1	-1	33	-1	0	0	44	-1	-1	-1	0	0	0
c6239	0	17	5	0	10	25	0	-1	6	0	0	0	-1	24	-1	14	-1	0	36	-1	6	28	-1	-1	0	-1	-1	0	0	0
c6262	20	15	0	44	0	-1	-1	-1	-1	0	0	0	0	0	-1	-1	0	0	-1	47	-1	-1	-1	-1	-1	-1	-1	0	-1	28
c6264	-1	-1	-1	0	27	-1	-1	-1	0	-1	26	0	-1	17	0	-1	17	22	-1	-1	15	0	0	-1	-1	-1	-1	19	0	0
c6286	-1	0	25	0	8	0	-1	-1	27	0	26	0	15	-1	0	-1	29	0	-1	33	22	44	33	0	47	-1	-1	33	0	0
c6287	46	-1	-1	0	8	0	-1	8	27	0	26	0	15	-1	0	-1	29	0	0	33	22	44	33	-1	47	-1	-1	33	0	0
c6290	0	17	5	0	-1	0	15	-1	6	-1	0	0	-1	0	-1	14	46	-1	-1	6	0	0	0	36	0	-1	-1	0	0	0
c6291	0	17	5	0	10	0	15	0	6	-1	0	0	0	0	-1	14	-1	47	36	6	0	0	0	36	0	-1	-1	0	-1	-1
c6292	20	0	0	20	0	-1	46	-1	43	0	0	19	-1	-1	24	14	0	11	0	-1	-1	24	40	0	25	-1	-1	0	-1	28
c6299	20	14	-1	44	0	0	14	0	-1	11	0	0	0	0	24	-1	22	17	0	0	22	14	0	0	24	-1	-1	-1	33	-1
c6305	46	17	0	0	0	0	0	8	27	0	26	0	0	-1	0	14	0	-1	0	-1	0	17	0	0	0	-1	-1	-1	15	46
c6311	20	15	0	-1	-1	0	0	-1	33	0	0	0	-1	0	24	14	0	33	22	-1	22	0	0	0	-1	-1	-1	0	20	28
c6317	-1	13	0	47	0	0	0	-1	27	0	26	46	0	17	-1	14	0	-1	0	33	0	-1	-1	0	0	-1	-1	-1	0	0
c6329	20	0	0	-1	-1	0	-1	13	-1	0	-1	-1	0	0	24	14	0	29	-1	-1	22	44	-1	-1	47	-1	-1	0	0	28
c6357	0	0	0	-1	-1	0	-1	0	27	0	50	0	14	32	0	14	0	0	0	2	24	13	17	-1	17	-1	-1	-1	20	-1
c6361	46	-1	-1	-1	18	0	0	0	0	0	0	47	19	17	0	14	-1	0	-1	0	25	-1	0	0	6	-1	-1	12	-1	-1
c6362	20	0	0	0	0	6	-1	15	-1	-1	28	35	-1	47	0	14	0	6	0	-1	0	46	-1	-1	46	-1	-1	0	4	42
c6366	0	-1	0	42	22	0	41	8	0	0	26	33	0	17	15	-1	0	0	0	33	-1	0	0	-1	0	-1	-1	0	0	0
c6390	0	0	0	0	-1	-1	15	-1	0	0	0	0	35	20	-1	14	0	0	0	2	38	11	0	-1	0	-1	-1	0	0	46
c6393	46	-1	22	26	18	0	0	0	0	0	-1	47	19	-1	0	-1	0	0	27	0	0	14	-1	0	-1	-1	-1	-1	-1	0
c6394	-1	0	0	0	0	0	26	0	0	0	-1	0	0	-1	-1	-1	0	0	-1	33	33	0	0	-1	-1	-1	-1	0	0	-1
c6397	0	0	0	47	18	0	0	0	-1	0	33	-1	0	0	0	14	-1	0	0	2	-1	15	0	0	18	-1	-1	47	0	0
c6399	0	0	0	0	18	-1	15	18	0	0	0	0	0	-1	22	14	-1	50	0	-1	0	0	0	0	0	-1	-1	0	15	0
c6400	20	0	-1	0	-1	8	-1	0	0	0	0	0	0	0	24	14	-1	0	43	-1	22	46	0	0	47	-1	-1	0	-1	-1
c6408	20	0	0	0	-1	-1	31	15	-1	-1	0	-1	-1	-1	0	14	0	6	0	-1	0	46	-1	45	46	-1	-1	0	0	42
c6412	20	14	6	44	0	0	14	-1	-1	11	-1	0	-1	11	24	-1	28	-1	0	0	-1	-1	-1	-1	24	-1	-1	0	33	-1
c6423	6	0	-1	0	18	22	-1	42	13	-1	0	0	0	0	22	14	-1	-1	15	2	-1	0	0	0	-1	-1	-1	0	0	22
c6428	46	17	0	0	0	12	0	8	-1	0	26	-1	0	17	0	14	0	0	0	33	-1	0	0	0	0	-1	-1	-1	0	0
c6434	-1	0	0	42	22	0	0	8	0	22	26	0	0	17	25	14	8	-1	0	33	0	47	0	28	0	-1	-1	0	33	0
c6456	0	17	5	0	10	-1	15	0	-1	0	-1	18	0	-1	0	14	46	0	36	6	0	0	0	-1	0	-1	-1	0	31	-1
c6458	0	-1	0	0	0	0	33	-1	-1	-1	26	0	43	17	33	14	33	-1	48	33	-1	0	0	0	0	-1	-1	19	0	0
c6471	0	-1	-1	0	0	28	0	0	-1	35	7	-1	30	-1	0	-1	28	0	36	-1	-1	0	0	-1	0	-1	-1	-1	0	0
c6490	46	-1	-1	0	0	0	43	8	-1	0	26	46	-1	-1	-1	14	15	14	15	33	0	-1	0	0	0	-1	-1	33	13	22
c6491	46	0	0	-1	0	0	43	8	-1	0	26	46	-1	17	-1	14	15	14	15	33	0	0	0	0	0	-1	-1	33	-1	22
c6493	14	-1	0	0	0	0	26	0	0	13	-1	8	0	0	0	14	39	0	-1	0	33	0	0	0	0	-1	-1	0	0	0
c6495	20	0	0	-1	-1	-1	0	15	-1	29	50	-1	-1	0	24	14	0	0	50	17	22	0	-1	15	47	-1	-1	15	-1	28
c6500	0	17	5	0	10	0	15	-1	6	0	47	15	0	0	0	14	46	-1	36	6	0	24	0	0	0	-1	-1	-1	0	0
c6503	-1	0	0	0	18	22	15	0	0	-1	0	50	0	30	22	14	0	0	0	2	0	-1	0	-1	-1	-1	-1	0	0	0
c6510	20	33	-1	-1	0	6	0	-1	-1	0	0	0	0	3	-1	14	0	-1	0	-1	22	0	0	0	0	-1	-1	0	0	28
c6513	0	17	5	0	10	-1	0	30	6	17	0	0	47	0	-1	14	0	0	36	6	-1	0	0	27	0	-1	-1	0	-1	0
c6527	46	0	-1	0	0	0	0	0	0	0	0	0	0	17	43	-1	0	0	27	14	0	14	0	-1	0	-1	-1	24	-1	0
c6535	20	0	0	44	0	0	0	15	-1	-1	0	22	0	0	-1	-1	0	-1	0	-1	22	0	0	0	-1	-1	-1	0	33	-1
c6544	0	0	0	-1	0	19	-1	0	0	15	0	24	22	-1	0	14	22	22	0	-1	22	50	47	-1	0	-1	-1	-1	0	0
c6545	0	0	0	-1	0	-1	13	-1	0	15	0	24	22	-1	0	14	22	-1	0	-1	22	50	47	-1	0	-1	-1	8	0	-1
c6558	20	14	0	44	0	0	14	0	-1	-1	0	0	0	22	24	14	36	0	0	0	22	-1	-1	11	24	-1	-1	0	-1	-1
c6566	0	0	-1	-1	-1	28	0	-1	6	-1	15	0	0	-1	-1	14	0	0	36	6	0	-1	-1	20	22	-1	-1	-1	0	-1
c6583	6	0	-1	0	18	22	-1	-1	-1	0	0	0	0	-1	22	14	-1	0	0	2	0	0	0	0	0	-1	-1	-1	0	22
c6584	0	0	22	-1	0	-1	-1	0	-1	15	-1	-1	22	-1	40	14	22	0	0	29	0	-1	47	0	-1	-1	-1	0	-1	-1
c6585	0	0	22	-1	0	0	0	0	0	15	8	15	22	-1	-1	14	-1	-1	0	29	0	-1	47	0	-1	-1	-1	0	0	-1
c6594	-1	0	0	0	-1	0	-1	0	0	0	0	0	0	0	24	14	0	0	0	0	22	46	0	0	47	-1	-1	0	0	-1
c6598	0	0	-1	42	22	27	-1	8	0	-1	-1	48	46	17	0	14	-1	0	0	-1	0	0	0	0	-1	-1	-1	-1	-1	-1
c6603	0	0	0	47	-1	0	-1	0	13	0	0	43	0	10	0	14	0	0	0	2	15	-1	0	-1	18	-1	-1	47	15	0
c6617	0	17	5	0	10	0	15	0	6	0	47	15	0	-1	0	14	46	0	-1	6	0	24	0	0	0	-1	-1	-1	0	0
c6619	0	-1	27	19	0	0	26	0	0	0	0	0	0	24	0	14	0	0	-1	-1	33	0	13	44	0	-1	-1	0	0	0
c6621	0	-1	5	0	10	0	-1	0	-1	8	-1	0	0	47	0	14	46	-1	36	6	0	0	0	-1	-1	-1	-1	0	0	0
c6636	20	0	0	0	0	33	0	-1	0	43	0	0	-1	0	15	-1	0	0	33	32	22	15	0	-1	33	-1	-1	11	0	28
c6637	20	0	-1	0	0	33	0	0	-1	43	0	0	0	0	15	14	0	0	33	32	22	15	0	0	33	-1	-1	-1	0	28
c6640	-1	0	-1	47	-1	-1	-1	0	13	46	-1	43	15	-1	0	14	18	43	29	2	-1	0	0	0	46	-1	-1	-1	-1	0
c6664	0	-1	-1	47	18	0	0	8	13	0	0	43	0	0	18	14	-1	0	46	-1	0	0	0	0	18	-1	-1	47	15	0
c6665	0	22	-1	47	18	0	0	8	13	0	0	43	0	0	18	14	-1	0	46	-1	0	0	-1	0	18	-1	-1	-1	15	0
c6674	46	-1	0	-1	-1	0	46	0	0	0	0	-1	0	17	-1	14	-1	0	27	0	0	14	14	0	0	-1	-1	-1	-1	0
c6697	20	15	0	-1	-1	0	-1	0	-1	0	46	0	0	0	24	14	0	-1	-1	0	22	0	0	0	47	-1	-1	-1	-1	28
c6705	0	0	0	0	18	22	15	0	0	0	0	-1	-1	-1	22	-1	-1	0	0	2	0	0	0	-1	0	-1	-1	-1	0	28
c6713	0	50	-1	-1	-1	-1	-1	-1	27	0	0	0	0	32	0	14	0	-1	-1	-1	0	13	-1	-1	1	-1	-1	-1	20	0
c6719	-1	0	0	0	-1	-1	-1	15	0	29	50	0	0	0	24	14	-1	0	50	30	-1	0	-1	15	47	-1	-1	15	-1	-1
c6723	20	0	-1	0	-1	0	-1	0	-1	0	0	0	-1	0	24	14	0	15	0	17	22	0	0	0	47	-1	-1	0	-1	28
c6731	0	17	5	0	10	0	0	29	6	15	0	0	-1	-1	-1	14	0	33	36	6	0	28	0	-1	0	-1	-1	14	0	0
c6741	0	-1	-1	-1	-1	33	33	8	-1	0	26	0	-1	17	0	14	0	-1	0	33	0	18	0	17	0	-1	-1	-1	-1	0
c6748	-1	-1	0	47	18	0	-1	0	13	0	0	43	-1	10	0	14	0	0	-1	2	0	15	0	-1	18	-1	-1	47	15	0
c6749	0	0	0	47	18	-1	0	-1	13	-1	0	43	0	10	0	14	0	0	0	2	-1	15	0	0	-1	-1	-1	47	15	0
c6751	0	-1	0	0	18	-1	15	18	-1	0	0	0	0	0	22	14	0	-1	0	-1	-1	0	0	0	0	-1	-1	0	0	0
c6759	0	-1	0	0	-1	0	-1	-1	27	0	44	0	0	32	-1	14	-1	-1	-1	2	42	13	-1	0	17	-1	-1	27	20	0
