	0	1	2	3	4	5	6	7	8	9	10	11	12	13	14	15	16	17	18	19	20	21	22	23	24	25	26	27	28	29
c712	2	0	0	0	-1	0	0	-1	6	-1	0	0	0	-1	0	-1	21	39	0	0	0	0	-1	-1	-1	10	50	0	0	-1
c1716	38	0	38	-1	0	0	-1	0	48	0	0	-1	0	-1	0	0	0	0	13	-1	0	-1	0	-1	0	10	0	7	0	0
c1754	0	0	0	0	0	-1	-1	-1	0	-1	0	0	0	13	-1	0	0	38	0	18	-1	6	9	-1	-1	-1	9	0	9	-1
c2814	46	0	26	0	0	-1	39	0	0	0	0	-1	0	0	-1	0	-1	31	-1	0	0	-1	0	42	0	10	0	0	10	8
c2819	0	-1	0	0	-1	39	0	0	0	46	-1	-1	-1	-1	0	0	0	-1	48	0	9	0	-1	-1	36	0	-1	36	29	0
c3054	-1	0	0	-1	0	0	0	-1	0	0	0	-1	0	0	48	18	0	0	0	28	32	8	33	-1	0	-1	-1	0	18	13
c3369	-1	0	0	0	0	-1	0	0	0	40	16	0	-1	13	37	-1	0	0	30	18	-1	0	9	42	36	10	-1	-1	9	-1
c3402	46	-1	-1	0	0	-1	0	13	0	0	5	0	0	0	-1	8	-1	0	0	0	-1	-1	0	42	0	10	-1	0	38	0
c3485	48	0	0	0	0	39	8	46	0	0	0	13	16	-1	12	1	0	0	0	48	-1	0	0	42	0	-1	9	-1	12	-1
c3693	9	0	0	0	-1	39	0	-1	-1	-1	-1	-1	0	0	-1	0	-1	0	-1	-1	-1	0	0	42	0	-1	-1	-1	-1	18
c3761	-1	33	-1	-1	-1	23	0	48	0	-1	0	0	0	-1	-1	0	-1	3	-1	0	0	38	-1	-1	0	10	0	-1	-1	0
c3801	46	0	26	0	0	0	31	0	0	-1	22	0	0	0	0	0	-1	-1	0	0	-1	-1	0	42	0	10	0	-1	-1	8
c3822	26	0	0	-1	0	-1	-1	0	0	0	0	13	0	46	0	0	-1	0	0	-1	32	0	-1	42	48	0	-1	48	0	-1
c3854	0	-1	0	-1	0	0	0	0	0	0	0	0	0	0	-1	0	0	0	0	-1	0	48	0	-1	0	10	0	-1	29	0
c3924	0	0	2	0	0	0	0	0	-1	0	-1	46	-1	-1	0	0	26	0	0	46	0	-1	-1	42	0	10	-1	-1	-1	16
c4043	0	-1	0	0	0	23	0	0	0	40	16	0	0	13	-1	0	-1	0	0	18	-1	0	9	42	0	10	-1	0	9	-1
c4192	0	43	0	-1	0	39	0	-1	0	-1	0	-1	-1	0	0	0	0	0	0	0	-1	0	1	42	45	0	46	20	16	-1
c4228	0	0	0	-1	0	39	0	0	13	0	0	13	0	7	0	0	0	-1	0	-1	-1	34	7	-1	0	9	46	0	0	3
c4272	0	-1	-1	0	0	39	0	26	-1	0	0	0	0	13	-1	0	0	0	9	0	5	0	0	42	-1	0	46	0	9	-1
c4288	0	26	0	-1	0	39	31	0	0	0	0	-1	0	-1	0	46	0	31	-1	0	0	0	0	42	0	10	-1	0	0	-1
c4529	-1	32	-1	0	0	39	0	0	13	18	0	13	0	-1	0	-1	-1	-1	0	0	0	0	5	42	0	-1	0	-1	0	3
c4693	0	-1	-1	0	0	0	-1	-1	0	0	0	5	-1	-1	0	0	0	-1	0	0	46	46	-1	42	0	-1	0	-1	0	0
c4743	-1	0	13	0	0	39	49	-1	0	0	0	13	0	0	-1	0	-1	0	0	48	0	0	13	42	0	-1	-1	0	12	-1
c4751	34	-1	0	-1	0	0	0	0	30	-1	-1	0	-1	-1	44	0	26	0	-1	0	-1	1	9	42	0	10	0	-1	-1	0
c4771	-1	0	26	-1	0	0	31	0	0	0	0	0	0	0	-1	0	-1	0	0	22	0	38	0	42	0	10	0	0	10	8
c4824	0	0	0	-1	0	0	38	0	-1	0	0	0	0	48	-1	7	0	0	0	0	-1	46	-1	42	-1	-1	0	0	34	-1
c4855	2	0	18	-1	0	0	0	-1	-1	-1	9	0	0	0	0	0	-1	0	0	0	0	0	49	-1	48	10	46	13	-1	0
c4879	46	40	-1	0	-1	0	31	0	0	0	0	0	0	0	0	0	-1	8	0	0	0	38	0	42	-1	10	0	0	10	8
c4904	0	0	-1	0	-1	-1	0	46	18	-1	-1	-1	38	30	0	0	46	0	0	-1	46	0	0	-1	0	10	0	33	-1	0
c4915	46	0	0	0	0	0	-1	13	0	-1	5	0	0	0	-1	8	-1	0	0	0	0	38	-1	42	41	10	36	0	38	0
c4940	0	36	0	26	0	-1	16	0	0	0	0	0	0	0	0	-1	22	0	-1	0	37	0	0	42	0	9	46	0	-1	-1
c5045	0	6	0	0	0	39	0	0	0	-1	-1	0	0	0	0	48	0	0	0	0	0	0	46	-1	-1	48	-1	-1	16	0
c5060	3	0	38	0	37	0	0	0	0	-1	0	0	0	-1	-1	0	0	0	4	0	0	-1	-1	42	46	10	0	0	-1	-1
c5076	0	-1	-1	0	-1	46	0	0	-1	-1	0	21	-1	-1	-1	0	0	0	46	41	-1	0	0	42	0	10	-1	0	36	0
c5164	-1	13	-1	18	-1	-1	0	0	-1	0	0	13	0	49	-1	48	0	-1	-1	0	28	0	0	42	-1	48	0	0	0	3
c5175	0	0	13	0	0	50	0	0	0	0	0	0	0	0	0	0	0	18	-1	0	0	46	-1	42	0	-1	0	46	-1	0
c5379	48	0	0	0	0	39	0	46	29	-1	0	13	0	0	-1	0	0	39	0	48	0	-1	0	-1	-1	0	-1	14	-1	-1
c5713	0	0	0	26	0	-1	0	0	-1	-1	0	0	0	0	0	22	0	0	0	-1	32	-1	0	42	-1	0	22	48	-1	8
c5761	0	32	0	0	0	39	-1	0	13	-1	0	13	-1	-1	0	-1	38	-1	0	0	0	0	5	42	-1	-1	0	4	0	3
c5766	0	0	0	0	-1	0	0	-1	0	0	0	0	0	39	0	0	0	0	34	0	0	9	0	42	-1	10	47	0	0	-1
c5791	0	0	0	-1	-1	0	0	4	-1	0	-1	0	0	-1	-1	0	-1	0	46	0	-1	0	0	42	-1	10	0	-1	36	0
c5803	2	0	0	-1	-1	39	0	-1	36	-1	0	0	0	0	46	0	0	-1	-1	-1	0	0	9	-1	-1	0	46	0	-1	46
c5829	-1	33	0	46	21	48	45	48	0	0	0	44	0	0	0	0	-1	3	0	0	30	-1	-1	-1	0	-1	0	-1	8	0
c5859	46	0	10	45	0	0	-1	2	0	0	0	18	0	13	39	0	0	-1	0	0	16	36	32	42	0	10	0	-1	-1	0
c5877	1	0	0	0	0	46	46	0	0	-1	-1	46	38	30	-1	0	9	0	-1	0	46	0	0	42	0	10	0	27	0	0
c6109	46	0	26	0	0	13	31	0	0	-1	41	0	-1	-1	46	-1	-1	0	0	0	0	38	0	42	0	10	0	0	10	8
c6163	0	0	-1	0	0	6	-1	0	0	-1	-1	22	0	0	0	0	0	0	0	-1	-1	32	-1	42	-1	10	0	18	0	10
c6273	46	0	0	-1	0	0	0	13	0	0	-1	0	-1	0	0	8	-1	0	0	0	0	38	-1	42	0	10	-1	-1	38	0
c6301	2	0	0	0	0	0	0	0	-1	-1	0	0	0	-1	0	37	21	0	33	-1	-1	0	46	-1	0	10	0	-1	0	-1
c6312	19	-1	8	0	-1	39	44	0	0	-1	0	48	8	0	0	-1	0	-1	0	0	-1	21	-1	42	0	13	-1	0	0	0
c6504	46	0	26	0	16	0	31	49	-1	0	-1	48	0	0	0	0	-1	-1	0	12	-1	38	0	42	-1	-1	16	-1	10	-1
c6536	13	-1	0	0	1	39	-1	35	0	0	0	48	18	0	27	0	0	-1	-1	0	8	-1	-1	-1	0	39	-1	0	0	-1
c6609	45	29	0	0	0	39	-1	-1	-1	0	0	-1	0	0	0	2	39	9	0	-1	0	48	26	42	0	32	-1	0	0	44
c6652	0	0	-1	-1	1	39	0	18	0	0	0	48	-1	13	18	-1	0	-1	0	-1	0	0	-1	-1	22	0	46	0	-1	9
c6654	-1	-1	26	-1	19	46	31	-1	33	0	-1	-1	0	48	0	0	-1	46	-1	29	0	38	-1	42	18	10	0	0	10	8
c6682	-1	-1	-1	-1	0	43	13	0	29	40	0	0	0	13	0	0	-1	38	0	18	-1	-1	-1	-1	0	10	5	0	-1	0
c6695	-1	0	0	0	-1	50	0	0	-1	0	0	0	46	0	0	0	0	0	0	0	13	0	-1	-1	0	-1	13	-1	-1	-1
c6752	46	0	0	8	0	0	0	13	0	0	5	0	-1	0	0	8	-1	0	0	0	0	38	-1	42	0	10	-1	0	38	-1
c6760	-1	0	0	44	-1	39	0	0	39	0	38	-1	-1	0	8	0	0	9	0	-1	-1	0	0	42	48	0	46	0	-1	0
c6768	0	0	0	0	-1	-1	-1	0	0	-1	12	0	0	0	0	-1	26	0	8	0	-1	0	9	42	47	-1	-1	-1	-1	0
c6819	0	0	0	-1	30	-1	-1	0	0	46	-1	-1	0	-1	9	0	0	0	48	0	0	-1	9	42	0	-1	46	36	29	0
c6832	0	-1	13	0	-1	39	0	-1	0	48	0	0	-1	0	0	0	0	0	0	0	13	0	0	42	0	0	-1	0	0	-1
c6839	26	38	0	0	36	1	9	0	0	9	0	0	-1	8	-1	0	29	0	0	8	32	0	0	42	-1	0	0	48	18	0
c6989	0	-1	0	-1	-1	-1	33	-1	48	0	-1	13	38	-1	18	0	34	-1	48	0	0	-1	46	42	9	0	-1	38	-1	48
c6991	18	48	0	0	21	39	0	0	4	0	0	13	36	0	0	-1	0	-1	-1	0	28	-1	0	42	47	48	28	0	-1	-1
c7090	0	-1	0	0	22	39	0	-1	13	0	-1	13	0	-1	0	-1	38	-1	0	34	0	8	-1	42	0	-1	0	4	0	3
c7094	46	0	0	0	46	0	-1	13	0	-1	5	0	7	0	0	8	-1	-1	0	-1	0	38	-1	42	0	10	36	0	38	0
c7095	46	0	0	0	0	0	0	13	0	-1	5	0	7	0	0	8	-1	-1	0	0	-1	38	-1	42	0	10	36	0	38	-1
c7151	46	33	0	46	-1	48	-1	48	0	-1	0	44	-1	0	0	-1	-1	3	0	0	0	38	-1	42	0	10	-1	-1	-1	0
c7169	0	39	9	-1	0	39	45	46	0	41	0	13	38	0	46	0	0	0	10	-1	0	0	0	42	0	0	0	-1	7	18
c7232	0	47	0	0	-1	0	0	0	48	36	8	-1	38	9	0	-1	0	0	30	9	0	0	0	42	0	10	1	0	0	0
c7241	0	0	0	21	1	39	0	0	-1	0	38	48	0	-1	13	-1	0	-1	0	5	-1	0	-1	42	0	9	-1	-1	0	0
c7248	46	47	26	0	-1	-1	31	-1	0	13	-1	-1	0	0	0	0	-1	-1	0	0	47	38	0	42	0	10	0	0	10	8
c7348	9	-1	0	0	0	-1	0	0	0	-1	0	0	0	0	48	0	-1	0	0	29	0	48	-1	-1	7	10	0	38	-1	-1
c7353	-1	0	26	0	16	46	31	49	0	13	46	0	0	-1	-1	0	-1	0	0	0	0	38	0	42	0	10	0	18	10	8
c7376	9	0	0	0	46	39	0	0	0	-1	0	0	0	-1	0	0	0	0	-1	0	-1	0	0	-1	-1	0	46	0	38	0
c7441	-1	-1	0	0	0	39	0	46	0	0	-1	13	0	0	0	0	-1	0	0	-1	34	48	0	-1	-1	0	9	0	12	-1
c7475	-1	0	0	0	-1	0	0	0	0	-1	-1	-1	0	0	-1	8	-1	48	16	0	9	38	39	-1	0	10	14	0	38	0
c7492	-1	0	0	0	0	39	-1	0	0	-1	-1	13	36	0	-1	0	0	-1	-1	-1	28	9	-1	42	0	48	-1	0	-1	3
c7589	-1	38	0	0	-1	1	9	9	0	9	0	0	18	13	-1	-1	0	-1	0	-1	-1	0	-1	-1	48	0	0	48	0	40
c7613	0	13	49	0	-1	-1	-1	46	18	-1	0	-1	38	30	-1	0	-1	0	0	47	46	0	0	42	0	10	0	33	0	0
c7643	47	36	0	0	0	39	16	0	35	49	39	0	43	-1	0	0	0	0	-1	0	0	0	13	-1	0	0	46	0	-1	0
c7682	0	40	0	45	46	0	-1	0	0	0	0	35	0	13	0	46	0	0	-1	-1	0	0	22	-1	0	-1	0	0	0	50
c7696	-1	0	-1	-1	0	39	33	0	18	29	-1	13	50	-1	0	0	-1	-1	-1	0	0	0	0	-1	7	46	18	26	38	0
c7700	48	-1	-1	26	0	39	1	46	-1	-1	0	13	28	0	0	-1	6	0	0	48	0	6	0	42	0	-1	9	0	12	-1
c7702	-1	-1	35	0	0	-1	0	46	0	-1	0	-1	0	0	0	18	39	-1	-1	-1	0	0	-1	42	0	18	0	0	-1	13
c7772	46	0	26	-1	0	46	31	-1	0	0	0	0	0	0	0	0	-1	0	0	0	0	38	0	42	-1	10	0	0	10	8
c7773	-1	0	26	-1	0	-1	31	49	0	0	0	0	0	0	0	-1	-1	0	-1	0	-1	38	0	42	0	10	-1	0	10	-1
c7832	21	-1	0	9	-1	39	-1	46	0	0	0	13	0	0	0	0	39	9	0	0	0	0	26	-1	0	0	0	18	0	29
c7877	0	-1	0	0	-1	39	0	22	0	0	0	45	-1	0	8	-1	0	0	0	0	0	-1	0	42	0	0	46	0	29	0
c7925	0	0	46	0	1	39	0	0	0	26	0	-1	-1	13	18	0	0	0	0	0	0	0	-1	42	-1	33	46	0	0	0
c7980	0	39	-1	0	0	39	-1	46	0	0	-1	13	-1	48	46	0	0	0	0	-1	0	0	0	42	0	0	0	-1	-1	0
c7996	-1	-1	0	0	0	37	0	0	46	0	19	0	0	0	-1	0	0	0	0	-1	0	48	36	-1	0	10	0	0	0	0
c8024	46	33	1	46	21	18	0	48	0	0	26	0	0	-1	-1	0	-1	-1	19	0	0	38	0	-1	0	10	0	0	0	0
c8026	26	30	0	0	-1	0	39	0	0	38	8	38	-1	0	44	0	0	0	0	13	-1	-1	0	42	-1	0	-1	48	46	0
c8058	0	0	0	-1	0	-1	33	23	-1	0	-1	0	0	0	0	25	0	0	0	0	32	0	-1	42	-1	10	-1	31	-1	0
c8085	0	0	0	-1	-1	0	18	-1	-1	-1	0	-1	-1	13	0	0	0	44	-1	18	-1	0	9	-1	0	10	0	0	9	0
c8130	0	0	0	0	0	33	48	0	0	0	0	0	47	0	-1	-1	-1	0	0	-1	-1	0	0	42	48	0	22	48	1	8
c8140	0	18	2	0	-1	18	0	0	0	30	0	-1	30	0	0	39	-1	-1	-1	0	0	0	8	42	0	10	0	0	0	0
c8166	46	0	-1	0	0	0	0	0	0	-1	5	0	0	9	39	-1	-1	0	0	0	0	38	0	42	0	10	-1	0	-1	0
c8191	-1	32	-1	25	0	33	0	0	-1	0	0	0	47	-1	0	18	0	-1	0	-1	32	0	0	42	48	0	22	48	37	8
c8208	8	0	0	-1	0	0	0	0	0	0	-1	36	0	0	0	-1	0	0	-1	-1	0	-1	26	-1	-1	10	0	0	0	-1
c8211	-1	0	26	0	0	46	31	-1	0	0	0	-1	0	-1	18	0	-1	-1	0	0	0	38	-1	42	0	10	12	-1	-1	-1
c8246	0	0	0	0	0	39	-1	-1	0	-1	46	13	-1	0	-1	0	49	-1	18	-1	0	0	0	42	0	0	9	0	12	-1
c8250	46	0	-1	0	16	0	31	-1	0	0	0	0	0	0	9	0	-1	-1	0	0	-1	38	0	42	44	10	13	0	10	8
c8280	29	0	0	0	9	0	-1	0	-1	0	0	9	0	21	-1	9	-1	48	0	-1	0	0	0	42	0	-1	0	0	0	0
c8302	0	0	30	0	0	39	0	46	2	0	-1	13	0	-1	0	0	2	0	0	48	0	0	26	42	0	0	9	0	12	-1
c8327	-1	0	0	0	0	0	49	0	20	0	0	-1	0	45	-1	0	-1	0	0	-1	-1	-1	0	42	0	10	0	0	0	16
c8361	29	0	-1	0	9	-1	30	18	-1	0	0	9	-1	21	-1	0	-1	48	0	0	0	0	-1	-1	0	-1	0	0	46	0
c8363	26	0	13	0	-1	-1	-1	0	0	0	-1	0	0	0	0	0	43	0	36	0	32	-1	-1	42	48	0	-1	48	-1	3
c8375	0	0	-1	0	-1	-1	-1	46	-1	-1	0	13	0	-1	-1	0	0	0	12	48	0	0	-1	-1	0	0	9	-1	12	-1
c8380	0	0	0	-1	0	39	33	0	0	0	26	-1	0	0	1	0	0	47	48	39	0	0	0	42	7	0	18	0	-1	0
c8398	-1	0	30	0	31	39	0	46	-1	0	-1	13	0	0	-1	0	0	-1	0	48	0	0	-1	42	8	0	9	0	12	-1
c8409	0	-1	0	-1	0	22	0	47	48	0	0	-1	9	-1	0	-1	0	-1	3	0	0	0	-1	42	0	10	0	0	-1	0
c8417	-1	0	0	30	0	-1	29	0	-1	-1	8	13	-1	0	-1	45	0	31	-1	0	0	50	0	42	0	-1	39	45	0	-1
c8420	2	0	0	0	-1	0	0	-1	6	0	0	0	-1	-1	0	0	21	-1	0	0	0	0	-1	-1	48	10	18	0	0	0
c8446	0	34	18	-1	48	39	0	-1	13	9	25	13	0	-1	38	-1	38	-1	-1	0	0	0	0	-1	0	48	13	-1	0	3
c8463	46	0	0	0	0	0	0	-1	-1	0	5	0	0	-1	-1	8	-1	48	0	-1	0	38	0	42	0	10	-1	0	38	0
c8486	0	-1	0	0	0	0	0	0	0	46	0	-1	0	0	-1	0	0	0	0	0	0	-1	0	-1	0	10	0	0	-1	0
c8615	16	0	36	0	-1	0	0	-1	-1	0	0	0	0	0	-1	-1	0	28	46	0	-1	0	-1	42	0	10	0	0	36	0
c8637	13	46	49	30	0	39	29	48	-1	0	0	13	0	0	0	-1	-1	0	48	0	0	22	0	42	13	-1	0	45	-1	3
c8661	-1	0	-1	22	0	1	0	0	0	-1	-1	0	0	0	44	18	0	0	0	13	32	0	0	-1	-1	0	-1	48	-1	0
c8672	0	27	0	26	22	-1	16	0	0	0	0	0	0	0	0	0	0	0	-1	0	0	-1	0	42	0	46	46	18	-1	-1
c8676	46	0	26	0	-1	18	39	0	0	0	0	36	0	-1	0	0	-1	31	16	0	0	38	0	42	13	10	-1	0	-1	8
c8689	48	0	-1	20	29	39	0	46	0	0	38	13	39	0	0	-1	0	0	0	48	-1	-1	-1	-1	-1	0	9	0	12	-1
c8690	0	0	0	45	0	0	-1	-1	0	0	-1	-1	25	13	0	46	-1	0	-1	0	-1	0	0	-1	34	-1	0	0	0	-1
c8703	0	30	-1	0	30	39	0	0	-1	0	0	0	39	0	0	0	9	0	48	0	0	0	9	42	0	9	46	-1	29	-1
c8710	-1	33	-1	-1	21	0	48	48	0	0	0	50	36	0	0	0	-1	3	0	26	0	-1	0	42	-1	10	0	0	0	0
c8779	1	0	0	0	-1	0	0	-1	21	39	0	0	0	0	48	18	0	0	0	28	32	0	33	42	0	0	-1	-1	0	-1
c8854	0	0	0	-1	0	0	12	0	0	7	0	36	0	0	-1	0	26	-1	0	0	0	-1	9	42	0	10	9	-1	-1	-1
c8885	46	33	0	46	21	-1	0	48	9	-1	26	0	0	0	0	0	-1	3	0	-1	0	38	-1	42	0	-1	0	0	-1	36
c8892	0	0	49	-1	-1	-1	0	46	-1	-1	13	-1	38	30	-1	-1	0	0	0	47	-1	-1	0	42	0	10	0	33	0	0
c8897	-1	0	0	-1	0	39	0	-1	0	0	0	13	0	0	10	0	-1	-1	0	48	0	0	-1	42	36	0	9	0	12	-1
c8924	12	16	0	0	0	0	38	0	-1	0	-1	0	0	48	-1	-1	-1	0	33	0	47	30	10	42	38	10	26	0	22	-1
c8926	0	0	-1	-1	1	-1	0	0	0	0	-1	48	-1	13	18	0	-1	0	0	0	0	-1	-1	42	22	43	46	0	0	0
c8927	0	0	-1	0	1	-1	0	0	0	-1	38	48	-1	13	-1	-1	0	0	0	0	0	0	-1	42	22	0	-1	0	0	-1
c8928	26	0	-1	-1	0	29	-1	-1	0	-1	16	22	0	0	50	0	0	-1	0	13	-1	-1	0	-1	48	7	-1	-1	0	0
c8990	-1	0	18	0	0	39	-1	-1	0	0	0	13	0	-1	0	-1	0	-1	0	48	0	0	0	-1	-1	0	9	0	12	-1
c9011	0	-1	-1	-1	-1	39	-1	0	0	-1	-1	-1	0	-1	-1	-1	34	-1	-1	-1	0	49	-1	-1	9	-1	-1	38	-1	48
c9021	-1	-1	0	0	38	39	0	46	0	0	16	13	0	-1	12	1	-1	0	-1	48	-1	0	0	42	-1	0	9	-1	12	-1
c9106	46	33	-1	46	-1	0	0	48	0	0	0	-1	0	0	-1	0	-1	3	0	0	0	38	0	42	0	10	0	0	0	-1
c9144	1	0	0	0	0	0	0	0	0	0	0	-1	-1	0	48	18	0	-1	-1	28	32	-1	33	42	0	0	-1	0	0	13
c9214	0	0	0	48	-1	0	49	0	0	0	0	18	0	0	48	0	0	0	0	-1	0	0	0	42	0	10	0	-1	0	-1
c9252	0	0	0	0	-1	0	0	7	0	32	0	0	0	0	0	0	0	0	0	-1	-1	13	34	42	-1	10	4	0	-1	0
c9268	0	16	0	-1	0	0	0	0	0	-1	0	0	0	13	-1	0	-1	0	0	18	-1	0	9	42	46	10	0	-1	9	0
c9307	0	-1	0	-1	46	39	0	26	13	-1	0	13	0	0	0	0	-1	0	0	0	0	0	7	-1	0	9	46	0	-1	3
c9405	29	0	0	0	9	-1	30	0	39	0	0	9	-1	0	0	0	-1	-1	0	-1	0	0	-1	42	0	-1	26	-1	0	0
c9406	46	0	-1	0	-1	0	31	0	36	0	0	-1	0	0	0	0	-1	2	16	-1	16	38	0	42	0	10	-1	0	10	8
c9427	26	0	13	0	0	10	0	7	0	0	0	9	0	0	13	0	43	0	36	0	32	-1	-1	-1	48	0	33	48	-1	3
c9437	38	-1	-1	0	-1	0	-1	0	0	40	12	0	0	13	0	22	0	14	0	18	-1	48	9	42	0	10	-1	-1	9	-1
c9468	26	0	0	0	-1	0	39	0	0	18	36	0	0	0	44	0	0	0	0	13	32	0	0	42	-1	0	-1	48	-1	0
c9507	46	-1	0	0	-1	0	36	0	0	0	5	-1	0	0	-1	0	-1	0	-1	-1	0	38	0	42	0	-1	46	0	0	0
c9523	0	-1	0	0	-1	48	0	-1	0	0	41	0	0	-1	0	29	0	0	0	0	0	31	46	-1	0	-1	-1	18	0	39
c9539	0	0	0	-1	0	33	-1	0	0	-1	49	0	0	0	0	0	0	0	0	0	-1	0	0	42	-1	0	22	-1	38	-1
c9562	0	0	-1	-1	1	39	33	0	-1	0	26	-1	-1	0	0	-1	0	47	0	0	0	0	0	42	7	0	18	5	29	41
c9574	26	38	48	39	0	0	9	0	48	9	0	0	0	47	0	0	0	0	0	0	-1	18	0	42	-1	-1	0	-1	-1	0
c9578	-1	0	26	0	16	0	31	49	0	0	-1	0	0	-1	0	0	-1	0	0	0	0	38	0	42	22	10	-1	18	10	8
c9669	0	0	0	0	-1	9	0	0	8	0	-1	0	-1	0	0	0	0	12	0	29	-1	0	0	42	0	-1	0	0	29	0
c9694	0	0	0	0	0	39	0	46	-1	0	0	-1	-1	-1	-1	0	39	-1	-1	0	0	-1	-1	42	-1	0	0	-1	0	-1
c9703	46	-1	0	0	0	36	36	0	7	0	-1	-1	0	-1	46	0	-1	0	0	48	0	38	0	42	-1	10	0	0	0	0
c9733	-1	-1	0	0	2	0	-1	-1	-1	0	0	-1	48	0	44	18	46	0	0	-1	32	0	0	42	48	-1	-1	48	-1	0
c9759	-1	0	0	26	0	33	0	0	0	28	0	0	0	0	0	0	0	0	0	-1	32	-1	0	42	48	0	22	48	-1	-1
c9892	46	0	18	0	-1	-1	0	13	-1	8	5	-1	0	7	0	-1	-1	21	0	0	-1	38	-1	42	0	10	36	0	38	0
c9906	-1	32	-1	0	20	0	36	1	0	0	5	0	0	-1	0	0	-1	0	0	0	0	38	0	42	-1	10	0	0	0	0
c9950	0	0	0	-1	-1	39	0	0	0	48	48	0	-1	0	46	0	-1	0	0	0	0	0	0	42	9	-1	-1	0	0	0
c9975	46	0	-1	0	0	45	39	0	-1	0	0	-1	0	-1	29	-1	-1	31	16	-1	0	38	0	42	-1	10	-1	0	-1	8
c9980	46	0	26	0	0	0	31	0	0	32	0	0	0	0	0	0	-1	-1	0	31	0	-1	46	-1	0	10	0	0	10	8
c9981	46	0	-1	0	0	0	-1	0	0	-1	0	0	-1	0	0	-1	-1	-1	0	0	0	38	46	-1	0	10	0	0	10	8
c10003	0	46	0	-1	0	39	33	0	0	0	-1	-1	0	0	18	-1	0	0	48	0	0	-1	0	42	-1	0	18	0	0	-1
c10015	0	0	0	-1	1	39	-1	0	-1	0	-1	0	0	-1	-1	28	0	48	9	0	0	-1	-1	42	0	9	46	31	0	0
c10033	-1	-1	0	0	8	0	0	0	-1	0	0	0	18	0	-1	7	0	0	-1	0	47	0	-1	42	38	10	-1	0	0	0
c10039	0	0	0	-1	1	39	0	0	0	-1	-1	7	0	0	0	28	0	0	0	10	0	0	-1	42	0	9	-1	31	-1	0
c10078	40	0	0	-1	0	39	0	48	0	29	0	-1	0	0	0	0	9	20	-1	0	0	0	-1	-1	0	0	46	20	16	0
c10101	26	38	0	0	36	-1	9	-1	22	9	-1	0	48	8	30	0	36	0	0	0	-1	0	0	42	-1	0	0	48	-1	23
c10133	-1	0	46	0	0	39	48	46	-1	0	0	13	0	0	0	29	-1	46	0	48	-1	0	0	42	26	0	9	0	-1	-1
c10159	0	0	0	0	0	39	0	0	0	36	8	13	0	-1	-1	0	45	-1	-1	0	0	-1	-1	-1	0	48	-1	0	0	3
c10162	1	0	0	46	0	0	-1	0	0	0	0	-1	9	0	-1	18	0	0	46	-1	32	0	0	-1	0	43	32	0	0	38
c10207	-1	0	0	0	0	-1	-1	-1	46	0	0	-1	0	0	0	0	0	0	0	0	32	36	0	42	48	0	-1	48	0	8
c10238	1	0	0	-1	0	0	44	0	0	0	0	-1	0	0	-1	-1	0	0	0	28	32	0	-1	42	-1	0	-1	0	-1	-1
c10274	-1	0	0	0	-1	0	0	0	6	0	0	0	0	0	0	0	21	0	-1	0	10	-1	0	-1	48	10	46	-1	38	26
c10281	0	0	0	0	0	33	-1	0	0	0	49	13	32	22	0	0	0	0	0	0	32	0	0	42	48	0	22	48	0	8
c10284	46	32	0	30	0	0	36	1	-1	0	5	0	0	-1	0	0	-1	0	0	0	0	38	0	-1	0	-1	0	0	0	0
c10297	46	0	0	0	0	0	-1	13	-1	-1	-1	0	-1	-1	-1	8	-1	0	0	18	-1	38	0	42	0	10	36	36	38	8
c10305	46	0	26	0	0	46	-1	-1	-1	0	0	0	0	0	0	0	-1	0	0	0	-1	38	2	42	0	10	-1	0	10	8
c10309	0	-1	-1	-1	0	46	0	14	0	-1	16	0	0	13	0	-1	0	38	0	18	-1	0	9	42	0	10	-1	0	-1	-1
c10316	0	0	-1	-1	1	39	0	0	0	0	47	0	0	0	-1	28	0	0	0	-1	0	37	-1	42	0	9	46	31	0	0
c10330	0	0	0	0	30	39	0	-1	0	0	0	0	0	-1	0	0	8	0	48	0	0	0	-1	42	0	48	-1	-1	29	48
c10334	1	39	0	34	0	0	-1	0	-1	1	-1	-1	49	0	0	18	39	0	0	28	32	0	-1	42	0	33	0	-1	-1	0
c10335	1	39	0	34	0	21	-1	-1	-1	1	-1	46	49	0	0	18	39	0	0	28	32	-1	-1	-1	0	33	0	-1	0	0
c10350	0	27	0	26	-1	39	-1	0	0	0	0	-1	-1	0	28	0	-1	-1	-1	-1	0	-1	0	42	9	46	-1	0	-1	-1
c10355	26	38	0	0	36	-1	9	-1	-1	9	0	0	0	0	30	0	-1	-1	0	-1	32	0	18	42	48	0	-1	48	0	0
c10376	0	27	0	26	-1	39	-1	0	0	0	0	0	0	0	0	0	38	7	-1	0	0	0	0	42	9	-1	46	0	-1	-1
c10379	0	0	0	48	0	33	-1	22	0	0	0	-1	0	13	0	43	0	38	0	-1	-1	0	0	42	48	0	-1	48	0	8
c10388	46	0	26	0	16	-1	-1	0	26	0	0	0	0	0	0	0	-1	0	0	-1	-1	38	0	42	0	10	13	0	10	-1
c10419	13	-1	-1	0	-1	39	0	0	0	0	-1	48	0	-1	0	0	0	35	0	-1	8	0	-1	42	0	0	46	0	-1	-1
c10442	-1	10	0	30	-1	48	0	0	-1	49	0	-1	0	-1	-1	-1	0	0	0	0	-1	0	0	-1	48	0	10	-1	-1	0
c10449	46	28	26	0	0	0	31	0	36	39	0	-1	0	0	0	0	-1	0	16	0	-1	-1	-1	-1	0	10	0	-1	10	8
c10479	0	0	0	0	0	0	0	0	-1	-1	0	41	22	0	0	0	0	0	-1	0	0	48	0	-1	0	-1	0	32	39	0
c10499	-1	33	-1	-1	21	48	0	-1	0	0	0	44	0	-1	-1	0	-1	3	0	0	-1	-1	-1	42	-1	10	0	0	8	0
c10530	0	0	0	-1	-1	39	33	0	-1	0	26	-1	0	0	32	31	0	13	-1	0	-1	-1	-1	-1	46	8	18	0	0	-1
c10532	2	3	-1	0	0	-1	0	0	6	-1	0	-1	0	0	0	37	21	0	33	0	0	0	0	-1	36	10	0	31	0	0
c10536	-1	27	0	-1	22	39	16	0	0	0	0	-1	0	0	0	0	0	0	-1	0	0	0	0	42	0	46	-1	18	-1	-1
c10584	0	0	0	-1	46	39	0	0	13	-1	-1	-1	0	0	0	0	0	0	0	0	0	0	7	-1	0	-1	-1	0	0	3
c10588	0	-1	0	0	22	0	0	0	0	31	-1	0	-1	48	0	29	0	-1	0	0	0	0	0	-1	-1	10	22	0	34	39
c10590	-1	-1	0	-1	1	39	0	0	0	0	47	0	0	-1	0	-1	0	-1	0	0	-1	0	-1	42	0	9	46	-1	0	0
c10608	0	-1	0	-1	6	0	0	0	0	-1	0	0	0	0	0	0	0	36	0	0	-1	0	-1	-1	0	10	0	32	-1	-1
c10630	3	0	0	0	0	0	0	9	0	0	-1	9	0	-1	0	0	-1	0	-1	0	0	0	-1	42	-1	10	0	0	-1	0
c10646	-1	0	0	0	30	39	48	0	0	46	0	-1	0	0	0	-1	0	0	48	0	0	0	9	-1	0	0	46	36	29	0
c10654	0	34	18	0	48	-1	0	-1	13	9	25	13	0	-1	-1	-1	38	-1	-1	0	-1	2	-1	42	-1	48	13	-1	-1	3
c10668	-1	0	-1	-1	-1	39	0	0	0	0	-1	48	-1	13	-1	-1	0	0	0	0	0	13	-1	42	0	0	46	0	0	0
c10669	-1	0	-1	-1	1	-1	0	0	0	0	0	48	-1	13	-1	0	0	0	0	0	0	13	-1	42	0	0	46	36	0	-1
c10684	-1	-1	0	0	0	0	9	0	0	9	0	0	0	0	0	0	-1	48	48	0	32	0	0	42	48	-1	0	-1	0	0
c10686	26	0	0	0	39	33	50	0	0	-1	0	-1	0	0	44	-1	49	0	0	13	32	0	18	42	-1	0	-1	-1	0	0
c10701	-1	39	-1	8	0	39	-1	46	0	0	0	13	38	-1	46	8	-1	0	0	-1	0	0	10	42	0	-1	0	0	49	6
c10739	26	0	0	0	-1	0	50	-1	0	31	48	0	0	0	44	0	0	0	0	13	32	-1	0	-1	-1	1	-1	48	4	-1
c10748	-1	0	0	0	0	43	13	0	0	40	0	13	0	-1	23	0	-1	38	0	18	-1	0	9	42	-1	10	-1	0	-1	-1
c10761	0	-1	0	-1	-1	0	-1	0	18	39	0	0	0	18	-1	0	-1	0	46	0	-1	0	0	42	0	10	-1	29	36	0
c10774	-1	32	26	46	0	0	31	0	-1	0	0	0	-1	0	0	0	-1	38	0	22	0	38	-1	42	0	10	0	0	10	8
c10866	48	-1	-1	0	0	39	-1	-1	0	-1	0	0	0	13	-1	-1	-1	0	9	0	-1	30	0	42	0	0	46	-1	0	33
c10885	0	-1	0	0	0	0	0	-1	39	18	0	0	36	0	0	-1	0	13	-1	-1	0	-1	0	42	-1	10	0	-1	-1	0
c10888	3	0	0	-1	0	0	0	0	-1	0	0	0	0	-1	0	0	-1	-1	-1	0	-1	-1	-1	-1	46	-1	-1	0	-1	0
c10896	46	0	26	-1	33	0	31	0	0	0	-1	9	35	0	-1	-1	-1	-1	-1	0	0	-1	0	42	-1	10	0	-1	-1	8
c10935	-1	31	18	0	-1	39	0	0	0	0	0	-1	-1	0	0	32	-1	0	0	0	0	0	0	42	0	9	-1	-1	0	0
c11003	-1	-1	46	0	-1	0	0	33	8	0	33	48	0	0	0	0	-1	0	-1	46	47	0	0	42	0	10	0	0	0	0
c11025	0	-1	0	26	-1	39	16	0	14	0	0	0	0	12	0	0	0	0	-1	0	37	0	0	42	0	9	46	35	-1	-1
c11064	0	0	0	-1	30	39	-1	-1	0	0	0	0	0	0	0	48	8	0	48	0	0	9	9	-1	0	48	46	-1	29	0
c11065	-1	0	0	-1	30	39	-1	0	0	0	0	0	0	0	0	48	8	0	-1	0	0	0	9	42	0	48	-1	0	29	0
c11071	46	-1	0	46	21	0	0	-1	0	0	0	0	0	-1	0	0	-1	3	8	0	0	38	0	-1	0	10	0	0	0	0
c11100	46	47	26	-1	-1	8	31	0	0	0	-1	49	0	0	-1	0	-1	0	0	0	47	-1	-1	42	0	10	0	8	10	-1
c11122	0	28	13	-1	0	39	0	33	-1	0	0	-1	-1	-1	0	0	0	-1	-1	0	28	0	0	42	33	-1	0	0	47	-1
c11159	-1	0	13	0	0	50	0	0	0	0	0	0	0	0	0	0	0	0	0	46	-1	-1	-1	42	0	-1	0	-1	-1	-1
c11160	26	-1	-1	0	-1	-1	-1	0	0	0	0	0	0	0	44	0	0	0	0	13	-1	3	31	42	48	1	-1	48	-1	0
c11179	0	-1	0	22	0	39	0	46	-1	-1	0	13	0	0	36	0	0	0	0	48	0	-1	0	-1	-1	0	9	0	12	-1
c11198	0	0	-1	30	-1	-1	0	0	2	0	0	-1	-1	0	8	-1	0	-1	0	48	0	0	0	42	0	0	46	0	1	0
c11216	0	6	0	-1	0	-1	-1	0	0	29	0	0	0	0	0	48	0	0	-1	0	0	0	-1	-1	0	0	-1	20	16	0
c11241	0	0	0	0	-1	39	-1	-1	-1	48	48	0	-1	48	0	18	46	0	0	-1	0	0	0	-1	11	0	46	0	0	0
c11267	-1	0	0	45	0	0	-1	0	38	46	0	0	0	13	-1	10	0	0	29	0	44	-1	0	-1	0	-1	0	0	-1	0
c11269	-1	-1	22	-1	0	39	33	-1	-1	-1	-1	13	0	0	18	12	0	0	48	0	0	16	0	42	0	-1	-1	-1	0	0
c11274	-1	26	26	0	19	46	31	-1	33	-1	0	0	0	48	-1	22	-1	46	0	-1	0	38	0	42	18	10	0	0	-1	8
c11295	-1	0	0	0	0	0	0	-1	0	-1	0	0	0	-1	44	18	0	-1	-1	13	32	0	0	42	48	45	-1	48	-1	0
c11331	0	32	0	0	22	39	0	-1	13	0	0	13	0	-1	-1	-1	38	-1	13	0	0	0	-1	42	0	48	-1	-1	0	3
c11338	0	0	-1	0	0	28	0	0	0	-1	0	0	28	0	-1	-1	0	0	0	0	0	0	0	-1	0	10	0	37	-1	0
c11343	8	0	0	-1	0	-1	0	0	13	0	0	13	0	0	-1	0	-1	0	36	-1	-1	39	7	-1	2	9	46	2	-1	3
c11347	-1	0	0	0	28	39	0	-1	0	0	-1	13	36	48	0	0	9	-1	-1	0	28	-1	0	42	0	48	0	0	0	3
c11355	2	4	-1	0	0	-1	0	0	6	-1	0	0	33	0	0	0	21	0	0	0	0	0	0	-1	48	10	46	0	0	0
c11358	0	0	0	-1	19	39	33	0	-1	0	26	13	0	0	0	0	-1	47	0	-1	0	0	0	42	7	0	18	0	-1	-1
c11369	0	0	-1	-1	-1	0	0	0	-1	0	0	0	21	0	-1	-1	0	-1	0	0	0	13	34	-1	0	10	-1	6	-1	1
c11373	0	44	0	-1	0	0	-1	0	8	0	33	0	0	0	0	0	-1	33	0	46	47	0	0	42	0	10	-1	0	0	-1
c11385	0	-1	0	0	50	39	1	-1	0	0	11	13	0	0	-1	0	0	46	-1	48	0	0	26	-1	0	0	9	3	12	-1
c11427	0	-1	-1	-1	0	39	0	-1	13	9	22	13	0	-1	0	-1	-1	-1	-1	0	0	0	0	42	-1	48	13	0	-1	3
c11430	0	0	-1	0	1	39	0	0	0	0	0	-1	-1	13	18	0	0	-1	0	0	0	0	-1	42	22	0	46	-1	0	0
c11431	0	0	-1	-1	1	39	0	0	0	0	0	48	-1	13	18	0	0	0	0	0	0	0	-1	-1	22	0	46	0	0	0
c11433	-1	0	26	0	19	46	31	0	33	0	0	0	-1	48	0	0	-1	46	38	29	0	38	0	42	18	10	0	-1	10	8
c11464	-1	0	0	0	-1	-1	-1	-1	0	-1	0	0	0	0	44	0	0	0	0	-1	32	0	0	42	48	1	-1	48	-1	0
c11513	46	30	26	-1	0	39	0	47	0	0	0	-1	9	0	12	0	0	-1	-1	0	9	-1	3	-1	0	0	-1	0	-1	0
c11560	46	-1	0	0	0	0	36	0	0	-1	5	0	0	-1	0	0	-1	0	-1	0	0	38	0	-1	0	10	46	0	-1	46
c11601	-1	49	0	0	0	39	49	46	0	0	12	13	0	0	48	0	0	36	0	48	0	0	0	42	0	0	-1	36	12	-1
c11621	-1	0	0	0	0	33	-1	0	0	0	0	13	29	0	-1	0	0	13	0	46	32	0	0	42	48	0	-1	48	0	8
c11634	0	0	-1	0	-1	-1	0	0	-1	0	0	0	46	-1	-1	0	0	0	47	0	0	13	-1	42	0	10	0	-1	0	0
c11639	9	0	0	0	-1	39	-1	0	0	48	48	0	-1	-1	18	18	0	-1	28	0	-1	0	0	42	0	0	46	0	-1	-1
c11666	0	0	0	-1	0	39	33	0	13	0	-1	13	0	0	18	0	-1	0	48	-1	0	49	0	42	0	0	18	1	-1	48
c11685	46	0	-1	13	0	0	-1	-1	36	0	0	0	0	0	0	0	-1	-1	-1	-1	-1	38	0	42	0	10	0	0	10	8
c11698	0	-1	0	0	-1	39	0	0	-1	8	0	-1	-1	0	0	0	30	0	-1	0	0	-1	0	42	48	0	-1	0	-1	0
c11715	0	0	0	0	1	-1	0	0	0	0	0	48	28	-1	13	0	0	46	-1	0	0	0	-1	42	-1	0	46	0	0	-1
c11731	0	0	-1	-1	-1	-1	45	-1	-1	-1	0	-1	-1	30	0	0	46	0	0	47	46	0	0	-1	0	10	0	33	-1	0
c11738	-1	-1	8	0	1	-1	0	0	0	9	-1	48	-1	0	0	0	34	0	0	0	8	0	-1	42	0	-1	46	0	0	0
c11747	0	0	30	0	0	-1	0	46	2	13	0	-1	0	0	-1	0	-1	0	0	-1	0	0	-1	42	0	-1	9	0	-1	-1
c11765	48	7	0	0	0	39	1	-1	0	0	41	13	8	0	4	0	0	0	0	-1	0	0	31	42	8	0	9	-1	12	-1
c11767	0	0	0	33	-1	0	46	0	0	-1	8	0	38	30	-1	0	9	0	-1	0	46	0	0	-1	0	10	37	9	39	-1
c11798	0	-1	0	0	-1	-1	-1	46	0	-1	-1	13	47	-1	0	0	-1	0	-1	48	0	0	26	42	0	48	9	-1	12	-1
c11804	2	0	0	0	-1	39	0	0	-1	0	0	0	0	0	0	0	-1	-1	48	0	0	0	9	42	0	0	46	38	29	3
c11834	46	47	26	-1	16	0	31	-1	-1	13	0	0	0	-1	0	0	-1	0	0	0	-1	38	0	-1	0	10	0	0	-1	8
c11842	46	0	26	0	0	0	31	-1	0	32	0	0	0	0	0	0	-1	-1	0	-1	0	38	46	42	0	10	0	0	10	8
c11855	48	-1	-1	0	0	39	-1	0	0	-1	0	0	0	13	46	0	-1	0	-1	0	5	30	0	42	0	0	46	-1	0	-1
c11860	3	-1	0	0	0	0	0	0	-1	0	0	0	20	-1	0	-1	0	0	4	0	0	0	-1	-1	46	-1	0	0	-1	0
c11865	0	0	46	-1	-1	39	-1	0	-1	46	0	-1	-1	0	0	0	-1	-1	48	0	0	0	9	-1	0	0	46	36	29	0
c11870	0	0	0	0	0	33	0	38	0	0	-1	-1	0	9	0	0	0	9	-1	46	32	0	-1	42	48	0	-1	48	0	8
c11888	-1	0	9	0	0	-1	0	0	0	29	0	0	0	12	0	0	0	0	0	0	-1	0	0	42	-1	0	-1	20	16	0
c11894	18	-1	0	0	-1	39	-1	-1	4	0	0	13	36	0	0	-1	0	-1	-1	0	28	0	0	42	47	48	28	0	-1	-1
c11902	-1	-1	0	0	0	-1	0	0	0	0	41	0	0	-1	0	29	0	0	0	0	0	31	46	-1	0	-1	0	18	-1	39
c11946	29	-1	0	-1	9	-1	30	-1	39	0	0	-1	0	21	0	-1	-1	48	0	48	0	0	0	-1	0	-1	0	-1	0	9
c11965	0	0	0	0	0	39	38	46	0	0	7	13	9	0	10	0	0	0	-1	48	18	0	5	42	0	-1	9	0	12	-1
c12000	46	0	26	46	-1	0	31	-1	-1	0	0	0	0	0	0	0	-1	-1	0	22	0	38	0	42	0	10	0	0	10	8
c12035	0	0	0	0	-1	0	0	0	-1	0	0	0	0	29	0	0	0	0	0	0	0	0	-1	42	0	10	48	0	0	0
c12048	-1	0	0	-1	0	0	-1	0	-1	-1	0	41	0	-1	-1	0	-1	0	-1	0	0	-1	0	42	0	10	-1	32	39	0
c12056	-1	-1	30	0	0	39	0	46	0	48	0	13	0	-1	0	0	0	0	0	-1	0	0	26	42	0	0	-1	-1	12	-1
c12099	48	-1	0	0	32	39	-1	46	0	0	0	13	0	0	-1	13	50	-1	0	-1	0	-1	0	42	-1	0	9	0	12	-1
c12120	0	0	0	0	0	-1	0	0	0	40	0	48	0	13	-1	46	0	-1	48	18	-1	0	9	42	0	10	0	0	9	0
c12124	2	0	0	0	0	0	0	0	6	0	0	0	0	0	0	0	21	0	-1	0	0	0	-1	-1	-1	-1	-1	0	0	0
c12133	46	33	1	46	21	18	0	48	0	0	26	0	0	0	9	0	-1	-1	19	-1	0	38	0	42	0	10	0	0	0	0
c12134	-1	39	9	0	-1	39	45	46	0	0	21	-1	38	-1	46	-1	0	0	9	-1	0	-1	0	-1	-1	0	26	0	30	0
c12164	8	-1	2	0	-1	18	29	0	0	30	-1	0	-1	-1	0	-1	0	-1	-1	0	0	0	8	42	0	10	0	0	0	0
c12191	0	0	13	0	0	50	12	29	0	0	-1	0	0	0	0	0	-1	0	0	0	0	0	-1	42	30	-1	0	46	-1	0
c12196	26	-1	0	0	-1	0	50	36	0	0	0	-1	0	0	44	0	0	-1	-1	13	-1	0	-1	42	48	-1	-1	48	4	0
c12240	0	0	0	-1	-1	0	-1	0	0	2	36	0	0	-1	46	-1	0	0	0	0	-1	0	0	42	0	10	18	39	-1	-1
c12313	-1	0	0	0	-1	39	0	0	-1	-1	0	-1	-1	0	0	0	0	0	0	45	46	0	0	42	0	0	46	0	0	0
c12328	-1	0	-1	-1	-1	0	31	0	0	-1	0	9	-1	0	0	0	-1	0	40	0	0	38	0	-1	0	10	0	0	10	-1
c12366	0	0	-1	45	0	-1	-1	0	0	9	-1	0	0	13	0	0	-1	0	8	-1	0	0	-1	-1	0	10	0	0	-1	0
c12427	-1	44	0	0	-1	0	46	-1	35	0	8	0	38	30	-1	46	0	0	0	0	46	-1	0	42	-1	10	18	-1	0	10
c12520	-1	0	0	0	-1	39	-1	10	-1	46	-1	-1	0	0	-1	0	0	0	48	-1	0	0	9	42	0	0	46	-1	29	0
c12536	2	0	0	0	30	39	0	-1	-1	0	0	0	-1	0	0	0	5	-1	48	0	0	0	9	42	0	0	46	-1	-1	-1
c12544	0	0	0	0	0	-1	-1	29	0	-1	49	46	0	0	13	0	31	0	0	3	32	0	0	42	-1	31	-1	48	0	-1
c12559	1	0	0	0	-1	0	0	48	0	18	-1	0	9	-1	18	18	0	0	46	28	32	-1	10	-1	0	0	32	46	18	38
c12574	2	0	0	0	30	39	0	0	36	0	0	0	0	0	0	0	0	-1	48	0	0	0	9	42	0	0	46	0	29	0
c12577	-1	0	12	0	0	10	-1	0	0	0	0	0	6	0	-1	0	43	0	-1	0	32	0	18	-1	48	0	28	-1	0	-1
c12586	48	0	-1	0	-1	-1	49	0	0	-1	-1	-1	0	0	0	0	39	-1	-1	0	0	16	-1	42	0	10	3	0	0	-1
c12590	46	32	0	0	0	0	-1	0	0	0	5	0	0	48	0	0	-1	0	38	0	0	-1	0	42	-1	-1	-1	-1	0	0
c12591	46	32	0	0	0	-1	36	0	0	0	5	-1	0	48	0	-1	-1	0	0	-1	0	38	0	42	0	-1	-1	0	0	0
c12616	1	0	0	0	0	0	0	38	8	1	27	46	49	-1	16	-1	-1	-1	0	28	32	0	0	42	0	39	0	0	-1	21
c12624	0	-1	9	0	0	39	-1	-1	-1	0	0	13	38	3	46	0	0	0	0	-1	0	44	0	-1	0	0	39	-1	0	0
c12699	48	-1	0	-1	0	39	0	46	0	0	0	13	-1	13	0	-1	0	0	0	48	0	0	-1	-1	-1	-1	9	0	12	-1
c12705	46	32	0	-1	0	0	36	-1	-1	0	5	0	-1	0	-1	0	-1	0	-1	0	0	38	0	42	13	10	-1	0	0	0
c12716	0	0	0	-1	-1	39	0	0	0	48	48	0	-1	0	0	0	-1	0	0	0	0	0	0	42	0	0	46	0	0	0
c12730	-1	22	0	45	0	0	-1	5	0	-1	29	0	0	13	0	46	0	-1	-1	-1	0	-1	0	42	0	10	0	-1	0	0
c12745	46	0	26	0	0	46	31	-1	0	-1	0	-1	0	0	0	0	-1	-1	0	0	-1	-1	2	-1	0	10	12	22	10	8
c12748	-1	0	0	-1	0	39	33	0	0	3	26	13	46	0	0	-1	46	-1	18	0	0	0	-1	-1	7	46	18	0	31	0
c12749	-1	0	0	-1	-1	39	33	0	0	3	26	13	46	0	0	-1	46	-1	18	0	0	0	-1	42	7	46	18	0	31	0
c12757	0	0	0	0	30	39	0	0	0	46	0	-1	0	46	46	0	0	0	-1	-1	0	0	9	-1	0	0	46	-1	29	0
c12762	0	39	9	8	48	39	-1	46	0	0	0	13	38	0	46	0	46	0	0	-1	0	0	10	42	-1	-1	0	-1	49	6
c12783	0	0	-1	0	-1	32	0	0	0	0	-1	0	0	0	-1	-1	0	0	46	0	-1	-1	0	-1	39	10	0	0	-1	0
c12788	-1	-1	0	-1	-1	39	0	0	0	0	47	0	-1	0	22	28	-1	0	0	-1	0	48	-1	-1	-1	9	46	31	0	0
c12845	0	-1	46	-1	30	39	0	0	5	-1	-1	-1	-1	-1	-1	-1	0	0	48	0	48	0	9	-1	0	-1	46	36	29	0
c12846	0	0	0	0	-1	0	0	-1	-1	-1	48	0	0	48	-1	0	0	46	46	-1	-1	0	-1	42	-1	10	0	-1	36	0
c12854	0	0	-1	0	5	-1	16	0	0	40	-1	0	47	13	0	0	0	38	-1	18	-1	-1	9	-1	0	10	-1	-1	9	-1
c12855	0	0	-1	-1	5	43	16	0	0	40	42	0	47	13	0	0	0	38	0	18	-1	0	9	42	0	10	-1	-1	-1	0
c12870	46	32	46	0	0	-1	-1	1	0	0	5	0	0	0	-1	0	-1	0	-1	0	0	38	0	42	0	10	0	0	0	0
c12871	46	32	-1	0	0	0	36	1	-1	0	5	0	0	0	-1	-1	-1	-1	0	0	0	38	0	42	0	10	0	0	-1	0
c12875	0	0	13	0	0	50	-1	0	0	0	0	0	-1	-1	0	0	0	0	0	0	0	0	-1	42	0	-1	0	46	-1	0
c12883	0	-1	0	0	30	-1	0	0	0	0	0	0	0	0	0	0	8	0	48	0	0	0	9	42	0	48	-1	0	29	48
c12884	-1	0	0	-1	0	-1	48	0	0	40	0	0	0	13	0	-1	-1	14	26	18	-1	0	9	42	0	10	0	0	9	-1
c12907	8	0	0	41	0	39	-1	-1	0	-1	0	12	0	0	44	46	0	0	-1	0	-1	0	0	42	0	-1	0	0	0	0
c12915	0	29	-1	0	-1	-1	0	9	0	-1	0	0	0	0	46	-1	0	0	9	0	0	0	-1	-1	0	50	46	0	0	0
c12929	-1	0	0	0	30	39	0	0	-1	0	-1	0	-1	0	0	0	8	0	48	-1	-1	0	9	42	0	48	46	0	29	48
c12949	-1	0	0	0	0	-1	30	0	0	0	0	-1	0	0	-1	18	0	0	0	13	32	0	0	42	48	0	-1	48	-1	0
c12950	-1	-1	0	0	0	-1	-1	0	0	0	8	9	38	30	0	36	27	35	0	0	46	-1	0	42	45	10	46	30	47	0
c12974	26	0	0	-1	32	48	49	0	0	49	0	-1	0	-1	0	0	0	0	0	0	32	0	0	42	-1	-1	-1	-1	-1	0
c12984	0	0	0	30	-1	39	0	0	0	0	20	0	-1	0	8	0	-1	0	-1	0	28	-1	0	42	0	-1	46	0	28	0
c13002	0	0	-1	0	1	39	0	0	0	50	0	48	-1	13	18	0	0	0	0	-1	0	0	-1	42	22	0	46	0	0	0
c13003	0	-1	-1	0	1	39	0	0	0	50	0	-1	-1	13	-1	0	0	0	-1	0	0	0	-1	42	22	0	46	0	-1	0
c13005	-1	-1	0	-1	0	0	0	0	-1	-1	0	0	-1	0	0	0	26	0	18	0	0	0	-1	42	33	10	0	-1	-1	0
c13015	-1	0	26	0	46	46	-1	49	0	0	20	46	0	0	0	-1	-1	-1	46	0	8	38	8	-1	0	10	0	0	10	8
c13016	0	13	-1	0	0	28	-1	0	0	0	0	0	0	18	-1	0	0	0	0	0	0	0	0	-1	-1	-1	0	37	0	0
c13104	26	0	0	-1	0	0	0	46	-1	0	-1	0	-1	-1	44	18	0	0	0	13	32	0	0	42	48	0	-1	48	-1	0
c13105	26	0	0	0	0	0	0	46	0	0	0	0	0	0	44	18	-1	0	-1	13	-1	-1	0	42	48	0	-1	-1	-1	0
c13106	0	-1	46	0	30	-1	0	31	0	-1	-1	-1	0	0	0	0	0	0	48	0	-1	0	9	-1	-1	0	46	36	29	0
c13114	0	40	-1	45	-1	0	-1	-1	0	0	0	35	0	13	0	46	0	0	-1	0	0	-1	22	-1	0	10	-1	0	-1	0
c13116	-1	0	0	-1	1	39	0	0	38	0	47	0	0	0	-1	28	-1	0	-1	0	0	-1	-1	42	0	9	-1	31	-1	0
c13156	0	-1	0	-1	0	-1	0	0	0	0	-1	0	0	0	0	0	0	1	0	-1	33	0	9	42	-1	-1	-1	0	0	0
c13187	26	0	0	0	-1	0	50	0	-1	0	0	41	28	0	44	0	0	0	0	13	32	-1	-1	42	48	0	-1	48	0	0
c13197	-1	0	0	0	46	-1	0	0	0	-1	0	-1	0	22	0	0	0	36	-1	0	-1	-1	0	-1	0	0	46	-1	0	0
c13211	26	38	0	0	0	0	-1	0	0	9	0	0	0	0	0	0	9	48	0	0	-1	-1	0	42	48	0	46	48	0	0
c13226	2	-1	0	0	0	0	35	-1	6	0	-1	9	0	-1	0	0	21	0	0	-1	0	0	-1	-1	48	10	-1	0	0	0
c13248	2	0	-1	0	0	0	0	13	6	0	-1	-1	0	0	-1	0	-1	-1	0	0	10	0	0	-1	48	-1	46	0	-1	26
c13289	-1	0	-1	-1	0	39	33	0	22	0	26	13	0	0	0	-1	0	47	0	0	0	0	-1	42	-1	0	-1	-1	0	-1
c13291	0	0	0	0	1	39	21	-1	0	0	-1	48	0	0	0	0	0	0	0	18	0	0	-1	42	0	0	46	0	0	0
c13303	48	0	0	0	0	-1	46	-1	8	-1	-1	13	-1	0	32	0	8	-1	0	48	0	0	-1	-1	0	0	-1	-1	12	-1
c13357	26	-1	-1	0	9	39	9	0	0	0	0	-1	0	0	46	0	0	-1	9	0	5	0	-1	42	0	0	46	0	0	33
c13383	48	0	0	0	0	39	1	46	18	0	30	13	-1	0	0	29	0	18	39	-1	-1	6	0	42	37	13	9	0	12	-1
c13384	0	0	49	0	0	-1	0	1	0	-1	0	0	38	30	0	-1	0	0	0	47	46	-1	-1	-1	0	10	0	33	5	-1
c13387	0	-1	10	45	0	-1	-1	0	-1	0	0	0	0	13	0	-1	48	46	-1	0	0	36	32	42	-1	10	-1	-1	0	0
c13423	0	0	3	0	-1	-1	0	0	0	0	-1	-1	0	0	0	0	-1	0	0	0	0	0	20	42	-1	10	0	29	0	0
c13433	-1	30	26	-1	0	39	0	47	-1	-1	0	-1	9	-1	12	0	0	0	-1	-1	-1	0	3	-1	0	0	46	0	-1	0
c13443	0	-1	0	0	0	-1	49	46	0	0	0	-1	0	2	-1	0	-1	0	-1	-1	0	0	0	-1	0	-1	-1	0	12	-1
c13444	26	-1	0	18	0	-1	0	0	49	-1	0	-1	46	0	0	0	0	0	0	0	32	38	0	42	48	-1	0	48	-1	-1
c13453	-1	-1	-1	-1	-1	-1	0	0	0	0	0	0	9	39	0	30	0	-1	-1	0	3	-1	-1	42	-1	10	0	21	0	0
c13464	0	0	0	0	0	0	-1	-1	0	-1	0	22	0	0	0	0	0	0	34	-1	0	32	0	-1	-1	-1	-1	0	0	-1
c13472	0	0	0	8	0	9	0	0	-1	-1	-1	0	0	39	0	-1	47	9	0	40	47	-1	10	42	14	10	-1	0	0	0
c13493	0	18	0	0	0	39	-1	-1	-1	-1	-1	-1	9	3	46	38	0	11	-1	48	-1	0	0	-1	-1	0	9	0	-1	-1
c13499	0	46	-1	-1	0	39	33	0	-1	0	-1	13	0	-1	18	-1	0	0	48	0	0	-1	-1	42	0	0	18	0	0	12
c13500	39	29	-1	-1	-1	0	0	0	0	40	0	0	0	13	0	0	0	0	-1	-1	-1	0	9	42	0	10	0	-1	9	0
c13504	-1	-1	-1	0	-1	13	0	0	0	40	-1	0	-1	13	-1	0	0	-1	48	18	-1	0	-1	42	0	10	-1	0	9	-1
c13518	-1	0	26	0	19	46	31	-1	33	0	0	0	0	48	-1	22	-1	46	0	-1	32	38	-1	-1	-1	10	0	0	10	8
c13521	46	33	-1	46	21	0	0	48	0	8	0	-1	22	-1	-1	0	-1	-1	46	44	-1	38	0	42	-1	-1	0	0	0	-1
c13522	0	-1	0	0	0	39	49	46	0	0	0	13	0	0	-1	0	0	0	-1	-1	0	-1	0	42	32	0	9	-1	12	-1
c13534	0	0	9	0	0	43	13	0	0	40	0	39	0	-1	37	-1	-1	38	0	18	-1	0	9	42	22	-1	0	0	-1	0
c13559	0	0	0	0	0	-1	-1	36	39	0	8	20	38	30	0	-1	9	0	0	-1	46	0	0	42	18	10	0	9	0	0
c13568	46	33	-1	46	21	0	0	48	9	0	26	0	0	0	0	0	-1	3	0	0	0	38	0	42	0	-1	0	0	0	0
c13572	-1	0	0	0	-1	0	30	49	-1	0	41	0	0	0	-1	0	0	4	46	36	-1	39	0	42	0	10	0	0	36	36
c13602	0	-1	0	0	22	0	0	0	-1	31	-1	-1	0	48	0	29	31	0	0	0	0	-1	0	-1	0	10	22	46	34	39
c13603	0	-1	-1	0	22	0	0	0	0	31	41	0	0	48	0	-1	0	0	-1	-1	0	0	0	-1	0	-1	22	0	-1	39
c13605	0	-1	-1	-1	0	39	33	6	0	-1	-1	13	0	0	27	0	0	47	0	0	50	0	-1	42	7	0	18	0	0	0
c13642	2	0	0	0	0	0	0	0	6	0	0	0	0	0	0	37	21	0	29	-1	0	0	0	-1	28	10	0	0	0	0
c13648	26	0	0	23	0	0	-1	-1	29	0	-1	0	0	8	0	45	0	41	0	3	32	0	0	42	48	2	-1	48	-1	0
c13665	39	0	0	0	30	-1	0	25	0	-1	0	-1	0	0	9	0	-1	0	-1	0	0	-1	9	42	-1	0	46	36	29	0
c13668	-1	0	13	-1	0	50	0	0	0	0	45	0	0	0	0	0	0	0	0	16	0	0	-1	42	30	-1	0	46	-1	0
c13669	0	0	13	-1	0	50	0	30	38	0	-1	-1	0	0	0	0	-1	0	0	16	-1	0	-1	42	30	-1	0	46	-1	0
c13673	0	-1	0	26	-1	-1	0	0	-1	0	0	3	0	29	0	18	40	-1	-1	0	0	0	-1	42	-1	10	-1	-1	-1	0
c13690	0	50	0	0	30	-1	0	0	0	-1	0	0	0	0	0	0	8	0	48	0	0	0	9	42	-1	48	46	48	29	0
c13714	0	-1	-1	-1	0	39	-1	-1	0	0	-1	-1	0	0	0	0	0	-1	-1	0	37	0	35	42	0	9	46	0	-1	-1
c13720	26	0	0	0	-1	0	0	0	46	-1	0	0	0	0	44	18	-1	-1	-1	13	-1	0	-1	42	48	-1	-1	48	-1	0
c13725	0	0	-1	0	0	0	46	0	0	-1	8	0	38	30	0	38	-1	48	0	0	46	30	0	42	0	10	0	-1	0	-1
c13735	0	-1	0	0	0	39	39	46	-1	18	-1	-1	0	-1	0	-1	0	0	37	48	0	-1	0	-1	-1	0	9	0	12	-1
c13783	-1	0	7	0	-1	0	0	0	-1	-1	0	0	46	0	-1	0	0	0	-1	0	0	-1	34	42	0	10	0	-1	0	0
c13791	-1	27	0	26	22	-1	16	0	0	0	0	0	0	0	-1	0	38	7	-1	0	0	0	0	42	9	46	46	0	-1	-1
c13797	38	0	0	-1	0	0	0	0	0	0	0	10	0	0	0	0	0	0	0	0	0	9	0	42	9	10	0	-1	0	0
c13799	38	0	0	-1	0	39	33	0	0	0	26	-1	-1	0	0	0	0	47	48	0	0	0	0	42	7	0	18	0	0	0
c13800	-1	0	0	0	0	29	21	13	0	0	-1	-1	38	30	-1	-1	27	0	0	0	46	0	-1	-1	45	10	46	30	0	0
c13814	0	0	30	0	-1	39	0	-1	-1	0	-1	13	0	0	0	0	2	32	28	48	0	0	-1	42	-1	0	9	0	12	-1
c13829	-1	-1	0	0	0	27	0	13	-1	0	-1	39	0	0	0	8	-1	0	-1	0	0	38	0	42	0	10	36	29	38	-1
c13837	0	0	0	0	-1	-1	0	49	46	0	-1	0	0	-1	-1	16	21	0	46	0	-1	0	0	42	0	10	0	0	36	36
c13879	-1	-1	0	0	-1	0	0	0	-1	0	0	0	0	0	0	-1	0	41	0	0	32	-1	-1	42	-1	-1	-1	48	22	0
c13906	46	32	0	0	0	36	-1	0	7	0	-1	0	0	25	-1	0	-1	0	0	48	0	38	0	42	46	10	0	-1	0	-1
c13910	0	0	0	0	0	0	-1	-1	0	0	0	0	-1	-1	0	0	0	0	0	0	0	9	0	42	-1	10	47	-1	-1	29
c13911	0	0	0	0	0	0	0	-1	0	0	0	0	0	39	-1	0	0	-1	0	0	0	9	0	42	0	10	47	0	0	29
c13914	-1	-1	-1	45	0	0	-1	0	0	-1	-1	0	0	13	0	10	0	0	29	0	44	-1	0	-1	0	10	0	0	0	38
c13925	-1	0	0	0	-1	0	30	0	0	46	0	0	-1	-1	-1	0	0	0	0	33	0	0	0	-1	0	10	0	0	0	0
c13946	0	-1	0	28	0	39	-1	46	-1	0	0	13	-1	0	0	18	39	-1	0	0	39	0	0	42	-1	-1	36	0	-1	0
c13966	-1	-1	46	0	0	0	0	0	0	47	0	0	0	-1	0	32	0	0	4	0	0	0	-1	-1	-1	10	-1	33	-1	0
c13969	0	0	0	0	-1	0	0	-1	18	0	48	0	0	48	-1	0	0	46	46	4	-1	0	0	42	-1	10	48	-1	36	0
c13979	0	0	-1	0	30	39	0	0	0	13	-1	0	0	30	0	-1	8	0	48	-1	0	0	9	42	0	-1	46	0	29	-1
c13983	-1	0	-1	45	0	0	-1	0	-1	0	0	0	0	13	-1	0	0	0	-1	16	12	37	0	-1	0	10	0	0	-1	-1
c14002	46	33	0	46	21	0	-1	48	0	0	0	0	0	9	-1	-1	-1	3	8	0	0	38	0	-1	0	10	0	0	0	0
c14009	-1	-1	-1	0	22	0	0	0	-1	-1	41	0	32	48	0	29	0	4	0	0	0	-1	46	-1	0	10	0	0	0	39
c14018	9	0	0	0	0	50	0	0	33	-1	-1	0	-1	0	-1	0	-1	0	0	0	-1	0	-1	42	-1	-1	0	0	-1	0
c14073	-1	0	0	-1	0	0	0	-1	0	18	0	0	9	8	-1	18	0	0	-1	28	32	19	10	42	9	0	32	0	18	38
c14075	0	0	0	0	-1	0	0	0	28	18	0	0	36	0	-1	0	0	-1	0	-1	0	0	0	42	-1	10	13	0	0	46
c14083	0	0	0	0	0	43	13	0	0	40	-1	0	0	13	0	0	0	38	0	18	-1	0	9	42	0	10	0	0	9	0
c14087	29	0	-1	0	9	0	-1	0	39	0	0	-1	0	-1	-1	46	-1	48	0	-1	-1	0	0	42	0	-1	-1	-1	0	0
c14089	-1	27	-1	26	-1	-1	16	0	0	0	0	0	0	0	0	0	0	0	-1	-1	-1	18	0	42	0	-1	46	18	-1	-1
c14113	48	0	-1	0	0	39	38	46	8	0	0	-1	39	0	0	0	0	0	0	-1	0	0	-1	-1	0	0	-1	0	12	-1
c14129	0	29	-1	45	36	-1	46	0	0	0	0	0	-1	13	0	0	0	0	0	0	32	36	0	-1	0	10	0	29	0	44
c14142	13	0	5	30	-1	-1	29	0	0	-1	0	13	0	9	13	0	0	0	0	12	0	-1	0	42	0	0	46	45	0	-1
c14143	13	-1	5	30	0	39	29	0	0	46	0	13	0	9	13	-1	0	-1	-1	-1	0	-1	0	42	0	0	46	45	-1	3
c14158	0	-1	0	0	1	39	0	0	0	0	-1	48	0	0	0	0	0	0	0	18	0	0	-1	42	0	-1	-1	0	46	-1
c14162	-1	0	0	0	0	0	0	0	-1	40	0	0	-1	13	-1	-1	0	0	0	-1	-1	0	9	42	0	10	0	0	9	-1
c14163	0	0	-1	-1	0	0	0	0	0	40	0	0	-1	13	0	0	0	0	0	18	-1	0	9	42	0	10	0	0	9	-1
c14165	-1	0	-1	44	-1	39	0	0	39	0	-1	0	-1	0	8	0	0	-1	0	0	-1	-1	0	-1	-1	0	46	0	-1	0
c14168	0	41	0	18	0	0	-1	0	0	40	16	0	-1	13	0	8	13	0	-1	-1	-1	-1	9	42	0	10	-1	0	9	-1
c14169	0	41	-1	18	0	0	0	0	0	40	16	0	0	13	0	8	13	0	0	-1	-1	-1	9	42	16	10	-1	0	9	-1
c14183	-1	0	0	0	-1	39	-1	29	0	0	0	13	36	0	-1	0	0	-1	-1	0	28	0	-1	42	0	48	0	-1	0	3
c14198	-1	-1	-1	30	-1	-1	29	1	-1	0	0	-1	0	41	0	-1	0	-1	0	0	0	0	0	42	0	0	0	45	0	3
c14214	0	0	-1	0	-1	-1	0	7	0	32	0	0	0	39	-1	0	0	0	-1	46	0	13	-1	-1	0	-1	-1	-1	0	0
c14244	48	0	46	0	-1	39	46	46	0	0	-1	-1	-1	0	-1	1	0	-1	0	48	48	0	0	42	0	0	-1	0	12	-1
c14250	46	36	0	48	-1	0	0	13	0	0	5	0	7	0	-1	-1	-1	0	-1	0	0	-1	0	42	0	10	-1	0	38	0
c14251	46	36	0	48	0	0	0	-1	0	0	5	0	7	0	0	8	-1	-1	0	0	0	-1	0	42	0	10	36	0	38	0
c14273	0	47	0	0	0	46	0	0	0	0	-1	0	0	-1	0	-1	0	0	0	-1	0	-1	0	-1	0	-1	0	0	-1	36
c14275	0	39	49	-1	-1	39	0	0	13	36	-1	13	50	0	0	48	18	0	-1	0	29	0	7	-1	0	9	-1	0	-1	3
c14290	0	-1	0	0	-1	38	0	0	13	0	41	-1	0	48	0	29	0	3	0	-1	0	0	-1	-1	0	10	0	0	0	-1
c14310	46	0	0	0	0	0	0	13	0	0	5	0	0	0	0	8	-1	0	45	0	0	38	0	42	-1	10	36	0	38	-1
c14313	46	0	26	0	-1	0	31	0	48	0	-1	0	0	0	0	0	-1	0	0	0	0	-1	-1	42	-1	10	36	0	10	8
c14315	48	-1	0	36	0	39	1	-1	-1	9	0	13	-1	0	0	0	13	-1	-1	48	-1	0	0	42	0	0	9	-1	12	-1
c14326	-1	-1	0	0	22	0	0	0	0	31	41	0	0	48	0	29	0	0	0	0	0	0	-1	-1	0	10	22	0	34	39
c14327	0	-1	0	0	22	0	0	0	0	31	41	0	0	48	0	29	0	0	0	0	0	-1	-1	-1	0	10	22	0	-1	39
c14329	0	0	-1	0	0	28	0	-1	0	0	0	-1	0	0	0	0	-1	0	0	19	0	0	0	-1	0	10	0	6	0	0
c14335	-1	0	0	0	0	0	0	38	-1	1	27	46	49	-1	16	-1	0	10	0	28	32	-1	0	-1	0	-1	0	0	0	21
c14337	26	-1	-1	-1	36	1	9	0	29	9	9	0	0	0	30	-1	0	0	0	0	32	0	18	42	48	-1	0	48	0	0
c14354	46	-1	30	49	48	0	36	1	-1	-1	5	-1	0	0	0	0	-1	-1	50	0	1	38	-1	42	0	10	0	0	0	0
c14360	0	18	2	0	-1	18	0	0	0	30	-1	0	30	0	0	39	0	-1	-1	0	-1	0	8	42	0	10	0	22	0	0
c14372	2	0	0	0	0	0	0	0	6	0	0	0	6	0	0	0	21	0	-1	-1	0	0	0	-1	-1	-1	46	0	0	0
c14399	-1	0	-1	0	0	39	0	-1	38	0	0	13	0	-1	0	0	0	0	0	48	34	48	0	-1	0	7	9	8	12	-1
c14410	13	-1	20	0	-1	39	0	0	0	46	0	48	0	0	0	0	0	0	0	0	8	0	-1	-1	0	46	46	0	0	0
c14411	-1	-1	0	0	-1	39	0	0	0	46	0	48	0	0	0	0	0	-1	0	-1	8	0	-1	42	0	0	46	0	0	0
c14439	-1	0	0	-1	0	0	-1	5	-1	0	29	0	0	13	0	46	-1	-1	-1	-1	-1	0	0	42	0	10	0	35	0	8
c14449	0	0	0	0	16	0	0	0	8	0	-1	0	0	-1	30	39	0	0	0	0	47	-1	0	42	0	10	0	-1	0	0
c14459	-1	46	0	-1	8	39	0	0	-1	30	0	13	0	46	0	0	-1	0	-1	38	0	0	7	-1	0	9	46	0	0	3
c14487	-1	38	0	0	0	23	0	0	0	40	0	0	0	13	0	22	0	14	-1	18	-1	0	9	42	0	10	-1	0	9	-1
c14495	0	-1	9	0	0	-1	-1	0	0	-1	0	0	0	-1	0	0	-1	0	0	-1	0	0	0	42	-1	0	-1	20	16	0
c14502	-1	0	0	-1	-1	39	0	0	-1	0	-1	-1	49	0	-1	28	-1	0	-1	0	-1	37	-1	42	0	9	46	-1	0	0
c14519	0	-1	0	0	0	0	0	0	0	40	-1	-1	-1	-1	0	0	0	0	0	-1	-1	0	-1	-1	0	-1	0	0	9	-1
c14520	46	0	26	0	0	-1	39	0	0	-1	0	-1	0	0	-1	0	-1	31	16	0	0	38	0	-1	0	10	0	0	10	8
c14521	-1	0	26	0	0	-1	39	0	0	0	0	0	0	0	0	0	-1	31	16	0	0	38	0	42	0	-1	-1	0	10	8
c14595	-1	0	10	45	0	-1	46	0	0	0	0	0	0	13	39	-1	0	0	20	0	0	36	32	42	0	10	16	38	-1	0
c14597	26	0	32	18	0	-1	39	13	49	0	0	46	0	0	44	0	0	0	0	13	32	0	0	42	-1	-1	-1	-1	0	-1
c14642	-1	39	9	0	-1	-1	22	-1	-1	0	-1	13	38	-1	46	0	-1	0	0	-1	0	0	0	-1	0	0	39	-1	0	0
c14643	0	-1	9	0	0	39	22	-1	-1	0	0	13	38	3	46	0	0	0	0	-1	0	30	0	-1	0	0	-1	19	0	0
c14654	0	47	-1	0	0	0	0	0	-1	0	0	0	38	-1	0	0	0	0	30	9	-1	0	0	42	0	10	1	0	-1	0
c14655	0	47	-1	0	0	0	0	0	-1	0	-1	-1	38	9	0	0	0	0	30	-1	0	0	0	42	0	10	1	0	0	0
c14670	46	0	0	-1	0	-1	0	13	0	0	5	0	0	0	0	8	-1	0	45	0	0	38	0	42	0	10	-1	0	38	0
c14671	46	-1	0	-1	0	-1	0	13	0	0	5	-1	0	0	0	8	-1	0	45	0	0	-1	0	42	0	10	-1	-1	38	0
c14674	46	0	26	46	0	0	31	-1	27	0	-1	0	0	0	0	0	-1	0	0	22	0	38	0	42	0	-1	-1	9	10	8
c14683	26	0	0	0	39	0	50	0	0	0	0	0	0	0	44	0	0	0	0	13	32	-1	18	42	48	0	-1	48	0	0
c14698	0	-1	0	0	22	0	0	0	-1	0	-1	0	0	48	-1	29	0	0	0	0	0	0	46	-1	0	10	0	0	0	39
c14707	0	0	46	0	-1	32	-1	6	0	-1	0	0	17	0	-1	0	-1	0	46	-1	-1	0	0	42	28	10	46	18	36	0
c14717	-1	0	0	0	28	39	0	-1	0	0	0	-1	36	48	0	0	-1	-1	-1	0	28	-1	0	42	0	48	0	0	0	3
c14751	46	32	-1	-1	20	-1	36	1	0	0	5	0	0	0	0	-1	-1	0	-1	0	0	38	0	42	0	-1	0	-1	0	0
c14759	9	47	0	0	0	0	46	-1	35	-1	8	0	38	30	39	0	0	0	-1	-1	46	-1	0	42	0	10	9	0	0	0
c14763	48	-1	-1	0	0	39	-1	0	0	0	0	-1	0	0	46	-1	-1	-1	9	0	5	-1	0	42	0	0	46	5	0	33
c14769	13	-1	-1	0	-1	39	0	29	0	0	0	48	0	0	0	38	-1	0	-1	0	8	0	-1	-1	0	0	46	0	-1	0
c14773	0	0	-1	0	0	46	0	0	0	-1	12	0	0	0	0	0	26	0	-1	0	46	0	9	42	47	10	0	-1	-1	-1
c14801	46	32	0	3	0	0	-1	1	0	0	5	0	-1	0	0	0	-1	-1	0	0	0	-1	0	42	0	-1	45	0	0	0
c14808	0	-1	20	46	0	32	-1	0	30	-1	0	5	38	-1	43	27	-1	-1	0	0	46	0	0	42	0	10	-1	36	0	-1
c14839	46	32	0	3	-1	0	36	1	0	0	5	-1	0	0	0	0	-1	5	0	0	-1	38	9	42	0	10	0	0	0	-1
c14863	46	-1	26	0	0	45	39	0	0	-1	-1	-1	0	0	0	0	-1	31	-1	-1	-1	38	0	42	-1	10	0	0	10	8
c14865	26	-1	0	0	0	0	0	0	-1	0	-1	0	-1	-1	44	18	20	0	0	13	-1	-1	0	42	48	-1	-1	48	-1	0
c14872	0	0	0	48	18	0	0	9	0	-1	-1	0	8	-1	26	0	-1	36	-1	18	-1	-1	2	-1	-1	10	28	0	0	0
c14878	0	-1	0	0	0	-1	38	0	-1	-1	0	0	0	48	0	-1	-1	0	-1	0	47	0	10	42	38	10	0	0	0	0
c14884	46	32	0	0	0	-1	36	0	7	0	5	0	0	25	48	-1	-1	0	-1	48	-1	-1	0	42	46	10	1	0	0	-1
c14896	26	38	0	0	36	1	9	-1	29	9	0	0	0	0	30	0	0	0	0	0	-1	-1	18	42	48	-1	0	48	0	0
c14904	0	0	-1	0	0	39	0	0	0	0	0	-1	36	0	32	0	-1	-1	-1	-1	28	0	0	42	-1	48	0	0	0	3
c14909	-1	46	-1	0	0	39	0	-1	0	0	0	13	36	0	14	0	-1	-1	-1	0	28	46	0	42	0	-1	0	0	0	3
c14958	10	10	-1	0	0	33	-1	0	0	32	-1	0	0	29	41	0	0	-1	0	0	-1	30	0	-1	48	0	22	48	-1	8
c14967	-1	-1	0	-1	-1	39	0	-1	0	0	0	48	0	-1	0	0	0	0	-1	36	8	0	-1	42	0	0	46	0	-1	0
c14973	48	0	46	-1	0	39	48	46	0	0	-1	13	-1	0	0	0	0	-1	0	48	-1	13	0	42	-1	-1	9	0	12	-1
c14984	0	0	0	-1	-1	0	38	0	0	-1	0	0	-1	13	-1	0	0	0	0	-1	-1	-1	9	42	-1	10	9	0	9	0
c14989	2	0	0	0	-1	0	-1	0	6	0	-1	0	0	46	0	0	21	0	0	-1	-1	-1	0	-1	48	10	-1	0	0	0
c14991	0	0	0	0	0	-1	0	0	0	-1	-1	22	0	0	0	0	0	0	0	0	13	32	0	42	-1	10	0	0	0	0
c15009	0	0	-1	-1	-1	39	0	46	-1	0	0	-1	-1	-1	0	0	39	9	-1	0	0	0	26	42	0	-1	-1	0	0	0
c15015	26	0	0	0	39	33	50	0	0	0	0	0	0	0	44	-1	0	0	-1	13	32	0	18	42	48	0	-1	48	0	0
c15016	46	0	-1	-1	0	39	-1	0	13	0	47	-1	0	-1	0	0	0	-1	36	0	0	-1	7	-1	0	9	46	-1	0	3
c15024	-1	0	26	0	-1	0	-1	-1	0	0	0	-1	0	0	0	0	-1	-1	0	0	0	38	0	42	0	10	14	-1	10	8
c15031	0	0	0	33	-1	0	-1	0	0	-1	8	0	38	-1	-1	0	9	-1	0	0	46	0	0	42	0	10	37	9	39	0
c15035	0	-1	0	0	0	0	0	0	0	0	8	0	-1	30	-1	36	-1	0	0	28	46	-1	0	42	45	10	46	30	-1	0
c15058	46	32	46	0	38	0	36	-1	0	0	5	0	0	0	0	0	-1	-1	0	0	0	38	0	42	0	10	0	0	9	0
c15059	46	32	46	-1	38	0	36	-1	0	0	5	0	-1	10	0	0	-1	0	0	0	0	38	0	42	0	10	0	0	0	0
c15063	0	-1	0	8	-1	-1	0	33	-1	48	0	46	-1	0	0	13	0	-1	0	0	-1	-1	-1	42	0	0	46	13	-1	0
c15074	0	0	0	-1	0	-1	33	0	28	0	26	13	0	0	-1	0	-1	47	-1	0	0	0	0	42	7	0	18	0	-1	-1
c15075	0	0	0	-1	0	39	-1	0	28	0	26	13	0	0	0	0	0	47	48	0	0	0	0	42	-1	-1	18	0	0	0
c15092	-1	0	0	0	0	0	0	0	0	0	0	0	-1	0	46	0	0	0	0	0	0	9	-1	42	0	10	16	-1	0	0
c15110	46	33	0	46	21	0	-1	48	0	0	0	0	0	-1	-1	0	-1	3	0	-1	0	-1	0	42	0	10	-1	0	0	0
c15131	36	0	0	45	0	0	-1	0	0	-1	0	0	0	13	0	46	0	-1	-1	-1	0	0	-1	42	0	10	0	0	0	0
c15152	0	-1	0	-1	-1	39	16	0	-1	0	0	-1	0	0	0	-1	0	-1	-1	0	37	0	35	-1	0	9	46	0	-1	-1
c15159	0	0	-1	45	0	0	46	0	0	0	0	0	0	13	-1	-1	-1	-1	0	-1	0	25	46	42	45	10	-1	0	0	0
c15177	-1	33	-1	0	30	-1	0	0	0	-1	0	-1	0	0	0	0	8	-1	48	0	0	-1	9	42	0	48	46	0	29	-1
c15200	-1	0	3	-1	-1	39	-1	-1	18	-1	26	13	-1	-1	0	0	33	47	-1	0	0	0	0	42	7	46	18	0	0	0
c15221	0	0	0	0	-1	-1	0	0	0	40	0	-1	43	13	-1	46	-1	38	0	18	-1	0	9	42	0	10	0	-1	9	0
c15225	0	0	0	-1	0	-1	0	-1	-1	40	0	0	-1	-1	-1	22	-1	0	0	18	-1	0	9	42	46	-1	0	-1	-1	0
c15226	0	-1	0	-1	0	-1	33	38	46	-1	-1	-1	0	18	18	12	-1	0	48	0	-1	-1	-1	42	0	0	18	-1	0	-1
c15228	-1	-1	5	-1	22	39	29	-1	7	0	-1	13	38	9	0	0	0	0	20	12	0	-1	47	-1	0	0	-1	45	0	3
c15244	-1	0	-1	0	0	-1	-1	-1	0	-1	0	36	-1	0	0	-1	-1	31	16	0	-1	38	0	-1	-1	10	0	0	10	8
c15267	46	-1	-1	-1	0	0	0	13	0	0	-1	0	-1	25	48	8	-1	0	0	0	0	38	0	-1	0	10	36	0	38	0
c15273	0	-1	13	0	0	-1	0	0	0	0	-1	-1	0	0	-1	0	0	-1	0	0	-1	0	-1	-1	-1	-1	0	46	-1	-1
c15286	0	0	-1	-1	0	0	-1	46	-1	0	29	0	0	0	0	0	0	0	-1	8	0	48	0	42	18	10	0	32	0	0
c15293	48	0	-1	0	-1	39	-1	-1	8	-1	-1	13	39	34	0	0	0	0	0	48	0	0	-1	-1	0	0	-1	0	-1	-1
c15313	26	0	0	0	0	0	38	0	29	0	0	-1	0	9	43	0	0	41	5	30	32	0	0	42	48	0	0	48	22	0
c15318	-1	0	16	8	0	39	-1	46	0	0	0	13	0	0	31	0	0	-1	-1	-1	-1	-1	0	-1	0	-1	0	-1	0	3
c15353	0	0	0	21	1	39	0	0	0	-1	-1	48	-1	0	13	0	-1	0	0	-1	0	0	-1	42	0	-1	46	-1	-1	0
c15364	0	50	0	0	22	39	0	0	13	0	0	13	0	-1	-1	-1	38	-1	0	34	0	0	37	42	0	-1	8	4	0	3
c15365	0	50	0	0	22	-1	0	0	13	-1	0	13	0	-1	0	-1	38	-1	0	34	0	0	37	42	-1	-1	-1	4	0	-1
c15368	0	-1	0	0	22	0	0	9	0	0	41	0	0	-1	0	29	28	0	-1	-1	-1	0	-1	-1	0	10	0	0	0	39
c15375	19	-1	8	29	1	39	-1	0	0	-1	0	48	0	0	0	-1	0	20	0	0	8	0	-1	42	0	-1	46	0	0	0
c15379	13	46	-1	30	0	39	29	0	0	0	-1	13	0	-1	0	0	18	0	0	0	0	0	0	42	13	0	0	45	0	3
c15381	48	0	0	0	0	39	46	46	0	0	0	13	0	0	12	-1	-1	0	-1	48	0	0	0	42	0	0	-1	-1	12	-1
c15384	0	0	-1	0	9	9	0	-1	8	0	-1	0	0	0	0	0	0	0	0	-1	47	0	0	42	0	10	-1	0	29	-1
c15395	0	0	49	0	-1	-1	0	1	-1	-1	0	0	38	30	0	0	0	0	-1	47	46	-1	-1	42	0	-1	0	33	5	0
c15412	0	18	2	0	-1	18	0	0	0	30	0	0	30	-1	-1	39	0	-1	-1	-1	0	0	8	-1	0	10	0	-1	0	0
c15414	-1	0	0	-1	0	0	-1	0	6	0	0	-1	0	-1	-1	0	21	0	0	13	0	0	0	-1	-1	10	0	46	0	0
c15416	0	0	0	0	0	39	39	-1	18	18	4	13	18	0	0	0	0	0	0	48	0	0	0	42	0	0	9	0	12	-1
c15422	46	32	0	-1	-1	36	36	-1	7	0	5	-1	0	25	0	-1	-1	-1	0	48	0	38	0	-1	-1	10	0	0	0	0
c15423	46	-1	0	0	0	36	36	-1	7	0	5	0	0	25	0	0	-1	0	0	48	0	38	0	42	46	10	-1	0	0	0
c15425	0	0	0	0	30	39	0	0	0	0	0	0	0	0	0	0	-1	46	48	0	-1	0	9	42	0	48	46	0	29	-1
c15439	0	0	-1	18	0	39	21	0	0	22	39	13	0	0	0	-1	0	-1	-1	-1	28	0	39	42	0	-1	0	0	47	-1
c15444	46	30	26	-1	0	39	0	47	0	-1	-1	-1	9	0	12	-1	0	0	-1	0	0	0	3	-1	0	0	46	0	-1	0
c15445	46	30	-1	-1	0	39	-1	47	0	-1	0	-1	9	0	12	0	0	0	-1	0	0	0	3	-1	0	-1	46	-1	-1	0
c15473	45	-1	0	0	0	39	-1	-1	-1	0	-1	13	0	0	32	0	39	-1	0	0	-1	0	-1	42	-1	0	-1	0	0	0
c15478	0	0	-1	-1	0	39	33	0	0	0	26	13	0	-1	39	0	0	-1	0	0	0	0	-1	42	7	0	18	5	0	0
c15479	0	-1	-1	-1	0	39	33	0	0	0	26	13	-1	-1	39	0	0	47	0	0	0	0	-1	42	7	0	18	-1	0	-1
c15486	-1	0	49	0	-1	-1	0	46	-1	-1	13	-1	38	30	0	-1	0	0	0	47	46	0	0	42	0	10	0	33	0	0
c15493	2	46	38	41	0	-1	35	0	6	-1	-1	0	0	-1	0	0	21	0	0	0	0	0	0	-1	48	10	-1	-1	0	0
c15498	0	-1	-1	0	1	39	0	16	0	-1	0	48	-1	13	18	0	0	-1	0	0	0	0	-1	-1	-1	0	46	0	0	0
c15522	0	39	9	0	0	39	22	-1	-1	0	0	13	38	3	46	0	-1	-1	0	-1	0	0	0	-1	0	-1	39	19	0	0
c15524	0	0	30	0	0	-1	0	0	8	0	33	-1	0	-1	18	0	47	12	-1	0	47	0	-1	42	0	10	0	0	0	0
c15556	0	0	0	0	20	39	39	-1	-1	18	4	13	0	0	0	0	0	0	0	48	0	0	0	42	0	0	9	0	-1	-1
c15573	26	-1	12	0	0	10	-1	0	0	0	0	0	6	0	-1	0	43	0	0	0	32	0	-1	42	48	0	28	48	0	0
c15576	2	0	0	0	-1	0	35	0	6	-1	18	0	0	0	0	0	-1	39	0	-1	0	0	0	-1	48	10	-1	-1	0	0
c15578	0	46	0	-1	-1	-1	33	-1	0	0	-1	13	0	0	-1	-1	-1	0	48	0	0	-1	0	-1	0	0	18	0	0	12
c15586	-1	-1	0	26	0	33	0	0	0	28	0	-1	-1	0	0	22	0	0	13	-1	-1	0	0	-1	48	0	22	48	0	8
c15588	0	-1	-1	0	-1	39	46	36	0	0	0	0	0	0	46	-1	-1	-1	9	-1	-1	0	0	42	0	2	46	0	-1	33
c15607	48	-1	0	36	0	-1	1	-1	0	9	0	13	0	0	0	0	13	0	-1	48	-1	0	0	42	0	-1	9	0	-1	-1
c15612	0	0	0	21	1	39	0	0	0	-1	38	48	0	0	13	0	0	0	0	5	-1	-1	-1	42	0	9	46	-1	0	0
c15614	-1	0	-1	0	-1	0	31	-1	0	32	0	0	0	0	-1	-1	-1	-1	0	-1	0	38	-1	42	0	-1	0	0	10	-1
c15616	0	0	0	0	0	39	33	46	-1	0	18	13	0	0	30	0	49	-1	-1	-1	0	0	0	42	-1	0	9	0	-1	-1
c15627	9	0	-1	0	0	39	-1	0	0	-1	-1	-1	0	-1	0	0	22	0	-1	0	-1	0	0	42	0	0	46	-1	-1	0
c15634	46	32	0	0	0	-1	-1	-1	0	-1	5	0	0	-1	0	-1	-1	0	0	-1	0	38	0	42	0	-1	0	0	0	0
c15635	46	-1	0	-1	0	0	-1	1	0	-1	-1	0	0	-1	0	0	-1	0	0	-1	-1	38	0	42	-1	-1	0	0	-1	0
c15644	31	0	0	-1	0	-1	-1	0	-1	0	26	13	0	0	0	-1	0	47	10	0	0	0	0	42	7	-1	18	5	-1	0
c15649	-1	-1	0	0	22	0	0	26	-1	26	-1	0	0	48	-1	29	0	0	0	0	0	0	46	-1	0	10	0	0	0	39
c15672	0	0	49	0	-1	-1	45	0	18	-1	0	-1	38	30	-1	0	-1	0	0	47	46	0	0	-1	-1	10	0	33	0	0
c15678	26	8	0	10	9	10	0	0	0	0	0	-1	0	-1	31	0	-1	0	0	0	32	0	40	42	48	12	-1	48	0	0
c15681	38	0	0	0	-1	39	0	0	46	0	0	45	-1	0	8	-1	0	0	0	0	0	0	18	42	-1	0	-1	-1	29	-1
c15687	18	0	0	48	-1	0	49	0	0	48	-1	0	-1	24	0	0	0	0	0	30	0	0	0	42	-1	10	0	0	0	0
c15747	0	0	0	0	30	39	0	0	0	0	0	-1	-1	0	0	0	8	0	48	-1	0	0	-1	42	0	48	46	0	29	0
c15775	3	-1	0	0	0	50	0	9	0	0	0	0	0	0	0	0	-1	0	0	0	0	-1	-1	42	0	-1	0	0	-1	0
c15778	0	0	0	0	0	0	46	36	0	0	8	23	38	30	0	0	9	0	-1	-1	-1	-1	0	-1	36	-1	0	0	-1	41
c15800	-1	0	9	0	-1	39	-1	0	-1	48	48	0	-1	48	0	-1	0	0	0	0	0	0	0	42	11	0	46	0	0	-1
c15814	46	0	26	0	0	-1	31	-1	0	0	0	0	0	-1	0	-1	-1	0	0	0	0	38	2	42	-1	10	-1	0	10	-1
c15848	26	26	0	0	0	-1	0	-1	0	0	0	0	-1	0	44	18	-1	0	0	13	32	0	0	-1	48	0	-1	48	-1	-1
c15901	48	39	0	0	0	-1	0	46	0	0	0	-1	-1	0	-1	0	0	39	0	48	0	0	0	42	-1	0	9	0	12	-1
c15904	48	32	0	0	0	39	39	46	0	0	0	13	-1	0	0	0	0	0	44	-1	0	0	-1	42	0	0	-1	-1	12	-1
c15917	0	0	13	-1	0	-1	49	46	0	0	0	-1	0	-1	0	0	-1	-1	0	48	-1	0	0	42	0	0	9	0	12	-1
c15923	-1	-1	46	-1	49	39	38	0	46	0	0	13	9	0	31	0	32	-1	-1	-1	0	-1	0	-1	0	48	0	0	4	-1
c15939	0	0	0	-1	1	39	0	0	36	0	47	0	-1	-1	-1	-1	1	0	0	0	-1	30	-1	42	0	9	46	-1	0	0
c15948	0	-1	0	-1	-1	39	33	38	0	0	-1	13	0	0	-1	12	0	0	48	0	9	0	0	42	0	0	18	-1	0	0
c15955	-1	0	0	0	-1	-1	-1	-1	0	0	6	-1	0	0	0	0	0	-1	48	0	0	8	9	-1	0	29	46	38	-1	3
c15958	-1	0	0	-1	-1	-1	0	13	0	-1	5	7	0	0	0	8	-1	0	45	0	0	38	0	42	0	10	36	-1	38	0
c15959	46	-1	0	-1	0	-1	0	13	0	0	-1	7	0	0	0	8	-1	0	-1	-1	0	-1	0	42	0	10	36	0	38	0
c15961	-1	0	-1	0	-1	0	0	-1	-1	-1	0	-1	49	0	0	18	0	0	0	28	-1	-1	0	42	-1	0	0	0	35	0
c15968	0	38	0	8	-1	33	-1	0	38	-1	-1	22	0	0	46	-1	44	0	5	0	32	-1	0	42	-1	0	-1	48	46	8
c15974	-1	-1	0	-1	0	39	33	0	-1	0	-1	13	0	0	18	-1	0	-1	48	0	0	-1	0	-1	-1	0	18	-1	0	12
c15982	46	0	-1	46	0	0	31	-1	27	0	0	-1	0	0	0	0	-1	-1	0	22	0	38	0	42	0	-1	0	-1	10	8
c15983	46	-1	26	46	-1	0	31	0	-1	0	0	0	0	-1	0	0	-1	0	0	-1	0	38	0	-1	0	10	0	-1	10	8
c15992	0	0	0	0	-1	-1	0	7	0	32	0	0	-1	0	-1	-1	0	0	0	0	-1	13	34	42	0	10	4	0	0	0
c15996	0	7	49	0	-1	-1	0	-1	-1	-1	0	-1	-1	30	-1	-1	0	0	0	47	46	0	0	-1	-1	10	0	33	0	0
c15999	-1	0	0	0	0	-1	0	0	0	40	0	0	-1	13	0	0	-1	0	0	-1	-1	0	9	42	0	10	0	0	9	-1
c16020	-1	0	26	0	-1	-1	31	0	36	0	0	0	0	0	0	-1	-1	0	16	0	0	38	0	42	0	-1	0	0	-1	8
c16024	-1	-1	5	30	0	39	29	26	7	0	0	13	-1	9	0	0	-1	44	-1	12	14	-1	47	42	0	0	46	45	0	3
c16035	0	0	-1	-1	0	0	0	0	39	40	22	0	0	13	-1	-1	0	-1	0	18	-1	0	9	42	-1	-1	-1	0	9	49
c16038	0	0	0	0	0	0	-1	0	0	-1	0	0	0	-1	0	0	-1	0	22	0	0	0	-1	-1	0	10	0	-1	0	0
c16039	0	-1	-1	0	-1	0	0	-1	-1	-1	0	0	0	-1	0	0	0	0	22	0	39	0	9	42	-1	10	0	32	0	0
c16051	-1	46	33	33	-1	-1	-1	-1	0	0	0	13	36	0	0	0	0	-1	-1	21	28	0	-1	42	0	48	-1	0	0	3
c16056	46	0	26	0	-1	-1	31	0	0	32	0	-1	0	0	0	0	-1	-1	0	-1	0	38	46	42	-1	10	0	0	10	8
c16057	46	0	26	0	-1	-1	31	0	-1	-1	-1	0	0	0	-1	0	-1	-1	0	-1	0	38	46	42	0	10	-1	0	10	8
c16065	-1	0	0	26	0	33	0	0	0	28	0	0	0	0	46	22	0	0	-1	0	32	-1	0	42	-1	0	22	48	-1	8
c16072	0	-1	0	45	36	0	-1	0	-1	0	0	0	0	13	0	12	-1	0	-1	0	0	36	0	42	0	10	0	0	0	44
c16088	0	-1	18	45	9	0	46	0	0	26	-1	-1	0	13	0	0	0	0	0	0	-1	0	18	42	0	10	0	0	33	35
c16108	-1	0	26	0	16	0	31	49	0	0	46	0	0	0	0	0	-1	0	0	-1	0	38	0	42	22	10	-1	18	10	8
c16109	46	0	26	-1	16	0	31	49	0	0	46	0	-1	0	0	0	-1	0	0	0	-1	-1	0	42	22	-1	0	18	10	8
c16117	-1	0	0	0	0	0	-1	-1	-1	0	0	0	-1	-1	-1	0	21	0	-1	-1	-1	-1	0	-1	0	-1	0	0	0	0
c16145	0	-1	0	26	0	39	16	0	0	-1	0	0	0	0	0	0	0	0	-1	0	37	0	-1	42	-1	9	46	0	-1	-1
c16156	-1	0	-1	0	0	1	0	-1	0	0	0	-1	0	0	44	18	0	0	0	13	32	0	0	42	48	0	-1	48	-1	0
c16162	0	0	13	0	0	50	0	0	-1	0	0	0	0	0	0	0	0	0	0	0	0	0	-1	42	0	-1	18	46	-1	0
c16190	-1	0	0	0	9	0	38	0	-1	-1	0	0	0	-1	0	-1	0	0	33	0	47	30	10	42	38	10	26	0	0	0
c16193	0	0	0	0	-1	39	30	-1	39	0	7	13	9	0	9	0	0	0	-1	48	18	0	0	42	0	0	9	0	12	-1
c16198	46	32	0	0	0	0	36	1	0	0	5	45	9	0	-1	0	-1	5	9	0	0	38	9	42	0	10	0	0	0	-1
c16200	0	39	9	0	0	39	45	46	9	41	48	13	38	45	46	18	-1	0	10	-1	0	0	0	42	29	0	0	0	0	0
c16222	10	10	0	0	0	33	0	0	0	32	0	-1	-1	-1	41	0	-1	0	0	0	-1	0	0	-1	48	0	22	-1	-1	8
c16241	0	0	0	-1	0	39	0	0	13	0	0	13	0	0	0	0	-1	0	0	0	-1	32	7	-1	0	9	46	41	0	-1
c16266	1	0	30	-1	46	0	-1	0	-1	1	0	46	49	0	0	18	48	0	0	28	32	0	0	42	0	0	0	30	-1	0
c16287	46	40	26	0	-1	0	31	-1	-1	-1	0	0	0	0	0	0	-1	0	0	0	0	-1	0	42	-1	10	0	0	10	-1
c16290	0	-1	-1	-1	-1	0	12	-1	0	0	28	0	0	0	0	0	26	-1	0	0	0	0	9	-1	0	10	0	-1	-1	0
c16312	0	-1	0	0	0	0	0	0	0	0	41	0	0	-1	0	29	0	0	0	0	0	31	46	-1	0	-1	0	18	49	39
c16333	2	0	0	0	30	-1	-1	0	36	0	0	0	-1	-1	0	0	-1	-1	48	0	0	0	9	42	0	0	46	0	29	0
c16368	2	0	0	0	0	0	-1	-1	-1	-1	18	0	0	0	0	0	21	39	0	0	0	0	0	-1	48	-1	-1	0	0	-1
c16370	0	47	0	0	-1	46	-1	0	-1	0	-1	0	0	-1	0	34	0	0	0	0	0	48	-1	-1	0	10	0	0	0	0
c16383	1	-1	7	0	0	0	0	0	-1	1	0	-1	49	9	33	18	-1	-1	0	-1	-1	0	0	42	0	0	41	-1	0	0
c16386	0	0	0	-1	30	-1	0	0	0	37	0	-1	0	0	0	0	0	0	48	0	0	0	9	42	0	-1	46	0	-1	0
c16396	34	0	0	0	-1	0	0	38	-1	-1	0	6	0	0	-1	0	26	0	-1	0	0	22	9	42	0	10	-1	-1	-1	0
c16399	0	30	0	-1	30	39	0	0	0	0	0	-1	33	0	0	-1	9	0	48	0	26	32	9	42	0	-1	46	0	29	0
c16403	48	0	-1	0	0	-1	0	46	-1	-1	0	13	0	-1	12	1	0	0	46	48	0	0	8	42	0	0	9	0	-1	-1
c16410	29	-1	-1	0	-1	-1	30	0	0	45	46	9	0	-1	0	-1	9	-1	13	-1	0	-1	13	-1	-1	-1	-1	18	0	0
c16437	2	0	-1	-1	-1	0	0	0	6	0	0	-1	0	0	-1	0	21	-1	0	0	0	-1	0	-1	48	-1	-1	0	0	-1
c16461	0	0	0	0	-1	0	0	0	18	48	-1	0	0	-1	-1	0	-1	0	46	0	-1	0	0	42	0	-1	0	29	36	0
c16475	26	38	0	0	36	1	-1	0	0	9	0	23	-1	8	30	0	-1	0	-1	0	32	-1	0	42	48	0	0	48	0	0
c16486	0	-1	0	22	0	39	27	46	-1	0	0	-1	0	0	0	0	0	0	0	48	0	0	0	42	0	32	-1	0	-1	-1
c16497	48	0	0	-1	-1	39	1	-1	48	12	0	13	0	-1	0	0	0	0	0	48	-1	0	-1	-1	0	43	9	0	12	-1
c16505	26	0	-1	-1	32	48	49	0	0	-1	0	-1	-1	-1	36	0	0	0	0	0	-1	-1	0	-1	48	0	10	48	-1	0
c16544	0	0	0	48	0	43	13	-1	0	-1	0	-1	0	13	-1	0	-1	38	0	18	-1	0	-1	42	-1	-1	0	0	9	0
c16578	0	0	0	0	0	-1	0	0	0	40	0	0	43	13	0	46	-1	38	0	18	-1	0	9	42	0	10	0	-1	-1	0
c16585	46	-1	26	0	0	18	39	0	0	0	0	36	-1	0	0	46	-1	31	16	0	-1	-1	0	42	0	10	-1	0	10	8
c16593	0	-1	0	0	22	0	0	9	0	0	41	0	0	48	0	29	28	0	-1	-1	0	0	-1	-1	0	-1	0	0	0	39
c16600	-1	0	-1	0	-1	45	39	0	0	0	0	0	0	0	0	0	-1	31	16	-1	0	38	-1	42	-1	10	0	0	10	8
c16622	0	0	36	0	0	39	0	-1	46	0	-1	13	-1	16	0	0	0	0	-1	48	0	-1	0	42	0	0	9	-1	12	-1
c16629	0	-1	-1	46	0	0	-1	0	0	0	0	5	38	30	0	0	0	-1	0	0	-1	0	0	-1	0	-1	0	-1	0	0
c16646	29	0	-1	49	9	0	30	-1	-1	0	-1	9	0	21	0	46	-1	48	0	0	0	0	0	42	0	-1	0	0	0	0
c16660	2	47	0	0	0	0	0	-1	-1	-1	0	-1	0	-1	0	37	21	0	33	0	-1	0	-1	-1	-1	10	8	31	0	0
c16671	29	0	0	-1	9	-1	30	0	-1	0	0	9	-1	0	0	0	-1	48	-1	0	0	33	0	-1	0	-1	26	0	46	-1
c16704	-1	0	16	0	48	-1	-1	46	0	30	0	-1	0	0	0	-1	39	9	-1	0	-1	0	26	-1	-1	0	0	0	0	-1
c16727	39	-1	0	-1	0	39	16	0	-1	49	39	0	0	-1	-1	0	0	0	-1	12	0	11	0	42	0	-1	46	0	-1	32
c16736	46	32	0	0	-1	0	36	1	48	-1	5	45	-1	0	0	0	-1	5	0	0	0	38	9	42	-1	10	0	0	0	-1
c16737	46	32	0	0	0	0	36	1	48	0	5	45	9	0	0	0	-1	-1	0	0	0	38	9	42	0	10	-1	0	0	0
c16750	0	0	0	-1	-1	0	0	0	48	-1	0	0	-1	0	0	0	0	0	0	-1	0	0	34	42	0	10	0	46	0	48
c16795	21	0	0	-1	0	0	0	0	46	-1	0	0	30	-1	0	0	-1	44	0	18	-1	0	9	42	0	10	0	0	9	0
c16802	-1	0	0	-1	-1	0	-1	-1	0	32	0	0	0	0	-1	0	26	-1	-1	0	-1	-1	9	42	0	10	0	-1	-1	16
c16808	2	0	0	0	0	0	0	0	-1	0	0	0	0	0	0	37	21	0	0	0	0	0	11	-1	0	10	0	-1	0	0
c16826	0	-1	0	0	-1	39	0	0	0	0	-1	48	0	0	0	-1	0	0	0	-1	0	-1	-1	42	0	-1	46	-1	0	0
c16838	0	-1	0	0	0	0	0	0	-1	0	41	0	0	0	0	9	0	0	-1	30	0	0	0	42	27	10	0	0	0	8
c16841	0	47	0	0	0	-1	-1	-1	0	0	-1	0	0	0	-1	34	0	0	0	0	0	48	0	-1	0	10	-1	-1	0	0
c16844	0	33	-1	0	0	39	0	46	0	0	0	13	0	0	20	0	50	0	0	48	0	0	26	-1	36	0	-1	0	12	-1
c16868	0	0	9	48	0	0	49	0	0	0	-1	0	0	-1	-1	13	0	0	0	30	0	-1	0	42	0	10	0	0	0	-1
c16869	0	0	9	48	-1	0	49	0	0	0	20	0	0	0	-1	13	0	0	0	30	0	0	0	42	-1	-1	0	0	0	0
c16872	-1	-1	-1	-1	9	0	-1	0	39	0	0	9	0	21	-1	0	-1	48	0	0	0	0	16	-1	0	-1	0	0	-1	0
c16893	26	-1	1	0	0	-1	9	0	0	26	36	8	-1	0	0	0	0	0	-1	-1	32	0	-1	42	48	-1	0	-1	0	9
c16941	0	0	3	-1	1	39	0	0	0	0	-1	48	0	-1	0	0	0	0	0	18	0	0	-1	42	0	0	-1	-1	-1	0
c16944	0	-1	-1	-1	-1	0	0	0	-1	39	0	0	0	18	-1	0	-1	0	46	0	-1	0	0	42	0	10	0	-1	36	0
c16969	0	0	0	0	0	-1	13	0	-1	40	0	0	0	-1	0	0	0	-1	0	18	-1	-1	9	-1	13	10	0	-1	-1	0
c16970	0	-1	49	0	-1	-1	0	46	18	-1	0	-1	38	30	-1	0	49	-1	0	47	46	-1	0	42	0	10	0	33	4	0
c16971	0	0	49	-1	-1	-1	0	-1	18	-1	0	-1	38	30	-1	0	49	0	-1	47	46	-1	0	42	0	10	0	33	-1	0
c16990	-1	-1	26	-1	0	-1	31	-1	36	0	0	-1	0	0	0	-1	-1	0	-1	0	16	-1	-1	42	0	10	0	0	10	8
c16998	0	0	0	0	48	33	-1	0	0	0	49	0	0	0	4	0	0	-1	0	0	32	31	0	-1	-1	0	22	48	-1	8
c17005	46	-1	0	0	0	-1	-1	13	0	0	5	0	0	0	0	-1	-1	0	45	0	0	38	0	42	0	10	36	0	38	0
c17011	0	0	0	-1	1	-1	0	0	-1	0	-1	0	-1	0	33	28	-1	48	9	0	0	37	-1	42	0	9	46	31	0	0
c17020	0	-1	0	21	1	39	0	0	0	0	38	-1	0	0	13	0	0	0	0	5	0	0	-1	42	0	-1	46	-1	0	-1
c17021	0	0	0	21	1	39	0	0	0	-1	-1	48	0	0	13	0	0	0	0	5	0	0	-1	42	0	-1	46	-1	0	0
c17023	-1	0	26	-1	-1	1	-1	27	0	46	0	-1	0	-1	0	0	-1	-1	16	0	0	38	-1	42	0	10	0	-1	10	8
c17036	26	0	0	-1	-1	-1	-1	-1	-1	-1	-1	0	0	0	44	0	14	33	0	13	-1	38	8	42	48	0	-1	-1	-1	-1
c17062	46	0	26	0	0	13	31	-1	0	0	0	0	0	0	0	-1	-1	0	-1	-1	0	38	0	-1	0	-1	-1	-1	10	8
c17063	-1	0	26	0	0	13	31	0	0	0	0	0	0	0	0	-1	-1	0	0	-1	0	38	0	42	0	10	0	-1	10	8
c17069	0	0	9	21	1	39	0	0	0	0	-1	48	0	48	13	0	0	22	0	5	0	-1	-1	42	0	9	46	-1	0	-1
c17080	0	46	-1	-1	0	39	33	0	-1	0	-1	13	0	0	18	-1	0	0	48	0	0	-1	0	42	48	0	18	0	0	12
c17081	0	46	-1	-1	-1	-1	33	-1	0	0	-1	13	0	0	18	48	0	-1	48	0	-1	-1	0	42	48	0	18	-1	0	12
c17106	0	0	0	-1	0	39	-1	0	-1	16	-1	-1	0	0	0	0	0	0	-1	-1	-1	-1	7	-1	-1	-1	46	0	0	3
c17114	46	-1	26	0	0	46	31	49	0	0	0	46	0	0	-1	-1	-1	0	46	7	0	38	8	42	0	-1	0	0	10	8
c17115	46	0	26	0	-1	46	31	49	0	0	-1	-1	0	0	0	-1	-1	0	46	-1	0	38	8	42	0	10	0	0	-1	8
c17133	0	46	22	-1	0	39	-1	46	0	0	-1	-1	0	38	18	-1	0	0	48	-1	0	9	0	42	0	22	18	45	-1	14
c17134	0	0	0	-1	33	18	1	0	9	0	0	0	0	-1	0	0	0	-1	-1	0	0	0	-1	42	0	-1	0	0	0	46
c17140	-1	30	26	-1	0	39	0	47	1	0	0	-1	9	0	12	0	0	0	-1	0	0	0	-1	-1	0	0	-1	0	-1	0
c17141	46	30	26	-1	0	39	0	47	1	0	0	-1	9	0	-1	0	0	0	-1	0	-1	-1	-1	-1	-1	-1	-1	0	-1	0
c17145	0	0	0	0	33	-1	0	0	9	0	0	0	0	-1	0	0	0	-1	-1	0	0	0	0	42	3	10	0	-1	0	46
c17150	40	0	0	0	0	39	0	0	-1	-1	0	0	0	0	36	0	-1	20	0	0	0	28	-1	-1	0	0	46	20	-1	-1
c17151	40	0	0	0	0	39	0	0	0	29	-1	0	0	0	36	0	9	20	0	0	0	28	-1	-1	0	0	46	20	16	0
c17166	13	-1	-1	0	-1	39	0	0	0	0	-1	48	0	0	0	0	0	0	0	36	-1	0	-1	42	0	0	-1	0	0	0
c17193	45	-1	0	-1	38	39	0	46	10	0	0	13	0	0	0	0	39	9	0	-1	44	0	-1	42	0	0	0	0	8	-1
c17198	0	0	0	0	0	39	0	46	-1	45	0	13	0	0	0	0	0	0	16	48	-1	38	26	42	0	0	9	0	12	-1
c17205	46	32	0	0	0	36	36	0	7	0	-1	0	1	25	0	0	-1	0	-1	48	28	38	0	42	46	10	0	0	0	-1
c17207	0	0	0	26	0	33	18	0	0	28	0	0	0	0	46	22	0	0	13	-1	32	0	0	42	-1	0	22	-1	0	8
c17222	-1	0	0	0	-1	27	0	13	-1	0	-1	-1	0	0	0	-1	-1	0	0	0	0	38	0	42	0	-1	36	29	38	2
c17224	0	0	49	0	-1	-1	45	0	-1	-1	0	-1	38	-1	0	0	46	0	0	47	46	0	0	42	0	10	0	-1	-1	0
c17227	-1	0	0	-1	-1	0	38	0	-1	40	0	0	18	13	-1	-1	0	0	-1	18	-1	-1	-1	42	46	10	9	0	9	0
c17235	-1	0	21	-1	0	39	0	0	-1	18	44	13	0	0	-1	0	8	-1	-1	0	28	-1	-1	42	-1	48	0	-1	49	-1
c17254	38	0	0	-1	33	-1	0	0	0	40	12	-1	-1	13	0	22	0	-1	0	18	-1	48	9	42	0	10	-1	0	9	-1
c17255	38	0	0	0	33	0	0	-1	0	-1	12	0	0	13	0	-1	0	14	0	18	-1	48	9	42	0	10	-1	0	9	-1
c17260	39	-1	-1	0	0	0	0	46	46	40	0	0	0	13	0	-1	-1	-1	0	18	-1	3	9	42	0	10	0	-1	9	-1
c17261	39	0	46	0	0	0	0	46	46	-1	0	-1	0	13	0	22	-1	14	0	-1	-1	3	9	42	0	-1	0	-1	9	-1
c17264	0	0	0	0	-1	43	13	0	13	40	0	0	-1	13	0	0	0	38	0	18	-1	0	9	42	0	10	0	0	-1	0
c17283	-1	0	-1	-1	0	0	0	36	0	40	0	48	49	13	20	0	0	0	0	18	-1	50	9	42	-1	10	0	0	9	-1
c17293	0	0	7	-1	-1	-1	0	0	-1	-1	22	0	46	-1	-1	0	-1	0	-1	0	0	-1	34	42	0	10	-1	0	0	0
c17307	0	-1	-1	-1	0	39	36	0	13	0	0	-1	0	1	0	0	0	31	0	0	0	0	7	-1	0	9	46	0	0	-1
c17320	0	0	0	0	0	39	-1	0	0	0	-1	13	36	0	0	-1	0	-1	-1	0	28	0	0	42	0	-1	0	33	-1	3
c17325	0	50	-1	0	0	-1	0	0	-1	-1	-1	13	0	-1	0	-1	38	-1	0	-1	-1	33	0	42	0	48	-1	4	0	3
c17369	48	0	46	0	0	-1	48	46	0	0	0	13	0	0	0	-1	0	0	0	-1	-1	13	0	42	26	0	9	0	12	-1
c17372	0	-1	0	-1	1	-1	0	-1	0	0	47	0	0	0	0	28	0	0	0	0	0	37	-1	42	0	9	46	-1	-1	0
c17399	29	0	0	0	9	-1	30	0	39	-1	0	9	0	0	-1	0	-1	48	0	0	0	39	0	42	0	-1	26	0	0	0
c17408	13	0	0	30	-1	-1	29	1	0	-1	0	13	0	41	-1	0	0	0	-1	0	0	-1	0	-1	0	0	0	-1	0	3
c17410	-1	-1	2	35	33	-1	0	30	0	30	0	0	30	-1	0	-1	-1	-1	-1	0	0	0	8	42	0	10	-1	0	-1	-1
c17419	-1	44	0	-1	-1	0	46	0	35	0	8	0	38	30	-1	46	48	0	0	-1	46	0	0	42	-1	10	-1	0	0	10
c17427	0	0	0	-1	1	39	0	0	0	0	47	0	-1	0	0	28	0	0	0	0	0	37	-1	42	0	9	46	-1	0	0
c17428	-1	0	-1	0	0	0	0	13	0	0	5	0	7	25	48	8	-1	0	0	-1	-1	38	0	42	44	10	36	0	38	0
c17442	0	-1	0	-1	0	0	-1	0	0	0	0	0	0	13	46	-1	0	0	0	-1	0	0	0	42	0	10	18	-1	-1	0
c17455	0	-1	-1	0	-1	39	0	46	0	0	0	13	0	0	0	18	39	0	0	0	0	0	-1	42	0	18	0	0	-1	49
c17462	0	10	48	-1	0	33	-1	0	0	0	-1	0	0	0	-1	0	0	0	16	-1	32	-1	9	42	48	0	22	48	0	8
c17464	46	0	-1	-1	0	0	31	0	0	-1	0	0	0	0	0	0	-1	-1	0	-1	0	38	46	-1	0	10	0	0	10	8
c17465	46	0	26	0	0	0	31	0	0	32	0	0	0	0	0	0	-1	-1	0	-1	0	-1	46	42	0	10	0	-1	-1	8
c17474	-1	-1	46	0	30	-1	0	0	0	46	0	-1	0	0	-1	-1	0	-1	48	-1	0	0	9	-1	0	0	46	36	29	0
c17490	46	0	26	0	19	46	31	0	33	0	0	0	0	48	0	0	-1	46	-1	0	0	-1	0	-1	18	-1	0	0	10	-1
c17504	3	-1	0	18	0	9	0	0	0	0	-1	9	0	-1	-1	0	0	-1	4	0	-1	48	-1	-1	46	-1	0	0	-1	0
c17505	3	-1	0	18	0	9	0	0	-1	0	36	9	0	-1	0	0	0	25	4	0	0	48	-1	42	46	10	0	0	-1	-1
c17507	-1	0	0	0	0	0	-1	0	6	-1	0	0	-1	-1	0	37	-1	0	33	16	0	0	29	-1	20	10	0	-1	-1	0
c17511	-1	0	26	0	0	0	31	0	39	19	0	-1	35	0	29	0	-1	0	0	-1	0	38	-1	-1	0	10	0	0	10	8
c17519	-1	0	36	-1	13	-1	33	6	0	-1	-1	13	0	0	27	0	0	-1	0	0	0	0	0	42	7	0	18	0	-1	-1
c17521	0	27	-1	26	22	39	16	0	0	0	12	0	0	0	0	38	38	-1	-1	0	0	0	0	42	9	46	-1	0	-1	-1
c17545	34	0	0	21	0	0	0	0	-1	-1	0	-1	0	0	0	0	26	0	-1	0	0	0	-1	42	-1	10	0	-1	-1	0
c17561	0	-1	-1	0	0	13	38	0	-1	0	0	0	0	-1	0	-1	-1	0	-1	0	47	0	-1	42	38	10	0	0	0	0
c17565	0	-1	0	13	9	0	3	49	9	0	41	47	46	0	0	3	0	0	0	0	-1	0	-1	-1	0	10	0	-1	7	-1
c17569	46	0	26	0	49	45	39	-1	0	-1	0	0	0	0	0	0	-1	-1	16	29	0	38	0	42	-1	10	0	0	10	8
c17583	26	38	0	0	-1	0	9	0	0	0	0	0	0	14	0	9	0	-1	0	0	32	0	26	42	-1	-1	22	48	0	0
c17589	0	-1	0	0	22	0	0	0	-1	0	41	0	0	48	26	29	0	0	0	0	0	-1	46	-1	0	10	0	-1	-1	39
c17598	0	7	49	0	-1	-1	0	-1	18	-1	0	-1	38	30	0	0	16	0	0	47	46	0	-1	42	48	10	0	33	33	0
c17613	0	44	46	-1	0	0	0	33	8	0	-1	48	0	0	-1	-1	0	0	0	-1	47	0	0	42	0	10	-1	0	46	0
c17625	0	0	-1	0	-1	0	0	-1	-1	0	0	0	21	-1	0	0	0	-1	0	0	0	13	34	42	0	10	0	-1	0	1
c17659	0	48	13	-1	0	39	49	46	0	-1	0	-1	46	-1	0	0	0	0	-1	48	0	0	0	42	-1	0	-1	0	12	-1
c17665	48	0	0	14	0	39	-1	46	48	12	0	13	0	0	0	0	0	0	0	48	0	-1	18	42	-1	0	9	0	12	-1
c17691	0	0	0	-1	-1	39	16	0	0	0	3	0	28	-1	0	-1	0	-1	-1	0	37	-1	0	42	0	9	46	-1	-1	-1
c17706	0	0	0	0	0	39	0	46	0	0	0	13	-1	-1	0	0	39	9	0	0	0	0	26	42	0	0	0	-1	0	0
c17716	-1	0	-1	30	0	39	-1	0	0	46	0	13	0	-1	13	0	0	0	0	12	0	-1	0	-1	0	0	46	45	0	-1
c17720	-1	-1	0	0	-1	39	0	0	0	0	0	-1	0	0	0	0	8	0	48	0	0	0	9	-1	-1	-1	46	0	-1	-1
c17734	0	0	49	-1	0	-1	33	0	18	29	26	13	50	0	0	0	-1	47	6	-1	0	13	0	42	-1	0	18	-1	-1	36
c17738	0	0	0	-1	0	0	0	-1	0	-1	12	0	0	0	0	-1	26	0	-1	18	46	0	9	42	-1	10	0	-1	-1	-1
c17739	0	0	0	0	0	0	0	0	0	-1	12	0	0	0	0	0	26	0	0	18	-1	0	9	42	47	10	0	-1	-1	-1
c17743	-1	0	0	-1	0	39	1	46	0	-1	28	13	0	0	46	0	6	18	0	-1	0	-1	0	-1	0	0	9	-1	12	-1
c17758	46	0	26	0	16	0	31	49	0	0	46	0	0	-1	0	-1	-1	0	0	0	0	38	0	42	22	10	0	-1	10	8
c17759	46	0	26	0	-1	0	31	49	0	0	46	0	0	0	-1	0	-1	0	0	-1	0	38	0	42	22	10	-1	18	-1	8
c17766	38	-1	-1	4	0	-1	0	-1	0	0	36	0	0	0	46	0	26	0	9	0	8	-1	0	42	0	-1	46	0	0	0
c17767	38	29	-1	4	0	39	-1	9	0	0	36	0	0	0	46	0	26	-1	-1	0	8	0	-1	42	0	50	46	-1	0	0
c17768	46	33	-1	-1	21	0	0	48	-1	8	0	-1	0	38	-1	36	-1	3	46	0	22	38	0	42	-1	-1	0	0	0	5
c17772	0	-1	0	0	0	39	-1	46	0	0	0	13	24	0	28	-1	0	-1	-1	48	0	-1	18	42	0	0	9	0	12	-1
c17777	0	0	0	44	-1	39	-1	0	39	-1	0	0	-1	0	-1	0	-1	9	0	-1	-1	-1	0	42	48	-1	46	-1	-1	0
c17787	48	-1	0	18	0	39	0	-1	0	-1	-1	13	0	0	12	1	0	0	0	48	0	0	0	42	0	0	9	0	-1	-1
c17796	48	0	0	-1	-1	50	0	0	-1	0	-1	-1	46	-1	0	0	0	-1	0	0	13	0	-1	42	0	-1	0	0	-1	0
c17797	48	-1	-1	0	-1	50	0	0	0	-1	0	0	-1	0	0	0	-1	0	-1	0	13	0	-1	42	0	-1	0	0	-1	0
c17802	-1	-1	0	0	0	-1	0	0	-1	40	0	-1	0	13	-1	46	0	38	0	-1	-1	-1	-1	-1	0	-1	0	0	9	0
c17824	-1	33	0	46	21	0	0	48	-1	8	0	0	0	38	-1	0	-1	3	46	-1	22	38	0	42	-1	10	0	0	0	5
c17825	46	-1	0	46	21	0	0	48	0	8	0	-1	0	38	-1	0	-1	3	46	0	22	38	0	42	-1	10	0	0	0	5
c17863	0	30	0	0	-1	39	-1	0	0	0	0	0	0	0	0	13	9	-1	48	0	-1	0	9	42	0	9	46	0	29	0
c17866	0	0	13	0	0	50	0	-1	-1	0	0	0	-1	0	0	-1	0	0	0	0	38	0	-1	42	0	-1	-1	-1	-1	0
c17867	0	0	13	0	0	50	-1	0	0	0	0	0	0	0	0	0	0	-1	0	0	38	0	-1	42	0	-1	-1	46	-1	0
c17878	-1	33	-1	-1	21	0	0	48	0	0	0	2	0	0	0	-1	-1	3	0	-1	0	38	0	42	0	10	-1	0	0	0
c17879	46	33	0	46	21	0	0	48	0	0	0	2	-1	0	0	-1	-1	3	0	0	0	-1	0	42	0	-1	-1	0	0	0
c17880	0	18	-1	0	33	-1	-1	0	47	-1	0	0	-1	0	0	39	0	-1	-1	47	0	0	8	42	0	-1	0	-1	0	-1
c17884	0	0	-1	-1	0	-1	33	9	0	0	-1	13	0	0	18	-1	0	0	48	0	0	0	0	42	0	0	18	-1	-1	48
c17891	0	0	0	48	-1	43	13	0	0	40	0	0	-1	13	0	0	0	-1	0	18	-1	0	9	42	0	10	0	-1	-1	-1
c17894	46	-1	26	0	0	0	31	0	0	-1	0	0	0	0	0	29	-1	0	0	-1	-1	38	39	42	0	10	0	0	10	8
c17895	46	0	26	0	0	0	31	0	0	0	0	0	0	-1	-1	29	-1	0	0	0	0	38	39	42	-1	10	0	0	10	-1
c17898	-1	0	0	0	12	0	48	0	0	1	0	0	0	0	0	18	0	-1	0	28	32	0	0	42	0	0	0	0	0	-1
c17916	-1	47	0	0	0	0	0	0	48	0	0	0	-1	9	-1	0	0	0	-1	9	0	0	0	42	0	-1	-1	0	0	0
c17920	0	0	0	-1	19	39	33	0	0	-1	26	13	0	0	0	0	0	47	0	-1	0	0	0	42	7	0	18	0	0	0
c17946	28	0	0	26	30	-1	-1	0	0	-1	0	-1	0	0	9	0	-1	0	48	0	-1	-1	9	42	-1	-1	46	36	29	0
c17947	-1	0	0	26	30	39	0	0	0	46	0	-1	0	0	9	0	0	-1	48	0	0	0	9	42	0	0	46	36	29	0
c17970	-1	-1	-1	-1	-1	39	0	-1	-1	48	49	0	-1	0	0	-1	-1	-1	0	46	-1	0	-1	-1	0	-1	46	0	0	0
c17981	-1	-1	-1	0	0	-1	-1	-1	0	0	0	0	0	0	46	0	0	0	9	-1	5	0	0	42	-1	-1	46	0	0	33
c17982	0	-1	-1	-1	1	39	0	0	-1	0	0	48	-1	0	-1	0	0	48	0	49	0	18	-1	42	0	-1	46	0	46	0
c17994	1	0	-1	0	-1	-1	0	47	9	0	-1	-1	0	-1	48	18	0	0	0	28	32	0	33	-1	0	-1	-1	14	0	-1
c18018	0	0	13	-1	0	50	0	0	0	0	-1	0	0	0	0	-1	0	0	0	0	0	0	-1	42	0	-1	0	46	-1	0
c18028	0	0	0	0	-1	-1	1	0	0	0	0	8	-1	0	0	32	0	27	0	0	0	0	-1	42	0	0	-1	-1	-1	0
c18029	0	0	-1	0	-1	39	1	0	0	0	-1	8	-1	0	0	32	0	27	0	0	0	0	-1	42	-1	0	-1	-1	0	0
c18031	13	-1	-1	30	0	39	29	0	0	46	-1	13	0	-1	-1	0	0	0	13	12	46	-1	0	42	46	0	-1	45	0	-1
c18036	48	0	0	-1	-1	39	-1	-1	-1	33	-1	13	0	-1	18	0	34	0	48	0	0	49	46	42	-1	0	18	38	-1	48
c18041	0	-1	30	0	-1	9	0	0	8	-1	-1	0	0	0	-1	0	47	12	0	0	47	0	10	42	-1	-1	-1	0	-1	0
c18060	46	32	0	0	0	-1	-1	1	-1	0	5	45	0	0	-1	0	-1	5	0	0	0	-1	9	42	0	-1	0	16	0	29
c18074	0	10	0	-1	0	-1	-1	0	0	0	0	0	0	0	41	0	0	0	0	-1	-1	-1	0	42	48	0	-1	48	0	8
c18087	31	0	0	-1	2	-1	-1	0	-1	0	26	13	0	0	-1	-1	0	47	0	36	0	0	0	-1	7	0	18	-1	0	0
c18102	0	0	0	0	0	-1	0	-1	0	40	0	0	0	13	0	46	0	-1	-1	18	-1	46	9	42	0	10	0	29	9	0
c18104	0	0	36	0	0	39	0	46	46	0	1	13	29	16	0	0	-1	-1	-1	48	0	0	0	42	0	0	9	0	12	-1
c18105	0	0	36	0	0	39	0	46	46	0	1	-1	-1	16	0	0	0	0	-1	48	0	0	0	-1	0	-1	9	0	12	-1
c18107	0	-1	0	-1	0	39	0	46	0	46	0	13	0	-1	-1	-1	39	9	0	-1	0	18	26	42	0	0	0	0	0	0
c18110	0	-1	30	-1	0	39	0	46	-1	-1	0	-1	-1	-1	39	0	33	0	39	48	-1	0	26	42	-1	0	9	0	12	-1
c18123	0	0	0	0	0	39	49	46	0	0	0	13	0	-1	0	0	0	-1	0	48	0	0	39	42	0	0	9	0	12	-1
c18151	0	0	-1	-1	-1	39	0	0	0	0	0	13	36	0	32	0	-1	-1	-1	-1	28	0	-1	42	0	-1	0	0	0	3
c18164	9	0	0	-1	8	39	0	0	13	36	38	13	0	0	0	48	18	0	-1	-1	0	0	7	-1	0	9	46	0	0	-1
c18170	-1	0	-1	0	0	0	-1	49	0	47	0	-1	0	-1	0	0	0	0	4	-1	0	0	-1	42	46	10	0	-1	-1	0
c18171	3	0	46	0	0	0	0	49	0	47	0	0	0	-1	0	0	-1	-1	4	0	-1	0	-1	42	-1	10	0	0	-1	0
c18183	0	0	0	46	-1	0	0	0	0	-1	0	22	0	-1	0	-1	0	0	0	0	-1	32	0	42	3	10	0	0	0	13
