	0	1	2	3	4	5	6	7	8	9	10	11	12	13	14	15	16	17	18	19	20	21	22	23	24	25	26	27	28	29
c1450	0	0	0	0	41	47	0	0	-1	-1	0	0	-1	32	41	0	-1	0	-1	0	44	-1	0	35	7	-1	-1	29	24	0
c1582	0	0	0	-1	41	0	-1	0	-1	0	5	0	-1	-1	0	0	0	0	-1	0	22	-1	0	-1	7	44	0	29	24	0
c1651	-1	22	0	0	0	0	45	0	0	0	49	0	-1	46	0	0	-1	0	0	0	7	7	-1	47	0	-1	-1	-1	0	45
c1966	-1	0	0	-1	41	0	29	0	-1	0	0	7	44	0	0	-1	0	35	46	-1	46	47	0	-1	7	-1	-1	-1	49	18
c2305	-1	36	0	0	41	0	-1	-1	-1	0	0	-1	7	44	0	-1	0	-1	-1	0	0	47	0	-1	0	-1	0	-1	10	18
c2349	7	0	25	17	41	-1	0	-1	-1	0	0	-1	0	0	-1	0	32	0	-1	31	46	47	42	0	-1	7	0	0	49	18
c2562	-1	0	0	0	0	0	45	0	47	0	7	0	-1	46	0	0	-1	0	50	0	0	7	0	0	7	-1	-1	-1	0	-1
c2568	7	49	0	-1	41	-1	0	31	-1	0	7	-1	35	-1	0	37	-1	0	46	-1	0	-1	0	-1	0	-1	0	0	10	18
c2620	0	7	0	6	41	0	0	0	-1	-1	0	0	-1	-1	41	0	0	-1	46	0	44	-1	0	35	7	44	0	29	-1	0
c3090	7	-1	0	37	41	0	0	0	-1	0	37	-1	44	0	0	0	21	29	46	0	46	-1	-1	28	0	-1	0	0	49	18
c3147	7	0	-1	0	41	-1	-1	0	-1	21	6	24	-1	0	0	0	-1	0	-1	0	0	47	0	0	0	0	0	25	10	18
c3188	-1	35	0	0	41	6	0	26	-1	0	0	0	-1	0	-1	-1	-1	0	-1	0	0	47	0	0	0	0	0	0	-1	18
c3225	-1	0	0	37	-1	0	0	0	-1	0	37	44	44	0	0	-1	21	29	46	-1	46	47	46	16	41	0	0	0	49	18
c3233	7	0	0	37	41	0	0	0	-1	-1	0	-1	-1	-1	0	7	0	-1	46	28	46	47	-1	-1	0	0	5	-1	49	18
c3320	-1	35	-1	0	-1	-1	0	0	-1	-1	0	35	10	-1	16	0	0	0	46	31	46	47	-1	0	-1	0	0	0	-1	-1
c3536	7	0	0	-1	41	0	-1	22	-1	4	0	0	13	0	0	0	0	0	-1	0	-1	47	-1	-1	-1	0	0	0	10	-1
c3612	7	-1	0	0	-1	-1	-1	0	-1	0	-1	-1	10	0	0	-1	-1	-1	46	31	46	47	7	0	34	49	0	-1	49	18
c3625	0	0	0	-1	-1	0	-1	42	-1	0	-1	10	-1	32	0	0	0	30	-1	-1	-1	-1	0	35	7	44	35	29	24	-1
c3626	7	0	-1	0	41	-1	0	0	-1	0	35	0	0	0	0	0	0	-1	46	0	0	-1	0	0	-1	0	0	-1	-1	18
c3747	0	0	0	0	41	0	7	42	-1	0	5	0	-1	-1	0	0	0	30	-1	-1	22	-1	0	-1	7	44	-1	29	24	42
c3795	7	47	34	0	41	0	-1	0	-1	0	0	0	0	0	0	0	-1	0	46	-1	0	47	24	0	0	49	0	0	10	18
c3839	7	42	0	0	-1	-1	0	0	-1	0	-1	0	0	0	0	0	0	-1	46	31	46	47	0	0	34	0	-1	0	49	18
c3952	-1	0	0	0	-1	0	-1	-1	-1	0	0	0	13	49	0	0	35	35	-1	0	-1	47	0	0	-1	-1	0	7	10	18
c3989	7	0	0	0	41	-1	-1	0	-1	-1	-1	0	13	-1	-1	0	-1	0	-1	0	0	47	0	0	-1	41	0	0	10	18
c4008	7	35	0	0	41	0	0	26	-1	0	0	0	6	0	-1	33	0	0	46	0	0	47	0	0	-1	0	28	-1	-1	18
c4232	-1	0	0	29	0	0	45	-1	0	0	0	0	24	46	-1	0	-1	0	0	0	-1	-1	0	0	7	-1	7	-1	0	45
c4352	9	0	0	0	0	0	-1	0	-1	0	0	-1	-1	46	-1	0	-1	5	0	-1	31	7	-1	-1	0	-1	9	-1	-1	45
c4356	7	0	29	0	-1	-1	0	7	-1	0	-1	0	10	0	-1	0	0	-1	46	31	46	47	34	44	-1	0	-1	0	49	18
c4373	7	7	45	37	41	0	35	0	-1	-1	48	0	44	-1	0	-1	-1	-1	-1	-1	46	47	-1	-1	0	31	0	49	49	18
c4445	0	0	-1	9	41	0	0	-1	-1	0	5	0	-1	32	-1	0	0	30	46	0	22	-1	0	35	7	44	35	-1	-1	0
c4451	9	0	0	0	-1	0	45	0	0	0	0	0	0	46	0	0	-1	-1	0	-1	-1	7	0	0	0	-1	-1	-1	0	45
c4648	16	0	0	0	41	0	-1	0	-1	5	0	0	-1	32	22	0	0	-1	46	0	0	-1	-1	35	7	44	22	-1	24	0
c4664	7	0	0	21	41	-1	0	0	-1	0	49	23	49	34	-1	47	0	-1	-1	31	46	-1	0	-1	-1	0	0	0	49	18
c4817	7	-1	0	0	41	-1	-1	0	-1	0	7	47	0	0	-1	0	0	0	-1	10	0	-1	44	0	0	0	0	25	10	-1
c4834	7	0	0	0	41	0	-1	0	-1	4	0	0	13	0	0	16	-1	0	-1	0	0	47	-1	0	-1	0	0	0	-1	18
c5202	-1	0	0	-1	41	-1	-1	-1	-1	4	0	0	13	-1	0	16	0	0	-1	0	0	47	-1	0	-1	21	0	0	10	18
c5243	7	0	34	-1	41	0	-1	0	-1	-1	0	0	42	0	-1	-1	0	0	46	0	0	47	24	0	0	49	0	7	10	18
c5245	7	7	7	0	41	-1	0	-1	-1	0	-1	-1	-1	-1	0	0	0	-1	46	-1	46	47	-1	-1	-1	0	0	-1	-1	18
c5302	7	0	7	35	41	0	-1	22	-1	4	0	0	-1	-1	0	-1	0	0	-1	0	-1	-1	0	0	-1	29	0	-1	-1	-1
c5364	7	0	0	-1	41	-1	21	0	-1	0	37	0	-1	44	0	-1	21	29	46	0	46	47	17	28	0	0	0	35	49	18
c5365	7	0	-1	-1	41	0	-1	0	-1	0	37	-1	44	-1	0	-1	21	29	-1	0	46	-1	17	28	0	29	0	35	49	18
c5405	7	0	0	37	41	-1	29	-1	-1	7	0	0	44	45	44	-1	0	0	46	49	46	47	0	0	12	0	0	34	49	-1
c5418	-1	0	28	-1	0	-1	45	0	0	46	44	0	0	46	0	0	-1	31	0	33	0	7	0	0	25	-1	0	-1	21	-1
c5489	0	-1	-1	0	41	0	0	0	-1	0	5	-1	-1	32	0	-1	0	0	46	0	0	-1	35	35	7	44	0	29	24	-1
c5550	-1	0	0	-1	-1	0	0	0	-1	0	37	0	44	0	0	-1	21	29	46	0	46	47	-1	28	0	0	0	0	49	18
c5646	-1	18	0	0	-1	0	0	42	-1	0	-1	0	-1	32	0	0	0	30	46	-1	-1	-1	0	-1	7	44	-1	29	24	0
c5674	7	0	7	0	-1	-1	0	-1	-1	0	0	-1	-1	0	-1	0	1	-1	-1	31	46	47	-1	-1	34	0	0	0	49	18
c5683	-1	0	-1	0	-1	-1	0	0	-1	0	0	35	-1	-1	-1	0	0	0	-1	31	-1	-1	0	0	34	0	0	0	49	18
c5700	-1	0	21	0	7	5	45	0	5	0	0	0	-1	46	0	0	-1	0	-1	0	29	-1	-1	-1	7	-1	0	-1	0	45
c5719	0	-1	0	0	41	0	-1	-1	-1	0	5	0	-1	32	0	5	0	-1	-1	0	22	-1	-1	35	7	44	-1	29	-1	0
c5747	-1	0	0	37	41	0	-1	0	-1	-1	48	-1	44	0	-1	0	7	0	46	0	46	47	-1	42	0	0	-1	49	49	18
c5882	0	35	0	6	-1	0	-1	0	-1	0	-1	0	-1	32	41	0	0	0	-1	0	44	-1	21	35	7	44	-1	29	24	0
c5931	7	0	-1	17	-1	-1	0	0	-1	-1	0	0	0	0	7	32	32	0	46	31	-1	47	-1	0	34	7	0	45	49	18
c5942	-1	0	0	37	-1	44	-1	-1	-1	40	0	-1	44	44	0	0	21	29	46	0	46	47	0	0	0	0	-1	0	49	18
c6014	7	0	0	37	41	0	0	0	-1	0	37	44	-1	0	0	-1	-1	29	46	-1	46	47	0	0	0	0	0	-1	49	18
c6020	0	0	0	0	41	0	0	-1	-1	0	5	0	-1	32	0	49	-1	-1	46	0	22	-1	0	35	7	44	-1	29	24	0
c6021	0	0	-1	0	41	0	22	-1	-1	0	-1	-1	-1	32	0	-1	0	-1	46	-1	22	-1	0	35	7	44	0	29	24	0
c6096	0	0	0	0	41	0	0	-1	-1	6	-1	0	-1	32	0	0	6	0	46	0	0	-1	0	35	7	44	-1	-1	24	0
c6122	-1	0	0	-1	41	0	44	0	-1	0	0	0	44	0	35	7	0	0	46	0	46	47	2	0	-1	0	5	-1	-1	18
c6129	16	0	-1	0	41	0	0	0	-1	5	0	0	-1	32	0	0	0	0	46	0	-1	-1	-1	35	-1	44	0	-1	24	0
c6171	-1	7	0	-1	41	0	0	0	-1	7	0	-1	44	0	0	7	0	35	46	0	-1	47	0	-1	0	-1	0	0	49	18
c6175	7	49	0	0	41	0	0	0	-1	-1	0	0	-1	0	-1	0	0	29	46	0	-1	-1	0	0	0	0	0	0	10	18
c6184	7	42	0	0	-1	-1	0	0	-1	0	-1	0	0	0	0	0	6	-1	46	31	46	-1	45	0	34	0	0	0	-1	18
c6255	-1	0	6	37	41	0	0	5	-1	0	0	-1	44	-1	0	7	0	0	46	6	46	47	49	0	0	16	-1	0	49	-1
c6269	7	0	0	0	41	0	-1	0	-1	0	0	0	0	-1	-1	0	0	-1	-1	0	0	47	0	0	0	0	37	0	10	18
c6320	-1	-1	0	37	41	-1	35	47	-1	0	48	0	44	7	-1	7	44	0	46	25	46	47	-1	0	0	0	31	49	49	-1
c6365	-1	0	0	-1	41	0	0	44	-1	25	49	0	44	0	-1	7	0	-1	46	31	-1	-1	2	0	-1	-1	0	0	-1	-1
c6371	-1	35	-1	0	41	-1	0	-1	-1	0	0	0	-1	0	-1	0	0	0	46	0	0	47	0	-1	0	0	0	0	10	18
c6379	7	-1	34	-1	41	0	-1	0	-1	0	0	0	0	0	0	0	0	0	46	0	0	47	0	0	0	49	0	-1	10	18
c6395	7	-1	0	-1	41	-1	0	0	-1	0	-1	0	44	-1	6	0	-1	39	46	0	-1	47	0	46	0	23	0	-1	49	18
c6416	-1	-1	-1	0	41	-1	25	0	-1	0	0	-1	-1	32	0	0	29	49	-1	0	0	-1	0	35	7	44	0	29	24	0
c6459	9	0	0	0	-1	49	45	0	0	0	30	0	7	46	6	-1	-1	0	0	16	0	-1	0	-1	-1	-1	6	-1	-1	-1
c6463	7	-1	-1	0	41	0	-1	-1	-1	0	0	0	0	0	0	0	0	0	-1	-1	0	47	0	0	7	-1	0	-1	10	-1
c6587	49	0	0	0	41	0	25	0	-1	0	-1	0	-1	32	-1	0	0	49	-1	-1	0	-1	0	35	7	44	0	29	24	0
c6591	7	0	34	-1	-1	0	-1	0	-1	0	49	0	0	-1	0	0	0	0	46	0	0	47	0	0	-1	49	0	0	10	18
c6601	7	0	9	0	41	0	-1	0	-1	0	0	26	0	39	0	-1	49	0	-1	0	0	47	0	0	0	23	0	21	-1	18
c6606	49	-1	0	0	41	-1	25	0	-1	0	22	0	-1	32	0	0	0	49	46	39	0	-1	0	35	7	44	0	-1	24	-1
c6627	-1	42	-1	37	41	0	0	5	-1	0	0	-1	44	0	0	-1	45	0	46	9	-1	47	42	0	0	-1	0	0	-1	-1
c6633	0	-1	0	0	-1	0	-1	0	-1	0	0	0	-1	32	-1	0	0	49	-1	0	0	-1	0	35	7	44	0	29	24	0
c6672	9	-1	0	0	0	35	45	0	0	0	-1	0	0	46	0	0	-1	0	0	0	0	7	0	-1	0	-1	0	-1	0	45
c6714	7	0	-1	0	-1	-1	0	-1	-1	-1	0	0	-1	0	0	0	0	31	46	31	46	47	0	0	-1	-1	-1	0	49	18
c6756	-1	-1	0	0	41	0	-1	0	-1	6	0	0	-1	32	0	-1	6	0	46	0	0	-1	0	35	7	44	0	-1	24	-1
c6767	0	0	0	-1	-1	-1	25	0	-1	0	0	0	-1	32	37	0	0	-1	46	0	-1	-1	0	-1	7	44	-1	29	-1	21
c6771	9	0	0	42	0	0	-1	-1	0	0	0	0	0	-1	-1	0	-1	0	0	-1	0	-1	0	-1	22	-1	0	-1	-1	45
c6801	22	-1	0	0	-1	0	0	42	-1	0	5	10	-1	-1	0	0	0	30	46	-1	-1	-1	0	35	7	44	35	29	24	0
c6809	7	0	0	-1	41	0	-1	0	-1	4	0	0	13	0	0	0	0	9	-1	0	0	47	0	-1	-1	41	37	0	10	18
c6812	7	49	0	-1	41	-1	0	17	-1	0	-1	-1	-1	-1	0	0	0	38	-1	-1	-1	47	-1	0	44	7	-1	0	10	18
c6826	-1	-1	0	37	41	0	0	0	-1	0	-1	0	44	0	0	-1	-1	29	46	-1	46	47	17	28	0	0	0	35	-1	18
c6844	7	0	-1	37	41	-1	0	0	-1	0	37	0	-1	0	-1	0	21	29	-1	0	46	47	17	28	0	-1	0	0	-1	-1
c6853	0	49	22	0	23	0	-1	-1	-1	-1	-1	0	-1	46	0	0	-1	7	-1	0	49	-1	-1	-1	-1	-1	0	-1	-1	45
c6863	7	-1	0	35	-1	0	-1	0	-1	-1	0	0	13	0	0	-1	0	0	-1	0	39	-1	0	0	-1	0	-1	0	-1	18
c6871	7	-1	0	-1	41	-1	-1	0	-1	44	48	0	44	0	-1	0	-1	35	46	0	-1	47	-1	0	0	0	0	49	49	18
c6874	7	-1	-1	37	41	-1	0	-1	-1	-1	16	0	44	0	0	-1	0	0	46	-1	46	47	0	0	12	0	0	0	49	-1
c6891	7	0	-1	7	41	-1	0	0	-1	0	0	35	46	22	0	0	29	0	46	-1	46	-1	16	0	34	0	-1	0	-1	-1
c6924	7	0	0	0	41	0	-1	0	-1	-1	0	0	13	0	0	16	0	0	-1	0	0	47	-1	0	-1	0	0	0	-1	18
c6925	7	-1	0	-1	41	0	-1	0	-1	4	0	0	13	0	0	16	0	0	-1	0	0	47	-1	0	-1	-1	0	0	10	-1
c6954	9	31	0	0	0	0	-1	44	0	-1	49	0	-1	46	0	-1	-1	-1	9	0	7	-1	0	-1	-1	-1	0	-1	-1	45
c7063	7	35	0	0	41	41	0	26	-1	0	0	-1	6	0	-1	0	0	0	46	0	0	47	0	0	0	0	0	0	10	18
c7144	9	0	0	0	0	0	45	0	44	0	17	0	0	46	32	-1	-1	30	0	0	6	7	0	0	0	-1	44	-1	-1	-1
c7151	7	-1	29	-1	-1	-1	35	0	-1	0	48	0	-1	0	21	0	0	0	46	0	46	47	-1	-1	0	-1	0	-1	-1	18
c7206	0	-1	0	0	41	0	0	21	-1	0	5	0	-1	32	47	-1	0	26	46	0	22	-1	0	-1	7	44	0	29	24	0
c7211	7	0	5	-1	-1	0	-1	0	-1	-1	-1	0	13	0	0	-1	0	0	-1	0	0	47	0	-1	-1	41	0	0	10	18
c7219	-1	0	0	0	41	-1	-1	-1	-1	4	0	-1	13	-1	42	16	-1	0	-1	0	0	-1	-1	0	-1	0	0	0	10	18
c7226	7	-1	0	0	41	0	-1	-1	-1	0	0	0	0	0	0	-1	0	0	-1	0	0	47	0	0	0	0	0	0	10	18
c7254	0	0	0	0	41	0	0	40	-1	9	-1	22	-1	-1	0	0	0	0	-1	-1	21	-1	6	35	7	44	0	-1	24	-1
c7276	0	7	0	-1	41	0	0	-1	-1	0	-1	-1	-1	32	41	0	-1	-1	46	50	44	-1	0	35	7	-1	-1	29	24	-1
c7285	7	16	0	37	41	0	35	4	-1	0	48	-1	44	0	0	0	0	0	46	0	-1	47	-1	-1	-1	0	0	-1	49	18
c7298	7	0	-1	0	-1	-1	-1	0	-1	4	0	32	13	0	0	-1	-1	0	-1	0	-1	47	0	0	-1	41	39	0	10	18
c7411	7	-1	7	22	-1	-1	0	0	-1	0	-1	0	0	0	0	0	-1	45	46	31	46	47	0	10	34	35	-1	0	-1	18
c7440	9	0	0	0	0	-1	45	-1	-1	0	0	0	7	46	-1	-1	-1	21	44	-1	0	7	0	0	-1	-1	0	-1	0	45
c7495	7	0	-1	0	41	-1	0	-1	-1	-1	0	0	-1	0	-1	-1	1	-1	46	31	46	47	-1	-1	34	-1	0	39	49	18
c7518	0	0	0	0	41	0	-1	0	-1	0	5	0	-1	32	0	-1	0	0	-1	-1	0	-1	35	35	7	44	-1	29	24	0
c7519	0	0	0	0	41	0	-1	-1	-1	-1	5	0	-1	32	0	-1	0	0	-1	-1	0	-1	35	35	7	44	0	29	24	0
c7523	7	35	0	-1	41	0	0	26	-1	0	0	0	-1	0	-1	0	0	-1	46	-1	21	47	-1	0	0	0	28	-1	10	18
c7533	7	35	-1	0	-1	-1	0	0	-1	-1	0	-1	0	22	0	0	29	0	46	-1	46	47	-1	0	34	0	0	0	49	-1
c7577	-1	0	0	0	41	0	25	0	-1	-1	0	0	-1	32	0	0	0	49	-1	0	0	-1	0	35	7	44	0	29	24	41
c7592	-1	49	0	0	41	-1	7	0	-1	-1	-1	-1	0	-1	0	0	0	0	46	0	-1	47	0	0	45	-1	0	0	10	18
c7604	7	0	0	0	41	0	-1	0	-1	0	0	0	7	0	0	-1	0	0	-1	-1	21	47	0	0	-1	0	-1	25	10	18
c7652	7	0	0	-1	41	0	0	-1	-1	39	0	0	44	-1	0	7	0	0	46	22	46	47	-1	0	0	0	5	-1	-1	-1
c7721	7	0	0	0	41	-1	0	0	-1	0	-1	-1	32	-1	-1	0	0	0	-1	0	-1	47	6	0	-1	0	0	-1	10	18
c7787	7	0	0	37	41	0	0	0	-1	7	37	-1	44	22	0	0	21	-1	46	16	-1	47	-1	28	-1	0	0	-1	49	-1
c7846	7	49	0	0	41	0	0	0	-1	0	0	0	0	0	0	-1	0	29	46	0	-1	47	0	0	0	0	0	0	10	18
c7856	-1	36	0	0	41	0	-1	0	-1	0	-1	-1	0	31	0	0	0	0	-1	0	0	-1	0	0	-1	0	0	-1	10	18
c7909	-1	0	-1	37	41	0	0	0	-1	0	37	-1	44	0	0	0	21	29	46	25	-1	47	0	-1	0	0	0	22	49	18
c7912	0	0	0	7	0	5	45	-1	-1	0	0	39	-1	46	-1	0	-1	-1	-1	0	0	7	41	37	7	-1	9	-1	0	45
c7923	7	0	0	37	41	-1	0	0	-1	-1	37	0	44	0	0	-1	-1	29	-1	0	46	47	0	0	-1	0	46	0	-1	18
c7982	-1	0	-1	0	0	7	-1	0	6	-1	0	0	-1	46	0	0	-1	0	-1	0	0	7	-1	0	7	-1	49	-1	0	45
c8045	7	6	0	37	41	23	0	0	-1	0	37	0	-1	0	0	29	21	29	46	0	-1	47	-1	28	0	0	0	-1	49	18
c8047	7	0	37	0	41	-1	0	0	-1	0	49	0	49	34	0	0	0	-1	46	31	46	47	-1	0	34	0	-1	41	49	18
c8072	7	0	0	37	41	0	7	0	-1	0	7	0	-1	-1	0	0	-1	16	46	0	46	47	0	-1	19	-1	0	21	49	18
c8084	-1	0	-1	0	41	-1	0	0	-1	0	0	-1	0	-1	0	-1	29	0	46	-1	46	-1	0	0	34	0	0	0	-1	-1
c8113	7	0	39	0	41	-1	-1	22	-1	4	0	0	13	0	0	0	0	0	-1	-1	0	47	0	0	-1	0	0	0	10	-1
c8140	0	0	25	-1	41	-1	-1	42	-1	0	5	0	-1	-1	-1	0	0	30	46	0	22	-1	-1	35	7	44	35	-1	-1	0
c8148	-1	35	0	0	-1	35	0	-1	-1	-1	0	-1	-1	0	-1	0	-1	0	46	49	0	47	39	0	0	-1	0	0	10	18
c8154	0	0	0	0	41	47	0	0	-1	0	5	0	-1	32	47	0	0	0	46	0	22	-1	-1	35	7	44	0	29	24	0
c8156	-1	0	0	0	41	-1	0	37	-1	-1	0	0	24	0	-1	-1	0	0	46	31	46	-1	0	0	-1	-1	-1	-1	49	-1
c8162	7	30	0	-1	41	-1	0	-1	-1	0	7	36	-1	0	7	0	6	0	46	31	-1	-1	42	0	34	7	-1	-1	49	18
c8172	-1	42	0	0	41	-1	0	0	-1	0	-1	-1	0	0	0	0	0	-1	46	-1	46	47	-1	0	34	0	0	0	49	18
c8218	-1	0	-1	6	41	0	0	41	-1	0	0	0	-1	32	41	0	-1	0	46	0	44	-1	0	35	7	44	0	29	24	0
c8229	7	35	29	-1	41	0	-1	0	-1	29	0	0	-1	0	0	0	0	0	-1	0	0	47	0	46	40	0	0	0	10	18
c8262	0	0	0	0	-1	0	0	42	-1	0	5	-1	-1	32	0	0	0	30	46	0	22	-1	0	35	7	44	35	29	24	0
c8265	-1	0	-1	0	41	0	0	49	-1	0	0	4	-1	32	-1	0	0	0	-1	0	-1	-1	0	-1	7	44	4	29	24	0
c8287	9	29	49	0	0	49	45	37	0	-1	30	-1	7	46	6	-1	-1	0	-1	-1	0	7	-1	-1	0	-1	5	-1	0	45
c8308	7	-1	0	37	41	15	-1	-1	-1	0	-1	0	-1	0	0	-1	21	29	46	0	-1	47	0	0	-1	0	0	-1	49	-1
c8312	7	6	0	37	41	-1	-1	0	-1	0	0	0	-1	0	0	0	-1	0	-1	0	46	47	0	-1	12	0	42	0	49	-1
c8330	9	0	16	0	0	0	-1	0	0	0	0	22	0	46	0	0	-1	0	0	41	0	7	-1	0	0	-1	0	-1	0	-1
c8331	9	0	16	0	-1	0	45	-1	0	0	0	-1	0	-1	-1	0	-1	0	0	41	0	-1	45	-1	0	-1	0	-1	0	45
c8356	7	49	0	0	-1	0	0	0	-1	0	-1	0	-1	0	0	42	0	29	46	0	-1	47	-1	-1	0	0	0	0	10	18
c8432	7	49	0	0	41	0	-1	0	-1	0	0	0	0	0	-1	0	-1	29	46	0	-1	-1	0	0	0	-1	0	0	10	18
c8433	-1	49	-1	-1	41	0	-1	0	-1	0	-1	0	0	-1	-1	17	-1	29	46	0	-1	47	0	0	0	0	0	0	10	18
c8467	49	0	39	0	-1	-1	25	0	-1	0	22	0	-1	32	0	0	0	49	46	0	7	-1	-1	35	7	44	0	29	24	0
c8506	9	-1	0	0	-1	0	45	44	0	0	49	0	0	46	0	21	-1	18	0	0	7	7	0	0	44	-1	0	-1	0	45
c8550	7	30	0	-1	41	-1	0	-1	-1	-1	0	0	0	0	7	0	0	0	46	-1	46	47	42	-1	-1	7	0	18	49	-1
c8560	7	42	0	0	41	-1	0	0	-1	0	47	0	31	0	16	0	0	-1	46	31	-1	47	0	0	34	0	25	0	49	18
c8580	0	-1	0	-1	0	5	-1	0	5	0	7	-1	-1	46	35	0	-1	31	0	0	0	-1	5	-1	7	-1	9	-1	7	45
c8590	7	35	0	-1	41	-1	-1	0	-1	0	0	-1	0	0	-1	0	0	0	-1	7	0	47	0	0	0	0	0	0	10	18
c8608	7	0	0	0	41	0	0	0	-1	0	0	0	0	0	-1	0	0	0	46	7	0	47	6	-1	47	0	0	0	10	18
c8610	0	-1	0	6	-1	0	0	0	-1	0	0	7	-1	32	41	0	35	0	-1	0	44	-1	24	-1	-1	44	0	29	24	0
c8616	7	0	0	37	41	0	-1	0	-1	6	37	0	44	0	-1	-1	21	29	46	-1	46	47	0	0	-1	0	0	0	49	18
c8627	7	0	0	0	41	0	-1	-1	-1	4	0	0	13	44	0	16	0	0	-1	-1	0	47	-1	0	-1	0	0	0	10	-1
c8642	7	0	0	0	41	-1	-1	0	-1	4	0	7	13	0	0	16	-1	-1	-1	0	-1	47	-1	0	-1	-1	-1	0	10	18
c8643	7	0	0	-1	41	0	-1	0	-1	4	0	7	13	22	0	16	0	0	-1	0	0	-1	-1	0	-1	30	0	0	10	18
c8676	-1	0	0	-1	41	-1	0	-1	-1	-1	0	0	0	0	7	-1	0	10	46	31	46	47	42	0	34	7	0	0	49	18
c8722	7	0	0	0	41	0	-1	0	-1	4	0	-1	13	0	0	16	-1	0	-1	0	0	47	-1	0	-1	0	0	0	10	18
c8730	7	-1	0	0	41	48	-1	-1	-1	0	0	0	-1	42	35	0	0	-1	-1	0	0	47	0	-1	0	0	0	0	-1	-1
c8749	9	0	0	0	0	-1	45	44	0	0	-1	31	0	46	32	-1	-1	0	16	-1	6	7	19	0	0	-1	23	-1	0	45
c8756	7	-1	0	-1	41	0	0	-1	-1	7	0	7	-1	0	0	7	0	35	46	0	46	47	0	0	0	0	0	29	49	-1
c8770	7	0	0	-1	41	0	0	44	-1	25	0	0	44	0	-1	7	0	35	46	0	46	-1	2	-1	0	0	0	0	49	18
c8808	-1	0	-1	-1	41	-1	-1	0	-1	-1	0	0	-1	22	0	-1	29	0	46	-1	46	47	16	-1	34	0	0	0	49	-1
c8872	7	49	0	0	41	-1	-1	0	-1	0	0	0	0	0	7	0	0	0	46	31	46	47	46	0	34	7	0	-1	-1	-1
c8910	7	36	0	0	41	0	-1	0	-1	0	0	0	0	0	0	0	0	45	-1	0	0	-1	-1	0	-1	7	0	5	10	-1
c8919	7	49	46	21	41	0	0	-1	-1	0	6	7	0	0	0	0	0	29	46	0	-1	47	-1	0	6	-1	0	-1	10	-1
c8964	7	0	0	0	41	-1	-1	0	-1	0	-1	0	0	-1	0	0	0	0	46	0	-1	-1	-1	0	0	38	-1	-1	10	18
c8965	7	0	0	0	41	-1	-1	0	-1	0	-1	0	0	0	0	0	-1	0	46	0	0	47	0	0	0	-1	0	0	-1	18
c8972	0	-1	0	0	41	-1	25	0	-1	0	0	0	-1	32	0	0	0	49	-1	0	0	-1	0	35	7	44	0	29	24	0
c8976	0	0	0	0	41	32	0	0	-1	0	5	0	-1	32	0	0	0	-1	-1	0	22	-1	0	-1	-1	44	0	29	24	0
c9003	7	30	29	0	-1	-1	-1	-1	-1	0	-1	-1	10	-1	0	-1	0	0	-1	31	46	47	0	0	-1	0	0	0	-1	18
c9042	7	0	-1	0	41	-1	30	-1	-1	0	0	-1	-1	-1	0	0	29	0	46	-1	46	47	-1	0	34	0	-1	0	49	-1
c9043	7	0	-1	0	41	-1	30	0	-1	0	-1	0	-1	-1	0	-1	-1	0	46	-1	-1	47	16	0	-1	0	7	0	49	-1
c9063	-1	0	47	-1	41	-1	-1	0	-1	0	-1	0	0	0	0	0	29	0	46	-1	46	47	-1	0	34	0	0	0	49	18
c9086	-1	0	47	0	41	-1	-1	0	-1	0	0	-1	0	-1	0	-1	29	0	-1	-1	46	47	-1	-1	34	0	-1	0	49	-1
c9090	49	0	0	0	41	0	25	0	-1	0	-1	0	-1	32	0	0	0	49	46	0	0	-1	-1	-1	7	44	0	29	24	0
c9091	49	0	0	0	41	0	-1	0	-1	0	22	0	-1	32	0	0	0	49	-1	0	0	-1	0	35	7	44	0	29	-1	-1
c9096	0	-1	0	0	41	0	25	0	-1	0	0	0	-1	-1	0	0	7	49	46	0	-1	-1	0	35	-1	44	-1	29	24	0
c9099	0	0	0	0	41	0	0	42	-1	0	5	0	-1	32	0	0	0	30	46	0	22	-1	0	35	7	44	-1	29	24	0
c9106	7	35	0	-1	41	0	-1	0	-1	-1	-1	0	0	0	0	0	0	0	-1	0	2	47	0	0	7	0	44	0	10	18
c9112	7	22	16	0	41	22	-1	0	-1	22	0	-1	0	0	0	-1	23	-1	-1	-1	0	-1	7	36	0	-1	0	0	10	18
c9122	-1	-1	-1	0	-1	-1	35	0	-1	0	0	35	-1	0	16	0	0	0	46	31	46	47	0	-1	-1	31	7	0	49	18
c9135	0	0	-1	0	41	0	0	0	-1	-1	-1	-1	-1	-1	0	-1	0	-1	-1	0	0	-1	35	35	7	44	-1	29	-1	0
c9147	7	0	0	41	41	-1	-1	0	-1	0	0	7	0	44	0	0	-1	0	46	31	46	47	0	9	34	-1	0	0	49	18
c9156	7	0	0	0	41	22	-1	0	-1	4	0	-1	13	0	0	16	0	-1	-1	6	0	-1	-1	0	-1	0	0	0	-1	18
c9169	-1	0	0	-1	-1	-1	0	0	-1	0	-1	0	49	0	35	0	44	0	-1	-1	46	47	0	0	34	0	29	0	49	-1
c9214	9	0	10	-1	0	0	-1	0	0	0	5	47	35	46	32	31	-1	0	-1	0	6	7	-1	0	0	-1	44	-1	0	45
c9250	7	0	0	0	41	0	0	0	-1	0	-1	0	0	-1	-1	0	-1	-1	46	-1	-1	-1	6	-1	47	0	0	0	10	18
c9268	-1	49	7	0	41	49	41	-1	-1	0	31	0	0	21	0	16	0	29	46	7	-1	-1	0	0	0	7	7	0	-1	18
c9365	7	-1	0	0	-1	0	-1	0	-1	0	0	-1	13	49	-1	0	35	-1	-1	0	41	47	9	-1	-1	-1	0	-1	10	-1
c9366	7	47	0	0	-1	-1	0	0	-1	0	-1	-1	10	0	0	0	-1	0	46	31	46	47	-1	22	-1	0	0	0	49	18
c9390	7	0	0	22	41	-1	-1	0	-1	0	0	30	-1	0	21	0	-1	0	46	0	0	47	-1	9	0	0	0	0	10	18
c9397	7	35	0	0	41	-1	0	26	-1	0	0	-1	6	0	-1	-1	0	0	-1	0	40	47	-1	0	0	0	28	0	10	18
c9403	9	21	0	0	0	49	45	0	46	-1	0	0	0	46	-1	-1	-1	0	0	-1	0	7	0	0	0	-1	-1	-1	0	45
c9478	7	0	0	-1	41	0	-1	0	-1	-1	0	-1	-1	-1	-1	-1	0	0	-1	-1	21	-1	0	0	0	0	0	-1	10	18
c9484	9	0	0	0	0	35	45	0	-1	-1	0	-1	-1	46	0	0	-1	0	-1	0	0	7	0	0	0	-1	0	-1	-1	45
c9506	9	0	0	0	0	49	-1	0	0	0	30	0	7	46	6	-1	-1	-1	0	16	0	7	-1	0	0	-1	6	-1	49	-1
c9517	-1	-1	0	37	41	45	44	0	-1	-1	0	0	44	0	-1	-1	0	0	46	0	46	-1	2	0	0	-1	-1	-1	-1	18
c9525	7	0	7	0	-1	-1	0	-1	-1	-1	0	0	-1	-1	0	0	0	-1	46	-1	46	47	-1	-1	34	0	-1	0	49	-1
c9559	7	-1	0	37	41	0	0	-1	-1	0	0	0	44	0	0	7	32	-1	46	0	46	47	0	0	25	0	-1	-1	-1	18
c9560	7	0	29	0	-1	-1	1	-1	-1	0	0	-1	10	0	44	0	-1	-1	-1	31	46	47	34	0	-1	0	0	0	-1	18
c9575	7	-1	0	0	41	0	-1	0	-1	0	0	0	13	49	0	35	35	0	-1	0	-1	47	-1	-1	-1	-1	0	7	10	-1
c9615	7	-1	-1	37	41	-1	0	0	-1	47	0	0	44	0	0	-1	0	35	46	0	-1	-1	0	42	-1	0	0	0	49	-1
c9630	0	0	0	6	-1	0	-1	41	-1	0	-1	0	-1	32	41	-1	0	0	46	0	-1	-1	0	35	7	44	-1	29	24	0
c9637	7	0	7	0	-1	-1	-1	0	-1	0	21	0	-1	0	0	45	0	0	46	31	46	47	0	0	-1	0	0	0	49	18
c9643	7	0	0	37	41	0	35	39	-1	0	48	-1	-1	0	-1	-1	0	0	46	0	-1	47	-1	0	0	0	0	49	49	18
c9673	7	-1	-1	37	41	0	0	0	-1	39	0	0	44	-1	-1	7	-1	-1	46	22	46	47	0	0	0	0	5	-1	-1	18
c9695	7	-1	0	0	-1	-1	0	7	-1	28	49	-1	49	0	0	37	29	-1	46	-1	46	47	0	0	-1	0	-1	0	49	18
c9714	7	47	0	0	41	0	-1	0	-1	-1	44	0	13	0	0	0	0	0	-1	0	0	47	0	0	-1	0	0	-1	10	18
c9746	7	0	0	37	41	0	0	42	-1	0	48	0	44	-1	0	0	-1	6	46	0	-1	47	-1	0	0	-1	0	49	49	18
c9757	0	0	0	-1	41	-1	0	0	-1	0	5	0	-1	32	0	0	0	0	46	-1	22	-1	-1	35	-1	44	0	-1	24	0
c9785	7	0	13	29	41	-1	0	0	-1	6	0	0	6	0	0	-1	0	0	46	31	46	47	-1	-1	34	35	0	-1	49	18
c9796	-1	49	-1	21	41	0	-1	0	-1	0	22	-1	0	0	0	0	0	29	46	-1	-1	47	0	0	6	0	0	-1	-1	18
c9813	7	0	-1	37	41	0	0	0	-1	25	48	0	44	0	0	2	0	25	46	0	46	47	-1	-1	0	0	0	49	49	-1
c9822	7	0	-1	37	-1	0	0	0	-1	0	37	-1	44	0	0	0	21	-1	46	0	-1	47	-1	28	0	-1	0	-1	49	18
c9829	0	0	0	0	41	0	0	41	-1	-1	0	0	-1	32	41	49	0	0	46	0	-1	-1	0	35	-1	44	0	29	24	-1
c9840	-1	0	-1	37	41	48	0	0	-1	0	37	0	-1	0	0	0	-1	29	46	0	46	47	17	-1	0	0	0	35	49	18
c9847	7	49	42	-1	41	0	0	0	-1	49	0	0	0	0	0	-1	0	0	-1	21	-1	-1	-1	0	37	0	-1	-1	10	18
c9848	7	0	29	0	-1	-1	0	7	-1	0	0	-1	-1	-1	0	0	-1	0	46	31	46	-1	-1	-1	-1	-1	0	0	49	18
c9850	-1	-1	42	-1	41	-1	46	-1	-1	0	0	-1	-1	0	7	0	0	0	46	31	46	47	42	-1	34	7	-1	0	49	-1
c9859	0	-1	-1	-1	0	-1	45	0	5	0	0	-1	-1	-1	-1	-1	-1	39	0	-1	0	7	0	0	-1	-1	-1	-1	42	45
c9884	7	-1	-1	37	-1	0	31	-1	-1	0	-1	0	44	0	0	0	21	29	46	0	-1	47	17	28	5	0	0	31	49	18
c9886	9	7	28	-1	0	0	45	0	-1	0	44	-1	22	46	0	0	-1	31	0	33	0	7	0	0	-1	-1	0	-1	21	45
c9899	-1	0	0	-1	0	-1	45	-1	0	-1	-1	0	7	46	6	-1	-1	0	0	16	0	-1	-1	0	0	-1	0	-1	0	45
c9923	7	0	-1	-1	41	-1	0	0	-1	0	49	0	49	0	0	0	0	0	46	31	46	47	-1	0	-1	0	0	0	49	18
c9946	-1	-1	0	6	41	-1	0	0	-1	-1	0	0	-1	32	-1	0	-1	0	46	0	44	-1	0	35	7	44	0	29	24	7
c9947	0	7	25	6	41	7	0	0	-1	-1	0	0	-1	32	41	0	0	0	-1	0	44	-1	0	35	7	44	0	29	24	0
c9948	0	-1	0	0	41	-1	25	0	-1	0	0	0	-1	32	0	0	0	49	46	0	0	-1	0	-1	7	44	23	29	-1	-1
c9959	7	-1	0	0	-1	-1	-1	0	-1	0	49	0	13	0	0	34	-1	0	-1	0	7	47	0	22	-1	-1	0	0	10	18
c9963	7	49	21	-1	41	32	0	0	-1	14	0	0	-1	0	0	0	-1	0	-1	0	0	-1	0	0	0	0	0	0	-1	-1
c9985	9	0	28	-1	0	0	45	0	7	-1	44	0	0	-1	0	0	-1	31	0	33	-1	7	-1	0	25	-1	0	-1	21	45
c9987	-1	0	0	41	41	-1	-1	-1	-1	0	16	0	0	44	0	0	0	0	46	31	46	-1	0	9	34	-1	0	0	49	18
c9996	-1	0	0	-1	-1	-1	0	0	-1	0	0	0	44	0	0	7	44	35	46	0	-1	47	0	-1	0	0	0	-1	49	18
c10000	0	-1	-1	-1	41	0	25	-1	-1	0	0	0	-1	32	-1	0	42	49	-1	0	-1	-1	0	35	7	44	0	29	24	-1
c10023	7	0	0	37	41	49	0	0	-1	-1	-1	30	-1	0	0	7	0	0	46	0	-1	47	25	0	0	-1	-1	-1	49	-1
c10028	7	-1	-1	0	41	0	-1	-1	-1	0	35	0	0	0	-1	7	0	0	-1	31	0	47	0	-1	0	0	0	0	-1	18
c10032	-1	-1	0	-1	41	-1	0	0	-1	0	0	-1	0	0	7	0	0	0	46	31	46	47	42	0	34	7	0	0	49	18
c10047	9	0	0	-1	35	36	45	0	0	-1	0	0	45	-1	0	0	-1	0	0	0	31	7	0	0	-1	-1	9	-1	-1	45
c10118	7	0	-1	0	41	0	-1	0	-1	0	0	-1	0	0	0	0	0	0	-1	0	0	47	0	49	0	0	0	44	10	18
c10148	7	0	0	0	41	0	-1	-1	-1	4	0	-1	-1	0	0	16	0	-1	-1	-1	10	47	-1	0	-1	0	-1	-1	10	18
c10163	7	0	18	0	41	-1	-1	0	-1	0	-1	0	0	-1	0	-1	0	0	-1	0	21	47	0	0	0	0	0	0	10	18
c10169	7	-1	0	0	41	0	-1	0	-1	-1	0	0	0	0	0	0	6	0	46	0	0	47	0	0	0	0	0	-1	10	-1
c10186	7	0	0	37	41	0	0	0	-1	39	0	0	44	-1	0	7	0	0	46	22	46	-1	0	0	-1	49	5	-1	49	18
c10229	-1	25	37	0	41	0	-1	0	-1	5	0	0	-1	32	0	0	0	0	46	30	0	-1	-1	35	-1	44	0	-1	24	-1
c10256	7	35	0	0	41	-1	0	26	-1	0	0	0	6	0	-1	0	0	0	46	0	28	47	0	0	0	0	-1	0	10	-1
c10265	7	0	0	-1	-1	-1	-1	-1	-1	0	0	35	10	0	-1	0	-1	-1	46	31	46	47	0	0	34	0	-1	0	-1	18
c10272	7	49	-1	0	41	0	6	-1	-1	0	0	0	0	0	7	-1	0	0	46	21	-1	-1	-1	0	37	0	0	0	-1	18
c10296	9	7	0	0	-1	0	45	-1	0	0	0	22	0	46	0	0	-1	0	0	41	0	7	45	45	38	-1	0	-1	0	-1
c10303	0	0	0	0	0	5	45	0	5	0	0	0	-1	46	0	0	-1	35	0	0	-1	7	0	0	7	-1	0	-1	0	45
c10307	7	0	0	6	41	-1	0	0	-1	0	49	7	49	0	35	0	0	0	46	31	46	47	0	0	34	-1	0	0	49	-1
c10364	-1	0	0	0	41	0	0	0	-1	-1	-1	0	-1	32	-1	-1	22	37	-1	-1	-1	-1	0	35	-1	44	0	-1	24	2
c10365	-1	0	-1	0	41	44	0	0	-1	0	-1	0	-1	32	0	-1	22	37	-1	0	-1	-1	0	35	-1	44	0	29	24	2
c10374	9	0	0	42	0	0	45	-1	0	-1	0	2	0	46	0	0	-1	-1	0	0	0	-1	0	-1	0	-1	35	-1	-1	45
c10388	-1	0	0	37	41	0	44	0	-1	0	0	0	44	0	42	-1	0	0	-1	-1	46	47	2	-1	0	0	5	-1	-1	18
c10394	7	0	31	22	41	-1	-1	-1	-1	0	0	0	-1	0	0	0	-1	0	46	0	-1	47	-1	-1	0	0	0	0	10	18
c10400	7	0	41	0	41	0	-1	0	-1	4	0	0	-1	0	0	0	0	0	-1	0	0	47	-1	0	-1	0	0	0	10	18
c10402	7	-1	0	0	41	0	-1	0	-1	4	0	0	-1	0	-1	-1	0	0	-1	0	-1	47	0	0	-1	0	0	0	10	18
c10403	7	0	-1	0	41	0	-1	0	-1	4	0	0	13	0	0	-1	0	-1	-1	-1	0	-1	0	0	-1	0	0	0	10	18
c10409	0	44	0	0	41	0	49	0	-1	-1	0	-1	-1	32	0	0	6	0	46	0	0	-1	0	35	-1	-1	0	29	24	0
c10411	7	36	-1	0	41	0	-1	0	-1	0	0	0	-1	-1	0	-1	0	0	-1	0	0	47	-1	-1	0	0	0	5	10	18
c10422	7	0	0	37	41	0	0	49	-1	-1	0	-1	-1	0	-1	7	0	0	-1	0	-1	47	-1	0	0	0	-1	-1	49	18
c10432	-1	-1	0	35	41	0	-1	0	-1	-1	0	17	13	0	0	0	0	0	-1	0	-1	47	0	0	-1	0	0	0	10	18
c10448	0	0	0	-1	41	-1	0	42	-1	35	5	0	-1	-1	-1	-1	39	30	46	-1	22	-1	0	35	7	44	7	29	24	39
c10452	22	0	0	-1	41	-1	21	0	-1	0	0	0	-1	32	41	0	0	0	-1	0	44	-1	0	-1	7	44	0	29	24	0
c10476	7	0	16	0	-1	-1	-1	0	-1	0	0	0	0	0	0	0	0	-1	-1	0	-1	47	0	-1	0	-1	0	-1	10	18
c10479	46	0	-1	0	41	0	0	0	-1	0	5	0	-1	32	0	-1	0	0	46	0	0	-1	35	35	7	-1	0	29	24	-1
c10508	7	0	0	37	41	0	0	0	-1	0	37	0	44	0	0	0	21	29	46	-1	46	47	0	-1	-1	0	17	0	49	18
c10522	7	36	0	0	-1	0	-1	-1	-1	-1	0	0	0	0	0	0	-1	0	-1	-1	-1	-1	-1	0	0	-1	0	0	10	18
c10595	7	0	-1	-1	41	6	-1	-1	-1	0	0	0	0	0	0	0	17	0	-1	0	0	-1	0	42	0	0	0	0	-1	18
c10630	7	42	6	0	41	-1	-1	0	-1	0	47	0	0	-1	-1	-1	0	-1	46	31	46	47	-1	0	34	0	0	0	49	18
c10653	7	0	-1	0	-1	-1	0	0	-1	-1	0	6	10	7	0	-1	0	25	-1	31	-1	47	0	-1	-1	0	0	0	49	18
c10674	7	49	0	0	-1	32	0	0	-1	-1	0	0	-1	-1	0	0	0	-1	-1	0	0	-1	0	-1	0	-1	0	0	10	18
c10688	0	0	0	47	-1	0	-1	0	-1	6	0	0	-1	32	49	0	6	-1	-1	0	-1	-1	-1	35	7	44	-1	29	-1	0
c10712	0	0	0	-1	41	-1	0	0	-1	0	0	0	-1	-1	0	0	-1	0	46	-1	41	-1	0	35	7	44	25	29	24	0
c10725	7	0	0	0	41	-1	0	42	-1	24	0	0	0	46	7	0	0	0	-1	31	46	47	0	-1	34	7	-1	0	49	18
c10726	-1	49	-1	-1	41	32	0	0	-1	0	9	0	0	0	-1	0	-1	-1	46	0	0	47	0	0	0	-1	0	0	10	18
c10731	-1	49	0	0	41	32	0	-1	-1	39	0	0	0	0	0	0	0	-1	-1	46	6	47	4	0	0	0	0	0	10	18
c10752	7	0	-1	37	-1	16	0	0	-1	-1	37	0	44	0	-1	-1	21	29	46	0	46	47	0	0	0	0	-1	0	49	18
c10753	-1	0	0	37	41	16	0	-1	-1	-1	37	0	44	0	0	-1	21	29	46	0	46	-1	0	0	0	0	46	0	49	-1
c10779	7	49	7	-1	41	0	-1	0	-1	0	0	0	0	0	0	16	39	29	46	7	-1	47	0	0	-1	7	7	0	10	18
c10795	7	0	0	37	41	0	35	49	-1	-1	-1	25	44	7	0	0	0	0	46	0	46	47	-1	0	7	-1	31	49	49	-1
c10796	7	49	42	0	41	0	0	0	-1	0	0	0	0	-1	0	0	29	-1	46	0	-1	47	0	0	7	0	0	-1	10	18
c10801	9	0	0	-1	-1	0	45	42	-1	0	0	31	0	46	-1	0	-1	-1	46	0	10	7	0	0	37	-1	0	-1	0	45
c10813	-1	0	0	-1	41	-1	35	0	-1	-1	48	0	44	7	0	0	0	0	46	0	46	47	-1	0	0	0	-1	-1	49	18
c10870	-1	49	0	0	23	0	45	0	-1	-1	-1	-1	-1	-1	0	0	-1	7	50	0	0	7	9	0	7	-1	16	-1	0	45
c10877	7	0	47	0	41	-1	-1	0	-1	0	25	0	0	0	-1	-1	-1	-1	46	-1	46	47	0	-1	34	-1	0	0	-1	-1
c10883	22	-1	0	0	41	0	0	42	-1	7	5	-1	-1	32	0	0	0	30	46	-1	-1	-1	0	35	7	44	35	29	-1	0
c10899	7	35	-1	0	-1	-1	0	-1	-1	0	-1	0	-1	-1	0	0	0	31	46	31	46	47	0	0	-1	0	-1	0	49	18
c10922	7	-1	7	0	41	-1	37	0	-1	-1	-1	41	-1	0	0	-1	-1	-1	46	31	46	-1	-1	-1	34	0	-1	0	49	18
c10942	7	-1	-1	-1	41	22	-1	0	-1	22	-1	-1	0	1	-1	0	23	0	-1	0	0	-1	7	-1	0	0	0	0	10	18
c10943	-1	22	16	-1	41	22	-1	0	-1	22	0	-1	0	0	0	0	23	-1	-1	0	0	-1	7	36	0	0	0	-1	10	18
c10945	0	0	0	0	6	5	45	0	5	0	0	-1	-1	46	0	0	-1	31	0	0	0	7	0	37	7	-1	9	-1	0	45
c10977	7	35	-1	0	-1	0	28	0	-1	0	0	-1	0	0	-1	-1	0	42	-1	0	0	47	0	-1	0	0	0	0	10	18
c11026	7	35	34	0	41	0	-1	0	-1	0	40	0	0	-1	-1	0	-1	0	46	0	0	-1	0	0	0	49	0	-1	10	18
c11038	7	0	-1	37	-1	0	-1	0	-1	0	37	-1	44	37	0	0	21	29	46	0	46	-1	-1	28	0	0	0	0	49	-1
c11056	7	0	0	37	41	0	0	0	-1	-1	0	0	44	-1	0	7	0	0	46	22	46	-1	0	0	0	-1	5	-1	-1	-1
c11061	7	-1	0	37	41	-1	0	0	-1	47	0	-1	44	-1	-1	-1	0	0	46	0	46	47	0	-1	12	0	0	-1	49	-1
c11063	7	0	0	-1	41	22	37	0	-1	0	48	9	44	0	-1	0	0	0	46	0	46	47	-1	42	7	0	0	49	49	18
c11065	7	0	0	0	41	0	-1	-1	-1	7	0	-1	0	0	-1	7	0	0	-1	-1	0	47	0	0	0	0	0	0	10	18
c11081	0	21	0	6	41	0	-1	0	-1	0	-1	0	-1	32	41	0	0	0	46	-1	44	-1	21	35	7	44	-1	29	24	0
c11085	0	0	0	-1	41	-1	25	0	-1	0	-1	0	-1	32	37	0	0	49	46	0	-1	-1	-1	35	-1	44	0	-1	24	21
c11090	0	0	-1	0	24	0	-1	0	0	0	0	0	-1	46	7	49	-1	39	50	0	0	7	0	-1	7	-1	-1	-1	0	45
c11100	-1	0	0	37	41	0	-1	0	-1	0	37	0	44	0	0	0	-1	29	46	-1	46	47	18	-1	0	0	0	-1	-1	18
c11101	7	0	0	-1	41	0	-1	0	-1	0	-1	0	-1	0	0	0	21	-1	46	0	46	47	18	-1	0	0	0	0	49	18
c11105	-1	49	-1	0	41	32	0	-1	-1	14	0	0	0	0	0	0	0	0	-1	0	0	-1	0	0	-1	0	0	0	10	18
c11122	0	-1	-1	6	-1	0	-1	0	-1	0	0	0	-1	-1	41	0	0	0	46	0	44	-1	0	35	7	44	0	29	-1	-1
c11123	-1	0	-1	6	-1	0	-1	0	-1	-1	0	-1	-1	32	41	0	0	-1	46	0	44	-1	0	35	7	-1	0	29	24	0
c11124	16	0	0	0	41	0	0	0	-1	5	0	0	-1	-1	0	-1	0	0	46	0	0	-1	0	35	7	-1	22	-1	24	0
c11128	7	35	0	0	41	-1	0	26	-1	0	0	-1	-1	0	-1	0	-1	0	46	0	0	47	0	0	0	0	-1	0	10	18
c11130	7	49	0	-1	-1	-1	0	-1	-1	16	-1	0	-1	0	0	0	0	-1	46	-1	-1	47	0	0	0	-1	40	0	-1	-1
c11140	0	-1	0	0	41	-1	-1	0	-1	0	0	-1	-1	32	-1	0	0	49	46	0	0	-1	0	35	7	44	23	29	24	0
c11141	0	-1	0	0	-1	0	25	0	-1	0	-1	0	-1	32	0	0	-1	49	46	0	0	-1	0	35	7	44	23	29	24	0
c11153	7	31	0	37	-1	-1	-1	0	-1	-1	37	5	44	-1	-1	-1	-1	-1	46	-1	-1	47	0	0	0	0	0	0	49	18
c11172	-1	-1	-1	0	-1	0	25	0	-1	0	0	0	-1	32	0	0	0	-1	-1	0	0	-1	0	35	7	44	0	29	-1	0
c11173	0	-1	0	0	41	0	-1	0	-1	0	-1	0	-1	32	0	0	0	49	-1	-1	0	-1	0	35	7	44	0	-1	24	0
c11181	7	0	7	0	41	-1	0	0	-1	0	0	0	0	0	0	6	0	0	46	31	46	-1	0	-1	34	-1	28	0	-1	-1
c11195	7	-1	0	0	41	-1	-1	0	-1	0	0	0	13	0	0	34	0	0	-1	0	0	47	0	0	-1	0	-1	-1	10	18
c11203	7	7	0	37	41	0	-1	-1	-1	44	48	0	44	0	0	0	-1	35	46	0	46	47	-1	0	0	34	0	49	49	18
c11229	7	-1	9	0	41	-1	0	-1	-1	0	0	0	0	0	34	0	39	0	46	-1	-1	47	-1	0	45	0	0	-1	10	-1
c11235	49	0	38	-1	41	0	25	0	-1	0	22	0	-1	32	0	-1	-1	49	-1	0	0	-1	0	35	7	44	-1	29	24	42
c11237	9	0	0	0	0	49	45	0	-1	0	30	0	7	46	6	-1	-1	0	0	16	0	-1	-1	0	0	-1	0	-1	0	45
c11246	0	0	0	-1	41	0	25	0	-1	0	0	0	-1	32	0	0	0	49	46	0	0	-1	0	35	7	44	0	-1	24	-1
c11247	-1	-1	0	0	41	0	25	0	-1	0	0	0	-1	32	0	0	0	49	46	-1	0	-1	0	35	7	44	0	-1	24	-1
c11253	7	49	0	35	41	32	0	0	-1	0	0	0	0	-1	0	37	-1	46	-1	7	0	47	-1	0	0	-1	0	0	-1	18
c11265	46	0	0	0	41	0	-1	-1	-1	0	-1	-1	-1	32	0	0	0	-1	46	0	22	-1	0	35	7	44	0	29	24	0
c11276	7	47	0	0	-1	-1	-1	-1	-1	49	44	0	13	0	0	0	0	0	-1	0	9	47	0	0	-1	0	0	0	10	18
c11277	7	47	0	0	41	-1	-1	0	-1	-1	-1	0	13	0	0	0	0	0	-1	-1	-1	47	0	0	-1	0	0	0	-1	-1
c11290	-1	0	0	0	0	0	-1	44	-1	0	0	31	0	46	32	31	-1	0	0	0	-1	7	0	-1	0	-1	23	-1	-1	-1
c11302	7	0	0	22	41	-1	-1	0	-1	0	0	0	0	0	0	0	-1	0	46	0	0	-1	0	-1	-1	0	0	0	10	18
c11305	-1	0	6	37	-1	0	0	5	-1	-1	-1	0	44	-1	0	7	0	0	46	-1	46	47	0	29	16	0	0	0	49	-1
c11306	7	0	0	-1	41	-1	0	0	-1	0	37	0	44	0	0	0	21	29	-1	0	46	47	-1	-1	0	0	-1	0	49	18
c11314	7	0	0	37	41	0	-1	0	-1	-1	48	0	44	-1	0	0	-1	0	46	-1	46	47	-1	0	-1	31	0	49	49	18
c11323	7	0	0	0	41	-1	-1	-1	-1	0	-1	0	17	0	-1	-1	0	0	-1	10	0	47	0	0	0	0	-1	25	10	18
c11342	-1	47	-1	-1	41	-1	-1	0	-1	0	6	24	0	6	-1	0	0	0	-1	0	0	47	-1	0	-1	0	0	25	10	18
c11344	22	0	-1	0	41	0	24	42	-1	0	5	10	-1	32	-1	0	5	30	46	-1	22	-1	0	35	-1	44	35	29	24	0
c11345	22	0	-1	0	41	0	24	-1	-1	-1	5	10	-1	32	0	-1	5	30	46	-1	22	-1	0	-1	7	44	35	29	-1	-1
c11359	7	0	0	37	41	0	31	9	-1	18	0	0	44	-1	6	0	-1	39	46	0	-1	47	0	0	5	0	-1	-1	49	-1
c11378	9	0	41	0	0	0	45	0	0	0	0	0	0	46	47	0	-1	-1	0	0	0	7	-1	-1	0	-1	0	-1	0	45
c11388	7	-1	0	-1	41	0	-1	0	-1	4	0	44	13	0	39	-1	0	0	-1	0	-1	47	-1	0	-1	-1	-1	-1	-1	18
c11422	7	-1	0	0	41	0	-1	-1	-1	0	45	0	13	49	0	0	35	0	-1	0	6	-1	0	-1	-1	-1	0	7	10	-1
c11468	7	0	0	0	-1	-1	-1	0	-1	-1	0	44	-1	0	39	16	0	0	-1	0	0	47	-1	0	-1	-1	0	0	10	18
c11480	31	0	0	5	41	0	0	-1	-1	0	-1	0	-1	-1	-1	0	0	49	46	0	0	-1	-1	35	7	44	0	-1	24	-1
c11484	0	40	-1	-1	41	0	0	0	-1	0	5	0	-1	-1	-1	-1	0	0	46	0	0	-1	35	-1	7	44	0	29	24	0
c11485	0	40	0	0	41	0	0	-1	-1	0	5	0	-1	32	0	-1	0	0	-1	0	0	-1	35	35	-1	44	-1	29	24	-1
c11491	7	0	0	-1	-1	0	-1	0	-1	0	-1	0	44	6	0	7	0	-1	46	-1	46	47	0	-1	0	21	-1	17	-1	-1
c11494	7	-1	0	0	41	48	-1	0	-1	-1	0	0	-1	42	35	0	0	0	-1	0	-1	47	0	0	0	0	0	0	10	-1
c11500	46	-1	0	0	41	-1	0	0	-1	-1	5	-1	-1	32	0	-1	0	0	46	0	0	-1	35	-1	7	44	-1	-1	24	0
c11535	7	49	0	0	41	0	0	0	-1	0	0	0	0	0	-1	35	0	29	46	-1	-1	-1	0	0	-1	0	0	0	10	18
c11552	7	0	-1	0	41	-1	30	-1	-1	-1	-1	0	0	22	0	0	29	0	46	-1	46	47	16	0	34	0	0	-1	49	-1
c11556	0	-1	0	0	41	0	25	0	-1	0	0	-1	-1	32	0	0	-1	-1	-1	0	-1	-1	0	35	7	44	-1	29	24	0
c11557	-1	-1	0	-1	41	0	25	0	-1	-1	0	0	-1	32	0	0	0	49	-1	0	-1	-1	0	35	7	44	0	29	24	-1
c11562	7	0	0	0	-1	-1	0	0	-1	0	-1	35	10	0	16	0	0	0	46	31	46	47	0	0	34	0	0	-1	49	18
c11589	0	0	45	0	0	0	45	0	0	7	0	42	-1	46	0	0	-1	0	50	0	0	7	0	-1	7	-1	49	-1	0	45
c11610	7	49	7	0	-1	-1	-1	18	-1	0	31	0	0	7	0	16	0	29	46	7	-1	47	0	0	0	7	7	-1	10	18
c11616	7	-1	0	-1	41	35	37	0	-1	0	-1	0	44	0	22	-1	21	25	46	0	46	47	-1	0	0	0	0	0	-1	18
c11646	7	29	0	-1	-1	-1	42	0	-1	-1	0	0	44	0	0	7	0	35	46	0	46	47	-1	0	-1	0	7	0	49	18
c11664	7	0	41	26	41	-1	-1	-1	-1	0	-1	0	0	0	0	0	-1	0	46	5	0	-1	0	0	-1	0	-1	0	10	18
c11674	7	0	0	-1	41	22	37	0	-1	-1	48	9	-1	0	-1	0	0	-1	46	-1	46	-1	-1	42	0	0	0	49	49	18
c11675	-1	-1	-1	37	41	22	37	0	-1	-1	-1	-1	44	0	0	0	0	0	46	-1	46	-1	-1	-1	-1	0	0	49	-1	18
c11689	16	6	-1	0	41	0	0	0	-1	5	0	30	-1	32	0	-1	0	0	-1	-1	0	-1	-1	35	7	-1	0	-1	24	0
c11705	10	31	0	-1	23	0	-1	-1	-1	-1	-1	-1	-1	46	0	0	-1	-1	50	0	34	7	0	5	7	-1	0	-1	0	45
c11706	7	49	46	21	-1	0	-1	0	-1	0	6	0	0	0	0	0	0	29	-1	0	-1	-1	0	0	6	0	0	0	-1	18
c11707	-1	49	46	21	41	0	0	-1	-1	0	6	0	0	-1	0	0	0	29	46	0	-1	47	0	0	-1	0	0	0	10	18
c11709	7	-1	24	-1	-1	-1	0	0	-1	0	37	0	44	0	0	0	21	29	46	0	46	-1	-1	-1	-1	0	0	-1	49	18
c11729	-1	0	0	0	7	5	45	0	5	0	7	0	-1	-1	0	0	-1	-1	0	0	0	7	0	35	7	-1	-1	-1	-1	45
c11739	7	0	0	0	41	41	-1	0	-1	0	0	0	0	0	-1	0	0	0	-1	10	0	47	0	6	-1	0	0	25	-1	18
c11743	0	44	0	0	41	0	0	0	-1	0	-1	0	-1	32	0	0	0	-1	-1	0	0	-1	-1	35	7	44	0	29	-1	0
c11755	7	0	47	0	41	0	-1	0	-1	4	0	0	13	0	0	-1	0	-1	-1	0	-1	47	0	-1	-1	17	0	0	-1	-1
c11769	-1	0	-1	0	0	0	45	0	47	0	0	0	-1	46	0	0	-1	0	50	-1	0	7	0	0	-1	-1	0	-1	0	45
c11793	7	36	0	-1	-1	0	-1	0	-1	-1	-1	-1	0	0	0	0	7	0	-1	0	0	47	-1	29	0	0	0	-1	-1	18
c11812	-1	49	7	0	41	32	0	42	-1	0	0	-1	0	-1	-1	-1	0	-1	-1	0	0	47	0	0	31	0	0	0	10	-1
c11827	7	36	0	0	41	0	-1	0	-1	-1	0	0	0	0	0	0	0	0	-1	0	-1	47	0	18	0	-1	0	7	10	-1
c11853	-1	0	0	0	41	-1	0	0	-1	0	0	-1	0	0	7	-1	0	0	46	31	46	47	-1	0	34	7	-1	0	49	18
c11862	0	0	0	0	41	0	-1	0	-1	0	0	0	-1	-1	41	-1	0	-1	-1	0	44	-1	0	-1	7	44	0	29	-1	0
c11869	7	35	0	0	41	0	0	0	-1	49	0	0	0	0	-1	0	-1	42	46	-1	0	-1	-1	0	0	0	-1	45	10	18
c11882	-1	-1	0	0	-1	-1	39	31	-1	0	47	-1	0	22	0	38	0	-1	46	31	46	47	-1	0	34	-1	0	0	49	18
c11889	7	49	-1	0	41	0	-1	0	-1	0	0	0	-1	37	0	0	0	7	46	21	-1	-1	0	0	37	0	0	0	-1	18
c11900	7	0	0	0	-1	0	-1	0	-1	0	-1	0	0	-1	-1	0	17	0	-1	0	0	-1	0	37	-1	0	0	0	-1	18
c11903	7	0	29	0	-1	-1	0	7	-1	-1	7	0	10	0	-1	0	0	16	46	31	46	47	34	-1	-1	0	0	0	49	18
c11913	7	0	0	0	41	0	-1	-1	-1	4	0	-1	13	0	0	16	0	0	-1	6	0	47	-1	-1	-1	0	0	0	10	18
c11916	7	0	0	-1	41	0	-1	0	-1	0	0	0	0	0	-1	7	0	0	-1	31	0	47	0	0	41	-1	0	0	10	-1
c11917	7	0	0	-1	41	0	-1	0	-1	0	0	19	0	0	-1	7	0	0	-1	31	0	-1	0	0	41	0	0	-1	-1	-1
c11924	7	0	0	29	41	-1	0	-1	-1	6	0	45	6	0	0	50	-1	0	46	31	46	47	25	0	-1	35	-1	-1	49	18
c11927	-1	-1	0	37	-1	0	-1	0	-1	39	0	0	44	-1	0	-1	0	0	46	22	46	-1	0	-1	-1	0	5	-1	-1	18
c11933	7	35	0	-1	41	0	-1	26	-1	-1	0	0	6	0	-1	0	0	47	46	7	49	47	0	0	42	0	0	-1	10	18
c11941	22	0	0	-1	-1	0	0	42	-1	0	5	10	-1	32	24	0	5	-1	46	-1	22	-1	0	35	-1	-1	35	29	24	0
c11949	7	0	0	6	41	-1	-1	0	-1	4	0	0	-1	-1	0	0	0	0	-1	0	0	47	0	0	-1	41	0	0	10	18
c11958	7	0	0	0	41	0	-1	-1	-1	0	0	0	25	0	-1	0	0	0	-1	0	-1	-1	0	0	0	0	21	0	10	18
c11960	7	36	0	0	41	-1	-1	0	-1	0	0	0	0	0	0	0	0	0	-1	-1	0	47	0	0	0	-1	-1	5	10	18
c11965	7	0	34	-1	-1	0	-1	35	-1	0	0	0	0	0	0	0	0	0	46	0	0	47	0	0	0	49	7	0	10	18
c11967	-1	0	0	0	41	0	-1	-1	-1	0	-1	-1	-1	32	0	-1	0	0	46	0	36	-1	-1	35	-1	44	0	-1	24	0
c11973	7	-1	29	0	-1	-1	7	0	-1	0	0	-1	10	0	0	0	0	0	-1	-1	-1	47	0	0	-1	0	-1	0	49	-1
c11992	0	-1	31	-1	-1	16	25	0	-1	-1	-1	0	-1	-1	-1	0	0	49	-1	-1	0	-1	-1	35	7	-1	0	29	24	0
c12026	7	0	0	-1	41	-1	-1	0	-1	0	-1	0	0	39	0	0	-1	0	-1	-1	0	47	-1	-1	0	0	0	0	10	18
c12040	7	49	-1	0	41	-1	0	0	-1	35	-1	0	0	0	0	0	39	-1	46	-1	-1	-1	0	0	45	0	0	-1	10	-1
c12046	7	49	0	-1	-1	-1	-1	0	-1	0	-1	-1	0	0	7	0	0	0	-1	31	46	-1	46	0	34	7	0	0	49	-1
c12055	7	0	-1	37	-1	0	-1	0	-1	0	37	0	44	0	0	0	-1	29	46	-1	46	-1	17	28	0	0	-1	0	49	18
c12060	7	0	0	0	41	0	-1	0	-1	0	0	-1	0	39	0	0	49	0	-1	-1	0	47	0	0	0	23	0	0	10	18
c12078	7	7	7	0	41	-1	0	-1	-1	0	0	0	-1	0	-1	0	0	-1	-1	-1	46	47	-1	-1	-1	0	0	0	49	18
c12132	-1	0	23	0	41	0	6	0	-1	6	-1	0	-1	32	0	35	-1	-1	46	-1	0	-1	0	-1	7	44	-1	29	-1	0
c12143	7	49	0	0	41	-1	0	29	-1	-1	0	0	0	0	-1	0	0	0	46	0	-1	-1	0	0	18	0	46	0	10	18
c12145	0	0	-1	0	-1	0	0	-1	-1	0	5	0	-1	32	0	-1	0	0	46	5	0	-1	35	35	7	-1	-1	29	24	0
c12176	7	49	7	0	41	-1	41	0	-1	-1	31	-1	0	21	0	16	0	29	-1	7	-1	47	-1	0	-1	7	7	0	-1	18
c12183	-1	-1	0	0	-1	-1	0	-1	-1	0	49	0	49	0	0	0	0	-1	46	31	46	47	-1	-1	-1	-1	0	0	49	-1
c12199	0	-1	-1	16	0	0	45	0	0	0	-1	0	-1	46	0	0	-1	0	50	0	-1	-1	-1	44	7	-1	0	-1	-1	45
c12219	9	0	0	0	0	0	45	0	-1	0	49	0	0	46	0	42	-1	-1	0	-1	7	7	0	0	-1	-1	-1	-1	-1	45
c12223	7	0	0	0	41	0	-1	0	-1	0	0	6	-1	0	-1	0	0	0	-1	0	0	47	0	-1	0	-1	-1	0	10	18
c12229	22	-1	-1	0	41	31	0	0	-1	0	0	-1	-1	32	41	0	0	0	-1	0	44	-1	-1	35	7	44	0	29	24	1
c12238	7	-1	0	37	41	0	0	0	-1	0	0	0	44	0	-1	-1	21	25	46	0	-1	-1	-1	0	0	0	0	0	49	18
c12266	-1	49	-1	0	41	-1	0	0	-1	-1	9	0	0	0	0	-1	0	-1	46	42	0	47	0	0	0	7	0	0	10	18
c12290	0	0	35	6	41	0	0	0	-1	0	0	0	-1	32	41	-1	0	0	46	0	44	-1	0	35	7	44	0	29	24	0
c12300	7	-1	-1	0	-1	-1	0	0	-1	0	0	0	10	18	-1	0	0	0	46	31	46	-1	-1	0	-1	0	0	0	-1	18
c12315	7	0	-1	0	41	-1	-1	0	-1	0	0	0	0	0	-1	-1	0	0	46	31	46	47	0	0	34	-1	0	0	49	18
c12338	7	0	0	37	41	22	37	0	-1	-1	48	9	44	0	0	0	0	41	46	0	-1	47	-1	42	0	0	0	49	49	-1
c12368	7	0	0	37	41	0	0	0	-1	0	37	44	44	0	0	-1	21	29	46	0	46	47	0	0	0	0	-1	-1	49	18
c12390	7	7	0	-1	41	0	0	0	-1	7	0	0	44	0	0	7	49	35	46	-1	46	-1	-1	0	-1	0	0	0	49	18
c12391	-1	7	0	-1	-1	0	0	0	-1	-1	0	0	-1	0	0	7	49	35	46	0	46	-1	-1	0	-1	0	0	-1	49	18
c12393	7	49	44	31	41	0	0	0	-1	0	5	0	10	0	42	0	0	0	46	0	-1	47	9	0	0	0	-1	49	-1	-1
c12394	-1	49	0	21	41	-1	-1	0	-1	0	-1	0	-1	-1	-1	0	0	29	46	0	-1	47	0	0	6	0	0	0	10	-1
c12395	7	49	0	21	41	0	0	-1	-1	0	0	0	0	0	0	-1	0	29	46	0	-1	47	0	0	-1	0	0	0	-1	-1
c12418	0	0	0	47	41	0	25	-1	-1	-1	0	0	-1	32	0	-1	0	49	46	0	-1	-1	0	-1	7	44	0	29	24	0
c12419	-1	0	0	47	41	0	25	0	-1	0	0	0	-1	32	0	0	0	-1	46	0	0	-1	-1	35	7	44	0	29	24	0
c12421	7	10	7	0	41	-1	-1	0	-1	0	0	0	0	-1	0	0	0	-1	46	31	46	47	0	0	34	0	-1	0	-1	18
c12450	7	-1	-1	0	41	-1	17	0	-1	0	25	0	0	0	-1	0	-1	0	46	-1	46	47	0	0	-1	0	0	0	-1	-1
c12485	0	49	0	0	-1	-1	45	-1	-1	-1	5	0	-1	46	0	0	-1	7	-1	25	49	7	0	0	7	-1	0	-1	-1	-1
c12493	7	0	0	37	41	0	35	0	-1	0	48	0	44	0	0	0	0	35	46	-1	46	47	-1	0	0	0	-1	-1	49	-1
c12496	-1	0	0	37	-1	16	-1	0	-1	-1	37	0	44	0	0	-1	21	29	46	0	46	-1	0	-1	0	-1	46	0	49	18
c12499	7	-1	0	0	41	-1	-1	0	-1	0	0	0	0	0	0	0	0	0	-1	0	0	47	0	49	0	5	0	-1	10	18
c12516	7	-1	0	0	41	-1	0	-1	-1	46	0	0	0	0	7	-1	0	0	46	31	46	47	0	0	-1	7	0	0	49	-1
c12534	7	-1	0	0	41	0	-1	39	-1	0	-1	0	13	-1	29	40	0	0	-1	0	0	47	-1	-1	-1	0	0	-1	10	18
c12539	-1	0	-1	6	-1	0	17	0	-1	0	0	49	-1	32	41	0	0	35	46	0	-1	-1	0	35	7	-1	40	29	24	0
c12571	0	0	0	0	-1	0	0	0	-1	-1	0	0	-1	-1	41	0	0	0	46	0	44	-1	0	35	-1	-1	0	29	-1	0
c12574	-1	35	0	0	41	0	0	26	-1	0	0	0	6	0	-1	0	0	-1	46	0	0	47	-1	0	0	0	-1	-1	10	-1
c12582	0	-1	0	0	41	0	-1	0	-1	0	0	0	-1	32	0	0	-1	49	-1	0	0	-1	0	35	7	44	23	29	24	0
c12583	0	-1	-1	0	41	0	25	0	-1	0	-1	0	-1	32	-1	0	0	49	46	0	0	-1	0	35	7	44	23	29	24	0
c12585	7	-1	0	50	41	-1	0	0	-1	14	0	0	-1	0	0	0	0	0	-1	-1	0	-1	0	0	0	0	0	0	10	-1
c12589	7	-1	0	0	-1	-1	0	0	-1	0	0	35	-1	0	16	-1	0	0	-1	31	46	47	0	0	34	0	0	-1	49	18
c12595	7	-1	0	0	41	32	0	0	-1	39	0	39	41	0	0	0	0	0	46	-1	6	47	0	0	0	-1	0	0	10	18
c12606	7	0	-1	7	41	-1	-1	0	-1	4	17	0	-1	-1	0	16	0	0	-1	-1	0	47	-1	-1	-1	-1	0	0	-1	18
c12621	7	0	47	-1	41	-1	24	0	-1	0	-1	0	0	0	0	0	29	0	46	-1	46	47	-1	0	-1	0	0	0	49	18
c12624	49	-1	0	-1	41	0	25	0	-1	0	22	-1	-1	-1	0	0	-1	49	-1	0	0	-1	7	35	7	44	0	29	-1	32
c12625	49	0	-1	0	41	0	-1	0	-1	0	22	-1	-1	32	0	0	0	49	46	0	0	-1	7	35	7	44	0	29	24	32
c12667	-1	0	7	0	41	-1	0	0	-1	-1	0	0	-1	-1	-1	-1	1	-1	-1	31	46	47	-1	-1	34	-1	0	0	49	18
c12669	7	0	7	0	-1	-1	0	0	-1	0	0	0	-1	0	0	0	0	-1	-1	31	46	47	-1	-1	34	0	0	0	49	18
c12672	-1	0	10	0	0	0	45	19	46	6	49	0	-1	46	-1	0	-1	-1	35	0	7	7	21	-1	0	-1	0	-1	0	45
c12694	35	-1	0	0	41	0	0	0	-1	0	0	0	-1	32	0	-1	0	-1	46	14	0	-1	0	35	7	44	-1	29	-1	0
c12695	35	0	0	-1	-1	0	0	-1	-1	0	0	0	-1	32	0	0	0	0	-1	-1	-1	-1	0	35	7	44	44	29	24	0
c12716	9	0	35	0	0	49	45	-1	-1	43	-1	0	-1	46	6	-1	-1	-1	0	0	-1	7	0	25	0	-1	0	-1	0	45
c12787	7	0	0	37	41	5	44	0	-1	0	0	0	44	0	-1	7	-1	0	46	-1	46	47	2	-1	-1	0	5	-1	-1	-1
c12792	-1	-1	0	0	-1	0	-1	0	-1	0	0	0	-1	46	-1	0	-1	0	50	0	-1	7	0	0	7	-1	49	-1	0	45
c12795	-1	0	0	22	41	-1	-1	0	-1	0	0	0	-1	0	0	0	-1	0	46	0	0	47	0	0	23	39	-1	45	10	18
c12800	-1	0	0	-1	41	0	-1	0	-1	4	-1	0	13	0	0	16	0	0	-1	0	0	47	-1	0	-1	0	-1	-1	10	18
c12801	7	-1	-1	0	41	0	-1	0	-1	4	17	0	13	0	0	16	-1	0	-1	0	0	47	-1	0	-1	0	0	-1	10	18
c12820	7	35	0	-1	-1	0	0	26	-1	47	0	0	-1	-1	-1	0	0	0	46	-1	0	47	0	0	0	-1	-1	0	10	-1
c12842	7	0	0	37	41	0	37	0	-1	-1	-1	0	44	0	22	-1	-1	25	46	0	46	47	0	0	0	0	0	0	49	18
c12867	0	0	0	9	41	0	0	0	-1	0	5	0	-1	-1	-1	-1	0	0	46	-1	0	-1	35	-1	7	44	-1	29	24	0
c12870	7	49	7	-1	-1	5	41	0	-1	0	-1	-1	0	0	0	16	0	29	46	7	-1	47	0	0	0	-1	0	0	10	18
c12879	-1	0	0	-1	41	0	-1	0	-1	39	0	0	44	-1	0	7	0	21	46	22	46	-1	0	0	0	-1	-1	-1	49	18
c12884	7	30	0	-1	41	-1	0	0	-1	0	0	0	49	0	7	-1	-1	0	46	-1	46	47	-1	0	34	-1	0	0	49	18
c12902	7	0	0	-1	41	0	35	0	-1	-1	48	0	-1	0	0	-1	0	0	46	0	-1	47	-1	5	0	7	0	49	-1	18
c12914	7	22	0	37	41	-1	29	0	-1	0	-1	0	44	-1	-1	0	0	-1	46	0	46	-1	0	0	12	0	0	-1	49	-1
c12923	-1	0	31	22	41	-1	-1	7	-1	0	0	0	0	0	24	-1	-1	0	46	0	0	47	0	9	0	0	0	-1	10	18
c12939	7	-1	0	37	41	0	44	0	-1	0	7	0	44	-1	0	7	0	0	46	0	-1	47	2	0	0	0	5	-1	-1	-1
c12941	7	0	-1	-1	41	0	35	0	-1	-1	48	0	44	0	0	0	17	0	46	0	-1	47	-1	0	46	16	0	-1	49	18
c12942	-1	49	21	23	41	32	0	0	-1	14	0	0	0	-1	0	0	0	0	-1	7	0	-1	0	0	0	0	0	0	10	18
c12948	7	-1	0	-1	-1	0	0	-1	-1	0	0	0	6	0	-1	0	-1	47	46	7	49	47	0	0	0	0	9	0	10	18
c12950	-1	0	0	-1	-1	0	-1	0	-1	0	0	30	-1	37	0	7	-1	0	46	0	46	-1	0	0	0	6	-1	-1	-1	18
c12953	0	-1	0	6	41	0	-1	0	-1	0	0	0	-1	32	41	0	0	-1	46	0	44	-1	29	35	7	44	0	29	24	0
c13003	0	-1	0	0	41	-1	25	0	-1	0	0	0	-1	32	0	0	0	49	46	0	-1	-1	0	35	7	44	23	29	24	0
c13010	7	0	0	0	41	0	-1	-1	-1	4	0	0	13	-1	0	-1	0	-1	-1	-1	49	47	0	0	-1	0	-1	0	10	18
c13014	22	-1	0	0	41	0	0	-1	-1	7	-1	10	-1	-1	-1	0	0	30	-1	-1	22	-1	0	-1	7	44	35	29	24	0
c13035	9	0	0	0	23	0	45	0	46	0	0	0	0	-1	0	-1	-1	0	46	0	-1	-1	0	0	0	-1	0	-1	0	-1
c13045	-1	-1	-1	21	41	0	-1	0	-1	0	6	0	-1	-1	0	0	-1	-1	46	0	-1	-1	0	0	6	0	0	-1	-1	18
c13047	7	0	0	-1	41	-1	35	46	-1	0	48	0	-1	-1	6	0	0	0	46	0	46	47	-1	0	0	35	-1	49	49	18
c13055	9	0	0	0	0	0	45	-1	44	0	28	0	-1	46	-1	31	-1	0	0	31	6	7	0	0	0	-1	44	-1	0	45
c13057	7	49	0	-1	41	28	35	0	-1	-1	5	-1	-1	-1	0	29	0	-1	46	0	-1	47	0	0	-1	-1	-1	-1	10	-1
c13064	-1	-1	0	0	-1	-1	-1	47	-1	0	0	0	0	35	0	7	0	0	46	0	0	47	0	0	0	0	-1	-1	10	18
c13092	7	0	-1	0	41	0	-1	0	-1	4	0	-1	13	0	-1	-1	0	0	-1	0	-1	47	-1	0	-1	25	0	0	10	18
c13095	7	-1	0	-1	41	0	0	17	-1	0	0	-1	-1	7	-1	0	-1	0	46	-1	-1	47	0	0	0	0	0	9	10	-1
c13109	7	49	0	0	41	0	0	0	-1	0	-1	0	0	31	0	-1	0	0	46	0	-1	-1	0	-1	24	0	40	0	10	-1
c13171	7	-1	0	0	41	-1	41	0	-1	0	21	0	0	0	0	0	0	0	46	-1	-1	47	-1	39	45	0	0	0	10	18
c13175	7	0	0	0	41	-1	-1	-1	-1	0	0	0	7	-1	0	-1	0	0	-1	0	21	-1	0	-1	-1	0	0	0	10	-1
c13188	0	0	0	0	41	0	0	0	-1	0	5	0	-1	32	0	-1	0	0	46	5	0	-1	-1	35	7	44	0	29	24	0
c13218	0	-1	0	6	41	0	17	0	-1	42	0	-1	-1	32	41	-1	0	35	46	-1	44	-1	0	35	7	44	0	-1	-1	0
c13236	16	0	0	0	41	0	0	0	-1	5	-1	0	-1	32	0	0	0	41	46	0	0	-1	0	-1	-1	44	-1	29	24	36
c13246	0	0	0	35	-1	0	0	42	-1	35	-1	-1	-1	-1	49	-1	39	30	46	22	22	-1	0	35	7	44	7	29	24	0
c13254	7	35	0	-1	41	35	0	-1	-1	21	6	-1	6	0	-1	0	0	0	46	-1	-1	47	39	-1	0	0	0	0	10	18
c13276	7	-1	25	0	41	-1	0	0	-1	0	49	41	49	0	49	0	-1	-1	46	31	46	-1	44	0	34	0	-1	0	49	18
c13279	7	0	47	0	-1	-1	-1	0	-1	0	-1	0	0	0	-1	35	-1	0	46	-1	46	47	0	47	34	0	0	0	49	18
c13288	0	-1	-1	0	-1	0	47	0	-1	0	5	0	-1	-1	0	0	0	-1	46	0	22	-1	-1	-1	-1	44	0	29	24	42
c13302	7	35	0	-1	-1	-1	0	26	-1	0	-1	0	6	0	-1	0	0	6	46	0	0	47	0	0	0	0	0	42	10	18
c13305	-1	7	7	0	41	-1	0	0	-1	0	0	0	-1	0	0	0	0	-1	46	-1	-1	47	-1	-1	-1	0	0	0	49	18
c13318	7	49	0	0	41	-1	0	17	-1	29	0	-1	0	0	0	0	-1	0	46	0	-1	-1	-1	0	0	0	0	-1	10	-1
c13321	7	-1	-1	0	41	-1	0	0	-1	0	0	0	0	0	0	-1	29	0	-1	-1	46	47	0	0	34	-1	0	0	49	18
c13337	0	0	0	0	41	0	0	-1	-1	0	5	0	-1	32	0	0	0	30	46	0	22	-1	37	35	7	44	35	29	24	0
c13344	0	-1	0	0	0	0	45	0	0	0	0	0	-1	46	44	0	-1	-1	-1	0	0	-1	38	-1	7	-1	0	-1	-1	45
c13355	7	0	0	0	41	0	-1	0	-1	4	0	-1	-1	0	42	-1	0	-1	-1	0	31	47	-1	0	-1	0	0	35	10	18
c13377	7	49	0	-1	-1	-1	7	-1	-1	0	0	0	-1	-1	0	0	0	0	46	0	-1	47	-1	0	45	0	0	0	10	18
c13379	7	0	-1	37	41	0	0	0	-1	39	0	0	-1	-1	0	7	0	0	46	-1	-1	47	0	0	0	0	5	-1	49	18
c13386	7	0	-1	0	-1	-1	-1	-1	-1	49	44	0	13	0	-1	-1	0	0	-1	0	0	47	0	7	-1	0	31	0	10	-1
c13387	7	0	0	0	41	0	-1	0	-1	49	44	0	13	0	0	0	-1	0	-1	0	0	47	0	7	-1	0	31	0	10	-1
c13393	7	-1	0	-1	41	0	0	0	-1	0	-1	0	-1	0	0	0	0	0	46	-1	-1	47	-1	-1	47	0	-1	0	10	18
c13405	7	49	0	0	41	0	0	-1	-1	0	5	0	0	-1	-1	-1	0	31	46	6	-1	47	0	0	0	0	40	-1	10	-1
c13418	7	0	0	0	41	0	-1	0	-1	0	6	24	0	0	0	46	-1	0	-1	0	-1	47	0	0	0	-1	0	25	10	18
c13419	7	0	0	0	-1	0	-1	0	-1	0	6	24	0	0	-1	46	0	0	-1	0	0	47	0	0	0	0	0	25	10	18
c13423	0	49	0	-1	0	5	-1	0	5	0	9	6	-1	46	-1	-1	-1	0	-1	0	0	7	0	-1	-1	-1	7	-1	0	45
c13475	7	6	-1	-1	41	0	0	0	-1	0	-1	-1	-1	0	0	0	21	29	46	0	46	47	17	28	5	0	0	31	49	18
c13482	-1	0	0	0	44	-1	-1	0	-1	0	0	0	-1	46	0	0	-1	0	50	0	25	7	0	-1	7	-1	49	-1	0	45
c13491	7	0	0	0	-1	0	-1	0	-1	4	0	-1	-1	0	0	0	0	37	-1	0	0	47	0	0	-1	44	0	0	10	-1
c13494	9	0	0	0	0	49	45	-1	-1	43	0	0	-1	46	6	-1	-1	0	0	0	-1	7	0	0	0	-1	0	-1	-1	45
c13566	7	0	0	37	-1	16	-1	0	-1	-1	37	0	44	-1	49	-1	21	29	46	0	46	-1	0	0	0	0	46	0	49	18
c13573	-1	0	-1	37	-1	0	-1	-1	-1	-1	0	-1	44	-1	-1	-1	-1	39	46	0	46	47	0	0	0	-1	0	0	49	18
c13589	-1	49	-1	-1	41	47	41	18	-1	0	31	0	0	0	25	16	0	29	46	7	-1	47	0	0	0	7	7	0	10	18
c13596	0	-1	0	-1	41	-1	25	0	-1	0	0	0	-1	32	0	0	0	49	-1	0	42	-1	0	35	7	44	0	29	-1	-1
c13600	-1	0	45	-1	41	0	0	7	-1	0	48	0	44	-1	0	0	0	24	46	0	46	47	-1	48	7	0	0	-1	-1	18
c13614	0	0	0	0	-1	0	0	0	-1	45	5	0	-1	32	47	0	0	26	46	0	-1	-1	0	-1	-1	44	0	29	24	0
c13615	0	-1	0	0	41	0	0	0	-1	45	5	-1	-1	-1	-1	0	0	26	46	0	22	-1	-1	35	7	44	0	29	24	0
c13628	9	0	0	0	0	0	-1	0	44	0	-1	0	-1	46	32	31	-1	0	-1	0	6	7	0	0	49	-1	44	-1	0	45
c13643	9	0	6	0	46	49	45	0	0	33	0	47	-1	-1	6	-1	-1	0	-1	-1	0	7	0	-1	44	-1	0	-1	-1	-1
c13657	0	0	-1	0	41	45	0	0	-1	0	49	0	-1	32	41	0	0	-1	46	-1	-1	-1	10	-1	7	44	0	29	24	0
c13663	-1	7	-1	6	41	7	0	0	-1	0	0	-1	-1	32	41	-1	-1	-1	46	0	44	-1	-1	-1	-1	44	0	29	24	0
c13673	-1	0	-1	0	41	-1	0	-1	-1	42	49	0	49	34	0	0	0	0	46	31	46	47	0	-1	34	31	-1	0	49	18
c13744	-1	-1	0	37	41	0	0	5	-1	0	0	-1	44	0	0	7	0	-1	46	6	46	-1	0	23	0	0	0	0	49	-1
c13750	-1	0	-1	0	41	-1	0	0	-1	-1	0	0	6	0	-1	0	0	-1	46	-1	46	47	25	0	34	35	0	-1	49	-1
c13753	7	0	0	0	-1	-1	0	0	-1	0	-1	-1	-1	0	-1	0	0	-1	46	31	46	47	0	0	34	0	0	0	49	18
c13754	7	-1	6	-1	41	0	35	-1	-1	0	48	0	44	-1	10	0	0	0	46	0	46	47	-1	50	0	0	-1	49	49	18
c13760	7	0	0	22	-1	-1	-1	0	-1	-1	-1	-1	-1	-1	0	-1	-1	0	46	-1	0	47	0	0	16	-1	0	0	10	18
c13764	-1	49	0	0	-1	-1	-1	0	-1	0	0	0	0	0	7	-1	0	0	46	31	-1	47	46	0	34	7	0	0	49	-1
c13765	7	49	-1	0	41	-1	-1	0	-1	-1	0	0	0	0	7	0	0	0	46	31	46	47	46	0	34	7	0	0	49	-1
c13785	7	-1	25	0	41	0	-1	0	-1	0	-1	0	13	0	29	-1	47	0	-1	0	-1	47	0	0	-1	-1	0	-1	10	18
c13790	9	0	0	-1	0	49	45	0	0	-1	4	0	0	-1	-1	-1	-1	0	47	0	25	-1	0	-1	0	-1	0	-1	0	45
c13800	7	-1	0	37	41	0	0	0	-1	-1	37	47	-1	6	0	-1	21	29	46	16	46	47	0	28	-1	0	-1	0	49	-1
c13813	7	0	47	-1	41	-1	-1	0	-1	46	0	0	0	0	0	35	-1	0	46	-1	-1	-1	-1	37	-1	0	0	0	49	18
c13824	9	0	-1	0	-1	0	45	44	0	-1	0	31	0	46	32	31	-1	0	0	0	6	7	0	0	-1	-1	-1	-1	0	45
c13825	9	0	-1	-1	-1	0	45	44	0	0	0	31	-1	46	32	31	-1	0	-1	-1	-1	7	-1	0	6	-1	23	-1	0	45
c13826	7	-1	44	31	41	0	0	-1	-1	0	5	0	10	0	42	0	0	0	46	0	-1	47	0	0	-1	0	-1	0	10	-1
c13835	7	-1	0	37	41	16	0	0	-1	-1	37	0	-1	7	-1	-1	21	29	-1	0	46	47	0	-1	0	0	-1	0	49	-1
c13838	7	0	-1	0	41	-1	0	0	-1	-1	0	-1	30	29	7	-1	-1	0	46	31	-1	47	0	-1	34	0	41	46	49	18
c13874	-1	35	-1	0	41	0	0	-1	-1	49	0	0	0	0	-1	0	0	42	46	0	0	-1	0	0	0	-1	0	-1	10	18
c13879	-1	0	0	37	41	-1	0	-1	-1	0	37	0	44	22	0	0	21	29	-1	16	46	47	-1	28	0	0	0	0	-1	18
c13884	49	0	0	29	41	0	25	0	-1	0	22	0	-1	32	0	0	17	49	46	0	-1	-1	0	-1	7	44	0	29	24	0
c13885	49	0	0	29	-1	0	25	0	-1	-1	-1	49	-1	32	-1	0	17	49	46	0	0	-1	0	35	7	-1	0	29	24	0
c13902	-1	0	0	-1	21	44	-1	0	18	0	0	0	-1	-1	0	0	-1	0	50	0	0	7	0	-1	7	-1	0	-1	0	45
c13907	16	0	0	-1	41	0	0	0	-1	5	18	0	-1	32	0	0	0	41	46	0	0	-1	0	35	7	-1	-1	29	24	0
c13916	7	49	0	21	41	0	0	0	-1	0	0	0	0	0	-1	-1	0	29	46	0	-1	-1	0	0	6	-1	0	0	10	18
c13935	7	-1	0	0	41	0	-1	0	-1	4	0	0	13	0	-1	16	0	0	-1	5	0	47	-1	-1	-1	0	0	-1	10	18
c13947	-1	49	0	29	41	-1	0	0	-1	0	0	-1	0	0	0	17	0	29	46	0	-1	47	-1	0	-1	0	0	46	10	18
c13948	0	-1	0	6	41	40	0	0	-1	0	0	49	-1	32	41	0	0	0	46	0	44	-1	0	35	7	44	19	29	24	0
c13949	0	27	-1	6	-1	0	0	0	-1	0	0	49	-1	32	41	-1	0	0	46	-1	44	-1	0	35	7	-1	-1	29	24	0
c13950	7	-1	-1	-1	-1	0	-1	0	-1	0	0	-1	0	-1	-1	0	0	-1	-1	0	0	47	0	-1	0	0	-1	-1	-1	18
c13953	7	-1	0	-1	41	0	-1	0	-1	42	0	39	13	0	0	0	0	0	-1	0	0	47	0	0	-1	0	0	0	10	18
c13962	-1	0	-1	37	41	0	37	-1	-1	31	-1	9	44	0	-1	0	7	0	-1	0	46	-1	-1	42	0	0	0	49	49	-1
c13983	7	49	0	7	-1	0	0	0	-1	0	0	0	0	0	0	0	0	0	46	21	-1	47	0	0	37	0	0	0	-1	18
c13984	46	0	0	0	41	0	0	-1	-1	0	5	0	-1	-1	0	0	0	-1	46	0	-1	-1	-1	35	7	44	0	29	-1	0
c13990	7	35	0	0	41	0	-1	0	-1	0	0	0	0	0	0	0	-1	0	-1	-1	-1	-1	0	0	0	0	-1	-1	10	18
c13997	9	0	-1	0	-1	0	45	-1	0	0	-1	0	0	46	47	0	-1	7	0	0	0	7	6	0	0	-1	0	-1	0	45
c14005	7	49	44	31	41	0	0	0	-1	0	-1	0	10	0	-1	0	0	-1	46	0	-1	47	-1	0	0	-1	-1	0	10	-1
c14019	7	0	0	37	41	42	35	-1	-1	0	48	0	44	6	0	0	-1	0	-1	0	-1	47	-1	0	0	29	0	49	49	18
c14022	7	0	7	-1	41	-1	0	49	-1	0	0	41	-1	0	0	-1	0	-1	46	31	-1	47	-1	-1	34	0	0	0	49	18
c14036	-1	7	0	6	41	0	0	0	-1	0	0	7	-1	32	41	0	0	0	-1	0	44	-1	24	35	7	44	0	29	24	0
c14042	7	42	0	0	41	-1	0	0	-1	-1	-1	0	-1	0	0	0	0	-1	-1	-1	-1	-1	0	0	34	0	-1	0	49	18
c14057	7	-1	0	37	-1	-1	35	2	-1	0	48	0	44	0	21	0	0	0	46	0	46	47	-1	-1	0	-1	0	49	49	18
c14058	0	-1	0	0	-1	0	25	0	-1	0	0	-1	-1	32	0	0	-1	49	46	-1	-1	-1	0	35	7	44	23	-1	-1	0
c14059	0	-1	0	0	41	0	-1	0	-1	0	0	0	-1	32	0	0	0	49	-1	0	-1	-1	0	35	7	44	23	-1	24	-1
c14062	0	7	0	6	-1	0	0	-1	-1	0	0	-1	-1	-1	41	6	0	0	46	0	44	-1	0	35	7	44	0	-1	24	0
c14063	0	7	-1	6	-1	0	0	0	-1	0	-1	7	-1	-1	41	6	-1	0	46	0	-1	-1	0	35	7	44	0	29	24	0
c14066	9	0	0	25	0	-1	45	0	46	43	0	0	0	46	6	-1	-1	0	0	-1	0	7	-1	-1	-1	-1	0	-1	0	45
c14071	9	0	0	0	0	-1	45	-1	40	-1	0	0	0	46	0	0	-1	0	-1	0	0	-1	0	-1	7	-1	0	-1	0	45
c14076	7	0	0	-1	41	-1	0	-1	-1	0	0	0	44	1	0	7	44	35	46	46	-1	47	0	0	0	0	0	43	49	18
c14082	7	0	0	0	41	0	-1	42	-1	7	0	0	0	21	-1	7	0	0	-1	31	0	47	0	0	-1	0	0	0	10	18
c14083	7	0	0	0	41	0	-1	-1	-1	-1	0	-1	0	-1	-1	7	0	-1	-1	31	0	-1	0	0	0	-1	0	0	-1	18
c14115	7	-1	0	-1	41	-1	0	-1	-1	47	0	0	44	-1	0	46	-1	0	46	0	-1	47	0	42	12	0	0	0	49	-1
c14116	7	25	-1	0	41	-1	-1	18	-1	0	0	0	-1	41	0	0	29	0	46	-1	46	47	0	0	34	0	0	0	49	18
c14118	-1	49	0	0	41	0	0	0	-1	0	-1	0	-1	0	0	42	0	29	46	-1	-1	47	0	0	0	0	0	0	10	-1
c14119	7	49	0	0	41	0	0	0	-1	0	40	0	-1	0	0	42	0	29	46	0	-1	47	0	0	0	0	0	0	10	18
c14124	7	0	7	0	41	-1	-1	22	-1	4	0	0	-1	0	0	0	0	0	-1	0	0	-1	0	0	-1	0	0	-1	-1	-1
c14133	9	21	0	-1	0	-1	45	0	-1	0	0	0	0	46	0	-1	-1	0	0	-1	0	7	0	0	-1	-1	35	-1	0	45
c14143	35	0	0	0	41	0	-1	40	-1	0	0	22	-1	32	0	0	0	-1	-1	-1	-1	-1	0	35	7	44	0	29	24	0
c14148	7	49	7	0	41	7	41	-1	-1	-1	0	0	0	0	0	16	0	-1	46	7	-1	47	0	0	0	7	-1	24	10	18
c14157	-1	49	-1	0	-1	-1	-1	29	-1	0	0	0	0	0	-1	-1	0	0	46	0	-1	-1	0	0	0	0	0	7	-1	-1
c14158	-1	0	47	-1	41	0	-1	0	-1	4	0	0	13	0	0	0	0	-1	-1	0	0	47	0	0	-1	17	0	0	-1	18
c14162	7	0	0	0	41	0	-1	0	-1	4	0	0	13	0	0	16	0	0	-1	0	0	47	-1	0	-1	0	0	0	10	18
c14175	7	0	35	37	-1	-1	9	0	-1	-1	48	0	44	0	37	29	-1	0	46	0	46	47	-1	0	0	0	-1	49	-1	18
c14205	9	0	-1	0	0	49	45	0	-1	43	0	0	-1	-1	6	-1	-1	0	0	0	22	7	0	0	0	-1	0	-1	0	-1
c14206	7	49	0	0	41	-1	0	17	-1	0	0	-1	0	7	0	0	-1	7	46	0	-1	47	0	0	0	0	-1	0	10	18
c14214	7	0	44	0	-1	16	-1	41	-1	4	0	-1	-1	0	0	16	0	0	-1	0	-1	47	-1	0	-1	0	0	0	10	-1
c14215	7	0	44	0	-1	16	-1	41	-1	4	-1	-1	13	0	0	16	-1	0	-1	0	0	47	-1	-1	-1	0	0	0	10	18
c14216	7	49	0	0	41	0	0	17	-1	0	0	-1	-1	7	-1	0	0	0	46	0	-1	47	0	-1	0	0	0	0	10	18
c14217	7	-1	-1	0	-1	0	0	17	-1	0	-1	-1	-1	7	-1	0	0	0	46	0	-1	47	-1	25	0	0	34	0	10	18
c14230	7	0	-1	37	41	0	-1	-1	-1	0	-1	47	-1	0	0	0	21	-1	46	16	46	47	0	28	0	0	0	0	49	18
c14231	7	0	33	37	41	-1	0	0	-1	0	37	47	-1	0	0	0	-1	29	46	16	-1	47	0	-1	0	-1	0	0	-1	18
c14277	-1	42	5	37	41	46	-1	-1	-1	0	0	16	-1	0	-1	-1	-1	0	46	-1	46	47	-1	44	0	-1	9	0	49	-1
c14282	-1	42	0	-1	41	-1	-1	0	-1	-1	0	0	-1	0	0	-1	7	0	-1	0	0	-1	0	-1	-1	0	0	17	10	18
c14283	7	42	0	0	41	0	-1	-1	-1	4	0	0	13	0	0	44	0	0	-1	0	0	47	-1	0	-1	0	0	17	10	18
c14284	0	-1	0	6	41	0	0	0	-1	0	0	-1	-1	-1	-1	0	0	-1	46	0	44	-1	0	35	7	44	19	29	24	-1
c14285	0	-1	0	6	41	0	0	0	-1	0	0	-1	-1	32	41	0	0	-1	46	0	44	-1	0	35	-1	-1	19	29	24	0
c14301	0	0	-1	0	-1	0	0	0	-1	6	0	41	-1	32	0	-1	-1	0	46	0	-1	-1	0	35	7	44	0	29	24	-1
c14315	9	37	0	0	35	0	45	0	18	0	0	0	0	46	0	39	-1	0	46	-1	-1	7	0	-1	47	-1	-1	-1	0	45
c14337	-1	0	-1	0	-1	-1	0	0	-1	0	0	0	-1	5	0	0	0	0	46	31	46	-1	-1	10	-1	0	0	-1	49	18
c14338	7	0	0	-1	41	-1	-1	0	-1	0	-1	0	0	0	0	-1	-1	0	46	0	-1	47	0	-1	0	39	0	0	10	18
c14341	7	0	0	0	41	0	-1	0	-1	0	0	6	0	0	0	25	6	0	46	-1	0	47	0	25	0	0	-1	0	10	18
c14344	7	35	0	-1	-1	0	-1	0	-1	-1	0	0	-1	0	0	-1	0	9	-1	0	0	47	-1	-1	0	0	44	0	10	18
c14346	7	0	0	37	41	0	44	0	-1	-1	0	0	-1	0	0	7	-1	0	46	-1	-1	47	-1	0	0	0	5	-1	-1	18
c14348	7	36	0	-1	41	0	-1	0	-1	0	0	0	0	0	0	0	0	47	-1	0	0	47	0	29	0	0	0	-1	-1	18
c14358	9	-1	0	0	0	0	45	0	7	0	0	0	0	-1	32	-1	-1	-1	0	-1	6	7	0	6	0	-1	23	-1	-1	45
c14372	-1	0	0	37	41	0	44	0	-1	39	0	0	44	-1	0	-1	0	0	46	22	46	47	-1	0	0	0	5	-1	49	18
c14373	7	-1	-1	37	41	0	44	0	-1	39	0	0	44	-1	0	7	0	0	-1	22	46	47	0	-1	0	0	5	-1	49	-1
c14391	-1	-1	0	35	41	-1	0	42	-1	35	5	0	-1	-1	-1	-1	39	30	46	0	22	-1	0	35	-1	44	-1	29	-1	0
c14415	7	49	0	-1	41	0	-1	0	-1	0	0	0	0	0	0	0	-1	29	46	0	-1	47	-1	0	0	0	0	-1	-1	18
c14418	0	-1	-1	-1	41	-1	-1	0	-1	0	0	0	-1	32	0	0	0	49	46	0	0	-1	0	35	7	-1	0	29	24	0
c14419	0	-1	0	0	-1	0	25	0	-1	0	0	0	-1	32	0	-1	0	49	46	0	0	-1	0	35	-1	44	-1	-1	24	-1
c14421	7	0	0	-1	41	-1	0	0	-1	0	0	-1	0	-1	7	-1	-1	0	46	31	46	-1	42	0	34	7	0	0	49	18
c14425	-1	0	0	47	-1	0	0	7	-1	-1	0	0	-1	32	-1	0	-1	-1	46	-1	0	-1	0	35	7	44	-1	29	24	0
c14434	-1	0	0	-1	-1	0	44	0	-1	0	0	0	44	-1	42	-1	0	0	46	0	-1	47	2	0	0	0	5	-1	-1	18
c14445	7	0	0	-1	41	-1	-1	0	-1	-1	-1	-1	-1	49	0	0	-1	-1	-1	-1	0	47	0	0	-1	-1	0	7	10	18
c14449	-1	-1	-1	37	41	0	0	0	-1	-1	37	-1	44	0	0	0	-1	29	-1	-1	-1	47	-1	28	0	0	0	0	-1	-1
c14450	7	0	0	23	41	-1	-1	0	-1	-1	0	0	-1	0	-1	0	0	0	-1	-1	0	-1	0	-1	-1	0	-1	-1	10	18
c14451	7	-1	-1	23	41	0	-1	0	-1	4	-1	0	13	0	0	0	-1	0	-1	0	0	47	0	0	-1	0	0	0	10	18
c14456	7	0	0	0	41	-1	-1	0	-1	0	0	0	0	-1	0	7	0	0	46	0	0	47	0	0	0	0	-1	0	10	-1
c14458	0	31	0	6	41	-1	0	-1	-1	0	0	0	-1	32	-1	0	-1	-1	46	0	44	-1	0	35	-1	44	0	29	24	0
c14459	0	31	0	6	-1	0	0	0	-1	0	-1	-1	-1	32	41	0	0	38	46	0	44	-1	-1	35	7	44	0	29	24	0
c14461	9	0	0	0	0	-1	45	0	-1	0	17	-1	-1	-1	32	31	-1	30	0	0	6	7	-1	0	21	-1	44	-1	0	45
c14463	9	7	0	0	0	0	45	0	0	-1	-1	47	-1	46	32	31	-1	0	0	-1	6	7	-1	0	0	-1	0	-1	0	-1
c14473	9	-1	0	-1	0	0	45	0	0	0	0	0	0	46	0	0	-1	0	-1	-1	31	7	0	0	-1	-1	9	-1	0	45
c14475	7	49	0	-1	41	0	0	0	-1	0	-1	-1	0	0	0	17	-1	29	46	0	-1	47	0	0	0	0	-1	46	10	18
c14480	7	0	0	0	41	0	0	0	-1	0	0	-1	-1	35	0	-1	-1	-1	46	0	25	47	-1	-1	47	0	0	0	10	18
c14497	9	0	0	0	0	0	45	0	0	0	-1	0	49	46	0	0	-1	-1	0	0	31	7	0	35	0	-1	9	-1	-1	-1
c14504	0	-1	0	6	41	0	0	0	-1	-1	0	7	-1	32	-1	6	0	-1	46	-1	-1	-1	0	35	7	44	-1	29	24	0
c14518	9	0	0	42	0	0	45	-1	0	0	0	0	0	46	44	-1	-1	-1	0	-1	-1	-1	-1	-1	22	-1	0	-1	44	45
c14520	7	0	0	0	41	-1	-1	22	-1	4	0	0	-1	-1	0	45	0	0	-1	0	0	47	18	0	-1	0	0	0	10	18
c14522	0	0	0	-1	41	-1	0	0	-1	0	0	0	-1	32	41	47	0	0	-1	0	-1	-1	0	35	7	44	0	29	-1	0
c14523	0	0	0	0	41	-1	0	0	-1	0	0	-1	-1	32	41	-1	0	0	46	0	44	-1	0	35	7	44	-1	29	24	-1
c14526	7	49	0	0	41	-1	-1	0	-1	0	0	0	0	0	7	0	-1	0	46	31	46	47	46	-1	34	-1	0	-1	49	-1
c14528	-1	-1	0	-1	41	31	0	42	-1	35	5	0	-1	32	49	-1	39	-1	46	0	22	-1	0	35	-1	44	7	29	-1	33
c14529	0	-1	0	35	41	31	0	42	-1	35	5	0	-1	-1	49	-1	39	-1	46	-1	-1	-1	0	35	7	44	-1	29	-1	33
c14552	0	0	0	6	41	0	0	41	-1	0	-1	0	-1	32	41	0	0	-1	46	0	44	-1	0	35	7	44	0	29	24	0
c14553	0	0	0	6	41	0	0	-1	-1	0	0	0	-1	-1	41	0	0	0	46	0	44	-1	0	35	7	44	0	29	-1	0
c14564	7	0	0	-1	41	-1	0	0	-1	0	-1	-1	0	0	7	-1	0	0	46	31	46	47	-1	0	34	7	0	-1	49	18
c14570	-1	0	-1	-1	41	-1	-1	9	-1	-1	0	0	-1	44	0	-1	21	29	46	0	46	-1	0	0	-1	0	7	-1	49	18
c14575	25	0	0	0	41	0	0	25	-1	-1	0	0	-1	32	0	35	6	0	46	0	0	-1	0	35	7	44	-1	29	24	11
c14599	7	36	0	-1	-1	0	-1	0	-1	-1	0	0	0	0	0	0	0	0	-1	-1	-1	47	0	29	0	0	0	-1	-1	18
c14613	7	0	0	37	41	0	41	26	-1	0	48	0	44	0	0	-1	0	25	46	5	-1	47	-1	-1	0	0	0	49	49	18
c14638	7	0	36	0	41	-1	-1	0	-1	0	35	0	-1	0	0	0	-1	49	46	0	0	47	0	0	-1	0	0	0	-1	18
c14644	7	-1	0	0	41	-1	-1	0	-1	39	0	0	-1	0	0	-1	35	0	46	0	0	47	0	-1	0	0	0	26	10	18
c14645	7	49	0	0	-1	-1	0	0	-1	-1	0	0	0	0	0	0	35	0	46	-1	-1	47	0	-1	0	0	0	26	10	-1
c14648	7	0	7	-1	-1	-1	0	0	-1	0	0	0	-1	25	0	45	0	0	46	-1	-1	47	6	0	-1	0	0	0	-1	18
c14657	9	0	0	-1	0	-1	45	0	0	43	4	6	0	46	6	-1	-1	0	-1	0	0	7	0	-1	0	-1	0	-1	-1	45
c14674	7	0	0	37	41	0	0	0	-1	-1	0	0	44	-1	0	-1	49	-1	-1	22	46	-1	-1	0	0	0	5	-1	49	-1
c14687	9	0	0	0	0	49	45	0	0	43	-1	-1	0	46	6	-1	-1	0	-1	-1	0	7	0	0	0	-1	0	-1	0	45
c14696	49	0	0	0	41	-1	25	-1	-1	-1	22	0	-1	32	0	0	0	49	46	39	0	-1	0	35	7	44	0	-1	24	0
c14697	49	0	0	0	41	0	25	0	-1	0	22	0	-1	32	0	0	0	49	46	39	0	-1	0	35	7	44	0	29	24	-1
c14698	9	-1	0	1	0	18	-1	0	0	0	0	0	-1	-1	-1	0	-1	0	0	0	-1	7	0	-1	0	-1	9	-1	0	45
c14704	7	49	0	21	41	0	0	0	-1	0	0	0	0	0	0	0	0	29	46	0	-1	47	0	0	6	0	0	21	10	18
c14705	7	-1	-1	21	-1	0	-1	0	-1	-1	0	0	0	0	0	0	0	29	-1	0	-1	47	0	-1	6	0	0	0	10	-1
c14719	7	49	0	0	-1	-1	0	0	-1	39	0	0	-1	7	0	0	0	0	46	9	6	47	-1	0	-1	-1	-1	0	10	-1
c14726	7	0	-1	47	41	0	-1	0	-1	4	0	0	13	0	0	0	0	0	-1	0	0	47	0	-1	-1	-1	0	0	10	18
c14737	7	0	0	46	41	-1	0	0	-1	0	49	0	49	0	0	0	-1	0	46	31	46	47	0	0	34	0	0	0	49	18
c14758	9	0	41	0	0	0	45	-1	-1	0	0	7	-1	-1	47	0	-1	7	0	0	0	7	0	0	0	-1	0	-1	0	45
c14768	0	49	-1	0	-1	7	-1	0	-1	0	0	29	-1	32	41	0	0	0	46	0	44	-1	0	35	-1	-1	0	29	24	0
c14770	7	49	0	0	41	0	-1	-1	-1	0	0	0	0	0	-1	0	0	0	46	21	-1	47	0	-1	37	0	0	0	10	18
c14775	7	47	41	0	41	0	-1	-1	-1	0	6	24	0	-1	0	0	-1	0	-1	0	-1	47	-1	0	0	0	-1	25	10	18
c14784	31	-1	0	0	23	-1	45	0	-1	0	-1	-1	-1	46	-1	0	-1	0	50	0	49	-1	0	-1	7	-1	0	-1	0	45
c14793	21	49	0	0	-1	-1	45	0	-1	0	0	0	-1	46	0	0	-1	0	50	0	0	7	0	0	-1	-1	0	-1	-1	45
c14798	22	0	0	0	41	22	0	-1	-1	0	5	10	-1	32	0	0	-1	30	46	0	-1	-1	0	35	7	44	35	29	-1	0
c14799	22	0	0	0	-1	22	0	42	-1	-1	-1	10	-1	32	0	0	0	30	46	0	-1	-1	0	35	7	44	-1	29	24	-1
c14805	7	-1	0	35	41	0	-1	0	-1	-1	0	-1	-1	-1	9	0	0	-1	-1	0	39	47	-1	0	-1	0	0	0	-1	18
c14810	7	0	-1	0	41	0	-1	0	-1	0	0	6	0	0	0	25	6	22	46	0	0	47	0	25	0	0	29	0	10	18
c14824	7	0	0	37	41	0	-1	0	-1	-1	7	0	44	-1	0	7	0	0	46	0	46	47	2	24	0	0	5	-1	-1	-1
c14829	7	0	29	0	-1	-1	-1	7	-1	0	0	0	10	-1	-1	0	0	0	46	31	46	47	47	34	-1	0	10	0	49	-1
c14834	9	37	-1	0	-1	49	-1	-1	0	-1	30	0	7	46	6	-1	-1	0	0	16	0	7	0	0	-1	-1	6	-1	0	45
c14837	0	44	0	0	-1	0	49	0	-1	6	0	0	-1	-1	-1	0	6	0	-1	0	0	-1	0	-1	7	44	0	29	24	0
c14853	16	0	0	0	41	-1	0	21	-1	-1	0	0	-1	32	0	0	0	-1	-1	25	0	-1	0	35	7	44	-1	-1	24	0
c14864	7	49	42	0	41	0	0	0	-1	-1	0	7	0	0	0	44	-1	-1	46	0	-1	47	0	0	0	0	-1	-1	10	18
c14865	7	49	42	0	41	0	0	-1	-1	0	0	7	0	0	0	-1	0	0	-1	0	-1	47	0	0	0	-1	0	7	10	18
c14868	7	0	47	0	41	-1	-1	0	-1	0	0	-1	17	-1	32	35	29	0	-1	-1	46	47	0	-1	34	0	0	0	49	-1
c14874	-1	0	22	0	7	5	45	0	5	0	-1	0	-1	46	0	0	-1	-1	0	-1	-1	7	-1	-1	7	-1	0	-1	0	45
c14886	7	-1	7	-1	-1	-1	-1	0	-1	0	0	0	10	0	0	45	-1	0	-1	31	46	47	0	-1	-1	0	0	0	49	18
c14887	7	0	-1	0	-1	-1	-1	0	-1	0	0	0	10	0	0	45	0	-1	46	31	46	47	0	0	-1	0	-1	0	-1	18
c14893	16	-1	37	-1	41	0	0	0	-1	5	0	0	-1	32	0	0	-1	0	46	-1	0	-1	0	35	-1	44	-1	-1	24	0
c14894	7	49	0	21	41	-1	0	0	-1	0	0	0	0	0	0	0	0	29	46	-1	-1	47	0	0	6	0	-1	0	10	18
c14907	-1	0	7	0	41	-1	0	0	-1	18	0	6	0	0	0	0	-1	0	46	-1	46	47	0	9	34	0	0	0	-1	18
c14942	7	49	0	0	41	32	0	-1	-1	-1	0	-1	0	0	0	0	0	0	-1	0	0	-1	0	-1	0	0	0	0	10	18
c14950	0	0	0	0	41	0	25	0	-1	0	0	0	-1	32	0	0	0	49	46	0	-1	-1	0	35	7	44	0	29	24	0
c14951	-1	0	0	0	41	-1	25	0	-1	0	0	0	-1	32	0	0	0	-1	46	0	0	-1	0	35	7	44	-1	29	24	0
c14956	7	0	35	37	41	0	0	0	-1	0	-1	21	44	0	0	-1	21	-1	46	0	46	47	-1	28	0	31	0	0	49	-1
c14961	0	49	0	0	-1	0	45	-1	-1	0	-1	0	-1	-1	0	-1	-1	0	50	0	0	7	0	41	-1	-1	0	-1	0	-1
c14975	7	0	0	0	41	-1	0	0	-1	0	-1	0	49	0	35	0	44	0	-1	-1	46	-1	0	0	34	0	29	0	49	18
c14987	-1	0	0	0	41	0	-1	0	-1	0	0	0	0	0	0	0	6	0	46	0	0	-1	0	0	0	0	0	49	10	18
c15005	0	7	-1	6	-1	-1	0	0	-1	0	0	0	-1	-1	41	0	0	0	46	0	44	-1	-1	-1	7	44	0	29	24	39
c15008	7	0	47	0	41	-1	-1	0	-1	0	-1	-1	0	0	0	35	29	0	-1	-1	46	47	0	0	34	0	0	-1	49	18
c15015	7	35	0	0	41	0	-1	-1	-1	0	0	0	-1	-1	-1	0	0	-1	-1	0	0	-1	0	31	-1	0	-1	0	10	18
c15019	7	0	0	37	41	0	35	0	-1	-1	48	-1	-1	0	0	23	0	0	46	0	46	-1	-1	-1	-1	35	-1	49	49	18
c15020	7	49	0	21	41	0	-1	0	-1	0	-1	-1	0	-1	0	0	0	29	46	0	-1	47	0	0	6	0	-1	-1	-1	18
c15021	-1	49	0	21	41	0	0	0	-1	0	-1	0	0	0	0	0	0	29	46	-1	-1	47	0	-1	6	-1	0	-1	10	-1
c15024	0	44	0	0	41	29	0	-1	-1	35	-1	0	-1	32	0	0	0	-1	46	0	-1	-1	-1	-1	-1	44	-1	29	-1	-1
c15026	7	0	0	-1	41	0	44	0	-1	0	0	0	44	-1	41	7	0	0	46	-1	-1	47	0	-1	0	-1	5	-1	-1	18
c15037	7	0	0	0	-1	48	-1	0	-1	0	0	-1	-1	42	35	0	0	0	-1	-1	0	47	0	-1	0	0	0	-1	10	-1
c15045	-1	0	0	0	0	0	-1	0	-1	0	-1	0	-1	-1	0	0	-1	-1	50	0	-1	7	0	0	-1	-1	49	-1	-1	45
c15052	7	0	-1	0	-1	0	-1	0	-1	4	0	0	13	0	0	-1	0	0	-1	0	0	47	0	-1	-1	0	0	-1	10	18
c15063	7	46	0	0	41	-1	-1	0	-1	0	49	0	-1	0	32	0	0	0	-1	31	46	47	0	0	34	-1	0	0	49	-1
c15068	0	-1	-1	0	23	0	45	0	-1	0	0	0	-1	46	0	0	-1	0	-1	-1	0	7	-1	0	7	-1	0	-1	-1	45
c15078	-1	42	-1	-1	41	0	0	5	-1	0	0	-1	44	0	-1	7	45	0	46	9	-1	47	42	0	0	-1	0	0	49	-1
c15105	7	-1	0	-1	41	0	0	17	-1	-1	-1	-1	0	-1	0	-1	0	0	-1	0	-1	47	0	0	-1	0	0	35	10	18
c15117	-1	42	-1	37	41	0	-1	5	-1	-1	0	16	44	0	0	7	0	0	46	0	46	-1	42	0	-1	-1	-1	7	49	-1
c15141	22	-1	0	-1	41	0	-1	42	-1	0	-1	10	-1	32	7	0	-1	-1	46	29	22	-1	0	35	7	44	35	29	-1	0
c15153	7	0	47	-1	41	-1	35	-1	-1	0	0	0	0	-1	0	16	29	0	46	-1	46	47	0	0	34	40	0	0	49	-1
c15160	7	0	0	37	41	-1	35	-1	-1	0	48	-1	44	0	21	-1	-1	-1	46	0	-1	47	-1	0	-1	-1	0	49	-1	-1
c15163	7	0	0	-1	41	-1	0	49	-1	0	49	0	49	0	-1	0	-1	0	-1	31	46	47	-1	0	34	0	-1	0	49	18
c15166	-1	0	-1	37	41	44	-1	9	-1	-1	0	0	44	44	22	0	21	-1	46	0	46	47	0	0	-1	0	7	0	49	18
c15172	7	0	41	26	41	-1	-1	0	-1	0	0	-1	0	-1	0	-1	0	0	46	5	-1	47	0	0	0	0	35	0	10	18
c15174	7	0	31	-1	41	-1	-1	7	-1	0	0	0	-1	0	0	0	-1	0	46	0	0	-1	0	9	0	0	-1	0	10	18
c15184	-1	0	0	15	-1	-1	-1	-1	0	0	0	0	-1	46	-1	-1	-1	-1	50	0	0	7	0	0	-1	-1	49	-1	0	-1
c15190	7	49	-1	-1	-1	0	0	0	-1	0	37	7	44	0	0	-1	21	29	-1	0	46	-1	0	0	0	0	-1	0	49	18
c15202	0	0	-1	-1	0	5	45	0	5	0	0	-1	-1	46	41	0	-1	31	0	0	0	-1	5	37	7	-1	9	-1	0	45
c15209	7	49	-1	-1	41	32	0	0	-1	14	0	0	-1	0	0	-1	0	0	-1	0	-1	-1	0	0	0	-1	0	0	10	18
c15213	7	-1	7	-1	41	0	41	-1	-1	0	0	0	0	0	0	16	39	29	46	-1	-1	47	0	-1	0	7	7	0	10	18
c15215	-1	-1	0	0	-1	0	-1	-1	-1	18	0	37	0	-1	-1	0	-1	0	-1	10	0	47	-1	-1	0	0	0	25	10	18
c15223	-1	0	0	37	41	0	0	0	-1	0	37	0	44	0	0	0	21	29	46	-1	46	-1	17	-1	0	31	-1	0	-1	18
c15254	-1	-1	0	0	44	-1	45	-1	44	0	0	0	0	46	32	31	-1	0	0	0	6	7	0	0	0	-1	44	-1	0	-1
c15262	0	0	0	5	-1	0	0	-1	-1	0	0	0	-1	-1	0	9	0	0	46	0	0	-1	0	35	7	44	0	-1	-1	0
c15264	7	49	44	31	41	0	0	0	-1	0	5	0	10	0	42	0	-1	0	46	0	-1	47	0	0	0	0	-1	0	10	-1
c15266	0	0	0	-1	41	-1	-1	0	-1	0	0	-1	-1	32	-1	0	0	49	-1	-1	-1	-1	0	35	7	44	-1	29	24	21
c15267	-1	0	0	46	41	-1	25	0	-1	0	0	0	-1	32	37	0	-1	49	-1	-1	-1	-1	0	35	-1	44	0	29	24	21
c15270	9	0	0	0	23	0	45	-1	44	0	0	0	-1	46	32	31	-1	0	-1	-1	6	7	29	0	-1	-1	44	-1	0	-1
c15271	9	0	-1	0	23	0	-1	0	44	0	0	0	-1	46	32	31	-1	0	0	0	6	7	29	0	0	-1	44	-1	0	45
c15278	7	0	-1	37	-1	0	0	0	-1	0	-1	0	44	0	0	0	21	-1	-1	-1	46	47	17	-1	0	31	0	0	49	18
c15279	7	0	4	37	41	0	0	-1	-1	0	37	0	44	0	-1	-1	-1	29	46	-1	46	-1	17	28	-1	31	0	0	49	18
c15283	-1	-1	0	37	41	0	-1	-1	-1	0	37	-1	44	6	0	0	21	29	-1	35	46	47	17	-1	0	31	0	0	-1	18
c15289	7	0	-1	0	41	-1	-1	-1	-1	0	5	0	0	0	7	-1	0	0	46	31	46	-1	46	-1	34	7	44	0	49	-1
c15304	9	0	41	-1	-1	0	45	0	0	0	0	29	-1	46	47	0	-1	7	0	-1	0	-1	0	0	0	-1	0	-1	0	45
c15316	-1	0	0	37	41	-1	0	0	-1	6	37	-1	44	0	0	-1	21	29	46	-1	46	47	0	0	7	-1	-1	0	49	18
c15317	7	0	0	-1	41	0	0	0	-1	6	37	0	44	0	0	-1	21	29	-1	0	-1	47	0	0	-1	0	0	0	49	18
c15321	7	35	0	-1	41	0	0	-1	-1	0	0	-1	6	0	-1	0	0	0	46	0	7	47	-1	0	0	0	-1	0	10	18
c15329	7	0	0	-1	41	0	-1	-1	-1	0	0	0	0	0	0	0	0	0	-1	10	-1	47	0	0	-1	-1	-1	25	10	18
c15330	7	0	0	0	-1	-1	0	49	-1	0	0	-1	30	29	7	-1	45	-1	46	31	46	-1	0	-1	34	-1	41	46	49	18
c15333	7	0	0	0	41	0	-1	-1	-1	18	0	0	0	0	0	0	0	0	-1	10	0	47	0	-1	0	0	0	25	10	18
c15337	7	-1	0	7	-1	0	-1	0	-1	0	0	0	0	-1	0	0	0	0	46	21	-1	47	0	-1	37	0	0	-1	-1	18
c15340	0	0	-1	0	41	-1	25	0	-1	0	0	0	-1	-1	37	0	0	49	46	0	-1	-1	0	35	7	44	0	29	24	21
c15341	0	0	-1	0	41	-1	-1	0	-1	-1	0	0	-1	32	-1	0	0	49	46	0	-1	-1	-1	-1	7	44	0	29	24	-1
c15347	7	49	0	0	41	-1	0	9	-1	7	-1	7	0	0	-1	0	0	0	46	0	-1	47	0	0	0	0	40	-1	10	-1
c15351	7	-1	-1	47	41	0	-1	0	-1	4	0	0	13	0	0	0	0	0	-1	0	-1	47	0	0	-1	0	0	0	10	18
c15352	0	0	0	0	41	21	0	-1	-1	0	-1	0	-1	32	0	-1	0	-1	46	4	22	-1	0	35	7	44	-1	29	24	0
c15356	-1	42	0	37	41	-1	0	5	-1	0	0	16	44	0	-1	7	45	0	46	9	46	47	42	-1	0	-1	0	0	49	-1
c15357	-1	42	0	37	41	0	0	5	-1	0	0	16	-1	0	0	7	45	0	46	9	46	47	42	0	0	-1	-1	0	49	-1
c15363	-1	-1	0	0	41	0	-1	0	-1	4	0	44	13	25	39	16	0	0	-1	0	0	-1	-1	-1	-1	0	0	0	-1	18
c15373	35	0	-1	0	41	0	0	0	-1	0	0	-1	-1	32	0	0	0	0	46	14	0	-1	0	35	7	44	44	29	24	0
c15378	7	0	0	37	41	-1	0	45	-1	0	37	-1	44	-1	0	-1	21	29	46	-1	46	47	17	28	0	43	0	0	49	18
c15388	7	49	-1	-1	41	0	0	0	-1	0	0	-1	0	0	0	0	0	29	46	0	-1	-1	0	0	6	-1	-1	0	10	18
c15413	7	49	35	0	41	37	0	-1	-1	0	0	-1	0	0	0	0	0	29	46	37	-1	-1	0	0	-1	0	0	0	10	18
c15415	7	35	0	0	41	-1	-1	0	-1	-1	0	-1	-1	0	37	0	0	0	-1	-1	0	47	-1	41	0	0	-1	0	10	18
c15431	9	0	0	-1	0	0	45	-1	-1	0	0	0	0	46	0	-1	-1	0	0	0	-1	-1	0	-1	0	-1	35	-1	0	45
c15435	-1	-1	0	0	-1	0	-1	0	-1	0	-1	0	0	-1	35	0	0	0	-1	0	0	47	0	0	0	0	0	0	10	-1
c15450	-1	-1	-1	37	41	0	0	5	-1	0	-1	16	44	0	0	7	-1	0	46	41	46	47	42	6	0	-1	0	-1	49	-1
c15456	0	-1	5	0	41	0	25	0	-1	0	0	0	-1	-1	0	0	-1	49	46	0	0	-1	0	35	-1	44	0	29	24	0
c15457	0	0	-1	0	41	0	25	-1	-1	-1	0	0	-1	32	0	-1	0	49	46	0	-1	-1	0	35	7	44	0	29	24	0
c15464	10	0	-1	6	-1	-1	45	0	-1	-1	0	0	-1	46	35	0	-1	-1	-1	41	0	7	0	5	7	-1	0	-1	0	-1
c15489	0	-1	0	0	23	0	45	0	-1	0	-1	0	-1	46	0	0	-1	-1	50	0	0	7	0	0	7	-1	-1	-1	0	45
c15497	7	0	0	41	-1	-1	0	-1	-1	-1	49	-1	10	7	0	0	0	0	46	-1	-1	47	0	0	34	0	-1	-1	-1	18
c15513	7	0	-1	0	41	-1	-1	0	-1	0	-1	0	-1	0	7	-1	-1	0	46	31	46	47	46	-1	-1	7	44	45	49	-1
c15514	-1	0	44	-1	41	0	35	-1	-1	0	48	-1	44	0	0	0	0	35	46	0	46	47	-1	0	-1	5	18	49	49	-1
c15518	-1	0	0	22	41	-1	-1	0	-1	0	0	0	0	0	0	0	-1	0	46	0	0	47	0	0	16	0	0	0	10	18
c15519	-1	0	0	22	41	-1	-1	0	-1	0	-1	0	0	-1	0	-1	-1	0	46	0	0	47	0	0	16	0	0	0	10	18
c15526	-1	0	0	0	41	-1	-1	0	-1	0	0	0	0	0	0	0	0	0	-1	5	0	47	0	0	31	0	35	0	10	18
c15551	0	0	0	0	-1	7	0	-1	-1	-1	0	-1	-1	-1	41	0	0	0	46	7	44	-1	0	-1	7	44	0	29	24	-1
c15578	7	0	0	0	-1	0	-1	0	-1	0	-1	6	0	0	0	25	6	0	46	0	0	47	0	-1	0	0	0	0	10	-1
c15583	9	0	28	-1	0	0	45	0	0	-1	44	-1	0	46	0	0	-1	31	0	33	-1	7	0	0	0	-1	0	-1	-1	45
c15588	7	0	0	0	41	-1	-1	0	-1	4	0	0	13	0	0	-1	-1	0	-1	-1	0	47	0	0	-1	0	0	0	-1	-1
c15612	7	0	0	37	41	0	44	0	-1	-1	7	0	44	0	-1	7	-1	0	46	0	46	47	2	0	0	0	5	-1	-1	-1
c15614	7	0	0	37	41	0	0	0	-1	39	0	-1	44	-1	0	7	0	-1	46	22	-1	47	-1	18	0	0	-1	-1	49	-1
c15616	0	-1	-1	0	0	5	45	0	5	0	0	0	-1	46	37	0	-1	0	37	-1	-1	7	-1	-1	7	-1	0	-1	0	45
c15617	-1	0	-1	0	0	5	45	-1	5	0	0	0	-1	46	-1	0	-1	0	37	25	0	7	29	0	7	-1	0	-1	0	45
c15623	-1	0	0	37	-1	0	0	5	-1	0	0	14	-1	0	0	7	0	-1	46	-1	46	47	0	38	0	0	-1	0	49	-1
c15640	0	0	0	0	41	-1	0	0	-1	0	-1	21	-1	32	41	0	0	-1	46	0	44	-1	0	-1	-1	-1	0	29	24	0
c15641	0	0	0	0	41	0	0	0	-1	0	0	21	-1	32	41	0	0	0	46	-1	44	-1	0	-1	-1	44	0	29	24	0
c15659	7	49	0	0	41	37	0	-1	-1	0	0	21	0	-1	0	0	-1	0	46	0	-1	47	0	0	0	0	-1	0	10	18
c15662	0	-1	-1	6	-1	0	0	0	-1	0	0	0	-1	-1	41	0	0	-1	-1	0	44	-1	-1	35	7	44	-1	29	24	0
c15663	0	0	-1	6	41	0	-1	-1	-1	0	0	0	-1	32	41	0	0	0	46	-1	-1	-1	0	35	-1	44	0	29	24	0
c15693	-1	0	0	-1	-1	0	45	-1	0	0	49	0	0	46	0	21	-1	18	0	28	-1	7	0	-1	0	-1	0	-1	0	45
c15699	7	0	0	-1	41	-1	0	0	-1	0	-1	-1	0	0	7	-1	7	10	46	31	46	47	-1	-1	34	7	0	0	-1	-1
c15712	0	-1	0	6	41	0	0	0	-1	0	0	0	-1	32	41	0	0	0	46	-1	-1	-1	0	-1	7	44	0	-1	24	0
c15716	-1	-1	0	-1	-1	0	-1	-1	-1	0	0	0	0	0	0	0	0	48	-1	0	0	47	-1	0	0	-1	0	0	10	18
c15717	7	-1	0	0	41	0	-1	0	-1	0	0	0	0	0	0	-1	0	48	-1	0	0	47	-1	-1	0	0	0	0	10	18
c15719	7	0	0	-1	41	0	44	0	-1	0	0	0	44	0	42	7	-1	0	46	0	46	-1	-1	0	0	0	5	-1	-1	-1
c15724	0	-1	0	0	41	16	25	0	-1	0	0	0	-1	-1	0	0	0	-1	-1	0	0	-1	0	35	7	44	0	29	24	-1
c15725	-1	-1	0	0	41	-1	25	0	-1	0	0	0	-1	32	0	0	0	49	-1	0	0	-1	-1	35	7	44	0	29	24	0
c15727	7	0	0	0	41	0	-1	42	-1	4	40	0	13	0	0	16	0	0	-1	0	0	-1	-1	-1	-1	0	0	0	10	18
c15729	0	-1	0	0	-1	-1	45	-1	24	0	40	0	-1	-1	-1	-1	-1	-1	50	31	0	-1	39	-1	7	-1	49	-1	0	45
c15737	16	-1	0	-1	41	0	0	0	-1	5	18	0	-1	32	0	0	0	41	46	0	0	-1	0	35	7	44	16	29	24	0
c15751	7	0	0	37	41	15	-1	0	-1	0	-1	-1	44	0	0	-1	21	29	-1	0	46	47	0	0	0	0	0	0	49	18
c15753	9	0	0	0	0	18	45	-1	0	0	0	0	0	46	-1	6	-1	0	0	-1	31	7	0	0	0	-1	-1	-1	0	45
c15758	0	0	0	0	-1	7	0	0	-1	34	0	29	-1	32	-1	0	-1	0	46	-1	44	-1	0	35	7	-1	0	29	24	7
c15769	7	0	0	-1	41	-1	0	0	-1	0	0	0	0	44	0	0	0	-1	46	31	46	47	0	9	-1	0	0	0	49	18
c15777	-1	0	0	0	41	0	-1	0	-1	4	-1	-1	13	0	-1	16	0	0	-1	39	0	47	-1	0	-1	0	42	0	10	18
c15830	7	49	37	-1	41	28	35	0	-1	0	5	38	0	0	0	-1	-1	0	46	0	-1	47	0	0	0	0	40	-1	10	-1
