	0	1	2	3	4	5	6	7	8	9	10	11	12	13	14	15	16	17	18	19	20	21	22	23	24	25	26	27	28	29
c1911	17	0	0	46	1	-1	0	0	0	0	0	37	29	12	0	-1	0	17	0	-1	0	0	-1	29	-1	12	0	-1	40	0
c2269	17	0	0	46	1	0	-1	-1	16	0	10	-1	29	-1	0	34	0	0	45	42	0	-1	6	0	0	12	-1	29	42	-1
c2330	0	-1	48	3	1	14	-1	-1	29	-1	31	0	-1	20	16	34	0	0	-1	20	0	0	-1	9	0	20	-1	-1	0	17
c2540	17	31	0	46	-1	0	3	28	0	0	0	-1	-1	0	-1	34	0	-1	17	0	0	0	6	-1	0	12	-1	-1	-1	0
c2591	0	0	0	3	-1	14	-1	0	0	0	0	0	0	-1	7	34	0	0	-1	20	0	0	6	9	0	0	-1	-1	0	33
c2812	29	0	0	3	1	14	-1	0	0	0	-1	0	0	-1	14	34	0	0	-1	-1	0	0	6	9	0	0	6	-1	12	-1
c2989	17	0	-1	46	1	0	0	-1	42	17	20	29	-1	0	0	34	-1	50	-1	0	0	-1	6	0	0	12	0	20	0	28
c3076	17	31	-1	-1	-1	0	31	-1	-1	0	0	-1	29	0	-1	34	29	-1	-1	0	0	16	-1	0	0	12	-1	0	20	0
c3088	17	31	0	46	1	0	-1	-1	26	0	0	-1	29	0	0	34	0	-1	17	-1	0	-1	6	-1	0	12	45	0	0	0
c3089	-1	31	0	46	-1	0	7	-1	26	0	0	-1	-1	0	0	34	0	-1	17	-1	0	0	6	0	30	12	45	0	-1	0
c3244	17	31	16	46	1	-1	15	-1	0	0	0	-1	29	0	0	-1	0	-1	17	-1	17	0	-1	-1	0	-1	45	-1	0	17
c3258	17	31	-1	46	-1	0	11	28	0	-1	0	-1	29	-1	0	34	0	-1	-1	0	0	0	6	-1	11	12	45	0	0	0
c3376	-1	31	0	-1	1	0	0	28	0	0	-1	-1	-1	34	0	34	0	-1	-1	19	20	15	6	0	0	12	45	0	0	0
c3632	17	-1	0	46	1	-1	0	0	-1	0	10	0	-1	0	0	34	-1	0	45	-1	-1	0	-1	6	0	12	-1	-1	42	-1
c3633	17	0	0	46	1	9	0	2	12	-1	-1	-1	29	0	0	34	0	12	45	0	29	0	6	0	24	12	-1	29	42	-1
c3860	17	-1	17	46	1	0	2	28	0	0	0	-1	-1	-1	0	34	-1	-1	17	-1	0	34	6	0	0	12	45	0	0	0
c3931	17	31	0	46	1	7	0	28	0	0	0	-1	29	-1	0	34	-1	-1	17	20	0	0	6	20	-1	12	45	0	19	0
c4018	17	31	7	46	1	0	-1	-1	-1	10	0	0	29	37	0	34	0	-1	17	34	-1	0	6	0	-1	12	45	-1	0	-1
c4037	17	31	-1	-1	-1	19	0	28	26	0	0	-1	29	0	0	34	0	-1	17	-1	-1	0	6	0	0	12	-1	-1	-1	0
c4053	-1	31	0	46	1	0	0	28	26	0	0	-1	-1	0	0	34	0	-1	17	20	0	0	6	0	0	12	45	0	0	0
c4078	-1	31	0	46	1	-1	11	28	0	0	44	-1	29	7	0	34	0	-1	-1	-1	0	0	-1	0	40	12	45	-1	0	0
c4097	17	-1	0	-1	1	0	-1	28	0	0	0	0	29	-1	0	34	0	-1	-1	42	-1	0	6	31	0	12	-1	0	0	20
c4144	17	-1	0	46	-1	0	15	28	0	0	0	-1	29	0	31	34	0	-1	17	0	17	0	-1	-1	0	12	45	0	0	17
c4156	0	0	12	3	1	0	-1	0	0	0	14	0	17	0	0	-1	0	37	0	-1	0	0	6	9	29	30	40	-1	1	0
c4335	40	-1	0	3	1	0	-1	0	0	0	-1	20	0	28	0	34	20	37	0	44	0	0	6	9	-1	-1	-1	-1	0	41
c4354	12	-1	0	3	-1	14	-1	0	-1	-1	17	0	0	20	-1	34	0	0	-1	0	8	0	6	9	3	0	14	-1	-1	0
c4557	-1	0	0	3	1	-1	-1	0	-1	0	0	36	0	20	0	34	29	0	-1	0	-1	-1	6	9	11	-1	6	-1	-1	31
c4608	17	31	0	46	1	20	0	28	0	-1	0	-1	29	0	0	34	43	-1	17	-1	46	0	6	0	0	12	45	-1	0	0
c4761	17	31	0	46	1	0	-1	28	-1	0	0	-1	29	-1	-1	34	0	-1	-1	0	0	0	-1	-1	0	12	45	0	0	0
c4769	0	10	0	3	1	14	-1	0	-1	0	0	0	-1	20	7	-1	28	-1	-1	20	42	-1	-1	9	0	31	-1	-1	20	-1
c4806	17	-1	0	46	-1	0	0	46	0	0	10	0	29	0	0	-1	0	-1	45	42	0	0	6	0	29	12	-1	29	42	31
c4864	-1	31	0	46	-1	0	0	28	0	0	0	-1	29	0	0	34	0	-1	17	20	-1	0	6	0	0	12	45	0	0	0
c4991	17	0	0	46	1	-1	-1	-1	0	-1	0	29	0	0	0	34	-1	50	0	-1	-1	0	6	0	0	12	-1	-1	-1	0
c5030	17	0	-1	46	1	0	0	-1	0	-1	0	-1	0	0	-1	-1	-1	50	31	-1	31	37	6	-1	0	12	0	20	0	0
c5036	0	-1	0	-1	-1	14	-1	20	-1	0	0	-1	0	20	0	34	0	0	-1	20	-1	0	6	9	0	0	-1	-1	0	0
c5051	17	31	0	46	1	0	0	28	0	0	0	-1	29	-1	0	34	-1	-1	17	20	0	19	6	0	-1	12	45	0	0	0
c5108	-1	31	-1	46	1	7	0	28	31	0	0	-1	29	0	0	34	0	-1	17	20	-1	0	6	20	-1	12	45	0	34	0
c5146	17	31	0	-1	1	0	0	28	43	31	0	-1	29	0	0	34	0	-1	-1	0	0	0	6	31	0	-1	45	0	0	0
c5213	17	31	-1	46	1	15	3	28	0	0	-1	-1	-1	-1	-1	34	0	-1	17	0	0	0	-1	0	-1	12	45	-1	40	0
c5215	17	19	0	-1	1	6	0	0	29	20	0	37	-1	31	42	34	0	0	0	0	0	0	-1	0	-1	-1	-1	0	0	0
c5237	31	0	41	-1	1	46	-1	0	0	19	-1	-1	3	0	0	34	-1	10	27	0	0	7	6	9	0	0	40	-1	-1	0
c5280	17	-1	0	46	1	15	3	28	0	0	6	-1	29	0	0	-1	0	-1	17	0	-1	27	6	0	0	12	45	0	40	0
c5281	17	31	0	46	1	15	3	28	0	0	0	-1	29	0	0	-1	0	-1	17	8	0	27	6	0	0	12	-1	0	40	0
c5373	17	31	0	46	1	0	15	28	-1	0	0	-1	29	0	43	34	-1	-1	17	0	17	0	-1	-1	0	12	45	0	0	0
c5381	31	0	-1	-1	-1	46	-1	-1	0	0	-1	0	0	0	0	34	0	42	0	20	0	7	6	9	3	0	40	-1	0	0
c5398	17	31	0	46	1	0	0	28	-1	0	46	0	29	-1	0	34	0	-1	-1	0	0	37	-1	0	0	-1	45	-1	19	0
c5412	0	0	0	3	1	14	-1	0	0	0	0	31	0	20	-1	-1	0	0	-1	-1	20	0	6	-1	0	-1	20	-1	0	29
c5505	17	31	0	46	1	0	36	-1	0	0	0	0	29	-1	0	34	-1	-1	17	34	-1	0	6	0	-1	12	-1	-1	0	-1
c5533	17	31	0	46	1	16	0	-1	-1	6	0	-1	29	0	-1	34	0	-1	-1	20	0	0	6	0	0	12	45	0	-1	31
c5556	17	31	0	46	1	46	3	-1	-1	24	-1	0	29	31	0	-1	19	-1	17	42	0	27	6	31	0	12	45	31	0	-1
c5561	-1	31	-1	46	1	-1	0	28	31	0	24	0	29	0	0	-1	17	-1	17	0	0	0	6	-1	-1	12	45	17	-1	0
c5572	-1	0	0	3	1	-1	-1	0	45	0	0	0	39	20	31	34	0	0	-1	-1	-1	0	6	-1	-1	-1	0	-1	-1	-1
c5660	17	-1	0	46	1	0	3	-1	-1	-1	0	-1	29	0	0	34	0	-1	17	0	42	-1	6	0	0	12	-1	0	40	0
c5740	17	0	20	46	1	0	0	0	-1	0	0	37	29	-1	-1	34	0	0	0	-1	0	0	-1	-1	-1	12	0	0	0	-1
c5756	0	33	-1	3	1	14	-1	-1	-1	-1	0	0	0	20	7	34	0	-1	-1	20	1	0	-1	9	0	31	-1	-1	0	28
c5771	17	31	0	46	1	0	0	28	-1	13	-1	-1	29	0	-1	-1	0	-1	17	-1	0	19	6	0	0	12	45	0	0	-1
c5837	29	0	42	3	1	-1	-1	0	46	46	0	0	0	-1	14	34	0	0	-1	-1	13	-1	6	-1	7	0	6	-1	0	0
c5890	0	0	0	3	-1	14	-1	0	0	8	0	29	0	20	-1	34	-1	0	-1	29	20	0	6	9	0	-1	0	-1	0	0
c5947	0	-1	-1	3	1	-1	-1	0	0	0	0	29	0	20	11	34	0	0	-1	29	20	0	6	9	-1	-1	0	-1	-1	-1
c5988	17	0	0	46	1	0	0	-1	0	17	-1	29	0	0	0	-1	-1	50	46	0	0	-1	6	-1	-1	12	0	20	0	0
c6001	20	0	0	3	-1	14	-1	0	0	0	0	0	0	-1	46	34	0	0	-1	20	0	0	6	9	0	-1	-1	-1	0	0
c6011	17	31	13	46	1	0	0	28	0	0	0	-1	-1	34	0	-1	0	-1	17	-1	-1	15	-1	0	20	-1	45	-1	0	0
c6036	0	0	42	3	1	14	-1	40	0	-1	0	0	39	20	0	34	28	0	-1	-1	20	0	-1	9	0	-1	0	-1	22	0
c6062	0	0	0	-1	1	14	-1	0	-1	0	0	0	-1	20	7	34	-1	42	-1	20	0	0	-1	9	0	0	-1	-1	0	-1
c6078	17	0	0	46	1	0	0	-1	0	17	0	29	0	0	0	34	-1	50	-1	0	0	0	6	0	0	12	-1	20	0	0
c6092	0	0	-1	3	1	14	-1	0	42	0	0	0	0	20	7	34	19	0	-1	20	-1	0	6	-1	0	0	6	-1	0	-1
c6115	0	-1	0	3	1	14	-1	20	0	0	0	0	0	-1	0	34	0	0	-1	20	0	0	6	9	0	34	6	-1	0	0
c6116	17	31	0	-1	1	-1	0	28	0	0	-1	-1	29	0	-1	34	0	-1	17	20	-1	-1	6	0	0	12	45	0	-1	0
c6129	0	0	-1	3	-1	14	-1	0	0	0	0	0	0	20	7	34	0	12	-1	20	0	31	6	9	-1	-1	-1	-1	17	0
c6163	42	50	0	3	-1	46	-1	0	0	-1	3	-1	0	0	0	34	0	0	17	0	0	0	-1	9	0	0	40	-1	29	18
c6169	29	0	0	-1	-1	14	-1	0	46	0	0	0	-1	-1	14	34	-1	0	-1	-1	13	0	6	-1	7	-1	6	-1	0	0
c6194	17	31	-1	46	1	-1	0	28	-1	0	20	-1	29	0	0	34	0	-1	17	20	0	19	6	0	-1	-1	-1	0	0	0
c6205	0	0	17	3	1	14	-1	-1	-1	0	0	0	0	-1	-1	34	39	0	-1	-1	0	0	6	9	0	34	6	-1	0	0
c6222	0	0	45	3	-1	14	-1	0	-1	0	0	-1	-1	20	-1	34	0	0	-1	0	0	13	6	-1	11	6	6	-1	0	0
c6235	0	0	0	3	1	-1	-1	0	0	0	0	0	0	-1	19	34	17	0	-1	0	-1	-1	6	9	0	-1	-1	-1	0	0
c6308	17	31	0	46	-1	0	15	28	0	-1	0	-1	29	0	0	-1	0	-1	17	0	17	0	-1	-1	-1	12	45	0	-1	-1
c6312	-1	-1	0	46	1	0	0	28	-1	-1	0	-1	29	0	0	34	-1	-1	17	0	0	19	6	0	0	12	45	2	0	0
c6314	17	31	0	46	1	-1	-1	28	31	6	0	0	29	-1	0	-1	0	-1	17	0	0	0	-1	-1	0	12	45	1	0	-1
c6346	17	31	0	46	1	-1	-1	28	0	0	0	-1	29	-1	0	34	-1	-1	-1	-1	0	-1	6	0	0	12	-1	45	0	-1
c6380	17	-1	-1	46	1	-1	0	0	0	0	-1	39	29	-1	29	34	0	0	45	42	0	0	6	0	0	-1	-1	29	42	31
c6387	17	31	0	-1	1	-1	0	-1	0	0	-1	0	29	0	0	34	-1	-1	17	42	-1	0	6	31	0	12	45	0	0	0
c6413	0	42	0	3	1	0	-1	-1	0	0	-1	-1	-1	31	0	-1	-1	0	0	-1	-1	28	6	9	0	42	40	-1	-1	13
c6415	17	31	19	-1	1	0	0	28	0	-1	0	-1	29	46	0	-1	0	-1	17	0	0	0	6	20	40	12	45	0	-1	0
c6428	17	31	0	-1	1	16	0	28	0	0	0	-1	29	0	0	34	0	-1	17	20	-1	0	6	0	0	12	45	0	28	-1
c6463	0	0	0	3	1	14	-1	-1	-1	16	0	0	0	-1	0	34	0	0	-1	20	0	0	-1	9	0	0	6	-1	-1	0
c6468	-1	31	0	46	1	0	2	-1	0	-1	0	0	-1	37	0	34	0	-1	17	34	1	-1	6	0	-1	-1	-1	0	0	-1
c6520	29	0	0	3	1	14	-1	0	46	0	11	42	31	-1	14	-1	0	0	-1	0	0	-1	-1	9	0	0	6	-1	-1	29
c6526	0	0	-1	-1	-1	14	-1	0	20	-1	0	-1	0	-1	0	34	-1	-1	-1	-1	-1	1	6	9	-1	0	0	-1	0	-1
c6529	0	50	0	3	1	-1	-1	0	-1	-1	-1	-1	0	43	0	34	29	-1	17	0	-1	-1	-1	9	0	0	40	-1	29	18
c6543	17	29	-1	46	1	0	0	0	0	0	-1	29	0	0	0	34	43	-1	-1	0	0	29	6	-1	0	-1	37	0	-1	34
c6548	17	31	19	46	1	-1	22	28	-1	0	0	-1	29	-1	-1	34	20	-1	17	0	0	0	-1	20	17	12	45	0	-1	0
c6646	17	0	12	46	1	42	14	-1	29	0	0	-1	29	14	-1	34	0	0	0	0	0	16	-1	0	26	12	-1	-1	50	-1
c6670	17	31	-1	46	-1	-1	0	28	0	0	0	-1	29	0	0	34	29	-1	17	-1	21	16	6	0	0	12	-1	0	0	0
c6671	-1	31	-1	46	1	0	0	28	0	0	0	-1	29	0	-1	34	29	-1	-1	-1	21	16	6	0	0	-1	-1	0	0	0
c6696	-1	-1	0	46	-1	-1	0	-1	0	0	0	-1	29	-1	0	34	0	-1	17	20	0	0	-1	0	0	12	45	0	0	31
c6722	0	0	-1	3	1	46	-1	0	0	30	3	0	0	0	0	34	0	0	0	-1	0	0	-1	-1	0	0	-1	-1	0	0
c6734	0	0	0	3	1	46	-1	19	0	0	3	0	0	0	0	-1	12	0	0	0	-1	-1	6	9	0	-1	-1	-1	0	0
c6738	30	0	0	-1	1	14	-1	-1	-1	0	31	0	0	20	0	34	0	0	-1	0	0	0	6	9	11	6	6	-1	0	31
c6788	17	-1	-1	46	1	0	-1	28	42	0	0	-1	29	0	0	-1	0	-1	17	0	-1	0	6	0	-1	12	-1	2	-1	-1
c6880	29	0	0	3	1	14	-1	0	0	0	-1	0	0	20	14	-1	-1	0	-1	0	0	0	6	9	0	0	6	-1	-1	29
c6887	0	0	-1	-1	1	20	-1	13	0	0	0	36	0	0	50	34	0	0	-1	0	-1	0	-1	-1	0	30	40	-1	0	0
c6929	-1	0	0	-1	1	-1	0	-1	0	17	0	29	0	-1	0	34	-1	50	0	0	-1	-1	6	-1	17	12	0	20	7	0
c6965	-1	0	-1	-1	1	46	-1	-1	-1	-1	3	0	0	0	0	34	0	0	0	8	-1	0	6	-1	0	0	-1	-1	0	0
c6986	17	29	0	46	1	20	-1	0	-1	-1	42	-1	-1	-1	0	34	0	50	0	-1	0	29	6	-1	-1	12	37	0	-1	0
c6995	0	0	31	3	1	14	-1	0	0	0	0	0	0	20	-1	34	-1	37	-1	20	0	-1	6	9	-1	31	6	-1	-1	-1
c7001	-1	-1	0	3	-1	14	-1	20	0	0	-1	0	0	-1	-1	34	0	-1	-1	20	0	0	6	9	0	0	6	-1	0	0
c7009	17	31	0	46	1	0	-1	28	0	-1	-1	0	-1	0	0	34	19	-1	-1	42	0	0	6	31	0	12	45	0	-1	-1
c7021	17	0	0	46	1	0	-1	0	0	-1	10	0	29	0	0	34	-1	0	45	0	-1	0	6	0	0	12	-1	29	42	20
c7039	17	31	0	46	1	0	0	28	31	0	0	-1	29	0	0	-1	7	-1	17	0	0	-1	6	0	0	-1	45	0	0	0
c7045	0	0	30	3	1	-1	-1	0	0	0	0	-1	0	20	7	-1	31	0	-1	20	0	0	6	9	0	0	6	-1	0	0
c7096	17	0	0	46	1	31	0	-1	36	-1	0	29	0	0	0	34	-1	50	0	0	0	-1	6	0	0	-1	0	20	-1	-1
c7106	17	0	0	-1	1	-1	0	-1	33	17	-1	29	0	17	-1	34	0	50	-1	0	1	12	6	-1	-1	12	14	17	0	0
c7146	17	20	0	-1	-1	0	-1	0	34	0	10	0	-1	0	0	34	-1	0	45	42	0	0	6	7	29	12	-1	29	-1	31
c7150	17	43	0	-1	1	0	-1	0	0	0	-1	29	0	0	0	-1	0	50	0	0	46	0	6	-1	0	12	37	-1	0	-1
c7151	-1	43	0	46	1	0	0	0	0	0	-1	29	0	-1	-1	34	0	50	0	0	46	0	6	-1	45	12	37	0	0	-1
c7158	-1	0	0	46	1	-1	0	-1	0	17	0	29	0	0	0	34	-1	50	0	0	0	0	6	0	0	12	0	20	-1	0
c7172	-1	0	41	-1	1	46	-1	0	0	0	3	0	0	-1	0	-1	0	0	0	0	0	7	6	-1	44	0	40	-1	0	0
c7185	17	31	29	46	-1	0	-1	-1	31	-1	0	0	29	0	-1	34	17	-1	17	0	0	0	6	0	0	12	45	17	0	0
c7191	17	31	0	46	1	0	-1	-1	0	0	-1	-1	29	37	0	34	0	-1	17	34	0	0	6	0	-1	12	45	0	0	-1
c7198	17	31	11	46	1	0	15	28	0	0	17	-1	29	-1	0	34	0	-1	17	-1	17	0	-1	-1	0	12	-1	0	0	0
c7220	17	29	0	46	1	0	-1	20	0	0	-1	29	0	0	17	-1	-1	50	0	0	0	29	6	0	0	12	37	-1	-1	-1
c7233	0	0	0	3	1	14	-1	-1	0	0	17	0	0	20	7	34	0	-1	-1	-1	0	0	6	-1	-1	0	6	-1	0	0
c7245	0	0	0	3	1	14	-1	-1	-1	36	0	0	0	20	7	34	0	-1	-1	-1	1	0	-1	9	46	0	6	-1	20	0
c7247	0	0	-1	3	1	46	-1	0	-1	0	3	0	0	-1	0	34	0	0	0	-1	24	-1	-1	9	0	0	40	-1	0	0
c7279	17	31	-1	46	-1	-1	0	-1	0	0	-1	-1	29	0	28	34	-1	-1	17	20	29	17	6	0	0	12	45	0	0	0
c7281	17	31	0	46	1	13	11	28	24	0	0	-1	29	-1	-1	34	0	-1	-1	0	0	39	6	0	0	12	45	-1	0	-1
c7306	17	7	0	-1	1	0	0	0	0	0	42	29	0	0	0	34	0	50	-1	0	0	-1	6	-1	0	12	37	44	-1	2
c7314	0	30	48	3	-1	14	-1	0	29	0	31	0	0	20	16	-1	50	-1	-1	20	0	0	6	9	-1	20	6	-1	0	17
c7322	17	31	-1	46	1	19	0	28	0	16	0	0	29	17	-1	-1	0	-1	17	0	9	0	6	0	0	12	-1	1	0	-1
c7329	17	0	0	-1	-1	-1	0	-1	0	0	-1	-1	29	-1	-1	34	-1	3	-1	0	-1	-1	6	0	-1	12	-1	0	42	0
c7391	17	31	0	46	1	0	-1	-1	0	-1	-1	0	29	0	0	-1	-1	-1	17	42	-1	0	-1	31	0	12	-1	0	0	0
c7400	17	0	0	46	1	0	0	0	17	0	0	37	-1	0	-1	-1	0	0	0	-1	0	0	-1	0	46	12	-1	0	27	0
c7422	0	-1	0	3	1	14	-1	12	0	0	0	7	0	20	14	34	48	0	-1	0	0	0	6	9	12	0	6	-1	0	0
c7452	0	0	0	-1	1	-1	-1	0	0	-1	0	-1	0	-1	11	-1	-1	0	-1	29	20	0	-1	9	-1	-1	0	-1	0	0
c7472	-1	31	0	46	1	0	11	-1	0	-1	-1	-1	29	-1	0	-1	-1	-1	-1	0	0	-1	6	0	-1	12	45	0	0	0
c7495	17	7	17	46	1	0	-1	-1	-1	0	42	29	0	29	0	-1	0	-1	0	0	41	0	6	0	0	12	37	44	-1	0
c7531	17	0	0	46	-1	0	0	0	0	0	10	29	29	0	-1	34	0	-1	-1	0	0	-1	6	0	0	12	-1	29	42	20
c7544	17	0	-1	-1	-1	9	0	-1	-1	-1	10	-1	29	-1	0	34	0	0	45	42	0	28	6	0	0	12	-1	29	42	31
c7545	17	0	-1	-1	1	9	0	0	-1	-1	10	0	29	-1	0	34	0	-1	45	42	-1	0	6	-1	0	12	-1	29	42	-1
c7555	30	0	0	3	1	14	-1	0	0	0	-1	0	29	-1	-1	34	-1	-1	-1	20	0	0	6	-1	0	0	6	-1	0	0
c7558	17	0	9	-1	1	0	0	-1	-1	-1	0	29	-1	45	0	34	-1	50	0	0	7	0	6	0	0	12	0	-1	0	0
c7566	17	0	0	46	1	-1	29	-1	0	-1	0	29	0	0	0	34	-1	-1	30	0	0	0	6	0	0	12	-1	20	0	0
c7590	17	31	-1	46	-1	0	0	28	42	37	0	-1	-1	0	0	34	0	-1	17	0	0	0	6	0	0	12	45	2	0	0
c7604	17	31	0	46	1	0	16	28	20	-1	46	-1	-1	0	-1	34	29	-1	17	0	0	16	6	0	0	12	45	0	-1	0
c7621	17	-1	0	46	-1	0	0	28	0	0	0	0	29	-1	-1	34	0	-1	17	-1	0	-1	6	31	0	-1	45	0	41	0
c7651	17	31	0	46	1	-1	0	28	0	-1	1	-1	29	0	28	-1	0	-1	17	-1	0	-1	6	-1	0	12	45	20	0	0
c7709	29	0	-1	-1	1	46	-1	0	0	0	-1	0	0	31	0	34	0	46	0	-1	0	0	-1	9	0	0	40	-1	-1	0
c7722	0	0	0	-1	-1	14	-1	-1	0	-1	0	0	0	20	7	34	0	42	-1	20	-1	0	-1	9	37	0	-1	-1	0	0
c7726	0	-1	0	3	1	14	-1	0	-1	-1	0	0	0	-1	-1	34	0	0	-1	29	20	0	6	9	0	-1	0	-1	0	0
c7764	-1	31	-1	46	1	0	0	-1	42	0	-1	-1	29	0	9	34	0	-1	17	0	0	0	-1	0	0	12	-1	2	-1	0
c7805	17	31	0	46	1	0	-1	28	0	0	0	0	29	0	0	34	-1	-1	-1	0	9	0	6	0	0	12	-1	1	0	46
c7849	-1	-1	29	-1	1	-1	-1	-1	0	17	0	29	0	0	-1	-1	0	50	0	19	1	0	6	-1	-1	12	14	-1	0	0
c7882	17	31	41	46	1	26	-1	28	0	0	0	0	29	0	0	-1	0	-1	-1	0	0	37	6	0	0	12	45	46	19	0
c7883	17	-1	-1	46	1	-1	-1	28	-1	-1	0	0	29	0	-1	34	0	-1	-1	-1	0	-1	6	0	0	-1	-1	46	19	0
c7926	0	0	0	3	1	14	-1	0	0	0	-1	0	-1	20	7	34	-1	0	-1	20	0	0	6	-1	13	0	6	-1	-1	0
c7948	17	31	0	46	1	7	0	28	0	0	-1	-1	29	0	0	34	10	-1	-1	20	0	-1	-1	20	0	12	45	0	-1	0
c7970	17	31	0	46	1	46	0	-1	-1	-1	37	29	-1	17	0	34	0	-1	0	0	1	12	-1	-1	0	12	14	-1	-1	31
c7985	17	31	0	46	1	20	0	28	-1	0	0	-1	29	0	0	34	0	-1	17	-1	46	0	6	0	0	12	45	0	-1	0
c8074	17	0	0	46	1	0	0	0	0	-1	10	0	29	0	0	-1	0	-1	45	0	0	-1	6	1	0	12	-1	29	42	20
c8078	0	-1	36	3	1	-1	-1	-1	-1	0	0	-1	17	0	0	34	0	31	0	0	6	0	6	9	0	30	-1	-1	-1	0
c8080	17	31	0	46	1	0	11	28	0	0	0	-1	-1	0	-1	34	-1	-1	-1	0	0	0	-1	0	0	12	45	0	0	0
c8096	-1	0	41	-1	1	46	-1	0	0	19	3	0	0	-1	-1	34	20	0	0	0	-1	7	6	-1	0	19	-1	-1	0	0
c8097	31	0	41	-1	1	46	-1	0	0	-1	-1	-1	-1	0	-1	34	-1	-1	0	0	0	7	6	9	0	19	40	-1	0	0
c8176	17	31	0	46	1	0	29	28	0	0	0	-1	-1	0	0	-1	0	-1	-1	20	0	36	6	0	37	12	-1	0	0	0
c8178	17	0	-1	46	-1	0	0	-1	0	17	0	29	0	-1	-1	34	-1	50	0	-1	0	-1	6	0	0	12	0	20	-1	0
c8254	17	-1	0	3	-1	-1	-1	0	0	0	41	0	0	20	0	34	0	0	-1	29	20	-1	6	9	-1	-1	0	-1	0	0
c8273	0	0	20	3	1	-1	-1	-1	0	0	14	0	17	0	-1	34	-1	37	0	30	0	0	-1	9	-1	30	-1	-1	1	0
c8300	17	-1	-1	46	1	19	36	28	-1	0	0	-1	29	-1	2	34	29	-1	-1	-1	0	16	6	0	0	12	45	0	0	0
c8318	31	0	0	3	-1	14	-1	0	0	0	0	0	0	20	7	34	0	-1	-1	20	0	-1	6	9	0	31	6	-1	0	0
c8338	-1	-1	0	3	1	14	-1	12	20	0	-1	0	0	20	14	-1	0	0	-1	36	0	29	6	-1	12	0	6	-1	16	0
c8343	17	31	19	-1	-1	-1	-1	28	0	-1	0	-1	29	46	0	34	0	-1	17	0	0	-1	6	-1	0	12	45	0	-1	-1
c8366	17	0	0	-1	-1	13	-1	0	0	0	10	0	29	0	0	34	0	1	45	42	0	0	6	0	0	12	-1	-1	-1	31
c8441	17	31	-1	46	-1	-1	0	28	0	0	-1	0	29	0	-1	-1	0	-1	17	42	0	0	6	31	0	12	-1	0	-1	0
c8455	-1	0	0	3	1	14	-1	-1	-1	-1	11	0	0	-1	0	34	0	40	-1	29	20	0	6	9	-1	-1	0	-1	0	20
c8470	29	0	-1	3	1	46	-1	0	0	0	3	0	0	0	0	34	0	-1	0	-1	0	0	6	-1	0	0	40	-1	0	0
c8476	17	-1	0	46	-1	3	0	-1	0	17	0	29	0	45	-1	34	-1	-1	0	0	0	6	6	0	-1	12	0	20	0	0
c8481	17	0	0	46	1	42	14	34	29	19	0	37	29	0	0	34	0	0	0	0	0	0	-1	19	0	12	-1	43	0	0
c8539	17	-1	17	-1	1	0	0	0	-1	26	0	0	0	42	0	34	0	-1	0	0	-1	0	6	10	0	12	-1	4	0	0
c8547	17	31	-1	46	1	-1	-1	-1	0	0	0	-1	29	0	-1	34	-1	-1	-1	-1	21	16	6	0	0	12	-1	0	0	41
c8573	0	-1	0	3	1	14	-1	-1	0	0	0	29	0	20	-1	-1	0	0	-1	29	-1	0	6	9	20	-1	0	-1	0	0
c8578	17	31	0	46	1	-1	-1	28	0	0	0	-1	-1	-1	-1	34	30	-1	17	-1	-1	0	-1	-1	0	-1	45	0	0	17
c8599	-1	0	0	46	1	0	0	-1	30	17	0	-1	0	0	-1	34	-1	50	0	-1	0	0	6	0	0	12	-1	20	6	0
c8610	17	31	-1	46	-1	-1	0	28	0	0	0	-1	29	0	28	34	12	-1	-1	20	29	0	6	-1	0	12	45	0	1	0
c8617	-1	29	0	46	1	-1	0	-1	0	0	42	29	-1	0	-1	34	0	-1	0	0	0	29	6	15	-1	12	37	0	0	0
c8634	-1	0	41	-1	-1	46	-1	0	0	0	3	0	0	-1	0	34	-1	0	-1	0	0	7	6	-1	44	-1	40	-1	0	0
c8644	17	-1	29	46	1	0	0	28	31	0	0	0	29	0	0	34	17	-1	-1	0	0	-1	6	0	-1	12	-1	17	0	-1
c8648	-1	0	0	46	1	42	14	-1	29	0	0	37	-1	-1	-1	34	0	0	0	29	-1	-1	-1	0	0	-1	-1	0	-1	-1
c8652	17	-1	17	46	-1	0	-1	0	-1	-1	7	42	0	42	0	34	0	-1	0	0	0	0	6	10	0	12	0	-1	29	0
c8690	17	16	20	46	1	0	0	0	-1	0	0	37	29	0	0	34	0	0	28	0	0	0	-1	0	0	12	0	0	0	27
c8694	-1	-1	0	46	-1	0	0	-1	0	0	0	-1	29	0	13	34	29	-1	-1	-1	0	16	6	0	0	12	45	0	3	31
c8741	29	0	0	3	1	14	-1	0	0	-1	-1	-1	0	20	14	34	-1	0	-1	0	-1	0	6	-1	0	0	6	-1	12	0
c8750	17	29	-1	46	1	-1	0	-1	0	0	-1	29	0	0	0	34	-1	50	0	-1	14	29	6	15	-1	12	37	-1	40	0
c8760	17	0	0	-1	1	0	14	0	29	0	-1	37	-1	0	-1	34	0	17	0	-1	0	0	-1	0	0	-1	0	0	-1	0
c8802	17	0	0	46	1	0	0	0	0	20	10	1	29	0	0	34	0	-1	-1	-1	-1	-1	6	-1	0	-1	-1	29	-1	20
c8807	17	31	19	46	1	0	22	28	0	0	0	-1	-1	0	-1	34	20	-1	17	31	0	-1	6	20	0	12	45	0	-1	0
c8849	17	13	17	-1	1	0	0	0	-1	0	0	12	0	42	0	34	-1	-1	0	0	0	0	6	10	0	12	0	-1	-1	0
c8899	31	0	-1	-1	1	46	-1	0	0	19	-1	0	0	0	-1	-1	20	42	-1	0	0	7	6	9	0	0	40	-1	0	0
c8928	17	31	0	46	-1	0	0	28	43	0	0	-1	29	-1	0	-1	-1	-1	-1	19	20	15	6	0	0	12	-1	0	-1	0
c8968	0	0	41	3	1	14	-1	0	-1	0	0	-1	0	20	11	34	-1	0	-1	29	20	0	-1	-1	0	-1	20	-1	0	20
c9008	17	-1	0	46	1	16	0	28	0	0	0	-1	29	-1	-1	34	0	-1	-1	20	0	0	6	0	0	12	45	0	0	31
c9012	17	-1	0	46	-1	16	-1	-1	0	0	0	-1	29	0	0	-1	0	-1	17	20	0	0	6	0	0	12	45	0	0	-1
c9013	17	-1	0	46	1	16	0	28	0	0	0	-1	29	1	0	-1	0	-1	17	20	0	0	6	-1	0	-1	45	0	0	-1
c9021	17	31	0	46	1	0	3	-1	0	-1	0	-1	29	0	0	34	0	-1	17	-1	42	29	6	0	0	12	45	0	-1	0
c9033	17	31	0	46	-1	0	0	28	0	0	43	0	-1	0	0	34	0	-1	17	42	-1	0	6	31	0	12	45	40	-1	0
c9034	17	-1	0	46	1	0	37	-1	-1	0	0	0	29	0	-1	34	17	-1	17	0	0	0	6	0	29	12	-1	-1	0	0
c9038	0	0	-1	3	1	14	-1	0	0	0	0	0	0	20	0	34	0	0	-1	-1	20	-1	6	9	0	-1	-1	-1	0	-1
c9058	17	0	42	46	1	-1	0	-1	0	1	10	0	29	42	9	-1	0	0	45	-1	-1	0	6	0	-1	-1	-1	-1	-1	-1
c9059	17	0	0	46	1	0	0	0	0	1	10	0	29	42	9	34	0	0	45	42	0	0	6	0	-1	12	-1	29	-1	31
c9063	0	-1	0	3	1	14	-1	0	0	0	0	0	0	20	0	34	0	0	-1	29	20	0	6	9	0	-1	0	-1	-1	0
c9097	17	0	0	46	1	-1	7	17	-1	0	28	0	29	0	-1	34	0	3	0	-1	0	-1	6	0	0	12	-1	0	42	0
c9105	17	31	0	46	1	0	11	-1	0	0	-1	-1	29	-1	0	34	0	-1	-1	0	-1	0	6	0	0	-1	45	0	0	0
c9110	0	-1	0	3	1	14	-1	12	0	0	0	0	0	20	14	34	0	0	-1	-1	16	-1	6	9	-1	0	6	-1	0	0
c9111	0	-1	0	-1	1	14	-1	12	0	0	0	0	0	20	14	-1	0	0	-1	36	-1	-1	6	9	12	0	6	-1	0	0
c9129	0	45	0	3	1	14	-1	-1	-1	0	0	-1	-1	20	0	34	0	17	-1	0	0	0	6	-1	11	6	6	-1	0	-1
c9155	0	0	-1	3	1	14	-1	0	20	11	-1	0	0	20	0	34	-1	21	-1	-1	13	-1	6	9	-1	0	0	-1	-1	0
c9159	17	31	0	-1	1	7	0	-1	31	0	0	-1	29	-1	0	34	0	-1	17	20	-1	0	6	20	0	12	45	-1	0	3
c9175	17	31	0	46	1	-1	3	28	-1	-1	-1	-1	-1	0	-1	34	0	-1	17	0	0	-1	6	0	-1	12	45	0	40	1
c9186	-1	0	13	3	-1	14	-1	0	0	0	0	0	0	20	0	34	0	-1	-1	-1	0	0	6	9	0	-1	-1	-1	-1	0
c9198	17	31	0	-1	1	-1	0	28	-1	0	46	31	29	0	0	34	0	-1	17	-1	0	37	6	0	-1	12	45	0	19	0
c9226	17	31	24	46	1	-1	0	-1	0	0	0	-1	29	-1	-1	34	0	-1	17	20	26	0	6	0	17	12	-1	0	0	0
c9232	0	0	-1	-1	1	-1	-1	0	0	0	-1	40	13	20	0	34	36	-1	-1	20	-1	-1	-1	9	-1	0	6	-1	0	0
c9262	17	31	0	46	1	0	0	28	20	0	0	-1	29	0	0	34	0	-1	17	20	0	-1	-1	0	6	12	45	-1	0	31
c9285	0	0	-1	3	1	46	-1	0	-1	0	3	0	0	0	0	34	0	-1	0	-1	0	-1	6	9	0	0	40	-1	0	0
c9295	0	-1	0	-1	1	46	-1	-1	0	0	3	0	17	-1	-1	34	0	0	0	12	0	0	6	9	0	0	40	-1	0	0
c9297	17	31	0	46	-1	0	-1	28	14	-1	0	-1	29	0	0	34	0	-1	17	0	-1	0	6	36	0	12	45	0	-1	0
c9311	17	-1	0	46	1	0	-1	28	31	22	0	0	29	0	29	34	0	-1	17	0	0	0	6	0	0	12	45	0	0	-1
c9313	17	-1	-1	46	1	0	22	28	-1	-1	0	-1	29	0	0	-1	-1	-1	17	0	0	-1	6	20	0	-1	45	0	-1	0
c9324	-1	31	19	46	1	0	22	-1	0	-1	-1	-1	29	8	0	-1	-1	-1	17	31	0	0	6	-1	0	12	45	0	-1	-1
c9325	17	31	19	-1	1	-1	22	28	0	0	0	-1	29	0	0	34	20	-1	17	-1	0	0	6	20	-1	-1	45	-1	-1	0
c9375	17	31	31	46	1	-1	3	-1	-1	-1	34	31	29	37	26	34	0	-1	17	0	-1	17	6	0	10	12	45	28	-1	0
c9388	17	31	0	46	-1	0	0	28	0	20	0	-1	29	0	-1	34	0	-1	-1	20	-1	0	6	0	-1	-1	45	0	-1	0
c9420	-1	0	0	3	1	14	-1	0	0	0	17	-1	0	20	7	-1	0	0	-1	20	-1	0	6	-1	0	-1	6	-1	0	0
c9437	0	0	9	3	1	-1	-1	-1	0	0	-1	0	-1	20	7	34	0	37	-1	20	0	-1	6	9	0	31	6	-1	0	0
c9446	0	0	0	3	1	14	-1	-1	0	-1	30	0	-1	-1	0	34	-1	0	-1	-1	0	0	6	9	12	-1	-1	-1	0	-1
c9476	17	-1	0	46	1	0	20	28	30	0	-1	-1	29	-1	0	34	0	-1	-1	-1	12	19	6	0	0	12	45	0	6	0
c9480	17	-1	-1	46	1	0	0	20	0	0	-1	29	0	0	17	34	0	50	0	0	0	29	-1	0	0	-1	37	16	0	-1
c9481	-1	-1	-1	46	-1	0	0	20	0	0	42	29	0	0	-1	-1	47	-1	-1	-1	0	29	6	0	0	12	-1	0	0	0
c9496	17	31	0	-1	1	7	1	28	0	0	-1	-1	29	0	0	34	29	-1	17	-1	0	0	6	20	-1	12	-1	0	0	0
c9497	17	31	0	-1	1	7	1	28	-1	0	-1	-1	29	0	0	-1	29	-1	17	20	0	-1	6	-1	0	-1	45	0	0	-1
c9514	17	31	-1	46	1	0	19	28	0	0	1	-1	29	0	28	34	0	-1	-1	20	0	0	6	0	-1	12	-1	16	0	0
c9528	17	31	-1	46	1	-1	0	28	0	0	43	0	29	0	0	-1	0	-1	17	42	0	0	6	-1	0	12	-1	40	29	-1
c9561	17	31	0	46	1	-1	0	28	-1	0	0	-1	29	0	0	34	0	-1	-1	-1	0	0	6	0	0	12	45	0	-1	0
c9569	17	31	0	-1	-1	-1	-1	28	0	0	0	-1	29	0	0	34	30	-1	17	0	17	0	-1	-1	0	12	45	0	0	-1
c9609	17	31	0	-1	1	-1	0	28	0	0	0	-1	-1	-1	-1	34	-1	-1	17	-1	0	0	6	0	0	-1	45	0	0	-1
c9637	42	34	20	-1	1	0	-1	0	0	0	14	12	17	0	-1	34	0	37	20	29	31	0	6	-1	30	30	40	-1	1	0
c9640	17	-1	0	-1	-1	0	0	28	0	0	0	0	-1	36	-1	34	0	-1	17	-1	-1	-1	6	31	0	12	45	0	41	0
c9645	17	29	0	46	1	0	0	1	0	0	42	29	0	0	0	34	0	50	0	0	0	29	-1	15	0	12	37	0	-1	0
c9652	0	0	-1	3	1	20	-1	13	0	0	0	36	0	0	50	-1	0	0	-1	-1	0	0	6	-1	0	30	40	-1	0	-1
c9663	0	0	0	-1	-1	14	-1	0	0	0	-1	0	0	20	0	-1	0	-1	-1	-1	0	0	6	-1	12	0	-1	-1	0	12
c9682	17	-1	0	46	1	0	-1	28	0	-1	-1	0	29	36	-1	34	0	-1	17	-1	0	-1	6	31	0	12	45	0	41	0
c9692	0	45	0	-1	-1	14	-1	0	-1	0	0	0	-1	-1	0	34	0	17	-1	0	0	0	6	9	-1	6	6	-1	0	-1
c9697	17	31	31	46	1	0	3	-1	0	0	0	31	29	37	26	-1	0	-1	17	0	-1	0	6	0	10	12	45	0	0	0
c9698	0	0	0	3	1	46	-1	0	31	0	3	0	0	0	0	-1	0	0	0	-1	-1	0	6	9	0	0	40	-1	0	0
c9706	-1	0	0	46	-1	0	0	0	0	6	10	17	-1	0	1	-1	0	-1	45	42	0	0	6	0	29	12	-1	29	-1	31
c9710	0	0	0	3	1	14	-1	0	0	0	-1	0	-1	-1	0	34	0	40	-1	29	20	0	6	-1	-1	-1	0	-1	29	20
c9730	17	-1	0	-1	1	0	0	28	-1	0	0	-1	29	-1	0	34	-1	-1	17	-1	20	15	6	-1	-1	12	45	6	0	0
c9746	17	31	0	-1	1	0	-1	28	31	19	0	0	29	0	-1	34	-1	-1	-1	29	0	0	6	0	0	12	45	0	0	39
c9763	17	-1	-1	46	1	0	0	36	-1	0	42	29	0	0	37	34	0	-1	0	0	-1	0	6	0	0	12	37	-1	0	0
c9767	-1	45	0	-1	1	14	-1	0	-1	0	-1	0	0	20	0	34	0	0	-1	0	0	-1	6	9	11	6	6	-1	0	0
c9771	17	7	-1	46	-1	0	0	0	-1	0	42	-1	-1	-1	0	-1	0	50	0	0	0	0	6	-1	0	12	37	0	-1	0
c9795	17	0	0	46	-1	46	0	0	0	0	-1	0	29	-1	-1	34	0	0	0	21	0	1	-1	16	46	12	-1	-1	42	0
c9865	0	-1	0	3	1	14	-1	0	0	0	0	0	39	20	-1	34	28	0	-1	29	20	0	6	-1	-1	-1	0	-1	0	31
c9940	17	31	0	46	1	0	0	28	0	0	0	-1	-1	0	-1	34	0	-1	17	-1	0	0	6	-1	0	12	45	0	0	0
c9941	17	31	0	46	1	0	0	28	0	0	0	-1	29	-1	0	34	0	-1	17	-1	0	-1	6	0	0	12	45	0	0	0
c9949	-1	31	0	46	1	-1	-1	-1	0	0	0	0	29	37	0	34	-1	-1	17	34	-1	0	6	0	-1	12	45	0	-1	-1
c9966	17	31	0	46	-1	0	0	28	42	0	0	-1	29	0	-1	34	0	-1	17	0	-1	0	6	0	0	12	45	2	0	0
c9967	17	31	-1	-1	1	-1	0	28	42	0	-1	-1	-1	0	0	34	0	-1	17	0	0	0	6	0	0	12	45	2	0	0
c9970	17	31	0	3	-1	14	-1	0	-1	0	0	0	41	20	9	34	-1	0	-1	0	13	0	-1	9	0	0	3	-1	19	0
c9980	0	-1	20	3	1	0	-1	0	0	0	14	12	17	0	0	-1	0	-1	0	31	0	0	-1	9	20	30	40	-1	1	0
c9987	17	31	0	-1	-1	-1	15	28	0	0	0	-1	29	0	0	-1	0	-1	17	0	17	-1	-1	-1	0	12	45	0	-1	0
c9996	42	-1	20	-1	1	0	-1	0	0	0	-1	12	17	0	0	-1	42	37	-1	29	31	0	6	9	30	30	-1	-1	1	0
c10002	17	-1	0	-1	1	0	0	28	0	-1	-1	-1	29	-1	0	-1	0	-1	17	33	-1	0	6	36	31	12	45	0	0	0
c10004	17	-1	0	46	1	-1	-1	0	0	0	42	29	0	0	0	34	-1	50	0	0	0	29	6	-1	-1	12	37	0	0	-1
c10005	17	29	0	-1	1	20	0	0	0	0	-1	29	0	0	0	34	-1	50	0	-1	0	29	6	-1	41	12	37	-1	0	-1
c10037	27	0	-1	3	-1	46	-1	-1	36	0	-1	11	0	0	24	-1	0	0	-1	-1	0	-1	6	9	0	0	40	-1	-1	0
c10040	24	-1	-1	3	1	14	-1	-1	0	13	0	0	0	20	14	34	0	-1	-1	-1	-1	0	-1	9	12	0	6	-1	-1	0
c10050	0	-1	-1	-1	1	14	-1	0	20	17	0	0	0	-1	0	34	0	42	-1	0	13	0	6	9	0	0	31	-1	-1	29
c10075	17	31	-1	46	1	-1	0	-1	0	0	0	-1	29	0	0	34	29	-1	17	-1	0	16	6	0	0	12	45	0	20	20
c10096	17	-1	0	46	-1	13	-1	0	0	0	10	0	29	0	0	-1	-1	1	-1	-1	0	0	6	0	0	12	-1	29	42	31
c10122	0	-1	0	3	1	14	-1	-1	0	0	0	29	0	20	-1	-1	0	0	-1	-1	0	0	6	9	44	0	-1	-1	0	0
c10152	-1	-1	-1	3	1	46	-1	0	0	0	3	0	7	0	0	34	0	0	15	8	0	0	-1	9	0	43	40	-1	29	0
c10182	17	31	0	46	-1	-1	0	28	0	0	0	-1	29	34	0	34	17	-1	17	19	20	15	6	0	0	12	45	-1	0	0
c10183	17	31	0	46	1	0	0	28	-1	0	0	-1	29	-1	-1	-1	-1	-1	17	19	20	15	-1	0	0	-1	45	0	0	0
c10189	17	29	0	46	1	0	0	-1	-1	0	42	29	-1	0	0	34	-1	50	6	0	0	29	6	15	-1	12	-1	0	-1	0
c10201	0	0	12	3	1	0	-1	0	-1	0	14	0	17	0	0	34	0	37	0	17	0	12	6	9	29	30	-1	-1	1	-1
c10213	42	34	20	3	1	0	-1	0	0	0	14	12	17	0	0	34	0	37	20	29	31	0	6	9	30	30	40	-1	1	0
c10215	17	31	-1	46	1	-1	20	28	0	-1	0	-1	29	-1	0	34	29	-1	17	-1	21	16	6	0	0	12	45	1	0	-1
c10241	17	31	0	46	1	0	0	28	-1	0	0	-1	29	0	0	-1	0	-1	17	0	0	0	-1	-1	0	12	45	1	0	0
c10246	17	0	0	46	1	0	0	36	-1	0	42	-1	0	16	37	34	0	50	0	0	0	-1	6	40	-1	12	37	-1	1	0
c10266	0	29	0	3	1	-1	-1	0	-1	0	0	-1	0	20	0	-1	0	0	-1	-1	0	-1	-1	9	0	0	6	-1	50	0
c10283	0	0	0	3	-1	14	-1	46	0	0	-1	0	0	20	0	34	0	0	-1	-1	0	0	6	9	0	0	6	-1	0	-1
c10290	17	-1	0	46	1	0	-1	28	0	-1	1	-1	-1	0	28	34	0	-1	-1	20	0	0	6	0	0	12	45	0	0	0
c10291	17	31	0	46	1	0	-1	28	0	0	1	-1	29	0	28	34	0	-1	17	20	0	-1	6	0	0	12	45	14	0	0
c10305	0	10	-1	-1	-1	14	-1	0	20	0	0	0	0	20	0	34	0	0	-1	0	13	0	6	9	0	0	31	-1	-1	29
c10350	30	0	20	3	1	14	-1	1	-1	-1	0	0	17	-1	0	34	0	0	-1	-1	0	-1	6	9	11	6	6	-1	-1	-1
c10351	30	0	20	3	1	14	-1	1	-1	0	0	0	17	20	0	34	0	0	-1	0	0	0	-1	9	11	6	6	-1	0	0
c10362	0	0	0	3	1	-1	-1	0	0	-1	0	29	-1	20	11	34	-1	0	-1	29	20	0	-1	9	0	-1	-1	-1	0	0
c10376	0	0	0	3	1	14	-1	0	-1	0	0	0	0	20	-1	34	0	31	-1	20	0	0	6	-1	6	6	-1	-1	50	29
c10390	17	31	-1	46	1	0	0	-1	0	0	1	-1	29	0	28	34	0	-1	17	20	34	-1	6	0	0	12	-1	0	0	0
c10405	17	31	29	46	-1	7	0	28	0	-1	30	-1	29	0	-1	34	-1	-1	17	20	0	0	-1	20	0	12	45	0	0	0
c10409	-1	0	20	3	1	0	-1	0	0	0	36	16	0	0	0	-1	-1	21	0	-1	0	28	6	9	0	42	40	-1	-1	0
c10419	-1	31	0	-1	1	0	0	-1	0	20	0	-1	-1	0	0	34	-1	-1	-1	20	45	0	-1	0	-1	12	45	0	0	41
c10489	0	0	17	3	1	14	-1	-1	0	0	0	-1	-1	-1	33	34	0	-1	-1	20	0	0	6	9	17	0	6	-1	0	0
c10511	17	29	0	46	-1	-1	0	-1	0	0	42	29	0	0	0	-1	0	-1	0	0	0	29	6	-1	0	12	37	41	0	0
c10532	0	-1	0	-1	1	14	-1	0	-1	0	0	-1	0	-1	6	34	0	0	-1	0	-1	-1	6	9	11	-1	6	-1	0	-1
c10548	-1	31	0	46	1	-1	0	28	-1	-1	0	-1	-1	0	0	34	0	-1	17	-1	0	0	-1	0	0	12	45	0	0	0
c10567	0	-1	29	3	1	14	-1	-1	-1	0	0	0	0	20	7	34	-1	0	-1	-1	34	0	-1	-1	0	0	6	-1	0	0
c10572	-1	29	0	46	1	0	-1	0	0	0	-1	-1	0	-1	0	34	0	50	20	-1	0	29	6	0	-1	12	37	0	0	0
c10586	31	0	-1	-1	1	46	-1	0	0	0	3	0	-1	-1	-1	34	40	42	0	20	0	7	6	9	3	0	40	-1	-1	0
c10596	17	31	0	46	1	7	0	28	0	0	0	-1	29	0	0	34	0	-1	17	20	-1	0	6	20	0	12	45	0	0	0
c10608	-1	31	-1	46	1	-1	15	28	0	26	-1	-1	29	0	0	-1	30	-1	-1	0	17	0	-1	-1	0	12	45	0	-1	17
c10634	17	-1	0	-1	1	-1	-1	0	0	-1	10	0	29	0	0	34	0	0	-1	-1	0	0	6	0	0	12	-1	29	42	20
c10641	17	0	0	46	1	0	0	-1	0	17	0	29	0	0	49	-1	-1	-1	0	28	-1	0	6	0	-1	12	15	-1	0	-1
c10647	17	31	11	-1	1	-1	-1	28	-1	-1	0	-1	29	0	0	-1	0	-1	17	0	-1	0	-1	-1	0	12	45	31	22	0
c10663	17	31	0	46	1	0	3	-1	-1	-1	0	-1	29	0	0	34	0	-1	17	37	42	29	6	0	-1	12	45	0	-1	-1
c10676	-1	-1	0	46	1	42	14	-1	-1	0	0	-1	29	0	-1	34	0	0	0	29	0	0	-1	-1	29	12	0	0	-1	0
c10692	0	0	0	3	-1	-1	-1	13	0	0	0	-1	0	-1	50	34	0	0	-1	0	0	0	-1	-1	0	30	40	-1	0	-1
c10706	17	0	0	46	1	0	-1	0	0	0	10	0	29	0	0	-1	0	0	45	0	0	0	6	0	0	12	-1	29	42	20
c10716	-1	0	0	3	-1	14	-1	0	0	-1	0	0	0	20	-1	34	0	37	-1	20	-1	-1	6	9	0	31	-1	-1	0	-1
c10749	17	31	-1	46	1	-1	11	28	0	0	0	-1	-1	30	0	34	0	-1	-1	0	0	0	6	0	0	12	45	0	3	0
c10759	17	31	-1	46	1	0	0	28	31	0	0	-1	29	0	-1	34	0	-1	-1	0	0	0	-1	0	-1	12	45	0	0	0
c10763	-1	0	0	3	1	14	-1	20	0	0	0	1	39	20	0	34	0	13	-1	29	-1	0	6	9	-1	-1	0	-1	0	0
c10776	0	0	0	3	1	14	-1	0	42	7	30	13	0	20	-1	34	-1	-1	-1	-1	-1	0	6	9	12	-1	6	-1	0	42
c10787	-1	31	-1	46	1	0	36	28	0	1	1	-1	29	0	0	34	29	-1	17	0	41	-1	-1	0	0	12	-1	0	0	0
c10789	17	29	0	3	1	14	-1	0	20	-1	-1	0	0	20	10	34	-1	0	-1	0	13	0	6	9	0	0	0	-1	19	0
c10814	29	0	-1	3	1	14	-1	0	0	-1	-1	0	0	20	14	34	-1	0	-1	0	0	0	6	9	-1	-1	6	-1	12	0
c10823	-1	7	0	46	1	0	0	0	0	0	42	29	0	0	0	34	0	50	0	0	0	38	6	-1	19	12	37	50	-1	0
c10836	0	-1	0	-1	1	14	-1	-1	-1	0	0	-1	0	20	0	34	-1	17	-1	0	0	0	6	9	11	6	-1	-1	0	-1
c10863	17	0	0	46	1	-1	0	-1	0	-1	0	29	0	0	0	34	-1	50	0	0	0	0	6	0	31	12	0	20	0	0
c10864	17	0	-1	46	1	42	14	0	29	0	-1	37	29	-1	-1	34	0	0	0	0	29	0	-1	-1	0	12	0	0	0	31
c10874	17	29	0	-1	-1	31	0	0	0	0	-1	29	0	-1	-1	34	-1	50	-1	0	46	0	6	0	0	12	37	-1	-1	0
c10880	17	31	-1	46	1	7	0	28	0	0	0	-1	29	0	0	-1	46	-1	17	20	0	0	6	20	0	12	45	0	-1	0
c10882	17	-1	0	46	1	6	0	0	29	-1	0	37	29	-1	-1	34	0	0	0	0	0	0	-1	0	20	12	-1	0	0	-1
c10885	17	16	-1	-1	-1	0	0	-1	-1	17	0	29	0	-1	0	34	-1	50	0	0	0	0	6	0	0	12	0	-1	0	0
c10891	-1	31	0	46	1	0	0	28	0	-1	46	28	29	-1	0	34	0	-1	17	0	0	37	6	0	0	-1	45	-1	19	0
c10907	-1	31	0	46	1	0	-1	28	26	0	17	-1	-1	0	-1	-1	0	-1	17	20	0	0	6	0	0	-1	45	0	-1	0
c10932	17	31	0	46	1	0	-1	-1	42	0	0	-1	29	-1	0	34	0	-1	17	0	0	-1	6	0	0	12	45	2	0	0
c10933	17	31	-1	46	1	0	0	28	42	0	0	-1	29	0	0	34	-1	-1	-1	-1	0	0	6	0	0	12	45	2	0	-1
c10992	-1	-1	41	-1	-1	46	-1	41	0	19	3	-1	0	0	0	34	20	0	-1	46	0	-1	6	-1	0	0	40	-1	0	0
c10993	31	-1	41	-1	1	46	-1	41	0	19	3	-1	0	0	0	34	20	0	-1	46	0	-1	-1	9	0	0	40	-1	0	0
c10997	0	0	-1	-1	1	14	-1	0	0	0	0	-1	0	20	11	-1	0	0	-1	-1	-1	0	-1	9	0	-1	-1	-1	-1	-1
c11000	-1	0	0	3	1	14	-1	0	-1	0	17	0	0	20	-1	34	17	0	-1	20	0	0	6	9	0	0	6	-1	-1	0
c11004	-1	0	-1	3	1	0	-1	0	29	0	36	-1	-1	0	0	-1	17	0	0	-1	0	28	-1	9	0	42	40	-1	0	0
c11022	17	43	0	46	1	0	0	0	0	0	42	29	0	0	-1	-1	29	-1	0	0	-1	0	6	0	0	12	37	0	0	0
c11046	17	31	-1	-1	1	0	-1	28	0	0	0	-1	29	0	0	34	20	-1	17	31	0	0	6	20	0	12	45	0	-1	-1
c11069	17	0	0	46	-1	0	0	-1	0	-1	0	29	0	0	0	34	-1	50	0	0	41	0	6	7	0	12	0	-1	6	0
c11074	17	31	0	46	1	-1	0	28	0	0	0	-1	29	-1	0	34	0	-1	17	20	-1	-1	6	20	0	12	-1	-1	0	0
c11100	-1	0	-1	3	-1	46	-1	0	0	0	3	0	0	0	0	34	-1	-1	-1	-1	0	0	6	-1	0	0	40	-1	0	31
c11144	0	0	-1	3	1	46	-1	-1	0	0	3	-1	-1	0	0	34	0	-1	0	8	0	-1	6	9	0	0	-1	-1	0	0
c11165	0	0	-1	3	-1	46	-1	0	0	0	3	0	0	0	0	34	0	17	0	8	0	0	6	9	0	43	40	-1	29	0
c11173	0	0	0	3	1	0	-1	0	-1	0	14	0	17	0	0	34	31	37	36	0	0	0	6	-1	-1	30	40	-1	1	0
c11236	17	0	-1	46	-1	-1	0	0	0	0	0	0	29	0	-1	34	-1	0	0	-1	0	0	6	0	-1	12	-1	0	42	-1
c11247	-1	-1	-1	46	1	-1	-1	28	0	0	0	-1	29	0	-1	34	0	-1	17	20	46	0	6	0	0	-1	45	-1	0	-1
c11286	31	0	41	-1	-1	46	-1	0	0	0	3	0	0	0	0	-1	17	42	0	-1	-1	7	6	9	3	0	40	-1	0	0
c11302	19	0	0	3	1	-1	-1	0	0	36	0	0	-1	20	7	-1	0	0	-1	-1	1	6	-1	9	0	0	-1	-1	0	30
c11319	0	0	0	3	1	46	-1	-1	-1	-1	3	0	-1	0	0	34	-1	-1	0	0	-1	22	6	9	0	0	40	-1	0	-1
c11352	-1	20	0	46	-1	0	0	-1	-1	-1	0	29	0	0	0	34	-1	50	0	0	0	-1	-1	0	0	12	0	20	-1	0
c11366	-1	31	24	46	1	9	0	28	0	0	0	-1	29	-1	0	34	0	-1	17	20	0	-1	6	0	-1	12	45	0	14	0
c11385	0	0	-1	3	1	14	-1	0	0	0	0	3	12	20	14	-1	0	0	-1	0	0	0	6	9	12	0	6	-1	0	0
c11390	16	10	-1	-1	1	14	-1	20	20	0	0	0	0	20	-1	34	0	-1	-1	0	13	0	6	9	0	0	31	-1	-1	29
c11399	17	31	46	46	-1	0	0	28	0	0	46	31	29	-1	-1	34	1	-1	17	0	0	37	6	0	0	12	45	0	19	33
c11422	-1	-1	0	46	1	-1	-1	28	26	0	0	-1	-1	-1	0	34	0	-1	17	-1	0	31	-1	-1	-1	-1	45	0	-1	0
c11424	-1	0	0	46	-1	15	-1	0	0	13	10	0	-1	0	0	34	40	31	45	-1	0	0	6	0	-1	12	-1	29	42	31
c11466	0	0	42	3	1	14	-1	0	0	0	-1	0	0	20	7	34	0	-1	-1	20	0	-1	6	9	0	0	-1	-1	-1	0
c11467	-1	0	42	3	-1	-1	-1	0	0	0	17	0	0	20	7	34	0	0	-1	20	0	-1	6	9	0	0	6	-1	0	0
c11485	17	31	0	-1	1	0	0	-1	26	2	0	-1	29	0	-1	34	0	-1	-1	20	0	20	-1	0	0	-1	45	0	0	42
c11552	-1	31	0	-1	1	0	0	28	-1	0	0	-1	29	0	13	34	29	-1	17	0	0	-1	6	-1	0	12	45	0	3	-1
c11560	29	0	0	3	1	-1	-1	-1	0	0	22	0	0	20	14	34	0	18	-1	0	0	0	6	9	0	-1	6	-1	0	-1
c11595	17	0	0	46	1	-1	-1	0	-1	0	0	0	29	0	0	34	-1	0	0	21	0	-1	6	-1	46	12	-1	0	42	0
c11607	17	0	0	-1	-1	0	-1	-1	29	0	-1	37	29	0	0	34	-1	17	-1	12	0	0	-1	29	0	12	0	0	29	0
c11615	17	31	0	46	1	7	0	28	0	0	0	-1	29	-1	0	34	-1	-1	-1	20	0	0	6	20	0	12	45	0	-1	22
c11622	17	31	0	46	-1	0	0	28	0	-1	17	-1	29	0	0	34	0	-1	17	21	-1	0	6	36	0	12	-1	0	0	0
c11625	0	0	0	3	1	14	-1	0	0	0	0	0	0	-1	0	34	0	0	-1	29	20	0	6	9	-1	-1	-1	-1	0	-1
c11639	17	-1	0	46	1	0	0	-1	-1	-1	0	-1	29	34	-1	34	17	-1	17	19	20	15	6	0	0	-1	-1	0	-1	0
c11648	17	0	0	46	1	0	42	-1	0	-1	-1	0	29	0	0	34	-1	-1	45	0	-1	-1	6	0	0	12	-1	29	42	-1
c11652	0	0	36	3	1	-1	-1	17	28	0	0	-1	0	45	-1	34	0	29	0	0	6	0	6	9	-1	30	-1	-1	0	0
c11656	0	0	-1	3	1	14	-1	9	-1	0	31	13	0	20	-1	34	7	0	-1	20	0	-1	6	9	-1	-1	6	-1	-1	-1
c11686	17	31	0	46	1	7	-1	28	-1	0	31	-1	29	0	26	34	0	-1	17	20	0	36	6	0	0	12	45	0	0	-1
c11691	0	-1	-1	-1	-1	14	-1	0	12	-1	-1	0	0	20	7	34	0	7	-1	20	0	12	6	9	-1	0	6	-1	0	6
c11702	0	-1	0	3	-1	46	-1	0	31	0	3	-1	0	0	0	34	0	0	-1	0	7	0	-1	9	0	0	40	-1	0	0
c11708	17	29	0	46	1	-1	42	0	0	0	42	29	0	-1	0	34	0	50	0	0	0	29	6	-1	0	12	37	-1	0	0
c11719	50	-1	-1	3	1	-1	-1	0	0	0	0	0	-1	20	0	34	-1	0	-1	29	20	0	-1	9	-1	-1	0	-1	0	0
c11728	17	0	0	46	1	42	-1	0	29	-1	0	37	29	0	-1	34	0	0	0	29	1	0	-1	0	0	12	0	0	0	0
c11753	17	31	0	46	1	0	-1	28	-1	0	-1	-1	29	0	28	-1	0	-1	17	20	0	0	-1	-1	0	-1	45	0	0	0
c11768	-1	0	17	3	1	14	-1	0	0	0	-1	0	31	20	0	34	-1	0	-1	-1	0	0	-1	-1	12	-1	6	-1	0	-1
c11772	17	31	24	46	-1	20	0	28	0	0	0	-1	29	0	-1	34	0	-1	-1	20	46	1	6	0	0	12	45	0	0	31
c11780	0	-1	-1	3	-1	14	-1	0	0	-1	30	-1	0	-1	0	-1	0	0	-1	0	0	0	-1	9	12	-1	6	-1	4	0
c11786	0	0	-1	3	1	-1	-1	-1	-1	0	0	0	0	20	-1	-1	0	0	-1	-1	0	-1	-1	9	11	6	6	-1	0	-1
c11796	17	31	-1	-1	1	0	-1	28	0	0	0	0	29	0	0	34	0	-1	17	42	0	0	6	31	0	12	45	0	-1	0
c11817	-1	0	0	3	1	14	-1	0	0	0	-1	-1	0	20	0	34	-1	0	-1	20	0	0	-1	9	0	0	-1	-1	0	0
c11849	17	29	0	46	1	0	13	-1	0	0	42	29	0	39	0	-1	0	-1	0	0	0	-1	6	-1	0	12	37	0	0	14
c11864	0	0	0	3	1	14	-1	0	0	0	16	0	0	20	7	-1	0	0	-1	20	0	0	6	9	0	0	6	-1	0	33
c11882	0	0	-1	3	-1	-1	-1	-1	1	-1	14	-1	17	0	0	34	0	37	0	0	0	0	6	9	0	-1	-1	-1	1	0
c11913	-1	0	0	46	-1	0	0	0	-1	-1	10	0	-1	0	0	34	0	-1	45	0	0	31	6	1	0	12	-1	29	-1	20
c11931	17	-1	0	46	1	-1	0	28	0	0	0	-1	29	-1	28	34	0	-1	17	20	29	0	6	0	0	12	45	0	0	0
c11963	17	0	17	46	1	-1	12	0	-1	3	0	0	0	0	0	-1	0	-1	-1	0	0	0	6	-1	0	-1	0	29	13	0
c11968	0	0	0	3	-1	0	-1	0	0	0	0	-1	0	-1	19	34	17	17	-1	0	-1	28	6	9	0	42	40	-1	41	0
c11969	0	0	0	3	1	-1	-1	0	0	0	0	-1	0	-1	19	34	17	17	-1	0	-1	28	6	9	0	-1	40	-1	41	0
c11972	-1	0	0	-1	1	0	24	-1	0	17	0	29	-1	-1	0	34	-1	50	0	0	0	0	6	0	0	12	0	-1	0	0
c11973	-1	0	-1	46	1	0	24	-1	0	17	0	29	-1	-1	0	34	-1	50	0	0	-1	0	6	0	0	12	-1	20	0	0
c11988	17	-1	0	-1	1	0	0	-1	-1	0	10	3	29	-1	-1	34	0	17	45	42	0	0	6	0	0	12	-1	29	42	-1
c12013	17	31	0	3	1	14	-1	0	20	0	0	-1	0	20	0	34	0	-1	-1	0	13	0	6	9	22	0	13	-1	19	0
c12025	17	-1	46	46	-1	0	0	-1	0	46	10	-1	-1	-1	0	34	0	0	45	0	0	0	6	0	0	12	-1	-1	-1	-1
c12037	0	50	0	3	1	46	-1	0	0	31	-1	0	30	-1	0	34	29	0	0	0	0	0	6	-1	0	0	-1	-1	0	18
c12085	17	0	0	46	1	36	0	-1	41	17	0	29	0	0	20	34	-1	-1	0	0	0	-1	6	-1	0	-1	0	20	0	31
c12105	17	31	0	46	-1	0	0	28	31	11	-1	0	29	0	0	34	-1	-1	17	42	0	0	6	31	0	12	45	-1	0	0
c12108	17	31	0	46	1	-1	0	28	0	0	-1	-1	-1	-1	0	34	0	-1	17	20	0	-1	6	20	0	12	45	0	0	0
c12112	17	31	0	46	1	0	0	28	0	20	0	-1	29	0	0	-1	-1	-1	17	20	0	30	-1	0	0	12	45	0	0	29
c12164	-1	31	0	46	1	0	0	28	41	0	0	-1	29	34	0	34	0	-1	17	19	20	-1	6	0	0	12	45	-1	17	0
c12165	17	31	0	46	-1	0	0	28	-1	46	0	-1	29	34	0	34	0	-1	17	19	20	15	6	0	0	12	45	-1	17	-1
c12168	-1	31	0	-1	1	0	-1	28	-1	0	0	-1	29	-1	0	34	0	-1	17	20	0	-1	6	0	0	12	-1	0	0	0
c12170	-1	31	-1	46	1	0	-1	-1	0	31	0	-1	-1	0	0	34	0	-1	17	16	-1	0	-1	0	0	12	45	-1	0	-1
c12182	17	-1	0	46	1	0	16	-1	20	0	46	-1	-1	0	-1	34	29	-1	-1	-1	0	-1	6	0	0	12	45	-1	0	0
c12187	0	0	0	3	1	46	-1	46	0	-1	3	0	-1	29	0	34	0	0	46	0	0	-1	6	9	42	0	40	-1	0	12
c12196	17	31	0	46	-1	0	0	28	14	17	-1	-1	29	0	0	34	0	-1	17	0	-1	0	6	36	-1	12	45	0	0	-1
c12197	17	31	0	46	-1	-1	0	-1	14	17	0	-1	29	0	0	34	0	-1	17	-1	-1	-1	6	36	0	12	45	0	0	-1
c12225	17	29	0	-1	1	0	0	-1	0	0	42	29	31	0	0	34	0	50	0	0	-1	29	-1	0	0	12	37	-1	0	0
c12252	0	0	0	3	1	-1	-1	-1	0	0	36	16	0	11	0	34	17	-1	0	-1	0	28	-1	9	0	42	40	-1	0	0
c12269	-1	0	0	46	-1	13	-1	-1	0	0	10	0	29	0	0	34	0	1	45	42	0	0	6	0	-1	-1	-1	29	42	31
c12286	0	-1	-1	3	-1	0	-1	0	0	0	14	-1	17	0	0	-1	20	37	-1	2	0	-1	-1	9	0	-1	40	-1	1	0
c12304	0	0	0	3	1	-1	-1	0	0	0	0	-1	0	0	0	34	-1	0	0	0	0	0	6	9	31	30	40	-1	0	29
c12322	0	-1	0	3	1	14	-1	0	-1	0	-1	0	0	20	0	34	0	-1	-1	20	0	0	6	9	0	20	6	-1	9	0
c12326	0	0	-1	3	1	14	-1	0	20	0	0	-1	0	20	0	34	0	0	-1	-1	13	0	6	9	0	-1	-1	-1	0	0
c12334	17	31	0	46	1	7	0	28	0	0	-1	-1	29	-1	0	34	0	-1	17	20	0	31	6	20	-1	12	45	0	0	0
c12338	17	31	0	46	1	0	11	28	0	0	0	-1	-1	0	0	-1	-1	-1	-1	0	0	0	6	0	0	-1	45	-1	46	-1
c12346	40	0	0	3	1	0	-1	-1	0	0	-1	20	0	0	0	-1	20	37	0	44	0	0	-1	-1	0	30	40	-1	0	41
c12369	17	31	0	46	-1	0	0	28	-1	0	0	0	29	-1	0	-1	0	-1	17	-1	0	0	6	0	0	12	45	1	0	3
c12379	17	31	0	46	1	0	0	28	0	0	1	-1	29	0	28	34	0	-1	17	20	19	-1	6	0	0	-1	45	12	12	0
c12384	0	0	17	3	1	14	-1	0	0	0	0	29	2	-1	0	34	0	0	-1	20	25	0	6	9	37	0	-1	-1	0	0
c12412	17	31	13	46	1	-1	0	28	0	0	0	-1	29	34	0	34	0	-1	17	19	20	15	6	0	0	12	45	0	0	-1
c12416	17	0	0	46	1	0	0	-1	0	17	-1	-1	0	37	-1	34	-1	50	-1	0	0	-1	6	-1	0	12	31	20	0	0
c12421	17	31	0	-1	1	0	0	28	-1	24	0	-1	29	0	-1	34	0	-1	17	20	0	0	6	0	0	12	45	0	-1	0
c12443	0	0	-1	3	1	0	-1	0	0	-1	0	-1	0	-1	0	34	-1	0	0	-1	0	0	6	9	-1	30	40	-1	0	0
c12452	17	31	19	46	1	0	22	28	0	0	0	-1	29	-1	0	34	20	-1	17	0	0	0	6	20	-1	12	-1	-1	-1	0
c12453	17	31	-1	46	1	0	22	28	0	0	0	-1	29	-1	0	34	20	-1	17	-1	0	0	6	-1	17	12	45	0	-1	-1
c12486	-1	29	-1	46	1	-1	0	0	-1	-1	42	29	12	31	0	34	-1	50	20	40	0	29	6	0	-1	12	-1	0	0	0
c12491	0	0	20	3	1	-1	-1	0	0	0	-1	0	17	-1	-1	34	0	37	0	0	12	0	6	9	0	30	40	-1	1	0
c12505	17	31	13	46	1	0	0	28	0	-1	0	-1	-1	0	0	34	0	-1	-1	16	0	-1	6	0	0	12	45	-1	0	0
c12506	17	0	43	46	-1	0	-1	0	0	-1	10	28	29	0	-1	34	-1	-1	45	42	0	-1	6	0	0	12	-1	29	42	31
c12508	-1	-1	0	-1	1	14	-1	0	0	0	13	0	0	20	-1	34	0	0	-1	29	-1	-1	6	-1	0	-1	0	-1	0	-1
c12550	17	29	0	46	-1	0	0	0	0	0	-1	29	0	0	29	34	-1	-1	0	0	0	-1	6	0	0	12	37	22	0	14
c12558	31	0	41	-1	-1	46	-1	0	0	19	3	0	0	0	0	-1	20	0	0	0	-1	-1	6	9	-1	19	40	-1	-1	0
c12562	17	31	0	46	1	-1	0	28	0	0	0	-1	29	0	0	34	-1	-1	17	0	0	37	-1	0	0	-1	45	0	19	-1
c12574	29	0	-1	3	1	-1	-1	0	31	0	-1	-1	0	20	-1	34	-1	0	-1	0	-1	-1	6	9	0	0	6	-1	12	-1
c12577	0	0	0	3	1	14	-1	0	0	-1	30	13	0	20	0	34	0	42	-1	7	0	0	-1	9	12	-1	6	-1	0	42
c12578	-1	31	0	46	-1	0	11	-1	0	0	0	-1	29	0	0	34	0	-1	-1	0	0	-1	6	0	-1	12	45	0	0	0
c12579	17	31	0	46	1	0	11	28	-1	0	0	-1	-1	-1	0	34	0	-1	-1	0	-1	0	6	0	0	12	45	0	0	-1
c12582	0	0	-1	3	-1	14	-1	20	0	29	0	0	0	20	-1	34	0	0	-1	20	0	0	6	9	-1	0	-1	-1	0	0
c12587	17	31	0	-1	1	0	-1	28	0	0	1	-1	29	-1	28	34	0	-1	17	20	0	-1	-1	0	0	12	45	-1	0	-1
c12595	17	0	0	46	1	0	0	-1	0	-1	0	29	0	0	0	34	-1	50	-1	0	0	-1	6	0	0	12	-1	20	36	0
c12596	0	0	0	3	1	14	-1	0	20	-1	29	0	0	20	0	34	0	0	-1	-1	17	0	6	9	-1	0	0	-1	19	20
c12643	17	31	29	46	-1	-1	0	28	0	0	30	-1	29	-1	-1	34	0	-1	17	20	-1	0	6	20	0	12	45	0	0	0
c12645	0	-1	-1	3	1	14	-1	0	-1	-1	0	0	0	20	0	34	-1	17	-1	0	-1	0	6	9	11	-1	6	-1	0	-1
c12648	17	31	19	-1	1	0	22	28	0	0	0	-1	-1	0	0	34	-1	-1	17	31	0	0	6	20	42	12	-1	0	-1	0
c12649	17	31	19	46	1	-1	22	28	-1	0	0	-1	29	0	0	34	20	-1	17	31	0	0	6	20	0	-1	-1	0	-1	0
c12650	-1	31	19	46	1	0	22	28	9	0	0	-1	29	0	0	34	20	-1	17	-1	0	13	6	20	0	-1	45	0	-1	37
c12651	17	31	19	-1	1	46	-1	28	-1	0	0	-1	29	0	0	34	20	-1	17	0	-1	0	6	20	0	12	45	0	-1	37
c12692	17	31	-1	46	1	-1	0	28	0	0	0	-1	29	-1	28	-1	0	-1	-1	-1	-1	0	6	0	0	12	45	0	0	0
c12701	17	31	0	46	1	0	0	28	0	20	-1	-1	-1	0	0	34	0	-1	-1	20	0	-1	6	-1	-1	12	45	0	-1	0
c12708	17	31	0	46	1	0	0	28	0	0	-1	-1	29	0	0	-1	-1	-1	17	-1	0	-1	6	0	-1	12	-1	0	-1	0
c12726	17	31	0	46	1	0	0	28	-1	-1	0	-1	-1	0	-1	34	-1	-1	-1	0	0	0	6	0	0	-1	45	0	0	0
c12727	17	31	0	-1	1	-1	0	28	0	31	0	-1	29	0	-1	34	0	-1	-1	0	0	0	6	0	0	12	45	0	0	0
c12743	-1	31	-1	-1	1	-1	0	28	-1	0	0	0	29	-1	-1	34	0	-1	-1	42	0	0	6	31	0	12	45	0	-1	0
c12775	17	29	0	46	1	20	0	0	0	-1	42	29	0	-1	0	-1	0	50	-1	0	0	29	6	-1	0	12	-1	-1	-1	0
c12798	-1	0	-1	3	1	-1	-1	0	0	0	3	0	0	0	0	34	-1	-1	0	8	0	0	6	9	0	0	-1	-1	0	0
c12805	17	29	-1	46	1	0	0	20	12	0	-1	29	0	0	17	34	0	50	-1	-1	0	-1	-1	0	0	12	37	0	0	0
c12808	6	-1	0	3	1	14	-1	-1	-1	0	0	13	0	20	14	34	0	0	-1	36	-1	-1	6	9	12	-1	6	-1	0	0
c12810	17	-1	0	46	1	0	11	28	0	-1	0	-1	29	0	0	34	0	-1	-1	0	0	0	6	0	-1	12	45	0	42	0
c12811	17	31	-1	46	1	0	11	28	0	-1	0	-1	29	0	0	-1	0	-1	-1	0	0	0	-1	0	-1	12	45	0	42	0
c12814	0	0	0	3	-1	14	-1	0	0	0	11	-1	12	20	0	34	42	0	-1	29	20	0	6	-1	0	-1	0	-1	0	0
c12850	17	31	0	46	1	0	-1	28	0	0	0	-1	29	0	0	-1	0	-1	-1	-1	0	0	-1	0	0	12	45	-1	46	0
c12851	17	31	0	46	1	0	11	-1	0	0	0	-1	29	0	0	-1	0	-1	17	0	0	0	6	36	0	12	45	46	46	10
c12868	0	0	0	3	1	14	-1	0	0	-1	-1	0	0	20	-1	34	0	0	-1	29	20	29	6	-1	0	-1	0	-1	11	-1
c12875	0	0	36	3	1	-1	-1	0	28	17	-1	-1	0	50	-1	34	0	41	26	0	0	0	6	9	31	30	40	-1	0	0
c12883	17	0	0	46	1	0	24	-1	0	17	-1	29	0	0	0	34	-1	50	0	0	0	-1	6	0	0	12	0	-1	0	0
c12914	17	31	-1	46	1	0	0	28	0	0	0	-1	29	42	0	34	29	-1	17	-1	21	16	6	0	0	12	45	1	-1	41
c12917	-1	0	0	3	1	46	-1	-1	0	0	3	-1	0	29	0	34	1	0	0	0	0	-1	6	-1	0	0	-1	-1	12	-1
c12921	27	31	0	-1	1	46	-1	-1	-1	0	3	11	34	0	24	34	0	0	0	-1	-1	0	6	-1	0	-1	40	-1	0	0
c12925	-1	31	0	46	1	-1	0	28	0	0	0	0	-1	0	-1	34	-1	-1	17	29	0	37	6	0	20	12	45	-1	19	-1
c12930	17	31	-1	46	-1	0	0	28	0	-1	0	-1	29	0	0	34	29	-1	-1	-1	21	16	6	0	0	12	-1	-1	0	41
c12943	17	29	-1	46	-1	0	0	36	-1	0	42	29	0	1	0	34	19	50	0	0	0	29	6	-1	0	12	37	-1	-1	-1
c12958	-1	31	0	46	-1	0	-1	28	0	-1	0	-1	29	0	13	34	29	-1	17	0	-1	-1	6	0	0	12	45	0	-1	31
c12970	0	0	0	3	1	0	-1	0	0	0	-1	16	0	0	0	34	17	0	0	0	-1	28	6	9	0	42	40	-1	0	0
c12981	17	31	0	46	1	0	-1	28	12	0	-1	-1	29	-1	0	34	-1	-1	17	0	0	0	6	0	0	12	-1	0	40	0
c13012	31	0	41	-1	1	46	-1	0	0	31	3	0	-1	-1	0	34	-1	-1	0	20	0	7	6	-1	44	0	40	-1	-1	0
c13031	0	0	0	3	1	14	-1	0	20	0	11	0	0	20	0	34	17	0	-1	29	20	0	6	9	-1	-1	0	-1	0	0
c13084	0	-1	0	3	1	46	-1	-1	-1	0	3	0	-1	0	0	34	0	0	-1	12	0	0	6	9	0	-1	-1	-1	0	0
c13088	17	0	-1	3	1	14	-1	-1	20	0	0	0	0	20	-1	34	29	-1	-1	-1	13	0	-1	9	0	-1	0	-1	0	0
c13120	-1	0	17	3	1	14	-1	0	-1	-1	30	0	31	20	0	34	0	0	-1	0	0	0	-1	9	-1	0	6	-1	0	-1
c13132	17	0	0	46	-1	0	0	0	0	-1	-1	0	29	0	0	34	0	31	45	42	0	48	6	0	0	12	-1	29	42	31
c13133	17	-1	-1	46	-1	0	0	0	0	0	10	0	29	0	0	34	-1	31	45	-1	0	48	6	0	0	-1	-1	29	42	-1
c13134	17	31	-1	46	-1	0	0	28	0	49	19	0	-1	0	0	34	0	-1	17	42	0	-1	-1	31	0	12	-1	0	29	31
c13138	29	0	0	3	1	14	-1	0	0	0	0	0	0	20	14	34	20	0	-1	0	0	46	6	9	0	0	6	-1	0	0
c13149	17	31	0	-1	1	0	-1	-1	26	0	0	-1	-1	-1	44	-1	0	-1	17	-1	0	0	6	0	0	-1	45	0	0	0
c13168	17	-1	-1	46	1	-1	28	-1	0	0	31	-1	29	0	0	34	-1	-1	17	20	-1	36	6	0	0	12	45	0	-1	0
c13169	17	-1	-1	46	1	7	28	-1	0	-1	31	-1	29	-1	0	34	0	-1	17	20	0	36	6	0	-1	12	45	0	0	0
c13176	-1	0	0	46	1	-1	0	-1	29	17	-1	37	29	12	0	-1	-1	0	0	-1	0	-1	-1	29	46	12	0	-1	40	0
c13196	0	0	0	3	1	-1	-1	-1	0	0	-1	0	0	20	-1	-1	0	-1	-1	20	-1	-1	6	9	0	-1	6	-1	0	0
c13203	17	29	-1	-1	1	0	0	41	-1	0	42	29	0	0	0	-1	-1	-1	0	0	0	29	6	0	0	12	-1	-1	50	14
c13210	17	31	0	46	1	0	0	28	0	-1	0	-1	29	0	13	34	29	-1	-1	0	0	16	6	-1	-1	12	45	0	3	31
c13216	-1	34	-1	3	-1	0	-1	0	0	-1	14	12	17	0	-1	-1	0	-1	0	0	31	0	-1	-1	0	-1	40	-1	1	0
c13218	0	-1	9	3	-1	-1	-1	0	-1	0	0	0	0	20	0	34	0	0	-1	0	-1	0	6	-1	-1	6	6	-1	0	0
c13219	0	0	9	3	1	14	-1	0	-1	0	0	0	-1	20	-1	34	-1	0	-1	-1	0	0	6	9	-1	6	6	-1	0	0
c13234	0	1	13	-1	1	14	-1	0	0	0	0	50	-1	20	0	34	-1	0	-1	-1	-1	21	6	9	0	-1	0	-1	0	29
c13243	17	-1	0	46	1	0	0	-1	42	17	0	29	0	0	-1	34	-1	50	0	0	0	0	-1	0	0	12	0	20	0	28
c13251	0	0	-1	3	1	-1	-1	0	28	-1	0	-1	0	-1	0	34	0	41	0	0	0	0	-1	-1	31	30	40	-1	0	0
c13254	-1	-1	0	3	1	14	-1	0	0	0	0	29	0	-1	11	34	-1	0	-1	29	-1	0	6	9	1	-1	0	-1	0	0
c13255	0	0	0	-1	1	14	-1	0	0	-1	0	29	0	20	11	-1	0	0	-1	29	-1	-1	6	-1	1	-1	0	-1	0	0
c13260	-1	31	0	46	1	-1	-1	-1	0	0	0	0	-1	0	-1	-1	0	-1	-1	-1	45	0	6	0	0	12	45	-1	0	0
c13274	0	0	0	-1	1	14	-1	0	0	0	0	-1	39	20	0	34	28	0	-1	29	-1	0	6	9	0	-1	0	-1	0	0
c13275	-1	0	0	3	1	14	-1	0	0	-1	-1	0	-1	20	0	-1	-1	-1	-1	29	20	0	6	9	0	-1	0	-1	-1	-1
c13293	17	0	0	46	1	0	0	0	-1	0	0	37	29	0	0	34	0	0	-1	-1	0	28	-1	0	-1	12	-1	0	-1	-1
c13300	-1	31	0	-1	1	7	0	28	0	0	0	-1	29	0	-1	-1	0	-1	17	-1	-1	0	6	20	0	12	45	0	0	0
c13305	0	0	-1	3	1	14	-1	0	0	0	20	0	0	-1	7	34	0	0	-1	20	0	0	6	9	0	0	6	-1	0	0
c13316	0	0	-1	3	1	14	-1	0	0	0	30	0	0	20	0	34	0	-1	-1	0	0	-1	6	-1	12	20	-1	-1	0	0
c13320	-1	31	0	46	1	0	0	28	41	0	0	-1	29	34	0	34	-1	-1	17	19	20	15	6	0	-1	12	45	0	0	0
c13326	17	31	13	46	1	0	-1	28	-1	2	0	-1	29	0	-1	34	0	-1	17	20	0	-1	-1	-1	0	12	45	0	0	42
c13336	17	19	-1	46	1	6	0	29	29	0	0	37	29	-1	0	34	0	0	0	-1	-1	0	-1	0	20	-1	-1	0	0	-1
c13348	17	0	-1	46	1	-1	-1	20	9	0	10	0	29	0	-1	-1	0	-1	-1	0	0	0	6	0	0	-1	-1	29	42	20
c13349	17	0	0	46	1	0	26	20	9	0	-1	0	-1	0	0	-1	0	0	-1	0	0	0	6	0	0	12	-1	29	-1	20
c13352	17	31	0	-1	1	7	-1	-1	0	0	-1	-1	29	-1	0	34	-1	-1	17	20	-1	0	6	-1	0	12	45	-1	0	0
c13355	0	10	0	3	1	14	-1	0	-1	0	0	0	0	20	-1	34	-1	37	-1	20	42	-1	6	-1	0	31	6	-1	20	26
c13362	17	-1	-1	46	1	29	0	-1	-1	17	0	29	0	0	0	34	-1	50	-1	0	26	0	6	0	0	-1	0	0	0	-1
c13365	17	31	-1	-1	1	0	0	28	0	-1	31	-1	29	0	0	34	-1	-1	17	0	-1	0	6	36	-1	-1	45	-1	0	0
c13371	29	0	0	-1	1	14	-1	0	29	0	0	0	0	20	14	34	0	-1	-1	0	-1	0	6	-1	0	-1	6	-1	-1	0
c13396	0	0	0	3	-1	-1	-1	-1	0	-1	17	0	0	-1	7	34	40	-1	-1	20	-1	-1	6	9	-1	0	6	-1	-1	0
c13400	17	-1	-1	46	1	0	0	28	-1	0	0	-1	29	0	0	34	29	-1	17	-1	21	16	6	0	0	12	45	1	0	41
c13401	17	31	-1	-1	1	0	-1	28	0	0	0	-1	29	0	0	34	-1	-1	17	-1	21	-1	6	0	0	12	45	1	0	41
c13410	17	31	0	-1	1	-1	-1	28	0	0	-1	-1	29	6	0	34	0	-1	-1	20	0	-1	6	20	-1	12	-1	-1	0	0
c13416	17	-1	-1	-1	-1	-1	-1	0	0	0	42	-1	-1	-1	0	34	0	50	0	-1	0	-1	6	-1	0	12	37	0	0	0
c13420	17	31	0	46	1	20	-1	28	-1	0	0	-1	29	0	0	34	0	-1	17	20	-1	0	6	0	0	12	45	0	0	0
c13423	17	-1	0	46	1	0	-1	28	-1	0	0	-1	29	0	0	34	-1	-1	17	0	0	0	-1	-1	0	12	45	-1	0	41
c13426	0	0	0	3	1	46	-1	0	-1	-1	3	0	0	0	0	34	41	0	-1	-1	-1	0	6	9	0	0	-1	-1	0	0
c13434	0	42	-1	-1	1	14	-1	0	20	0	-1	31	0	20	-1	34	0	0	-1	-1	-1	0	-1	9	0	0	0	-1	0	0
c13438	-1	31	0	46	1	0	0	28	-1	0	0	-1	-1	0	0	34	0	-1	17	20	0	24	6	0	0	12	45	0	0	0
c13462	17	-1	-1	46	1	-1	0	-1	-1	17	0	-1	0	45	0	34	-1	50	34	0	0	0	6	39	0	12	0	20	0	0
c13464	17	31	-1	46	1	-1	36	-1	-1	1	1	-1	29	0	0	34	-1	-1	17	31	41	16	6	0	-1	12	45	0	0	0
c13465	17	-1	-1	46	1	0	36	28	-1	1	1	-1	29	0	0	34	29	-1	17	-1	41	16	-1	0	0	12	45	0	0	0
c13479	17	31	0	46	1	7	0	28	0	0	31	-1	29	-1	0	-1	0	-1	17	20	0	36	6	22	0	-1	-1	0	0	0
c13485	17	0	0	46	1	0	0	17	-1	0	0	0	29	29	28	34	0	3	0	0	-1	0	6	0	17	12	-1	0	-1	0
c13523	17	31	-1	46	1	0	11	28	-1	0	0	-1	29	0	-1	34	-1	-1	-1	0	-1	39	-1	-1	0	-1	45	12	0	0
c13531	-1	0	-1	3	-1	-1	-1	0	0	0	14	-1	17	42	0	-1	0	37	0	-1	0	0	-1	9	0	30	40	-1	1	0
c13562	17	31	0	46	1	-1	3	28	0	0	0	-1	29	0	-1	-1	0	-1	17	0	0	-1	6	0	-1	12	45	0	40	0
c13568	17	0	0	46	1	36	0	-1	0	17	0	29	0	0	0	34	-1	50	0	0	0	-1	6	0	0	12	0	-1	0	31
c13571	0	0	0	3	1	14	-1	0	-1	-1	0	-1	0	20	7	34	0	0	-1	20	0	0	-1	9	-1	31	6	-1	0	20
c13578	17	-1	13	46	1	0	0	-1	0	31	-1	-1	29	0	0	34	-1	-1	17	16	0	0	6	0	-1	-1	-1	-1	0	-1
c13586	17	-1	0	46	1	0	-1	28	0	0	0	-1	-1	0	0	-1	-1	-1	17	20	0	19	-1	0	-1	12	45	0	0	31
c13594	0	42	0	3	-1	14	-1	0	0	36	0	0	-1	-1	7	34	0	12	-1	20	1	-1	-1	9	0	0	6	-1	0	0
c13621	17	31	19	46	-1	0	22	28	0	0	0	-1	29	0	0	34	20	-1	17	0	-1	0	6	20	0	-1	45	0	-1	-1
c13632	17	29	0	46	1	0	0	20	0	0	42	29	0	0	-1	34	0	50	0	12	-1	-1	6	0	-1	12	37	0	0	0
c13633	17	29	0	46	-1	0	-1	20	0	0	42	29	0	-1	17	34	0	50	0	12	0	29	-1	0	0	12	37	0	0	0
c13635	-1	-1	0	46	1	16	0	28	0	0	0	-1	29	0	0	34	-1	-1	17	-1	-1	0	6	0	0	12	-1	0	20	31
c13640	17	-1	0	46	1	0	3	28	-1	-1	0	-1	29	-1	0	34	0	-1	-1	0	0	0	6	0	2	12	45	0	-1	1
c13641	17	31	0	-1	1	0	3	28	0	0	0	-1	29	-1	0	34	-1	-1	17	0	0	0	6	0	2	-1	45	-1	40	-1
c13645	0	-1	0	3	-1	-1	-1	12	20	0	0	0	0	-1	14	-1	-1	0	-1	36	-1	29	6	9	12	0	6	-1	-1	-1
c13656	17	31	0	46	1	-1	0	28	0	0	0	-1	29	0	28	-1	12	-1	17	-1	-1	0	6	0	0	12	45	0	1	-1
c13667	0	43	0	3	-1	14	-1	-1	0	0	0	0	0	-1	7	34	-1	37	-1	20	0	-1	6	9	0	31	6	-1	-1	0
c13672	0	0	0	3	1	-1	-1	0	0	0	0	0	0	20	0	-1	-1	0	-1	29	-1	-1	6	9	0	0	46	-1	0	0
c13683	0	0	-1	-1	1	14	-1	0	-1	0	-1	0	0	20	0	34	0	-1	-1	0	0	0	6	9	11	6	6	-1	0	-1
c13692	17	0	0	-1	1	46	-1	-1	-1	17	37	-1	-1	17	0	34	0	50	0	0	1	-1	6	0	0	12	-1	17	17	0
c13703	17	31	0	-1	1	-1	0	28	0	0	0	-1	29	0	28	-1	0	-1	17	-1	-1	0	6	0	0	-1	45	0	-1	0
c13704	17	31	31	-1	-1	0	-1	28	-1	0	0	0	-1	37	0	34	0	-1	-1	-1	0	-1	6	0	-1	12	45	0	0	0
c13714	-1	0	0	3	1	-1	-1	-1	0	0	-1	6	0	-1	-1	34	0	0	-1	-1	-1	20	6	9	22	13	6	-1	0	34
c13745	17	0	0	46	1	0	0	17	0	0	-1	-1	29	-1	28	34	0	3	-1	0	0	-1	6	0	17	12	-1	0	42	0
c13750	0	0	0	3	1	14	-1	0	29	0	-1	0	-1	20	0	34	7	-1	-1	20	0	0	6	9	0	20	6	-1	0	0
c13758	17	31	0	46	1	0	0	28	0	0	-1	-1	29	0	0	34	0	-1	17	20	0	24	6	0	0	12	45	0	0	0
c13759	17	31	-1	46	1	0	0	-1	0	0	-1	-1	29	0	0	34	0	-1	17	20	0	24	6	0	0	12	45	0	0	-1
c13770	17	31	0	-1	1	0	-1	-1	0	-1	0	0	29	37	0	34	0	-1	17	34	0	0	6	-1	-1	12	-1	0	-1	-1
c13778	-1	31	0	46	1	0	0	-1	31	0	0	0	29	-1	0	-1	17	-1	17	0	-1	0	6	0	0	12	45	0	0	0
c13780	17	0	0	46	1	9	-1	0	0	0	10	0	29	-1	0	34	0	0	45	42	0	-1	6	0	0	12	-1	29	42	31
c13789	0	-1	0	3	1	14	-1	-1	0	0	0	0	0	20	0	34	0	0	-1	-1	20	0	-1	9	0	-1	0	-1	0	-1
c13795	-1	0	50	3	1	14	-1	-1	0	0	-1	0	0	20	7	34	0	0	-1	20	0	-1	6	9	0	1	6	-1	0	33
c13801	0	45	34	3	1	14	-1	0	-1	0	0	0	0	-1	0	34	0	-1	-1	0	0	0	6	9	11	-1	6	-1	-1	-1
c13808	17	0	0	-1	1	-1	26	-1	9	0	-1	-1	-1	0	0	-1	0	0	45	0	20	0	6	-1	0	12	-1	29	42	20
c13812	-1	-1	-1	3	1	46	-1	9	0	-1	-1	-1	31	0	24	34	-1	0	41	0	16	0	6	-1	-1	-1	40	-1	17	0
c13825	17	31	-1	46	1	0	36	-1	-1	0	0	0	29	37	-1	34	0	-1	17	34	1	0	-1	0	-1	-1	-1	0	0	-1
c13827	0	0	-1	3	1	46	-1	0	-1	0	-1	-1	0	-1	0	34	-1	-1	0	8	19	0	6	9	-1	-1	40	-1	0	0
c13838	-1	-1	41	-1	1	46	-1	-1	0	0	3	0	0	0	0	34	-1	42	13	0	-1	7	6	-1	0	0	40	-1	0	0
c13842	17	31	0	46	1	0	11	28	-1	0	0	-1	29	-1	0	-1	-1	-1	-1	0	0	-1	6	0	0	12	45	0	0	0
c13843	17	31	0	46	1	0	11	28	0	0	-1	-1	29	0	0	34	-1	-1	-1	-1	0	0	6	0	-1	12	45	0	0	0
c13857	-1	-1	0	3	1	14	-1	12	0	0	0	0	-1	20	-1	34	0	0	-1	-1	16	-1	6	9	12	0	-1	-1	-1	0
c13867	-1	-1	0	46	1	0	0	-1	0	17	0	29	0	0	0	34	-1	50	0	0	0	-1	6	0	0	12	0	20	0	0
c13887	17	-1	0	46	1	-1	0	28	0	-1	-1	0	29	36	-1	-1	0	-1	17	-1	0	-1	6	31	0	-1	45	-1	0	0
c13896	17	31	-1	46	1	11	0	28	-1	0	0	-1	29	0	0	34	0	-1	-1	-1	0	0	-1	0	0	12	45	-1	0	0
c13902	-1	0	0	46	1	36	0	-1	-1	17	0	29	0	0	0	34	-1	50	0	0	0	0	-1	0	-1	-1	0	20	0	31
c13903	-1	0	0	46	1	36	0	-1	0	-1	0	29	0	-1	0	34	-1	50	0	0	0	-1	6	0	0	12	0	20	-1	31
c13916	29	-1	0	3	1	14	-1	0	-1	0	6	0	42	20	0	-1	0	0	-1	-1	0	0	6	9	0	0	6	-1	0	0
c13930	-1	0	0	3	1	14	-1	-1	24	0	0	0	0	20	0	34	0	0	-1	29	-1	0	6	9	-1	0	46	-1	-1	0
c13946	17	31	13	46	1	0	0	28	0	31	0	-1	-1	0	0	34	0	-1	17	16	0	0	6	0	0	12	45	-1	0	0
c13947	17	31	-1	46	1	0	-1	28	0	31	0	-1	29	0	0	34	-1	-1	-1	16	0	0	6	-1	0	12	-1	0	-1	0
c13956	0	10	-1	3	1	-1	-1	0	20	-1	-1	-1	0	20	0	34	-1	0	-1	0	13	0	6	9	0	0	31	-1	-1	29
c13966	0	0	-1	3	1	0	-1	0	0	0	36	-1	0	-1	0	34	17	-1	0	0	-1	-1	6	9	-1	42	40	-1	0	0
c13984	17	31	0	-1	-1	0	16	28	20	0	46	-1	-1	-1	0	34	-1	-1	17	0	0	16	6	0	0	12	45	0	0	-1
c13985	17	31	0	46	1	-1	16	28	20	-1	46	-1	-1	0	-1	34	29	-1	17	-1	-1	-1	6	0	0	12	45	0	0	0
c13992	0	0	-1	-1	1	14	-1	0	-1	0	-1	0	0	20	-1	-1	-1	-1	-1	20	17	13	6	9	-1	0	6	-1	0	12
c13997	0	0	31	3	1	14	-1	0	0	0	0	0	0	20	7	34	-1	37	-1	-1	-1	-1	-1	9	0	31	6	-1	20	0
c14000	0	0	-1	3	-1	14	-1	-1	29	0	31	13	0	20	36	34	7	0	-1	20	0	20	6	9	-1	20	6	-1	0	-1
c14002	17	-1	0	-1	1	0	0	28	31	0	0	0	29	0	0	34	17	-1	-1	0	0	0	6	0	-1	12	45	17	-1	0
c14018	17	31	0	46	1	0	-1	-1	0	0	0	0	29	37	0	34	-1	-1	-1	34	1	0	6	42	-1	12	-1	0	0	-1
c14042	-1	-1	0	-1	-1	0	0	-1	0	-1	0	0	29	-1	0	-1	0	-1	-1	-1	0	37	-1	6	0	12	45	0	-1	0
c14050	-1	31	0	-1	-1	26	0	28	0	0	0	-1	29	-1	0	34	42	-1	-1	0	0	37	-1	0	0	12	45	46	19	0
c14052	17	0	-1	-1	1	-1	0	0	0	-1	0	-1	29	-1	-1	34	0	-1	0	-1	-1	12	-1	-1	46	12	0	20	-1	0
c14083	0	14	0	3	1	14	-1	0	-1	0	0	0	0	20	0	34	0	0	-1	0	0	-1	6	9	-1	6	6	-1	0	0
c14084	-1	29	-1	46	1	20	0	0	-1	0	42	29	0	0	1	34	0	50	0	0	0	29	6	-1	0	12	37	-1	0	0
c14085	17	29	0	46	-1	20	0	0	0	0	42	29	0	0	1	34	0	50	0	-1	0	29	-1	-1	0	12	37	0	0	0
c14090	0	-1	12	3	1	0	-1	0	0	-1	0	0	0	-1	19	34	17	0	-1	0	-1	28	-1	-1	0	42	40	-1	0	0
c14095	17	-1	44	46	1	-1	-1	17	0	0	0	0	29	0	28	34	-1	3	46	0	0	0	-1	0	0	12	-1	0	42	0
c14097	17	0	0	46	1	-1	0	-1	30	17	0	29	0	0	-1	34	-1	50	0	28	0	-1	6	0	0	12	15	-1	6	0
c14099	17	0	0	-1	-1	0	-1	0	-1	0	10	3	29	-1	0	34	-1	17	45	42	-1	0	6	-1	0	12	-1	29	42	31
c14107	-1	31	0	46	1	-1	-1	28	42	-1	0	-1	29	0	9	34	0	-1	17	0	0	0	6	0	0	12	45	2	0	0
c14121	29	20	0	3	1	14	-1	0	0	-1	0	0	0	20	14	34	0	0	-1	0	0	0	6	9	-1	0	6	-1	-1	0
c14137	29	0	0	3	-1	14	-1	0	29	0	0	0	0	20	14	34	0	-1	-1	0	0	0	6	-1	0	-1	6	-1	-1	0
c14138	0	0	-1	3	1	14	-1	0	-1	0	0	31	0	20	-1	34	26	0	-1	-1	-1	0	6	-1	0	0	0	-1	0	0
c14140	0	0	0	-1	1	14	-1	0	9	0	17	0	0	20	-1	34	0	0	-1	20	0	-1	-1	9	0	0	6	-1	0	0
c14141	0	-1	-1	3	-1	14	-1	0	9	0	17	0	0	20	-1	34	0	0	-1	20	0	-1	6	9	0	0	6	-1	0	0
c14167	-1	31	0	-1	1	0	11	28	-1	0	0	-1	-1	0	-1	-1	29	-1	17	0	0	0	6	0	0	12	45	-1	-1	-1
c14169	17	31	-1	46	1	0	0	28	0	0	-1	-1	29	0	28	34	-1	-1	17	20	0	0	6	-1	0	12	45	0	0	-1
c14182	17	13	-1	46	-1	0	0	0	-1	0	0	0	0	-1	0	34	0	-1	-1	0	0	0	-1	10	0	-1	0	4	29	0
c14187	17	0	20	46	1	0	0	0	-1	0	6	-1	29	0	42	-1	-1	31	-1	0	0	0	-1	0	0	12	0	0	-1	0
c14193	17	31	0	46	1	0	-1	28	-1	0	-1	0	29	0	0	34	-1	-1	17	-1	0	37	6	-1	0	12	-1	-1	-1	0
c14206	17	31	37	46	1	0	11	-1	0	0	0	-1	-1	-1	0	34	0	-1	-1	-1	0	0	6	0	-1	-1	45	0	-1	0
c14207	17	31	37	46	1	0	11	28	0	0	0	-1	-1	-1	0	34	0	-1	-1	0	-1	0	6	0	-1	12	45	0	0	0
c14210	17	0	0	46	1	-1	-1	0	29	17	0	37	29	0	-1	-1	0	-1	0	0	0	-1	-1	0	0	12	-1	0	0	31
c14226	17	31	13	46	1	-1	0	-1	-1	2	0	-1	-1	0	-1	34	-1	-1	17	20	0	20	-1	0	0	12	45	-1	0	42
c14229	-1	31	24	-1	-1	0	0	28	0	-1	0	-1	29	-1	0	34	0	-1	-1	-1	-1	0	6	36	0	12	45	0	0	0
c14251	0	-1	20	3	1	0	-1	0	-1	0	14	0	17	0	0	-1	-1	37	-1	0	0	0	6	-1	0	-1	40	-1	-1	-1
c14261	0	46	20	3	1	14	-1	0	0	-1	30	0	20	20	0	34	0	20	-1	0	0	0	6	9	12	0	6	-1	-1	31
c14267	17	29	0	46	1	0	0	20	-1	0	42	29	0	0	17	34	0	50	0	12	0	29	-1	0	-1	12	-1	0	0	0
c14281	0	0	-1	3	1	-1	-1	-1	20	0	0	0	-1	20	0	34	0	0	-1	-1	13	0	6	9	0	0	0	-1	-1	0
c14303	-1	-1	0	3	-1	14	-1	12	0	0	-1	7	0	20	14	-1	0	0	-1	0	-1	-1	-1	9	12	0	-1	-1	0	0
c14319	0	0	0	3	1	-1	-1	0	0	0	0	0	0	-1	0	34	-1	-1	-1	29	0	-1	6	9	0	0	-1	-1	0	0
c14320	0	-1	0	3	1	-1	-1	-1	-1	-1	0	-1	0	-1	7	34	-1	0	-1	20	-1	0	6	9	0	1	6	-1	0	33
c14333	17	-1	0	-1	1	0	0	-1	13	17	0	29	0	1	0	34	-1	50	-1	0	41	28	6	7	0	-1	0	0	46	0
c14334	17	0	0	46	1	-1	17	36	0	0	0	0	-1	12	0	34	-1	0	0	21	29	0	6	-1	46	12	-1	0	42	0
c14355	17	31	39	-1	1	29	0	28	0	0	31	-1	29	0	0	34	0	-1	17	20	-1	-1	6	-1	0	12	45	0	-1	0
c14358	-1	-1	-1	3	1	46	-1	-1	0	0	-1	0	-1	0	-1	34	0	-1	0	-1	0	0	-1	9	0	0	40	-1	0	0
c14368	-1	31	0	-1	1	0	0	28	42	0	-1	-1	29	0	0	34	0	-1	17	46	0	15	6	0	0	-1	45	2	0	0
c14369	-1	31	0	-1	1	-1	0	28	42	0	0	-1	29	0	0	-1	0	-1	17	-1	0	15	6	0	0	-1	45	2	0	0
c14385	31	-1	41	-1	-1	46	-1	-1	0	0	3	0	0	0	0	-1	0	42	0	-1	0	7	-1	9	0	0	40	-1	0	0
c14389	17	31	-1	46	-1	0	0	28	0	0	0	-1	29	0	0	34	29	-1	17	1	-1	16	6	0	0	12	-1	0	20	-1
c14399	-1	-1	0	3	1	14	-1	0	0	0	0	0	0	20	-1	34	0	0	-1	29	20	-1	6	9	-1	-1	0	-1	0	0
c14400	17	7	0	46	-1	0	-1	0	0	13	42	29	0	29	-1	34	0	50	0	20	0	0	6	-1	-1	12	37	44	-1	-1
c14402	17	31	24	46	1	20	-1	28	0	0	0	-1	29	-1	0	34	0	-1	17	20	46	0	6	-1	0	12	45	0	0	-1
c14408	17	31	-1	46	1	7	0	-1	0	0	-1	-1	29	-1	0	34	-1	-1	17	20	0	0	6	20	0	12	45	0	0	31
c14409	17	-1	-1	-1	1	7	0	28	0	0	-1	-1	29	-1	0	34	0	-1	17	20	0	0	6	20	0	12	45	0	0	31
c14428	17	-1	-1	46	1	0	36	28	-1	0	0	-1	29	0	30	34	29	-1	17	0	0	-1	6	0	-1	12	45	0	0	0
c14429	17	31	-1	46	1	0	36	28	0	-1	0	-1	29	0	30	34	29	-1	-1	0	0	16	-1	0	0	-1	45	0	0	0
c14437	17	31	0	46	1	21	-1	28	31	0	0	0	-1	0	-1	34	0	-1	-1	-1	0	-1	-1	0	0	12	45	0	19	0
c14440	40	0	0	3	1	0	-1	0	0	0	-1	20	0	0	0	34	20	37	-1	-1	0	0	6	9	0	30	40	-1	0	41
c14450	0	0	42	3	1	14	-1	-1	0	0	17	0	0	20	7	34	6	0	-1	20	0	0	6	9	0	0	6	-1	0	0
c14484	17	0	0	46	-1	0	0	-1	0	-1	-1	29	0	0	0	34	-1	50	0	0	30	-1	6	0	0	-1	-1	20	0	0
c14485	17	0	0	46	1	0	0	-1	-1	-1	0	29	0	0	0	34	-1	50	-1	0	30	-1	6	0	0	12	-1	20	0	0
c14486	-1	0	-1	46	1	24	0	-1	0	17	12	29	0	0	0	34	-1	50	-1	0	46	-1	6	-1	0	-1	-1	0	-1	0
c14509	-1	-1	13	-1	-1	-1	31	-1	0	17	-1	-1	0	17	0	34	0	50	-1	0	1	30	6	0	-1	12	14	-1	0	0
c14512	17	-1	34	46	-1	-1	-1	-1	-1	17	0	-1	0	45	-1	34	-1	50	0	0	0	6	6	0	-1	12	0	20	0	0
c14514	17	-1	17	46	1	0	14	0	29	0	0	-1	29	0	0	34	0	-1	27	0	0	0	-1	29	-1	12	0	0	29	0
c14523	0	34	20	3	1	0	-1	0	0	-1	14	12	17	-1	-1	34	0	37	-1	0	31	0	6	9	0	30	40	-1	1	0
c14527	17	29	0	46	-1	0	-1	20	0	-1	42	29	0	0	17	34	0	50	0	12	0	29	6	0	0	12	-1	0	0	0
c14528	31	0	41	-1	1	46	-1	0	0	15	3	0	0	0	0	34	0	42	13	0	40	7	6	9	10	0	40	-1	0	0
c14551	0	-1	20	3	1	-1	-1	0	0	-1	14	12	-1	0	0	34	0	37	0	17	0	0	6	9	-1	30	40	-1	1	0
c14552	17	31	13	46	1	0	0	28	0	31	-1	-1	29	0	0	-1	0	-1	17	16	0	0	6	0	0	12	45	-1	0	-1
c14553	17	31	13	46	1	0	0	28	0	31	-1	-1	29	0	0	34	0	-1	17	16	0	0	6	0	0	-1	45	0	-1	-1
c14554	0	0	0	3	-1	14	-1	-1	19	0	30	-1	-1	20	0	-1	0	0	-1	7	20	0	-1	9	12	-1	-1	-1	-1	0
c14565	0	0	0	-1	1	14	-1	0	1	0	-1	0	-1	20	7	34	-1	-1	-1	20	-1	0	6	9	13	0	-1	-1	6	0
c14627	-1	34	20	3	1	20	-1	0	-1	0	14	12	17	0	45	34	0	-1	0	0	31	0	6	9	-1	30	40	-1	1	0
c14648	17	-1	-1	46	1	0	0	28	0	0	0	-1	29	0	-1	34	-1	-1	-1	-1	21	16	6	-1	0	12	-1	0	0	41
c14666	0	0	-1	3	1	0	-1	-1	0	-1	14	0	17	0	0	34	20	37	0	-1	0	-1	-1	9	0	30	40	-1	1	0
c14671	31	-1	41	-1	1	46	-1	-1	0	19	3	0	0	0	0	34	-1	0	-1	36	0	7	6	9	0	30	-1	-1	0	0
c14684	0	-1	-1	3	1	14	-1	0	0	-1	0	0	42	-1	0	34	0	-1	-1	20	0	-1	6	-1	11	-1	6	-1	0	-1
c14695	17	31	-1	46	1	0	11	28	0	0	0	-1	29	-1	0	34	-1	-1	-1	0	0	39	6	0	0	12	45	12	0	0
c14706	0	0	0	-1	1	14	-1	0	0	0	0	0	0	20	7	34	0	37	-1	20	0	-1	6	9	-1	31	6	-1	-1	0
c14708	17	42	0	46	1	0	0	-1	-1	17	-1	29	-1	0	0	34	-1	50	0	0	0	-1	6	-1	-1	12	0	-1	0	-1
c14709	17	42	0	46	1	0	0	-1	-1	-1	0	29	0	0	0	34	-1	50	0	0	0	-1	6	-1	0	-1	0	20	0	0
c14714	31	-1	41	-1	1	46	-1	0	0	-1	3	0	-1	0	0	34	20	0	0	0	-1	-1	6	-1	0	0	40	-1	0	0
c14723	-1	0	-1	46	1	0	0	36	-1	0	42	29	0	0	37	34	0	50	0	0	0	0	6	0	0	12	37	0	-1	0
c14725	-1	43	0	-1	-1	-1	0	-1	0	0	42	29	0	0	0	34	-1	50	0	0	46	0	-1	0	0	12	-1	0	0	0
c14749	-1	29	0	46	-1	0	0	20	0	-1	42	-1	0	0	-1	34	0	50	0	0	0	29	6	0	-1	12	37	0	0	0
c14751	17	0	0	46	1	0	0	36	31	0	42	-1	0	0	37	34	0	50	0	0	0	0	6	0	0	12	-1	0	1	0
c14795	17	29	-1	-1	1	0	0	-1	0	0	42	29	0	0	17	34	0	50	-1	0	0	29	6	0	0	12	37	0	0	0
c14816	17	0	0	46	1	16	29	-1	0	17	6	29	0	45	0	34	-1	50	0	3	20	-1	6	0	0	12	-1	20	0	0
c14817	17	0	0	-1	1	16	29	-1	-1	17	6	29	0	45	0	34	-1	50	-1	3	-1	0	6	0	0	12	0	20	0	0
c14826	-1	-1	0	46	1	0	0	-1	0	0	-1	42	29	37	-1	34	-1	-1	-1	34	-1	0	6	0	-1	12	45	0	0	-1
c14830	-1	50	-1	3	1	46	-1	-1	0	31	3	0	-1	-1	0	-1	0	0	-1	-1	0	-1	6	9	-1	0	40	-1	29	18
c14838	17	31	-1	-1	1	15	3	28	0	0	0	-1	29	-1	0	34	0	-1	17	0	-1	0	6	0	0	-1	45	36	-1	0
c14839	17	31	-1	-1	1	15	3	28	0	0	-1	-1	29	0	-1	34	0	-1	17	0	0	0	-1	0	0	12	45	36	40	0
c14842	-1	0	0	-1	1	0	-1	0	0	0	36	16	0	0	-1	34	17	0	0	0	-1	-1	6	-1	-1	42	40	-1	0	3
c14861	17	29	0	46	1	31	30	0	0	0	42	29	0	6	0	34	0	50	0	0	30	-1	6	0	0	-1	37	0	0	0
c14875	0	10	-1	-1	-1	14	-1	0	20	0	0	0	0	20	-1	-1	0	0	-1	0	13	-1	6	9	-1	-1	31	-1	-1	-1
c14888	16	10	-1	3	-1	14	-1	20	20	0	0	0	0	-1	0	34	-1	0	-1	0	13	0	6	-1	0	-1	31	-1	0	29
c14894	17	29	-1	46	-1	0	0	0	0	-1	42	29	-1	0	19	34	0	50	0	0	0	29	6	-1	0	12	37	-1	0	-1
c14895	17	29	46	46	-1	-1	-1	0	0	-1	42	29	-1	0	19	34	0	50	0	0	0	29	-1	-1	0	12	37	0	0	0
c14898	-1	29	0	46	1	20	42	0	0	-1	42	-1	0	-1	0	-1	0	50	0	0	0	29	-1	-1	0	12	37	0	0	0
c14899	17	29	0	46	1	-1	-1	0	0	0	-1	29	0	0	0	34	0	-1	0	-1	0	29	6	-1	0	12	37	0	0	0
c14902	0	0	0	3	1	14	-1	0	0	0	-1	0	0	20	7	-1	0	0	-1	20	-1	-1	-1	9	15	17	6	-1	0	0
c14908	17	-1	0	46	-1	0	-1	-1	0	-1	0	-1	0	45	0	34	-1	50	0	0	-1	6	6	0	0	-1	0	-1	0	0
c14910	17	0	-1	-1	1	0	14	-1	29	42	28	-1	-1	0	0	34	31	17	0	-1	0	0	-1	0	0	-1	0	0	29	0
c14920	17	31	17	46	1	0	2	28	0	0	0	-1	29	-1	0	-1	0	-1	-1	0	0	34	6	0	0	12	45	0	0	0
c14921	17	31	17	46	1	0	2	28	0	-1	0	-1	29	0	0	34	0	-1	17	-1	0	34	6	-1	0	-1	45	0	0	0
c14924	-1	31	-1	46	1	0	0	28	42	0	0	-1	29	-1	9	34	0	-1	17	0	0	0	6	-1	0	12	45	-1	0	0
c14925	17	-1	-1	46	1	-1	-1	28	42	-1	0	-1	29	0	9	34	0	-1	17	-1	-1	0	6	-1	0	12	45	2	0	0
c14964	17	31	0	46	1	0	0	28	0	-1	-1	-1	29	0	0	34	-1	-1	17	20	0	0	6	0	0	12	45	0	-1	0
c14965	17	31	0	-1	1	0	-1	28	-1	0	-1	-1	29	0	-1	34	0	-1	17	20	-1	0	6	-1	0	12	-1	0	46	-1
c14967	17	31	-1	46	1	0	0	-1	0	0	0	0	-1	-1	0	-1	0	-1	17	-1	0	37	6	40	0	-1	-1	0	19	-1
c14978	17	29	-1	46	1	0	0	-1	-1	0	42	29	0	0	15	34	0	50	-1	0	0	29	6	15	-1	12	37	0	0	0
c14995	0	0	0	3	1	14	-1	0	0	-1	-1	-1	-1	20	0	34	0	0	-1	-1	-1	29	6	9	0	-1	0	-1	-1	-1
c15001	0	0	29	-1	-1	14	-1	0	-1	36	0	-1	-1	-1	-1	34	0	12	-1	20	1	0	-1	9	0	-1	6	-1	0	0
c15002	0	0	0	-1	1	14	-1	0	0	-1	-1	0	0	20	7	-1	0	0	-1	20	-1	-1	-1	9	0	17	6	-1	0	0
c15018	0	0	-1	3	1	46	-1	0	0	0	3	0	-1	0	0	34	0	-1	0	8	-1	0	6	9	0	43	40	-1	29	-1
c15032	17	31	-1	46	-1	0	-1	-1	0	0	-1	0	29	37	-1	34	-1	-1	17	34	0	0	-1	-1	-1	-1	-1	-1	-1	-1
c15039	17	31	0	46	1	0	16	28	-1	0	46	-1	-1	-1	0	34	29	-1	17	0	0	16	6	0	0	12	45	-1	0	0
c15058	17	-1	0	-1	-1	0	0	0	0	0	-1	-1	0	-1	0	34	0	-1	0	31	46	0	-1	-1	31	12	37	-1	0	0
c15090	17	0	0	46	-1	0	0	0	0	0	-1	0	29	0	-1	34	0	0	45	0	0	0	6	-1	0	12	-1	29	42	20
c15091	17	0	0	46	1	0	0	0	0	0	10	0	29	-1	0	34	0	0	45	0	0	0	-1	0	0	12	-1	29	42	20
c15104	17	29	-1	46	1	-1	0	0	0	0	42	29	0	0	0	34	0	50	0	0	0	29	6	-1	0	12	37	41	0	0
c15113	17	0	0	46	-1	-1	0	-1	0	17	0	29	-1	0	0	34	-1	50	19	0	41	28	6	7	-1	12	0	29	46	0
c15124	17	31	19	46	1	0	22	28	0	-1	24	-1	29	-1	-1	34	20	-1	17	31	0	-1	6	-1	0	12	45	-1	-1	0
c15125	17	-1	19	46	1	0	22	28	0	0	-1	-1	29	0	0	34	20	-1	17	31	0	-1	6	20	-1	12	45	0	-1	0
c15141	17	29	47	46	1	0	0	1	0	0	-1	29	0	0	0	34	0	-1	6	0	0	29	6	-1	-1	-1	37	0	0	0
c15150	12	-1	-1	3	1	14	-1	0	0	0	0	-1	0	20	-1	34	20	0	-1	0	8	0	6	-1	0	0	14	-1	-1	0
c15153	17	28	0	46	1	0	0	-1	12	17	0	29	1	0	0	34	-1	-1	0	0	41	0	6	7	0	12	0	0	0	-1
c15183	-1	31	0	46	1	-1	0	-1	0	0	-1	0	29	-1	31	-1	0	-1	17	13	20	0	6	0	0	12	45	1	-1	0
c15188	17	29	0	3	-1	14	-1	30	20	0	-1	19	0	20	0	-1	0	-1	-1	0	13	0	6	-1	0	0	-1	-1	19	16
c15208	17	31	0	46	1	0	0	-1	0	-1	0	-1	29	0	0	-1	0	-1	17	20	0	19	-1	0	6	-1	45	0	0	-1
c15214	17	0	-1	46	1	0	0	0	0	-1	0	37	29	-1	0	-1	-1	0	0	-1	0	0	-1	0	46	12	0	0	0	0
c15229	0	0	11	-1	-1	-1	-1	-1	0	0	-1	-1	0	20	0	34	0	0	-1	-1	-1	7	-1	9	-1	-1	46	-1	-1	0
c15232	17	-1	17	-1	1	0	2	28	0	0	-1	-1	29	0	-1	34	0	-1	17	-1	0	34	-1	0	0	12	45	0	0	0
c15259	29	0	0	3	1	-1	-1	0	0	0	0	0	0	20	14	34	0	0	-1	0	0	0	-1	9	0	0	6	-1	0	-1
c15260	0	0	0	3	1	14	-1	0	0	0	0	0	0	20	7	34	0	0	-1	20	0	0	6	9	0	0	6	-1	0	0
c15263	0	-1	-1	3	1	14	-1	0	0	26	0	-1	-1	20	-1	34	0	0	-1	20	0	0	6	9	0	0	6	-1	0	0
c15275	17	31	0	-1	1	7	0	28	31	0	-1	-1	29	0	-1	34	0	-1	-1	20	-1	-1	6	-1	-1	12	45	0	0	0
c15280	17	28	42	46	-1	0	0	-1	12	17	0	29	1	0	0	34	-1	50	0	0	41	0	6	7	0	12	19	0	42	0
c15289	0	0	-1	3	1	14	-1	-1	-1	0	-1	-1	0	20	0	34	-1	0	-1	-1	13	0	6	9	-1	0	0	-1	0	0
c15295	17	0	-1	46	1	36	-1	-1	0	17	-1	29	0	0	0	34	-1	50	0	0	0	0	-1	0	0	12	-1	20	-1	-1
c15298	17	31	19	46	1	0	22	28	0	0	0	-1	-1	0	0	-1	20	-1	17	0	-1	0	6	20	0	12	45	0	-1	-1
c15299	17	-1	19	-1	1	0	-1	28	0	0	-1	-1	-1	0	0	34	20	-1	17	0	-1	0	6	20	0	12	45	0	-1	0
c15323	17	-1	0	46	-1	7	0	28	0	-1	0	-1	-1	-1	0	34	0	-1	-1	20	0	0	-1	-1	0	12	45	0	0	0
c15343	-1	0	20	3	-1	-1	-1	-1	-1	0	14	12	17	0	0	34	0	37	0	0	-1	0	6	9	0	30	-1	-1	1	0
c15344	17	31	19	46	1	0	22	28	0	-1	0	-1	29	-1	0	-1	20	-1	17	31	0	0	6	20	0	12	45	0	-1	0
c15356	0	0	0	3	1	14	-1	0	0	0	30	0	0	20	0	34	0	0	-1	0	-1	0	-1	-1	12	20	-1	-1	0	0
c15360	17	0	20	46	1	0	0	0	-1	0	0	-1	29	0	0	34	0	-1	0	0	0	0	-1	0	20	12	0	0	0	0
c15379	0	0	0	3	1	46	-1	0	31	-1	3	0	-1	-1	-1	34	41	0	-1	0	-1	0	-1	-1	0	-1	40	-1	0	0
c15386	17	31	0	46	1	0	15	-1	0	0	0	-1	29	0	-1	34	0	-1	17	0	17	0	-1	-1	0	12	45	0	-1	0
c15387	17	31	0	46	1	-1	15	28	0	0	0	-1	29	0	-1	34	0	-1	17	0	17	0	-1	-1	0	12	45	0	-1	0
c15389	29	20	0	3	1	-1	-1	-1	0	12	0	0	0	20	14	34	0	0	-1	0	0	0	6	-1	0	0	6	-1	-1	-1
c15390	17	31	0	46	1	7	13	-1	0	0	0	-1	29	0	0	-1	-1	-1	17	-1	0	-1	6	20	0	12	45	0	0	-1
c15391	17	31	-1	46	1	7	-1	28	0	-1	-1	-1	29	0	0	34	0	-1	17	20	0	0	6	20	0	12	45	0	0	-1
c15393	-1	50	-1	3	1	46	-1	-1	-1	31	3	0	-1	-1	0	34	-1	33	0	45	0	0	6	9	0	0	-1	-1	0	18
c15397	17	0	0	46	1	0	-1	-1	29	0	0	37	29	-1	0	34	0	17	0	12	0	0	-1	0	0	-1	20	0	29	0
c15399	17	31	0	46	1	0	10	28	-1	0	0	-1	29	29	-1	-1	0	-1	-1	20	0	19	-1	0	0	12	-1	0	0	0
c15406	17	31	0	46	1	7	0	-1	0	0	0	-1	29	0	-1	-1	0	-1	17	20	0	0	6	-1	0	12	45	-1	0	0
c15426	-1	31	0	46	1	0	15	28	0	0	0	-1	29	0	0	34	0	-1	-1	0	-1	-1	-1	-1	0	12	45	0	0	41
c15438	17	29	0	46	1	20	-1	0	0	-1	42	-1	0	0	0	34	0	-1	-1	-1	0	-1	6	-1	-1	12	37	0	0	-1
c15446	17	-1	0	46	-1	0	0	0	34	0	10	-1	29	0	0	34	0	0	45	42	0	0	6	0	29	12	-1	29	-1	31
c15450	0	0	14	-1	1	14	-1	0	0	-1	0	-1	0	20	7	34	0	-1	-1	-1	0	-1	6	9	0	31	-1	-1	13	0
c15453	17	0	-1	46	1	-1	0	-1	-1	-1	0	0	0	0	0	34	0	-1	-1	0	0	0	6	10	0	-1	-1	29	13	0
c15471	17	0	0	-1	1	0	0	-1	3	0	-1	0	29	-1	-1	34	0	0	-1	42	0	0	6	0	0	12	-1	29	-1	31
c15496	17	0	0	46	-1	0	0	-1	42	17	-1	29	0	0	0	34	-1	50	0	0	0	0	6	0	0	12	0	17	0	0
c15509	0	-1	-1	3	-1	-1	-1	0	20	0	0	31	0	20	0	34	0	17	-1	-1	-1	0	6	-1	0	0	9	-1	0	0
c15512	17	31	-1	46	1	0	15	28	0	0	-1	-1	29	0	0	34	0	-1	17	-1	-1	0	-1	-1	0	12	45	0	0	41
c15523	17	31	-1	46	1	0	0	-1	0	0	29	0	29	0	0	-1	0	-1	-1	-1	17	37	6	-1	0	12	45	0	19	0
c15527	17	-1	0	46	-1	13	-1	-1	0	-1	10	0	29	0	0	34	0	1	-1	42	0	0	6	0	0	12	-1	-1	42	31
c15534	17	29	0	46	1	31	0	0	0	0	-1	-1	0	0	0	34	-1	50	0	0	-1	-1	6	0	0	12	37	0	-1	-1
c15535	17	29	0	46	1	31	-1	0	0	0	-1	29	0	0	0	34	-1	50	-1	0	46	0	6	0	0	-1	37	0	0	-1
c15552	-1	31	-1	46	1	0	-1	-1	0	0	44	-1	-1	36	28	34	0	-1	17	0	0	0	-1	-1	0	-1	45	0	0	0
c15561	-1	0	-1	3	1	14	-1	0	0	0	6	0	0	20	-1	34	0	0	-1	20	0	0	6	-1	0	17	6	-1	0	-1
c15564	0	0	0	3	1	-1	-1	0	0	0	12	0	-1	-1	-1	34	17	0	-1	0	-1	28	6	9	0	-1	40	-1	0	-1
c15566	0	0	-1	3	1	14	-1	-1	29	3	31	0	0	20	16	34	0	0	-1	-1	20	0	6	9	0	20	6	-1	0	17
c15584	17	0	0	46	-1	0	0	-1	0	17	0	-1	0	0	0	34	-1	50	31	0	31	0	6	0	-1	12	0	20	0	0
c15591	-1	31	0	3	1	46	-1	-1	0	0	3	-1	-1	-1	-1	34	-1	0	0	0	0	1	6	-1	-1	2	40	-1	0	0
c15602	17	31	0	46	1	26	-1	-1	0	-1	0	0	-1	0	-1	34	0	-1	-1	0	0	37	6	0	0	-1	45	-1	19	0
c15605	0	-1	20	-1	1	0	-1	0	0	-1	14	12	-1	0	0	34	17	-1	0	0	0	0	6	9	0	30	40	-1	1	-1
c15618	10	0	-1	3	1	14	-1	0	-1	0	0	0	0	20	0	34	-1	0	-1	-1	13	45	6	9	-1	0	0	-1	-1	-1
c15621	31	0	41	-1	1	46	-1	0	0	19	3	20	0	0	-1	34	20	-1	-1	0	0	-1	6	9	0	0	40	-1	0	0
c15628	17	29	0	46	1	-1	0	0	-1	0	42	29	-1	0	0	34	0	50	29	0	0	29	6	-1	0	12	37	-1	0	0
c15629	17	29	0	46	1	-1	0	0	0	0	-1	29	-1	-1	0	-1	0	-1	29	0	0	-1	6	-1	0	12	37	0	0	0
c15640	17	31	-1	46	1	0	11	28	0	0	0	-1	29	0	-1	34	42	-1	-1	0	0	0	-1	0	-1	12	45	17	0	0
c15670	17	0	0	-1	-1	0	0	-1	0	17	8	29	0	0	-1	34	-1	50	0	37	0	-1	6	0	0	12	0	0	0	-1
c15678	20	42	-1	-1	1	0	-1	0	-1	6	0	-1	0	0	-1	-1	-1	37	20	0	0	-1	6	9	0	30	40	-1	0	0
c15685	17	0	0	46	-1	13	-1	-1	0	-1	10	0	29	-1	0	34	0	1	45	42	0	-1	6	0	0	12	-1	29	42	-1
c15691	17	-1	0	-1	-1	0	-1	-1	-1	17	0	-1	0	45	0	34	-1	50	-1	-1	-1	6	6	0	0	-1	0	20	0	0
c15704	0	0	0	3	1	14	-1	-1	20	-1	11	0	0	20	0	-1	0	-1	-1	29	20	-1	6	9	0	-1	0	-1	0	0
c15708	17	-1	19	46	-1	-1	-1	28	-1	0	0	-1	29	0	0	34	20	-1	17	31	0	-1	6	20	0	12	45	0	-1	0
c15709	-1	31	19	46	1	-1	22	28	0	0	0	-1	29	0	-1	34	20	-1	17	-1	0	0	6	20	-1	12	45	0	-1	0
c15727	17	29	-1	-1	1	0	0	36	46	0	42	29	0	1	0	34	19	50	0	0	0	29	6	-1	0	12	-1	0	-1	-1
c15737	-1	29	-1	46	1	0	0	41	-1	-1	42	29	0	-1	0	-1	0	-1	0	0	0	-1	6	-1	0	12	37	0	0	-1
c15754	17	0	-1	46	-1	-1	0	-1	0	17	-1	29	0	0	0	34	-1	50	31	0	31	0	6	0	0	12	26	20	0	0
c15755	17	0	-1	46	1	0	0	-1	0	17	0	-1	0	0	0	34	-1	50	31	0	31	-1	-1	0	0	12	26	20	0	0
c15762	-1	-1	0	3	1	-1	-1	6	0	0	0	0	42	20	0	34	-1	0	-1	-1	0	-1	6	9	11	0	6	-1	0	0
c15785	29	0	0	-1	1	14	-1	20	46	-1	11	0	0	-1	-1	34	0	0	-1	-1	-1	-1	6	-1	0	0	6	-1	-1	29
c15791	17	0	0	46	-1	0	0	-1	0	17	0	-1	-1	11	3	34	-1	50	49	0	0	19	6	0	0	12	0	0	0	0
c15796	-1	0	-1	-1	1	14	-1	0	20	0	0	31	0	20	0	34	0	17	-1	-1	-1	0	6	9	0	0	0	-1	0	0
c15800	-1	31	34	-1	1	0	0	28	0	0	-1	-1	29	-1	28	34	0	-1	17	20	0	0	6	0	0	12	45	0	0	0
c15803	17	31	24	46	1	0	0	-1	0	0	-1	0	29	0	0	34	0	-1	17	-1	-1	0	-1	31	0	12	45	0	-1	0
c15806	17	31	-1	46	1	-1	-1	28	0	0	0	-1	29	0	28	34	19	-1	17	20	-1	28	6	0	19	12	45	-1	0	0
c15808	17	31	0	46	1	0	-1	-1	0	0	0	-1	29	0	0	34	0	-1	-1	0	-1	39	6	-1	0	12	45	12	0	0
c15809	17	31	0	46	1	0	11	28	0	0	0	-1	29	0	0	34	0	-1	-1	-1	0	39	-1	0	0	12	45	12	-1	0
c15817	17	0	0	46	1	0	0	-1	0	0	10	36	29	0	0	34	0	0	45	0	29	0	6	0	0	-1	-1	29	-1	-1
c15819	-1	0	0	3	-1	20	-1	0	0	0	14	0	17	0	-1	34	0	37	36	-1	0	0	6	9	-1	30	40	-1	1	0
c15827	-1	0	-1	3	1	14	-1	0	-1	0	30	0	0	20	0	-1	0	0	-1	0	0	0	6	-1	12	20	6	-1	0	0
c15851	17	0	0	46	-1	0	0	-1	0	17	20	29	0	37	0	34	-1	-1	0	0	0	0	-1	0	0	12	31	20	0	-1
