	0	1	2	3	4	5	6	7	8	9	10	11	12	13	14	15	16	17	18	19	20	21	22	23	24	25	26	27	28	29
c980	-1	-1	0	0	2	-1	0	-1	-1	-1	0	0	0	1	48	-1	0	0	37	0	-1	0	0	18	24	26	-1	0	0	-1
c1298	31	0	41	43	-1	34	5	48	32	-1	-1	38	0	-1	0	0	-1	0	0	0	-1	5	-1	-1	0	43	-1	-1	0	44
c1331	-1	47	0	41	0	-1	43	0	50	-1	0	-1	-1	0	-1	0	0	-1	0	47	-1	0	0	0	26	-1	-1	0	46	0
c1493	0	-1	0	41	0	-1	-1	0	0	0	0	0	0	0	-1	0	-1	-1	21	-1	0	0	0	0	0	-1	0	0	0	2
c2055	31	0	41	43	0	34	0	18	-1	-1	-1	38	0	-1	0	33	0	34	0	0	0	5	0	0	0	43	15	0	0	44
c2413	0	0	0	41	0	0	50	0	0	40	0	0	0	0	-1	0	43	-1	0	0	0	-1	0	-1	-1	0	0	0	-1	31
c2471	-1	0	21	0	-1	0	0	0	0	-1	-1	0	31	0	40	48	43	-1	0	0	48	0	43	0	18	0	-1	0	-1	44
c2487	0	20	32	-1	0	0	43	0	0	0	41	0	0	-1	0	32	32	5	0	0	25	0	0	0	0	-1	32	0	-1	26
c2577	-1	-1	-1	26	5	41	18	-1	-1	27	0	0	7	-1	-1	31	0	10	0	-1	-1	0	0	-1	0	26	0	0	-1	-1
c2623	41	0	0	0	0	-1	0	0	0	0	26	43	0	0	40	0	0	-1	31	32	0	0	0	-1	0	0	0	0	0	29
c2778	0	0	-1	-1	0	0	-1	0	25	13	0	-1	0	20	48	0	0	0	0	0	0	18	0	0	30	0	0	0	0	0
c2807	-1	0	0	0	0	-1	47	0	37	0	0	0	44	13	40	0	0	46	-1	0	0	0	0	0	-1	0	-1	0	15	0
c2884	0	-1	-1	-1	0	0	-1	-1	0	0	0	0	0	0	-1	0	0	5	0	0	0	43	-1	-1	0	0	-1	0	-1	0
c2924	30	20	32	0	0	0	0	41	-1	-1	26	0	0	2	0	0	32	5	0	18	0	25	-1	43	-1	-1	-1	0	-1	0
c2953	0	0	-1	0	9	41	0	-1	-1	27	43	-1	0	27	-1	0	0	26	-1	0	-1	-1	-1	-1	43	26	0	0	0	44
c3398	0	32	12	-1	-1	41	-1	-1	-1	-1	0	0	0	48	-1	-1	0	0	0	26	-1	-1	0	-1	0	-1	0	0	4	44
c3533	39	0	0	0	0	43	7	0	0	40	0	0	0	0	26	-1	-1	0	0	0	41	0	0	0	26	0	0	32	2	-1
c3722	-1	-1	0	-1	31	0	0	-1	13	25	-1	-1	0	13	47	0	0	0	0	0	0	-1	0	0	0	0	0	0	0	-1
c3739	0	0	0	41	0	44	40	0	0	0	31	24	21	-1	0	26	0	0	-1	48	-1	2	0	0	0	0	0	0	0	0
c3821	0	0	-1	0	44	0	-1	25	0	24	45	41	0	0	0	0	26	0	0	0	0	0	0	18	5	0	21	-1	0	40
c3830	-1	0	43	-1	0	-1	0	-1	0	-1	41	0	0	0	26	0	-1	44	0	0	0	0	38	50	26	0	0	-1	2	49
c3927	-1	0	0	0	0	0	32	-1	14	0	40	0	-1	0	0	26	-1	0	0	0	43	-1	0	-1	5	0	0	-1	44	0
c3933	0	-1	-1	2	18	41	0	0	-1	48	0	50	0	43	0	0	21	0	44	0	32	0	0	0	-1	-1	0	-1	0	-1
c4072	-1	0	-1	0	0	41	0	-1	-1	-1	0	0	0	0	0	0	0	43	-1	0	20	41	0	0	0	0	-1	43	0	-1
c4204	0	20	32	0	0	0	43	0	0	4	-1	0	0	-1	0	0	32	5	31	0	0	21	0	0	0	0	47	0	0	0
c4219	0	-1	-1	-1	0	0	-1	0	-1	0	0	-1	0	20	0	0	0	13	0	0	-1	0	-1	0	30	0	0	0	0	0
c4224	9	20	32	43	0	-1	0	0	0	0	-1	0	0	-1	-1	-1	32	-1	26	0	0	0	0	0	-1	44	0	0	0	-1
c4257	0	0	-1	0	0	-1	0	0	-1	-1	0	0	0	0	-1	0	0	-1	0	0	0	44	32	-1	0	26	0	-1	0	44
c4283	0	0	0	44	-1	0	21	0	0	0	0	0	30	0	26	0	33	0	-1	-1	0	0	0	50	26	0	0	-1	2	49
c4356	0	0	0	-1	0	-1	32	-1	0	-1	32	-1	0	0	26	2	0	2	0	-1	-1	-1	0	4	26	0	-1	0	2	49
c4433	41	0	0	0	0	-1	0	0	-1	-1	26	43	-1	0	40	0	0	-1	31	-1	0	0	-1	0	0	0	0	0	0	29
c4456	-1	-1	-1	0	31	40	-1	-1	13	25	2	-1	0	13	0	0	26	0	0	0	0	-1	0	0	0	0	0	0	0	28
c4471	-1	-1	0	31	32	0	0	-1	0	0	0	0	0	0	-1	0	0	0	-1	0	0	0	-1	-1	5	26	32	0	0	0
c4500	0	32	0	0	5	41	18	0	-1	-1	0	0	0	-1	0	31	0	10	0	0	-1	0	0	18	47	26	0	0	-1	44
c4708	0	0	0	-1	0	26	50	26	0	0	0	0	0	0	-1	-1	0	5	0	-1	-1	0	0	0	5	35	0	0	0	-1
c4757	43	0	43	43	0	41	40	-1	-1	0	-1	26	-1	0	0	0	-1	0	-1	0	38	0	0	0	0	0	0	18	0	8
c4872	-1	0	32	0	0	0	0	-1	-1	0	0	0	0	0	27	0	-1	0	0	-1	-1	19	-1	-1	5	-1	31	0	0	0
c4979	0	0	0	26	0	41	0	0	-1	0	0	0	0	26	0	0	0	0	0	0	20	0	0	0	0	15	-1	43	-1	-1
c5020	41	0	0	0	0	-1	0	0	-1	-1	-1	43	-1	0	40	45	0	46	31	-1	0	18	-1	31	32	0	48	0	0	-1
c5089	30	0	0	0	44	41	48	-1	-1	0	0	0	0	-1	0	0	0	43	-1	0	18	32	20	2	26	0	43	-1	-1	0
c5099	0	0	47	0	0	41	0	0	-1	0	0	45	0	0	0	0	0	0	0	0	0	0	0	0	-1	5	0	43	-1	0
c5123	20	-1	-1	-1	31	-1	0	-1	13	25	2	-1	0	13	0	-1	0	11	32	0	0	0	-1	0	0	0	0	43	0	0
c5183	-1	0	0	41	0	-1	-1	0	-1	0	0	24	0	0	0	0	-1	0	22	48	0	0	0	0	0	0	0	0	0	0
c5400	-1	20	32	0	18	-1	0	0	0	-1	0	0	-1	2	26	-1	32	5	0	10	0	0	0	0	-1	0	-1	-1	24	0
c5404	39	0	0	31	0	43	-1	0	0	40	0	-1	0	0	-1	0	4	0	0	0	-1	32	0	0	26	0	0	0	2	-1
c5420	0	20	32	0	-1	0	0	18	43	0	32	0	0	2	0	0	32	5	0	32	0	25	-1	0	-1	0	-1	0	0	21
c5473	12	0	-1	9	40	-1	0	0	-1	0	24	0	18	26	0	0	0	-1	-1	0	0	-1	0	12	26	0	43	-1	0	33
c5512	-1	-1	0	0	13	-1	18	0	-1	27	0	40	0	0	9	-1	-1	-1	0	0	24	44	0	18	0	26	31	-1	0	44
c5530	41	0	-1	-1	-1	32	40	-1	2	0	26	-1	0	0	40	0	0	-1	31	0	0	9	0	0	0	0	9	-1	18	29
c5551	-1	22	-1	-1	0	41	-1	-1	-1	0	0	0	0	-1	0	-1	0	43	-1	43	0	40	0	9	15	0	0	24	47	0
c5568	43	0	0	0	0	41	0	0	-1	27	0	0	0	-1	0	38	32	41	29	0	-1	0	0	18	0	-1	-1	-1	-1	44
c5586	20	-1	0	20	0	-1	0	43	0	0	-1	43	-1	-1	40	48	-1	46	0	43	0	-1	36	0	0	-1	-1	0	0	0
c5608	0	0	-1	0	0	41	0	0	-1	48	-1	0	32	0	-1	0	21	0	0	0	26	-1	-1	0	0	-1	-1	-1	0	0
c5633	-1	0	0	0	18	-1	-1	-1	-1	-1	26	47	47	-1	-1	0	0	12	28	0	0	-1	0	50	-1	48	0	0	2	-1
c5634	-1	-1	-1	-1	-1	40	-1	-1	13	25	2	-1	-1	13	0	0	0	0	0	0	0	-1	0	0	0	0	-1	0	0	28
c5635	-1	-1	-1	0	31	40	0	-1	-1	25	2	-1	0	13	0	0	0	0	0	0	0	-1	0	0	0	0	0	0	-1	28
c5648	24	0	0	0	0	41	0	-1	-1	0	0	0	21	0	43	26	0	0	-1	43	0	0	0	43	-1	0	33	0	46	0
c5656	0	20	32	3	0	0	0	-1	43	0	0	0	0	2	0	0	-1	5	20	-1	0	25	-1	0	-1	-1	0	0	0	21
c5657	-1	20	32	3	0	0	0	-1	43	-1	0	26	-1	-1	0	0	32	5	20	0	0	25	-1	0	0	26	0	0	0	21
c5663	0	46	0	40	0	0	32	-1	-1	-1	0	46	0	-1	26	2	0	2	0	0	0	0	-1	4	26	0	43	0	2	49
c5673	-1	-1	-1	41	0	0	42	0	0	0	0	-1	0	20	44	0	-1	0	-1	0	0	13	-1	0	0	0	-1	0	0	0
c5700	0	41	22	0	43	41	0	0	-1	-1	-1	0	0	0	0	0	-1	0	48	0	0	0	0	18	0	26	45	0	0	44
c5726	0	-1	-1	0	31	0	0	-1	13	25	-1	-1	0	13	0	0	0	-1	-1	0	0	-1	0	0	0	0	0	41	0	43
c5848	-1	0	0	-1	-1	0	50	0	-1	0	48	0	0	0	-1	0	0	2	-1	0	44	0	0	32	0	5	-1	9	0	0
c5963	-1	20	-1	-1	18	-1	-1	-1	0	0	0	43	0	2	26	-1	32	-1	0	0	2	26	0	0	-1	15	0	0	0	0
c6023	17	0	0	0	2	-1	0	0	-1	27	0	41	0	0	0	0	0	0	0	34	26	-1	0	-1	-1	-1	13	0	0	44
c6071	-1	-1	0	-1	0	-1	0	31	0	-1	-1	26	0	0	26	-1	0	0	0	43	0	0	0	-1	26	0	0	0	2	49
c6094	0	-1	43	-1	0	0	0	0	-1	0	-1	24	0	20	47	0	-1	-1	0	-1	0	13	48	0	0	0	-1	31	0	0
c6095	0	-1	43	41	-1	0	0	0	30	0	-1	-1	0	20	47	0	0	19	0	0	0	13	48	0	0	0	-1	0	0	0
c6101	37	-1	0	43	0	0	26	0	-1	0	0	0	-1	47	-1	48	-1	46	0	-1	-1	0	36	15	0	-1	-1	-1	0	0
c6131	0	40	12	-1	0	-1	0	-1	0	40	-1	0	0	9	26	-1	24	0	0	0	-1	0	0	0	26	0	0	40	2	49
c6162	0	-1	32	-1	0	-1	37	0	0	0	25	0	-1	-1	26	12	32	5	0	0	0	0	-1	0	0	-1	40	0	0	18
c6175	0	0	44	0	-1	41	4	40	-1	-1	0	0	0	0	0	0	-1	0	-1	0	0	-1	13	18	-1	26	0	-1	10	-1
c6176	-1	0	-1	32	0	28	47	0	0	40	2	-1	44	0	40	0	0	46	40	0	0	0	0	0	-1	0	5	0	0	0
c6193	-1	19	0	0	0	0	-1	33	0	-1	0	0	43	0	40	48	43	46	-1	0	40	0	43	0	0	0	-1	0	0	0
c6255	0	20	32	-1	0	-1	37	0	0	0	0	0	0	2	26	0	32	5	0	0	-1	-1	-1	-1	-1	44	0	0	-1	0
c6319	-1	-1	-1	41	0	-1	-1	0	25	18	4	24	0	20	48	0	0	-1	0	0	0	0	34	13	-1	0	0	0	0	0
c6366	40	0	-1	36	0	-1	41	0	-1	-1	47	-1	-1	18	5	43	0	0	0	-1	0	43	0	0	0	-1	-1	0	32	0
c6370	0	20	32	0	20	-1	-1	0	0	0	0	0	-1	2	26	18	32	5	0	-1	0	0	0	0	0	44	-1	-1	31	0
c6379	0	18	-1	43	0	34	0	26	0	-1	0	-1	-1	-1	-1	-1	0	-1	0	-1	44	5	0	0	0	-1	32	0	0	44
c6406	-1	20	32	0	18	-1	0	0	0	0	0	0	-1	2	-1	-1	32	5	0	40	9	0	0	0	0	0	0	0	24	-1
c6452	-1	0	43	-1	22	41	44	41	-1	0	0	0	0	0	-1	40	0	0	0	0	0	-1	0	0	-1	0	26	-1	0	0
c6465	22	0	-1	40	0	41	3	0	-1	0	26	0	-1	24	10	-1	0	24	20	-1	32	43	0	9	15	-1	0	0	0	0
c6550	0	0	0	-1	0	43	-1	0	-1	0	0	-1	0	43	-1	41	-1	-1	0	-1	21	30	47	0	0	0	-1	0	-1	-1
c6575	0	-1	0	0	0	-1	0	-1	0	0	0	0	32	0	26	0	26	-1	0	0	5	0	0	50	26	0	26	0	2	49
c6613	0	20	32	0	-1	0	-1	25	0	0	0	32	26	-1	0	0	-1	5	31	0	-1	21	48	0	0	48	47	0	-1	0
c6614	-1	-1	0	0	-1	0	0	-1	13	-1	-1	-1	0	-1	0	0	0	0	-1	-1	0	4	0	0	-1	0	0	0	0	0
c6615	0	-1	-1	0	-1	0	0	-1	13	25	2	-1	0	13	0	-1	0	0	32	-1	0	0	0	0	0	-1	0	-1	0	0
c6617	0	0	0	43	5	-1	0	0	-1	25	-1	0	0	-1	0	0	0	0	44	48	0	5	0	4	4	44	25	-1	40	0
c6624	-1	0	22	0	-1	41	0	0	-1	27	0	-1	18	0	0	0	-1	0	0	0	47	-1	-1	18	0	26	-1	-1	0	44
c6635	18	0	37	41	-1	0	43	0	50	0	-1	-1	0	0	0	0	0	0	0	47	0	0	-1	0	0	0	0	0	-1	0
c6687	26	-1	0	41	20	0	0	0	0	0	0	24	18	-1	50	0	0	0	0	0	2	13	0	0	-1	-1	-1	0	0	0
c6691	0	-1	0	41	0	0	43	27	50	-1	0	-1	0	0	0	47	26	0	-1	-1	0	0	0	20	0	-1	-1	43	0	0
c6692	0	0	0	41	26	-1	50	0	-1	26	-1	-1	0	0	-1	0	0	-1	0	0	-1	0	-1	-1	0	0	-1	0	0	0
c6712	43	-1	43	-1	0	0	0	0	0	0	0	-1	0	20	47	0	0	0	0	0	0	13	0	-1	0	0	0	0	0	-1
c6744	30	-1	0	0	0	-1	27	26	0	0	0	0	0	0	40	48	43	46	0	-1	0	0	36	0	-1	-1	-1	-1	0	0
c6753	48	43	0	0	0	41	0	0	-1	48	0	0	0	0	0	-1	-1	0	0	0	0	-1	33	43	50	-1	-1	43	0	0
c6815	18	0	0	-1	0	41	0	43	-1	18	-1	0	-1	32	0	0	-1	0	0	26	0	0	0	0	-1	0	18	-1	-1	21
c6843	-1	-1	-1	0	43	0	0	-1	0	0	0	0	-1	0	-1	0	33	-1	0	-1	-1	0	-1	-1	-1	0	0	0	2	49
c6895	0	-1	0	-1	31	0	-1	-1	-1	25	2	-1	0	13	0	-1	0	0	32	0	0	0	0	0	0	0	0	0	-1	0
c6907	0	0	0	0	-1	0	-1	0	0	0	0	38	0	0	40	48	43	46	-1	0	-1	18	0	-1	0	0	-1	0	-1	0
c6913	-1	20	32	0	0	-1	37	0	0	0	25	0	-1	2	26	12	32	5	0	0	0	0	0	0	-1	44	40	0	-1	18
c6944	0	31	-1	0	32	-1	0	41	0	46	0	22	0	41	0	-1	0	-1	-1	0	-1	22	13	22	-1	0	-1	0	-1	49
c6972	0	-1	0	0	14	41	0	0	-1	27	22	41	-1	0	0	0	0	0	-1	0	-1	0	0	18	0	-1	13	0	0	44
c6976	0	0	44	-1	0	-1	-1	40	-1	-1	0	-1	0	-1	0	-1	36	0	34	-1	0	0	13	18	0	26	18	0	0	44
c7000	0	-1	0	0	-1	41	0	0	-1	48	0	0	-1	-1	0	0	21	0	0	0	0	-1	33	43	0	-1	-1	0	43	0
c7008	44	0	-1	0	-1	0	12	33	43	-1	14	46	0	-1	26	0	0	15	0	0	10	43	0	50	26	0	-1	31	2	49
c7012	48	0	0	42	0	0	-1	-1	43	20	25	2	43	41	-1	0	-1	-1	-1	26	0	0	13	30	-1	27	-1	0	2	49
c7068	0	-1	0	-1	0	41	0	0	-1	-1	0	-1	6	0	21	0	-1	0	0	19	-1	0	-1	-1	0	-1	0	-1	29	44
c7100	0	21	-1	-1	21	0	-1	0	0	25	-1	22	0	41	-1	32	2	0	0	0	-1	-1	13	0	-1	47	-1	43	2	49
c7102	0	0	-1	0	0	0	0	25	48	0	0	0	0	-1	0	0	0	0	-1	44	0	0	0	0	5	0	0	26	0	-1
c7153	0	0	0	0	0	41	0	50	-1	48	0	0	-1	0	-1	0	-1	26	48	0	0	-1	33	43	-1	-1	-1	0	0	31
c7258	0	0	0	43	25	43	0	-1	0	-1	-1	0	10	0	0	0	0	0	0	48	0	-1	0	4	4	44	0	-1	-1	0
c7262	-1	-1	-1	0	31	40	0	-1	13	25	2	-1	-1	13	32	0	-1	0	0	0	-1	-1	0	0	-1	-1	0	-1	-1	28
c7334	43	20	32	-1	43	0	-1	0	48	0	34	0	-1	-1	0	0	32	-1	0	0	-1	0	-1	0	0	0	0	0	-1	-1
c7345	0	0	0	-1	0	0	-1	25	-1	24	45	0	-1	30	0	0	-1	0	0	0	0	-1	43	0	5	0	-1	0	0	-1
c7383	18	20	-1	0	18	0	-1	36	0	0	0	0	0	2	0	44	32	5	5	-1	0	0	-1	-1	-1	-1	0	-1	0	50
c7412	26	-1	0	-1	0	0	0	0	0	0	-1	0	0	0	27	0	47	47	2	0	-1	0	0	-1	5	26	32	41	0	-1
c7469	0	0	-1	-1	0	0	0	-1	43	0	0	21	0	0	40	0	0	46	-1	-1	21	-1	0	-1	0	0	-1	0	0	-1
c7504	-1	0	-1	0	-1	-1	0	33	43	-1	-1	46	0	0	26	-1	0	0	0	0	0	-1	-1	50	26	-1	-1	0	2	49
c7550	0	0	0	0	14	41	0	-1	-1	27	0	41	0	0	0	0	-1	24	0	0	26	0	0	18	0	26	13	0	0	44
c7553	15	20	32	0	0	0	0	0	-1	-1	0	0	0	2	0	0	32	5	20	0	0	0	0	-1	43	26	-1	0	0	0
c7601	43	20	-1	0	0	0	43	0	0	0	0	0	0	-1	0	0	-1	5	0	0	0	-1	0	31	-1	-1	0	0	0	0
c7622	0	0	42	37	0	41	18	0	-1	27	-1	-1	0	0	0	47	0	0	0	0	-1	0	0	18	0	26	0	-1	3	44
c7657	0	0	0	40	0	0	32	-1	0	-1	0	46	-1	0	26	2	0	2	0	0	0	0	0	4	26	-1	0	0	2	-1
c7674	0	0	0	0	0	25	-1	-1	-1	-1	25	2	-1	41	-1	25	-1	0	-1	0	47	0	13	30	-1	0	-1	0	2	49
c7703	0	0	0	41	26	-1	50	0	-1	0	38	-1	0	0	0	-1	0	0	0	-1	0	-1	0	0	0	0	18	-1	-1	24
c7714	-1	-1	0	48	31	43	0	-1	13	25	2	-1	0	-1	0	0	0	0	-1	0	31	18	0	0	40	0	41	0	0	-1
c7742	0	0	0	0	14	41	0	-1	-1	27	-1	41	0	-1	43	0	0	0	0	0	26	0	0	-1	0	-1	13	0	0	44
c7818	41	0	43	0	0	-1	0	0	0	32	0	-1	-1	-1	40	0	7	46	43	-1	0	-1	0	0	21	0	-1	0	-1	-1
c7893	-1	-1	0	38	31	0	-1	-1	-1	25	2	-1	-1	-1	-1	22	-1	0	0	26	0	0	0	0	0	0	0	0	0	0
c7918	0	0	22	0	0	41	-1	43	-1	27	-1	0	0	0	0	-1	-1	0	0	0	0	0	0	18	0	26	20	0	0	44
c7926	0	20	-1	-1	0	0	43	0	0	-1	0	-1	0	-1	0	-1	32	5	31	-1	0	-1	0	0	0	0	0	0	47	43
c7929	0	20	32	0	0	-1	37	0	0	-1	-1	0	0	2	-1	12	32	5	0	18	0	0	0	-1	-1	44	40	-1	0	18
c8047	0	0	-1	41	0	0	0	-1	7	0	26	-1	0	0	0	-1	26	0	0	48	0	18	-1	0	24	0	0	0	0	24
c8065	-1	-1	43	41	18	0	0	0	0	0	0	24	0	20	47	0	-1	-1	0	0	-1	13	0	0	32	0	0	-1	5	0
c8126	26	0	0	5	0	-1	-1	0	-1	15	0	0	43	0	27	0	0	0	2	0	0	0	0	-1	5	26	32	0	0	0
c8155	18	20	32	0	18	-1	0	0	0	43	0	43	43	2	26	24	32	-1	-1	47	0	-1	0	18	0	44	0	0	0	-1
c8169	-1	-1	0	5	0	48	25	0	0	0	-1	0	43	0	-1	0	0	-1	2	0	-1	0	0	-1	5	-1	32	0	0	0
c8196	-1	0	-1	0	0	-1	0	0	-1	0	-1	0	0	0	-1	0	0	0	-1	18	18	32	0	43	-1	-1	43	0	32	0
c8200	12	0	0	9	40	41	0	0	-1	0	0	-1	-1	26	0	0	0	0	0	0	26	32	0	12	26	0	43	-1	-1	-1
c8203	0	0	32	32	0	0	29	0	32	-1	0	-1	0	0	-1	0	0	-1	0	0	-1	0	0	-1	-1	-1	0	0	2	49
c8257	0	0	0	0	0	41	-1	-1	-1	-1	0	0	0	26	-1	32	0	0	-1	-1	0	0	0	0	-1	32	-1	0	0	-1
c8260	-1	-1	-1	0	31	0	0	-1	13	25	-1	-1	-1	13	43	0	0	-1	0	-1	0	-1	0	0	10	0	-1	-1	0	0
c8262	0	0	-1	-1	0	0	0	-1	-1	0	-1	21	-1	-1	26	20	0	0	32	0	0	0	32	-1	26	48	-1	-1	-1	49
c8264	-1	0	0	-1	-1	2	0	0	44	-1	48	0	-1	0	-1	0	36	41	0	26	24	-1	26	0	26	21	0	48	2	49
c8290	0	0	0	-1	0	15	43	0	50	0	0	-1	5	0	43	-1	-1	0	-1	47	48	0	0	26	0	0	0	0	0	-1
c8299	41	0	0	41	31	-1	0	19	0	-1	0	24	2	0	0	0	0	0	-1	48	0	0	-1	20	0	-1	-1	22	-1	-1
c8326	0	0	0	43	25	43	-1	0	0	25	-1	0	0	0	0	0	-1	-1	0	48	0	5	0	4	4	44	0	-1	0	0
c8335	-1	20	32	0	-1	-1	0	0	0	0	0	0	0	2	-1	21	32	-1	0	-1	15	25	0	0	0	33	48	21	0	0
c8337	18	0	24	41	47	0	-1	10	-1	-1	-1	-1	42	0	-1	31	0	5	0	-1	0	0	49	0	0	0	26	0	-1	0
c8411	-1	20	32	-1	0	-1	0	0	26	0	-1	0	0	-1	-1	43	32	5	26	0	0	0	-1	0	0	44	0	0	0	-1
c8433	18	-1	-1	41	-1	0	-1	0	25	0	0	24	0	20	0	0	-1	0	0	-1	0	0	-1	0	30	0	28	-1	0	-1
c8439	0	0	0	0	-1	26	0	0	43	20	-1	-1	0	41	-1	0	48	0	-1	45	3	0	-1	0	-1	12	-1	0	2	49
c8453	0	0	32	-1	-1	0	0	21	-1	0	-1	0	-1	0	26	-1	0	0	-1	5	24	0	0	50	-1	2	0	-1	2	49
c8456	0	20	32	43	-1	-1	0	0	0	0	-1	-1	0	-1	26	0	32	5	26	-1	0	50	4	0	0	44	0	0	0	-1
c8469	0	0	0	21	0	0	-1	0	43	0	39	0	-1	0	40	48	43	46	30	47	0	18	0	0	0	0	-1	0	-1	-1
c8475	26	0	0	-1	0	0	26	0	-1	-1	-1	0	-1	-1	27	0	0	0	2	0	0	0	0	-1	5	26	32	0	-1	0
c8491	18	0	0	-1	26	41	-1	0	-1	27	-1	-1	0	0	0	-1	0	0	0	0	0	36	0	18	0	26	0	0	0	44
c8538	0	40	0	0	0	0	0	0	0	0	48	-1	0	47	40	48	0	46	-1	14	50	0	-1	0	-1	0	-1	0	13	0
c8539	0	40	0	0	0	0	0	0	0	0	48	0	0	47	40	48	0	46	0	14	50	0	0	0	0	0	-1	0	13	0
c8586	0	20	32	0	0	0	43	-1	0	0	-1	0	-1	-1	0	0	32	5	0	0	-1	-1	0	-1	14	0	0	0	0	0
c8651	31	0	41	43	45	34	0	0	9	0	-1	38	0	2	0	0	0	0	0	0	0	5	-1	18	-1	43	0	0	18	44
c8659	-1	0	-1	0	40	0	-1	-1	43	20	25	-1	0	41	-1	0	-1	0	-1	0	0	26	-1	30	-1	-1	-1	0	-1	-1
c8662	0	0	32	0	0	-1	0	0	0	0	0	-1	0	0	-1	0	-1	0	-1	5	24	0	0	50	26	2	0	0	-1	49
c8679	-1	20	32	43	0	-1	0	0	0	0	-1	-1	-1	-1	26	0	-1	5	26	-1	0	50	4	0	0	44	0	0	0	-1
c8686	0	-1	0	0	0	0	0	20	-1	0	0	0	31	22	-1	-1	43	46	-1	-1	48	0	0	-1	42	20	-1	0	0	0
c8699	-1	-1	18	0	0	0	-1	47	0	0	0	0	43	-1	40	48	43	46	43	-1	40	0	43	0	0	0	-1	0	0	0
c8701	25	0	0	0	0	41	0	47	-1	-1	0	0	0	0	0	-1	0	-1	0	-1	0	40	0	18	0	26	-1	0	0	44
c8738	0	0	-1	41	0	27	43	-1	50	0	-1	-1	0	0	25	0	0	-1	0	47	0	0	0	0	22	0	0	0	0	0
c8751	0	-1	0	0	0	43	-1	0	0	0	0	0	26	-1	40	48	43	46	0	43	0	-1	36	-1	0	-1	-1	0	-1	0
c8774	-1	20	32	0	-1	0	-1	-1	0	0	-1	0	18	-1	0	21	-1	5	0	-1	-1	25	0	0	0	33	0	21	0	0
c8795	25	47	0	0	0	41	0	0	-1	-1	0	0	0	-1	32	0	-1	0	0	0	0	-1	0	18	0	26	0	0	0	44
c8805	19	20	32	0	18	-1	0	0	0	46	-1	-1	0	2	26	-1	32	5	0	0	0	2	0	22	0	-1	-1	0	24	0
c8806	0	20	32	0	0	-1	0	18	43	-1	-1	15	0	2	0	-1	32	-1	0	0	0	25	-1	0	0	0	0	0	0	21
c8815	0	-1	32	0	0	-1	26	15	-1	41	0	0	48	2	26	0	32	-1	0	-1	-1	0	0	0	-1	-1	0	0	47	0
c8871	0	0	-1	43	-1	-1	0	0	-1	40	0	43	5	-1	-1	13	0	0	0	0	0	0	0	9	15	-1	-1	0	-1	0
c8919	0	0	0	41	-1	0	-1	0	50	0	50	0	0	0	0	0	0	0	0	47	-1	0	0	32	44	0	-1	0	0	0
c8931	-1	0	0	-1	-1	2	0	0	-1	0	48	0	5	0	13	45	36	41	-1	-1	24	44	0	0	26	-1	0	48	2	49
c8946	0	0	0	0	-1	0	-1	25	-1	-1	41	0	44	0	0	0	-1	-1	0	-1	-1	0	0	-1	5	-1	0	0	0	20
c8984	43	-1	0	0	0	41	-1	0	-1	27	0	-1	0	0	21	0	0	-1	0	0	0	0	0	-1	0	-1	-1	0	24	44
c8985	43	-1	0	0	0	41	0	0	-1	27	-1	-1	-1	0	0	5	-1	-1	0	0	0	0	0	-1	0	26	-1	0	24	44
c9002	-1	0	-1	40	0	41	0	50	-1	0	0	29	0	0	0	0	0	7	-1	-1	34	0	-1	0	-1	15	-1	0	0	0
c9014	0	0	0	41	10	0	0	3	0	0	-1	24	21	0	0	-1	0	0	0	48	0	-1	0	0	-1	-1	2	-1	-1	-1
c9021	0	20	-1	-1	0	38	0	-1	0	-1	0	0	0	2	0	0	32	-1	47	0	48	25	0	-1	18	18	0	0	0	5
c9052	0	0	-1	48	-1	-1	0	0	43	0	0	21	0	-1	-1	32	0	-1	0	0	21	0	27	47	0	0	0	0	0	26
c9081	-1	0	0	-1	-1	-1	0	0	-1	-1	-1	-1	0	0	-1	0	0	-1	0	0	26	0	0	18	0	26	13	50	0	44
c9100	0	-1	32	0	0	41	43	0	0	43	0	0	0	-1	0	0	32	5	31	-1	0	0	40	15	0	0	0	32	-1	-1
c9121	0	20	0	-1	20	0	0	0	-1	20	26	-1	0	-1	0	0	48	0	-1	45	0	0	13	0	-1	12	-1	0	2	49
c9127	43	0	21	-1	-1	-1	31	0	0	0	0	24	21	0	0	26	-1	-1	-1	48	18	40	-1	0	48	0	2	-1	0	0
c9137	41	-1	36	43	0	0	0	-1	0	-1	0	18	0	32	40	0	0	-1	-1	-1	-1	-1	20	-1	-1	0	14	0	0	2
c9161	0	32	12	-1	-1	41	0	0	-1	-1	-1	0	0	48	0	0	-1	0	-1	26	-1	-1	0	18	33	26	0	0	-1	44
c9182	48	40	25	0	24	0	0	0	0	48	27	0	0	-1	40	48	0	46	-1	0	0	0	-1	0	0	-1	-1	-1	0	0
c9228	-1	-1	-1	45	0	0	43	0	-1	0	0	-1	0	-1	0	-1	32	-1	31	0	-1	-1	-1	0	0	0	0	0	47	-1
c9243	18	0	0	-1	-1	-1	-1	0	-1	27	0	0	0	0	-1	-1	0	50	0	0	0	0	0	18	-1	26	0	0	32	44
c9249	0	0	0	44	0	-1	0	0	0	0	-1	0	-1	-1	26	-1	4	0	28	0	-1	-1	0	50	26	48	20	0	2	49
c9251	-1	-1	0	-1	-1	0	-1	43	31	0	-1	0	0	0	40	-1	-1	46	0	0	40	0	48	15	0	0	-1	42	0	0
c9271	5	20	-1	-1	-1	0	-1	43	0	0	0	0	0	2	0	0	32	-1	0	-1	-1	0	-1	0	0	36	29	-1	0	32
c9314	-1	-1	0	0	20	0	0	0	43	20	-1	2	0	41	0	0	48	0	-1	-1	0	0	-1	25	-1	-1	-1	38	2	49
c9323	18	20	-1	-1	0	0	43	0	0	-1	0	-1	0	-1	0	0	32	5	0	0	0	0	0	2	-1	36	-1	0	-1	0
c9429	-1	18	0	40	8	0	0	21	-1	-1	0	46	0	0	26	0	0	-1	0	0	-1	0	0	0	26	21	0	2	2	49
c9433	41	0	0	0	-1	-1	20	48	-1	48	0	0	-1	0	0	0	21	-1	-1	0	0	-1	4	0	0	-1	-1	0	0	-1
c9513	0	0	0	41	26	0	50	21	0	7	48	0	0	43	-1	0	43	0	0	0	0	0	0	0	18	0	0	9	-1	0
c9543	0	43	41	-1	0	41	28	0	-1	0	0	0	0	0	0	0	-1	0	12	0	0	-1	1	0	-1	0	-1	0	0	0
c9570	0	18	-1	-1	-1	-1	0	25	0	-1	0	22	0	-1	0	0	0	0	0	0	15	0	0	-1	5	0	-1	0	0	40
c9572	-1	0	43	-1	21	-1	-1	0	-1	0	0	0	5	0	26	40	0	0	0	0	-1	0	-1	50	-1	0	0	0	2	49
c9584	0	0	0	48	0	5	0	0	43	-1	44	0	0	0	40	2	-1	46	26	0	0	0	0	0	-1	0	-1	0	0	0
c9603	-1	-1	0	0	31	-1	0	-1	-1	25	2	-1	0	13	0	9	0	0	0	0	-1	0	0	0	0	0	41	22	-1	0
c9607	0	20	32	39	0	0	43	-1	0	32	0	-1	0	-1	0	26	-1	5	0	0	-1	0	0	0	14	0	0	0	0	0
c9611	0	0	0	0	0	41	0	0	-1	0	0	0	26	-1	0	0	0	40	0	0	20	-1	0	0	0	0	-1	43	0	-1
c9612	0	0	-1	41	-1	-1	-1	-1	25	0	-1	24	-1	20	-1	-1	-1	48	0	0	0	18	0	0	30	0	44	-1	0	0
c9632	-1	0	0	0	32	-1	0	41	0	0	-1	22	18	41	0	0	0	0	0	0	-1	22	13	-1	-1	0	-1	0	-1	49
c9635	26	-1	0	41	-1	0	0	-1	-1	0	0	24	18	20	0	0	0	0	0	0	0	13	-1	0	-1	-1	0	0	0	-1
c9673	37	-1	0	43	0	0	0	0	-1	2	18	0	0	-1	40	-1	43	46	0	0	0	0	36	15	0	-1	-1	26	34	0
c9700	26	0	-1	0	0	0	0	-1	0	22	0	0	-1	-1	-1	0	22	22	-1	3	0	-1	0	0	5	-1	0	0	-1	0
c9723	-1	20	32	-1	-1	0	0	26	0	0	0	0	-1	2	0	0	32	5	47	-1	0	-1	50	0	18	-1	0	-1	42	-1
c9752	41	-1	43	0	-1	-1	0	0	0	32	0	-1	39	-1	40	0	0	46	-1	26	-1	-1	0	0	0	-1	0	0	0	-1
c9771	41	32	-1	-1	-1	0	-1	0	-1	0	38	48	44	0	40	0	48	-1	0	-1	-1	-1	0	0	37	0	0	0	0	0
c9778	0	20	-1	-1	0	-1	26	-1	-1	41	0	-1	-1	-1	26	0	32	5	30	0	-1	0	-1	0	32	42	-1	-1	47	26
c9782	0	-1	-1	41	-1	0	0	0	0	0	-1	24	21	22	0	-1	0	24	16	48	0	0	0	-1	48	0	2	0	0	0
c9783	0	-1	-1	41	0	-1	0	0	-1	0	0	-1	21	22	0	26	0	24	16	48	0	0	-1	0	48	0	2	0	-1	0
c9813	0	0	0	0	32	0	0	48	43	20	32	2	0	41	26	0	-1	0	-1	-1	43	0	-1	0	-1	0	-1	0	2	49
c9837	0	-1	0	0	-1	-1	-1	0	0	0	0	38	0	0	-1	-1	43	46	0	-1	-1	18	15	0	-1	0	-1	0	43	0
c9843	26	0	43	0	0	0	0	43	0	0	0	0	0	0	27	0	0	47	0	3	-1	15	0	43	-1	-1	5	0	0	0
c9857	-1	45	50	50	44	41	0	30	-1	27	0	50	0	48	0	0	5	0	0	0	0	0	32	-1	0	0	-1	34	0	0
c9865	0	0	-1	0	0	27	0	-1	0	0	0	0	31	-1	40	-1	43	46	0	0	-1	0	43	-1	-1	0	-1	0	0	-1
c9869	0	0	-1	41	0	0	43	-1	50	0	-1	18	0	-1	-1	47	26	0	0	-1	0	0	0	-1	0	0	22	-1	0	0
c9883	41	0	44	0	0	-1	0	18	-1	-1	-1	43	0	43	40	48	-1	-1	31	0	26	0	0	0	18	-1	-1	0	18	29
c9897	0	-1	0	0	0	0	27	-1	0	43	24	0	0	0	40	-1	43	46	0	0	0	0	36	0	0	-1	-1	-1	0	-1
c9919	0	-1	-1	0	48	41	0	0	-1	-1	-1	0	0	24	0	-1	0	26	0	-1	0	-1	0	9	15	0	0	-1	47	0
c9958	0	20	0	43	0	2	0	47	44	0	48	0	0	0	13	0	36	41	0	0	24	44	0	0	-1	21	0	48	2	49
c10018	0	0	0	0	-1	-1	0	0	-1	27	0	41	0	0	-1	0	0	0	-1	-1	26	-1	0	18	0	26	13	0	-1	44
c10022	41	0	0	0	0	-1	0	0	0	-1	-1	43	0	0	40	0	0	-1	31	-1	32	0	0	0	0	-1	0	0	-1	29
c10069	26	0	0	0	-1	-1	8	23	0	37	0	-1	0	0	27	20	0	-1	2	-1	0	0	0	-1	5	-1	32	-1	-1	-1
c10073	-1	-1	0	0	31	0	0	-1	13	25	2	-1	0	13	0	15	0	0	32	0	-1	0	-1	0	0	19	26	43	0	0
c10084	41	0	43	0	0	0	0	0	-1	32	0	22	39	0	40	0	-1	46	43	26	-1	-1	0	0	21	0	-1	0	0	-1
c10085	41	0	43	0	0	0	0	0	0	-1	0	22	39	0	40	0	7	46	43	26	0	9	0	0	21	0	0	0	0	-1
c10098	0	0	0	-1	0	-1	32	0	32	0	-1	-1	-1	0	26	-1	0	5	0	-1	0	0	0	-1	-1	0	0	0	-1	49
c10114	0	0	0	0	20	0	-1	-1	43	20	-1	2	-1	-1	0	0	-1	0	-1	45	3	0	-1	0	-1	12	-1	0	-1	49
c10130	0	-1	32	0	0	-1	0	0	0	0	-1	0	48	2	26	-1	32	-1	0	0	46	0	0	0	-1	42	0	0	47	0
c10157	26	5	32	0	0	0	0	0	2	0	0	40	-1	0	27	0	36	0	0	-1	3	5	-1	-1	-1	26	0	43	0	0
c10194	-1	0	-1	43	50	41	0	-1	-1	0	0	0	0	0	0	-1	-1	0	0	0	34	-1	-1	0	-1	-1	0	-1	0	0
c10195	0	0	43	43	-1	41	0	0	-1	-1	0	0	0	-1	0	-1	9	0	0	0	-1	-1	-1	0	-1	0	-1	0	0	0
c10203	26	0	0	0	0	-1	0	40	43	20	40	2	0	41	-1	-1	-1	0	-1	45	-1	-1	13	41	-1	-1	-1	8	-1	49
c10286	-1	0	0	41	-1	0	0	-1	15	33	0	24	-1	-1	0	26	0	48	-1	48	0	-1	0	5	0	0	2	0	0	0
c10335	32	0	-1	-1	0	41	0	33	-1	0	0	0	0	0	-1	0	0	0	13	0	0	0	0	9	15	0	43	43	0	-1
c10437	0	0	-1	0	0	0	0	40	-1	20	40	2	0	41	0	0	48	0	-1	45	0	0	13	-1	-1	0	-1	8	2	-1
c10439	0	0	44	0	0	41	4	40	-1	-1	0	0	-1	-1	-1	0	0	0	34	-1	0	-1	13	18	0	26	0	0	-1	44
c10443	0	0	41	-1	0	41	0	21	-1	0	0	0	0	32	-1	25	-1	-1	-1	10	0	0	1	0	0	5	-1	0	0	0
c10458	0	20	32	43	0	-1	0	-1	0	-1	-1	-1	0	2	26	40	32	5	26	0	0	33	4	0	0	44	0	-1	0	-1
c10463	0	20	32	-1	0	-1	0	0	0	13	-1	0	-1	2	-1	43	-1	5	26	0	-1	0	0	0	0	-1	0	25	0	-1
c10473	-1	0	-1	41	0	-1	43	0	-1	0	0	18	0	0	3	0	26	0	0	47	0	-1	0	0	0	0	22	43	0	-1
c10477	-1	48	22	-1	0	0	-1	43	31	0	0	0	0	0	40	48	43	46	0	0	-1	-1	48	15	0	0	-1	42	0	50
c10486	18	20	-1	0	18	0	43	36	0	-1	0	0	0	-1	0	-1	32	5	0	0	0	0	-1	0	-1	0	0	32	43	0
c10506	-1	-1	0	-1	31	-1	0	-1	13	25	2	-1	-1	-1	-1	22	-1	0	0	-1	0	0	-1	0	0	0	0	-1	-1	0
c10528	0	-1	0	40	0	0	32	-1	0	-1	0	46	0	0	26	2	0	2	0	0	0	0	0	4	-1	0	26	47	2	49
c10535	0	0	-1	41	0	0	-1	0	25	-1	0	24	-1	20	48	0	0	0	0	0	-1	0	32	-1	30	0	0	0	-1	0
c10552	0	20	32	-1	18	-1	0	0	0	0	11	0	0	2	-1	-1	-1	5	0	-1	-1	0	0	0	-1	-1	0	-1	0	0
c10566	0	-1	-1	0	0	41	0	-1	-1	12	0	-1	0	44	0	40	0	-1	0	47	-1	44	0	0	0	0	-1	-1	0	0
c10574	0	0	0	0	0	0	0	43	-1	0	0	0	0	0	26	0	-1	-1	0	0	-1	0	27	50	26	0	0	-1	2	49
c10577	43	20	-1	0	18	-1	-1	-1	-1	0	0	33	0	2	26	-1	32	5	0	0	-1	-1	0	0	15	0	0	-1	0	0
c10591	26	-1	43	41	20	0	0	0	-1	0	0	-1	18	20	0	-1	-1	0	0	0	0	13	0	43	0	0	0	0	0	0
c10598	31	-1	0	0	-1	-1	27	26	0	-1	29	0	0	-1	40	48	43	46	0	0	0	-1	36	-1	0	-1	-1	-1	-1	0
c10601	0	0	41	43	0	34	0	0	0	22	43	4	0	0	0	5	44	-1	-1	0	0	5	0	-1	0	47	32	0	-1	44
c10602	-1	-1	-1	41	0	32	0	0	0	47	-1	24	0	20	0	0	0	0	-1	0	24	13	27	-1	0	47	-1	-1	-1	-1
c10620	-1	-1	-1	48	-1	0	0	-1	43	0	0	-1	0	43	40	0	0	-1	22	0	21	30	0	0	0	0	-1	-1	43	0
c10626	-1	0	0	0	0	0	-1	0	43	18	-1	0	43	0	-1	48	43	46	4	0	40	0	0	13	0	0	-1	0	0	0
c10639	0	-1	-1	0	0	6	0	0	43	20	0	2	32	41	-1	0	48	-1	-1	45	0	0	13	0	-1	21	-1	0	2	49
c10641	0	0	-1	0	0	0	4	0	0	0	0	47	-1	46	26	47	33	0	0	-1	-1	0	43	50	26	0	-1	0	2	49
c10703	0	-1	0	41	0	27	43	0	50	0	0	0	0	0	25	0	0	0	-1	47	0	0	0	0	0	0	0	-1	-1	0
c10706	-1	2	0	-1	0	0	47	-1	0	-1	0	46	43	0	26	2	0	0	0	-1	-1	0	0	4	26	0	0	22	2	49
c10722	0	0	26	-1	0	15	43	0	50	-1	0	0	5	0	-1	-1	-1	0	-1	47	-1	0	0	0	0	0	0	0	0	0
c10728	0	22	-1	0	-1	41	0	0	-1	0	0	0	0	24	0	0	0	26	0	-1	0	40	0	9	15	0	0	0	-1	0
c10757	0	-1	0	0	-1	-1	-1	-1	43	20	25	2	-1	41	-1	0	-1	-1	-1	-1	0	-1	13	30	-1	0	-1	-1	2	49
c10784	0	0	21	0	34	41	0	0	-1	-1	-1	40	0	0	0	18	0	0	34	0	0	0	0	18	0	-1	-1	0	0	44
c10787	0	0	-1	0	32	0	0	0	43	20	32	2	0	41	-1	-1	48	0	-1	45	43	0	-1	31	-1	0	-1	-1	2	49
c10788	-1	-1	0	0	31	-1	0	-1	13	-1	2	-1	0	13	0	0	-1	5	-1	-1	0	43	0	8	0	0	0	0	0	0
c10798	0	0	0	0	47	38	0	0	0	0	0	-1	0	-1	26	0	0	41	0	0	9	0	10	50	26	26	0	0	2	49
c10800	0	0	47	-1	0	21	0	-1	-1	-1	0	43	0	0	26	0	2	5	0	-1	26	0	6	50	26	34	0	0	2	-1
c10806	0	-1	0	12	0	41	0	8	-1	43	-1	0	2	0	0	0	0	0	0	22	41	0	-1	17	0	-1	-1	21	0	-1
c10807	0	-1	0	12	0	41	0	8	-1	43	0	0	2	-1	0	0	0	0	0	22	41	-1	-1	17	-1	43	0	21	0	0
c10817	-1	0	0	0	0	41	0	44	-1	48	0	0	0	26	0	26	-1	0	-1	0	0	-1	0	-1	0	0	-1	0	0	0
c10845	26	-1	-1	0	0	0	18	0	2	0	0	40	0	0	27	0	0	-1	0	-1	3	0	0	-1	5	-1	-1	0	0	0
c10847	0	0	0	0	32	0	0	12	43	20	32	2	-1	-1	0	0	48	-1	-1	45	43	0	-1	43	-1	0	-1	-1	2	49
c10856	-1	0	0	5	-1	0	0	0	0	43	-1	0	26	40	26	-1	0	44	0	-1	40	0	-1	-1	26	0	0	0	2	49
c10861	0	2	0	40	0	-1	-1	-1	0	-1	0	-1	0	0	26	2	0	-1	0	-1	0	0	0	-1	26	0	0	22	2	49
c10869	0	31	0	0	0	-1	0	0	-1	0	26	21	0	-1	26	20	26	0	0	-1	0	-1	32	50	26	48	26	0	2	49
c10885	-1	0	21	41	0	0	0	0	0	0	5	-1	21	0	0	-1	0	0	0	48	10	-1	0	0	48	0	-1	0	0	0
c10929	0	-1	43	-1	0	0	39	6	-1	3	0	24	2	20	0	32	0	0	0	-1	40	13	0	-1	0	0	0	-1	-1	0
c10939	0	-1	0	0	0	0	27	-1	-1	-1	0	0	0	0	40	-1	-1	46	0	0	0	0	36	-1	0	-1	-1	0	0	-1
c10949	-1	0	0	0	0	25	0	-1	0	-1	-1	0	-1	0	-1	0	47	0	0	0	24	0	0	50	26	-1	15	-1	2	49
c10962	-1	0	43	36	0	-1	0	0	-1	0	0	-1	0	18	-1	43	0	0	-1	-1	0	30	0	-1	32	-1	0	-1	0	-1
c10995	0	0	0	41	0	0	0	20	0	2	0	-1	21	0	0	26	0	0	-1	-1	0	0	0	0	-1	-1	2	0	0	0
c11010	0	31	0	0	-1	0	-1	-1	43	20	25	2	0	41	0	0	-1	0	-1	0	0	-1	13	-1	-1	45	-1	0	2	49
c11038	0	0	0	0	0	41	0	-1	-1	-1	0	0	-1	-1	-1	0	0	0	0	-1	-1	0	0	-1	-1	26	-1	0	-1	44
c11041	0	0	-1	-1	26	-1	-1	0	0	0	38	41	0	0	0	0	-1	0	0	-1	0	0	0	0	0	0	-1	0	0	0
c11075	26	0	0	5	-1	48	0	0	0	0	0	0	-1	0	-1	0	0	-1	2	15	0	0	0	-1	5	26	32	0	0	0
c11093	43	-1	-1	-1	0	0	27	26	0	44	0	-1	0	40	40	48	43	46	0	0	0	0	36	0	0	-1	-1	0	0	0
c11100	-1	-1	0	0	-1	0	0	0	0	0	26	43	18	-1	27	0	0	0	2	-1	-1	0	0	-1	5	26	-1	-1	0	9
c11107	-1	-1	2	0	31	0	0	-1	13	25	2	-1	0	13	0	32	0	-1	0	0	0	0	-1	0	0	0	-1	43	0	22
c11120	0	43	41	-1	-1	41	28	0	-1	0	0	0	0	-1	0	0	40	0	0	0	0	40	1	0	0	0	-1	0	38	0
c11128	41	30	0	-1	-1	-1	-1	0	0	0	26	0	0	0	-1	0	0	-1	-1	2	9	0	-1	0	0	22	0	47	0	0
c11137	26	0	-1	0	-1	-1	26	0	0	0	0	0	0	-1	27	-1	0	0	2	0	0	0	0	-1	5	-1	32	0	4	0
c11139	0	0	0	-1	-1	41	-1	0	-1	-1	0	40	0	0	0	18	0	0	34	0	0	0	0	18	0	-1	0	0	0	-1
c11148	26	0	32	0	0	0	0	0	2	0	0	40	0	-1	27	-1	-1	0	0	3	3	0	0	-1	5	-1	0	0	0	38
c11154	0	0	0	0	0	41	0	-1	-1	-1	0	0	-1	0	5	26	0	0	0	0	0	0	0	18	0	26	0	3	0	44
c11158	41	0	0	-1	0	32	40	0	40	0	26	43	0	0	40	-1	0	-1	-1	0	-1	0	-1	0	0	0	9	-1	18	29
c11240	0	0	0	0	-1	0	43	44	43	-1	-1	2	30	41	0	0	0	0	-1	-1	0	0	13	0	-1	0	-1	40	2	49
c11246	-1	20	-1	0	-1	0	-1	36	0	0	0	0	-1	2	-1	0	32	5	0	44	0	0	-1	0	0	0	0	40	0	-1
c11324	26	-1	-1	13	0	0	0	0	2	0	-1	40	24	0	27	-1	-1	0	0	3	-1	0	0	-1	5	26	0	0	0	0
c11361	43	-1	43	40	0	-1	0	50	-1	0	0	0	0	-1	0	-1	4	0	-1	-1	34	0	-1	-1	-1	15	0	0	-1	0
c11362	-1	0	0	40	0	0	22	15	-1	-1	0	46	40	0	26	0	0	0	-1	0	0	0	0	-1	26	-1	0	25	-1	-1
c11378	0	0	-1	48	-1	-1	0	0	43	0	4	21	0	-1	40	44	48	46	0	-1	-1	0	27	47	10	-1	22	-1	0	26
c11382	-1	0	0	41	-1	0	50	0	43	40	0	0	0	0	-1	0	0	-1	0	0	0	0	0	1	0	0	0	0	18	31
c11386	41	44	0	18	43	-1	-1	48	-1	48	-1	0	-1	0	0	0	21	0	0	20	-1	-1	0	0	32	-1	-1	0	18	0
c11405	0	-1	32	43	0	-1	0	0	0	0	-1	0	0	2	26	43	32	5	26	0	-1	0	0	0	0	44	0	0	0	-1
c11411	0	0	40	0	0	43	0	0	0	-1	-1	0	26	0	26	0	0	29	-1	2	-1	-1	0	0	26	3	14	0	2	49
c11412	-1	0	0	-1	-1	0	0	0	0	-1	0	0	0	34	27	0	0	0	2	27	-1	0	-1	-1	5	-1	-1	0	-1	0
c11418	-1	0	-1	41	0	0	-1	0	32	0	0	24	0	0	0	-1	-1	0	30	48	44	0	0	-1	32	48	0	0	0	0
c11428	43	2	0	-1	0	41	0	0	-1	27	43	0	0	-1	0	38	0	0	0	0	0	0	0	18	0	26	25	0	-1	44
c11429	43	0	0	0	0	41	-1	0	-1	27	43	0	0	0	0	38	0	0	0	0	0	0	0	18	0	26	25	0	0	-1
c11474	0	-1	0	0	0	0	0	0	0	0	0	0	0	0	-1	0	33	0	0	-1	0	-1	0	50	26	0	0	0	2	49
c11483	0	0	0	0	0	41	0	0	-1	32	31	0	0	0	31	0	0	0	0	0	20	-1	0	32	0	0	-1	43	0	-1
c11486	44	0	-1	0	-1	0	12	33	-1	-1	14	46	0	0	26	0	-1	15	-1	0	10	43	0	50	26	0	0	31	2	-1
c11514	0	-1	0	43	0	43	0	2	0	25	0	22	40	-1	-1	0	0	24	0	48	0	5	0	0	4	0	0	0	34	0
c11540	0	-1	0	-1	0	-1	32	40	0	0	0	-1	0	-1	-1	0	5	0	12	0	0	13	22	0	-1	0	40	0	18	0
c11545	26	-1	0	41	20	-1	0	0	-1	0	0	-1	18	20	-1	0	-1	0	0	0	-1	-1	0	-1	0	0	0	-1	-1	0
c11552	12	32	-1	9	-1	-1	32	0	-1	0	-1	0	-1	0	0	0	-1	0	-1	-1	0	-1	0	0	26	-1	43	0	0	33
c11559	0	-1	-1	0	0	0	12	33	43	-1	44	46	0	0	26	0	0	15	0	0	-1	0	0	-1	26	0	0	0	2	49
c11562	41	0	0	0	0	0	-1	-1	42	0	26	0	0	25	40	-1	-1	46	26	-1	0	0	0	0	-1	0	0	0	0	24
c11570	-1	0	-1	-1	0	28	47	-1	0	40	0	0	44	47	40	0	0	46	0	0	26	0	-1	0	0	0	-1	13	0	0
c11584	-1	0	0	40	0	-1	32	-1	0	-1	0	46	-1	0	-1	2	0	2	0	0	0	0	0	4	26	-1	0	0	-1	49
c11596	0	0	0	48	-1	-1	0	0	-1	0	0	21	0	3	40	-1	0	46	0	-1	21	0	27	-1	0	0	-1	0	0	26
c11616	18	31	-1	41	18	0	-1	0	-1	0	0	24	0	20	0	0	0	-1	0	0	32	0	0	0	30	0	0	0	-1	0
c11627	-1	-1	10	-1	0	-1	47	0	0	0	0	0	44	0	40	21	0	46	0	0	0	0	9	0	0	-1	0	0	37	0
c11629	13	0	-1	41	-1	0	-1	0	0	0	0	24	0	32	0	0	0	0	0	48	0	-1	-1	0	0	-1	0	22	32	0
c11638	0	-1	-1	-1	0	0	43	-1	0	0	-1	-1	0	-1	0	0	32	5	-1	0	0	0	0	-1	0	-1	-1	-1	0	0
c11639	0	20	32	0	0	0	43	0	0	0	0	-1	-1	-1	0	0	32	5	-1	0	0	0	-1	-1	-1	0	-1	0	0	0
c11640	-1	18	-1	43	0	34	0	0	0	0	41	27	0	0	0	34	0	-1	26	-1	44	-1	0	0	0	18	32	0	-1	44
c11664	0	0	0	41	0	0	-1	0	0	0	0	0	40	-1	-1	0	-1	-1	0	0	0	43	13	0	-1	0	0	0	-1	0
c11666	0	0	0	0	0	41	12	0	-1	0	0	0	20	25	13	0	21	0	-1	-1	12	0	0	-1	0	0	0	26	0	18
c11678	0	-1	0	-1	-1	2	50	0	0	27	48	0	-1	0	-1	0	43	0	47	0	0	0	0	0	18	0	0	9	-1	26
c11700	0	0	-1	-1	0	0	-1	0	25	0	0	24	0	-1	0	19	0	-1	0	0	0	40	0	0	30	0	-1	0	0	-1
c11715	0	-1	43	41	0	0	0	0	0	0	0	24	0	20	0	0	0	-1	22	0	0	13	18	-1	0	0	0	-1	0	0
c11720	-1	0	43	0	40	24	-1	25	0	24	45	-1	0	-1	0	0	0	29	-1	0	0	0	0	0	5	0	-1	0	0	40
c11736	41	0	0	43	0	0	48	0	0	-1	-1	32	39	0	40	0	-1	46	0	10	0	0	0	25	32	-1	0	0	0	0
c11755	0	0	0	41	0	15	-1	-1	50	0	0	0	5	-1	0	-1	0	0	-1	47	-1	-1	0	0	0	0	0	0	20	0
c11769	-1	0	0	41	47	0	-1	44	18	0	-1	0	0	-1	-1	0	29	5	0	47	-1	-1	41	0	0	0	-1	0	0	20
c11784	43	-1	0	0	-1	0	13	18	0	0	0	31	-1	22	40	48	43	46	0	0	-1	0	36	13	0	-1	-1	0	21	0
c11791	0	0	0	0	0	41	26	0	-1	-1	0	0	0	-1	0	0	0	0	-1	-1	-1	-1	0	18	0	-1	0	0	43	44
c11794	0	0	-1	0	-1	41	4	40	-1	-1	0	0	0	-1	0	0	0	0	34	0	0	0	13	18	-1	26	48	0	0	44
c11824	0	-1	32	43	-1	-1	0	0	0	0	-1	48	0	2	26	0	32	5	26	0	0	33	-1	0	0	44	0	-1	-1	-1
c11833	-1	-1	43	-1	0	-1	0	0	-1	0	0	-1	0	20	0	0	0	-1	-1	0	0	13	0	-1	21	34	0	41	31	0
c11838	0	-1	-1	41	20	0	44	-1	0	9	0	-1	0	20	0	0	0	0	0	0	15	13	0	43	-1	38	0	-1	-1	0
c11860	41	43	0	0	0	-1	-1	-1	-1	0	-1	0	0	0	40	0	5	46	26	0	18	0	-1	26	43	0	0	0	0	15
c11895	43	20	32	0	0	-1	43	-1	0	-1	-1	0	0	-1	0	43	-1	5	31	48	-1	0	21	0	0	0	0	-1	0	0
c11902	0	0	-1	0	5	41	18	0	-1	-1	18	1	0	-1	0	-1	32	10	43	0	24	-1	0	18	0	26	-1	0	34	44
c11907	0	40	-1	0	-1	-1	10	0	-1	47	-1	-1	41	-1	0	2	41	-1	0	22	-1	0	-1	0	0	24	20	0	-1	21
c11908	41	0	0	43	-1	0	-1	0	42	-1	26	0	0	0	40	0	0	46	-1	0	0	-1	43	26	40	31	0	48	0	0
c11916	31	-1	0	-1	0	0	27	-1	0	44	29	0	0	40	40	48	43	46	0	0	-1	18	36	-1	-1	-1	-1	0	-1	0
c11917	31	-1	0	0	0	-1	27	26	-1	44	29	0	0	40	40	48	43	46	0	0	0	18	36	0	0	-1	-1	0	-1	-1
c11924	26	0	0	-1	0	26	-1	15	0	-1	0	46	40	0	26	0	0	0	0	44	0	0	0	-1	-1	0	-1	25	2	-1
c11926	0	-1	-1	41	0	-1	-1	0	25	-1	0	-1	0	20	48	-1	0	0	0	0	0	0	15	0	30	0	0	0	0	0
c11949	0	0	-1	40	-1	-1	31	0	-1	0	-1	26	-1	24	0	0	41	24	0	0	0	0	18	-1	-1	0	0	18	0	0
c11983	19	20	32	0	18	-1	0	-1	-1	-1	0	0	0	2	26	-1	32	5	0	0	-1	0	0	31	0	-1	43	-1	24	0
c11984	0	0	-1	48	0	0	0	0	43	0	0	21	0	43	-1	0	0	46	32	0	21	30	-1	-1	-1	20	0	0	-1	-1
c11987	0	18	0	41	-1	-1	50	-1	0	0	0	47	-1	0	-1	0	0	-1	21	0	0	0	31	0	-1	0	2	-1	-1	0
c12020	-1	0	-1	0	26	0	32	25	14	0	0	0	43	0	0	0	-1	43	-1	-1	0	-1	-1	0	5	0	-1	0	0	0
c12038	30	-1	-1	0	0	0	0	0	-1	-1	-1	0	8	-1	0	0	32	5	0	0	0	25	-1	44	47	0	0	0	0	-1
c12043	-1	15	0	0	0	3	-1	0	-1	0	0	0	43	0	40	48	43	46	0	0	-1	0	-1	5	0	0	-1	0	0	-1
c12049	-1	0	0	-1	-1	0	-1	-1	50	40	-1	0	-1	0	0	0	0	-1	18	47	0	-1	0	36	0	0	-1	-1	0	-1
c12054	21	-1	43	-1	0	0	0	0	26	5	40	24	0	-1	8	-1	-1	0	0	48	44	43	-1	0	25	0	0	26	0	32
c12067	0	0	-1	-1	0	-1	0	0	0	-1	0	46	-1	0	26	-1	-1	26	26	0	0	0	0	50	26	0	-1	0	2	49
c12078	41	0	0	0	-1	0	-1	-1	42	0	26	-1	-1	0	40	0	0	46	26	0	-1	0	0	-1	5	13	-1	0	0	0
c12085	43	10	0	0	0	41	-1	0	-1	27	45	-1	0	0	0	0	0	-1	-1	0	0	0	-1	-1	0	26	25	0	24	44
c12111	0	-1	0	-1	0	43	0	25	0	0	-1	0	-1	-1	0	-1	0	-1	0	0	15	0	0	0	5	0	27	0	25	0
c12113	0	18	0	41	-1	-1	50	43	-1	-1	0	0	0	-1	-1	0	36	-1	21	-1	-1	0	32	0	0	0	0	0	0	0
c12125	-1	-1	0	41	20	0	0	0	0	-1	0	24	18	20	50	-1	0	38	-1	0	2	13	-1	0	0	0	0	0	0	22
c12134	0	0	32	0	0	0	0	0	-1	0	0	0	-1	7	26	0	0	0	0	5	24	0	0	50	-1	2	0	0	2	49
c12150	0	-1	0	0	15	41	0	40	-1	-1	0	-1	-1	0	0	-1	0	0	0	44	31	0	26	0	-1	0	0	0	0	-1
c12157	-1	0	0	12	0	41	-1	8	-1	-1	0	0	2	0	0	0	0	13	0	22	41	0	0	17	-1	-1	48	21	0	0
c12176	-1	-1	0	0	31	-1	-1	-1	-1	-1	2	-1	0	13	0	15	32	0	0	0	0	0	0	0	0	12	26	0	0	-1
c12211	-1	-1	0	26	31	0	0	-1	13	25	-1	-1	0	13	43	0	0	0	0	0	0	0	0	0	10	0	0	0	-1	0
c12215	-1	0	0	28	0	0	0	0	0	-1	0	0	0	0	26	-1	33	0	40	-1	-1	-1	0	50	26	0	43	0	2	49
c12216	-1	-1	-1	25	-1	41	0	0	-1	0	0	-1	0	24	0	0	-1	26	0	47	0	24	0	9	15	-1	0	-1	2	22
c12219	-1	-1	43	41	-1	0	0	0	-1	0	0	24	0	20	47	0	50	0	0	0	0	13	48	0	0	0	-1	20	0	-1
c12244	0	0	-1	0	0	0	0	0	0	0	0	-1	0	0	26	-1	-1	0	0	5	24	0	-1	-1	-1	2	0	0	2	49
c12245	0	-1	32	0	0	0	3	0	0	0	5	0	-1	0	-1	-1	-1	0	0	-1	24	0	0	50	26	2	43	0	-1	49
c12252	25	0	0	0	-1	41	0	0	-1	-1	0	0	0	0	0	26	0	0	0	-1	0	0	0	18	-1	-1	0	5	0	44
c12257	0	0	0	0	0	-1	-1	0	-1	27	0	0	0	0	-1	21	0	0	0	0	0	0	18	-1	-1	26	0	-1	0	44
c12269	-1	0	0	0	-1	41	18	-1	-1	27	0	32	0	-1	-1	31	0	10	-1	43	24	0	40	-1	-1	-1	0	0	34	44
c12270	-1	48	0	0	0	0	-1	43	31	-1	0	0	0	5	40	48	43	46	0	-1	40	-1	48	-1	0	0	-1	42	0	0
c12282	-1	0	0	0	18	0	-1	0	-1	0	0	0	43	0	40	48	43	46	4	0	-1	0	0	13	0	0	-1	0	0	0
c12291	0	0	0	0	-1	41	0	0	-1	48	0	-1	-1	0	0	-1	21	0	0	-1	0	-1	0	34	0	21	-1	0	0	0
c12293	40	0	47	-1	32	-1	0	0	-1	-1	0	-1	0	-1	28	43	0	41	0	-1	40	30	0	-1	-1	-1	0	0	0	-1
c12296	0	-1	0	-1	0	5	0	-1	-1	-1	-1	0	0	0	-1	2	-1	46	26	0	0	0	0	0	-1	0	-1	50	0	0
c12301	43	-1	0	-1	0	0	27	26	0	44	0	-1	0	40	-1	48	43	46	0	5	32	0	36	0	0	-1	-1	0	0	0
c12318	0	0	0	40	0	0	32	-1	-1	-1	-1	46	43	20	26	2	48	2	0	0	26	-1	0	4	26	0	0	47	-1	49
c12319	0	0	-1	40	-1	0	-1	-1	0	-1	0	46	43	20	26	2	48	-1	-1	0	-1	0	0	4	26	-1	-1	47	2	-1
c12340	0	0	0	0	32	-1	0	41	0	-1	38	-1	0	41	0	0	0	-1	25	0	-1	22	13	0	-1	0	-1	-1	-1	49
c12355	0	0	0	0	-1	41	48	0	-1	-1	21	0	0	0	0	0	0	0	0	0	-1	34	0	18	0	-1	0	0	-1	44
c12357	0	0	-1	41	0	-1	50	0	0	47	0	0	-1	43	-1	0	-1	-1	-1	2	-1	-1	0	-1	0	0	0	0	0	0
c12365	0	0	0	44	-1	0	0	-1	-1	0	26	0	-1	-1	26	0	4	26	-1	0	0	47	-1	50	26	48	-1	0	2	49
c12413	0	20	32	0	0	0	25	0	-1	0	0	-1	0	2	0	0	32	5	0	0	-1	25	44	0	-1	18	-1	-1	1	0
c12428	26	0	0	0	-1	0	0	0	26	22	-1	40	0	0	27	0	0	0	0	3	0	-1	0	0	5	26	0	21	0	0
c12450	32	0	-1	0	0	41	0	26	-1	0	0	-1	-1	45	18	-1	-1	0	0	-1	-1	-1	0	9	15	0	0	0	0	0
c12464	41	-1	43	0	0	0	0	0	0	32	0	-1	39	0	40	-1	-1	46	0	26	3	-1	0	0	16	0	43	0	0	-1
c12465	41	0	43	0	0	-1	0	0	-1	32	-1	22	39	0	40	-1	0	46	0	26	3	0	0	0	16	0	-1	-1	0	-1
c12499	0	0	0	42	0	-1	-1	-1	43	20	25	-1	43	41	0	0	-1	0	-1	26	0	0	13	30	-1	27	-1	0	2	49
c12504	0	-1	32	0	0	-1	37	0	-1	0	0	0	0	2	-1	-1	32	5	0	0	-1	0	0	26	0	44	0	0	31	-1
c12515	-1	-1	32	0	40	0	-1	0	2	0	0	0	-1	0	27	-1	0	0	0	3	3	-1	0	-1	-1	-1	0	0	0	0
c12524	-1	0	0	5	0	0	0	0	0	-1	0	0	0	-1	26	-1	-1	0	0	0	0	0	0	-1	-1	0	0	-1	2	49
c12526	-1	-1	-1	-1	31	-1	-1	-1	13	25	-1	-1	0	-1	0	0	0	0	0	0	31	18	-1	0	0	0	41	0	0	0
c12548	0	-1	-1	41	0	0	-1	0	25	18	4	24	0	20	48	0	0	0	0	-1	0	0	34	0	-1	0	0	0	-1	0
c12562	0	40	43	-1	0	-1	0	0	-1	-1	0	-1	-1	0	26	0	32	0	0	22	0	0	0	0	9	0	-1	0	0	0
c12573	0	0	0	0	0	-1	-1	0	-1	0	-1	0	0	0	13	13	36	41	20	0	24	44	40	0	-1	-1	10	-1	-1	49
c12585	41	22	-1	-1	-1	-1	0	48	-1	-1	0	0	-1	-1	0	-1	21	0	0	-1	0	-1	0	0	0	-1	-1	0	0	21
c12605	43	-1	43	41	0	32	0	0	0	-1	0	24	0	20	0	-1	0	0	0	0	-1	13	27	-1	0	47	0	0	0	0
c12610	0	0	0	0	26	0	0	0	43	20	50	-1	32	41	0	0	-1	0	-1	-1	0	0	13	-1	-1	21	-1	-1	2	49
c12611	0	0	-1	0	26	0	0	0	-1	20	50	-1	32	41	0	0	-1	-1	-1	45	0	0	13	21	-1	21	-1	0	2	49
c12612	-1	0	-1	0	0	0	0	0	-1	0	0	14	-1	0	-1	0	0	5	0	-1	-1	0	6	50	26	0	0	0	2	49
c12617	26	18	-1	41	0	0	50	-1	0	47	0	0	-1	0	-1	0	0	-1	0	-1	0	26	0	0	0	0	0	-1	21	-1
c12621	-1	-1	-1	41	0	26	50	0	0	0	0	0	0	0	-1	-1	0	5	-1	2	0	25	0	0	0	2	-1	-1	-1	-1
c12639	0	0	0	44	0	0	43	0	0	0	-1	0	47	-1	26	0	4	0	28	0	0	47	48	-1	-1	-1	20	-1	2	49
c12645	0	-1	22	0	32	-1	-1	41	-1	0	-1	22	-1	41	0	-1	0	0	0	0	-1	-1	13	-1	-1	0	-1	0	-1	49
c12647	0	-1	0	41	-1	-1	-1	0	22	0	-1	0	0	0	-1	0	0	-1	21	43	0	0	-1	0	0	0	0	0	-1	0
c12653	0	41	0	0	0	0	43	-1	43	0	-1	2	-1	41	18	-1	-1	0	-1	0	0	22	13	32	-1	0	-1	40	2	49
c12664	43	-1	0	43	15	0	27	26	-1	44	-1	-1	0	40	40	48	43	46	0	0	0	-1	36	-1	-1	-1	-1	0	0	0
c12669	18	0	-1	41	18	0	-1	0	-1	0	0	24	0	20	0	0	-1	0	0	0	32	-1	-1	0	30	0	0	0	-1	0
c12711	41	0	0	32	0	0	48	37	-1	32	-1	-1	39	32	-1	0	-1	-1	0	0	0	0	0	18	28	0	0	36	0	0
c12758	0	0	46	41	40	-1	50	0	0	0	0	0	0	0	-1	0	0	-1	0	0	0	0	-1	41	0	-1	0	0	0	-1
c12768	-1	0	0	0	0	-1	0	-1	-1	48	-1	0	0	-1	27	-1	-1	0	2	27	0	0	-1	-1	5	-1	-1	0	0	0
c12782	-1	0	0	-1	0	41	0	0	-1	-1	0	0	0	0	0	0	0	0	0	0	0	0	32	18	0	-1	0	0	0	44
c12785	0	18	0	0	0	43	38	-1	0	0	-1	0	43	0	0	0	0	0	0	0	15	0	0	0	5	48	27	0	0	0
c12801	-1	0	0	0	-1	41	0	0	-1	27	0	-1	0	0	-1	0	-1	0	-1	0	0	48	-1	18	18	-1	0	43	0	44
c12810	-1	-1	43	41	0	40	0	0	0	-1	0	24	0	20	47	0	0	0	0	0	0	13	48	0	0	-1	-1	0	-1	0
c12822	0	20	32	0	-1	0	43	50	-1	4	-1	-1	32	-1	-1	18	-1	5	31	0	0	21	-1	0	0	0	47	-1	-1	-1
c12826	0	0	32	40	0	-1	32	-1	-1	-1	0	-1	0	0	26	2	0	2	-1	0	0	0	-1	4	26	-1	0	-1	2	49
c12827	0	-1	32	40	0	0	32	-1	0	-1	0	46	0	-1	26	-1	0	2	-1	0	0	0	-1	4	-1	0	0	0	2	-1
c12831	-1	-1	0	0	-1	0	0	-1	13	25	2	-1	0	13	47	0	0	0	0	-1	-1	0	0	0	47	0	-1	0	0	-1
c12838	0	22	-1	-1	48	-1	0	0	-1	0	0	0	-1	24	0	0	0	-1	0	0	0	40	0	9	15	0	0	-1	47	0
c12844	15	-1	0	0	-1	41	-1	0	-1	-1	0	0	0	0	0	32	0	8	0	0	0	0	0	18	43	26	44	3	0	44
c12845	15	-1	0	-1	0	41	0	0	-1	-1	0	0	0	0	0	32	0	8	0	0	0	0	0	18	43	26	0	3	0	-1
c12846	0	-1	43	0	0	-1	0	0	0	21	0	-1	43	0	-1	48	43	46	-1	0	-1	26	36	-1	-1	-1	-1	-1	0	-1
c12851	0	20	32	0	0	0	0	-1	0	0	0	0	0	2	-1	-1	32	-1	20	0	0	0	0	-1	-1	26	0	0	0	0
c12858	0	0	-1	0	-1	-1	0	0	-1	0	0	0	0	24	0	0	40	-1	0	0	0	0	0	9	15	21	-1	0	0	-1
c12865	26	-1	0	41	20	0	0	-1	0	0	0	24	18	20	0	0	0	0	0	0	0	-1	-1	0	1	-1	0	0	40	0
c12867	-1	0	0	41	0	-1	-1	0	-1	-1	0	0	0	0	0	0	21	0	0	0	37	0	23	0	0	0	0	-1	0	0
c12880	0	0	0	0	0	0	43	0	43	0	43	2	20	41	0	-1	0	0	-1	-1	0	-1	13	-1	-1	0	-1	40	2	49
c12932	0	42	0	41	0	0	-1	32	0	0	0	0	0	0	-1	0	0	-1	0	0	-1	-1	0	-1	0	0	20	-1	0	0
c12933	0	42	0	41	0	0	50	32	0	0	0	0	0	0	-1	0	-1	-1	0	0	0	26	0	-1	-1	-1	20	0	0	0
c12934	-1	-1	0	0	0	0	-1	0	0	0	0	0	0	0	27	0	0	18	-1	0	0	1	0	-1	-1	26	-1	-1	0	9
c12939	18	-1	0	-1	47	0	50	25	-1	0	0	0	0	-1	-1	-1	0	-1	-1	0	0	0	-1	0	0	41	0	-1	0	0
c12959	2	-1	0	32	0	10	-1	26	0	-1	0	0	0	0	40	48	-1	46	48	0	0	0	-1	0	0	-1	-1	0	0	43
c12971	31	0	43	43	50	41	0	43	-1	-1	0	0	47	0	-1	0	9	0	0	0	-1	-1	43	0	-1	0	-1	0	0	0
c12978	0	0	44	0	0	41	4	40	-1	-1	0	-1	0	41	0	-1	0	0	34	0	0	0	-1	18	-1	26	-1	0	-1	44
c12983	-1	26	0	0	-1	0	43	44	43	-1	-1	-1	30	41	-1	0	0	0	-1	0	-1	0	-1	0	-1	0	-1	40	2	49
c12990	0	0	-1	43	0	-1	0	0	-1	26	4	15	-1	0	0	-1	-1	0	0	-1	0	5	0	0	4	0	0	0	-1	0
c12995	-1	32	0	37	5	41	18	0	-1	27	0	0	0	31	0	31	0	-1	0	0	24	0	0	18	0	26	0	0	0	44
c12999	0	0	-1	0	32	0	0	48	43	20	32	2	0	41	26	0	48	-1	-1	45	43	0	-1	-1	-1	0	-1	0	2	49
c13002	-1	20	-1	0	0	0	43	0	0	43	0	0	0	-1	0	0	32	5	31	-1	43	0	-1	0	0	0	25	32	0	-1
c13006	0	20	32	0	0	-1	37	0	0	30	0	-1	0	2	-1	-1	32	5	0	0	-1	0	0	0	0	44	-1	0	0	18
c13015	26	0	-1	-1	-1	0	0	0	0	-1	-1	-1	0	-1	26	0	-1	0	0	0	40	-1	32	-1	26	48	0	0	2	49
c13028	0	34	41	43	43	34	0	0	0	22	-1	4	0	-1	-1	-1	44	0	-1	0	-1	5	-1	48	0	-1	-1	0	43	44
c13037	0	0	-1	-1	0	41	0	0	-1	-1	0	0	-1	44	0	-1	0	0	0	0	38	44	0	0	-1	-1	0	47	0	0
c13053	15	0	0	0	0	41	-1	0	-1	-1	0	0	0	0	0	-1	0	0	-1	-1	0	0	0	18	43	26	0	3	0	-1
c13062	0	-1	0	41	0	0	32	40	0	0	0	24	0	20	0	0	5	0	12	0	0	13	22	-1	-1	0	40	0	18	0
c13070	-1	-1	-1	0	-1	0	0	-1	13	25	-1	-1	0	13	0	0	0	-1	0	0	0	0	0	-1	0	0	0	0	0	0
c13080	-1	0	-1	41	-1	0	50	0	0	40	32	38	0	-1	-1	0	-1	-1	0	0	0	0	0	0	0	0	0	0	18	-1
c13082	-1	0	-1	0	-1	41	-1	48	-1	27	0	-1	0	43	0	31	-1	-1	0	-1	-1	0	0	-1	18	-1	-1	0	0	44
c13086	0	0	0	0	0	0	4	-1	0	0	0	47	0	46	26	-1	33	0	0	-1	0	0	0	50	26	0	-1	0	2	49
c13087	-1	0	0	0	0	0	4	0	0	0	0	47	0	46	26	47	33	0	0	-1	0	0	0	-1	26	0	-1	0	2	-1
c13113	-1	17	0	0	-1	0	43	0	43	0	-1	2	30	41	18	25	0	0	-1	0	0	-1	13	32	-1	0	-1	-1	2	-1
c13129	0	0	21	41	0	0	0	48	0	32	0	24	21	0	0	26	0	0	0	48	0	0	0	0	48	0	2	0	0	0
c13134	0	0	0	0	-1	-1	0	0	-1	27	-1	41	0	24	0	0	0	0	0	0	26	0	0	18	0	-1	13	0	18	44
c13155	0	-1	32	-1	18	-1	0	0	0	0	0	0	26	2	26	-1	32	-1	0	-1	2	0	0	27	-1	0	13	0	43	-1
c13156	0	-1	0	41	0	41	-1	0	-1	-1	0	26	0	0	0	0	-1	-1	-1	0	0	0	23	0	0	-1	0	-1	0	0
c13158	0	18	41	-1	0	34	0	0	10	0	0	27	-1	-1	-1	-1	0	-1	0	0	44	5	0	40	0	0	32	0	0	44
c13177	-1	-1	0	0	31	0	0	-1	-1	25	2	-1	0	13	0	32	0	0	0	0	0	0	0	0	-1	-1	-1	43	0	22
c13189	0	0	0	0	31	2	0	0	44	-1	48	0	0	0	13	0	-1	41	-1	-1	-1	44	26	0	26	-1	0	48	2	49
c13192	0	45	0	-1	44	-1	0	30	-1	27	0	50	0	0	0	0	5	-1	0	0	-1	0	32	41	31	0	26	34	0	0
c13195	0	-1	0	0	-1	36	0	0	0	0	0	0	0	22	40	-1	-1	46	-1	0	0	0	36	0	0	-1	-1	0	-1	0
c13205	18	20	-1	0	-1	0	-1	36	0	0	0	-1	0	-1	0	0	32	5	0	44	0	0	0	44	0	-1	0	40	0	0
c13210	0	0	26	0	-1	0	0	0	0	0	0	-1	31	0	40	48	43	-1	-1	0	48	0	-1	0	0	0	-1	0	0	38
c13218	0	2	18	0	47	-1	0	0	0	12	0	0	-1	0	40	48	43	46	0	0	6	0	-1	25	0	0	-1	0	0	0
c13220	0	-1	-1	0	0	41	0	0	-1	0	0	0	0	24	0	0	0	0	-1	0	0	40	0	9	15	0	0	0	47	0
c13221	0	22	-1	0	0	41	0	0	-1	0	0	0	0	24	0	0	0	0	0	0	0	40	-1	9	15	-1	-1	0	47	-1
c13224	-1	0	32	0	40	-1	0	0	2	-1	0	0	-1	-1	27	26	0	-1	0	3	3	0	-1	-1	5	-1	0	0	0	0
c13242	5	0	0	41	0	-1	-1	0	0	0	0	24	0	0	50	0	48	32	30	48	44	0	0	0	0	48	0	0	-1	0
c13342	0	0	0	-1	30	41	18	-1	-1	27	0	40	43	0	0	-1	0	43	0	0	24	0	0	-1	-1	26	0	0	18	44
c13347	0	0	0	41	0	26	50	0	13	0	0	0	0	0	-1	43	0	5	-1	2	26	0	0	0	-1	26	47	0	0	0
c13349	0	0	-1	0	0	0	43	0	43	-1	-1	2	0	41	0	0	0	0	-1	0	0	-1	13	0	-1	0	-1	40	-1	-1
c13374	5	20	-1	0	0	0	43	0	0	0	0	0	0	2	8	0	32	5	26	0	0	0	0	0	0	36	29	0	0	0
c13375	5	-1	-1	0	-1	0	43	-1	0	0	0	0	0	2	8	0	32	5	-1	-1	-1	-1	0	0	0	36	29	0	0	0
c13384	0	0	0	0	0	41	14	-1	-1	0	0	0	-1	25	0	0	-1	-1	-1	0	-1	-1	0	0	0	0	0	0	-1	-1
c13404	0	-1	0	0	31	0	-1	-1	13	25	2	-1	0	13	-1	0	0	0	32	0	0	0	26	0	0	0	-1	0	4	0
c13407	26	-1	0	0	0	-1	0	-1	0	0	-1	0	0	0	27	0	0	-1	2	-1	0	0	0	-1	5	-1	32	0	0	-1
c13411	-1	-1	0	-1	31	0	-1	-1	13	25	2	-1	-1	13	0	0	0	0	0	0	0	-1	0	8	0	0	-1	0	0	0
c13428	0	20	32	0	0	0	18	-1	0	0	-1	0	9	2	43	0	32	-1	47	0	0	25	50	0	18	-1	-1	0	0	-1
c13450	26	-1	0	41	20	0	-1	-1	0	0	0	24	18	20	50	0	-1	38	0	0	2	13	0	-1	-1	0	41	0	0	-1
c13459	0	0	0	0	0	41	0	-1	-1	-1	0	0	0	0	0	0	0	0	-1	18	-1	32	0	43	26	0	43	-1	32	0
c13469	-1	0	0	0	0	41	0	0	-1	-1	0	0	-1	0	6	0	0	0	-1	-1	0	-1	0	18	0	26	0	0	-1	44
c13476	0	20	32	0	18	-1	0	0	0	-1	-1	50	43	2	26	0	32	5	-1	0	0	19	-1	18	39	44	0	-1	-1	0
c13481	0	-1	-1	41	-1	0	0	19	0	0	0	24	0	0	-1	0	-1	41	0	48	0	0	0	43	0	41	0	22	0	0
c13483	0	20	32	-1	0	0	43	-1	0	-1	0	-1	0	-1	0	-1	32	5	-1	0	25	-1	0	0	0	42	-1	0	0	0
c13492	0	0	0	-1	0	-1	-1	33	-1	-1	14	-1	0	0	26	0	0	15	0	0	0	0	-1	50	26	0	0	0	2	49
c13500	26	0	0	41	0	-1	50	0	0	47	0	-1	0	0	-1	0	0	5	0	2	-1	26	0	0	0	0	0	0	18	0
c13506	-1	-1	0	5	0	-1	10	0	0	-1	26	43	0	0	40	0	-1	-1	31	0	0	0	0	0	48	-1	0	0	40	29
c13512	41	0	0	0	-1	0	-1	40	-1	-1	26	-1	0	12	40	20	32	46	-1	0	0	0	40	0	0	34	0	0	47	0
c13515	18	0	0	41	47	-1	50	-1	18	0	-1	0	-1	0	-1	30	0	5	0	0	0	0	0	-1	0	0	0	0	0	0
c13522	12	0	0	9	-1	41	0	0	-1	0	-1	-1	0	0	0	0	0	0	0	0	-1	32	0	0	26	0	43	0	0	33
c13529	-1	-1	0	0	31	37	0	-1	13	25	2	-1	0	13	0	0	0	0	0	0	0	0	0	32	0	-1	26	-1	28	0
c13555	0	40	26	0	0	-1	0	0	0	40	0	0	0	-1	26	0	0	0	0	0	0	-1	0	0	26	0	31	-1	-1	49
c13564	0	0	-1	-1	0	-1	-1	0	25	-1	0	24	0	20	48	0	0	0	0	32	24	0	32	-1	30	0	-1	-1	0	-1
c13575	26	0	0	0	0	0	2	0	0	-1	-1	0	0	-1	27	0	-1	22	2	-1	0	0	-1	-1	-1	-1	32	-1	0	44
c13600	30	0	0	0	0	41	48	-1	-1	0	0	0	0	-1	0	0	0	43	0	0	-1	32	-1	0	-1	0	43	0	-1	0
c13602	0	0	0	-1	0	0	0	-1	50	-1	0	46	-1	22	26	43	-1	0	-1	0	-1	0	0	-1	-1	0	13	5	-1	49
c13610	-1	-1	-1	0	-1	-1	-1	43	31	0	0	-1	0	0	40	48	43	46	0	0	40	0	48	-1	0	0	-1	42	0	0
c13611	-1	-1	-1	-1	0	0	-1	43	31	0	0	-1	0	0	-1	48	43	46	-1	0	40	0	48	-1	0	0	-1	42	0	0
c13615	-1	-1	43	0	0	0	-1	0	0	0	0	-1	-1	-1	40	-1	-1	46	0	0	31	26	36	0	0	-1	-1	0	-1	0
c13623	0	-1	12	41	20	0	44	0	0	0	48	24	-1	-1	0	-1	0	-1	0	-1	15	13	0	0	0	-1	0	0	2	0
c13634	0	-1	0	0	32	0	0	-1	43	20	32	2	0	41	0	0	48	0	-1	45	43	0	-1	43	-1	0	-1	0	2	49
c13637	26	0	43	-1	0	0	-1	0	0	-1	0	-1	0	0	27	0	0	0	0	-1	0	-1	0	0	5	26	33	15	0	0
c13642	0	0	20	41	0	0	0	-1	43	0	0	24	-1	0	-1	32	40	-1	40	-1	44	-1	40	-1	-1	0	-1	0	0	3
c13643	0	0	20	41	0	0	0	0	43	0	0	-1	-1	0	0	32	40	18	40	48	44	26	-1	18	-1	0	0	0	0	-1
c13680	0	20	32	0	48	0	-1	0	0	-1	-1	0	0	-1	-1	0	32	-1	0	0	-1	-1	0	0	0	0	0	0	0	0
c13701	41	46	0	0	0	0	-1	-1	42	0	26	0	-1	25	40	0	0	46	26	-1	0	0	-1	0	5	-1	0	0	0	-1
c13714	0	-1	0	-1	0	0	27	-1	0	0	-1	-1	0	-1	40	-1	-1	46	0	0	0	0	-1	0	0	-1	-1	-1	0	-1
c13715	0	-1	-1	0	0	0	27	-1	0	0	-1	-1	0	0	40	-1	43	46	0	0	0	0	36	0	0	-1	-1	0	0	-1
c13744	0	0	-1	0	48	0	0	0	0	0	0	28	0	0	26	0	-1	41	0	9	0	0	0	50	26	26	0	-1	2	49
c13748	0	46	0	40	0	0	32	-1	0	-1	0	46	0	0	26	2	0	2	0	0	0	0	0	4	26	0	-1	0	2	49
c13771	0	0	-1	-1	9	41	0	0	-1	27	43	0	-1	43	-1	0	0	18	0	-1	0	44	-1	18	43	26	0	0	43	44
c13778	0	40	0	0	0	-1	0	0	-1	-1	0	-1	-1	0	26	0	-1	22	-1	22	-1	0	0	0	9	0	-1	-1	0	0
c13782	15	0	0	0	-1	41	0	0	-1	-1	0	0	0	0	0	-1	0	-1	0	0	0	0	-1	18	43	26	0	3	0	44
c13783	15	0	0	-1	0	41	0	0	-1	-1	0	0	0	0	0	32	0	0	0	0	0	-1	0	18	43	26	0	3	0	44
c13785	32	0	-1	0	4	41	0	0	-1	0	-1	-1	20	0	-1	8	0	0	-1	-1	-1	0	0	9	15	48	-1	0	-1	0
c13804	0	0	43	-1	50	-1	0	0	-1	0	0	-1	0	0	-1	-1	9	0	-1	-1	34	-1	43	0	-1	0	0	0	0	-1
c13820	0	0	0	0	0	0	-1	-1	0	0	0	47	0	46	26	0	33	0	0	-1	0	-1	0	50	-1	0	-1	0	2	49
c13821	0	0	0	0	0	0	4	0	0	0	0	47	0	46	26	0	33	0	0	-1	-1	0	0	50	26	0	-1	0	2	49
c13823	0	18	-1	0	0	41	0	0	-1	0	-1	0	32	0	48	0	5	3	26	-1	-1	0	22	0	-1	0	26	-1	0	0
c13824	-1	-1	0	0	31	0	0	-1	13	25	-1	-1	0	13	-1	0	18	0	0	0	0	0	0	0	10	0	0	0	0	0
c13827	-1	-1	0	0	-1	45	0	-1	13	25	-1	-1	0	13	-1	15	32	0	0	-1	0	0	0	-1	0	0	26	-1	0	-1
c13831	0	-1	41	-1	31	50	0	-1	13	25	-1	-1	-1	13	0	0	21	-1	32	-1	-1	-1	0	-1	0	-1	0	-1	0	0
c13839	0	43	0	-1	-1	41	0	40	-1	1	0	0	-1	0	0	0	-1	0	0	0	0	-1	0	0	-1	-1	47	-1	0	-1
c13840	0	20	32	0	18	-1	0	-1	0	43	47	0	43	2	26	0	32	5	-1	-1	-1	0	0	18	39	44	0	0	0	-1
c13841	0	20	32	0	18	-1	0	0	-1	43	47	0	43	2	26	0	32	5	-1	0	-1	-1	0	18	39	44	0	0	0	-1
c13853	41	43	0	0	0	0	48	0	0	32	-1	32	39	0	40	0	41	46	-1	-1	-1	-1	0	0	0	0	21	0	-1	-1
c13866	0	31	0	0	32	-1	0	41	0	-1	0	22	0	-1	0	-1	0	-1	0	0	-1	22	-1	0	-1	0	-1	0	-1	49
c13870	43	-1	0	5	0	0	0	0	0	43	0	0	0	0	26	0	0	15	43	-1	0	0	0	-1	26	0	0	0	2	49
c13873	0	0	0	0	25	25	0	26	0	0	0	0	0	-1	26	0	47	-1	0	0	24	0	0	50	26	42	15	-1	2	49
c13885	26	0	0	31	0	10	0	0	0	-1	-1	0	-1	47	-1	0	0	0	24	3	0	-1	0	0	-1	26	3	2	2	26
c13891	0	-1	38	40	0	0	32	-1	0	-1	-1	46	0	0	-1	-1	-1	2	0	0	0	-1	13	-1	-1	0	0	26	2	-1
c13903	0	0	43	0	-1	0	0	-1	27	0	0	18	0	0	26	0	43	0	0	0	0	0	27	50	26	0	0	0	2	49
c13915	0	0	43	0	0	-1	0	41	-1	50	0	-1	0	0	0	-1	0	-1	0	0	0	0	0	0	-1	0	-1	0	18	-1
c13917	0	0	24	-1	42	-1	48	0	-1	-1	0	-1	0	-1	-1	0	0	0	0	0	20	-1	-1	-1	0	26	0	-1	-1	44
c13934	-1	-1	-1	41	0	0	0	0	-1	-1	40	24	21	-1	0	0	0	0	0	48	44	0	0	0	0	0	0	26	0	32
c13938	0	41	22	0	43	41	0	18	-1	27	-1	0	0	-1	0	-1	0	0	48	0	0	0	0	18	0	26	-1	-1	0	44
c13944	0	0	0	5	0	0	0	0	0	43	0	0	47	0	26	-1	-1	0	-1	-1	32	0	0	50	26	0	0	0	-1	49
c13949	0	0	44	-1	0	41	4	40	-1	-1	0	0	0	0	-1	0	-1	0	34	-1	0	0	13	18	-1	26	0	0	10	-1
c13951	0	0	0	26	0	41	0	49	-1	-1	30	0	0	0	-1	0	0	0	0	-1	0	-1	0	18	0	26	0	0	0	-1
c13973	26	0	20	5	-1	48	0	0	0	40	0	0	43	0	27	0	0	0	2	0	0	0	-1	-1	5	26	32	-1	-1	-1
c13998	-1	-1	0	50	44	41	0	30	-1	27	0	50	0	0	-1	0	-1	-1	0	0	-1	-1	32	0	0	0	26	-1	0	0
c14006	41	0	-1	0	0	32	40	0	0	50	26	43	23	0	40	0	0	-1	31	0	32	0	0	0	0	-1	9	-1	18	29
c14021	18	-1	-1	0	18	0	43	36	-1	44	0	0	-1	2	-1	26	32	5	0	0	0	0	0	0	0	-1	-1	0	-1	0
c14042	0	-1	43	0	41	0	2	48	20	0	0	-1	0	25	40	48	43	46	-1	0	33	-1	36	0	43	-1	-1	0	0	0
c14044	0	40	0	-1	-1	0	-1	0	0	36	0	0	-1	47	40	48	0	46	5	0	0	0	26	-1	26	0	-1	0	-1	-1
c14053	0	20	-1	0	-1	-1	-1	0	0	0	47	0	-1	2	0	0	32	5	0	0	0	24	0	-1	0	36	0	0	0	-1
c14062	40	0	0	36	0	-1	0	0	-1	-1	0	-1	-1	18	28	43	0	0	0	48	0	30	-1	0	-1	-1	0	0	-1	0
c14081	25	18	0	41	-1	-1	50	0	30	0	0	0	-1	-1	-1	0	0	-1	21	0	-1	0	0	0	0	0	-1	0	-1	0
c14087	0	-1	0	43	2	48	0	0	0	-1	42	-1	0	0	0	0	0	0	22	0	-1	-1	0	0	0	0	0	-1	0	0
c14092	0	18	0	41	0	-1	50	0	0	0	0	-1	-1	-1	-1	0	0	-1	-1	0	0	0	-1	0	0	0	0	0	0	0
c14096	0	-1	0	0	-1	41	0	0	-1	48	-1	0	-1	9	-1	0	-1	0	0	0	0	-1	33	43	0	-1	-1	0	43	0
c14097	0	-1	0	0	36	41	0	0	-1	48	0	0	-1	-1	0	0	21	0	50	0	0	-1	33	43	0	-1	-1	0	43	0
c14098	0	20	32	-1	0	0	43	0	0	-1	0	40	34	-1	0	0	32	-1	0	0	-1	0	0	-1	0	-1	0	0	0	-1
c14100	-1	0	0	41	-1	0	-1	0	43	40	0	0	0	-1	-1	0	0	-1	0	0	0	0	0	1	0	0	0	-1	18	31
c14101	-1	-1	0	41	-1	0	50	0	43	40	0	43	0	0	-1	0	0	-1	0	0	-1	0	-1	1	0	0	-1	0	18	31
c14112	19	20	-1	-1	18	-1	0	0	0	46	0	-1	-1	-1	26	-1	32	-1	0	-1	0	-1	26	22	-1	9	-1	0	24	0
c14117	0	0	41	43	41	34	-1	0	0	-1	43	4	0	0	0	0	44	0	-1	-1	-1	-1	0	48	-1	47	32	-1	43	44
c14119	0	22	-1	0	-1	41	40	0	-1	0	-1	0	0	24	0	0	0	0	0	0	0	40	0	-1	15	0	0	0	47	0
c14130	12	0	0	9	40	41	0	0	-1	0	-1	-1	0	0	0	0	0	0	0	0	-1	32	0	48	26	0	43	0	0	33
c14134	0	0	0	-1	2	48	0	0	0	-1	-1	0	-1	0	-1	-1	0	0	-1	-1	-1	-1	-1	-1	0	0	0	-1	0	0
c14135	-1	0	-1	-1	2	48	0	0	0	-1	42	0	0	0	-1	0	0	-1	22	0	0	-1	26	43	0	0	0	0	0	0
c14174	0	0	-1	-1	0	0	47	-1	0	-1	-1	46	0	0	26	2	-1	0	0	0	-1	0	0	4	26	0	26	0	2	49
c14188	-1	0	0	0	0	0	-1	0	43	0	9	2	0	41	0	-1	0	-1	-1	-1	0	-1	13	0	-1	-1	-1	40	-1	49
c14203	37	-1	0	43	0	0	-1	-1	-1	0	-1	0	0	0	40	48	43	46	-1	0	0	-1	36	15	18	-1	-1	0	0	0
c14207	-1	0	0	0	0	0	-1	0	0	0	0	0	43	-1	-1	48	43	46	0	0	40	0	0	0	0	43	-1	0	0	0
c14214	0	0	0	0	0	41	18	0	-1	27	0	40	0	0	0	47	-1	-1	0	0	24	-1	0	18	0	26	0	0	0	44
c14217	-1	0	0	0	0	41	0	0	-1	48	0	24	-1	0	-1	0	21	-1	0	0	0	-1	33	43	0	-1	-1	0	-1	32
c14220	18	0	0	41	-1	0	50	-1	18	0	0	0	0	0	-1	0	0	5	0	47	2	-1	41	0	0	0	0	0	0	20
c14238	0	0	-1	41	0	0	-1	0	25	0	46	24	0	20	48	-1	0	-1	0	0	-1	18	0	0	30	0	0	0	0	0
c14254	0	0	44	0	47	41	4	40	-1	-1	0	0	0	0	-1	0	0	0	-1	40	0	0	13	18	0	-1	18	0	0	44
c14260	0	0	-1	31	0	41	0	0	-1	0	48	0	0	-1	0	0	0	0	-1	-1	2	-1	0	17	-1	-1	0	21	-1	0
c14267	0	41	22	20	-1	41	0	0	-1	-1	0	0	0	0	0	-1	49	0	48	0	0	0	0	18	0	26	0	0	0	44
c14289	0	-1	43	41	0	0	0	0	30	0	0	-1	0	20	47	0	0	0	0	0	0	-1	48	-1	0	-1	-1	20	0	-1
c14302	0	20	-1	0	0	-1	-1	0	0	0	22	0	0	2	26	0	32	-1	0	0	-1	-1	0	-1	0	44	40	-1	-1	18
c14303	0	-1	32	-1	-1	-1	37	-1	0	0	0	0	0	2	26	0	32	5	-1	0	0	0	0	-1	0	44	40	0	0	18
c14307	0	0	0	0	-1	2	-1	-1	44	0	-1	0	0	0	13	-1	36	41	0	-1	24	-1	40	44	-1	-1	0	-1	2	49
c14311	-1	-1	-1	0	31	21	0	-1	-1	25	2	-1	0	13	0	0	0	0	0	0	0	-1	0	32	-1	0	-1	0	0	-1
c14312	-1	-1	0	0	8	0	0	-1	0	-1	0	0	0	0	40	-1	43	-1	0	-1	0	0	36	-1	0	-1	-1	0	2	18
c14325	0	0	0	0	0	-1	-1	10	44	0	48	0	0	0	13	13	36	41	0	0	24	44	-1	0	-1	21	10	-1	2	49
c14327	0	31	44	0	0	41	4	40	-1	-1	0	0	-1	-1	0	0	0	0	34	-1	-1	0	13	18	-1	26	0	0	0	44
c14330	18	0	0	41	47	-1	50	0	18	40	0	0	0	0	-1	24	0	5	31	0	0	0	0	-1	0	0	0	0	49	0
c14371	0	0	0	0	0	-1	0	40	43	20	40	2	0	41	0	0	-1	0	-1	45	0	0	-1	-1	-1	0	-1	-1	2	49
c14388	0	34	0	21	0	-1	0	-1	0	0	0	26	0	-1	26	0	33	0	0	-1	0	0	43	-1	-1	0	0	0	2	49
c14404	0	0	0	41	0	41	-1	0	-1	48	50	0	0	0	25	0	21	0	48	0	-1	0	23	0	0	0	0	18	47	0
c14424	0	0	2	24	4	-1	0	0	-1	0	0	0	0	30	0	-1	0	0	0	26	18	32	0	-1	26	0	43	0	-1	0
c14453	37	-1	0	43	-1	-1	44	0	-1	0	-1	0	0	0	40	48	43	-1	0	0	-1	0	36	15	18	-1	-1	0	0	0
c14464	0	43	0	0	15	-1	-1	40	-1	1	-1	-1	0	0	0	0	0	0	0	43	40	0	0	0	0	0	-1	0	0	-1
c14467	0	0	43	43	0	-1	-1	41	-1	0	0	0	0	0	0	0	0	0	0	0	0	0	20	-1	-1	0	26	0	-1	0
c14476	-1	20	32	48	0	-1	26	-1	0	41	-1	0	48	-1	26	0	32	5	0	0	-1	5	-1	0	32	42	0	0	47	4
c14489	-1	40	0	-1	0	0	0	0	0	0	10	0	0	47	40	48	0	46	0	0	0	0	0	43	0	0	-1	26	13	-1
c14494	18	0	-1	0	0	-1	12	33	43	-1	14	46	0	0	26	0	0	15	0	0	10	-1	0	50	-1	0	-1	-1	2	-1
c14499	0	0	0	40	0	-1	47	-1	0	-1	-1	46	47	0	-1	2	-1	31	0	0	0	0	0	4	26	0	0	22	2	49
c14500	0	0	21	41	0	0	27	0	0	15	0	24	21	0	0	26	0	0	0	48	0	40	-1	0	48	0	2	-1	0	0
c14504	12	0	0	-1	-1	41	0	0	-1	0	-1	0	-1	26	0	-1	0	0	0	36	0	32	-1	12	-1	0	43	0	0	33
c14505	12	0	-1	9	40	41	-1	0	-1	0	-1	0	43	26	0	0	0	0	0	36	0	32	-1	12	26	0	43	0	0	33
c14507	-1	0	0	43	2	48	0	0	18	-1	42	0	39	0	0	-1	0	0	22	0	0	-1	0	0	-1	0	19	0	26	0
c14524	26	0	0	-1	0	-1	-1	-1	0	-1	0	46	40	-1	26	0	0	0	0	0	0	43	0	-1	26	0	0	25	2	49
c14525	26	0	0	40	0	0	22	15	0	-1	0	46	40	-1	26	0	-1	-1	0	0	-1	43	0	-1	26	0	0	25	2	-1
c14528	0	0	-1	0	0	41	0	5	-1	-1	-1	0	0	0	0	32	-1	0	0	0	-1	0	32	18	-1	-1	0	0	0	44
c14538	0	8	0	41	0	0	-1	0	0	18	0	-1	0	-1	31	0	48	-1	30	48	44	0	0	-1	0	48	36	0	-1	0
c14566	26	0	-1	-1	0	-1	0	0	-1	-1	0	0	0	0	18	0	-1	0	0	0	-1	0	0	18	0	26	0	48	0	44
c14571	41	47	0	0	0	0	48	-1	0	-1	-1	-1	39	0	40	43	-1	-1	0	0	0	-1	0	0	0	0	0	0	-1	0
c14573	-1	-1	41	43	-1	34	0	0	0	22	43	4	-1	0	0	5	44	32	0	0	0	5	0	48	0	47	32	0	43	44
c14595	5	-1	43	41	0	0	0	32	0	0	0	24	0	20	47	-1	0	0	-1	0	0	13	0	0	-1	0	0	-1	0	-1
c14618	-1	-1	-1	-1	-1	-1	0	0	43	0	0	-1	-1	0	40	0	0	46	0	0	21	0	27	-1	-1	0	0	0	0	26
c14638	0	20	32	0	0	0	0	5	0	0	0	-1	0	2	0	-1	32	5	47	0	18	25	50	0	-1	0	0	-1	0	5
c14650	26	0	43	-1	-1	0	-1	25	-1	24	45	37	0	0	41	0	26	0	0	0	41	22	0	0	5	0	0	0	0	40
c14652	30	-1	-1	0	0	0	-1	26	0	-1	0	0	0	0	40	48	43	46	0	-1	0	-1	-1	0	-1	-1	-1	0	-1	-1
c14654	0	0	21	41	0	27	0	-1	0	0	0	24	21	0	4	26	0	0	0	48	-1	40	0	0	48	-1	2	0	0	0
c14672	-1	-1	0	0	0	41	18	0	-1	27	0	40	0	-1	-1	47	0	0	-1	2	-1	-1	0	18	-1	-1	0	0	0	44
c14678	-1	-1	0	-1	31	0	0	-1	13	-1	2	-1	0	13	0	0	0	0	-1	0	-1	0	26	0	0	0	0	0	4	0
c14680	-1	0	0	0	0	-1	-1	0	-1	27	43	0	0	-1	32	38	-1	0	0	0	0	0	0	18	15	26	25	25	-1	44
c14691	-1	-1	0	0	-1	0	0	-1	13	25	-1	-1	0	13	47	25	0	0	0	0	0	-1	-1	0	47	0	0	0	0	0
c14693	41	0	0	0	24	0	48	0	34	32	-1	32	39	21	40	0	0	46	0	0	0	0	0	0	-1	0	-1	-1	0	0
c14695	-1	0	0	0	0	-1	-1	-1	43	20	25	-1	41	41	0	0	-1	0	-1	-1	0	0	13	30	-1	26	-1	32	2	49
c14731	18	0	-1	41	47	0	-1	37	18	0	0	0	0	-1	-1	0	0	5	0	47	0	0	41	0	0	-1	-1	0	0	20
c14744	0	-1	-1	48	32	-1	0	-1	-1	-1	0	-1	0	0	40	44	48	46	0	0	21	-1	27	47	-1	0	22	-1	0	26
c14750	0	0	0	0	0	25	-1	-1	-1	-1	25	-1	0	41	0	0	-1	0	-1	0	-1	0	13	-1	-1	0	-1	-1	2	-1
c14751	0	0	0	-1	0	-1	-1	-1	-1	-1	25	2	0	41	0	-1	-1	0	-1	0	0	0	13	30	-1	0	-1	0	2	49
c14759	0	0	0	41	0	-1	-1	-1	0	0	25	0	13	-1	0	0	40	0	18	0	22	40	-1	0	0	0	0	9	0	0
c14766	0	0	44	41	0	0	50	0	43	40	-1	0	0	0	-1	0	0	-1	0	0	0	0	0	0	-1	0	0	0	18	31
c14769	26	4	0	0	0	0	0	18	0	0	-1	0	0	0	27	0	0	47	2	-1	4	-1	-1	-1	5	26	32	-1	0	9
c14793	0	-1	32	0	0	-1	37	0	0	-1	25	32	0	-1	26	12	32	5	-1	-1	-1	0	0	-1	-1	44	40	0	0	18
c14797	41	0	0	0	-1	-1	0	-1	-1	48	0	0	0	0	0	-1	21	-1	-1	-1	0	-1	0	0	0	-1	-1	0	0	0
c14816	0	0	0	41	40	0	-1	48	50	0	0	-1	-1	-1	-1	0	26	-1	0	47	0	0	-1	0	0	0	22	43	48	13
c14817	0	-1	0	41	40	0	-1	48	50	0	0	18	0	-1	0	0	26	0	0	-1	0	0	-1	0	0	0	22	-1	48	13
c14834	20	-1	41	0	31	-1	0	-1	-1	25	2	-1	0	13	0	-1	0	11	32	0	-1	0	0	0	0	37	0	43	0	0
c14842	0	20	32	0	0	-1	37	-1	0	-1	0	0	0	2	26	43	32	5	0	0	0	0	-1	0	0	-1	0	0	-1	-1
c14847	0	43	0	0	0	41	41	-1	-1	0	0	0	0	-1	0	-1	0	0	-1	18	18	32	0	43	26	0	43	0	32	0
c14848	-1	0	0	0	0	41	0	-1	-1	-1	-1	-1	48	21	0	0	0	-1	37	31	0	0	0	-1	0	26	32	0	0	44
c14849	0	0	0	22	0	41	0	0	-1	-1	-1	0	48	21	0	0	0	-1	37	31	0	0	0	-1	0	26	32	0	0	44
c14851	0	-1	0	43	0	-1	0	0	0	-1	4	15	-1	0	0	0	-1	43	0	-1	0	5	0	-1	-1	0	0	0	-1	-1
c14862	41	-1	0	-1	0	0	47	0	-1	-1	0	-1	-1	0	40	0	-1	-1	31	0	-1	26	-1	-1	-1	5	-1	0	0	0
c14865	0	2	0	-1	0	0	0	0	12	12	18	0	-1	0	-1	48	43	-1	-1	0	0	0	36	22	-1	0	-1	-1	0	0
c14868	0	0	-1	-1	0	41	-1	0	-1	-1	0	0	0	0	47	0	0	0	34	27	-1	-1	0	18	0	-1	0	0	20	44
c14870	-1	-1	0	48	31	43	0	-1	-1	25	2	-1	0	-1	0	0	-1	0	-1	0	-1	18	0	0	0	0	41	0	43	0
c14871	-1	-1	0	48	31	43	0	-1	-1	-1	2	-1	0	-1	-1	0	0	0	0	0	31	18	0	-1	0	0	41	0	0	0
c14874	41	0	0	21	-1	0	47	-1	0	0	0	0	44	0	40	0	0	46	0	-1	0	26	0	-1	13	0	0	-1	-1	0
c14877	-1	20	32	0	0	0	43	0	0	43	0	0	0	-1	-1	43	32	5	31	-1	43	0	21	-1	0	0	0	32	0	-1
c14878	0	0	-1	0	-1	41	0	0	-1	0	0	0	0	0	0	-1	0	0	25	18	18	32	22	-1	26	18	43	0	32	0
c14883	-1	-1	26	0	0	43	0	0	0	40	0	-1	-1	9	26	0	0	0	0	-1	0	0	0	0	26	0	31	-1	2	49
c14884	41	30	-1	7	0	0	-1	0	-1	0	-1	0	0	0	40	0	0	-1	0	2	9	-1	0	0	0	22	0	47	0	-1
c14891	-1	-1	0	-1	0	-1	-1	-1	42	0	26	0	0	25	40	0	-1	46	26	0	-1	0	0	0	5	0	0	0	0	0
c14893	0	-1	0	48	43	12	0	0	43	42	0	21	0	43	40	0	0	46	-1	0	21	-1	0	0	0	0	-1	0	0	26
c14894	43	0	-1	40	-1	41	-1	50	-1	-1	0	-1	0	-1	0	0	0	0	0	-1	34	8	0	0	-1	-1	0	-1	0	0
c14917	26	-1	-1	0	-1	0	-1	0	2	0	0	40	0	0	27	0	0	26	-1	3	3	5	-1	-1	5	26	0	43	0	0
c14919	-1	-1	0	-1	31	0	0	-1	13	-1	-1	-1	0	13	-1	0	0	0	26	0	0	0	0	-1	10	0	0	43	0	0
c14924	0	22	-1	0	48	-1	0	0	-1	0	0	-1	0	24	0	-1	0	26	0	0	0	40	0	9	15	0	0	0	-1	0
c14925	0	22	-1	0	48	41	0	-1	-1	0	0	0	0	24	-1	0	0	26	0	-1	0	40	0	9	15	-1	0	0	-1	0
c14926	31	-1	0	0	0	0	27	26	0	-1	29	0	0	40	40	48	43	-1	0	0	2	18	-1	0	0	-1	-1	0	14	-1
c14931	0	0	0	26	0	-1	0	13	-1	-1	30	-1	0	0	-1	0	0	0	0	0	0	-1	0	18	30	26	15	-1	37	44
c14935	0	-1	0	41	26	2	50	0	0	-1	48	0	0	0	15	0	43	-1	0	0	-1	0	0	0	18	0	0	9	0	-1
c14960	18	0	-1	0	-1	41	0	-1	-1	27	24	-1	0	0	0	-1	47	32	0	0	0	40	0	-1	43	-1	0	0	0	44
c14963	0	41	22	0	43	41	0	43	-1	27	0	42	0	0	0	-1	49	0	48	-1	0	0	0	18	0	26	45	0	0	44
c14964	-1	0	0	41	47	0	-1	0	18	0	0	-1	0	0	-1	0	0	5	0	0	0	0	0	0	0	0	0	0	0	0
c14975	43	0	0	5	-1	0	-1	31	32	43	0	0	0	0	26	0	32	0	20	0	0	0	-1	-1	26	0	-1	0	-1	49
c14984	0	20	32	0	0	-1	43	-1	43	0	0	-1	34	-1	0	0	32	5	0	0	-1	0	0	0	0	0	0	0	0	0
c15002	0	20	32	0	0	0	25	-1	-1	-1	-1	47	0	2	0	-1	32	5	0	0	0	25	44	0	-1	18	-1	0	-1	0
c15018	-1	-1	-1	0	0	0	-1	41	-1	12	26	0	0	-1	-1	-1	0	46	0	0	-1	0	0	0	-1	48	0	0	0	0
c15022	0	0	0	48	0	-1	0	0	-1	0	0	21	0	-1	40	0	2	-1	0	37	21	30	0	0	26	0	0	0	0	0
c15027	41	-1	43	-1	0	-1	0	25	-1	0	-1	-1	0	0	0	0	0	0	0	0	-1	0	0	0	0	32	0	48	0	-1
c15040	-1	47	-1	0	4	41	-1	0	-1	0	0	0	0	-1	0	0	0	0	0	26	18	-1	0	-1	26	-1	43	-1	0	0
c15048	0	20	32	0	0	0	-1	0	-1	0	0	-1	0	2	0	0	32	5	0	0	0	25	-1	0	-1	-1	-1	0	1	0
c15053	26	4	40	0	0	0	-1	0	0	0	0	-1	0	0	-1	0	0	47	2	0	4	0	0	-1	5	26	-1	0	0	9
c15056	0	2	26	0	37	0	-1	25	14	0	32	0	43	0	0	0	0	43	0	0	0	0	0	0	-1	-1	0	0	0	0
c15065	-1	-1	-1	0	31	-1	0	-1	13	-1	-1	-1	0	13	43	-1	18	0	0	0	0	0	0	0	10	0	0	0	0	-1
c15090	0	0	0	0	0	-1	0	0	-1	-1	-1	0	0	26	0	0	0	0	-1	-1	0	0	0	0	47	0	-1	0	0	-1
c15095	26	-1	0	41	20	0	0	0	0	-1	0	24	18	20	50	-1	0	38	-1	0	2	13	0	-1	-1	0	-1	0	0	0
c15108	26	-1	0	0	0	0	-1	-1	0	0	0	0	0	0	-1	0	0	-1	2	-1	-1	1	-1	-1	5	-1	32	0	-1	9
c15124	-1	17	0	0	-1	0	43	0	43	0	0	2	30	-1	18	25	0	0	-1	0	0	0	13	32	-1	0	-1	40	2	49
c15136	0	0	0	0	0	41	0	0	-1	-1	0	0	0	-1	-1	0	0	0	34	27	0	-1	48	-1	0	26	0	-1	0	44
c15174	0	0	-1	26	-1	41	0	13	-1	-1	30	0	0	0	18	0	-1	0	0	0	0	0	0	18	22	-1	22	0	0	44
c15178	-1	0	0	0	43	-1	0	48	-1	-1	0	-1	-1	0	0	0	21	0	0	20	0	-1	0	-1	-1	-1	-1	-1	0	0
c15186	0	-1	0	41	20	-1	44	12	0	0	0	-1	0	20	-1	0	0	0	0	0	15	-1	0	31	-1	38	0	0	0	0
c15188	20	-1	41	0	31	0	0	-1	-1	25	2	-1	0	-1	0	48	0	0	32	-1	0	26	0	0	-1	-1	0	0	0	-1
c15193	0	18	0	-1	0	-1	-1	0	22	18	-1	-1	-1	0	-1	0	-1	-1	-1	0	0	0	0	40	41	0	-1	0	-1	-1
c15213	0	0	-1	41	0	0	-1	0	25	-1	0	24	-1	20	48	0	0	0	0	0	24	-1	0	42	30	-1	0	0	0	0
c15220	0	0	0	-1	0	43	31	41	0	25	-1	0	0	-1	0	-1	47	16	44	48	44	5	0	4	4	44	0	-1	0	0
c15222	0	0	0	41	0	27	0	3	0	0	-1	24	21	0	0	-1	0	0	0	-1	0	0	0	0	0	0	2	0	0	0
c15226	25	0	0	0	-1	41	-1	0	-1	-1	0	0	0	0	0	0	0	-1	0	0	0	0	-1	18	0	-1	0	0	0	44
c15227	-1	0	0	-1	-1	41	-1	-1	-1	-1	-1	0	0	0	0	0	0	-1	0	0	0	0	0	18	0	26	0	-1	0	44
c15235	0	0	50	0	37	0	0	14	-1	0	26	21	-1	-1	26	0	13	-1	0	0	40	0	32	50	26	48	-1	0	2	49
c15243	-1	-1	-1	0	0	0	-1	-1	0	-1	0	0	0	2	-1	21	32	5	-1	-1	-1	25	0	0	0	33	0	21	0	0
c15246	0	0	0	0	0	41	0	0	-1	48	0	0	3	0	0	0	-1	0	32	0	0	-1	33	43	0	-1	-1	43	0	-1
c15247	0	0	-1	0	0	-1	0	0	-1	48	0	0	3	0	0	0	21	0	32	-1	0	-1	33	-1	0	-1	-1	43	0	0
c15253	0	0	-1	41	-1	37	-1	36	-1	48	0	-1	0	20	0	0	0	25	25	33	0	0	0	0	30	0	0	0	0	0
c15263	0	0	-1	-1	0	41	0	48	-1	-1	-1	0	0	41	-1	-1	0	0	0	0	-1	0	0	18	-1	26	0	48	43	44
c15265	0	20	-1	0	30	0	43	0	-1	-1	0	0	-1	2	0	-1	32	5	0	0	0	0	0	2	0	-1	-1	0	48	0
c15274	2	0	0	0	0	41	0	-1	-1	-1	0	0	-1	0	5	26	0	0	0	0	0	0	0	18	0	26	0	-1	0	44
c15275	2	-1	0	0	0	41	0	-1	-1	-1	0	0	0	0	5	-1	0	0	0	0	-1	0	0	18	0	26	0	3	0	44
c15287	0	0	-1	0	9	41	0	-1	-1	27	0	-1	0	43	18	-1	0	0	0	0	0	44	-1	18	-1	26	0	0	0	44
c15297	18	-1	22	-1	47	50	50	0	18	0	0	0	-1	0	-1	0	0	5	0	47	0	0	41	-1	0	0	27	0	0	0
c15310	-1	-1	0	0	0	0	27	-1	0	0	0	0	0	-1	40	48	-1	46	25	0	0	0	36	0	0	-1	-1	0	0	0
c15311	-1	-1	0	0	0	0	27	-1	0	0	0	0	0	-1	-1	-1	43	46	25	0	0	0	36	0	0	-1	-1	0	0	0
c15317	-1	-1	38	-1	31	0	-1	-1	13	25	-1	-1	0	13	43	0	0	0	0	0	0	0	0	0	10	0	0	-1	0	0
c15319	0	18	41	43	5	34	0	26	10	0	0	-1	0	-1	0	0	0	0	0	-1	-1	5	0	40	0	21	32	0	0	44
c15331	0	0	-1	0	0	0	12	33	43	-1	14	46	32	0	26	0	0	15	0	0	10	0	-1	50	26	0	0	31	2	49
c15334	-1	-1	32	-1	0	-1	0	0	32	0	-1	0	0	2	-1	43	32	5	26	0	0	0	-1	47	48	44	-1	-1	0	-1
c15346	-1	-1	0	-1	0	0	0	0	-1	-1	-1	0	0	-1	-1	48	43	46	0	0	-1	0	36	15	0	-1	-1	0	0	-1
c15349	43	0	-1	26	0	-1	0	22	-1	0	0	0	0	0	32	0	0	0	0	0	-1	0	0	0	25	19	-1	-1	0	-1
c15352	0	-1	0	0	-1	0	0	0	32	-1	0	-1	0	0	-1	0	-1	5	0	-1	0	0	0	-1	-1	0	0	0	2	49
c15357	-1	26	0	-1	0	0	0	0	0	0	26	0	-1	-1	26	-1	19	0	0	-1	0	0	0	50	26	48	44	0	2	49
c15363	43	-1	-1	0	0	41	-1	-1	-1	0	0	-1	0	0	32	-1	-1	0	0	0	0	0	0	0	-1	0	22	0	-1	-1
c15367	0	0	0	0	5	-1	18	37	-1	27	0	-1	0	0	0	-1	32	-1	0	0	-1	0	0	18	0	26	0	24	34	-1
c15370	-1	36	0	0	-1	2	0	0	0	10	-1	-1	-1	0	40	22	-1	46	-1	34	0	-1	0	0	32	0	0	0	0	50
c15371	41	36	-1	21	0	2	0	-1	0	10	-1	43	-1	0	40	22	0	-1	31	-1	0	0	0	0	-1	0	0	0	0	-1
c15374	0	0	0	-1	0	41	-1	-1	-1	48	0	0	0	-1	25	0	21	0	-1	0	0	0	23	0	0	0	-1	18	47	-1
c15375	0	0	0	41	0	41	-1	-1	-1	48	0	0	0	0	25	0	21	0	48	-1	0	-1	23	0	0	0	41	18	47	0
c15390	43	25	44	-1	0	41	0	0	-1	27	-1	-1	0	0	-1	0	0	0	0	0	0	0	0	-1	0	26	25	0	0	44
c15401	-1	-1	0	41	0	0	-1	0	0	0	0	24	0	20	0	0	0	-1	0	0	0	13	48	0	-1	-1	0	-1	18	0
c15406	0	0	-1	0	0	-1	0	0	-1	12	0	-1	0	44	0	40	0	0	0	0	-1	44	0	-1	0	0	0	47	0	0
c15415	0	0	0	-1	0	41	0	43	-1	-1	0	0	0	0	47	0	0	0	34	27	-1	-1	48	18	0	26	0	0	0	44
c15417	0	20	32	0	0	0	43	34	0	-1	-1	0	0	-1	0	0	32	5	31	0	36	21	0	0	0	0	47	0	0	0
c15419	26	0	0	0	26	0	-1	0	-1	-1	-1	0	0	0	-1	0	0	18	-1	0	0	1	0	-1	5	-1	-1	-1	0	9
c15424	-1	0	-1	0	0	0	-1	34	43	0	-1	50	43	-1	40	48	-1	-1	4	-1	40	0	0	13	0	-1	-1	0	47	0
c15436	-1	-1	0	0	0	-1	27	-1	-1	-1	0	0	0	-1	40	-1	43	46	0	0	0	0	-1	0	0	-1	-1	0	0	0
c15437	0	-1	-1	0	0	0	27	-1	0	-1	0	0	0	0	40	-1	43	46	0	0	0	0	36	0	0	-1	-1	0	0	0
c15439	-1	15	0	0	0	3	-1	26	32	0	0	0	-1	0	-1	48	43	-1	-1	-1	-1	0	0	-1	0	0	-1	40	0	0
c15445	-1	0	0	0	0	4	4	0	0	0	0	0	0	-1	26	26	33	0	0	-1	-1	0	0	50	26	0	-1	0	-1	-1
c15450	-1	0	0	0	-1	0	0	48	-1	20	32	2	0	41	26	0	48	0	-1	45	43	0	-1	0	-1	-1	-1	0	2	49
c15451	0	0	0	0	32	-1	0	48	43	20	32	2	0	41	26	-1	-1	0	-1	45	-1	0	-1	0	-1	-1	-1	0	2	49
c15458	43	0	-1	-1	-1	41	-1	0	-1	27	43	0	0	-1	0	38	-1	0	0	0	0	0	0	18	0	26	-1	25	0	44
c15459	43	-1	-1	0	0	41	0	0	-1	27	43	-1	-1	0	0	-1	0	0	0	0	0	0	0	18	-1	-1	25	-1	0	44
c15461	40	0	0	-1	0	-1	0	-1	-1	0	0	-1	0	18	-1	43	-1	0	0	48	0	30	0	0	0	-1	0	0	0	0
c15477	0	0	-1	0	-1	0	5	-1	0	25	0	-1	0	-1	0	-1	2	0	0	0	-1	-1	13	0	-1	47	-1	43	2	49
c15478	-1	0	37	41	0	0	43	0	50	0	0	0	0	0	0	-1	0	0	0	47	0	0	0	0	0	-1	0	0	-1	0
c15481	26	0	0	38	0	0	32	-1	0	0	0	0	19	-1	-1	-1	0	0	24	3	0	-1	31	0	5	26	0	26	0	26
c15489	5	20	-1	0	0	0	43	43	0	0	-1	0	0	-1	0	0	32	5	0	0	0	0	0	0	0	-1	29	32	0	-1
c15499	25	0	18	41	0	-1	50	0	0	0	0	41	48	0	0	0	21	24	-1	0	-1	0	0	0	0	0	-1	-1	48	0
c15501	43	-1	-1	41	0	0	-1	0	25	47	0	24	0	20	48	0	0	-1	0	0	0	18	0	0	30	0	0	0	-1	-1
c15507	0	0	0	43	0	43	0	0	0	-1	-1	0	0	0	0	0	0	-1	0	48	0	5	-1	4	4	44	21	0	0	0
c15533	43	25	44	0	0	41	0	0	-1	27	0	0	0	0	0	0	0	0	0	0	-1	0	0	-1	0	26	-1	-1	0	-1
c15534	41	0	0	-1	0	4	-1	-1	-1	0	26	-1	0	0	40	0	0	46	26	0	0	-1	0	0	0	0	0	0	0	0
c15535	-1	-1	0	0	0	4	-1	-1	42	0	-1	-1	0	0	40	-1	0	46	26	-1	0	-1	0	0	0	-1	0	0	0	0
c15555	0	-1	43	41	0	0	0	-1	0	0	-1	-1	0	20	-1	-1	0	0	0	0	40	13	-1	0	-1	0	0	-1	0	-1
c15559	0	0	-1	18	0	41	-1	14	-1	0	0	0	0	24	0	25	0	0	50	0	0	0	0	9	15	9	0	-1	-1	0
c15561	-1	0	0	40	-1	-1	22	15	0	-1	-1	46	40	-1	-1	0	-1	0	-1	0	0	43	0	-1	26	0	0	-1	2	49
c15578	34	0	-1	-1	0	-1	-1	0	0	21	2	22	0	41	0	0	0	40	0	0	0	0	13	0	-1	-1	-1	0	2	49
c15579	34	0	-1	-1	0	0	-1	0	0	21	-1	-1	0	41	-1	0	0	40	0	0	0	0	13	-1	-1	0	-1	0	2	49
c15598	26	0	-1	0	0	38	43	0	43	-1	0	2	0	41	0	0	0	0	-1	0	-1	-1	13	0	-1	37	-1	40	2	49
c15602	-1	42	-1	0	31	0	48	0	13	-1	-1	-1	-1	13	-1	-1	22	0	-1	0	-1	0	-1	0	0	0	32	44	-1	-1
c15603	43	42	-1	0	31	0	48	0	13	25	2	-1	0	13	39	-1	22	0	-1	0	0	0	29	0	0	-1	32	44	0	0
c15645	-1	-1	-1	0	31	-1	0	-1	13	25	-1	-1	0	13	0	0	0	0	-1	26	-1	0	-1	-1	0	-1	0	41	-1	-1
c15654	0	0	0	0	0	-1	0	31	0	-1	-1	21	21	-1	26	20	-1	0	0	22	-1	0	32	50	26	48	0	0	-1	49
c15694	0	0	43	43	50	-1	-1	0	-1	0	0	-1	-1	0	-1	-1	-1	0	0	0	34	-1	43	0	-1	0	0	0	0	0
c15695	-1	0	43	-1	50	-1	-1	-1	-1	0	-1	-1	0	0	0	-1	9	0	0	0	-1	-1	43	0	-1	0	0	0	0	0
c15715	0	50	0	-1	45	-1	0	-1	0	0	0	0	0	0	26	0	33	-1	-1	-1	0	0	0	-1	26	0	-1	-1	2	49
c15722	0	0	0	0	24	-1	0	0	-1	48	0	0	0	0	0	26	21	47	0	0	0	-1	0	34	32	-1	-1	0	0	0
c15724	0	-1	0	41	0	0	32	0	-1	0	0	24	0	20	0	0	0	-1	0	43	-1	13	0	0	-1	0	0	0	18	0
c15745	15	20	32	32	18	-1	0	0	0	-1	0	31	44	2	26	-1	32	5	0	0	26	0	0	-1	0	0	-1	30	0	0
c15748	-1	-1	-1	-1	31	0	0	-1	13	25	2	-1	0	13	0	-1	-1	0	0	0	0	0	0	32	0	32	26	0	-1	0
c15760	-1	32	0	0	0	41	0	0	-1	-1	0	-1	18	-1	50	-1	21	37	0	25	0	0	0	0	-1	0	6	0	-1	24
c15778	32	20	32	-1	0	-1	0	0	0	0	0	0	48	2	-1	0	32	5	18	-1	46	0	-1	40	-1	42	0	0	47	0
c15784	-1	0	0	0	0	-1	-1	23	0	37	0	-1	0	0	27	-1	0	0	2	-1	0	-1	-1	-1	-1	-1	32	0	0	-1
c15788	0	-1	0	0	31	0	0	-1	13	25	2	-1	0	-1	0	0	-1	0	32	-1	-1	0	26	0	0	0	0	0	0	0
c15789	0	-1	0	0	31	-1	0	-1	13	25	2	-1	0	13	0	-1	0	0	32	0	0	0	26	0	-1	0	0	0	0	0
c15797	0	0	-1	-1	0	41	40	0	-1	27	-1	0	0	-1	0	-1	0	0	0	0	0	0	-1	9	15	0	-1	21	0	0
c15800	-1	20	32	-1	0	40	43	0	0	-1	0	0	-1	-1	0	0	32	5	0	-1	-1	2	0	-1	14	0	0	-1	0	0
c15803	0	0	0	41	-1	15	43	0	50	0	0	0	5	47	-1	-1	0	-1	-1	47	-1	0	0	0	0	0	-1	0	0	-1
c15809	-1	0	0	41	0	-1	50	0	0	0	0	0	0	0	-1	0	0	-1	0	0	0	0	0	0	0	0	0	40	-1	0
c15823	-1	-1	0	0	31	40	0	-1	13	25	-1	-1	-1	13	32	0	0	0	18	0	-1	-1	0	0	0	0	0	0	31	28
c15827	0	0	0	0	0	41	-1	44	-1	27	0	-1	0	0	0	0	0	0	-1	0	0	-1	0	18	18	-1	0	0	-1	44
c15857	-1	-1	0	0	-1	-1	0	-1	13	25	2	-1	0	13	0	-1	0	0	-1	0	0	-1	0	32	-1	0	0	43	-1	0
c15859	-1	20	-1	43	-1	-1	0	0	0	0	-1	-1	0	2	26	-1	32	5	26	0	-1	33	-1	0	0	44	0	-1	0	-1
c15862	0	18	-1	43	0	34	0	0	10	0	0	27	-1	-1	32	0	0	0	0	-1	-1	5	0	40	0	0	-1	0	0	44
c15884	0	0	0	0	32	0	0	12	43	20	32	2	0	41	-1	0	48	-1	-1	45	43	0	-1	-1	-1	0	-1	0	2	49
c15886	-1	0	0	41	0	0	43	0	50	0	0	0	0	0	25	-1	0	0	0	47	0	0	0	44	0	0	0	0	0	0
c15887	0	0	0	41	0	-1	43	0	50	0	-1	0	-1	0	25	0	0	0	0	47	0	0	-1	44	-1	0	0	0	0	0
c15889	-1	0	-1	0	0	32	40	0	0	0	26	43	-1	0	40	-1	-1	-1	31	0	32	0	0	0	0	0	9	-1	18	-1
c15893	0	20	-1	0	0	0	43	2	48	0	47	0	0	2	0	0	-1	5	0	0	0	-1	0	0	-1	36	0	0	0	0
c15905	-1	0	21	41	0	0	-1	48	-1	32	0	24	21	0	0	26	0	-1	-1	48	0	0	0	0	48	0	2	30	0	0
c15909	26	0	0	0	0	0	-1	0	0	0	-1	43	-1	0	27	0	0	47	0	3	32	47	0	43	5	26	0	-1	0	-1
c15914	0	0	0	-1	20	-1	-1	0	43	20	-1	2	0	-1	0	0	48	-1	-1	45	0	0	13	0	-1	-1	-1	-1	2	49
c15915	0	0	0	0	20	0	0	0	43	20	26	2	-1	41	-1	0	-1	0	-1	45	0	-1	13	0	-1	12	-1	0	2	49
c15925	0	0	-1	0	9	41	0	0	-1	-1	0	0	-1	43	18	0	41	0	0	1	0	-1	-1	18	43	-1	0	0	0	44
c15927	0	0	0	0	26	0	48	0	0	14	26	0	0	-1	26	15	31	0	0	0	-1	0	0	50	26	48	0	0	2	49
c15928	43	-1	43	40	0	41	0	50	-1	-1	0	0	0	-1	0	0	0	0	-1	-1	34	0	0	0	-1	-1	-1	0	0	0
c15936	0	0	0	-1	0	-1	0	0	-1	48	0	0	0	0	43	0	-1	0	0	0	-1	-1	33	-1	-1	-1	-1	0	0	0
c15951	5	-1	0	-1	0	40	27	-1	0	0	44	-1	-1	0	-1	48	43	46	0	26	0	0	-1	9	-1	-1	-1	-1	0	-1
