	0	1	2	3	4	5	6	7	8	9	10	11	12	13	14	15	16	17	18	19	20	21	22	23	24	25	26	27	28	29
c422	0	0	17	0	0	40	12	0	0	41	0	-1	0	0	0	0	0	0	15	-1	0	0	0	20	1	-1	0	-1	0	0
c742	0	37	-1	24	-1	40	37	0	11	0	0	37	0	0	37	0	-1	2	0	0	25	-1	0	0	0	-1	15	30	50	37
c1133	0	0	15	0	0	40	0	-1	-1	0	0	0	-1	0	-1	0	-1	0	0	0	2	0	-1	0	1	-1	0	-1	0	29
c1196	1	0	15	0	-1	40	-1	-1	-1	1	9	0	-1	-1	0	-1	0	0	0	0	-1	22	0	46	-1	0	0	0	0	0
c1301	2	-1	0	-1	0	40	0	0	41	0	28	-1	0	0	0	0	0	1	0	0	-1	0	-1	0	0	10	0	30	50	0
c1331	9	0	0	6	49	0	-1	47	22	39	-1	0	0	-1	0	0	34	49	-1	-1	46	0	43	3	1	0	0	0	-1	-1
c1490	0	0	0	34	0	-1	0	0	-1	0	0	0	0	0	2	-1	-1	0	0	0	0	0	0	-1	1	4	0	-1	0	0
c1497	0	0	15	0	-1	40	0	0	0	0	-1	-1	-1	-1	-1	0	-1	0	0	37	-1	15	1	0	-1	37	0	37	0	-1
c1500	0	0	15	-1	-1	40	0	0	0	-1	1	0	-1	0	-1	0	37	-1	-1	34	37	0	0	0	0	37	0	37	0	0
c1574	9	15	0	6	49	0	-1	0	22	-1	0	-1	16	-1	50	0	0	49	-1	-1	-1	0	34	3	0	46	0	0	-1	-1
c1681	2	8	0	17	0	40	0	0	-1	-1	28	0	22	0	0	-1	0	-1	0	0	-1	0	-1	0	0	2	0	30	-1	0
c1693	0	0	0	0	-1	40	0	0	34	9	0	-1	0	15	0	1	-1	0	15	0	0	0	0	0	1	-1	0	0	-1	17
c1717	0	-1	15	9	-1	40	0	0	0	0	-1	1	-1	-1	-1	0	37	-1	0	0	-1	15	1	-1	40	37	21	37	0	-1
c1726	-1	0	15	-1	0	40	-1	46	47	0	0	-1	-1	0	-1	-1	37	0	17	0	37	0	0	-1	2	0	-1	-1	0	22
c1799	0	0	-1	24	40	40	37	0	-1	37	0	0	0	0	-1	0	0	0	-1	0	25	-1	-1	0	0	0	15	30	50	37
c1914	0	0	0	0	-1	40	0	49	0	-1	0	0	21	0	0	0	0	0	37	-1	0	-1	-1	22	1	0	0	-1	-1	31
c1937	37	0	0	46	0	40	1	17	19	0	-1	0	0	0	0	1	1	0	-1	0	1	-1	-1	0	-1	0	1	0	0	0
c1955	9	0	0	6	49	12	-1	-1	-1	0	0	0	0	15	50	0	0	49	-1	34	46	-1	43	3	1	0	0	-1	-1	-1
c2003	9	-1	-1	-1	49	0	-1	-1	22	2	0	0	0	31	46	-1	0	49	-1	34	46	0	-1	3	0	0	0	0	-1	-1
c2170	-1	0	15	0	-1	40	22	0	0	0	0	-1	-1	0	-1	-1	37	0	-1	0	37	0	0	0	2	1	34	16	-1	-1
c2192	-1	-1	-1	28	0	40	-1	-1	0	0	0	50	0	-1	0	-1	24	2	0	0	12	-1	0	0	0	0	0	30	50	46
c2199	0	0	0	22	0	40	39	0	6	0	0	18	-1	-1	0	9	0	15	0	0	0	0	0	-1	1	-1	-1	0	-1	-1
c2208	19	0	-1	0	0	40	0	29	0	0	-1	50	-1	41	33	0	-1	0	0	0	0	0	-1	-1	1	0	2	-1	0	-1
c2239	0	0	0	22	0	-1	39	-1	6	0	0	-1	-1	30	-1	0	-1	-1	0	0	-1	0	-1	-1	1	0	-1	0	0	0
c2264	0	0	0	-1	0	-1	0	0	-1	-1	50	0	25	0	-1	0	0	0	50	0	0	0	-1	23	1	-1	41	-1	0	0
c2309	29	22	0	-1	0	0	0	-1	-1	2	15	-1	-1	22	-1	1	6	0	0	-1	0	0	0	0	-1	0	0	0	-1	0
c2345	-1	0	0	0	0	40	0	0	0	0	28	0	0	-1	0	-1	0	1	-1	0	-1	0	33	-1	0	-1	0	30	50	-1
c2460	-1	0	0	24	0	40	37	0	0	35	-1	0	0	0	37	0	0	0	0	0	25	12	0	0	0	0	15	30	50	37
c2463	-1	-1	37	0	0	40	-1	-1	0	15	0	0	0	0	0	49	0	0	17	50	-1	0	15	-1	1	2	-1	0	-1	35
c2525	-1	0	23	-1	-1	40	0	37	0	0	-1	-1	-1	25	0	0	0	0	-1	-1	-1	0	-1	0	1	0	25	0	0	0
c2542	-1	1	-1	0	-1	-1	0	0	0	0	0	-1	-1	0	0	0	0	-1	-1	22	0	1	-1	-1	1	11	15	0	2	1
c2577	-1	0	-1	0	0	40	0	0	0	0	-1	-1	-1	-1	0	47	37	0	0	0	37	-1	0	0	0	37	-1	-1	-1	1
c2597	1	46	15	0	-1	40	-1	-1	1	-1	9	0	-1	0	-1	-1	0	0	0	-1	-1	22	-1	46	34	0	-1	50	0	0
c2616	9	-1	49	-1	49	0	0	0	22	0	0	-1	0	0	0	-1	0	0	0	34	46	39	0	3	0	15	0	0	-1	-1
c2680	-1	0	-1	-1	-1	40	0	0	21	0	0	-1	-1	0	0	0	37	19	-1	0	37	0	0	0	-1	0	0	16	-1	17
c2682	-1	-1	-1	0	0	40	0	0	-1	22	17	0	-1	47	-1	33	32	-1	0	0	32	-1	0	0	0	-1	1	-1	-1	0
c2699	46	0	17	0	-1	40	-1	17	1	-1	0	0	0	0	0	0	33	47	0	-1	-1	6	15	0	31	-1	-1	-1	50	0
c2739	0	0	0	0	1	43	0	0	32	0	0	0	-1	22	46	1	6	0	0	9	9	0	-1	0	-1	37	0	0	33	-1
c2744	9	34	33	6	49	0	1	0	22	0	0	-1	-1	0	35	-1	0	0	0	34	46	0	47	3	0	0	0	0	-1	-1
c2760	-1	0	-1	0	17	40	-1	-1	0	0	0	0	0	-1	-1	0	0	0	0	0	0	0	0	49	1	0	0	-1	0	0
c2789	0	0	-1	0	-1	-1	12	0	30	41	0	-1	0	0	0	4	0	-1	15	0	0	-1	0	20	1	0	0	40	0	22
c2794	0	-1	1	0	-1	40	0	0	15	0	-1	-1	0	0	37	0	0	-1	15	0	0	41	-1	0	-1	50	0	0	0	0
c2807	0	2	23	0	-1	40	0	0	17	0	0	-1	0	0	0	0	0	0	15	0	0	-1	-1	-1	1	0	0	0	0	-1
c2847	0	0	0	23	2	40	-1	0	37	0	-1	0	0	-1	-1	0	0	-1	0	25	22	0	0	-1	-1	0	-1	30	-1	0
c2851	37	0	0	23	22	40	-1	0	-1	0	0	-1	0	31	0	19	0	0	0	-1	0	-1	0	0	0	37	-1	-1	50	-1
c2907	-1	-1	-1	0	33	40	-1	-1	1	0	9	0	-1	0	-1	0	0	0	-1	0	0	22	0	46	34	0	-1	50	0	0
c2917	0	0	0	0	-1	-1	38	17	0	1	19	0	-1	22	0	0	-1	-1	2	9	15	-1	0	0	0	0	0	-1	33	34
c2919	-1	0	15	-1	-1	40	0	-1	1	-1	-1	41	-1	0	0	0	0	0	0	-1	0	22	22	46	34	0	30	-1	37	0
c2933	0	0	0	0	24	40	0	-1	-1	0	-1	-1	0	-1	0	0	15	15	0	0	2	0	-1	-1	6	0	0	2	0	-1
c2958	-1	-1	0	-1	47	40	0	0	-1	0	28	0	0	0	0	0	0	1	9	0	0	0	33	0	0	0	0	30	50	0
c2979	0	-1	37	-1	2	40	-1	0	37	-1	0	0	0	34	-1	0	2	41	0	25	47	0	0	0	0	0	-1	30	50	0
c2985	-1	29	15	0	0	40	47	22	0	-1	0	0	-1	-1	0	-1	37	0	0	0	37	-1	0	-1	-1	37	0	-1	0	-1
c2988	-1	0	15	0	-1	-1	0	1	0	0	0	0	-1	0	0	6	37	50	-1	31	37	0	0	0	2	-1	0	16	-1	-1
c3050	-1	0	0	0	-1	-1	0	-1	2	0	28	0	0	0	0	0	0	1	0	0	45	0	33	-1	0	0	-1	30	50	-1
c3061	0	0	0	-1	0	-1	0	0	0	37	37	0	0	0	2	0	0	0	-1	0	0	0	0	17	1	37	-1	0	-1	0
c3077	37	-1	0	0	-1	40	-1	0	0	49	0	25	0	0	0	28	-1	0	31	0	1	37	-1	0	-1	0	-1	0	-1	0
c3081	0	0	17	0	0	40	12	-1	15	41	0	-1	0	0	0	0	0	0	15	0	-1	35	0	20	1	0	0	40	0	37
c3086	37	0	0	23	-1	40	-1	-1	-1	15	0	0	0	0	0	0	0	0	0	-1	0	0	0	0	0	-1	-1	-1	50	0
c3093	25	0	15	0	0	40	-1	0	-1	-1	0	0	-1	-1	0	33	0	6	22	12	0	0	0	0	0	0	37	-1	37	30
c3098	0	35	2	4	0	40	0	0	0	37	0	0	0	-1	-1	-1	-1	46	-1	0	0	0	-1	0	-1	15	-1	-1	0	2
c3201	41	2	15	0	0	-1	0	-1	0	0	-1	-1	-1	47	0	33	-1	2	-1	5	-1	-1	0	0	-1	0	-1	0	37	0
c3219	1	0	15	0	33	40	-1	-1	1	0	9	-1	-1	0	0	0	0	0	0	0	0	22	0	-1	34	-1	0	0	0	17
c3247	0	-1	17	0	0	40	12	0	0	41	0	-1	0	0	0	0	0	-1	-1	0	0	10	-1	-1	1	0	0	40	0	0
c3248	-1	-1	15	29	0	40	37	0	0	6	37	0	-1	-1	-1	0	37	35	0	-1	37	0	-1	0	41	37	-1	-1	0	0
c3250	-1	5	15	0	-1	40	0	-1	-1	0	0	22	-1	37	46	0	37	31	-1	40	-1	0	-1	0	2	0	0	16	-1	0
c3277	9	0	0	6	49	0	-1	47	22	0	-1	0	-1	0	0	0	0	49	-1	-1	46	0	0	-1	1	0	0	-1	-1	-1
c3282	-1	0	15	0	0	40	0	29	0	-1	-1	24	-1	-1	33	-1	37	0	0	0	-1	0	-1	0	1	0	0	-1	-1	0
c3305	0	0	23	0	-1	40	0	0	0	0	0	-1	0	0	0	0	0	0	15	0	-1	-1	-1	-1	-1	0	0	0	0	22
c3313	-1	0	17	0	-1	40	12	0	0	46	0	-1	0	0	1	9	0	-1	15	-1	0	-1	22	0	1	-1	-1	40	0	0
c3326	0	-1	-1	-1	-1	40	0	-1	0	34	0	0	-1	-1	-1	15	37	8	-1	0	37	0	0	0	0	37	0	37	0	-1
c3329	0	0	0	34	24	40	0	-1	-1	1	0	-1	0	0	0	0	0	15	0	0	0	37	0	3	0	36	-1	2	0	0
c3356	-1	-1	-1	41	-1	40	-1	0	-1	0	0	-1	-1	0	-1	-1	37	0	17	-1	37	0	0	41	-1	-1	-1	0	0	0
c3359	-1	0	0	0	0	0	0	0	32	-1	0	0	-1	22	0	1	6	0	0	-1	0	0	1	41	-1	0	0	0	-1	0
c3376	-1	2	-1	41	-1	40	-1	0	0	0	0	0	-1	-1	0	-1	37	0	17	37	37	-1	0	0	2	0	-1	0	0	0
c3396	-1	5	15	0	-1	40	0	0	0	0	-1	22	-1	37	0	0	37	0	-1	0	-1	0	-1	0	2	0	0	16	-1	0
c3406	-1	0	5	22	0	40	39	0	6	0	37	-1	25	-1	-1	0	0	15	0	-1	0	-1	-1	23	1	0	39	0	29	-1
c3420	9	-1	1	6	49	0	-1	0	22	0	0	0	0	0	0	0	0	49	-1	34	46	-1	0	3	-1	0	0	-1	-1	-1
c3424	33	0	-1	4	0	-1	-1	31	0	0	0	31	-1	47	0	-1	0	2	37	0	-1	0	40	0	-1	46	-1	0	37	0
c3436	37	9	-1	0	0	40	1	-1	-1	-1	0	0	0	0	0	0	0	0	15	0	1	0	0	8	-1	17	1	-1	0	0
c3468	-1	0	0	0	0	40	0	-1	-1	0	-1	-1	39	0	-1	0	37	0	-1	0	37	0	0	-1	-1	0	0	0	0	0
c3514	-1	0	15	4	-1	-1	-1	-1	0	46	40	0	-1	-1	33	0	37	0	0	0	0	-1	-1	0	0	-1	41	46	0	0
c3526	-1	29	-1	0	35	40	0	-1	0	0	0	24	-1	-1	0	-1	-1	-1	0	10	-1	0	-1	-1	0	37	0	-1	0	0
c3554	0	0	17	-1	35	-1	-1	0	0	41	0	-1	0	0	41	0	0	0	15	0	0	-1	0	20	1	0	0	-1	0	0
c3559	-1	0	17	0	-1	40	12	-1	0	46	0	-1	-1	15	0	0	0	0	-1	0	-1	-1	22	0	1	0	0	40	0	0
c3564	-1	0	-1	-1	24	40	0	0	-1	1	0	35	0	0	-1	0	0	15	0	0	0	37	0	3	6	36	-1	2	0	0
c3565	0	0	0	34	24	40	0	0	-1	1	0	35	0	0	0	0	0	15	-1	-1	0	37	0	3	6	-1	-1	2	0	0
c3590	0	0	47	0	0	-1	-1	0	0	0	0	0	-1	0	-1	-1	0	0	0	-1	0	0	0	0	-1	0	-1	30	50	0
c3602	0	-1	37	0	0	40	0	-1	0	15	0	0	-1	-1	0	0	0	0	17	50	30	0	0	23	1	0	0	-1	0	35
c3616	37	-1	15	0	-1	40	0	17	0	34	0	0	-1	0	-1	15	37	0	0	-1	37	0	0	0	0	37	0	37	0	0
c3646	0	-1	0	0	0	0	38	17	0	0	0	0	-1	22	0	1	-1	0	2	9	15	0	-1	37	0	0	0	47	-1	0
c3678	0	0	15	0	-1	40	-1	-1	0	0	0	0	-1	-1	-1	0	-1	0	0	-1	37	15	1	-1	0	-1	0	37	35	0
c3679	0	0	15	0	-1	40	0	-1	0	0	0	0	-1	0	-1	36	37	0	0	0	-1	15	1	0	0	-1	0	37	35	-1
c3702	37	9	0	0	-1	40	1	0	0	0	0	0	0	0	0	0	0	0	-1	-1	1	-1	0	8	-1	17	1	10	-1	0
c3729	0	0	-1	4	-1	40	2	-1	21	0	0	0	-1	41	33	11	37	0	0	0	0	0	-1	1	0	0	0	0	0	0
c3747	0	0	0	0	1	0	-1	-1	32	0	0	0	-1	22	0	1	6	0	-1	9	-1	-1	1	0	-1	37	0	0	33	0
c3759	29	0	0	0	0	40	0	0	0	0	0	15	-1	0	0	0	0	0	37	-1	0	-1	-1	0	1	-1	0	0	0	0
c3760	0	-1	0	0	-1	40	0	0	0	0	-1	0	0	0	0	0	0	0	-1	0	0	-1	0	-1	-1	46	46	0	0	0
c3766	0	0	0	0	-1	40	0	-1	0	0	0	-1	0	0	37	0	0	31	15	0	-1	-1	-1	-1	1	0	-1	-1	-1	0
c3821	0	12	15	0	-1	40	0	0	0	34	-1	0	-1	0	-1	15	37	0	0	0	37	15	0	0	22	37	-1	37	-1	-1
c3831	0	0	-1	-1	0	-1	12	-1	0	0	0	-1	-1	2	-1	49	0	34	-1	0	-1	0	0	0	-1	0	-1	40	0	8
c3833	3	-1	0	0	0	0	0	0	32	-1	32	-1	-1	22	4	0	6	0	37	9	20	4	30	15	-1	0	-1	0	33	0
c3845	2	-1	0	0	0	40	0	0	-1	48	28	15	-1	0	-1	0	-1	1	0	-1	0	0	-1	0	0	0	0	30	50	0
c3870	-1	0	15	29	0	40	37	0	0	0	37	-1	-1	-1	-1	0	37	0	48	-1	37	0	0	9	0	-1	0	-1	0	0
c3889	0	1	-1	0	0	-1	-1	-1	-1	-1	0	0	-1	47	1	33	-1	2	-1	-1	-1	0	-1	-1	0	0	1	0	-1	25
c3894	0	1	-1	-1	-1	-1	0	-1	-1	0	0	-1	-1	1	0	-1	0	40	15	15	-1	0	-1	0	1	0	-1	-1	0	-1
c3904	0	0	0	0	-1	40	0	-1	-1	0	0	-1	2	0	0	0	0	15	0	0	2	0	0	3	35	0	-1	2	0	0
c3942	0	0	0	0	4	22	0	0	-1	17	-1	0	-1	22	0	-1	-1	0	33	9	0	0	-1	-1	-1	0	0	0	33	0
c3960	0	34	15	0	-1	40	0	-1	0	34	37	0	-1	0	-1	0	37	0	0	0	-1	-1	-1	0	0	-1	0	37	35	0
c3964	-1	0	15	-1	0	40	0	0	47	0	0	-1	-1	0	25	0	37	0	17	0	37	-1	0	0	2	0	-1	-1	0	22
c3965	-1	0	-1	-1	0	40	0	0	47	0	-1	-1	-1	0	25	0	-1	0	17	0	37	0	0	0	-1	0	-1	-1	-1	22
c3996	-1	0	15	0	-1	40	0	-1	-1	0	0	40	-1	0	46	0	37	0	-1	0	-1	0	0	0	2	-1	0	16	-1	-1
c3999	0	0	0	0	46	-1	0	0	0	-1	50	0	25	0	0	0	0	0	50	-1	0	0	-1	23	1	0	-1	0	0	0
c4007	0	0	0	-1	39	-1	12	-1	0	0	0	-1	22	0	0	0	0	0	15	22	0	-1	0	0	1	-1	0	-1	0	0
c4032	46	-1	-1	-1	0	40	0	-1	-1	15	0	0	0	0	41	-1	-1	0	-1	50	0	0	0	23	1	2	0	-1	0	35
c4061	0	0	15	34	41	40	0	29	41	0	0	0	-1	0	33	34	37	-1	-1	0	0	2	-1	0	-1	0	0	0	-1	0
c4094	0	-1	15	0	-1	-1	0	0	0	0	0	-1	-1	0	-1	0	37	-1	0	-1	37	-1	1	0	-1	-1	0	37	0	0
c4096	17	0	-1	0	33	40	0	-1	1	0	-1	0	-1	-1	0	0	0	15	0	4	0	22	22	46	34	0	0	0	0	22
c4106	0	-1	-1	-1	-1	40	39	1	6	0	24	0	25	30	0	0	0	15	-1	-1	0	0	0	23	-1	0	-1	33	0	-1
c4116	9	-1	0	6	49	-1	-1	0	22	0	0	0	0	-1	0	0	0	0	0	34	46	-1	0	3	0	0	0	0	-1	-1
c4140	0	0	1	-1	24	40	0	1	-1	6	0	0	0	22	0	-1	22	15	2	11	0	-1	0	-1	0	-1	15	-1	0	0
c4145	0	31	0	0	0	-1	0	0	32	-1	-1	-1	-1	22	-1	0	6	0	0	9	15	-1	0	0	0	-1	0	0	33	0
c4198	0	0	-1	0	-1	40	0	1	0	0	-1	-1	37	-1	0	0	0	0	15	0	0	0	-1	0	1	-1	15	-1	0	-1
c4203	0	0	0	-1	-1	40	12	-1	0	0	-1	-1	17	0	0	49	-1	-1	15	0	0	-1	3	0	-1	-1	-1	40	0	0
c4221	1	0	15	0	0	40	0	-1	30	0	0	-1	-1	0	33	0	37	0	0	32	0	-1	-1	0	-1	-1	47	0	-1	40
c4239	0	0	0	0	39	40	12	0	-1	0	0	-1	0	22	0	0	0	0	-1	22	0	0	-1	0	-1	0	0	-1	0	0
c4243	19	-1	15	-1	0	-1	0	29	0	0	25	50	-1	41	33	0	37	0	0	0	0	0	-1	0	1	0	2	-1	-1	0
c4256	-1	1	15	41	0	40	0	0	47	0	-1	0	-1	0	0	0	-1	29	17	0	37	17	0	-1	2	-1	-1	0	0	-1
c4274	0	0	0	-1	0	40	0	0	0	-1	0	0	-1	0	0	35	0	0	-1	0	0	0	0	1	1	-1	0	0	0	0
c4277	0	-1	15	0	-1	40	0	-1	-1	0	0	-1	-1	0	-1	-1	-1	-1	0	0	37	-1	1	-1	40	-1	0	37	0	41
c4291	0	0	-1	34	-1	40	0	29	41	-1	0	0	-1	-1	33	34	37	0	0	17	0	2	-1	0	-1	0	0	0	0	-1
c4304	0	0	15	17	0	40	-1	31	0	-1	-1	-1	-1	47	0	33	0	-1	37	0	32	0	0	-1	0	0	-1	0	-1	0
c4305	0	0	15	17	0	-1	0	31	0	0	-1	15	-1	-1	-1	33	0	2	-1	0	-1	0	-1	0	0	0	1	0	37	0
c4328	0	0	0	-1	-1	-1	0	17	0	0	0	-1	25	0	0	0	0	0	-1	-1	0	0	0	23	1	30	41	0	0	0
c4333	9	0	0	-1	49	0	-1	-1	22	0	0	-1	0	0	0	-1	0	-1	-1	34	46	0	15	3	1	0	0	-1	-1	-1
c4336	37	-1	0	0	0	-1	1	0	0	0	0	-1	0	0	0	0	0	0	15	0	1	-1	29	2	-1	-1	1	1	0	-1
c4363	0	0	0	-1	24	40	37	-1	-1	0	-1	35	0	50	0	0	37	15	0	-1	2	0	21	-1	0	9	-1	2	0	0
c4365	-1	17	0	0	-1	-1	0	-1	-1	0	0	0	0	-1	0	0	0	0	0	1	0	0	0	0	-1	-1	0	0	0	0
c4374	0	0	17	-1	0	40	12	-1	0	41	0	-1	0	2	0	34	-1	0	15	20	0	-1	0	20	1	0	0	40	8	-1
c4378	0	0	0	4	-1	-1	-1	0	0	37	-1	0	0	0	2	0	0	0	-1	0	-1	8	0	1	1	-1	0	0	0	37
c4396	0	0	0	0	0	0	0	0	32	0	0	25	-1	22	0	31	6	15	0	9	-1	0	0	0	0	-1	49	0	33	37
c4410	-1	17	15	41	17	-1	0	-1	-1	34	-1	-1	-1	0	0	-1	37	0	17	0	37	-1	1	-1	2	-1	-1	0	1	0
c4411	-1	17	15	41	17	40	-1	-1	-1	-1	0	38	-1	0	0	35	37	0	17	0	37	-1	-1	0	2	0	-1	-1	1	0
c4426	-1	0	0	0	0	-1	0	17	-1	0	0	-1	25	-1	0	0	0	0	0	0	0	-1	0	-1	1	1	41	0	0	0
c4439	0	35	2	-1	0	40	0	0	0	37	-1	30	0	0	2	0	0	46	-1	0	0	0	-1	0	-1	15	0	-1	0	0
c4443	0	0	0	0	22	-1	0	0	0	0	0	0	-1	-1	-1	0	-1	-1	-1	0	-1	0	0	-1	1	0	41	0	-1	0
c4475	0	0	-1	32	-1	-1	0	0	0	15	1	-1	0	0	0	0	-1	0	0	-1	1	0	-1	0	26	0	1	0	2	0
c4492	1	0	15	0	33	40	-1	-1	1	0	-1	0	-1	0	0	0	0	0	0	0	0	22	0	46	34	1	0	0	-1	0
c4493	1	0	15	0	33	40	-1	-1	1	0	9	0	-1	0	0	0	0	0	0	30	-1	22	0	46	-1	1	0	0	0	0
c4496	0	0	0	12	0	40	0	0	2	0	0	0	0	0	-1	0	-1	0	-1	-1	-1	0	0	1	1	0	0	0	0	-1
c4516	0	0	17	-1	0	40	12	0	0	41	0	-1	0	0	-1	0	34	2	15	0	0	0	0	20	-1	-1	0	40	0	0
c4524	-1	22	-1	-1	0	40	37	0	-1	-1	-1	-1	-1	-1	0	-1	37	30	0	0	37	0	0	0	0	37	0	-1	1	-1
c4533	-1	0	0	0	0	0	38	-1	-1	0	0	0	-1	22	0	1	-1	0	2	9	15	0	0	37	0	0	0	47	33	0
c4536	-1	46	15	29	0	40	37	-1	0	0	37	0	-1	-1	2	0	37	0	47	0	37	0	0	0	-1	37	0	-1	-1	0
c4547	0	-1	-1	-1	24	40	0	0	-1	1	-1	35	0	0	0	0	0	15	0	0	0	-1	0	3	0	36	-1	2	0	-1
c4553	9	0	0	6	49	0	-1	0	22	0	-1	0	33	-1	22	0	0	0	0	-1	46	0	0	3	0	0	0	0	-1	-1
c4554	0	0	15	34	-1	-1	-1	29	-1	0	0	-1	-1	-1	33	34	37	0	0	17	-1	2	-1	0	0	0	0	0	0	15
c4555	0	-1	-1	34	-1	40	0	29	-1	0	-1	0	-1	0	33	34	37	0	0	17	0	2	-1	0	0	0	0	-1	0	15
c4556	-1	0	15	29	0	40	37	0	0	-1	37	0	-1	-1	0	-1	37	35	-1	-1	37	0	-1	0	-1	37	0	-1	0	0
c4599	19	0	15	0	0	40	0	29	0	0	0	0	-1	-1	33	-1	37	-1	0	15	29	0	-1	-1	0	0	0	-1	0	30
c4621	0	0	0	0	-1	-1	0	0	0	0	-1	-1	0	0	37	0	-1	31	-1	0	0	0	-1	0	1	0	0	-1	0	-1
c4625	0	0	0	0	24	40	37	0	-1	0	0	-1	0	0	0	0	37	15	0	0	2	0	21	3	-1	0	0	2	0	0
c4627	0	0	2	15	1	-1	0	-1	32	0	0	-1	-1	22	0	1	6	0	0	-1	0	0	1	0	-1	37	41	29	-1	0
c4637	-1	0	17	0	0	40	12	0	0	46	-1	-1	0	-1	0	9	0	0	15	0	-1	-1	22	0	1	1	0	40	0	0
c4641	-1	0	0	-1	0	40	0	0	0	37	28	0	0	0	2	0	0	0	-1	-1	0	0	0	0	-1	-1	0	-1	-1	0
c4643	0	0	0	0	0	-1	-1	2	0	0	-1	0	25	0	-1	0	0	0	0	0	-1	0	0	-1	1	0	41	0	0	0
c4649	37	21	17	2	0	40	1	15	-1	0	0	0	1	0	0	50	0	-1	31	0	1	0	0	0	-1	-1	0	0	-1	0
c4665	19	0	15	0	0	40	-1	29	-1	0	-1	0	-1	0	33	0	37	0	22	0	48	-1	-1	0	0	0	-1	-1	0	-1
c4675	-1	0	0	0	24	-1	-1	0	-1	0	0	35	0	0	-1	0	0	15	23	-1	35	37	-1	3	0	36	25	2	0	-1
c4678	-1	0	15	-1	2	-1	37	-1	-1	6	-1	0	-1	-1	0	-1	37	-1	0	0	37	-1	-1	0	41	37	0	-1	34	0
c4693	0	-1	15	0	41	40	0	29	41	-1	0	0	-1	0	33	0	37	-1	9	-1	0	2	-1	24	0	-1	0	0	0	0
c4696	-1	0	15	-1	-1	40	37	0	0	6	-1	0	-1	-1	7	0	-1	0	0	0	37	0	-1	0	41	37	0	-1	0	0
c4697	-1	0	-1	29	0	40	37	0	0	6	37	0	-1	-1	0	0	37	0	0	0	37	0	-1	0	41	37	0	-1	0	0
c4707	0	0	23	0	-1	40	-1	22	-1	34	0	-1	0	0	0	0	-1	0	15	0	0	0	-1	0	1	0	15	-1	0	1
c4727	-1	0	-1	-1	-1	40	-1	0	0	0	-1	0	0	0	0	48	0	0	-1	0	0	-1	0	-1	1	0	0	0	0	-1
c4728	0	0	0	0	-1	40	0	0	-1	0	0	0	-1	0	-1	-1	0	0	-1	0	0	0	0	1	1	0	0	0	-1	-1
c4733	-1	11	15	0	-1	40	-1	0	0	17	0	46	-1	-1	-1	0	-1	0	0	0	-1	-1	0	-1	15	37	0	0	0	0
c4745	17	0	15	0	-1	40	-1	-1	1	0	-1	0	-1	-1	0	0	-1	15	0	0	0	22	22	46	34	0	-1	-1	0	0
c4750	9	17	46	6	-1	0	-1	0	22	-1	-1	-1	0	0	0	0	0	-1	-1	-1	46	-1	0	3	0	0	0	0	-1	-1
c4770	0	0	0	0	0	-1	0	17	-1	0	0	-1	-1	0	0	0	-1	0	0	0	0	0	0	23	1	0	41	0	0	0
c4778	0	-1	15	34	-1	40	0	29	41	0	-1	0	-1	-1	33	34	37	0	0	-1	0	2	-1	-1	0	0	0	0	0	8
c4792	0	0	15	34	-1	-1	0	29	41	-1	0	0	-1	-1	33	34	37	0	0	-1	0	2	-1	-1	-1	0	0	-1	0	-1
c4793	-1	0	15	34	-1	-1	0	29	41	0	-1	0	-1	-1	33	34	37	0	0	-1	-1	2	-1	-1	0	0	0	0	0	8
c4811	9	0	33	-1	49	0	1	0	-1	-1	0	45	0	0	35	-1	-1	0	0	-1	46	-1	0	-1	-1	0	0	37	-1	-1
c4812	2	0	-1	0	-1	40	0	0	0	-1	28	0	0	-1	0	48	0	-1	0	0	0	-1	33	0	-1	-1	-1	30	50	-1
c4856	0	0	-1	0	0	40	-1	-1	3	0	-1	-1	-1	-1	0	-1	0	-1	15	0	9	0	0	0	1	0	0	40	0	-1
c4863	0	-1	-1	0	0	-1	0	17	0	-1	0	-1	25	-1	0	0	0	0	0	-1	0	0	0	23	1	0	41	0	0	0
c4872	2	0	0	0	-1	40	-1	0	22	0	28	0	-1	0	47	34	0	1	0	0	0	1	33	0	0	1	-1	30	50	0
c4881	-1	0	0	-1	6	40	0	29	0	-1	0	0	0	0	2	-1	0	-1	0	0	0	0	0	2	1	0	15	0	0	-1
c4882	0	0	0	0	0	40	0	-1	0	0	47	0	-1	0	0	0	0	0	0	0	0	0	0	2	1	0	6	0	0	0
c4887	-1	0	37	2	21	0	-1	0	32	0	0	0	-1	-1	0	0	-1	0	-1	9	15	0	0	15	0	0	-1	34	33	-1
c4897	-1	0	0	0	-1	40	-1	0	-1	0	-1	-1	0	0	37	0	0	31	15	0	-1	0	-1	0	1	9	0	0	0	0
c4901	-1	17	15	-1	17	40	0	-1	0	34	-1	0	-1	0	0	35	37	0	17	0	37	0	1	0	2	0	-1	0	1	0
c4916	0	-1	0	0	-1	40	0	0	0	0	0	-1	-1	0	-1	-1	0	-1	15	0	0	0	-1	0	1	0	0	0	34	-1
c4925	0	0	-1	0	0	40	1	47	0	-1	-1	0	-1	0	0	0	29	49	-1	-1	0	-1	-1	0	1	-1	-1	0	-1	0
c4928	-1	0	-1	29	0	40	37	47	0	0	-1	0	-1	-1	0	0	37	17	0	-1	-1	-1	0	0	2	37	0	-1	-1	0
c4935	0	0	0	0	-1	0	38	17	0	0	0	0	-1	22	-1	1	-1	0	2	9	-1	0	0	37	0	0	0	47	33	0
c4957	-1	17	0	0	0	-1	-1	0	-1	0	0	0	-1	22	0	-1	6	0	0	9	15	0	0	0	0	0	0	1	33	0
c4977	0	0	31	0	-1	40	-1	-1	3	0	15	-1	1	0	0	0	0	0	15	0	9	0	0	0	1	0	0	40	37	-1
c4987	0	-1	0	-1	0	40	22	18	50	-1	37	-1	0	0	-1	0	0	0	-1	0	0	0	0	17	1	37	0	47	-1	0
c4994	9	-1	0	6	49	0	-1	0	-1	0	-1	0	0	0	0	17	0	0	-1	34	46	39	0	3	0	0	0	-1	-1	-1
c5013	0	-1	0	0	0	40	-1	0	-1	0	0	-1	0	0	37	-1	0	0	0	0	0	0	0	0	0	0	0	30	50	0
c5018	-1	0	-1	-1	-1	0	-1	0	32	0	-1	0	-1	22	0	1	6	0	0	9	22	0	1	-1	-1	0	0	0	33	0
c5030	-1	0	15	0	-1	40	0	17	0	0	24	40	-1	0	-1	-1	-1	0	-1	0	37	0	0	0	2	0	0	-1	-1	-1
c5037	0	17	0	-1	-1	40	0	0	0	-1	0	0	0	0	0	0	0	0	0	0	0	0	0	-1	-1	-1	0	0	0	0
c5038	-1	0	15	-1	0	-1	-1	0	47	-1	0	-1	-1	0	0	0	37	-1	17	0	37	0	-1	-1	2	0	-1	0	0	22
c5044	0	0	-1	0	-1	40	0	-1	0	0	0	0	-1	-1	-1	0	37	-1	50	0	-1	15	1	0	40	-1	0	37	0	0
c5048	0	0	0	0	24	-1	0	0	-1	-1	0	35	2	0	0	0	0	15	0	0	2	0	0	3	35	0	0	2	-1	0
c5055	1	0	15	0	33	-1	-1	-1	1	-1	9	0	-1	0	-1	0	0	0	0	0	0	22	0	-1	-1	0	0	50	0	0
c5066	9	35	0	6	49	0	-1	0	22	-1	0	0	0	-1	0	0	0	0	0	-1	46	0	-1	3	0	0	17	-1	-1	-1
c5070	-1	0	-1	0	0	-1	-1	-1	0	-1	0	-1	21	0	37	0	0	0	37	-1	-1	-1	0	22	1	0	-1	0	0	0
c5078	37	-1	0	23	0	-1	-1	0	37	15	-1	-1	-1	0	0	0	6	-1	-1	-1	0	0	-1	-1	0	0	-1	30	50	0
c5083	-1	0	15	0	-1	-1	15	-1	-1	0	0	0	-1	0	0	-1	37	0	17	-1	-1	0	0	0	2	0	-1	-1	0	-1
c5087	0	0	15	-1	-1	40	0	0	0	0	0	0	-1	0	-1	-1	37	-1	50	0	37	15	1	0	40	37	0	37	0	-1
c5088	0	0	0	0	-1	40	0	0	0	0	0	-1	0	0	0	0	0	31	-1	0	0	34	-1	0	1	0	0	0	38	1
c5089	-1	0	0	0	-1	40	0	-1	0	0	0	-1	0	0	0	0	0	31	15	0	0	34	-1	0	1	-1	0	0	38	1
c5093	-1	-1	15	29	39	-1	37	0	0	0	0	0	-1	-1	0	-1	37	0	0	0	37	0	0	0	0	-1	-1	-1	0	0
c5103	-1	0	15	2	-1	40	-1	0	0	15	0	50	-1	0	-1	19	-1	0	-1	0	37	-1	0	0	2	0	0	-1	0	0
c5116	-1	0	41	0	0	0	0	0	32	2	0	-1	-1	22	-1	1	6	0	0	-1	0	0	0	0	-1	9	0	-1	-1	2
c5126	0	0	0	0	0	40	0	-1	0	15	1	-1	0	0	-1	0	0	0	-1	-1	1	0	37	0	0	0	1	0	2	0
c5129	-1	0	23	0	-1	40	11	0	9	46	0	-1	-1	0	0	0	0	48	15	0	-1	47	-1	0	1	-1	0	0	0	22
c5132	-1	-1	15	29	-1	40	37	0	0	-1	37	0	-1	-1	0	0	37	0	-1	0	37	1	-1	0	41	-1	0	-1	0	-1
c5137	9	0	0	6	49	0	-1	0	22	17	0	3	0	0	-1	0	0	-1	-1	34	46	0	-1	3	0	0	0	-1	-1	-1
c5161	-1	-1	0	0	40	40	0	0	0	0	0	-1	-1	-1	-1	0	0	0	-1	41	0	0	-1	-1	1	0	0	0	0	-1
c5182	0	0	0	21	0	0	0	-1	32	0	0	-1	-1	22	-1	1	6	0	-1	9	-1	0	1	0	-1	0	17	0	33	0
c5183	0	-1	0	21	0	0	0	0	32	-1	0	-1	-1	-1	-1	1	6	0	0	9	-1	0	1	0	-1	0	0	0	33	0
c5201	0	0	1	0	24	40	0	1	-1	6	0	0	-1	22	0	0	22	15	0	11	0	-1	-1	0	-1	-1	0	-1	0	0
c5203	0	37	37	0	-1	40	0	0	0	-1	0	-1	0	0	0	-1	0	-1	15	0	0	0	-1	0	1	0	0	0	0	1
c5207	0	0	23	-1	-1	40	0	-1	0	0	0	-1	0	0	-1	0	0	0	15	15	-1	0	-1	0	1	0	0	-1	-1	0
c5209	0	0	0	0	-1	40	0	0	0	0	-1	-1	0	0	37	0	0	31	15	0	0	0	-1	0	1	0	0	-1	0	0
c5213	-1	0	-1	23	2	40	-1	-1	37	0	0	0	0	0	0	0	0	41	0	25	47	0	0	0	0	0	-1	30	50	0
c5218	-1	0	-1	41	-1	40	-1	-1	-1	-1	0	34	-1	0	0	-1	-1	0	17	37	37	0	0	0	2	0	-1	0	0	0
c5219	-1	0	-1	41	-1	-1	0	0	0	0	0	34	-1	0	0	-1	37	-1	17	37	37	-1	-1	0	2	0	-1	0	0	-1
c5220	0	-1	23	0	-1	40	0	22	0	34	-1	-1	0	0	-1	0	-1	0	15	0	0	32	-1	-1	1	0	-1	0	0	1
c5233	-1	0	15	40	-1	40	0	0	0	0	0	-1	-1	34	-1	0	-1	-1	-1	0	37	0	0	0	-1	0	46	16	-1	0
c5249	9	0	0	-1	49	0	-1	47	22	0	0	0	1	0	0	0	0	49	-1	34	46	0	0	3	1	0	0	-1	-1	-1
c5272	2	0	-1	0	0	40	-1	0	0	-1	28	-1	0	0	-1	0	0	1	0	-1	0	0	33	0	0	0	0	30	-1	0
c5290	0	-1	0	0	-1	40	0	0	0	15	-1	35	0	0	-1	-1	2	0	0	-1	1	0	0	24	-1	0	0	37	0	0
c5298	0	-1	0	0	-1	-1	-1	1	0	0	0	0	0	0	0	37	0	0	0	0	0	0	37	0	-1	0	46	-1	0	0
c5303	0	0	-1	0	0	40	-1	0	0	46	0	-1	0	0	0	0	0	0	15	0	-1	-1	22	0	1	0	0	40	0	0
c5311	0	0	0	0	0	-1	0	0	32	0	0	-1	-1	22	37	-1	6	0	0	9	-1	40	1	0	-1	0	0	0	33	0
c5340	0	0	17	0	0	40	12	0	0	-1	-1	-1	0	0	-1	15	34	2	15	0	0	0	-1	20	1	0	5	40	0	0
c5357	-1	-1	15	29	39	40	37	-1	0	-1	-1	0	-1	-1	0	-1	37	-1	0	0	37	0	0	-1	-1	37	0	-1	0	34
c5367	2	0	0	-1	-1	40	0	0	-1	15	28	0	0	0	-1	0	21	-1	0	0	0	0	33	0	0	-1	0	-1	50	0
c5369	1	0	15	-1	0	-1	35	29	-1	0	0	0	-1	0	33	-1	37	0	0	32	0	34	-1	0	-1	24	0	0	0	40
c5374	-1	29	15	-1	0	40	0	0	0	0	0	0	-1	-1	37	-1	37	0	23	0	37	0	0	0	0	37	37	-1	0	0
c5397	2	0	-1	0	47	40	0	0	0	0	28	0	0	0	0	0	0	1	0	0	0	0	33	0	-1	0	0	30	50	0
c5401	0	0	0	0	37	0	41	0	-1	0	0	17	-1	-1	48	0	6	0	0	9	0	0	0	0	0	0	47	0	33	37
c5413	9	0	47	-1	0	-1	0	-1	0	22	0	-1	0	0	-1	0	0	0	-1	-1	0	-1	0	0	1	0	0	-1	0	0
c5415	0	-1	49	-1	-1	0	0	-1	32	-1	0	-1	-1	22	0	22	6	0	0	9	15	0	0	-1	0	34	0	2	33	0
c5420	0	0	-1	17	0	40	9	17	1	0	0	0	46	0	-1	0	33	0	0	0	-1	-1	15	-1	31	0	-1	30	50	0
c5428	9	0	0	6	49	0	-1	0	22	0	0	0	0	-1	-1	0	0	0	-1	34	-1	0	29	3	0	0	0	-1	-1	-1
c5437	0	41	0	0	-1	-1	-1	0	0	0	9	0	-1	0	6	0	34	-1	0	-1	0	0	0	23	1	0	41	0	44	0
c5438	-1	15	15	29	0	40	37	-1	0	0	0	0	-1	-1	-1	1	-1	0	49	0	37	0	0	0	0	37	0	-1	0	0
c5469	-1	0	-1	-1	0	40	0	0	0	48	28	-1	0	0	0	0	0	1	1	0	-1	0	33	0	0	0	-1	30	50	0
c5472	37	0	-1	0	0	40	1	0	-1	43	0	1	0	-1	0	0	0	0	15	0	1	29	-1	8	-1	-1	1	0	0	0
c5491	2	0	15	0	-1	40	0	-1	0	-1	0	0	-1	0	-1	0	37	0	0	0	37	15	1	0	0	-1	-1	37	0	0
c5492	0	0	0	0	0	40	9	17	1	0	-1	0	0	-1	0	-1	33	-1	0	-1	0	-1	15	0	31	0	-1	30	50	0
c5507	-1	0	15	29	0	40	37	0	-1	6	-1	-1	-1	-1	0	0	-1	-1	0	-1	37	0	-1	0	41	-1	0	-1	0	-1
c5537	-1	0	0	0	-1	40	0	0	-1	0	-1	-1	-1	0	37	0	0	31	-1	0	0	0	-1	-1	1	0	-1	0	0	-1
c5539	0	0	15	0	-1	40	37	0	0	0	22	0	-1	1	-1	-1	37	0	1	0	37	0	-1	47	0	37	0	37	46	21
c5551	-1	0	15	0	-1	40	0	-1	1	0	9	0	-1	-1	0	-1	0	15	0	0	-1	22	22	46	-1	0	0	0	0	0
c5552	0	0	0	31	0	40	0	0	0	0	0	0	-1	0	0	0	0	0	0	45	0	0	0	0	1	0	46	0	0	0
c5557	0	34	0	-1	-1	40	39	0	-1	-1	0	0	25	-1	0	15	-1	15	-1	2	0	0	0	23	1	37	39	-1	1	-1
c5577	-1	0	15	41	-1	40	0	0	0	0	0	0	-1	0	0	-1	37	37	17	-1	37	-1	0	41	-1	0	-1	0	-1	0
c5581	-1	0	15	29	0	40	37	0	-1	22	-1	0	-1	-1	0	0	-1	0	-1	0	37	0	0	0	32	37	0	-1	9	0
c5616	0	0	17	0	0	40	12	-1	0	46	0	-1	-1	0	0	0	-1	-1	15	0	0	-1	-1	0	1	0	0	40	0	-1
c5619	0	0	-1	0	-1	40	0	0	0	0	-1	0	-1	0	-1	0	37	0	0	34	37	0	-1	0	0	37	0	37	0	0
c5621	9	-1	-1	6	49	-1	0	0	22	-1	0	0	0	-1	-1	0	0	0	2	34	46	39	0	3	0	0	-1	-1	-1	-1
c5628	0	-1	23	0	-1	40	0	-1	17	0	-1	-1	0	0	0	0	-1	0	-1	0	-1	0	-1	0	1	0	0	0	0	0
c5630	0	-1	23	0	-1	-1	-1	0	0	0	-1	-1	0	0	0	0	-1	0	-1	-1	-1	0	-1	2	1	0	15	0	0	1
c5636	-1	-1	37	0	41	-1	0	-1	0	15	-1	0	-1	0	-1	0	0	0	17	-1	17	0	-1	23	-1	0	0	0	0	35
c5637	0	-1	37	0	41	40	0	-1	0	15	0	0	0	-1	0	0	-1	0	17	-1	17	0	0	23	1	0	0	0	0	35
c5638	-1	0	15	0	-1	-1	0	0	0	-1	-1	0	-1	0	0	0	37	15	-1	0	37	17	0	-1	2	50	46	16	-1	0
c5649	-1	0	15	0	0	40	0	-1	0	-1	0	0	-1	15	-1	0	37	0	17	0	37	0	0	0	2	-1	-1	2	0	0
c5675	29	0	0	0	0	0	-1	0	32	2	0	0	-1	22	0	-1	-1	0	0	-1	17	0	0	0	-1	0	-1	0	33	0
c5711	9	-1	46	6	49	0	-1	0	22	-1	0	-1	0	0	0	0	0	49	-1	-1	46	0	-1	-1	0	-1	0	0	-1	-1
c5733	-1	0	-1	8	0	40	-1	0	0	0	-1	37	-1	0	-1	0	37	0	17	0	37	25	-1	0	-1	-1	-1	-1	22	0
c5743	0	-1	0	0	0	-1	0	17	0	0	0	-1	25	0	0	0	0	-1	0	0	0	0	0	23	1	30	41	0	-1	0
c5748	0	-1	0	0	-1	40	12	-1	0	34	1	-1	0	0	0	0	0	34	15	0	0	0	-1	0	1	0	0	40	0	0
c5761	0	-1	15	0	-1	40	0	-1	-1	-1	37	0	-1	0	-1	0	37	-1	-1	0	37	-1	1	40	0	-1	0	37	35	0
c5768	-1	0	15	0	-1	40	0	0	0	0	0	0	-1	34	0	0	37	22	-1	0	37	0	0	46	2	-1	47	-1	-1	-1
c5786	-1	0	0	0	0	40	0	0	0	0	0	-1	39	0	0	0	37	-1	-1	0	37	0	0	1	1	-1	-1	0	0	15
c5789	0	0	0	0	24	40	0	-1	-1	0	-1	35	0	0	0	-1	0	-1	0	22	0	37	0	3	0	36	25	2	0	0
c5804	9	-1	0	6	49	-1	-1	-1	-1	22	-1	-1	0	0	0	-1	0	0	0	34	46	0	-1	3	35	0	-1	0	-1	-1
c5809	0	0	15	0	-1	40	12	-1	-1	15	0	-1	22	22	0	0	0	0	15	0	-1	-1	33	-1	1	-1	0	40	2	0
c5817	0	4	-1	0	41	0	0	0	-1	0	13	-1	-1	22	0	-1	6	0	0	9	15	0	0	0	0	0	-1	0	-1	0
c5823	0	0	-1	0	0	40	12	0	0	-1	0	-1	0	2	0	34	-1	0	15	0	-1	37	-1	20	1	-1	0	40	8	0
c5830	1	0	15	0	33	-1	0	-1	-1	0	9	0	-1	-1	12	0	0	0	0	0	0	-1	-1	46	34	0	0	0	0	0
c5843	10	0	23	-1	-1	40	0	-1	-1	0	-1	-1	-1	1	0	0	-1	0	15	15	0	0	-1	0	-1	-1	0	-1	0	11
c5862	-1	0	15	29	0	-1	37	0	0	-1	0	15	-1	-1	0	-1	-1	0	0	0	37	-1	0	0	0	-1	0	-1	-1	0
c5871	37	-1	0	46	0	40	-1	17	0	0	0	0	-1	0	0	-1	0	0	15	0	1	17	0	50	-1	0	1	0	0	-1
c5882	0	0	23	-1	-1	-1	0	1	0	0	0	-1	-1	0	0	0	0	0	15	0	0	0	-1	0	1	0	15	0	-1	1
c5883	-1	0	23	-1	-1	40	0	-1	0	0	0	-1	0	0	0	0	0	0	-1	-1	0	0	-1	0	1	0	15	0	0	1
c5909	0	0	0	0	-1	40	12	0	0	0	0	-1	0	0	0	-1	0	0	15	0	-1	-1	0	-1	-1	0	-1	40	-1	-1
c5910	0	-1	23	0	0	0	38	17	40	0	19	0	-1	22	0	-1	-1	-1	-1	9	15	37	33	0	0	0	0	47	33	0
c5923	-1	0	23	0	-1	40	0	0	0	0	0	-1	0	0	0	0	0	0	15	0	0	-1	-1	-1	1	0	0	-1	0	22
c5933	-1	29	15	0	-1	-1	0	0	0	-1	0	24	-1	-1	0	-1	-1	0	-1	10	37	-1	0	0	0	37	0	-1	0	48
c5952	-1	0	15	29	2	40	-1	37	0	6	37	0	-1	-1	0	0	37	-1	0	0	37	-1	-1	0	41	37	0	-1	34	0
c5953	-1	0	15	-1	2	40	37	-1	0	6	37	0	-1	-1	0	-1	37	0	0	0	37	0	-1	0	41	37	0	-1	34	0
c5954	9	23	9	6	-1	0	-1	0	22	0	-1	2	0	0	-1	0	50	-1	0	34	-1	-1	29	3	0	0	0	28	-1	-1
c5955	9	23	9	-1	-1	0	-1	0	-1	0	-1	2	0	0	-1	0	50	0	0	34	46	0	29	3	0	0	0	28	-1	-1
c5964	29	-1	-1	0	0	-1	0	-1	-1	2	0	0	-1	22	-1	1	6	-1	-1	9	-1	0	46	2	-1	0	-1	0	33	-1
c5978	-1	-1	0	0	0	0	38	-1	-1	0	19	-1	-1	-1	-1	1	-1	-1	2	9	15	-1	0	-1	0	2	0	47	33	0
c5987	46	-1	37	0	0	-1	0	-1	-1	15	0	0	0	0	0	0	0	0	17	50	0	-1	0	-1	1	0	0	0	0	-1
c5989	-1	0	15	0	0	40	0	29	0	0	0	0	-1	0	-1	0	37	0	0	15	-1	0	-1	0	0	0	0	-1	-1	0
c6004	-1	0	0	0	-1	40	-1	0	0	0	0	-1	0	0	0	0	0	-1	-1	0	0	0	-1	1	1	0	0	0	0	-1
c6006	9	0	2	-1	38	40	24	0	24	0	0	0	0	0	-1	0	0	0	0	0	0	0	-1	0	-1	0	15	30	50	-1
c6010	-1	0	15	41	0	-1	0	0	0	0	34	0	-1	-1	0	0	37	-1	37	0	37	0	0	-1	15	37	-1	0	0	19
c6011	-1	0	15	41	0	40	0	0	0	-1	34	0	-1	-1	-1	0	37	-1	37	0	37	0	-1	0	15	37	0	0	-1	19
c6034	0	-1	0	0	0	0	-1	17	0	29	0	0	-1	-1	0	1	-1	0	-1	9	-1	0	0	37	0	0	0	-1	33	0
c6040	0	0	0	0	24	40	0	0	-1	0	0	35	-1	0	0	0	0	-1	0	0	2	0	-1	3	-1	-1	1	2	0	0
c6041	0	0	0	0	24	40	0	0	-1	0	0	-1	2	0	0	0	-1	15	0	0	2	0	-1	3	35	-1	1	2	0	0
c6046	-1	0	-1	15	-1	40	0	0	-1	0	-1	0	-1	-1	0	33	0	2	0	-1	32	0	0	0	6	35	-1	2	0	-1
c6083	0	-1	0	0	0	40	-1	0	0	-1	1	-1	0	0	25	0	-1	-1	0	-1	1	0	-1	0	0	0	1	0	-1	0
c6085	0	4	0	1	-1	0	0	0	32	37	13	0	-1	22	-1	0	6	0	0	-1	15	0	34	0	0	0	46	0	33	0
c6090	0	0	0	0	0	40	0	0	0	0	-1	0	0	0	0	-1	0	0	-1	0	-1	0	0	1	-1	0	0	-1	-1	-1
c6091	0	0	0	0	-1	40	0	0	0	0	-1	0	0	0	0	0	0	0	-1	0	-1	0	0	1	1	0	0	0	0	-1
c6096	0	0	-1	22	0	40	39	1	6	0	-1	0	25	30	-1	0	0	15	1	-1	0	-1	0	23	1	0	39	33	0	-1
c6104	-1	0	1	6	49	0	-1	0	22	-1	-1	-1	-1	0	0	0	0	49	-1	34	46	0	0	3	0	0	0	0	-1	-1
c6105	-1	0	1	6	-1	-1	-1	0	22	-1	0	-1	0	0	0	0	0	49	-1	34	-1	0	0	3	0	0	0	0	-1	-1
c6109	0	0	0	-1	0	-1	0	0	0	37	0	0	0	0	0	35	0	0	-1	0	0	0	-1	1	1	-1	0	0	0	0
c6121	-1	0	15	-1	0	40	-1	-1	37	0	0	0	-1	0	33	0	-1	0	0	0	2	0	-1	0	1	0	0	35	0	29
c6125	0	0	-1	-1	34	40	12	0	0	-1	-1	-1	0	0	0	0	0	0	15	0	0	-1	22	0	1	0	-1	40	23	0
c6144	37	-1	0	2	0	40	1	0	11	-1	0	-1	-1	-1	0	0	0	11	31	0	1	0	0	0	-1	0	0	0	-1	-1
c6150	-1	0	15	0	0	40	0	0	-1	0	0	0	-1	15	-1	0	37	11	-1	-1	37	0	0	-1	2	-1	-1	2	-1	0
c6160	37	0	-1	0	0	40	1	-1	0	17	0	0	0	0	0	0	-1	0	15	0	-1	0	29	0	-1	0	-1	1	0	-1
c6162	0	0	15	34	-1	40	0	29	41	-1	0	0	-1	0	33	34	-1	0	0	17	0	2	-1	0	-1	0	0	-1	-1	0
c6164	0	0	15	-1	-1	-1	0	29	21	0	0	0	-1	-1	33	11	37	0	0	3	-1	0	-1	0	0	0	0	-1	0	0
c6166	-1	0	15	29	0	40	37	0	0	0	0	0	-1	-1	0	0	-1	-1	0	0	-1	0	-1	0	0	37	0	-1	0	0
c6172	0	0	17	0	-1	-1	12	0	0	41	0	-1	0	2	0	34	0	0	-1	0	0	0	0	-1	-1	0	0	40	-1	0
c6186	-1	-1	15	-1	17	-1	0	0	0	0	0	0	-1	-1	10	0	37	0	17	0	37	-1	-1	0	2	0	-1	0	1	-1
c6187	-1	-1	-1	41	-1	-1	0	0	0	0	-1	0	-1	0	10	0	37	-1	17	0	-1	0	0	0	-1	0	-1	0	1	-1
c6196	0	39	15	31	0	40	-1	31	1	0	0	0	-1	-1	0	33	0	2	37	-1	32	0	0	-1	0	0	1	4	37	0
c6198	0	33	15	0	-1	-1	0	31	22	-1	-1	0	-1	47	0	-1	0	2	37	0	32	0	-1	0	0	0	1	0	37	9
c6227	37	38	0	23	0	40	-1	0	37	15	0	-1	-1	-1	0	0	0	0	-1	-1	0	0	0	0	0	0	-1	30	-1	0
c6268	-1	0	-1	41	-1	40	-1	0	0	0	0	0	-1	0	0	-1	37	0	17	37	37	0	41	-1	2	17	-1	0	0	0
c6270	0	0	15	0	0	40	0	29	0	-1	0	0	-1	-1	33	0	37	0	0	0	0	0	-1	0	1	0	0	19	0	0
c6272	8	-1	0	0	0	40	0	-1	0	-1	0	-1	0	0	-1	0	0	-1	0	0	1	-1	0	0	1	0	0	-1	0	0
c6280	-1	0	15	35	-1	-1	-1	0	0	0	0	0	-1	-1	-1	0	37	37	-1	0	37	37	17	-1	2	0	22	-1	0	-1
c6301	-1	29	-1	0	0	40	46	0	0	0	0	0	-1	-1	0	-1	37	0	0	0	37	0	23	-1	0	37	17	-1	0	0
c6302	-1	0	0	4	0	40	-1	-1	0	-1	0	0	31	-1	2	0	0	0	-1	0	0	8	0	11	1	37	0	0	0	37
c6304	-1	-1	-1	-1	-1	-1	-1	0	0	0	0	0	-1	37	0	12	-1	37	-1	0	37	22	17	0	2	0	0	16	0	0
c6311	9	0	0	-1	49	0	-1	0	22	-1	0	0	33	0	22	-1	-1	0	0	34	46	0	-1	-1	0	0	0	0	-1	-1
c6316	22	0	0	0	0	40	12	-1	0	0	0	-1	-1	0	0	0	-1	0	15	-1	0	0	0	0	-1	0	-1	40	0	0
c6325	9	-1	0	6	49	0	-1	47	-1	0	0	0	1	0	0	0	-1	49	-1	-1	46	-1	0	3	-1	0	0	-1	-1	-1
c6328	-1	0	-1	-1	33	40	-1	-1	1	0	9	0	-1	0	0	0	-1	-1	0	0	0	22	-1	46	34	0	0	0	0	-1
c6329	1	-1	15	-1	-1	40	0	-1	1	0	-1	-1	-1	-1	0	-1	0	0	-1	0	-1	22	-1	46	34	0	0	0	0	0
c6336	19	0	15	0	0	40	0	29	0	0	0	0	-1	9	33	0	37	0	-1	-1	0	0	-1	0	0	0	0	-1	0	0
c6337	-1	0	15	0	0	-1	0	29	-1	-1	0	-1	-1	9	-1	-1	37	0	0	-1	-1	0	-1	0	0	0	0	-1	0	-1
c6341	21	-1	23	0	-1	40	0	0	6	-1	0	-1	0	-1	0	-1	0	0	-1	0	-1	-1	-1	0	1	0	0	-1	0	0
c6346	0	0	0	-1	0	40	39	-1	-1	0	0	-1	25	30	0	0	-1	-1	0	0	0	15	29	23	-1	0	39	0	0	0
c6355	0	0	0	-1	0	40	0	0	0	0	-1	-1	-1	0	-1	44	-1	0	0	0	0	0	-1	0	-1	4	31	0	-1	46
c6366	0	0	0	-1	0	0	0	-1	32	-1	32	-1	-1	22	4	0	6	0	0	9	20	-1	30	-1	-1	0	23	1	33	0
c6370	0	-1	15	0	0	40	0	-1	2	0	0	0	-1	47	-1	33	-1	2	0	0	-1	0	-1	-1	0	0	1	-1	37	37
c6377	0	0	23	0	-1	-1	-1	22	-1	34	0	-1	-1	-1	0	-1	-1	-1	15	0	0	0	-1	-1	1	0	15	0	0	1
c6378	-1	0	15	29	0	40	37	47	0	0	29	0	-1	-1	0	0	37	29	-1	0	37	15	0	25	0	37	0	-1	0	0
c6393	0	0	-1	21	0	0	0	0	-1	-1	-1	-1	-1	22	0	1	6	0	0	9	0	-1	-1	0	-1	0	-1	0	33	0
c6395	37	0	0	46	-1	40	1	-1	0	0	0	0	-1	0	0	0	-1	0	15	-1	-1	17	0	50	-1	0	1	-1	0	0
c6399	0	0	0	0	-1	40	0	0	0	0	-1	-1	0	34	0	0	0	-1	-1	0	0	0	0	1	1	-1	0	0	-1	-1
c6408	-1	0	0	0	0	-1	-1	0	32	0	0	0	-1	22	0	-1	6	1	-1	9	-1	0	-1	0	-1	0	0	0	33	0
c6413	2	0	-1	0	0	40	0	-1	24	-1	-1	0	0	-1	-1	0	0	1	0	0	0	0	33	0	-1	0	0	30	50	-1
c6419	-1	0	0	0	-1	40	0	0	0	15	0	-1	0	-1	0	1	0	0	15	0	-1	0	0	-1	1	-1	0	0	50	0
c6426	0	-1	-1	2	21	-1	0	0	32	-1	-1	0	-1	22	-1	0	6	0	0	9	15	0	0	24	31	-1	0	0	33	-1
c6441	-1	-1	15	0	0	40	-1	0	0	-1	2	-1	-1	-1	0	47	37	0	-1	0	37	0	22	37	0	37	40	-1	-1	1
c6458	9	35	0	6	49	-1	-1	0	22	0	0	0	0	0	0	0	0	0	-1	34	46	0	-1	3	0	0	17	22	-1	-1
c6476	-1	-1	-1	29	-1	40	-1	0	-1	6	37	0	-1	-1	0	0	37	0	0	-1	-1	0	-1	0	41	37	43	-1	-1	0
c6478	-1	0	15	29	0	40	37	0	0	-1	37	0	-1	-1	0	0	37	0	0	0	37	1	-1	0	41	37	0	-1	0	0
c6484	0	-1	-1	4	0	40	0	0	0	37	0	0	0	0	2	0	-1	-1	-1	0	6	0	0	0	1	37	0	0	-1	-1
c6486	35	-1	0	0	40	40	0	0	0	0	37	0	-1	0	0	40	0	0	-1	41	0	0	0	1	1	0	29	0	0	0
c6494	-1	0	15	0	0	-1	0	29	30	0	0	0	-1	0	33	-1	37	0	0	32	-1	34	-1	0	0	24	0	0	0	40
c6495	1	0	15	0	-1	-1	-1	29	-1	0	0	-1	-1	0	33	0	37	0	0	-1	-1	34	-1	0	0	24	0	0	0	-1
c6508	0	0	0	0	0	40	12	0	0	-1	0	-1	0	-1	0	0	-1	0	15	-1	0	0	0	0	1	6	0	40	0	0
c6510	0	-1	-1	0	0	-1	0	0	-1	0	0	-1	-1	-1	0	0	6	-1	0	9	15	0	0	0	0	17	0	38	33	0
c6511	0	31	0	0	0	-1	0	0	32	0	0	-1	-1	22	0	0	6	0	0	9	15	-1	0	0	-1	17	0	-1	33	0
c6512	0	0	0	0	24	40	0	0	-1	-1	0	-1	0	0	0	0	0	15	-1	22	-1	37	0	3	0	36	25	2	0	-1
c6513	0	0	0	0	-1	40	0	0	-1	0	0	35	0	-1	0	0	0	-1	0	22	0	37	0	3	0	36	25	2	0	0
c6518	0	2	-1	0	-1	40	0	1	0	0	0	-1	0	-1	0	-1	0	10	15	0	0	0	-1	0	1	0	15	0	0	1
c6526	0	0	-1	0	-1	40	0	0	0	0	1	0	-1	0	-1	0	37	-1	0	34	37	0	0	0	0	37	0	37	0	0
c6529	-1	-1	2	24	0	-1	0	1	-1	0	-1	0	0	0	0	0	0	49	0	0	0	0	-1	0	41	15	15	30	50	1
c6545	0	0	-1	0	0	40	0	0	0	0	0	0	0	34	0	0	-1	0	-1	0	0	0	0	1	1	0	0	0	-1	-1
c6550	-1	0	15	-1	0	40	0	0	0	22	0	0	-1	47	0	33	32	2	-1	-1	32	0	0	-1	0	-1	1	-1	37	0
c6553	0	-1	0	-1	39	40	12	0	0	0	12	-1	22	0	0	0	0	0	15	22	0	0	33	0	1	-1	0	40	0	0
c6558	0	0	43	0	-1	40	12	-1	0	0	0	-1	0	0	-1	0	0	0	15	22	0	0	0	0	1	24	0	40	0	0
c6567	17	0	15	0	33	40	-1	-1	1	0	-1	41	-1	0	0	0	0	0	-1	0	-1	22	22	46	34	0	0	0	37	0
c6569	-1	0	0	22	0	40	39	1	6	0	24	0	25	30	0	0	0	15	-1	-1	0	0	0	23	1	-1	39	33	0	0
c6579	-1	0	49	-1	21	0	-1	1	32	0	0	0	-1	22	-1	22	6	0	0	9	15	0	0	-1	0	0	0	2	33	-1
c6580	0	46	15	4	-1	40	-1	-1	0	-1	0	0	-1	0	33	33	37	0	0	0	0	-1	-1	0	0	0	0	46	41	-1
c6593	19	0	-1	0	0	-1	0	29	0	0	0	0	-1	0	33	21	-1	-1	4	0	0	0	-1	0	0	29	0	-1	0	-1
c6608	-1	0	15	29	0	40	37	0	0	6	37	0	-1	-1	-1	0	37	-1	0	0	37	0	-1	0	41	37	-1	-1	0	0
c6609	-1	0	15	29	0	40	-1	0	0	6	37	0	-1	-1	0	0	37	35	-1	0	37	0	-1	-1	41	37	0	-1	0	0
c6612	-1	9	15	29	30	40	37	15	0	0	30	-1	-1	-1	0	-1	-1	-1	0	0	37	0	0	-1	0	37	0	-1	-1	0
c6616	-1	-1	0	0	0	0	0	0	32	2	47	0	-1	22	17	1	-1	0	0	9	0	0	0	0	-1	0	-1	0	33	2
c6620	0	-1	0	0	0	-1	0	0	0	0	47	0	0	0	0	0	0	0	2	0	0	0	0	-1	1	0	-1	0	0	0
c6629	-1	0	-1	0	-1	40	0	0	24	-1	28	0	0	0	0	-1	0	-1	0	0	0	0	33	0	0	0	0	-1	50	0
c6631	-1	-1	0	0	0	-1	0	17	0	0	0	-1	25	0	-1	0	0	0	-1	-1	50	0	0	23	1	1	41	0	-1	-1
c6647	-1	0	-1	0	0	0	-1	-1	32	0	0	34	-1	22	0	-1	6	0	0	9	0	0	1	0	-1	0	0	0	33	0
c6649	19	-1	-1	0	0	40	0	29	0	0	40	0	-1	0	33	-1	37	0	22	0	48	0	-1	0	0	0	1	-1	-1	-1
c6652	-1	-1	15	0	0	40	0	-1	-1	0	-1	-1	-1	-1	9	0	37	-1	0	0	37	0	-1	15	15	37	0	0	0	0
c6660	0	0	37	-1	0	40	0	0	-1	0	25	28	0	0	0	0	-1	-1	0	0	-1	40	-1	0	15	0	0	-1	-1	-1
c6696	0	0	49	2	21	0	34	0	32	0	0	0	-1	-1	0	0	6	0	0	9	-1	0	0	-1	31	-1	-1	-1	33	-1
