	0	1	2	3	4	5	6	7	8	9	10	11	12	13	14	15	16	17	18	19	20	21	22	23	24	25	26	27	28	29
c1552	2	0	41	-1	0	0	0	0	25	-1	0	0	44	7	-1	0	-1	-1	0	-1	0	0	20	0	-1	0	0	0	0	40
c1568	48	-1	0	-1	0	48	-1	0	25	-1	-1	-1	7	0	-1	43	13	0	5	0	0	0	-1	27	3	13	-1	0	17	-1
c1836	-1	0	0	0	12	2	26	-1	0	47	0	8	27	20	0	0	-1	50	31	0	-1	47	0	0	0	47	0	40	16	35
c1855	0	40	0	0	43	0	-1	0	-1	0	30	0	0	0	-1	0	-1	39	-1	-1	0	9	0	0	30	0	0	-1	-1	0
c1935	-1	0	0	0	43	0	-1	0	25	0	27	0	0	0	-1	0	13	-1	0	0	0	0	20	0	0	13	-1	0	0	40
c2261	47	0	40	-1	12	0	0	0	3	-1	22	0	47	0	0	20	-1	50	39	-1	-1	47	0	-1	0	47	0	-1	-1	-1
c2335	-1	0	0	0	12	0	0	0	44	0	0	0	48	0	-1	10	-1	-1	-1	0	0	47	35	12	0	-1	-1	0	16	0
c2341	0	-1	-1	0	0	0	0	0	25	0	-1	0	0	-1	-1	0	13	-1	-1	35	0	48	20	0	0	-1	0	0	0	0
c2377	-1	29	-1	0	0	0	40	0	25	0	0	0	0	0	-1	-1	13	0	-1	0	0	0	20	0	-1	29	0	-1	0	-1
c2608	0	3	0	-1	12	0	0	15	0	47	-1	0	27	0	0	0	-1	-1	-1	0	0	-1	0	-1	-1	47	0	0	16	35
c2782	20	0	0	0	0	0	25	-1	25	0	0	-1	25	0	-1	-1	13	0	0	0	0	0	-1	48	27	0	48	0	-1	40
c2791	0	0	0	0	-1	0	0	0	0	47	20	-1	27	0	0	0	-1	-1	-1	-1	16	47	0	8	0	-1	40	0	16	35
c2830	-1	0	0	-1	12	0	0	38	3	0	-1	-1	19	9	0	-1	-1	50	39	4	-1	47	22	-1	19	47	-1	0	16	0
c2968	0	0	0	0	-1	0	-1	47	25	-1	0	-1	0	34	-1	0	13	0	0	-1	12	44	20	0	0	-1	0	0	0	0
c3124	0	0	-1	0	43	0	0	0	-1	0	30	0	0	0	-1	0	0	0	46	25	0	-1	27	-1	30	-1	0	34	-1	0
c3256	20	0	4	-1	-1	14	0	47	25	0	0	0	0	-1	-1	0	13	-1	0	0	0	0	20	-1	-1	0	-1	-1	-1	40
c3330	0	5	0	0	12	24	-1	0	44	0	0	0	48	1	0	0	-1	50	-1	-1	-1	47	0	12	0	-1	2	0	-1	0
c3441	-1	-1	0	0	-1	0	0	-1	25	-1	-1	-1	0	0	-1	-1	13	0	0	-1	0	48	20	0	0	18	0	13	0	0
c3530	43	0	-1	0	12	-1	0	-1	-1	-1	0	0	48	34	3	-1	-1	50	-1	-1	0	-1	9	12	4	-1	-1	0	-1	-1
c3597	0	-1	0	-1	0	0	0	-1	25	43	24	12	0	0	-1	0	13	0	0	-1	0	0	20	-1	-1	1	0	0	0	0
c3630	0	34	6	0	35	0	0	47	-1	0	0	4	0	-1	-1	0	13	0	50	0	0	0	20	0	0	0	48	-1	29	0
c3749	-1	0	0	-1	12	0	0	38	3	0	22	0	0	35	0	0	-1	50	39	4	0	47	0	-1	0	47	0	0	16	0
c3859	0	5	-1	-1	12	-1	44	0	0	-1	14	0	25	0	0	0	-1	0	44	-1	11	47	-1	40	0	47	39	4	16	47
c3871	-1	0	0	30	12	0	-1	-1	44	7	31	0	25	0	-1	-1	-1	-1	0	-1	-1	47	0	0	-1	-1	0	-1	16	7
c3946	47	0	0	-1	12	0	48	0	3	-1	22	0	0	9	47	0	-1	50	39	4	25	47	-1	-1	0	-1	0	-1	-1	0
c3955	1	-1	0	0	12	0	0	31	44	40	0	13	48	0	0	5	-1	50	-1	0	-1	47	17	12	0	-1	-1	0	-1	-1
c3989	0	0	0	-1	0	0	30	0	25	0	27	5	0	0	-1	0	13	42	-1	0	0	0	20	0	0	13	-1	0	-1	40
c4133	21	0	42	0	12	9	44	27	0	0	4	-1	-1	0	0	0	-1	0	44	-1	0	-1	-1	-1	-1	-1	-1	-1	16	43
c4203	-1	0	2	-1	0	0	0	-1	25	7	0	0	0	0	-1	-1	13	0	0	22	0	0	-1	48	8	0	0	20	-1	40
c4205	0	-1	-1	0	-1	0	-1	25	-1	7	-1	-1	25	6	-1	-1	-1	0	0	-1	0	-1	20	-1	0	-1	0	0	16	0
c4289	0	0	-1	0	0	0	0	0	25	0	0	0	0	50	-1	0	-1	-1	-1	0	17	36	-1	0	-1	0	0	33	0	0
c4350	-1	0	-1	0	12	48	0	47	0	7	17	9	25	-1	0	-1	-1	0	0	0	0	47	-1	0	0	-1	-1	0	16	0
c4370	39	0	0	0	12	0	0	0	-1	-1	0	0	48	34	0	0	-1	50	-1	0	0	47	2	-1	0	-1	0	0	16	0
c4423	0	0	0	7	0	0	0	0	-1	-1	19	0	0	0	-1	29	7	13	0	0	-1	0	0	0	-1	0	0	0	39	0
c4474	0	0	0	0	12	0	6	0	40	7	0	0	25	0	0	-1	-1	-1	19	-1	-1	47	0	0	0	-1	0	47	16	0
c4521	5	5	0	-1	12	0	0	0	0	24	-1	48	-1	0	0	0	-1	50	-1	25	0	47	0	-1	0	-1	0	-1	16	0
c4544	0	0	0	-1	12	0	-1	33	0	7	0	-1	25	0	0	-1	-1	0	0	-1	-1	47	0	-1	-1	-1	2	-1	16	3
c4567	-1	-1	0	22	9	15	0	29	25	0	0	-1	1	0	-1	0	-1	0	33	-1	0	19	20	0	0	-1	-1	0	-1	0
c4648	-1	-1	-1	0	12	0	0	0	0	-1	0	43	0	0	-1	9	-1	50	0	24	0	47	0	0	20	47	-1	14	16	0
c4747	-1	39	0	-1	12	33	0	0	3	0	22	0	0	-1	0	0	-1	50	39	-1	0	47	0	-1	0	47	-1	0	16	0
c4814	5	29	0	-1	0	0	1	0	25	-1	0	-1	0	0	-1	0	13	0	0	1	0	-1	20	0	-1	0	0	0	0	0
c4878	0	0	40	0	12	0	3	-1	-1	47	4	0	27	0	0	0	-1	50	-1	5	0	47	0	-1	0	-1	0	0	16	35
c4919	20	0	3	-1	0	-1	-1	0	25	0	5	0	0	0	-1	-1	13	-1	0	0	0	0	20	48	0	0	0	0	14	40
c4921	39	-1	0	22	-1	15	0	29	25	-1	0	48	1	-1	-1	-1	13	29	33	0	0	19	20	-1	0	-1	0	0	0	14
c4948	0	0	0	0	12	0	0	-1	0	47	0	43	0	0	-1	9	-1	50	0	24	0	47	0	0	-1	47	0	14	16	-1
c5020	0	-1	0	-1	15	0	48	-1	3	25	-1	0	-1	20	-1	0	0	0	-1	-1	0	0	0	-1	-1	7	4	-1	-1	0
c5058	0	-1	0	0	12	3	0	44	-1	0	-1	0	48	0	-1	5	-1	-1	-1	0	0	47	0	12	0	-1	24	-1	16	0
c5088	39	0	0	22	0	15	0	29	25	0	0	0	1	0	-1	-1	13	0	33	-1	0	-1	20	0	-1	-1	5	-1	0	4
c5093	0	0	0	-1	12	0	0	-1	44	0	0	0	48	0	0	48	-1	50	-1	0	-1	47	-1	-1	0	-1	-1	0	16	-1
c5278	0	0	13	-1	-1	0	0	0	0	7	7	-1	25	0	0	-1	-1	15	0	-1	-1	47	0	44	-1	-1	0	0	16	5
c5288	-1	0	0	39	0	-1	0	0	-1	7	27	0	0	0	-1	0	-1	0	-1	0	0	0	20	0	2	13	-1	-1	0	40
c5310	2	0	0	0	-1	0	0	0	25	0	0	0	0	7	-1	0	-1	4	-1	-1	0	0	20	20	0	0	0	0	-1	40
c5357	0	0	-1	0	0	-1	-1	0	25	7	0	0	0	0	-1	18	13	0	0	22	-1	0	20	-1	0	-1	0	0	-1	40
c5387	40	-1	0	-1	0	24	0	0	25	29	2	-1	14	50	-1	25	13	22	0	-1	0	0	20	0	3	0	0	-1	24	44
c5395	0	0	0	0	-1	0	-1	29	0	47	0	1	0	0	-1	9	-1	50	0	24	0	47	22	0	0	47	40	0	16	0
c5410	0	0	0	0	-1	0	0	0	0	7	-1	0	-1	15	48	-1	-1	0	44	0	0	47	0	0	-1	-1	-1	0	16	0
c5433	-1	0	0	0	12	26	0	0	0	47	47	0	27	20	0	0	-1	50	0	0	0	47	0	0	0	47	-1	40	16	35
c5445	39	0	0	0	0	-1	-1	29	25	0	0	0	0	3	-1	5	13	0	0	0	0	-1	20	0	0	-1	-1	0	0	0
c5511	40	0	-1	12	43	24	-1	0	25	13	0	0	-1	29	-1	0	13	44	20	0	0	-1	20	-1	0	0	-1	0	0	11
c5574	0	0	7	13	-1	-1	-1	0	0	47	-1	0	27	0	-1	-1	-1	-1	-1	0	0	47	0	-1	0	47	0	0	16	35
c5616	0	20	0	0	0	0	-1	-1	25	0	27	0	0	-1	-1	0	13	-1	0	0	-1	0	20	40	-1	13	-1	-1	0	40
c5724	0	-1	0	0	12	0	-1	0	0	7	48	0	25	0	0	-1	-1	-1	-1	0	-1	47	0	0	-1	-1	0	5	-1	-1
c5732	0	29	47	0	0	-1	0	14	25	0	1	-1	-1	0	-1	4	13	24	0	0	0	-1	20	0	0	-1	27	0	-1	-1
c5743	-1	-1	29	27	1	0	0	0	0	25	0	26	-1	0	-1	-1	0	2	0	0	0	0	-1	23	-1	-1	4	-1	-1	44
c5750	0	0	0	0	0	0	-1	35	25	0	-1	0	2	0	-1	44	7	0	0	0	0	0	0	0	-1	0	-1	0	0	0
c5825	0	-1	-1	0	-1	0	8	-1	25	0	0	-1	-1	0	-1	0	13	0	0	0	0	-1	20	-1	0	0	0	0	0	0
c5829	0	0	0	9	-1	0	0	15	44	-1	0	-1	48	0	0	33	-1	-1	-1	0	0	47	-1	12	0	-1	0	0	16	0
c5836	20	0	4	4	0	0	0	47	25	0	-1	-1	0	0	-1	0	-1	-1	-1	39	2	-1	-1	-1	5	0	-1	0	-1	40
c5847	-1	-1	-1	22	0	15	7	-1	-1	0	-1	0	1	0	-1	0	13	20	-1	0	-1	19	20	0	-1	-1	0	-1	0	4
c5849	0	3	0	-1	0	0	0	0	25	-1	1	0	0	47	-1	0	-1	2	0	22	0	0	-1	-1	8	0	0	0	0	40
c5850	-1	0	-1	0	-1	0	0	-1	0	7	25	0	25	0	0	-1	-1	4	-1	-1	7	47	20	-1	-1	-1	0	-1	16	27
c5858	2	0	25	13	0	-1	0	0	25	19	0	0	0	7	-1	31	13	0	0	0	-1	-1	20	0	0	0	0	0	0	-1
c5868	0	-1	0	0	12	25	0	-1	44	-1	25	0	48	0	0	35	-1	50	-1	0	0	47	0	-1	0	-1	0	-1	16	0
c5884	17	-1	0	27	12	-1	5	33	44	0	25	13	-1	-1	0	0	-1	-1	-1	0	0	47	0	12	0	-1	0	0	16	0
c5911	0	5	-1	4	12	-1	-1	0	0	0	0	0	25	0	0	-1	-1	-1	44	-1	24	47	-1	-1	0	47	1	4	16	47
c5924	40	-1	0	0	0	24	-1	0	25	29	2	0	14	50	-1	25	-1	22	0	12	0	0	20	0	0	0	0	0	24	44
c5931	0	-1	40	-1	-1	0	1	0	48	25	-1	-1	24	17	-1	0	0	-1	15	0	0	2	20	14	0	7	4	6	0	0
c5963	0	2	40	0	0	0	48	-1	25	-1	17	0	0	0	-1	-1	13	-1	0	0	0	0	20	0	0	18	0	0	0	0
c5966	0	0	0	0	1	0	-1	0	0	25	0	0	24	0	-1	0	-1	2	0	0	14	-1	-1	20	0	7	-1	0	40	44
c5992	-1	-1	0	-1	12	0	0	-1	0	7	5	-1	25	0	0	-1	-1	-1	13	0	29	47	48	0	0	-1	14	0	16	7
c5994	47	48	0	0	0	0	0	0	-1	-1	-1	0	0	0	-1	-1	13	-1	-1	0	0	-1	20	0	-1	18	0	-1	0	-1
c5995	-1	0	-1	47	0	5	0	0	25	-1	48	0	0	0	-1	41	13	0	-1	0	0	48	20	0	-1	18	0	13	0	-1
c6050	0	0	-1	-1	12	0	0	13	0	7	20	44	-1	0	31	-1	-1	0	-1	0	0	-1	5	-1	25	-1	25	-1	-1	13
c6084	39	0	0	0	0	15	0	29	25	0	0	-1	0	3	-1	5	13	0	0	0	0	43	20	-1	0	-1	-1	0	0	0
c6093	0	0	-1	48	0	0	14	0	-1	0	0	0	-1	50	-1	40	13	0	0	0	-1	-1	20	27	0	0	-1	33	-1	0
c6104	-1	38	17	0	12	0	-1	25	0	7	0	15	25	0	0	-1	-1	0	0	-1	0	47	3	0	5	-1	0	0	16	0
c6113	0	0	-1	0	12	0	0	-1	0	7	25	-1	25	0	0	-1	-1	0	-1	0	7	47	-1	0	-1	-1	0	-1	16	0
c6124	0	-1	2	-1	12	-1	0	44	13	24	0	24	-1	0	0	-1	-1	50	-1	-1	0	-1	0	0	44	-1	0	-1	-1	0
c6139	35	0	-1	0	-1	0	1	0	0	25	7	0	24	17	-1	-1	-1	-1	0	0	0	0	20	14	0	7	4	6	0	-1
c6179	0	0	0	0	12	0	-1	-1	44	-1	40	0	48	0	-1	0	-1	-1	-1	0	0	47	9	12	27	-1	0	0	16	0
c6194	-1	0	0	0	0	0	0	0	25	-1	27	-1	24	0	-1	0	-1	0	0	0	-1	-1	-1	-1	0	13	-1	-1	0	-1
c6264	0	3	0	-1	12	-1	5	0	44	0	0	0	48	0	40	0	-1	-1	-1	0	0	47	48	12	-1	-1	0	0	16	0
c6307	-1	0	0	-1	0	0	0	21	25	34	0	0	0	7	-1	0	13	-1	-1	0	0	0	20	0	40	0	0	3	0	-1
c6335	0	0	40	0	12	0	3	-1	0	47	4	0	-1	0	0	0	-1	50	-1	5	0	47	-1	-1	0	47	0	0	16	35
c6350	-1	0	13	13	4	-1	0	0	25	0	-1	-1	0	0	-1	0	13	-1	0	0	0	-1	20	0	25	0	5	44	-1	0
c6389	0	-1	0	0	0	0	0	0	0	25	0	0	24	0	-1	0	-1	0	-1	43	5	0	0	2	0	7	4	0	0	0
c6490	0	0	40	0	-1	0	-1	-1	0	47	4	0	-1	0	0	0	-1	50	-1	5	0	47	0	-1	0	47	-1	5	16	-1
c6493	17	44	0	0	-1	0	0	-1	25	2	-1	-1	0	3	-1	44	-1	0	0	-1	-1	0	20	29	20	-1	0	0	0	0
c6509	0	-1	0	0	12	0	0	13	0	7	0	0	25	0	-1	-1	-1	0	0	0	44	-1	39	0	-1	-1	0	0	16	0
c6515	0	-1	27	20	12	0	4	0	0	7	0	0	25	0	-1	-1	-1	0	0	6	-1	-1	-1	0	0	-1	-1	0	16	45
c6562	20	0	0	0	0	0	0	0	-1	-1	39	0	-1	0	-1	-1	13	0	-1	-1	-1	-1	20	48	0	0	24	0	-1	40
c6565	-1	0	0	0	12	-1	-1	-1	-1	0	47	0	48	1	0	0	-1	50	-1	0	-1	47	-1	12	0	-1	0	0	-1	0
c6586	-1	-1	3	40	0	0	0	0	0	25	0	0	24	0	-1	0	0	0	40	0	22	0	0	-1	-1	7	4	0	43	0
c6613	0	0	0	-1	0	0	0	0	25	-1	27	0	14	-1	-1	-1	-1	-1	-1	-1	0	0	20	0	0	13	-1	0	0	40
c6651	-1	0	3	0	0	-1	0	0	-1	0	0	0	-1	0	-1	-1	13	0	0	0	0	0	20	48	0	-1	-1	0	0	40
c6653	0	0	0	0	0	0	0	0	0	25	0	0	24	0	-1	0	0	25	0	0	0	0	-1	2	-1	-1	4	0	0	0
c6661	0	0	1	-1	12	-1	30	0	-1	-1	48	0	1	0	-1	0	-1	50	-1	-1	-1	47	-1	0	-1	-1	0	0	16	0
c6672	0	-1	0	-1	-1	-1	0	33	44	0	0	-1	48	0	20	0	-1	50	-1	0	0	47	0	12	0	-1	0	0	16	0
c6690	-1	24	1	0	-1	-1	30	0	0	0	0	-1	-1	0	29	0	-1	50	-1	-1	0	47	0	47	0	-1	0	34	16	0
c6706	17	-1	-1	-1	12	0	-1	33	44	0	25	-1	48	-1	0	0	-1	-1	-1	-1	-1	47	0	12	-1	-1	0	0	16	0
c6707	17	-1	0	1	12	0	0	33	44	0	25	13	48	44	0	0	-1	-1	-1	0	0	47	-1	12	0	-1	0	0	16	0
c6724	-1	0	0	0	12	0	0	0	44	0	-1	0	48	0	0	10	-1	-1	-1	0	0	47	0	12	0	-1	0	0	16	0
c6803	-1	-1	-1	26	12	0	0	-1	44	7	0	0	25	-1	0	-1	-1	0	17	2	11	-1	-1	-1	2	-1	5	0	16	47
c6804	0	-1	24	-1	0	0	0	47	25	43	0	12	0	-1	-1	0	13	-1	0	0	0	0	20	0	-1	0	0	0	0	0
c6838	-1	-1	2	-1	0	0	-1	0	25	-1	0	-1	-1	47	-1	0	-1	0	-1	22	0	-1	20	48	8	0	0	20	0	40
c6888	0	0	-1	-1	12	0	2	-1	44	-1	0	-1	-1	0	-1	0	-1	50	-1	0	-1	47	9	-1	13	-1	0	0	-1	0
c6930	-1	29	0	0	-1	18	40	0	25	0	12	0	24	-1	-1	0	-1	0	0	-1	0	0	20	0	0	0	0	0	0	-1
c6948	0	0	0	7	0	0	0	0	25	0	-1	0	13	-1	-1	25	-1	0	0	0	-1	0	47	0	30	0	-1	0	39	0
c7019	0	0	0	0	0	-1	0	0	25	0	27	-1	0	0	-1	5	-1	42	-1	0	-1	0	20	-1	-1	13	-1	0	-1	40
c7033	-1	0	40	-1	20	0	0	-1	-1	-1	-1	0	24	0	-1	5	-1	-1	0	-1	-1	-1	20	0	0	-1	4	0	3	0
c7051	0	5	-1	-1	12	44	10	0	40	-1	0	0	25	0	-1	-1	-1	-1	0	0	-1	47	0	0	0	-1	-1	47	16	0
c7072	0	0	0	0	12	0	0	0	0	24	0	48	0	-1	0	-1	-1	-1	-1	25	0	47	0	0	0	-1	0	0	16	0
c7097	0	7	0	0	12	0	0	13	0	7	-1	-1	25	0	25	-1	-1	0	-1	0	-1	47	0	-1	25	-1	-1	40	16	0
c7120	0	-1	-1	0	0	0	0	0	25	-1	0	0	0	43	-1	41	13	0	-1	0	0	48	20	0	0	-1	0	13	0	48
c7140	0	0	0	0	1	0	25	0	35	25	0	0	24	-1	-1	0	-1	2	0	0	-1	15	0	20	3	7	-1	0	40	44
c7141	0	-1	0	0	1	0	25	0	0	25	0	0	24	-1	-1	-1	-1	2	-1	0	14	15	-1	20	3	7	-1	-1	-1	44
c7213	0	0	48	0	13	-1	-1	-1	0	25	-1	4	-1	0	-1	0	0	-1	0	43	0	4	0	-1	0	7	-1	-1	-1	0
c7274	5	5	0	0	12	-1	0	0	7	24	18	-1	0	13	-1	-1	-1	50	-1	25	-1	47	0	-1	0	-1	0	0	16	0
c7299	0	0	40	0	19	0	1	0	-1	25	7	0	24	-1	-1	-1	-1	0	0	0	0	-1	0	0	0	7	4	44	0	7
c7312	-1	29	0	0	14	0	-1	0	25	0	0	35	0	0	-1	0	-1	5	0	0	46	0	20	0	0	0	0	0	0	0
c7319	20	0	3	0	-1	-1	0	0	-1	-1	0	0	-1	0	-1	-1	13	-1	0	0	-1	1	20	48	-1	0	34	0	0	-1
c7329	-1	3	0	4	12	0	5	0	-1	0	0	0	48	0	40	0	-1	50	-1	0	0	47	0	12	-1	-1	0	0	16	0
c7335	-1	0	-1	26	12	0	0	-1	44	0	25	0	48	-1	0	35	-1	50	-1	0	0	-1	0	12	0	-1	0	0	16	0
c7354	0	-1	0	40	12	-1	0	33	44	-1	25	0	48	0	-1	35	-1	50	-1	0	0	47	0	-1	0	-1	0	0	16	0
c7381	0	0	-1	7	0	0	0	-1	-1	22	19	-1	0	0	-1	0	-1	0	0	0	0	0	0	18	30	0	2	-1	0	-1
c7435	0	0	0	0	12	25	0	0	0	-1	0	0	25	-1	0	-1	-1	0	1	0	0	47	15	0	0	-1	-1	0	16	0
c7470	-1	0	0	-1	12	0	-1	-1	2	47	0	0	27	0	-1	9	-1	50	13	-1	0	47	40	0	-1	47	0	0	16	35
c7487	0	29	-1	0	0	-1	0	-1	-1	0	0	0	0	50	-1	33	13	0	0	1	-1	0	20	0	0	-1	0	0	-1	0
c7533	0	29	0	0	14	0	0	-1	25	0	0	35	0	0	-1	45	-1	5	0	0	-1	0	20	0	0	-1	0	39	0	0
c7534	0	0	-1	0	-1	0	0	-1	29	7	0	0	-1	0	-1	-1	-1	-1	-1	-1	-1	47	0	2	43	-1	0	0	16	0
c7545	44	0	2	0	12	-1	0	7	13	24	0	0	3	0	0	-1	-1	-1	-1	0	-1	-1	0	0	44	-1	0	0	16	0
c7550	0	0	-1	0	12	0	0	-1	0	47	-1	1	0	-1	0	9	-1	50	-1	24	0	47	20	34	-1	47	0	0	16	0
c7591	40	27	5	0	-1	34	5	0	-1	7	0	0	25	0	-1	-1	-1	47	-1	0	0	47	0	0	43	-1	0	0	16	0
c7594	20	23	0	0	47	0	0	0	25	0	0	0	25	0	-1	0	-1	-1	0	0	0	-1	-1	-1	9	35	-1	-1	-1	40
c7609	0	-1	0	7	0	0	0	0	25	0	27	0	0	-1	-1	-1	-1	0	0	0	-1	0	20	0	0	13	-1	0	0	-1
c7657	0	0	40	0	20	0	-1	3	0	-1	7	0	24	15	-1	6	-1	0	0	0	0	0	0	0	0	7	4	0	-1	0
c7668	39	0	-1	22	0	-1	0	29	25	-1	18	0	1	0	-1	0	13	0	-1	0	0	19	20	-1	-1	-1	0	4	-1	40
c7680	0	5	0	0	35	0	0	-1	25	0	0	0	0	-1	-1	0	-1	47	50	0	-1	0	20	0	0	13	33	0	0	13
c7694	50	0	13	13	4	0	0	0	25	0	14	19	27	0	-1	-1	-1	0	-1	0	0	0	20	-1	25	0	5	44	-1	0
c7715	5	0	0	-1	12	0	-1	0	0	24	24	48	-1	0	0	0	-1	50	-1	25	0	47	0	-1	0	-1	0	0	-1	-1
c7810	-1	0	-1	0	0	5	5	-1	25	7	0	0	0	0	-1	5	13	0	-1	22	39	0	-1	48	0	0	-1	29	-1	-1
c7814	47	0	0	-1	12	0	0	0	3	-1	22	0	0	-1	0	0	-1	50	39	-1	0	47	0	-1	0	47	0	0	16	24
c7843	47	0	0	-1	12	0	0	0	3	-1	-1	0	22	-1	0	0	-1	50	39	-1	0	47	0	-1	0	47	0	0	16	44
c7845	0	0	-1	-1	20	-1	0	15	0	25	7	0	24	-1	-1	5	0	0	0	0	48	0	-1	0	20	7	4	-1	3	-1
c7877	0	0	0	-1	12	-1	0	47	0	7	0	9	25	0	0	-1	-1	-1	25	13	0	-1	-1	0	-1	-1	-1	0	16	0
c7913	39	0	-1	22	-1	15	0	-1	25	0	0	-1	1	0	-1	47	-1	0	33	0	0	19	-1	0	0	-1	0	-1	0	-1
c7920	0	0	0	0	1	0	-1	-1	0	25	0	0	24	-1	-1	0	-1	2	0	0	14	15	0	20	0	7	-1	0	40	44
c7927	11	0	-1	44	12	0	0	0	-1	-1	0	1	0	0	-1	9	-1	-1	24	-1	0	-1	0	-1	0	47	47	0	16	0
c7957	0	0	0	27	43	0	-1	0	-1	0	-1	-1	0	0	-1	0	0	0	-1	0	0	0	0	0	30	0	-1	0	0	-1
c7982	-1	0	4	0	0	0	4	0	25	0	0	0	0	0	-1	0	13	0	-1	-1	0	0	20	-1	48	-1	-1	0	0	40
c7994	13	2	0	0	12	0	0	13	0	7	-1	0	25	0	43	-1	-1	0	0	0	0	47	5	0	25	-1	0	-1	-1	13
c8001	39	0	0	22	0	15	0	29	25	0	0	0	1	0	-1	0	13	43	33	3	-1	19	20	0	0	-1	0	0	0	4
c8016	0	-1	0	30	12	0	0	-1	0	7	0	0	-1	0	0	-1	-1	-1	0	-1	29	47	0	0	0	-1	0	48	16	7
c8025	0	-1	48	-1	12	0	3	-1	-1	-1	0	27	27	-1	0	-1	-1	50	0	0	6	-1	0	48	9	-1	-1	0	16	35
c8026	0	-1	0	-1	-1	-1	0	0	0	25	14	40	24	-1	-1	-1	0	2	0	0	0	15	0	0	0	7	4	0	40	44
c8042	0	0	-1	0	12	0	0	24	0	7	0	3	25	0	18	5	-1	0	0	43	0	47	-1	0	-1	-1	0	-1	16	-1
c8047	0	0	-1	40	12	-1	-1	-1	44	0	25	0	48	0	0	35	-1	50	-1	0	-1	47	-1	12	0	-1	0	0	-1	0
c8048	0	-1	-1	0	1	27	25	0	0	25	13	0	24	0	-1	0	-1	2	-1	0	14	15	-1	20	0	7	-1	0	40	44
c8079	-1	0	0	0	12	25	0	0	-1	7	0	0	25	0	0	-1	-1	40	0	0	0	47	15	0	0	-1	39	0	16	0
c8142	0	0	20	-1	-1	0	0	0	44	48	9	0	48	0	-1	48	-1	50	-1	0	0	47	0	-1	0	-1	0	-1	-1	0
c8159	-1	13	13	0	0	-1	0	9	25	29	0	-1	33	0	-1	0	13	0	-1	0	0	0	-1	48	0	-1	0	0	0	40
c8162	0	0	24	-1	0	0	-1	0	25	0	0	12	0	-1	-1	0	13	0	50	0	0	0	20	47	8	0	-1	-1	23	44
c8164	0	31	-1	0	12	0	-1	47	-1	7	0	9	25	0	47	-1	-1	0	0	0	-1	47	-1	0	44	-1	0	0	-1	0
c8176	0	0	0	0	12	0	0	0	20	47	-1	0	27	0	47	24	-1	50	0	0	-1	47	-1	0	0	47	0	0	16	35
c8180	0	0	0	0	12	0	-1	24	-1	-1	0	0	27	-1	0	9	-1	-1	-1	0	0	47	40	0	0	47	16	0	16	35
c8200	20	0	0	0	0	0	25	0	25	0	0	0	25	-1	-1	-1	-1	0	0	0	0	0	-1	-1	27	0	48	0	-1	-1
c8320	-1	-1	0	30	12	0	0	-1	44	7	-1	-1	25	0	0	-1	-1	0	0	-1	0	-1	0	5	0	-1	0	1	16	7
c8345	0	0	40	0	12	1	-1	-1	12	7	24	0	25	-1	-1	-1	-1	13	0	-1	0	47	0	0	31	-1	-1	48	16	-1
c8381	0	0	17	0	-1	0	0	0	25	11	30	-1	0	0	-1	2	7	0	0	7	0	0	0	48	-1	-1	9	40	31	0
c8414	0	3	-1	4	12	0	5	-1	-1	-1	0	0	48	0	40	-1	-1	-1	-1	0	0	-1	-1	12	-1	-1	0	0	-1	0
c8437	0	0	0	0	12	0	0	25	9	47	0	-1	27	0	0	-1	-1	50	0	0	0	47	40	0	20	47	-1	0	16	35
c8439	47	0	0	0	0	0	47	0	-1	-1	27	0	0	-1	-1	0	13	-1	0	0	-1	-1	20	40	7	-1	-1	47	0	-1
c8457	2	0	0	29	0	-1	45	0	-1	0	25	0	48	7	-1	0	13	14	0	0	-1	15	-1	0	0	0	-1	0	0	-1
c8498	-1	0	7	-1	0	0	-1	0	-1	22	19	0	0	0	-1	-1	7	0	0	0	0	0	0	18	30	0	0	0	0	0
c8500	0	-1	0	-1	-1	0	0	0	0	7	0	0	25	13	0	-1	-1	-1	0	0	-1	47	0	0	0	-1	-1	0	16	0
c8505	39	22	0	22	-1	15	0	29	25	0	-1	0	1	0	-1	0	13	0	33	0	0	19	20	0	0	-1	7	-1	0	4
c8569	20	-1	-1	0	0	0	25	0	25	0	0	0	25	20	-1	0	13	0	0	26	0	0	20	48	-1	0	0	-1	-1	40
c8575	24	0	0	0	12	0	0	0	0	47	34	0	27	0	0	-1	-1	50	0	0	0	47	-1	0	29	47	-1	0	16	35
c8580	0	-1	0	0	1	0	25	-1	0	25	0	0	24	0	-1	-1	-1	2	-1	0	14	-1	0	20	-1	-1	-1	-1	40	44
c8581	0	0	0	0	1	0	25	0	0	-1	0	0	24	0	-1	0	-1	2	0	-1	14	15	-1	20	0	7	-1	0	40	44
c8606	4	-1	-1	-1	12	-1	0	0	-1	47	0	1	1	0	-1	-1	-1	-1	0	24	24	47	0	0	0	47	47	0	16	0
c8625	-1	-1	40	43	-1	0	0	0	0	25	-1	-1	24	0	-1	0	20	0	0	0	-1	0	0	0	0	7	4	-1	3	-1
c8679	-1	0	0	-1	12	0	-1	0	44	0	0	-1	48	-1	0	48	-1	-1	-1	-1	0	47	0	12	0	-1	-1	0	16	14
c8696	0	26	2	26	-1	-1	0	0	13	24	0	0	3	0	0	0	-1	50	-1	43	0	-1	45	0	44	-1	-1	0	-1	0
c8713	0	0	0	0	47	0	0	0	25	-1	27	0	0	0	-1	24	13	0	0	0	0	0	20	40	-1	13	-1	-1	0	40
c8750	-1	-1	0	-1	12	0	0	0	-1	-1	-1	0	48	34	0	0	-1	50	-1	0	38	-1	0	12	0	-1	0	0	16	0
c8762	0	0	0	0	-1	-1	-1	-1	0	0	0	36	-1	0	-1	13	-1	-1	-1	17	13	47	22	0	0	-1	0	29	-1	0
c8764	0	0	0	40	12	0	27	-1	0	0	22	40	0	2	-1	-1	-1	-1	39	4	-1	47	0	-1	0	47	0	7	16	0
c8772	38	-1	34	-1	12	-1	-1	25	44	7	0	0	-1	0	0	-1	-1	0	11	0	0	47	0	4	0	-1	0	24	16	-1
c8778	-1	0	40	0	19	0	0	0	-1	-1	7	0	24	-1	-1	48	0	0	0	0	0	9	0	0	-1	7	4	-1	0	7
c8811	0	0	-1	-1	12	-1	-1	33	44	-1	25	0	48	0	0	35	-1	50	-1	0	0	-1	0	12	0	-1	-1	0	16	0
c8853	0	-1	0	-1	12	0	0	33	44	0	25	-1	-1	0	0	35	-1	50	-1	0	0	47	0	12	0	-1	0	0	-1	0
c8894	0	0	0	0	-1	48	0	0	-1	0	0	0	0	-1	-1	0	13	0	50	-1	-1	13	20	47	8	0	-1	0	0	44
c8918	0	0	0	30	12	0	0	-1	0	7	5	0	25	17	0	-1	-1	-1	13	0	29	47	0	0	0	-1	14	0	16	7
c8963	17	-1	-1	48	12	0	0	33	44	0	25	-1	-1	0	0	-1	-1	-1	-1	0	-1	47	0	12	0	-1	0	0	16	44
c8988	27	0	0	0	0	22	0	29	25	-1	0	0	0	0	-1	41	13	-1	0	0	0	48	20	0	0	-1	0	13	0	0
c9009	0	0	7	7	-1	0	0	0	-1	22	19	0	0	0	-1	0	7	0	0	0	0	0	0	18	30	0	-1	0	0	-1
c9032	20	0	-1	4	0	7	0	47	25	0	0	0	0	0	-1	0	13	-1	0	-1	-1	-1	20	-1	-1	0	0	0	-1	40
c9050	0	0	0	0	12	13	-1	-1	-1	-1	0	0	48	34	-1	0	-1	50	-1	24	0	47	0	12	0	-1	0	-1	-1	0
c9056	0	0	0	27	12	0	0	0	44	-1	0	0	48	0	0	5	-1	50	-1	0	0	47	-1	-1	-1	-1	0	0	16	0
c9059	0	29	-1	0	0	-1	-1	0	25	0	-1	0	0	33	-1	0	13	0	20	0	48	48	-1	-1	0	0	0	0	34	0
c9066	0	0	0	0	12	-1	-1	-1	-1	-1	0	24	48	0	20	0	-1	50	-1	0	0	47	0	-1	-1	-1	0	0	16	-1
c9092	20	0	-1	0	-1	48	0	-1	25	0	0	43	25	0	-1	1	13	15	0	0	0	-1	20	-1	0	-1	0	0	-1	40
c9119	0	3	0	4	12	0	5	-1	44	0	0	0	48	0	40	-1	-1	50	-1	0	0	47	-1	12	-1	-1	0	0	16	-1
c9124	47	0	40	-1	12	0	0	0	-1	0	-1	15	47	0	0	20	-1	50	-1	4	-1	47	0	-1	0	47	0	-1	16	0
c9147	40	0	44	0	0	24	0	0	25	-1	2	0	14	50	-1	25	13	22	0	0	0	0	-1	25	0	0	25	0	24	44
c9182	0	3	0	4	12	0	5	-1	44	0	0	0	48	0	40	0	-1	50	-1	-1	0	47	0	12	-1	-1	-1	0	-1	0
c9185	0	44	0	0	12	-1	-1	27	44	-1	0	-1	48	-1	-1	0	-1	50	-1	27	0	47	9	12	0	-1	0	31	16	0
c9217	0	0	0	0	12	47	0	0	-1	7	7	7	-1	-1	0	-1	-1	0	-1	0	0	47	0	-1	43	-1	0	48	16	0
c9277	0	0	-1	0	12	24	-1	24	0	7	0	0	25	-1	0	0	-1	16	-1	0	-1	-1	0	-1	0	47	0	0	16	-1
c9283	0	0	0	-1	12	0	17	39	-1	24	-1	11	0	0	0	0	-1	50	-1	0	-1	47	0	25	-1	-1	0	0	16	20
c9290	2	0	2	-1	0	0	-1	21	25	31	0	0	-1	7	-1	0	13	4	0	0	-1	0	20	11	40	-1	0	-1	0	-1
c9319	-1	0	0	-1	12	0	0	0	-1	0	22	0	0	0	0	0	-1	50	39	-1	0	-1	-1	-1	0	47	44	-1	16	0
c9324	0	5	42	4	12	9	-1	0	0	0	14	0	25	0	0	0	-1	0	44	-1	11	-1	0	40	-1	47	-1	4	16	47
c9355	-1	0	0	20	-1	0	4	25	-1	7	-1	39	25	34	22	-1	-1	29	0	0	-1	47	0	0	-1	-1	-1	-1	-1	45
c9363	0	-1	0	0	0	0	-1	0	-1	-1	27	0	0	0	-1	0	-1	-1	44	48	0	0	20	0	0	13	-1	0	0	40
c9373	47	24	0	-1	12	0	0	0	3	0	22	2	0	-1	0	-1	-1	50	39	4	0	47	-1	-1	0	47	0	0	16	0
c9383	0	29	0	0	14	0	-1	0	25	0	0	35	-1	0	-1	0	-1	0	0	47	0	0	20	0	-1	-1	-1	0	0	0
c9389	0	0	0	0	0	0	0	-1	25	-1	-1	0	0	0	-1	41	13	-1	0	0	0	-1	20	-1	0	18	-1	-1	0	0
c9398	0	48	-1	-1	12	9	-1	0	0	33	0	0	-1	0	0	25	-1	-1	44	15	0	47	-1	0	-1	47	-1	4	16	0
c9399	0	0	-1	-1	12	9	44	0	0	0	0	0	25	0	0	0	-1	-1	-1	15	0	47	-1	-1	2	47	-1	4	16	0
c9436	0	0	0	-1	0	0	0	0	25	0	27	0	-1	0	-1	20	-1	-1	0	0	-1	0	20	40	7	13	-1	47	0	40
c9474	20	-1	0	39	0	0	25	0	25	0	-1	0	25	20	-1	0	13	0	0	0	0	-1	20	48	27	-1	0	0	-1	40
c9502	-1	0	0	0	12	24	25	0	44	-1	0	-1	48	1	0	41	-1	-1	-1	0	-1	47	0	12	0	-1	0	0	-1	0
c9507	20	-1	-1	0	0	0	0	0	25	-1	39	0	25	0	-1	-1	13	-1	0	0	0	0	20	48	0	0	0	13	29	40
c9520	0	-1	0	0	0	0	40	0	25	0	27	-1	0	2	-1	15	13	20	-1	30	0	0	20	0	-1	13	-1	0	0	40
c9562	0	5	42	4	-1	-1	44	0	0	0	0	-1	25	-1	3	0	-1	0	44	-1	0	47	-1	38	-1	47	0	-1	16	47
c9572	17	0	-1	24	13	0	0	0	-1	-1	0	0	42	0	-1	-1	13	27	0	0	6	-1	20	0	0	0	29	0	0	18
c9586	0	0	42	0	12	9	44	0	29	33	-1	6	25	0	-1	0	-1	25	-1	9	2	47	0	0	-1	47	-1	4	16	14
c9593	0	29	-1	-1	25	0	0	0	-1	0	0	0	0	0	-1	40	13	-1	-1	-1	0	0	20	48	-1	0	0	-1	-1	0
c9609	0	0	28	-1	15	0	48	29	0	25	7	-1	-1	-1	-1	1	0	0	48	-1	0	0	-1	0	0	-1	4	-1	-1	0
c9628	-1	-1	4	4	0	0	0	47	25	0	43	0	0	0	-1	0	13	-1	-1	0	14	0	20	-1	-1	-1	33	9	-1	40
c9637	-1	0	0	0	12	-1	0	0	0	7	0	-1	-1	15	34	-1	-1	0	-1	0	0	47	-1	-1	-1	-1	0	0	-1	0
c9646	0	0	0	0	0	0	0	0	25	0	27	0	0	0	-1	0	13	42	-1	40	14	0	20	0	0	13	-1	0	16	-1
c9662	29	0	9	0	0	0	0	0	25	0	27	0	0	0	-1	0	13	48	7	43	0	0	20	0	0	13	-1	-1	0	-1
c9700	0	-1	0	-1	0	0	0	-1	25	-1	0	0	-1	0	-1	7	13	0	0	0	0	0	20	-1	-1	0	0	0	0	0
c9716	0	24	1	-1	-1	-1	30	0	0	0	0	0	1	0	29	0	-1	50	-1	-1	15	-1	0	0	0	-1	0	28	16	-1
c9718	-1	0	0	9	12	-1	0	33	44	0	-1	0	48	18	-1	35	-1	50	-1	-1	-1	47	0	12	0	-1	0	-1	16	0
c9736	-1	0	0	0	0	0	-1	0	25	0	27	0	0	1	-1	0	13	-1	0	0	-1	-1	-1	0	0	13	-1	-1	0	-1
c9740	0	0	29	-1	12	0	0	-1	0	7	0	0	-1	12	-1	-1	-1	0	4	12	0	47	-1	0	13	-1	0	0	16	0
c9773	-1	29	0	0	0	18	40	-1	25	0	0	0	0	0	-1	0	13	26	-1	0	-1	0	-1	0	0	0	-1	-1	0	0
c9796	20	0	3	0	0	-1	0	-1	25	0	0	0	0	0	-1	43	13	19	0	-1	-1	-1	20	48	-1	0	0	0	0	40
c9804	0	47	0	0	12	0	0	-1	0	7	-1	0	25	0	19	-1	-1	-1	0	17	14	47	0	15	0	-1	-1	0	16	-1
c9812	-1	-1	0	0	21	15	0	-1	25	0	0	0	0	0	-1	5	13	-1	0	-1	0	-1	20	38	18	-1	-1	-1	0	-1
c9813	39	0	0	0	21	15	0	-1	25	0	0	0	0	20	-1	-1	13	0	0	0	0	-1	20	38	18	-1	-1	0	0	0
c9816	0	0	7	13	12	0	-1	-1	0	-1	0	0	27	0	0	0	-1	50	-1	-1	-1	47	0	0	0	47	14	0	16	35
c9820	-1	0	40	0	20	0	0	0	-1	25	-1	0	24	0	-1	0	0	-1	-1	0	0	0	0	-1	44	7	4	-1	0	0
c9828	-1	0	-1	0	12	0	0	0	44	-1	0	0	48	0	-1	-1	-1	50	-1	0	0	-1	9	12	0	-1	0	0	16	0
c9836	0	0	0	0	12	0	0	33	44	9	25	-1	48	-1	0	35	-1	50	-1	-1	0	47	0	12	0	-1	0	47	16	0
c9840	0	-1	0	0	12	0	45	0	44	-1	0	0	48	-1	0	33	-1	50	-1	0	-1	47	0	12	-1	-1	0	0	16	0
c9844	0	-1	0	0	0	0	-1	0	-1	25	0	0	24	0	-1	0	0	-1	0	0	0	-1	35	2	0	7	4	-1	-1	-1
c9845	0	-1	-1	-1	0	-1	0	0	0	25	0	0	24	0	-1	-1	0	25	0	0	0	-1	35	2	0	7	4	0	0	-1
c9854	0	0	6	0	12	-1	0	-1	-1	-1	0	0	48	45	20	0	-1	50	-1	0	0	-1	16	12	-1	-1	0	0	16	0
c9855	0	-1	6	0	12	-1	0	0	44	-1	0	0	48	45	20	-1	-1	50	-1	0	0	-1	-1	12	-1	-1	0	0	16	0
c9863	0	0	30	47	13	2	0	0	0	25	7	0	24	0	-1	0	0	-1	-1	0	0	4	-1	0	0	7	4	43	0	0
c9876	-1	29	0	0	-1	0	0	0	25	0	0	-1	0	15	-1	45	-1	-1	0	0	-1	0	20	0	-1	0	0	0	0	-1
c9877	0	29	0	0	14	-1	0	0	25	0	0	35	0	-1	-1	45	-1	5	0	0	0	0	20	0	0	0	-1	0	0	0
c9878	-1	0	-1	0	12	0	0	-1	44	-1	-1	0	-1	0	-1	0	-1	50	-1	0	-1	-1	9	12	0	-1	0	0	16	0
c9896	-1	0	0	0	12	0	0	-1	44	-1	-1	0	-1	-1	0	48	-1	50	-1	0	-1	47	0	12	40	-1	0	0	16	0
c9916	0	-1	0	0	1	0	25	0	0	25	0	0	24	0	-1	0	3	2	0	0	14	15	0	0	0	7	-1	-1	40	44
c9917	0	0	0	0	1	0	25	0	0	-1	0	0	24	0	-1	0	3	2	0	0	14	15	0	0	0	-1	-1	-1	-1	-1
c9926	0	29	0	0	0	-1	40	0	25	0	0	0	0	0	-1	0	13	0	0	0	0	0	20	0	0	0	0	0	0	-1
c9927	-1	29	0	-1	0	18	40	0	25	-1	0	0	0	0	-1	-1	-1	0	0	2	-1	0	20	0	0	0	0	0	0	0
c9928	0	0	0	0	-1	0	0	33	44	0	25	0	48	0	0	35	-1	50	-1	0	0	47	0	12	-1	-1	27	0	16	0
c9943	0	-1	0	0	12	-1	-1	24	0	7	0	3	25	0	7	0	-1	39	2	20	0	-1	0	-1	0	47	0	0	-1	-1
c9946	0	0	0	30	-1	20	0	-1	0	7	5	0	25	17	0	-1	-1	-1	13	0	29	47	0	0	-1	-1	-1	0	16	7
c9952	0	0	0	-1	12	0	-1	0	44	0	0	0	-1	0	0	5	-1	50	-1	0	0	47	0	12	0	-1	0	0	16	0
c9965	0	0	-1	-1	-1	-1	0	0	-1	-1	0	-1	0	-1	-1	41	13	0	44	0	0	48	20	0	0	-1	0	13	13	0
c9985	0	0	0	0	12	0	0	13	-1	7	0	0	25	-1	44	-1	-1	-1	0	0	44	47	39	20	25	-1	0	-1	16	0
c9986	0	0	-1	-1	12	-1	0	0	0	7	0	0	25	13	0	-1	-1	0	0	0	8	47	0	0	-1	-1	-1	0	16	0
c10034	-1	23	-1	-1	12	-1	0	-1	-1	0	-1	0	-1	-1	0	0	-1	50	-1	4	24	47	0	-1	0	47	0	-1	-1	-1
c10055	0	0	0	0	12	0	0	0	-1	47	0	16	27	0	0	0	-1	50	-1	0	0	47	-1	0	0	-1	0	0	-1	-1
c10128	-1	0	45	0	0	27	-1	-1	25	0	0	0	17	-1	-1	24	-1	42	0	0	12	0	20	-1	-1	0	0	0	0	0
c10130	0	13	0	0	-1	0	0	0	0	7	0	0	25	0	-1	-1	-1	27	0	0	0	47	-1	-1	31	-1	0	-1	16	0
c10152	-1	0	-1	-1	0	0	0	0	25	7	0	0	0	0	-1	-1	13	-1	0	22	43	0	20	-1	8	0	-1	20	-1	-1
c10156	0	0	0	0	12	0	24	0	0	47	0	0	27	-1	0	0	-1	50	-1	1	13	47	0	0	17	-1	40	0	16	35
c10171	47	-1	-1	-1	12	0	0	0	3	0	22	0	0	-1	-1	45	-1	50	39	4	0	47	0	-1	-1	47	-1	15	16	0
c10184	0	0	0	7	0	48	0	22	-1	-1	0	0	-1	-1	-1	0	7	0	0	0	-1	0	0	0	30	0	0	0	5	0
c10190	0	0	-1	-1	12	24	13	0	44	-1	0	24	48	1	18	0	-1	-1	-1	-1	-1	47	0	12	0	-1	0	0	-1	0
c10221	0	-1	43	0	-1	0	-1	0	25	0	0	0	-1	0	-1	0	7	0	0	0	0	0	0	0	30	0	39	0	0	0
c10229	39	0	0	30	12	0	0	-1	29	7	-1	0	-1	0	0	-1	-1	0	0	0	0	47	0	0	44	-1	0	-1	16	7
c10244	0	0	0	-1	-1	-1	0	13	44	0	25	0	48	1	0	0	-1	50	-1	47	-1	47	0	12	0	-1	-1	0	-1	3
c10246	20	0	-1	15	47	0	9	0	25	0	-1	-1	25	-1	-1	-1	13	-1	-1	0	0	-1	-1	48	0	0	0	0	0	40
c10252	0	0	0	0	0	-1	0	0	25	-1	18	18	43	9	-1	0	13	0	50	0	0	-1	20	0	0	0	9	0	18	7
c10254	47	0	-1	-1	-1	0	-1	0	3	33	-1	0	0	0	-1	-1	-1	50	39	4	-1	47	0	-1	39	47	0	-1	16	0
c10258	0	0	0	20	12	0	4	-1	-1	7	0	39	25	34	22	-1	-1	29	0	-1	-1	47	0	0	0	-1	27	0	16	45
c10260	0	29	0	0	0	0	0	-1	-1	0	0	0	0	0	-1	-1	13	0	0	0	0	-1	20	0	0	0	0	0	0	0
c10268	26	29	0	0	14	-1	0	0	25	0	0	35	0	-1	-1	0	-1	5	-1	-1	0	0	20	0	0	0	0	0	12	0
c10271	0	29	0	0	-1	0	0	0	25	-1	0	-1	0	0	-1	0	-1	5	2	-1	0	-1	20	0	-1	0	0	-1	0	0
c10292	-1	29	0	34	0	0	0	-1	25	0	-1	0	-1	0	-1	-1	13	-1	0	0	-1	20	-1	-1	0	0	-1	0	-1	0
c10295	0	0	5	24	12	0	19	-1	0	7	0	0	25	20	0	-1	-1	0	-1	0	0	47	0	13	0	-1	0	47	16	0
c10296	0	0	0	0	12	-1	0	0	44	-1	0	24	-1	0	20	0	-1	-1	-1	43	24	47	0	12	0	-1	-1	0	16	0
c10300	0	0	13	0	12	-1	0	-1	0	7	-1	-1	25	-1	0	-1	-1	-1	0	-1	-1	47	0	0	0	-1	0	-1	16	0
c10302	39	47	-1	0	21	-1	0	-1	25	0	33	0	-1	0	-1	0	13	0	0	-1	-1	0	20	38	18	-1	-1	-1	0	0
c10310	0	0	0	0	1	0	-1	0	9	25	0	0	24	0	-1	0	3	-1	-1	0	14	-1	0	0	0	7	4	0	40	44
c10312	0	0	0	-1	12	0	0	24	-1	-1	-1	3	25	-1	-1	0	-1	-1	-1	0	0	47	-1	0	-1	47	-1	0	16	0
c10322	0	-1	0	-1	-1	0	0	47	25	43	0	12	0	0	-1	0	13	-1	0	0	0	0	20	0	-1	0	0	0	0	0
c10334	-1	0	0	-1	12	0	0	-1	3	0	22	0	0	-1	0	0	-1	-1	39	4	0	-1	-1	-1	-1	-1	0	-1	16	0
c10368	-1	0	-1	50	12	-1	30	0	0	-1	-1	0	1	-1	29	0	-1	50	-1	17	0	47	18	0	0	-1	0	0	-1	0
c10370	0	-1	27	0	12	0	-1	-1	44	-1	0	0	48	0	-1	0	-1	50	-1	24	0	47	-1	12	27	-1	0	0	16	0
c10378	0	0	0	0	12	-1	0	0	44	16	0	0	48	14	6	33	-1	50	-1	0	-1	47	0	12	0	-1	0	0	-1	0
c10386	0	13	35	22	12	46	-1	0	-1	-1	-1	0	48	-1	0	0	-1	-1	-1	-1	0	47	0	12	24	-1	0	0	16	0
c10418	-1	0	-1	0	0	0	0	0	25	-1	0	0	0	0	-1	41	-1	0	0	0	0	48	20	0	0	18	0	13	-1	25
c10421	29	-1	9	0	0	0	0	-1	25	0	-1	0	0	-1	-1	0	13	0	7	-1	0	0	20	0	0	13	-1	44	-1	40
c10434	0	-1	-1	0	12	0	47	0	44	-1	0	-1	-1	34	20	0	-1	50	-1	0	0	47	0	12	0	-1	-1	0	16	0
c10446	-1	0	0	0	12	0	0	-1	44	16	0	-1	48	-1	6	-1	-1	50	-1	0	25	-1	9	12	0	-1	0	0	16	-1
c10456	0	0	0	25	12	0	0	0	0	7	0	0	25	0	0	-1	-1	0	24	0	-1	47	15	19	0	-1	0	0	16	0
c10474	-1	0	-1	-1	0	24	0	0	25	0	27	0	24	-1	-1	0	-1	0	0	-1	0	-1	-1	-1	0	13	-1	-1	0	40
c10527	0	0	33	-1	12	0	-1	-1	1	47	-1	-1	27	20	-1	0	-1	50	41	-1	0	47	50	18	39	47	0	-1	16	35
c10555	0	0	-1	0	12	-1	0	24	0	7	3	3	25	0	-1	-1	-1	-1	0	33	0	-1	9	0	0	47	0	25	-1	0
c10559	22	0	0	-1	12	-1	0	0	44	-1	-1	29	-1	43	-1	25	-1	50	-1	0	0	47	9	12	4	-1	0	0	16	-1
c10579	0	5	42	4	12	9	44	0	0	0	0	-1	25	-1	0	-1	-1	0	44	-1	0	47	-1	0	-1	-1	0	-1	16	47
c10592	0	0	0	0	12	-1	0	0	33	47	0	22	-1	-1	-1	0	-1	50	0	0	0	47	-1	0	0	-1	0	44	16	35
c10593	-1	-1	-1	0	-1	0	0	0	33	47	0	22	27	4	0	0	-1	50	0	0	0	47	0	0	0	-1	0	44	16	-1
c10604	0	0	0	0	1	0	25	0	0	25	0	-1	24	0	-1	-1	3	-1	0	0	14	15	-1	-1	0	7	4	0	40	44
c10620	0	0	0	0	0	0	-1	0	25	7	-1	0	4	0	-1	15	13	0	-1	-1	0	0	20	0	0	13	-1	0	0	40
c10633	24	0	0	-1	0	0	0	0	25	0	13	33	0	0	-1	0	13	0	0	-1	0	0	20	0	0	-1	0	-1	0	0
c10654	0	0	-1	40	12	0	0	33	44	-1	25	0	-1	0	0	35	-1	-1	-1	0	0	47	0	12	44	-1	0	0	-1	0
c10656	0	24	-1	-1	15	0	48	29	0	25	7	0	24	20	-1	0	0	0	0	-1	-1	0	2	0	0	7	4	-1	-1	-1
c10690	0	0	0	-1	12	0	-1	-1	44	-1	0	0	48	-1	-1	-1	-1	50	-1	26	0	47	-1	12	0	-1	0	0	16	0
c10693	-1	0	0	-1	-1	0	0	-1	-1	-1	0	0	27	0	0	0	-1	50	0	0	0	47	0	-1	-1	-1	0	0	16	35
c10696	0	0	0	13	0	-1	-1	0	25	0	-1	-1	0	0	-1	-1	-1	0	0	33	0	0	20	0	0	13	-1	0	0	40
c10701	-1	0	2	0	-1	-1	-1	0	13	-1	-1	0	3	0	0	29	-1	-1	-1	0	43	-1	0	0	44	-1	-1	0	16	0
c10703	0	0	40	0	20	-1	1	0	0	25	-1	0	24	17	-1	0	0	0	0	0	0	0	20	14	0	7	4	6	-1	0
c10712	0	0	-1	-1	-1	0	9	0	44	0	0	0	48	-1	0	-1	-1	50	-1	0	-1	47	0	12	-1	-1	0	0	16	0
c10724	-1	0	0	0	12	0	7	0	44	0	0	0	48	0	0	48	-1	50	-1	0	0	-1	0	12	0	-1	-1	-1	16	14
c10729	47	-1	0	-1	12	0	0	-1	3	0	22	0	0	40	0	0	-1	50	39	4	0	47	-1	-1	-1	47	43	0	16	24
c10739	0	0	40	0	20	0	-1	0	-1	25	7	0	24	0	-1	0	0	0	-1	-1	0	0	0	0	-1	7	4	0	0	0
c10742	0	0	42	0	12	-1	-1	0	29	4	0	-1	25	24	0	0	-1	-1	44	0	0	47	0	0	17	47	-1	4	16	14
c10744	0	0	0	-1	12	-1	0	0	0	-1	0	-1	25	0	0	-1	-1	0	0	0	0	47	0	0	0	-1	2	-1	16	-1
c10760	39	47	-1	0	-1	-1	0	-1	25	0	33	-1	0	0	-1	0	-1	-1	0	-1	-1	0	20	-1	-1	-1	0	0	0	0
c10798	0	0	0	0	-1	0	-1	0	0	47	0	-1	27	20	0	0	-1	-1	-1	0	0	-1	47	0	-1	-1	50	40	16	35
c10801	0	0	22	0	-1	0	0	-1	-1	7	0	3	25	0	0	-1	-1	0	0	43	0	47	9	0	0	47	0	0	16	-1
c10805	0	13	-1	0	12	24	0	24	0	7	50	0	25	0	0	0	-1	0	-1	-1	0	47	0	0	0	47	0	-1	16	0
c10826	0	-1	0	0	12	0	-1	33	44	0	25	-1	48	18	20	-1	-1	-1	-1	0	-1	47	0	12	0	-1	0	-1	16	0
c10847	0	0	0	-1	-1	0	2	25	44	7	0	-1	25	46	0	-1	-1	0	0	0	-1	47	-1	4	0	-1	0	24	16	0
c10871	-1	0	0	-1	12	0	-1	0	3	0	22	0	0	-1	0	24	-1	-1	39	4	0	47	0	-1	27	47	-1	-1	16	7
c10874	17	0	-1	0	0	0	0	0	25	0	0	0	42	0	-1	0	-1	27	0	0	6	0	20	0	0	0	-1	0	0	0
c10878	0	0	0	0	0	0	0	4	-1	1	27	0	25	0	-1	15	13	0	24	0	0	0	20	0	0	13	-1	0	0	40
c10879	0	0	0	0	0	0	0	4	25	1	27	0	25	0	-1	15	13	0	-1	0	0	0	-1	-1	-1	13	-1	0	0	40
c10896	39	0	0	30	12	0	0	-1	0	7	-1	-1	-1	-1	0	-1	-1	0	-1	0	0	47	0	0	44	-1	0	0	16	7
c10906	0	0	13	0	-1	0	0	-1	0	7	7	-1	25	0	0	-1	-1	-1	0	-1	0	47	0	0	-1	-1	7	0	16	0
c10908	-1	-1	-1	-1	-1	24	0	0	25	7	0	0	0	0	-1	-1	13	0	0	22	0	0	20	48	8	0	0	0	-1	40
c10923	0	0	20	2	12	0	0	0	44	17	9	-1	48	0	0	-1	-1	50	-1	0	0	47	0	12	0	-1	0	0	16	0
c10933	0	0	0	0	12	39	47	0	44	-1	0	0	48	34	-1	0	-1	50	-1	-1	0	47	0	12	0	-1	0	0	16	0
c10934	19	0	27	0	12	0	-1	0	-1	-1	0	0	48	0	-1	0	-1	50	-1	-1	0	-1	9	12	0	-1	-1	-1	16	27
c10937	-1	0	1	50	-1	-1	-1	0	0	-1	0	-1	-1	0	29	19	-1	50	-1	17	0	47	18	0	4	-1	0	0	16	0
c10947	-1	-1	9	0	0	0	0	0	25	0	27	0	0	0	-1	0	-1	0	7	0	0	0	-1	0	0	-1	-1	-1	0	-1
c10960	-1	-1	0	0	0	0	0	-1	25	-1	27	-1	25	0	-1	15	13	-1	24	0	-1	-1	20	-1	0	13	-1	0	0	40
c10976	-1	0	7	-1	-1	0	0	38	-1	0	-1	0	0	9	0	-1	-1	-1	39	4	0	-1	22	-1	-1	47	0	24	16	0
c10978	47	-1	0	-1	12	-1	0	0	3	0	-1	-1	-1	0	0	0	-1	50	39	-1	0	47	0	-1	0	47	-1	0	16	0
c10998	20	0	13	-1	12	0	-1	9	25	-1	0	0	0	0	-1	0	13	0	48	-1	0	0	20	48	15	0	-1	0	-1	40
c11003	22	0	0	7	12	0	0	-1	-1	-1	-1	29	48	0	-1	25	-1	50	-1	0	-1	47	9	12	4	-1	-1	0	16	0
c11014	39	47	0	0	21	15	-1	-1	25	0	0	-1	0	0	-1	0	13	0	-1	5	0	0	-1	38	18	-1	0	0	0	-1
c11028	0	0	0	0	12	0	0	24	0	-1	-1	3	25	0	0	-1	-1	0	0	0	0	47	9	0	-1	47	0	0	-1	0
c11030	0	0	17	-1	12	-1	0	25	0	7	0	-1	25	0	50	-1	-1	0	0	0	18	-1	0	0	-1	-1	-1	0	16	0
c11036	0	9	0	-1	-1	0	0	33	44	43	-1	0	48	0	0	35	-1	50	-1	-1	0	47	0	12	0	-1	0	-1	16	0
c11047	39	0	0	0	0	15	0	-1	-1	0	0	-1	-1	3	-1	5	13	41	0	0	0	0	-1	0	0	-1	-1	-1	0	0
c11067	0	0	0	0	12	0	0	0	-1	-1	0	-1	48	34	0	0	-1	50	-1	24	0	-1	0	12	0	-1	0	-1	16	0
c11077	0	-1	0	48	0	0	-1	0	-1	0	0	44	33	0	-1	0	13	-1	-1	0	-1	1	20	0	-1	-1	0	33	40	-1
c11092	34	0	-1	0	12	9	44	-1	0	0	-1	-1	-1	0	0	27	-1	-1	44	-1	0	47	-1	-1	-1	47	0	4	16	0
c11097	0	-1	-1	0	20	0	15	-1	0	25	7	0	24	15	-1	6	0	0	0	0	0	0	0	0	0	7	4	0	0	0
c11110	20	25	0	0	12	0	0	29	-1	47	0	1	0	-1	-1	9	-1	50	0	24	0	-1	0	10	0	47	40	0	16	0
c11117	0	0	0	27	43	0	0	0	-1	0	30	-1	0	0	-1	0	0	0	46	0	0	0	0	0	30	0	-1	0	0	0
c11122	0	-1	0	0	12	17	-1	0	44	0	0	0	48	0	0	10	-1	50	-1	0	44	47	0	12	-1	-1	0	0	16	44
c11123	0	48	0	0	12	17	0	0	44	0	0	0	48	0	-1	10	-1	50	-1	0	0	47	0	12	-1	-1	0	0	16	44
c11162	0	0	-1	0	-1	47	0	0	25	0	-1	0	-1	-1	-1	0	13	-1	0	0	40	18	20	0	0	27	0	-1	0	0
c11163	-1	0	25	-1	17	47	0	-1	25	0	0	0	0	-1	-1	-1	13	26	0	0	40	18	20	0	0	-1	0	-1	-1	0
c11173	0	0	0	35	27	0	-1	0	25	0	27	0	24	0	-1	0	-1	0	-1	-1	-1	0	20	-1	0	13	-1	-1	0	40
c11190	0	0	0	30	12	0	0	-1	0	7	-1	-1	25	-1	0	-1	-1	0	0	0	-1	47	0	0	0	-1	0	48	16	7
c11211	0	0	-1	0	12	0	0	-1	0	7	3	3	25	0	0	-1	-1	0	0	-1	0	47	9	-1	0	-1	0	-1	-1	0
c11221	29	24	1	0	-1	-1	30	0	0	-1	-1	0	1	0	29	14	-1	-1	-1	17	5	47	0	0	0	-1	0	-1	16	0
c11237	-1	29	0	0	0	0	9	-1	25	0	0	0	0	-1	-1	-1	13	-1	-1	0	0	0	20	0	-1	0	0	0	0	0
c11253	0	0	0	0	12	0	0	27	44	-1	0	0	-1	0	-1	-1	-1	50	-1	27	0	47	9	12	0	-1	39	31	16	0
c11258	0	31	0	0	12	0	0	47	-1	7	43	9	25	-1	0	-1	-1	0	0	-1	0	47	-1	0	20	-1	34	0	16	0
c11264	0	0	0	2	12	0	0	0	0	47	-1	-1	-1	43	0	0	-1	50	0	0	0	47	0	-1	-1	47	0	0	16	35
c11276	0	0	0	0	0	48	-1	0	-1	22	-1	-1	0	-1	-1	0	13	0	0	48	-1	0	20	0	0	13	-1	0	-1	40
c11298	-1	0	0	0	-1	0	0	0	25	0	-1	0	0	7	-1	0	13	4	-1	-1	0	0	20	20	0	0	-1	-1	0	40
c11299	2	0	-1	0	-1	0	-1	0	25	0	0	0	0	7	-1	-1	13	-1	-1	-1	0	-1	-1	20	0	0	0	0	0	40
c11305	39	0	-1	-1	9	15	0	29	-1	0	0	-1	1	0	-1	-1	13	0	33	0	0	19	20	0	0	-1	0	0	0	0
c11367	20	-1	3	-1	40	22	-1	-1	25	0	0	0	-1	-1	-1	0	13	0	0	0	0	30	20	48	0	-1	-1	-1	0	40
c11375	20	13	-1	0	0	0	0	9	25	29	0	14	33	0	-1	0	13	0	0	0	0	0	-1	48	0	-1	0	0	-1	40
c11382	0	-1	0	-1	12	-1	0	0	44	0	0	0	-1	0	-1	-1	-1	50	-1	0	-1	-1	-1	12	0	-1	-1	0	16	0
c11392	0	0	0	-1	-1	24	0	13	44	0	25	24	48	1	0	0	-1	50	-1	47	-1	47	0	12	0	-1	0	0	-1	3
c11399	40	0	5	0	12	34	0	0	0	-1	0	-1	25	0	0	-1	-1	39	-1	0	20	-1	0	0	-1	-1	0	-1	16	0
c11402	0	3	-1	4	12	-1	5	0	44	0	0	0	48	0	40	0	-1	50	-1	0	0	47	-1	12	-1	-1	0	0	16	0
c11472	4	0	24	-1	12	-1	25	-1	0	7	0	0	25	0	0	-1	-1	0	-1	0	15	47	27	-1	0	-1	0	0	16	0
c11476	34	0	42	-1	12	9	44	0	0	0	0	0	-1	-1	0	0	-1	-1	-1	-1	0	47	-1	47	2	-1	0	4	-1	0
c11478	-1	0	0	0	12	0	0	0	44	-1	0	0	48	0	-1	0	-1	50	-1	24	0	47	9	12	27	-1	-1	0	16	-1
c11483	0	-1	0	30	12	20	0	-1	0	7	5	0	-1	17	0	-1	-1	0	13	0	29	47	0	0	0	-1	14	0	16	-1
c11487	0	31	40	0	12	0	5	47	-1	7	0	9	25	0	47	-1	-1	0	0	0	1	47	-1	-1	44	-1	0	0	-1	-1
c11544	20	0	6	0	35	0	0	-1	25	0	0	0	0	-1	-1	0	13	3	-1	0	0	0	20	0	0	0	4	0	0	4
c11548	-1	0	0	-1	0	15	0	-1	25	48	0	40	1	9	-1	0	-1	0	33	0	0	19	20	0	0	-1	-1	0	-1	0
c11549	-1	0	0	22	-1	15	0	-1	25	-1	0	-1	1	9	-1	-1	13	0	33	0	0	19	20	0	0	-1	0	0	0	0
c11559	0	13	0	0	0	-1	0	0	25	-1	0	-1	0	0	-1	41	13	45	0	0	0	48	20	0	0	18	0	13	0	0
c11571	-1	0	-1	0	0	0	0	0	25	-1	-1	-1	0	0	-1	41	13	0	0	0	0	48	20	0	-1	-1	0	-1	-1	25
c11572	0	0	-1	7	0	0	0	-1	25	-1	0	0	13	0	-1	-1	7	20	0	0	0	0	47	0	30	-1	0	43	39	0
c11578	-1	0	0	44	12	-1	-1	0	-1	7	0	0	25	12	-1	-1	-1	18	-1	12	24	47	-1	0	-1	-1	0	-1	16	0
c11598	0	0	-1	0	-1	-1	0	24	0	7	0	3	25	-1	0	5	-1	0	-1	-1	-1	47	-1	0	40	47	0	0	-1	0
c11636	29	-1	0	0	0	0	0	0	25	24	27	-1	0	-1	-1	-1	-1	0	0	29	-1	0	20	0	0	13	-1	0	0	40
c11650	0	-1	-1	0	12	-1	30	0	0	18	-1	0	1	0	29	0	-1	-1	-1	17	0	47	0	0	0	-1	-1	0	16	0
c11657	39	0	0	22	0	-1	0	-1	25	0	40	0	1	-1	-1	0	13	0	-1	0	-1	-1	20	-1	24	-1	0	-1	0	4
c11658	-1	0	40	0	19	0	-1	28	0	25	7	-1	24	13	-1	-1	0	13	5	0	0	9	0	0	0	7	-1	-1	0	-1
c11689	0	-1	0	0	12	0	-1	-1	0	47	47	33	-1	20	0	-1	-1	50	0	0	0	47	0	0	0	47	0	40	16	35
c11710	-1	0	-1	-1	9	15	0	-1	25	0	-1	0	1	0	-1	13	13	0	33	0	-1	19	20	0	0	-1	0	-1	0	0
c11748	0	0	0	-1	12	0	0	24	0	7	0	3	25	0	0	0	-1	0	0	43	0	47	9	0	0	-1	0	0	16	0
c11774	0	0	0	27	12	0	0	0	-1	-1	0	-1	-1	0	0	-1	-1	50	-1	-1	0	47	0	12	0	-1	0	0	16	0
c11781	-1	0	-1	15	47	0	1	0	25	-1	39	0	25	0	-1	-1	13	0	0	0	0	0	-1	48	0	0	-1	9	0	-1
c11782	-1	3	0	-1	0	-1	0	0	25	-1	0	-1	0	0	-1	0	13	0	29	22	0	0	20	48	8	25	0	0	0	40
c11794	39	0	40	0	-1	15	0	29	25	30	0	0	0	3	-1	5	13	0	-1	0	0	-1	20	0	-1	-1	-1	29	0	-1
c11806	0	-1	-1	48	12	-1	-1	0	0	0	-1	0	1	0	29	0	-1	50	-1	-1	15	-1	-1	0	43	-1	0	0	16	0
c11809	0	0	-1	-1	-1	0	0	33	44	0	25	0	48	18	0	35	-1	50	-1	0	0	47	0	12	0	-1	0	48	16	0
c11836	0	0	-1	0	0	-1	0	0	25	0	27	0	-1	0	-1	0	-1	0	0	-1	0	0	20	-1	0	-1	-1	11	13	40
c11863	0	4	0	6	0	-1	14	47	25	43	27	0	4	0	-1	-1	-1	0	0	-1	0	0	20	0	-1	13	-1	0	-1	-1
c11884	0	9	42	30	12	9	44	0	-1	4	0	0	25	4	-1	-1	-1	25	44	-1	0	47	-1	0	-1	-1	0	4	16	14
c11897	0	-1	42	-1	12	9	44	-1	0	0	0	0	25	-1	0	-1	-1	0	44	-1	-1	47	-1	-1	-1	47	0	4	16	47
c11914	0	-1	0	-1	12	-1	9	0	44	-1	0	0	48	0	0	10	-1	50	-1	0	0	47	0	12	-1	-1	0	0	16	0
c11919	0	48	0	-1	12	0	0	7	0	47	0	43	0	0	-1	9	-1	-1	0	24	0	47	0	0	20	47	20	14	16	-1
c11922	20	0	48	0	0	-1	-1	0	25	0	0	0	-1	2	-1	0	-1	0	0	17	0	0	20	48	0	-1	0	0	27	-1
c11926	0	0	44	20	-1	0	4	-1	0	7	0	48	25	0	0	-1	-1	0	0	-1	-1	47	0	-1	0	-1	0	0	16	-1
c11946	-1	-1	0	-1	12	0	0	-1	-1	7	44	0	-1	0	0	-1	-1	0	-1	0	0	47	0	0	0	-1	2	-1	16	0
c11974	-1	0	7	-1	-1	-1	0	38	-1	0	-1	0	0	-1	0	0	-1	50	39	4	-1	47	-1	-1	19	47	0	0	16	0
c11976	0	0	0	0	12	48	0	24	-1	-1	0	0	48	0	-1	0	-1	50	-1	0	0	47	9	12	27	-1	18	0	16	0
c11978	0	-1	0	0	12	25	-1	0	0	7	0	-1	25	0	0	-1	-1	0	1	0	0	47	15	0	0	-1	0	0	16	0
c11981	0	0	0	0	12	0	47	0	44	-1	0	0	48	34	20	0	-1	50	-1	-1	0	47	0	12	0	-1	0	0	16	0
c12003	0	0	-1	0	12	0	-1	13	-1	-1	0	44	25	48	-1	-1	-1	0	31	0	0	47	5	0	25	-1	25	40	-1	13
c12016	20	0	47	39	0	-1	25	-1	25	0	0	24	25	20	-1	0	13	0	0	0	0	0	20	48	-1	0	0	0	-1	40
c12020	-1	-1	0	-1	12	0	0	0	3	0	22	45	0	0	0	0	-1	50	39	4	-1	47	29	-1	0	-1	0	-1	16	0
c12022	20	0	13	0	0	0	-1	-1	-1	-1	-1	0	0	0	-1	0	13	-1	48	0	0	45	20	48	0	-1	0	24	0	40
c12024	0	-1	0	0	14	-1	0	0	25	0	0	35	0	0	-1	0	-1	24	0	0	40	0	20	0	0	0	-1	0	0	0
c12028	0	0	0	0	-1	0	-1	0	25	0	27	0	40	43	-1	0	-1	-1	0	0	-1	0	20	-1	7	13	-1	47	24	40
c12029	0	0	0	0	0	0	0	0	25	0	27	0	40	43	-1	-1	13	-1	0	-1	-1	0	20	40	7	13	-1	-1	0	-1
c12039	-1	0	0	0	12	0	5	0	44	0	24	0	-1	0	48	-1	-1	50	-1	-1	0	47	-1	-1	0	-1	0	0	16	-1
c12051	20	0	4	0	0	0	0	0	-1	-1	0	48	0	24	-1	0	13	22	-1	0	-1	0	20	-1	-1	0	-1	-1	-1	40
c12058	-1	0	-1	0	-1	-1	0	0	0	-1	0	0	-1	40	0	-1	-1	0	0	0	0	47	40	0	-1	-1	0	-1	16	0
c12059	-1	0	0	0	12	-1	0	0	-1	7	0	0	-1	40	-1	-1	-1	0	0	-1	0	47	40	0	0	-1	0	0	16	0
c12072	-1	0	0	0	12	0	0	-1	-1	7	0	0	25	-1	0	-1	-1	0	-1	0	0	47	18	0	-1	-1	0	0	16	20
c12073	43	0	0	0	12	0	0	-1	0	7	0	0	25	0	0	-1	-1	0	0	0	0	-1	18	0	25	-1	0	0	16	20
c12096	-1	0	0	0	0	-1	48	0	25	-1	17	0	0	0	-1	41	13	0	0	0	0	0	20	0	0	18	0	-1	0	-1
c12133	0	0	2	0	12	-1	0	44	13	24	-1	0	3	0	0	13	-1	50	-1	-1	0	-1	0	0	44	-1	0	0	-1	0
c12136	0	0	42	0	-1	9	-1	1	29	0	0	6	25	0	-1	-1	-1	25	44	0	0	47	0	0	17	47	0	4	16	14
c12146	0	-1	42	0	12	-1	44	0	-1	0	0	6	25	0	0	0	-1	25	44	0	0	47	0	-1	17	47	0	4	16	14
c12173	-1	29	0	0	14	0	0	0	25	0	0	35	0	0	-1	0	-1	24	0	-1	40	0	20	0	0	0	0	-1	0	0
c12179	29	-1	9	0	0	0	0	0	25	0	27	0	0	0	-1	0	13	-1	7	-1	0	0	20	0	0	13	-1	-1	0	40
c12202	0	26	42	0	12	9	44	-1	0	31	0	0	25	4	-1	0	-1	0	44	0	0	47	-1	0	-1	47	-1	4	16	0
c12225	0	0	0	0	12	0	3	-1	0	47	-1	27	27	0	0	0	-1	50	0	0	-1	47	36	48	0	47	20	0	16	-1
c12233	50	-1	13	13	4	0	0	0	25	0	14	19	0	-1	-1	0	13	0	0	0	0	0	20	-1	25	0	5	44	-1	0
c12243	0	0	0	0	-1	-1	39	-1	33	24	0	48	0	0	0	0	-1	50	-1	25	0	-1	-1	0	0	-1	39	48	-1	0
c12245	0	0	0	13	13	-1	-1	0	25	0	27	-1	0	0	-1	0	-1	0	0	0	-1	48	20	0	0	13	-1	0	0	40
c12264	0	0	0	0	12	0	1	13	0	7	-1	0	-1	0	44	-1	-1	0	0	0	44	47	39	0	25	-1	0	0	16	0
c12269	0	0	2	0	27	0	-1	0	25	-1	27	-1	24	0	-1	0	-1	0	0	0	0	0	20	0	-1	13	-1	-1	33	40
c12277	-1	24	0	0	-1	24	-1	0	-1	0	0	0	0	0	-1	43	13	0	25	0	0	0	20	14	0	0	0	-1	-1	0
c12285	47	20	0	-1	0	-1	0	0	25	-1	27	0	-1	0	-1	0	13	-1	0	-1	-1	0	20	40	7	13	-1	47	0	40
c12293	0	0	40	-1	20	0	1	0	0	25	7	-1	24	17	-1	0	0	0	0	0	0	0	-1	14	0	7	-1	6	0	-1
c12299	47	12	-1	0	12	-1	0	0	0	47	22	43	14	0	-1	9	-1	50	0	-1	0	47	-1	0	20	47	0	14	16	0
c12300	0	0	7	13	-1	0	43	0	0	47	0	-1	27	0	-1	0	-1	50	-1	0	0	47	0	-1	0	47	0	0	-1	35
c12304	0	-1	1	0	12	0	0	33	44	44	-1	0	48	0	-1	35	-1	50	-1	-1	0	47	0	12	0	-1	0	0	16	0
c12321	43	0	0	0	12	0	0	18	0	7	-1	-1	-1	0	0	-1	-1	-1	25	0	0	47	0	0	0	-1	0	0	16	0
c12350	0	0	0	0	12	-1	-1	0	-1	-1	0	0	48	-1	-1	0	-1	-1	-1	0	-1	47	0	12	-1	-1	0	0	16	0
c12355	0	0	40	43	20	0	0	-1	0	25	-1	0	24	-1	-1	5	0	0	0	0	48	24	0	0	20	7	4	0	3	0
c12356	-1	0	0	0	12	-1	0	0	0	7	0	0	-1	0	-1	-1	-1	9	0	0	-1	47	0	0	47	-1	0	0	-1	0
c12361	0	0	-1	0	12	0	46	0	44	16	19	0	48	14	6	33	-1	-1	-1	0	25	47	0	12	0	-1	0	0	16	1
c12368	24	-1	0	0	12	-1	0	0	-1	47	0	0	-1	0	0	0	-1	50	45	0	0	47	0	0	29	47	-1	0	16	35
c12409	0	0	17	-1	12	24	0	25	0	7	43	0	25	-1	0	-1	-1	0	-1	0	-1	47	-1	-1	0	-1	-1	-1	16	0
c12414	40	0	5	-1	12	34	0	0	0	7	0	20	25	-1	0	-1	-1	39	-1	0	20	47	0	-1	-1	-1	0	0	16	0
c12423	-1	0	0	0	-1	0	0	0	20	47	0	-1	27	0	0	-1	-1	50	-1	0	-1	47	0	0	0	47	0	-1	-1	-1
c12428	0	-1	0	0	12	0	0	-1	0	7	48	0	25	0	0	-1	-1	0	-1	0	20	47	0	0	-1	-1	0	0	16	47
c12429	0	-1	-1	-1	-1	0	0	1	0	7	48	0	25	-1	0	-1	-1	0	-1	0	20	-1	-1	0	-1	-1	0	0	16	47
c12444	47	-1	40	0	12	0	-1	-1	0	0	22	26	0	8	0	-1	-1	50	-1	4	0	47	0	-1	0	47	0	-1	16	25
c12461	0	0	0	33	12	0	0	25	9	47	0	0	27	0	0	-1	-1	50	0	-1	0	-1	-1	0	20	47	0	0	16	-1
c12462	0	0	0	30	12	0	-1	-1	-1	7	5	-1	-1	17	0	-1	-1	7	13	-1	29	47	20	0	0	-1	14	-1	16	-1
c12474	17	0	-1	0	-1	-1	0	0	25	0	-1	0	-1	0	-1	0	13	27	0	0	6	-1	20	0	0	-1	0	-1	0	-1
c12482	-1	0	9	0	0	-1	-1	0	-1	-1	27	-1	47	0	-1	0	13	0	7	0	0	0	20	-1	16	13	-1	-1	0	40
c12486	21	0	-1	0	12	-1	44	0	-1	0	-1	-1	25	0	0	0	-1	0	44	-1	-1	47	-1	7	0	-1	0	4	16	43
c12489	0	0	-1	7	0	-1	7	-1	-1	0	19	0	0	0	-1	-1	7	0	0	0	0	-1	0	0	30	0	0	0	0	-1
c12491	-1	0	0	0	12	0	0	0	44	-1	0	0	-1	34	0	-1	-1	-1	-1	0	1	47	0	12	0	-1	-1	0	16	0
c12492	15	0	0	0	0	0	-1	0	0	25	0	-1	24	18	-1	-1	0	0	24	12	0	0	0	2	0	7	4	27	0	0
c12510	0	34	48	0	12	0	7	0	0	47	0	1	0	0	-1	9	-1	-1	0	24	0	47	40	0	0	47	47	0	16	0
c12524	39	0	0	0	0	15	-1	-1	-1	-1	0	0	0	3	-1	5	13	41	0	0	0	0	20	0	0	-1	-1	0	0	0
c12536	43	-1	0	0	12	0	29	-1	0	7	-1	0	25	0	0	-1	-1	-1	0	0	13	47	18	-1	25	-1	0	0	16	20
c12537	43	-1	0	0	12	-1	29	-1	0	7	0	0	25	0	47	-1	-1	-1	0	0	13	47	18	0	25	-1	-1	0	16	-1
c12539	0	0	0	0	12	0	-1	0	-1	-1	0	0	48	-1	-1	0	-1	50	-1	0	-1	47	34	12	0	-1	-1	0	16	-1
c12550	-1	0	9	0	0	0	0	13	25	0	27	0	0	0	-1	0	13	0	7	0	0	0	-1	0	0	-1	-1	0	-1	40
c12553	0	0	0	0	0	0	43	44	25	0	27	0	0	0	-1	15	13	20	0	0	0	-1	-1	47	0	13	-1	0	0	40
c12560	0	-1	40	-1	20	0	-1	-1	0	-1	7	0	24	17	-1	0	0	0	-1	0	0	0	20	14	0	7	4	6	-1	0
c12561	0	0	40	-1	20	-1	1	-1	0	25	7	-1	24	17	-1	0	0	0	-1	-1	0	0	20	14	-1	7	4	6	0	0
c12565	0	0	0	30	12	0	0	-1	0	7	0	-1	25	9	44	-1	-1	0	-1	7	29	47	0	0	0	-1	0	48	16	7
c12569	40	0	0	12	43	24	0	13	25	13	0	0	0	0	-1	0	13	44	-1	0	0	0	20	-1	-1	1	0	0	0	11
c12574	0	0	0	0	0	0	0	0	0	25	0	0	24	0	-1	0	0	0	0	43	-1	0	0	2	0	7	4	0	0	0
c12585	0	31	17	-1	12	0	0	47	-1	7	43	9	25	0	-1	-1	-1	0	-1	-1	0	-1	-1	0	20	-1	0	0	16	0
c12599	43	-1	0	0	12	0	0	18	0	7	0	0	-1	0	0	-1	-1	0	25	0	0	47	0	-1	0	-1	0	0	16	0
c12622	36	0	-1	-1	1	0	25	0	0	25	0	-1	24	0	-1	0	0	2	0	0	-1	15	-1	0	0	7	4	-1	40	44
c12628	39	0	0	0	0	15	0	-1	25	0	-1	0	4	3	-1	5	13	47	-1	-1	0	0	20	0	0	-1	-1	0	0	-1
c12634	0	0	0	0	-1	0	-1	33	44	0	-1	0	48	-1	0	35	-1	50	-1	-1	-1	47	0	12	0	-1	-1	47	16	0
c12643	-1	0	0	-1	0	0	0	0	-1	0	0	0	0	-1	-1	0	13	0	-1	-1	43	0	20	47	0	-1	-1	0	-1	44
c12674	43	-1	0	-1	12	0	0	-1	0	7	0	0	25	0	0	-1	-1	0	0	0	0	47	18	0	25	-1	0	-1	16	-1
c12680	0	29	0	33	-1	0	0	24	25	47	0	0	0	0	-1	0	13	25	0	0	-1	-1	-1	0	-1	0	0	0	0	0
c12705	47	0	40	-1	12	0	0	-1	3	0	22	0	0	-1	1	20	-1	50	39	-1	25	-1	0	-1	-1	47	0	-1	-1	0
c12719	0	0	0	-1	0	0	-1	-1	25	0	27	0	0	1	-1	0	13	-1	0	-1	0	0	20	0	0	13	-1	-1	0	40
c12726	0	-1	0	0	0	0	0	0	-1	0	27	0	24	0	-1	0	-1	0	0	-1	0	0	20	0	0	-1	-1	0	0	40
c12762	20	0	13	-1	0	0	0	9	25	3	0	-1	0	0	-1	-1	13	0	48	0	0	-1	20	-1	0	9	0	0	0	40
c12763	20	0	13	0	0	0	0	9	25	3	0	-1	-1	0	-1	0	13	0	48	-1	0	0	20	48	0	9	0	0	0	40
c12777	0	0	0	0	12	0	3	-1	0	47	14	27	27	0	-1	0	-1	50	0	0	-1	47	0	48	0	47	20	0	16	35
c12804	20	0	0	0	47	0	0	0	25	-1	0	-1	25	-1	-1	0	13	-1	0	0	0	-1	20	-1	9	35	-1	33	-1	40
c12816	0	14	1	50	12	-1	30	0	0	0	35	33	1	0	29	0	-1	50	-1	-1	25	47	0	0	48	-1	0	-1	-1	-1
c12819	0	-1	20	-1	12	24	0	-1	0	7	0	13	25	0	0	-1	-1	-1	0	0	0	47	0	-1	-1	-1	0	-1	16	0
c12820	0	0	0	0	12	-1	0	0	-1	24	0	48	0	24	0	0	-1	-1	-1	25	29	47	0	0	0	-1	0	0	16	0
c12831	0	0	-1	-1	0	0	-1	4	-1	0	27	0	0	-1	-1	0	13	50	0	9	0	0	20	0	0	13	-1	0	0	40
c12838	0	0	0	13	4	0	0	5	-1	-1	14	19	0	-1	-1	0	13	0	0	0	0	0	20	-1	25	0	5	44	-1	-1
c12841	40	0	0	-1	0	-1	0	0	25	0	2	0	-1	50	-1	-1	13	22	-1	0	0	11	20	0	0	0	0	0	24	44
c12844	17	44	0	0	0	0	0	-1	25	2	-1	-1	-1	3	-1	44	-1	0	0	47	30	0	20	29	0	25	0	-1	0	0
c12845	17	44	0	0	-1	0	0	-1	25	2	-1	-1	-1	3	-1	44	-1	0	0	47	-1	0	20	-1	-1	25	0	0	0	0
c12864	0	0	0	0	12	39	-1	0	44	-1	0	0	48	-1	20	0	-1	50	-1	-1	33	47	0	-1	0	-1	0	0	16	0
c12865	0	0	0	-1	12	39	47	0	44	-1	-1	0	-1	34	-1	0	-1	50	-1	0	33	-1	0	12	0	-1	0	-1	-1	0
c12872	0	0	40	0	20	0	1	0	0	25	7	0	24	17	-1	0	0	0	0	0	0	0	0	0	0	7	4	6	0	-1
c12875	-1	0	0	0	12	0	-1	25	44	7	0	0	-1	0	0	-1	-1	0	11	0	13	47	0	4	0	-1	0	-1	-1	40
c12912	0	0	0	0	12	-1	0	13	48	-1	0	0	25	0	0	-1	-1	0	0	-1	0	47	4	-1	25	-1	27	0	16	-1
c12943	47	0	-1	-1	12	33	0	0	-1	-1	22	0	0	-1	0	0	-1	50	39	-1	0	-1	0	-1	0	47	-1	0	16	0
c12947	0	-1	-1	-1	12	0	0	24	0	7	3	3	25	0	-1	0	-1	-1	0	33	0	47	9	0	0	-1	0	0	16	-1
c12953	47	-1	-1	0	-1	0	0	0	0	0	22	26	0	0	-1	-1	-1	50	-1	4	-1	47	0	-1	0	47	0	-1	16	25
c12956	0	0	-1	0	0	0	0	0	25	0	27	11	-1	0	-1	15	13	0	0	0	0	0	20	0	0	13	-1	-1	0	40
c12971	0	0	-1	0	-1	0	0	0	25	-1	0	0	0	0	-1	41	-1	25	0	0	0	0	20	39	0	-1	-1	0	0	0
c12972	0	0	0	0	12	0	-1	0	44	16	0	0	48	14	6	33	-1	50	-1	12	25	47	0	-1	0	-1	-1	0	16	-1
c12979	0	0	-1	0	12	0	39	-1	0	7	-1	0	25	0	0	-1	-1	0	0	40	0	47	0	9	43	-1	43	0	16	-1
c12986	0	0	0	0	-1	0	-1	0	25	0	27	0	0	0	-1	0	-1	-1	-1	0	0	-1	20	0	0	13	-1	0	0	40
c12995	20	18	0	0	-1	-1	0	-1	25	0	0	0	25	1	-1	0	13	-1	0	-1	0	-1	20	-1	9	35	-1	33	0	40
c12998	-1	21	-1	0	12	0	48	25	20	47	46	0	27	0	0	0	-1	50	0	0	0	47	0	-1	0	-1	-1	0	16	-1
c13002	-1	0	0	0	-1	0	2	0	0	-1	0	48	40	24	2	0	-1	50	-1	25	0	47	0	0	0	-1	0	6	16	0
c13007	0	0	0	0	-1	0	-1	0	25	0	27	0	0	0	-1	-1	13	0	33	0	0	0	20	-1	0	13	-1	0	0	-1
c13009	0	0	0	-1	0	0	-1	-1	25	0	27	0	0	0	-1	0	13	-1	0	-1	0	0	20	0	13	13	-1	0	0	40
c13031	-1	5	0	0	35	-1	0	33	25	0	0	0	0	-1	-1	-1	-1	47	50	0	0	0	20	0	-1	0	-1	-1	0	-1
c13041	39	0	0	22	0	15	0	29	25	0	40	17	1	24	-1	0	13	0	-1	0	0	19	20	0	24	-1	-1	0	-1	4
c13044	0	0	-1	0	25	0	0	47	-1	43	27	5	0	0	-1	0	-1	-1	0	-1	0	0	20	0	-1	13	-1	0	0	40
c13058	0	-1	0	0	0	0	0	0	25	0	27	0	0	0	-1	-1	13	-1	0	-1	0	33	20	-1	47	13	-1	-1	-1	40
c13062	15	0	0	0	12	-1	-1	2	48	7	-1	-1	-1	-1	0	-1	-1	0	0	0	-1	-1	0	-1	0	-1	0	-1	-1	-1
c13068	-1	13	0	0	0	0	-1	0	25	-1	0	0	0	0	-1	41	13	-1	0	0	0	48	20	0	0	18	0	13	-1	-1
c13072	0	0	42	0	12	-1	44	-1	0	0	-1	-1	25	0	0	0	-1	-1	-1	0	0	47	-1	-1	2	47	0	-1	-1	0
c13079	0	-1	40	0	20	0	-1	13	-1	-1	7	0	24	-1	-1	-1	-1	0	-1	0	0	0	-1	0	0	7	4	0	0	0
c13080	-1	0	0	0	12	0	-1	0	-1	-1	0	0	48	0	-1	10	-1	50	-1	0	-1	47	0	12	0	-1	0	0	-1	0
c13081	0	0	-1	-1	-1	0	0	0	44	0	0	0	48	0	0	10	-1	50	-1	0	0	47	0	12	0	-1	0	0	16	-1
c13083	48	0	0	0	12	-1	3	-1	17	47	-1	27	-1	0	-1	0	-1	50	-1	0	0	-1	27	48	-1	47	20	0	-1	-1
c13089	-1	29	0	0	0	-1	40	-1	25	0	-1	0	0	0	-1	0	13	0	0	0	0	0	20	0	0	-1	0	0	0	0
c13103	20	13	13	0	0	0	0	9	25	-1	-1	14	33	0	-1	0	13	0	0	0	0	0	-1	48	-1	0	0	0	0	40
c13105	0	0	0	0	12	0	-1	0	0	47	0	0	27	0	0	9	-1	-1	13	0	-1	47	-1	0	-1	47	0	34	16	35
c13117	0	13	2	0	12	-1	0	0	13	24	0	0	3	0	-1	0	-1	50	-1	-1	0	-1	9	0	44	-1	0	0	-1	0
c13153	0	-1	0	20	12	7	0	39	0	24	3	11	0	0	0	0	-1	50	-1	0	0	47	0	-1	-1	-1	0	27	16	31
c13158	-1	0	0	0	0	0	47	0	-1	0	-1	0	0	0	-1	0	13	-1	0	0	-1	0	20	40	-1	13	-1	47	0	40
c13159	47	0	0	-1	0	0	47	0	-1	0	-1	0	0	0	-1	0	13	-1	0	0	-1	-1	-1	40	7	13	-1	47	0	40
c13164	17	-1	0	48	-1	0	0	33	44	0	25	13	-1	0	0	0	-1	-1	-1	35	0	47	-1	12	0	-1	-1	0	16	44
c13183	0	44	0	0	-1	0	3	-1	0	-1	0	27	-1	0	-1	0	-1	50	23	0	0	47	0	-1	0	-1	20	0	-1	35
c13197	0	0	30	47	13	-1	0	0	0	-1	7	0	24	0	-1	0	0	0	-1	0	26	4	0	0	0	7	4	-1	0	0
c13237	3	-1	-1	35	0	0	0	47	25	-1	0	12	0	0	-1	-1	13	-1	0	0	0	0	20	0	-1	0	0	18	0	0
c13240	20	0	0	0	-1	13	0	0	-1	-1	0	-1	48	34	-1	0	-1	50	-1	24	0	47	0	12	-1	-1	-1	0	16	0
c13249	-1	2	13	-1	12	0	0	38	3	0	22	0	0	24	0	0	-1	50	39	4	0	47	0	-1	0	47	0	0	-1	-1
c13258	0	0	6	0	12	-1	-1	0	44	-1	0	0	-1	-1	20	0	-1	50	-1	0	0	-1	16	12	0	-1	0	-1	16	0
c13259	0	-1	-1	0	12	-1	0	0	44	-1	0	0	-1	45	20	-1	-1	50	-1	-1	0	47	16	12	-1	-1	0	0	16	0
c13302	-1	0	-1	-1	20	0	0	-1	0	25	7	-1	24	15	-1	6	0	0	0	0	0	-1	0	-1	0	7	4	27	-1	-1
c13317	0	0	0	0	12	0	-1	33	44	0	25	-1	48	0	0	35	-1	50	-1	-1	0	47	-1	12	0	-1	0	0	16	0
c13322	0	20	0	-1	0	0	0	0	25	0	0	0	0	0	-1	0	7	-1	0	0	0	0	0	0	30	-1	0	0	5	0
c13325	-1	0	0	0	0	0	0	0	25	-1	-1	-1	0	0	-1	41	13	-1	44	0	0	48	20	0	0	18	0	-1	13	0
c13328	0	29	0	0	14	0	0	0	25	0	0	35	0	-1	-1	-1	-1	5	0	0	0	0	-1	0	0	0	0	0	-1	0
c13329	0	29	0	0	14	0	-1	0	25	0	0	-1	0	0	-1	0	-1	5	0	0	0	0	20	0	0	0	0	0	0	0
c13334	-1	0	40	43	20	0	0	15	0	25	7	0	-1	0	-1	5	0	43	0	0	-1	0	0	0	20	7	4	0	3	0
c13370	0	-1	0	0	-1	0	0	0	-1	0	27	0	24	0	-1	0	-1	0	0	0	0	0	20	0	-1	13	-1	0	0	-1
c13381	0	17	-1	0	3	-1	0	-1	25	0	13	0	25	0	-1	0	13	0	50	0	-1	0	20	-1	0	0	-1	0	-1	-1
c13394	47	24	0	0	12	0	13	40	0	0	22	0	0	3	0	43	-1	50	-1	4	-1	47	-1	-1	26	47	0	0	16	0
c13399	22	0	1	50	12	-1	30	0	0	-1	0	0	1	0	29	0	-1	50	-1	17	0	47	18	-1	-1	-1	0	11	16	0
c13402	0	0	-1	0	0	-1	5	-1	25	7	-1	0	-1	0	-1	-1	13	0	0	22	0	0	20	48	0	0	0	29	-1	40
c13409	-1	0	0	7	0	0	2	0	-1	-1	19	0	-1	0	-1	-1	7	-1	0	-1	-1	0	0	0	30	0	-1	0	0	0
c13449	0	38	17	0	12	10	-1	25	1	7	0	0	25	0	44	-1	-1	0	-1	0	0	-1	0	0	0	-1	0	0	16	0
c13475	-1	0	0	0	12	0	0	0	0	7	-1	0	-1	-1	34	-1	-1	0	0	0	0	47	-1	0	47	-1	0	0	16	0
c13476	0	-1	0	13	4	48	0	-1	-1	0	14	19	-1	0	-1	-1	13	-1	0	0	0	0	20	0	25	-1	5	44	-1	-1
c13477	0	-1	0	13	4	48	0	-1	25	0	14	19	0	0	-1	0	13	0	0	-1	0	0	-1	0	25	27	5	-1	-1	0
c13505	-1	29	48	0	-1	0	47	0	25	0	3	-1	0	-1	-1	0	13	-1	50	0	-1	0	20	48	0	0	-1	0	0	7
c13516	0	-1	5	2	-1	0	0	0	-1	-1	0	0	48	0	-1	0	-1	50	-1	0	-1	47	9	12	0	-1	0	40	16	0
c13517	0	0	5	2	12	-1	0	-1	44	-1	0	-1	48	-1	-1	0	-1	-1	-1	0	0	47	9	12	0	-1	-1	40	16	-1
c13524	29	48	0	-1	12	0	0	15	44	16	0	0	48	0	0	33	-1	50	-1	0	0	47	0	-1	-1	-1	0	0	-1	0
c13531	0	0	0	30	12	0	0	-1	-1	7	0	18	25	0	0	-1	-1	43	14	-1	29	-1	0	0	3	-1	0	48	16	7
c13534	0	3	0	4	12	0	-1	0	44	0	0	0	-1	0	40	0	-1	50	-1	0	0	-1	0	-1	-1	-1	0	0	16	0
c13562	0	0	0	0	12	0	0	0	20	47	-1	-1	-1	0	0	0	-1	50	0	-1	-1	47	0	-1	0	47	0	0	16	35
c13568	-1	0	44	-1	12	0	4	-1	0	7	0	0	25	0	0	-1	-1	0	0	0	-1	47	-1	0	0	-1	0	0	-1	45
c13571	0	0	0	19	-1	0	0	-1	-1	0	27	-1	-1	0	-1	0	13	-1	-1	-1	-1	0	20	40	7	13	-1	-1	0	40
c13573	0	0	0	0	0	0	43	4	25	-1	27	0	0	0	-1	15	13	0	0	43	0	-1	20	-1	0	-1	-1	0	20	40
c13584	-1	0	0	22	0	15	0	29	25	24	40	0	1	-1	-1	0	-1	0	-1	-1	0	19	-1	0	24	-1	0	0	-1	-1
c13600	0	0	7	0	0	40	0	0	-1	25	0	0	24	0	-1	0	0	12	0	48	0	0	-1	-1	0	7	-1	-1	43	9
c13608	0	-1	0	-1	12	-1	0	33	-1	0	0	-1	48	0	20	0	-1	50	-1	0	0	47	0	12	0	-1	0	-1	16	0
c13619	0	0	0	27	43	-1	0	0	-1	0	30	0	0	-1	-1	-1	0	-1	-1	-1	0	0	0	-1	30	0	0	0	-1	0
c13637	-1	0	0	0	-1	40	-1	0	0	25	-1	0	24	-1	-1	0	-1	12	0	0	0	0	48	0	0	7	4	-1	-1	0
c13640	0	0	13	-1	12	0	0	0	0	7	7	-1	25	0	0	-1	-1	2	0	0	0	47	-1	0	-1	-1	0	-1	16	-1
c13650	47	0	0	0	12	0	0	0	0	0	-1	0	0	0	0	-1	-1	50	39	4	0	-1	-1	-1	0	47	0	0	-1	43
