	0	1	2	3	4	5	6	7	8	9	10	11	12	13	14	15	16	17	18	19	20	21	22	23	24	25	26	27	28	29
c652	-1	0	0	20	-1	-1	0	0	-1	0	6	35	0	-1	-1	0	0	0	0	34	0	0	0	0	-1	0	19	13	0	0
c711	19	1	-1	-1	0	0	-1	0	-1	-1	-1	35	0	20	0	-1	40	47	0	0	-1	-1	0	-1	47	0	-1	0	39	-1
c1232	49	0	0	0	0	0	0	0	12	0	15	35	0	30	-1	0	0	0	0	34	0	0	35	29	12	0	19	0	43	44
c1263	-1	-1	0	48	0	0	23	0	14	0	0	35	0	-1	0	-1	0	0	-1	-1	0	0	-1	-1	13	0	19	13	0	-1
c1299	0	26	0	29	0	20	30	0	0	50	40	0	21	0	0	0	0	0	37	-1	0	3	9	0	18	1	7	1	0	12
c1592	45	0	0	0	33	0	36	-1	0	0	-1	-1	-1	0	0	26	-1	0	0	0	0	26	-1	0	0	0	30	-1	8	0
c1728	0	0	43	26	3	0	-1	26	0	-1	22	0	0	0	0	-1	0	0	-1	0	0	-1	0	-1	0	0	19	0	0	35
c1928	25	0	0	0	0	0	0	11	-1	0	-1	-1	0	-1	0	15	0	0	0	34	-1	0	0	34	0	-1	19	13	0	34
c1963	-1	-1	0	0	0	25	0	0	14	0	-1	35	4	0	47	0	0	-1	0	34	-1	11	0	17	-1	47	-1	0	0	0
c2187	25	0	0	0	0	0	0	0	14	0	0	35	0	-1	0	26	26	0	11	-1	-1	0	-1	-1	0	0	19	13	0	0
c2320	0	0	15	49	-1	49	0	0	0	34	-1	-1	0	0	-1	7	0	0	43	0	0	33	34	-1	-1	-1	19	0	0	-1
c2363	-1	-1	43	0	3	-1	0	39	0	0	0	0	-1	15	-1	33	0	-1	18	-1	0	-1	26	26	0	-1	19	27	0	0
c2392	0	-1	0	7	0	0	0	-1	14	0	0	35	0	0	-1	0	0	-1	39	-1	23	0	0	16	12	0	19	0	0	-1
c2414	36	0	0	0	0	20	30	0	0	-1	-1	0	21	47	0	-1	-1	0	-1	0	0	-1	-1	37	0	1	6	1	0	12
c2634	0	28	15	-1	0	0	50	0	0	0	0	-1	0	-1	0	0	39	-1	0	0	43	0	-1	-1	0	0	19	38	-1	0
c2659	0	0	0	-1	0	0	23	-1	0	-1	6	-1	25	0	15	0	0	-1	0	0	39	-1	0	-1	0	0	19	47	0	0
c2897	-1	-1	0	-1	-1	-1	0	13	-1	-1	0	0	-1	8	47	0	-1	-1	-1	39	16	0	-1	0	48	0	0	-1	0	-1
c2975	-1	47	43	0	3	0	-1	0	0	0	0	0	0	0	0	15	0	0	-1	12	0	-1	0	0	6	-1	19	0	26	0
c3016	0	0	0	-1	0	-1	23	0	37	0	-1	-1	-1	0	15	0	0	0	-1	0	34	13	0	43	0	0	19	49	0	0
c3236	-1	0	-1	-1	-1	0	-1	0	-1	0	-1	11	-1	34	-1	0	-1	-1	0	34	0	26	3	31	0	0	19	38	0	0
c3237	-1	0	-1	-1	0	0	-1	0	0	0	-1	0	0	34	-1	0	39	13	-1	0	0	29	3	31	0	0	19	-1	-1	0
c3256	25	0	0	-1	12	-1	0	0	-1	0	6	35	39	-1	26	0	8	-1	-1	34	0	0	0	-1	0	0	19	13	0	0
c3303	0	0	15	0	0	49	0	0	0	34	-1	35	0	0	-1	0	0	0	43	0	0	33	0	12	0	0	-1	0	0	29
c3311	0	0	48	-1	0	20	30	26	0	-1	40	0	21	-1	0	0	0	-1	34	47	47	3	0	44	-1	1	-1	34	-1	-1
c3415	0	45	-1	-1	3	0	0	-1	-1	48	22	0	0	0	29	0	0	12	-1	0	0	-1	0	0	0	-1	19	0	0	0
c3485	8	0	0	0	0	-1	-1	-1	0	0	-1	0	29	0	0	0	0	3	-1	0	0	0	0	0	0	0	0	8	0	8
c3639	0	-1	0	-1	-1	0	-1	0	14	0	-1	0	-1	-1	0	0	39	14	0	0	0	-1	3	-1	0	0	19	38	0	-1
c3653	0	0	48	-1	14	-1	-1	0	0	0	0	29	29	0	0	26	7	3	0	38	0	-1	7	-1	0	6	-1	8	0	0
c3734	33	-1	33	0	-1	-1	15	-1	0	0	0	-1	0	43	-1	0	-1	0	0	0	0	26	0	26	12	0	19	0	-1	0
c3744	-1	23	-1	0	40	14	0	-1	-1	0	0	35	-1	0	0	0	-1	0	0	0	-1	34	3	0	0	0	19	0	21	0
c3751	0	-1	-1	-1	44	0	47	0	0	0	39	-1	-1	0	0	33	0	8	0	-1	0	0	0	0	0	-1	19	-1	0	14
c3835	0	23	0	0	29	-1	0	0	0	47	0	35	19	0	26	-1	0	-1	0	0	0	0	-1	0	0	0	19	0	21	45
c4032	0	0	42	7	44	0	-1	0	0	0	0	-1	0	0	0	-1	0	8	0	0	0	0	0	0	20	0	-1	0	0	14
c4043	-1	0	17	29	0	0	47	0	14	12	0	-1	0	0	49	-1	50	0	-1	34	0	0	49	15	0	0	19	0	0	0
c4061	45	-1	43	26	3	0	34	0	0	0	37	0	34	0	0	-1	0	0	28	0	0	0	16	0	0	0	19	0	0	0
c4170	25	0	0	0	-1	0	-1	0	14	0	0	35	0	-1	0	-1	0	0	11	34	3	0	0	0	0	0	19	-1	0	0
c4272	0	0	-1	-1	-1	0	-1	0	14	0	-1	0	-1	34	0	0	-1	14	0	0	16	0	3	31	0	0	19	38	0	-1
c4451	-1	0	17	29	0	-1	0	-1	14	12	0	35	0	0	0	0	50	-1	-1	34	-1	0	-1	15	0	0	19	0	33	30
c4455	0	0	0	-1	-1	47	-1	0	-1	0	-1	0	-1	34	0	0	39	14	0	0	0	0	3	31	0	0	-1	38	0	31
c4484	-1	0	0	0	33	0	0	0	0	25	40	0	21	0	43	-1	0	0	-1	0	-1	30	50	-1	-1	-1	49	0	8	0
c4493	0	0	-1	0	0	0	-1	-1	0	12	0	0	0	20	0	-1	0	0	0	0	0	0	15	0	0	14	19	38	0	0
c4520	-1	-1	0	-1	47	0	-1	-1	0	-1	0	-1	25	0	15	0	0	0	0	-1	0	-1	0	43	0	-1	19	0	-1	-1
c4595	-1	0	-1	0	0	0	-1	49	-1	-1	0	-1	0	20	0	29	-1	12	12	0	0	0	0	0	-1	0	19	0	0	44
c4599	0	0	-1	0	47	0	23	0	16	0	0	-1	25	-1	15	0	0	15	0	0	0	13	0	43	0	0	19	3	0	0
c4622	-1	28	43	14	3	0	0	0	7	0	26	0	-1	0	0	0	0	0	0	0	47	0	0	0	0	0	19	49	-1	-1
c4633	0	0	43	4	3	0	0	-1	-1	0	0	0	48	0	16	29	0	-1	0	8	0	0	0	0	0	0	19	0	-1	0
c4661	5	50	0	45	0	-1	0	-1	0	14	0	35	0	0	0	-1	-1	0	0	-1	0	-1	-1	0	0	39	-1	48	0	0
c4720	0	-1	0	-1	-1	0	12	19	0	0	0	0	0	10	-1	0	39	44	0	0	0	21	3	-1	0	0	-1	38	1	0
c4751	0	0	0	0	-1	0	23	0	-1	19	0	-1	25	0	15	-1	0	17	0	0	0	13	-1	43	0	0	19	-1	-1	-1
c4802	0	-1	43	4	3	8	48	3	0	39	-1	-1	0	0	-1	-1	39	0	28	0	6	0	16	0	0	-1	19	0	0	-1
c4804	0	0	0	-1	-1	-1	-1	0	-1	0	0	35	25	0	15	0	0	0	0	0	0	13	0	-1	0	0	19	-1	0	0
c4805	0	0	12	-1	0	0	23	0	-1	0	0	35	25	0	-1	0	0	-1	0	0	0	13	0	43	0	0	19	-1	0	0
c5012	-1	19	11	0	3	-1	30	33	34	13	40	-1	21	0	20	0	1	-1	-1	-1	3	3	19	1	-1	1	3	34	-1	12
c5026	0	-1	0	-1	-1	0	23	0	49	47	0	35	0	-1	0	0	0	0	0	0	0	47	0	0	30	0	19	0	0	27
c5065	-1	0	0	0	47	0	23	0	0	0	0	-1	25	0	15	0	0	0	13	0	0	13	0	43	0	-1	19	0	-1	0
c5078	32	-1	43	32	3	-1	0	0	7	-1	0	0	-1	0	0	-1	1	33	0	-1	0	0	0	0	0	-1	19	3	43	26
c5084	0	-1	42	7	44	0	-1	0	0	-1	0	-1	0	0	0	-1	0	8	0	0	0	0	-1	0	-1	0	-1	-1	0	14
c5092	-1	0	0	0	0	-1	30	-1	47	0	-1	0	21	-1	0	0	0	36	43	-1	0	3	-1	47	0	1	0	1	-1	12
c5100	0	7	0	-1	47	0	23	0	0	0	0	-1	25	0	15	0	0	0	-1	0	0	13	0	43	0	-1	19	0	-1	0
c5136	0	28	0	-1	0	0	-1	0	0	0	0	0	0	10	0	-1	39	44	0	0	43	0	3	31	-1	0	19	-1	1	0
c5137	-1	28	0	-1	0	0	50	0	0	0	0	0	0	10	0	-1	39	44	6	-1	43	0	3	-1	-1	0	-1	38	1	0
c5143	0	43	0	0	1	0	23	-1	-1	0	-1	35	-1	3	15	-1	0	0	0	-1	0	13	-1	43	0	-1	19	-1	0	-1
c5160	0	0	1	15	0	0	49	-1	-1	0	25	35	0	19	-1	43	0	0	45	26	0	3	0	0	25	-1	-1	4	0	-1
c5177	0	20	31	-1	0	20	30	0	0	0	40	0	-1	0	-1	4	0	-1	0	0	47	3	47	0	0	1	3	-1	12	12
c5233	-1	0	0	0	33	0	0	-1	-1	0	40	0	21	0	0	-1	-1	0	28	0	-1	26	50	-1	0	-1	0	-1	8	0
c5262	25	0	0	0	0	-1	0	-1	14	0	0	35	0	-1	0	23	0	-1	0	34	-1	-1	0	0	0	0	19	13	0	3
c5271	0	28	-1	14	3	0	0	0	7	-1	26	0	-1	0	-1	0	17	0	0	0	-1	0	0	0	-1	-1	19	-1	0	0
c5284	0	34	43	-1	3	0	0	0	0	-1	29	0	34	-1	-1	-1	0	0	28	0	32	0	0	0	0	-1	-1	0	0	0
c5452	0	0	-1	0	0	0	26	-1	14	-1	0	35	-1	0	0	0	19	0	-1	34	0	7	26	-1	0	0	-1	0	0	0
c5453	0	0	0	0	0	0	-1	34	-1	0	0	35	0	0	0	0	0	0	0	-1	0	7	0	32	0	-1	-1	0	0	0
c5458	0	0	-1	0	0	0	23	0	12	0	-1	-1	-1	0	15	0	-1	12	0	0	0	13	0	43	-1	7	19	-1	0	0
c5465	0	0	0	0	0	20	30	0	-1	43	40	0	21	12	7	0	0	0	43	27	15	3	0	0	0	-1	0	-1	12	-1
c5570	7	6	-1	-1	23	0	-1	6	0	15	-1	0	0	34	0	0	39	15	0	0	0	0	3	31	0	3	19	38	0	0
c5571	7	6	-1	-1	23	0	-1	-1	0	15	-1	0	0	34	-1	0	39	15	0	0	0	0	3	31	0	3	19	38	0	0
c5576	0	0	43	-1	3	26	0	-1	0	-1	-1	-1	0	0	-1	33	0	-1	28	0	-1	0	0	-1	-1	-1	-1	0	-1	26
c5579	-1	0	49	49	26	27	0	-1	0	-1	15	35	0	0	43	0	0	-1	0	0	0	-1	-1	29	0	0	19	0	43	0
c5638	-1	2	0	0	0	0	0	0	-1	47	40	0	21	-1	0	0	0	-1	0	0	3	47	-1	0	0	0	0	0	8	0
c5651	-1	-1	0	0	0	0	23	36	0	-1	0	35	26	0	49	-1	31	13	-1	15	12	0	33	0	0	0	19	0	47	44
c5658	25	0	-1	0	0	0	0	0	-1	-1	-1	35	0	-1	0	0	0	1	0	34	0	0	0	0	0	0	19	13	-1	0
c5676	0	0	-1	-1	16	-1	-1	0	0	-1	-1	0	0	34	0	0	39	0	0	0	0	0	3	31	0	0	19	38	0	0
c5712	0	-1	-1	-1	39	20	30	0	-1	0	40	0	21	0	-1	-1	0	0	0	0	0	-1	0	-1	0	1	0	-1	0	-1
c5713	0	0	0	0	0	20	-1	0	0	0	40	-1	21	0	-1	0	0	0	0	0	0	3	0	0	0	1	0	1	0	-1
c5714	0	0	0	0	0	0	23	0	0	-1	0	35	25	0	15	-1	0	0	-1	0	0	13	0	43	0	0	19	0	0	0
c5794	0	0	42	0	44	8	0	0	0	0	0	-1	-1	-1	-1	-1	0	8	30	0	-1	0	0	26	0	0	-1	-1	0	-1
c5823	0	-1	0	-1	33	0	-1	43	-1	0	-1	0	21	0	0	0	8	0	0	0	0	26	50	0	-1	0	2	-1	-1	0
c5838	29	49	43	0	-1	29	0	0	0	0	0	0	0	0	0	0	27	0	0	-1	-1	-1	-1	0	0	0	-1	-1	0	0
c5849	0	29	43	0	3	0	0	0	0	0	0	0	-1	0	-1	0	0	0	0	0	0	0	0	0	0	47	19	-1	-1	0
c5915	-1	0	0	0	-1	0	0	-1	36	-1	40	0	21	0	-1	0	0	0	0	-1	-1	0	50	13	20	0	0	0	8	-1
c5939	0	28	0	-1	0	-1	0	0	0	-1	0	0	0	10	0	0	-1	44	26	0	0	0	-1	31	-1	0	19	38	1	0
c5972	-1	0	-1	-1	-1	0	-1	0	14	0	-1	0	-1	34	-1	0	39	14	0	0	0	0	3	31	13	0	-1	38	0	-1
c6010	0	0	0	-1	0	26	23	0	-1	39	0	35	25	0	15	-1	0	-1	0	0	0	13	7	43	-1	0	-1	-1	-1	-1
c6021	0	0	15	0	0	49	0	0	0	34	-1	35	0	-1	36	-1	0	0	43	0	0	33	-1	12	0	0	19	0	0	29
c6068	-1	0	0	0	47	0	23	45	0	0	0	-1	25	0	15	0	0	0	-1	-1	-1	-1	0	43	0	0	-1	-1	0	0
c6069	0	0	-1	-1	47	0	-1	0	-1	-1	0	-1	25	-1	15	0	-1	0	0	0	0	13	0	43	0	26	19	0	0	0
c6104	0	0	48	-1	14	-1	-1	0	0	-1	0	29	29	-1	0	26	7	3	0	3	-1	26	0	0	26	0	0	-1	0	0
c6174	-1	0	45	-1	0	20	30	0	47	-1	-1	0	-1	0	-1	0	0	0	-1	27	0	3	0	47	0	-1	0	1	0	12
c6238	0	0	-1	0	0	-1	30	-1	0	0	40	0	21	0	-1	0	0	0	0	-1	0	3	48	0	0	1	-1	1	0	-1
c6314	0	0	0	0	-1	0	-1	0	-1	0	4	35	0	-1	0	1	0	43	0	0	-1	13	-1	43	44	-1	-1	0	-1	0
c6332	25	-1	0	0	0	0	-1	0	14	0	-1	35	-1	-1	0	0	-1	0	11	34	3	47	0	-1	0	0	19	13	0	0
c6352	0	0	0	0	0	0	0	26	0	-1	40	3	21	0	0	0	0	17	-1	0	0	11	0	-1	14	0	0	-1	8	0
c6365	21	3	0	0	-1	0	23	-1	0	3	38	35	0	31	-1	0	-1	-1	0	0	0	-1	0	-1	0	0	19	3	0	27
c6380	0	0	34	-1	33	0	0	-1	-1	25	-1	0	-1	0	0	0	0	0	0	0	0	9	50	13	20	0	0	0	8	0
c6384	0	0	-1	-1	0	20	-1	0	47	38	40	0	21	0	0	13	0	-1	-1	27	0	3	0	0	0	-1	-1	1	12	-1
c6387	0	0	43	12	3	0	0	0	0	0	37	-1	-1	36	0	0	0	-1	28	0	45	0	16	0	-1	0	19	0	-1	8
c6391	36	7	-1	0	8	20	30	-1	47	43	40	0	21	12	17	0	0	43	43	27	0	3	35	23	-1	1	0	1	-1	-1
c6460	43	12	42	0	44	0	-1	-1	0	0	-1	-1	0	0	0	0	0	-1	0	0	0	0	0	-1	0	0	19	-1	0	0
c6461	-1	0	-1	0	44	-1	0	0	0	0	0	-1	0	0	0	0	0	8	-1	0	0	0	0	15	0	34	19	0	0	0
c6489	0	0	0	-1	0	-1	-1	0	-1	0	40	0	21	0	0	-1	43	-1	39	-1	-1	-1	-1	0	0	1	3	34	-1	-1
c6493	34	2	-1	0	0	0	-1	0	0	47	40	0	21	-1	0	0	0	-1	25	-1	3	0	-1	0	0	0	0	0	8	-1
c6499	34	0	0	-1	47	0	23	0	0	-1	0	-1	25	0	15	0	45	29	0	0	-1	-1	0	43	0	0	19	-1	0	0
c6523	-1	0	43	0	3	0	0	0	42	29	29	0	-1	0	-1	33	0	0	28	0	32	0	0	0	0	26	-1	0	0	0
c6553	25	0	33	15	15	39	0	0	14	0	0	35	0	-1	30	0	0	0	-1	34	12	0	39	0	17	0	19	13	13	0
c6564	23	0	-1	-1	0	0	-1	-1	0	0	-1	-1	0	0	27	-1	-1	-1	0	0	0	0	0	-1	0	-1	-1	-1	0	0
c6596	0	0	0	25	-1	-1	30	0	45	0	40	47	21	-1	-1	0	0	-1	34	0	3	3	-1	0	0	1	-1	34	-1	12
c6678	-1	0	0	-1	0	-1	0	-1	0	0	-1	35	0	0	-1	-1	-1	0	29	0	-1	0	-1	0	0	-1	-1	20	0	-1
c6694	0	28	0	-1	0	-1	0	44	0	0	0	-1	0	0	-1	0	-1	-1	-1	-1	0	0	3	31	0	35	19	38	1	0
c6697	-1	-1	-1	0	17	0	0	0	-1	0	0	35	37	-1	0	0	0	0	19	34	0	0	-1	0	0	0	19	13	45	0
c6708	0	34	-1	-1	0	49	-1	0	0	15	-1	0	0	-1	-1	0	39	-1	0	0	-1	37	3	31	0	0	19	38	0	0
c6768	0	-1	0	15	-1	28	0	0	43	0	40	30	21	3	0	0	0	0	-1	0	-1	11	0	0	0	0	-1	0	8	0
c6785	0	-1	0	0	-1	26	-1	0	0	-1	-1	35	25	0	-1	-1	0	-1	0	25	0	-1	7	43	20	0	19	-1	-1	0
c6814	25	0	0	0	-1	39	0	0	14	34	7	35	0	-1	39	0	0	-1	-1	34	0	34	39	0	0	0	19	13	0	0
c6862	-1	0	0	0	25	0	-1	19	0	0	0	35	-1	-1	0	29	0	0	12	0	33	-1	0	-1	0	0	19	0	0	44
c6910	-1	0	0	0	-1	0	23	0	0	39	0	35	25	0	-1	-1	0	0	0	0	0	13	0	43	-1	0	19	0	0	25
c6911	0	0	0	0	0	0	23	0	0	39	0	35	25	0	15	-1	0	0	0	0	0	13	0	43	0	0	19	15	0	0
c6920	0	0	0	0	0	-1	30	0	0	-1	40	45	21	0	-1	0	0	-1	-1	39	0	3	0	-1	0	1	3	34	0	-1
c6921	0	0	0	0	0	20	30	-1	0	0	40	45	21	-1	0	0	0	-1	24	-1	0	3	0	0	0	1	3	34	0	12
c6940	0	0	-1	0	0	0	23	49	0	-1	4	35	0	0	0	1	0	43	0	0	0	13	-1	43	44	0	19	0	0	-1
c6967	0	0	1	0	-1	0	23	0	-1	-1	0	-1	-1	0	15	0	0	-1	0	0	0	13	12	-1	0	0	-1	19	-1	0
c6992	0	0	-1	0	-1	1	15	32	-1	29	29	0	0	-1	-1	33	0	0	28	0	32	0	0	50	12	0	-1	0	0	0
c7035	5	0	-1	45	0	0	-1	0	0	-1	0	35	0	-1	28	0	-1	0	0	47	26	0	-1	0	0	6	19	48	-1	3
c7054	0	0	1	0	-1	0	23	-1	0	17	0	-1	25	0	15	0	0	0	0	0	0	-1	12	43	0	0	19	0	0	-1
c7055	-1	0	1	0	47	0	-1	0	0	17	-1	-1	25	0	15	0	0	-1	0	-1	0	13	12	43	0	-1	19	0	0	0
c7086	0	0	43	28	-1	40	0	0	-1	0	0	0	0	0	0	0	0	0	-1	0	39	-1	-1	0	0	49	-1	0	-1	-1
c7182	-1	29	43	-1	3	0	0	0	0	0	0	0	-1	0	0	-1	0	-1	0	0	0	-1	0	0	0	0	19	29	-1	0
c7189	-1	0	31	0	0	20	-1	0	0	0	40	0	21	0	0	0	0	-1	0	0	0	3	0	0	-1	1	3	34	12	12
c7196	0	-1	15	0	0	49	0	16	0	-1	-1	35	0	0	36	0	0	-1	-1	0	0	33	0	12	0	0	-1	0	-1	29
c7197	0	0	15	-1	19	49	-1	16	0	34	-1	-1	0	0	36	0	0	0	43	-1	0	-1	0	12	0	34	19	0	0	29
c7218	-1	0	6	0	0	-1	30	-1	-1	0	40	-1	-1	0	0	0	-1	0	43	-1	0	3	0	47	0	1	0	1	0	12
c7224	8	0	25	0	3	0	23	16	26	-1	-1	35	-1	0	15	0	0	0	0	0	0	13	0	43	0	0	-1	33	0	0
c7225	8	-1	0	-1	3	0	23	0	26	0	0	35	25	0	15	0	0	0	0	0	-1	13	0	43	0	0	19	0	0	0
c7226	0	0	15	-1	0	-1	0	16	0	34	-1	35	-1	0	36	0	-1	0	43	0	0	-1	0	12	0	0	19	0	0	29
c7227	0	0	15	0	0	49	0	16	0	-1	-1	35	0	0	36	0	0	-1	43	0	0	-1	-1	12	-1	0	-1	39	0	29
c7248	0	-1	48	0	0	-1	-1	0	25	0	-1	29	29	0	-1	39	0	3	0	0	-1	0	0	-1	0	-1	-1	8	0	0
c7259	7	0	-1	-1	0	-1	-1	0	0	-1	-1	0	0	34	0	0	-1	-1	47	0	0	0	-1	-1	0	0	19	-1	0	0
c7262	0	28	0	-1	0	0	-1	44	0	0	0	0	0	0	0	0	39	-1	-1	35	0	0	3	31	0	0	19	38	-1	0
c7308	0	0	0	0	47	-1	23	0	0	-1	0	-1	25	0	-1	0	-1	-1	0	-1	0	13	0	43	-1	-1	19	0	47	0
c7325	-1	0	0	45	0	0	-1	-1	0	0	-1	35	0	0	0	-1	0	0	-1	0	-1	0	-1	-1	-1	8	19	-1	0	0
c7328	0	0	43	0	3	29	0	0	0	36	37	0	0	0	0	0	0	0	28	20	0	-1	16	-1	0	11	19	0	-1	0
c7385	0	0	-1	-1	14	0	0	0	8	0	-1	35	0	47	0	0	16	-1	0	0	-1	0	0	0	26	1	19	-1	-1	26
c7409	0	15	0	0	48	0	-1	-1	14	-1	0	35	-1	6	-1	-1	0	8	0	34	0	0	39	0	-1	0	19	13	0	0
c7427	0	-1	30	0	0	0	0	45	-1	0	0	35	0	0	15	0	0	0	6	34	0	-1	0	0	-1	6	19	-1	0	0
c7438	0	0	15	0	0	0	0	0	0	34	-1	35	-1	0	36	-1	-1	-1	43	0	12	-1	0	12	0	0	19	0	0	-1
c7443	0	-1	0	0	19	20	-1	25	0	0	40	0	21	47	-1	0	0	-1	0	-1	0	3	0	49	0	1	3	34	0	12
c7460	0	-1	15	-1	33	0	-1	47	0	0	40	6	21	-1	-1	1	0	0	0	0	0	-1	50	0	0	33	0	-1	-1	0
c7468	0	26	0	0	0	-1	-1	0	0	1	40	0	-1	0	0	0	0	-1	-1	0	34	-1	0	0	-1	0	0	-1	8	-1
c7493	0	0	0	0	0	0	-1	0	0	-1	4	35	0	-1	0	1	0	0	0	0	45	13	0	-1	34	0	19	0	-1	0
c7526	0	0	0	0	0	20	30	0	-1	0	40	-1	21	-1	0	0	0	-1	-1	-1	-1	3	0	0	0	1	0	1	0	12
c7543	26	0	0	29	26	20	30	0	0	50	40	0	-1	-1	0	-1	0	0	-1	-1	0	3	0	-1	27	1	-1	1	20	-1
c7545	-1	0	0	0	33	0	0	-1	36	-1	40	0	21	0	0	-1	19	0	-1	0	-1	0	50	13	20	0	0	0	-1	0
c7625	25	0	0	-1	-1	0	0	0	14	0	43	35	-1	-1	-1	0	0	0	11	-1	7	-1	-1	0	0	0	19	-1	0	43
c7648	-1	0	-1	0	43	20	-1	-1	0	-1	40	0	21	47	0	0	0	-1	0	0	0	3	0	-1	0	1	3	34	-1	12
c7688	0	26	35	-1	-1	0	-1	0	0	0	-1	0	-1	-1	-1	0	39	14	0	-1	0	-1	3	31	21	0	19	38	0	-1
c7689	0	26	35	-1	0	0	-1	0	-1	-1	-1	0	-1	-1	-1	0	39	-1	-1	-1	-1	0	3	-1	-1	0	19	38	0	31
c7739	-1	-1	0	0	0	20	30	0	17	38	40	-1	21	-1	0	32	0	0	0	0	0	3	0	0	0	1	6	1	-1	12
c7777	-1	0	-1	39	0	25	0	-1	14	13	-1	35	0	45	0	-1	0	0	-1	34	-1	0	0	0	-1	33	-1	0	50	-1
c7780	0	-1	0	-1	-1	-1	0	-1	0	34	0	0	0	31	-1	0	39	-1	-1	35	0	0	-1	-1	0	0	19	38	1	0
c7787	0	0	0	-1	0	-1	-1	0	0	0	40	-1	21	0	0	45	-1	-1	39	-1	0	3	26	0	0	1	-1	34	-1	12
c7819	0	-1	43	49	3	0	0	0	0	0	37	15	26	-1	0	8	0	0	28	0	-1	19	-1	-1	0	-1	19	-1	0	0
c7872	-1	0	0	0	0	0	0	0	14	0	18	35	-1	-1	-1	0	0	-1	0	34	30	-1	0	0	0	0	19	13	0	0
c7873	25	0	0	0	0	0	0	0	14	0	18	35	0	-1	0	0	15	-1	0	34	-1	19	0	0	0	0	19	13	0	0
c7913	0	0	1	-1	47	0	23	0	0	-1	-1	-1	25	0	15	-1	0	0	0	-1	0	13	12	43	0	0	-1	0	0	0
c7935	0	0	-1	0	33	-1	0	0	0	25	40	0	21	0	0	15	0	-1	0	0	0	-1	50	13	-1	0	0	0	8	0
c7942	0	0	-1	-1	0	0	-1	-1	0	-1	-1	0	0	34	-1	0	39	-1	26	0	0	0	3	31	0	0	19	38	0	0
c7943	0	-1	-1	-1	0	0	-1	0	0	0	-1	0	-1	34	-1	0	39	0	0	0	0	0	3	31	-1	0	-1	38	0	0
c7957	0	-1	0	-1	0	0	23	0	42	28	0	35	25	0	15	0	8	0	0	0	-1	13	0	43	0	0	19	0	0	0
c7962	-1	-1	0	0	0	0	23	0	37	-1	0	35	-1	0	15	0	-1	-1	0	0	-1	13	0	43	0	33	19	0	-1	0
c7963	0	0	0	0	0	0	23	0	37	-1	0	35	25	0	-1	-1	0	0	0	0	0	13	0	43	0	33	19	0	0	0
c7973	0	39	0	0	34	0	12	1	0	-1	40	0	21	0	0	0	0	0	0	0	3	0	0	-1	0	0	-1	0	8	-1
c7976	0	0	17	-1	0	0	-1	0	14	-1	0	-1	0	20	0	0	50	0	0	34	0	0	0	15	0	-1	19	0	0	-1
c7988	0	0	33	-1	0	0	0	0	0	0	40	0	21	0	-1	0	0	0	50	0	3	-1	-1	0	0	0	0	0	-1	0
c7991	-1	26	0	0	49	20	30	-1	45	-1	40	0	21	0	0	0	-1	-1	34	-1	43	-1	26	0	0	1	3	34	-1	12
c8008	0	0	0	0	47	0	23	0	0	0	0	-1	25	0	15	0	-1	0	0	0	-1	-1	-1	43	0	0	19	0	47	0
c8096	3	0	15	0	-1	-1	0	0	0	34	15	35	33	0	-1	-1	0	0	0	0	0	-1	-1	0	8	-1	19	0	0	29
c8099	5	0	0	45	29	-1	-1	-1	0	0	0	35	0	-1	-1	0	34	36	0	47	0	-1	-1	0	3	-1	19	48	0	-1
c8134	0	0	43	0	3	0	0	-1	-1	29	29	26	0	0	-1	-1	-1	0	28	0	32	0	0	15	0	0	-1	4	0	0
c8253	-1	20	31	-1	0	20	30	0	0	0	40	0	21	0	0	-1	-1	-1	-1	0	-1	-1	47	0	0	1	-1	34	12	12
c8257	-1	-1	42	0	44	-1	0	6	0	48	0	-1	-1	0	-1	0	-1	0	6	0	0	3	15	0	-1	0	19	0	0	0
c8262	-1	-1	-1	0	47	0	23	0	0	0	-1	-1	-1	0	15	0	26	0	0	0	0	13	0	43	0	0	19	0	47	0
c8266	-1	2	0	-1	0	-1	-1	-1	0	47	40	0	-1	34	0	-1	-1	0	0	-1	-1	34	0	0	0	0	0	0	8	-1
c8277	-1	0	0	0	12	26	23	0	0	39	0	35	25	17	15	-1	0	-1	0	0	-1	13	7	43	20	0	19	0	0	0
c8304	0	-1	0	0	0	19	19	0	39	-1	-1	-1	49	-1	0	31	8	-1	34	0	0	17	0	0	0	0	19	38	0	0
c8320	25	0	0	0	26	0	-1	0	14	0	0	-1	0	-1	-1	-1	0	0	0	34	0	-1	0	-1	-1	0	19	13	26	0
c8343	25	0	0	-1	0	0	-1	0	-1	0	18	35	-1	-1	0	-1	0	0	0	34	30	19	0	0	0	0	19	13	0	-1
c8352	0	0	33	0	0	4	15	0	-1	12	0	30	0	-1	0	0	26	0	0	0	0	26	1	0	12	0	19	0	0	0
c8378	27	-1	43	0	3	0	-1	-1	-1	29	29	0	0	0	-1	33	0	0	28	-1	32	0	0	-1	0	0	-1	0	0	0
c8393	0	-1	43	32	3	-1	-1	-1	0	0	0	0	0	20	26	0	0	0	6	-1	3	8	0	0	-1	0	19	0	43	26
c8397	0	0	-1	15	0	-1	39	-1	0	0	40	30	21	-1	0	12	45	0	-1	0	30	11	0	0	0	0	0	-1	8	0
c8400	-1	0	0	0	0	0	-1	-1	0	-1	-1	35	-1	-1	0	29	17	39	12	-1	0	-1	0	0	42	0	19	0	0	44
c8418	0	-1	0	0	0	0	-1	0	12	0	0	-1	25	0	15	0	0	-1	0	0	0	13	0	43	0	0	19	0	0	0
c8444	0	21	0	26	0	0	0	0	14	8	0	35	0	34	-1	0	-1	0	0	34	-1	-1	-1	0	-1	-1	19	0	0	0
c8461	0	0	0	0	3	0	0	-1	14	0	0	-1	-1	0	0	-1	-1	0	7	34	-1	0	0	0	0	0	-1	0	0	0
c8568	39	0	42	0	44	8	0	0	0	0	0	-1	0	15	0	0	12	8	0	0	0	0	0	0	-1	-1	19	0	0	-1
c8578	-1	0	0	0	0	0	0	-1	-1	0	0	35	0	0	0	0	0	0	0	34	0	0	0	0	0	0	19	-1	0	0
c8580	0	28	0	-1	0	0	0	0	0	-1	0	0	15	10	34	0	39	44	26	0	0	0	3	31	-1	0	19	38	1	0
c8603	0	-1	-1	-1	3	0	0	-1	0	19	37	6	9	-1	0	0	0	0	28	-1	0	0	16	0	0	16	-1	-1	0	0
c8647	0	0	43	0	3	3	-1	-1	0	0	37	0	0	0	0	0	14	0	-1	27	34	-1	16	0	16	0	-1	0	15	15
c8658	0	0	0	0	33	0	0	0	0	0	40	0	-1	-1	0	-1	-1	-1	0	0	19	4	50	0	0	0	0	-1	8	-1
c8668	-1	16	-1	45	0	0	23	0	0	39	0	35	26	36	26	29	0	0	12	-1	34	0	0	0	29	0	19	0	-1	44
c8676	25	0	0	0	0	0	0	0	14	-1	18	35	0	-1	0	0	0	-1	0	34	30	19	0	0	0	-1	19	-1	0	0
c8689	-1	0	0	0	-1	-1	23	0	-1	0	0	35	-1	19	0	-1	0	0	12	0	0	0	-1	0	0	0	19	0	0	44
c8701	0	-1	43	44	-1	0	0	26	-1	48	22	0	0	-1	29	0	0	0	0	0	0	0	0	-1	31	-1	19	0	-1	0
c8760	0	0	43	0	3	0	-1	0	0	0	0	0	0	0	-1	15	0	49	49	12	0	0	0	0	-1	0	19	-1	26	0
c8776	0	-1	0	49	47	0	23	0	-1	0	0	-1	25	0	15	0	0	0	0	0	0	13	0	43	0	0	19	0	0	0
c8777	0	0	33	-1	47	-1	23	0	0	0	0	-1	25	-1	15	0	0	13	0	0	-1	13	0	43	0	0	19	-1	0	0
c8836	-1	45	43	-1	3	0	-1	-1	0	48	22	0	45	0	29	0	0	-1	0	0	-1	0	0	-1	0	-1	-1	0	0	0
c8844	0	0	0	0	0	0	23	0	0	-1	4	-1	0	0	-1	1	-1	0	0	0	-1	-1	0	43	34	0	19	0	0	-1
c8856	-1	18	43	-1	-1	1	0	0	47	0	37	0	-1	-1	16	0	0	0	28	0	-1	-1	16	45	34	0	-1	0	0	-1
c8863	0	0	0	0	0	0	0	0	14	-1	0	35	0	0	0	0	43	0	34	34	0	0	0	17	-1	0	19	0	0	0
c8882	0	0	0	0	0	0	-1	0	0	0	-1	0	0	0	39	0	0	0	0	0	0	0	-1	0	-1	0	19	38	0	0
c8905	5	0	0	45	0	49	0	13	19	0	0	35	-1	18	0	0	-1	0	0	-1	0	0	-1	-1	0	0	19	-1	0	-1
c8913	25	45	0	0	0	-1	0	-1	14	-1	0	35	0	-1	0	0	0	0	0	34	0	0	0	0	-1	-1	19	13	-1	34
c8917	25	0	0	-1	0	0	-1	0	0	0	-1	-1	-1	34	0	0	39	14	-1	-1	13	0	3	31	0	0	19	38	0	31
c8927	0	0	0	0	-1	20	30	0	-1	0	40	0	21	0	0	0	0	0	0	0	0	3	0	0	0	1	0	1	0	12
c8930	0	0	0	-1	0	20	30	0	11	0	40	0	-1	0	0	0	0	-1	0	-1	47	3	-1	0	0	-1	0	1	-1	-1
c8943	25	-1	33	0	0	-1	0	0	14	-1	0	35	0	-1	30	0	-1	0	0	34	12	0	39	0	17	0	-1	13	13	0
c8966	0	0	17	29	0	0	-1	-1	-1	12	-1	35	0	43	0	-1	50	0	0	34	0	0	44	15	0	0	19	-1	0	0
c8977	-1	0	-1	-1	0	-1	-1	0	0	15	-1	-1	0	34	0	0	39	26	-1	0	34	37	3	-1	0	-1	19	38	34	0
c8990	1	-1	43	0	3	35	0	0	-1	0	0	0	23	43	0	0	0	0	23	0	0	0	34	0	0	0	19	49	0	-1
c8998	16	0	1	0	47	0	-1	0	-1	0	-1	-1	25	0	15	-1	0	-1	-1	-1	0	-1	12	43	-1	0	-1	0	0	0
c9006	0	0	0	0	0	0	0	0	31	0	0	35	0	0	23	0	-1	0	-1	0	0	0	0	0	0	0	-1	0	7	15
c9042	0	15	0	-1	0	0	3	17	14	-1	0	-1	25	-1	0	0	0	-1	0	-1	0	0	0	-1	-1	0	19	-1	-1	0
c9055	25	45	0	0	0	-1	0	0	14	-1	-1	-1	0	-1	-1	0	-1	0	0	-1	-1	0	0	0	-1	0	19	13	-1	34
c9056	-1	0	0	35	14	0	40	0	33	0	0	35	0	-1	0	0	16	-1	26	6	0	13	-1	26	0	0	19	-1	-1	0
c9073	-1	-1	-1	-1	-1	20	30	-1	47	29	40	0	21	0	1	-1	0	49	43	27	0	3	0	-1	0	1	0	1	0	12
c9075	-1	0	-1	45	0	0	0	50	0	0	-1	-1	0	0	0	-1	-1	-1	0	15	47	-1	-1	-1	17	0	19	-1	0	0
c9141	-1	0	-1	0	34	-1	0	0	14	0	0	35	0	0	0	0	-1	0	0	34	0	0	0	0	0	-1	-1	0	0	0
c9181	0	0	43	0	3	0	0	34	0	29	29	0	0	-1	-1	33	-1	0	28	0	-1	0	0	15	0	-1	-1	0	0	0
c9217	43	0	43	9	3	0	-1	0	0	0	37	33	0	0	0	0	0	-1	28	0	0	0	16	0	0	0	19	0	0	-1
c9281	47	-1	0	-1	0	20	30	-1	47	-1	40	0	-1	0	49	-1	-1	-1	43	27	0	3	0	0	-1	1	0	1	-1	12
c9296	5	0	7	45	0	0	-1	0	0	6	26	35	0	0	28	1	-1	0	0	47	26	0	-1	0	0	-1	-1	48	0	0
c9308	3	-1	15	0	1	-1	0	-1	0	34	15	35	0	0	19	-1	15	0	0	0	0	0	0	0	8	-1	19	0	0	29
c9311	34	-1	7	0	14	0	0	-1	0	0	0	35	42	0	0	0	16	-1	26	0	20	0	12	0	0	0	19	20	-1	0
c9313	0	0	50	0	0	20	-1	0	-1	0	-1	34	-1	20	0	0	0	-1	0	0	30	3	0	0	-1	1	3	-1	0	12
c9335	0	0	0	-1	-1	0	-1	0	14	0	-1	0	-1	-1	0	0	-1	-1	0	0	-1	0	-1	31	0	0	19	-1	0	31
c9338	-1	3	0	-1	-1	26	23	0	49	47	0	35	0	31	0	0	39	15	0	0	0	-1	0	0	30	21	19	0	34	27
c9357	0	-1	0	0	0	0	-1	0	-1	1	40	-1	21	0	0	0	-1	-1	0	0	0	0	0	-1	0	0	0	0	-1	-1
c9365	0	-1	-1	0	3	0	0	0	-1	29	29	0	0	0	-1	33	0	0	-1	42	-1	-1	0	0	0	0	-1	0	0	0
c9366	0	-1	49	7	33	0	29	-1	-1	0	40	-1	21	0	0	0	0	0	0	0	-1	4	50	-1	-1	0	0	-1	8	-1
c9374	25	45	-1	0	0	0	0	-1	-1	0	-1	35	-1	-1	-1	0	26	0	-1	34	0	0	0	0	0	0	19	-1	19	-1
c9378	0	0	1	0	-1	0	23	0	0	0	0	-1	25	-1	15	0	0	0	0	0	-1	13	12	-1	0	0	-1	0	-1	-1
c9381	-1	45	0	0	0	0	0	0	14	0	-1	35	0	-1	0	0	0	0	0	34	-1	0	0	0	0	0	19	13	45	-1
c9396	0	28	0	-1	0	0	0	44	0	-1	-1	-1	0	0	0	-1	39	44	-1	35	0	0	3	31	-1	35	19	-1	1	0
c9397	0	28	0	-1	0	0	0	44	0	-1	0	0	-1	0	0	0	39	44	-1	35	-1	-1	3	31	0	35	-1	38	1	0
c9511	0	0	-1	-1	-1	0	-1	-1	0	0	-1	0	-1	34	26	-1	-1	-1	0	0	12	-1	-1	31	-1	-1	19	38	-1	31
c9515	-1	3	0	-1	-1	-1	-1	0	-1	47	0	35	-1	31	0	-1	39	0	0	-1	0	0	0	0	30	21	19	0	34	27
c9520	-1	0	43	0	3	0	-1	0	20	-1	29	0	-1	-1	-1	33	0	-1	-1	0	32	0	0	0	2	0	-1	0	0	0
c9522	0	0	0	0	0	-1	23	0	-1	0	0	-1	25	0	-1	-1	-1	0	0	0	-1	13	0	43	-1	0	19	0	-1	0
c9523	0	0	-1	0	0	0	23	0	-1	0	0	-1	25	0	-1	0	0	0	-1	0	15	-1	0	43	0	0	19	0	0	-1
c9524	0	0	-1	0	-1	-1	0	0	-1	0	0	8	-1	-1	23	0	0	-1	-1	3	-1	15	0	0	0	0	34	0	0	-1
c9530	0	0	-1	0	0	0	0	0	0	34	-1	-1	0	0	36	0	-1	0	43	0	0	33	0	12	0	0	19	11	0	-1
c9558	0	0	42	0	44	8	0	0	0	0	34	-1	21	3	0	0	-1	8	0	13	0	0	0	21	-1	0	19	0	30	0
c9597	0	-1	43	44	3	0	-1	0	26	0	0	0	0	-1	0	0	-1	0	0	0	0	-1	-1	-1	23	44	19	0	0	0
c9602	0	0	0	-1	0	20	30	47	47	38	-1	0	-1	0	-1	0	0	7	43	-1	0	3	0	-1	0	1	-1	1	-1	12
c9610	0	-1	43	0	3	4	0	34	0	29	29	0	0	-1	-1	-1	0	0	28	-1	32	0	0	-1	38	0	-1	-1	0	-1
c9622	0	0	0	0	47	0	23	0	0	0	0	-1	25	0	-1	28	26	-1	0	0	0	13	0	43	0	0	19	0	-1	0
c9623	0	0	-1	-1	47	0	23	0	0	-1	0	-1	-1	0	-1	0	26	0	0	26	-1	-1	0	-1	0	0	-1	0	-1	0
c9657	0	0	43	32	3	0	0	0	-1	0	0	0	-1	0	0	-1	0	33	0	-1	0	0	0	0	0	39	19	0	43	-1
c9663	25	-1	-1	-1	0	0	0	0	14	43	0	35	45	-1	0	0	0	17	-1	34	0	-1	0	0	0	0	19	13	-1	0
c9664	-1	0	43	32	3	-1	0	18	0	0	0	0	0	-1	0	0	0	-1	0	0	-1	0	0	0	0	0	19	-1	43	26
c9690	0	28	-1	-1	0	-1	50	0	0	0	0	0	3	10	-1	-1	39	44	7	4	43	0	3	31	0	14	19	38	1	0
c9726	0	-1	43	-1	3	0	0	0	-1	-1	37	0	0	-1	0	0	0	0	-1	20	-1	34	16	0	-1	0	19	0	40	25
c9728	-1	0	-1	0	0	0	0	0	14	0	0	35	-1	0	0	0	0	0	7	34	0	0	0	0	0	0	19	0	0	0
c9729	0	0	0	0	0	0	0	-1	14	0	-1	35	0	-1	0	0	0	0	7	-1	-1	0	0	0	-1	-1	19	0	-1	0
c9732	0	28	-1	-1	0	0	50	0	0	0	0	0	-1	-1	0	0	39	44	7	0	43	13	3	31	6	0	19	38	-1	0
c9733	0	28	-1	-1	0	0	50	-1	0	0	0	0	0	10	0	0	-1	-1	7	0	-1	13	3	31	6	-1	19	38	1	0
c9736	-1	0	0	0	25	0	23	19	0	0	-1	35	0	-1	0	29	0	0	12	0	33	0	-1	0	0	-1	19	0	0	44
c9746	-1	0	-1	26	3	0	34	0	0	0	37	0	34	0	0	0	-1	0	28	29	17	0	16	0	0	19	19	0	-1	-1
c9747	45	0	43	-1	3	0	34	0	0	0	-1	-1	34	0	-1	0	0	0	28	29	0	0	16	0	0	19	19	0	0	0
c9759	25	0	0	0	0	0	0	0	14	-1	0	35	0	-1	-1	0	0	0	0	34	0	0	0	-1	0	0	19	13	0	34
c9762	-1	0	0	9	-1	20	-1	0	-1	38	40	0	21	0	0	-1	0	-1	-1	27	0	3	0	0	0	1	-1	1	12	12
c9782	0	0	0	0	47	0	23	0	47	0	0	-1	25	0	-1	0	0	29	-1	0	0	13	0	43	0	0	19	0	0	0
c9823	-1	3	0	0	-1	-1	23	0	0	-1	0	-1	17	31	0	0	0	0	29	0	0	0	-1	-1	0	-1	19	3	0	-1
c9850	3	40	42	0	44	48	0	0	0	21	0	-1	0	0	0	0	0	45	6	0	0	0	8	-1	0	0	19	0	15	0
c9868	-1	28	0	-1	0	0	-1	0	0	0	0	47	0	10	0	0	39	44	26	0	0	-1	-1	31	11	29	19	38	1	31
c9897	-1	-1	0	0	0	0	0	-1	-1	0	0	35	0	-1	0	-1	0	0	47	-1	0	-1	-1	0	0	0	19	13	-1	0
c9924	0	0	0	0	-1	26	23	-1	-1	39	0	35	25	17	15	-1	0	-1	0	-1	47	13	7	43	20	0	19	-1	0	0
c9925	0	0	-1	0	0	26	23	0	0	39	0	35	25	17	15	-1	0	-1	0	0	-1	13	7	-1	20	0	19	0	0	0
c9928	25	0	-1	0	0	39	0	0	14	-1	0	35	0	-1	-1	0	0	0	-1	34	39	34	0	-1	-1	0	19	13	0	-1
c9933	0	0	0	0	0	-1	0	0	-1	0	-1	0	-1	36	-1	-1	0	0	0	3	0	0	0	0	0	-1	34	8	0	0
c9936	39	0	0	-1	0	20	30	0	45	0	40	0	21	25	0	0	0	-1	34	0	0	3	26	-1	-1	1	3	-1	-1	-1
c9958	0	0	26	-1	-1	0	23	-1	-1	0	0	-1	25	0	15	0	0	0	0	1	0	13	-1	43	0	-1	19	0	0	0
c9984	0	-1	0	-1	0	0	0	-1	0	17	36	47	0	10	0	0	39	44	26	0	0	-1	3	-1	11	-1	19	38	1	31
c9985	0	28	0	-1	0	0	-1	-1	0	-1	0	47	0	10	0	0	39	44	26	0	0	-1	3	31	-1	0	19	38	-1	-1
c9986	0	0	0	-1	-1	20	30	0	-1	28	40	0	21	-1	-1	45	0	-1	39	0	0	3	26	0	0	1	-1	-1	-1	12
c10020	0	7	0	29	0	20	30	47	0	50	40	0	21	0	-1	0	-1	0	37	0	0	3	9	0	-1	1	7	1	0	12
c10022	34	-1	0	-1	0	0	0	0	0	47	-1	-1	21	0	0	-1	0	-1	25	0	3	0	0	0	-1	0	-1	0	8	6
c10057	33	0	-1	-1	9	0	-1	-1	0	0	0	0	0	43	0	0	-1	0	0	0	0	26	0	26	12	0	19	0	-1	0
c10058	0	0	50	18	0	20	30	-1	11	0	40	0	-1	49	-1	0	0	0	0	0	0	3	0	0	-1	1	0	1	-1	-1
c10086	-1	0	-1	0	44	48	0	-1	49	0	0	-1	0	-1	47	-1	-1	45	-1	47	0	-1	0	0	-1	-1	-1	-1	15	-1
c10109	0	-1	43	0	3	0	0	0	0	-1	29	50	29	0	-1	0	0	0	-1	29	32	39	0	0	-1	0	-1	0	0	0
c10120	0	21	0	0	0	0	23	-1	0	0	4	35	0	0	19	-1	0	43	0	0	0	13	-1	43	44	0	19	0	0	0
c10121	0	0	-1	0	0	0	23	0	0	0	4	35	0	0	0	-1	-1	43	0	0	0	13	-1	43	44	0	-1	0	0	-1
c10125	38	0	0	0	-1	0	0	-1	0	0	40	0	21	-1	37	0	15	0	0	0	0	0	-1	0	0	0	-1	-1	8	0
c10146	49	0	0	0	0	-1	0	0	0	0	15	35	-1	30	-1	0	0	-1	0	-1	0	-1	-1	29	-1	0	19	0	43	0
c10178	0	-1	0	-1	43	0	0	-1	-1	-1	0	0	0	-1	0	0	-1	0	-1	0	-1	0	-1	0	0	0	19	38	-1	0
c10202	0	0	11	15	-1	-1	30	17	0	13	40	0	21	0	20	49	23	-1	0	4	45	-1	19	-1	0	1	-1	-1	0	12
c10230	0	0	0	-1	0	0	0	0	14	-1	0	35	-1	0	0	0	-1	0	0	34	0	0	0	17	-1	-1	19	0	0	0
c10240	0	0	-1	-1	16	0	-1	-1	0	0	-1	0	0	-1	0	0	39	0	43	0	0	0	3	31	0	0	19	-1	45	0
c10276	0	0	-1	0	3	0	26	0	35	0	37	0	-1	0	0	-1	0	0	28	0	0	0	16	33	0	-1	19	0	0	-1
c10297	0	0	43	0	-1	0	19	-1	47	0	37	0	-1	0	0	20	-1	0	28	0	0	-1	16	0	-1	0	19	43	0	7
c10298	0	0	0	0	47	0	23	0	0	0	0	-1	25	0	15	0	-1	0	0	0	0	13	0	43	29	0	-1	0	47	0
c10308	-1	0	-1	15	0	0	49	0	0	0	25	-1	-1	0	-1	-1	0	0	0	34	0	0	0	0	25	0	19	4	0	1
c10309	0	0	1	15	-1	0	49	0	43	0	25	35	34	0	0	-1	0	0	0	34	0	0	0	-1	25	0	19	4	-1	1
c10354	29	0	0	-1	33	-1	0	0	1	0	40	0	21	-1	0	-1	0	0	0	0	0	26	50	0	-1	40	0	-1	8	0
c10369	0	-1	48	0	0	-1	-1	-1	0	0	-1	29	29	-1	-1	26	7	3	0	-1	0	0	0	0	0	0	0	8	0	34
c10388	0	28	0	-1	47	0	0	0	0	0	0	47	0	10	0	0	39	44	26	17	0	-1	3	31	11	0	19	-1	-1	31
c10392	5	0	-1	-1	0	-1	-1	0	0	43	0	35	-1	-1	28	0	-1	0	0	47	26	0	-1	0	0	-1	19	48	0	3
c10396	0	0	-1	0	-1	-1	0	0	14	-1	0	-1	0	0	0	0	0	0	0	34	0	-1	0	0	0	-1	19	0	-1	-1
c10397	16	0	-1	0	-1	-1	0	0	-1	0	0	35	0	0	0	-1	0	0	0	34	0	0	0	0	0	-1	-1	0	0	0
c10411	0	3	0	0	-1	-1	-1	0	49	-1	-1	35	0	31	0	0	0	0	0	0	0	0	0	0	-1	0	19	0	0	27
c10423	5	0	0	45	0	0	0	-1	0	-1	-1	35	0	-1	0	-1	0	-1	0	43	0	15	-1	-1	-1	26	19	-1	0	-1
c10427	45	0	-1	-1	3	0	-1	0	0	0	37	0	34	0	0	0	-1	-1	28	29	0	0	16	0	0	19	19	-1	0	0
c10444	25	45	0	0	0	0	0	-1	14	-1	-1	35	0	-1	0	0	0	0	0	34	-1	0	0	-1	0	0	19	13	45	34
c10458	0	-1	43	32	3	0	21	0	0	0	0	0	47	20	26	-1	0	0	34	1	0	0	0	0	0	0	19	47	-1	26
c10466	0	28	0	-1	0	33	0	-1	-1	0	0	31	0	10	0	0	39	44	-1	29	-1	47	3	31	0	0	19	38	1	0
c10467	0	28	-1	-1	0	33	0	15	-1	0	0	-1	0	10	0	0	39	44	26	29	0	47	-1	31	0	0	19	38	1	0
c10473	0	3	0	0	-1	0	23	0	49	47	-1	35	0	31	0	0	0	-1	28	0	0	0	0	0	30	0	-1	0	0	27
c10491	0	0	0	0	0	20	-1	0	0	0	40	0	21	0	0	0	0	0	0	0	0	3	48	0	-1	1	-1	1	0	12
c10502	0	34	43	0	-1	0	0	0	-1	29	29	26	0	0	-1	33	0	0	-1	-1	-1	0	0	0	0	0	-1	50	0	0
c10589	0	-1	0	-1	0	0	0	43	0	0	0	0	0	10	-1	0	39	44	26	0	-1	30	3	31	-1	0	19	38	1	0
c10593	-1	-1	-1	0	47	-1	23	0	0	0	8	-1	25	0	15	15	26	0	0	0	-1	13	0	43	-1	0	-1	0	47	-1
c10594	-1	-1	-1	0	3	0	0	26	0	-1	22	15	0	0	29	-1	0	0	20	0	0	-1	6	0	-1	47	19	0	-1	0
c10614	-1	-1	0	0	-1	-1	0	0	-1	-1	0	35	0	-1	-1	0	0	0	0	-1	26	0	0	0	0	23	19	0	0	-1
c10615	0	0	0	0	0	0	0	0	14	0	-1	-1	0	-1	0	0	0	0	0	34	26	0	0	0	0	23	19	0	0	0
c10626	0	-1	0	0	47	0	-1	1	-1	0	-1	-1	25	0	15	34	0	0	0	0	-1	13	12	-1	-1	0	19	0	0	0
c10627	0	-1	0	0	47	-1	23	1	39	-1	-1	-1	25	0	15	-1	0	0	0	0	0	13	12	43	0	-1	19	0	0	0
c10642	25	-1	0	0	0	-1	0	25	14	0	0	35	-1	-1	0	-1	0	0	-1	-1	0	0	0	-1	0	0	19	13	-1	0
c10644	0	-1	43	0	3	-1	0	0	0	0	-1	6	9	0	15	-1	-1	0	-1	0	0	0	16	0	0	0	19	0	0	0
c10652	0	0	0	-1	0	-1	23	0	0	0	4	-1	-1	0	0	-1	0	43	0	-1	0	13	-1	-1	0	-1	19	0	0	0
c10678	0	-1	43	32	3	0	12	0	50	43	0	0	-1	20	26	0	0	0	34	1	0	0	44	0	0	-1	19	-1	43	26
c10686	0	-1	0	-1	0	-1	0	0	14	-1	0	35	25	0	0	-1	0	8	0	-1	0	0	0	0	-1	-1	19	-1	0	0
c10719	-1	0	33	0	0	4	15	0	0	12	0	0	0	43	-1	-1	26	6	0	0	0	26	1	0	12	-1	19	0	-1	0
c10724	-1	45	43	-1	3	0	-1	26	0	-1	22	15	-1	0	29	26	0	0	20	-1	0	0	-1	0	0	47	-1	-1	0	0
c10758	0	0	43	0	3	0	-1	0	0	-1	37	0	3	0	1	8	0	0	28	0	0	19	16	0	-1	0	-1	-1	0	0
c10760	0	0	26	-1	33	-1	0	0	-1	-1	-1	-1	-1	0	11	0	-1	0	0	34	1	0	50	0	-1	-1	0	0	8	0
c10773	0	0	0	0	0	7	23	0	-1	0	45	35	0	14	0	0	0	0	-1	0	0	13	-1	43	-1	0	19	0	0	0
c10780	0	0	-1	0	-1	18	6	0	-1	1	40	0	21	0	0	0	-1	-1	-1	0	0	0	0	0	0	0	0	0	8	3
c10786	3	0	0	29	39	-1	30	-1	0	50	-1	0	21	0	-1	0	-1	-1	0	0	0	3	39	0	-1	1	7	1	0	12
c10810	0	0	0	-1	47	20	-1	47	-1	11	40	0	21	0	0	-1	0	0	43	27	0	3	0	0	0	1	0	1	0	12
c10841	-1	34	-1	-1	0	0	0	0	0	-1	0	-1	0	-1	19	-1	0	25	0	0	0	0	0	0	8	0	19	0	-1	29
c10856	6	0	11	39	3	20	-1	-1	34	13	40	0	21	0	20	0	1	-1	3	-1	3	3	19	1	-1	-1	-1	34	-1	12
c10864	0	-1	0	0	47	-1	23	0	-1	0	0	-1	25	0	15	0	26	0	0	0	-1	13	0	43	0	0	19	34	47	0
c10895	-1	26	43	32	-1	15	-1	-1	26	0	0	0	0	-1	0	0	1	33	0	33	0	0	0	0	0	-1	19	0	43	26
c10901	-1	0	0	0	0	0	0	0	14	0	0	-1	0	-1	-1	-1	0	0	0	34	0	0	-1	0	0	0	19	-1	-1	0
c10940	0	0	43	0	3	0	0	34	0	29	29	0	0	0	-1	33	15	0	28	0	32	0	0	-1	-1	0	-1	0	-1	0
c10976	0	0	23	26	0	45	23	0	0	-1	-1	35	0	0	-1	1	0	0	0	0	0	13	0	-1	0	0	19	0	-1	15
c10977	0	-1	23	26	0	0	23	0	0	0	4	35	-1	0	0	1	-1	0	0	-1	-1	-1	0	-1	0	0	19	-1	0	-1
c10990	8	0	0	0	0	0	0	0	14	0	0	35	0	0	0	0	0	-1	-1	34	-1	0	0	0	0	23	19	-1	0	0
c11033	26	-1	-1	-1	-1	20	-1	0	47	38	40	0	21	0	0	0	0	-1	-1	27	0	3	0	-1	0	1	-1	1	12	12
c11034	4	-1	0	-1	0	0	50	0	0	26	-1	17	0	10	0	18	39	44	-1	0	43	0	3	31	-1	0	19	-1	1	-1
c11035	4	-1	-1	-1	0	0	50	0	0	-1	-1	-1	0	10	0	0	-1	44	7	0	43	0	3	31	-1	0	19	38	-1	0
c11040	0	-1	0	0	0	-1	0	34	-1	-1	0	0	0	-1	-1	16	0	33	-1	3	30	0	0	0	0	0	0	-1	0	0
c11049	0	28	0	-1	0	-1	50	-1	0	-1	17	0	3	10	0	0	-1	44	-1	4	43	0	3	-1	0	0	19	38	1	-1
c11059	-1	-1	0	0	0	3	0	0	0	0	0	0	0	0	0	0	0	0	-1	0	-1	0	0	-1	0	0	19	38	0	0
c11072	0	-1	0	0	-1	0	0	0	0	25	40	0	-1	0	0	0	0	0	0	13	0	0	50	13	20	0	0	0	8	0
c11084	0	0	0	0	0	20	-1	34	29	0	40	0	21	47	-1	-1	0	-1	0	0	0	3	0	0	-1	-1	6	1	0	12
c11107	0	0	0	-1	0	-1	30	47	47	38	-1	0	21	-1	0	48	0	7	43	27	0	3	0	0	-1	1	0	1	-1	12
c11116	0	-1	-1	0	0	0	0	0	0	-1	-1	35	0	0	36	0	-1	0	43	-1	0	33	0	12	0	-1	19	11	0	-1
c11117	0	0	-1	0	0	0	0	0	0	34	-1	35	0	-1	36	-1	-1	0	43	0	-1	33	0	-1	0	0	-1	11	0	29
c11119	0	29	33	29	9	0	15	-1	0	26	-1	26	0	43	0	-1	-1	0	0	1	-1	26	-1	0	12	0	19	0	-1	-1
c11127	0	0	0	-1	0	0	-1	0	0	0	-1	0	0	34	0	0	39	-1	0	0	0	-1	3	31	-1	0	-1	38	0	31
c11159	0	0	0	0	0	26	23	0	0	39	0	35	-1	0	15	-1	0	-1	0	0	0	-1	7	43	20	0	19	0	-1	-1
c11165	30	0	-1	-1	3	0	-1	43	0	0	37	6	9	-1	0	0	-1	0	28	-1	0	0	16	0	0	-1	-1	0	0	-1
c11170	44	0	42	0	-1	0	-1	0	0	0	-1	-1	0	0	0	0	0	0	8	0	0	0	-1	0	0	-1	19	0	-1	15
c11177	0	0	-1	0	33	-1	-1	-1	-1	0	40	0	-1	-1	0	49	0	-1	0	0	-1	0	50	0	0	0	0	-1	8	-1
c11204	0	0	33	0	0	-1	15	-1	0	12	-1	-1	34	43	0	0	-1	0	-1	0	-1	26	1	0	12	0	19	0	0	0
c11215	0	43	0	0	-1	-1	-1	0	0	23	-1	0	29	26	26	0	7	-1	39	0	-1	12	34	0	48	0	39	8	-1	0
c11243	0	23	0	0	29	0	34	0	-1	0	0	35	-1	0	0	0	0	25	23	0	0	3	3	0	0	0	19	0	21	-1
c11260	0	0	-1	0	0	0	36	45	14	-1	0	-1	0	0	0	0	-1	0	39	34	-1	0	0	-1	-1	0	19	0	-1	-1
c11272	23	45	43	0	3	0	0	-1	0	48	22	15	33	0	29	26	0	0	-1	-1	0	0	0	0	0	0	19	0	0	0
c11275	0	-1	-1	0	14	0	16	0	8	0	33	35	0	0	0	0	16	0	8	0	-1	-1	0	0	0	-1	19	20	0	0
c11310	0	-1	-1	-1	0	49	-1	0	-1	34	-1	35	-1	0	36	0	0	0	43	0	-1	33	-1	-1	0	0	19	-1	0	29
c11311	0	0	15	0	0	49	0	0	0	34	-1	35	-1	0	36	0	-1	0	43	0	0	33	-1	12	-1	0	19	0	0	29
c11318	-1	-1	-1	-1	0	0	-1	33	0	0	-1	-1	-1	34	31	0	39	14	0	0	50	0	3	31	0	-1	19	-1	-1	31
c11362	25	0	0	0	0	0	0	0	14	0	18	35	0	-1	0	-1	0	0	0	-1	-1	19	0	-1	0	0	19	13	0	0
c11377	0	0	43	0	3	0	-1	-1	0	-1	-1	31	0	-1	0	0	0	0	28	0	-1	0	-1	0	16	-1	-1	0	15	0
c11393	0	0	43	-1	-1	0	0	39	0	0	36	0	0	-1	0	0	30	15	0	0	0	-1	-1	-1	0	-1	-1	19	-1	0
c11414	0	28	0	-1	0	0	-1	0	0	0	0	47	-1	-1	0	-1	39	44	26	13	0	-1	3	-1	-1	0	-1	38	1	31
c11418	-1	-1	43	-1	-1	-1	37	-1	0	0	37	0	0	-1	0	0	0	3	-1	0	26	0	16	50	0	0	19	48	0	0
c11422	0	0	48	-1	0	-1	-1	-1	0	0	0	29	29	0	0	0	7	3	0	-1	0	0	43	0	39	-1	0	8	0	-1
c11442	0	0	0	0	0	0	25	0	0	-1	0	0	-1	-1	0	0	0	0	0	-1	-1	-1	-1	0	0	14	19	38	0	-1
c11452	0	0	0	0	0	-1	23	0	12	-1	0	-1	25	0	-1	0	-1	17	-1	0	0	-1	3	43	-1	0	-1	0	-1	0
c11453	-1	0	0	0	0	0	23	-1	12	-1	17	-1	25	-1	15	0	-1	-1	0	0	0	13	3	43	-1	0	19	0	0	0
c11477	0	-1	-1	0	-1	-1	0	13	0	23	-1	0	29	0	43	-1	-1	20	0	0	-1	0	0	0	48	0	0	8	-1	44
c11522	0	28	0	-1	-1	0	-1	0	0	0	0	39	0	10	27	-1	39	-1	7	0	43	0	3	31	0	0	19	38	1	-1
c11527	3	0	15	50	1	0	0	0	0	-1	15	35	0	43	19	-1	-1	0	0	0	0	-1	0	0	8	-1	19	0	43	29
c11536	0	-1	0	-1	0	0	0	0	0	-1	-1	0	0	10	0	0	39	44	-1	-1	0	0	3	-1	0	0	19	38	1	0
c11537	0	28	0	-1	0	-1	-1	0	0	0	-1	0	0	10	0	0	39	44	26	15	0	-1	3	-1	0	0	19	38	1	0
c11555	5	50	0	45	-1	-1	15	0	-1	14	0	35	-1	0	-1	-1	0	0	0	-1	0	0	-1	0	0	39	19	48	0	0
c11570	-1	0	0	0	0	0	23	49	0	-1	0	35	-1	0	0	29	0	36	12	0	12	-1	0	0	48	-1	19	0	0	44
c11583	0	0	0	0	0	20	-1	-1	0	0	40	0	21	0	0	0	0	0	0	0	0	3	0	0	0	1	0	1	-1	12
c11585	0	0	11	0	-1	20	-1	33	34	13	40	0	-1	0	20	0	0	-1	0	47	0	3	19	34	-1	1	-1	34	-1	12
c11586	0	0	-1	-1	0	0	-1	0	0	17	-1	-1	0	34	-1	29	-1	0	-1	0	-1	0	3	31	0	-1	-1	38	0	14
c11597	0	0	-1	0	33	0	0	0	0	25	40	0	21	-1	0	15	0	0	0	0	-1	0	50	13	20	0	-1	0	8	-1
c11608	0	16	0	0	33	0	0	0	29	-1	40	6	21	0	0	0	0	0	-1	0	0	0	-1	0	32	0	0	-1	8	0
c11619	-1	0	6	-1	0	20	30	0	47	0	40	0	21	-1	0	0	0	0	43	27	-1	3	0	47	0	1	0	-1	-1	12
c11661	0	0	-1	39	-1	-1	0	-1	0	-1	0	35	0	26	0	0	-1	23	0	38	7	0	29	0	0	-1	19	0	0	-1
c11675	5	-1	-1	34	-1	-1	23	50	0	0	4	35	0	0	0	1	-1	0	0	0	-1	13	30	43	0	0	19	-1	15	0
c11689	0	0	-1	-1	13	49	-1	0	0	15	-1	0	0	-1	0	1	39	26	0	-1	34	37	3	-1	0	0	19	38	34	0
c11695	0	-1	43	-1	3	0	-1	0	0	0	-1	49	26	-1	26	0	0	0	0	1	0	8	0	0	0	0	19	0	43	-1
c11696	0	0	0	0	14	45	40	-1	0	-1	0	35	13	16	0	0	-1	0	26	0	-1	0	0	0	0	-1	19	-1	0	0
c11716	0	0	43	-1	3	0	-1	-1	-1	-1	37	0	0	0	0	0	15	0	28	20	0	34	-1	-1	-1	0	19	0	0	0
c11719	-1	0	0	0	0	20	30	0	-1	-1	-1	0	21	-1	43	0	-1	3	43	-1	0	3	17	47	0	1	-1	-1	33	-1
c11725	-1	0	0	0	0	20	30	13	47	-1	40	0	21	12	-1	0	-1	0	43	27	0	3	0	0	-1	1	-1	1	12	-1
c11729	0	-1	0	0	0	20	-1	0	0	0	40	-1	21	-1	34	0	0	-1	0	0	27	3	0	0	-1	1	3	34	0	12
c11738	-1	0	43	-1	-1	0	0	0	47	-1	37	0	-1	0	-1	20	0	0	28	0	0	25	16	0	0	-1	19	0	0	0
c11759	0	0	43	0	3	4	0	34	0	29	29	0	-1	0	-1	-1	-1	0	-1	0	32	0	0	7	38	0	-1	0	8	26
c11795	-1	0	26	0	47	0	23	0	0	0	0	-1	25	0	15	0	0	0	0	1	-1	-1	0	43	0	0	19	0	-1	0
c11801	43	0	43	9	3	0	-1	-1	43	0	37	-1	0	0	0	0	0	0	28	0	-1	0	16	-1	0	38	-1	0	0	0
c11810	-1	0	0	-1	0	0	23	0	-1	39	0	-1	25	0	15	-1	0	-1	-1	0	0	13	0	-1	0	0	19	-1	0	0
c11811	0	0	0	0	0	0	23	0	-1	39	0	35	-1	-1	-1	-1	0	-1	-1	0	0	13	0	43	0	-1	19	-1	0	0
c11829	0	15	0	0	19	20	30	0	-1	0	40	0	21	-1	0	0	0	-1	0	-1	0	3	-1	49	0	1	3	34	0	12
c11834	31	-1	0	0	-1	0	0	0	0	0	40	0	21	15	0	12	0	0	-1	0	0	12	50	0	29	0	43	-1	8	0
c11836	6	-1	0	-1	-1	-1	0	13	0	23	0	0	29	8	-1	0	0	-1	0	0	0	-1	1	0	48	0	-1	-1	0	0
c11856	5	26	0	45	0	0	0	33	0	26	-1	-1	0	0	0	11	-1	-1	0	0	-1	-1	-1	0	0	0	19	-1	0	0
c11864	0	0	15	0	-1	0	0	0	0	34	-1	35	-1	0	-1	0	-1	0	43	0	-1	33	0	12	0	0	19	-1	0	29
c11881	-1	0	0	0	0	4	0	-1	0	0	0	35	43	18	-1	-1	0	-1	0	0	-1	-1	-1	0	-1	26	19	-1	0	-1
c11883	3	0	15	-1	0	0	0	0	0	34	0	35	0	0	19	-1	0	0	0	0	0	0	0	0	8	-1	19	0	-1	29
c11898	0	0	0	17	0	0	0	-1	14	0	0	-1	-1	0	0	0	0	39	-1	34	0	49	0	0	25	-1	19	-1	-1	-1
c11899	0	0	0	17	-1	-1	0	-1	14	0	0	35	0	0	0	0	0	39	-1	34	0	-1	0	0	-1	0	19	0	0	0
c11908	-1	0	0	-1	0	0	23	0	0	-1	-1	35	-1	-1	0	1	0	0	0	0	0	13	0	-1	-1	0	19	0	0	17
c11910	25	0	-1	0	0	0	0	-1	14	0	0	35	0	-1	0	0	0	0	0	34	0	0	0	0	0	0	19	13	-1	0
c11919	-1	0	15	0	1	0	0	0	0	34	-1	35	0	0	19	-1	0	0	0	0	0	-1	0	0	8	-1	19	-1	0	29
c11924	0	12	48	0	0	-1	-1	0	25	0	0	-1	29	-1	0	39	0	-1	0	0	-1	0	0	0	0	49	0	-1	0	0
c11934	25	0	0	-1	0	39	0	0	14	34	0	35	0	-1	-1	0	0	-1	-1	34	0	34	0	0	0	12	19	13	0	-1
c11935	25	-1	-1	0	0	39	0	0	14	34	0	35	0	-1	-1	-1	0	0	-1	34	0	34	0	0	0	12	19	-1	0	-1
c11939	0	0	33	0	0	-1	15	0	25	-1	0	30	0	43	0	0	-1	0	0	0	-1	26	1	0	12	-1	19	-1	0	0
c11968	-1	0	0	0	-1	20	30	0	0	0	40	47	21	47	0	20	34	-1	-1	0	0	3	0	-1	0	1	3	34	0	12
c11977	25	0	0	0	-1	30	-1	0	14	-1	0	35	0	-1	-1	-1	0	0	0	34	0	0	0	0	0	0	-1	-1	26	0
c11978	0	0	0	17	0	0	29	-1	14	-1	0	35	-1	0	-1	0	0	39	-1	-1	0	-1	0	-1	0	-1	19	0	0	0
c11999	0	45	43	0	3	0	0	26	0	-1	22	15	0	-1	29	26	0	-1	20	0	-1	-1	0	0	0	0	19	0	-1	-1
c12004	0	28	0	-1	-1	34	-1	0	0	-1	0	0	0	-1	0	0	-1	44	-1	35	0	0	3	31	0	0	19	-1	1	0
c12005	0	28	0	-1	-1	34	0	0	-1	34	0	0	-1	0	-1	0	39	44	-1	-1	0	0	3	31	0	0	19	38	1	0
c12027	0	3	0	47	-1	0	23	0	0	8	-1	35	0	31	0	-1	0	0	-1	0	0	0	0	-1	39	-1	19	-1	0	27
c12029	38	0	0	0	-1	0	0	0	0	0	0	35	-1	0	26	0	0	0	-1	0	2	0	6	-1	19	0	19	-1	-1	-1
c12039	26	-1	0	0	0	20	30	0	0	0	40	0	21	0	0	-1	-1	37	0	-1	0	3	48	0	-1	1	0	1	0	12
c12049	25	0	0	0	0	0	0	0	14	0	18	35	12	-1	-1	0	0	-1	0	-1	-1	-1	0	0	-1	0	19	13	48	0
c12069	0	0	-1	0	-1	-1	0	0	0	34	-1	35	0	-1	-1	21	-1	0	43	0	0	-1	32	12	-1	-1	19	-1	0	-1
c12091	0	0	0	0	0	-1	0	-1	-1	0	0	0	-1	36	23	0	0	0	30	3	30	-1	15	-1	0	0	0	19	43	0
c12101	34	2	0	0	0	12	0	11	26	47	40	0	-1	34	0	-1	0	-1	-1	0	3	34	-1	0	0	0	0	32	-1	0
c12133	-1	-1	0	0	47	0	23	0	-1	0	0	-1	25	0	15	0	0	-1	0	0	0	13	28	43	25	43	19	0	0	-1
c12140	0	0	-1	17	0	0	0	-1	14	0	0	35	0	0	0	0	0	39	35	34	0	49	0	0	-1	0	19	0	0	0
c12147	44	29	0	37	0	0	28	0	38	0	0	-1	7	0	0	0	-1	0	-1	0	-1	0	0	0	0	0	-1	38	-1	0
c12156	0	0	0	-1	0	-1	0	0	-1	19	0	0	0	36	23	43	-1	0	0	3	0	-1	-1	23	49	40	34	8	0	0
c12159	0	14	48	-1	0	-1	-1	-1	-1	-1	-1	29	29	0	0	26	7	3	15	0	0	0	-1	0	0	0	0	8	-1	0
c12162	0	0	1	0	47	0	-1	-1	0	0	0	-1	25	0	15	-1	0	0	-1	-1	0	13	-1	43	0	0	19	0	-1	0
c12163	0	0	1	0	47	-1	23	0	-1	0	0	-1	25	0	15	0	0	-1	0	-1	0	-1	12	43	0	0	19	0	0	0
c12166	0	-1	43	0	3	0	19	0	43	0	37	0	0	-1	-1	0	0	0	28	0	-1	15	16	0	16	31	19	0	15	0
c12182	-1	0	37	23	0	25	0	0	-1	25	0	35	4	0	47	36	0	0	0	34	0	0	47	0	-1	0	19	45	0	0
c12186	0	-1	0	0	-1	20	30	26	0	0	40	-1	21	0	0	0	0	-1	-1	0	0	3	43	0	0	-1	-1	34	-1	12
c12202	0	-1	43	0	3	0	0	-1	47	0	37	0	0	0	0	20	0	0	28	0	0	-1	-1	1	0	0	-1	0	0	0
c12212	-1	-1	0	0	0	0	-1	15	0	15	0	35	20	-1	0	-1	0	-1	-1	0	-1	0	0	47	-1	3	19	-1	-1	0
c12222	-1	39	12	0	34	6	12	-1	0	47	40	-1	21	0	0	0	0	0	-1	0	3	0	0	29	-1	0	0	0	8	0
c12240	0	0	0	-1	33	15	0	0	0	30	-1	34	21	0	43	48	0	-1	0	47	-1	0	50	0	0	0	0	15	8	43
c12255	-1	0	-1	0	3	0	0	0	28	0	37	0	-1	23	43	-1	0	-1	28	-1	0	0	-1	-1	-1	0	19	45	15	0
c12277	-1	-1	42	0	-1	0	0	0	26	0	-1	-1	15	0	0	0	-1	-1	-1	0	0	0	-1	0	-1	0	19	0	-1	14
c12279	47	0	0	50	0	0	-1	-1	14	0	0	35	0	0	-1	0	0	0	0	0	0	0	0	0	0	0	19	-1	-1	0
c12303	0	-1	0	0	0	0	23	0	0	39	0	35	25	0	15	-1	0	0	0	0	-1	13	33	43	0	0	-1	0	0	0
c12316	0	0	42	0	-1	0	-1	0	47	0	0	-1	0	0	0	0	-1	-1	-1	0	0	0	0	15	0	-1	-1	0	0	0
c12321	1	0	43	0	-1	0	0	0	-1	0	-1	0	23	0	0	0	0	0	0	29	0	0	0	0	-1	12	19	0	0	-1
c12323	-1	0	0	-1	47	0	23	-1	-1	0	0	-1	25	0	15	0	0	29	0	0	-1	13	0	43	0	0	-1	0	0	0
c12325	0	-1	33	0	0	4	15	0	0	12	0	0	0	43	0	0	26	6	0	-1	0	26	1	0	12	0	-1	0	0	0
c12329	-1	0	26	0	0	0	25	0	29	0	0	0	-1	-1	0	0	0	0	0	0	-1	-1	15	0	-1	-1	19	38	0	0
c12337	0	3	-1	0	25	20	30	-1	-1	0	40	0	-1	0	0	14	39	21	43	27	-1	3	0	26	0	1	0	1	-1	-1
c12351	0	0	0	0	33	0	0	0	0	0	-1	-1	21	15	29	12	3	0	-1	-1	0	0	50	15	29	0	43	-1	8	-1
c12401	0	0	0	-1	-1	20	30	-1	47	0	40	0	21	0	0	-1	0	0	43	27	0	-1	-1	0	0	1	0	-1	-1	12
c12404	0	-1	0	0	0	0	23	0	12	0	0	-1	25	0	15	0	0	17	0	0	0	-1	3	-1	-1	0	-1	0	0	0
c12405	0	0	0	0	0	0	-1	0	12	0	-1	-1	25	0	15	-1	-1	-1	0	0	0	13	3	43	-1	0	19	0	0	0
c12406	25	0	0	0	12	-1	0	0	14	43	6	-1	0	-1	0	6	0	0	29	34	0	0	0	0	0	0	19	13	-1	-1
c12418	0	0	43	0	3	-1	-1	0	-1	0	37	40	0	0	-1	0	-1	0	28	20	0	0	16	-1	0	0	19	-1	0	0
c12428	0	28	0	-1	0	0	50	0	0	-1	-1	0	0	-1	0	0	-1	44	7	0	-1	13	3	31	6	0	19	38	1	0
c12432	0	28	0	-1	47	0	-1	0	-1	0	0	47	0	-1	0	0	39	44	26	17	0	-1	3	31	11	0	19	38	1	31
c12433	-1	28	0	-1	47	0	0	0	0	0	0	47	-1	10	-1	0	39	44	26	17	0	-1	3	-1	11	0	19	38	1	31
c12434	0	-1	0	0	-1	-1	0	1	-1	3	0	0	0	36	23	0	-1	0	0	3	0	0	0	0	15	-1	0	0	18	0
c12441	0	0	-1	-1	0	20	-1	33	34	13	40	0	21	0	20	0	0	-1	45	47	-1	3	19	15	0	1	3	34	0	12
c12452	25	0	0	-1	0	0	0	0	14	-1	-1	-1	0	-1	0	0	0	0	0	34	0	0	0	-1	0	0	19	13	0	34
c12462	0	0	-1	0	3	0	0	-1	-1	0	0	0	48	0	16	29	0	0	0	8	0	0	0	0	0	-1	19	0	0	0
c12463	-1	0	-1	0	3	0	0	0	-1	0	0	0	48	-1	16	29	0	0	0	8	0	0	-1	0	0	0	19	-1	0	0
c12471	0	45	0	0	0	0	0	-1	14	-1	-1	35	0	0	0	0	0	0	3	34	0	0	0	0	-1	-1	19	25	0	-1
c12494	0	-1	48	0	0	-1	-1	-1	0	0	0	29	29	0	0	0	0	3	49	0	0	-1	0	-1	0	-1	-1	8	0	-1
c12511	0	-1	43	4	3	8	48	3	0	0	37	0	0	0	0	-1	39	0	28	0	6	-1	16	-1	0	0	19	14	0	0
c12514	0	17	1	15	0	0	0	-1	-1	0	25	35	23	0	-1	0	0	0	0	-1	0	0	-1	-1	-1	0	-1	4	6	1
c12518	49	-1	38	0	45	0	0	15	39	0	0	35	0	0	12	0	-1	-1	0	11	0	0	38	29	39	0	19	0	43	0
c12519	49	0	-1	-1	45	0	0	15	39	0	0	35	0	-1	12	0	-1	0	0	11	0	0	38	-1	39	0	-1	0	43	0
c12520	0	28	0	-1	0	-1	-1	0	0	-1	0	0	0	-1	0	0	39	-1	26	15	0	-1	3	-1	49	0	19	38	1	0
c12524	0	28	0	-1	0	0	0	0	0	0	0	47	0	10	0	0	39	44	26	0	0	-1	-1	31	11	29	19	38	1	31
c12525	0	28	0	-1	0	-1	0	0	0	0	0	47	0	10	-1	-1	39	44	26	0	0	-1	3	31	11	29	19	38	1	31
c12540	0	0	0	0	47	0	23	0	-1	0	-1	-1	25	0	15	-1	-1	-1	0	0	0	13	40	43	0	0	19	0	0	0
c12541	0	0	0	0	47	0	23	0	0	0	14	-1	-1	0	15	0	0	29	0	0	-1	-1	40	43	-1	0	19	0	0	0
c12578	6	47	43	0	3	34	0	0	-1	0	25	20	0	15	-1	0	26	0	0	0	0	0	0	0	0	0	19	0	26	0
c12592	0	-1	0	0	0	0	12	11	14	49	0	35	0	0	-1	4	0	0	0	34	-1	0	0	12	0	-1	19	-1	-1	-1
c12593	0	-1	-1	0	0	0	-1	11	14	49	0	-1	0	0	-1	4	0	0	0	34	-1	0	0	12	0	0	-1	-1	0	7
c12608	-1	0	-1	0	47	-1	23	-1	0	0	0	-1	25	-1	15	0	0	26	0	0	0	13	12	43	0	0	19	0	-1	0
c12609	-1	0	1	0	47	0	23	0	0	-1	0	-1	25	0	15	-1	0	0	0	0	0	-1	-1	-1	0	0	19	0	0	0
c12610	0	0	0	-1	14	20	30	0	0	50	40	0	21	0	0	0	0	0	0	0	0	3	0	0	27	1	7	-1	0	12
c12653	39	23	-1	0	0	20	-1	0	45	0	40	0	21	25	0	-1	0	-1	34	0	3	3	26	0	-1	1	3	-1	-1	-1
c12655	0	0	0	-1	0	0	0	0	14	0	0	35	-1	0	0	0	0	0	7	34	0	0	0	0	0	0	19	0	-1	0
c12659	-1	0	17	29	-1	0	0	0	14	12	0	35	26	0	-1	0	50	0	0	34	0	0	0	-1	0	0	-1	0	0	0
c12660	-1	0	-1	0	3	-1	0	-1	0	0	0	0	-1	-1	0	0	11	-1	-1	0	0	-1	0	29	0	0	-1	0	0	-1
c12679	0	0	0	-1	0	20	30	0	-1	-1	-1	0	21	47	-1	0	0	0	0	0	0	3	0	0	0	1	6	1	0	-1
c12686	3	-1	0	-1	47	0	-1	0	47	0	0	-1	25	-1	15	0	0	29	0	0	0	13	0	43	0	0	19	-1	0	0
c12693	0	-1	0	0	0	-1	49	0	14	0	0	35	0	0	0	0	0	0	0	-1	0	0	-1	0	0	23	-1	0	0	0
c12703	0	0	0	0	0	26	-1	-1	0	39	0	35	25	0	15	-1	0	-1	-1	43	-1	13	7	43	20	-1	19	0	0	0
c12716	0	20	31	0	0	20	-1	-1	-1	-1	-1	-1	21	0	0	0	-1	-1	0	-1	19	3	-1	-1	0	1	3	34	12	12
c12724	-1	38	0	0	33	0	29	0	0	0	40	3	21	0	0	-1	0	0	0	0	2	4	50	-1	0	39	0	-1	-1	0
c12730	0	-1	0	-1	-1	0	50	-1	0	0	0	-1	0	10	0	-1	39	-1	7	-1	43	-1	3	31	-1	0	19	38	1	0
c12731	0	28	0	-1	-1	0	50	0	0	-1	-1	39	-1	10	0	-1	39	44	7	-1	43	0	3	31	0	0	19	38	1	0
c12762	15	0	43	0	3	0	35	0	-1	0	0	0	0	0	-1	0	11	-1	-1	0	0	-1	0	29	0	-1	-1	0	7	-1
c12767	0	0	0	0	-1	0	23	0	0	0	0	-1	25	0	15	-1	0	29	-1	0	0	-1	0	-1	0	0	19	0	-1	0
c12772	0	0	-1	-1	0	49	-1	-1	-1	15	-1	0	0	34	0	0	39	26	0	0	34	-1	3	31	0	0	19	38	0	-1
c12776	0	0	-1	-1	44	-1	0	0	0	0	-1	-1	0	-1	-1	0	0	8	-1	-1	0	0	0	0	-1	-1	19	0	0	-1
c12803	0	-1	43	32	3	0	21	0	0	0	0	0	47	20	26	-1	0	0	-1	1	0	0	0	0	0	-1	19	-1	43	26
c12813	-1	0	0	-1	0	-1	0	0	-1	0	-1	0	3	36	23	-1	-1	-1	0	3	30	0	14	0	0	0	-1	0	36	0
c12856	0	0	0	-1	0	20	30	29	-1	0	40	0	-1	0	49	0	47	21	-1	27	0	-1	0	0	0	-1	0	-1	0	12
c12874	-1	0	-1	0	14	-1	40	15	-1	0	0	35	-1	0	15	0	16	0	26	0	-1	-1	-1	0	12	0	19	20	0	0
c12890	-1	-1	0	43	-1	-1	-1	0	15	30	40	0	21	0	43	48	25	-1	0	0	-1	0	50	0	0	0	-1	15	8	43
c12898	-1	0	0	0	0	31	23	36	-1	-1	24	35	0	0	-1	29	31	0	12	15	-1	43	33	0	0	47	-1	0	47	44
c12916	0	19	0	0	0	26	23	23	0	39	-1	35	25	0	15	-1	0	-1	0	-1	0	13	7	43	20	0	19	-1	0	0
c12919	0	0	-1	0	0	0	0	45	14	0	0	-1	0	0	-1	38	0	0	0	-1	0	0	0	0	-1	6	19	26	0	0
c12920	0	0	-1	0	3	-1	0	26	50	0	0	33	0	0	6	0	0	0	0	0	0	0	15	-1	-1	0	19	0	-1	-1
c12921	0	0	43	0	3	8	0	26	-1	0	0	33	0	0	6	0	-1	0	0	0	-1	0	15	-1	0	0	19	0	0	0
c12930	49	-1	-1	-1	48	-1	0	26	0	0	-1	35	0	30	0	0	0	0	0	-1	50	0	0	29	-1	0	19	0	43	0
c12952	-1	-1	0	-1	-1	-1	0	13	0	23	0	0	-1	8	47	0	0	-1	0	0	0	0	1	-1	48	-1	0	-1	0	0
c12958	0	0	-1	-1	-1	49	-1	0	-1	15	-1	0	0	34	0	-1	39	26	0	3	0	0	3	31	0	0	19	38	0	0
c12959	0	0	-1	-1	0	-1	-1	0	-1	15	-1	-1	-1	34	0	0	39	26	-1	3	0	0	3	-1	0	0	-1	38	0	0
c12987	-1	3	0	0	-1	0	-1	-1	0	8	-1	35	0	31	0	0	0	0	-1	0	0	0	-1	-1	0	-1	19	3	0	27
c12990	0	28	0	-1	0	0	0	44	0	0	0	-1	0	0	0	-1	39	-1	-1	35	12	0	3	-1	-1	0	19	38	1	0
c12994	25	-1	33	0	0	39	0	-1	14	0	0	35	0	-1	30	0	0	0	0	34	12	0	39	-1	17	0	19	13	13	-1
c12996	1	0	43	-1	3	-1	1	0	0	0	0	0	23	0	3	0	0	0	0	0	0	0	-1	0	0	0	19	0	0	0
c13003	0	-1	0	-1	0	0	-1	0	0	0	-1	0	-1	-1	12	-1	-1	14	-1	0	0	0	3	31	0	0	19	38	-1	31
c13005	0	-1	0	-1	0	0	12	19	0	0	-1	-1	33	10	0	0	-1	44	0	25	0	0	3	31	0	0	-1	38	1	0
c13039	0	0	43	0	3	1	15	-1	0	29	29	-1	0	0	-1	33	0	0	28	-1	32	0	-1	-1	-1	0	-1	0	-1	0
c13065	47	35	43	32	3	0	0	0	0	0	0	-1	-1	0	49	0	0	33	0	46	-1	0	11	0	0	-1	19	0	43	26
c13067	33	6	33	0	9	12	15	-1	0	-1	0	-1	0	43	0	0	-1	0	0	-1	0	26	3	0	12	-1	-1	0	0	0
c13069	-1	0	0	0	0	20	-1	0	0	0	-1	0	21	-1	-1	1	0	-1	0	0	0	3	0	-1	0	-1	0	1	23	12
c13078	7	0	-1	0	0	-1	30	26	0	26	-1	0	21	21	0	-1	0	-1	34	0	0	3	43	0	0	1	3	34	-1	12
c13080	0	0	43	0	3	0	0	0	-1	29	29	0	0	-1	-1	33	0	0	28	0	32	0	0	0	0	-1	-1	0	0	0
c13094	0	-1	43	0	3	-1	-1	26	47	48	22	0	0	0	29	0	0	0	0	0	0	21	-1	0	19	0	19	0	-1	0
c13098	0	0	0	0	19	-1	-1	26	0	0	40	0	21	0	29	0	0	-1	34	-1	0	-1	0	20	-1	-1	3	34	-1	-1
c13105	1	0	-1	0	0	29	0	-1	14	-1	0	35	0	0	0	0	0	0	0	34	0	0	-1	17	-1	0	19	0	0	0
c13119	0	0	0	0	47	-1	23	0	0	-1	0	-1	-1	0	15	0	-1	0	0	0	0	13	-1	43	-1	43	19	0	0	0
c13122	0	20	31	0	0	-1	30	0	0	-1	40	-1	-1	0	0	0	0	-1	0	0	0	-1	47	0	0	1	-1	34	12	12
c13126	0	0	-1	0	0	49	0	16	0	34	-1	35	-1	0	-1	0	0	49	-1	0	0	33	0	12	0	0	19	0	0	29
c13127	0	0	15	-1	-1	49	0	16	-1	34	-1	35	0	0	36	0	0	49	43	-1	0	33	-1	12	0	0	19	0	0	29
c13130	25	14	0	0	0	0	0	0	14	43	0	35	45	-1	0	-1	0	17	-1	-1	0	1	0	0	0	-1	19	13	0	-1
c13156	5	0	-1	45	0	0	0	0	0	0	-1	35	0	12	0	11	0	0	0	0	0	0	-1	0	0	0	19	-1	0	0
c13174	0	-1	-1	0	-1	-1	30	0	-1	0	40	0	-1	47	0	-1	0	30	-1	0	-1	3	-1	0	0	-1	6	-1	0	-1
c13185	-1	0	-1	-1	14	-1	0	0	0	-1	0	35	0	0	0	0	16	0	-1	0	47	47	0	-1	0	1	19	20	-1	0
c13190	0	-1	0	39	0	25	0	0	14	13	0	35	0	45	0	0	0	0	-1	34	0	0	-1	3	-1	33	19	-1	50	0
c13194	0	0	0	0	-1	-1	48	0	-1	0	16	8	0	-1	23	45	0	43	-1	3	0	15	0	0	0	0	34	0	0	47
c13201	0	0	-1	0	44	-1	0	0	0	0	34	-1	21	0	0	0	0	8	0	0	0	0	0	21	26	0	19	0	30	0
c13220	0	0	0	-1	-1	29	0	0	14	-1	0	35	0	-1	6	0	0	0	0	34	0	0	0	-1	-1	0	19	0	0	0
c13232	-1	-1	0	0	0	-1	6	0	14	0	0	35	-1	-1	-1	-1	0	43	0	34	0	-1	0	0	0	0	-1	13	0	0
c13242	0	0	-1	-1	0	-1	-1	40	12	0	-1	-1	-1	34	26	0	39	14	0	0	12	0	-1	31	0	0	19	-1	0	31
c13243	0	0	-1	-1	0	39	-1	40	12	-1	-1	48	-1	-1	26	0	39	14	-1	0	12	-1	3	31	0	0	19	-1	0	31
c13255	-1	0	0	-1	43	20	30	-1	0	0	40	-1	21	47	0	20	34	-1	0	0	0	3	0	0	6	1	3	34	0	12
c13256	0	0	31	0	0	-1	-1	47	-1	0	40	-1	21	0	0	0	0	9	43	-1	0	3	0	0	0	1	0	-1	0	12
c13260	0	0	17	29	-1	0	0	-1	-1	12	-1	35	26	0	0	0	50	0	0	34	0	-1	0	15	0	0	19	0	0	0
c13261	0	0	17	29	-1	0	0	-1	14	-1	3	35	26	0	0	0	50	-1	0	34	0	0	0	15	-1	0	19	0	0	0
c13269	26	-1	0	-1	0	-1	0	0	14	0	16	35	4	0	47	0	0	0	6	34	0	11	-1	0	-1	47	19	0	0	0
c13300	0	45	43	0	3	29	0	26	-1	48	22	0	-1	0	-1	-1	0	0	29	0	0	-1	0	43	26	0	19	0	0	-1
c13318	25	-1	0	0	47	-1	0	25	14	0	0	35	0	-1	0	0	0	0	0	-1	0	0	0	29	0	0	19	13	0	0
c13332	0	0	-1	29	0	-1	30	15	0	50	40	0	-1	-1	14	-1	29	0	0	-1	-1	3	-1	0	27	1	7	1	0	12
c13340	0	-1	43	32	3	0	0	0	43	-1	0	0	0	20	26	0	0	0	0	1	0	0	0	0	-1	0	19	0	43	26
c13343	0	0	-1	0	47	0	23	0	-1	0	0	-1	25	0	15	-1	-1	-1	0	0	-1	13	0	-1	29	0	19	0	-1	0
c13373	0	17	1	-1	21	-1	0	0	0	0	25	35	23	0	0	0	0	0	-1	-1	0	0	0	-1	25	0	19	4	6	1
c13374	-1	0	0	0	21	-1	0	-1	14	0	0	-1	0	-1	17	0	0	0	0	34	-1	0	0	47	13	0	19	13	-1	0
c13378	-1	0	0	-1	0	-1	23	-1	0	39	0	35	25	17	15	-1	0	-1	0	0	0	-1	7	43	20	0	19	0	0	0
c13383	0	0	0	-1	47	0	23	1	39	0	-1	-1	-1	0	15	0	0	0	0	0	-1	13	12	43	0	0	19	0	0	0
c13393	0	-1	43	0	3	8	0	21	-1	34	37	0	-1	-1	0	-1	-1	-1	28	0	6	26	16	18	0	-1	19	0	0	47
c13395	-1	0	30	0	0	-1	0	6	-1	0	0	0	-1	-1	23	0	-1	0	0	3	30	0	0	0	0	3	0	0	43	0
c13415	5	-1	0	45	0	0	0	0	-1	0	0	-1	0	0	0	39	0	-1	0	0	0	0	-1	0	33	0	19	48	0	34
c13428	0	28	0	-1	0	0	-1	44	0	0	0	0	0	0	0	0	39	44	-1	35	-1	0	3	-1	0	0	19	38	1	0
c13429	0	-1	-1	-1	-1	0	-1	44	-1	0	0	-1	0	-1	0	-1	39	44	-1	35	0	0	3	31	0	-1	19	38	1	0
c13436	0	0	-1	0	3	4	0	-1	0	29	29	-1	0	-1	-1	-1	0	0	-1	0	32	-1	0	7	38	0	-1	0	0	26
c13462	5	0	0	45	0	0	-1	0	0	33	-1	35	0	-1	-1	11	0	0	0	-1	-1	0	-1	12	0	0	19	-1	-1	-1
c13471	0	0	0	-1	0	0	47	0	14	-1	0	35	0	0	-1	0	43	0	0	34	0	0	0	17	-1	0	-1	0	-1	0
c13473	0	-1	0	0	0	-1	0	0	-1	0	0	34	0	-1	23	43	0	0	-1	3	0	-1	-1	0	40	0	34	8	0	0
c13485	15	-1	43	-1	3	0	0	26	0	0	-1	-1	0	-1	0	0	11	-1	0	0	0	-1	0	29	0	0	-1	0	0	-1
c13486	-1	0	15	0	1	0	6	0	17	34	-1	35	0	0	19	-1	-1	-1	0	0	0	0	-1	-1	8	-1	19	0	-1	29
c13489	38	7	0	0	-1	-1	0	0	33	0	0	35	-1	0	-1	0	0	9	-1	0	2	-1	36	-1	-1	0	19	0	0	0
c13512	0	0	43	-1	-1	4	-1	-1	0	29	-1	0	0	0	-1	33	0	0	28	0	-1	0	0	0	38	0	-1	0	0	0
c13513	0	0	43	0	3	-1	0	0	0	29	29	0	0	0	-1	33	0	-1	28	-1	32	0	-1	0	38	0	-1	0	0	0
c13523	-1	0	0	0	43	20	30	0	0	0	-1	47	21	-1	0	-1	34	-1	0	0	0	3	0	0	6	1	3	34	0	12
c13559	0	0	0	-1	0	0	-1	-1	0	0	-1	0	-1	34	31	0	39	14	0	-1	50	0	3	-1	0	0	19	38	-1	31
c13561	0	0	34	0	33	-1	0	-1	0	25	40	0	21	0	-1	34	0	0	0	0	0	9	-1	13	20	0	-1	-1	-1	0
c13563	0	-1	0	0	0	-1	30	0	45	-1	-1	0	-1	0	0	0	37	-1	34	0	3	-1	26	-1	0	1	3	-1	0	12
c13565	-1	18	0	0	0	20	30	0	-1	0	-1	-1	21	0	0	-1	0	0	43	-1	0	3	43	47	0	1	0	-1	0	-1
c13566	-1	-1	43	0	3	-1	0	0	-1	0	37	0	-1	1	0	-1	0	0	28	-1	0	-1	-1	0	16	0	19	45	15	0
c13573	0	0	0	0	0	0	0	8	0	0	40	0	21	0	0	0	-1	0	0	0	0	-1	0	0	0	0	0	0	8	0
