	0	1	2	3	4	5	6	7	8	9	10	11	12	13	14	15	16	17	18	19	20	21	22	23	24	25	26	27	28	29
c1109	-1	22	1	0	3	-1	0	1	-1	-1	0	-1	-1	40	-1	0	-1	16	0	-1	47	0	47	0	0	47	21	49	0	-1
c1560	-1	20	0	-1	-1	-1	0	1	0	0	0	0	0	47	0	0	-1	16	0	0	27	-1	8	-1	0	-1	21	0	-1	42
c2037	-1	0	1	0	0	0	43	1	0	-1	31	44	0	0	1	0	-1	16	-1	-1	47	-1	47	0	0	-1	21	44	0	0
c2055	-1	-1	1	-1	0	-1	12	1	0	0	0	0	0	0	0	0	-1	16	0	0	47	0	47	-1	25	0	21	46	0	0
c2159	-1	0	-1	0	0	0	-1	1	0	-1	0	-1	0	0	0	33	0	16	49	0	0	-1	0	29	0	40	21	0	-1	8
c2265	-1	-1	41	-1	0	-1	0	1	-1	21	0	-1	0	47	-1	0	0	16	-1	-1	27	0	-1	-1	-1	31	-1	0	-1	0
c2294	-1	0	9	49	0	45	0	1	0	0	0	49	20	45	0	13	-1	16	0	0	47	-1	47	0	-1	0	21	0	-1	0
c2611	-1	0	1	-1	46	0	43	1	-1	0	-1	8	0	50	45	27	-1	16	49	0	47	49	47	43	12	0	21	-1	-1	0
c2851	-1	-1	0	-1	0	0	15	-1	8	46	0	0	0	0	-1	33	0	16	-1	0	0	31	0	0	-1	25	21	0	-1	8
c2953	-1	49	1	-1	5	0	0	1	0	2	-1	49	0	15	0	0	-1	16	-1	0	47	0	-1	0	-1	0	21	49	0	0
c2985	-1	0	0	0	-1	45	0	-1	0	0	14	21	0	0	20	13	-1	-1	13	0	47	-1	47	0	-1	50	21	0	-1	0
c3011	-1	-1	1	0	0	21	0	1	0	0	0	0	0	0	0	0	-1	-1	-1	16	47	0	47	0	25	-1	21	-1	-1	0
c3107	-1	0	1	50	-1	-1	0	1	-1	0	0	0	-1	0	-1	0	-1	16	42	0	47	0	-1	-1	-1	-1	-1	0	-1	12
c3124	-1	-1	1	50	24	0	-1	-1	50	0	-1	0	-1	0	25	0	-1	-1	0	-1	47	0	-1	47	4	31	-1	-1	-1	0
c3228	-1	0	1	-1	5	0	14	1	-1	0	32	0	0	15	0	0	-1	16	0	50	47	0	-1	18	0	0	-1	49	0	-1
c3400	-1	25	1	50	0	50	43	1	0	0	0	1	15	0	1	-1	-1	16	-1	0	-1	0	47	0	0	-1	-1	0	0	0
c3414	-1	25	1	0	0	0	0	1	0	48	0	0	32	0	0	0	-1	16	0	-1	-1	0	47	0	0	33	-1	50	0	0
c3791	-1	49	1	0	5	-1	-1	-1	49	0	12	49	-1	-1	-1	-1	-1	16	0	0	47	-1	47	0	0	-1	21	49	-1	-1
c3820	-1	49	1	0	5	0	0	-1	0	2	-1	49	0	15	42	0	-1	16	0	0	47	0	-1	0	0	37	21	49	-1	0
c3981	-1	0	-1	-1	46	0	-1	1	21	0	0	8	-1	50	45	27	-1	16	49	0	47	49	47	43	12	0	21	-1	-1	0
c3985	-1	0	1	0	3	0	0	1	0	0	0	-1	-1	-1	-1	-1	-1	16	0	-1	47	0	47	-1	0	0	21	-1	0	-1
c3987	-1	-1	1	-1	5	0	0	1	0	0	0	49	0	15	-1	0	-1	16	0	-1	47	-1	47	0	-1	47	21	49	0	0
c4109	-1	0	0	-1	0	-1	0	1	0	-1	0	40	21	0	0	0	0	16	0	39	-1	0	0	-1	0	-1	21	0	26	0
c4240	-1	49	1	15	5	0	25	1	0	-1	0	49	-1	15	-1	0	-1	16	0	-1	47	0	47	0	0	-1	21	49	-1	0
c4253	-1	-1	1	21	0	25	43	1	21	25	-1	-1	0	-1	45	27	-1	16	0	0	47	25	47	49	12	0	21	-1	-1	25
c4306	-1	0	1	50	0	-1	0	1	27	-1	0	-1	0	-1	-1	0	-1	16	0	0	47	-1	47	25	20	-1	21	0	0	0
c4643	-1	0	0	-1	50	-1	0	-1	0	-1	0	0	0	47	0	0	0	16	0	0	27	-1	8	0	0	31	21	0	-1	0
c4651	-1	0	-1	50	0	42	0	1	40	0	0	0	47	0	0	0	-1	16	47	0	47	-1	47	0	-1	-1	21	49	0	0
c4678	-1	-1	1	50	0	24	0	1	-1	0	50	-1	0	46	40	0	-1	16	-1	0	47	-1	47	0	0	-1	21	0	0	0
c4697	-1	-1	-1	50	47	2	0	-1	0	21	0	2	0	-1	0	0	-1	16	-1	-1	-1	0	47	0	0	-1	21	0	6	-1
c4706	-1	25	1	0	0	-1	43	1	1	0	50	0	15	0	-1	0	-1	-1	-1	0	47	0	-1	0	-1	0	21	0	0	0
c4721	-1	0	0	-1	0	42	0	1	0	-1	0	40	21	0	-1	0	0	16	0	-1	26	0	0	-1	0	-1	21	0	26	31
c4782	-1	0	0	-1	-1	-1	24	1	0	-1	-1	-1	0	47	0	-1	0	16	0	0	27	-1	8	0	-1	31	-1	0	-1	24
c4783	-1	0	-1	-1	0	-1	24	-1	0	0	0	-1	0	-1	0	-1	0	16	0	0	27	31	-1	-1	0	31	21	0	-1	-1
c4872	-1	-1	21	0	41	42	0	1	0	-1	0	20	21	0	-1	2	-1	16	2	0	26	-1	0	21	0	0	21	-1	26	0
c4910	-1	-1	1	0	-1	-1	0	1	0	0	0	50	0	0	-1	23	-1	16	0	38	47	-1	47	-1	25	0	21	-1	0	49
c4973	-1	-1	1	0	0	21	0	-1	0	-1	-1	50	0	0	28	23	-1	16	12	0	-1	0	47	0	25	0	21	-1	0	-1
c5110	-1	0	-1	0	43	0	-1	-1	0	0	-1	-1	0	0	-1	0	-1	16	-1	0	47	0	47	50	0	0	21	-1	0	0
c5140	-1	-1	1	0	0	-1	0	-1	18	0	0	-1	0	-1	-1	0	-1	16	0	0	47	0	47	0	0	0	-1	0	0	0
c5215	-1	0	1	0	0	-1	43	1	21	0	0	20	1	0	-1	27	-1	16	0	25	47	47	47	50	12	-1	21	-1	-1	0
c5251	-1	25	1	50	47	2	-1	1	-1	0	0	-1	0	0	0	0	-1	16	0	-1	47	0	47	0	-1	0	21	0	-1	18
c5293	-1	38	0	-1	0	24	0	1	47	0	0	-1	0	0	5	-1	-1	16	0	0	47	0	47	0	0	25	21	0	-1	32
c5368	-1	-1	-1	50	0	0	0	1	0	0	50	14	5	-1	0	-1	-1	16	47	-1	-1	0	47	0	-1	-1	21	-1	1	0
c5392	-1	-1	17	0	-1	-1	8	-1	25	0	0	0	0	47	0	19	0	16	-1	0	27	31	8	20	-1	31	21	0	26	0
c5410	-1	0	1	50	0	-1	0	-1	0	-1	-1	0	12	-1	-1	0	-1	16	0	0	47	0	47	0	0	-1	21	0	-1	12
c5434	-1	0	0	0	0	0	-1	1	-1	0	0	0	21	0	0	0	0	-1	0	0	0	-1	47	0	40	5	21	0	26	0
c5480	-1	38	0	0	-1	24	0	1	47	-1	-1	-1	0	0	-1	13	-1	16	0	21	47	0	47	-1	0	0	21	0	-1	32
c5525	-1	25	-1	0	0	0	43	1	-1	0	-1	0	15	-1	1	0	-1	16	-1	0	47	0	47	0	-1	0	21	0	20	0
c5555	-1	0	-1	-1	0	0	0	1	0	0	0	0	21	12	0	32	44	16	0	0	-1	-1	0	2	-1	42	21	-1	26	0
c5675	-1	25	1	0	0	0	43	1	0	-1	0	-1	15	0	1	46	-1	-1	-1	-1	47	-1	47	0	0	0	21	0	0	0
c5719	-1	0	1	-1	0	50	0	1	0	48	0	0	0	-1	-1	0	-1	-1	0	0	47	0	47	24	0	0	21	0	0	0
c5739	-1	0	1	0	0	0	43	1	21	-1	0	0	-1	50	45	27	-1	-1	0	0	47	25	47	0	12	0	21	-1	-1	0
c5746	-1	2	-1	0	0	42	0	-1	0	0	0	0	-1	12	-1	0	-1	16	0	42	26	0	0	0	-1	5	21	5	26	-1
c5755	-1	0	1	0	43	0	27	-1	0	0	-1	0	0	0	47	49	-1	16	-1	0	47	0	47	50	0	0	21	0	0	-1
c5760	-1	-1	1	46	0	-1	-1	1	31	37	0	21	0	25	0	0	-1	16	0	39	47	-1	47	0	25	0	21	0	0	0
c5794	-1	-1	-1	-1	-1	45	0	1	47	0	14	-1	49	50	5	13	-1	-1	16	-1	47	0	47	0	0	-1	21	0	-1	0
c5801	-1	0	1	50	0	0	0	1	15	-1	-1	0	-1	0	0	-1	-1	-1	0	-1	47	33	-1	0	42	41	21	0	-1	0
c5815	-1	40	1	-1	0	-1	0	1	0	0	-1	-1	40	0	-1	21	-1	16	0	-1	47	-1	-1	-1	0	0	-1	49	0	-1
c5816	-1	0	1	0	5	42	14	1	0	-1	32	-1	0	15	-1	47	-1	-1	-1	0	-1	0	-1	0	-1	0	21	49	0	0
c5841	-1	42	1	50	13	0	0	1	-1	-1	47	31	12	0	0	8	-1	16	-1	0	-1	0	47	0	0	-1	21	0	0	0
c5865	-1	0	1	0	5	42	14	-1	0	-1	32	0	0	15	0	0	-1	16	0	0	47	-1	-1	0	0	0	21	49	-1	-1
c5915	-1	-1	1	13	0	21	0	1	-1	0	0	-1	0	0	47	0	-1	16	0	0	47	0	47	0	25	-1	21	28	0	0
c5960	-1	0	1	0	46	-1	43	1	21	0	-1	8	-1	50	45	27	-1	16	49	0	47	-1	47	43	12	0	-1	-1	-1	0
c5962	-1	0	0	8	0	0	0	1	1	-1	21	0	21	12	18	0	44	16	-1	0	26	-1	0	-1	0	42	21	2	26	-1
c5972	-1	0	1	43	43	47	-1	1	-1	0	-1	0	0	-1	0	8	-1	16	0	0	47	0	47	-1	0	-1	21	43	0	0
c5987	-1	0	-1	0	0	25	-1	-1	-1	0	-1	-1	0	-1	1	-1	-1	16	-1	3	47	0	47	18	0	-1	21	50	0	19
c5994	-1	0	1	47	0	0	43	1	0	0	31	0	0	49	1	0	-1	-1	0	0	47	0	47	0	0	18	21	0	0	0
c5997	-1	-1	-1	-1	-1	48	0	-1	47	0	0	-1	0	0	5	13	-1	16	49	46	-1	0	47	0	8	0	-1	0	-1	0
c6012	-1	0	1	0	26	3	-1	-1	0	48	0	0	50	0	0	-1	-1	16	0	0	-1	0	47	0	0	33	-1	50	0	0
c6116	-1	49	1	0	5	14	0	-1	0	2	0	49	3	15	42	0	-1	16	-1	0	47	0	-1	0	-1	37	21	49	0	0
c6117	-1	49	1	0	5	14	0	1	0	2	0	49	0	15	42	-1	-1	16	0	0	47	0	-1	-1	0	37	21	49	0	0
c6132	-1	0	1	0	-1	0	-1	1	-1	0	0	8	0	50	45	27	-1	-1	49	0	47	49	-1	43	-1	0	21	-1	-1	0
c6136	-1	0	1	0	0	47	43	1	21	0	0	0	1	-1	45	-1	-1	16	-1	-1	47	0	47	-1	-1	0	21	-1	-1	2
c6150	-1	0	1	0	3	-1	0	1	0	0	8	0	-1	40	-1	0	-1	-1	0	-1	-1	0	47	0	0	-1	21	49	0	-1
c6202	-1	-1	1	0	46	15	43	1	-1	0	25	0	0	0	45	27	-1	-1	0	0	47	49	47	0	-1	-1	21	-1	-1	0
c6215	-1	47	1	50	0	0	-1	1	0	0	44	-1	0	21	12	3	-1	16	0	0	47	0	47	0	0	0	-1	-1	-1	0
c6259	-1	25	1	8	-1	0	43	1	-1	0	0	0	15	40	1	0	-1	-1	-1	-1	-1	-1	47	31	0	0	21	0	0	0
c6299	-1	0	1	-1	5	-1	14	1	0	-1	32	0	0	15	-1	0	-1	-1	0	0	47	0	-1	0	8	0	-1	49	-1	-1
c6324	-1	0	21	0	0	42	0	1	0	0	0	0	21	44	0	-1	8	-1	2	0	26	0	0	0	0	-1	-1	0	26	0
c6337	-1	38	-1	0	0	-1	0	1	-1	-1	0	0	0	0	-1	13	-1	16	0	3	47	0	47	0	0	0	21	-1	-1	32
c6338	-1	0	-1	0	0	-1	0	1	0	47	0	-1	0	47	-1	0	0	16	0	0	-1	-1	8	-1	0	31	21	12	26	0
c6410	-1	0	12	0	0	45	-1	1	0	0	0	12	-1	-1	0	13	-1	16	0	0	47	0	47	0	0	0	21	0	-1	0
c6458	-1	0	1	0	-1	50	19	1	-1	48	-1	-1	0	0	42	42	-1	16	0	0	-1	0	47	0	0	0	21	0	0	0
c6467	-1	0	21	8	0	0	0	1	0	-1	0	0	21	12	0	0	44	16	0	-1	-1	0	0	-1	0	42	21	0	26	0
c6494	-1	0	1	50	8	-1	0	1	0	0	0	0	0	0	40	-1	-1	16	0	25	47	42	47	37	0	-1	21	-1	0	-1
c6534	-1	25	1	20	5	0	-1	1	0	0	0	0	42	15	0	0	-1	16	0	0	47	0	47	0	0	20	21	-1	14	0
c6540	-1	0	1	0	-1	0	43	1	0	0	-1	50	-1	25	1	3	-1	16	0	25	-1	0	47	0	0	0	21	49	0	0
c6599	-1	0	1	-1	-1	11	43	1	21	0	0	0	1	0	-1	27	-1	16	0	25	47	0	47	0	12	0	21	-1	-1	0
c6600	-1	0	1	0	46	0	43	1	21	0	-1	8	0	50	45	27	-1	16	-1	0	47	49	47	43	-1	-1	-1	-1	-1	0
c6607	-1	0	1	50	-1	0	0	1	0	0	0	0	0	50	0	0	-1	16	0	0	47	28	47	-1	35	42	21	0	0	0
c6623	-1	0	-1	50	0	0	0	1	0	0	0	28	0	0	0	-1	-1	16	0	50	47	0	47	0	-1	44	21	49	0	0
c6671	-1	-1	41	-1	-1	-1	0	1	0	21	47	0	0	47	0	0	-1	16	0	25	27	0	8	28	0	31	21	0	-1	0
c6677	-1	0	-1	0	0	50	28	1	1	48	0	-1	0	0	-1	0	-1	16	-1	0	47	25	-1	0	38	0	21	0	0	0
c6691	-1	-1	8	-1	0	45	0	1	0	0	0	-1	0	0	0	-1	-1	16	0	0	47	0	47	0	-1	-1	21	-1	-1	0
c6729	-1	-1	1	50	0	-1	-1	1	0	-1	0	-1	12	-1	0	0	-1	16	0	0	47	-1	-1	0	0	41	21	0	0	45
c6733	-1	25	1	0	49	21	43	1	46	0	-1	0	15	0	1	9	-1	16	-1	-1	47	-1	47	0	0	0	-1	0	0	-1
c6736	-1	44	-1	0	0	50	-1	1	-1	48	0	14	0	44	0	0	-1	16	0	0	47	0	47	-1	-1	-1	-1	-1	0	0
c6751	-1	0	0	0	0	0	-1	1	0	-1	-1	9	0	-1	-1	-1	-1	-1	0	0	-1	0	47	0	0	0	-1	0	-1	25
c6769	-1	0	1	0	21	0	43	1	0	0	31	0	0	-1	1	0	-1	16	0	-1	-1	8	-1	-1	0	-1	21	44	40	0
c6779	-1	0	1	0	0	-1	43	-1	-1	0	-1	-1	-1	0	-1	0	-1	-1	33	21	-1	25	-1	0	26	0	21	0	0	25
c6781	-1	-1	1	8	5	0	44	1	0	0	0	49	26	15	14	0	-1	16	0	0	47	-1	47	0	45	0	21	49	-1	-1
c6819	-1	0	1	0	0	0	43	1	21	44	0	48	0	0	45	27	-1	16	0	0	-1	10	47	0	12	0	-1	-1	-1	0
c6885	-1	0	-1	0	0	0	0	1	0	48	0	0	-1	42	0	-1	-1	-1	0	0	-1	0	-1	-1	0	33	-1	-1	0	0
c6906	-1	0	-1	0	0	50	-1	1	1	48	0	-1	0	0	-1	-1	-1	16	0	0	47	-1	-1	44	-1	0	21	-1	0	0
c6909	-1	-1	0	-1	15	42	0	-1	8	0	-1	40	-1	0	0	0	-1	-1	42	0	26	-1	0	-1	37	14	21	35	26	0
c6917	-1	49	41	-1	0	-1	-1	1	-1	-1	0	0	0	47	-1	0	15	16	-1	-1	27	0	8	28	0	31	21	-1	-1	0
c6918	-1	0	1	50	0	0	38	1	0	0	0	49	47	0	-1	0	-1	16	0	25	47	0	47	2	0	0	21	27	0	8
c6926	-1	0	1	50	0	0	0	1	-1	-1	-1	0	12	0	0	0	-1	-1	0	-1	47	38	47	0	0	-1	21	0	0	0
c6941	-1	0	0	-1	0	42	0	1	-1	0	0	40	-1	0	0	0	-1	16	-1	-1	26	25	0	-1	0	0	21	0	26	0
c6992	-1	0	-1	-1	-1	0	-1	1	47	-1	44	31	0	0	-1	-1	-1	-1	0	0	47	0	47	0	0	-1	21	0	-1	0
c6999	-1	-1	1	0	0	21	-1	1	0	-1	0	50	0	0	28	0	-1	16	-1	0	-1	0	47	0	-1	0	21	0	-1	0
c7001	-1	0	1	0	5	42	14	-1	0	0	32	0	7	15	0	0	-1	-1	0	0	-1	0	-1	0	0	0	21	-1	0	50
c7009	-1	0	1	0	0	50	0	1	0	48	0	-1	0	-1	0	0	-1	16	0	0	47	0	47	0	-1	-1	21	8	0	0
c7010	-1	0	1	50	3	44	-1	1	0	0	0	0	-1	-1	38	0	-1	16	42	0	47	0	-1	0	0	-1	21	20	-1	12
c7016	-1	-1	1	0	0	21	0	1	0	-1	0	-1	0	0	28	-1	-1	-1	0	25	-1	0	-1	29	25	-1	21	-1	0	49
c7034	-1	0	-1	0	0	45	0	1	47	0	0	-1	4	-1	5	13	-1	16	0	17	47	-1	-1	0	0	20	21	0	-1	0
c7065	-1	-1	1	-1	0	0	43	1	-1	-1	0	0	0	0	45	27	-1	-1	0	0	47	0	47	0	12	0	21	-1	-1	0
c7071	-1	-1	1	0	0	50	0	1	40	48	25	14	0	44	0	0	-1	-1	0	0	47	0	47	0	0	-1	21	-1	-1	0
c7088	-1	0	1	0	31	-1	-1	1	0	25	0	0	1	-1	0	0	-1	16	0	41	47	14	-1	0	0	0	21	-1	0	15
c7109	-1	-1	1	50	0	40	0	-1	0	0	-1	-1	0	8	49	-1	-1	16	-1	2	47	14	47	0	25	42	21	0	-1	0
c7139	-1	0	0	-1	-1	42	0	1	0	0	0	40	-1	-1	0	0	0	16	0	-1	26	-1	0	-1	0	0	21	0	26	0
c7145	-1	-1	0	0	0	14	-1	1	24	-1	0	-1	0	0	31	13	-1	16	0	0	-1	-1	47	-1	0	0	21	-1	-1	0
c7146	-1	0	-1	-1	-1	-1	0	1	-1	-1	50	38	0	46	0	47	-1	16	0	50	-1	0	47	-1	-1	0	21	49	0	0
c7165	-1	0	-1	49	0	-1	50	1	1	48	-1	25	-1	-1	0	-1	-1	-1	0	0	47	-1	-1	44	-1	0	21	0	0	-1
c7350	-1	-1	-1	0	0	-1	43	-1	-1	0	31	-1	0	0	1	0	-1	16	28	21	-1	25	47	0	0	0	-1	24	12	25
c7431	-1	-1	1	-1	0	0	-1	1	0	-1	-1	-1	0	49	0	0	-1	16	0	0	47	-1	47	49	48	0	-1	-1	0	0
c7479	-1	-1	-1	-1	0	-1	47	1	0	0	15	-1	0	0	0	0	-1	16	0	2	-1	12	-1	12	0	-1	21	28	-1	0
c7488	-1	0	1	47	0	0	43	1	-1	0	0	0	-1	0	45	27	-1	16	0	0	47	0	-1	0	12	0	21	-1	-1	0
c7496	-1	0	1	-1	47	-1	-1	1	21	-1	0	0	0	0	45	-1	-1	16	0	50	47	0	47	-1	12	0	21	-1	-1	42
c7538	-1	-1	-1	0	0	0	0	-1	0	-1	0	0	21	12	-1	-1	44	-1	0	19	26	0	0	0	-1	42	21	-1	26	25
c7573	-1	-1	1	0	0	-1	0	-1	-1	0	0	25	0	47	0	0	-1	16	0	27	47	0	-1	0	25	0	21	0	-1	0
c7620	-1	-1	1	15	-1	0	0	-1	43	47	0	49	-1	15	-1	0	-1	16	-1	0	47	0	-1	0	0	-1	21	49	-1	-1
c7640	-1	0	1	0	31	0	0	-1	0	0	0	0	1	-1	-1	0	-1	16	-1	0	-1	0	47	0	42	0	21	0	27	0
c7644	-1	-1	1	0	0	21	0	-1	0	0	0	50	0	0	28	0	-1	-1	0	0	47	-1	47	0	25	18	21	0	37	0
c7666	-1	-1	1	-1	-1	21	0	1	0	0	0	50	0	-1	-1	-1	-1	16	0	0	47	8	47	0	25	0	21	0	-1	0
c7667	-1	-1	1	0	0	21	0	1	0	-1	0	-1	-1	0	28	0	-1	16	0	0	47	-1	-1	0	-1	0	21	0	37	0
c7703	-1	0	-1	0	0	0	43	1	-1	0	0	0	-1	0	45	27	-1	16	0	0	47	0	47	0	12	0	21	-1	-1	0
c7713	-1	0	0	39	0	0	0	-1	0	-1	0	31	0	25	0	0	0	16	-1	-1	-1	44	0	40	-1	0	21	-1	26	8
c7795	-1	-1	0	-1	-1	-1	0	1	0	47	-1	47	0	47	0	31	-1	16	0	25	-1	0	8	-1	11	31	21	28	-1	0
c7797	-1	25	1	2	0	0	43	1	0	44	0	-1	-1	49	1	0	-1	-1	-1	0	47	0	47	50	0	-1	21	0	-1	0
c7802	-1	0	1	0	0	0	0	1	0	-1	0	0	50	0	0	0	-1	16	0	0	-1	0	47	0	0	-1	-1	-1	-1	0
c7811	-1	41	1	50	3	44	-1	1	0	0	0	0	0	0	38	15	-1	16	38	0	47	0	47	-1	0	0	-1	47	12	12
c7858	-1	49	41	-1	0	-1	-1	1	-1	21	-1	-1	0	-1	0	0	0	16	0	0	-1	0	8	28	-1	31	21	0	-1	0
c7861	-1	-1	0	0	0	-1	12	-1	24	-1	0	9	-1	0	31	13	-1	-1	50	0	47	-1	-1	0	0	0	21	0	-1	44
c7891	-1	0	42	0	0	44	0	1	0	47	47	0	21	0	26	0	50	16	0	-1	26	31	31	0	-1	48	21	-1	26	0
c7925	-1	0	0	-1	0	-1	8	1	25	-1	-1	0	0	47	-1	-1	0	-1	-1	0	27	0	8	-1	-1	31	21	0	26	0
c7948	-1	49	1	0	5	0	0	1	49	-1	12	49	0	15	-1	0	-1	16	0	0	47	0	47	0	0	0	21	49	-1	0
c7949	-1	49	1	0	5	0	0	-1	49	0	12	49	-1	15	-1	0	-1	-1	0	0	-1	0	-1	-1	0	0	21	49	-1	0
c7960	-1	0	41	-1	0	-1	0	1	14	21	-1	-1	0	47	0	22	0	16	0	9	27	0	-1	0	0	31	21	0	-1	49
c7965	-1	49	1	40	5	0	6	1	8	-1	-1	49	0	15	0	47	-1	16	0	0	47	-1	47	-1	38	0	-1	-1	0	0
c7999	-1	-1	1	0	0	50	0	1	0	48	0	0	0	-1	0	0	-1	-1	32	0	47	47	47	0	0	0	-1	8	0	-1
c8072	-1	0	1	50	0	-1	0	1	0	0	0	0	-1	-1	0	-1	-1	16	0	0	47	-1	47	0	0	-1	-1	0	0	12
c8102	-1	-1	9	49	0	-1	0	1	0	0	-1	38	0	0	0	-1	-1	16	49	0	47	-1	47	0	0	-1	21	0	-1	-1
c8105	-1	0	1	50	0	0	-1	-1	-1	0	-1	21	0	0	50	0	-1	16	-1	0	47	0	-1	47	50	0	21	0	-1	0
c8122	-1	-1	-1	-1	24	0	44	-1	50	0	8	-1	0	-1	-1	21	-1	-1	0	0	-1	0	47	47	0	31	-1	-1	0	0
c8146	-1	-1	1	-1	5	0	0	1	0	0	-1	49	-1	15	0	0	-1	16	0	-1	47	0	47	0	0	0	21	49	0	-1
c8151	-1	0	0	43	14	-1	-1	1	-1	0	-1	0	0	0	-1	13	-1	-1	-1	25	47	0	47	0	0	0	21	0	-1	0
c8159	-1	-1	1	18	5	0	-1	1	8	31	0	49	0	15	0	0	-1	16	0	0	47	0	-1	0	31	0	21	-1	0	0
c8170	-1	49	-1	0	5	0	0	1	0	0	0	0	0	15	47	-1	-1	16	18	0	47	0	47	0	-1	0	21	49	14	-1
c8183	-1	-1	1	0	-1	21	31	-1	50	50	0	0	42	0	10	0	-1	16	5	0	-1	0	47	-1	-1	49	21	0	0	0
c8197	-1	0	1	25	0	0	43	1	21	0	-1	-1	0	-1	45	27	-1	-1	0	0	47	0	47	-1	12	0	21	-1	-1	0
c8211	-1	0	0	-1	0	42	0	1	0	0	0	40	-1	0	0	0	0	16	0	-1	26	0	0	-1	-1	0	21	0	26	0
c8225	-1	0	1	50	-1	0	0	1	0	-1	-1	0	-1	0	0	8	-1	16	0	-1	47	0	47	-1	0	0	21	0	0	0
c8260	-1	25	1	50	47	2	0	-1	0	0	-1	0	0	0	0	0	-1	16	0	0	-1	44	47	0	-1	0	21	0	6	18
c8280	-1	0	1	50	-1	23	-1	-1	-1	-1	0	-1	0	0	0	0	-1	16	26	0	-1	-1	-1	0	-1	14	21	0	0	-1
c8281	-1	0	1	-1	-1	23	-1	1	20	0	0	49	-1	0	25	0	-1	16	26	-1	47	18	47	-1	42	14	21	0	0	0
c8284	-1	40	1	0	31	0	-1	1	49	0	49	0	0	-1	0	-1	-1	16	0	0	-1	-1	47	0	0	0	21	49	0	0
c8291	-1	-1	1	0	49	21	43	-1	-1	0	0	-1	15	0	1	0	-1	16	-1	0	47	0	47	0	0	0	21	0	0	-1
c8295	-1	0	1	0	0	0	43	1	0	-1	31	0	0	0	1	0	-1	-1	0	0	47	0	-1	0	0	18	21	0	0	0
c8337	-1	19	1	50	0	-1	0	1	0	0	46	0	-1	0	-1	0	-1	16	0	44	47	0	-1	-1	-1	38	21	-1	0	0
c8342	-1	0	1	0	0	0	43	1	21	39	-1	0	-1	0	45	27	-1	16	38	1	47	0	47	0	12	0	21	-1	-1	0
c8389	-1	49	1	0	-1	0	0	1	-1	-1	-1	49	0	15	42	0	-1	16	-1	0	47	0	-1	-1	0	0	21	49	0	0
c8400	-1	0	24	0	0	0	0	-1	47	0	-1	0	0	0	5	13	-1	16	-1	0	-1	0	47	0	0	0	21	0	-1	0
c8402	-1	0	1	50	0	0	-1	1	-1	0	50	38	-1	46	0	0	-1	16	-1	50	47	0	-1	38	0	-1	21	0	0	-1
c8410	-1	0	9	49	0	45	0	1	-1	15	0	38	50	0	0	13	-1	-1	0	0	47	0	47	0	0	0	21	0	-1	0
c8421	-1	25	1	-1	49	0	43	1	0	0	-1	-1	-1	0	1	-1	-1	16	-1	0	-1	-1	47	31	2	0	21	0	0	0
c8428	-1	0	0	0	0	0	-1	1	47	39	0	0	0	0	5	13	-1	16	0	0	47	-1	-1	-1	21	-1	21	0	-1	0
c8437	-1	0	-1	0	0	0	-1	1	-1	-1	-1	9	44	0	-1	13	-1	16	5	0	47	-1	47	-1	0	0	21	0	-1	0
c8449	-1	-1	1	16	0	0	0	1	0	-1	0	0	50	0	0	-1	-1	16	0	-1	-1	20	47	-1	0	33	-1	50	-1	0
c8465	-1	25	1	50	0	0	0	1	21	-1	-1	0	0	46	0	0	-1	16	0	-1	-1	0	47	0	0	0	21	-1	-1	18
c8467	-1	0	38	-1	0	42	0	1	32	0	0	0	21	0	0	-1	0	16	0	5	26	-1	0	-1	0	0	21	-1	-1	0
c8469	-1	0	41	-1	0	-1	0	1	0	-1	-1	0	0	-1	-1	0	-1	16	-1	0	27	0	-1	-1	0	31	21	0	-1	0
c8471	-1	-1	1	0	49	0	43	1	0	0	20	-1	15	0	1	0	-1	16	-1	-1	-1	-1	47	31	12	0	21	0	50	0
c8497	-1	0	1	-1	0	-1	0	-1	0	0	-1	0	-1	-1	-1	-1	-1	16	0	25	47	0	-1	0	0	-1	21	24	0	45
c8507	-1	-1	0	-1	0	42	-1	1	0	-1	0	-1	21	0	0	-1	0	16	0	-1	26	0	0	-1	-1	0	21	-1	26	0
c8511	-1	-1	1	0	-1	21	-1	1	-1	0	0	1	0	-1	0	0	-1	16	-1	-1	47	0	47	-1	25	-1	21	0	0	31
c8518	-1	-1	1	0	0	21	-1	-1	0	0	0	50	22	0	28	-1	-1	16	-1	0	-1	0	-1	0	25	0	-1	0	-1	49
c8525	-1	-1	1	-1	0	-1	43	1	21	0	0	0	-1	0	45	-1	-1	16	25	-1	47	0	47	0	12	0	-1	-1	-1	16
c8531	-1	19	-1	50	0	0	0	-1	0	0	0	0	0	14	0	0	-1	16	-1	0	-1	-1	47	0	20	0	-1	0	0	0
c8536	-1	-1	1	-1	0	50	0	1	0	-1	38	0	0	0	-1	-1	-1	-1	-1	0	47	0	47	21	0	0	21	25	0	-1
c8539	-1	0	0	0	0	0	0	1	47	14	-1	-1	0	0	-1	-1	-1	-1	0	0	47	0	47	0	-1	0	-1	0	-1	-1
c8546	-1	0	-1	-1	0	0	0	1	0	-1	0	0	0	40	-1	-1	-1	16	-1	-1	47	0	47	0	0	-1	21	49	40	0
c8549	-1	0	1	0	-1	0	43	1	-1	0	-1	0	1	-1	-1	27	-1	16	0	25	47	0	47	-1	-1	-1	21	-1	-1	0
c8584	-1	25	1	2	0	-1	-1	1	21	-1	-1	-1	48	0	45	27	-1	16	0	-1	47	25	-1	0	12	-1	21	-1	-1	0
c8615	-1	0	-1	0	0	0	0	1	0	-1	0	0	-1	0	45	0	-1	16	8	35	-1	0	-1	0	0	33	-1	50	0	0
c8662	-1	49	1	15	5	0	0	1	0	-1	0	49	-1	15	-1	0	-1	16	0	0	47	0	47	0	-1	0	21	49	-1	-1
c8663	-1	49	1	15	5	0	0	1	0	0	0	49	0	15	-1	0	-1	16	0	0	47	0	47	0	0	0	21	49	-1	-1
c8681	-1	0	0	0	-1	-1	0	-1	-1	-1	0	9	16	0	39	-1	-1	16	0	-1	-1	-1	47	0	-1	8	21	0	-1	31
c8686	-1	25	1	-1	0	0	43	1	0	0	0	0	15	6	1	0	-1	16	-1	0	-1	0	-1	0	0	0	21	0	0	0
c8705	-1	0	1	-1	24	0	44	1	50	0	-1	0	0	-1	-1	0	-1	16	0	2	47	-1	47	47	49	-1	-1	-1	20	0
c8759	-1	25	1	50	0	-1	-1	-1	-1	-1	0	0	31	43	0	-1	-1	16	0	0	47	0	47	0	-1	0	21	0	6	18
c8763	-1	0	1	0	43	0	0	-1	-1	50	0	0	0	0	-1	-1	-1	-1	-1	0	-1	0	47	50	-1	0	-1	42	32	0
c8764	-1	49	1	-1	5	0	45	1	0	0	0	49	0	-1	0	-1	-1	16	-1	0	47	0	47	49	0	0	21	49	0	0
c8767	-1	-1	1	50	0	0	-1	1	0	-1	0	0	28	0	0	0	-1	16	0	0	47	0	-1	20	0	46	21	0	0	42
c8796	-1	47	1	50	0	0	-1	1	0	0	44	0	-1	-1	0	-1	-1	16	0	0	47	0	47	0	0	-1	21	-1	0	29
c8802	-1	49	1	-1	5	-1	0	1	49	0	0	49	0	15	-1	31	-1	16	0	0	47	0	47	-1	0	0	21	49	-1	-1
c8838	-1	0	1	16	-1	48	0	1	0	-1	0	0	50	-1	3	-1	-1	16	0	0	-1	20	47	0	0	-1	-1	50	0	0
c8860	-1	49	-1	18	5	0	6	1	-1	31	0	49	0	15	-1	0	-1	16	0	-1	47	0	47	0	0	0	21	49	-1	0
c8863	-1	0	1	0	0	-1	43	1	46	-1	31	0	0	0	1	0	-1	-1	0	0	47	0	47	0	4	0	21	0	50	0
c8870	-1	38	-1	0	0	0	-1	1	47	0	0	0	0	49	5	13	-1	-1	0	-1	47	0	-1	0	-1	-1	-1	3	-1	-1
c8881	-1	47	0	-1	0	-1	0	1	0	0	0	0	-1	0	44	0	1	16	-1	0	26	0	-1	0	25	-1	-1	21	26	17
c8895	-1	-1	0	-1	-1	42	-1	1	50	0	-1	40	21	0	0	-1	0	16	46	39	26	0	0	-1	0	0	21	0	26	0
c8900	-1	0	1	0	0	0	-1	1	0	48	8	38	25	-1	0	0	-1	-1	8	0	-1	0	47	0	-1	33	-1	50	0	48
c8930	-1	38	0	-1	0	24	0	1	47	0	50	0	0	0	-1	-1	-1	16	0	0	47	0	47	0	0	0	-1	0	-1	32
c8936	-1	0	1	-1	0	0	43	1	-1	-1	-1	0	-1	0	45	27	-1	16	0	0	47	0	47	-1	12	0	-1	-1	-1	0
c8939	-1	0	41	-1	0	-1	0	1	0	21	0	0	0	47	0	-1	47	16	3	0	27	0	8	0	0	31	-1	0	-1	0
c8941	-1	42	1	-1	0	5	8	1	0	0	0	0	1	-1	0	0	-1	16	20	0	47	47	-1	0	0	0	21	45	0	-1
c8953	-1	0	-1	0	-1	0	0	1	-1	-1	0	9	15	-1	31	13	-1	16	0	0	47	8	-1	-1	0	0	21	0	-1	0
c8962	-1	0	0	-1	50	-1	0	-1	-1	0	-1	-1	0	-1	0	-1	0	-1	0	0	27	-1	8	0	0	31	-1	0	-1	-1
c9034	-1	25	1	25	49	-1	43	-1	46	-1	40	0	15	40	1	0	-1	16	-1	-1	47	0	47	0	0	33	21	-1	-1	0
c9107	-1	0	1	50	8	49	-1	1	0	0	0	0	-1	0	-1	-1	-1	16	-1	25	47	-1	-1	0	0	-1	21	0	-1	-1
c9108	-1	12	1	0	46	0	43	-1	21	0	0	0	0	0	45	27	-1	16	0	0	47	49	47	31	12	0	21	-1	-1	-1
c9113	-1	-1	1	50	-1	0	0	1	0	0	50	-1	0	46	0	0	-1	16	25	0	47	0	47	0	0	0	21	0	21	13
c9152	-1	-1	1	-1	-1	0	0	-1	-1	8	0	49	0	15	0	0	-1	16	0	0	47	0	47	0	-1	0	21	-1	0	0
c9157	-1	-1	21	0	0	-1	0	1	0	-1	-1	-1	21	0	-1	0	20	16	0	42	26	0	0	0	0	-1	21	-1	26	-1
c9182	-1	40	1	-1	31	0	-1	-1	-1	0	-1	0	0	0	0	21	-1	16	0	0	47	0	47	0	-1	0	21	-1	-1	0
c9210	-1	49	1	15	5	0	-1	1	-1	0	0	49	0	15	-1	0	-1	-1	-1	0	47	0	47	-1	0	0	21	49	-1	-1
c9211	-1	49	-1	-1	5	0	0	1	-1	0	0	49	0	15	-1	0	-1	16	0	0	47	0	47	0	0	0	21	49	-1	-1
c9259	-1	-1	1	40	0	-1	43	1	-1	0	31	-1	-1	-1	-1	0	-1	16	0	-1	-1	0	-1	-1	0	0	21	21	0	-1
c9279	-1	18	1	0	0	-1	43	-1	-1	25	31	0	0	0	1	20	-1	16	40	0	47	0	47	0	-1	0	21	0	-1	0
c9285	-1	2	21	0	0	42	0	1	32	0	-1	0	21	0	-1	0	-1	16	0	42	26	0	0	0	0	0	21	-1	26	0
c9292	-1	0	1	50	8	-1	0	1	0	6	0	0	-1	0	40	-1	-1	16	0	-1	-1	42	-1	40	0	-1	21	0	0	0
c9320	-1	-1	1	0	0	-1	0	-1	0	48	47	-1	0	0	-1	-1	-1	-1	0	0	47	0	47	0	-1	33	-1	50	-1	0
c9337	-1	-1	1	2	0	0	-1	1	0	44	0	0	-1	49	1	0	-1	-1	-1	0	47	0	47	50	-1	0	21	-1	0	0
c9341	-1	-1	-1	0	0	21	0	1	0	0	-1	50	0	12	28	0	-1	-1	0	42	47	0	47	0	25	0	21	0	0	0
c9352	-1	-1	-1	46	0	50	-1	1	-1	48	50	0	0	0	0	-1	-1	-1	21	38	47	0	47	-1	1	0	21	38	0	0
c9365	-1	49	1	0	5	0	8	1	0	0	17	49	0	-1	0	0	-1	-1	-1	44	47	0	47	0	0	0	21	49	-1	0
c9368	-1	0	-1	-1	-1	0	0	1	0	48	0	0	50	0	0	0	-1	-1	0	0	-1	-1	-1	0	-1	33	-1	50	0	-1
c9386	-1	40	1	0	50	0	0	1	0	-1	0	49	-1	0	0	21	-1	16	41	-1	-1	0	47	-1	0	0	21	-1	0	0
c9387	-1	40	1	0	50	0	0	1	0	0	0	0	-1	0	0	21	-1	16	0	28	47	0	47	-1	0	0	-1	49	-1	0
c9388	-1	25	1	0	21	0	43	1	49	0	0	0	-1	0	1	0	-1	16	-1	0	47	0	47	0	-1	0	21	0	31	0
c9393	-1	0	-1	0	0	50	0	-1	1	48	0	0	-1	0	0	-1	-1	16	0	0	-1	25	-1	-1	0	12	21	0	-1	0
c9398	-1	35	1	0	0	0	43	1	21	44	0	0	0	0	45	27	-1	16	0	50	47	0	47	-1	-1	0	21	-1	-1	42
c9425	-1	0	-1	0	31	0	-1	1	0	-1	0	0	1	-1	0	0	-1	-1	0	41	47	14	47	0	-1	0	21	0	0	38
c9430	-1	49	1	-1	5	0	6	1	8	31	0	49	0	15	-1	-1	-1	16	0	0	47	-1	47	0	-1	0	21	49	0	-1
c9440	-1	0	1	-1	0	0	0	-1	0	0	0	0	12	0	0	0	-1	16	0	0	47	-1	47	0	8	0	21	0	6	18
c9448	-1	25	1	26	0	0	43	1	0	0	0	-1	15	0	1	0	-1	16	-1	-1	47	0	47	0	0	0	21	-1	0	27
c9465	-1	0	0	-1	0	42	-1	-1	0	-1	0	40	-1	0	0	0	0	16	0	-1	26	-1	0	-1	0	0	21	0	26	0
c9471	-1	0	-1	0	0	50	0	-1	1	48	0	-1	-1	49	0	0	-1	-1	0	0	47	25	47	-1	0	0	21	0	0	0
c9483	-1	-1	1	0	0	0	43	1	-1	25	31	0	-1	0	1	20	-1	-1	0	0	47	0	47	0	0	0	21	-1	0	0
c9484	-1	0	1	0	0	0	43	1	21	44	0	0	0	0	45	27	-1	16	0	-1	47	0	-1	25	12	-1	21	-1	-1	0
c9527	-1	-1	1	-1	0	21	0	1	0	0	0	0	0	0	-1	0	-1	16	0	0	-1	0	47	-1	25	-1	-1	0	0	0
c9539	-1	42	1	0	0	0	-1	1	0	0	0	0	1	-1	0	38	-1	16	20	0	47	0	47	0	-1	-1	-1	45	0	0
c9578	-1	25	-1	-1	0	0	43	1	0	0	0	0	-1	49	1	0	-1	16	-1	-1	47	0	47	-1	0	-1	21	0	0	0
c9588	-1	-1	1	-1	0	13	0	1	25	48	8	-1	25	47	0	0	-1	-1	8	0	-1	0	47	42	46	-1	-1	50	0	0
c9590	-1	0	0	-1	0	0	0	1	0	-1	0	9	-1	-1	31	13	-1	16	0	8	47	-1	47	50	0	0	21	-1	-1	0
c9603	-1	28	1	8	0	0	43	1	38	-1	31	42	25	0	1	40	-1	16	-1	0	47	0	47	0	-1	0	21	0	0	6
c9630	-1	-1	1	0	0	21	-1	1	-1	42	0	50	0	47	28	31	-1	16	-1	0	47	42	47	0	-1	0	21	-1	0	0
c9635	-1	0	1	0	-1	0	0	1	-1	48	0	-1	50	0	0	0	-1	16	0	13	-1	0	47	0	0	33	-1	-1	0	42
c9659	-1	40	1	0	-1	-1	0	-1	0	50	0	0	0	0	-1	21	-1	16	24	28	47	0	47	-1	0	0	21	49	0	0
c9660	-1	0	41	-1	0	-1	0	1	-1	21	0	0	0	47	0	13	0	16	0	0	-1	0	8	0	0	31	-1	0	-1	0
c9676	-1	49	1	18	5	0	6	1	8	31	0	49	0	15	-1	0	-1	-1	0	0	-1	-1	47	0	0	0	21	49	0	0
c9677	-1	49	1	18	-1	0	-1	1	-1	31	-1	49	0	15	0	0	-1	16	0	-1	47	0	47	0	18	0	-1	49	0	0
c9718	-1	49	1	-1	5	46	0	1	49	0	-1	49	0	15	-1	31	-1	16	19	0	-1	-1	47	0	0	0	21	49	-1	0
c9734	-1	-1	-1	0	0	-1	43	1	21	39	0	0	-1	0	45	27	-1	16	0	0	47	18	47	0	12	25	21	-1	-1	0
c9756	-1	0	1	-1	43	0	0	-1	0	0	0	0	0	0	0	0	-1	16	50	0	47	25	47	50	0	0	21	42	0	0
c9760	-1	0	1	0	0	0	-1	1	-1	0	-1	0	0	0	1	0	-1	16	0	-1	47	0	47	0	0	0	21	-1	0	48
c9762	-1	0	-1	16	0	50	0	1	1	48	0	0	-1	0	2	0	-1	16	0	0	47	-1	47	0	-1	0	21	0	-1	-1
c9786	-1	0	0	-1	0	-1	8	1	25	0	40	0	0	47	0	0	28	16	-1	0	27	0	8	20	-1	31	-1	20	26	47
c9787	-1	0	-1	50	0	-1	8	-1	25	0	40	0	0	47	0	0	28	16	-1	0	27	0	8	20	38	31	21	20	26	0
c9792	-1	0	41	-1	0	-1	0	1	0	-1	-1	0	0	-1	-1	0	0	16	0	-1	27	0	8	0	0	31	21	0	-1	0
c9820	-1	47	1	50	0	0	-1	1	0	0	44	0	0	21	0	0	-1	-1	17	0	47	0	47	8	0	14	21	0	0	29
c9830	-1	0	-1	43	14	0	-1	1	-1	0	-1	0	24	20	-1	13	-1	-1	-1	25	47	0	47	-1	0	49	21	0	-1	0
c9835	-1	50	0	0	-1	-1	-1	1	0	0	49	0	21	28	0	0	38	16	-1	0	26	-1	31	49	0	0	-1	0	-1	0
c9841	-1	-1	-1	-1	-1	21	43	1	46	0	15	0	-1	0	1	9	-1	16	-1	-1	-1	0	47	0	0	-1	-1	-1	0	0
c9870	-1	49	1	18	5	0	-1	-1	-1	31	0	49	0	15	0	0	-1	16	-1	-1	47	0	47	0	0	-1	21	-1	-1	0
c9871	-1	-1	1	18	5	0	6	1	8	31	0	-1	-1	15	-1	0	-1	16	0	0	47	0	-1	0	0	-1	21	49	0	0
c9884	-1	42	1	-1	0	-1	0	1	0	0	0	0	1	-1	0	38	-1	16	20	0	47	0	47	0	25	-1	21	-1	-1	0
c9903	-1	0	-1	-1	-1	0	0	-1	0	-1	0	0	-1	0	0	0	-1	-1	50	0	47	0	47	50	0	0	21	42	0	0
c9907	-1	-1	1	20	0	-1	0	1	0	48	16	-1	0	-1	-1	0	-1	16	0	0	47	-1	-1	0	0	0	-1	49	0	0
c9928	-1	0	1	-1	-1	42	14	1	0	-1	-1	0	0	15	0	0	-1	16	-1	0	47	0	-1	0	0	0	-1	-1	0	-1
c9930	-1	0	1	-1	46	0	43	1	21	0	0	8	-1	-1	-1	27	-1	16	-1	0	47	49	-1	43	12	0	21	-1	-1	0
c9958	-1	0	1	50	50	23	-1	1	20	0	-1	-1	0	0	-1	0	-1	-1	0	0	47	18	-1	0	25	14	21	0	31	-1
c9984	-1	-1	0	-1	50	-1	-1	1	-1	0	0	0	0	47	0	0	0	16	0	12	27	-1	8	0	0	31	-1	0	-1	-1
c9992	-1	0	1	2	-1	25	43	1	0	0	31	0	0	0	-1	-1	-1	-1	0	0	47	0	47	0	4	0	-1	0	0	0
c9993	-1	0	1	2	0	0	43	1	-1	0	31	0	0	-1	1	0	-1	16	0	0	-1	0	-1	0	4	-1	-1	0	0	0
c10008	-1	25	-1	-1	0	-1	43	1	-1	0	14	0	15	1	1	0	-1	16	-1	-1	47	-1	47	0	0	0	21	0	0	0
c10028	-1	49	1	0	5	0	6	1	8	44	0	49	-1	15	0	0	-1	16	0	-1	-1	0	-1	-1	-1	31	21	49	16	-1
c10032	-1	25	1	0	-1	0	43	1	-1	0	0	-1	15	0	1	0	-1	16	-1	-1	47	-1	47	0	0	0	21	0	0	0
c10054	-1	41	-1	50	3	-1	5	1	0	0	0	0	0	-1	38	0	-1	16	38	0	47	0	-1	-1	0	0	-1	0	12	12
c10061	-1	0	1	0	0	0	43	1	0	0	31	0	47	-1	1	0	-1	-1	1	21	47	25	47	0	0	0	21	0	0	0
c10069	-1	3	1	0	0	-1	0	1	-1	-1	38	0	0	0	13	47	-1	-1	-1	0	47	25	47	21	0	0	-1	8	0	0
c10102	-1	0	-1	0	0	-1	0	1	47	0	-1	-1	0	0	-1	13	-1	-1	0	0	47	-1	47	0	0	20	21	-1	-1	0
c10119	-1	0	0	-1	0	0	0	-1	1	25	21	0	21	12	18	0	44	16	0	0	26	0	0	-1	0	42	21	-1	26	-1
c10129	-1	25	1	0	0	0	43	1	0	0	0	0	-1	0	1	0	-1	16	-1	43	47	0	47	0	-1	0	-1	0	0	8
c10133	-1	0	-1	50	-1	0	0	1	0	-1	0	0	0	-1	0	0	-1	16	0	0	47	0	47	0	0	41	-1	0	0	0
c10137	-1	0	1	50	1	49	0	1	0	0	0	0	49	0	0	-1	-1	16	-1	25	-1	-1	47	0	0	-1	-1	-1	0	-1
c10156	-1	0	12	0	0	-1	0	1	47	-1	13	0	0	0	5	13	-1	16	0	0	47	0	-1	1	-1	0	21	0	-1	0
c10158	-1	25	1	50	42	0	0	1	21	-1	0	-1	0	0	3	0	-1	16	0	0	-1	0	-1	0	0	0	-1	0	6	-1
c10162	-1	0	1	0	0	0	0	1	0	0	-1	-1	0	0	0	0	-1	16	-1	0	47	0	47	0	0	0	21	0	0	0
c10170	-1	0	0	0	0	45	-1	1	0	-1	24	21	0	0	0	13	-1	-1	0	25	47	0	47	-1	0	5	21	0	-1	-1
c10185	-1	0	1	-1	5	0	-1	1	-1	0	32	0	-1	15	-1	0	-1	16	24	0	47	0	-1	24	0	0	-1	-1	0	0
c10188	-1	49	1	0	5	0	0	1	0	0	0	49	0	15	50	-1	-1	-1	21	0	47	0	47	0	0	0	21	49	-1	-1
c10214	-1	0	1	0	0	0	0	1	47	0	0	0	-1	0	5	13	-1	16	0	0	47	0	47	0	0	0	21	0	-1	0
c10220	-1	49	1	15	5	0	0	1	0	47	0	49	0	15	-1	0	-1	16	0	0	47	0	-1	-1	0	0	21	49	-1	-1
c10221	-1	49	1	15	5	0	-1	1	0	47	0	49	-1	15	-1	0	-1	16	0	-1	47	0	47	0	0	0	21	49	-1	-1
c10226	-1	28	-1	-1	0	-1	0	1	0	-1	-1	0	0	47	0	40	0	16	-1	0	27	0	8	0	-1	31	21	0	-1	0
c10239	-1	0	1	50	-1	0	0	1	0	0	-1	49	7	-1	49	0	-1	16	0	-1	47	0	47	0	0	0	21	41	0	0
c10240	-1	0	1	0	0	0	-1	1	0	48	-1	0	-1	0	0	-1	-1	16	0	-1	-1	20	-1	0	-1	33	-1	50	0	0
c10252	-1	25	1	2	0	0	43	1	0	8	0	0	15	49	1	0	-1	-1	-1	0	47	-1	47	50	0	0	21	40	0	0
c10265	-1	-1	1	-1	5	0	-1	1	49	0	0	-1	-1	15	-1	31	-1	16	0	0	47	0	47	0	0	0	-1	49	-1	0
c10290	-1	0	-1	0	0	0	-1	-1	-1	0	-1	0	21	0	0	50	50	16	21	0	26	-1	31	0	23	48	21	0	26	0
c10304	-1	25	1	0	0	50	43	1	-1	0	-1	-1	15	0	1	0	-1	16	-1	0	47	-1	47	-1	0	0	-1	0	0	0
c10317	-1	-1	0	0	0	0	15	-1	-1	46	0	-1	0	0	38	33	0	-1	49	0	40	0	0	-1	0	0	21	-1	26	-1
c10321	-1	0	0	-1	-1	-1	0	1	-1	0	0	0	0	47	0	0	-1	16	0	12	27	0	8	47	0	31	21	0	-1	0
c10336	-1	49	1	15	5	0	-1	1	0	0	0	49	0	15	-1	0	-1	16	0	0	47	0	47	0	0	0	21	49	-1	0
c10341	-1	0	1	16	0	-1	0	1	0	-1	0	-1	50	26	0	0	-1	-1	0	0	-1	20	47	18	0	33	-1	50	0	0
c10370	-1	0	0	-1	0	42	43	1	0	40	0	-1	21	-1	25	0	0	16	-1	49	26	0	0	-1	0	0	21	48	-1	0
c10371	-1	0	0	-1	0	42	43	-1	-1	-1	0	-1	21	0	25	0	0	-1	0	49	-1	0	0	-1	0	-1	-1	48	-1	0
c10414	-1	-1	1	-1	0	0	0	-1	12	8	31	38	0	46	0	-1	-1	16	0	0	47	-1	47	0	0	0	-1	-1	-1	0
c10415	-1	0	1	50	-1	0	0	-1	0	-1	-1	38	0	46	31	0	-1	16	0	-1	47	-1	47	-1	0	0	-1	25	0	0
c10427	-1	25	1	50	47	2	0	1	0	-1	0	2	0	0	0	0	-1	-1	0	0	47	0	47	0	0	0	21	-1	6	18
c10435	-1	0	21	0	-1	42	43	1	0	0	0	0	-1	0	49	0	3	-1	0	42	26	0	0	0	0	0	21	5	26	0
c10457	-1	-1	0	0	-1	-1	8	1	25	-1	40	0	0	-1	-1	0	28	16	-1	0	27	0	-1	-1	38	31	-1	-1	26	0
c10471	-1	-1	-1	25	40	0	-1	1	0	-1	0	27	32	-1	-1	24	-1	16	0	0	-1	0	47	0	0	33	-1	50	0	-1
c10473	-1	0	-1	0	31	0	-1	1	0	25	0	0	1	-1	0	-1	-1	16	0	41	47	14	47	-1	0	0	21	0	0	0
c10505	-1	-1	9	-1	0	45	0	1	0	0	42	25	0	0	0	13	-1	16	0	0	47	0	-1	38	0	0	21	0	-1	0
c10510	-1	0	-1	0	46	0	43	1	21	0	0	8	-1	50	45	27	-1	16	49	-1	-1	49	47	43	12	-1	21	-1	-1	0
c10532	-1	-1	1	0	5	0	0	1	0	-1	0	49	0	15	0	0	-1	16	-1	0	47	-1	47	0	45	0	-1	49	-1	0
c10533	-1	-1	1	0	5	0	0	-1	0	0	0	49	0	15	0	0	-1	-1	0	0	47	-1	47	-1	-1	0	-1	49	0	-1
c10545	-1	-1	1	0	46	0	43	1	21	-1	0	8	46	50	45	27	-1	16	-1	0	-1	49	47	43	12	-1	21	-1	-1	0
c10572	-1	0	0	-1	0	25	0	1	0	47	-1	0	-1	31	25	-1	-1	16	0	0	47	-1	47	24	0	-1	21	0	-1	0
c10590	-1	0	-1	50	0	0	0	1	-1	-1	0	0	-1	0	0	0	-1	-1	-1	0	47	0	47	0	0	41	21	0	0	0
c10599	-1	25	1	50	0	47	7	-1	0	-1	0	-1	47	-1	0	-1	-1	16	-1	0	47	40	47	0	-1	-1	21	0	25	20
c10603	-1	0	1	0	0	0	43	1	21	0	-1	-1	0	17	45	27	-1	16	0	0	-1	-1	-1	0	12	0	21	-1	-1	0
c10609	-1	-1	21	0	-1	42	-1	1	0	0	0	0	21	0	0	-1	0	16	0	42	-1	0	0	0	0	0	21	5	26	0
c10624	-1	-1	1	0	0	-1	43	1	0	42	0	0	-1	-1	1	0	-1	16	-1	0	47	-1	-1	0	0	0	21	0	0	0
c10627	-1	-1	0	-1	0	42	0	1	-1	0	0	40	-1	0	25	0	0	16	-1	0	-1	-1	0	-1	31	14	-1	35	26	0
c10647	-1	0	1	-1	-1	0	43	1	0	0	31	0	0	0	1	-1	-1	16	50	21	47	0	47	0	37	-1	21	0	0	-1
c10676	-1	-1	1	0	0	0	43	1	21	-1	0	-1	-1	0	45	27	-1	16	0	0	47	0	47	0	12	-1	21	-1	-1	0
c10694	-1	0	-1	0	0	25	43	-1	0	0	31	0	0	0	1	-1	-1	16	-1	26	-1	-1	47	-1	-1	0	21	0	0	19
c10705	-1	0	-1	0	0	45	0	-1	47	0	0	-1	0	0	5	13	-1	16	-1	0	-1	-1	-1	0	0	20	-1	0	-1	0
c10706	-1	0	1	50	0	25	-1	1	0	-1	-1	0	0	0	0	16	-1	-1	0	0	47	0	47	-1	0	38	21	-1	0	0
c10707	-1	0	1	50	0	25	-1	1	-1	-1	0	0	0	0	0	16	-1	16	0	0	47	0	47	-1	0	38	21	0	0	0
c10764	-1	49	1	0	5	0	-1	-1	-1	2	0	49	0	15	42	0	-1	16	-1	0	47	-1	-1	25	0	0	-1	49	0	0
c10779	-1	0	1	-1	2	0	0	1	0	48	0	0	-1	0	8	0	-1	16	0	0	-1	-1	-1	-1	0	33	-1	50	0	0
c10789	-1	0	1	36	0	-1	43	1	21	-1	0	0	0	0	45	27	-1	16	0	-1	47	-1	47	25	12	0	-1	-1	-1	0
c10810	-1	-1	1	0	5	0	14	1	-1	0	-1	2	25	-1	-1	0	-1	-1	0	-1	47	0	-1	-1	-1	0	-1	49	8	0
c10821	-1	0	41	-1	43	-1	0	1	0	21	0	0	0	47	20	0	0	16	0	0	27	0	8	-1	-1	31	21	0	-1	9
c10834	-1	-1	-1	-1	0	42	-1	1	0	0	40	0	21	0	0	0	0	16	-1	42	26	0	0	0	0	0	21	5	26	0
c10843	-1	3	1	0	0	-1	-1	1	0	-1	38	-1	-1	0	13	0	-1	-1	-1	0	47	0	47	21	0	0	21	25	0	-1
c10851	-1	0	1	0	0	0	43	1	21	44	0	0	0	0	-1	27	-1	16	41	0	47	10	47	0	12	0	21	-1	-1	0
c10905	-1	25	1	2	-1	0	43	1	0	-1	0	0	-1	-1	1	0	-1	-1	-1	-1	47	12	47	-1	0	0	21	0	0	-1
c10908	-1	0	0	-1	0	42	43	1	0	0	0	-1	-1	0	0	0	0	16	44	0	-1	-1	0	-1	0	0	-1	48	26	-1
c10916	-1	-1	1	0	43	-1	20	1	-1	-1	24	0	8	-1	50	21	-1	-1	0	0	47	-1	47	43	-1	0	-1	-1	0	15
c10918	-1	0	-1	0	0	-1	43	1	21	0	-1	0	1	0	45	27	-1	16	25	0	47	0	47	0	12	0	-1	-1	-1	0
c10919	-1	0	1	-1	0	-1	43	1	21	0	0	0	-1	0	45	-1	-1	16	25	0	47	0	47	-1	12	0	21	-1	-1	0
c10926	-1	21	1	50	0	0	0	1	-1	-1	0	0	28	-1	0	0	-1	16	0	-1	-1	0	47	20	0	46	21	0	0	0
c10932	-1	-1	-1	0	0	50	49	1	-1	48	0	0	0	0	0	0	-1	16	0	0	47	25	47	0	-1	0	21	44	47	0
c10958	-1	0	1	0	0	0	0	1	0	48	0	-1	0	0	45	0	-1	16	8	35	-1	-1	47	-1	47	33	-1	50	0	0
c10969	-1	-1	-1	0	0	21	42	1	0	0	0	17	0	0	0	0	-1	16	0	0	47	20	47	-1	25	8	-1	0	-1	12
c10973	-1	0	0	43	14	0	-1	1	47	0	0	0	-1	0	5	13	-1	-1	0	25	47	-1	-1	0	0	-1	21	0	-1	0
c10996	-1	0	7	21	0	42	0	1	0	0	0	21	21	18	-1	0	1	16	0	-1	26	-1	-1	-1	25	-1	21	21	26	17
c10999	-1	25	1	0	-1	0	-1	1	0	-1	0	-1	15	0	1	0	-1	16	-1	0	-1	0	47	0	0	0	21	0	0	0
c11029	-1	0	1	0	43	0	0	-1	0	0	0	-1	0	-1	0	-1	-1	-1	-1	0	47	37	47	50	8	0	-1	42	0	8
c11032	-1	0	1	25	2	21	0	1	0	48	0	-1	0	0	0	0	-1	16	0	-1	-1	0	47	0	-1	-1	-1	50	0	-1
c11045	-1	0	-1	0	46	0	43	1	21	0	0	8	0	50	45	27	-1	16	49	0	47	49	47	-1	-1	0	21	-1	-1	0
c11101	-1	-1	1	50	-1	0	0	1	-1	0	0	0	-1	50	-1	0	-1	16	0	0	47	28	47	-1	-1	0	21	-1	0	-1
c11107	-1	-1	1	13	0	21	0	1	-1	0	-1	50	0	0	-1	0	-1	16	0	0	47	0	-1	47	25	0	21	0	0	0
c11123	-1	38	-1	-1	0	0	0	1	47	-1	0	0	0	-1	-1	13	-1	-1	0	0	47	25	47	-1	0	0	21	-1	-1	-1
c11151	-1	0	1	0	5	-1	14	1	-1	0	-1	0	-1	15	0	0	-1	16	-1	0	47	-1	-1	24	0	-1	21	49	43	0
c11168	-1	0	-1	0	0	-1	-1	1	1	-1	0	0	0	0	-1	0	-1	16	0	-1	47	25	-1	0	40	0	21	0	0	0
c11169	-1	-1	-1	0	0	50	-1	-1	1	48	0	0	-1	0	-1	0	-1	16	0	0	47	25	-1	-1	40	-1	21	-1	0	0
c11177	-1	0	1	-1	-1	-1	-1	-1	0	0	31	0	0	0	1	50	-1	16	0	0	47	25	47	0	0	0	21	-1	-1	0
c11178	-1	-1	1	0	0	21	0	1	47	3	0	0	0	0	45	0	-1	16	0	0	47	25	47	-1	25	0	21	0	-1	0
c11180	-1	-1	1	0	5	23	14	1	0	0	-1	-1	0	15	0	0	-1	16	0	-1	47	0	-1	0	0	0	-1	-1	8	0
c11183	-1	12	1	50	3	44	-1	1	-1	-1	0	14	0	0	38	27	-1	16	-1	0	47	0	47	41	-1	-1	21	-1	-1	12
c11185	-1	-1	0	8	0	42	20	1	0	0	0	0	21	16	44	0	1	16	0	-1	26	0	-1	24	25	0	21	21	26	17
c11207	-1	-1	1	18	5	-1	6	1	8	31	-1	49	0	15	0	25	-1	-1	0	0	47	0	-1	-1	31	0	21	49	0	-1
c11245	-1	-1	0	0	0	0	-1	1	5	46	0	0	0	0	-1	33	0	16	-1	0	40	-1	0	0	0	0	21	0	26	8
c11246	-1	-1	0	0	46	0	0	1	0	0	0	-1	-1	0	0	-1	-1	16	0	-1	-1	0	47	0	32	50	21	0	-1	0
c11250	-1	0	0	45	0	0	0	1	0	-1	37	9	0	0	31	13	-1	16	0	-1	47	0	47	0	35	49	21	0	-1	0
c11265	-1	0	1	0	0	0	0	1	0	48	8	38	25	0	0	-1	-1	16	8	0	-1	0	47	0	46	-1	-1	50	0	48
c11266	-1	0	-1	0	0	-1	0	-1	47	0	-1	-1	0	0	5	13	-1	16	0	-1	-1	0	-1	0	0	-1	-1	-1	-1	0
c11284	-1	25	-1	0	2	0	43	1	0	0	0	0	15	0	1	8	-1	16	-1	0	-1	0	47	0	-1	0	-1	-1	-1	0
c11289	-1	42	1	0	0	0	-1	1	0	0	0	0	1	-1	0	0	-1	16	20	23	47	0	-1	47	0	-1	21	-1	0	0
c11300	-1	-1	-1	0	46	0	43	1	21	0	0	0	0	0	-1	-1	-1	16	0	0	47	49	47	0	12	-1	21	-1	-1	43
c11301	-1	0	1	0	-1	0	43	1	21	0	0	0	0	0	45	27	-1	-1	0	0	47	49	47	0	12	0	21	-1	-1	43
c11312	-1	-1	-1	50	50	23	-1	1	-1	-1	-1	49	0	0	-1	-1	-1	16	0	0	47	18	-1	0	25	-1	21	0	31	21
c11321	-1	-1	0	-1	0	42	0	-1	0	-1	0	40	-1	0	0	-1	0	-1	0	0	26	0	0	-1	0	0	21	0	26	39
c11348	-1	0	-1	0	0	50	-1	1	5	48	-1	14	0	44	-1	0	-1	16	18	0	47	15	47	0	0	-1	21	27	0	0
c11362	-1	0	-1	50	0	0	0	1	0	-1	0	0	0	0	0	0	-1	16	0	0	47	0	47	0	-1	41	21	0	0	0
c11370	-1	-1	0	-1	0	42	0	1	8	-1	0	40	-1	0	0	0	0	16	42	0	26	0	0	-1	0	14	21	35	26	0
c11416	-1	0	-1	0	-1	47	43	1	0	0	31	0	0	50	1	36	-1	-1	0	0	47	-1	47	-1	0	-1	21	0	0	-1
c11421	-1	49	1	18	5	0	6	1	8	31	0	49	0	-1	0	0	-1	16	0	0	47	0	47	0	0	0	21	49	0	0
c11429	-1	38	0	0	0	-1	0	1	47	0	0	0	0	0	5	13	-1	16	0	-1	47	0	-1	0	0	0	-1	0	-1	32
c11431	-1	49	1	0	5	0	-1	1	49	-1	-1	49	0	15	-1	31	-1	16	0	0	-1	0	47	0	0	0	21	-1	-1	0
c11443	-1	0	1	-1	0	0	0	1	0	0	-1	0	0	40	-1	0	-1	16	0	-1	47	-1	47	0	0	0	21	-1	-1	-1
c11447	-1	0	1	0	0	0	-1	1	-1	-1	-1	0	-1	0	0	50	-1	16	-1	0	-1	-1	47	0	0	33	-1	50	0	-1
c11448	-1	0	1	0	31	0	-1	-1	0	-1	-1	0	1	-1	50	0	-1	16	-1	0	47	0	-1	0	0	28	-1	0	0	0
c11465	-1	43	1	0	-1	0	0	-1	0	48	0	-1	50	0	0	0	-1	16	-1	0	-1	0	47	0	-1	33	-1	50	0	0
c11466	-1	25	1	0	0	-1	-1	1	0	0	0	0	-1	0	1	0	-1	16	-1	-1	47	0	47	0	-1	0	-1	0	31	15
c11467	-1	25	1	-1	0	0	-1	1	0	-1	0	0	15	-1	1	-1	-1	16	-1	0	47	0	47	0	0	0	21	0	31	15
c11504	-1	25	1	0	0	0	43	1	0	0	-1	0	15	0	1	0	-1	-1	-1	-1	47	0	-1	1	0	-1	21	0	0	0
c11508	-1	0	1	13	-1	-1	50	1	0	-1	0	50	0	-1	0	0	-1	16	0	0	47	0	47	47	0	0	21	30	0	0
c11518	-1	0	0	0	-1	0	0	1	0	0	0	0	21	12	23	-1	44	16	0	0	26	43	0	0	0	42	21	0	26	0
c11527	-1	0	1	50	8	49	0	1	0	0	-1	0	0	0	40	-1	-1	16	0	25	47	40	47	0	0	-1	21	0	0	-1
c11557	-1	0	1	0	0	0	-1	1	21	-1	-1	0	-1	0	45	27	-1	16	0	-1	-1	-1	47	-1	12	0	-1	-1	-1	0
c11564	-1	-1	-1	0	49	21	43	1	0	0	0	0	15	0	1	-1	-1	-1	-1	0	47	0	47	21	-1	0	21	0	12	0
c11567	-1	-1	1	8	5	0	0	1	0	0	0	49	0	15	0	-1	-1	-1	0	0	47	-1	47	0	45	0	21	-1	24	-1
c11614	-1	-1	1	50	24	0	-1	-1	50	0	-1	0	0	0	25	0	-1	16	0	0	47	29	-1	-1	4	31	-1	-1	37	0
c11623	-1	-1	41	-1	0	-1	0	1	0	50	12	0	0	47	0	42	0	16	-1	0	-1	0	-1	0	0	31	21	0	-1	0
c11626	-1	-1	1	0	49	21	43	1	-1	0	0	0	15	0	1	0	-1	16	-1	-1	-1	21	47	21	0	0	21	-1	12	28
c11649	-1	49	1	0	5	-1	-1	1	49	0	-1	-1	0	15	-1	31	-1	16	0	0	47	0	47	49	0	0	21	49	-1	0
c11664	-1	25	1	0	0	50	43	1	-1	0	0	0	15	0	1	0	-1	16	-1	0	47	0	47	0	0	0	-1	0	0	0
c11669	-1	0	1	0	0	0	0	1	0	24	0	0	0	40	-1	0	-1	16	0	-1	-1	0	47	0	11	0	21	-1	-1	0
c11687	-1	27	1	0	-1	0	0	1	0	48	-1	0	-1	-1	0	0	-1	16	8	0	-1	0	47	0	46	33	-1	50	0	-1
c11695	-1	0	1	50	-1	6	0	1	0	-1	0	0	28	-1	-1	0	-1	16	0	0	-1	0	47	20	0	46	21	0	0	0
c11706	-1	-1	1	-1	49	21	-1	1	0	0	0	0	15	0	1	0	-1	-1	-1	0	47	0	47	0	0	0	21	0	12	0
c11707	-1	-1	1	0	49	21	43	1	0	0	0	0	15	-1	-1	0	-1	16	-1	0	47	0	47	0	0	0	-1	0	-1	0
c11727	-1	0	48	-1	-1	42	43	1	50	0	0	-1	-1	44	0	0	49	16	0	-1	26	-1	0	-1	0	0	21	48	26	0
c11732	-1	49	1	0	5	-1	0	1	49	-1	0	49	0	15	-1	-1	-1	16	-1	0	47	-1	47	0	0	-1	21	49	-1	0
c11733	-1	49	1	0	5	-1	0	-1	49	-1	0	49	0	15	-1	0	-1	16	0	0	47	-1	47	0	0	0	21	49	-1	0
c11759	-1	0	1	0	0	0	0	-1	0	48	8	-1	25	-1	-1	40	-1	16	8	26	-1	-1	47	7	46	33	-1	50	0	0
c11762	-1	0	-1	-1	0	0	-1	1	0	0	-1	0	0	0	0	-1	-1	-1	0	0	47	0	47	-1	0	-1	21	0	-1	18
c11764	-1	-1	1	0	0	21	-1	1	0	0	0	-1	25	12	28	0	-1	-1	0	-1	47	0	-1	0	25	0	21	0	-1	0
c11768	-1	25	-1	-1	49	-1	43	-1	-1	0	30	0	15	0	-1	24	-1	16	-1	0	47	25	47	31	0	0	21	-1	0	0
c11769	-1	25	-1	0	49	0	-1	-1	-1	0	30	-1	-1	0	1	24	-1	16	-1	-1	-1	-1	47	31	0	0	21	0	0	-1
c11786	-1	43	1	0	46	0	43	1	21	0	-1	0	0	0	-1	27	-1	16	0	0	47	-1	47	0	12	0	-1	-1	-1	43
c11787	-1	43	1	0	-1	-1	43	1	21	0	0	-1	0	0	45	-1	-1	16	-1	0	47	-1	-1	0	12	0	21	-1	-1	-1
c11814	-1	21	1	50	0	0	0	1	0	-1	0	-1	28	-1	0	0	-1	16	0	-1	47	0	47	20	0	46	21	0	0	0
c11824	-1	-1	1	13	-1	-1	0	1	0	1	0	0	0	-1	47	0	-1	16	-1	0	47	0	47	-1	25	0	21	0	-1	8
c11831	-1	0	1	0	0	-1	-1	1	21	0	0	-1	1	0	-1	27	-1	16	-1	25	47	47	47	0	12	0	21	-1	-1	0
c11833	-1	25	1	0	-1	49	-1	1	0	0	0	0	15	31	1	0	-1	16	-1	0	47	0	47	0	0	0	21	0	7	0
c11837	-1	-1	-1	50	24	0	44	1	50	0	-1	-1	0	0	25	0	-1	16	0	0	-1	0	-1	47	-1	-1	-1	-1	-1	0
c11846	-1	-1	1	0	46	15	43	-1	21	0	0	-1	0	-1	45	27	-1	16	0	0	47	49	47	-1	-1	0	21	-1	-1	0
c11864	-1	25	1	2	0	0	43	1	21	0	-1	-1	-1	0	45	27	-1	16	0	0	47	25	-1	0	12	0	21	-1	-1	0
c11865	-1	-1	1	-1	0	0	43	-1	21	0	-1	-1	0	0	45	27	-1	16	-1	-1	47	-1	-1	0	12	0	-1	-1	-1	0
c11869	-1	0	1	-1	0	-1	0	1	0	0	47	0	12	0	0	8	-1	16	-1	0	47	-1	47	0	0	-1	21	0	0	-1
c11886	-1	25	-1	0	0	-1	43	-1	0	0	0	0	15	31	-1	0	-1	-1	-1	0	47	-1	47	-1	0	0	21	25	-1	0
c11889	-1	38	0	0	0	0	-1	1	0	46	0	0	21	12	0	0	44	16	-1	0	26	0	8	-1	0	42	-1	0	26	0
c11890	-1	0	0	-1	0	42	43	1	0	0	0	-1	-1	0	-1	0	0	-1	0	0	26	0	0	-1	0	0	21	-1	26	-1
c11892	-1	0	1	50	-1	0	14	-1	10	-1	0	-1	-1	0	0	0	-1	16	0	0	-1	0	47	0	0	-1	21	44	42	0
c11942	-1	18	1	-1	-1	-1	-1	1	-1	25	31	0	-1	0	1	20	-1	16	0	0	47	0	47	-1	0	0	21	0	0	0
c11944	-1	-1	1	8	-1	0	43	1	-1	25	31	0	0	0	1	20	-1	-1	0	0	47	-1	47	45	0	0	21	-1	-1	-1
c11966	-1	49	1	-1	0	0	-1	1	0	48	-1	0	13	0	0	0	-1	16	49	0	-1	0	-1	49	-1	0	-1	49	44	-1
c11969	-1	12	-1	32	46	0	43	1	21	0	0	0	0	0	45	27	-1	16	-1	0	47	49	47	-1	-1	0	21	-1	-1	-1
c11979	-1	-1	1	0	5	42	14	-1	0	-1	32	-1	0	15	0	47	-1	-1	0	0	47	0	-1	-1	0	0	21	-1	0	0
c11997	-1	-1	-1	8	0	0	-1	1	1	25	21	0	21	12	18	0	44	16	0	25	26	0	0	-1	0	42	21	-1	26	0
c12002	-1	-1	1	47	0	-1	43	1	-1	0	0	0	-1	46	-1	27	-1	16	41	0	47	0	47	0	12	-1	21	-1	-1	-1
c12004	-1	0	1	0	-1	0	-1	1	0	48	0	0	0	-1	45	44	-1	16	8	35	-1	0	-1	0	0	33	-1	50	0	0
c12020	-1	20	0	-1	0	42	43	1	0	40	0	-1	21	0	0	0	0	16	-1	0	26	0	0	-1	0	0	21	48	26	0
c12038	-1	0	0	8	0	0	0	1	-1	0	21	46	21	12	0	0	-1	16	-1	-1	26	-1	0	-1	0	42	21	2	26	0
c12058	-1	15	1	50	50	23	-1	1	20	0	0	49	0	0	0	-1	-1	-1	26	0	47	18	47	0	0	14	21	0	0	0
c12064	-1	0	0	0	-1	0	-1	1	5	46	0	0	0	-1	38	33	-1	-1	-1	0	40	-1	0	-1	0	0	21	0	26	-1
c12065	-1	0	0	0	0	0	15	-1	5	-1	-1	0	0	0	-1	33	0	16	49	0	40	0	0	0	0	0	21	-1	26	8
c12074	-1	0	-1	0	0	0	43	1	0	0	31	0	0	50	-1	36	-1	16	-1	-1	47	25	47	0	-1	0	21	-1	0	-1
c12080	-1	0	-1	0	41	-1	46	1	0	0	0	-1	-1	0	0	2	-1	16	2	-1	26	-1	0	21	0	0	21	0	26	-1
c12082	-1	-1	1	8	5	0	0	1	0	0	1	49	0	15	14	47	-1	-1	0	0	47	-1	47	0	45	0	21	49	0	0
c12089	-1	0	1	50	49	-1	-1	1	0	0	44	0	-1	-1	38	0	-1	16	-1	0	47	0	47	0	41	-1	21	0	0	0
c12098	-1	0	1	0	-1	42	14	1	0	0	32	0	7	15	0	0	-1	16	0	-1	47	0	-1	0	0	0	21	49	-1	0
c12099	-1	0	1	0	-1	42	-1	-1	0	0	32	0	7	15	0	0	-1	-1	0	0	47	-1	-1	0	-1	0	21	49	0	-1
c12123	-1	40	-1	-1	50	0	-1	-1	0	0	0	0	0	0	0	-1	-1	16	0	28	47	0	47	0	0	0	21	49	0	-1
c12129	-1	49	1	0	5	0	0	1	40	0	0	49	50	15	0	0	-1	16	-1	0	47	0	47	-1	-1	0	21	-1	-1	-1
c12145	-1	0	-1	-1	-1	0	-1	-1	-1	-1	0	0	0	0	-1	0	-1	16	50	0	47	-1	-1	-1	0	0	21	42	0	0
c12155	-1	0	1	0	0	0	-1	1	-1	0	-1	-1	0	0	-1	-1	-1	16	0	0	47	-1	47	0	12	-1	-1	-1	-1	-1
c12156	-1	0	1	0	-1	0	43	-1	21	0	0	8	0	50	-1	27	-1	16	49	0	47	49	47	43	12	-1	-1	-1	-1	0
c12157	-1	0	1	1	46	0	43	1	21	-1	0	-1	0	50	45	27	-1	-1	-1	-1	-1	49	47	43	12	0	21	-1	-1	0
c12158	-1	28	1	8	0	0	-1	1	38	0	31	0	25	0	-1	40	-1	16	0	0	47	0	47	0	-1	0	21	0	-1	0
c12160	-1	0	1	50	8	49	-1	1	0	6	0	-1	-1	0	40	-1	-1	-1	0	25	47	-1	-1	-1	-1	-1	21	0	0	-1
c12178	-1	-1	-1	0	0	50	19	1	-1	48	0	-1	0	0	0	42	-1	16	0	0	47	0	47	0	0	0	21	0	0	0
c12201	-1	0	0	0	0	0	0	1	-1	-1	-1	9	8	-1	-1	13	-1	16	0	0	47	-1	-1	46	0	0	21	0	-1	0
c12205	-1	49	1	0	-1	-1	-1	1	-1	-1	0	49	-1	15	50	0	-1	16	-1	28	47	0	47	0	0	0	21	49	-1	0
c12210	-1	0	0	-1	0	0	0	1	-1	-1	41	9	0	-1	31	-1	-1	-1	-1	-1	47	0	47	0	0	0	21	0	-1	-1
c12212	-1	-1	1	0	5	0	0	1	-1	-1	0	0	-1	15	47	0	-1	16	18	-1	47	-1	-1	-1	0	0	21	49	14	0
c12237	-1	0	0	-1	0	45	0	1	0	0	0	-1	0	-1	0	13	-1	-1	25	0	47	0	47	0	-1	-1	21	-1	-1	0
c12248	-1	0	1	0	0	0	43	1	0	0	31	0	0	0	1	0	-1	16	0	0	47	-1	47	0	0	-1	21	0	-1	-1
c12255	-1	0	17	0	0	-1	8	-1	25	-1	0	0	0	47	0	19	0	16	-1	0	27	0	8	-1	38	31	21	14	-1	-1
c12260	-1	0	1	20	0	-1	43	1	-1	0	31	0	0	0	1	0	-1	16	0	0	47	-1	47	0	0	-1	21	-1	0	-1
c12278	-1	0	1	-1	-1	-1	0	1	0	0	-1	38	0	-1	0	47	-1	16	0	50	47	0	-1	0	0	-1	-1	49	13	0
c12280	-1	-1	-1	0	0	21	0	1	0	0	0	50	0	-1	28	0	-1	-1	2	0	-1	0	47	0	25	0	21	0	-1	-1
c12298	-1	49	41	-1	0	-1	0	1	-1	21	-1	0	0	47	0	0	-1	16	0	0	27	-1	-1	-1	0	-1	21	-1	-1	0
c12304	-1	0	1	0	0	0	43	1	21	0	0	20	1	0	45	-1	-1	-1	0	25	47	47	-1	-1	12	0	-1	-1	-1	0
c12305	-1	0	1	0	-1	0	43	1	21	0	0	-1	1	0	-1	-1	-1	16	-1	25	-1	47	47	0	-1	0	21	-1	-1	-1
c12306	-1	0	1	0	5	42	14	1	21	-1	32	-1	0	15	0	0	-1	16	0	-1	47	0	-1	-1	-1	0	21	49	-1	-1
c12316	-1	0	1	-1	0	0	-1	-1	0	48	0	-1	0	-1	-1	-1	-1	16	-1	-1	47	0	-1	0	0	33	-1	-1	0	0
c12324	-1	0	0	0	39	-1	0	-1	0	0	0	12	23	24	-1	-1	-1	-1	0	30	-1	-1	47	0	-1	28	21	20	-1	0
c12352	-1	-1	-1	-1	-1	-1	0	1	0	-1	21	0	0	-1	-1	42	0	16	14	-1	-1	-1	8	25	40	31	21	-1	-1	0
c12377	-1	0	-1	-1	-1	0	0	1	13	5	0	0	0	0	50	0	-1	16	-1	-1	47	0	47	-1	40	25	21	14	-1	8
c12395	-1	47	49	-1	0	0	0	-1	24	-1	0	-1	0	0	31	13	-1	-1	50	-1	47	25	47	0	0	-1	21	0	-1	0
c12405	-1	25	1	0	0	0	43	1	0	0	0	0	15	1	1	0	-1	-1	-1	-1	47	31	47	-1	0	0	21	-1	49	0
c12419	-1	0	1	50	0	47	7	1	0	-1	-1	47	47	0	0	-1	-1	16	0	-1	47	-1	47	0	0	25	21	-1	0	-1
c12424	-1	0	-1	-1	5	42	14	1	0	0	32	0	-1	15	-1	0	-1	16	0	0	47	0	-1	0	0	50	21	49	0	-1
c12427	-1	-1	1	0	2	30	43	1	0	43	-1	-1	0	0	1	0	-1	16	0	0	47	-1	47	0	-1	0	21	0	0	0
c12429	-1	0	0	-1	40	-1	0	1	0	47	0	31	0	47	0	0	-1	16	0	0	27	0	8	0	0	31	-1	28	-1	-1
c12431	-1	0	1	-1	0	-1	13	1	40	48	0	0	0	18	-1	0	-1	16	-1	0	-1	-1	47	0	0	33	-1	50	0	0
c12433	-1	42	1	0	25	0	0	1	0	-1	0	0	1	-1	0	0	-1	16	20	0	47	0	47	0	44	8	-1	-1	0	0
c12480	-1	-1	-1	0	43	-1	20	1	-1	44	24	0	8	-1	-1	21	-1	16	0	-1	47	-1	47	-1	-1	0	21	49	0	15
c12485	-1	0	0	37	-1	-1	15	-1	-1	46	-1	3	0	0	24	33	-1	-1	-1	0	0	0	-1	0	0	-1	21	0	26	8
c12492	-1	42	1	0	0	-1	-1	1	0	0	28	8	1	-1	0	-1	-1	16	20	23	47	0	47	47	0	-1	21	-1	0	0
c12508	-1	0	-1	0	47	-1	8	1	25	-1	-1	13	0	-1	0	-1	-1	16	-1	0	27	-1	8	0	0	31	21	0	26	0
c12523	-1	0	1	0	46	0	43	1	21	0	0	8	-1	50	45	-1	-1	16	49	0	47	-1	-1	43	12	-1	21	-1	-1	11
c12533	-1	49	-1	40	5	43	6	1	8	0	0	-1	0	15	0	47	-1	16	0	-1	-1	0	47	-1	38	0	-1	49	0	0
c12535	-1	0	1	36	46	0	43	1	21	0	0	0	0	40	45	27	-1	16	0	-1	47	-1	47	0	12	0	21	-1	-1	0
c12557	-1	-1	0	-1	0	-1	43	1	0	-1	0	-1	21	0	0	0	0	16	0	-1	26	0	0	-1	0	0	21	48	26	0
c12564	-1	0	1	0	46	0	43	-1	-1	0	44	0	-1	0	45	27	-1	16	0	0	47	49	-1	0	12	0	21	-1	-1	-1
c12569	-1	0	0	0	0	49	0	-1	-1	-1	0	0	-1	-1	0	-1	-1	16	0	0	26	-1	-1	0	0	42	21	0	-1	0
c12573	-1	25	-1	0	-1	-1	43	-1	-1	0	0	0	15	0	1	0	-1	16	-1	0	47	0	47	0	0	0	21	0	-1	0
c12590	-1	-1	-1	0	0	50	-1	1	1	48	0	-1	0	-1	0	0	-1	16	0	0	-1	-1	47	-1	16	0	21	0	0	0
c12594	-1	0	0	0	0	0	0	-1	0	-1	-1	9	7	0	31	13	-1	-1	0	8	47	0	47	50	0	0	21	0	-1	0
c12604	-1	0	0	8	0	0	-1	1	-1	25	21	-1	21	12	18	0	44	16	0	0	26	0	0	-1	0	42	21	2	26	0
c12617	-1	0	0	-1	-1	-1	-1	1	0	-1	0	-1	21	-1	0	0	0	-1	12	-1	-1	0	0	-1	0	0	21	0	26	0
c12633	-1	38	-1	-1	0	0	-1	1	47	0	0	0	0	0	5	-1	-1	-1	-1	0	47	0	47	0	0	8	21	44	-1	0
c12637	-1	0	-1	50	-1	13	40	1	0	-1	0	0	0	-1	-1	0	-1	16	0	0	-1	0	47	0	0	0	21	49	0	-1
c12651	-1	38	0	0	0	24	0	-1	47	0	0	0	0	0	5	13	-1	16	0	0	47	0	47	-1	0	0	21	0	-1	32
c12654	-1	-1	1	0	0	21	0	1	-1	0	0	-1	0	0	0	0	-1	16	0	27	47	-1	-1	0	25	0	21	0	-1	0
c12665	-1	0	-1	0	0	-1	-1	1	27	47	38	0	31	31	0	-1	-1	16	0	0	47	0	47	24	0	-1	21	0	-1	0
c12667	-1	25	1	0	0	0	-1	1	0	0	0	0	-1	0	1	0	-1	16	-1	0	47	0	47	50	0	0	-1	0	0	0
c12669	-1	0	0	-1	0	42	43	1	0	40	0	-1	21	0	-1	0	0	16	0	-1	-1	0	0	-1	0	0	21	48	26	0
c12674	-1	0	1	0	0	0	43	1	-1	0	0	-1	-1	0	45	27	-1	16	0	0	-1	0	47	32	-1	0	21	-1	-1	-1
c12682	-1	40	21	0	0	42	-1	1	-1	0	0	0	21	-1	-1	2	0	-1	-1	0	26	-1	0	33	0	-1	21	0	26	0
c12696	-1	49	1	0	5	0	0	1	-1	0	0	49	0	15	0	1	-1	16	0	44	47	0	47	0	0	0	-1	49	0	-1
c12697	-1	49	1	0	-1	0	0	1	44	0	0	49	0	15	0	1	-1	16	0	44	47	0	47	-1	0	0	-1	49	0	9
c12701	-1	0	0	-1	0	-1	24	1	0	-1	0	0	0	47	0	-1	0	16	-1	0	27	0	8	0	0	31	21	0	-1	0
c12703	-1	0	-1	-1	0	-1	-1	1	0	21	0	0	0	-1	0	0	0	16	0	20	-1	0	8	-1	0	31	21	0	-1	8
c12711	-1	38	-1	0	0	24	44	1	47	0	0	0	0	0	-1	13	-1	16	0	-1	47	0	47	0	0	8	21	0	-1	32
c12713	-1	25	1	20	49	44	43	1	-1	0	0	40	15	50	1	42	-1	-1	-1	8	47	0	47	0	0	0	21	0	0	0
c12716	-1	42	1	0	0	0	-1	1	37	0	-1	0	1	-1	0	0	-1	16	20	0	47	0	-1	0	-1	0	-1	0	0	0
c12794	-1	49	1	0	5	0	0	1	0	2	0	-1	-1	15	-1	-1	-1	16	-1	0	47	0	-1	0	0	0	21	49	0	-1
c12795	-1	-1	1	0	5	0	0	1	0	2	-1	49	0	15	42	0	-1	-1	0	0	47	0	-1	-1	0	0	-1	49	0	-1
c12818	-1	0	-1	-1	50	-1	-1	-1	20	0	-1	49	-1	0	0	0	-1	16	0	0	47	18	-1	0	25	-1	21	-1	0	21
c12819	-1	0	1	50	50	-1	-1	1	20	0	-1	49	0	0	-1	0	-1	16	0	0	47	18	-1	0	25	14	-1	0	0	-1
c12833	-1	-1	1	2	-1	50	0	1	0	48	38	50	-1	0	0	-1	-1	16	0	0	47	0	47	0	0	0	21	0	-1	0
c12858	-1	-1	1	0	31	0	0	1	0	25	-1	0	1	-1	0	-1	-1	16	0	0	47	0	-1	37	0	-1	21	0	-1	0
c12889	-1	0	41	-1	39	-1	0	-1	-1	21	0	0	0	47	0	0	0	16	0	0	27	-1	8	0	0	-1	21	0	-1	0
c12897	-1	0	1	0	-1	25	-1	-1	0	0	-1	0	0	0	1	0	-1	16	0	3	-1	0	47	18	-1	0	21	0	-1	19
c12899	-1	-1	1	0	5	-1	14	1	0	0	32	0	0	15	0	0	-1	16	0	-1	47	-1	-1	44	0	0	21	-1	-1	0
c12926	-1	42	0	-1	0	-1	24	1	0	0	0	0	-1	47	-1	-1	-1	16	38	0	27	-1	8	0	40	31	21	-1	-1	-1
c12931	-1	2	1	50	0	0	0	-1	42	0	0	-1	0	0	-1	12	-1	-1	0	46	47	0	47	-1	-1	0	21	-1	0	0
c12932	-1	0	1	-1	-1	-1	-1	1	0	48	0	-1	0	0	0	0	-1	16	-1	-1	47	0	47	-1	0	-1	21	0	-1	-1
c12934	-1	0	1	0	0	25	43	-1	0	0	31	0	25	-1	-1	0	-1	16	0	0	47	0	47	-1	-1	0	21	0	0	19
c12938	-1	50	0	0	0	0	-1	-1	0	-1	49	0	21	-1	0	-1	38	16	-1	0	26	31	31	49	0	0	21	-1	26	0
c12939	-1	-1	0	0	0	-1	-1	-1	0	0	49	0	21	28	0	0	38	16	-1	-1	26	31	31	49	0	0	21	0	26	0
c12947	-1	49	1	20	0	0	21	1	0	-1	0	0	0	0	0	0	-1	16	0	0	47	-1	47	49	0	0	-1	49	44	0
c12949	-1	-1	-1	0	5	0	14	-1	-1	-1	-1	-1	25	15	0	12	-1	16	0	0	47	0	-1	0	0	0	21	49	8	0
c12970	-1	0	1	40	17	-1	43	1	-1	-1	31	0	0	0	1	0	-1	-1	0	25	47	0	-1	0	0	20	21	21	-1	0
c12999	-1	0	-1	0	0	0	43	1	0	0	31	0	-1	0	1	0	-1	16	0	0	47	-1	47	0	0	0	21	0	0	0
c13000	-1	0	41	-1	-1	-1	0	1	-1	50	-1	-1	0	47	0	42	-1	16	-1	0	-1	0	8	0	0	31	21	0	-1	0
c13010	-1	0	25	0	0	42	20	1	-1	0	0	-1	21	16	44	0	1	16	0	0	26	0	-1	0	25	0	21	21	26	17
c13015	-1	0	-1	-1	0	-1	-1	1	29	-1	0	0	-1	47	0	0	0	-1	0	0	27	0	8	0	0	31	-1	0	-1	0
c13018	-1	0	-1	-1	0	50	0	1	1	48	25	0	0	-1	14	0	-1	16	0	0	47	-1	-1	0	0	0	21	0	0	49
c13019	-1	0	-1	0	0	50	0	1	1	48	25	-1	0	0	14	0	-1	16	0	0	47	25	-1	0	0	0	21	0	-1	49
c13035	-1	0	-1	-1	0	0	43	1	0	24	31	0	0	0	1	0	-1	16	0	25	-1	-1	47	-1	-1	0	21	21	-1	0
c13061	-1	-1	1	-1	0	-1	0	1	0	48	0	0	0	0	-1	0	-1	16	49	0	-1	0	47	0	0	33	-1	50	0	0
c13081	-1	2	-1	50	-1	0	0	1	-1	0	-1	0	-1	-1	0	12	-1	16	0	46	47	0	47	17	-1	0	21	-1	-1	0
c13091	-1	14	0	0	43	-1	0	1	0	-1	41	9	0	-1	31	13	-1	16	0	0	47	0	47	0	0	0	21	0	-1	0
c13118	-1	-1	1	0	0	-1	43	1	0	0	31	-1	0	-1	-1	0	-1	16	0	0	-1	0	47	0	0	0	21	-1	0	-1
c13119	-1	0	-1	0	0	43	43	1	0	0	31	-1	0	-1	1	0	-1	16	0	0	-1	0	47	0	0	0	21	-1	0	0
c13121	-1	0	-1	-1	0	0	0	-1	0	48	0	0	-1	0	0	24	-1	16	-1	0	-1	-1	47	0	0	33	-1	50	0	0
c13138	-1	18	1	0	0	0	43	1	-1	25	31	0	21	0	1	-1	-1	-1	-1	0	-1	-1	47	0	5	0	21	-1	-1	0
c13168	-1	-1	0	-1	0	-1	24	1	0	-1	0	-1	-1	47	0	-1	0	16	-1	0	27	0	8	0	-1	31	21	-1	-1	-1
c13196	-1	0	-1	-1	-1	-1	24	1	0	-1	0	-1	0	47	0	-1	0	16	0	0	27	0	8	0	-1	31	-1	0	-1	0
c13206	-1	0	1	0	0	0	43	-1	0	0	31	0	0	0	1	50	-1	16	33	21	47	25	-1	0	26	0	21	0	0	25
c13248	-1	0	1	50	0	0	49	1	25	-1	-1	-1	47	0	0	0	-1	16	0	0	47	49	47	-1	0	0	21	-1	42	44
c13251	-1	49	1	0	5	-1	0	1	0	0	17	49	0	15	0	0	-1	-1	28	44	47	0	47	-1	-1	0	21	49	0	0
c13271	-1	0	41	-1	0	-1	0	1	0	19	21	0	0	47	0	42	0	-1	14	-1	-1	50	8	8	0	31	21	0	-1	0
c13274	-1	0	1	50	0	0	0	1	0	-1	0	38	0	46	0	0	-1	16	0	0	-1	-1	47	-1	0	0	21	-1	0	0
c13281	-1	0	-1	-1	50	-1	0	1	-1	-1	0	0	0	-1	0	0	0	16	0	12	27	0	-1	0	0	31	-1	-1	-1	-1
c13295	-1	0	41	-1	0	-1	0	1	0	0	-1	18	0	47	0	50	-1	16	0	-1	27	0	-1	-1	44	31	21	-1	-1	0
c13300	-1	44	1	0	46	-1	0	1	0	48	0	14	-1	44	0	0	-1	16	25	-1	47	0	47	-1	-1	-1	21	0	0	0
c13314	-1	1	1	-1	3	44	0	-1	0	0	0	0	0	0	38	-1	-1	-1	42	-1	-1	-1	47	-1	0	-1	21	0	-1	12
c13316	-1	-1	1	-1	0	21	41	1	0	-1	0	0	0	0	0	0	-1	16	0	0	47	-1	-1	-1	25	0	21	0	-1	31
c13346	-1	-1	-1	0	-1	49	-1	1	0	0	0	0	-1	31	1	0	-1	16	-1	0	47	0	47	0	42	0	21	-1	-1	0
c13347	-1	25	1	-1	0	49	-1	-1	0	0	0	-1	15	31	1	0	-1	16	-1	0	-1	0	47	0	42	0	21	0	7	0
c13355	-1	-1	1	50	0	0	-1	1	0	-1	0	0	-1	0	0	5	-1	16	0	0	-1	0	47	20	0	46	21	0	0	42
c13372	-1	25	1	50	47	2	0	1	0	0	0	-1	-1	0	0	0	-1	16	0	0	47	44	47	0	0	0	21	0	-1	-1
c13375	-1	25	1	-1	49	21	43	1	-1	0	15	0	15	0	-1	-1	-1	16	-1	-1	47	-1	47	0	0	-1	21	0	0	0
c13376	-1	-1	1	0	49	-1	43	1	0	0	0	40	15	50	1	-1	-1	16	-1	24	47	0	-1	0	21	-1	21	0	0	-1
c13379	-1	-1	-1	20	0	0	-1	1	20	48	0	0	-1	49	0	0	-1	16	0	0	47	0	47	49	-1	0	-1	49	0	0
c13391	-1	0	50	-1	-1	-1	24	-1	29	0	0	0	42	-1	-1	0	0	16	25	0	27	-1	8	0	18	31	21	0	-1	0
c13393	-1	0	-1	0	0	-1	0	1	47	0	14	-1	49	0	5	13	-1	16	0	24	-1	-1	47	0	0	-1	21	0	-1	0
c13403	-1	25	1	-1	-1	0	43	-1	0	0	0	0	15	0	1	24	-1	16	-1	0	47	-1	47	31	0	0	21	0	0	0
c13404	-1	0	-1	-1	50	-1	-1	1	0	0	0	0	0	47	0	0	0	16	0	0	27	-1	8	0	0	31	21	0	-1	-1
c13430	-1	0	1	0	5	42	-1	1	0	-1	32	0	0	-1	0	0	-1	16	0	-1	47	0	-1	0	49	0	21	49	-1	-1
c13434	-1	49	1	49	5	-1	31	-1	0	0	-1	49	-1	15	-1	0	-1	16	49	8	47	-1	47	49	-1	0	-1	49	-1	0
c13450	-1	49	1	0	5	-1	6	1	-1	44	0	-1	0	15	-1	0	-1	-1	0	0	47	0	-1	0	-1	31	21	49	-1	0
c13456	-1	0	1	-1	0	0	43	1	0	-1	31	50	0	0	1	0	-1	16	0	-1	47	-1	47	0	0	0	21	-1	-1	0
c13466	-1	42	1	0	0	0	0	-1	0	0	0	-1	1	-1	0	0	-1	16	20	0	47	0	-1	-1	0	-1	21	45	0	-1
c13485	-1	-1	41	-1	0	-1	0	1	0	50	0	0	0	47	0	42	0	16	-1	0	-1	0	8	0	0	-1	21	0	-1	0
c13506	-1	0	1	0	-1	0	43	1	21	49	0	-1	0	0	45	27	-1	16	0	0	47	49	47	0	12	0	21	-1	-1	43
c13512	-1	-1	41	-1	-1	-1	0	1	0	21	0	0	0	47	0	47	0	16	0	0	27	-1	8	0	0	31	-1	0	-1	0
c13514	-1	-1	1	-1	0	0	-1	-1	0	0	47	31	-1	0	0	8	-1	16	0	0	-1	0	47	-1	0	14	21	0	0	-1
c13526	-1	25	1	0	0	50	-1	1	-1	0	0	0	15	0	1	-1	-1	16	-1	0	47	0	47	0	0	0	-1	0	0	-1
c13528	-1	0	1	50	0	0	0	1	0	0	-1	-1	-1	0	0	-1	-1	16	0	25	-1	0	-1	0	0	-1	21	24	0	45
c13556	-1	25	1	0	-1	50	43	-1	0	0	0	-1	15	0	1	0	-1	16	-1	0	47	0	-1	0	50	-1	-1	0	-1	-1
c13557	-1	25	1	0	-1	50	43	1	0	-1	0	0	15	-1	-1	0	-1	16	-1	-1	47	0	47	0	50	0	-1	-1	0	0
c13570	-1	-1	1	0	-1	21	0	1	0	-1	0	50	0	0	28	0	-1	-1	2	0	47	0	47	0	-1	-1	21	-1	0	-1
c13575	-1	-1	-1	-1	0	-1	24	1	0	-1	0	0	0	47	0	-1	0	16	0	0	27	0	8	0	0	31	21	0	-1	0
c13595	-1	0	-1	-1	-1	0	-1	1	0	18	0	-1	0	0	-1	0	-1	16	-1	0	47	0	47	0	0	0	-1	28	37	0
c13596	-1	-1	0	0	0	-1	0	1	47	0	-1	0	0	0	-1	13	-1	16	0	0	-1	0	-1	0	0	0	21	0	-1	0
