	0	1	2	3	4	5	6	7	8	9	10	11	12	13	14	15	16	17	18	19	20	21	22	23	24	25	26	27	28	29
c367	0	-1	-1	-1	0	-1	27	0	25	18	-1	0	-1	-1	19	0	2	-1	0	0	-1	0	0	34	39	0	-1	18	0	0
c929	18	9	0	0	0	0	0	39	-1	18	-1	25	-1	0	-1	0	-1	43	-1	-1	-1	0	0	-1	0	0	0	-1	0	0
c1966	0	36	0	0	0	11	12	-1	13	0	-1	0	0	3	-1	0	0	49	0	0	50	0	0	34	3	4	0	46	-1	4
c2195	0	18	0	0	0	11	0	0	0	0	0	0	-1	-1	23	0	0	49	0	0	50	0	0	34	3	0	0	46	-1	40
c2247	0	0	0	-1	0	-1	0	11	0	-1	1	0	0	43	19	0	2	43	0	-1	-1	-1	0	-1	-1	0	0	18	0	19
c2325	-1	-1	0	-1	25	11	0	0	-1	0	0	0	0	3	23	0	0	49	0	0	50	0	0	34	3	0	0	46	-1	0
c2440	0	0	0	-1	0	0	0	6	-1	0	0	-1	-1	0	0	0	0	49	0	-1	50	-1	49	-1	0	0	0	0	-1	-1
c2750	0	0	-1	-1	0	0	0	11	0	18	1	0	0	43	19	0	2	-1	19	0	-1	42	0	34	0	0	0	-1	0	-1
c2880	0	-1	-1	-1	-1	0	0	0	-1	18	1	0	0	0	-1	25	-1	43	-1	0	40	0	50	34	0	0	-1	18	0	-1
c2881	0	0	40	4	-1	0	0	0	0	18	1	-1	0	0	19	25	-1	43	0	0	-1	0	50	34	0	40	40	18	0	25
c3002	0	0	0	0	0	11	0	0	37	-1	0	0	19	3	23	0	0	-1	0	0	50	0	0	-1	3	0	0	-1	-1	0
c3021	0	0	0	0	-1	-1	-1	0	0	18	1	-1	42	0	19	0	2	43	0	0	-1	-1	0	-1	1	0	0	18	0	0
c3037	-1	28	49	0	6	11	0	0	0	-1	0	49	-1	3	-1	-1	0	-1	-1	0	-1	0	0	-1	3	0	-1	46	-1	42
c3176	-1	-1	39	0	0	49	-1	33	-1	-1	-1	-1	0	0	19	29	2	43	-1	0	-1	0	0	34	0	0	0	-1	0	0
c3371	0	0	-1	0	25	11	0	0	0	42	0	0	0	3	23	0	-1	49	0	0	-1	0	0	-1	-1	39	0	46	-1	0
c3377	0	0	0	0	-1	11	0	0	-1	-1	0	0	0	-1	23	-1	-1	49	42	0	50	0	17	34	3	0	0	46	-1	40
c3586	0	-1	0	0	-1	0	27	41	0	18	1	-1	-1	0	19	0	2	43	0	24	-1	0	-1	-1	0	0	-1	18	-1	0
c3697	0	0	0	49	-1	0	32	-1	0	18	1	23	0	0	-1	21	2	43	-1	0	40	0	-1	34	0	0	24	18	0	24
c3794	19	0	39	0	0	49	-1	0	-1	18	1	0	0	25	19	29	2	43	49	0	-1	25	0	34	0	0	32	-1	-1	-1
c3825	-1	0	0	0	0	11	-1	0	0	25	0	0	-1	3	-1	-1	-1	49	42	-1	50	0	-1	34	-1	0	-1	46	-1	0
c3852	0	-1	21	-1	19	0	36	-1	46	-1	-1	0	-1	4	-1	-1	2	43	0	0	40	0	0	34	35	-1	0	18	0	-1
c3868	0	0	0	-1	-1	-1	12	0	0	18	-1	38	0	0	-1	0	2	43	0	0	40	0	19	-1	18	6	0	-1	0	-1
c3884	0	38	-1	-1	0	0	0	17	25	18	-1	0	0	-1	19	0	-1	43	36	0	40	32	50	34	-1	0	-1	18	0	-1
c3998	-1	17	11	0	0	11	32	0	0	0	0	32	0	3	-1	-1	0	49	0	-1	50	0	0	-1	-1	0	32	46	-1	0
c3999	40	17	0	0	0	11	32	0	-1	0	0	32	0	-1	0	-1	0	-1	0	-1	50	0	0	-1	3	0	32	46	-1	0
c4138	0	0	0	0	-1	-1	0	-1	0	18	1	0	0	0	19	0	2	43	0	-1	40	0	0	34	0	0	17	18	0	24
c4142	0	0	0	26	0	11	-1	0	0	0	0	0	-1	3	23	-1	0	49	0	24	-1	0	0	34	3	-1	0	46	-1	0
c4205	-1	0	40	-1	0	49	0	0	0	-1	1	0	-1	-1	19	0	2	43	0	-1	40	17	50	34	0	25	0	18	49	0
c4220	19	0	-1	0	28	0	-1	0	19	18	1	-1	3	0	19	-1	2	-1	21	0	-1	0	-1	34	0	-1	0	18	-1	0
c4233	0	-1	-1	0	-1	0	-1	42	0	18	1	0	0	0	19	0	2	43	0	24	40	0	0	34	0	0	-1	18	-1	0
c4283	32	0	0	-1	0	0	-1	0	-1	18	1	-1	-1	0	19	0	2	43	-1	0	40	-1	-1	34	-1	0	39	-1	-1	-1
c4295	0	-1	0	0	0	11	11	0	0	11	-1	-1	3	3	-1	-1	0	49	0	35	50	0	0	34	3	3	0	46	-1	-1
c4347	0	0	18	0	-1	11	-1	0	-1	0	0	14	-1	3	23	0	28	49	-1	-1	50	-1	0	34	3	3	0	46	-1	0
c4357	0	0	43	50	0	0	0	6	0	-1	0	5	-1	0	0	-1	0	49	0	0	50	0	3	34	0	0	-1	24	-1	0
c4483	0	0	-1	0	0	0	0	0	0	-1	1	0	0	0	19	0	2	-1	0	0	-1	0	0	34	-1	-1	0	18	0	0
c4632	0	0	0	0	0	0	-1	0	33	18	1	0	0	21	19	-1	2	-1	0	0	40	11	0	34	0	13	0	18	0	0
c4825	40	17	-1	42	0	11	0	0	0	0	41	32	0	3	0	0	-1	49	0	-1	50	0	0	34	3	0	32	46	-1	0
c4883	-1	-1	0	-1	-1	0	27	0	0	18	1	0	0	0	19	0	2	-1	0	11	40	-1	-1	34	0	0	28	18	-1	7
c4923	19	0	39	0	-1	49	-1	0	0	-1	1	0	0	0	19	29	2	43	0	-1	-1	0	0	34	44	0	0	-1	0	0
c4959	0	0	-1	-1	0	-1	0	17	0	18	1	0	17	3	19	0	2	43	0	0	40	0	50	34	50	0	-1	18	49	-1
c4966	0	35	0	0	0	11	-1	0	12	0	0	0	0	3	-1	-1	0	49	-1	0	50	-1	-1	-1	3	0	-1	46	-1	0
c4987	0	0	0	50	0	18	0	6	-1	0	0	5	0	42	0	-1	0	49	0	0	-1	0	49	-1	-1	5	0	0	-1	49
c5032	2	0	11	0	0	11	-1	0	0	0	0	0	0	-1	23	32	0	49	0	0	50	0	0	34	-1	0	0	46	-1	45
c5229	-1	0	-1	0	-1	0	-1	-1	0	18	1	-1	-1	0	19	-1	2	43	0	-1	40	-1	0	-1	0	0	0	18	-1	0
c5306	-1	0	0	26	0	11	-1	0	0	0	0	0	0	3	23	0	0	49	0	0	50	-1	0	-1	3	-1	0	46	-1	0
c5347	0	0	0	0	-1	11	0	36	0	0	0	0	11	3	23	0	0	-1	0	0	-1	0	0	-1	3	3	0	46	-1	0
c5362	-1	0	-1	0	0	0	-1	0	-1	18	1	-1	0	0	-1	29	2	43	-1	0	-1	0	0	34	0	0	0	18	18	-1
c5363	19	0	39	0	0	-1	-1	-1	0	18	1	0	0	-1	-1	29	2	-1	0	0	-1	0	0	34	0	-1	0	18	18	-1
c5389	-1	-1	0	0	-1	0	-1	0	-1	18	1	0	0	0	19	-1	2	-1	34	0	40	-1	0	-1	0	39	-1	18	0	-1
c5449	49	-1	0	0	-1	0	27	-1	0	18	1	-1	0	4	19	0	2	43	0	24	40	0	42	34	0	25	28	18	-1	-1
c5479	-1	36	0	0	0	-1	0	11	0	12	0	0	0	3	0	32	0	49	-1	0	50	43	0	34	3	-1	0	-1	-1	-1
c5483	0	0	0	0	0	-1	11	-1	0	0	38	0	0	3	23	0	0	49	0	0	50	32	0	34	3	-1	0	46	-1	0
c5556	0	0	0	0	-1	11	0	27	0	19	-1	-1	3	3	23	0	28	49	0	0	50	0	0	34	3	-1	-1	46	-1	0
c5590	-1	36	0	0	0	11	0	0	-1	0	49	43	-1	-1	0	0	0	49	34	16	50	0	-1	34	3	0	0	-1	-1	0
c5693	18	0	0	40	0	50	-1	0	-1	18	1	-1	0	43	19	6	2	43	0	11	40	42	0	34	0	-1	0	18	0	-1
c5698	0	-1	-1	0	0	11	0	0	0	19	0	49	44	3	0	-1	-1	49	0	-1	50	0	0	34	3	0	-1	46	-1	0
c5728	19	0	39	0	0	49	-1	-1	-1	18	1	-1	0	0	19	29	2	43	0	0	-1	-1	0	34	44	0	0	18	0	0
c5752	2	0	11	0	-1	11	0	-1	-1	-1	0	0	-1	3	-1	32	0	49	0	0	50	0	0	34	-1	0	0	46	-1	45
c5766	0	0	0	0	-1	11	-1	0	37	-1	0	0	-1	3	23	0	0	49	0	0	-1	0	0	34	3	-1	0	46	-1	-1
c5768	0	0	0	0	0	0	0	0	0	18	1	0	-1	0	19	0	-1	43	-1	0	-1	0	0	-1	0	-1	-1	18	-1	0
c5802	-1	0	0	0	0	-1	12	0	0	18	1	38	0	0	19	0	2	43	0	24	-1	0	19	34	42	24	0	-1	-1	0
c5842	-1	1	0	41	-1	0	17	0	-1	18	1	0	0	-1	19	-1	-1	-1	0	-1	-1	0	0	34	0	0	0	18	0	0
c5850	0	0	0	0	-1	0	0	40	0	18	1	-1	-1	0	19	-1	2	43	-1	0	40	0	0	34	0	0	-1	18	0	0
c5865	19	0	39	-1	-1	49	-1	0	0	-1	1	0	0	-1	19	29	2	43	49	0	-1	0	0	34	0	0	32	18	37	0
c5919	0	3	0	0	-1	42	0	0	-1	18	1	0	0	43	19	0	2	43	0	0	40	42	0	34	0	0	32	18	-1	0
c5920	0	0	-1	0	0	0	20	0	0	18	1	0	0	0	19	0	2	43	0	28	-1	-1	50	34	0	-1	0	18	17	0
c5950	28	0	0	0	0	11	30	3	3	-1	0	0	-1	3	23	0	0	49	0	-1	50	0	0	34	3	0	49	46	-1	0
c5956	0	-1	0	-1	39	11	-1	0	-1	0	0	0	0	-1	-1	0	0	49	0	0	50	0	0	34	3	0	0	46	-1	-1
c5983	0	36	0	0	-1	11	0	0	0	0	0	0	0	3	-1	11	0	49	-1	0	50	0	0	34	3	11	0	46	-1	0
c5985	0	0	0	-1	0	0	0	6	-1	0	0	5	0	-1	0	0	0	49	0	0	-1	-1	0	-1	0	-1	-1	0	-1	-1
c5992	19	40	39	-1	0	0	-1	0	0	18	1	0	0	42	19	29	2	-1	0	-1	-1	0	0	34	-1	0	0	18	18	0
c6016	0	-1	0	0	-1	40	27	0	0	-1	1	0	33	0	19	-1	2	43	0	24	40	0	0	-1	-1	-1	28	18	0	-1
c6019	0	0	0	0	0	11	0	-1	0	0	16	14	3	3	23	0	28	-1	0	-1	50	-1	0	34	3	3	0	46	-1	0
c6026	0	0	-1	-1	0	0	0	17	25	18	-1	-1	0	0	-1	0	-1	43	0	0	-1	32	-1	-1	0	0	0	18	-1	0
c6045	0	0	-1	0	0	36	0	0	33	18	1	0	0	0	19	0	2	43	0	0	40	11	0	34	0	0	0	18	0	0
c6086	0	0	-1	4	0	-1	0	0	0	18	1	49	40	0	-1	3	2	-1	0	28	40	0	-1	34	0	-1	-1	-1	0	0
c6095	0	-1	0	50	0	18	-1	-1	-1	0	-1	5	0	0	0	0	0	49	0	0	50	0	0	-1	7	0	0	0	-1	0
c6110	19	38	-1	0	0	49	-1	0	0	18	1	0	0	0	19	-1	2	43	0	0	-1	11	0	34	0	39	41	18	0	-1
c6115	0	0	25	50	0	0	0	-1	0	24	0	5	29	7	-1	-1	0	-1	10	0	50	0	19	34	0	0	-1	19	-1	0
c6120	-1	-1	0	0	0	11	-1	0	0	0	-1	32	0	3	-1	0	0	49	0	-1	50	0	0	34	3	-1	32	-1	-1	-1
c6138	40	17	0	0	0	-1	39	28	-1	0	-1	0	-1	3	0	0	4	49	0	-1	50	0	18	34	3	-1	-1	46	-1	0
c6182	-1	36	40	-1	-1	-1	12	0	0	0	0	0	17	3	0	-1	0	49	-1	-1	-1	-1	0	34	3	4	0	46	-1	4
c6204	-1	-1	-1	0	-1	0	0	40	0	18	1	0	-1	-1	-1	0	2	43	0	0	40	-1	0	34	0	0	0	18	0	0
c6205	0	-1	0	0	-1	0	0	40	0	18	1	0	-1	0	-1	0	2	43	0	0	40	0	0	34	0	0	0	18	0	-1
c6222	19	0	39	0	0	49	-1	0	0	18	1	0	0	-1	19	29	2	43	-1	0	-1	-1	0	34	0	0	32	18	37	0
c6239	0	-1	44	50	-1	-1	19	6	-1	24	0	5	-1	-1	0	0	0	49	0	0	50	0	-1	34	0	0	0	-1	-1	0
c6249	3	0	0	0	0	11	0	0	21	0	18	-1	40	3	-1	-1	0	-1	0	0	50	0	0	34	3	37	27	46	-1	0
c6264	-1	-1	39	-1	0	49	-1	0	0	-1	1	0	-1	0	-1	29	2	-1	0	0	-1	0	0	34	0	39	-1	18	0	-1
c6310	0	0	0	-1	45	0	-1	40	0	33	0	28	-1	-1	26	0	-1	49	0	-1	-1	0	0	34	19	0	39	0	-1	3
c6333	0	-1	0	0	0	11	0	0	0	0	0	49	42	3	0	0	37	49	-1	-1	50	-1	0	-1	3	0	-1	-1	-1	0
c6350	0	0	0	0	0	11	0	27	0	0	0	-1	3	3	-1	0	28	49	0	0	50	0	44	34	-1	3	0	46	-1	0
c6368	0	0	0	0	-1	0	-1	-1	-1	-1	1	0	0	0	19	0	2	-1	0	0	-1	0	0	-1	0	0	0	18	0	-1
c6377	34	1	0	0	-1	0	-1	0	49	18	1	0	0	0	19	0	-1	43	-1	0	-1	0	0	34	0	-1	0	18	0	0
c6400	0	0	-1	50	0	18	0	6	-1	-1	-1	5	0	-1	-1	0	0	49	0	0	50	0	0	34	7	-1	0	0	-1	0
c6444	0	0	0	0	-1	11	0	0	-1	0	0	0	0	3	23	0	0	49	37	0	-1	0	0	34	3	0	0	46	-1	0
c6520	0	0	0	0	-1	11	0	0	38	0	0	0	0	3	-1	0	-1	49	0	0	50	0	25	-1	3	0	-1	46	-1	0
c6527	0	-1	0	0	0	0	27	7	0	18	1	32	18	0	-1	0	-1	-1	25	0	-1	38	0	34	0	-1	-1	18	0	40
c6531	0	0	3	0	-1	0	-1	-1	-1	18	-1	19	0	0	19	0	-1	-1	34	0	40	-1	0	34	0	0	0	18	-1	-1
c6544	0	25	-1	0	0	-1	0	-1	0	18	1	0	-1	43	19	0	2	43	-1	0	40	42	44	34	-1	0	0	18	0	0
c6592	0	-1	0	42	0	-1	0	0	34	18	1	0	-1	0	-1	0	-1	43	0	0	-1	0	0	34	0	0	0	18	0	0
c6651	-1	0	39	0	0	49	-1	-1	-1	-1	1	0	-1	0	19	29	2	43	49	0	-1	0	0	34	-1	0	32	18	-1	0
c6681	-1	18	-1	0	-1	11	0	0	32	25	0	4	7	3	23	0	0	49	42	18	50	36	0	-1	3	20	-1	46	-1	0
c6737	0	0	40	4	0	-1	0	0	0	18	1	-1	17	0	-1	0	2	43	0	-1	40	0	50	34	50	0	-1	18	49	0
c6743	40	0	-1	0	-1	11	0	0	0	0	0	19	0	3	23	-1	0	49	0	-1	50	0	0	34	3	36	0	46	-1	0
c6776	0	-1	0	25	0	11	0	0	0	0	0	-1	0	3	-1	0	0	49	0	-1	50	-1	0	34	3	0	32	46	-1	-1
c6821	-1	-1	-1	0	0	11	0	0	0	35	0	17	9	3	0	-1	0	49	-1	27	50	0	0	34	3	13	0	46	-1	0
c6831	0	0	0	33	-1	3	0	36	19	18	-1	-1	0	45	19	0	2	-1	0	0	-1	-1	0	34	-1	-1	0	18	-1	0
c6875	-1	19	40	-1	0	-1	0	0	0	18	1	0	-1	0	19	41	-1	43	0	-1	40	0	50	34	0	-1	0	-1	0	-1
c6881	0	0	0	50	0	0	0	6	24	11	0	5	-1	0	0	0	0	49	-1	0	50	0	0	-1	0	11	-1	-1	-1	-1
c6901	0	0	0	50	-1	-1	-1	6	0	24	49	5	0	9	0	0	0	49	-1	0	50	-1	0	34	0	0	-1	0	-1	0
c6926	0	-1	0	0	-1	0	40	-1	-1	18	1	0	0	0	-1	38	-1	43	36	0	40	0	-1	-1	0	0	39	18	34	-1
c6943	24	0	40	20	0	0	-1	0	-1	18	-1	29	0	0	19	-1	-1	43	0	26	-1	0	0	-1	0	18	0	18	-1	-1
c6946	0	0	21	0	-1	0	0	0	0	18	1	19	-1	-1	-1	7	2	43	0	44	40	0	0	-1	0	32	0	18	-1	34
c6973	-1	-1	13	-1	45	0	36	40	-1	-1	-1	0	-1	-1	26	0	0	49	0	0	50	-1	0	34	0	19	39	0	-1	-1
c6977	0	36	-1	0	0	11	0	0	0	0	0	39	-1	3	0	-1	0	49	-1	0	50	-1	0	34	3	3	0	-1	-1	0
c6985	40	17	0	0	0	11	0	0	0	11	-1	0	0	3	-1	0	0	-1	-1	-1	50	0	0	-1	3	0	32	46	-1	-1
c7116	0	-1	0	-1	0	11	0	0	-1	0	10	0	-1	3	23	0	40	49	28	0	50	19	0	34	3	0	0	46	-1	-1
c7139	19	39	39	0	0	49	-1	-1	0	18	1	-1	0	0	19	29	2	-1	0	0	-1	0	0	34	44	-1	0	18	0	-1
c7150	0	36	0	-1	0	11	0	-1	0	18	0	0	0	3	0	32	21	49	-1	-1	50	-1	0	34	3	3	0	-1	-1	-1
c7189	0	36	0	0	0	11	0	0	0	0	-1	0	0	3	0	32	0	49	-1	0	50	43	-1	34	3	3	0	46	-1	16
c7217	0	-1	-1	0	0	-1	0	-1	0	0	0	-1	0	3	0	0	-1	-1	0	-1	50	-1	0	34	3	0	32	46	-1	-1
c7232	0	0	0	0	25	0	36	-1	0	-1	42	0	0	3	11	0	0	49	11	0	50	0	-1	34	0	3	0	-1	-1	0
c7293	2	0	0	0	-1	11	-1	0	0	-1	0	0	0	3	23	32	0	49	31	0	50	19	0	34	3	0	0	-1	-1	45
c7401	-1	-1	0	-1	0	-1	0	0	-1	0	0	32	0	3	0	0	-1	49	0	-1	50	-1	0	34	-1	42	32	-1	-1	0
c7409	0	-1	0	-1	0	11	-1	0	0	39	0	-1	0	3	23	-1	0	49	0	0	50	0	17	34	-1	-1	19	-1	-1	0
c7413	19	0	-1	0	0	-1	-1	0	0	18	-1	0	-1	0	19	29	-1	43	0	0	-1	0	0	34	0	0	0	-1	18	0
c7428	0	-1	0	0	-1	0	27	0	0	18	-1	-1	0	0	-1	0	2	43	-1	24	40	0	21	-1	0	25	28	18	0	0
c7442	-1	0	-1	26	0	11	-1	0	42	0	0	-1	0	3	23	0	0	-1	0	0	50	0	50	34	-1	-1	0	46	-1	0
c7454	0	0	-1	0	0	26	0	0	44	18	1	0	42	0	19	0	2	43	46	0	-1	0	0	34	0	-1	-1	-1	0	-1
c7460	-1	42	-1	-1	4	0	0	0	46	18	1	32	-1	4	-1	42	-1	43	0	-1	40	0	0	-1	-1	32	-1	18	0	-1
c7461	0	42	21	0	4	0	0	0	46	18	1	-1	-1	4	-1	42	2	43	0	-1	40	0	0	34	-1	32	0	18	0	-1
c7463	0	0	0	14	40	0	0	21	-1	18	1	-1	0	49	19	46	2	43	36	0	40	0	17	34	-1	-1	39	18	-1	0
c7479	-1	0	0	-1	0	11	0	0	0	0	0	-1	-1	-1	23	0	-1	49	0	0	50	0	0	34	3	0	-1	46	-1	0
c7525	-1	0	39	0	-1	0	-1	0	0	18	1	-1	0	0	19	29	2	43	-1	0	-1	0	0	34	0	0	0	18	18	-1
c7573	0	0	40	4	0	0	0	17	25	18	-1	0	-1	0	19	0	-1	43	-1	-1	40	32	50	34	0	0	0	18	-1	0
c7582	0	0	0	-1	18	11	0	0	3	0	0	36	0	3	3	0	0	49	11	0	-1	0	0	34	3	-1	-1	46	-1	0
c7591	0	4	4	39	0	-1	0	25	-1	18	1	0	-1	-1	19	17	2	-1	18	-1	-1	0	0	34	-1	0	0	18	0	0
c7598	0	0	0	0	-1	0	0	0	0	18	1	0	0	0	19	0	2	-1	-1	-1	-1	0	0	34	0	49	0	18	0	-1
c7605	-1	0	39	0	0	-1	-1	27	0	18	-1	0	0	0	19	29	-1	43	0	19	-1	0	0	34	-1	0	0	18	18	0
c7606	0	0	0	0	-1	0	0	0	-1	18	1	-1	0	-1	19	0	2	-1	0	0	40	0	0	-1	0	0	0	-1	-1	-1
c7611	0	36	36	19	0	11	0	0	-1	0	0	-1	-1	3	-1	-1	0	49	34	-1	-1	0	0	34	3	0	0	46	-1	0
c7643	-1	0	0	0	0	0	-1	-1	0	18	-1	0	0	43	-1	-1	2	43	0	0	40	42	44	34	-1	-1	0	-1	0	0
c7662	0	36	49	0	0	11	-1	-1	-1	0	0	17	29	3	-1	39	-1	49	0	24	50	0	0	34	-1	0	0	46	-1	0
c7680	0	0	0	0	0	40	0	-1	0	-1	1	0	-1	43	19	-1	2	43	0	0	40	42	44	34	-1	0	-1	18	27	0
c7706	0	0	0	0	0	49	0	0	-1	18	-1	0	-1	43	19	0	2	43	-1	0	40	42	0	-1	-1	0	0	18	0	0
c7707	0	0	0	0	0	49	-1	0	-1	18	1	-1	0	43	19	0	2	43	0	0	40	-1	0	34	0	0	0	-1	0	0
c7801	0	0	0	0	0	0	40	-1	-1	-1	1	0	0	0	19	-1	2	43	36	0	40	0	0	-1	-1	0	-1	18	0	0
c7803	-1	-1	-1	11	0	11	0	0	0	25	0	0	7	3	23	49	0	-1	-1	0	50	0	0	34	3	0	-1	46	-1	-1
c7859	0	0	0	-1	-1	0	0	0	-1	18	-1	-1	0	-1	19	0	2	-1	0	0	40	0	0	34	0	-1	-1	18	0	-1
c7866	0	0	19	0	39	11	0	0	-1	0	0	0	0	3	23	-1	0	49	0	0	-1	-1	0	34	3	-1	0	46	-1	46
c7881	0	0	0	0	-1	0	0	0	0	18	1	0	0	0	19	0	-1	43	44	0	40	0	0	34	0	0	0	18	0	-1
c7886	0	0	0	0	0	42	0	0	-1	18	1	0	0	43	-1	0	2	43	0	-1	40	42	-1	34	0	-1	-1	-1	-1	14
c7897	0	36	0	-1	0	11	0	40	45	0	0	49	-1	3	17	32	0	-1	0	0	50	43	0	34	3	3	0	46	-1	0
c7928	-1	0	0	-1	17	11	0	0	3	25	0	0	-1	3	23	0	0	-1	-1	49	50	0	0	34	-1	42	29	46	-1	0
c7937	19	-1	39	0	-1	0	-1	-1	0	-1	1	0	-1	0	-1	29	2	43	23	-1	-1	0	0	34	-1	0	0	18	18	0
c7970	18	0	0	0	0	0	-1	39	-1	18	1	25	0	-1	19	0	-1	43	0	0	-1	0	0	-1	0	0	0	18	3	1
c8000	19	0	39	0	0	-1	-1	-1	0	18	1	0	0	0	-1	29	2	43	0	-1	-1	0	0	34	0	0	0	18	0	0
c8056	0	0	0	-1	-1	11	0	0	37	-1	0	0	0	3	23	-1	0	49	0	0	-1	0	-1	34	3	0	0	-1	-1	0
c8057	0	0	0	0	-1	-1	0	0	37	-1	0	0	0	-1	23	0	0	-1	0	0	-1	0	0	34	3	0	0	-1	-1	0
c8069	-1	0	0	0	25	-1	36	-1	0	-1	42	0	0	3	11	0	0	49	0	0	50	-1	-1	34	0	-1	0	0	-1	0
c8093	25	0	-1	4	0	0	0	-1	0	18	1	24	0	45	19	0	2	-1	0	0	40	0	50	-1	-1	0	0	18	0	0
c8132	19	-1	-1	-1	0	49	-1	-1	0	18	-1	0	0	0	19	29	2	43	49	0	-1	0	0	-1	-1	0	32	18	-1	24
c8198	2	-1	11	0	36	11	0	-1	0	0	0	0	-1	3	23	-1	-1	49	18	0	50	0	0	34	3	-1	0	46	-1	-1
c8222	0	0	-1	26	0	-1	-1	0	0	0	0	-1	0	3	23	-1	0	-1	0	0	50	0	0	34	3	-1	-1	46	-1	0
c8235	-1	0	-1	50	0	0	-1	6	0	24	0	5	-1	9	0	0	0	49	0	0	50	9	0	34	0	0	0	42	-1	32
c8268	-1	-1	0	0	0	11	-1	0	0	49	0	-1	0	-1	-1	0	37	-1	-1	-1	50	0	0	34	3	0	32	-1	-1	0
c8269	0	-1	0	0	0	11	0	0	0	0	0	49	0	3	-1	9	-1	49	-1	-1	50	0	0	-1	3	0	32	46	-1	-1
c8278	0	-1	0	50	50	-1	-1	6	0	11	0	-1	0	0	0	-1	47	49	0	0	50	0	0	34	-1	18	-1	19	-1	-1
c8284	0	0	19	-1	-1	11	-1	-1	-1	0	0	0	0	3	23	-1	-1	49	0	0	-1	0	0	-1	3	0	0	-1	-1	0
c8308	-1	42	21	0	0	0	0	0	46	18	1	0	-1	4	-1	40	2	43	-1	0	40	0	0	34	-1	32	0	-1	0	-1
c8354	0	0	0	35	0	0	0	0	0	18	1	0	0	0	19	0	2	43	0	0	-1	0	0	34	0	-1	0	18	0	0
c8361	0	-1	3	0	-1	0	27	0	0	18	1	0	0	28	19	0	2	-1	0	0	40	0	0	34	-1	-1	28	18	0	-1
c8366	0	-1	-1	0	0	50	27	32	0	-1	1	-1	42	0	19	0	-1	43	0	0	40	0	0	34	0	0	28	18	0	0
c8368	31	36	-1	0	0	11	-1	0	0	0	45	43	-1	3	0	-1	0	-1	-1	0	50	24	0	34	3	0	9	46	-1	0
c8369	31	36	0	0	0	11	0	-1	0	0	45	43	-1	3	0	0	0	49	34	0	50	-1	0	34	3	-1	9	46	-1	0
c8454	-1	-1	0	40	0	50	-1	-1	17	18	1	-1	0	43	19	0	2	43	0	0	40	42	0	34	18	38	0	18	0	0
c8470	-1	-1	0	0	0	11	7	-1	37	-1	-1	0	0	3	23	0	39	49	25	0	-1	0	0	-1	3	0	0	46	-1	0
c8522	-1	0	0	0	0	11	-1	-1	0	0	0	36	0	3	23	0	0	-1	0	0	-1	33	0	34	3	0	-1	46	-1	40
c8529	-1	42	0	42	45	0	36	40	32	0	0	0	-1	3	26	0	0	49	0	0	50	0	0	34	0	0	39	0	-1	0
c8558	35	-1	0	0	0	11	-1	0	0	20	0	0	0	3	0	12	49	49	0	0	50	0	9	-1	3	-1	0	46	-1	4
c8564	0	0	-1	42	0	-1	0	0	34	18	1	0	0	0	-1	-1	2	43	0	0	-1	0	0	34	0	0	0	18	0	0
c8565	0	0	0	-1	0	0	0	0	34	18	-1	0	0	0	19	0	2	43	0	0	-1	0	-1	-1	0	-1	0	18	-1	0
c8605	32	-1	0	-1	-1	0	0	0	-1	-1	1	0	0	0	19	0	2	43	-1	0	40	0	0	-1	2	-1	39	18	0	18
c8641	0	0	0	49	-1	0	-1	0	0	18	1	0	0	0	19	0	2	43	0	-1	-1	-1	0	-1	-1	-1	24	-1	0	24
c8645	0	0	0	0	-1	27	0	0	0	18	1	0	0	13	19	0	2	43	0	-1	-1	0	0	34	0	19	0	18	25	0
c8685	-1	36	0	0	40	11	-1	-1	0	0	0	0	-1	3	-1	0	0	49	0	0	50	0	0	-1	3	4	0	46	-1	4
c8694	-1	0	0	0	0	11	0	25	0	25	0	0	7	-1	23	33	0	49	42	0	50	0	0	34	3	-1	29	46	-1	0
c8695	-1	0	0	0	0	11	0	0	0	25	0	0	7	3	23	33	0	49	42	0	50	0	0	-1	3	0	29	46	-1	0
c8701	0	13	0	0	0	0	0	-1	0	-1	1	0	0	38	-1	23	2	43	0	-1	-1	-1	0	34	0	-1	0	-1	0	-1
c8715	0	0	0	0	-1	11	0	0	21	0	0	0	0	-1	23	0	0	49	0	-1	50	0	-1	34	3	37	0	46	-1	0
c8727	0	0	0	50	-1	0	-1	6	40	24	0	5	0	0	0	-1	0	49	0	0	50	-1	0	-1	0	0	0	0	-1	0
c8732	-1	-1	-1	0	0	0	27	0	0	18	1	0	0	0	19	0	2	43	-1	0	-1	0	-1	34	0	2	-1	18	0	0
c8754	0	-1	-1	42	-1	0	-1	0	0	18	-1	0	19	24	19	0	2	43	0	0	40	7	0	-1	-1	0	28	-1	0	0
c8779	0	-1	0	-1	0	11	-1	0	0	-1	0	0	0	3	0	0	3	49	-1	-1	-1	40	0	34	3	0	32	46	-1	0
c8782	19	-1	39	0	-1	0	-1	0	0	-1	1	0	0	18	19	29	2	43	23	0	-1	0	0	34	0	0	0	18	18	0
c8802	-1	0	-1	0	0	0	-1	0	40	18	1	0	0	0	19	29	2	43	0	0	-1	0	-1	34	0	0	0	18	-1	-1
c8813	-1	36	41	0	-1	-1	0	-1	-1	0	0	0	0	3	-1	11	0	-1	0	7	50	0	29	34	-1	0	0	46	-1	0
c8889	0	0	0	0	38	11	-1	0	0	0	42	0	0	3	23	-1	10	49	0	0	50	25	0	34	3	0	0	46	-1	0
c8898	0	-1	0	50	0	18	-1	6	-1	-1	-1	5	-1	42	0	0	0	49	0	0	50	0	0	34	-1	45	-1	0	-1	0
c8902	27	25	0	20	-1	11	25	42	0	18	1	0	0	0	-1	-1	2	43	-1	0	40	0	-1	34	-1	34	0	18	-1	0
c8909	3	0	0	-1	0	11	0	-1	21	0	42	0	-1	3	23	0	0	49	0	0	50	0	0	34	3	37	0	-1	-1	0
c8912	0	0	40	16	17	-1	0	0	-1	18	-1	0	0	18	19	-1	2	43	0	0	40	0	50	34	0	0	-1	18	19	11
c8925	0	0	-1	0	-1	0	36	40	-1	-1	-1	0	0	3	-1	0	0	49	-1	0	-1	0	-1	34	-1	-1	-1	13	-1	0
c8932	3	0	0	41	0	11	19	-1	-1	0	0	0	0	3	-1	0	0	49	0	0	50	-1	0	34	3	0	0	46	-1	0
c8937	0	0	0	50	0	-1	40	6	0	-1	0	-1	0	0	-1	0	0	-1	-1	0	50	0	17	34	-1	19	0	0	-1	0
c8940	0	0	21	-1	0	41	0	0	0	-1	1	0	11	-1	-1	-1	-1	43	0	44	40	19	0	34	0	32	0	18	-1	34
c8941	0	0	21	0	0	41	0	0	0	18	-1	40	11	-1	-1	0	2	43	0	44	-1	19	-1	34	0	32	1	18	0	34
c8971	0	36	0	0	-1	11	0	11	0	0	18	0	0	3	-1	32	0	49	0	-1	-1	43	0	-1	3	-1	0	46	-1	16
c8979	-1	36	0	18	0	11	0	-1	0	-1	-1	0	0	3	0	0	0	-1	34	0	50	0	-1	34	3	-1	0	-1	-1	0
c8981	0	11	24	39	0	-1	38	0	0	18	-1	0	3	-1	-1	-1	2	43	0	0	-1	0	0	34	0	0	0	-1	0	0
c9002	-1	3	0	-1	-1	-1	0	-1	0	18	1	0	0	0	19	42	2	43	-1	25	-1	-1	0	34	0	0	4	-1	0	0
c9007	19	0	39	-1	-1	0	-1	-1	0	-1	1	0	0	36	19	-1	2	43	18	0	-1	2	-1	34	0	0	-1	18	-1	18
c9009	-1	-1	0	0	0	11	0	0	-1	0	-1	43	-1	3	0	-1	0	-1	-1	0	-1	24	0	34	3	0	9	46	-1	0
c9012	17	42	21	0	0	0	-1	0	-1	-1	-1	0	-1	4	-1	-1	2	43	0	0	40	-1	0	34	-1	32	0	18	0	-1
c9015	0	0	0	0	-1	0	-1	-1	-1	18	1	0	-1	0	19	0	-1	-1	0	-1	40	0	-1	-1	0	0	0	18	0	0
c9036	0	-1	0	0	-1	-1	-1	0	0	18	-1	-1	-1	24	19	0	2	43	0	0	40	0	-1	34	39	-1	-1	18	32	-1
c9038	-1	3	-1	-1	-1	-1	-1	-1	0	18	1	0	0	0	19	42	-1	43	-1	25	-1	-1	0	34	0	0	4	-1	0	0
c9041	0	0	0	50	0	18	0	6	-1	0	0	5	0	0	0	0	-1	49	0	-1	50	-1	0	-1	-1	0	0	0	-1	0
c9048	0	0	0	0	0	0	0	0	23	18	1	0	-1	0	19	0	2	43	0	0	-1	0	0	34	49	-1	0	18	0	0
c9049	-1	0	0	0	0	-1	0	0	23	18	1	0	42	0	19	-1	2	43	-1	0	-1	0	-1	34	49	0	0	18	0	0
c9062	0	0	-1	50	0	0	0	6	-1	0	0	5	0	25	25	0	0	49	3	33	50	49	-1	34	7	-1	-1	0	-1	-1
c9085	-1	0	-1	29	-1	0	0	-1	0	18	-1	25	-1	0	-1	0	2	43	0	0	40	-1	-1	-1	0	0	0	18	0	0
c9107	-1	17	0	0	0	11	0	44	9	0	0	0	0	-1	0	0	40	49	0	-1	-1	40	-1	34	3	-1	32	46	-1	0
c9110	2	0	0	0	0	11	0	-1	23	0	-1	0	0	-1	23	-1	4	49	0	36	50	-1	0	34	3	0	0	46	-1	45
c9128	19	0	39	0	-1	49	-1	-1	0	-1	1	0	0	0	19	29	2	43	49	0	-1	0	0	34	0	-1	32	18	37	0
c9136	0	0	-1	0	-1	0	0	38	-1	18	1	0	0	0	19	0	-1	-1	0	0	40	-1	0	-1	0	0	0	18	0	-1
c9172	-1	-1	49	0	0	11	-1	19	-1	25	0	-1	7	-1	23	24	43	49	42	0	50	0	0	34	-1	0	-1	46	-1	0
c9188	0	0	0	50	0	-1	0	6	-1	-1	29	5	0	0	0	0	0	49	0	-1	50	0	0	34	-1	0	0	0	-1	0
c9189	-1	0	0	-1	0	0	0	6	-1	-1	-1	5	0	0	0	2	-1	-1	0	0	50	-1	0	34	-1	0	0	-1	-1	0
c9203	0	-1	0	0	0	-1	0	-1	-1	40	0	49	0	3	6	0	37	49	0	-1	50	0	0	34	-1	0	32	-1	-1	0
c9213	0	0	40	4	0	0	0	25	0	18	1	-1	-1	0	19	0	-1	43	0	0	40	0	-1	-1	0	-1	-1	18	0	-1
c9222	0	-1	0	0	-1	-1	-1	0	0	18	1	0	40	3	19	36	2	43	24	0	-1	0	0	34	0	-1	28	-1	-1	0
c9253	19	-1	39	-1	0	49	-1	0	0	18	1	0	0	0	19	29	2	43	49	0	-1	0	0	-1	0	0	32	-1	37	0
c9261	0	4	4	39	0	-1	0	25	0	18	1	-1	3	43	19	17	2	43	18	0	40	38	0	34	0	-1	0	18	0	0
c9262	0	0	-1	50	0	9	-1	6	0	24	-1	5	0	3	0	0	-1	49	-1	0	50	-1	0	-1	0	-1	0	-1	-1	-1
c9298	-1	0	0	-1	0	0	0	32	0	18	1	0	0	0	19	0	2	43	0	0	-1	0	0	-1	0	0	0	18	0	25
c9319	-1	0	0	0	0	-1	0	0	28	18	1	0	25	-1	19	-1	2	43	36	35	40	0	-1	-1	0	0	39	18	29	0
c9322	0	0	12	0	0	11	0	0	33	0	-1	0	0	-1	23	21	0	-1	0	0	50	0	-1	34	3	0	0	46	-1	40
c9342	0	0	-1	0	0	0	0	0	0	18	-1	0	-1	0	-1	50	-1	43	0	16	-1	0	-1	34	0	-1	-1	18	0	0
c9377	0	-1	4	0	-1	0	-1	25	0	-1	-1	0	19	24	19	0	2	43	0	0	40	0	0	34	39	29	28	18	0	0
c9397	19	-1	0	0	0	40	-1	32	-1	18	-1	0	2	0	19	-1	2	43	0	0	40	45	0	34	0	0	28	18	0	0
c9420	0	36	0	0	0	11	0	40	0	0	0	-1	-1	3	0	32	-1	49	0	18	50	-1	0	-1	-1	3	0	46	-1	-1
c9485	-1	0	19	-1	0	11	0	44	0	0	0	19	0	3	23	-1	0	-1	0	0	50	0	0	34	3	0	0	46	-1	0
c9497	-1	17	-1	0	0	11	0	0	0	0	0	35	-1	3	-1	-1	-1	49	0	-1	50	40	0	34	3	0	-1	46	-1	0
c9506	0	42	21	0	0	0	0	0	46	18	1	32	-1	4	-1	0	2	43	0	0	40	0	0	34	-1	32	0	18	0	-1
c9507	0	42	21	0	0	0	0	0	-1	18	1	32	-1	4	-1	0	2	43	0	0	40	-1	-1	34	0	32	0	18	0	-1
c9515	0	0	0	50	0	0	0	6	0	24	49	5	0	-1	0	0	0	-1	0	0	50	9	-1	34	0	0	0	0	-1	0
c9536	-1	0	0	0	-1	11	0	0	0	25	0	0	7	-1	23	-1	0	49	-1	0	50	0	0	34	3	0	29	-1	-1	-1
c9541	0	0	0	0	0	0	43	0	-1	18	1	0	0	0	-1	21	2	43	36	0	40	0	43	34	-1	0	-1	18	0	3
c9543	0	0	44	-1	0	-1	0	-1	-1	0	0	5	11	0	0	0	0	49	-1	3	50	-1	-1	34	0	0	0	0	-1	-1
c9553	2	0	0	0	0	11	0	0	0	-1	-1	0	0	-1	-1	32	0	49	0	0	-1	0	46	34	-1	0	0	46	-1	45
c9565	-1	24	-1	0	4	35	28	0	0	18	1	0	19	0	19	35	2	43	0	40	40	28	38	34	-1	0	14	-1	0	36
c9568	19	0	39	0	0	49	-1	0	0	-1	1	0	-1	0	19	-1	-1	-1	41	-1	-1	0	0	34	0	0	41	18	0	0
c9571	0	-1	0	-1	-1	-1	11	6	-1	0	4	5	-1	0	18	0	10	-1	0	11	50	-1	19	34	0	19	0	-1	-1	-1
c9591	-1	0	-1	-1	0	-1	-1	0	0	18	-1	-1	3	-1	19	-1	2	43	-1	-1	40	0	-1	34	0	-1	21	18	0	-1
c9598	0	0	0	50	-1	0	-1	6	3	24	0	5	29	-1	0	30	11	-1	0	0	-1	-1	-1	34	-1	0	0	0	-1	38
c9611	-1	18	49	-1	0	11	0	0	32	25	0	0	7	3	23	0	0	49	42	18	50	36	0	-1	-1	20	29	46	-1	0
c9637	0	49	-1	39	0	-1	-1	-1	0	18	1	0	0	43	19	-1	2	43	0	0	40	0	7	34	0	0	0	18	0	-1
c9650	0	0	0	36	-1	11	0	49	37	-1	0	0	0	3	23	0	0	49	0	0	50	0	-1	34	3	0	0	46	-1	0
c9660	28	0	40	-1	12	0	0	0	-1	18	1	4	0	0	19	3	2	-1	33	-1	-1	24	50	34	11	0	0	18	0	0
c9669	-1	0	0	0	-1	0	0	0	0	18	-1	-1	0	0	19	40	2	43	0	0	40	0	0	34	0	0	0	-1	0	0
c9681	0	0	0	24	0	0	50	0	0	18	-1	-1	0	0	-1	0	2	43	-1	0	-1	-1	0	34	0	0	0	18	0	0
c9706	-1	0	0	0	0	11	42	0	-1	25	0	0	7	3	23	0	0	-1	42	-1	50	0	0	34	-1	0	29	-1	-1	0
c9722	0	0	21	0	0	0	38	0	0	18	-1	28	11	-1	-1	0	-1	43	32	44	40	0	24	34	0	-1	0	18	0	34
c9742	0	0	18	50	0	0	-1	6	-1	24	21	5	0	0	0	0	0	49	0	0	50	0	0	34	0	0	0	-1	-1	-1
c9752	19	0	-1	0	-1	0	-1	0	0	18	1	0	0	0	-1	-1	2	43	-1	-1	-1	0	-1	34	0	0	0	18	18	0
c9793	0	0	0	36	0	-1	0	-1	0	0	0	0	-1	-1	23	0	0	49	-1	-1	50	-1	-1	-1	3	0	0	-1	-1	0
c9829	0	0	19	0	-1	11	-1	-1	24	0	-1	0	0	-1	23	0	0	49	11	0	50	0	0	34	-1	11	0	46	-1	0
c9830	0	0	0	0	-1	0	0	0	33	18	1	0	0	0	19	0	2	-1	0	0	-1	11	-1	34	0	33	0	18	0	-1
c9848	39	0	0	0	0	11	-1	0	0	0	0	0	0	3	23	35	0	49	0	0	50	0	0	34	3	-1	0	46	-1	-1
c9871	19	-1	39	0	-1	49	-1	0	0	18	-1	-1	0	0	19	-1	2	-1	49	-1	-1	0	0	34	0	0	32	18	37	0
c9900	-1	0	0	0	0	11	0	0	0	-1	0	0	7	3	-1	0	0	-1	-1	0	50	-1	17	-1	3	0	-1	-1	-1	0
c9944	0	-1	0	0	-1	0	27	0	0	18	1	0	-1	0	19	0	-1	-1	0	24	40	0	-1	34	-1	25	28	18	40	0
c9975	0	-1	0	0	-1	11	0	0	0	0	0	49	0	3	-1	0	37	49	-1	-1	50	0	0	34	3	-1	32	46	-1	0
c10014	-1	-1	-1	0	0	-1	0	0	0	25	-1	-1	7	3	23	0	0	49	42	-1	50	-1	0	34	3	0	29	-1	-1	0
c10019	0	0	-1	-1	0	11	0	0	0	0	-1	0	18	3	23	0	0	-1	28	0	50	0	0	34	-1	0	0	-1	-1	0
c10032	19	0	39	0	0	0	-1	-1	0	18	1	0	0	0	19	29	-1	-1	21	0	-1	-1	0	34	-1	-1	0	18	0	0
c10033	19	-1	39	0	0	0	-1	0	-1	18	1	-1	0	0	19	29	2	43	0	0	-1	0	0	34	0	-1	0	-1	0	0
c10035	0	0	44	-1	0	0	0	6	-1	0	0	5	-1	4	0	0	0	49	0	3	-1	-1	0	34	0	0	0	-1	-1	-1
c10046	0	0	40	-1	0	11	0	0	0	-1	10	0	18	3	23	0	0	49	-1	0	-1	0	0	34	3	0	0	46	-1	0
c10077	0	0	0	0	-1	0	49	0	0	18	1	-1	0	13	19	0	2	43	18	0	40	0	0	-1	0	19	0	18	-1	19
c10085	0	-1	0	0	0	11	0	0	0	0	0	-1	-1	3	-1	-1	37	49	0	-1	50	0	0	34	3	0	32	46	-1	0
c10088	40	0	19	0	19	11	0	0	0	0	0	0	0	3	23	0	0	49	0	0	50	-1	0	34	-1	0	0	46	-1	0
c10095	-1	-1	0	20	-1	3	25	0	0	18	1	0	0	0	19	0	2	43	33	7	40	0	0	34	0	0	0	-1	-1	0
c10110	-1	-1	40	0	4	0	0	0	0	18	1	0	19	0	19	35	2	43	0	40	40	0	38	34	-1	0	14	18	29	-1
c10161	0	0	0	20	-1	-1	25	0	0	-1	1	18	0	-1	19	-1	-1	43	0	6	40	-1	-1	34	0	3	0	18	-1	0
c10207	-1	0	0	0	0	11	-1	-1	0	25	0	0	7	-1	23	-1	0	49	42	-1	50	-1	0	34	3	0	29	46	-1	-1
c10230	-1	-1	0	-1	11	0	0	0	44	18	1	0	42	0	19	0	-1	43	0	0	-1	-1	0	34	0	0	0	18	0	0
c10248	-1	0	0	0	0	11	37	0	0	25	0	-1	-1	3	-1	-1	0	49	42	0	50	0	0	34	3	0	29	46	-1	0
c10249	-1	0	0	0	0	11	0	0	-1	25	-1	0	7	3	23	-1	0	49	42	0	50	0	0	34	3	0	29	46	-1	0
c10250	-1	0	0	0	0	-1	0	0	0	25	0	0	-1	3	-1	0	0	49	42	0	50	0	0	34	3	-1	29	-1	-1	0
c10256	0	0	0	0	0	11	0	-1	37	-1	0	0	0	3	23	-1	39	-1	25	0	50	0	0	-1	3	-1	0	-1	-1	0
c10264	-1	-1	-1	0	0	11	-1	0	0	0	-1	-1	9	3	0	-1	38	-1	0	-1	50	0	-1	34	3	13	0	-1	-1	0
c10284	19	0	39	-1	0	0	-1	0	0	18	-1	0	-1	0	19	-1	-1	-1	0	19	-1	-1	0	34	-1	0	0	-1	18	0
c10298	0	0	11	-1	-1	0	0	0	0	18	1	-1	0	0	19	0	2	43	0	0	-1	0	0	34	0	0	-1	18	0	9
c10311	0	0	21	0	-1	-1	0	0	0	18	1	0	11	-1	-1	0	2	43	0	44	40	0	24	34	42	32	0	18	0	-1
c10352	0	-1	0	0	-1	0	0	0	0	18	-1	-1	0	0	19	0	2	43	0	0	40	0	-1	-1	0	0	0	18	-1	24
c10381	-1	40	-1	27	0	11	-1	-1	0	0	0	0	-1	-1	23	0	-1	49	-1	0	-1	0	0	-1	3	0	-1	46	-1	0
c10433	0	42	21	-1	0	0	0	0	46	18	1	0	-1	4	-1	0	2	43	0	0	40	0	0	34	0	32	-1	18	0	-1
c10436	19	-1	41	-1	0	40	27	32	0	18	1	0	2	0	19	0	-1	43	0	19	40	0	0	-1	-1	0	28	18	28	0
c10444	0	18	18	0	-1	11	36	0	-1	40	0	0	-1	3	23	0	0	49	0	-1	50	0	0	-1	3	0	36	46	-1	0
c10448	40	-1	0	42	0	11	0	-1	-1	11	-1	0	0	-1	0	0	0	49	3	-1	-1	-1	0	34	-1	0	32	46	-1	0
c10449	-1	-1	0	-1	-1	11	0	0	0	11	-1	0	0	3	0	0	0	49	3	-1	50	-1	0	34	3	0	-1	46	-1	0
c10450	0	13	0	0	-1	0	0	0	0	18	1	0	0	38	19	23	2	43	0	0	-1	0	-1	34	0	-1	0	-1	0	-1
c10451	0	13	0	0	0	0	0	0	0	18	1	0	0	38	19	23	-1	-1	0	-1	-1	0	0	34	0	-1	0	18	0	0
c10475	-1	0	-1	-1	0	0	18	0	0	18	1	-1	-1	-1	-1	40	2	43	-1	-1	40	0	50	34	-1	-1	-1	18	0	13
c10510	19	0	39	-1	0	0	-1	0	0	18	-1	0	19	0	19	-1	2	43	0	0	-1	0	0	-1	0	-1	0	18	0	9
c10511	19	0	-1	0	0	0	-1	0	0	18	1	0	19	0	19	29	-1	43	0	0	-1	0	0	34	0	0	0	18	0	9
c10524	0	0	0	0	-1	0	0	0	0	18	1	0	0	0	19	0	2	43	0	0	40	0	0	34	0	0	0	18	0	-1
c10525	0	0	0	0	-1	0	0	-1	0	18	1	-1	0	0	19	0	2	-1	0	0	40	-1	0	34	0	0	0	18	0	9
c10630	18	-1	0	0	0	0	27	0	0	-1	1	0	0	0	19	0	2	43	40	0	40	0	3	34	0	2	-1	18	0	0
c10650	-1	-1	49	0	0	11	0	-1	0	0	0	17	4	3	-1	0	3	49	12	0	50	0	0	34	3	0	0	46	-1	0
c10656	0	0	0	-1	38	11	0	0	0	0	-1	0	-1	3	23	0	0	49	-1	-1	50	0	0	34	-1	0	0	46	-1	0
c10698	0	0	43	0	0	-1	42	-1	-1	18	1	0	-1	43	19	40	2	43	0	0	-1	42	44	34	0	0	0	18	0	0
c10703	39	0	49	0	-1	0	0	-1	49	-1	1	0	0	43	-1	14	2	43	0	0	40	0	0	34	-1	0	0	-1	-1	-1
c10714	0	0	0	-1	0	0	0	-1	0	24	-1	5	0	0	-1	0	0	49	-1	0	50	0	0	34	0	18	0	-1	-1	0
c10758	-1	-1	0	-1	0	11	-1	0	0	0	0	14	3	3	23	-1	28	49	0	-1	50	0	0	-1	3	3	0	46	-1	0
c10759	0	0	-1	0	0	11	0	0	-1	-1	0	14	3	3	23	0	28	49	0	-1	50	-1	0	34	3	3	0	46	-1	0
c10782	0	36	0	0	40	11	-1	0	0	0	0	0	-1	3	-1	0	0	-1	0	0	50	0	-1	34	-1	4	-1	46	-1	4
c10808	35	-1	0	0	-1	11	-1	-1	0	40	0	36	-1	3	23	0	0	-1	0	-1	50	0	0	34	3	0	0	46	-1	40
c10813	18	4	4	-1	0	-1	-1	-1	0	18	1	0	3	43	19	17	2	43	0	0	40	0	0	34	-1	-1	0	18	0	0
c10818	0	0	0	-1	-1	11	0	-1	-1	19	0	14	3	3	23	-1	28	49	0	-1	50	-1	0	34	3	3	0	46	-1	0
c10819	0	0	0	0	0	-1	0	27	-1	19	0	14	3	3	23	-1	-1	49	-1	0	-1	0	0	-1	-1	3	0	46	-1	-1
c10830	-1	0	0	0	0	11	0	0	0	-1	-1	0	7	3	23	-1	0	49	42	0	-1	0	0	34	3	0	29	-1	-1	0
c10852	-1	0	0	25	11	-1	0	0	44	18	-1	-1	-1	0	19	0	2	43	-1	0	-1	0	0	-1	0	0	0	-1	0	0
c10865	0	-1	0	0	-1	0	-1	38	0	18	-1	0	0	0	19	0	2	43	0	24	40	0	0	-1	-1	0	28	18	0	0
c10868	0	0	0	0	-1	11	3	0	0	0	0	0	41	-1	-1	42	0	49	0	0	50	-1	0	34	3	0	-1	46	-1	0
c10871	-1	0	-1	0	0	11	0	0	0	25	-1	0	7	3	23	0	-1	49	42	0	50	0	0	34	3	0	29	-1	-1	0
c10885	0	-1	-1	0	0	19	27	0	0	18	-1	0	0	24	19	0	2	-1	0	0	40	0	0	34	39	0	28	18	0	0
c10943	0	36	0	0	0	11	12	0	0	-1	0	0	0	3	0	0	-1	49	0	0	-1	0	9	34	3	-1	0	46	-1	-1
c10968	0	0	0	-1	25	0	36	40	0	-1	42	0	0	3	11	0	-1	49	-1	0	50	-1	-1	-1	0	-1	0	0	-1	0
c10969	0	0	0	0	25	-1	36	40	-1	-1	42	0	-1	3	-1	0	-1	49	1	0	50	0	-1	34	0	3	-1	-1	-1	0
c10971	3	0	0	0	0	11	42	3	-1	-1	0	-1	27	3	23	0	0	49	0	0	-1	0	0	-1	3	-1	0	-1	-1	0
c10978	-1	0	0	0	25	0	36	40	0	-1	42	0	0	3	11	0	0	49	1	0	-1	0	-1	-1	0	-1	0	-1	-1	0
c11005	-1	0	0	49	-1	0	-1	0	0	18	-1	0	-1	0	19	0	-1	-1	0	0	40	-1	0	34	0	-1	-1	18	0	-1
c11014	39	-1	-1	0	0	0	0	0	0	18	1	0	-1	-1	-1	0	-1	43	33	44	-1	-1	-1	-1	0	32	0	18	0	34
c11024	0	0	0	-1	-1	0	0	0	0	18	1	0	0	0	19	-1	2	43	0	0	-1	-1	0	-1	0	-1	0	18	0	0
c11025	-1	0	-1	0	0	0	-1	0	0	18	1	0	0	0	19	-1	2	-1	0	0	-1	0	0	34	0	0	0	18	0	-1
c11027	-1	18	0	0	0	11	36	0	28	0	0	0	18	3	23	0	0	49	0	-1	50	-1	0	-1	-1	0	0	46	-1	0
c11043	0	0	0	0	-1	0	0	40	0	18	1	0	-1	0	19	-1	2	43	-1	0	40	0	0	34	-1	-1	0	18	0	-1
c11048	37	-1	-1	26	0	11	-1	0	0	-1	-1	18	0	3	23	0	0	49	0	0	50	0	-1	34	3	-1	0	46	-1	0
c11051	19	0	39	0	-1	0	-1	0	40	18	1	0	0	-1	19	29	2	43	0	0	-1	0	0	34	0	0	0	-1	18	0
c11056	0	0	18	-1	3	0	-1	-1	-1	24	-1	5	0	0	-1	0	0	49	0	0	50	0	0	-1	0	0	0	-1	-1	0
c11058	-1	0	0	0	-1	0	0	0	-1	18	-1	0	0	-1	19	0	-1	-1	0	0	40	-1	0	34	0	-1	0	18	0	-1
c11061	-1	0	0	0	38	11	0	-1	0	-1	-1	0	0	3	-1	-1	0	49	0	0	50	0	0	34	3	-1	0	46	-1	0
c11071	-1	0	-1	0	0	-1	-1	-1	0	18	1	-1	0	0	19	29	2	43	0	0	-1	0	0	34	0	0	41	18	0	0
c11104	-1	-1	-1	0	0	11	0	0	-1	0	0	49	0	3	6	-1	37	49	25	-1	50	0	-1	34	3	0	-1	46	-1	0
c11105	0	-1	0	0	0	-1	0	0	0	0	-1	49	0	3	6	-1	37	49	-1	-1	50	0	0	34	3	0	32	46	-1	0
c11118	-1	0	0	-1	-1	0	11	-1	-1	0	0	5	32	0	18	0	0	-1	-1	0	50	-1	19	34	-1	0	-1	0	-1	-1
c11132	0	-1	0	-1	0	11	0	0	0	0	0	-1	0	3	0	0	-1	-1	0	-1	50	0	0	-1	3	0	32	46	-1	7
c11133	0	-1	0	0	0	11	-1	0	-1	0	0	-1	0	3	0	0	37	49	0	-1	50	0	-1	34	-1	0	32	46	-1	-1
c11174	-1	0	0	0	0	-1	0	39	0	25	0	0	7	3	23	-1	-1	-1	-1	0	-1	0	0	34	3	0	29	46	-1	-1
c11211	-1	0	0	-1	0	9	-1	-1	0	24	0	5	0	0	38	0	0	-1	0	0	50	0	0	34	0	0	0	0	-1	0
c11238	-1	-1	-1	50	-1	0	0	6	25	3	-1	5	0	0	0	0	44	49	0	-1	50	1	-1	34	7	0	-1	0	-1	0
c11243	-1	0	0	0	0	-1	0	0	0	25	0	0	7	-1	23	0	-1	49	42	0	-1	0	0	34	3	0	29	46	-1	0
c11267	-1	0	39	0	-1	-1	-1	27	-1	18	-1	0	0	18	19	-1	2	43	0	19	-1	0	0	-1	-1	0	0	18	18	-1
c11271	0	17	-1	0	0	-1	-1	-1	-1	0	-1	0	-1	-1	0	0	0	49	0	-1	50	40	-1	34	3	0	32	-1	-1	0
c11276	-1	0	0	0	0	11	0	-1	-1	0	0	0	42	3	23	-1	0	-1	37	0	50	0	0	34	3	0	-1	46	-1	0
c11296	19	0	39	0	0	0	-1	0	0	18	1	-1	0	-1	19	29	2	-1	0	0	-1	0	0	34	-1	0	0	18	18	0
c11320	34	-1	-1	0	-1	0	21	19	-1	18	-1	0	49	0	-1	0	-1	43	39	-1	-1	0	19	34	0	0	-1	18	0	-1
c11334	0	36	0	0	0	11	0	-1	-1	-1	0	0	11	3	0	32	0	-1	0	-1	50	43	0	34	3	3	-1	-1	-1	0
c11343	0	0	19	0	0	11	0	0	-1	0	0	-1	33	-1	-1	0	0	49	0	3	50	0	0	34	-1	0	0	46	-1	0
c11359	21	0	-1	20	-1	-1	-1	42	-1	18	1	-1	41	-1	19	-1	2	43	0	0	-1	-1	-1	34	0	34	40	-1	-1	0
c11366	0	0	0	-1	0	3	25	0	0	18	1	39	0	0	19	-1	2	-1	0	-1	40	-1	0	34	-1	-1	-1	18	-1	0
c11370	19	0	-1	0	0	-1	-1	0	0	18	1	-1	0	0	19	29	2	43	-1	0	-1	-1	0	34	0	-1	0	-1	18	24
c11371	19	0	39	0	0	0	-1	0	0	18	1	0	0	0	19	29	2	43	23	0	-1	0	0	34	0	0	0	18	-1	24
c11401	0	0	0	-1	0	11	-1	0	42	-1	0	11	0	3	23	0	0	-1	-1	0	-1	0	0	34	-1	-1	0	46	-1	0
c11408	0	36	0	-1	-1	11	-1	-1	0	-1	0	0	0	3	-1	11	0	49	0	-1	-1	0	0	34	3	0	0	46	-1	38
c11413	40	0	19	0	0	11	-1	0	0	0	0	0	0	3	23	0	-1	49	0	0	50	0	0	-1	3	0	0	46	-1	0
c11424	0	0	0	26	35	11	-1	0	0	39	0	0	0	-1	23	-1	-1	49	0	0	50	0	17	34	3	-1	19	46	-1	0
c11426	-1	-1	49	0	0	-1	0	18	32	25	0	0	7	3	23	-1	0	49	42	18	50	0	0	34	-1	0	29	46	-1	0
c11448	0	0	0	-1	0	0	0	0	0	-1	1	-1	16	0	19	0	-1	43	-1	-1	-1	0	-1	34	-1	-1	34	18	0	0
c11453	-1	0	0	50	0	18	0	-1	-1	0	0	5	0	-1	0	0	0	49	-1	41	50	0	0	-1	-1	0	-1	0	-1	0
c11460	19	-1	39	0	-1	0	-1	0	0	18	1	0	0	18	19	29	2	43	23	0	-1	0	0	34	-1	-1	0	18	18	0
c11465	0	-1	0	0	0	11	0	27	0	0	0	14	3	3	-1	0	-1	49	-1	0	50	0	0	34	3	-1	0	46	-1	-1
c11497	0	18	0	0	0	11	36	0	28	40	0	-1	18	-1	23	-1	0	49	25	0	-1	0	0	-1	3	0	0	46	-1	-1
c11506	-1	0	0	26	0	11	-1	0	0	39	-1	0	0	3	-1	-1	0	49	0	0	50	0	17	34	3	-1	19	46	-1	0
c11507	-1	0	0	26	-1	11	-1	0	-1	39	0	-1	0	3	23	-1	-1	49	0	0	50	0	17	34	3	-1	19	46	-1	-1
c11515	11	-1	21	49	0	46	0	-1	46	18	-1	0	-1	-1	-1	0	2	43	0	-1	40	0	49	34	0	32	0	18	0	-1
c11527	-1	-1	0	0	0	11	0	0	0	-1	0	0	7	3	23	0	0	49	42	0	50	-1	-1	34	3	0	29	46	-1	0
c11559	0	0	0	0	-1	49	0	0	-1	18	1	0	0	43	19	0	2	43	0	0	40	42	0	34	-1	-1	0	18	-1	0
c11560	-1	0	0	40	0	50	0	0	17	18	1	-1	6	43	19	0	2	43	0	-1	40	42	-1	34	0	32	18	-1	0	-1
c11575	-1	42	21	0	0	0	0	0	-1	18	1	-1	-1	-1	-1	-1	2	-1	0	0	40	-1	0	34	-1	32	0	-1	-1	-1
c11603	0	42	21	-1	-1	0	0	0	46	18	-1	11	-1	4	-1	0	2	43	0	-1	-1	0	-1	34	0	32	0	18	0	-1
c11606	-1	0	-1	0	-1	49	-1	33	-1	18	1	0	0	0	19	29	2	43	0	0	-1	0	-1	34	0	0	-1	18	0	0
c11612	39	0	21	-1	0	-1	0	0	25	18	1	39	11	0	19	44	2	43	0	4	40	0	0	-1	-1	-1	0	18	-1	34
c11620	0	0	0	0	0	0	-1	-1	28	18	-1	0	0	0	19	38	2	43	36	0	40	-1	1	34	-1	-1	39	18	0	0
c11629	0	-1	4	0	0	0	-1	0	0	18	-1	0	19	24	19	0	2	43	0	0	40	0	0	34	39	0	28	-1	0	0
c11637	25	0	0	50	0	0	-1	6	40	-1	0	5	0	0	0	-1	0	49	3	0	50	-1	0	34	0	0	0	0	-1	0
c11647	0	0	-1	0	0	0	4	0	-1	-1	1	0	17	18	19	0	2	-1	0	0	-1	0	50	34	0	0	0	-1	19	0
c11659	40	-1	0	0	0	11	39	0	0	0	0	0	0	3	0	0	-1	49	0	-1	50	0	0	34	3	0	32	46	-1	-1
c11660	19	0	39	-1	0	0	-1	0	0	18	1	0	-1	0	19	29	2	43	0	19	-1	0	0	34	-1	0	0	18	-1	-1
c11661	19	0	39	-1	0	0	-1	0	0	-1	1	0	0	0	19	-1	2	43	-1	19	-1	0	0	34	-1	0	0	18	18	0
c11676	0	0	12	-1	-1	11	0	3	-1	0	-1	0	0	3	23	0	-1	49	0	0	50	0	0	34	3	0	0	-1	-1	0
c11677	0	0	12	-1	0	11	0	3	3	-1	0	0	0	-1	23	0	0	49	0	0	50	-1	0	34	3	0	0	46	-1	-1
c11680	0	-1	0	0	45	0	36	40	40	0	0	-1	-1	-1	-1	0	29	49	-1	0	50	0	0	34	-1	19	39	0	-1	0
c11710	-1	0	0	0	-1	0	36	-1	0	-1	42	0	-1	3	11	-1	0	49	0	0	50	0	-1	34	0	3	0	-1	-1	0
c11711	0	0	0	0	-1	-1	36	40	0	-1	42	0	0	3	11	-1	0	49	0	0	50	0	-1	34	0	3	0	0	-1	0
c11722	0	0	18	50	0	0	0	6	-1	24	21	5	0	0	0	0	0	49	-1	0	50	0	0	34	0	39	0	-1	-1	0
c11724	0	0	0	0	0	36	0	0	33	18	-1	0	0	0	-1	0	2	43	-1	-1	40	11	0	34	0	0	-1	18	0	0
c11728	0	-1	0	0	0	11	45	-1	0	0	0	17	9	3	-1	-1	0	49	40	27	-1	-1	0	34	3	-1	-1	46	-1	0
c11763	0	-1	19	0	0	11	0	0	-1	0	0	0	-1	3	23	0	0	49	0	0	-1	-1	0	34	3	0	0	46	-1	-1
c11769	-1	-1	0	-1	-1	0	0	6	-1	24	0	5	-1	0	0	-1	0	49	41	0	50	0	19	34	13	0	0	0	-1	0
c11777	-1	-1	-1	0	0	11	0	-1	-1	25	0	0	-1	-1	23	-1	-1	-1	42	-1	-1	0	0	34	3	0	29	46	-1	0
c11786	-1	43	21	0	0	0	0	0	35	18	1	0	-1	-1	-1	-1	-1	43	0	44	40	0	0	-1	0	32	0	18	0	-1
c11787	39	43	21	0	-1	0	0	0	35	18	-1	0	-1	-1	-1	-1	2	43	0	44	-1	0	0	-1	0	32	0	18	0	34
c11790	40	17	0	-1	35	11	0	-1	12	0	-1	32	0	3	-1	-1	0	-1	0	-1	-1	0	0	34	3	0	32	46	-1	0
c11791	40	17	-1	0	-1	11	0	0	12	0	0	32	0	-1	0	0	0	49	0	-1	50	0	-1	34	3	0	32	46	-1	0
c11801	0	0	0	50	38	0	0	6	-1	24	0	5	-1	-1	-1	0	4	49	0	-1	50	0	45	34	-1	0	0	0	-1	0
c11804	0	-1	0	-1	0	44	0	49	-1	18	1	0	0	43	19	-1	-1	43	1	25	40	36	49	34	0	0	0	-1	9	-1
c11805	0	0	0	-1	-1	44	0	49	-1	18	1	0	0	43	19	0	2	-1	1	25	-1	-1	49	34	-1	0	0	18	-1	-1
c11809	-1	0	0	0	0	-1	0	27	0	0	0	14	3	3	-1	0	28	-1	-1	-1	50	0	0	34	3	3	0	46	-1	-1
c11810	0	0	-1	0	0	-1	0	-1	0	18	1	0	-1	-1	19	0	-1	43	46	0	-1	0	0	34	0	0	-1	18	0	0
c11824	0	0	0	0	0	-1	0	0	0	18	1	0	14	45	19	0	2	43	0	0	-1	0	-1	34	0	-1	0	-1	-1	0
c11850	-1	0	0	26	35	11	-1	0	0	39	0	0	-1	3	23	-1	0	49	-1	0	50	0	17	34	3	-1	19	46	-1	-1
c11892	0	-1	25	0	-1	0	-1	0	-1	-1	1	0	0	0	19	0	-1	-1	34	0	40	38	0	34	0	0	0	18	0	-1
c11893	0	0	0	0	-1	0	0	0	-1	18	1	-1	0	0	19	-1	2	-1	34	0	40	38	0	34	0	0	0	18	0	-1
c11910	0	0	-1	-1	0	38	25	-1	0	18	1	-1	17	0	19	0	-1	43	0	0	-1	0	0	34	0	-1	19	18	-1	0
c11925	-1	-1	-1	26	0	11	-1	0	0	0	0	0	17	3	-1	0	17	-1	0	0	50	0	0	34	-1	-1	0	46	-1	0
c11930	40	40	19	0	0	11	0	0	-1	0	0	19	-1	3	23	-1	0	49	0	0	50	0	-1	34	-1	0	0	46	-1	-1
c11957	0	0	40	-1	0	-1	0	0	4	18	1	7	19	9	-1	0	2	43	3	-1	40	0	0	-1	0	-1	0	-1	0	-1
c11972	0	-1	0	0	-1	-1	27	0	-1	18	1	-1	0	13	19	21	2	43	-1	0	40	0	0	-1	0	0	28	18	0	-1
c11989	0	3	0	-1	-1	0	0	0	0	18	1	0	-1	18	19	0	-1	43	-1	25	-1	0	0	34	0	0	4	-1	0	18
c12018	0	0	40	0	0	-1	0	0	13	18	1	0	0	-1	19	0	-1	43	0	40	40	0	-1	-1	0	0	0	18	0	0
c12043	28	0	-1	0	0	0	13	0	33	18	1	-1	0	21	19	0	2	43	-1	40	40	11	-1	34	0	0	0	18	-1	0
c12057	-1	0	39	0	0	49	-1	0	0	18	-1	-1	0	0	19	29	2	43	-1	0	-1	0	0	-1	0	0	32	18	37	0
c12069	0	-1	17	0	0	-1	0	0	0	-1	30	0	0	3	0	32	0	49	0	0	-1	43	-1	34	3	-1	0	46	-1	0
c12077	-1	0	0	-1	0	11	-1	0	-1	0	-1	-1	0	3	23	0	0	49	37	38	50	0	0	34	3	0	-1	46	-1	0
c12093	0	-1	40	4	0	0	0	0	0	18	1	49	40	40	19	3	2	43	0	28	40	43	50	-1	0	-1	0	18	0	0
c12105	-1	0	36	0	24	0	7	0	0	18	1	-1	-1	0	19	0	-1	43	-1	38	40	0	-1	34	0	0	39	18	0	0
c12109	0	17	0	0	0	-1	-1	0	0	0	0	0	0	3	0	0	0	49	0	-1	-1	40	0	34	-1	0	32	46	-1	0
c12110	0	42	0	26	0	-1	-1	0	0	0	0	-1	-1	-1	23	0	0	49	46	0	50	19	0	34	-1	-1	0	46	-1	0
c12119	3	0	-1	41	0	11	19	0	0	0	0	0	0	3	23	-1	0	49	0	-1	-1	-1	-1	34	3	0	0	46	-1	0
c12142	-1	0	0	0	0	11	0	0	0	25	0	0	7	-1	23	0	0	-1	42	0	50	0	0	34	-1	0	29	46	-1	0
c12143	-1	0	0	0	0	11	-1	0	0	25	0	-1	7	3	23	0	0	-1	42	0	50	0	0	34	-1	0	29	46	-1	0
c12154	0	0	-1	0	-1	0	0	-1	0	18	-1	0	0	0	19	50	-1	43	0	9	-1	0	0	-1	0	0	-1	18	0	0
c12173	0	0	40	0	0	0	-1	0	4	18	1	-1	19	0	19	0	2	-1	-1	0	40	0	-1	34	50	0	-1	-1	4	-1
c12179	0	0	-1	0	-1	-1	0	40	0	18	1	0	-1	-1	19	0	2	43	0	0	40	0	0	34	0	-1	-1	18	0	0
c12196	0	-1	0	50	0	0	14	6	-1	-1	0	5	0	-1	-1	0	-1	49	0	0	50	0	17	34	7	19	0	0	-1	0
c12197	0	0	0	50	0	0	14	-1	0	0	0	5	0	0	0	0	-1	49	-1	0	50	0	17	34	7	19	0	0	-1	-1
c12206	0	3	-1	-1	12	0	0	0	0	18	1	-1	31	0	19	0	-1	-1	-1	25	-1	0	0	34	49	-1	4	18	7	0
c12207	-1	3	0	-1	12	0	0	0	0	18	1	0	-1	-1	19	0	-1	43	-1	25	-1	0	-1	-1	49	0	4	18	7	0
c12230	0	-1	21	-1	0	-1	-1	0	0	0	0	49	-1	3	0	0	37	49	19	-1	50	19	0	-1	3	-1	32	46	-1	0
c12272	0	-1	0	-1	-1	0	-1	-1	-1	18	-1	0	0	0	19	0	2	43	0	0	-1	-1	0	34	-1	0	-1	18	0	0
c12273	0	0	0	0	0	0	0	0	0	18	1	0	0	0	19	0	2	43	0	0	-1	0	0	34	0	0	0	18	0	-1
c12292	0	-1	0	26	0	11	-1	0	42	0	11	0	0	3	23	0	0	-1	0	0	50	-1	-1	34	-1	-1	0	46	-1	0
c12293	0	-1	-1	26	0	11	-1	0	42	0	11	-1	0	3	23	0	0	-1	0	0	50	0	0	34	3	-1	0	46	-1	0
c12309	0	-1	0	0	0	0	27	32	0	18	-1	0	0	0	19	0	-1	43	0	0	40	-1	-1	34	-1	0	28	18	0	0
c12340	32	0	0	20	0	-1	25	0	0	18	1	0	0	0	19	0	2	43	0	6	40	-1	-1	34	11	0	0	18	-1	0
c12343	-1	-1	0	0	0	11	-1	0	0	-1	0	0	-1	3	23	0	0	-1	42	0	-1	0	0	34	3	0	29	46	-1	0
c12347	0	0	0	-1	0	3	25	0	0	18	1	0	0	18	19	19	2	43	29	-1	40	0	-1	34	-1	-1	13	18	-1	9
c12356	40	0	19	0	0	11	0	0	0	18	0	19	0	3	-1	-1	0	49	-1	0	50	0	0	34	-1	0	3	46	-1	0
c12374	0	0	0	0	0	11	-1	0	-1	0	0	0	0	3	23	-1	0	49	-1	0	50	0	0	-1	3	0	4	-1	-1	-1
c12375	0	-1	0	-1	0	-1	-1	0	0	0	0	0	0	3	23	0	-1	49	0	-1	-1	-1	-1	34	3	0	4	46	-1	0
c12383	0	-1	0	-1	0	34	-1	0	33	-1	-1	-1	0	0	19	0	2	43	-1	0	40	11	0	-1	0	0	0	18	0	0
c12386	-1	0	-1	26	0	-1	-1	0	0	0	0	0	0	3	23	-1	0	49	0	-1	50	0	0	-1	-1	-1	0	46	-1	0
c12392	-1	0	0	0	20	0	0	-1	-1	18	-1	0	0	43	19	0	-1	43	-1	25	-1	36	-1	34	49	0	0	18	-1	-1
c12399	0	0	0	0	0	11	0	-1	3	0	0	0	0	3	23	0	0	49	0	18	50	0	0	34	-1	0	0	-1	-1	0
c12423	0	-1	-1	-1	-1	-1	-1	2	-1	18	1	-1	0	0	19	0	2	43	0	0	40	-1	0	34	0	0	28	18	0	0
c12425	0	-1	-1	0	4	0	0	0	-1	18	1	24	19	0	-1	35	-1	43	0	40	-1	0	38	34	0	-1	14	18	0	36
c12432	0	0	0	50	-1	18	-1	6	-1	0	0	5	-1	0	0	-1	0	49	0	41	50	0	0	34	7	0	4	-1	-1	0
c12459	0	0	13	-1	-1	0	36	40	0	0	0	0	-1	-1	-1	0	0	49	0	0	50	0	0	34	-1	19	39	0	-1	-1
c12464	0	0	0	-1	0	0	-1	23	0	18	1	0	0	-1	19	0	2	43	0	0	-1	0	0	34	-1	-1	0	18	0	0
c12488	0	0	0	-1	38	11	0	0	-1	-1	42	0	0	3	23	-1	0	-1	-1	-1	50	0	0	34	-1	-1	0	-1	-1	0
c12501	19	-1	-1	-1	0	0	-1	0	40	18	1	0	0	40	-1	-1	2	43	-1	0	-1	-1	-1	34	0	0	0	18	18	0
c12503	0	36	49	0	41	11	0	-1	0	0	0	17	4	-1	-1	0	-1	-1	12	-1	50	0	0	34	-1	0	0	46	-1	11
c12506	3	0	0	0	0	11	-1	0	21	0	0	0	40	3	-1	-1	0	49	0	0	50	0	0	34	3	-1	-1	46	-1	0
c12509	0	36	0	0	0	11	0	0	0	43	0	43	-1	3	0	-1	0	49	34	0	50	0	0	-1	3	0	0	-1	-1	0
c12512	19	0	39	0	0	-1	-1	0	0	18	1	-1	0	-1	19	29	-1	43	-1	42	-1	0	0	34	0	-1	41	18	0	-1
c12513	-1	-1	39	0	0	49	-1	0	0	18	1	-1	0	0	19	29	2	43	0	-1	-1	0	0	34	0	0	-1	-1	-1	0
c12519	0	0	0	0	0	42	0	0	-1	18	1	0	0	43	-1	-1	2	-1	0	0	40	42	0	34	28	0	32	18	0	-1
c12526	0	-1	0	0	0	11	-1	-1	-1	0	-1	0	11	3	-1	0	0	49	0	0	-1	0	-1	34	-1	3	0	46	-1	0
c12534	-1	0	0	-1	0	-1	0	-1	0	0	35	0	0	3	-1	0	0	-1	6	0	-1	0	-1	34	-1	0	0	-1	-1	0
c12556	19	0	39	-1	0	0	-1	0	0	-1	1	-1	0	-1	-1	29	2	-1	-1	-1	-1	-1	0	34	0	-1	0	18	18	24
c12587	0	-1	-1	0	-1	0	27	0	0	18	1	0	-1	0	19	-1	2	43	0	0	40	-1	0	34	0	0	28	18	7	0
c12595	0	36	49	0	0	11	0	0	0	0	0	17	0	3	0	0	0	49	0	0	50	-1	0	34	-1	3	0	46	-1	0
c12606	9	-1	0	0	0	0	0	-1	-1	18	1	0	0	-1	-1	0	2	-1	1	25	-1	36	49	34	-1	0	-1	18	9	-1
c12616	0	0	0	0	-1	-1	49	0	0	18	1	0	0	-1	19	0	-1	-1	0	0	40	0	-1	34	11	19	-1	-1	-1	19
c12617	0	0	0	-1	-1	-1	49	0	0	18	1	0	0	-1	19	0	2	43	0	-1	40	-1	-1	34	11	19	-1	18	-1	19
c12618	-1	36	-1	0	0	11	0	-1	0	0	0	17	4	3	3	0	0	49	12	18	50	0	0	-1	3	0	0	46	-1	0
c12622	-1	0	0	0	0	11	0	0	0	0	18	-1	0	3	23	-1	0	49	0	-1	50	0	-1	34	3	0	0	46	-1	-1
c12626	0	0	0	0	0	0	0	49	-1	18	1	0	0	-1	19	0	2	43	-1	25	40	36	-1	34	0	0	0	18	9	-1
c12629	0	3	0	-1	-1	0	0	0	0	18	1	0	0	18	19	0	2	43	-1	25	-1	-1	0	-1	0	0	4	-1	-1	-1
c12648	0	0	0	0	-1	0	0	19	-1	-1	1	0	0	-1	19	0	2	-1	0	0	40	0	-1	34	0	-1	0	18	0	24
c12669	0	-1	0	0	0	11	0	0	0	0	0	49	0	-1	-1	0	37	-1	0	-1	50	0	-1	34	3	0	32	46	-1	0
c12670	-1	36	0	-1	0	-1	0	0	0	0	30	0	0	3	-1	32	-1	49	0	0	50	43	0	-1	3	3	0	46	-1	0
c12671	0	36	-1	0	-1	-1	0	0	-1	-1	30	-1	0	3	0	32	0	49	0	0	50	43	0	34	3	3	0	46	-1	0
c12675	0	0	0	0	0	0	40	-1	28	18	1	0	0	0	19	38	2	43	-1	0	40	0	0	34	0	-1	39	18	0	0
c12688	-1	0	19	0	0	11	0	0	0	-1	-1	-1	0	3	23	-1	0	49	0	0	50	0	0	-1	3	0	0	46	-1	0
c12694	-1	0	40	0	4	0	-1	-1	0	18	1	24	19	0	-1	35	-1	43	0	40	40	0	38	34	0	-1	14	18	0	-1
c12699	0	-1	0	0	0	11	0	-1	0	-1	0	0	0	-1	23	0	0	49	0	0	50	0	-1	34	3	49	0	46	-1	26
c12708	19	-1	39	-1	0	-1	-1	0	0	18	1	-1	-1	0	19	29	2	-1	49	0	-1	0	0	34	0	0	32	18	37	0
c12712	0	0	40	4	38	50	0	0	0	18	1	0	0	0	19	-1	2	43	0	0	40	0	50	34	0	0	0	18	0	0
c12717	-1	0	39	0	-1	0	-1	0	0	18	1	0	0	-1	19	29	2	43	23	0	-1	0	0	34	0	0	0	18	18	0
c12722	0	-1	18	-1	-1	0	0	6	-1	24	-1	5	-1	0	0	0	0	49	-1	0	50	-1	0	-1	0	0	0	-1	-1	0
c12729	-1	-1	39	0	0	49	-1	0	0	18	1	0	0	18	19	29	-1	-1	49	0	-1	0	-1	-1	-1	0	32	18	37	0
c12746	-1	0	-1	0	0	-1	-1	0	0	25	0	0	7	3	23	-1	0	49	42	-1	-1	0	0	34	3	0	29	-1	-1	0
c12748	40	17	0	0	0	-1	-1	0	0	-1	40	0	0	3	0	0	0	-1	0	-1	50	0	42	34	3	0	32	46	-1	39
c12758	0	36	27	0	0	11	0	-1	0	-1	0	0	-1	3	40	0	0	-1	25	0	50	0	0	-1	-1	-1	0	46	-1	0
c12779	0	0	0	-1	18	-1	-1	0	3	0	0	36	0	3	0	0	-1	-1	11	0	50	0	0	34	3	0	-1	-1	-1	-1
c12780	-1	0	-1	-1	35	11	0	0	-1	0	10	3	18	3	-1	0	-1	49	0	0	50	4	0	34	3	0	0	-1	-1	-1
c12783	2	0	0	-1	0	-1	19	0	0	-1	11	-1	0	-1	23	32	-1	49	0	0	50	0	3	34	3	0	-1	46	-1	45
c12823	0	-1	14	0	0	11	0	0	0	0	0	43	-1	-1	-1	-1	0	49	34	50	50	0	0	-1	-1	0	0	-1	-1	0
c12850	-1	0	-1	34	0	11	0	0	0	-1	19	38	0	-1	23	0	0	49	0	0	50	0	0	34	-1	0	4	46	-1	9
c12878	0	-1	-1	41	0	0	27	0	0	18	-1	0	-1	24	19	-1	2	43	-1	0	40	0	0	-1	39	12	28	18	-1	0
c12894	0	0	0	0	-1	0	0	-1	44	18	1	0	42	-1	19	0	2	43	0	-1	-1	0	0	34	0	0	0	18	0	-1
c12895	0	0	0	0	-1	0	0	0	44	18	1	0	42	0	19	0	2	43	0	0	-1	0	0	34	0	0	0	18	0	0
c12905	0	-1	0	0	0	11	-1	-1	0	19	-1	49	38	3	0	0	37	49	0	-1	50	40	0	34	3	0	-1	46	-1	0
c12906	0	0	-1	-1	0	-1	-1	0	0	0	0	0	-1	3	23	-1	0	49	0	0	50	0	0	-1	3	-1	0	46	-1	0
c12907	-1	0	0	26	0	11	-1	0	0	-1	-1	-1	-1	3	23	0	0	49	-1	0	-1	0	0	34	3	-1	-1	46	-1	0
c12915	0	0	0	-1	-1	-1	0	38	-1	18	1	0	0	0	19	0	-1	-1	-1	-1	40	-1	-1	34	0	-1	0	18	0	-1
c12930	0	0	0	0	25	0	36	40	0	-1	-1	-1	-1	3	11	0	0	49	0	0	50	18	-1	34	0	3	0	0	-1	0
c12931	0	0	0	0	-1	0	36	-1	0	-1	42	0	0	3	11	0	0	49	0	0	50	0	-1	34	0	3	0	-1	-1	0
c12933	0	0	-1	0	-1	25	0	-1	0	18	1	0	0	43	19	0	2	43	0	0	-1	-1	44	-1	-1	0	-1	18	0	0
c12946	0	-1	-1	-1	-1	-1	0	0	-1	-1	0	0	0	3	23	0	0	49	0	0	50	-1	0	34	3	0	-1	46	-1	0
c12951	0	0	0	0	0	-1	0	26	0	-1	1	-1	-1	0	19	16	-1	43	46	-1	-1	0	0	34	0	0	0	18	0	0
c12957	0	0	-1	0	-1	0	0	0	0	18	1	-1	-1	28	19	0	-1	-1	46	0	-1	0	0	34	0	0	0	18	0	0
c12964	18	0	0	-1	0	9	-1	6	0	-1	24	5	0	0	-1	0	0	49	36	0	50	0	0	34	-1	0	0	39	-1	0
c12976	0	-1	0	0	0	11	41	27	0	0	-1	14	3	3	23	0	28	49	0	0	50	-1	44	34	-1	3	0	-1	-1	0
c12978	0	0	18	0	-1	-1	-1	45	-1	18	1	0	0	0	19	0	-1	-1	0	0	40	0	0	34	0	0	0	18	0	-1
c12979	0	0	18	-1	-1	-1	-1	45	-1	18	1	0	0	0	19	-1	2	-1	0	0	40	-1	0	34	0	0	-1	18	0	-1
c12980	0	0	-1	-1	0	0	7	0	35	18	-1	0	-1	0	19	39	-1	43	-1	0	-1	0	-1	34	0	-1	36	18	0	0
c12996	0	0	0	-1	-1	0	49	-1	0	18	1	-1	39	-1	-1	0	2	-1	0	0	40	-1	0	34	-1	19	-1	18	25	0
c12997	0	0	0	-1	-1	-1	49	-1	0	18	1	0	39	-1	19	0	2	43	0	-1	40	0	0	34	0	19	-1	-1	25	0
c12998	39	0	-1	-1	0	11	0	0	0	0	0	0	0	3	23	-1	0	49	0	0	50	0	0	34	3	0	0	46	-1	0
c13003	0	-1	49	-1	-1	11	0	-1	0	0	0	-1	4	3	3	-1	0	-1	12	0	-1	49	0	34	3	-1	0	-1	-1	0
c13025	0	0	-1	0	0	0	43	0	0	18	1	0	0	-1	-1	21	2	43	36	0	40	-1	-1	34	0	0	-1	18	-1	-1
c13035	0	0	21	0	0	-1	-1	-1	33	18	1	50	-1	0	-1	0	2	43	0	0	40	11	0	34	0	0	25	18	0	0
c13042	0	0	0	-1	-1	-1	11	6	-1	0	-1	5	0	0	0	0	21	-1	0	-1	50	-1	0	34	0	0	0	0	-1	-1
c13044	0	0	0	0	0	0	40	-1	28	18	1	0	0	0	-1	38	2	-1	36	0	40	-1	0	-1	-1	0	-1	18	0	0
c13046	18	0	0	0	0	0	-1	39	-1	-1	1	-1	0	0	19	0	-1	-1	24	0	-1	0	0	34	0	0	0	18	0	6
c13076	0	42	-1	-1	-1	0	36	40	32	25	0	0	-1	3	26	0	0	49	-1	0	-1	0	-1	34	0	0	39	0	-1	-1
c13081	0	0	21	0	-1	0	13	0	34	18	1	0	11	-1	-1	-1	2	43	0	44	40	0	-1	34	0	32	0	18	0	34
c13111	0	-1	0	0	0	0	-1	0	-1	18	-1	0	0	24	19	0	2	43	0	0	-1	0	0	-1	39	0	-1	18	0	0
c13112	0	-1	0	40	0	11	11	-1	0	0	-1	-1	0	3	23	0	-1	49	0	0	50	32	-1	34	3	0	0	-1	-1	0
c13113	-1	0	0	40	0	11	11	-1	0	0	0	0	-1	3	23	0	0	-1	0	0	50	32	-1	34	3	0	-1	46	-1	0
c13117	-1	0	0	0	-1	0	0	0	44	18	-1	0	42	0	19	0	2	-1	0	0	-1	0	0	34	0	0	0	18	0	0
c13120	0	17	0	0	-1	-1	0	44	9	0	0	-1	-1	3	0	0	40	49	0	-1	-1	40	0	34	3	-1	32	-1	-1	0
c13121	0	17	-1	0	0	11	0	44	9	0	0	0	0	3	0	0	40	49	-1	-1	-1	40	0	-1	3	0	32	46	-1	0
c13128	0	-1	0	0	0	11	0	-1	0	-1	0	49	0	3	0	0	-1	49	-1	-1	50	-1	-1	34	3	0	32	46	-1	0
c13129	0	-1	-1	0	0	11	0	0	0	-1	0	-1	0	-1	-1	-1	37	49	0	-1	50	0	0	34	3	0	-1	-1	-1	0
c13134	0	0	36	0	0	0	0	0	-1	-1	1	0	3	43	-1	0	-1	43	0	0	40	0	-1	34	0	0	-1	-1	0	28
c13147	0	0	0	50	0	0	0	6	0	24	0	5	0	9	0	0	0	49	0	-1	50	-1	0	34	0	0	0	0	-1	0
c13152	0	0	0	0	4	0	0	-1	0	18	1	-1	0	0	19	21	2	43	36	0	40	0	0	34	0	0	39	18	0	21
c13156	-1	0	36	0	24	0	40	0	0	18	-1	0	-1	0	19	-1	2	43	36	36	40	39	0	34	0	0	39	18	0	33
c13159	0	-1	0	0	-1	0	27	0	-1	18	1	0	0	0	19	33	2	43	0	24	40	36	0	34	0	-1	28	18	0	-1
c13174	39	0	40	-1	0	0	27	-1	0	18	1	19	-1	-1	19	0	2	43	0	0	40	0	0	34	0	0	28	18	44	0
c13187	0	-1	0	50	-1	24	36	40	0	0	42	0	-1	3	26	0	0	-1	9	0	50	0	0	-1	19	0	39	-1	-1	0
c13190	-1	40	19	0	0	11	0	0	-1	0	0	19	-1	3	23	-1	0	49	0	-1	50	0	0	34	3	0	0	46	-1	0
c13194	-1	-1	4	0	0	-1	27	-1	0	18	-1	0	19	24	19	0	-1	43	0	0	40	0	0	34	39	-1	28	18	0	32
c13196	18	0	0	0	0	0	0	39	-1	18	-1	25	0	0	19	0	-1	43	24	0	-1	0	-1	34	0	0	0	18	0	6
c13197	18	0	0	0	-1	0	0	39	-1	18	1	25	0	0	19	0	-1	43	24	0	-1	0	0	34	0	0	-1	18	0	6
c13207	-1	42	21	0	0	0	0	0	-1	18	-1	-1	-1	4	-1	0	2	43	0	0	40	0	0	34	0	32	-1	18	0	-1
c13210	-1	0	0	0	-1	0	0	-1	0	18	1	-1	4	28	19	-1	-1	-1	-1	0	-1	0	0	34	0	0	-1	18	0	0
c13218	0	0	0	49	-1	0	35	0	0	18	-1	0	0	0	19	21	-1	43	0	0	40	0	0	-1	0	0	-1	18	0	24
c13266	0	-1	-1	0	0	11	0	0	0	-1	0	17	-1	3	0	-1	38	49	-1	27	-1	0	0	34	3	13	0	46	-1	0
c13291	0	0	0	-1	-1	11	-1	0	-1	0	2	49	0	3	23	0	0	49	-1	0	50	-1	0	-1	-1	0	0	46	-1	36
c13298	2	0	0	-1	0	11	0	0	0	0	0	10	0	3	-1	-1	0	-1	0	36	50	0	0	34	3	0	45	46	-1	45
c13301	19	0	39	0	-1	49	-1	0	0	18	-1	41	-1	0	19	29	2	43	0	0	-1	0	0	34	0	0	0	18	0	0
c13306	0	0	0	0	0	11	0	3	3	0	-1	0	0	-1	23	-1	-1	49	0	0	50	0	0	34	3	0	-1	46	-1	0
c13307	0	0	0	-1	0	11	0	-1	3	0	-1	0	0	-1	23	0	0	-1	0	0	50	0	0	34	3	0	0	46	-1	0
c13340	0	0	0	0	0	0	0	0	28	-1	1	0	0	0	19	0	2	-1	36	35	40	-1	0	-1	0	0	-1	18	29	0
c13342	14	0	0	0	0	0	-1	0	33	18	-1	-1	0	0	19	0	2	-1	-1	0	40	-1	0	34	0	0	0	18	0	-1
c13344	23	0	0	0	0	42	0	-1	-1	18	1	-1	3	43	19	0	2	43	0	0	40	42	18	34	0	0	32	18	0	0
c13350	0	0	0	50	0	0	0	6	-1	0	-1	5	0	0	0	0	0	49	0	0	50	-1	0	34	-1	0	0	0	-1	-1
c13355	0	0	0	-1	-1	0	0	3	-1	18	1	0	0	0	19	-1	-1	43	-1	0	-1	34	24	34	0	19	0	18	0	0
c13356	0	0	0	0	0	0	-1	-1	-1	18	1	0	0	-1	19	38	2	43	36	0	40	-1	0	-1	0	45	-1	18	0	0
c13362	-1	-1	0	-1	0	11	-1	-1	-1	39	-1	0	0	-1	23	0	0	49	0	0	50	0	-1	34	3	-1	19	46	-1	-1
c13363	0	0	-1	-1	0	11	-1	-1	-1	-1	-1	0	0	3	23	0	0	49	0	0	50	0	17	34	3	-1	19	46	-1	0
c13369	-1	-1	39	0	19	0	-1	-1	0	18	1	0	0	-1	19	-1	2	43	0	0	-1	-1	-1	-1	0	0	0	18	-1	0
c13371	18	0	0	50	0	9	-1	6	0	-1	24	5	0	0	0	0	0	-1	0	0	50	0	30	34	0	0	0	0	-1	0
c13420	39	0	-1	-1	-1	11	0	-1	0	0	0	0	0	3	-1	0	0	49	0	-1	50	-1	-1	34	3	-1	0	-1	-1	-1
c13421	-1	0	0	-1	0	11	-1	0	0	0	0	0	0	-1	-1	-1	0	-1	0	12	50	0	0	-1	3	0	0	46	-1	0
c13436	-1	0	39	0	0	0	-1	0	0	18	1	0	19	0	19	29	2	43	0	0	-1	0	0	34	0	0	0	18	0	9
c13441	0	-1	0	0	-1	11	0	0	-1	0	0	-1	-1	-1	23	0	0	49	37	0	50	-1	-1	34	3	49	0	-1	-1	0
c13453	0	36	49	-1	0	11	40	40	0	0	0	17	29	3	0	0	0	-1	0	24	50	0	0	34	3	0	-1	46	-1	0
c13457	19	0	39	0	0	-1	-1	0	0	18	1	11	0	0	-1	-1	2	43	0	19	-1	0	0	34	0	0	0	18	18	0
c13463	19	0	39	0	0	49	-1	0	0	18	1	0	0	0	19	29	2	43	0	-1	-1	0	0	34	44	0	0	18	0	0
c13469	0	0	0	0	0	-1	0	0	0	0	-1	0	0	3	23	0	-1	49	0	12	-1	0	-1	34	3	0	0	46	-1	0
c13478	39	0	49	-1	-1	-1	0	0	49	-1	-1	0	0	43	19	14	2	43	0	0	-1	0	0	34	0	43	0	18	0	-1
c13479	39	0	49	0	-1	-1	-1	-1	-1	-1	-1	0	0	43	19	14	-1	43	0	0	40	0	-1	-1	0	-1	0	18	0	-1
c13503	0	0	36	0	24	0	0	0	0	18	1	0	-1	0	19	0	2	43	-1	0	40	0	0	34	0	-1	39	18	0	0
c13508	-1	0	42	-1	0	11	-1	0	0	25	-1	-1	7	-1	23	0	0	49	42	0	-1	0	0	34	-1	-1	-1	46	-1	0
c13514	0	0	0	0	0	0	0	0	0	18	1	0	0	0	19	0	-1	43	-1	0	-1	0	3	-1	0	0	0	18	0	0
c13526	40	17	0	0	0	11	39	0	-1	0	0	0	-1	3	0	0	0	-1	0	-1	50	0	0	34	3	0	32	46	-1	0
c13527	40	17	0	0	0	11	39	-1	-1	0	0	0	-1	3	0	-1	0	49	-1	-1	50	0	-1	34	3	0	32	46	-1	0
c13541	0	36	-1	0	0	11	0	0	0	0	0	43	-1	3	0	0	0	49	34	0	50	0	0	34	3	0	0	46	-1	0
c13577	0	0	-1	-1	0	0	-1	0	-1	18	1	0	3	-1	-1	-1	2	43	0	0	40	0	0	-1	-1	0	-1	18	0	28
c13596	0	0	-1	0	-1	0	0	0	-1	18	1	0	-1	0	-1	0	-1	43	0	33	-1	0	50	34	32	0	0	18	20	0
c13608	0	0	0	-1	11	0	0	0	-1	18	1	0	-1	0	19	0	2	43	0	0	-1	-1	0	34	0	-1	0	18	-1	0
c13609	0	0	0	0	11	0	0	0	-1	18	1	0	42	0	19	0	2	43	-1	0	-1	0	0	34	0	0	-1	-1	-1	0
c13626	0	-1	0	0	-1	0	27	-1	0	18	1	0	0	0	19	0	2	43	0	24	40	-1	0	34	-1	0	28	-1	0	0
c13643	0	-1	18	50	0	0	0	6	-1	24	-1	5	0	-1	0	-1	0	-1	-1	0	50	0	0	34	0	0	36	-1	-1	0
c13653	0	-1	0	0	-1	-1	27	0	0	18	1	0	0	0	19	0	2	43	0	24	40	-1	49	34	-1	-1	28	18	0	0
c13656	0	0	0	0	0	11	0	0	0	0	0	0	0	3	23	0	0	49	0	0	50	-1	0	34	-1	13	0	46	-1	0
c13696	19	0	39	0	0	0	-1	18	0	18	1	0	0	-1	19	29	2	43	0	0	-1	0	0	34	0	0	0	18	-1	0
c13697	19	0	39	0	-1	0	-1	18	0	18	1	0	0	0	19	29	2	43	0	-1	-1	0	0	34	0	0	0	18	0	0
c13701	-1	0	39	40	0	-1	0	0	-1	18	1	0	0	43	19	0	2	43	0	0	40	-1	0	34	-1	0	-1	18	0	0
c13708	0	3	0	-1	12	0	0	0	0	18	-1	0	31	0	19	0	2	43	-1	25	-1	0	39	34	49	0	4	18	7	0
c13711	-1	0	40	-1	4	0	0	0	0	18	1	-1	0	0	19	0	-1	43	-1	0	40	0	50	34	0	25	37	-1	49	-1
