	0	1	2	3	4	5	6	7	8	9	10	11	12	13	14	15	16	17	18	19	20	21	22	23	24	25	26	27	28	29
c1192	12	11	26	0	-1	0	-1	-1	31	-1	33	0	0	36	-1	33	-1	0	0	0	0	-1	-1	6	0	24	0	0	-1	0
c1202	0	11	-1	-1	-1	15	-1	0	0	0	0	0	-1	-1	-1	33	0	0	-1	-1	0	0	-1	6	0	0	0	0	35	0
c1715	24	11	-1	26	15	0	-1	-1	-1	0	31	39	0	36	13	33	0	-1	30	16	0	35	0	6	0	-1	0	0	0	0
c1904	-1	11	0	37	0	15	-1	0	36	0	-1	-1	0	36	13	-1	-1	0	30	16	0	-1	-1	6	0	-1	0	0	0	0
c2001	0	-1	0	0	0	0	0	48	-1	0	27	0	0	36	-1	33	35	-1	-1	16	0	0	0	6	18	-1	31	0	35	6
c2231	0	11	26	0	-1	-1	0	0	0	0	-1	0	0	36	13	0	0	0	0	-1	39	0	0	-1	-1	9	0	0	0	0
c2614	0	11	26	0	-1	-1	37	12	36	0	-1	-1	0	36	13	0	0	-1	37	0	18	-1	-1	6	22	0	0	0	-1	39
c2682	-1	-1	26	0	30	-1	11	-1	36	0	0	0	0	36	-1	0	0	0	7	-1	0	-1	0	6	29	0	-1	49	0	35
c2842	7	11	36	35	0	0	0	0	0	0	-1	0	0	-1	13	-1	39	0	35	0	0	-1	24	6	-1	0	0	0	0	0
c2946	0	-1	36	-1	-1	0	0	0	0	0	-1	-1	0	36	13	33	-1	31	30	16	36	38	0	-1	0	0	30	-1	0	12
c3324	39	11	0	0	48	0	0	22	-1	0	0	0	0	36	13	-1	0	0	30	16	0	0	-1	-1	0	-1	0	0	0	0
c3495	0	11	26	0	0	0	37	0	35	0	33	-1	-1	-1	-1	0	0	0	0	36	-1	31	0	6	0	0	22	-1	-1	0
c3507	0	-1	0	0	0	15	-1	-1	0	0	0	0	-1	36	13	-1	0	-1	30	16	6	0	-1	6	-1	15	0	0	35	0
c3583	0	-1	26	0	20	24	37	0	0	0	-1	-1	0	-1	-1	0	0	15	0	0	0	31	-1	-1	38	24	0	9	-1	15
c3776	0	11	-1	0	0	37	37	0	36	-1	33	-1	0	36	13	37	0	0	24	0	0	31	0	6	36	0	9	-1	-1	0
c3858	36	11	26	0	0	0	-1	-1	-1	35	0	37	0	36	13	0	0	-1	37	0	0	-1	0	-1	0	0	31	0	-1	39
c3859	0	11	26	0	0	0	-1	0	-1	35	35	37	0	36	13	-1	0	0	37	-1	0	-1	-1	6	-1	0	31	0	-1	39
c3868	49	11	0	32	15	0	0	0	0	0	31	39	0	-1	13	33	0	-1	30	16	0	-1	0	6	0	0	0	0	39	0
c3886	35	11	0	27	-1	0	0	0	37	35	31	39	0	36	13	33	0	7	30	16	44	-1	0	6	-1	37	0	0	0	-1
c4018	0	11	26	-1	0	37	37	0	-1	22	33	0	-1	36	13	37	0	0	24	-1	0	-1	0	6	36	31	-1	0	-1	0
c4088	48	11	26	35	0	-1	0	-1	0	0	0	-1	0	36	13	47	0	0	7	0	-1	0	0	-1	0	0	39	-1	-1	-1
c4101	0	11	-1	0	0	0	9	31	-1	-1	2	-1	0	36	13	0	-1	-1	7	0	-1	-1	0	6	12	0	0	49	0	-1
c4134	0	11	0	0	-1	0	36	-1	-1	0	0	29	0	36	-1	33	-1	0	-1	0	-1	-1	0	6	9	20	-1	-1	27	9
c4205	0	11	0	24	0	0	-1	0	37	0	-1	29	0	36	13	33	0	0	0	-1	0	0	0	-1	0	0	-1	0	-1	0
c4288	48	11	26	0	0	0	0	-1	0	0	45	-1	0	36	13	47	0	-1	-1	0	47	-1	-1	6	0	-1	39	-1	0	37
c4326	0	-1	-1	0	0	0	0	0	-1	0	0	0	-1	36	13	0	0	0	0	0	0	-1	0	6	0	0	-1	0	0	48
c4378	-1	11	26	0	0	-1	-1	37	36	0	36	0	37	36	13	0	0	0	-1	-1	0	-1	-1	6	2	0	0	49	0	23
c4524	10	11	-1	0	0	15	-1	49	-1	36	0	36	0	36	13	-1	0	0	30	-1	0	7	-1	-1	0	0	0	0	0	-1
c4672	0	11	0	0	2	-1	36	0	0	0	-1	0	0	36	13	33	0	-1	30	16	0	-1	0	6	0	0	0	19	0	0
c4690	-1	11	0	0	-1	-1	17	-1	41	0	0	-1	-1	36	-1	33	7	0	30	16	36	0	0	6	-1	0	0	0	0	12
c4698	35	11	26	0	-1	0	-1	0	36	-1	0	37	0	36	13	0	0	0	37	0	0	-1	30	6	0	0	31	0	-1	39
c4974	0	11	0	-1	0	0	36	0	-1	0	0	29	0	36	13	33	0	0	0	0	47	0	0	-1	-1	50	0	-1	0	9
c5016	39	11	26	0	0	-1	-1	-1	-1	35	0	37	0	36	13	0	0	0	37	0	29	-1	0	6	0	0	31	0	-1	39
c5321	24	-1	0	-1	15	0	0	0	0	0	-1	39	-1	-1	13	33	0	-1	-1	16	0	35	30	6	0	0	0	0	35	0
c5360	13	11	26	-1	-1	-1	37	0	36	0	-1	-1	0	36	13	0	0	0	37	0	18	-1	0	6	0	0	0	0	-1	39
c5429	0	-1	26	-1	0	0	0	0	0	-1	48	0	-1	36	-1	0	0	0	0	0	0	0	-1	6	0	0	-1	13	0	0
c5469	0	-1	0	0	0	0	0	0	0	-1	0	-1	22	36	-1	33	0	0	-1	16	0	0	-1	6	0	0	-1	0	0	0
c5508	0	-1	26	0	0	24	-1	0	7	-1	-1	-1	0	36	13	-1	0	29	0	0	-1	31	39	6	0	24	0	0	-1	-1
c5557	0	11	26	35	0	0	39	0	0	0	0	0	0	36	13	-1	0	0	7	0	-1	17	0	6	29	30	13	-1	-1	-1
c5614	0	11	26	0	0	0	0	-1	-1	0	0	7	-1	36	-1	0	0	0	49	0	0	0	0	6	-1	0	-1	0	0	-1
c5636	0	11	26	-1	-1	15	-1	0	0	0	0	0	-1	36	13	0	-1	0	0	0	0	0	22	6	-1	0	-1	-1	0	48
c5676	-1	-1	0	0	22	0	0	48	0	-1	-1	-1	45	36	13	33	-1	-1	-1	16	0	0	0	6	18	0	-1	0	35	6
c5740	13	11	26	31	0	-1	37	-1	-1	0	33	0	7	36	-1	0	0	0	0	-1	0	31	0	-1	15	0	7	0	-1	0
c5750	0	11	26	0	-1	0	37	35	-1	0	-1	0	0	-1	13	0	0	0	7	24	-1	17	0	6	27	48	13	-1	0	0
c5756	-1	11	0	0	0	37	0	35	0	30	-1	0	0	36	13	33	39	0	35	0	45	-1	0	6	-1	0	-1	0	0	0
c5772	0	11	26	-1	-1	-1	-1	-1	-1	0	0	-1	0	36	13	0	10	0	37	-1	18	-1	0	6	12	0	0	0	-1	39
c5786	48	11	-1	0	0	0	-1	0	0	0	0	29	0	36	13	-1	0	12	0	-1	0	0	0	6	24	50	-1	0	36	9
c5878	0	-1	0	0	0	-1	0	48	-1	-1	27	0	0	36	13	-1	0	0	-1	16	0	0	0	6	-1	0	-1	0	35	-1
c5890	0	11	26	35	35	12	39	-1	-1	-1	0	0	0	36	13	0	19	-1	7	-1	0	-1	-1	6	0	0	13	49	0	0
c5892	0	-1	26	0	20	24	-1	0	-1	-1	33	0	0	-1	13	-1	0	0	0	0	48	31	1	6	38	24	0	-1	-1	15
c5932	0	11	26	-1	-1	0	37	0	-1	0	0	-1	0	-1	-1	0	0	0	37	0	-1	-1	0	6	-1	0	0	-1	-1	39
c5955	0	11	26	-1	-1	11	39	11	0	0	7	0	0	-1	13	0	19	0	7	37	-1	17	0	6	0	0	13	49	-1	12
c5989	36	11	0	0	0	0	0	0	6	-1	48	-1	18	36	-1	-1	-1	-1	30	16	0	0	0	6	0	0	0	-1	0	0
c5991	0	11	0	-1	24	15	-1	0	0	0	-1	0	-1	36	13	33	0	-1	30	16	0	0	-1	6	0	-1	0	0	35	1
c5996	-1	11	0	0	0	35	0	-1	0	-1	48	-1	-1	36	-1	-1	31	0	-1	16	0	7	-1	6	37	0	0	-1	-1	21
c6088	33	-1	0	-1	-1	-1	0	48	0	0	-1	-1	45	36	13	-1	0	48	-1	-1	0	0	-1	6	18	-1	-1	0	35	-1
c6290	0	-1	26	0	-1	-1	37	0	-1	-1	0	-1	6	36	13	0	0	0	37	0	18	-1	0	6	0	0	0	-1	-1	39
c6323	0	11	26	0	0	29	-1	0	36	0	33	0	-1	36	13	-1	12	-1	0	0	0	31	0	-1	0	0	0	0	-1	0
c6341	0	11	0	0	0	-1	0	0	0	0	-1	0	-1	36	13	33	31	0	30	16	0	7	-1	6	37	0	-1	-1	0	-1
c6347	0	11	26	0	-1	0	-1	0	0	0	33	0	24	-1	13	0	0	0	24	0	0	-1	0	6	-1	0	0	0	-1	-1
c6349	0	11	9	-1	-1	0	0	22	9	-1	48	0	-1	-1	13	33	31	0	30	16	48	0	0	6	-1	39	0	-1	0	0
c6448	0	11	26	0	0	0	9	0	36	36	-1	-1	0	36	13	0	-1	-1	7	0	-1	-1	-1	6	0	0	0	49	0	36
c6544	0	11	26	0	0	0	0	0	-1	-1	0	7	-1	36	13	0	0	0	35	0	0	0	0	6	-1	0	-1	0	0	37
c6556	0	11	26	0	30	0	37	0	-1	-1	33	0	0	36	13	0	-1	-1	24	0	30	31	0	6	-1	0	0	0	-1	0
c6557	0	11	26	0	0	0	37	0	7	-1	33	0	0	36	13	-1	0	0	24	0	30	-1	-1	6	-1	0	0	0	-1	0
c6558	12	11	26	0	-1	0	37	0	36	0	0	-1	0	36	13	-1	35	0	37	0	18	-1	22	6	15	0	0	0	-1	39
c6576	-1	11	-1	0	-1	-1	45	27	0	0	0	0	0	36	13	33	-1	0	30	16	0	0	0	6	0	0	0	19	0	-1
c6630	0	-1	26	0	0	0	37	48	-1	0	33	-1	0	-1	13	22	0	0	24	0	30	31	0	6	-1	0	0	0	-1	0
c6638	7	11	0	0	-1	0	0	-1	0	0	0	-1	0	36	-1	33	-1	-1	-1	12	-1	0	-1	6	0	0	0	0	0	-1
c6810	0	-1	-1	7	-1	0	-1	0	36	36	0	0	0	36	13	0	-1	0	-1	0	-1	-1	0	6	0	22	-1	-1	0	47
c6909	0	11	26	33	0	0	37	-1	36	-1	33	0	0	36	13	22	0	0	-1	0	0	-1	0	6	0	24	34	0	-1	0
c6930	0	11	0	32	15	-1	0	-1	0	0	31	39	0	36	13	33	0	0	30	16	0	-1	0	6	0	0	0	0	-1	0
c6990	-1	11	0	0	0	-1	37	0	-1	35	48	-1	0	36	13	33	31	0	30	16	32	0	0	6	0	-1	-1	-1	-1	0
c6991	-1	-1	0	0	0	-1	37	0	-1	-1	48	-1	0	36	13	33	31	0	-1	16	32	0	-1	6	-1	-1	20	-1	0	-1
c7019	-1	-1	26	0	0	0	-1	0	36	12	-1	0	31	36	13	0	36	50	37	13	0	-1	0	-1	-1	-1	0	0	-1	39
c7036	0	11	-1	0	0	0	37	0	36	0	0	0	0	-1	13	-1	28	0	37	-1	0	-1	0	6	7	-1	0	0	-1	39
c7130	36	-1	-1	0	-1	0	0	9	0	0	-1	0	0	36	13	33	10	0	-1	-1	-1	-1	0	-1	0	0	0	0	0	0
c7179	0	11	26	39	-1	0	37	26	36	0	0	0	-1	36	-1	0	-1	0	37	49	0	-1	-1	6	-1	0	0	0	-1	39
c7195	0	11	0	0	0	0	36	-1	-1	0	0	29	0	-1	-1	-1	0	0	0	0	0	-1	30	6	0	-1	0	0	0	9
c7229	0	11	26	0	0	0	37	0	0	-1	33	0	15	36	13	39	0	0	-1	0	-1	31	0	6	36	0	0	-1	-1	-1
c7282	24	11	-1	26	15	35	0	0	-1	-1	-1	39	0	36	-1	33	0	0	30	16	0	35	0	-1	0	0	-1	0	0	-1
c7286	0	11	0	-1	39	0	36	0	0	0	0	29	0	36	-1	33	0	0	0	-1	0	35	0	6	0	35	-1	0	7	0
c7320	-1	11	26	-1	0	0	-1	0	0	-1	0	-1	0	36	13	7	0	0	0	0	0	0	-1	6	-1	-1	-1	0	-1	-1
c7363	-1	11	26	0	30	11	-1	0	-1	0	0	0	-1	36	-1	-1	-1	0	0	0	0	0	0	-1	0	47	-1	-1	0	29
c7464	0	11	0	0	-1	0	0	0	0	1	48	36	0	36	-1	-1	31	4	30	16	-1	0	0	6	-1	0	0	-1	0	0
c7470	0	-1	0	7	22	-1	0	48	0	0	27	-1	45	36	13	33	0	0	-1	16	-1	0	0	-1	18	0	-1	0	-1	6
c7556	-1	11	26	47	0	0	0	-1	0	0	35	-1	0	36	13	31	-1	31	7	0	0	17	0	6	0	-1	-1	49	0	0
c7563	-1	-1	0	0	39	15	-1	0	0	0	35	0	0	36	13	33	48	0	-1	-1	0	7	-1	6	40	0	-1	0	0	0
c7602	-1	-1	-1	9	39	0	0	48	0	0	0	29	39	36	13	33	0	0	-1	12	-1	0	-1	6	0	0	0	0	37	12
c7650	0	-1	26	0	-1	0	37	-1	36	0	0	-1	0	36	13	0	-1	0	37	0	18	-1	0	6	0	-1	0	0	-1	39
c7710	-1	11	0	0	-1	-1	-1	0	0	-1	0	0	0	36	13	33	0	0	30	16	0	0	-1	6	0	0	-1	33	0	0
c7721	-1	11	26	0	0	0	37	0	36	12	0	0	-1	36	13	0	0	50	37	13	30	-1	0	-1	-1	0	0	0	-1	39
c7771	0	11	-1	0	48	0	9	-1	0	0	0	0	0	-1	13	33	0	1	30	-1	0	22	0	6	0	0	-1	0	-1	-1
c7790	0	11	30	0	15	0	-1	-1	0	0	31	39	0	36	13	33	0	-1	30	16	0	0	0	-1	0	0	37	38	0	-1
c7828	39	11	26	0	0	35	-1	0	0	-1	33	0	0	36	13	0	0	0	0	0	0	-1	0	-1	14	24	0	-1	-1	0
c7863	0	11	0	11	-1	0	36	0	0	0	-1	29	0	-1	-1	33	0	37	0	41	17	0	0	-1	0	0	0	35	7	0
c8013	0	11	26	0	-1	-1	37	0	36	0	0	-1	-1	36	13	0	12	-1	37	0	18	-1	0	6	0	0	37	-1	-1	39
c8022	0	-1	0	0	0	15	0	0	48	-1	0	0	0	36	13	33	0	-1	-1	16	0	0	-1	6	0	0	-1	7	0	0
c8035	29	11	0	37	-1	0	-1	0	-1	0	29	-1	0	36	-1	33	0	0	0	0	30	0	0	6	-1	0	0	30	-1	9
c8063	0	11	0	0	-1	0	-1	-1	0	20	-1	0	-1	36	13	33	0	48	-1	16	0	-1	-1	6	-1	0	-1	0	0	-1
c8137	0	11	0	-1	18	0	0	0	0	13	0	35	0	36	13	33	0	0	30	16	24	0	30	6	0	0	-1	0	0	23
c8156	-1	11	-1	12	-1	6	36	0	0	0	0	29	-1	36	-1	33	0	-1	0	0	0	0	-1	6	0	-1	0	0	7	0
c8192	-1	11	26	20	35	0	-1	0	36	35	0	37	0	-1	-1	0	35	-1	37	37	36	-1	0	6	0	0	31	0	-1	39
c8268	-1	11	-1	35	48	0	-1	0	0	0	0	37	-1	36	13	-1	0	0	7	20	-1	17	0	6	0	-1	13	49	0	0
c8310	37	11	-1	0	0	0	-1	-1	0	0	33	0	0	36	-1	0	0	0	24	0	0	31	-1	6	0	30	0	0	-1	0
c8342	0	11	26	0	0	-1	-1	-1	0	-1	0	0	-1	36	13	-1	0	0	0	-1	39	0	-1	6	0	9	0	0	-1	-1
c8362	48	11	35	-1	0	0	36	0	0	0	0	29	0	36	13	33	0	0	0	-1	0	0	0	-1	24	50	-1	27	-1	-1
c8402	0	11	26	0	-1	36	37	17	-1	-1	33	0	-1	36	13	0	-1	36	24	0	0	-1	0	-1	36	0	0	9	-1	0
c8488	-1	11	0	0	13	-1	17	0	41	0	0	35	0	-1	13	33	7	0	30	16	-1	0	0	6	-1	0	0	0	0	-1
c8490	0	11	0	0	-1	0	0	0	0	0	-1	-1	0	36	13	33	-1	0	30	16	0	0	-1	6	13	30	37	38	0	0
c8508	0	-1	-1	0	-1	-1	-1	39	0	29	0	0	0	36	13	0	47	0	0	38	-1	0	0	6	-1	0	37	-1	36	35
c8512	0	-1	-1	0	15	-1	0	-1	0	0	31	39	0	36	13	33	0	0	30	16	-1	0	0	-1	0	0	37	38	0	0
c8605	-1	-1	-1	0	0	13	-1	0	36	12	0	0	31	-1	13	-1	0	50	37	13	0	-1	30	6	-1	0	0	0	-1	39
c8698	0	-1	0	0	22	0	-1	48	-1	0	-1	-1	45	36	13	33	0	35	-1	16	0	0	-1	-1	18	-1	-1	0	-1	6
c8713	-1	11	-1	0	-1	15	-1	0	0	-1	0	-1	-1	36	-1	-1	-1	-1	30	-1	-1	7	-1	6	0	0	2	0	0	0
c8758	0	-1	0	7	22	0	0	48	0	0	27	-1	45	-1	13	33	0	0	-1	-1	0	0	-1	-1	18	-1	-1	0	35	6
c8759	0	-1	0	7	22	0	0	48	0	0	27	-1	45	36	13	33	0	0	-1	-1	0	0	0	-1	18	0	-1	-1	35	-1
c8782	0	11	-1	0	15	-1	0	44	0	0	31	39	0	36	13	33	0	0	-1	16	0	0	0	6	0	0	36	0	39	0
c8784	48	11	-1	0	-1	0	0	-1	27	0	45	-1	-1	36	13	47	0	0	7	-1	47	37	36	6	0	0	39	-1	0	37
c8800	0	11	0	-1	15	-1	0	35	0	0	31	39	0	36	-1	33	0	0	-1	16	0	0	0	-1	-1	12	37	38	0	0
c8820	0	-1	26	0	0	0	37	0	0	36	33	0	-1	-1	-1	0	35	0	0	0	36	-1	37	6	0	24	0	30	-1	0
c8828	0	11	39	-1	0	0	36	14	0	0	-1	29	0	36	13	33	0	-1	0	0	0	-1	0	-1	0	0	0	0	7	-1
c8854	33	-1	0	37	22	0	0	48	-1	0	-1	-1	45	36	-1	33	-1	48	-1	16	0	0	0	6	18	-1	-1	0	35	6
c8855	33	-1	0	0	22	0	0	48	0	0	27	-1	-1	36	13	33	36	48	-1	16	0	0	-1	6	18	0	-1	0	35	6
c8880	0	11	26	0	-1	0	37	0	36	-1	0	-1	0	36	13	45	0	0	37	0	18	-1	0	6	0	0	0	0	-1	-1
c8885	10	11	26	-1	0	24	37	0	-1	0	33	0	0	36	13	-1	48	0	35	-1	-1	31	0	-1	0	24	0	2	-1	31
c8901	13	11	0	0	0	0	36	0	0	0	0	29	0	36	13	33	0	0	0	0	0	0	0	6	31	0	0	-1	-1	0
c8942	0	11	-1	0	-1	0	37	-1	36	0	-1	-1	0	36	13	-1	0	0	37	0	18	-1	-1	6	0	0	0	0	-1	39
c8980	0	11	26	0	-1	-1	37	0	0	0	33	22	0	36	13	0	0	-1	-1	15	30	31	0	-1	0	24	0	0	-1	0
c8996	0	-1	0	0	22	0	0	48	0	-1	27	-1	45	36	-1	33	0	0	-1	16	-1	-1	0	6	-1	-1	-1	-1	35	6
c8997	-1	-1	0	0	22	0	0	48	0	0	27	-1	-1	-1	13	33	0	0	-1	16	0	0	0	-1	18	-1	-1	0	35	6
c9035	38	11	26	-1	0	0	0	-1	0	0	0	-1	0	36	13	-1	0	0	-1	0	0	0	4	6	0	0	0	49	25	-1
c9048	0	11	0	7	0	36	0	0	0	0	48	0	0	36	13	-1	31	0	-1	16	-1	0	0	6	-1	0	-1	-1	0	33
c9058	36	11	-1	7	0	-1	0	49	0	0	-1	0	0	36	13	33	31	0	30	16	0	0	0	6	0	-1	0	-1	0	33
c9074	0	11	0	0	39	0	36	0	-1	0	0	29	0	-1	13	33	0	0	0	0	0	0	0	-1	-1	35	20	0	7	0
c9123	41	11	26	35	0	-1	37	-1	0	0	33	0	0	36	-1	0	0	0	0	0	36	-1	0	6	0	24	0	0	-1	0
c9134	0	11	26	0	-1	0	37	0	0	0	33	0	-1	-1	-1	-1	0	0	-1	0	30	31	0	6	0	0	-1	0	-1	0
c9142	48	11	-1	-1	0	35	36	0	0	0	0	29	0	36	-1	33	-1	0	0	0	0	0	0	-1	24	50	0	0	0	-1
c9143	48	11	35	0	-1	35	-1	0	0	0	-1	29	-1	-1	13	33	0	-1	-1	-1	0	-1	0	6	24	-1	0	0	0	9
c9146	0	11	26	-1	0	0	37	0	0	0	0	0	-1	36	13	-1	0	0	0	0	0	-1	0	6	0	0	-1	-1	0	0
c9179	0	-1	26	0	-1	0	-1	0	-1	0	0	-1	0	36	13	0	0	0	37	0	-1	-1	0	-1	0	0	-1	0	-1	39
c9211	0	11	-1	0	39	-1	36	0	0	0	0	-1	0	36	-1	33	12	0	-1	0	0	0	0	6	0	35	0	0	7	6
c9237	31	-1	26	0	-1	0	37	-1	36	0	0	-1	12	36	13	0	0	0	37	0	18	-1	0	6	-1	0	-1	-1	-1	-1
c9247	48	11	0	0	0	0	0	0	0	0	-1	0	12	-1	-1	33	0	0	35	0	0	-1	0	6	1	0	39	0	0	0
c9309	0	-1	0	0	-1	0	0	-1	0	0	27	-1	45	-1	13	33	0	0	-1	16	0	-1	0	6	18	10	-1	0	35	6
c9360	-1	11	-1	0	0	-1	50	-1	0	0	50	0	-1	36	13	33	0	0	-1	16	0	0	0	6	0	0	0	0	0	11
c9361	0	11	0	-1	-1	-1	-1	36	0	0	-1	0	-1	36	13	33	0	-1	30	16	0	0	0	6	0	0	-1	-1	0	11
c9362	0	-1	0	-1	39	-1	36	0	0	0	0	29	0	36	13	33	0	0	0	0	0	37	0	6	0	35	0	-1	7	0
c9363	0	-1	0	0	-1	-1	36	-1	-1	0	-1	29	0	36	13	33	0	0	0	-1	0	0	0	6	0	-1	0	0	7	0
c9384	30	11	0	12	0	0	36	0	0	0	26	-1	0	36	13	33	0	0	0	0	0	0	-1	6	0	0	0	0	7	0
c9385	0	-1	0	12	-1	0	-1	-1	0	0	0	29	-1	36	13	33	-1	-1	-1	0	-1	-1	0	6	0	37	0	0	-1	0
c9421	10	-1	0	7	0	-1	-1	0	0	13	0	0	0	36	13	-1	-1	0	-1	16	0	7	-1	6	0	0	0	-1	0	0
c9428	28	11	0	0	0	-1	0	-1	0	0	-1	-1	-1	36	-1	-1	0	-1	35	0	0	-1	35	6	0	0	0	0	0	0
c9477	0	-1	26	35	36	0	39	-1	0	0	0	0	-1	-1	13	39	0	0	7	19	0	17	0	6	-1	0	13	49	0	-1
c9501	0	11	26	0	0	0	-1	0	36	0	0	0	0	-1	13	0	-1	0	37	0	0	-1	0	6	-1	0	48	0	-1	39
c9514	0	11	0	12	0	0	36	0	0	0	-1	-1	0	36	13	33	0	0	0	0	0	0	0	6	-1	0	-1	0	7	-1
c9529	48	-1	26	20	0	0	-1	0	0	0	0	-1	0	36	13	47	0	0	7	0	47	0	0	-1	0	33	39	49	0	-1
c9533	0	11	26	35	0	0	39	0	0	24	0	-1	0	36	13	0	-1	48	7	-1	0	17	-1	6	0	0	13	49	49	0
c9543	7	11	0	0	39	0	0	-1	0	-1	-1	29	0	36	13	33	0	-1	12	12	0	0	0	6	0	39	0	0	0	12
c9546	0	11	-1	0	0	0	37	0	36	12	0	0	-1	36	-1	0	48	50	37	13	0	-1	0	6	0	0	0	0	-1	39
c9560	39	-1	26	-1	0	4	-1	0	48	0	0	0	36	36	-1	0	0	0	-1	-1	0	0	-1	6	0	0	0	7	0	0
c9578	0	11	-1	-1	0	49	36	0	0	0	22	-1	0	36	13	33	-1	0	-1	0	0	0	0	-1	-1	0	0	-1	7	-1
c9602	0	11	0	0	48	0	0	0	0	0	-1	0	0	36	13	33	0	0	30	-1	0	0	-1	6	0	0	0	0	0	0
c9625	0	11	26	-1	20	24	37	0	35	0	33	0	9	36	-1	0	35	-1	0	0	31	31	0	6	38	24	0	0	-1	-1
c9669	-1	11	0	0	15	0	0	35	0	0	31	-1	0	36	13	33	0	44	30	16	-1	0	0	6	0	12	37	-1	0	0
c9689	48	11	26	0	17	-1	0	0	27	0	45	-1	0	36	13	47	0	0	7	0	47	0	36	6	0	-1	39	49	13	37
c9716	-1	11	0	0	48	0	0	22	0	47	0	-1	35	36	13	33	0	0	30	16	0	0	0	6	0	0	36	0	0	0
c9737	0	11	0	0	0	22	36	0	0	0	-1	29	0	-1	13	-1	0	0	30	0	0	0	0	6	0	20	0	0	-1	-1
c9754	-1	11	26	0	0	0	37	-1	36	12	0	0	31	36	13	0	-1	50	37	13	-1	-1	0	6	-1	-1	0	-1	-1	39
c9758	7	11	0	0	39	0	-1	-1	0	0	0	29	22	36	13	33	0	0	0	12	0	-1	0	6	-1	0	-1	0	37	12
c9762	-1	11	0	-1	0	0	12	0	0	0	48	-1	0	36	13	33	31	30	30	16	0	0	0	6	-1	0	0	-1	0	-1
c9770	22	11	-1	-1	-1	-1	37	0	36	7	36	-1	0	36	13	-1	0	0	37	0	18	-1	0	-1	0	0	0	0	-1	39
c9775	0	-1	26	0	-1	-1	37	0	36	0	7	-1	0	36	-1	0	0	-1	37	0	18	-1	0	6	0	0	47	0	-1	-1
c9820	27	11	26	0	-1	0	0	-1	0	0	0	0	0	36	-1	0	-1	-1	0	38	0	35	-1	6	0	0	-1	-1	0	10
c9872	0	11	0	-1	0	47	0	0	0	0	-1	0	0	36	-1	-1	39	0	35	7	0	0	39	6	-1	0	0	0	0	0
c9891	0	11	26	0	0	-1	37	0	0	-1	33	9	0	-1	13	12	0	0	0	0	0	-1	0	6	0	24	0	0	-1	0
c9922	0	11	26	-1	0	0	0	45	0	-1	35	15	-1	36	-1	0	0	31	7	-1	-1	17	0	6	-1	0	0	49	0	0
c9967	0	11	-1	0	48	31	0	22	19	-1	0	0	-1	36	13	33	-1	0	30	16	-1	0	0	6	0	-1	0	0	-1	0
c9979	-1	-1	0	12	0	-1	12	39	-1	0	-1	-1	39	36	13	33	31	0	-1	16	0	-1	0	6	-1	0	0	-1	0	0
c9996	0	11	0	0	0	0	-1	14	0	0	0	29	0	36	13	33	0	-1	-1	0	-1	48	-1	6	0	15	0	0	7	-1
c10023	0	-1	26	-1	0	0	-1	-1	0	0	0	0	-1	36	13	0	0	0	7	-1	-1	0	0	6	0	-1	0	49	0	37
c10056	0	11	-1	35	0	-1	39	-1	0	0	0	0	-1	36	13	39	0	0	7	50	0	17	0	6	29	0	-1	49	0	0
c10061	0	11	26	0	0	0	32	0	37	0	0	-1	-1	36	13	0	0	0	-1	0	7	0	-1	6	-1	0	-1	0	-1	0
c10113	37	-1	26	0	0	-1	0	0	0	0	35	0	0	36	13	0	0	0	7	-1	0	17	0	6	0	0	30	49	38	-1
c10158	0	11	0	0	-1	0	-1	0	12	0	31	39	-1	36	13	33	-1	0	30	16	0	0	-1	-1	0	-1	37	-1	0	35
c10186	0	11	26	-1	0	0	-1	0	0	0	0	-1	-1	36	13	9	36	0	0	0	22	-1	-1	6	0	0	-1	0	37	48
c10199	27	11	26	0	37	0	0	0	36	0	10	-1	0	36	13	0	0	22	7	0	36	-1	12	6	0	0	-1	49	0	0
c10219	39	11	-1	0	48	-1	-1	0	10	-1	0	0	0	36	13	33	0	39	30	16	0	22	-1	6	0	0	0	-1	7	-1
c10261	10	-1	0	-1	0	15	-1	0	0	31	0	0	0	36	13	-1	0	0	-1	16	0	7	-1	6	0	0	0	-1	0	0
c10296	10	11	-1	-1	-1	15	-1	49	0	36	0	0	29	36	13	-1	0	0	30	16	0	7	-1	-1	0	0	0	0	0	-1
c10313	35	-1	-1	0	10	0	38	36	0	0	0	0	0	36	13	33	0	0	35	-1	0	0	35	6	0	0	0	0	0	0
c10315	0	11	0	27	15	50	0	0	0	0	31	39	0	-1	13	33	0	0	30	-1	0	-1	0	6	0	0	37	38	0	-1
c10365	-1	11	-1	0	15	-1	0	-1	0	6	31	39	0	36	13	33	0	0	30	16	0	0	45	6	0	-1	0	0	0	0
c10369	0	11	0	-1	48	0	0	0	24	-1	0	0	0	36	13	-1	0	0	30	16	0	0	36	6	-1	-1	-1	-1	0	-1
c10389	0	11	0	0	48	-1	-1	22	0	0	0	7	0	36	13	33	0	0	30	16	0	-1	38	6	0	0	36	0	0	0
c10415	49	11	-1	0	7	37	37	0	15	0	33	0	0	36	-1	37	0	0	24	0	0	31	0	6	36	0	26	0	-1	0
c10436	0	11	26	0	0	0	9	0	36	36	0	0	0	36	13	0	0	0	-1	0	-1	-1	0	6	0	0	0	49	0	0
c10458	-1	11	-1	0	15	50	-1	-1	0	0	31	39	0	36	13	33	0	0	-1	16	0	0	0	-1	-1	0	37	38	-1	0
c10459	0	-1	-1	-1	-1	50	-1	0	0	0	31	-1	0	36	13	33	0	0	30	16	0	0	-1	-1	0	0	-1	38	0	0
c10481	-1	11	-1	0	-1	0	0	0	0	-1	31	39	0	36	13	33	0	0	30	16	-1	0	0	-1	0	0	37	38	0	48
c10496	10	-1	0	7	0	15	-1	0	-1	-1	0	0	-1	-1	13	-1	0	11	-1	16	0	7	-1	6	-1	0	-1	0	-1	0
c10506	-1	11	-1	0	-1	20	0	-1	-1	0	0	0	-1	36	13	0	0	37	37	0	0	27	31	6	0	0	37	-1	0	0
c10519	0	-1	0	-1	-1	-1	0	0	0	-1	-1	39	0	36	-1	33	0	0	30	-1	-1	0	0	6	0	22	0	0	0	0
c10550	0	11	-1	35	48	31	-1	0	0	-1	0	37	0	-1	13	39	0	0	7	35	0	17	0	6	0	-1	13	49	-1	0
c10558	0	11	26	0	48	0	0	-1	36	0	36	0	0	36	13	0	0	47	-1	-1	0	-1	12	6	0	0	-1	49	0	0
c10561	0	11	26	0	-1	0	0	0	0	-1	0	0	0	36	-1	-1	0	-1	-1	-1	-1	0	0	6	0	0	37	-1	0	0
c10585	0	-1	26	0	20	24	37	31	0	0	33	39	0	36	13	0	0	15	-1	-1	0	31	0	6	38	24	-1	0	-1	15
c10648	0	11	-1	35	-1	0	39	0	0	-1	0	0	0	36	13	39	0	0	7	-1	0	-1	0	6	-1	0	13	49	0	0
c10655	0	11	-1	0	-1	0	0	0	0	-1	-1	0	30	36	13	0	22	0	7	0	7	0	37	6	0	30	0	-1	0	-1
c10677	10	11	0	0	0	15	-1	0	-1	0	-1	0	36	36	13	-1	0	0	30	16	0	7	-1	6	0	-1	31	0	0	0
c10690	0	11	-1	0	-1	-1	-1	0	36	35	0	37	0	36	13	0	0	-1	-1	-1	0	-1	0	6	0	0	31	-1	-1	39
c10694	0	11	26	-1	0	-1	-1	-1	7	0	-1	0	0	36	13	35	0	29	7	0	-1	31	39	-1	0	24	12	0	-1	0
c10768	35	11	-1	0	20	-1	37	0	0	-1	-1	26	13	36	13	0	30	-1	0	0	-1	31	0	6	-1	24	0	-1	-1	0
c10786	0	11	0	0	0	-1	0	0	-1	-1	-1	36	0	36	13	33	-1	0	30	16	-1	0	0	6	13	0	0	-1	0	0
c10787	0	11	0	-1	0	0	0	-1	0	1	48	36	0	36	13	-1	31	0	30	16	-1	-1	0	6	13	0	0	-1	0	0
c10827	10	-1	-1	0	0	15	-1	-1	0	-1	0	0	-1	-1	13	-1	0	0	30	-1	0	-1	-1	6	0	0	0	0	0	0
c10843	36	11	-1	0	0	-1	-1	0	36	35	0	37	0	36	-1	0	0	0	37	0	-1	-1	0	6	0	0	31	24	-1	39
c10908	-1	11	26	0	-1	24	37	0	0	0	33	0	0	36	13	0	0	0	-1	15	30	31	0	-1	-1	24	0	0	-1	-1
c10979	0	11	26	0	0	-1	47	36	0	-1	-1	-1	-1	36	13	-1	-1	0	0	0	0	0	7	6	0	12	-1	35	0	-1
c10994	30	11	26	-1	0	36	9	0	36	36	-1	0	0	36	13	-1	9	0	-1	-1	-1	-1	0	-1	10	0	0	49	0	0
c11016	0	11	20	0	39	0	22	48	-1	0	0	29	-1	36	13	-1	0	0	0	12	0	-1	0	6	0	0	0	-1	-1	12
c11064	0	-1	26	-1	0	24	37	39	0	0	33	0	-1	36	13	0	0	0	0	0	-1	31	11	6	0	-1	0	0	-1	0
c11104	0	-1	26	13	0	4	-1	0	-1	0	0	0	36	36	13	0	0	0	36	-1	0	0	15	6	0	-1	0	0	31	0
c11111	39	11	26	35	0	0	39	11	12	-1	7	0	0	36	13	0	19	0	7	37	0	17	0	6	0	0	13	-1	0	-1
c11115	48	11	35	13	0	35	36	37	-1	0	-1	29	0	36	13	33	0	0	0	0	0	-1	-1	6	-1	-1	0	0	0	9
c11128	0	11	0	0	0	-1	36	0	0	0	0	0	0	36	-1	33	0	0	30	-1	0	-1	-1	6	0	0	0	-1	0	0
c11185	0	11	-1	0	0	0	36	0	30	0	0	29	-1	36	13	-1	22	0	-1	0	0	0	50	6	-1	50	0	0	0	9
c11217	39	11	0	0	48	-1	0	22	0	0	-1	0	-1	36	13	33	-1	0	30	16	0	0	36	6	-1	22	0	0	0	26
c11230	24	11	31	26	15	0	-1	-1	0	0	31	39	-1	36	-1	33	0	0	30	16	0	35	-1	6	12	0	0	0	0	0
c11234	0	11	26	0	0	28	0	39	-1	0	-1	0	0	36	13	35	0	0	35	38	0	0	48	-1	0	0	37	-1	0	-1
c11242	0	11	26	0	-1	-1	37	39	36	0	0	-1	0	36	13	0	-1	-1	37	-1	18	-1	0	-1	0	0	0	0	-1	39
c11271	0	11	49	0	-1	0	0	-1	36	0	-1	-1	0	36	13	33	13	-1	35	-1	0	-1	0	6	-1	0	0	0	-1	0
c11282	0	11	26	0	-1	0	37	0	36	0	0	-1	0	36	13	0	6	0	-1	0	-1	-1	0	-1	0	0	-1	0	-1	-1
c11376	0	11	26	0	-1	0	-1	33	0	0	33	0	13	36	13	0	0	0	24	0	0	31	37	6	-1	0	13	0	-1	0
c11391	0	11	-1	0	0	11	0	35	-1	-1	-1	0	-1	-1	13	-1	-1	0	0	0	0	0	-1	-1	0	-1	37	0	0	29
c11397	0	11	26	0	0	0	0	37	36	0	-1	-1	0	-1	-1	-1	-1	0	7	0	-1	-1	0	6	0	0	0	49	0	-1
c11431	0	-1	0	22	0	0	2	0	0	0	48	0	-1	36	13	33	31	0	30	16	45	0	0	6	0	0	0	-1	0	0
c11434	0	11	0	0	-1	-1	-1	0	0	-1	-1	0	-1	-1	13	33	-1	48	35	16	0	-1	12	6	0	0	47	0	0	-1
c11447	0	11	35	0	0	15	0	33	0	0	0	0	0	36	13	33	0	0	-1	16	0	0	-1	6	0	0	-1	35	0	35
c11456	-1	11	26	0	-1	0	37	13	-1	-1	33	0	0	36	13	0	0	0	45	0	0	31	26	6	-1	0	-1	12	-1	0
c11463	0	11	0	-1	0	-1	-1	0	0	0	0	39	-1	36	-1	33	0	0	-1	0	0	0	9	6	-1	-1	0	0	-1	0
c11468	7	11	0	35	0	-1	0	-1	0	0	-1	0	0	36	13	33	39	0	35	0	-1	-1	24	6	-1	0	0	0	39	0
c11478	7	-1	0	35	-1	0	0	-1	0	0	-1	0	0	-1	-1	33	39	0	35	0	0	-1	24	-1	-1	0	0	-1	0	0
c11513	0	11	26	0	-1	7	11	37	36	0	0	-1	0	36	-1	0	0	0	-1	6	0	-1	0	-1	29	0	-1	49	0	35
c11553	-1	11	-1	0	-1	-1	-1	0	0	0	-1	0	-1	36	13	-1	0	50	30	-1	0	7	-1	6	37	-1	0	0	0	0
c11556	0	11	0	-1	15	0	0	0	-1	-1	31	39	0	-1	13	33	0	0	-1	16	-1	0	0	6	0	0	-1	0	0	0
c11603	0	11	-1	0	-1	0	30	37	36	0	-1	0	0	36	13	0	-1	36	7	0	-1	-1	0	6	0	0	0	49	-1	-1
c11609	0	11	26	0	-1	-1	9	0	36	36	0	-1	-1	36	13	0	0	0	-1	48	-1	-1	35	-1	0	0	0	-1	0	45
c11621	-1	11	13	0	-1	13	0	0	39	0	-1	-1	0	36	13	-1	31	0	-1	16	0	0	-1	6	0	-1	11	-1	29	0
c11633	0	11	28	0	15	0	-1	0	13	0	31	39	0	36	13	33	0	-1	30	-1	0	0	0	6	0	37	13	0	-1	33
c11654	37	11	26	0	0	0	37	0	0	0	-1	0	0	36	13	38	-1	0	24	-1	0	31	41	6	0	0	-1	0	-1	0
c11681	0	11	0	31	0	35	-1	0	37	0	-1	11	0	36	13	33	0	0	30	16	0	0	26	6	0	0	0	0	12	-1
c11690	0	11	0	0	7	37	36	0	27	-1	0	29	0	36	13	33	0	0	0	0	22	0	0	6	0	20	-1	0	-1	9
c11691	30	11	0	0	7	37	-1	0	27	-1	0	-1	-1	36	13	33	-1	0	0	0	22	0	0	6	-1	20	0	0	-1	9
c11692	0	11	26	0	-1	0	37	0	36	0	-1	-1	0	-1	13	0	0	0	37	0	18	-1	-1	6	35	0	0	0	-1	39
c11710	-1	11	26	-1	-1	0	-1	-1	36	-1	0	-1	37	36	-1	0	-1	0	37	0	18	-1	0	6	0	0	20	-1	-1	-1
c11723	0	11	-1	0	0	0	37	33	0	0	33	0	-1	-1	13	0	0	6	24	0	0	31	37	-1	36	0	-1	0	-1	0
c11734	-1	-1	0	-1	22	0	0	48	0	0	27	0	45	36	13	33	0	0	-1	16	0	-1	0	6	-1	38	-1	0	35	-1
c11735	0	-1	0	0	-1	0	0	-1	0	0	27	-1	45	36	13	33	0	0	-1	16	0	0	0	6	18	38	-1	-1	35	6
c11737	-1	11	26	0	0	4	0	0	-1	-1	-1	-1	-1	-1	-1	0	0	-1	0	-1	39	0	0	6	-1	-1	36	0	0	-1
c11748	30	11	26	7	0	24	37	0	0	0	-1	0	0	36	13	13	48	0	0	15	-1	31	0	6	0	24	0	0	-1	49
c11760	0	11	26	0	0	0	0	0	0	-1	0	38	-1	-1	13	0	0	0	0	-1	0	0	-1	-1	-1	0	-1	31	0	0
c11776	0	11	-1	0	0	39	36	0	-1	-1	-1	-1	0	36	-1	-1	-1	0	0	-1	0	0	30	6	0	50	0	0	30	9
c11796	0	11	0	-1	-1	0	36	0	0	-1	0	-1	0	36	13	-1	0	0	-1	0	0	0	0	-1	0	0	0	0	7	0
c11801	0	11	0	7	0	0	30	22	0	-1	48	-1	-1	36	-1	33	-1	0	-1	16	0	0	0	6	0	0	0	-1	-1	0
c11810	0	-1	0	-1	22	47	-1	48	0	0	27	-1	45	36	13	33	0	48	-1	16	0	0	-1	6	18	0	-1	-1	35	6
c11811	0	-1	0	0	22	-1	0	-1	0	0	27	-1	45	36	13	33	0	0	-1	-1	0	-1	26	6	-1	0	-1	0	35	6
c11843	0	11	26	0	0	0	-1	0	36	35	0	37	0	36	13	0	0	0	-1	9	0	-1	30	6	0	0	31	0	-1	39
c11874	48	11	26	0	0	0	9	0	10	0	-1	0	0	36	13	-1	-1	-1	7	39	47	35	36	6	37	0	39	-1	0	37
c11876	-1	11	-1	0	0	12	0	37	36	35	0	0	-1	36	13	0	0	0	7	0	-1	-1	-1	6	0	0	36	49	0	0
c11880	0	11	0	0	48	0	0	0	0	39	0	-1	0	36	13	33	-1	0	30	16	0	0	24	6	0	0	22	0	7	-1
c11900	0	-1	0	0	22	0	-1	48	0	0	-1	-1	45	36	13	33	0	21	-1	16	27	0	0	6	18	0	-1	0	35	6
c11901	0	-1	0	-1	-1	0	0	48	0	0	27	-1	-1	36	13	33	0	21	-1	16	27	-1	0	6	18	0	-1	0	35	6
c11919	-1	11	0	0	0	0	36	0	-1	0	0	29	0	36	-1	33	0	0	0	0	0	0	0	-1	0	20	0	0	0	9
c11983	0	11	26	33	22	22	37	0	0	7	33	0	0	36	13	22	-1	0	-1	0	0	-1	-1	-1	0	24	34	-1	-1	0
c11985	0	11	26	-1	0	0	-1	-1	36	35	0	37	0	36	-1	28	35	0	-1	0	-1	-1	48	6	0	0	31	0	-1	39
c11993	0	11	0	0	0	0	0	-1	-1	0	-1	-1	0	36	13	33	0	0	35	0	0	0	-1	-1	-1	29	0	31	0	0
c11997	0	-1	26	-1	-1	-1	0	0	0	7	0	0	0	36	13	0	0	-1	0	0	30	0	0	6	0	0	0	8	0	0
c12015	0	-1	-1	0	-1	26	0	0	41	0	0	-1	0	36	13	33	7	0	30	16	36	0	0	6	-1	0	-1	-1	0	-1
c12024	0	11	-1	0	0	0	-1	0	0	0	33	0	0	-1	13	0	0	0	24	0	30	31	0	6	6	-1	0	0	-1	0
c12034	24	11	0	-1	15	0	0	0	0	24	31	39	0	36	13	33	0	-1	-1	16	35	35	0	6	7	7	0	-1	0	-1
c12057	-1	11	30	0	-1	0	0	0	0	0	31	39	0	36	13	33	-1	39	30	16	0	0	0	6	0	0	-1	7	20	-1
c12061	39	11	0	0	15	6	0	1	0	-1	-1	-1	0	36	13	-1	0	0	-1	16	0	0	-1	6	0	0	0	0	0	0
c12064	0	11	26	0	37	0	37	0	36	-1	0	0	0	36	13	-1	28	12	37	0	0	-1	48	-1	0	0	36	0	-1	39
c12068	6	11	20	0	15	50	0	-1	-1	0	31	39	0	36	13	33	0	0	-1	16	-1	-1	0	6	0	0	37	38	0	0
c12078	0	11	20	-1	39	0	7	-1	0	0	-1	29	-1	36	13	33	0	0	-1	12	-1	-1	0	6	29	0	0	0	-1	12
c12094	-1	11	26	-1	-1	0	37	48	-1	39	0	12	37	36	13	-1	28	0	-1	49	-1	-1	-1	-1	7	0	0	0	-1	-1
c12105	0	-1	26	0	0	0	47	36	-1	0	0	-1	-1	36	13	0	0	0	0	0	0	0	-1	6	-1	12	-1	-1	0	0
c12122	0	11	26	0	27	-1	37	-1	0	-1	33	0	0	-1	13	0	0	-1	24	0	30	-1	0	6	0	-1	22	0	-1	0
c12133	-1	11	0	0	0	40	0	-1	-1	0	-1	46	0	-1	13	33	-1	0	30	16	0	-1	-1	6	0	0	0	-1	9	0
c12136	0	-1	0	-1	22	0	0	48	0	0	27	-1	45	36	13	-1	-1	0	-1	16	0	-1	0	-1	18	0	-1	-1	-1	6
c12137	0	-1	0	0	22	0	-1	48	0	0	27	-1	45	36	-1	33	0	0	-1	16	0	0	0	-1	18	0	-1	-1	35	6
c12143	8	11	26	0	0	37	37	0	-1	0	33	0	0	-1	13	0	0	0	24	-1	-1	31	46	6	36	-1	12	0	-1	36
c12175	12	11	26	-1	-1	-1	37	0	-1	0	0	-1	0	-1	13	0	35	0	37	0	18	-1	-1	-1	-1	0	0	0	-1	39
c12186	2	11	26	0	0	4	0	0	0	0	0	-1	0	-1	13	0	-1	37	0	0	38	-1	0	-1	0	0	0	-1	0	0
c12205	0	11	39	7	0	-1	0	22	-1	-1	48	0	0	36	13	33	-1	0	30	16	0	0	0	6	22	0	0	-1	0	-1
c12212	0	11	26	-1	-1	48	37	0	36	30	0	-1	0	-1	13	0	-1	0	-1	0	18	-1	0	6	-1	6	20	15	-1	39
c12234	0	11	0	0	-1	0	36	0	0	-1	0	29	0	-1	13	33	0	-1	-1	-1	-1	0	0	6	-1	35	0	-1	7	-1
c12264	-1	-1	49	0	45	0	0	-1	-1	0	-1	-1	-1	36	13	-1	13	-1	35	16	0	-1	0	6	0	-1	-1	0	0	0
c12266	0	11	-1	0	48	0	0	-1	28	0	0	36	-1	36	13	-1	0	0	0	0	0	-1	12	-1	-1	0	-1	0	0	-1
c12277	0	11	26	0	0	0	37	0	36	12	0	0	31	36	13	-1	-1	-1	37	13	-1	-1	0	6	0	0	0	0	-1	39
c12290	10	11	-1	-1	0	24	37	0	-1	0	33	-1	0	36	13	0	48	0	35	15	30	31	0	6	0	24	0	-1	-1	0
c12292	10	11	0	0	0	15	-1	0	0	0	-1	37	-1	-1	13	-1	0	0	-1	-1	0	7	-1	6	0	-1	0	0	-1	0
c12327	0	11	-1	-1	-1	0	-1	12	36	0	0	-1	0	-1	13	0	0	0	37	0	18	-1	-1	6	-1	39	0	0	-1	39
c12332	0	11	0	0	15	0	0	0	0	0	-1	39	0	36	13	-1	-1	0	30	16	0	31	0	-1	0	0	37	38	0	0
c12340	0	-1	-1	36	0	0	37	-1	36	0	0	0	0	-1	13	0	-1	0	37	-1	-1	-1	-1	6	7	0	0	0	-1	39
c12347	0	-1	26	-1	7	0	37	0	0	0	33	0	0	36	13	0	7	0	0	-1	0	31	0	6	0	-1	0	1	-1	39
c12352	0	11	0	-1	0	-1	-1	0	-1	0	0	29	0	36	13	33	0	-1	30	0	-1	0	0	6	-1	20	0	-1	-1	9
c12391	0	11	26	-1	-1	12	37	0	-1	0	-1	-1	12	36	13	18	0	0	-1	0	18	-1	-1	6	0	0	0	39	-1	39
c12392	0	11	26	0	-1	0	-1	-1	36	0	0	-1	-1	36	13	-1	0	0	37	0	18	-1	-1	6	0	0	0	0	-1	39
c12404	39	11	0	0	15	-1	0	0	0	0	31	39	33	36	-1	-1	0	35	30	16	0	0	0	-1	0	0	0	0	0	-1
c12437	-1	-1	17	0	0	0	-1	-1	0	0	27	0	0	36	13	33	-1	0	-1	16	0	0	-1	6	18	0	-1	0	35	-1
c12483	0	11	26	0	0	0	37	0	-1	29	33	0	0	36	13	0	-1	-1	0	22	0	-1	0	-1	0	24	0	0	-1	-1
c12493	10	-1	0	0	0	15	-1	-1	36	0	-1	0	0	36	13	-1	0	0	30	-1	0	7	-1	6	-1	0	0	30	0	-1
c12517	-1	11	28	0	-1	0	-1	0	-1	0	31	39	0	36	-1	33	0	0	30	-1	-1	0	0	-1	0	0	7	0	0	33
c12518	0	11	26	0	20	-1	37	0	0	0	33	0	0	36	-1	0	0	-1	0	0	0	31	0	6	38	24	-1	0	-1	0
c12582	0	11	-1	0	15	0	0	35	0	0	31	39	-1	36	13	33	36	0	30	-1	0	-1	-1	-1	0	12	37	38	-1	0
c12593	48	11	35	13	-1	35	36	37	0	0	0	29	0	36	13	33	-1	0	0	-1	0	0	0	6	24	50	0	0	0	-1
c12612	0	11	26	-1	0	0	37	-1	36	12	0	0	31	36	-1	0	0	-1	37	13	0	-1	0	6	0	-1	0	0	-1	39
c12613	0	11	26	0	0	0	37	-1	-1	12	0	0	31	36	13	0	0	-1	37	-1	0	-1	-1	6	-1	0	-1	0	-1	39
c12624	-1	-1	26	0	0	0	0	39	-1	13	0	0	-1	36	13	0	0	0	0	38	-1	0	0	-1	0	31	37	-1	0	-1
c12628	-1	-1	-1	26	15	0	-1	0	13	0	31	39	0	-1	13	33	0	18	-1	16	0	35	0	6	48	0	0	0	26	-1
c12630	35	11	26	20	0	0	-1	0	36	-1	0	37	-1	36	-1	0	-1	0	37	0	36	-1	0	6	0	-1	31	0	-1	39
c12631	-1	-1	26	20	0	0	-1	0	-1	35	0	37	-1	36	13	0	-1	0	37	0	-1	-1	0	6	0	0	-1	0	-1	39
c12639	-1	11	26	0	0	4	0	48	0	0	0	0	0	36	-1	0	-1	6	-1	11	0	0	0	6	0	0	-1	0	0	0
c12686	0	-1	0	-1	-1	0	36	0	0	0	-1	29	45	36	13	-1	-1	0	0	41	17	0	0	6	0	0	-1	35	7	0
c12707	-1	11	26	-1	-1	0	9	0	36	-1	0	0	-1	36	13	0	0	-1	7	0	-1	-1	0	6	-1	0	0	49	0	0
c12758	0	11	-1	0	-1	0	0	0	0	0	37	0	0	36	13	0	0	-1	7	0	-1	0	-1	6	0	28	-1	49	0	37
c12759	0	11	26	0	0	0	0	0	0	-1	0	0	0	36	13	0	30	0	7	-1	-1	0	0	6	0	28	0	49	-1	37
c12767	0	11	-1	0	45	0	10	9	36	0	-1	0	0	-1	13	33	-1	-1	35	16	0	-1	0	6	0	0	0	0	0	-1
c12768	0	11	-1	0	0	-1	37	0	0	0	33	0	36	36	13	0	0	0	24	-1	-1	31	0	6	36	0	0	0	-1	36
c12773	0	11	26	0	0	0	37	0	0	0	-1	0	0	36	13	0	0	-1	24	0	0	31	0	-1	36	0	0	22	-1	0
c12782	0	-1	0	0	-1	15	-1	0	0	35	0	0	-1	36	13	33	0	-1	30	16	0	-1	-1	6	0	0	0	9	35	0
c12787	-1	-1	26	0	0	0	37	0	36	-1	0	-1	31	36	13	0	0	50	37	13	45	-1	30	-1	36	0	0	-1	-1	39
c12791	-1	11	26	35	-1	-1	39	0	0	0	0	37	0	36	13	39	0	0	7	0	0	17	37	6	24	-1	13	-1	9	0
c12807	-1	-1	26	0	0	9	0	37	36	0	0	0	0	36	13	-1	0	0	7	0	-1	-1	35	6	48	-1	36	49	0	0
c12834	0	11	0	35	0	-1	0	-1	0	39	-1	-1	-1	36	-1	33	39	-1	35	36	0	-1	24	6	0	0	0	0	0	0
c12870	0	-1	-1	20	20	24	37	0	0	0	33	0	0	36	13	0	0	15	0	0	19	31	0	6	38	-1	-1	0	-1	15
c12879	0	-1	0	0	0	39	36	0	-1	-1	0	29	-1	36	13	-1	0	0	-1	0	0	0	30	-1	0	50	0	-1	30	9
c12924	0	-1	0	0	22	-1	20	48	0	0	27	0	45	36	13	33	0	0	-1	16	-1	0	0	6	-1	39	-1	3	35	6
c12938	-1	11	26	22	0	-1	0	12	0	0	-1	0	-1	-1	13	0	20	0	-1	0	30	0	0	-1	0	0	-1	0	35	0
c12987	39	11	26	0	39	0	-1	-1	-1	0	33	-1	-1	36	13	0	-1	-1	0	45	0	-1	-1	6	0	24	26	0	-1	-1
c12990	0	11	0	-1	0	0	36	0	-1	31	0	29	-1	36	-1	33	-1	0	0	0	0	0	0	6	0	50	-1	-1	0	9
c12993	-1	11	26	0	0	0	37	0	20	0	33	0	0	-1	13	0	0	0	24	0	-1	-1	0	6	0	-1	28	0	-1	0
c13012	30	11	26	0	0	0	0	0	-1	37	0	0	-1	36	-1	0	0	0	0	0	0	0	0	6	0	-1	-1	0	0	37
c13017	0	11	26	0	0	39	-1	0	37	-1	0	0	-1	36	-1	0	0	0	22	-1	-1	-1	0	6	-1	0	-1	0	37	48
c13038	-1	11	37	-1	15	0	0	44	0	0	31	39	0	36	13	-1	-1	-1	-1	16	0	-1	0	6	0	0	36	0	-1	-1
c13061	0	11	26	35	0	-1	39	0	-1	0	0	37	0	36	13	-1	0	-1	7	0	0	-1	0	6	-1	-1	-1	49	7	0
c13085	0	11	26	0	0	4	0	0	0	7	0	0	0	36	13	0	-1	-1	0	0	30	0	22	6	0	0	0	8	0	0
c13112	36	-1	26	0	0	0	-1	0	-1	35	-1	37	0	36	13	0	0	0	37	0	-1	-1	0	6	0	0	31	-1	-1	39
c13115	13	-1	0	0	0	0	-1	0	0	0	-1	-1	0	36	13	33	0	0	0	0	0	0	0	6	31	0	37	-1	7	0
c13129	-1	11	-1	-1	0	24	37	0	0	-1	33	0	0	36	13	36	0	0	0	15	30	31	0	6	22	24	-1	0	-1	-1
c13174	0	11	0	-1	0	-1	-1	36	0	0	0	0	0	-1	13	33	0	0	30	16	0	-1	0	6	0	-1	0	0	-1	-1
c13177	0	11	26	0	36	-1	37	-1	0	0	33	0	0	-1	13	0	-1	0	0	0	0	31	9	6	0	0	0	0	-1	0
c13198	0	11	26	0	0	0	37	0	0	0	33	-1	0	36	-1	0	-1	-1	24	0	30	31	0	6	0	0	0	0	-1	0
c13206	0	11	0	-1	0	0	-1	-1	-1	0	-1	-1	0	36	13	33	0	0	6	0	0	0	30	6	-1	50	0	0	0	9
c13229	0	11	-1	0	-1	0	-1	0	13	30	0	0	0	36	13	0	0	-1	37	-1	0	-1	7	6	0	0	37	-1	0	0
c13231	0	11	0	7	0	0	0	49	-1	0	48	0	-1	36	13	33	31	-1	30	16	0	0	0	6	0	0	0	-1	0	-1
c13232	0	11	0	35	48	22	0	0	0	-1	0	38	0	-1	13	33	0	0	30	16	30	-1	-1	6	0	-1	0	0	0	0
c13254	-1	11	0	0	15	35	0	0	12	0	31	39	0	36	13	33	-1	0	30	16	-1	0	-1	6	0	-1	-1	38	-1	35
c13270	0	11	0	7	0	36	-1	0	0	-1	-1	0	0	-1	13	-1	31	0	30	16	0	0	0	6	0	-1	0	-1	0	33
c13282	0	-1	26	-1	0	-1	37	0	36	12	0	35	31	36	13	0	0	-1	37	13	45	-1	-1	6	36	-1	0	-1	-1	39
c13310	-1	11	26	-1	36	15	0	0	0	-1	0	36	-1	36	13	0	0	-1	0	-1	0	-1	0	6	0	7	-1	0	0	48
c13342	0	11	0	0	18	0	0	44	0	39	0	-1	0	-1	13	33	-1	0	30	16	0	0	30	6	0	-1	0	-1	0	0
c13343	0	11	0	0	-1	0	0	44	0	39	0	0	0	36	-1	33	0	0	30	16	0	0	30	6	-1	0	0	0	0	0
c13376	0	11	-1	45	18	0	0	0	0	39	0	0	-1	-1	13	33	0	0	30	16	-1	0	30	6	0	-1	0	0	0	0
c13399	22	11	-1	0	0	4	-1	0	0	-1	0	0	0	36	13	0	-1	0	0	0	0	24	0	-1	31	-1	0	30	0	0
c13404	-1	11	26	37	0	22	37	0	36	12	0	0	31	36	-1	0	0	50	37	13	30	-1	47	6	0	0	-1	0	-1	39
c13410	0	11	0	0	0	0	36	1	0	0	0	29	-1	36	13	33	0	0	0	0	0	0	-1	6	0	20	0	-1	-1	9
c13411	0	11	-1	0	0	-1	36	1	-1	-1	0	29	0	36	13	33	0	0	-1	0	0	0	0	6	0	20	0	0	-1	9
c13413	24	11	-1	-1	-1	0	0	0	0	0	-1	39	0	36	13	33	22	0	30	16	30	35	-1	6	-1	42	0	-1	50	0
c13441	0	11	-1	0	0	0	-1	-1	36	0	36	0	40	36	13	-1	0	39	-1	0	0	-1	48	6	0	0	-1	49	0	0
c13457	0	-1	0	-1	22	0	37	48	0	0	27	-1	45	36	13	33	31	0	-1	16	0	0	37	6	-1	0	-1	0	35	6
c13465	0	11	-1	0	39	0	22	-1	0	0	0	29	0	36	-1	33	-1	12	36	12	24	7	0	-1	-1	0	-1	0	-1	12
c13472	41	11	26	0	0	0	-1	-1	0	-1	-1	0	0	36	13	-1	0	6	0	0	0	-1	-1	6	-1	24	0	0	-1	-1
c13476	0	-1	26	-1	36	36	0	0	0	0	0	-1	0	36	13	0	-1	-1	-1	27	-1	37	0	-1	48	2	-1	49	39	37
c13492	0	-1	0	0	0	0	36	0	-1	0	0	29	-1	36	-1	33	-1	0	-1	0	0	0	30	6	0	50	0	0	0	9
c13503	0	11	26	0	0	-1	37	0	0	0	33	0	0	-1	13	24	48	-1	-1	-1	30	-1	0	-1	20	24	0	0	-1	-1
c13530	30	11	26	0	-1	-1	37	0	36	0	0	-1	0	-1	13	0	0	0	-1	-1	18	-1	0	-1	-1	-1	0	0	-1	39
c13555	24	11	0	26	15	0	0	0	0	35	31	39	0	36	13	-1	-1	7	30	-1	0	-1	0	6	-1	0	39	0	0	0
c13568	0	11	26	0	9	-1	37	0	-1	0	-1	0	0	-1	-1	0	-1	0	27	0	0	31	-1	6	-1	13	0	37	-1	0
c13586	0	11	0	0	0	49	36	0	0	0	-1	29	0	36	13	33	0	0	0	0	-1	0	0	-1	0	0	0	-1	7	0
c13587	0	11	0	-1	-1	49	36	0	0	0	-1	29	0	-1	-1	33	0	0	0	-1	-1	0	-1	-1	0	36	0	-1	7	0
c13590	0	11	-1	0	0	-1	36	0	0	0	0	29	0	36	-1	-1	0	0	0	0	0	0	0	6	0	-1	0	-1	-1	9
c13603	0	11	-1	-1	0	-1	39	0	-1	0	7	0	0	36	13	0	19	0	7	37	0	17	0	-1	-1	0	13	49	-1	0
c13607	48	11	26	0	0	0	0	0	27	0	45	0	0	-1	13	47	0	0	7	0	47	0	36	6	0	0	-1	-1	0	37
c13632	-1	-1	0	-1	0	47	0	0	0	0	-1	-1	0	36	13	-1	39	0	35	0	0	0	0	6	0	-1	0	0	-1	0
c13638	-1	11	26	0	0	0	37	0	0	0	-1	-1	0	36	13	0	0	0	24	0	30	31	0	6	0	0	0	0	-1	0
c13646	36	-1	0	0	36	-1	-1	0	0	0	-1	0	0	36	13	33	10	0	-1	16	0	-1	22	6	0	0	0	-1	0	0
c13669	22	-1	0	3	-1	0	0	0	0	0	0	-1	0	36	-1	33	0	0	30	16	0	0	-1	6	0	47	0	0	0	0
c13670	0	11	0	0	0	49	36	0	0	-1	-1	29	0	36	13	33	-1	0	0	-1	0	0	0	-1	0	0	-1	-1	-1	0
c13671	-1	11	0	0	-1	49	36	-1	0	0	-1	-1	-1	36	-1	-1	0	0	0	0	0	0	-1	-1	-1	0	0	-1	7	0
c13674	-1	11	26	0	-1	0	37	-1	36	-1	0	-1	-1	36	13	0	0	0	-1	0	18	-1	0	6	0	0	-1	-1	-1	39
c13679	15	11	-1	-1	-1	0	37	0	36	-1	-1	-1	0	-1	13	-1	0	0	37	0	18	-1	-1	6	35	0	0	0	-1	39
c13700	0	-1	0	-1	0	0	-1	0	30	0	0	29	0	36	13	33	22	0	0	0	0	0	0	6	0	50	0	0	0	9
c13701	0	11	0	0	0	0	36	0	30	0	0	29	0	36	13	33	22	0	0	0	12	0	-1	-1	0	50	0	0	0	9
c13703	0	11	-1	0	-1	0	-1	9	36	-1	-1	0	0	36	13	33	-1	0	35	16	0	-1	0	6	36	39	0	0	-1	19
c13706	0	-1	0	12	-1	-1	12	-1	-1	-1	48	-1	0	36	13	33	31	30	30	16	0	0	-1	-1	-1	0	0	-1	0	-1
c13707	0	11	0	-1	-1	0	12	-1	0	0	-1	-1	0	36	13	-1	31	30	30	16	0	0	0	-1	-1	0	-1	-1	-1	0
c13716	0	11	0	0	0	0	-1	-1	0	0	0	29	0	36	13	33	0	0	-1	0	-1	0	0	6	0	20	0	0	-1	9
c13743	0	-1	26	0	0	0	-1	-1	36	35	0	37	0	36	-1	36	0	0	37	0	0	-1	30	6	0	-1	31	0	-1	39
c13759	0	11	-1	0	0	-1	0	0	0	0	0	-1	0	36	-1	0	0	0	-1	0	0	48	4	-1	0	-1	0	-1	-1	-1
c13774	36	11	0	-1	0	0	0	0	6	36	48	-1	0	36	-1	33	31	0	30	16	0	0	0	6	0	0	0	-1	0	0
c13775	36	11	0	0	-1	0	-1	0	6	36	48	0	-1	36	-1	33	31	0	30	16	-1	-1	-1	6	0	-1	0	-1	0	0
c13785	0	11	26	9	-1	0	0	12	0	0	0	0	-1	36	13	0	20	0	0	0	30	0	0	-1	0	0	-1	0	35	0
c13794	10	11	-1	0	0	15	-1	0	-1	0	0	45	0	36	13	33	0	-1	30	16	0	7	-1	6	39	0	0	0	0	0
c13813	0	-1	-1	0	0	37	37	-1	-1	0	-1	0	0	-1	-1	-1	0	0	24	-1	-1	31	28	6	36	31	0	0	-1	-1
c13826	0	11	-1	0	-1	0	45	-1	0	0	0	0	0	36	13	33	0	0	30	16	0	0	26	6	0	0	0	-1	0	0
c13853	0	11	0	0	0	0	-1	0	0	0	0	0	-1	36	-1	33	-1	0	30	-1	0	-1	7	6	31	0	-1	0	0	36
c13882	10	11	0	0	0	15	-1	0	0	0	46	0	24	36	13	33	0	35	-1	16	0	7	-1	6	0	0	13	0	0	38
c13890	-1	11	0	-1	-1	0	0	0	36	0	0	0	0	36	13	-1	9	0	30	16	-1	-1	22	6	0	0	-1	-1	0	0
c13899	0	11	-1	0	0	0	37	0	0	0	-1	0	0	36	13	0	0	0	24	0	0	-1	37	6	-1	0	7	0	-1	0
c13928	0	11	26	0	-1	-1	22	0	1	-1	0	0	-1	36	13	0	0	0	0	0	0	-1	-1	-1	0	0	-1	12	-1	0
c13930	13	11	26	0	35	0	9	-1	36	36	20	22	0	36	-1	-1	-1	0	7	0	-1	-1	-1	6	0	0	-1	-1	0	0
c13946	0	11	26	0	-1	0	-1	0	-1	0	0	0	0	-1	-1	0	0	0	7	-1	-1	0	-1	6	0	28	0	49	20	37
c13950	0	11	26	-1	-1	0	37	0	36	12	0	0	31	36	13	0	-1	50	37	13	6	-1	0	6	15	0	0	0	-1	39
c13959	10	-1	0	0	0	-1	-1	0	0	0	0	0	-1	36	13	-1	0	0	30	-1	0	7	-1	6	0	0	0	0	0	-1
c13965	0	11	26	0	-1	35	37	0	36	0	0	-1	0	36	13	0	-1	0	37	0	18	-1	0	6	12	0	0	0	-1	-1
c13973	-1	-1	17	0	0	0	-1	48	0	0	27	0	0	36	-1	-1	0	0	-1	16	0	0	-1	6	18	-1	0	0	-1	6
c13992	0	11	-1	0	-1	-1	36	0	-1	-1	0	29	0	36	13	33	0	0	0	0	0	0	30	-1	0	50	0	0	0	-1
c13993	0	-1	-1	0	0	0	36	0	-1	0	-1	-1	0	36	13	-1	-1	0	0	0	0	0	30	6	0	-1	0	-1	0	9
c14040	-1	11	-1	0	0	0	-1	0	36	35	-1	-1	0	36	-1	0	0	0	-1	9	-1	-1	-1	6	0	0	31	0	-1	39
c14099	10	-1	0	0	0	15	-1	0	36	15	7	0	31	36	13	-1	0	44	30	16	0	7	-1	6	-1	0	0	10	0	0
c14100	13	11	-1	0	0	-1	36	0	0	0	0	29	0	36	-1	33	0	-1	0	0	-1	0	0	6	12	30	0	0	7	0
c14105	-1	11	-1	0	0	0	37	33	0	0	33	0	13	36	13	0	0	0	24	0	0	31	37	6	36	-1	0	0	-1	-1
c14123	0	11	26	0	30	-1	0	37	36	0	0	0	-1	36	13	0	0	0	7	0	0	-1	0	-1	-1	-1	-1	49	0	35
c14155	0	-1	0	0	48	13	0	22	39	0	0	0	0	36	13	33	0	1	30	-1	35	0	0	6	0	0	0	0	0	0
c14166	0	11	24	27	15	50	0	0	0	0	31	39	0	-1	13	-1	0	0	30	16	0	29	0	6	-1	38	37	38	0	0
c14196	36	-1	0	-1	0	0	-1	0	0	-1	-1	0	0	-1	13	33	10	-1	35	-1	20	-1	0	6	36	-1	0	0	0	-1
c14203	37	11	26	0	0	4	-1	0	0	35	37	0	0	-1	13	0	-1	0	24	-1	0	-1	9	6	-1	0	-1	-1	0	0
c14229	10	11	35	0	0	-1	-1	-1	36	0	0	-1	0	36	13	-1	0	0	30	16	0	-1	-1	6	0	-1	0	0	0	0
c14242	0	11	-1	0	0	0	0	0	0	-1	0	0	-1	36	-1	7	0	0	0	-1	0	-1	-1	6	-1	0	37	0	-1	0
c14250	0	-1	26	-1	0	0	-1	0	0	0	0	0	-1	36	13	-1	0	0	0	0	0	0	22	-1	0	0	-1	0	0	27
c14264	-1	-1	26	0	0	0	37	0	36	12	0	0	-1	-1	13	0	0	50	-1	13	30	-1	0	6	-1	-1	0	0	-1	39
c14301	-1	11	26	20	0	-1	39	0	-1	0	0	-1	0	36	13	0	0	0	0	-1	-1	0	0	6	0	9	0	-1	-1	0
c14304	0	11	26	0	0	-1	-1	0	-1	0	-1	0	-1	36	13	0	0	-1	0	0	0	0	0	6	0	0	-1	0	0	-1
c14306	0	-1	0	0	22	0	9	48	0	0	27	-1	-1	36	13	33	0	35	-1	16	-1	-1	0	-1	18	9	-1	0	35	6
c14307	0	-1	0	0	22	0	9	48	0	0	27	-1	45	-1	13	33	0	-1	-1	16	0	0	0	-1	-1	9	-1	0	35	6
c14312	0	11	-1	0	0	0	2	0	-1	0	48	0	0	-1	13	33	-1	0	30	-1	45	30	0	6	0	0	-1	-1	0	0
c14313	0	11	0	0	-1	0	2	0	0	0	-1	0	0	36	13	33	31	0	30	16	45	30	0	6	-1	-1	0	-1	0	0
c14324	0	11	26	31	0	0	0	39	0	0	0	0	0	36	13	0	0	0	0	38	0	0	0	-1	0	0	37	-1	-1	0
c14334	0	11	26	0	0	-1	37	0	36	12	0	-1	-1	-1	13	0	36	50	37	13	6	-1	0	6	15	0	0	-1	-1	39
c14345	0	11	-1	0	-1	-1	37	24	0	-1	-1	0	0	36	13	0	0	0	0	-1	6	31	0	6	-1	7	0	0	-1	0
c14350	-1	11	0	33	0	47	-1	0	0	0	-1	0	-1	36	13	33	39	0	35	0	0	0	0	6	-1	-1	0	-1	0	-1
c14351	0	11	0	0	0	47	0	0	0	0	-1	0	0	36	-1	33	39	0	35	0	0	0	0	6	-1	-1	0	0	0	0
c14359	0	-1	26	0	0	28	0	39	0	0	-1	0	0	36	13	35	0	0	35	38	0	36	48	6	0	0	37	-1	0	0
c14361	0	11	-1	0	-1	-1	37	0	-1	-1	33	0	0	36	13	37	0	6	24	0	0	31	0	-1	36	-1	0	0	-1	0
c14404	0	11	0	12	0	-1	12	0	-1	0	48	-1	-1	-1	13	33	31	0	30	16	0	0	0	6	-1	-1	0	-1	0	0
c14410	0	11	26	0	0	0	0	0	-1	0	-1	0	30	36	13	-1	22	0	7	0	7	0	37	6	0	30	0	-1	0	37
c14411	0	11	26	-1	-1	0	0	-1	0	0	-1	0	-1	36	13	-1	22	0	7	0	7	0	37	6	0	30	-1	49	0	37
c14418	0	-1	0	0	22	0	37	48	0	0	27	-1	-1	36	13	-1	31	-1	-1	16	0	37	-1	-1	18	-1	-1	-1	35	6
c14419	0	-1	0	0	22	0	-1	48	-1	0	27	-1	45	36	13	33	-1	0	-1	16	0	0	0	-1	18	0	-1	0	-1	6
c14423	10	11	26	0	0	0	37	-1	-1	36	-1	0	-1	-1	13	39	35	0	11	0	36	-1	0	6	0	24	0	30	-1	0
c14443	0	-1	26	0	20	24	-1	48	0	0	-1	0	-1	36	13	-1	-1	36	0	-1	0	31	1	6	-1	24	0	0	-1	-1
c14466	0	11	0	-1	0	36	-1	0	0	-1	-1	0	0	36	-1	33	31	0	30	16	0	0	0	-1	0	0	0	-1	0	33
c14467	0	11	0	7	0	36	-1	0	0	0	48	0	-1	36	13	33	31	-1	-1	16	0	0	0	6	0	0	0	-1	0	33
c14474	0	11	-1	0	0	0	36	0	0	0	-1	29	0	36	13	33	0	0	30	-1	0	0	-1	6	0	20	0	0	-1	9
c14481	0	11	0	0	-1	-1	0	35	0	-1	-1	39	0	36	13	33	0	0	30	16	-1	0	0	6	0	12	-1	38	0	0
c14492	0	-1	-1	0	0	0	36	0	0	0	0	-1	0	-1	13	33	0	-1	0	0	0	0	0	6	0	0	0	0	-1	0
c14493	0	11	-1	0	0	0	36	0	0	0	0	29	0	36	-1	33	0	-1	0	0	0	0	-1	6	0	0	0	0	7	0
c14512	48	11	26	0	0	0	9	0	10	0	-1	-1	0	36	13	47	0	0	7	0	47	-1	36	6	0	0	39	49	0	-1
c14529	0	11	26	36	0	-1	37	0	0	0	33	0	0	36	13	0	0	24	0	15	30	31	0	6	0	24	0	0	-1	0
c14549	0	11	-1	-1	31	-1	37	-1	0	0	33	0	13	36	13	0	0	36	24	0	0	-1	37	6	36	0	0	0	-1	0
c14561	0	-1	-1	0	27	30	-1	-1	36	-1	0	-1	31	36	13	0	0	50	37	13	36	-1	0	6	0	0	0	0	-1	39
c14564	27	11	26	-1	0	0	0	0	28	0	0	0	-1	36	13	22	0	0	13	0	17	-1	0	6	0	0	-1	0	0	48
c14568	0	11	-1	12	0	0	12	0	-1	0	48	-1	0	36	13	-1	31	-1	30	16	0	-1	0	6	-1	0	0	-1	0	0
c14569	-1	11	-1	12	-1	-1	12	0	-1	0	48	-1	0	36	13	-1	31	0	30	16	0	0	-1	6	-1	0	-1	-1	0	0
c14588	0	11	26	-1	0	0	37	0	-1	-1	0	0	0	36	13	-1	0	-1	-1	-1	0	0	0	6	0	30	0	-1	-1	-1
c14596	0	11	-1	0	0	-1	-1	0	36	12	0	44	31	36	13	0	0	-1	-1	13	0	-1	30	6	0	0	-1	-1	-1	39
c14634	0	11	26	0	-1	0	-1	0	0	-1	33	0	24	-1	-1	0	0	0	24	31	0	-1	0	6	-1	0	0	-1	-1	0
c14646	0	11	-1	0	-1	0	36	-1	36	0	-1	-1	0	36	13	33	0	0	0	0	0	0	-1	6	30	20	0	-1	0	9
c14662	0	11	26	-1	-1	-1	-1	0	0	0	-1	0	0	36	-1	-1	0	37	37	-1	0	0	-1	6	-1	-1	-1	-1	-1	0
c14668	0	11	26	0	0	-1	-1	-1	36	-1	37	35	0	36	-1	-1	28	0	37	0	0	-1	-1	6	0	0	0	0	-1	39
c14671	0	11	0	0	0	0	0	0	0	0	0	0	0	36	-1	33	0	0	30	16	0	-1	39	-1	0	0	0	-1	0	0
c14684	0	11	-1	-1	0	-1	2	-1	-1	0	48	0	0	36	13	33	-1	-1	30	16	45	0	0	6	12	-1	0	-1	0	0
c14720	12	11	26	0	-1	0	37	0	-1	35	-1	-1	0	36	13	0	35	0	37	0	-1	-1	22	-1	15	-1	0	0	-1	39
c14723	0	11	-1	0	0	0	0	-1	36	0	0	0	0	-1	13	0	0	0	7	0	-1	-1	0	6	0	0	0	-1	0	0
c14766	33	11	26	0	-1	-1	37	0	36	0	-1	-1	-1	-1	13	0	-1	7	37	0	18	-1	-1	6	7	0	0	0	-1	39
c14781	7	-1	0	-1	-1	0	0	-1	0	-1	0	29	30	36	13	-1	-1	0	0	12	0	0	0	-1	0	0	-1	0	0	-1
c14792	0	-1	26	0	0	37	37	0	-1	0	33	-1	-1	36	13	-1	0	-1	24	0	0	31	0	6	36	-1	0	0	-1	0
c14794	0	11	0	0	0	0	36	0	0	0	0	29	-1	36	13	33	0	0	0	0	0	0	0	6	-1	20	0	0	-1	9
c14795	0	11	0	0	-1	0	36	0	0	0	0	29	-1	36	13	33	0	0	0	-1	11	0	0	6	-1	20	0	0	-1	9
c14808	0	-1	-1	33	22	-1	0	48	0	0	27	-1	45	36	-1	33	0	0	-1	16	0	0	20	6	18	38	-1	0	35	6
c14814	-1	11	-1	-1	0	0	-1	0	36	35	36	37	0	36	13	0	0	0	37	0	0	-1	30	6	0	-1	-1	0	-1	39
c14815	-1	11	26	0	-1	0	-1	0	36	-1	36	37	0	36	13	0	0	-1	37	-1	0	-1	30	-1	0	-1	31	0	-1	39
c14818	0	11	0	-1	0	0	45	0	0	0	0	0	0	36	13	33	-1	-1	30	-1	0	0	26	-1	0	0	0	0	0	-1
c14830	0	11	0	0	-1	0	0	0	-1	0	0	0	0	-1	13	33	37	36	30	-1	0	-1	0	-1	0	0	0	0	0	2
c14832	0	11	26	0	0	0	0	0	0	0	-1	0	-1	36	13	0	0	0	0	0	0	0	0	6	0	0	-1	0	0	-1
c14869	0	11	-1	32	15	-1	0	0	0	0	31	39	0	36	13	33	0	0	30	16	0	0	0	6	-1	0	-1	0	39	0
c14925	39	11	-1	0	-1	0	0	-1	39	-1	31	39	-1	36	13	33	0	0	-1	-1	-1	-1	0	6	0	0	0	0	0	0
c14927	48	11	-1	0	-1	0	0	0	0	9	0	-1	0	-1	13	47	0	28	7	0	47	0	-1	6	0	0	39	49	-1	-1
c14939	0	11	0	-1	39	0	36	0	0	0	0	29	0	-1	13	33	-1	-1	0	0	0	0	0	6	0	35	0	0	7	0
c14961	48	11	26	0	-1	-1	0	0	0	0	0	0	0	36	-1	47	0	0	7	0	-1	0	0	6	0	0	39	49	0	37
c14962	0	11	0	0	0	15	-1	0	0	30	-1	0	-1	36	13	-1	0	-1	30	16	0	0	-1	-1	0	0	0	-1	35	0
c15018	-1	11	26	0	-1	0	37	39	36	0	0	-1	0	36	13	0	0	-1	37	0	18	-1	0	6	0	0	-1	0	-1	39
c15053	0	11	26	0	0	0	0	0	0	0	0	0	0	36	13	0	37	-1	-1	0	41	0	0	6	0	0	0	49	0	-1
c15077	-1	11	26	0	0	24	37	0	0	0	-1	-1	0	-1	13	0	0	0	0	15	30	31	0	6	7	24	0	0	-1	0
c15081	0	11	26	0	-1	0	37	0	0	0	33	-1	0	36	13	-1	0	0	24	-1	30	31	36	6	0	0	7	0	-1	0
c15114	24	11	0	26	15	0	0	0	0	35	31	39	0	36	13	33	-1	0	30	16	-1	35	0	6	0	-1	39	0	0	0
c15130	-1	11	35	-1	0	0	36	0	0	0	0	29	2	36	13	33	0	0	0	0	0	0	-1	6	24	50	-1	0	36	9
c15131	48	11	35	0	0	0	36	0	0	0	0	29	2	36	13	-1	0	0	0	0	0	0	0	6	24	-1	0	0	-1	9
c15162	-1	-1	0	-1	0	0	0	48	-1	0	27	0	0	36	-1	33	-1	0	-1	16	-1	0	0	6	18	0	-1	0	35	6
c15163	0	-1	0	0	0	0	0	48	-1	0	27	0	0	36	13	33	-1	-1	-1	16	39	0	0	6	18	0	31	-1	35	6
c15172	0	11	-1	0	15	0	-1	0	13	30	31	39	0	36	13	33	-1	-1	30	-1	0	11	0	6	0	0	0	-1	0	0
c15173	0	11	28	-1	15	0	-1	0	-1	30	31	39	0	36	13	33	-1	0	30	-1	0	11	0	6	0	0	-1	-1	-1	0
c15181	0	11	-1	0	0	30	37	-1	36	12	0	0	31	36	13	0	0	-1	37	13	0	-1	0	-1	0	0	0	0	-1	39
c15188	6	11	0	0	-1	0	-1	35	0	0	31	39	-1	-1	-1	33	0	0	30	16	0	0	0	6	0	12	37	-1	0	0
c15214	0	11	0	0	0	0	-1	14	0	48	0	29	0	36	13	-1	0	0	0	0	0	48	-1	6	0	0	0	0	7	0
c15215	0	11	0	0	0	0	36	-1	0	48	0	29	0	-1	13	33	0	0	0	0	0	48	0	-1	0	0	0	-1	7	0
c15218	-1	11	-1	0	-1	48	37	0	36	30	0	-1	0	36	13	0	0	0	37	0	18	-1	0	6	-1	6	20	0	-1	39
c15219	0	11	26	0	-1	48	37	0	36	30	0	-1	0	36	13	0	-1	0	37	0	18	-1	0	6	0	-1	-1	-1	-1	39
c15229	0	-1	26	0	0	0	9	-1	36	36	0	0	-1	36	13	0	0	0	7	0	-1	-1	0	6	0	0	12	49	0	7
c15238	-1	11	26	0	0	0	0	-1	36	0	36	0	0	-1	13	0	36	0	-1	31	0	-1	48	6	30	0	-1	49	13	0
c15239	0	11	26	0	-1	0	0	37	-1	0	36	0	0	36	13	-1	36	0	-1	31	-1	-1	48	6	-1	0	27	-1	13	-1
c15242	10	11	0	0	-1	15	-1	0	0	0	0	37	-1	36	13	-1	0	0	30	-1	0	7	-1	6	0	-1	0	0	0	0
c15249	0	11	-1	0	-1	0	37	0	36	30	-1	-1	0	36	13	0	0	-1	37	0	-1	-1	0	-1	-1	0	0	0	-1	39
c15253	17	-1	0	0	0	47	0	0	0	0	-1	35	31	36	13	33	39	-1	35	0	0	0	-1	6	0	0	0	0	0	0
c15260	0	-1	36	0	-1	0	0	0	0	0	-1	35	0	36	-1	33	7	0	-1	16	36	0	38	6	-1	-1	30	0	0	12
c15262	13	11	26	0	-1	-1	-1	0	36	-1	0	-1	0	36	-1	0	0	0	37	0	18	-1	0	6	0	0	0	0	-1	39
c15280	-1	-1	0	-1	48	0	-1	0	0	0	0	0	0	36	13	33	0	-1	30	16	0	0	0	6	0	0	7	0	7	0
c15297	0	-1	-1	0	9	0	-1	0	-1	36	-1	-1	-1	36	13	0	-1	0	0	0	0	-1	0	-1	48	24	0	30	-1	0
c15305	39	11	-1	35	0	0	-1	0	0	-1	0	0	0	-1	13	10	19	48	7	-1	0	17	-1	-1	30	0	-1	49	-1	-1
c15325	-1	11	0	0	0	15	-1	35	0	30	0	0	-1	36	13	-1	0	-1	-1	-1	-1	-1	-1	6	0	0	0	0	35	0
c15330	-1	-1	26	0	-1	0	0	-1	0	0	-1	-1	-1	36	13	-1	0	38	7	0	47	0	36	6	0	-1	-1	-1	-1	37
c15359	0	11	49	0	45	0	50	-1	36	0	-1	-1	0	36	13	-1	13	-1	35	16	0	-1	0	6	-1	0	-1	0	0	0
c15364	-1	11	0	-1	-1	0	12	0	-1	0	-1	-1	0	36	-1	-1	31	0	30	16	0	0	0	6	-1	0	0	-1	0	0
c15365	0	11	0	12	0	0	12	0	0	0	48	-1	0	36	13	-1	-1	0	30	16	0	0	0	6	-1	0	-1	-1	0	0
c15370	0	-1	38	-1	0	0	0	48	0	0	27	0	0	36	13	33	48	0	-1	-1	0	0	-1	6	18	0	35	0	35	6
c15371	0	-1	38	0	0	0	0	48	0	0	27	0	0	36	13	33	48	0	-1	-1	0	0	0	6	-1	0	35	0	35	6
c15403	-1	11	26	-1	0	0	-1	0	-1	0	0	37	0	36	-1	39	0	0	-1	0	0	-1	0	6	-1	-1	-1	49	0	0
c15456	0	-1	-1	0	0	0	0	0	0	0	-1	-1	0	36	13	33	39	-1	35	-1	0	0	-1	6	-1	0	0	-1	0	-1
c15494	48	11	35	-1	-1	35	36	37	0	0	0	-1	0	36	13	33	0	0	0	0	0	0	0	6	24	50	0	0	0	9
c15495	48	11	35	13	-1	35	36	-1	0	0	-1	29	0	36	13	33	0	-1	-1	0	0	0	0	6	24	50	0	0	0	9
c15500	0	-1	0	0	22	0	0	-1	0	0	27	-1	45	36	13	33	0	0	-1	16	0	0	-1	-1	18	10	-1	0	35	6
c15503	0	11	26	35	0	0	39	0	-1	36	-1	0	-1	36	13	39	45	-1	7	6	37	-1	0	6	27	-1	-1	49	0	35
c15511	24	11	31	26	15	0	0	0	6	0	31	39	0	36	13	33	0	0	30	16	0	35	0	6	12	0	-1	0	0	-1
c15522	-1	-1	0	0	-1	0	36	0	0	0	0	29	0	-1	-1	33	-1	-1	0	0	0	0	-1	-1	0	20	0	0	0	9
c15523	-1	11	0	0	0	0	36	0	0	0	0	29	0	36	13	33	0	-1	-1	0	0	0	-1	6	0	20	0	0	0	9
c15566	0	11	0	0	15	0	-1	7	0	0	31	39	49	36	13	33	0	0	30	16	-1	0	-1	6	0	-1	0	0	0	0
c15585	-1	-1	-1	-1	-1	50	0	0	-1	0	-1	39	35	36	13	33	0	0	30	16	-1	0	0	6	0	0	37	38	26	0
c15587	36	11	-1	0	0	0	37	0	36	12	0	0	31	-1	13	0	-1	50	37	13	0	-1	0	6	0	0	0	0	-1	39
c15603	0	11	-1	0	-1	0	37	0	36	0	0	-1	-1	36	13	0	0	0	37	0	18	-1	0	-1	35	-1	0	0	-1	-1
c15621	0	11	26	35	36	7	39	0	-1	0	7	0	0	36	13	39	0	7	7	0	0	17	0	6	0	0	13	49	-1	0
c15630	0	11	-1	-1	0	-1	-1	-1	36	36	0	0	0	36	-1	-1	9	0	7	-1	-1	-1	-1	6	0	0	0	-1	0	0
c15632	-1	-1	26	-1	0	0	37	0	0	29	33	0	0	36	13	0	-1	0	39	0	-1	-1	0	6	0	24	0	0	-1	-1
c15637	-1	-1	26	0	0	0	0	12	0	0	0	-1	-1	36	13	0	20	36	0	-1	30	0	0	-1	0	0	-1	0	35	0
c15644	0	11	0	0	0	0	-1	0	-1	0	0	29	0	36	13	33	0	0	6	0	-1	0	30	6	0	-1	0	0	0	9
c15645	0	-1	0	0	0	0	36	0	-1	0	0	29	0	36	13	-1	0	0	-1	0	0	0	30	6	0	50	0	0	0	9
c15650	10	11	0	0	0	15	-1	0	-1	0	0	45	0	36	13	33	0	-1	-1	-1	0	7	-1	6	39	0	0	-1	-1	-1
c15657	-1	11	26	-1	-1	0	-1	0	-1	12	0	-1	31	36	13	-1	48	50	37	13	0	-1	0	6	0	0	0	0	-1	-1
c15661	0	-1	0	0	2	0	36	0	0	0	-1	15	0	36	13	33	-1	-1	30	-1	-1	6	0	6	-1	0	0	19	0	0
c15684	0	11	-1	0	-1	0	-1	0	36	35	0	37	6	36	13	-1	0	0	37	-1	-1	-1	0	6	0	-1	-1	0	-1	39
c15685	-1	11	-1	0	-1	-1	-1	-1	36	35	0	37	-1	-1	13	0	-1	-1	37	0	-1	-1	0	6	0	0	31	0	-1	-1
c15687	0	11	26	35	-1	0	39	0	0	0	0	0	0	36	13	39	0	0	7	0	-1	17	0	6	29	-1	13	49	0	0
c15691	-1	-1	26	0	-1	0	0	-1	28	0	0	0	-1	-1	13	0	0	50	-1	0	0	-1	0	-1	9	0	-1	0	0	48
c15710	-1	11	0	26	15	0	0	0	35	0	31	39	0	36	13	33	0	0	30	16	0	-1	0	6	-1	-1	0	0	-1	0
c15718	0	11	-1	0	0	24	37	42	36	0	33	-1	-1	36	13	0	48	0	0	15	30	31	0	6	0	24	0	0	-1	0
c15760	0	11	0	0	0	0	-1	-1	0	-1	0	29	0	36	13	-1	0	-1	-1	0	0	20	0	6	20	50	0	0	0	9
c15761	0	11	0	-1	0	0	36	-1	0	0	0	-1	0	-1	-1	33	0	0	0	0	0	0	0	6	0	50	0	0	0	9
c15773	31	-1	26	-1	7	35	37	0	-1	-1	-1	-1	0	-1	-1	-1	0	-1	45	0	0	31	0	6	-1	0	0	0	-1	0
c15816	0	-1	28	0	15	0	-1	0	13	0	31	-1	-1	36	13	33	0	0	30	-1	0	0	-1	6	-1	31	13	-1	0	33
c15818	-1	11	26	0	-1	0	37	-1	36	-1	0	-1	14	36	-1	0	0	0	37	0	18	-1	0	6	0	0	-1	0	-1	-1
c15827	35	11	0	0	10	0	38	36	0	0	0	0	0	-1	13	-1	0	0	35	-1	50	-1	-1	6	15	-1	0	0	22	0
c15834	10	11	0	-1	0	-1	-1	0	-1	15	7	-1	31	36	13	-1	0	-1	30	16	39	7	-1	6	0	0	-1	10	10	0
c15839	-1	-1	0	0	0	0	37	0	0	-1	48	0	-1	36	13	33	-1	0	30	-1	32	0	0	6	0	0	0	-1	0	0
c15849	0	11	0	-1	-1	0	-1	0	-1	0	31	39	0	36	13	33	-1	0	-1	16	0	-1	-1	6	0	30	-1	-1	0	0
c15857	0	11	26	0	0	0	0	0	0	0	49	-1	-1	36	-1	0	0	0	0	0	0	-1	-1	6	0	0	-1	-1	37	48
c15903	0	11	-1	7	0	0	0	-1	0	0	48	0	0	-1	13	33	31	0	30	16	0	0	-1	6	0	0	0	-1	-1	33
c15917	-1	11	0	26	15	0	30	0	3	0	31	39	0	36	13	33	0	0	30	16	30	35	-1	6	0	-1	0	-1	0	35
c15932	0	11	0	0	-1	0	0	0	0	0	31	39	0	36	13	-1	0	29	30	16	0	0	0	-1	0	0	37	38	0	0
c15968	0	11	26	-1	0	0	9	0	36	36	36	0	-1	-1	13	-1	9	0	7	0	-1	-1	7	6	0	7	0	49	0	0
c15970	-1	-1	0	-1	0	0	0	22	-1	0	48	0	0	36	13	33	31	0	30	16	48	0	0	-1	0	0	12	-1	0	0
c16005	0	11	-1	0	20	-1	-1	0	7	-1	-1	0	9	-1	13	0	0	-1	-1	0	35	31	39	6	0	-1	-1	0	-1	0
c16006	0	-1	26	31	0	36	-1	0	36	0	0	0	0	-1	13	0	0	26	7	26	-1	-1	0	6	0	2	36	49	0	37
c16007	36	11	26	0	0	36	-1	0	36	0	0	0	0	36	13	0	0	26	7	-1	0	0	0	6	0	2	36	49	0	37
c16019	-1	11	0	0	-1	15	-1	0	0	36	0	0	0	36	13	-1	-1	0	30	16	44	-1	-1	6	0	0	0	13	0	0
c16025	0	-1	0	-1	0	0	-1	48	0	0	27	0	0	-1	13	33	0	37	-1	16	0	-1	-1	6	18	0	0	0	35	-1
c16046	0	11	26	0	0	-1	37	0	36	-1	0	35	31	36	-1	0	0	50	-1	-1	-1	-1	30	6	36	0	0	39	-1	39
c16054	36	-1	0	0	0	-1	-1	-1	6	36	48	0	-1	36	-1	33	-1	0	30	-1	0	0	18	6	0	-1	0	-1	0	0
c16074	0	11	0	0	48	0	-1	-1	10	-1	0	0	0	36	13	-1	0	0	-1	16	-1	22	37	6	-1	0	0	0	7	0
c16086	35	11	20	9	39	0	0	48	0	0	0	29	-1	36	13	33	-1	-1	-1	12	0	0	0	6	0	0	0	31	37	12
c16097	0	11	26	0	-1	4	0	0	3	0	0	0	37	36	-1	0	3	-1	-1	0	0	0	0	6	0	0	0	48	0	-1
c16113	0	-1	26	0	-1	37	37	-1	-1	0	33	0	0	36	-1	-1	0	0	24	0	0	-1	0	6	36	0	-1	-1	-1	0
c16126	0	11	-1	0	18	0	0	0	0	0	0	-1	0	-1	13	33	0	0	30	16	-1	24	30	6	-1	-1	0	0	0	0
c16133	0	-1	-1	0	-1	-1	0	0	0	0	31	-1	0	36	-1	33	0	0	30	16	0	0	0	-1	0	0	37	38	0	35
c16135	0	11	0	0	-1	0	36	0	0	0	0	29	0	36	-1	33	0	0	0	0	0	0	-1	6	0	35	20	-1	7	0
c16150	7	11	-1	0	39	-1	0	-1	0	0	-1	29	0	36	13	33	0	0	0	12	0	0	0	6	0	33	0	0	0	12
c16151	7	11	-1	0	-1	0	0	-1	0	0	-1	29	0	36	13	33	0	0	0	12	0	0	0	6	0	-1	0	0	0	-1
c16204	0	-1	0	0	0	-1	36	0	-1	0	0	29	-1	36	13	33	0	0	0	-1	-1	0	30	6	0	50	0	0	-1	9
c16205	0	11	0	-1	0	-1	36	0	-1	0	0	-1	9	36	13	33	-1	0	0	0	-1	0	30	6	0	50	0	0	0	9
c16208	-1	-1	-1	7	0	-1	-1	0	0	0	-1	0	0	36	13	-1	0	11	30	16	0	7	-1	6	-1	0	0	-1	36	0
c16223	0	-1	0	0	48	27	0	22	0	0	0	-1	-1	36	-1	33	-1	18	30	-1	-1	24	0	6	0	0	0	0	0	0
c16228	-1	-1	-1	12	0	0	-1	0	0	0	48	-1	0	36	13	-1	31	30	30	16	-1	0	-1	6	-1	-1	0	-1	-1	0
c16229	-1	11	-1	12	0	0	-1	-1	0	0	48	-1	0	36	-1	-1	31	-1	30	-1	0	0	0	6	-1	-1	0	-1	0	0
c16239	24	11	31	26	15	0	13	0	0	-1	31	39	-1	36	13	33	0	0	30	16	0	-1	0	6	12	0	0	-1	0	0
c16250	0	11	26	13	-1	4	0	0	0	0	0	0	0	36	13	0	-1	0	0	-1	0	0	0	6	0	9	-1	-1	31	0
c16254	0	11	26	35	0	0	-1	0	0	24	0	0	0	36	13	-1	19	-1	7	37	0	-1	-1	6	0	0	13	49	37	0
c16281	0	11	0	-1	48	-1	0	22	0	0	0	-1	0	36	13	33	35	0	30	16	0	30	0	-1	0	0	0	0	0	-1
c16296	0	11	-1	-1	0	0	36	1	0	0	-1	-1	0	36	13	-1	0	0	0	0	0	-1	0	-1	0	20	0	0	0	9
c16312	-1	11	0	0	0	37	36	0	27	-1	31	29	0	-1	13	33	0	0	0	0	22	0	0	6	0	20	0	0	-1	9
c16313	0	11	-1	0	0	37	36	0	27	-1	31	29	0	36	13	33	0	-1	0	-1	22	0	0	6	-1	20	0	0	-1	-1
c16329	0	11	26	22	0	7	37	0	39	0	33	0	0	-1	13	0	0	0	24	50	30	31	0	6	0	0	0	-1	-1	0
c16331	0	11	26	0	-1	31	37	45	0	0	33	0	-1	36	13	0	0	0	24	-1	0	31	-1	6	36	0	0	-1	-1	-1
c16351	0	11	0	0	15	0	0	0	-1	0	-1	39	-1	-1	-1	-1	0	0	30	16	0	0	0	-1	0	0	37	38	0	0
c16360	0	-1	26	-1	-1	0	37	0	0	0	33	-1	-1	36	13	0	0	0	0	36	26	31	0	-1	0	0	-1	0	-1	-1
c16365	-1	11	26	0	0	-1	37	0	0	-1	-1	0	0	36	13	-1	0	-1	0	-1	-1	31	0	6	44	24	0	0	-1	0
c16374	0	11	26	0	-1	0	37	0	-1	-1	-1	-1	0	36	13	0	0	0	37	0	18	-1	-1	-1	-1	0	0	0	-1	39
c16376	35	11	0	0	15	-1	0	0	0	0	31	39	-1	36	13	33	22	0	30	-1	0	0	-1	-1	0	0	0	0	0	0
c16398	-1	-1	26	0	-1	0	13	0	-1	36	0	7	0	36	13	33	0	36	30	16	0	0	22	6	24	0	0	0	0	0
c16415	0	11	50	0	0	0	0	0	-1	22	-1	0	0	-1	13	33	0	0	35	16	0	-1	0	6	0	26	0	0	0	0
c16419	0	-1	26	-1	0	0	-1	0	0	0	0	0	0	36	13	39	0	0	7	0	0	-1	0	6	29	0	13	49	0	0
c16420	0	11	-1	13	-1	-1	37	0	-1	30	0	-1	0	36	-1	15	0	0	37	0	18	-1	-1	-1	-1	0	20	0	-1	39
c16432	-1	11	0	0	-1	0	37	0	0	0	-1	0	0	36	13	33	-1	-1	30	16	-1	0	6	6	-1	0	7	-1	-1	0
c16433	-1	11	0	-1	-1	0	37	0	0	0	-1	0	0	-1	13	33	-1	-1	30	16	-1	0	6	6	0	0	7	-1	0	0
c16434	-1	11	-1	0	0	4	0	-1	0	0	0	0	0	-1	-1	35	0	0	0	0	0	0	0	-1	0	0	0	12	0	0
c16435	2	11	-1	0	0	4	0	0	0	0	0	0	0	-1	13	0	0	-1	0	0	0	0	0	-1	0	0	-1	12	0	0
c16438	0	11	26	-1	9	0	37	0	7	-1	33	0	-1	36	13	0	-1	0	0	0	-1	-1	0	-1	0	24	48	0	-1	0
c16450	0	11	26	30	-1	0	37	0	36	0	0	-1	-1	-1	-1	-1	0	0	-1	0	18	-1	0	6	0	-1	0	-1	-1	39
c16454	35	11	-1	-1	15	0	0	0	37	35	31	39	0	36	13	33	0	7	30	-1	0	0	-1	-1	10	37	0	-1	-1	0
c16456	0	11	26	-1	-1	0	0	37	-1	0	-1	0	-1	36	13	0	0	47	7	9	0	-1	12	6	0	-1	-1	-1	-1	0
c16481	0	11	0	12	0	-1	-1	0	0	0	0	29	0	36	13	33	0	0	-1	-1	36	20	-1	6	0	-1	0	0	7	0
c16493	-1	11	26	0	0	0	-1	0	27	0	45	0	0	36	13	47	0	0	7	0	47	0	36	6	0	0	-1	49	0	37
c16504	0	11	0	0	0	0	36	0	-1	0	0	29	0	36	13	-1	0	0	-1	0	0	0	30	6	0	50	0	0	0	9
c16505	0	11	0	0	0	-1	36	0	-1	0	0	29	0	36	13	33	0	-1	-1	0	0	0	30	6	0	-1	-1	0	0	9
c16520	-1	11	26	-1	-1	24	37	-1	0	0	33	-1	34	36	13	0	0	0	0	-1	30	31	0	6	0	24	0	0	-1	0
c16535	-1	11	26	0	-1	37	0	0	0	0	35	-1	0	36	-1	0	0	0	7	0	0	17	0	6	9	0	0	49	38	0
c16563	-1	11	-1	0	-1	0	37	30	36	0	0	-1	0	36	-1	0	0	0	37	0	18	-1	-1	6	-1	0	0	0	-1	-1
c16570	0	11	26	-1	29	0	-1	0	36	35	0	37	0	-1	13	0	0	0	37	0	0	-1	-1	6	-1	0	0	0	-1	-1
c16579	0	11	-1	0	0	-1	31	0	0	0	0	0	0	36	13	33	-1	0	-1	16	36	0	-1	6	0	0	-1	0	0	-1
c16584	-1	11	0	0	0	0	36	-1	31	0	0	29	0	36	13	33	0	0	0	0	-1	0	0	6	0	50	0	0	0	9
c16591	0	-1	26	0	0	37	37	-1	0	0	-1	0	0	36	-1	-1	0	0	24	-1	0	31	0	6	-1	0	0	0	-1	-1
c16601	37	-1	-1	-1	0	0	39	37	36	0	0	0	0	36	13	0	0	0	7	0	-1	-1	0	6	0	0	0	49	-1	0
c16616	0	-1	26	0	0	0	-1	-1	37	0	0	9	-1	36	13	0	-1	0	0	-1	0	0	0	6	0	0	-1	0	-1	0
c16618	0	11	0	0	15	50	0	0	0	0	31	39	0	36	13	33	0	0	30	16	0	-1	-1	6	37	-1	37	38	-1	0
c16620	0	11	26	-1	0	0	-1	0	-1	35	0	37	0	36	-1	0	0	0	37	-1	0	-1	0	6	0	0	31	0	-1	-1
c16637	35	11	0	-1	0	0	0	36	-1	39	0	-1	0	36	13	33	0	0	-1	0	0	0	35	6	0	0	0	0	0	0
c16640	-1	11	0	-1	39	0	36	0	0	0	0	29	0	36	13	-1	12	0	0	0	-1	0	0	6	0	35	0	0	-1	0
c16641	-1	11	0	0	39	0	36	0	0	0	0	29	0	36	13	33	12	-1	0	0	0	0	0	6	0	35	0	0	7	0
c16648	35	11	20	9	-1	0	-1	48	-1	0	0	29	0	36	13	-1	-1	0	-1	12	0	0	0	6	47	0	0	0	37	12
c16650	0	11	15	7	0	0	30	22	0	0	48	0	0	-1	13	-1	-1	0	30	-1	0	0	0	6	0	0	0	-1	-1	-1
c16651	-1	11	15	-1	0	0	30	22	0	0	48	0	0	-1	13	33	-1	0	30	16	0	0	0	6	0	-1	0	-1	-1	0
c16656	46	11	0	0	-1	0	-1	0	0	0	-1	0	0	36	13	-1	-1	0	30	-1	-1	0	-1	6	0	0	0	35	-1	0
c16668	-1	11	26	0	7	0	-1	0	0	0	-1	12	0	36	-1	22	8	-1	0	-1	0	-1	0	6	-1	-1	0	0	-1	0
c16688	0	11	0	0	15	0	0	0	0	0	31	-1	0	36	13	33	0	0	-1	16	6	37	0	6	22	15	37	38	0	35
c16696	0	11	-1	7	0	0	0	22	0	0	48	0	0	36	-1	-1	31	0	-1	16	0	0	-1	6	-1	-1	0	-1	-1	0
c16697	0	11	0	7	0	-1	0	22	0	0	48	-1	0	36	13	33	31	0	30	16	0	0	0	6	22	0	0	-1	0	0
c16700	0	11	-1	0	0	0	37	-1	36	12	0	35	31	36	13	-1	0	50	37	13	45	-1	30	6	36	-1	0	39	-1	39
c16706	0	11	-1	0	-1	-1	0	0	0	0	31	-1	37	36	13	33	22	0	30	16	0	0	0	6	46	0	0	0	0	-1
c16714	10	11	0	0	0	15	-1	0	0	0	46	0	0	-1	13	33	0	35	30	16	0	7	-1	6	-1	0	0	0	0	0
c16719	0	-1	-1	0	-1	35	37	0	36	0	0	-1	0	36	13	-1	-1	0	37	0	18	-1	35	6	12	-1	-1	0	-1	39
c16742	0	11	26	20	0	0	-1	0	-1	-1	0	37	0	36	13	-1	35	0	37	0	36	-1	0	6	0	1	-1	0	-1	39
c16780	0	-1	0	7	0	0	0	22	0	-1	48	0	0	36	13	-1	31	0	30	16	48	0	0	6	0	0	49	-1	0	0
c16781	0	11	0	7	0	0	0	22	0	-1	-1	0	0	36	13	33	31	0	30	16	48	0	0	-1	-1	0	49	-1	0	0
c16787	0	-1	0	32	15	0	0	-1	0	0	-1	39	0	36	-1	33	0	0	30	16	-1	-1	0	6	0	-1	0	0	39	-1
c16795	0	11	26	0	-1	0	9	0	-1	-1	0	0	-1	36	-1	0	33	37	7	0	-1	-1	0	6	12	0	35	49	0	-1
c16804	0	11	26	35	-1	7	37	0	-1	30	0	-1	0	36	13	0	-1	0	37	0	18	-1	-1	6	0	0	20	0	-1	39
c16805	0	11	26	35	-1	7	-1	0	-1	30	-1	-1	0	36	13	0	-1	0	37	0	-1	-1	0	-1	-1	0	20	0	-1	39
c16814	0	11	-1	0	20	24	37	0	7	0	-1	0	-1	36	13	0	0	29	-1	0	35	-1	39	6	0	24	12	0	-1	0
c16825	0	11	26	0	48	0	0	37	36	30	-1	0	0	36	-1	-1	-1	0	-1	0	0	-1	0	6	0	0	0	49	10	0
c16827	0	-1	0	0	0	-1	36	0	27	-1	31	29	0	36	13	33	0	0	0	0	22	0	0	-1	0	20	0	0	-1	9
c16834	0	11	36	0	0	0	36	0	-1	0	0	29	0	36	-1	33	0	0	-1	-1	0	0	0	-1	-1	0	0	0	-1	-1
c16835	26	11	36	0	0	0	36	0	0	0	0	29	0	36	13	33	-1	-1	0	0	0	0	0	6	0	0	0	-1	7	-1
c16844	0	11	-1	-1	0	0	0	35	0	-1	44	0	-1	36	13	-1	0	-1	7	24	39	17	0	6	27	48	13	49	0	0
c16850	0	11	0	0	48	-1	0	22	0	-1	-1	-1	0	36	13	33	0	1	30	16	-1	0	0	6	-1	0	0	-1	0	0
c16853	37	11	26	0	22	0	-1	0	29	0	-1	18	31	36	-1	0	0	0	-1	0	0	17	0	6	-1	0	0	-1	38	12
c16860	0	11	0	17	48	0	0	0	7	0	0	-1	0	36	13	33	39	0	30	16	-1	0	-1	6	-1	22	7	-1	7	0
c16898	-1	11	26	0	0	4	0	0	0	0	0	-1	0	-1	13	0	-1	0	0	0	0	-1	35	6	35	-1	0	37	0	31
c16899	-1	11	26	0	-1	4	0	0	0	0	-1	-1	0	36	13	0	0	0	0	0	0	0	35	6	35	-1	0	-1	0	31
c16919	48	11	26	20	0	0	4	0	-1	0	29	0	0	36	13	-1	-1	9	7	0	47	-1	-1	6	0	0	39	49	0	37
c16929	35	11	0	-1	15	-1	-1	-1	37	-1	31	-1	-1	36	13	33	-1	7	30	16	0	0	0	6	10	-1	20	0	0	0
c16942	0	11	0	24	48	20	37	22	0	-1	-1	0	12	36	13	33	0	1	-1	-1	0	-1	-1	6	0	0	27	-1	0	0
c16973	-1	11	26	13	0	0	0	0	0	-1	0	-1	7	36	13	0	0	0	-1	0	0	0	0	6	0	0	0	49	0	-1
c16980	0	11	-1	0	-1	0	37	0	-1	-1	33	0	0	36	-1	0	0	0	0	36	26	31	0	-1	0	0	-1	0	-1	0
c17011	0	11	0	-1	48	0	-1	0	36	-1	0	0	0	36	13	33	-1	0	30	16	-1	0	22	-1	-1	0	0	0	-1	0
c17018	0	-1	0	0	22	0	20	48	0	0	27	0	45	36	13	-1	0	0	-1	-1	0	0	0	6	-1	39	-1	-1	35	6
c17019	0	-1	0	0	22	-1	20	48	0	0	27	0	45	36	13	-1	-1	0	-1	16	0	0	0	6	-1	39	-1	3	-1	6
c17029	0	11	-1	32	-1	-1	0	0	0	0	31	39	0	36	13	33	0	0	30	16	0	0	-1	6	0	0	0	0	39	0
c17032	0	11	0	0	48	39	-1	22	0	0	0	0	0	36	13	-1	48	0	30	16	-1	0	-1	6	0	0	0	0	31	0
c17033	-1	11	0	0	48	39	0	22	0	0	0	0	-1	-1	13	-1	48	-1	30	-1	-1	0	0	6	0	0	-1	-1	31	0
c17037	0	11	26	0	0	24	37	42	36	0	33	0	0	36	13	0	-1	0	0	15	30	31	0	6	0	-1	-1	-1	-1	0
c17051	0	11	-1	0	-1	0	37	0	-1	0	0	-1	0	36	13	0	0	0	37	0	18	-1	0	6	35	0	0	0	-1	-1
c17053	41	11	26	0	-1	0	37	0	0	0	33	13	0	-1	13	-1	-1	0	0	0	0	-1	-1	6	0	24	-1	0	-1	-1
c17064	-1	11	26	0	0	0	0	-1	-1	0	0	0	-1	36	-1	-1	0	0	0	-1	0	-1	30	6	0	0	-1	0	-1	48
c17066	10	-1	0	-1	-1	15	-1	0	-1	0	0	45	0	36	13	33	0	-1	30	16	0	-1	-1	6	39	0	0	0	-1	0
c17070	-1	11	0	26	15	-1	0	0	-1	0	-1	39	-1	-1	13	33	0	0	-1	-1	0	35	0	6	-1	22	0	0	0	0
c17072	0	11	0	35	48	22	0	0	0	-1	0	38	0	-1	13	33	-1	0	-1	16	30	0	0	6	0	36	-1	0	0	-1
c17076	0	-1	26	-1	-1	0	37	0	36	-1	0	-1	0	36	13	0	0	-1	37	0	18	-1	0	6	0	0	20	0	-1	-1
c17084	0	11	0	0	-1	0	0	0	0	0	-1	-1	0	36	13	33	0	48	35	16	0	-1	-1	6	0	0	-1	0	-1	0
c17093	7	11	0	-1	39	-1	0	-1	0	0	0	29	0	-1	13	33	-1	0	0	12	0	0	0	6	0	0	0	0	0	12
c17096	0	11	-1	0	0	0	0	37	36	0	36	0	40	36	13	0	0	39	-1	0	0	-1	48	-1	0	0	-1	49	-1	0
c17099	10	11	-1	39	0	15	-1	49	0	36	0	0	0	36	13	-1	-1	0	30	16	0	7	-1	6	0	0	0	-1	0	0
c17112	0	11	-1	0	0	0	36	0	0	0	0	29	0	36	13	33	-1	0	0	0	-1	0	0	6	0	50	0	0	0	-1
c17172	0	11	26	0	0	0	37	0	36	0	37	35	0	36	-1	0	28	0	37	-1	0	-1	48	6	0	0	0	0	-1	39
c17181	0	-1	26	35	0	0	39	0	0	0	0	37	0	36	13	39	-1	0	7	-1	0	17	0	6	-1	-1	13	49	0	0
c17193	0	11	0	0	48	-1	36	0	0	0	7	0	0	36	13	-1	0	0	30	16	0	-1	48	6	0	-1	0	35	30	-1
c17202	48	11	26	20	0	0	4	0	-1	0	0	0	0	36	13	47	0	0	7	0	47	36	0	6	41	-1	-1	49	-1	37
c17232	-1	11	0	0	0	0	37	0	-1	35	-1	0	-1	36	13	-1	31	0	30	16	32	-1	0	6	-1	0	0	-1	0	0
c17233	-1	-1	0	0	-1	0	37	0	-1	35	48	-1	-1	36	13	33	31	0	-1	16	32	-1	0	6	0	0	0	-1	0	0
c17248	0	11	26	0	-1	24	37	-1	0	0	33	12	0	36	-1	0	0	0	0	-1	0	31	0	-1	38	-1	0	7	-1	-1
c17252	0	11	0	0	39	0	36	0	0	0	0	29	0	-1	13	33	0	0	0	0	-1	-1	0	6	0	35	-1	0	7	0
c17253	0	11	0	-1	39	36	36	0	0	0	-1	29	0	-1	13	33	0	0	0	0	0	0	0	-1	0	35	0	0	7	0
c17255	-1	11	0	0	0	0	0	48	0	-1	48	0	0	36	13	33	31	0	30	-1	0	0	35	6	-1	0	-1	-1	-1	-1
c17257	0	11	0	0	48	22	0	22	0	0	0	0	22	-1	-1	33	0	18	30	16	49	0	0	6	-1	-1	0	0	0	0
c17264	0	11	26	0	0	22	0	0	2	0	0	0	0	36	13	0	0	12	-1	0	0	0	-1	6	0	0	0	49	0	-1
c17265	0	11	26	0	0	-1	0	-1	-1	-1	0	0	-1	36	13	0	0	12	7	0	0	0	0	6	0	-1	0	49	0	37
c17293	0	11	26	-1	31	0	-1	-1	0	28	0	0	-1	36	13	39	0	29	7	6	37	17	0	6	0	0	-1	-1	0	0
c17299	48	11	35	0	0	31	-1	0	0	0	0	29	0	36	13	33	0	-1	0	0	0	0	-1	6	-1	50	0	37	36	-1
c17312	0	11	26	0	48	0	-1	-1	28	-1	0	0	-1	36	13	0	-1	0	0	0	0	-1	12	-1	-1	0	-1	-1	0	-1
c17321	0	11	26	-1	-1	41	30	38	0	0	0	0	-1	36	-1	0	0	-1	0	-1	0	-1	11	6	0	0	-1	0	0	-1
c17323	10	11	0	0	0	15	-1	0	20	-1	0	0	-1	36	13	33	0	0	30	16	0	7	-1	6	22	0	0	0	0	0
c17343	0	-1	0	0	18	-1	0	0	0	0	29	0	0	36	13	33	0	0	30	16	0	0	-1	6	-1	0	39	0	0	0
c17348	35	11	26	0	-1	-1	0	37	36	36	0	0	0	36	13	0	0	0	7	-1	0	-1	0	6	-1	0	0	49	0	35
c17366	13	11	-1	0	0	0	-1	0	0	0	0	29	0	36	13	33	0	0	-1	0	0	0	0	6	31	0	0	-1	7	-1
c17367	13	11	0	-1	0	0	-1	0	0	-1	0	29	-1	-1	13	33	0	0	0	0	0	0	0	6	31	0	0	-1	7	0
c17374	41	11	26	39	0	30	37	0	0	0	-1	0	0	36	13	0	-1	0	0	-1	11	-1	0	6	0	24	0	0	-1	0
c17392	0	11	26	0	0	0	37	-1	0	0	-1	0	0	36	13	0	-1	-1	0	36	-1	-1	0	6	0	0	0	0	-1	0
c17398	0	11	-1	0	0	35	0	0	0	-1	48	-1	0	36	13	33	31	0	-1	16	0	7	-1	-1	37	0	0	-1	0	21
c17399	0	11	-1	0	0	-1	-1	0	0	0	48	-1	-1	36	13	33	31	0	-1	16	0	7	-1	6	37	0	0	-1	0	21
c17401	6	11	20	0	15	50	0	0	0	0	31	39	0	36	-1	-1	0	0	-1	-1	-1	0	0	6	0	0	-1	38	0	0
c17403	0	11	26	0	-1	12	37	0	36	0	0	-1	12	36	13	-1	0	0	37	-1	18	-1	0	6	0	-1	0	0	-1	-1
c17412	-1	11	0	0	0	15	0	0	0	-1	0	0	0	36	13	33	0	0	30	-1	36	0	-1	6	22	0	-1	0	-1	7
c17433	0	11	26	0	-1	39	0	-1	0	0	0	0	0	36	13	0	0	37	-1	0	0	46	0	6	0	0	-1	-1	-1	39
c17434	39	11	26	35	0	0	-1	0	0	-1	0	0	0	36	13	10	-1	48	7	-1	-1	17	-1	6	30	0	13	49	-1	-1
c17436	0	11	-1	0	30	0	11	-1	-1	0	0	-1	37	-1	13	0	0	0	7	-1	-1	-1	0	6	29	0	-1	49	0	-1
c17452	0	11	26	35	36	0	39	0	0	0	0	0	0	-1	-1	39	-1	0	7	0	0	17	0	6	-1	-1	13	49	-1	0
c17454	0	11	26	-1	-1	0	0	-1	0	-1	36	0	0	36	13	0	0	37	37	10	0	0	0	6	0	0	37	-1	0	1
c17481	36	-1	0	-1	0	-1	0	0	0	0	-1	0	0	-1	-1	33	10	0	35	16	0	-1	0	6	0	0	0	0	0	-1
c17491	0	11	20	0	39	0	0	48	-1	0	0	29	0	36	13	33	0	35	-1	12	0	0	0	-1	0	0	0	-1	37	12
c17507	7	11	0	0	39	0	0	-1	0	-1	0	29	13	36	13	33	0	20	0	-1	0	-1	0	6	0	0	0	0	0	12
c17512	-1	-1	26	0	0	-1	0	0	-1	0	-1	0	0	-1	13	0	0	-1	-1	39	0	-1	0	-1	0	-1	-1	-1	0	0
c17526	0	11	26	29	0	4	0	-1	0	0	0	0	0	-1	13	41	0	0	0	-1	39	-1	-1	6	0	9	0	0	0	-1
c17531	0	11	-1	0	48	0	0	37	-1	-1	36	-1	-1	36	13	0	0	47	7	0	0	-1	12	6	0	0	-1	49	0	-1
c17534	0	-1	0	0	-1	-1	0	48	-1	0	27	0	0	36	13	-1	-1	-1	-1	16	0	0	-1	6	18	0	0	0	35	6
c17535	0	-1	0	0	-1	0	-1	48	-1	-1	27	0	-1	36	-1	33	0	37	-1	16	0	0	-1	6	18	0	0	0	35	6
c17550	24	11	0	26	15	0	0	0	35	0	-1	39	-1	-1	13	33	0	0	30	-1	0	35	0	6	0	0	0	0	0	0
c17551	24	11	0	-1	15	-1	0	0	35	0	31	39	0	36	13	33	-1	0	30	16	0	35	0	6	0	0	0	-1	0	0
c17569	0	11	-1	35	-1	0	-1	0	0	0	0	37	0	36	13	39	12	0	-1	20	0	-1	0	6	0	-1	13	-1	0	0
c17576	0	11	0	0	2	0	0	-1	-1	0	0	7	0	36	13	33	37	0	30	16	0	0	0	6	38	-1	36	0	0	0
c17578	0	-1	-1	-1	-1	-1	0	48	0	-1	27	0	45	36	13	33	0	0	-1	16	12	0	0	6	-1	-1	-1	0	-1	6
c17579	-1	-1	0	0	22	0	0	48	0	0	27	0	45	36	-1	33	0	0	-1	16	12	0	0	6	18	38	-1	0	35	-1
c17580	0	11	26	12	29	0	-1	0	36	35	0	-1	35	36	13	43	-1	-1	37	0	0	-1	0	6	0	0	0	0	-1	39
c17620	0	11	0	12	0	-1	36	0	0	-1	0	29	0	36	13	33	-1	0	0	-1	0	20	0	6	0	0	0	0	7	0
c17621	0	-1	0	-1	0	-1	36	-1	-1	-1	0	-1	-1	36	13	33	0	-1	0	0	0	20	-1	-1	-1	0	0	0	7	0
c17648	10	11	0	0	0	15	-1	-1	-1	0	0	45	0	36	-1	33	0	-1	-1	16	0	7	-1	6	-1	0	-1	0	0	0
c17652	0	11	26	35	0	-1	39	-1	0	0	7	-1	0	36	13	0	19	0	7	-1	0	-1	-1	6	0	-1	-1	49	26	-1
c17657	7	11	0	-1	-1	0	-1	-1	0	0	-1	29	0	36	13	33	36	0	0	12	0	0	0	6	-1	-1	48	0	0	12
c17660	0	-1	26	0	0	24	-1	0	7	0	-1	-1	0	36	13	-1	0	29	-1	-1	35	31	39	6	0	24	0	0	-1	0
c17665	0	11	26	-1	0	0	39	0	0	0	0	0	-1	36	13	39	-1	0	7	0	0	17	0	6	29	0	13	49	-1	31
c17668	0	11	-1	0	48	31	0	22	-1	0	0	0	0	36	13	-1	-1	0	30	16	-1	0	-1	6	0	-1	-1	0	0	0
c17681	10	11	0	0	-1	15	-1	0	0	0	0	-1	0	-1	13	33	0	0	30	16	-1	7	-1	6	-1	0	0	0	0	0
c17689	10	11	-1	0	0	15	-1	0	0	0	-1	0	-1	36	13	-1	0	-1	30	-1	0	7	-1	6	0	-1	0	0	-1	-1
c17701	-1	11	26	0	12	24	-1	0	-1	0	-1	0	0	36	13	-1	0	29	9	0	35	31	39	6	0	-1	0	37	-1	0
c17711	0	11	26	0	0	0	0	39	0	-1	15	-1	0	-1	13	0	0	0	0	38	0	0	48	6	0	6	37	-1	0	0
c17725	-1	11	-1	26	15	-1	0	0	0	0	31	39	0	36	13	33	0	0	30	16	0	35	-1	6	7	0	0	22	0	0
c17731	7	11	0	7	39	0	0	-1	0	0	0	29	0	-1	13	33	36	0	0	-1	0	0	0	-1	0	0	48	0	0	-1
c17733	0	11	26	35	0	0	39	0	0	0	38	-1	0	36	13	-1	0	0	7	0	-1	17	0	-1	0	-1	13	49	-1	0
c17741	-1	-1	-1	0	22	12	0	48	0	0	27	-1	45	36	13	33	0	-1	-1	16	0	0	-1	6	18	0	-1	0	-1	6
c17747	-1	11	26	0	0	0	-1	-1	36	12	0	0	31	36	13	0	30	50	-1	13	30	-1	0	6	-1	0	0	0	-1	39
c17761	-1	11	26	0	-1	0	0	0	0	0	45	0	7	-1	13	47	-1	-1	7	0	-1	0	36	6	0	-1	39	49	-1	-1
c17772	37	11	-1	0	-1	0	37	-1	0	0	33	0	0	36	13	0	-1	0	24	0	-1	31	-1	6	-1	30	0	0	-1	9
c17797	0	11	0	-1	-1	0	0	0	0	0	31	39	0	36	13	33	-1	0	30	16	-1	0	0	6	0	-1	37	38	0	0
c17801	35	11	20	-1	-1	-1	0	-1	0	0	-1	29	0	-1	13	33	0	0	-1	12	0	0	0	-1	0	-1	0	31	37	-1
c17820	0	11	26	49	0	0	0	0	0	0	27	0	0	36	13	-1	0	0	-1	0	0	0	4	6	0	-1	-1	49	0	-1
c17823	-1	11	26	0	0	12	0	-1	36	35	0	0	0	36	13	0	0	-1	7	0	-1	-1	0	6	-1	0	36	49	0	0
c17834	-1	11	-1	0	15	0	0	0	12	0	-1	39	0	36	13	33	-1	0	30	-1	50	0	-1	-1	0	30	37	38	0	0
c17866	-1	-1	26	-1	-1	0	-1	0	36	30	0	-1	-1	36	13	0	0	0	37	0	-1	-1	0	6	0	0	20	0	-1	39
c17878	0	11	0	12	0	0	36	0	-1	0	0	29	0	36	-1	-1	0	0	0	0	-1	20	0	-1	-1	0	0	0	-1	0
c17892	10	11	0	-1	39	15	-1	0	0	0	0	0	0	36	13	33	0	9	30	16	0	7	-1	6	-1	-1	0	0	0	37
c17896	35	-1	0	-1	15	0	0	0	-1	35	31	39	0	36	-1	-1	0	-1	30	16	0	0	0	6	10	37	0	0	0	0
c17897	-1	11	0	-1	15	0	0	0	37	35	31	39	-1	36	13	33	-1	7	30	16	0	0	0	6	10	-1	0	0	0	0
c17898	-1	-1	-1	0	0	-1	0	0	-1	0	48	0	0	36	13	-1	31	0	30	-1	0	7	-1	6	-1	0	0	-1	0	21
c17906	0	11	0	0	48	0	-1	28	10	-1	0	0	0	36	-1	33	0	-1	-1	16	0	22	37	6	0	0	-1	0	7	-1
c17912	0	11	0	0	0	0	36	-1	-1	0	0	29	0	36	13	33	0	0	0	27	30	-1	30	6	0	-1	-1	0	0	9
c17913	0	11	0	0	0	0	36	-1	-1	0	0	29	0	-1	13	33	-1	0	-1	27	30	0	30	6	0	50	0	0	0	-1
c17916	-1	11	0	0	-1	-1	37	-1	0	0	48	0	0	36	-1	33	-1	-1	-1	16	0	0	6	-1	0	0	7	-1	-1	0
c17918	24	11	-1	26	15	0	30	-1	-1	0	31	39	0	36	13	33	22	7	30	-1	30	35	-1	6	0	-1	0	0	0	35
c17920	0	11	36	0	-1	0	0	19	0	0	-1	-1	0	36	-1	-1	0	0	30	16	0	0	48	6	0	0	0	0	30	0
c17929	0	11	-1	0	20	24	37	0	0	0	33	-1	0	-1	13	0	0	36	-1	0	36	31	0	6	38	24	0	0	-1	0
c17947	-1	11	-1	-1	0	-1	37	-1	0	35	48	0	-1	36	13	33	31	0	30	16	32	-1	-1	6	0	0	0	-1	0	0
c17970	10	-1	0	0	0	15	-1	0	-1	22	0	0	0	36	13	33	-1	0	-1	-1	7	-1	-1	6	-1	-1	0	0	-1	0
c17990	0	11	26	39	0	37	-1	0	-1	-1	33	0	0	36	13	37	0	0	24	0	0	31	0	6	36	0	0	0	-1	0
c17994	0	11	0	7	0	0	20	22	0	0	48	-1	-1	36	-1	33	31	0	30	16	48	0	0	6	0	0	12	-1	0	-1
c17995	0	11	-1	7	0	0	20	22	0	-1	-1	0	0	36	13	33	31	0	30	16	48	0	0	6	0	-1	12	-1	0	0
c18004	-1	11	26	35	0	0	39	0	0	28	0	0	0	36	13	39	-1	29	7	-1	37	17	-1	6	0	0	-1	49	0	0
c18005	0	11	26	35	0	0	39	0	0	28	0	0	0	-1	13	39	0	29	7	6	37	17	0	6	0	0	13	49	0	0
c18012	30	11	26	0	20	24	37	0	0	47	33	-1	0	36	13	0	0	36	-1	-1	-1	-1	0	6	38	24	0	0	-1	0
c18013	30	11	26	-1	20	24	-1	0	0	47	33	-1	0	-1	13	-1	0	-1	0	-1	0	31	0	6	-1	24	0	0	-1	0
c18028	-1	-1	0	0	0	0	36	-1	0	0	0	29	-1	36	13	33	0	0	0	0	-1	0	-1	6	0	30	0	0	7	0
c18029	13	11	0	0	0	0	36	0	0	-1	0	29	0	36	-1	33	0	0	-1	0	0	0	0	6	0	30	0	0	7	0
c18033	0	11	26	0	-1	0	37	33	-1	0	33	0	13	-1	13	0	0	0	24	0	0	31	37	6	36	0	0	0	-1	-1
c18038	0	11	0	0	15	50	0	0	-1	0	31	39	0	36	-1	33	0	0	30	16	0	11	0	-1	0	-1	37	38	0	0
c18041	0	11	26	-1	-1	-1	-1	0	0	-1	33	0	0	36	13	0	0	0	0	-1	0	31	0	6	38	24	33	0	-1	0
c18063	0	11	0	-1	48	0	0	0	10	-1	0	0	0	36	13	33	-1	-1	30	16	0	22	0	6	0	-1	0	-1	-1	0
c18083	41	11	26	0	0	-1	-1	-1	0	0	33	13	0	36	13	0	0	0	0	0	0	-1	0	6	0	-1	0	0	-1	0
c18087	0	11	0	0	0	0	0	0	0	13	-1	0	-1	36	13	33	0	48	-1	-1	0	-1	12	6	0	0	47	0	0	0
c18095	0	11	26	0	-1	0	37	0	36	0	0	-1	12	36	13	0	-1	0	37	0	18	-1	0	-1	-1	0	0	-1	-1	39
c18098	-1	11	-1	35	0	0	39	37	0	0	35	0	36	-1	-1	0	0	0	7	12	0	17	-1	6	-1	0	13	-1	-1	36
c18109	0	11	26	35	0	-1	39	0	0	0	7	0	0	36	13	0	19	0	7	37	0	-1	0	-1	0	35	13	49	0	0
c18111	0	11	26	0	-1	4	36	0	-1	0	37	-1	0	-1	13	0	6	0	0	0	-1	0	9	6	-1	0	-1	-1	7	0
c18120	-1	-1	26	-1	0	11	0	0	-1	0	0	0	-1	-1	13	-1	-1	0	9	0	0	0	0	-1	0	47	37	0	24	29
