	0	1	2	3	4	5	6	7	8	9	10	11	12	13	14	15	16	17	18	19	20	21	22	23	24	25	26	27	28	29
c2173	-1	40	0	9	-1	19	0	38	-1	-1	0	0	0	-1	-1	-1	-1	-1	31	0	-1	0	-1	-1	-1	0	0	-1	0	0
c3107	0	0	-1	8	0	0	-1	0	0	0	28	31	0	22	39	34	36	0	6	-1	-1	0	-1	0	30	0	0	0	-1	0
c3165	-1	0	0	8	0	-1	-1	0	0	19	0	31	0	22	-1	-1	36	-1	0	22	-1	0	0	34	11	49	0	0	0	-1
c3250	0	20	0	0	-1	-1	0	-1	5	42	31	-1	-1	22	0	0	0	8	-1	0	-1	0	0	16	0	0	-1	0	-1	27
c3515	34	-1	-1	-1	0	0	11	-1	-1	0	-1	49	0	-1	36	0	2	0	0	38	0	-1	40	-1	0	0	-1	9	-1	12
c3755	0	27	6	-1	-1	-1	0	-1	0	17	0	0	0	-1	0	0	27	-1	-1	-1	38	0	0	-1	0	-1	-1	-1	0	-1
c4270	0	-1	0	37	19	0	7	-1	11	42	-1	31	36	22	0	0	48	0	0	0	38	0	14	19	9	13	0	0	11	34
c4271	0	-1	0	-1	19	-1	-1	-1	0	-1	-1	31	0	22	0	0	48	0	0	34	38	0	14	19	-1	13	0	0	0	34
c4392	-1	13	0	-1	-1	27	28	0	0	-1	0	31	0	22	39	20	36	19	6	0	0	-1	0	0	0	-1	17	27	0	0
c5211	0	0	2	4	0	0	0	31	0	36	0	0	0	-1	32	0	31	34	-1	0	11	0	0	30	0	0	0	0	-1	0
c5268	0	-1	0	0	0	-1	0	0	30	-1	27	0	-1	22	4	-1	0	-1	0	-1	0	0	13	28	0	0	-1	0	37	0
c5443	0	-1	9	0	0	-1	-1	42	-1	27	0	5	0	22	4	19	0	20	0	0	-1	20	-1	0	0	0	0	0	0	0
c5444	-1	14	-1	-1	-1	0	0	0	0	-1	-1	49	0	22	36	0	2	0	0	40	19	-1	9	-1	-1	0	-1	-1	-1	-1
c5494	33	9	0	-1	0	0	-1	31	-1	0	29	0	0	-1	38	42	0	0	0	0	0	0	0	0	11	-1	0	-1	19	0
c5562	32	40	0	0	38	-1	-1	-1	-1	6	28	0	0	22	44	0	0	0	38	-1	0	0	19	3	8	0	-1	0	27	34
c5742	-1	0	0	9	-1	-1	0	38	28	-1	0	-1	0	22	0	0	-1	0	-1	48	11	0	-1	-1	0	-1	0	27	0	0
c5816	0	44	5	0	-1	18	0	-1	-1	42	0	31	0	22	0	-1	-1	27	0	0	0	-1	0	0	0	0	0	28	36	19
c5817	-1	-1	5	19	-1	-1	-1	1	0	42	0	31	0	22	20	0	-1	0	27	0	0	6	0	0	17	0	0	28	0	19
c5861	0	49	-1	37	-1	0	0	0	-1	42	-1	31	40	22	0	-1	-1	44	0	-1	0	0	-1	19	12	13	0	-1	38	-1
c5909	-1	49	0	37	-1	13	0	0	-1	42	-1	31	0	22	-1	-1	48	0	-1	-1	0	0	-1	19	22	13	0	27	0	0
c6064	34	0	-1	-1	0	0	0	44	-1	28	-1	-1	0	22	11	-1	0	0	12	0	25	0	-1	34	0	0	28	11	0	-1
c6079	-1	20	0	5	48	0	0	-1	5	-1	0	-1	36	22	0	0	-1	0	0	17	-1	33	0	-1	-1	0	-1	0	0	27
c6128	32	0	24	31	38	0	0	19	46	0	0	0	19	-1	44	0	0	0	-1	0	37	0	19	-1	0	19	0	0	0	-1
c6497	0	0	-1	0	-1	27	0	19	0	0	0	0	-1	22	44	-1	0	0	0	0	0	0	19	0	0	0	0	0	0	31
c6543	0	20	31	0	-1	0	0	0	5	42	34	-1	-1	22	0	27	-1	13	0	0	0	0	-1	-1	48	-1	0	-1	19	27
c6696	-1	0	30	14	11	19	0	5	-1	0	0	31	-1	-1	0	0	36	20	-1	0	-1	-1	19	0	-1	0	32	0	-1	0
c6741	0	0	0	0	0	-1	-1	-1	0	38	19	31	6	-1	39	38	36	0	0	0	36	35	0	0	0	0	0	9	0	0
c6847	-1	0	-1	-1	11	0	0	38	-1	-1	0	24	0	22	0	0	-1	0	-1	-1	11	0	0	-1	0	0	0	27	0	0
c6910	0	0	0	4	-1	-1	-1	31	0	0	19	0	0	22	0	0	31	-1	27	34	0	0	-1	30	0	0	0	0	-1	-1
c7047	-1	0	0	0	-1	0	-1	19	-1	0	0	0	0	22	44	0	0	-1	0	0	0	0	19	3	0	0	-1	0	27	1
c7154	29	19	0	0	-1	0	19	0	0	42	-1	31	0	-1	0	29	17	-1	0	0	0	42	11	6	0	0	-1	0	-1	0
c7175	-1	0	0	9	11	0	0	38	-1	-1	0	34	0	22	4	0	-1	0	31	0	11	13	0	-1	19	0	-1	27	38	0
c7212	-1	0	-1	19	-1	0	9	1	-1	0	13	31	0	22	-1	0	36	44	1	-1	19	-1	0	1	-1	-1	8	30	4	-1
c7564	-1	0	48	0	0	-1	0	-1	0	0	0	-1	0	22	0	-1	-1	0	0	0	0	-1	0	0	2	7	6	27	0	0
c7640	34	-1	0	-1	49	0	0	0	0	30	-1	49	0	22	36	0	-1	33	-1	0	0	-1	0	-1	0	0	0	0	-1	12
c7741	0	-1	0	4	-1	0	0	15	0	17	19	36	32	-1	1	0	-1	17	9	-1	0	0	-1	0	-1	0	0	-1	14	-1
c7876	0	27	0	0	0	-1	0	0	0	0	0	-1	-1	-1	4	19	0	0	0	-1	30	20	-1	0	0	0	-1	0	0	0
c7906	0	20	-1	-1	-1	0	0	0	5	42	0	31	36	-1	0	-1	-1	17	0	17	0	0	0	-1	0	0	0	0	0	27
c7966	34	0	0	-1	0	0	0	-1	0	-1	-1	49	0	22	36	0	2	-1	0	0	0	0	0	-1	-1	-1	0	0	-1	12
c7984	0	49	0	37	-1	0	0	-1	-1	42	-1	31	3	22	-1	0	48	0	-1	0	27	-1	-1	19	0	13	0	-1	0	13
c8000	-1	0	30	0	-1	38	0	-1	0	0	13	-1	0	-1	28	11	36	0	-1	40	19	-1	-1	0	0	0	-1	27	32	0
c8005	7	0	19	-1	-1	0	0	0	-1	42	0	31	0	22	0	0	-1	0	0	28	0	-1	22	-1	0	6	0	0	0	-1
c8163	0	0	5	0	-1	18	0	30	0	42	0	-1	11	22	0	34	-1	0	0	0	0	6	0	0	38	14	-1	28	0	19
c8194	-1	48	0	0	0	-1	0	0	0	0	-1	14	0	22	-1	-1	13	13	0	31	0	0	1	-1	-1	44	0	0	30	0
c8231	0	-1	0	0	-1	-1	-1	0	-1	0	0	-1	0	22	0	-1	-1	0	31	0	19	0	0	19	-1	-1	-1	0	-1	0
c8332	0	0	0	19	48	0	0	1	0	0	13	31	-1	22	0	0	36	12	0	-1	-1	0	0	-1	-1	0	8	-1	48	0
c8521	0	49	0	37	-1	0	-1	47	-1	42	-1	31	0	22	0	0	48	0	0	4	27	0	-1	19	0	13	0	27	48	-1
c8590	0	27	0	0	0	-1	-1	0	0	-1	0	5	0	22	-1	19	-1	-1	0	-1	-1	20	0	0	0	0	-1	9	0	0
c8591	0	27	0	0	0	-1	0	0	-1	27	0	5	0	22	-1	19	0	0	0	0	-1	-1	0	0	0	0	0	0	0	0
c8714	-1	0	24	9	11	-1	0	-1	0	0	0	0	0	22	-1	7	-1	0	31	34	-1	0	36	0	0	0	0	27	0	-1
c8715	-1	0	24	-1	11	-1	0	-1	19	0	0	0	0	22	0	7	-1	0	31	34	11	0	-1	0	19	0	0	27	0	0
c8798	-1	0	6	-1	0	0	11	0	0	0	29	31	0	22	0	-1	36	9	-1	-1	19	0	0	34	-1	-1	0	-1	13	0
c8899	6	-1	1	0	-1	0	0	0	0	0	0	31	0	22	-1	30	36	0	13	0	-1	0	-1	-1	17	6	0	5	13	-1
c8907	-1	33	-1	-1	0	9	0	-1	0	45	0	49	11	22	-1	17	-1	30	-1	0	0	-1	0	-1	0	-1	0	0	-1	-1
c8942	-1	49	0	-1	-1	34	0	-1	-1	-1	-1	31	-1	22	17	-1	48	0	0	0	27	44	-1	19	0	13	0	-1	0	0
c8982	37	0	5	0	38	0	36	19	0	-1	0	0	0	22	-1	0	9	48	0	-1	0	0	-1	0	0	3	40	27	0	0
c8988	0	27	1	36	-1	-1	0	-1	-1	0	-1	0	0	-1	-1	19	-1	34	0	-1	-1	-1	0	-1	0	0	0	0	0	0
c9011	0	34	0	-1	9	6	0	14	-1	0	0	-1	0	-1	-1	42	7	0	0	31	0	0	0	0	0	31	-1	-1	-1	-1
c9032	34	0	36	-1	0	-1	0	0	28	-1	-1	49	0	22	36	-1	2	-1	0	0	0	0	0	-1	0	7	0	9	-1	12
c9046	6	13	1	0	0	0	40	34	0	19	0	31	-1	-1	0	30	-1	31	13	-1	19	0	0	-1	0	6	-1	-1	13	0
c9050	-1	0	0	0	0	0	38	0	0	-1	-1	14	46	22	0	0	32	0	0	0	38	-1	-1	1	-1	0	0	0	0	0
c9054	0	0	0	0	-1	3	8	38	-1	42	0	31	0	22	30	0	19	0	-1	-1	0	0	0	0	0	0	0	33	34	0
c9103	0	0	-1	0	0	0	38	-1	13	-1	28	31	0	22	0	-1	36	15	12	0	-1	0	0	0	-1	0	0	27	13	-1
c9191	0	0	0	19	48	48	-1	1	0	0	13	31	-1	22	0	0	36	16	22	0	19	0	0	1	-1	-1	8	30	48	0
c9249	-1	0	-1	40	22	-1	0	0	0	-1	-1	0	1	22	0	0	44	0	39	0	0	0	19	0	-1	0	0	-1	17	0
c9294	-1	0	-1	14	0	0	17	38	0	38	0	31	0	22	0	0	36	20	0	0	-1	0	0	0	0	30	-1	27	13	0
c9327	-1	17	-1	4	46	40	-1	0	29	0	-1	0	0	22	-1	13	-1	0	0	-1	0	0	0	30	0	0	0	-1	-1	0
c9332	0	0	0	4	0	0	0	31	0	0	0	0	0	22	0	0	31	34	0	0	-1	-1	0	30	0	-1	0	0	-1	-1
c9340	0	27	-1	0	0	-1	0	0	17	-1	27	0	-1	22	0	19	0	0	6	0	0	0	-1	34	31	-1	0	22	46	0
c9347	0	0	0	0	-1	27	0	19	0	0	0	-1	0	-1	44	0	0	0	0	48	0	38	19	0	0	0	0	-1	0	-1
c9497	0	49	31	37	6	0	0	48	-1	42	-1	31	35	22	0	0	48	0	0	48	-1	-1	-1	19	46	13	0	27	-1	38
c9500	0	0	0	-1	0	-1	0	0	0	-1	0	8	0	-1	0	42	29	-1	-1	0	0	28	0	34	0	0	0	0	27	0
c9512	0	27	9	0	-1	-1	0	0	45	0	0	-1	0	-1	-1	19	0	0	0	-1	-1	0	0	0	0	0	-1	0	0	0
c9513	-1	-1	-1	0	-1	-1	-1	-1	0	-1	0	0	0	-1	4	19	0	-1	0	-1	0	-1	0	0	0	38	0	38	0	0
c9548	34	0	38	0	-1	0	42	0	10	0	0	49	-1	22	36	-1	2	0	0	0	17	-1	0	0	0	35	-1	-1	19	-1
c9549	34	-1	38	30	-1	0	42	0	10	0	-1	-1	0	-1	-1	-1	2	0	0	0	17	0	0	0	0	-1	-1	0	-1	12
c9557	-1	19	0	-1	-1	0	0	28	0	42	0	31	0	-1	0	-1	-1	0	0	-1	0	22	-1	-1	43	40	-1	-1	0	13
c9573	-1	0	-1	0	0	0	-1	0	-1	0	17	39	0	22	0	0	-1	0	-1	38	0	-1	0	0	0	7	6	27	-1	0
c9581	-1	0	-1	9	-1	0	0	38	28	-1	0	19	0	22	0	0	-1	0	31	48	-1	0	0	0	10	0	0	27	0	-1
c9625	0	0	0	0	45	0	0	13	0	28	0	31	9	22	40	0	-1	-1	-1	0	19	42	0	-1	36	-1	0	32	19	0
c9631	-1	27	36	0	0	-1	0	0	-1	0	-1	19	0	-1	0	-1	-1	21	0	-1	0	0	0	-1	0	0	0	0	0	5
c9689	-1	0	0	-1	0	0	48	-1	0	-1	0	0	0	22	0	8	-1	0	0	0	0	-1	0	0	1	0	9	27	0	42
c9691	0	0	0	8	0	0	-1	0	-1	0	0	31	-1	22	39	30	36	-1	0	-1	0	0	0	0	0	48	-1	0	0	8
c9701	-1	17	0	19	48	0	0	1	0	0	13	31	0	22	0	-1	36	0	-1	0	19	-1	11	1	-1	0	8	-1	48	-1
c9724	0	36	-1	-1	-1	-1	0	30	13	-1	-1	31	0	22	0	-1	36	0	-1	0	19	-1	0	0	0	0	0	0	13	0
c9729	-1	0	-1	0	28	-1	-1	-1	-1	0	-1	22	12	-1	46	0	-1	0	31	0	0	0	-1	0	-1	0	0	27	0	-1
c9794	-1	27	0	0	0	-1	0	0	0	-1	0	5	0	22	4	19	-1	-1	0	32	0	20	0	0	0	38	0	0	-1	0
c9835	1	0	0	-1	-1	10	0	0	0	0	-1	31	0	22	39	0	36	0	29	0	0	-1	0	28	0	0	-1	0	0	0
c9848	-1	0	0	30	0	0	38	0	0	32	-1	-1	-1	-1	0	0	-1	-1	0	0	0	0	38	-1	0	0	-1	-1	0	-1
c9876	-1	0	0	-1	-1	0	0	0	0	0	-1	14	0	22	0	-1	0	-1	0	-1	0	0	0	-1	0	-1	0	0	-1	0
c9884	19	-1	0	0	0	-1	0	0	0	0	0	0	0	22	-1	0	19	-1	0	0	-1	-1	-1	-1	0	34	0	0	0	-1
c9938	-1	27	1	-1	0	-1	0	-1	0	-1	11	27	0	22	0	-1	0	-1	0	-1	6	-1	0	29	-1	0	-1	0	-1	0
c9958	0	0	6	0	0	27	-1	1	49	19	7	-1	18	22	0	32	-1	0	0	0	19	0	-1	1	-1	19	0	0	0	-1
c9969	-1	0	0	-1	40	-1	27	-1	0	0	19	8	-1	22	-1	0	0	38	34	0	25	0	0	-1	-1	0	0	40	34	12
c10002	0	0	-1	0	38	0	-1	19	44	0	0	0	0	-1	-1	0	0	0	46	19	5	0	19	0	0	38	35	0	0	-1
c10031	32	0	0	-1	-1	0	-1	-1	0	0	-1	0	-1	22	44	-1	0	0	-1	-1	0	0	19	3	0	0	0	0	-1	0
c10073	42	0	27	0	11	0	0	28	0	-1	0	8	30	22	0	0	0	0	-1	0	0	0	-1	-1	39	32	49	0	6	0
c10074	-1	49	0	37	0	0	0	0	-1	42	-1	31	0	22	0	0	48	-1	0	0	0	0	-1	19	0	-1	0	27	0	0
c10119	8	0	0	-1	-1	0	34	0	19	42	0	-1	0	22	0	-1	-1	-1	11	-1	0	0	-1	0	-1	19	0	13	0	0
c10146	9	-1	0	0	0	-1	0	31	0	19	0	8	24	22	-1	42	-1	0	0	0	0	28	0	-1	-1	0	1	0	46	0
c10147	0	0	0	0	0	0	31	31	11	-1	0	8	0	22	38	42	-1	0	0	0	0	28	-1	-1	0	1	1	0	46	0
c10251	0	27	1	36	0	-1	0	-1	0	34	0	0	0	22	0	19	0	34	0	0	0	-1	-1	-1	-1	0	0	0	-1	0
c10283	34	0	38	-1	-1	0	42	-1	10	0	0	49	0	22	36	23	2	0	-1	-1	0	0	0	0	0	-1	0	0	19	12
c10306	0	0	0	0	0	14	8	-1	0	0	0	0	0	22	8	19	48	40	0	6	-1	0	0	36	0	0	0	0	32	0
c10321	0	19	0	0	-1	0	0	0	49	42	0	31	0	-1	0	-1	17	0	0	-1	0	42	38	-1	-1	0	0	-1	-1	0
c10351	43	0	27	-1	-1	-1	-1	0	0	19	-1	8	0	-1	0	42	0	40	-1	-1	0	14	0	34	-1	0	0	0	0	-1
c10410	-1	0	0	0	19	0	0	0	-1	-1	28	31	31	22	-1	0	36	-1	0	0	19	0	0	0	6	49	-1	-1	13	-1
c10424	0	0	0	19	-1	0	0	-1	0	0	13	31	0	22	46	19	-1	28	0	0	19	0	0	1	-1	0	8	30	-1	0
c10448	-1	27	0	0	0	-1	5	0	0	0	0	0	0	22	4	19	0	5	-1	-1	33	0	13	28	0	0	0	-1	0	0
c10449	-1	27	0	0	-1	-1	-1	0	0	0	0	0	0	-1	-1	19	0	5	0	-1	-1	0	13	28	0	0	0	0	0	0
c10453	34	0	0	-1	0	0	0	0	0	0	2	49	0	22	36	0	2	0	-1	40	19	0	9	-1	-1	0	0	0	-1	12
c10457	19	6	0	48	20	0	-1	25	0	0	-1	0	19	-1	36	-1	16	0	0	0	0	-1	0	-1	0	22	0	31	39	0
c10470	4	-1	-1	0	0	0	0	0	0	-1	19	31	0	22	-1	10	36	-1	-1	27	0	-1	0	-1	0	0	0	0	0	0
c10499	-1	-1	0	9	11	0	0	-1	0	0	0	-1	0	22	0	-1	-1	0	31	0	11	0	-1	0	12	0	0	27	0	0
c10536	32	0	0	0	38	0	-1	19	-1	0	0	0	0	-1	44	0	0	-1	0	0	0	-1	19	-1	0	0	0	0	-1	0
c10576	-1	0	38	0	-1	-1	42	0	10	0	0	-1	17	22	36	0	2	0	0	0	-1	0	-1	0	0	35	0	0	19	12
c10584	34	0	-1	-1	-1	0	42	0	10	0	0	49	-1	-1	36	0	-1	0	0	-1	0	-1	0	0	0	-1	0	0	19	-1
c10585	34	0	-1	0	-1	0	42	0	10	0	0	-1	0	-1	-1	0	2	0	0	0	0	0	-1	0	0	35	0	0	19	12
c10591	0	0	0	0	0	34	-1	-1	0	-1	0	31	0	22	-1	-1	36	0	31	0	0	0	29	-1	0	0	0	0	34	0
c10616	38	27	-1	0	9	-1	0	12	-1	0	0	0	-1	22	4	19	33	0	0	0	0	-1	-1	0	-1	0	0	0	-1	0
c10625	0	27	0	0	0	-1	0	-1	0	0	0	0	0	22	4	19	22	0	0	-1	19	-1	0	-1	0	-1	20	0	0	0
c10659	-1	-1	-1	0	17	0	15	0	-1	14	-1	14	0	22	-1	0	40	0	0	-1	38	0	-1	18	0	0	0	0	0	0
c10683	0	49	-1	37	28	0	0	0	-1	42	-1	31	0	22	0	0	48	0	0	0	27	0	-1	19	0	13	0	27	48	0
c10686	38	27	1	-1	0	-1	14	0	0	0	-1	38	0	22	0	19	0	34	0	31	0	0	-1	0	-1	-1	0	0	19	0
c10761	-1	0	-1	8	0	-1	0	44	18	19	0	31	31	22	39	0	36	0	0	0	0	-1	0	35	0	0	13	5	-1	0
c10777	19	-1	13	-1	0	9	-1	0	0	0	46	34	0	22	0	0	0	0	-1	0	0	0	0	30	19	0	40	0	-1	0
c10815	-1	-1	-1	0	-1	-1	0	48	0	17	0	-1	0	22	0	-1	-1	2	0	19	0	27	0	28	-1	7	6	27	-1	0
c10912	35	0	0	0	22	0	0	2	0	0	0	0	11	22	0	-1	-1	0	0	-1	22	0	5	8	-1	19	0	-1	0	0
c10936	-1	-1	0	0	14	0	0	46	-1	0	0	31	13	-1	39	0	36	0	29	0	0	0	0	28	-1	0	29	28	0	0
c11064	0	0	-1	14	0	0	-1	0	-1	-1	0	31	0	22	-1	48	36	20	0	-1	-1	0	-1	0	19	0	0	-1	13	0
c11128	0	20	0	0	0	0	0	0	5	42	0	31	-1	-1	0	0	0	8	31	31	-1	-1	0	0	0	0	0	0	0	27
c11132	-1	-1	48	0	-1	1	1	-1	0	0	-1	0	44	22	44	0	0	-1	0	0	34	0	-1	0	0	0	0	0	0	0
c11136	49	27	0	22	-1	-1	5	0	38	-1	-1	34	-1	22	-1	0	-1	0	33	0	0	0	0	-1	19	19	20	34	0	0
c11159	30	5	0	0	38	0	-1	19	0	0	0	-1	0	22	-1	0	0	0	0	-1	-1	0	19	0	0	0	17	0	0	3
c11185	-1	40	0	-1	0	-1	0	22	0	0	-1	0	0	22	0	0	-1	0	0	0	0	0	17	0	0	0	0	-1	0	0
c11208	14	27	0	0	0	-1	15	-1	0	0	0	0	0	22	0	-1	0	0	-1	-1	1	0	-1	0	0	-1	-1	7	0	-1
c11248	0	27	0	0	0	-1	-1	0	0	0	0	0	0	22	4	19	0	-1	0	0	0	20	0	0	0	0	-1	0	0	17
c11293	27	0	0	0	38	27	0	-1	0	11	0	19	0	22	-1	0	0	0	0	0	0	0	19	0	38	0	0	-1	0	0
c11294	-1	-1	19	9	11	-1	-1	38	0	0	0	0	0	22	-1	-1	-1	30	31	31	11	0	-1	7	0	0	-1	27	0	0
c11320	9	0	-1	0	46	0	0	0	0	-1	0	14	-1	-1	0	0	27	48	36	0	-1	0	47	-1	0	19	0	0	0	0
c11382	-1	0	6	-1	0	38	0	1	0	0	0	-1	-1	22	0	0	36	0	0	13	19	34	0	1	-1	0	-1	20	0	28
c11409	0	0	0	19	48	0	0	-1	-1	-1	13	-1	0	-1	0	0	36	0	0	0	19	42	0	1	-1	0	8	30	48	0
c11479	31	-1	0	-1	-1	48	0	30	36	30	0	0	13	-1	0	-1	0	0	0	0	0	0	0	0	0	0	0	-1	-1	0
c11506	0	19	0	0	-1	0	0	3	-1	42	0	-1	0	22	-1	29	17	0	0	-1	0	42	0	0	0	-1	0	0	-1	0
c11530	0	49	0	37	0	-1	0	48	-1	42	-1	-1	0	-1	0	17	48	0	0	-1	0	0	-1	19	0	13	0	27	0	43
c11531	0	49	0	-1	0	-1	0	48	-1	42	-1	-1	0	22	0	17	48	0	0	48	-1	0	-1	19	0	13	0	27	24	0
c11546	-1	0	0	0	0	0	11	0	-1	0	29	31	-1	-1	0	0	36	9	5	-1	19	-1	0	-1	0	17	0	30	13	-1
c11602	0	-1	0	-1	-1	0	0	-1	0	0	0	0	0	22	7	-1	0	27	0	-1	2	0	0	0	-1	-1	0	-1	-1	-1
c11812	0	49	0	37	-1	0	0	0	-1	42	-1	31	0	22	0	0	48	-1	0	0	0	0	-1	19	0	13	0	27	0	0
c11849	0	0	0	-1	-1	0	12	0	0	0	0	31	0	22	0	48	36	20	0	49	-1	0	-1	-1	19	0	0	27	13	0
c11871	36	0	0	-1	-1	0	30	-1	-1	0	0	-1	1	22	17	0	36	27	0	0	19	0	0	-1	-1	-1	-1	28	19	0
c11921	-1	-1	-1	-1	-1	0	0	-1	-1	0	29	31	30	22	0	-1	36	9	-1	0	19	0	0	34	0	17	46	-1	13	-1
c11939	0	19	27	-1	29	27	11	0	7	13	9	0	-1	22	0	0	0	0	40	19	0	38	18	36	9	-1	0	33	1	0
c11942	0	0	-1	-1	0	-1	0	0	0	0	0	19	-1	22	-1	30	0	0	0	-1	-1	-1	0	0	0	8	0	0	0	0
c11977	-1	-1	0	0	19	0	-1	0	31	20	-1	14	43	22	0	-1	0	13	0	33	38	0	0	0	49	0	0	-1	9	0
c12091	0	27	0	0	31	-1	17	-1	0	0	0	0	-1	22	-1	19	0	0	2	-1	0	0	0	0	22	28	0	49	0	0
c12135	-1	0	6	0	0	0	0	-1	0	0	0	-1	0	-1	0	0	36	0	0	13	-1	41	0	1	-1	29	48	20	0	28
c12176	40	-1	0	0	3	38	32	42	-1	0	28	31	0	22	0	-1	36	0	46	0	19	0	0	0	17	14	-1	7	0	0
c12177	40	0	-1	0	-1	38	32	-1	39	0	28	31	0	22	0	-1	-1	0	46	0	-1	0	0	-1	17	14	13	-1	0	-1
c12278	29	0	0	0	-1	0	34	-1	13	0	49	31	-1	22	46	0	36	34	0	5	19	-1	0	0	0	0	0	0	13	34
c12315	0	19	27	-1	29	0	0	0	0	0	9	-1	0	-1	34	34	0	0	40	19	-1	38	0	36	0	-1	0	33	1	0
c12337	-1	0	11	0	-1	0	0	48	0	0	-1	8	0	22	11	-1	0	0	12	0	25	0	0	34	-1	-1	0	0	-1	12
c12340	34	-1	-1	-1	38	0	11	0	0	0	-1	49	-1	22	36	28	2	9	0	-1	27	0	40	-1	0	0	0	0	-1	12
c12361	0	27	-1	-1	-1	0	5	34	0	0	0	34	-1	-1	-1	0	5	0	33	0	-1	0	-1	-1	0	-1	0	34	0	0
c12391	-1	-1	0	0	0	0	0	0	-1	0	-1	31	-1	22	7	0	36	9	0	0	19	0	0	34	0	17	0	34	13	-1
c12401	-1	0	4	-1	4	0	9	-1	42	13	8	0	48	-1	0	0	19	-1	-1	0	-1	27	-1	38	0	34	0	0	0	-1
c12418	0	-1	0	0	-1	-1	0	0	0	1	19	0	0	22	0	-1	0	0	-1	0	0	-1	-1	34	-1	-1	49	-1	0	0
c12423	-1	36	-1	32	28	0	0	38	0	0	0	0	0	22	46	0	-1	0	31	0	0	0	-1	36	19	0	0	-1	-1	34
c12455	-1	0	-1	9	-1	0	0	38	28	-1	0	0	-1	22	-1	0	-1	0	31	48	11	0	-1	0	10	0	0	-1	0	0
c12456	-1	0	32	0	22	0	0	-1	0	0	0	36	11	-1	0	-1	7	14	0	-1	-1	39	5	8	0	19	0	-1	0	-1
c12465	0	8	17	10	0	0	0	0	13	-1	-1	31	8	22	8	0	36	8	0	42	-1	-1	13	0	0	30	-1	0	13	-1
c12470	-1	17	0	0	-1	0	0	-1	-1	-1	38	-1	0	22	0	30	31	0	4	-1	32	17	0	27	5	8	34	-1	0	0
c12481	-1	0	0	29	0	-1	0	0	0	-1	0	-1	0	-1	0	42	0	-1	-1	0	0	34	38	0	0	0	0	-1	0	-1
c12512	-1	0	1	0	-1	0	0	-1	34	0	0	31	-1	-1	0	30	36	40	13	0	-1	0	0	-1	0	-1	0	0	13	0
c12536	0	27	0	0	0	-1	0	0	0	0	-1	-1	0	22	4	19	0	0	0	0	0	20	-1	-1	0	-1	0	0	0	-1
c12573	0	27	0	0	0	-1	0	-1	40	38	-1	0	0	22	4	19	22	0	0	0	0	0	0	-1	0	0	0	0	0	0
c12592	-1	0	-1	-1	-1	19	-1	38	0	0	27	0	0	-1	0	-1	-1	0	31	-1	11	-1	0	0	0	0	0	-1	0	0
c12673	0	-1	0	-1	19	-1	0	0	13	0	-1	31	31	22	-1	-1	36	15	0	0	19	0	-1	0	6	0	11	-1	13	-1
c12681	-1	0	0	19	48	0	0	1	30	0	13	31	0	22	0	-1	36	0	0	0	19	-1	0	1	-1	0	8	-1	-1	0
c12715	0	28	-1	-1	0	34	0	28	0	-1	44	6	0	22	-1	30	31	0	40	0	32	0	0	27	0	8	-1	0	27	0
c12805	19	0	0	4	0	-1	28	31	-1	0	0	48	48	-1	-1	-1	0	34	31	31	28	0	0	-1	0	33	-1	9	0	-1
c12823	0	-1	0	0	-1	-1	39	-1	13	0	0	31	0	22	0	0	36	0	0	-1	19	-1	0	-1	0	0	-1	0	13	0
c12834	-1	19	0	0	28	0	0	11	0	-1	-1	14	-1	-1	-1	-1	34	-1	34	0	0	0	0	30	0	0	19	0	0	48
c12878	0	-1	6	0	5	0	0	1	0	0	0	-1	0	22	0	0	36	0	0	-1	19	-1	-1	1	-1	-1	48	20	0	28
c12924	0	-1	0	0	-1	0	-1	19	0	0	0	0	0	22	44	-1	0	-1	0	0	20	-1	19	19	0	0	0	0	-1	0
c12925	0	-1	0	0	38	0	18	19	0	0	-1	0	-1	22	44	-1	0	0	0	0	20	0	-1	0	0	-1	-1	0	0	0
c12942	34	5	-1	-1	0	0	-1	31	11	0	-1	49	0	22	-1	-1	-1	19	0	0	0	0	0	-1	30	33	20	0	-1	12
c12997	-1	-1	-1	34	0	-1	0	-1	-1	11	0	-1	0	22	27	30	-1	0	0	19	32	27	0	39	0	8	0	0	42	0
c13000	0	40	0	36	30	-1	-1	-1	0	0	0	-1	0	22	0	30	10	7	0	0	-1	24	0	0	-1	3	0	-1	0	0
c13126	34	0	0	-1	-1	27	-1	0	0	0	19	8	0	22	11	-1	0	0	12	-1	25	0	0	34	28	0	0	0	0	12
c13195	-1	0	0	-1	-1	5	0	38	0	0	0	0	0	22	6	0	-1	0	31	-1	11	0	0	0	0	0	45	-1	0	-1
c13197	0	-1	0	0	-1	28	0	46	-1	0	0	31	13	22	39	-1	36	-1	29	0	0	0	-1	28	-1	19	29	-1	0	-1
c13198	-1	0	-1	9	11	0	-1	38	28	0	45	0	0	-1	0	0	-1	0	31	48	11	0	-1	0	10	0	0	27	0	0
c13245	0	-1	0	0	38	0	0	19	32	0	25	22	-1	22	44	0	0	0	11	-1	0	0	19	0	0	0	0	0	0	47
c13259	13	0	0	-1	0	0	0	0	-1	0	0	31	0	22	0	0	36	20	0	0	19	0	0	0	19	44	0	27	-1	-1
c13261	-1	0	-1	41	42	0	0	-1	-1	0	-1	39	29	22	-1	17	-1	0	0	0	-1	0	-1	28	-1	7	-1	27	0	0
c13307	-1	-1	27	-1	29	0	0	6	0	34	9	0	0	-1	0	46	0	-1	40	19	0	38	18	-1	8	-1	-1	33	1	0
c13318	0	0	-1	14	0	0	0	15	-1	38	0	31	0	22	0	0	36	-1	0	0	19	11	0	0	0	-1	37	27	-1	0
c13324	-1	-1	-1	-1	0	-1	34	22	0	-1	-1	0	-1	22	-1	0	-1	0	0	0	-1	0	0	0	-1	2	-1	27	-1	11
c13325	-1	0	-1	0	0	0	34	-1	0	-1	0	0	0	22	0	0	-1	38	0	0	-1	0	0	-1	1	-1	0	27	0	11
c13340	0	27	0	0	0	-1	0	0	-1	0	-1	0	0	22	4	19	-1	0	-1	0	-1	-1	13	11	33	0	0	0	0	-1
c13343	0	27	-1	-1	0	-1	-1	0	0	0	0	19	0	22	0	19	10	21	0	0	0	-1	38	-1	-1	6	0	-1	0	42
c13372	-1	0	11	-1	-1	0	19	31	17	0	0	0	9	22	-1	27	28	34	15	-1	-1	0	0	30	0	0	31	42	0	11
c13389	0	49	-1	37	0	0	0	-1	-1	42	-1	31	40	22	0	0	48	-1	0	0	0	-1	-1	19	0	13	19	27	0	-1
c13444	30	-1	-1	-1	-1	-1	0	-1	7	-1	0	31	-1	22	34	29	-1	17	0	0	28	21	-1	6	-1	-1	0	0	-1	0
c13448	0	33	11	34	0	0	0	-1	0	0	-1	31	0	22	39	-1	36	0	-1	17	14	0	0	28	0	-1	29	0	0	0
c13452	0	22	0	-1	0	0	0	19	0	0	0	0	0	22	-1	-1	0	0	0	0	0	-1	-1	30	0	-1	40	-1	17	0
c13459	42	0	0	4	0	0	0	31	0	0	0	0	0	22	-1	11	31	34	0	0	0	0	0	30	0	-1	0	0	0	-1
c13508	-1	40	-1	0	-1	0	0	-1	0	38	-1	0	36	22	-1	-1	-1	-1	0	-1	-1	0	39	-1	5	0	-1	27	0	0
c13529	-1	0	0	9	11	0	0	38	-1	0	0	6	13	22	0	0	-1	0	31	0	11	0	0	0	0	0	35	27	0	0
c13570	0	0	0	36	11	0	-1	-1	0	0	27	-1	0	22	0	30	0	28	-1	20	-1	-1	-1	27	0	20	10	45	-1	-1
c13584	30	5	0	0	38	0	32	19	0	-1	0	0	0	22	-1	0	0	0	-1	-1	11	0	19	1	0	-1	-1	0	17	3
c13607	-1	0	-1	-1	0	0	0	1	0	0	0	-1	0	22	0	0	36	0	-1	13	19	34	0	1	-1	0	0	20	49	28
c13641	-1	5	0	0	38	0	0	19	0	0	0	0	0	-1	44	12	0	-1	-1	-1	-1	0	19	-1	0	27	38	0	0	3
c13643	-1	0	0	-1	0	0	0	0	-1	-1	-1	31	0	22	-1	0	36	15	12	0	19	0	-1	0	-1	0	0	-1	13	-1
c13671	-1	0	-1	0	0	0	0	0	38	0	0	-1	9	22	0	-1	0	-1	-1	0	-1	0	0	5	46	0	-1	-1	0	-1
c13684	0	27	0	-1	4	-1	0	-1	0	27	0	-1	0	22	4	19	8	0	0	0	0	20	0	0	-1	0	0	-1	0	0
c13695	0	27	0	-1	-1	-1	0	0	-1	0	0	0	0	22	4	19	39	0	0	0	0	20	0	0	0	0	0	0	0	0
c13765	-1	14	-1	-1	17	0	0	0	0	0	2	49	0	22	36	-1	2	2	-1	0	0	0	0	-1	13	-1	0	0	-1	12
c13792	0	0	33	0	0	-1	0	-1	0	-1	19	31	-1	22	-1	0	36	0	0	-1	9	-1	0	-1	0	-1	-1	-1	0	0
c13857	-1	27	36	40	0	-1	0	-1	0	0	0	0	-1	22	0	-1	-1	21	-1	0	9	0	10	-1	0	0	0	0	0	0
c13860	0	0	0	0	0	0	0	-1	13	0	28	31	-1	22	0	0	36	15	12	0	19	0	0	-1	-1	-1	0	-1	13	-1
c13865	0	0	6	0	0	0	11	1	0	0	-1	31	-1	22	0	0	-1	0	0	0	19	28	0	1	-1	0	1	0	-1	-1
c13882	-1	0	0	4	0	-1	-1	0	29	-1	3	0	0	22	0	-1	0	0	0	-1	-1	-1	0	-1	-1	0	0	0	-1	0
c13905	-1	0	0	0	0	-1	0	0	0	0	0	0	-1	22	0	0	-1	0	31	-1	0	0	0	0	0	0	-1	27	2	17
c13960	0	19	28	28	-1	-1	0	0	0	42	0	-1	0	22	-1	29	17	0	0	-1	0	0	0	0	0	0	29	0	0	-1
c13962	30	5	-1	-1	38	0	0	-1	-1	-1	34	35	-1	22	44	33	-1	0	-1	6	0	0	19	22	0	9	0	0	0	-1
c13994	-1	27	0	9	0	-1	0	0	0	0	0	0	27	22	0	19	9	-1	34	0	0	0	0	31	-1	28	0	-1	0	0
c14036	34	0	0	-1	0	0	0	0	0	-1	2	49	0	22	36	0	2	0	0	0	0	0	11	-1	0	0	20	28	-1	12
c14040	0	0	0	-1	0	-1	0	0	13	-1	-1	31	-1	22	0	0	36	15	0	0	-1	12	36	0	-1	0	-1	0	13	-1
c14041	-1	-1	-1	0	0	0	0	0	13	0	28	31	0	22	0	0	36	15	0	-1	19	0	36	-1	-1	0	0	0	13	-1
c14095	0	0	13	0	-1	0	2	19	-1	40	0	0	0	22	44	-1	0	0	0	0	0	0	19	0	-1	30	0	0	0	0
c14142	0	0	0	-1	0	0	0	-1	0	0	-1	0	0	22	0	30	20	28	30	20	32	-1	0	27	-1	20	-1	-1	0	0
c14186	-1	49	0	-1	0	0	0	30	-1	42	-1	31	0	22	0	-1	48	0	0	0	0	0	-1	19	0	13	9	27	-1	0
c14187	0	49	0	-1	30	0	0	-1	-1	42	-1	31	0	22	0	0	-1	0	0	0	0	0	-1	19	0	13	-1	27	0	0
c14223	0	0	0	28	38	-1	-1	19	0	0	-1	0	0	-1	0	8	0	48	0	-1	-1	0	19	0	0	38	-1	-1	0	0
c14267	0	-1	0	0	11	0	45	43	0	34	30	31	0	22	-1	0	36	11	37	-1	0	0	5	0	-1	0	0	0	-1	0
c14278	-1	0	-1	-1	0	-1	-1	1	0	0	0	31	1	22	17	2	36	27	0	0	-1	0	0	0	-1	-1	40	0	19	0
c14307	-1	0	0	9	11	0	0	-1	0	0	0	34	-1	22	0	32	-1	31	31	0	-1	13	0	34	19	0	0	27	0	0
c14330	-1	0	11	-1	0	0	9	32	-1	0	0	31	0	-1	39	0	36	0	0	-1	-1	-1	-1	11	0	0	0	0	0	0
c14365	34	0	0	-1	-1	0	0	0	0	-1	-1	-1	0	22	36	0	-1	38	0	0	0	46	0	-1	0	-1	-1	0	-1	12
c14374	34	0	0	-1	0	0	0	-1	0	-1	2	49	0	22	36	0	2	-1	0	-1	-1	0	0	-1	0	33	20	0	-1	-1
c14375	34	0	-1	-1	0	0	-1	-1	0	-1	2	49	0	22	36	-1	2	0	0	1	0	0	0	-1	0	33	-1	0	-1	-1
c14393	-1	19	-1	-1	29	0	0	-1	0	-1	9	0	-1	22	-1	30	-1	0	40	19	27	38	-1	36	-1	-1	0	33	1	-1
c14413	0	0	40	0	39	6	44	0	13	0	48	-1	0	22	0	0	36	-1	0	0	19	0	0	0	0	0	44	0	13	-1
c14428	0	0	0	-1	0	0	0	-1	31	38	19	31	0	-1	39	38	36	11	0	-1	-1	-1	0	0	7	0	0	0	48	6
c14437	-1	27	1	0	44	-1	0	-1	0	10	0	-1	0	22	0	-1	0	1	0	0	0	20	26	34	0	0	0	0	0	0
c14486	-1	49	31	37	0	-1	0	-1	-1	42	-1	31	-1	22	-1	0	48	0	0	48	31	-1	-1	-1	0	13	17	27	45	0
c14487	0	49	-1	-1	0	0	0	-1	-1	42	-1	31	-1	22	0	0	48	-1	0	-1	-1	-1	-1	19	0	13	17	-1	0	0
c14494	-1	0	-1	0	1	-1	0	0	0	0	0	31	0	22	-1	0	36	9	-1	-1	19	33	0	34	-1	-1	0	0	13	0
c14495	-1	0	0	0	1	39	0	0	0	-1	-1	31	0	22	12	0	36	9	0	40	19	0	-1	34	6	17	-1	0	13	0
c14500	-1	0	-1	0	44	-1	0	0	9	0	0	31	13	-1	0	-1	-1	0	0	11	19	-1	-1	0	0	27	0	-1	0	0
c14526	34	0	0	-1	0	-1	0	-1	0	0	2	49	0	22	36	0	2	0	-1	0	0	0	0	-1	0	33	20	0	-1	12
c14530	-1	0	-1	-1	-1	0	7	0	-1	0	0	0	0	22	48	-1	0	22	-1	46	0	9	-1	38	13	33	2	-1	0	0
c14537	-1	0	-1	0	0	0	-1	0	11	0	0	-1	-1	22	-1	42	0	-1	0	-1	0	0	0	5	0	-1	-1	-1	0	-1
c14546	31	-1	0	-1	-1	-1	-1	30	0	0	0	0	0	22	0	42	-1	0	0	0	0	-1	-1	0	0	-1	13	-1	-1	0
c14569	-1	40	0	0	-1	-1	0	-1	-1	-1	13	0	0	22	19	0	-1	0	0	1	0	0	0	-1	0	-1	0	27	0	0
c14587	19	0	0	-1	-1	0	0	31	-1	0	22	-1	0	22	0	-1	-1	34	-1	0	0	-1	0	-1	9	0	0	0	31	0
c14647	34	-1	0	-1	0	-1	11	0	0	-1	-1	49	-1	-1	36	46	2	0	0	0	0	-1	40	-1	0	-1	0	0	-1	12
c14734	0	0	0	8	0	-1	0	-1	0	0	10	31	19	-1	39	-1	-1	-1	0	0	0	0	0	0	0	20	0	-1	40	8
c14735	0	0	-1	8	0	0	0	-1	0	-1	10	31	0	-1	39	0	36	0	-1	0	0	0	34	0	0	-1	-1	0	40	8
c14736	34	-1	38	0	-1	0	42	0	-1	0	0	49	0	22	36	-1	-1	9	0	0	0	0	0	0	19	35	0	-1	19	12
c14794	-1	-1	-1	19	48	-1	-1	-1	-1	0	13	31	0	22	0	-1	36	0	0	0	19	-1	0	-1	-1	0	8	30	48	-1
c14802	0	-1	0	-1	-1	-1	0	0	13	0	28	31	28	22	46	0	36	15	0	0	19	0	12	0	0	11	17	0	13	-1
c14803	0	0	0	0	0	0	0	-1	13	0	28	-1	28	22	-1	0	36	15	0	0	19	0	12	0	0	-1	17	0	13	-1
c14817	34	0	0	-1	0	7	0	0	0	0	2	49	0	22	-1	0	2	0	-1	40	0	0	30	-1	-1	0	0	0	-1	12
c14819	0	0	19	0	0	-1	0	0	0	0	0	-1	0	22	0	42	0	0	0	27	0	0	0	0	0	0	0	-1	32	11
c14823	-1	38	0	-1	0	0	0	0	0	38	49	49	10	22	36	0	-1	0	39	0	0	-1	0	-1	15	43	0	-1	-1	12
c14859	28	0	-1	-1	40	0	-1	0	0	1	0	0	0	-1	28	-1	0	-1	0	0	0	-1	0	1	0	0	0	-1	-1	0
c14871	-1	0	0	0	-1	0	0	0	9	0	0	31	0	22	-1	17	-1	0	0	-1	19	-1	0	0	-1	27	0	0	0	0
c14881	0	0	0	-1	48	0	0	1	9	-1	-1	31	0	22	0	0	36	0	0	0	19	42	-1	1	-1	0	8	30	48	0
c14920	19	0	39	4	0	0	0	31	0	0	-1	-1	0	-1	0	-1	30	-1	31	20	0	0	0	-1	9	19	49	0	31	-1
c14965	0	27	0	0	0	-1	33	0	17	0	41	0	0	22	0	19	0	0	-1	0	-1	0	0	0	0	0	-1	0	8	0
c14971	0	27	-1	5	0	-1	15	48	0	13	0	-1	0	22	0	19	27	0	0	8	1	0	1	0	0	28	0	-1	0	31
c14983	6	1	1	38	0	0	0	0	0	0	14	31	-1	22	0	30	-1	-1	13	0	-1	0	-1	-1	0	6	38	0	13	0
c14987	-1	0	-1	-1	-1	22	0	34	0	0	9	0	0	22	0	-1	0	0	-1	19	0	38	0	36	31	-1	0	-1	0	-1
c15074	-1	-1	-1	36	0	-1	-1	-1	20	0	0	-1	0	22	0	19	0	34	0	0	0	0	-1	-1	0	0	0	0	0	0
c15189	-1	0	0	0	32	38	0	0	-1	0	-1	-1	0	22	-1	0	36	0	0	-1	19	44	17	-1	27	0	-1	0	0	0
c15194	0	-1	-1	37	0	0	-1	48	-1	42	-1	31	0	22	-1	10	48	0	36	48	0	0	-1	19	0	13	0	27	-1	0
c15229	0	27	0	40	0	-1	0	0	0	0	0	0	27	22	20	-1	0	0	34	0	0	0	0	-1	0	28	0	0	0	0
c15233	19	0	0	9	0	-1	0	0	0	-1	0	0	0	22	-1	0	19	-1	0	0	-1	37	0	0	0	34	0	0	0	0
c15237	0	0	0	-1	-1	0	0	1	0	0	0	31	1	22	17	0	36	27	0	0	19	0	-1	0	-1	-1	-1	0	19	0
c15255	0	27	-1	36	0	-1	0	-1	-1	-1	-1	0	20	22	19	19	-1	34	0	0	-1	0	0	-1	0	0	0	0	0	0
c15256	0	-1	-1	0	-1	17	49	-1	-1	0	-1	0	0	22	0	-1	0	-1	22	19	-1	0	19	0	0	0	-1	46	1	-1
c15257	-1	-1	30	0	-1	17	49	19	48	0	-1	0	0	22	0	0	-1	0	45	19	0	0	19	0	0	0	0	46	-1	-1
c15284	0	0	11	30	-1	0	0	0	-1	42	-1	31	0	22	-1	35	5	0	-1	0	37	0	-1	0	-1	0	0	0	0	-1
c15292	-1	0	0	-1	11	0	0	38	-1	0	0	0	-1	22	0	-1	-1	0	31	48	11	0	-1	0	0	44	-1	27	-1	0
c15300	-1	20	0	0	0	0	0	-1	5	-1	0	31	0	-1	0	0	0	8	31	31	48	0	0	0	0	-1	0	0	0	-1
c15302	-1	0	48	0	22	0	-1	0	0	0	0	0	0	22	2	38	-1	0	-1	0	0	0	0	0	44	7	6	-1	0	0
c15303	-1	0	-1	0	22	0	34	0	0	-1	-1	-1	0	-1	-1	-1	-1	0	0	0	-1	0	0	0	44	7	6	27	0	0
c15324	18	27	0	0	-1	-1	0	0	-1	27	0	0	0	22	-1	-1	0	0	19	0	0	0	0	0	0	0	-1	0	0	0
c15349	0	0	11	8	0	0	9	-1	0	-1	0	31	0	-1	39	0	36	-1	0	0	-1	-1	14	0	0	0	0	0	-1	0
c15360	6	-1	1	-1	0	0	0	28	34	33	-1	-1	0	22	0	30	36	40	13	0	19	0	40	-1	0	6	0	0	13	0
c15388	6	-1	0	33	-1	34	0	0	0	-1	19	31	-1	22	-1	0	0	0	0	0	-1	0	0	19	38	-1	0	0	-1	46
c15410	11	0	-1	0	-1	0	0	0	0	0	0	0	-1	-1	0	0	31	6	0	0	0	0	-1	-1	36	31	0	0	30	0
c15524	0	27	-1	-1	17	-1	0	-1	4	0	0	0	-1	22	0	19	0	0	0	-1	8	0	0	-1	0	-1	34	0	0	0
c15542	-1	-1	0	-1	1	-1	0	0	0	0	2	49	0	22	36	0	2	0	0	-1	-1	0	-1	-1	-1	0	0	27	-1	12
c15543	34	0	0	-1	1	14	0	0	0	0	2	-1	0	22	36	0	2	-1	0	40	0	0	-1	-1	-1	0	0	27	-1	12
c15558	6	0	1	0	0	17	0	0	0	0	0	31	11	-1	-1	30	36	31	13	0	-1	0	-1	-1	0	6	0	0	13	0
c15562	27	0	0	28	0	5	-1	5	0	0	0	0	27	22	-1	-1	0	0	40	-1	-1	0	-1	36	0	-1	33	0	0	6
c15566	9	0	-1	-1	0	0	7	0	-1	0	0	0	-1	22	48	42	-1	22	-1	46	0	-1	-1	38	13	33	2	-1	0	0
c15649	-1	-1	0	9	7	36	-1	-1	0	0	11	1	0	22	0	-1	-1	0	6	0	0	24	29	-1	-1	19	0	-1	-1	0
c15683	-1	-1	-1	36	0	-1	0	-1	0	13	31	-1	0	22	-1	19	0	34	-1	0	0	0	-1	0	0	17	0	-1	0	0
c15719	27	-1	0	28	0	-1	0	5	28	0	0	-1	0	22	0	0	0	-1	40	-1	-1	-1	-1	-1	-1	-1	33	-1	0	0
c15720	31	0	-1	14	0	0	-1	-1	9	0	0	31	0	22	0	48	36	-1	0	0	19	-1	20	0	19	0	0	-1	13	0
c15732	-1	27	0	0	0	0	0	0	0	-1	0	17	0	22	0	19	-1	0	0	0	-1	0	38	0	-1	0	28	0	0	0
c15750	0	49	0	37	0	0	0	0	-1	42	-1	31	40	22	0	-1	48	-1	0	0	0	0	-1	19	0	13	0	27	0	0
c15760	-1	-1	-1	0	28	0	-1	38	-1	30	0	-1	0	22	46	0	-1	0	31	0	4	19	0	0	0	0	-1	-1	0	34
c15770	-1	-1	-1	0	28	0	-1	-1	0	-1	0	-1	0	-1	-1	36	-1	-1	31	0	4	0	0	0	0	-1	0	27	0	-1
c15771	-1	-1	-1	0	28	0	-1	38	0	0	0	0	-1	22	46	36	-1	0	31	0	4	19	0	0	0	28	-1	-1	0	34
c15796	42	28	0	0	11	0	-1	28	0	-1	0	8	-1	-1	0	0	0	0	0	0	0	0	0	34	0	0	49	0	0	0
c15841	-1	0	0	9	11	0	0	38	0	19	0	0	6	-1	0	0	-1	0	31	-1	11	0	0	0	0	0	0	27	-1	0
c15856	0	27	1	-1	0	-1	0	-1	-1	34	0	-1	0	22	0	19	0	34	0	0	-1	-1	0	0	-1	-1	0	0	0	0
c15896	0	-1	3	22	-1	0	49	-1	48	0	-1	0	0	22	-1	0	0	0	-1	-1	0	0	19	0	0	19	0	0	0	0
c15897	0	0	-1	0	-1	0	49	19	48	0	-1	0	0	22	0	0	0	0	-1	19	0	0	19	0	0	19	0	0	-1	-1
c15899	48	0	-1	0	19	0	0	0	-1	0	28	31	-1	22	0	0	36	-1	-1	0	19	0	0	0	0	0	0	0	-1	-1
c15930	0	0	0	-1	0	0	0	-1	0	0	0	31	-1	22	17	-1	36	27	-1	0	-1	0	-1	-1	-1	-1	40	0	19	0
c15940	0	0	0	0	0	0	0	0	13	-1	28	31	-1	22	0	0	-1	15	12	0	19	0	0	0	-1	0	0	-1	13	-1
c15941	0	0	0	-1	19	0	0	0	13	0	-1	31	0	22	-1	0	36	15	12	0	19	0	0	0	-1	0	0	0	13	-1
c15946	-1	-1	-1	-1	0	38	-1	-1	0	0	-1	0	-1	22	-1	42	0	0	0	0	0	-1	0	5	0	-1	-1	-1	-1	-1
c16031	0	0	0	0	38	27	0	19	0	0	0	0	13	22	44	0	0	0	0	0	-1	0	19	0	0	0	0	0	-1	31
c16036	0	0	-1	0	0	0	0	0	13	0	28	31	28	22	46	0	36	15	0	0	-1	14	12	-1	0	-1	17	-1	13	-1
c16037	0	0	0	0	0	0	0	0	13	0	28	31	-1	22	46	0	36	15	0	0	19	0	12	0	0	0	17	-1	13	-1
c16044	-1	0	0	-1	0	19	0	-1	0	0	-1	0	0	-1	-1	-1	-1	0	0	0	32	0	6	27	0	-1	0	0	0	0
c16081	0	0	0	-1	0	0	0	0	-1	6	0	0	0	22	-1	30	0	0	0	19	-1	-1	0	-1	0	8	0	-1	0	0
c16099	-1	0	0	0	0	0	40	22	-1	-1	0	17	0	22	3	0	-1	0	4	0	0	-1	0	-1	-1	20	36	27	0	0
c16112	-1	33	2	-1	0	9	0	22	0	0	0	31	0	22	39	0	36	-1	29	4	0	0	13	28	-1	-1	29	0	0	0
c16144	22	49	-1	-1	0	-1	0	48	-1	42	-1	-1	0	22	0	-1	-1	0	0	48	0	-1	-1	19	0	13	0	27	22	0
c16152	0	27	1	-1	0	-1	0	0	0	0	-1	0	0	22	0	19	0	34	0	0	0	-1	0	30	0	0	0	0	0	0
c16164	0	0	13	0	17	-1	13	0	38	0	0	9	0	-1	-1	19	45	40	0	6	0	0	17	36	0	0	12	0	32	0
c16172	0	34	-1	34	0	-1	0	46	0	-1	0	-1	-1	22	39	0	36	0	29	-1	-1	0	0	-1	0	-1	29	0	27	0
c16216	-1	0	-1	0	0	0	0	0	-1	0	48	-1	0	22	0	30	31	2	-1	0	32	0	0	27	5	8	0	0	0	0
c16265	-1	0	-1	0	28	0	-1	38	0	0	0	0	0	22	-1	-1	-1	0	31	0	4	-1	0	0	0	0	0	27	0	-1
c16278	34	0	4	-1	0	0	0	0	-1	-1	2	49	-1	22	36	0	2	7	0	43	0	0	0	-1	0	33	20	0	-1	12
c16295	-1	-1	0	-1	0	6	-1	-1	13	0	0	31	0	22	0	0	-1	15	-1	-1	-1	-1	0	0	0	0	0	42	13	-1
c16310	-1	-1	0	19	0	0	0	34	0	0	49	27	0	22	-1	42	0	0	0	0	0	0	18	5	-1	0	-1	-1	0	-1
c16311	-1	11	0	19	0	0	0	34	0	0	49	27	0	-1	-1	-1	0	27	0	0	0	0	18	5	-1	0	-1	-1	0	-1
c16320	0	0	0	0	38	-1	0	19	0	0	0	0	-1	22	0	0	9	-1	0	-1	0	0	19	36	-1	36	-1	0	-1	-1
c16342	-1	0	7	0	1	39	-1	0	0	-1	0	31	0	-1	0	0	36	9	-1	0	19	34	-1	34	6	17	0	0	13	-1
c16355	-1	5	-1	40	38	0	0	19	0	0	0	0	-1	22	44	0	0	0	0	-1	-1	0	-1	0	-1	40	-1	28	-1	-1
c16364	0	49	0	37	0	0	-1	0	-1	42	-1	31	0	22	0	0	48	0	0	0	0	-1	-1	19	0	13	0	27	0	0
c16395	-1	12	0	14	-1	0	0	-1	-1	0	0	31	0	22	0	48	36	-1	-1	0	19	0	20	0	19	0	0	27	-1	0
c16401	0	0	0	4	0	0	0	19	31	0	0	-1	0	22	0	0	-1	-1	-1	-1	0	0	0	30	0	-1	40	-1	0	0
c16411	0	49	0	37	-1	0	0	48	-1	42	-1	31	0	22	0	0	48	0	0	48	0	0	-1	19	0	13	0	27	0	0
c16480	0	27	0	9	-1	-1	0	0	0	-1	0	-1	27	22	-1	19	0	0	34	-1	-1	0	0	0	-1	28	0	-1	6	0
c16507	34	15	0	0	-1	27	42	0	10	0	32	49	0	22	36	-1	2	0	0	-1	0	0	3	-1	0	35	0	0	19	12
c16518	38	0	0	-1	38	-1	-1	19	0	0	0	0	0	22	44	0	-1	19	0	0	0	0	-1	0	40	-1	0	-1	-1	1
c16520	34	-1	38	0	-1	0	42	0	10	0	0	49	0	22	36	0	2	0	0	0	0	-1	0	0	0	35	0	0	19	12
c16521	34	0	38	0	-1	0	-1	0	10	0	0	49	0	22	-1	0	2	-1	0	16	-1	-1	0	0	0	35	-1	0	-1	-1
c16527	34	-1	-1	-1	-1	0	11	24	0	0	-1	49	0	22	-1	0	2	0	0	0	0	0	-1	-1	-1	0	-1	-1	-1	12
c16534	0	11	30	14	11	0	0	0	0	-1	0	31	0	22	28	0	36	20	-1	-1	-1	17	19	0	-1	0	32	0	-1	0
c16542	-1	-1	0	0	0	-1	0	-1	5	42	0	31	0	22	0	-1	-1	-1	31	31	48	0	-1	0	0	0	0	-1	-1	27
c16544	0	49	22	-1	0	0	0	-1	-1	42	-1	31	35	22	0	-1	48	0	0	0	0	-1	-1	19	24	13	0	-1	0	-1
c16558	-1	0	45	-1	11	-1	0	38	0	-1	0	0	0	22	-1	0	-1	17	-1	0	11	0	-1	0	0	0	0	27	-1	20
c16580	-1	0	0	0	-1	38	44	-1	0	0	24	45	-1	22	0	-1	0	-1	0	8	0	0	19	33	36	20	0	0	9	9
c16615	-1	40	0	-1	0	4	0	-1	2	0	0	0	0	22	-1	-1	-1	0	21	0	0	0	0	0	0	0	0	27	0	0
c16630	-1	49	0	37	0	-1	0	48	-1	42	-1	31	-1	22	0	0	48	9	-1	48	0	0	-1	19	0	-1	0	27	0	-1
c16697	-1	-1	48	0	-1	0	0	48	0	-1	-1	-1	0	22	0	-1	-1	2	0	-1	0	-1	0	28	-1	-1	6	27	38	0
c16715	0	0	0	4	0	-1	0	0	0	0	0	0	31	22	0	0	4	0	0	0	0	0	0	30	0	0	29	10	0	21
c16744	19	17	0	0	0	0	0	0	8	-1	34	-1	0	22	0	0	19	-1	-1	0	-1	0	13	0	0	34	0	0	0	0
c16745	19	0	-1	0	0	0	0	0	-1	0	-1	0	0	22	-1	0	19	-1	-1	0	0	0	-1	-1	-1	34	0	-1	0	0
c16749	34	5	-1	-1	-1	-1	-1	-1	0	0	2	49	0	22	36	0	2	0	-1	0	0	0	0	-1	0	33	20	-1	-1	12
c16757	0	27	0	-1	-1	-1	0	0	0	0	0	0	0	22	4	19	0	0	0	-1	0	-1	0	0	-1	0	0	0	0	0
c16764	11	0	-1	19	-1	0	0	0	0	-1	0	-1	30	22	-1	19	0	0	0	0	0	6	19	0	0	-1	0	0	0	-1
c16791	34	0	0	0	-1	27	17	0	0	13	19	8	0	22	11	-1	0	0	12	0	25	0	0	34	0	0	0	0	-1	12
c16799	27	0	0	28	-1	0	0	5	0	39	31	0	0	22	19	-1	0	0	40	-1	-1	0	0	36	27	-1	-1	0	0	6
c16811	0	-1	-1	37	-1	0	0	0	-1	42	-1	31	0	22	0	0	48	0	-1	0	0	0	-1	19	0	13	0	27	0	0
c16818	-1	0	-1	0	0	0	-1	22	0	-1	0	17	0	-1	0	0	-1	-1	2	0	0	0	0	-1	1	0	0	27	0	0
c16823	0	36	0	0	-1	-1	0	0	13	0	0	31	0	22	0	0	-1	0	0	0	19	-1	0	28	0	34	0	0	13	-1
c16866	-1	-1	-1	0	1	-1	0	0	0	0	0	31	0	-1	0	0	36	9	5	-1	19	34	0	34	6	17	-1	0	-1	0
c16882	-1	0	11	4	0	-1	-1	31	0	-1	0	0	-1	22	-1	27	-1	34	15	24	0	-1	0	-1	0	0	31	42	0	11
c16889	0	-1	-1	-1	0	0	37	0	0	-1	0	0	0	22	0	42	0	0	0	-1	0	0	0	0	-1	0	0	-1	19	-1
c16899	-1	-1	0	0	0	4	0	22	0	0	0	0	0	22	0	-1	-1	0	13	-1	0	-1	0	0	9	0	0	27	-1	0
c16908	-1	-1	0	9	11	0	0	38	0	-1	0	0	-1	22	-1	0	-1	0	31	0	11	0	0	0	0	-1	0	27	0	0
c16958	34	-1	-1	-1	0	0	11	-1	0	0	-1	-1	0	22	36	-1	2	17	-1	34	-1	0	40	-1	0	0	0	0	-1	12
c16987	18	27	0	0	38	-1	0	0	-1	0	0	-1	0	22	-1	19	0	0	0	0	0	0	0	0	0	0	-1	0	0	0
c17004	-1	0	0	14	0	0	0	0	0	-1	28	31	0	-1	0	48	36	-1	0	0	-1	0	20	-1	-1	-1	19	27	13	-1
c17011	11	-1	0	0	-1	40	0	46	0	28	-1	0	0	-1	0	-1	0	29	0	0	36	0	19	0	0	0	-1	20	-1	-1
c17012	0	27	-1	0	-1	-1	-1	0	0	0	0	0	0	-1	4	19	0	0	-1	0	0	20	35	0	0	0	0	0	0	0
c17013	0	27	0	0	-1	-1	0	0	0	0	-1	-1	0	22	4	-1	0	-1	0	0	0	20	35	-1	0	0	0	-1	-1	0
c17048	0	-1	36	0	17	-1	-1	0	0	-1	0	19	0	-1	0	-1	0	21	5	0	0	0	0	-1	0	7	0	33	0	-1
c17068	34	0	4	-1	49	-1	0	0	0	-1	2	-1	0	22	36	-1	2	0	17	0	19	0	0	-1	0	33	20	0	-1	12
c17085	-1	-1	0	9	11	0	0	38	0	27	0	-1	0	-1	48	-1	-1	0	31	0	11	41	0	-1	0	-1	0	-1	0	0
c17108	0	0	-1	8	0	27	28	0	0	0	11	31	-1	22	39	20	-1	0	6	0	0	0	6	0	0	0	17	0	46	-1
c17128	-1	27	36	0	17	-1	-1	-1	-1	0	0	0	-1	22	14	19	0	0	14	0	-1	0	0	-1	0	0	0	-1	0	0
c17129	0	27	36	0	17	-1	0	0	4	-1	0	0	-1	22	-1	-1	0	0	-1	34	8	-1	0	-1	0	0	-1	0	0	-1
c17141	0	28	19	36	0	-1	0	-1	0	-1	0	0	0	22	34	30	5	21	0	20	32	0	0	0	-1	-1	0	0	0	-1
c17170	-1	0	0	9	11	0	0	38	0	0	0	0	0	22	0	0	-1	0	-1	0	11	0	0	0	0	0	0	27	0	0
c17179	0	-1	0	-1	0	-1	0	30	0	0	0	-1	-1	-1	-1	42	0	-1	0	0	0	0	22	0	-1	0	-1	-1	-1	0
c17189	4	17	0	0	0	0	0	0	-1	38	19	31	-1	22	39	-1	36	-1	-1	0	0	0	-1	-1	0	27	0	27	0	0
c17251	-1	0	0	9	-1	0	0	38	0	0	0	34	0	22	0	0	-1	-1	31	0	11	13	0	2	19	-1	-1	27	0	27
c17290	0	27	0	0	-1	-1	0	-1	0	0	0	0	0	22	0	-1	0	8	0	0	2	0	17	0	0	0	0	0	-1	-1
c17294	-1	-1	-1	-1	10	-1	11	0	8	0	-1	49	0	22	36	0	2	0	0	-1	0	0	-1	-1	0	0	0	0	-1	12
c17305	0	0	0	0	-1	0	0	11	0	42	31	31	-1	22	0	38	-1	-1	0	0	-1	0	0	42	11	0	0	-1	-1	-1
c17323	0	-1	0	0	0	0	0	0	5	42	0	31	-1	-1	0	0	0	8	31	31	-1	0	0	0	0	0	-1	0	0	27
c17340	-1	20	-1	0	0	9	0	0	5	42	0	31	-1	22	0	41	0	-1	0	0	0	48	38	0	0	-1	-1	6	0	27
c17342	11	0	0	0	-1	0	0	46	0	0	-1	-1	9	-1	-1	0	0	0	0	0	0	0	19	0	0	0	-1	0	0	0
c17391	0	-1	0	-1	0	0	0	1	0	-1	-1	36	0	22	0	0	-1	17	0	-1	28	0	-1	0	-1	0	0	10	14	-1
c17395	34	15	0	-1	-1	27	42	0	10	0	32	49	0	-1	-1	0	2	-1	0	19	0	48	3	0	0	35	0	-1	19	12
c17413	0	49	31	37	-1	17	0	48	-1	42	-1	-1	0	22	0	0	48	0	0	48	0	0	-1	19	-1	13	0	-1	0	0
c17434	-1	0	0	-1	0	0	27	22	32	0	-1	31	-1	-1	0	-1	36	0	0	21	19	0	45	34	-1	1	0	1	0	33
c17448	-1	0	38	9	11	-1	0	-1	0	-1	11	0	-1	22	-1	0	-1	0	-1	0	-1	-1	0	0	0	-1	0	-1	0	-1
c17478	0	14	16	8	40	0	0	48	0	0	0	31	38	-1	39	0	36	0	0	17	0	0	0	46	49	-1	44	0	-1	1
c17501	-1	5	0	0	38	0	0	19	0	31	0	0	0	22	44	12	-1	0	0	-1	11	0	19	19	0	0	0	0	0	3
c17526	34	0	0	-1	0	28	0	0	0	38	34	49	10	22	36	0	2	-1	39	0	0	0	46	-1	0	0	0	0	-1	12
c17530	38	-1	0	0	9	-1	0	12	0	0	0	0	0	22	4	-1	33	-1	0	0	0	-1	0	-1	0	0	0	-1	11	0
c17531	38	27	0	0	9	-1	0	12	0	0	0	0	-1	22	4	-1	33	0	0	0	-1	-1	-1	0	0	0	0	-1	11	-1
c17569	0	-1	0	0	-1	0	0	-1	-1	42	0	31	9	22	8	0	17	0	-1	34	0	-1	-1	5	22	-1	0	1	0	-1
c17572	-1	27	-1	0	0	0	27	-1	-1	0	17	39	-1	-1	-1	34	-1	0	-1	38	0	0	0	-1	-1	7	6	27	0	0
c17578	-1	6	42	0	0	0	0	0	31	38	19	31	0	22	39	38	-1	0	-1	-1	-1	-1	35	0	-1	-1	-1	0	0	0
c17580	-1	0	0	28	-1	0	-1	0	13	0	28	31	0	22	-1	28	-1	15	0	-1	-1	0	0	0	19	0	17	0	13	-1
c17593	0	0	0	0	-1	14	0	34	-1	0	0	-1	-1	22	-1	0	0	-1	33	-1	0	38	-1	36	-1	8	0	-1	32	-1
c17602	-1	0	0	19	48	0	0	1	0	0	13	31	0	22	0	0	36	0	0	-1	-1	0	0	1	-1	33	8	30	48	-1
c17603	0	0	0	19	48	0	0	1	0	0	13	31	0	22	0	0	36	0	0	-1	19	0	0	-1	-1	33	8	30	48	0
c17648	-1	0	-1	4	0	0	28	31	0	-1	9	0	33	22	0	9	0	34	31	0	0	0	0	30	0	-1	19	5	0	24
c17675	0	27	-1	0	-1	-1	30	1	0	-1	0	0	-1	-1	0	-1	0	21	0	0	0	0	10	-1	-1	0	0	0	0	0
c17696	0	0	0	4	13	-1	0	0	34	0	-1	-1	31	22	-1	0	4	13	0	-1	31	-1	0	-1	0	0	0	0	19	-1
c17719	0	17	0	4	46	40	-1	0	-1	0	0	0	-1	22	-1	-1	-1	0	1	0	0	0	0	-1	0	0	0	0	27	0
c17724	34	-1	-1	-1	0	0	0	0	-1	0	2	49	0	22	36	0	-1	0	0	0	0	-1	0	-1	0	33	20	0	-1	12
c17725	34	32	-1	-1	0	-1	0	0	0	-1	-1	49	0	22	-1	0	2	-1	-1	0	-1	-1	0	-1	0	-1	20	0	-1	12
c17755	-1	0	0	0	0	48	-1	0	38	17	31	0	9	22	0	42	0	0	-1	0	-1	0	-1	5	46	-1	-1	-1	0	-1
c17762	-1	0	0	0	-1	-1	0	34	0	0	-1	-1	0	22	0	-1	-1	0	0	0	32	0	0	27	-1	8	0	0	0	48
c17780	0	-1	0	19	-1	0	0	-1	9	0	13	31	0	22	-1	-1	36	0	0	0	19	42	36	1	-1	44	8	30	48	0
c17781	0	0	0	19	-1	0	0	1	9	0	13	31	0	22	0	0	-1	0	0	2	19	42	0	-1	-1	44	8	30	48	0
c17782	-1	0	0	9	-1	-1	0	38	28	-1	0	17	-1	22	0	0	-1	0	31	-1	11	-1	0	0	46	-1	0	27	-1	-1
c17796	0	0	-1	-1	0	-1	38	1	0	0	0	31	1	-1	-1	2	36	27	-1	0	19	-1	-1	0	-1	-1	40	0	-1	0
c17823	-1	0	0	8	-1	0	-1	0	0	0	0	-1	0	-1	-1	0	-1	0	0	0	0	0	0	0	11	0	0	0	0	0
c17854	30	5	17	0	38	-1	0	19	-1	0	-1	0	0	22	44	11	31	0	-1	-1	49	0	-1	0	0	0	0	-1	0	-1
c17928	-1	-1	0	-1	0	-1	0	0	31	0	-1	19	-1	-1	0	-1	0	0	28	0	-1	-1	24	0	-1	0	0	0	0	-1
c17947	0	0	0	4	20	0	0	-1	0	-1	0	0	0	22	32	0	-1	34	-1	0	11	0	0	30	0	-1	39	-1	0	-1
c17960	0	17	0	0	-1	0	0	-1	-1	-1	38	0	-1	-1	0	-1	31	8	0	4	32	17	0	27	5	-1	34	17	-1	-1
c17966	0	49	-1	37	0	0	0	0	-1	42	-1	31	0	22	0	0	48	-1	30	0	7	0	28	19	0	13	0	27	0	0
c17967	0	49	0	37	0	0	0	0	-1	42	-1	31	14	22	0	0	48	-1	30	0	0	0	28	19	0	13	0	27	0	-1
c18036	-1	19	0	0	-1	0	0	28	0	-1	0	31	0	22	-1	29	17	0	0	38	0	0	-1	0	0	-1	0	0	0	-1
c18039	0	-1	0	0	0	0	0	39	-1	42	-1	31	0	22	0	-1	-1	8	-1	0	48	0	0	-1	0	0	0	0	0	27
c18053	-1	-1	42	0	0	0	0	0	17	0	-1	-1	0	22	-1	0	15	13	0	0	-1	0	0	0	-1	44	0	0	-1	0
c18055	0	0	0	-1	0	0	0	-1	0	-1	48	31	1	22	17	-1	36	27	0	0	19	0	0	0	-1	-1	40	0	19	0
c18068	-1	-1	0	0	44	0	0	0	-1	32	0	-1	0	-1	0	42	0	-1	0	0	0	0	0	-1	0	-1	-1	-1	0	-1
c18081	-1	-1	0	17	0	-1	0	0	2	0	0	-1	0	22	4	19	0	34	0	0	0	-1	0	0	0	-1	0	0	17	0
c18121	34	0	0	-1	31	0	-1	0	0	0	2	49	0	-1	36	0	2	-1	0	-1	0	0	0	-1	17	33	20	0	-1	12
c18130	0	0	-1	12	-1	13	0	0	0	42	0	31	-1	22	0	-1	31	0	-1	0	0	0	0	0	0	17	0	28	29	0
c18137	-1	-1	0	0	0	-1	0	0	-1	0	0	-1	30	-1	-1	-1	0	29	0	-1	45	0	0	39	0	0	0	0	-1	0
c18191	-1	0	0	0	0	6	-1	0	0	0	0	31	40	-1	9	0	36	9	-1	0	19	0	0	34	0	17	0	0	-1	32
c18195	34	0	-1	-1	0	7	0	0	0	-1	-1	49	0	22	-1	0	2	0	0	-1	0	0	30	-1	-1	0	0	0	-1	12
c18202	19	27	1	0	0	-1	0	19	-1	-1	0	0	0	22	0	19	0	33	0	-1	0	-1	0	0	-1	49	-1	-1	0	0
c18203	19	27	1	9	-1	-1	0	19	0	0	40	-1	0	22	-1	19	0	33	0	34	-1	-1	0	0	-1	49	7	12	0	0
c18231	0	-1	-1	0	-1	-1	15	48	34	13	7	27	34	22	0	19	-1	-1	0	16	-1	0	0	0	0	28	-1	0	-1	0
c18236	-1	0	42	9	11	-1	0	38	-1	0	0	-1	13	22	-1	0	-1	0	-1	0	11	0	0	0	-1	0	11	27	0	41
c18263	34	0	0	-1	-1	-1	0	0	0	0	2	49	0	22	36	0	2	2	0	0	-1	0	0	-1	0	0	28	0	-1	12
c18289	38	-1	0	0	9	-1	0	12	0	0	0	0	0	22	4	-1	33	-1	0	0	0	-1	0	-1	0	0	0	0	-1	-1
c18294	0	0	0	34	19	0	0	-1	13	0	28	31	31	-1	-1	0	-1	15	0	0	19	0	0	0	6	-1	11	-1	13	-1
c18295	0	-1	0	34	19	0	0	0	-1	0	28	-1	31	22	-1	0	36	15	0	0	19	28	0	0	-1	-1	11	-1	13	-1
c18299	-1	28	34	27	-1	-1	0	48	0	42	0	31	0	22	0	35	5	-1	-1	0	0	-1	0	0	28	0	-1	0	-1	0
c18304	0	27	40	-1	28	-1	0	0	-1	17	-1	0	-1	22	4	19	0	0	0	0	0	20	-1	0	0	0	0	0	0	-1
c18305	0	27	-1	0	28	-1	0	0	0	17	27	-1	0	-1	4	19	0	0	0	0	0	20	0	0	-1	0	0	0	0	17
c18306	33	9	0	-1	0	0	-1	0	0	0	29	17	-1	22	38	-1	0	0	9	22	0	-1	0	0	11	-1	0	-1	19	0
c18315	34	0	0	-1	-1	0	17	0	0	0	2	49	0	22	36	0	2	0	0	0	48	0	0	-1	0	33	20	-1	-1	12
c18363	0	-1	13	0	0	39	-1	0	0	0	42	0	33	22	-1	0	-1	1	-1	0	0	0	38	0	-1	0	34	0	0	-1
c18377	6	0	1	-1	11	0	0	0	0	0	0	31	0	22	0	-1	36	0	13	-1	19	0	34	-1	0	6	38	0	-1	-1
c18380	20	-1	0	0	38	0	0	19	0	0	-1	0	-1	-1	-1	-1	0	-1	0	11	46	0	19	0	-1	0	0	0	0	0
c18381	20	0	0	0	38	0	0	19	0	0	0	0	-1	22	44	0	-1	-1	0	0	-1	-1	19	0	-1	0	0	0	0	0
c18382	-1	0	-1	19	28	0	0	10	24	0	-1	0	0	-1	46	0	-1	0	31	0	33	0	0	0	0	39	0	-1	-1	-1
c18392	-1	0	9	-1	0	0	0	0	0	-1	31	0	0	-1	-1	30	0	-1	0	19	32	27	0	-1	0	-1	0	0	2	-1
c18393	-1	0	-1	34	0	0	0	0	0	-1	31	0	0	22	-1	30	0	-1	0	19	32	27	0	0	0	-1	0	0	2	-1
c18428	34	-1	27	-1	-1	-1	0	0	0	0	9	0	13	22	-1	19	-1	0	40	19	0	-1	18	36	0	-1	0	33	1	0
c18458	17	27	0	31	0	-1	0	-1	0	0	-1	0	0	-1	-1	19	0	46	0	-1	0	0	0	0	0	-1	0	0	0	0
c18471	11	0	0	-1	-1	0	44	0	-1	0	-1	45	-1	22	0	0	0	-1	0	8	0	0	19	33	-1	20	-1	0	-1	22
c18506	0	0	0	0	0	0	0	0	19	-1	-1	-1	0	-1	6	0	0	0	0	0	0	0	27	-1	0	0	0	0	-1	37
c18531	28	27	-1	-1	0	0	0	0	-1	0	0	-1	0	-1	0	17	19	-1	48	0	-1	2	-1	0	0	0	0	0	0	8
c18622	0	0	6	-1	11	0	11	19	0	0	0	11	0	22	-1	42	21	0	5	-1	0	0	-1	6	13	0	0	-1	0	-1
c18636	18	27	-1	0	-1	-1	0	0	0	-1	0	0	0	22	4	19	0	0	0	0	0	0	-1	0	0	-1	0	-1	0	-1
c18671	-1	0	0	-1	0	0	0	27	0	-1	21	31	0	22	38	0	-1	-1	0	-1	19	-1	-1	0	0	0	0	0	-1	30
c18683	0	0	2	-1	0	0	0	1	-1	0	7	31	1	22	17	0	36	27	0	0	19	0	31	0	-1	-1	40	0	-1	0
c18696	-1	0	0	-1	15	27	0	0	-1	-1	0	39	-1	22	-1	42	-1	0	35	0	0	-1	13	5	-1	-1	9	-1	0	-1
c18705	34	0	0	-1	0	0	0	0	0	0	-1	49	0	22	36	0	2	0	-1	9	0	0	0	-1	-1	33	20	0	-1	12
c18708	0	-1	0	-1	0	0	38	1	0	0	0	-1	1	22	17	2	36	-1	0	-1	19	0	0	-1	-1	-1	40	0	19	24
c18709	-1	0	-1	-1	0	-1	38	-1	0	0	0	-1	1	22	17	2	-1	27	0	-1	-1	-1	0	0	-1	-1	40	0	19	24
c18716	14	49	-1	37	0	0	0	0	-1	42	-1	31	0	-1	-1	0	-1	0	0	0	0	0	-1	19	-1	13	0	27	0	0
c18717	-1	49	0	37	0	0	-1	0	-1	42	-1	31	0	22	0	0	-1	0	0	0	0	0	-1	-1	0	13	0	27	0	0
c18722	0	27	-1	-1	-1	-1	0	0	0	0	-1	0	0	22	4	-1	0	27	0	-1	-1	-1	0	0	0	0	0	0	0	0
c18760	0	20	0	0	0	0	0	0	-1	42	13	-1	0	22	5	-1	-1	-1	31	0	48	0	-1	-1	-1	0	0	0	0	27
c18761	0	20	0	-1	0	0	-1	0	-1	42	13	-1	0	22	0	-1	0	-1	31	0	48	0	0	24	0	0	-1	0	-1	27
c18762	-1	0	-1	-1	-1	0	-1	38	0	0	0	0	-1	22	46	-1	-1	0	31	-1	4	-1	-1	0	0	0	0	27	0	-1
c18778	11	6	-1	0	1	13	0	0	-1	-1	-1	0	1	22	39	-1	0	0	39	0	-1	0	19	0	33	0	0	0	-1	0
c18782	-1	-1	-1	20	-1	0	0	28	7	42	0	31	-1	22	0	29	-1	17	0	0	0	0	0	0	0	15	-1	0	0	0
c18795	-1	0	0	9	11	0	-1	38	0	0	2	34	0	22	-1	0	-1	0	-1	0	11	13	27	2	19	13	0	27	0	27
c18798	34	-1	0	-1	-1	-1	-1	0	48	0	-1	49	0	22	36	0	2	0	0	0	0	0	-1	-1	-1	0	-1	0	-1	12
c18808	-1	36	-1	-1	28	-1	0	12	0	0	0	0	0	-1	46	0	-1	0	31	0	0	0	-1	0	19	19	0	-1	0	34
c18809	-1	36	-1	-1	-1	0	0	12	0	-1	0	0	-1	22	46	0	-1	0	-1	0	0	-1	0	0	-1	19	0	27	-1	34
c18832	-1	19	0	31	-1	0	0	-1	-1	42	0	-1	0	22	5	29	17	0	-1	39	-1	32	0	15	40	-1	0	0	0	0
c18835	0	0	0	14	0	0	0	0	0	0	0	-1	0	-1	0	48	-1	-1	0	0	19	2	-1	0	19	0	-1	27	13	10
c18872	48	0	-1	49	19	0	0	0	13	38	28	31	-1	22	0	0	36	15	0	0	19	0	-1	0	0	0	11	0	-1	-1
c18895	19	-1	35	0	-1	0	0	27	0	0	0	0	0	22	0	-1	19	-1	0	0	0	0	0	0	0	34	0	0	0	0
c18918	-1	0	-1	0	30	-1	-1	-1	-1	19	-1	8	0	22	0	42	29	0	0	0	0	28	0	34	0	0	-1	0	0	-1
c18919	0	0	0	38	30	-1	0	0	0	19	0	-1	0	22	0	42	29	0	0	0	34	28	-1	-1	0	0	0	0	0	0
c18926	0	0	9	0	0	0	-1	0	13	0	28	31	-1	-1	-1	28	36	-1	0	-1	19	0	-1	-1	0	0	-1	0	13	-1
c18933	46	-1	0	19	17	0	9	1	0	0	13	31	0	22	11	0	36	0	1	-1	19	-1	0	1	-1	0	8	30	4	0
c18980	-1	0	-1	0	0	1	-1	0	0	0	0	-1	-1	22	-1	0	24	0	13	0	-1	27	-1	0	0	0	0	5	0	0
c18996	-1	49	0	37	0	0	0	0	-1	42	-1	31	-1	22	-1	0	48	-1	-1	-1	0	-1	-1	19	0	13	0	-1	0	0
c19004	34	0	-1	-1	0	0	0	-1	0	0	-1	49	0	-1	36	0	2	0	-1	0	0	-1	-1	-1	-1	33	20	0	-1	-1
c19005	-1	0	-1	-1	0	0	-1	0	0	0	2	49	-1	22	36	0	2	0	0	-1	0	-1	0	-1	-1	33	20	0	-1	-1
c19008	0	-1	31	33	-1	34	0	0	0	42	-1	-1	0	22	20	11	14	28	42	0	0	0	38	-1	0	13	7	0	0	0
c19026	-1	40	0	-1	0	4	0	22	-1	-1	-1	0	11	22	-1	39	-1	0	-1	0	0	0	-1	17	0	0	0	27	0	0
c19031	0	28	0	0	-1	0	0	0	0	42	0	-1	-1	-1	0	35	5	0	13	0	0	0	0	0	0	33	-1	-1	0	-1
c19044	6	0	1	0	0	0	0	0	0	0	0	31	0	-1	0	30	36	0	13	18	19	0	0	-1	-1	6	38	13	13	0
c19049	-1	40	-1	-1	0	-1	-1	-1	-1	0	17	11	-1	-1	0	-1	-1	0	0	0	0	0	17	0	0	0	0	-1	0	-1
c19058	0	-1	0	0	0	-1	-1	-1	31	-1	0	0	-1	-1	0	-1	0	34	0	-1	-1	0	24	11	-1	0	0	0	0	14
c19064	0	49	31	37	0	0	30	48	-1	42	-1	31	0	-1	0	-1	-1	0	-1	-1	31	-1	-1	19	0	13	0	-1	-1	0
c19066	0	27	1	19	0	-1	-1	0	0	0	0	0	0	22	0	19	0	-1	0	7	0	0	-1	0	-1	0	0	0	0	0
c19078	0	-1	36	0	0	-1	-1	0	0	0	-1	19	0	-1	0	-1	0	21	0	0	0	0	0	-1	9	-1	0	0	0	0
c19080	27	0	0	0	-1	0	0	0	-1	38	-1	-1	-1	22	39	38	36	0	0	0	0	35	-1	0	0	0	0	9	0	0
c19092	-1	-1	0	33	-1	34	-1	0	0	42	-1	31	0	-1	0	0	0	0	0	0	-1	0	-1	0	-1	-1	34	-1	6	46
c19113	6	-1	1	0	-1	0	-1	0	0	0	31	31	0	22	0	30	36	-1	13	-1	19	0	0	-1	0	6	0	0	-1	0
c19123	-1	49	0	37	0	0	0	0	-1	42	-1	31	3	22	-1	0	48	0	0	0	27	0	-1	19	0	-1	-1	27	0	-1
c19155	19	0	0	4	0	11	0	-1	0	0	0	0	0	22	48	0	30	34	31	0	0	0	0	30	-1	28	0	-1	31	-1
c19160	0	0	-1	11	0	-1	0	0	-1	0	9	0	44	22	0	0	0	11	0	0	-1	-1	0	1	44	7	0	1	21	-1
c19171	34	0	0	0	2	0	-1	0	-1	0	0	0	0	22	19	-1	-1	21	0	19	32	27	-1	-1	0	-1	34	0	49	0
c19203	-1	17	0	0	0	0	0	0	34	-1	19	31	0	22	39	0	36	0	0	0	9	-1	0	0	0	0	0	0	-1	-1
c19210	0	0	0	0	0	0	40	-1	0	19	0	-1	0	22	-1	-1	0	0	30	-1	0	14	0	34	-1	-1	0	-1	0	-1
c19235	34	0	0	0	-1	27	-1	-1	0	13	19	8	0	22	11	-1	0	0	12	0	-1	0	0	34	0	0	0	0	-1	12
c19262	-1	0	30	14	11	0	-1	0	0	-1	0	31	39	22	19	-1	36	20	0	0	-1	17	19	-1	-1	38	32	0	13	14
c19284	-1	-1	0	0	0	4	0	22	-1	-1	-1	0	0	22	0	0	-1	0	-1	-1	-1	0	-1	0	0	0	0	27	0	0
c19285	-1	40	0	0	0	-1	34	22	0	-1	0	0	0	22	0	-1	-1	0	-1	19	-1	0	3	0	0	0	0	27	0	28
c19296	-1	36	-1	0	28	-1	0	-1	0	0	0	0	0	-1	46	0	-1	1	-1	0	0	0	0	27	19	27	-1	27	0	34
c19309	11	0	0	-1	-1	-1	19	-1	-1	-1	0	27	30	22	0	0	0	0	0	0	-1	0	19	0	0	27	11	0	0	-1
c19362	-1	0	5	0	-1	0	0	0	0	2	0	0	-1	22	-1	-1	0	-1	0	0	0	0	0	5	0	-1	0	-1	0	-1
c19365	-1	0	0	-1	27	0	0	22	0	-1	0	0	0	22	11	0	-1	0	0	0	0	0	-1	0	1	-1	0	27	0	-1
c19412	-1	40	0	0	0	4	-1	22	0	-1	13	0	0	-1	-1	0	-1	-1	-1	-1	0	0	0	-1	0	0	0	27	0	0
c19433	0	0	48	-1	0	0	0	0	0	0	0	-1	0	22	0	48	36	20	-1	0	19	0	-1	0	19	0	0	-1	13	0
c19438	34	38	0	-1	0	-1	0	27	0	0	0	49	9	22	0	0	2	0	0	0	34	21	19	0	-1	0	-1	0	19	12
c19442	-1	-1	0	0	38	0	-1	19	0	0	-1	-1	0	22	44	0	0	-1	0	0	0	0	19	3	0	0	0	0	27	-1
c19500	0	49	0	37	0	0	0	48	-1	42	-1	31	0	22	0	-1	48	0	0	48	0	-1	-1	19	0	13	-1	27	0	0
c19501	-1	49	0	37	-1	0	0	48	-1	-1	-1	31	0	22	0	0	48	17	0	48	-1	-1	-1	19	-1	13	0	27	0	0
c19524	33	20	0	0	0	0	17	48	0	42	0	-1	-1	22	0	8	17	0	0	0	0	31	27	0	0	-1	0	0	0	0
c19548	34	-1	38	0	-1	-1	42	0	10	0	0	49	0	22	36	0	-1	0	0	0	0	0	28	0	-1	35	-1	0	19	12
c19612	0	0	0	0	31	0	29	-1	13	0	31	31	-1	22	0	0	36	0	0	0	19	-1	0	0	-1	0	44	0	13	-1
c19626	34	0	4	-1	0	-1	0	0	0	-1	-1	49	-1	22	36	0	-1	0	17	0	0	-1	0	-1	2	-1	20	-1	-1	12
c19632	-1	-1	0	0	0	-1	0	0	-1	0	0	31	0	22	-1	-1	36	-1	-1	0	19	-1	0	34	0	17	0	34	13	-1
c19641	0	0	0	0	38	27	-1	19	6	0	0	23	0	-1	44	0	0	0	0	0	0	-1	-1	0	-1	0	0	0	0	0
c19670	-1	0	0	8	0	0	0	44	18	19	0	31	0	22	39	0	36	0	-1	-1	0	-1	0	-1	0	0	0	5	0	0
c19688	-1	0	0	0	0	0	-1	2	0	0	0	0	0	-1	-1	-1	0	0	-1	0	0	0	18	5	15	0	0	-1	0	-1
c19700	0	0	0	-1	-1	0	0	-1	0	17	2	-1	-1	22	0	0	27	0	40	19	0	-1	42	36	-1	-1	36	0	0	-1
c19727	0	0	0	0	-1	0	0	22	38	42	0	31	9	22	8	0	17	0	0	34	0	24	22	5	22	-1	0	1	-1	0
c19750	-1	0	0	28	38	0	-1	19	0	0	0	0	6	22	0	8	-1	48	-1	0	-1	0	19	0	0	38	9	0	-1	0
c19758	30	5	0	-1	38	0	-1	-1	-1	31	0	11	-1	22	44	-1	0	0	0	-1	11	0	-1	19	-1	0	0	0	38	3
c19761	0	-1	0	-1	38	-1	-1	48	0	19	0	0	0	22	48	42	0	0	40	46	5	0	-1	0	13	0	0	-1	0	-1
c19797	-1	0	0	-1	11	0	0	38	28	-1	0	0	-1	22	0	0	-1	-1	31	48	-1	0	0	-1	0	0	-1	27	0	0
c19842	0	-1	12	4	-1	49	38	31	0	0	0	-1	0	22	32	0	31	34	0	0	0	0	0	-1	-1	14	0	48	0	0
c19862	34	5	-1	-1	0	0	36	-1	0	0	2	-1	0	22	-1	0	-1	0	0	0	-1	0	0	-1	0	-1	20	0	-1	12
c19866	-1	0	0	9	11	0	0	38	0	0	31	0	13	22	0	0	-1	0	31	0	11	0	0	0	28	0	0	27	-1	0
c19932	-1	0	-1	11	0	0	27	0	-1	0	17	-1	0	-1	0	0	-1	0	0	38	0	0	0	0	-1	-1	6	27	0	0
c19934	0	0	0	8	-1	0	0	-1	6	0	0	31	-1	22	39	0	-1	-1	0	0	0	0	9	31	-1	-1	0	0	-1	8
c19946	-1	0	24	0	-1	0	-1	-1	0	0	0	38	0	22	44	0	0	0	-1	0	0	-1	19	11	-1	31	-1	0	0	0
c19961	11	-1	-1	-1	-1	0	0	0	0	0	0	0	0	22	-1	27	19	-1	0	0	-1	47	-1	-1	-1	0	-1	0	0	27
c19987	0	0	0	-1	0	-1	7	9	32	13	-1	31	38	22	-1	42	0	22	0	-1	-1	0	-1	0	13	0	0	-1	-1	34
c20018	-1	0	-1	0	0	6	-1	13	-1	0	0	31	0	22	9	0	36	9	-1	0	19	0	0	34	0	17	29	0	13	-1
c20096	34	15	0	0	-1	27	42	17	10	0	32	49	0	-1	-1	0	2	0	-1	-1	-1	38	-1	0	-1	35	0	0	19	12
c20123	0	-1	0	0	-1	0	0	30	0	-1	-1	19	13	22	0	-1	0	0	0	0	28	0	0	0	0	-1	0	-1	-1	11
c20141	0	0	0	4	0	10	0	0	-1	0	0	0	0	22	-1	0	-1	-1	0	0	-1	-1	0	30	-1	0	-1	0	0	0
c20150	-1	-1	1	0	0	-1	14	0	0	0	40	0	0	-1	-1	19	0	34	0	-1	-1	0	-1	0	0	-1	0	49	0	0
c20151	0	27	1	0	0	-1	-1	0	0	0	40	0	0	22	-1	-1	0	34	0	0	0	0	-1	0	0	-1	0	49	-1	0
c20166	19	-1	1	0	0	-1	0	-1	0	0	0	0	0	22	0	19	-1	-1	0	34	0	-1	0	0	-1	49	7	12	0	0
c20180	0	0	0	31	0	-1	0	0	13	0	28	31	0	-1	0	0	36	-1	0	0	-1	0	0	0	-1	0	0	0	-1	-1
c20230	45	49	-1	37	0	0	-1	48	-1	42	-1	-1	0	22	0	-1	48	-1	0	48	31	-1	-1	19	0	13	17	27	0	-1
c20242	0	49	-1	37	0	34	0	0	-1	42	-1	31	40	22	0	0	48	44	0	-1	0	0	-1	19	-1	13	0	27	34	0
c20243	0	49	0	37	0	-1	0	0	-1	42	-1	31	40	22	0	0	48	44	0	0	-1	0	-1	19	0	13	-1	27	34	0
c20245	0	0	36	14	-1	0	17	0	0	38	-1	31	24	22	0	19	36	-1	29	0	19	-1	-1	0	-1	-1	0	-1	13	0
c20247	-1	0	11	4	-1	0	0	31	0	0	0	0	31	22	-1	27	0	34	15	24	0	0	0	30	0	0	31	42	0	11
c20248	-1	0	-1	0	0	0	35	1	0	0	0	-1	0	-1	0	0	-1	0	0	-1	19	34	0	1	-1	0	0	20	0	28
c20256	-1	0	-1	0	-1	0	0	-1	0	-1	19	-1	-1	22	39	0	36	0	0	0	9	-1	0	-1	-1	2	0	49	-1	0
c20272	0	0	38	0	0	-1	0	46	20	0	0	31	0	22	39	0	-1	0	0	17	38	0	-1	0	0	-1	0	0	0	-1
c20274	0	0	0	0	0	0	-1	0	13	0	28	31	49	22	0	28	36	15	0	11	19	0	0	0	0	-1	17	0	13	-1
c20281	-1	27	1	-1	0	-1	-1	-1	0	0	19	-1	0	-1	0	19	0	34	0	7	0	0	46	0	0	38	0	0	0	0
c20285	-1	20	0	0	6	0	-1	28	2	42	0	31	20	22	0	0	7	0	20	19	0	8	0	0	29	0	0	0	0	33
c20306	0	0	0	-1	0	0	49	0	0	0	-1	31	0	22	39	0	36	38	0	0	0	-1	-1	0	0	0	7	-1	0	0
c20332	0	49	0	37	0	0	0	0	-1	42	-1	31	-1	22	0	0	-1	0	30	0	0	-1	28	-1	0	13	0	-1	7	0
c20333	0	49	-1	37	-1	0	0	-1	-1	-1	-1	31	0	22	0	-1	-1	0	30	0	0	0	28	-1	0	13	0	27	0	-1
c20345	0	27	36	17	-1	-1	0	0	0	0	0	-1	0	22	0	19	0	21	0	-1	0	0	0	-1	-1	20	48	-1	0	-1
c20347	-1	0	0	14	-1	0	0	0	-1	0	-1	31	0	22	0	48	36	20	0	0	19	2	20	0	19	0	-1	27	13	0
c20355	0	27	0	-1	0	-1	0	0	0	0	0	0	0	22	-1	-1	19	0	0	0	-1	-1	0	0	6	0	28	0	0	0
c20367	6	32	-1	38	-1	0	17	0	0	-1	14	31	0	22	0	30	36	0	13	-1	19	0	0	-1	0	6	38	-1	-1	0
c20370	-1	0	0	-1	-1	1	-1	0	0	0	0	-1	0	22	0	0	24	-1	13	0	6	27	-1	-1	-1	0	-1	5	-1	-1
c20371	-1	0	0	-1	0	-1	0	0	0	0	0	0	-1	22	0	0	24	0	13	-1	6	27	-1	-1	0	0	0	5	-1	0
c20395	31	27	0	-1	-1	-1	0	0	5	0	6	-1	-1	22	0	19	0	-1	0	0	0	19	0	0	0	-1	-1	0	1	-1
c20421	9	0	0	-1	-1	0	49	0	17	17	5	0	-1	-1	0	-1	27	41	40	-1	38	0	0	36	0	-1	19	0	0	-1
c20424	17	20	0	0	0	9	0	-1	-1	42	-1	31	-1	22	-1	41	0	-1	-1	0	-1	48	0	0	0	34	-1	6	0	27
c20432	6	27	0	-1	0	0	0	1	13	0	0	0	0	-1	0	0	19	0	0	27	-1	-1	0	-1	0	0	0	0	42	-1
c20450	-1	0	-1	4	-1	0	0	31	0	0	-1	0	0	22	8	0	30	34	31	0	28	-1	0	30	9	-1	0	0	-1	0
c20471	0	27	9	-1	-1	-1	0	0	0	0	-1	-1	0	22	4	19	0	0	0	-1	0	0	0	0	0	0	0	0	0	-1
c20498	34	32	-1	-1	0	-1	0	0	0	0	2	49	17	22	36	0	2	0	0	-1	0	0	0	-1	0	-1	20	0	-1	12
c20499	34	32	-1	-1	0	0	0	0	0	0	2	49	17	-1	36	-1	-1	0	0	0	0	0	0	-1	0	33	20	0	-1	12
c20530	-1	-1	-1	28	0	0	0	5	0	0	-1	0	-1	22	49	4	28	0	-1	6	0	0	0	36	-1	-1	33	-1	-1	0
c20538	0	0	19	0	1	0	0	0	0	-1	0	31	0	22	39	-1	36	0	0	36	0	0	-1	-1	0	34	0	0	0	0
c20539	0	-1	19	0	-1	0	0	0	0	-1	0	31	0	22	39	-1	36	0	-1	36	0	0	29	-1	0	34	0	0	0	0
c20549	-1	0	27	0	38	0	0	0	0	19	42	8	0	22	0	42	0	0	0	-1	0	14	0	34	-1	0	-1	0	0	-1
c20554	19	-1	0	17	0	0	9	0	10	0	8	0	0	22	-1	0	19	17	0	-1	-1	0	0	38	17	34	-1	-1	38	-1
c20555	19	0	-1	17	0	0	9	0	10	0	8	0	0	-1	-1	0	19	-1	-1	-1	-1	0	0	38	17	34	0	0	38	-1
c20556	34	0	48	0	-1	6	0	0	13	-1	0	31	0	-1	0	39	36	15	-1	-1	19	0	0	0	27	-1	0	0	-1	-1
c20565	-1	0	0	9	11	0	0	38	0	27	0	0	-1	22	-1	-1	-1	0	31	0	11	41	0	-1	0	0	0	27	0	0
c20601	19	0	-1	4	-1	0	28	31	0	0	0	48	48	22	0	0	0	34	31	-1	28	0	-1	30	0	33	0	-1	0	24
c20613	34	-1	0	0	-1	0	6	0	37	0	0	-1	0	22	36	0	-1	0	-1	0	0	38	0	38	-1	0	0	0	19	12
c20621	-1	0	0	4	0	0	0	0	-1	0	0	0	31	22	-1	0	-1	49	-1	0	0	-1	0	30	0	0	29	10	0	21
c20630	0	19	27	-1	-1	-1	0	0	0	0	9	0	-1	22	0	0	0	0	40	19	0	38	18	36	-1	-1	0	-1	1	0
c20648	-1	0	0	0	0	0	2	0	0	0	0	-1	0	-1	0	-1	0	-1	0	-1	0	0	0	5	0	-1	-1	-1	0	-1
c20650	-1	49	22	-1	-1	0	0	-1	-1	42	-1	-1	0	22	0	0	48	0	0	0	0	0	-1	19	0	-1	-1	27	0	0
c20659	-1	0	28	-1	0	0	20	0	-1	-1	0	31	-1	22	0	-1	36	0	0	38	19	0	17	0	0	-1	34	17	-1	0
c20665	6	0	1	0	0	0	0	0	-1	0	-1	31	11	-1	-1	30	36	31	13	0	19	0	-1	-1	0	6	0	0	-1	0
c20687	-1	-1	0	0	0	0	38	-1	-1	0	-1	14	46	22	0	0	0	-1	11	0	38	0	0	1	0	0	30	0	0	0
c20690	34	0	0	-1	17	46	0	-1	0	0	2	49	0	22	36	44	2	2	-1	0	0	0	-1	-1	0	0	-1	0	-1	12
c20691	34	-1	0	-1	17	-1	0	0	0	0	-1	49	0	22	36	0	2	2	0	0	0	0	-1	-1	-1	-1	0	-1	-1	12
c20706	34	0	0	-1	0	0	0	0	0	44	2	49	0	22	36	0	2	-1	0	0	0	0	0	-1	0	-1	20	0	-1	-1
c20709	0	0	12	-1	-1	0	0	-1	-1	-1	-1	31	1	22	17	0	-1	27	0	0	19	0	-1	0	-1	-1	40	0	19	0
c20716	0	0	40	0	0	-1	0	0	13	0	0	31	0	22	0	0	-1	-1	0	0	19	0	0	0	0	0	0	0	-1	-1
c20717	0	0	40	0	0	-1	0	0	13	0	0	31	28	22	11	0	36	15	0	0	19	0	0	0	6	0	0	0	-1	-1
c20720	38	0	0	13	38	34	0	-1	0	0	0	0	0	22	44	0	0	-1	0	0	0	-1	19	0	0	0	-1	46	0	1
c20757	0	27	0	0	0	-1	-1	-1	0	13	0	27	0	22	46	19	27	0	0	8	1	-1	0	0	0	28	0	40	-1	0
c20760	-1	27	40	-1	0	0	0	0	-1	0	-1	0	0	22	-1	19	19	0	0	0	0	0	0	-1	6	0	28	-1	0	0
c20776	27	0	31	28	27	0	0	-1	-1	0	0	0	0	22	0	0	0	0	40	-1	-1	-1	48	-1	-1	-1	-1	0	0	0
c20784	0	-1	0	0	0	-1	0	0	13	0	0	31	0	22	-1	0	36	0	0	0	19	-1	0	0	-1	0	0	0	-1	0
c20828	-1	48	-1	0	40	11	-1	0	-1	0	19	8	0	-1	0	0	0	0	0	0	25	0	-1	34	0	0	0	9	33	-1
c20837	-1	-1	-1	0	0	0	0	0	0	0	-1	-1	0	22	0	0	36	-1	0	0	19	0	45	34	-1	17	0	0	13	0
c20844	-1	49	31	37	6	0	0	48	-1	42	-1	31	0	22	-1	0	48	0	-1	48	31	-1	-1	19	0	13	0	27	0	0
c20848	0	-1	0	4	0	0	0	0	0	17	19	36	22	22	46	17	-1	17	0	-1	0	-1	-1	0	0	0	-1	10	14	-1
c20864	-1	0	0	34	38	27	0	19	0	33	0	-1	13	22	-1	-1	-1	0	0	0	-1	0	19	0	0	0	-1	0	0	31
c20866	27	46	0	-1	0	0	-1	5	-1	-1	0	0	0	22	19	0	0	0	40	-1	-1	0	0	36	0	-1	33	0	0	0
c20880	38	27	0	0	9	-1	0	12	0	0	0	0	0	22	4	-1	33	0	0	0	0	-1	-1	29	-1	0	0	0	11	-1
c20881	-1	27	0	0	9	-1	0	-1	0	0	-1	-1	0	22	4	-1	33	0	0	-1	0	-1	0	0	-1	0	-1	0	11	0
c20900	-1	27	-1	-1	27	-1	-1	0	4	17	24	0	19	22	4	19	0	0	6	-1	19	-1	0	0	0	29	17	0	0	-1
c20901	0	-1	-1	-1	27	-1	0	0	-1	17	24	0	19	-1	4	-1	0	0	-1	50	19	-1	34	0	0	29	17	0	0	0
c20969	0	0	0	0	0	-1	-1	12	38	-1	-1	49	-1	22	0	42	-1	-1	0	0	0	0	0	0	0	-1	0	-1	0	0
c20979	34	0	0	0	0	-1	3	0	0	40	-1	8	14	22	11	-1	0	0	12	19	25	0	-1	34	-1	-1	0	0	0	-1
c20998	-1	49	0	37	0	0	0	0	-1	42	-1	31	40	22	-1	-1	48	-1	0	0	-1	0	-1	19	-1	13	0	27	-1	-1
c21030	20	0	0	0	38	0	-1	19	0	0	0	-1	0	22	44	0	-1	19	19	0	0	19	19	-1	0	0	0	0	0	0
c21031	20	-1	0	-1	38	0	0	19	0	0	0	0	-1	22	44	0	0	19	0	0	0	19	19	0	-1	0	0	0	0	0
c21081	-1	27	36	0	17	-1	-1	-1	17	-1	1	19	0	22	21	19	0	21	0	0	0	0	0	-1	0	31	0	0	-1	0
c21084	-1	6	0	0	38	0	0	19	0	24	27	-1	0	22	-1	-1	0	-1	0	0	38	0	19	0	-1	0	0	-1	19	17
c21100	-1	-1	-1	0	0	0	-1	-1	13	0	28	31	0	22	0	28	-1	15	0	11	19	0	0	0	0	0	17	0	13	-1
c21111	-1	0	0	9	11	0	0	38	0	-1	0	6	-1	22	0	-1	-1	0	31	0	11	-1	0	0	28	-1	-1	27	0	41
c21114	-1	0	30	0	27	27	0	33	0	0	-1	14	46	22	27	0	46	0	0	-1	-1	-1	-1	1	2	0	0	0	0	0
c21119	34	0	4	-1	0	33	0	-1	-1	-1	2	49	0	22	36	0	-1	0	0	0	0	0	0	-1	0	33	20	0	-1	12
c21129	0	27	0	11	-1	-1	0	-1	0	34	0	-1	27	22	0	19	-1	0	34	0	0	0	0	0	-1	28	0	0	0	0
c21142	0	27	0	-1	4	-1	0	0	5	-1	0	5	0	22	4	19	-1	0	0	0	0	20	0	7	-1	0	0	0	17	-1
c21143	0	27	-1	-1	4	-1	0	0	5	27	0	5	0	22	4	19	0	0	-1	0	0	-1	0	7	-1	0	0	0	17	0
c21164	0	0	-1	37	0	0	0	0	0	42	-1	31	0	22	0	0	-1	2	0	0	-1	-1	0	19	-1	13	-1	-1	9	0
c21188	9	0	0	9	46	0	0	0	-1	0	0	14	0	22	0	0	27	-1	36	0	0	0	0	0	0	19	0	0	0	0
c21198	34	0	0	-1	0	9	0	0	0	0	0	-1	11	22	-1	17	2	30	0	34	38	0	0	-1	42	10	-1	0	-1	12
c21211	0	19	42	27	-1	31	34	30	0	42	0	31	0	22	36	29	17	0	0	0	45	0	0	45	0	-1	-1	0	-1	0
c21228	-1	-1	19	-1	0	-1	0	2	0	0	-1	-1	0	22	29	42	0	13	-1	-1	0	0	18	5	0	0	0	-1	0	-1
c21232	0	0	0	0	0	-1	0	0	13	-1	-1	31	0	22	0	0	36	15	0	0	19	32	0	-1	0	0	-1	0	13	-1
c21245	-1	-1	0	0	27	0	-1	0	0	0	0	-1	-1	22	0	0	-1	28	-1	-1	19	0	0	19	-1	1	46	0	-1	-1
c21262	0	27	9	0	-1	-1	0	49	-1	0	0	0	0	22	4	19	0	0	-1	-1	0	-1	0	-1	0	0	0	-1	0	0
c21270	0	-1	31	37	0	0	30	48	-1	42	-1	31	-1	22	0	0	48	-1	-1	48	-1	-1	-1	19	0	13	-1	-1	-1	-1
c21271	0	49	31	37	0	0	30	48	-1	42	-1	-1	0	22	-1	-1	48	-1	-1	48	31	-1	-1	-1	0	13	0	27	0	0
c21282	11	-1	48	0	-1	-1	0	-1	0	0	1	-1	-1	22	0	0	4	28	0	0	0	0	-1	0	0	0	0	0	-1	0
c21288	34	0	0	14	-1	0	-1	0	0	0	0	49	38	22	-1	-1	2	0	1	0	0	0	0	19	-1	-1	0	0	19	12
c21306	0	-1	6	0	-1	0	-1	0	13	19	0	8	0	22	28	42	38	0	0	0	0	28	0	-1	0	0	0	40	0	0
c21307	0	0	6	-1	0	0	0	0	13	19	0	8	-1	22	28	-1	38	0	-1	0	0	28	0	-1	-1	0	-1	40	0	0
c21313	0	0	-1	36	0	0	0	-1	0	0	-1	0	0	22	0	30	0	28	30	20	32	0	0	27	-1	0	0	45	0	0
c21341	-1	0	-1	0	1	-1	0	0	0	0	0	-1	-1	22	0	0	-1	-1	5	0	19	34	0	34	6	17	0	0	13	0
c21396	0	0	0	-1	0	-1	-1	1	0	0	0	31	1	22	17	2	36	27	0	0	19	0	0	0	-1	-1	40	0	-1	0
c21414	0	27	0	19	-1	-1	0	0	0	27	-1	5	27	22	4	19	0	0	0	-1	0	20	0	0	0	13	0	0	-1	0
c21415	0	27	0	19	0	-1	0	0	0	27	0	5	0	22	-1	-1	0	-1	0	0	0	20	0	0	0	-1	0	-1	0	-1
c21442	-1	0	0	46	0	0	36	6	0	0	0	-1	34	22	0	30	31	0	0	-1	32	-1	0	27	0	8	17	0	-1	0
c21450	-1	0	27	0	38	-1	19	-1	0	19	0	-1	0	22	27	42	-1	-1	0	0	0	-1	0	34	-1	0	0	2	-1	-1
c21451	-1	0	27	0	-1	-1	-1	0	-1	19	0	8	0	-1	27	42	-1	0	0	0	-1	14	0	34	-1	-1	0	2	-1	-1
c21484	0	0	-1	0	0	-1	-1	0	31	38	-1	31	0	22	39	38	36	0	0	-1	-1	-1	0	0	0	-1	-1	0	0	0
c21490	-1	-1	24	0	38	0	0	-1	0	-1	-1	-1	-1	22	44	0	0	14	41	-1	0	0	-1	0	0	0	0	32	-1	0
c21523	-1	0	0	-1	-1	5	0	-1	-1	42	0	31	-1	22	-1	44	0	0	0	0	0	1	0	0	-1	0	0	27	0	0
c21547	-1	0	-1	4	28	0	0	-1	0	0	-1	0	-1	-1	0	0	-1	19	5	0	0	12	17	30	0	38	40	0	-1	0
c21567	-1	27	-1	0	-1	0	0	1	-1	0	-1	0	0	22	0	19	19	-1	0	27	0	-1	15	-1	0	0	15	0	42	0
c21571	-1	-1	15	0	11	4	-1	-1	0	0	0	0	-1	22	0	8	-1	0	0	0	0	14	-1	-1	0	0	0	27	0	-1
c21576	18	27	0	0	0	-1	0	0	0	0	0	-1	0	-1	4	19	-1	0	0	0	0	0	0	0	0	0	0	0	0	0
c21577	-1	-1	0	-1	-1	-1	0	0	0	0	0	0	-1	22	4	19	27	0	0	0	0	0	0	0	0	0	0	0	0	0
c21580	32	0	24	0	38	0	-1	-1	46	0	0	0	-1	22	44	-1	31	-1	38	0	40	38	19	0	49	19	0	0	0	-1
c21582	0	0	0	8	0	0	0	-1	-1	0	10	31	0	-1	39	0	36	0	0	38	0	0	0	-1	0	-1	0	0	40	8
c21583	0	0	0	-1	0	0	-1	-1	0	0	10	31	0	-1	39	0	36	0	0	38	0	0	0	0	0	-1	0	0	40	8
c21588	-1	-1	-1	0	0	0	0	48	1	0	0	34	-1	22	0	0	-1	2	0	0	34	27	-1	-1	-1	7	6	27	38	0
c21593	19	-1	0	0	4	0	9	-1	42	-1	8	-1	-1	22	0	0	19	17	0	0	-1	-1	0	38	0	34	0	0	34	-1
c21634	0	49	0	37	-1	0	0	48	-1	42	-1	31	0	-1	0	0	-1	0	-1	48	-1	0	-1	-1	0	13	0	-1	0	33
c21656	36	17	0	0	0	0	0	0	-1	-1	-1	31	0	22	39	-1	-1	-1	38	0	0	0	-1	0	0	19	0	-1	-1	-1
c21657	36	-1	0	0	30	-1	36	0	0	38	19	-1	0	22	39	0	36	-1	38	0	0	0	0	0	0	19	0	0	0	-1
c21665	-1	0	0	-1	-1	19	0	-1	0	0	0	-1	0	-1	0	-1	-1	0	31	-1	-1	0	-1	-1	0	0	0	-1	0	0
c21693	0	0	0	0	38	19	-1	19	0	0	-1	0	-1	22	44	0	46	30	0	0	0	0	19	0	0	0	0	-1	0	47
c21731	-1	0	24	0	-1	0	-1	19	46	0	0	0	0	22	44	-1	-1	-1	0	0	0	38	19	0	49	20	0	0	0	0
c21739	6	-1	1	-1	0	0	0	49	0	0	0	-1	0	22	-1	30	36	0	13	0	-1	0	0	-1	-1	6	0	-1	13	1
c21746	11	0	0	0	-1	1	-1	0	0	-1	0	-1	0	22	0	0	24	0	13	-1	6	27	-1	0	0	0	-1	-1	-1	0
c21758	19	0	40	0	0	0	-1	0	0	-1	0	6	22	22	0	30	31	-1	0	0	32	0	0	27	-1	8	0	-1	-1	-1
c21761	34	38	0	-1	0	0	0	-1	0	38	-1	49	10	22	36	0	2	46	39	0	0	0	-1	-1	-1	43	-1	0	-1	12
c21765	0	27	0	0	0	0	0	0	48	-1	0	-1	0	-1	-1	19	19	0	0	9	0	0	-1	0	-1	27	28	-1	0	-1
c21801	0	0	0	4	0	-1	-1	0	29	6	0	-1	0	22	0	-1	-1	0	0	0	49	0	0	30	0	0	0	0	27	35
c21816	0	0	0	-1	-1	-1	0	28	19	42	-1	31	-1	-1	0	0	0	0	0	0	-1	-1	8	27	0	0	17	28	0	0
c21830	0	19	0	0	-1	0	9	30	0	42	0	31	0	22	36	29	17	0	-1	27	45	0	0	0	-1	-1	0	0	0	0
c21841	-1	0	48	0	0	-1	0	0	36	0	0	34	-1	22	0	0	-1	-1	0	0	11	0	-1	0	0	7	6	-1	38	-1
c21859	-1	0	-1	0	-1	-1	0	-1	-1	42	0	31	32	22	-1	-1	-1	0	0	-1	0	1	0	0	-1	0	-1	27	0	0
c21871	-1	0	0	-1	0	0	28	0	-1	19	0	8	-1	22	38	42	38	-1	0	-1	0	-1	11	-1	-1	-1	0	0	0	-1
c21874	-1	48	0	0	-1	-1	0	0	0	0	-1	14	0	22	-1	0	-1	-1	0	-1	0	0	0	0	0	44	0	0	39	-1
c21884	0	0	-1	31	-1	0	0	22	0	42	0	31	-1	22	0	31	17	-1	0	0	0	-1	22	5	-1	-1	0	0	30	-1
c21887	6	0	1	0	-1	0	0	0	0	-1	31	31	-1	22	-1	-1	36	0	13	0	19	-1	0	-1	-1	6	0	0	13	-1
c21895	0	0	-1	4	0	0	7	19	0	-1	0	0	0	22	0	0	0	0	0	9	-1	0	0	30	0	-1	40	0	0	0
c21903	34	0	-1	-1	33	7	0	-1	-1	0	2	49	0	22	-1	0	2	0	0	40	0	0	30	-1	-1	0	0	0	-1	-1
c21907	0	0	-1	0	0	0	-1	0	13	0	49	-1	-1	22	46	9	36	0	0	5	19	-1	0	0	0	-1	0	0	13	34
c21913	34	-1	11	0	-1	0	-1	48	0	0	19	8	0	22	11	-1	-1	0	12	0	25	0	0	34	0	0	0	-1	0	-1
c21925	0	17	-1	31	-1	39	-1	22	-1	-1	-1	31	0	22	0	0	17	0	-1	0	0	13	22	5	0	-1	0	-1	30	0
c21941	-1	19	28	28	-1	-1	0	0	-1	42	44	31	0	22	0	29	17	17	0	0	0	0	-1	32	0	0	-1	18	-1	11
c21945	0	27	-1	-1	27	-1	0	0	4	17	24	-1	-1	22	4	19	9	0	0	0	11	0	0	0	0	0	17	0	0	0
c21947	-1	0	1	17	0	0	0	0	-1	0	0	31	0	22	0	30	36	0	13	0	19	-1	0	-1	0	6	38	-1	-1	0
c21960	34	-1	0	-1	0	0	11	-1	1	0	-1	-1	0	22	36	0	2	0	-1	0	0	-1	40	-1	0	0	0	0	-1	12
c21961	34	-1	9	-1	0	0	11	0	1	0	-1	49	0	22	36	0	2	0	11	0	0	-1	-1	-1	0	0	0	0	-1	-1
c21972	19	-1	1	0	0	-1	-1	0	0	0	0	0	45	-1	0	19	0	33	0	34	-1	-1	5	-1	0	49	0	0	0	0
c21974	34	0	0	-1	0	9	0	1	-1	34	-1	-1	33	22	36	-1	2	30	-1	-1	0	0	31	-1	0	0	0	-1	-1	12
c21975	34	0	0	-1	0	9	0	1	0	34	-1	49	33	22	36	0	2	30	0	0	0	0	31	-1	0	0	-1	-1	-1	12
c21980	0	0	0	-1	-1	30	0	0	0	17	-1	0	0	-1	0	-1	27	11	40	19	38	0	0	36	0	-1	-1	0	-1	9
c22005	-1	40	0	0	0	4	0	22	-1	-1	-1	0	0	-1	0	0	-1	0	-1	0	0	0	3	0	20	0	-1	-1	0	0
c22008	30	5	0	0	38	0	0	19	0	31	-1	0	0	-1	44	12	0	0	0	-1	11	-1	-1	19	0	0	0	0	0	-1
c22009	30	5	0	-1	38	0	0	19	-1	31	0	0	0	22	44	-1	0	0	0	-1	11	0	19	19	0	0	0	0	0	3
c22012	0	27	0	-1	-1	-1	-1	0	-1	0	0	0	27	22	4	19	0	48	0	0	-1	-1	0	0	0	-1	0	0	0	0
c22014	28	0	46	0	0	38	0	0	-1	0	0	31	0	22	0	-1	-1	-1	0	-1	19	44	-1	0	0	11	-1	0	48	30
c22058	0	0	0	19	48	0	0	1	0	0	13	-1	0	-1	0	0	36	0	0	0	19	0	0	1	-1	0	8	30	48	0
c22059	0	0	0	19	48	0	-1	1	0	0	13	31	0	22	0	-1	36	0	0	0	19	0	0	1	-1	-1	-1	30	-1	0
c22087	-1	0	11	34	0	14	0	0	38	0	0	0	0	22	8	0	30	-1	0	6	40	0	0	36	0	0	1	0	32	-1
c22098	33	20	-1	0	0	2	-1	46	0	42	0	31	0	-1	0	0	0	0	-1	-1	0	0	0	-1	0	0	0	0	13	6
c22101	-1	0	-1	-1	-1	6	27	22	0	-1	0	31	15	22	0	34	36	0	0	21	-1	0	45	34	-1	1	-1	-1	0	33
c22114	-1	0	3	0	38	0	0	19	0	0	-1	36	0	22	-1	0	9	-1	0	-1	0	-1	19	12	-1	0	40	27	0	38
c22126	-1	27	-1	0	44	-1	-1	30	0	-1	0	-1	0	22	0	-1	0	1	-1	0	0	20	26	34	0	0	0	0	0	0
c22133	0	0	-1	31	0	0	0	0	13	0	28	31	-1	-1	-1	0	36	15	0	-1	19	0	0	0	-1	0	0	0	13	-1
c22135	34	-1	-1	-1	-1	0	0	0	-1	-1	-1	-1	0	22	36	0	2	0	0	0	-1	9	0	-1	-1	33	20	0	-1	12
c22137	-1	-1	0	0	20	0	0	0	-1	-1	-1	31	0	22	-1	0	36	9	-1	0	19	0	28	34	-1	17	0	-1	13	-1
c22146	27	0	-1	28	40	0	0	5	0	-1	0	0	0	22	-1	0	-1	0	40	-1	-1	0	0	36	0	-1	33	0	-1	0
c22149	0	0	42	0	-1	-1	-1	0	-1	0	28	-1	0	22	0	28	36	15	0	0	-1	0	0	17	0	0	-1	0	13	-1
c22156	0	0	0	14	0	19	0	0	0	0	0	31	0	22	0	0	36	20	-1	0	-1	-1	19	0	-1	-1	0	-1	13	0
c22163	0	0	0	4	0	0	-1	31	0	0	0	0	0	-1	32	0	31	34	0	0	11	-1	0	30	-1	0	39	0	0	-1
c22168	0	27	-1	-1	0	-1	30	1	-1	-1	0	0	0	22	0	19	0	21	0	0	0	0	10	-1	19	0	0	0	0	0
c22178	38	11	0	0	38	0	0	-1	0	0	0	-1	-1	-1	44	0	0	-1	0	0	0	0	19	27	1	-1	0	27	0	0
c22184	0	0	6	-1	0	-1	0	-1	0	38	0	0	0	-1	0	42	0	0	-1	0	0	-1	-1	0	13	0	-1	-1	0	0
c22215	0	0	9	0	0	0	0	0	13	0	-1	-1	-1	22	-1	0	36	0	0	0	19	-1	0	0	-1	30	0	0	13	30
c22228	-1	40	0	0	-1	4	0	22	0	-1	13	0	-1	22	19	0	-1	0	-1	1	0	0	0	0	0	0	-1	-1	-1	0
c22266	-1	0	-1	0	38	0	18	19	0	0	0	0	0	22	44	0	0	0	-1	0	20	28	19	0	0	0	0	0	-1	0
c22270	-1	0	11	-1	0	-1	0	0	0	0	9	0	0	22	0	42	0	0	0	-1	0	0	0	5	0	-1	34	-1	19	-1
c22274	-1	-1	0	0	0	-1	0	-1	0	0	0	38	38	22	4	19	-1	-1	0	0	0	20	0	0	0	0	-1	-1	0	0
c22275	-1	27	0	0	0	-1	0	0	0	0	0	38	-1	22	4	19	0	0	0	0	0	20	0	0	0	0	-1	0	0	0
c22283	0	0	13	4	-1	0	0	0	28	0	0	-1	0	22	-1	7	0	0	0	0	0	0	0	30	0	27	-1	0	19	-1
c22322	-1	0	0	0	-1	0	0	0	38	0	0	-1	0	22	11	0	-1	10	31	0	0	-1	0	13	0	0	-1	27	-1	-1
c22325	30	5	0	34	38	-1	-1	19	0	0	0	0	0	22	44	-1	0	0	0	-1	11	0	19	0	-1	0	0	0	0	-1
c22326	27	6	0	0	-1	0	17	27	0	-1	0	31	-1	22	39	0	36	-1	32	-1	-1	0	24	0	-1	0	34	20	0	14
c22328	-1	0	0	0	44	0	0	-1	9	0	34	31	5	22	0	17	-1	0	19	0	19	-1	0	0	0	27	0	0	34	-1
c22338	-1	0	0	0	38	3	0	-1	48	-1	-1	0	20	22	0	38	-1	0	0	-1	-1	-1	19	0	0	30	0	0	0	-1
c22345	-1	27	0	45	-1	11	0	0	0	-1	40	0	0	22	0	-1	19	0	11	0	-1	-1	-1	-1	0	42	0	-1	42	0
c22347	-1	0	0	-1	0	0	0	0	0	-1	2	49	0	22	36	-1	2	0	0	-1	2	38	11	-1	0	-1	20	-1	-1	12
c22357	19	0	0	17	46	0	9	-1	0	12	-1	0	0	22	-1	0	19	17	0	0	-1	0	0	-1	-1	34	0	-1	38	-1
c22366	-1	0	19	9	11	-1	-1	38	0	-1	0	0	0	22	0	-1	-1	30	-1	0	11	0	0	7	-1	0	0	27	0	0
c22367	-1	0	19	9	11	-1	-1	38	0	0	0	-1	0	22	0	-1	-1	30	-1	0	11	0	0	7	0	0	0	27	0	0
c22381	0	0	48	-1	0	0	0	0	0	0	0	31	-1	22	0	48	36	20	0	0	19	0	20	0	19	0	0	-1	13	-1
c22404	-1	48	0	5	40	-1	31	36	0	0	-1	8	-1	-1	-1	0	-1	27	0	0	25	-1	0	34	0	0	0	0	33	12
c22424	0	0	-1	-1	-1	-1	0	-1	0	42	-1	31	-1	22	38	-1	-1	-1	0	-1	0	0	-1	27	0	0	0	28	0	-1
c22435	-1	0	0	0	0	-1	0	0	0	0	0	-1	0	22	0	42	-1	0	-1	0	17	34	38	0	0	-1	0	-1	0	-1
c22439	-1	0	0	28	0	-1	0	-1	0	-1	0	9	-1	22	19	0	0	0	-1	-1	-1	0	0	36	0	-1	33	0	0	0
c22460	-1	0	-1	0	-1	0	42	0	-1	0	21	49	0	22	36	0	-1	0	0	0	-1	0	0	0	0	35	0	0	-1	12
c22461	34	-1	-1	-1	-1	0	42	-1	10	0	21	49	-1	22	36	0	2	0	-1	0	0	0	-1	0	0	35	0	0	19	12
c22497	0	-1	0	-1	0	-1	0	0	-1	0	0	-1	0	22	-1	-1	-1	0	0	0	0	0	17	6	-1	0	19	0	0	0
c22500	34	38	0	0	0	0	30	27	0	0	0	49	-1	-1	0	11	2	0	-1	0	34	21	19	0	0	0	-1	0	19	12
c22519	0	0	0	-1	-1	0	0	-1	0	42	12	31	-1	22	0	0	17	-1	-1	0	0	0	22	5	-1	-1	0	0	-1	-1
c22531	0	0	33	0	-1	0	0	0	0	42	19	-1	-1	22	0	19	19	34	0	34	0	0	0	42	0	-1	0	33	-1	0
c22533	19	0	0	-1	0	0	-1	0	0	0	-1	0	0	22	0	-1	19	-1	-1	0	-1	8	0	-1	0	34	0	27	0	0
c22543	-1	0	0	48	-1	0	0	-1	0	-1	0	0	-1	22	46	0	-1	0	31	0	0	-1	0	0	0	-1	0	27	-1	-1
c22553	0	-1	6	-1	19	22	0	3	0	38	0	0	0	22	35	42	0	0	1	11	0	-1	-1	0	-1	0	0	-1	0	-1
c22561	0	0	36	0	-1	0	-1	-1	13	0	28	31	-1	22	0	28	36	15	0	-1	19	0	-1	0	13	0	-1	0	13	-1
c22584	-1	19	0	0	-1	0	0	28	-1	42	0	-1	19	22	0	-1	-1	-1	0	38	0	-1	-1	-1	-1	40	-1	-1	-1	13
c22595	27	-1	0	28	6	-1	0	5	29	0	22	0	-1	-1	19	0	0	0	40	-1	-1	0	38	36	13	-1	33	0	0	4
c22604	-1	0	-1	8	0	-1	0	0	-1	0	0	-1	0	22	-1	14	-1	-1	-1	-1	0	0	0	0	11	0	0	0	34	0
c22650	30	19	0	0	-1	0	0	0	7	42	0	31	-1	22	-1	29	17	17	0	0	0	0	-1	22	0	0	0	42	14	0
c22674	-1	30	-1	-1	0	0	-1	0	-1	-1	0	0	-1	22	0	0	0	11	0	0	-1	-1	19	-1	0	0	0	28	0	0
c22690	0	0	0	-1	-1	0	0	0	0	0	0	31	0	22	-1	27	36	0	-1	-1	7	0	-1	-1	0	-1	-1	0	0	-1
c22714	0	0	29	0	0	49	29	5	-1	0	0	0	28	22	-1	30	0	0	-1	19	32	27	-1	-1	0	8	0	0	-1	0
c22722	34	-1	0	-1	-1	0	11	0	-1	0	-1	49	-1	22	36	0	2	0	0	0	0	0	40	-1	0	0	0	0	-1	12
c22723	34	-1	0	-1	0	-1	11	0	0	0	-1	49	-1	22	36	0	2	0	0	0	0	0	40	-1	0	0	0	0	-1	12
c22731	0	0	28	33	-1	34	1	0	0	42	-1	31	34	22	34	48	0	-1	0	0	0	11	0	-1	0	-1	0	2	-1	-1
c22735	0	27	0	0	0	-1	0	0	30	0	0	0	27	22	0	-1	0	0	34	0	0	0	40	0	-1	28	31	0	0	0
c22762	34	-1	-1	-1	-1	-1	0	-1	-1	-1	19	8	-1	22	11	-1	30	0	12	0	25	0	0	34	0	-1	0	-1	0	12
c22769	38	27	0	0	-1	-1	0	-1	0	0	0	0	40	22	4	19	-1	0	-1	0	0	-1	0	0	-1	0	0	-1	-1	0
c22797	48	0	-1	-1	19	0	34	0	-1	0	28	31	-1	22	0	0	36	15	0	0	19	0	-1	-1	0	0	-1	-1	-1	-1
c22814	-1	0	6	-1	0	0	0	-1	48	0	0	-1	0	22	0	0	36	0	0	13	19	34	0	1	-1	0	0	20	0	28
c22815	-1	-1	6	0	0	0	-1	1	-1	0	0	-1	0	22	0	0	36	0	0	13	19	34	-1	1	-1	0	0	20	0	-1
c22816	0	0	40	0	39	6	0	0	13	0	0	31	0	22	0	0	36	15	0	0	19	0	0	0	0	0	-1	0	13	-1
c22828	0	-1	6	0	-1	-1	0	-1	13	19	0	8	-1	22	28	42	38	-1	0	0	0	28	-1	-1	0	0	0	40	0	-1
c22829	0	-1	6	0	-1	0	0	0	13	19	0	-1	-1	22	28	42	38	0	0	-1	-1	28	0	-1	0	0	0	40	0	0
c22844	0	0	0	14	0	0	0	0	-1	-1	-1	-1	-1	22	0	0	36	20	0	0	19	40	0	4	19	-1	-1	-1	13	0
c22853	-1	0	0	19	0	-1	0	-1	0	0	49	27	0	-1	0	42	-1	0	0	49	0	0	18	5	-1	-1	0	-1	-1	-1
c22856	27	-1	0	28	0	0	0	5	0	0	0	0	5	-1	19	0	0	27	40	-1	-1	19	0	36	19	-1	33	0	0	-1
c22858	-1	0	0	19	-1	-1	-1	1	0	0	13	31	0	22	-1	0	36	0	0	0	19	-1	0	1	-1	0	-1	30	-1	-1
c22859	-1	0	0	19	48	-1	-1	1	0	-1	13	31	0	-1	0	-1	36	0	-1	0	-1	-1	0	1	-1	0	8	30	48	0
c22874	0	27	9	0	-1	-1	0	0	0	-1	0	-1	0	22	4	19	0	0	-1	-1	0	-1	0	0	0	0	-1	-1	-1	0
c22890	-1	14	0	8	-1	0	0	0	0	34	34	31	-1	22	-1	27	36	27	0	0	0	0	0	19	11	0	-1	0	0	37
c22893	-1	0	0	-1	27	4	0	2	48	0	42	0	11	22	0	-1	0	0	0	0	22	0	5	0	0	19	-1	-1	0	0
c22905	0	0	0	-1	-1	39	0	-1	0	34	0	31	0	22	-1	0	36	0	0	0	11	0	0	0	-1	0	0	0	0	0
c22913	0	0	30	-1	11	0	27	0	0	0	0	31	19	-1	0	0	-1	20	0	0	-1	17	19	0	-1	-1	32	0	-1	14
c22918	-1	0	0	14	0	0	0	15	-1	38	0	31	0	22	-1	0	36	20	-1	0	19	-1	0	0	0	30	-1	27	13	0
c22951	0	0	33	0	0	40	0	-1	-1	0	0	0	0	22	0	30	-1	0	18	19	32	27	0	0	0	8	0	-1	0	5
c22956	-1	0	-1	0	-1	0	4	0	0	42	0	-1	19	-1	8	0	19	0	27	0	0	0	44	42	0	0	24	-1	-1	0
c22960	28	0	46	0	21	38	0	31	0	0	0	-1	48	22	0	0	36	45	-1	0	19	44	0	0	0	-1	0	0	-1	0
c22970	-1	-1	0	9	11	0	0	38	-1	0	0	-1	-1	22	-1	0	-1	0	31	48	11	0	0	0	0	0	0	27	-1	0
c22971	-1	0	0	9	-1	0	0	38	28	0	-1	0	-1	-1	0	-1	-1	-1	31	48	-1	0	0	0	0	0	0	27	0	0
c22982	2	0	-1	-1	0	0	-1	0	13	0	28	31	32	-1	5	0	36	15	0	11	19	0	49	0	-1	0	0	-1	-1	-1
c22991	11	0	0	0	-1	0	0	-1	0	14	0	0	0	22	0	0	19	0	0	-1	0	-1	19	0	36	0	0	0	-1	0
c22992	-1	0	0	0	-1	0	-1	0	1	42	0	-1	21	22	0	-1	19	13	46	33	0	-1	0	42	-1	0	0	33	-1	0
c23004	0	0	-1	-1	-1	-1	0	-1	-1	0	7	-1	0	22	-1	32	36	0	0	0	19	-1	-1	1	-1	19	0	0	0	-1
c23028	0	0	0	0	0	-1	-1	0	0	19	0	-1	0	22	0	-1	29	0	0	-1	0	28	0	-1	0	-1	0	0	34	0
c23050	0	0	-1	0	-1	0	0	22	-1	42	0	31	9	22	0	48	17	-1	0	34	0	24	22	5	22	-1	0	1	0	0
c23057	4	17	-1	0	0	-1	0	0	0	38	19	31	17	22	39	0	36	-1	0	17	-1	0	0	0	0	0	-1	0	0	0
c23068	34	-1	0	-1	0	0	11	0	0	0	-1	49	0	22	36	0	2	0	-1	0	-1	-1	-1	-1	0	0	0	0	-1	12
c23069	34	-1	0	-1	0	0	11	0	0	0	-1	-1	0	22	36	-1	2	0	0	0	0	0	-1	-1	0	0	0	0	-1	12
c23126	34	-1	4	0	-1	27	0	0	-1	-1	-1	8	0	22	-1	-1	24	-1	12	0	25	0	0	34	0	-1	0	-1	0	12
c23163	-1	20	0	8	0	0	0	0	-1	0	12	31	1	-1	39	0	36	0	0	-1	0	0	0	0	11	0	0	-1	6	0
c23174	-1	49	-1	37	0	0	-1	0	-1	42	-1	31	0	-1	0	0	-1	-1	-1	22	-1	0	28	19	0	13	0	27	0	19
c23175	-1	49	0	37	0	-1	0	0	-1	42	-1	31	0	-1	0	0	48	46	-1	22	0	19	-1	19	0	-1	-1	27	0	19
c23188	34	-1	0	-1	17	-1	0	0	0	-1	2	49	0	-1	36	0	2	2	0	0	-1	-1	0	-1	-1	0	-1	0	-1	-1
c23189	34	-1	0	-1	17	0	0	-1	0	0	2	49	0	22	36	0	2	2	-1	0	0	0	0	-1	0	0	0	0	-1	12
c23234	0	49	31	-1	6	-1	0	48	-1	42	-1	31	0	22	-1	0	48	0	-1	48	31	-1	-1	19	0	13	-1	27	0	0
c23235	0	49	31	-1	6	-1	0	-1	-1	42	-1	31	0	22	0	-1	48	0	-1	-1	31	-1	-1	19	0	13	-1	-1	0	0
c23295	0	-1	0	0	0	-1	0	0	9	0	-1	-1	0	22	-1	-1	-1	0	0	0	-1	0	-1	0	0	0	0	0	-1	0
c23321	0	27	0	45	9	0	-1	0	0	-1	0	0	0	22	0	0	19	27	-1	0	-1	0	-1	-1	0	0	5	0	42	0
c23325	-1	-1	0	8	0	0	-1	0	33	0	0	31	-1	22	-1	38	36	0	0	0	0	34	0	0	-1	31	-1	0	0	8
c23354	31	-1	0	-1	-1	0	0	-1	0	0	0	0	0	22	0	42	0	0	0	-1	17	-1	0	-1	-1	0	13	-1	-1	0
c23355	-1	-1	0	0	-1	0	0	-1	0	0	0	0	0	22	0	-1	0	0	0	0	17	-1	0	0	0	0	13	-1	-1	0
c23361	-1	36	37	0	0	0	-1	0	0	0	0	31	0	-1	0	0	-1	-1	0	-1	19	0	0	34	6	17	2	28	13	0
c23371	0	34	0	0	0	0	34	0	-1	0	-1	31	0	-1	46	-1	36	0	0	5	19	-1	0	-1	0	13	0	0	13	34
c23372	0	-1	40	-1	0	0	0	0	0	0	0	-1	0	22	0	19	19	0	0	0	0	38	17	0	6	0	28	0	-1	-1
c23399	0	0	0	-1	-1	0	7	-1	-1	13	-1	0	30	22	-1	42	0	22	0	46	24	9	-1	0	13	-1	0	-1	0	0
c23407	2	0	19	-1	30	14	27	19	-1	0	9	-1	-1	22	5	13	0	11	0	0	0	0	33	-1	44	7	-1	1	21	0
c23408	0	49	-1	37	0	0	0	0	-1	42	-1	31	-1	-1	-1	0	48	0	0	0	27	0	-1	19	0	13	0	27	-1	13
c23412	-1	0	42	4	0	0	7	19	0	0	0	0	-1	22	38	0	-1	0	0	-1	0	36	-1	30	0	-1	40	-1	0	0
c23439	0	-1	-1	0	0	-1	0	46	0	21	45	0	0	22	0	-1	4	-1	0	0	0	0	-1	1	6	16	-1	0	28	-1
c23447	-1	48	19	0	0	-1	0	0	0	0	-1	14	0	22	0	46	0	13	9	0	8	0	0	0	0	44	0	0	5	0
c23450	-1	0	0	0	0	0	0	0	0	0	-1	-1	0	22	0	0	-1	0	31	0	0	0	0	0	0	0	-1	27	2	17
c23459	-1	0	-1	0	-1	0	22	0	0	19	0	8	0	22	-1	-1	11	0	0	38	0	-1	0	-1	0	0	49	14	0	-1
c23479	34	0	0	0	0	-1	3	0	0	40	19	8	0	22	11	-1	0	0	12	-1	25	0	0	34	0	0	0	0	0	-1
c23491	-1	0	0	0	-1	0	0	0	13	0	28	31	17	22	0	0	36	15	0	0	-1	0	0	0	-1	0	0	0	13	-1
c23514	0	0	0	-1	0	-1	38	1	0	0	0	31	1	22	17	2	36	-1	0	0	-1	0	0	0	-1	-1	-1	0	19	0
c23524	38	5	0	8	-1	0	0	0	33	0	0	31	-1	22	-1	-1	36	0	0	0	-1	17	0	0	0	0	0	0	-1	-1
c23579	-1	19	27	-1	-1	0	0	0	-1	0	9	-1	0	22	0	0	-1	9	40	19	0	38	-1	36	0	-1	38	-1	1	-1
c23587	0	0	-1	0	0	34	0	-1	0	-1	0	-1	0	22	-1	-1	36	0	0	0	0	0	29	-1	0	-1	-1	0	0	0
c23609	0	49	0	37	-1	-1	-1	0	-1	42	-1	-1	0	-1	0	-1	48	0	30	-1	0	0	28	-1	0	13	0	27	-1	0
c23664	0	27	13	0	0	-1	0	0	0	0	42	0	33	22	-1	0	5	1	0	22	-1	0	0	0	0	0	-1	0	0	-1
c23666	38	0	-1	0	38	27	-1	-1	0	33	0	-1	13	-1	44	0	0	0	0	6	0	-1	19	-1	-1	-1	0	0	0	-1
c23667	38	-1	0	-1	38	27	0	19	0	33	-1	0	13	22	44	0	0	0	0	6	0	0	19	0	0	0	0	0	0	-1
c23668	31	-1	0	0	-1	40	0	30	-1	0	31	-1	-1	-1	0	42	2	-1	0	0	1	5	0	19	0	0	45	-1	-1	-1
c23683	0	0	-1	-1	-1	0	48	19	19	-1	0	31	-1	22	39	-1	-1	34	0	0	0	0	-1	0	0	8	28	-1	0	8
c23686	-1	0	0	-1	-1	0	0	45	0	-1	0	0	0	22	0	0	-1	0	-1	19	0	0	-1	36	-1	-1	36	-1	0	0
c23687	0	0	0	-1	-1	0	0	45	0	17	0	0	0	22	0	0	27	0	40	19	0	0	42	36	34	-1	36	-1	0	-1
c23698	19	-1	0	19	4	0	9	0	-1	20	-1	0	48	-1	0	0	-1	-1	-1	-1	0	-1	0	-1	-1	-1	0	0	34	-1
c23723	-1	20	0	0	-1	9	0	-1	5	42	0	31	14	22	-1	41	0	-1	0	49	0	48	38	-1	-1	0	-1	-1	0	-1
c23730	0	27	1	36	0	-1	0	-1	0	0	0	0	-1	22	0	19	-1	34	0	0	0	0	0	-1	-1	0	0	0	-1	0
c23731	0	-1	-1	36	-1	-1	0	-1	0	0	0	0	20	22	0	19	-1	34	0	0	0	0	0	0	0	-1	0	0	-1	-1
c23732	0	27	-1	-1	0	-1	-1	0	0	-1	8	-1	48	22	0	19	0	0	2	0	-1	0	0	0	0	28	-1	0	0	0
c23760	-1	0	0	9	11	-1	0	-1	28	0	0	-1	0	-1	0	-1	-1	0	31	48	-1	0	19	0	0	0	-1	27	0	0
c23764	1	5	0	0	0	0	46	0	0	30	0	0	-1	22	-1	30	0	0	0	19	32	-1	-1	22	0	-1	6	9	0	0
c23768	34	0	0	-1	-1	0	0	0	0	0	2	49	0	22	36	-1	2	38	0	40	0	-1	-1	-1	0	0	0	0	-1	12
c23773	-1	0	0	14	0	0	-1	0	-1	0	0	31	0	22	0	-1	36	20	0	0	19	0	20	-1	-1	0	-1	27	13	-1
c23782	0	49	31	37	0	17	0	-1	-1	-1	-1	31	0	22	0	0	48	0	0	48	0	0	-1	-1	0	13	-1	-1	0	0
c23783	0	49	31	37	0	17	-1	48	-1	42	-1	31	0	-1	0	0	-1	-1	0	48	0	0	-1	19	0	13	0	-1	0	-1
c23798	0	0	-1	4	8	0	0	0	0	0	19	0	0	-1	0	-1	0	17	19	-1	0	35	-1	0	0	0	0	10	14	28
c23830	-1	-1	0	-1	0	27	0	-1	0	-1	0	8	-1	22	38	42	-1	0	0	0	-1	28	0	-1	0	0	1	0	46	0
c23835	-1	-1	-1	0	28	-1	0	0	0	0	0	0	0	22	46	0	-1	0	31	0	0	0	-1	0	19	0	0	27	0	-1
c23845	6	0	1	0	0	0	0	28	34	0	0	31	0	22	0	30	36	40	13	0	19	0	0	-1	0	6	0	-1	13	-1
c23870	-1	0	-1	0	-1	0	0	22	0	-1	0	0	42	22	-1	0	-1	0	-1	0	0	0	-1	-1	1	10	9	-1	0	-1
c23872	34	-1	0	-1	-1	0	11	0	0	0	-1	49	0	22	36	-1	-1	38	0	0	0	0	40	-1	0	0	0	0	-1	-1
c23873	34	-1	0	-1	0	-1	11	0	0	-1	-1	-1	0	22	36	0	2	0	0	-1	0	0	40	-1	0	0	0	0	-1	12
c23885	0	0	0	0	19	-1	0	0	13	0	28	-1	31	22	-1	0	36	15	0	0	-1	0	0	0	6	-1	11	0	-1	-1
c23900	0	-1	0	-1	0	0	-1	0	-1	0	0	31	0	22	17	17	36	0	0	34	19	27	0	0	0	27	0	0	0	0
c23912	-1	0	0	0	-1	0	0	-1	38	42	0	31	9	22	0	0	17	0	0	34	0	24	22	5	22	-1	0	1	0	0
c23913	-1	0	0	0	-1	0	0	22	38	42	0	31	9	22	-1	0	17	-1	0	-1	0	24	22	5	22	-1	-1	1	-1	-1
c23923	0	-1	0	0	13	40	11	30	0	0	0	19	-1	22	0	42	0	0	0	0	0	0	0	0	34	6	0	-1	-1	0
c23934	0	20	6	-1	0	0	-1	1	0	0	0	-1	0	22	-1	-1	36	0	0	-1	19	0	0	1	-1	29	48	20	18	28
c23935	0	20	6	0	-1	0	-1	-1	0	0	-1	-1	0	22	0	0	36	0	0	-1	19	0	0	1	-1	29	48	-1	18	28
c23946	27	0	0	28	0	0	0	5	0	0	0	0	5	-1	19	0	0	27	-1	-1	-1	19	0	36	-1	-1	33	0	0	6
c23950	-1	0	0	4	0	-1	0	-1	-1	-1	-1	0	0	22	0	0	30	34	31	0	-1	-1	28	-1	9	-1	-1	0	31	-1
c23958	0	27	0	0	0	-1	27	0	0	0	0	-1	0	22	-1	19	0	-1	-1	0	39	20	40	0	0	28	0	0	0	0
c23960	0	19	-1	-1	29	0	0	0	0	-1	9	-1	36	22	0	0	0	0	40	19	0	38	17	36	0	-1	0	33	-1	0
c23978	-1	-1	0	9	-1	-1	34	-1	1	0	40	0	0	-1	33	-1	-1	0	31	0	11	-1	8	-1	0	27	-1	27	0	0
c23983	0	0	-1	0	38	0	0	19	0	-1	0	0	0	-1	49	0	9	-1	0	-1	0	0	-1	36	-1	0	-1	0	0	19
c23984	-1	0	-1	0	0	34	34	-1	0	31	0	0	0	22	4	0	-1	0	0	0	0	-1	0	0	-1	-1	-1	27	38	0
c23985	-1	0	48	0	0	34	34	0	0	31	-1	0	0	22	4	-1	-1	0	0	0	0	0	0	-1	0	7	-1	27	38	0
c23986	-1	0	0	0	0	0	0	0	-1	-1	19	-1	0	22	39	-1	36	-1	17	-1	-1	-1	0	0	0	0	0	0	0	0
c24002	0	49	0	37	0	0	-1	0	-1	-1	-1	31	3	22	0	0	48	0	0	0	27	0	-1	19	-1	-1	0	27	-1	13
c24003	0	49	0	37	-1	0	11	0	-1	42	-1	31	3	22	0	0	48	-1	0	0	27	0	-1	19	0	13	0	27	0	-1
c24011	34	0	-1	-1	0	0	0	0	-1	44	2	49	0	22	36	-1	-1	0	0	-1	0	-1	0	-1	0	33	20	-1	-1	-1
c24015	0	20	-1	0	0	0	-1	0	0	42	0	31	-1	22	0	0	7	-1	20	17	0	8	0	0	19	-1	0	0	-1	-1
c24032	-1	0	0	4	-1	0	28	31	0	17	0	48	-1	22	-1	0	0	34	31	0	28	0	0	30	-1	33	0	0	0	24
c24040	17	-1	6	-1	30	0	0	0	0	-1	0	0	0	22	0	-1	28	0	6	0	0	0	-1	0	13	0	0	-1	0	0
c24049	0	-1	0	-1	-1	0	0	-1	-1	42	0	31	0	22	0	29	17	-1	0	0	0	42	11	0	6	-1	17	38	0	0
c24070	27	-1	0	28	0	0	0	-1	-1	0	-1	0	0	22	49	-1	-1	0	40	6	39	0	0	-1	0	-1	33	0	0	0
c24084	0	49	0	37	0	38	0	48	-1	42	-1	31	0	22	0	0	48	9	0	48	-1	0	-1	-1	-1	13	0	27	0	-1
c24094	30	-1	17	0	38	-1	0	19	0	-1	34	0	0	22	44	11	31	-1	0	-1	49	0	19	0	1	0	-1	0	0	-1
c24095	30	5	17	0	38	0	-1	19	0	0	34	0	0	-1	44	11	31	0	0	-1	49	0	19	0	1	0	0	0	0	-1
c24134	0	49	0	-1	0	0	0	0	-1	-1	-1	31	0	22	0	0	48	0	-1	0	0	0	28	19	0	13	0	27	0	0
c24135	0	49	0	37	0	0	0	0	-1	42	-1	31	0	22	-1	0	48	0	-1	0	0	0	28	19	0	-1	0	27	0	0
c24164	-1	-1	0	9	11	0	0	38	0	44	-1	-1	-1	22	0	-1	-1	-1	-1	0	11	-1	35	-1	0	0	-1	27	0	0
c24177	0	27	36	-1	-1	-1	30	1	0	0	0	0	0	22	0	-1	0	21	0	0	0	0	10	-1	19	0	0	0	0	0
c24198	18	27	-1	9	0	-1	0	0	0	0	0	0	-1	22	-1	19	0	-1	0	0	0	-1	0	0	0	0	-1	0	-1	0
c24199	18	27	0	9	0	-1	0	0	0	0	-1	0	-1	-1	4	19	-1	0	-1	0	0	0	0	0	0	0	-1	0	-1	0
c24210	-1	0	28	-1	0	48	0	-1	-1	0	-1	49	0	22	36	0	2	0	0	-1	0	0	0	-1	0	0	0	0	-1	12
c24215	34	0	0	0	22	22	0	-1	0	-1	19	-1	4	22	-1	-1	0	0	12	-1	25	0	0	34	-1	-1	0	0	-1	12
c24222	-1	0	0	-1	-1	0	0	0	0	0	-1	0	0	22	0	1	0	0	40	19	0	38	0	-1	20	-1	9	33	0	-1
c24223	-1	0	-1	-1	29	0	0	0	0	0	9	0	0	22	0	1	0	0	40	19	0	38	-1	36	0	-1	9	33	0	33
c24227	13	-1	0	0	38	-1	0	19	0	16	-1	36	0	22	0	0	9	48	-1	-1	0	0	19	0	0	0	-1	27	-1	38
c24234	-1	0	0	0	-1	0	34	46	0	0	0	31	13	22	39	-1	36	-1	29	0	-1	0	0	28	0	0	-1	0	0	13
c24246	0	0	-1	-1	0	-1	-1	-1	0	44	0	31	-1	22	39	0	36	0	0	0	0	0	14	-1	0	0	0	-1	0	40
c24272	34	0	0	-1	-1	0	0	0	-1	0	2	49	-1	22	36	0	2	-1	0	0	0	0	0	-1	0	33	20	-1	-1	12
c24287	0	27	-1	0	28	-1	0	0	-1	17	-1	0	0	22	4	-1	0	0	0	0	0	20	0	0	0	0	-1	0	0	17
c24313	1	0	0	14	0	0	0	15	0	38	17	31	-1	22	0	0	36	20	0	0	19	0	0	-1	0	30	0	27	13	0
c24342	34	0	4	-1	0	-1	-1	-1	0	-1	-1	49	0	22	36	0	2	0	0	0	0	0	0	-1	0	33	-1	-1	-1	12
c24343	34	0	4	-1	0	0	0	1	0	-1	-1	49	0	22	36	0	-1	0	0	0	0	0	0	-1	0	33	20	0	-1	12
c24353	-1	5	-1	-1	0	0	-1	0	-1	0	2	-1	0	22	36	0	2	0	0	-1	-1	0	0	-1	0	33	20	0	-1	12
c24362	0	49	-1	-1	-1	-1	0	-1	-1	42	-1	31	0	22	0	0	48	0	0	44	-1	-1	-1	19	0	13	0	27	-1	28
c24363	0	-1	-1	-1	0	-1	0	0	-1	42	-1	31	0	22	0	0	-1	0	-1	44	0	-1	-1	19	0	13	0	27	0	28
c24398	11	-1	-1	0	1	13	0	0	0	0	-1	-1	1	22	0	0	11	40	39	0	0	0	19	0	33	0	0	0	0	0
c24400	34	0	4	-1	0	-1	0	0	-1	-1	2	-1	0	22	-1	-1	2	0	0	43	0	0	0	-1	0	33	20	29	-1	12
c24423	0	0	11	-1	0	14	0	29	0	0	0	0	-1	-1	8	46	0	-1	0	6	-1	0	-1	36	0	0	1	0	-1	-1
c24426	0	0	0	0	-1	0	0	0	17	0	9	0	0	22	0	-1	0	11	0	0	-1	-1	0	0	44	7	0	1	21	-1
c24497	5	0	0	0	-1	-1	0	0	0	42	0	31	0	22	0	35	5	-1	0	-1	-1	0	0	0	0	0	0	0	-1	0
c24527	34	19	0	-1	0	7	0	0	0	0	2	49	0	22	-1	0	-1	0	0	40	0	-1	30	-1	-1	0	0	0	-1	-1
c24538	0	27	0	0	0	-1	0	-1	0	0	0	0	0	-1	4	19	0	-1	0	8	0	20	0	0	-1	0	-1	0	0	17
c24539	0	27	0	-1	0	-1	-1	-1	0	0	0	0	-1	22	4	19	0	0	0	8	-1	20	0	0	0	-1	-1	-1	0	17
c24553	27	0	0	28	-1	0	0	5	0	0	0	-1	-1	22	19	0	0	0	-1	-1	-1	-1	0	36	0	-1	33	0	0	6
c24572	11	0	0	0	-1	0	0	0	0	0	0	27	30	-1	-1	17	0	34	-1	0	0	0	-1	0	0	-1	0	-1	-1	0
c24586	46	0	0	-1	0	-1	-1	1	-1	0	13	31	0	22	11	0	36	0	1	0	19	-1	0	1	-1	0	8	30	4	0
c24587	46	0	0	19	0	-1	9	-1	0	0	13	31	0	-1	11	0	36	0	1	0	-1	-1	0	1	-1	0	8	30	4	-1
c24616	0	0	0	-1	-1	-1	-1	0	0	42	-1	31	-1	22	-1	0	0	0	38	0	0	-1	8	-1	1	15	34	28	-1	47
c24626	0	-1	0	31	-1	0	0	0	13	-1	-1	31	0	-1	0	0	-1	15	0	-1	19	0	0	0	-1	0	0	0	13	-1
c24627	0	0	0	31	-1	-1	0	0	13	0	28	-1	0	-1	0	0	36	15	0	0	19	0	-1	0	-1	-1	0	0	13	-1
c24650	0	0	6	-1	-1	22	0	3	0	38	0	0	0	22	0	-1	0	0	-1	11	0	0	-1	0	-1	0	-1	-1	0	-1
c24651	-1	0	6	-1	19	22	0	-1	0	38	0	0	0	22	0	42	0	0	1	11	0	0	-1	0	13	0	-1	-1	0	0
c24654	-1	0	0	4	-1	-1	-1	31	0	19	0	48	48	22	0	0	0	34	31	0	28	0	-1	30	0	33	-1	0	0	24
c24657	34	-1	0	0	0	0	27	22	32	17	0	-1	0	22	0	34	36	0	49	21	19	-1	45	34	-1	1	0	1	0	-1
c24686	0	27	1	19	0	-1	0	6	0	0	-1	0	0	22	0	19	-1	34	0	7	5	27	0	0	-1	0	0	0	0	-1
c24694	6	43	-1	0	-1	0	0	0	34	21	0	31	0	22	-1	30	36	0	13	0	19	0	-1	-1	0	6	0	0	13	0
c24707	-1	-1	48	0	0	0	0	48	-1	0	0	0	0	22	0	0	-1	-1	-1	19	0	27	0	28	-1	7	6	27	38	38
c24713	9	19	0	0	-1	0	0	28	0	42	-1	31	0	22	0	-1	-1	0	0	38	0	0	-1	0	43	40	0	-1	0	13
c24719	-1	-1	0	-1	0	1	0	0	0	0	0	0	0	22	-1	0	24	0	13	-1	-1	27	-1	0	0	0	-1	5	0	0
c24724	44	-1	0	17	0	0	-1	0	0	-1	0	31	-1	22	-1	0	36	42	-1	19	-1	0	0	0	-1	-1	17	9	-1	0
c24725	44	-1	-1	17	0	0	0	0	0	24	0	31	0	22	-1	0	36	-1	0	19	19	0	0	0	-1	-1	17	9	13	0
c24730	18	27	0	0	0	-1	-1	0	0	27	0	0	-1	22	-1	19	0	-1	-1	0	0	-1	0	0	0	0	0	0	-1	0
c24731	18	27	0	0	0	-1	29	0	0	27	0	0	0	22	4	19	0	0	19	0	0	0	0	0	0	0	-1	0	11	0
c24746	34	0	4	-1	0	-1	0	0	-1	-1	2	49	0	22	36	0	2	0	0	0	0	0	-1	-1	0	33	20	0	-1	-1
c24747	34	0	4	-1	-1	33	0	0	-1	-1	2	49	0	22	36	0	2	0	0	0	0	0	0	-1	0	33	20	0	-1	12
c24756	0	20	0	0	0	0	0	0	5	42	0	31	36	22	0	0	0	17	-1	17	0	27	0	22	0	0	0	0	0	27
c24757	0	20	0	34	0	0	0	0	-1	42	0	31	36	22	0	0	0	17	0	17	0	27	0	-1	0	0	0	0	0	-1
c24766	11	30	0	0	0	0	0	0	0	0	-1	6	36	-1	0	49	0	0	0	-1	-1	0	19	0	0	0	-1	28	0	0
c24778	11	-1	-1	16	-1	0	0	38	0	0	0	33	-1	22	0	0	19	-1	0	0	-1	47	-1	-1	-1	39	0	19	-1	48
c24780	0	-1	0	-1	0	0	0	31	0	0	0	0	0	22	32	0	31	34	0	0	11	0	0	30	0	0	39	0	0	-1
c24781	0	-1	0	4	0	0	0	31	-1	0	0	0	0	22	32	0	31	34	0	0	11	0	0	-1	-1	0	-1	-1	0	-1
c24792	-1	27	1	0	0	-1	0	0	0	-1	19	0	0	22	0	19	40	34	0	7	0	0	46	0	-1	38	0	0	0	0
c24818	-1	0	0	-1	0	0	-1	0	0	0	2	-1	32	22	36	0	2	0	-1	-1	19	0	9	-1	-1	0	0	-1	-1	12
c24826	0	20	0	-1	0	0	0	0	-1	42	31	31	36	22	-1	0	-1	17	0	17	0	0	0	22	-1	0	0	0	0	27
c24834	0	17	-1	0	38	0	0	0	34	38	-1	31	-1	22	39	0	36	46	0	0	0	0	-1	0	0	-1	9	-1	34	0
c24838	34	-1	0	-1	0	-1	-1	-1	0	0	2	49	0	22	36	0	-1	0	0	29	-1	-1	0	-1	0	33	20	0	-1	12
c24853	11	27	0	16	-1	-1	0	0	-1	0	-1	-1	-1	22	0	0	-1	34	0	0	0	0	0	-1	49	0	2	30	0	34
c24876	0	27	1	0	0	-1	14	0	0	0	0	0	0	22	19	19	0	34	0	0	0	0	-1	-1	0	0	-1	0	0	0
c24885	11	0	0	0	0	0	0	0	0	0	-1	9	-1	22	0	0	0	0	-1	0	-1	0	19	-1	-1	-1	0	0	0	0
c24888	-1	0	0	28	6	-1	0	-1	0	34	22	0	0	-1	19	0	0	0	40	-1	-1	-1	6	36	0	-1	33	0	0	-1
c24891	0	27	0	-1	0	0	0	0	0	0	-1	0	36	-1	0	-1	19	0	-1	27	-1	29	36	-1	0	43	38	34	-1	0
c24894	0	49	0	-1	0	-1	0	0	-1	42	-1	31	0	22	0	0	-1	46	-1	22	-1	0	-1	19	0	13	0	27	-1	0
c24916	-1	17	0	14	-1	0	0	0	0	40	-1	31	0	22	0	48	-1	20	0	0	19	2	20	0	-1	0	0	27	13	-1
c24921	0	27	13	-1	0	-1	0	0	-1	0	-1	0	33	-1	-1	0	5	1	0	-1	0	0	0	-1	17	-1	34	0	0	0
c24924	-1	27	1	0	0	-1	-1	0	0	-1	39	0	0	22	0	19	-1	-1	0	49	-1	34	0	-1	0	0	42	-1	0	0
c24926	-1	0	0	-1	38	0	-1	19	0	0	0	0	9	22	44	0	38	0	0	0	-1	0	19	3	0	0	0	0	-1	0
c24930	0	27	1	34	0	-1	0	0	0	-1	0	0	0	22	0	19	-1	34	0	0	0	-1	34	0	0	0	0	-1	-1	0
c24936	-1	0	0	14	0	0	0	15	0	-1	0	31	11	22	0	-1	-1	20	0	-1	19	0	0	-1	-1	30	0	27	13	-1
c24948	0	34	0	-1	-1	0	48	0	0	0	0	31	0	-1	39	-1	36	0	0	0	0	0	31	0	-1	0	18	0	0	8
c24995	0	0	0	0	-1	5	-1	-1	-1	42	34	31	32	22	-1	44	-1	0	0	0	0	-1	0	0	0	0	0	27	-1	0
c25009	-1	36	0	0	7	-1	48	-1	0	0	-1	1	13	22	0	-1	2	0	6	-1	-1	-1	29	0	-1	-1	0	27	0	-1
c25016	32	0	24	17	38	0	0	19	46	-1	-1	0	0	22	44	0	0	-1	0	0	0	-1	19	-1	0	0	0	0	0	0
c25037	19	-1	1	0	0	-1	0	0	-1	0	0	0	45	22	0	19	-1	-1	0	34	0	0	-1	0	0	49	-1	0	-1	0
c25048	-1	0	0	0	9	14	0	0	28	0	0	0	-1	-1	8	19	0	40	0	6	17	0	-1	36	-1	0	22	0	32	-1
c25058	0	49	0	37	0	0	0	0	-1	42	-1	31	-1	22	-1	0	48	0	30	-1	0	0	28	-1	0	13	0	27	0	0
c25059	0	49	0	37	-1	-1	0	0	-1	42	-1	-1	-1	22	0	0	48	0	30	0	0	-1	28	-1	-1	13	0	-1	-1	0
c25063	0	-1	34	-1	0	-1	-1	0	-1	0	0	0	0	22	4	19	-1	-1	0	0	0	20	0	0	24	0	0	0	0	0
c25081	0	-1	5	14	0	0	0	0	0	0	0	31	0	22	0	0	-1	-1	0	0	19	0	0	0	-1	44	0	27	13	7
c25083	0	27	9	0	-1	-1	0	49	0	0	0	-1	-1	22	-1	-1	0	0	0	-1	0	0	0	0	0	0	0	0	-1	0
c25086	0	0	0	-1	-1	0	0	0	31	38	19	31	-1	-1	39	38	36	0	0	-1	-1	-1	0	-1	0	0	0	-1	0	-1
c25104	0	20	0	0	-1	0	-1	34	-1	-1	-1	31	34	22	-1	-1	0	0	20	0	-1	-1	0	0	0	17	0	0	-1	19
c25105	0	20	0	-1	-1	0	-1	34	-1	-1	-1	31	34	22	0	0	-1	0	20	0	0	8	0	0	0	17	-1	0	-1	19
c25109	0	0	0	14	0	-1	-1	34	0	-1	-1	31	0	22	0	0	36	20	0	19	19	-1	0	4	19	34	-1	-1	13	0
c25119	11	27	0	16	0	-1	0	0	-1	0	0	0	40	22	0	0	-1	-1	-1	0	0	0	0	-1	0	-1	-1	-1	0	34
c25120	-1	0	0	13	0	0	0	40	22	0	-1	1	0	22	17	0	2	0	0	0	0	4	17	1	40	0	0	27	2	0
c25162	48	0	-1	0	19	0	0	0	13	0	-1	31	-1	22	0	0	36	15	-1	0	19	0	0	0	0	-1	0	0	-1	-1
c25163	48	0	-1	0	19	0	0	0	13	0	-1	31	-1	22	-1	-1	-1	15	0	0	19	0	-1	0	0	0	0	0	-1	-1
c25165	0	0	0	-1	0	10	0	0	-1	0	0	0	-1	-1	0	0	0	-1	0	0	29	0	0	30	28	0	-1	-1	0	0
c25171	0	0	-1	-1	3	-1	0	42	-1	0	0	31	0	22	0	11	36	0	0	-1	-1	0	0	0	17	0	-1	44	0	0
c25176	0	0	-1	34	0	0	0	1	0	11	9	0	-1	22	27	30	0	0	0	-1	32	27	0	0	0	8	0	0	0	-1
c25183	0	20	0	0	0	0	0	0	5	42	0	31	36	22	0	0	0	17	0	-1	0	0	0	22	0	-1	0	-1	0	-1
c25184	0	0	0	-1	0	-1	-1	40	-1	0	40	0	0	22	48	42	0	0	17	46	0	0	-1	-1	13	13	-1	-1	-1	0
c25202	-1	40	0	30	-1	4	-1	22	9	0	0	0	0	-1	34	0	-1	7	0	-1	-1	0	-1	0	17	0	10	-1	0	0
c25214	-1	0	0	0	27	0	11	0	0	0	-1	31	0	22	0	-1	36	9	-1	-1	-1	0	27	34	0	17	0	0	-1	0
c25220	-1	27	1	0	0	-1	0	-1	-1	10	0	0	0	22	0	19	-1	0	0	0	0	34	-1	0	0	-1	0	22	0	0
c25221	-1	27	1	0	0	-1	0	0	0	10	0	0	0	22	0	19	40	-1	0	0	0	34	-1	0	-1	0	-1	22	-1	0
c25222	13	27	1	34	0	-1	0	0	0	0	0	0	0	22	0	19	0	34	-1	0	0	0	-1	0	0	-1	0	0	0	0
c25229	0	0	0	37	0	0	0	0	0	42	-1	31	0	22	0	-1	48	2	0	0	-1	38	-1	19	48	13	30	0	0	0
c25232	-1	28	0	-1	0	0	38	0	0	42	-1	14	46	22	28	0	0	2	27	0	0	0	-1	1	0	-1	0	0	17	0
c25247	0	27	0	-1	-1	-1	0	0	-1	0	0	0	27	-1	4	19	0	48	0	0	0	20	0	-1	-1	0	-1	0	-1	0
c25252	27	0	0	28	40	0	0	5	0	-1	0	0	0	22	19	-1	0	-1	-1	-1	-1	0	-1	36	0	-1	33	-1	0	-1
c25254	0	27	1	36	0	-1	0	-1	20	0	-1	-1	0	22	0	-1	0	34	0	0	0	0	34	-1	0	0	-1	-1	0	-1
c25255	0	27	1	36	0	-1	-1	-1	-1	0	0	0	0	22	-1	19	0	34	0	0	-1	0	34	-1	0	0	-1	0	-1	-1
c25267	34	-1	-1	0	-1	-1	-1	0	38	-1	0	49	0	22	36	19	2	0	0	0	0	-1	0	0	0	-1	-1	0	-1	12
c25276	-1	0	-1	0	0	0	0	0	0	32	-1	6	0	-1	0	30	31	11	13	0	32	0	0	27	0	8	0	0	0	0
c25279	-1	0	11	-1	0	0	0	-1	0	0	-1	0	31	22	-1	27	-1	-1	-1	24	0	0	0	30	0	-1	31	42	0	11
c25298	0	49	38	37	0	0	-1	0	-1	42	-1	31	0	22	0	0	48	11	30	0	0	0	28	19	0	13	-1	-1	34	0
c25299	0	49	38	37	0	0	0	0	-1	42	-1	31	0	22	-1	0	48	11	30	0	0	0	28	19	-1	13	-1	27	34	0
c25314	31	-1	0	0	-1	0	0	30	-1	0	0	0	28	22	0	42	42	0	0	28	0	0	35	0	0	0	0	-1	-1	0
c25316	0	-1	0	0	-1	40	11	30	0	0	0	19	-1	22	-1	42	0	0	0	0	0	0	-1	0	-1	6	0	-1	-1	-1
c25323	0	0	0	0	-1	0	-1	0	19	42	0	31	0	22	-1	0	0	-1	0	0	0	0	0	0	34	19	11	0	31	-1
c25334	0	0	0	4	13	0	0	0	-1	0	-1	0	31	22	17	45	4	-1	0	0	0	0	0	-1	-1	0	0	7	19	0
c25340	0	49	-1	-1	0	0	0	0	-1	42	-1	-1	0	22	0	0	48	0	0	0	-1	-1	-1	19	0	-1	-1	27	0	0
c25341	0	-1	-1	37	-1	-1	-1	0	-1	42	-1	31	0	22	0	-1	48	0	0	0	-1	-1	-1	19	0	13	0	27	-1	0
c25342	45	49	31	37	0	0	0	48	-1	42	-1	31	0	22	-1	0	48	38	0	48	31	-1	-1	19	0	13	17	27	0	44
c25343	45	-1	31	-1	0	-1	0	48	-1	42	-1	31	-1	22	-1	0	-1	38	0	48	31	-1	-1	19	-1	13	17	27	0	44
c25344	6	0	1	-1	0	-1	0	0	0	1	31	31	0	22	29	30	36	0	13	0	19	0	-1	-1	0	-1	0	27	13	0
c25345	6	0	1	-1	-1	0	0	0	-1	-1	31	31	-1	22	29	30	36	0	13	0	19	0	-1	-1	0	6	0	27	13	0
c25347	0	34	-1	38	19	27	0	0	38	32	0	-1	27	22	0	30	31	0	-1	42	-1	0	0	27	0	8	-1	-1	-1	-1
c25354	0	19	27	-1	-1	1	-1	0	0	0	9	-1	0	-1	0	-1	0	0	-1	19	0	38	17	36	0	-1	0	33	1	0
c25355	0	-1	27	-1	-1	1	0	0	0	0	9	-1	0	22	0	0	0	0	40	-1	0	38	17	36	0	-1	0	-1	1	-1
c25375	0	27	1	0	0	-1	48	-1	0	13	0	-1	0	-1	0	19	17	14	-1	38	0	27	0	-1	-1	-1	0	-1	0	0
c25394	37	-1	0	0	0	0	0	8	5	42	27	31	0	22	0	-1	0	8	-1	0	48	0	6	16	0	-1	0	0	0	27
c25402	0	-1	42	0	0	-1	5	-1	3	0	10	-1	-1	22	-1	46	5	29	33	0	0	0	0	-1	0	0	-1	34	0	0
c25406	-1	0	0	-1	-1	0	0	45	0	17	0	0	-1	22	0	0	27	0	-1	19	-1	0	42	36	34	-1	-1	0	0	0
c25414	19	34	13	-1	0	9	0	20	0	0	0	34	0	22	0	-1	-1	0	-1	0	0	0	0	30	0	0	40	-1	19	42
c25427	0	-1	0	0	-1	0	-1	28	0	42	0	-1	-1	-1	0	29	17	44	-1	11	0	0	1	0	0	0	0	0	-1	13
c25436	0	27	48	0	-1	-1	-1	0	28	2	0	0	-1	22	4	19	0	0	0	-1	45	0	0	-1	24	0	-1	0	0	-1
c25450	34	0	-1	-1	0	0	0	-1	1	0	-1	49	-1	22	36	0	2	-1	0	0	0	0	-1	-1	-1	-1	20	0	-1	-1
c25451	34	0	-1	-1	0	-1	0	0	1	0	2	49	0	22	36	0	2	0	0	0	28	-1	0	-1	-1	33	20	0	-1	12
c25454	31	-1	0	0	-1	48	0	30	36	0	0	0	0	22	0	42	0	0	0	0	0	0	0	0	0	-1	0	-1	-1	0
c25479	0	0	0	0	-1	-1	0	0	0	42	0	31	0	-1	0	35	5	0	-1	-1	0	0	0	34	0	0	0	0	0	0
c25507	0	36	0	0	0	-1	0	0	13	0	0	-1	-1	22	-1	0	36	-1	0	0	19	-1	0	0	0	-1	0	-1	13	0
c25513	-1	-1	0	-1	-1	0	11	0	0	0	-1	-1	34	22	36	0	2	0	0	0	44	0	-1	-1	0	0	-1	0	-1	12
c25521	-1	-1	0	-1	-1	0	0	-1	0	-1	0	31	-1	22	-1	0	36	27	0	-1	19	0	0	0	-1	-1	40	0	19	0
c25522	-1	-1	48	0	0	-1	-1	48	1	0	0	34	0	-1	0	0	-1	2	0	0	-1	27	-1	28	-1	-1	-1	27	38	0
c25541	0	20	0	0	-1	0	0	-1	5	42	0	-1	0	-1	-1	0	0	8	31	31	48	-1	0	0	0	0	0	-1	0	27
c25557	46	20	0	0	0	0	0	8	5	42	27	31	0	22	0	0	7	8	0	1	48	-1	0	16	-1	0	-1	0	-1	27
c25574	0	27	1	-1	27	-1	0	-1	0	13	9	-1	-1	22	0	19	11	34	0	0	0	0	0	0	0	0	0	0	0	0
c25575	-1	27	1	36	-1	-1	0	-1	0	-1	-1	-1	0	22	0	19	11	-1	0	0	-1	0	0	-1	0	0	-1	-1	0	0
c25584	34	0	4	-1	0	0	0	0	-1	-1	2	49	27	22	36	0	2	0	0	0	0	0	-1	-1	-1	33	20	-1	-1	12
c25589	9	19	0	-1	-1	-1	0	28	0	42	0	31	-1	-1	0	-1	-1	0	0	38	0	0	-1	36	0	0	0	0	34	13
c25592	-1	27	-1	0	17	-1	-1	0	0	0	0	0	-1	22	-1	19	-1	-1	0	0	8	0	0	-1	0	0	0	0	0	0
c25604	-1	19	0	0	-1	17	0	-1	0	42	7	31	-1	22	0	29	17	-1	0	0	0	42	11	42	6	0	17	34	-1	0
c25620	-1	19	1	-1	0	0	38	1	0	0	-1	31	1	22	17	-1	36	27	0	-1	19	0	0	0	-1	-1	40	0	19	24
c25622	34	-1	-1	-1	0	-1	0	0	0	0	2	49	-1	-1	36	0	2	0	0	40	-1	0	9	-1	-1	-1	0	0	-1	-1
c25632	0	-1	-1	-1	-1	0	-1	0	-1	-1	-1	31	40	22	0	0	48	44	-1	-1	0	27	-1	-1	0	-1	19	27	0	-1
c25633	0	49	-1	-1	-1	0	-1	0	-1	42	-1	31	40	22	-1	0	48	44	0	0	0	27	-1	19	0	13	19	27	0	0
c25663	0	27	0	45	9	0	19	0	7	32	17	0	0	22	0	0	-1	0	0	2	-1	31	0	-1	0	0	-1	0	-1	0
c25674	0	49	0	37	-1	34	0	0	-1	42	-1	31	0	-1	0	0	48	-1	-1	0	27	-1	-1	19	0	13	0	-1	-1	0
c25686	-1	0	0	0	-1	0	0	36	9	0	0	31	0	22	0	17	-1	34	0	0	19	0	19	0	0	27	0	0	0	30
c25692	34	0	0	0	-1	27	17	-1	-1	13	19	8	0	22	11	-1	0	0	12	0	25	0	0	34	0	0	0	22	-1	12
c25694	-1	-1	1	36	0	-1	-1	-1	0	13	0	-1	0	22	0	19	0	-1	0	0	0	0	0	0	0	0	0	0	0	-1
c25695	0	27	-1	36	0	-1	0	-1	0	13	0	27	0	22	-1	19	0	34	0	0	0	0	0	0	0	0	0	0	0	0
c25697	34	0	11	0	-1	0	0	48	9	0	19	8	0	-1	11	-1	0	0	12	0	25	0	0	34	0	0	-1	0	0	12
c25702	34	-1	0	-1	0	7	0	0	0	0	2	49	-1	22	-1	-1	-1	0	-1	40	0	0	-1	-1	-1	0	0	-1	-1	12
c25707	35	-1	-1	0	22	0	0	2	-1	-1	0	0	-1	22	0	-1	0	40	0	0	-1	0	5	0	19	19	-1	-1	-1	7
c25716	0	0	0	14	0	0	0	0	0	0	0	31	0	22	0	0	36	20	0	0	19	27	19	-1	-1	30	0	-1	13	0
c25752	0	0	0	14	0	0	0	0	0	0	0	31	0	-1	-1	48	36	20	0	0	19	0	-1	0	-1	0	0	27	13	28
c25754	-1	0	28	0	0	0	-1	0	-1	2	42	0	-1	22	0	-1	0	19	14	-1	0	0	0	5	0	-1	-1	-1	0	-1
c25768	-1	0	11	-1	-1	0	19	-1	17	19	0	0	0	22	-1	27	0	34	15	0	0	0	0	30	0	0	31	42	0	11
c25769	-1	0	11	4	-1	0	19	31	17	-1	0	0	0	22	-1	-1	0	34	15	0	0	-1	0	-1	0	0	31	42	-1	-1
c25776	-1	0	0	0	28	0	0	0	0	2	-1	-1	0	22	-1	42	0	19	0	0	0	0	0	5	0	-1	0	-1	0	-1
c25800	0	20	6	0	0	0	0	1	0	0	0	-1	-1	22	0	0	36	-1	-1	13	19	0	0	1	-1	29	48	-1	0	28
c25813	-1	-1	48	0	22	0	-1	0	0	0	0	0	-1	22	0	-1	-1	34	0	-1	0	34	0	0	0	7	6	27	0	0
c25817	11	0	0	0	-1	0	-1	0	0	0	0	0	0	22	0	0	19	0	-1	-1	0	0	19	0	36	0	-1	0	0	0
c25850	0	0	0	14	5	0	0	-1	0	-1	0	-1	0	22	-1	-1	36	20	0	0	19	0	20	0	-1	-1	-1	-1	13	0
c25858	-1	0	-1	0	0	0	19	-1	0	0	10	0	0	-1	0	42	0	0	-1	28	-1	0	0	33	-1	0	0	-1	0	-1
c25878	-1	-1	0	0	0	-1	0	0	0	0	-1	14	0	22	0	0	0	13	0	0	0	0	-1	0	0	44	0	0	0	0
c25880	34	-1	0	-1	0	0	11	0	0	-1	-1	49	34	22	36	0	2	0	11	0	0	0	40	-1	0	0	0	0	-1	12
c25881	34	-1	0	-1	0	0	-1	0	0	0	-1	49	34	22	36	0	-1	0	0	0	0	0	40	-1	0	0	0	0	-1	12
c25883	-1	0	0	0	-1	0	-1	0	13	0	28	31	0	22	0	28	-1	15	30	0	19	-1	0	0	0	-1	17	0	13	-1
c25917	27	-1	0	28	0	0	41	5	0	0	0	0	0	22	0	0	-1	-1	-1	-1	-1	-1	0	36	0	-1	33	49	2	0
c25923	-1	0	34	44	-1	0	0	-1	31	42	0	-1	0	-1	0	35	-1	0	-1	0	0	0	-1	0	0	-1	0	0	-1	40
c25928	0	0	28	-1	0	-1	38	-1	0	0	0	31	1	22	17	2	36	27	0	-1	-1	0	0	-1	-1	-1	40	0	19	-1
c25938	19	0	0	0	-1	-1	-1	0	0	0	-1	0	0	22	40	0	19	17	27	0	6	0	45	0	0	34	-1	0	19	0
c25953	0	-1	-1	33	-1	34	0	0	0	42	11	31	0	-1	0	0	0	0	42	0	-1	-1	0	0	0	13	0	0	38	0
c25954	0	0	0	36	0	0	0	-1	-1	-1	0	-1	-1	22	0	30	0	28	-1	20	32	0	0	27	0	20	10	-1	0	0
c25975	19	6	0	34	20	0	0	25	0	17	0	27	-1	22	0	0	0	-1	0	0	-1	-1	-1	-1	0	22	0	31	0	0
c25976	0	-1	-1	0	19	19	0	0	34	38	-1	31	-1	22	39	0	36	0	0	0	-1	0	0	0	0	0	0	-1	34	-1
c25987	-1	0	6	-1	0	36	0	-1	0	-1	0	-1	0	22	0	42	31	0	0	0	-1	30	-1	0	13	30	0	-1	0	-1
c25988	0	-1	42	27	-1	31	-1	30	0	42	0	31	0	22	36	29	17	0	0	0	45	0	-1	-1	-1	28	-1	-1	0	0
c25992	34	19	27	-1	-1	27	0	-1	0	0	9	0	13	-1	0	0	0	-1	40	19	0	-1	18	36	0	-1	-1	-1	-1	0
c25998	0	0	0	14	0	0	0	-1	0	38	0	31	0	22	0	0	36	20	17	-1	19	0	0	0	0	30	0	27	13	27
c26000	6	0	1	0	38	0	0	-1	-1	0	0	31	11	-1	19	30	36	31	13	0	19	0	0	-1	0	6	0	0	13	0
c26025	-1	0	1	0	0	0	-1	0	0	0	31	31	13	22	-1	30	36	36	13	0	-1	0	-1	-1	-1	6	0	34	13	21
c26074	0	49	-1	37	0	-1	0	0	-1	-1	-1	31	-1	22	0	0	48	0	-1	0	0	0	28	19	0	13	0	27	0	28
c26075	0	49	0	37	-1	0	0	-1	-1	-1	-1	-1	0	22	0	0	48	0	-1	0	0	-1	28	19	0	13	0	-1	0	28
c26076	-1	0	11	4	-1	0	19	31	17	-1	-1	0	0	22	-1	27	0	34	-1	-1	0	0	-1	30	0	0	31	42	0	11
c26077	-1	0	11	4	-1	0	19	-1	17	19	0	0	0	22	-1	27	0	34	15	0	0	0	-1	30	0	0	31	-1	0	11
c26097	0	49	0	-1	0	-1	0	0	-1	-1	-1	31	-1	22	0	0	48	0	30	0	0	0	28	-1	-1	13	0	27	0	0
c26120	34	-1	0	-1	-1	0	11	0	8	0	-1	49	0	-1	36	0	2	0	0	0	-1	0	40	-1	0	0	0	0	-1	-1
c26121	34	-1	0	-1	10	0	11	0	8	0	-1	49	0	22	36	0	2	-1	0	0	-1	-1	-1	-1	0	0	0	-1	-1	-1
c26135	0	27	1	36	0	-1	0	-1	20	0	0	-1	0	22	0	19	0	34	0	0	0	0	0	-1	0	-1	0	0	0	0
c26149	-1	17	0	-1	27	34	1	45	37	0	0	0	-1	22	0	42	13	0	-1	0	0	36	0	0	0	49	0	-1	-1	32
c26153	34	0	0	-1	0	0	0	0	-1	0	2	-1	-1	22	36	20	-1	38	-1	40	-1	0	0	-1	0	0	38	0	-1	12
c26156	14	0	0	0	-1	0	-1	38	13	0	0	31	0	-1	1	0	36	0	0	-1	19	-1	0	0	0	30	0	0	13	30
c26164	-1	36	0	0	0	-1	0	-1	13	0	0	-1	-1	22	0	10	36	0	-1	0	19	-1	0	0	0	0	9	0	-1	0
c26165	0	36	-1	0	0	-1	0	0	13	-1	0	31	0	-1	0	10	36	0	0	0	19	-1	0	0	0	0	9	0	-1	0
c26166	0	0	-1	8	0	-1	-1	0	0	0	10	31	0	-1	39	0	36	0	0	0	0	0	0	-1	-1	20	41	0	31	-1
c26167	0	0	-1	8	0	-1	0	-1	0	0	10	31	0	-1	39	0	-1	0	0	0	-1	0	0	0	-1	20	41	0	31	-1
c26170	0	0	0	4	0	-1	0	20	0	34	41	0	9	-1	0	0	0	-1	0	0	0	0	0	30	-1	-1	40	0	0	-1
c26184	11	0	0	0	22	28	0	0	4	0	-1	0	1	22	0	0	0	0	39	48	0	0	19	0	0	0	0	-1	0	0
c26186	34	0	0	-1	-1	0	0	0	-1	0	2	49	-1	22	36	0	2	0	-1	0	0	0	11	-1	0	0	-1	-1	-1	12
c26202	34	0	38	0	-1	0	42	0	10	-1	0	-1	0	22	36	0	2	0	-1	0	0	0	0	0	0	35	0	0	19	12
c26203	34	0	38	0	-1	0	42	0	-1	0	0	49	0	-1	36	0	2	0	-1	0	0	0	0	0	-1	-1	0	-1	19	-1
c26208	0	0	0	13	1	0	-1	0	-1	40	0	31	0	22	0	17	36	0	0	22	-1	-1	0	0	11	-1	0	-1	0	0
c26212	0	48	13	0	40	11	-1	0	0	-1	19	8	-1	-1	0	31	-1	0	0	0	-1	-1	0	34	0	0	0	0	33	12
c26236	0	0	6	-1	-1	0	11	0	0	27	0	-1	0	22	30	42	-1	0	0	-1	0	0	-1	19	13	0	0	-1	0	0
c26255	-1	-1	-1	0	0	1	19	0	0	0	0	31	-1	22	38	0	36	0	-1	0	19	0	0	-1	-1	0	-1	0	0	-1
c26271	0	20	31	0	-1	17	0	0	-1	-1	-1	31	0	22	0	0	17	13	0	0	0	0	-1	0	-1	4	0	-1	19	27
c26274	0	20	0	9	-1	2	0	49	5	42	48	31	0	22	34	0	0	-1	-1	0	48	-1	0	11	0	-1	-1	0	0	27
c26283	0	0	0	8	0	39	0	31	-1	-1	0	31	-1	22	39	0	-1	0	-1	0	0	0	0	48	11	0	-1	0	0	0
c26304	-1	-1	0	0	0	19	0	-1	0	0	0	-1	0	22	0	-1	31	0	0	0	32	0	0	27	0	8	0	0	0	-1
c26312	30	5	0	40	38	0	-1	19	0	0	0	-1	0	22	44	0	49	0	31	-1	11	-1	19	0	20	-1	0	0	0	3
c26328	0	-1	0	0	0	-1	0	0	9	0	0	0	0	22	-1	-1	-1	0	0	-1	0	0	17	0	0	0	0	0	0	-1
c26335	0	27	1	36	0	-1	0	-1	0	34	0	0	0	-1	0	19	0	34	0	0	-1	0	-1	0	-1	0	0	-1	0	0
c26348	0	0	0	-1	-1	-1	27	22	0	0	0	31	-1	22	39	34	36	0	0	21	19	-1	45	-1	-1	1	-1	1	20	33
c26349	0	0	0	-1	0	0	27	22	0	0	0	31	-1	22	39	34	36	0	0	21	19	0	45	34	-1	1	-1	1	20	33
c26370	0	0	-1	-1	-1	27	0	-1	0	0	-1	-1	0	22	-1	-1	0	-1	0	0	0	-1	19	-1	-1	0	0	0	-1	-1
c26373	0	34	0	0	27	-1	-1	0	0	-1	0	-1	0	22	0	0	36	-1	-1	0	-1	0	0	-1	-1	1	-1	0	0	40
c26394	0	48	-1	0	-1	0	-1	0	13	0	28	31	0	22	0	-1	36	15	0	0	19	-1	-1	0	0	-1	17	0	13	-1
c26414	0	-1	0	13	0	0	0	0	0	42	-1	31	-1	-1	0	1	0	0	0	0	0	0	0	38	0	13	0	-1	6	1
c26438	17	20	0	0	0	9	0	-1	5	42	0	31	11	22	0	41	-1	-1	5	0	21	48	0	0	0	0	-1	6	0	27
c26439	17	20	0	0	0	9	0	38	5	-1	0	-1	11	22	0	41	-1	-1	5	0	21	-1	-1	0	-1	0	-1	6	0	27
c26454	-1	-1	40	-1	40	6	0	0	13	-1	0	31	0	22	-1	0	36	15	0	0	19	-1	0	0	0	0	0	0	13	-1
c26456	11	0	0	19	-1	0	0	-1	0	0	0	27	30	22	0	31	-1	0	0	0	1	0	19	0	-1	-1	0	-1	0	-1
c26464	0	0	-1	13	-1	0	0	40	0	19	0	8	0	-1	38	42	38	0	0	0	0	28	0	-1	0	0	0	-1	-1	-1
c26470	0	0	2	0	0	0	29	48	2	0	0	-1	0	-1	0	30	0	24	-1	19	32	27	0	-1	-1	8	0	0	0	40
c26494	34	0	0	-1	-1	0	0	0	0	0	2	49	0	22	36	0	-1	-1	-1	40	19	0	9	-1	-1	0	0	-1	-1	-1
c26508	0	0	0	0	38	27	0	19	0	0	0	-1	-1	22	44	0	0	0	0	0	0	38	19	-1	0	0	0	0	0	0
c26510	0	0	12	4	0	49	38	31	-1	0	-1	0	0	-1	32	0	31	34	0	0	0	0	-1	30	0	14	0	-1	0	0
c26511	0	0	12	4	0	49	38	31	0	0	0	0	0	22	32	0	31	34	0	0	0	0	-1	30	0	-1	0	0	0	0
c26522	-1	0	13	4	-1	11	0	13	-1	0	0	-1	-1	22	0	-1	0	27	0	-1	30	0	0	30	0	0	40	11	19	0
c26527	-1	-1	0	0	31	0	0	0	13	14	-1	31	7	22	0	-1	36	0	0	0	19	-1	0	0	-1	0	44	-1	13	0
c26548	0	27	1	0	0	-1	48	0	38	0	0	-1	0	-1	33	19	0	14	-1	38	-1	27	0	0	0	30	-1	-1	0	0
c26565	0	-1	0	0	-1	0	0	0	0	42	0	31	0	22	0	35	5	0	0	0	46	0	-1	0	0	0	0	0	0	0
c26567	-1	0	0	-1	11	0	0	38	-1	0	2	34	0	22	-1	0	-1	0	-1	-1	11	13	0	2	19	13	0	27	0	27
c26568	34	0	-1	14	-1	0	40	0	0	0	0	49	38	-1	-1	0	2	0	1	0	0	0	0	19	-1	0	0	0	19	12
c26570	-1	49	0	37	0	0	0	48	-1	42	-1	31	-1	22	0	0	48	-1	0	48	0	0	-1	-1	0	13	0	27	-1	-1
c26571	0	49	0	37	-1	0	0	48	-1	-1	-1	-1	0	22	0	0	48	0	0	48	0	0	-1	19	-1	13	-1	27	0	33
c26576	-1	0	0	9	11	0	0	38	0	0	0	34	0	22	0	-1	-1	31	31	0	11	-1	0	34	19	-1	-1	27	0	0
c26577	-1	0	0	-1	11	-1	0	38	0	0	0	-1	0	-1	0	0	-1	-1	31	0	11	13	0	34	19	5	0	27	0	0
c26593	30	-1	-1	40	38	0	0	-1	0	0	0	-1	0	22	44	0	0	-1	-1	-1	11	0	-1	0	0	40	0	28	-1	3
c26610	-1	0	-1	19	48	0	0	1	0	24	13	31	34	22	0	0	36	0	0	0	19	0	0	-1	-1	0	8	-1	48	0
c26661	0	-1	0	0	0	0	19	0	19	-1	34	31	29	-1	-1	0	-1	0	0	0	19	-1	0	0	38	-1	0	-1	13	-1
c26676	-1	0	-1	-1	33	7	-1	0	0	0	2	49	0	22	-1	0	2	-1	-1	40	0	0	30	-1	-1	-1	0	0	-1	12
c26690	-1	0	0	0	28	0	-1	2	0	-1	0	0	0	22	-1	42	-1	0	-1	0	0	0	18	5	0	0	-1	-1	0	-1
c26699	0	42	40	0	0	6	0	0	13	-1	0	31	0	22	0	0	36	15	0	0	19	11	0	-1	0	0	0	0	-1	-1
c26736	0	-1	16	8	0	0	0	0	19	-1	0	31	0	22	39	0	36	-1	19	0	0	21	12	6	49	0	0	0	-1	0
c26740	2	0	0	2	0	0	0	0	13	-1	28	31	32	-1	5	0	36	15	-1	11	-1	0	-1	-1	-1	0	-1	0	13	-1
c26759	0	-1	0	-1	17	0	49	30	-1	1	0	19	13	-1	0	42	0	0	0	0	0	-1	6	-1	0	0	0	-1	-1	-1
c26761	0	49	0	37	0	-1	0	0	-1	-1	-1	31	0	22	0	0	48	0	-1	-1	0	0	28	19	0	13	-1	27	0	28
c26772	34	-1	-1	-1	-1	0	11	-1	-1	0	-1	-1	34	22	36	0	2	0	0	0	44	0	40	-1	0	0	0	0	-1	-1
c26773	34	-1	0	-1	0	-1	11	0	0	-1	-1	49	34	-1	36	0	2	0	0	0	44	0	40	-1	0	0	0	0	-1	12
c26777	0	0	0	-1	-1	-1	-1	-1	0	42	31	31	0	22	0	0	19	1	-1	0	0	-1	0	-1	0	0	-1	-1	0	0
c26782	0	0	-1	0	-1	-1	0	38	0	0	44	-1	0	22	8	30	31	-1	27	0	32	0	0	27	-1	8	0	0	0	-1
c26786	-1	11	0	9	11	-1	0	38	0	44	0	11	-1	22	0	-1	-1	0	31	0	11	44	35	0	0	0	0	27	0	0
c26788	-1	-1	38	0	-1	0	42	0	10	0	0	49	0	22	36	0	2	9	0	0	17	0	-1	0	0	35	0	0	-1	12
c26789	34	0	38	0	-1	0	42	0	10	0	0	49	0	-1	36	0	2	9	0	-1	17	0	0	0	0	-1	0	-1	19	-1
c26797	0	0	0	18	-1	-1	0	0	0	42	0	31	-1	22	-1	44	0	0	9	-1	0	0	-1	0	0	0	0	11	-1	-1
c26798	0	-1	-1	37	0	5	0	0	-1	42	-1	-1	3	22	-1	0	48	-1	0	-1	27	-1	-1	19	0	13	17	27	0	13
c26801	-1	0	34	44	-1	-1	32	0	0	42	-1	31	0	22	0	35	5	0	0	0	0	0	-1	0	0	0	0	0	0	40
c26807	-1	0	0	29	0	0	0	-1	31	38	19	31	0	22	39	38	36	-1	0	-1	-1	-1	-1	1	0	9	0	-1	0	-1
c26814	0	0	0	14	0	0	-1	0	0	0	0	31	0	22	0	0	36	20	0	0	19	13	0	-1	19	2	0	-1	13	0
c26830	0	48	13	0	40	11	-1	-1	0	0	19	8	0	-1	0	0	0	0	0	0	25	0	0	34	0	0	0	-1	-1	12
c26848	0	0	0	9	0	0	0	46	0	0	-1	31	13	22	-1	11	36	36	29	-1	0	0	-1	28	0	-1	29	0	0	0
c26888	11	0	-1	5	-1	-1	-1	-1	0	0	0	-1	-1	22	0	0	24	44	13	-1	6	-1	-1	-1	0	0	-1	0	-1	-1
c26906	-1	27	1	-1	9	-1	49	0	-1	0	0	0	0	22	19	19	0	34	0	7	0	0	0	0	0	0	0	0	-1	0
c26919	-1	0	0	4	0	40	-1	-1	-1	0	0	-1	-1	22	-1	38	0	-1	7	-1	0	0	-1	-1	0	7	0	0	27	35
c26930	0	49	0	-1	0	0	0	0	-1	42	-1	-1	-1	22	0	0	48	0	0	30	0	0	-1	-1	-1	13	-1	27	0	0
c26964	0	0	-1	31	-1	-1	0	-1	13	-1	28	31	0	-1	-1	0	36	15	0	0	19	0	0	28	-1	0	0	0	13	-1
c26965	0	0	-1	31	0	0	-1	0	13	0	28	31	0	-1	0	0	36	15	-1	0	-1	0	0	28	-1	0	0	0	13	-1
c26979	-1	27	1	-1	0	-1	0	0	31	-1	-1	-1	0	22	0	-1	-1	0	-1	49	-1	34	0	0	-1	0	-1	0	0	0
c26982	-1	36	-1	32	-1	0	0	38	-1	0	0	0	0	22	46	0	-1	0	-1	0	-1	0	6	36	-1	0	0	27	34	34
c26983	-1	36	-1	32	28	-1	-1	38	0	-1	0	0	0	22	46	0	-1	0	-1	0	0	0	6	36	-1	-1	0	27	34	34
c27000	-1	0	0	0	0	0	38	0	0	-1	-1	14	46	-1	37	0	0	31	-1	0	0	0	29	1	0	0	0	0	0	0
c27005	0	27	-1	-1	-1	-1	0	-1	4	17	-1	13	19	22	4	19	0	0	-1	50	-1	-1	0	-1	0	29	17	0	-1	31
c27006	0	19	-1	-1	-1	-1	-1	28	27	42	-1	-1	24	22	0	29	17	0	-1	0	0	0	1	0	0	28	-1	0	0	-1
c27012	0	20	0	0	0	0	0	0	5	42	0	31	-1	22	0	0	0	8	31	31	48	0	0	0	0	0	-1	0	0	27
c27014	34	0	11	43	-1	0	-1	48	0	0	19	8	0	22	11	-1	-1	0	-1	0	25	0	0	34	0	-1	-1	0	0	12
c27039	-1	0	0	0	-1	0	34	49	13	0	-1	-1	0	22	46	0	36	34	0	-1	-1	-1	0	0	0	0	0	0	13	34
c27068	0	36	0	0	-1	-1	39	0	-1	-1	0	31	0	-1	0	-1	-1	0	7	0	-1	-1	-1	0	0	0	0	0	13	0
c27069	0	36	0	0	-1	-1	39	-1	13	0	0	31	0	-1	-1	-1	36	0	7	-1	19	-1	0	0	0	-1	0	0	13	0
c27099	-1	0	0	33	-1	34	46	0	0	-1	0	31	9	22	0	32	0	0	5	0	30	19	-1	0	0	0	-1	-1	0	-1
c27101	32	0	0	0	-1	-1	-1	19	0	0	0	0	0	22	44	0	-1	-1	-1	0	-1	0	19	3	0	0	0	0	-1	0
c27119	-1	27	-1	0	0	-1	0	46	0	21	45	0	0	22	-1	19	-1	6	-1	-1	0	0	0	0	6	16	0	0	-1	-1
c27124	34	0	0	-1	0	-1	-1	0	0	0	0	-1	11	-1	36	17	2	30	0	0	-1	0	27	-1	0	36	-1	0	-1	12
c27148	-1	19	0	0	-1	38	6	0	-1	42	-1	31	0	22	0	29	17	0	0	0	-1	0	0	-1	48	0	0	0	0	-1
c27158	-1	28	-1	0	11	-1	45	28	-1	-1	0	8	-1	22	0	-1	0	0	0	0	0	0	0	34	0	0	49	0	0	9
c27168	7	0	19	0	-1	0	0	0	-1	42	-1	31	0	22	0	0	17	0	0	-1	0	0	-1	5	0	6	-1	0	0	-1
c27173	-1	20	0	0	24	-1	0	46	-1	42	28	31	-1	22	36	0	0	-1	0	0	0	0	-1	0	7	0	0	39	45	-1
c27186	-1	27	0	-1	-1	-1	0	0	0	-1	27	0	27	22	4	19	0	-1	0	0	0	20	0	0	-1	0	1	0	-1	0
c27187	0	27	0	0	-1	-1	0	-1	-1	0	27	0	27	22	4	19	0	-1	0	-1	0	-1	0	0	-1	0	1	0	-1	0
c27189	0	0	13	31	17	-1	0	0	0	0	46	0	0	22	8	19	0	40	0	-1	0	0	22	36	-1	0	0	0	32	14
c27190	-1	0	0	-1	11	0	0	38	0	27	0	0	-1	22	48	-1	-1	0	31	0	11	41	-1	-1	39	0	1	27	0	-1
c27207	0	49	0	37	0	0	0	0	-1	42	-1	31	40	22	-1	0	48	44	0	0	-1	-1	-1	19	0	13	0	27	0	0
c27217	9	19	0	0	-1	0	0	28	0	42	0	31	19	22	0	-1	17	0	0	38	0	0	-1	0	43	40	28	-1	0	13
c27220	-1	-1	-1	4	0	-1	-1	0	29	-1	0	0	0	22	-1	0	-1	-1	0	0	-1	-1	0	30	-1	0	0	0	27	-1
c27221	-1	-1	0	4	0	-1	-1	0	29	0	0	0	0	22	-1	0	0	0	0	0	-1	2	0	30	-1	-1	0	0	27	0
c27222	0	27	36	-1	0	-1	0	0	0	0	0	19	0	-1	11	19	-1	21	0	34	0	38	-1	-1	0	-1	0	0	0	42
