	0	1	2	3	4	5	6	7	8	9	10	11	12	13	14	15	16	17	18	19	20	21	22	23	24	25	26	27	28	29
c1422	-1	0	0	-1	0	-1	16	-1	43	0	-1	24	24	0	0	-1	-1	-1	23	0	0	-1	0	-1	7	0	9	25	0	0
c1662	0	9	0	21	0	-1	16	0	43	0	-1	24	0	0	22	0	-1	0	0	0	39	0	0	-1	-1	47	0	25	0	0
c1709	-1	0	0	0	46	0	0	-1	0	6	24	2	0	0	48	0	47	1	0	0	-1	0	0	0	5	0	0	0	3	-1
c2391	-1	24	0	21	0	0	0	16	43	0	-1	0	48	22	0	33	0	48	0	0	-1	0	0	0	7	6	0	-1	0	-1
c2459	-1	9	0	21	22	-1	16	0	43	9	0	24	-1	0	0	0	0	0	-1	0	-1	0	0	0	7	0	33	25	0	0
c2672	0	-1	5	-1	0	-1	0	48	-1	6	0	0	0	-1	48	25	0	0	0	-1	0	0	0	0	-1	0	0	0	3	0
c3712	-1	0	0	0	0	0	16	-1	-1	0	0	20	-1	26	0	15	0	3	0	0	0	0	47	0	7	33	0	24	-1	-1
c4186	0	9	0	-1	0	-1	16	-1	43	0	0	24	0	0	0	0	0	0	0	-1	0	0	-1	-1	7	0	0	-1	0	0
c4583	-1	0	-1	0	0	-1	0	0	-1	24	39	-1	0	0	0	0	-1	24	0	-1	39	0	0	0	7	33	35	0	9	0
c4704	0	-1	32	0	0	0	0	-1	0	6	0	0	0	9	48	-1	0	0	0	42	19	0	-1	0	5	0	0	-1	3	0
c4784	0	26	24	0	-1	0	0	0	43	-1	7	19	-1	3	0	0	-1	39	47	21	18	0	33	39	7	0	-1	0	0	0
c4851	0	0	0	21	0	-1	-1	-1	43	0	0	38	0	39	0	0	-1	0	14	0	0	0	-1	45	7	-1	33	7	0	0
c5012	0	26	-1	-1	0	0	16	0	43	0	0	0	0	0	0	3	48	3	20	-1	-1	0	47	0	7	33	47	24	0	0
c5121	-1	0	-1	21	-1	0	-1	3	43	0	18	38	-1	0	33	-1	-1	0	0	0	0	0	-1	-1	7	0	33	26	-1	0
c5364	0	0	22	48	0	-1	5	-1	0	-1	0	0	-1	-1	0	0	0	3	0	0	20	-1	0	-1	-1	-1	35	0	0	0
c5547	0	-1	0	5	16	0	-1	0	43	0	39	4	42	0	-1	0	-1	0	0	0	0	0	-1	0	7	33	0	0	0	0
c5567	-1	0	31	42	-1	0	33	16	-1	0	0	0	0	0	16	22	28	27	-1	-1	0	-1	0	35	7	0	-1	-1	0	0
c5638	0	26	-1	29	0	0	0	0	43	0	7	19	-1	3	0	-1	-1	39	47	-1	18	0	-1	0	7	0	0	0	0	0
c5683	0	46	4	-1	0	-1	0	0	43	10	1	-1	48	0	0	5	0	43	0	0	15	0	0	22	7	-1	0	0	0	0
c6016	-1	0	22	21	-1	-1	0	4	43	0	0	0	0	-1	0	-1	11	16	0	0	0	0	0	-1	-1	0	0	0	39	23
c6292	0	24	0	-1	0	0	0	0	43	0	39	-1	25	0	0	4	-1	0	27	-1	0	0	0	0	7	33	0	0	-1	0
c6301	-1	0	0	-1	25	-1	23	-1	-1	-1	0	22	0	0	-1	0	-1	-1	0	-1	3	0	-1	-1	5	48	-1	46	7	0
c6316	39	-1	0	0	0	0	0	-1	43	0	28	0	-1	0	-1	22	0	0	-1	-1	0	-1	0	0	7	33	4	0	0	0
c6387	-1	-1	22	21	0	0	0	4	43	0	0	-1	0	0	0	-1	11	16	50	0	0	4	0	0	7	-1	-1	0	39	0
c6404	0	0	22	21	26	4	0	4	43	-1	24	0	-1	0	0	-1	0	16	27	7	0	33	0	0	7	-1	0	0	-1	-1
c6559	-1	0	22	0	4	-1	0	-1	-1	6	0	0	50	0	4	0	0	39	0	24	0	0	0	-1	-1	48	15	0	42	0
c6566	9	-1	0	21	0	41	-1	0	-1	21	0	20	0	0	49	0	-1	27	-1	-1	-1	0	0	-1	-1	47	0	-1	0	33
c6590	0	0	0	1	-1	-1	46	48	26	6	16	4	0	0	48	0	0	7	0	26	0	0	0	-1	-1	48	0	0	3	0
c6663	22	0	-1	42	-1	0	33	16	43	0	0	-1	0	-1	16	22	-1	0	-1	-1	0	-1	0	0	-1	0	0	-1	0	0
c6808	0	0	0	0	0	14	42	0	43	-1	0	0	0	0	0	0	0	1	35	0	6	0	-1	24	7	33	0	-1	0	0
c6837	-1	-1	0	22	0	-1	10	-1	0	6	-1	22	-1	-1	0	0	0	0	0	-1	31	-1	-1	-1	5	48	0	0	0	-1
c6840	0	0	0	21	-1	0	24	0	43	0	-1	0	-1	-1	0	0	23	0	0	6	-1	0	0	-1	7	0	-1	-1	0	47
c6844	0	-1	-1	1	0	-1	-1	-1	0	6	24	-1	0	-1	0	-1	33	0	0	22	0	-1	-1	-1	-1	-1	0	41	16	0
c6959	0	26	-1	0	0	0	0	0	43	-1	-1	19	8	3	26	15	-1	-1	47	21	18	0	33	-1	7	16	0	0	0	24
c6960	0	-1	0	0	-1	0	48	-1	0	6	0	0	0	21	48	5	45	50	0	0	22	0	-1	0	5	0	-1	0	-1	-1
c7183	-1	-1	0	0	-1	0	22	-1	0	6	0	33	26	-1	48	9	0	-1	0	-1	0	-1	0	0	-1	0	-1	0	3	0
c7187	0	18	33	0	0	-1	0	-1	0	6	-1	0	-1	0	0	0	0	-1	0	-1	31	22	-1	-1	5	48	0	-1	0	33
c7197	-1	20	-1	0	0	0	0	48	48	6	0	0	22	0	-1	0	0	0	-1	0	0	0	-1	0	5	45	0	0	3	-1
c7208	-1	0	-1	-1	15	0	0	-1	-1	0	16	16	-1	-1	8	0	0	0	-1	0	-1	0	0	0	7	7	0	25	0	0
c7244	0	3	0	0	0	0	42	0	43	0	0	0	3	0	0	0	24	0	-1	0	0	0	-1	24	-1	33	0	0	0	0
c7358	0	0	0	0	4	-1	0	-1	-1	6	0	0	0	0	4	-1	0	0	10	0	-1	0	0	-1	5	-1	-1	0	0	-1
c7440	0	-1	0	0	0	0	0	-1	0	-1	0	-1	0	-1	48	0	0	0	0	42	19	-1	-1	0	5	0	0	-1	3	0
c7446	7	0	0	21	0	9	-1	-1	-1	0	0	0	0	-1	0	-1	0	0	8	0	-1	0	0	-1	7	0	0	0	1	0
c7573	-1	31	0	0	14	-1	0	-1	0	-1	-1	0	0	0	0	0	0	0	0	0	0	0	0	-1	5	48	-1	0	0	-1
c7584	16	9	-1	-1	22	-1	16	0	43	-1	0	24	0	0	0	0	0	0	0	0	0	0	-1	0	7	0	0	25	0	0
c7635	0	-1	50	21	0	50	24	0	43	-1	0	0	0	0	0	0	0	0	7	-1	15	0	0	-1	-1	9	-1	42	15	-1
c7657	0	0	0	8	0	0	50	0	-1	-1	39	33	22	22	0	48	0	0	0	21	39	0	27	0	7	33	43	0	22	42
c7701	0	0	4	0	0	-1	0	48	0	-1	0	26	0	0	48	0	0	8	0	0	-1	0	0	2	5	0	-1	0	3	0
c7796	0	42	0	0	1	-1	-1	-1	-1	6	16	0	0	0	-1	-1	0	-1	-1	31	0	21	-1	-1	5	-1	0	47	0	6
c7837	0	-1	33	-1	0	-1	31	-1	27	6	-1	0	0	39	-1	0	-1	0	0	-1	-1	22	0	-1	5	48	0	-1	0	-1
c7922	-1	0	31	0	0	0	-1	-1	43	47	2	39	31	0	16	0	0	0	-1	0	0	-1	38	0	7	-1	0	-1	50	-1
c7924	0	0	22	21	26	-1	33	-1	43	0	24	0	-1	24	0	-1	22	16	0	14	0	0	0	24	7	0	21	24	0	-1
c7962	0	0	0	14	0	0	42	0	43	0	0	-1	-1	-1	-1	0	0	-1	35	0	0	0	-1	24	-1	33	0	0	0	0
c8014	0	39	0	21	20	-1	-1	0	-1	0	8	24	0	26	46	0	0	-1	-1	0	0	-1	-1	0	-1	-1	7	25	0	33
c8018	0	0	-1	-1	46	0	16	48	0	6	-1	0	-1	0	48	0	0	1	0	-1	-1	39	0	0	5	0	0	1	-1	-1
c8021	0	0	-1	0	47	-1	-1	-1	-1	6	0	-1	48	0	0	0	0	-1	0	0	20	-1	0	-1	5	48	0	0	0	0
c8038	0	-1	-1	-1	0	0	-1	0	43	0	0	-1	0	0	0	-1	17	3	-1	0	0	-1	-1	0	7	33	0	24	0	0
c8170	0	0	0	0	0	-1	0	-1	0	6	0	15	0	0	0	0	0	23	0	33	0	0	0	-1	5	48	26	0	7	0
c8287	22	0	0	0	0	-1	33	16	43	0	0	0	0	0	-1	22	0	0	-1	-1	-1	-1	0	0	-1	0	0	0	0	0
c8359	0	0	0	0	0	-1	0	-1	39	6	22	-1	-1	0	0	-1	47	0	-1	0	0	0	43	-1	-1	-1	0	0	0	6
c8361	0	0	0	0	0	45	-1	0	43	-1	-1	0	0	0	0	15	-1	3	-1	0	-1	0	-1	-1	7	33	0	24	0	0
c8372	-1	0	0	48	-1	0	33	8	43	5	0	-1	0	0	16	22	33	0	-1	0	-1	0	0	29	7	-1	7	50	50	-1
c8408	43	0	-1	-1	0	0	22	0	43	0	0	0	0	0	0	0	26	19	-1	-1	-1	0	0	0	7	0	24	0	0	2
c8515	0	0	50	-1	0	0	-1	-1	43	-1	15	0	0	-1	16	0	0	0	-1	7	48	0	15	0	7	-1	-1	5	50	0
c8611	26	0	0	-1	39	-1	-1	0	43	-1	0	0	-1	-1	0	-1	-1	0	8	-1	-1	0	0	15	-1	0	0	0	9	-1
c8614	-1	0	-1	0	0	0	16	0	43	0	-1	0	0	0	0	15	0	3	-1	0	0	0	-1	0	7	33	24	-1	0	-1
c8725	-1	0	0	0	-1	0	0	48	35	6	0	21	0	0	48	0	0	0	27	0	-1	0	-1	0	5	0	0	-1	-1	0
c8825	0	0	0	21	0	-1	22	-1	43	0	-1	16	-1	33	-1	20	-1	0	0	-1	-1	-1	0	22	7	0	0	25	0	-1
c8882	0	0	0	-1	46	0	-1	-1	0	6	0	0	-1	0	48	-1	0	1	15	0	-1	0	0	0	5	-1	0	0	-1	-1
c8920	0	-1	0	-1	0	0	42	48	0	6	0	0	0	0	48	0	-1	20	-1	0	0	-1	-1	0	5	26	0	0	-1	0
c9088	0	0	0	21	-1	0	-1	-1	43	0	0	-1	-1	0	0	0	-1	0	0	-1	-1	0	-1	-1	7	0	33	0	-1	42
c9095	0	0	-1	-1	0	-1	16	0	43	-1	20	24	0	0	0	-1	0	0	-1	0	16	31	0	0	-1	0	0	25	0	-1
c9105	50	-1	0	21	0	43	-1	0	43	0	43	0	0	0	0	0	0	18	-1	0	0	38	-1	0	7	0	33	25	-1	15
c9143	22	0	0	0	45	-1	0	-1	-1	-1	-1	0	0	-1	-1	0	0	0	0	0	0	39	0	-1	-1	48	26	-1	-1	0
c9234	-1	0	0	-1	22	-1	0	0	43	23	0	0	0	0	22	-1	48	48	-1	40	-1	0	0	0	7	0	0	25	0	0
c9242	0	-1	0	-1	-1	48	0	48	0	6	46	0	0	0	48	0	28	0	0	0	0	0	-1	0	5	0	0	0	-1	-1
c9274	0	0	48	0	0	-1	-1	-1	0	6	22	22	-1	36	0	0	0	-1	-1	8	-1	-1	-1	-1	5	-1	0	-1	7	0
c9306	-1	0	22	21	0	0	0	4	43	0	24	0	0	0	0	0	11	16	24	0	0	-1	0	0	7	-1	0	0	39	23
c9325	0	26	24	0	0	0	10	0	43	0	7	19	8	3	0	0	0	39	47	21	-1	0	33	0	7	-1	0	0	0	0
c9448	7	0	22	21	0	-1	-1	4	43	-1	0	0	0	-1	47	22	23	-1	0	3	0	0	0	7	7	0	39	0	-1	0
c9471	24	46	26	-1	0	0	0	0	43	10	0	0	0	0	0	5	0	43	0	0	15	0	0	22	7	0	-1	-1	24	0
c9518	0	0	-1	5	0	0	0	0	43	-1	39	33	0	0	-1	-1	-1	-1	-1	-1	-1	-1	0	-1	7	33	31	-1	0	-1
c9562	0	14	-1	-1	-1	-1	-1	-1	0	-1	0	0	48	0	20	-1	0	-1	0	0	18	0	0	-1	5	-1	-1	0	0	45
c9565	26	-1	0	-1	-1	0	0	0	43	-1	39	33	0	-1	0	0	16	-1	-1	-1	-1	-1	0	0	7	33	0	-1	7	0
c9614	16	0	0	21	0	27	-1	0	43	0	0	50	0	24	0	0	-1	-1	8	0	0	0	-1	15	7	18	33	-1	0	0
c9648	20	49	0	-1	0	0	0	48	0	6	46	0	-1	47	-1	0	-1	0	0	-1	23	0	-1	0	5	4	-1	-1	-1	33
c9767	22	0	-1	42	-1	0	-1	16	43	0	0	-1	-1	0	16	22	-1	0	-1	-1	0	-1	0	0	7	0	0	0	0	0
c9773	0	0	-1	0	-1	0	-1	-1	0	6	0	0	-1	0	48	0	50	1	0	-1	0	-1	0	0	5	42	0	0	-1	-1
c9778	0	0	-1	-1	-1	0	-1	0	-1	0	0	0	0	0	-1	0	0	3	0	0	0	0	0	33	7	33	4	0	22	47
c9830	-1	0	0	0	0	33	0	0	43	-1	0	18	28	0	39	0	0	0	23	0	23	-1	0	0	7	-1	0	0	0	0
c10014	-1	0	0	0	0	-1	0	-1	0	6	-1	-1	0	-1	42	0	-1	0	0	-1	-1	0	0	-1	5	48	7	29	0	6
c10021	-1	0	-1	0	7	48	-1	48	-1	6	26	28	-1	-1	-1	0	0	-1	43	7	0	0	-1	0	5	0	0	0	3	0
c10078	42	0	0	32	0	0	0	-1	3	6	46	22	-1	47	48	31	34	46	-1	0	0	0	0	-1	-1	0	0	0	-1	-1
c10162	0	9	0	-1	16	-1	16	0	43	0	0	24	0	0	0	0	0	0	0	0	0	-1	0	-1	7	0	0	25	-1	-1
c10226	22	0	0	-1	-1	0	-1	16	43	0	0	0	0	0	16	-1	0	0	-1	-1	0	-1	-1	42	7	0	0	-1	-1	0
c10227	22	0	0	0	23	0	-1	16	43	0	0	-1	0	0	16	-1	-1	-1	-1	-1	0	-1	-1	42	7	0	0	0	31	0
c10237	0	0	31	0	0	0	-1	0	43	48	0	0	0	0	0	15	0	-1	0	-1	9	-1	47	-1	7	-1	0	24	0	0
c10251	0	0	0	0	-1	0	48	-1	0	-1	0	0	0	0	48	-1	0	-1	33	0	-1	0	-1	0	5	0	-1	33	3	-1
c10276	0	0	-1	0	43	-1	25	-1	0	6	-1	-1	-1	36	-1	-1	0	47	0	8	0	-1	-1	-1	5	48	0	0	7	0
c10318	-1	0	0	22	0	-1	-1	-1	0	6	-1	0	0	0	0	0	-1	-1	0	-1	-1	22	31	-1	5	48	0	-1	0	0
c10340	0	-1	0	1	0	-1	0	-1	0	6	24	-1	-1	0	0	-1	0	0	0	0	0	-1	22	-1	5	48	0	0	0	-1
c10406	4	-1	24	21	0	-1	0	0	-1	16	0	-1	15	22	0	0	9	0	0	49	15	0	-1	0	7	0	0	0	0	0
c10483	3	0	23	0	0	15	16	0	43	-1	38	0	0	0	0	15	-1	3	-1	0	-1	-1	47	0	7	-1	27	24	0	0
c10509	-1	0	33	0	47	-1	0	-1	-1	-1	-1	-1	0	0	-1	0	0	0	-1	-1	-1	22	25	-1	5	48	0	-1	-1	21
c10512	0	-1	0	-1	0	-1	-1	-1	43	-1	22	0	0	-1	0	0	47	-1	0	21	0	0	0	-1	5	-1	0	0	0	-1
c10538	-1	-1	7	42	45	-1	-1	-1	42	6	0	0	0	-1	-1	0	0	0	27	0	0	9	0	-1	5	48	26	-1	7	-1
c10555	15	0	0	0	-1	0	0	48	0	6	0	-1	0	0	48	0	0	0	27	0	-1	0	-1	33	5	0	0	-1	-1	-1
c10578	-1	25	0	21	-1	-1	16	0	43	0	0	24	16	0	0	0	0	0	0	5	0	0	0	0	7	25	48	25	48	9
c10590	0	-1	47	21	-1	42	-1	3	43	0	-1	-1	-1	0	-1	0	-1	-1	0	-1	-1	0	-1	45	7	0	-1	0	24	0
c10591	0	0	47	21	-1	-1	-1	3	43	0	-1	38	-1	-1	0	0	-1	0	0	26	-1	0	-1	45	7	0	33	0	24	0
c10663	22	0	0	0	0	4	-1	16	43	0	0	-1	0	0	-1	22	-1	0	-1	-1	0	-1	0	42	7	0	0	-1	0	0
c10720	0	0	0	21	0	0	-1	3	43	0	-1	-1	0	39	0	0	-1	0	3	0	-1	0	-1	45	7	-1	33	7	0	0
c10789	0	0	0	21	-1	0	-1	3	43	0	0	38	0	39	0	0	-1	-1	0	-1	0	0	-1	45	-1	0	-1	7	0	0
c10848	-1	18	0	5	-1	-1	0	0	43	22	39	33	9	0	0	0	16	-1	-1	-1	0	0	0	33	7	33	0	-1	7	0
c10981	2	9	29	21	0	-1	16	0	43	0	0	24	35	0	0	0	-1	0	0	-1	0	0	-1	0	7	0	28	-1	42	-1
c10993	-1	0	0	48	0	0	33	0	43	-1	0	-1	-1	0	16	22	3	0	-1	22	0	0	0	29	7	-1	-1	50	50	-1
c11047	-1	-1	0	0	1	0	0	26	-1	42	-1	0	0	-1	0	48	-1	-1	16	0	43	0	-1	0	-1	33	-1	-1	25	0
c11058	0	46	-1	-1	0	22	0	0	43	0	0	-1	0	0	0	0	22	-1	0	0	15	0	0	-1	7	0	-1	0	34	0
c11073	0	6	0	5	0	-1	0	0	43	22	-1	33	0	0	0	0	0	-1	-1	-1	0	0	0	-1	7	33	31	-1	0	-1
c11193	34	0	0	21	0	50	24	0	-1	0	-1	0	-1	0	0	0	10	0	7	0	15	-1	-1	0	7	9	-1	42	-1	-1
c11201	22	0	0	-1	5	9	-1	0	43	-1	-1	0	0	0	0	0	0	-1	8	0	-1	-1	0	15	7	0	0	0	0	0
c11210	33	0	0	1	22	22	46	48	26	6	0	4	0	26	48	0	0	-1	0	26	0	0	0	0	5	48	0	0	3	0
c11226	16	0	0	-1	-1	0	0	48	0	6	26	0	0	0	-1	0	0	0	0	-1	-1	-1	0	-1	5	0	0	0	3	0
c11296	48	0	22	48	0	-1	-1	-1	-1	6	-1	0	-1	0	-1	27	0	-1	0	7	20	0	0	-1	5	48	35	0	0	0
c11316	0	36	15	0	0	-1	22	48	0	6	0	-1	-1	46	-1	0	22	9	-1	23	0	22	0	-1	-1	0	-1	-1	3	0
c11318	-1	-1	0	-1	10	-1	0	0	43	0	0	0	35	0	0	0	-1	-1	0	0	26	-1	-1	0	-1	-1	31	0	0	0
c11319	-1	-1	0	-1	10	0	0	-1	43	0	-1	-1	35	24	-1	0	8	0	-1	0	26	0	-1	0	7	-1	31	-1	-1	-1
c11342	0	-1	47	0	46	0	0	48	0	6	0	-1	0	0	-1	0	0	-1	-1	0	0	-1	-1	0	-1	42	0	19	3	-1
c11363	0	0	0	0	0	-1	42	48	-1	6	0	0	0	0	48	0	-1	20	25	0	-1	-1	0	-1	5	26	0	0	-1	0
c11415	0	-1	0	5	16	0	-1	0	43	0	39	-1	42	0	-1	-1	15	0	0	-1	0	0	20	-1	7	33	-1	0	-1	0
c11425	0	-1	-1	5	0	0	0	-1	43	22	39	33	0	25	0	36	-1	-1	-1	-1	42	-1	0	-1	-1	33	0	-1	0	-1
c11426	-1	50	0	-1	7	24	-1	1	43	-1	0	0	0	24	0	15	0	3	-1	0	0	-1	47	-1	7	-1	0	24	0	15
c11466	22	36	-1	-1	22	0	-1	-1	43	0	0	0	0	-1	-1	22	0	0	-1	-1	0	-1	0	0	7	0	0	-1	0	0
c11477	0	46	0	-1	0	0	0	31	43	10	0	0	0	0	0	0	0	43	0	50	15	0	-1	22	7	0	0	-1	0	0
c11521	22	-1	0	0	-1	0	33	16	43	-1	0	0	-1	0	16	22	0	0	-1	-1	7	-1	48	0	7	0	-1	0	-1	0
c11552	5	-1	-1	0	-1	0	16	0	-1	-1	0	0	0	0	0	3	33	3	49	-1	50	0	47	-1	7	-1	0	24	0	0
c11553	5	0	0	0	-1	0	16	48	43	0	0	0	0	0	0	3	33	3	49	-1	50	0	47	0	7	33	0	24	0	0
c11564	22	-1	0	1	26	0	33	0	43	0	0	0	0	0	16	-1	0	0	-1	0	0	27	10	0	7	0	28	42	0	-1
c11592	0	7	-1	0	0	-1	0	-1	0	-1	0	-1	-1	0	0	0	0	3	0	0	20	0	0	-1	-1	48	-1	-1	0	0
c11602	0	25	0	-1	-1	-1	33	-1	-1	6	0	47	0	0	-1	27	-1	0	-1	0	0	4	0	-1	5	48	0	0	0	0
c11603	-1	-1	0	-1	4	-1	0	-1	-1	6	0	-1	0	18	4	27	0	15	10	0	0	-1	0	-1	5	48	0	0	-1	0
c11683	-1	0	0	48	-1	-1	-1	0	43	5	0	1	0	0	16	22	-1	0	-1	-1	0	0	0	29	-1	-1	0	50	50	-1
c11693	0	0	22	0	47	-1	0	-1	0	-1	0	47	-1	0	0	0	-1	-1	0	0	20	0	20	-1	5	48	0	0	0	-1
c11729	22	-1	0	7	10	0	0	48	-1	0	-1	0	35	0	47	0	-1	0	0	0	0	0	-1	0	7	33	-1	0	-1	-1
c11739	-1	-1	0	1	0	-1	42	0	43	0	-1	0	-1	-1	0	0	0	0	35	29	20	0	-1	24	7	33	-1	0	0	41
c11825	0	-1	-1	0	-1	48	0	48	0	-1	-1	0	-1	0	48	20	43	8	-1	-1	-1	0	43	0	5	0	0	39	3	-1
c11848	-1	-1	0	21	-1	-1	-1	-1	43	26	0	38	-1	0	0	0	-1	0	0	26	0	0	-1	45	7	0	33	33	0	0
c11877	0	0	22	21	26	4	0	4	43	0	-1	0	-1	27	0	0	-1	16	27	7	0	4	7	0	7	-1	0	0	-1	0
c11907	0	0	0	21	0	0	-1	0	-1	0	0	-1	-1	0	0	0	0	48	0	8	-1	42	0	16	7	0	-1	25	0	0
c11923	0	0	-1	48	0	24	-1	0	43	0	-1	0	24	0	-1	36	0	-1	0	-1	-1	0	0	-1	-1	-1	0	0	0	25
c11965	22	22	0	-1	-1	-1	9	4	43	24	39	0	0	0	-1	0	0	45	0	-1	-1	0	20	0	7	33	20	-1	0	-1
c11971	-1	46	0	16	0	18	0	48	0	6	46	0	-1	-1	-1	-1	28	0	35	16	7	39	42	31	5	-1	20	0	3	-1
c11997	0	0	0	21	15	0	0	7	43	0	0	16	18	-1	0	42	0	0	0	0	-1	-1	0	43	7	-1	-1	25	0	0
c12038	0	0	29	-1	0	0	0	39	43	22	39	33	39	25	-1	36	-1	-1	50	-1	42	0	0	0	7	33	-1	-1	0	0
c12045	-1	-1	0	5	0	0	0	7	43	0	39	0	0	0	0	0	0	0	0	0	0	0	20	0	7	33	0	4	-1	0
c12088	50	9	0	-1	0	-1	0	0	43	11	48	-1	0	0	0	0	-1	-1	7	47	-1	-1	0	0	7	0	33	25	16	0
c12097	-1	45	0	0	4	-1	5	-1	-1	-1	0	0	0	-1	4	0	0	0	10	0	0	0	0	-1	5	48	-1	-1	0	0
c12134	22	-1	0	7	10	0	-1	-1	43	0	0	0	35	-1	47	-1	-1	0	0	0	0	0	-1	0	7	33	0	0	0	0
c12275	24	27	36	8	-1	-1	0	-1	43	15	-1	-1	-1	0	43	0	0	0	-1	-1	-1	7	-1	0	7	33	0	47	22	0
c12501	-1	0	22	21	-1	0	0	4	43	0	5	0	0	0	0	0	-1	16	0	0	-1	0	0	0	7	0	18	0	39	23
c12554	0	9	-1	-1	42	-1	-1	0	43	0	0	-1	0	0	0	0	-1	0	0	0	0	0	0	-1	7	0	-1	25	0	0
c12559	0	31	0	-1	0	-1	16	0	-1	50	20	24	0	-1	0	24	0	0	0	-1	16	31	10	31	7	0	0	-1	0	0
c12611	0	0	0	21	0	0	-1	0	-1	0	0	0	-1	0	0	-1	0	0	16	0	15	0	-1	22	7	-1	0	0	0	0
c12736	0	26	24	0	0	-1	-1	0	43	-1	7	-1	8	3	0	0	0	39	47	21	18	42	33	20	-1	0	-1	18	-1	0
c12737	-1	26	24	0	0	0	18	0	43	48	7	19	8	3	0	38	-1	39	47	21	18	-1	33	0	7	0	0	18	0	0
c12758	0	-1	0	8	0	0	0	0	43	42	39	0	22	-1	0	0	0	0	0	0	-1	0	-1	0	7	33	7	-1	22	0
c12833	-1	0	0	-1	0	0	16	0	43	-1	0	0	0	0	0	15	9	3	0	43	0	0	47	0	7	33	24	24	0	0
c12834	0	0	50	0	0	0	33	0	43	43	15	0	0	0	16	0	0	0	-1	7	0	-1	15	0	-1	-1	0	-1	50	0
c12862	18	0	0	0	1	0	42	-1	0	6	-1	-1	0	48	-1	22	-1	-1	25	0	45	22	0	0	5	26	0	-1	3	-1
c12867	0	0	0	21	43	22	0	0	43	23	0	0	4	0	-1	0	48	-1	0	0	-1	-1	0	0	7	0	0	25	0	43
c12892	0	0	0	-1	-1	0	-1	-1	-1	26	0	38	-1	0	0	0	-1	0	0	26	0	0	-1	-1	7	-1	-1	0	0	0
c12905	0	0	0	0	45	-1	0	-1	0	6	-1	39	0	0	-1	0	-1	0	-1	0	0	0	0	-1	5	48	26	0	7	0
c12917	22	0	0	0	0	0	-1	16	43	0	0	-1	0	0	16	22	0	0	-1	-1	0	-1	0	0	7	0	10	-1	0	-1
c13010	0	0	-1	-1	45	-1	-1	-1	-1	6	0	0	0	-1	0	0	0	0	0	8	0	-1	0	-1	-1	48	26	0	7	0
c13054	0	0	0	0	0	-1	0	-1	43	6	22	0	0	0	0	0	47	0	-1	0	0	-1	26	-1	-1	48	0	6	0	-1
c13115	0	25	0	-1	-1	0	2	0	43	3	39	0	0	0	0	18	0	18	-1	0	0	26	-1	0	7	33	-1	0	-1	-1
c13155	0	-1	0	0	0	-1	0	-1	43	0	-1	-1	0	0	4	-1	33	17	1	0	-1	0	-1	0	7	33	0	-1	25	0
c13189	7	22	0	0	0	0	16	0	43	-1	38	0	-1	0	0	-1	0	3	0	0	0	33	47	0	7	33	0	24	0	-1
c13192	-1	0	33	0	27	-1	0	-1	0	-1	0	0	-1	35	42	0	-1	-1	0	15	0	22	24	-1	5	48	0	0	0	-1
c13253	0	0	-1	0	45	-1	0	-1	20	6	0	10	0	-1	33	23	33	6	-1	0	0	-1	-1	-1	5	48	26	0	7	0
c13258	0	0	22	0	47	-1	0	-1	0	6	0	47	-1	0	31	0	-1	3	5	0	20	0	-1	-1	5	48	0	-1	4	0
c13260	22	0	0	0	0	33	33	0	-1	-1	0	-1	0	-1	16	22	0	0	-1	-1	0	0	-1	0	-1	-1	-1	0	0	0
c13300	26	0	0	-1	0	0	-1	0	43	0	0	-1	0	33	0	0	-1	0	0	0	-1	-1	0	-1	7	26	0	-1	0	0
c13316	-1	-1	0	5	16	-1	-1	33	43	0	-1	4	42	28	-1	0	0	0	43	-1	-1	0	20	-1	-1	33	-1	-1	0	0
c13325	40	48	0	-1	0	0	-1	48	0	6	46	-1	-1	47	-1	0	45	-1	0	0	7	0	33	0	-1	-1	47	0	3	0
c13358	22	26	-1	0	10	20	0	-1	43	-1	0	0	-1	0	0	0	8	0	0	0	26	0	-1	0	7	33	31	0	0	39
c13364	0	0	0	0	45	-1	0	-1	20	6	-1	0	-1	0	0	0	0	0	0	0	0	0	0	-1	5	48	26	14	7	0
c13365	0	0	0	0	45	-1	0	-1	20	6	-1	0	0	0	0	0	0	0	0	0	0	0	0	-1	5	-1	26	14	-1	0
c13393	0	-1	0	24	0	48	0	48	0	-1	0	26	0	0	48	0	0	8	0	33	0	0	0	0	5	1	0	0	3	0
c13481	-1	0	0	21	0	22	20	0	-1	23	16	0	0	0	22	0	-1	48	0	0	-1	0	0	0	7	0	0	-1	0	0
c13484	0	0	0	-1	0	0	24	0	43	20	0	0	-1	0	-1	0	0	0	0	0	15	28	-1	0	-1	-1	0	0	15	42
c13520	-1	0	-1	-1	0	-1	0	48	0	6	50	-1	-1	0	48	0	31	-1	0	0	0	0	0	36	5	0	0	0	-1	0
c13535	5	0	-1	0	0	0	16	0	43	0	0	0	0	0	0	-1	33	3	49	27	50	-1	47	0	7	33	0	24	-1	-1
c13608	0	0	0	0	0	-1	0	-1	43	6	-1	0	23	0	0	0	-1	0	0	0	0	-1	-1	-1	5	48	-1	0	0	-1
c13635	-1	0	0	0	0	-1	33	-1	43	-1	0	27	0	0	-1	0	0	-1	-1	22	15	22	0	29	7	-1	-1	50	50	0
c13636	0	26	-1	-1	0	-1	0	0	-1	0	-1	19	8	3	-1	0	0	39	47	-1	18	-1	33	0	7	8	0	0	0	20
c13641	0	-1	0	21	0	0	24	0	43	-1	0	-1	0	-1	-1	0	-1	0	0	-1	15	0	0	-1	7	24	0	1	0	0
c13652	31	-1	0	0	0	-1	0	-1	0	6	-1	0	0	0	48	20	43	8	45	0	-1	0	0	22	5	0	-1	39	3	18
c13711	-1	20	0	0	0	-1	0	-1	-1	6	-1	0	-1	0	48	0	0	0	27	0	33	0	-1	0	5	45	0	0	3	0
c13729	0	0	22	21	-1	0	0	4	-1	-1	0	0	45	-1	47	22	5	16	0	0	0	0	0	7	-1	31	0	0	26	0
c13740	-1	0	0	21	0	41	-1	0	43	-1	0	0	0	0	-1	-1	-1	-1	8	0	-1	-1	0	15	7	47	0	0	-1	0
c13767	0	26	-1	0	0	0	0	42	43	0	7	19	8	3	0	-1	0	39	47	21	18	7	-1	0	7	-1	0	0	0	0
c13768	0	0	0	21	9	-1	-1	-1	43	-1	0	-1	20	0	-1	0	-1	27	-1	-1	0	0	0	-1	-1	-1	0	10	-1	0
c13794	50	0	0	21	0	-1	0	0	43	0	43	42	0	0	0	0	0	-1	-1	0	0	-1	-1	-1	7	0	33	25	0	0
c13798	7	0	0	0	0	33	-1	0	43	0	0	0	-1	0	-1	15	0	-1	0	0	0	0	47	0	-1	33	0	24	-1	0
c13835	40	48	0	33	0	16	0	-1	0	6	46	0	0	47	48	0	-1	-1	-1	0	7	0	0	0	5	-1	0	-1	3	0
c13870	0	25	28	0	4	-1	0	-1	-1	6	0	47	0	0	4	27	0	0	10	-1	0	4	31	-1	5	48	0	0	0	-1
c13872	0	-1	0	0	-1	0	16	-1	0	6	0	0	0	48	48	0	-1	0	0	0	0	27	-1	-1	5	0	0	0	-1	0
c13887	0	0	-1	-1	-1	22	46	-1	26	-1	0	4	24	0	48	0	-1	7	-1	26	0	0	0	42	-1	48	0	27	3	0
c13950	0	0	33	42	0	-1	34	-1	-1	6	22	-1	0	0	0	0	0	0	-1	-1	0	0	9	-1	5	48	-1	25	0	6
c13976	0	0	18	-1	0	7	33	0	43	15	-1	0	-1	0	16	0	0	0	-1	0	-1	28	0	0	7	36	-1	-1	50	0
c13996	0	0	-1	21	22	22	0	0	43	23	0	-1	0	0	22	0	48	48	0	40	-1	0	0	0	-1	0	-1	25	-1	-1
c14015	0	7	0	0	1	-1	-1	-1	18	6	0	0	-1	6	0	0	0	47	-1	0	-1	21	0	-1	-1	48	40	47	0	6
c14053	42	0	48	0	0	-1	0	-1	28	-1	0	-1	-1	0	0	-1	0	0	0	8	0	43	-1	-1	5	-1	0	0	7	0
c14070	0	48	0	16	-1	0	16	-1	43	0	0	20	0	0	0	15	0	3	39	-1	0	-1	47	0	-1	33	0	24	0	-1
c14094	-1	0	8	0	-1	-1	9	-1	0	-1	0	0	0	0	22	-1	0	-1	0	-1	0	-1	-1	-1	-1	48	0	50	45	15
c14095	-1	0	-1	-1	0	-1	9	-1	0	6	0	-1	0	39	22	-1	0	-1	0	-1	0	0	-1	-1	5	48	33	50	-1	15
c14115	0	-1	0	0	-1	0	48	-1	0	6	0	0	0	0	48	0	0	5	0	0	0	0	-1	-1	5	0	0	-1	3	0
c14143	0	0	-1	-1	0	-1	-1	-1	-1	6	-1	-1	0	36	0	0	0	47	0	-1	0	0	-1	-1	5	-1	0	0	7	0
c14222	0	0	0	0	0	0	-1	48	0	6	0	-1	0	33	48	0	0	-1	9	0	-1	22	0	0	5	0	-1	-1	3	-1
c14224	22	-1	0	-1	0	-1	9	4	-1	24	39	26	0	0	0	0	0	-1	0	0	0	-1	20	0	7	33	20	-1	4	0
c14230	0	0	0	21	20	-1	16	0	-1	-1	8	24	0	-1	46	0	0	0	0	0	0	0	-1	0	7	0	0	25	0	33
c14272	0	-1	0	21	0	0	0	-1	43	0	0	-1	0	0	0	2	-1	48	11	0	-1	16	0	0	7	0	0	25	0	5
c14275	0	-1	0	5	0	50	4	0	43	-1	39	-1	0	0	0	9	0	-1	0	-1	-1	0	-1	-1	7	-1	0	0	0	50
c14303	-1	20	0	0	0	19	0	48	-1	6	0	0	-1	0	48	0	0	0	27	-1	0	0	-1	0	-1	0	0	0	3	0
c14312	22	36	-1	-1	0	0	33	16	43	0	0	0	0	0	16	22	0	0	-1	-1	0	-1	-1	0	-1	0	0	-1	0	0
c14322	0	46	-1	21	0	22	0	0	43	0	0	0	39	0	0	0	22	-1	0	-1	-1	0	0	22	7	0	0	0	0	-1
c14344	31	-1	0	0	0	0	3	48	15	-1	0	0	7	0	48	0	-1	20	0	-1	0	22	-1	49	5	26	0	35	3	0
c14350	0	0	0	22	0	-1	-1	-1	-1	6	-1	0	-1	0	-1	0	46	5	0	-1	31	22	0	-1	5	48	0	0	0	0
c14361	0	0	0	0	4	-1	0	-1	-1	6	0	0	42	0	4	0	0	-1	10	25	-1	0	0	-1	5	-1	0	50	0	0
c14378	22	0	0	0	-1	0	-1	16	43	-1	0	38	0	-1	16	22	0	0	-1	-1	0	-1	25	0	7	0	0	0	0	0
c14379	22	0	-1	-1	0	0	33	16	43	-1	0	-1	0	-1	16	-1	0	-1	-1	-1	0	-1	0	0	-1	0	0	0	0	0
c14417	0	0	33	21	0	0	-1	0	43	0	25	0	0	22	0	-1	23	0	45	-1	15	0	0	-1	7	0	0	0	0	-1
c14424	0	0	7	21	0	0	-1	33	43	18	-1	0	0	0	0	-1	0	0	0	50	0	-1	0	0	-1	0	0	48	19	0
c14445	0	49	-1	0	0	4	0	48	31	6	46	0	-1	47	48	0	0	0	0	0	23	0	-1	0	5	0	3	0	-1	0
c14451	0	0	-1	21	0	-1	16	0	43	0	-1	24	25	7	0	-1	0	50	0	0	16	31	0	-1	7	0	-1	-1	0	0
c14464	0	-1	0	5	0	0	0	0	43	22	39	33	-1	0	-1	-1	0	-1	-1	-1	0	0	3	0	7	33	0	-1	0	0
c14468	0	7	-1	0	-1	-1	0	-1	0	6	0	-1	0	0	0	0	0	-1	0	-1	20	0	0	-1	5	48	0	0	0	0
c14484	0	20	0	-1	0	-1	26	0	-1	0	0	0	0	0	0	0	-1	19	0	-1	0	0	0	0	-1	0	24	0	31	0
c14491	-1	-1	0	-1	0	0	-1	-1	43	50	-1	0	0	0	0	0	0	0	8	33	16	14	0	15	7	0	16	0	-1	0
c14509	-1	0	22	0	0	-1	-1	-1	0	-1	0	49	0	0	0	0	0	3	0	0	20	-1	0	-1	5	48	0	0	-1	0
c14529	-1	0	-1	39	46	0	0	48	0	6	0	0	0	18	48	0	0	1	-1	47	0	0	0	39	5	0	-1	0	3	-1
c14531	26	0	0	-1	0	0	-1	-1	43	22	-1	-1	0	0	0	-1	0	0	8	0	0	14	0	-1	7	4	-1	-1	0	24
c14547	-1	0	-1	18	1	-1	26	-1	18	-1	-1	0	-1	0	0	0	0	47	0	34	0	21	0	-1	-1	48	0	-1	33	-1
c14560	26	0	0	0	0	-1	0	-1	0	6	0	-1	48	50	25	0	0	-1	0	7	0	-1	0	-1	5	-1	26	27	16	0
c14592	2	9	-1	21	0	-1	16	0	43	0	0	24	0	0	-1	-1	0	0	0	0	43	0	0	0	7	0	0	-1	0	0
c14619	0	0	20	0	14	-1	0	-1	0	6	-1	4	26	0	24	26	0	0	0	0	0	0	0	-1	-1	48	0	0	0	0
c14645	-1	0	22	-1	3	0	0	4	43	6	0	0	3	0	0	-1	11	16	-1	-1	0	0	0	0	7	0	-1	0	39	48
c14710	0	0	50	14	0	0	33	0	43	-1	-1	0	0	0	16	0	10	0	-1	0	48	0	15	0	-1	-1	-1	0	-1	0
c14762	0	0	-1	0	-1	0	0	-1	0	-1	-1	38	0	0	48	0	0	0	0	39	0	49	-1	-1	5	0	-1	-1	3	0
c14785	0	-1	-1	21	-1	22	0	-1	43	0	0	0	0	0	0	0	-1	-1	0	0	-1	-1	0	22	-1	0	0	0	0	0
c14790	0	40	-1	5	23	22	0	-1	43	-1	39	0	-1	36	45	0	0	-1	0	0	-1	0	-1	0	7	33	-1	0	0	20
c14807	0	0	0	-1	3	42	26	-1	0	6	0	0	0	0	-1	-1	31	0	0	0	0	0	0	-1	5	0	-1	0	-1	0
c14831	0	24	0	5	0	31	0	-1	43	-1	39	-1	25	43	0	0	-1	0	48	-1	0	0	0	0	7	33	0	-1	-1	25
c14833	5	0	0	0	0	0	16	0	43	0	0	0	0	0	0	3	33	3	49	0	0	0	47	0	-1	33	0	24	0	0
c14846	0	0	0	21	-1	0	-1	3	43	0	18	38	-1	0	-1	40	0	0	9	0	0	-1	-1	-1	7	33	33	7	-1	0
c14849	0	0	0	48	-1	-1	-1	-1	18	6	0	0	0	0	0	0	0	47	0	-1	0	21	23	-1	5	48	0	47	0	-1
c14857	22	26	0	0	10	20	0	26	-1	0	0	0	-1	0	0	0	8	0	0	0	26	-1	-1	0	7	33	31	0	0	0
c14884	0	43	16	-1	0	-1	0	-1	38	6	-1	-1	-1	0	0	0	22	0	0	8	0	28	0	-1	5	-1	0	24	7	-1
c14977	0	9	15	21	2	-1	-1	0	43	0	0	-1	-1	0	-1	0	-1	27	8	0	0	0	0	15	7	0	-1	0	0	-1
c14988	-1	0	0	0	0	0	33	0	-1	0	0	0	-1	0	16	49	5	0	-1	0	0	39	0	29	7	-1	0	50	50	0
c14989	-1	0	0	0	0	0	33	0	43	0	0	-1	0	0	16	49	5	0	-1	0	0	39	50	29	-1	-1	0	50	50	-1
c14992	-1	0	0	-1	0	0	-1	16	43	-1	0	-1	0	-1	16	22	0	0	-1	-1	0	-1	0	0	7	-1	0	0	0	0
c14993	-1	0	-1	-1	0	27	33	16	-1	0	0	0	-1	0	16	22	0	0	-1	-1	0	-1	0	16	7	-1	0	0	-1	0
c15007	33	-1	48	0	-1	-1	-1	-1	0	-1	0	-1	0	0	0	0	7	0	0	8	0	0	-1	-1	5	48	22	0	-1	0
c15010	0	0	0	4	0	0	0	0	43	0	39	0	0	50	0	0	0	0	-1	0	39	0	0	24	7	33	-1	-1	-1	-1
c15031	0	0	50	7	0	0	-1	-1	43	43	15	-1	-1	0	16	0	-1	28	-1	7	0	0	15	0	-1	-1	0	0	-1	0
c15033	21	0	0	-1	0	0	16	0	43	-1	0	0	0	0	0	15	0	3	-1	0	0	0	47	0	7	33	24	24	0	-1
c15034	-1	0	33	-1	24	0	0	48	31	6	0	0	27	0	48	0	25	46	27	-1	0	42	-1	0	5	0	0	0	3	-1
c15055	20	0	-1	0	4	-1	0	-1	-1	6	0	0	50	0	-1	-1	0	0	0	-1	27	0	0	-1	5	48	-1	47	-1	0
c15077	20	0	0	21	0	0	-1	3	-1	0	0	38	-1	39	31	0	-1	-1	0	0	0	0	-1	45	7	0	33	7	0	0
c15158	0	-1	-1	0	0	5	22	48	0	6	0	0	26	16	48	0	0	0	0	25	0	22	-1	36	5	0	0	0	3	0
c15235	-1	-1	0	19	46	0	16	48	0	6	-1	46	0	-1	48	0	-1	-1	0	-1	0	-1	0	-1	5	0	0	-1	3	-1
c15277	0	0	-1	0	0	-1	0	-1	0	6	-1	7	0	0	0	48	0	3	0	0	20	-1	0	-1	5	48	0	-1	0	-1
c15291	5	0	0	0	-1	0	16	0	-1	0	0	0	0	0	0	3	33	3	49	0	0	0	47	39	-1	33	0	24	-1	7
c15326	-1	0	0	0	27	20	0	0	43	22	0	-1	0	18	-1	49	0	0	23	0	0	0	0	0	7	33	0	-1	-1	0
c15343	-1	0	-1	-1	25	-1	0	48	0	-1	-1	0	0	0	-1	0	-1	20	0	0	-1	22	0	0	5	26	0	3	-1	0
c15397	0	0	0	47	0	0	-1	48	24	6	0	-1	0	0	48	-1	0	0	0	0	-1	22	6	0	-1	0	-1	0	-1	0
c15398	0	0	-1	1	0	22	46	-1	26	6	0	-1	0	0	-1	-1	0	7	0	26	0	0	27	0	-1	48	-1	27	3	0
c15404	22	-1	0	0	0	0	-1	16	43	0	0	38	0	0	16	22	0	0	-1	-1	0	-1	0	0	7	24	0	-1	0	0
c15413	-1	0	19	5	0	0	-1	0	43	0	39	-1	0	0	0	47	0	8	42	0	0	0	0	46	7	33	0	-1	0	0
c15424	0	-1	26	0	45	-1	0	-1	20	6	47	10	0	-1	0	0	-1	6	0	0	0	0	0	-1	5	48	26	-1	7	0
c15472	-1	0	-1	0	-1	0	-1	16	43	0	-1	0	-1	18	16	22	-1	-1	-1	-1	0	-1	0	-1	7	0	0	0	0	0
c15473	22	0	0	0	0	0	-1	16	43	0	0	0	0	-1	-1	-1	0	0	-1	-1	0	-1	0	0	7	0	-1	0	0	0
c15480	0	0	0	21	0	16	0	-1	-1	0	0	0	-1	0	0	0	0	48	-1	0	-1	0	0	0	7	0	0	25	0	5
c15481	0	0	0	21	-1	16	0	16	43	0	0	0	-1	0	-1	-1	0	48	0	0	-1	0	0	-1	7	0	-1	25	0	5
c15488	0	28	31	5	-1	0	-1	0	43	22	39	33	0	0	-1	-1	16	-1	0	-1	0	0	0	0	7	33	26	-1	7	7
c15551	0	39	0	21	-1	15	0	0	43	-1	0	0	26	0	0	-1	0	48	0	8	-1	42	0	16	7	-1	33	25	0	0
c15552	26	0	0	21	0	-1	-1	-1	43	50	-1	0	0	0	0	0	0	0	-1	33	0	14	0	15	7	0	16	0	-1	0
c15565	0	-1	0	0	4	-1	0	-1	-1	6	0	0	0	0	-1	9	-1	22	0	-1	43	0	0	-1	5	48	-1	-1	-1	-1
c15580	14	0	0	21	0	-1	16	1	43	0	20	24	0	-1	0	24	0	0	0	33	16	31	0	0	7	20	0	25	24	-1
c15598	0	-1	-1	0	47	-1	0	-1	0	6	-1	3	-1	0	0	0	0	-1	-1	0	20	0	0	-1	5	48	11	0	0	0
c15637	-1	0	22	-1	0	45	0	4	-1	-1	0	-1	0	-1	0	0	-1	-1	0	0	-1	0	0	0	7	0	0	-1	-1	39
c15650	0	0	0	21	-1	0	-1	-1	43	0	0	-1	0	39	0	0	-1	0	0	0	0	0	-1	45	7	0	-1	7	0	0
c15676	0	0	0	-1	-1	0	24	0	43	0	0	7	0	0	0	-1	-1	-1	-1	0	-1	-1	-1	-1	7	0	0	-1	0	0
c15698	0	-1	22	0	0	-1	0	-1	-1	6	-1	0	0	0	0	0	-1	3	-1	0	20	0	0	-1	5	48	0	0	0	36
c15701	43	0	0	-1	-1	38	0	0	43	-1	0	0	0	26	0	0	0	-1	0	0	0	0	-1	0	-1	0	24	-1	33	50
c15721	-1	-1	0	42	0	0	16	-1	43	0	0	0	0	0	0	-1	0	3	0	0	0	0	47	0	7	33	24	24	-1	0
c15723	-1	-1	7	21	-1	0	0	-1	43	-1	0	0	-1	0	21	-1	0	-1	-1	0	0	25	33	-1	7	-1	24	0	24	0
c15726	7	0	0	0	0	0	-1	48	0	-1	0	0	26	16	48	0	0	-1	0	-1	0	22	-1	0	-1	0	0	0	3	0
c15734	-1	-1	-1	21	-1	0	-1	3	43	26	0	38	-1	0	-1	0	0	0	0	26	0	-1	-1	45	-1	0	33	0	0	-1
c15742	0	0	-1	0	0	0	-1	0	43	43	15	0	0	0	16	0	0	0	-1	7	0	0	15	0	7	-1	0	-1	50	-1
c15759	0	-1	0	1	0	-1	0	-1	-1	-1	0	0	0	-1	45	0	0	-1	0	0	-1	0	0	-1	5	48	0	0	-1	-1
c15800	0	0	22	0	0	-1	0	-1	0	6	-1	-1	0	-1	0	-1	0	3	0	0	20	0	0	-1	-1	-1	0	0	0	22
c15819	0	0	16	0	16	-1	0	-1	-1	6	-1	22	9	0	0	0	22	0	0	8	0	28	42	-1	5	48	4	-1	7	0
c15820	0	31	0	21	-1	9	-1	7	-1	-1	0	0	-1	0	-1	0	0	-1	8	0	0	0	0	15	7	11	0	0	-1	0
c15855	22	0	0	-1	10	22	0	0	43	0	-1	0	35	0	0	-1	-1	0	-1	-1	-1	42	-1	-1	7	-1	0	-1	0	0
c15871	0	0	0	-1	-1	0	48	-1	0	-1	0	22	0	0	48	5	45	50	0	0	0	-1	-1	-1	5	0	0	0	3	0
c15892	0	43	0	7	0	0	16	0	-1	0	0	0	0	4	-1	15	0	3	0	28	-1	0	47	0	7	33	0	-1	0	0
c15893	-1	43	-1	0	24	0	16	0	43	0	0	0	0	4	0	-1	-1	-1	0	28	0	0	47	0	-1	33	0	24	0	0
c15937	-1	0	40	-1	0	0	-1	0	-1	0	0	0	0	0	-1	-1	0	3	0	0	0	0	47	0	7	33	-1	24	0	0
c15939	-1	0	50	0	-1	0	33	0	43	43	15	0	33	0	-1	0	0	-1	-1	7	0	-1	15	0	7	-1	0	0	-1	0
c15966	22	50	0	0	0	-1	33	16	43	0	0	0	0	-1	16	22	0	0	-1	0	0	0	-1	-1	-1	0	-1	5	0	0
c15985	0	-1	0	21	-1	0	-1	0	43	0	-1	0	0	5	-1	-1	22	-1	0	0	15	0	-1	22	7	0	26	0	24	0
c15986	-1	2	-1	21	0	0	-1	0	43	-1	0	0	-1	0	0	0	15	0	8	45	0	14	-1	15	7	22	46	0	0	0
c15992	0	0	0	21	-1	0	-1	3	43	8	18	38	-1	0	0	43	-1	0	0	0	0	0	-1	45	7	0	33	0	0	0
c15995	0	-1	0	-1	0	0	0	0	-1	10	0	0	-1	0	0	0	0	43	0	0	15	0	0	-1	7	0	0	11	0	0
c16025	22	0	-1	0	0	0	33	0	43	0	0	24	-1	0	-1	22	0	-1	-1	0	0	0	-1	36	7	-1	-1	0	0	43
c16109	22	33	0	21	-1	0	0	20	43	42	19	0	0	0	0	0	0	-1	0	0	15	-1	0	0	7	7	0	0	0	5
c16144	25	0	0	0	0	-1	34	-1	0	6	22	22	-1	0	0	0	-1	0	0	0	-1	0	0	-1	-1	48	48	25	48	6
c16145	25	0	0	-1	0	-1	34	-1	0	6	-1	22	-1	0	0	0	0	0	0	0	0	0	-1	-1	5	48	-1	25	48	6
c16162	22	26	-1	0	10	0	0	0	-1	0	0	24	35	0	0	0	8	0	0	0	-1	0	-1	0	7	33	31	0	0	-1
c16223	0	-1	-1	21	-1	-1	-1	3	43	0	0	-1	-1	-1	18	0	0	0	-1	26	0	0	-1	45	7	0	33	0	0	0
c16238	0	-1	0	5	16	0	-1	0	43	0	-1	4	42	0	-1	0	33	0	-1	-1	0	-1	20	0	7	33	-1	0	0	-1
c16247	0	-1	0	16	0	0	-1	48	0	6	0	-1	0	28	48	39	-1	20	25	0	0	22	-1	0	5	26	0	20	3	22
c16264	-1	0	50	-1	0	-1	33	0	43	43	15	-1	0	0	16	46	10	0	-1	0	7	0	15	48	7	-1	4	0	50	0
c16271	0	0	-1	0	0	-1	-1	-1	0	-1	-1	0	0	0	0	-1	0	3	0	7	-1	0	0	-1	5	48	0	0	0	0
c16282	22	-1	0	0	0	0	33	-1	43	0	47	24	-1	0	-1	22	0	1	-1	0	0	0	10	36	7	0	-1	-1	10	0
c16283	22	0	0	0	15	0	33	0	43	-1	0	24	-1	0	-1	22	0	-1	-1	0	0	0	-1	-1	7	0	-1	-1	0	0
c16407	0	0	0	21	-1	-1	16	34	43	-1	20	-1	0	-1	0	-1	0	0	0	0	16	31	0	0	7	0	0	25	0	31
c16446	22	-1	-1	0	0	33	33	-1	43	-1	0	0	0	0	16	22	-1	0	-1	-1	-1	0	-1	-1	7	0	-1	0	0	26
c16459	0	-1	0	0	0	0	0	48	24	-1	46	0	0	47	48	0	26	0	0	29	23	0	-1	-1	5	-1	-1	0	3	0
c16469	25	0	48	0	0	-1	8	-1	0	6	0	-1	0	-1	0	4	0	47	0	-1	0	0	-1	-1	5	-1	0	0	7	-1
c16470	0	0	-1	0	29	0	16	0	43	0	0	-1	33	0	0	15	0	-1	0	0	0	0	47	0	7	33	0	-1	0	24
c16476	0	27	0	-1	-1	0	-1	3	-1	26	0	38	-1	0	0	-1	0	0	0	26	0	0	-1	45	7	-1	33	0	0	-1
c16495	-1	0	22	0	0	-1	-1	-1	0	6	-1	0	48	-1	4	-1	0	3	0	0	20	0	0	-1	5	48	34	0	0	0
c16497	3	46	-1	-1	0	22	22	0	43	0	22	-1	-1	0	0	0	22	-1	0	0	15	0	-1	22	7	0	0	-1	0	0
c16519	0	33	0	21	0	0	0	0	43	26	0	-1	0	-1	0	17	0	-1	0	0	15	0	0	-1	7	-1	-1	-1	22	5
c16530	-1	0	50	14	0	24	33	0	43	43	15	-1	0	0	16	0	10	0	-1	-1	0	0	15	-1	7	-1	0	0	50	4
c16552	0	18	33	-1	0	-1	0	-1	0	6	-1	0	0	0	-1	0	-1	0	0	-1	31	22	42	-1	-1	48	0	-1	0	33
c16553	0	18	33	0	0	-1	0	-1	0	6	-1	0	0	0	-1	24	-1	0	0	-1	31	22	0	-1	5	48	0	-1	0	-1
c16592	33	3	0	22	0	-1	-1	-1	0	6	-1	0	22	0	-1	0	46	5	-1	-1	31	-1	0	-1	5	48	33	0	0	0
c16593	33	3	0	22	0	-1	-1	-1	-1	-1	-1	0	0	0	-1	-1	46	5	0	-1	31	-1	0	-1	5	-1	33	0	-1	0
c16598	0	0	0	-1	0	0	-1	22	-1	-1	-1	-1	0	0	0	0	0	-1	0	0	20	-1	20	-1	7	-1	-1	0	0	0
c16642	50	0	0	-1	0	-1	0	0	43	0	-1	42	0	0	-1	0	0	-1	20	0	0	38	0	0	7	0	33	25	0	0
c16685	14	0	18	21	50	0	24	0	43	0	0	22	0	0	0	-1	23	0	0	0	-1	-1	0	-1	7	0	0	1	0	0
c16719	0	0	22	-1	0	0	0	4	43	0	0	0	0	-1	47	-1	5	16	-1	0	-1	0	0	7	-1	0	0	0	26	0
c16732	0	28	31	5	-1	0	0	0	43	-1	39	33	0	0	-1	-1	-1	-1	0	-1	-1	0	0	0	7	33	0	-1	7	0
c16752	22	0	0	-1	-1	22	0	33	43	0	0	0	-1	-1	-1	10	8	0	14	-1	26	42	-1	-1	7	-1	0	-1	0	-1
c16755	22	0	0	-1	50	33	33	0	-1	0	0	0	-1	0	-1	22	7	0	-1	-1	0	-1	-1	0	7	0	-1	0	-1	0
c16763	-1	-1	0	25	-1	-1	0	-1	-1	-1	-1	-1	0	48	-1	39	-1	-1	0	22	31	33	46	-1	-1	48	22	-1	0	0
c16859	-1	0	0	-1	0	-1	0	-1	0	6	-1	0	0	0	0	0	46	5	0	-1	-1	22	0	-1	-1	48	0	0	0	-1
c16861	0	50	0	-1	-1	0	-1	1	-1	-1	-1	0	0	24	0	-1	0	3	0	0	-1	0	47	-1	7	33	0	24	0	0
c16865	43	0	0	0	-1	-1	0	-1	-1	6	-1	-1	18	0	-1	0	-1	22	0	0	43	0	0	-1	5	-1	-1	0	0	0
c16875	26	0	-1	21	0	0	-1	0	-1	-1	25	0	-1	22	-1	26	23	0	-1	0	-1	0	0	-1	7	-1	0	0	0	-1
c16876	0	-1	-1	-1	0	-1	16	-1	43	-1	-1	-1	-1	26	0	0	0	0	0	-1	0	0	-1	0	-1	-1	0	25	0	0
c16877	0	9	0	-1	0	-1	-1	0	43	0	0	24	-1	-1	0	-1	0	0	0	-1	-1	0	0	-1	7	0	15	25	-1	0
c16899	-1	0	0	0	24	-1	0	48	0	-1	0	0	0	0	48	0	0	0	27	26	0	8	-1	0	5	0	0	3	3	0
c16910	33	-1	45	1	22	22	46	-1	26	6	0	4	0	0	48	0	-1	7	0	26	0	0	0	0	5	48	24	0	3	0
c16922	-1	28	0	5	-1	-1	0	0	43	22	39	33	0	0	-1	-1	16	-1	0	-1	-1	0	0	0	7	33	48	-1	7	0
c16972	0	0	0	0	-1	0	0	-1	-1	6	18	38	-1	0	48	0	-1	0	0	0	-1	0	-1	22	5	0	0	0	3	-1
c16978	0	-1	22	21	0	0	0	4	43	0	0	-1	0	-1	47	22	7	-1	0	-1	0	0	-1	7	7	33	0	39	-1	-1
c17001	0	0	0	21	7	-1	24	-1	43	0	0	22	0	0	-1	42	23	0	-1	0	15	0	47	-1	7	0	0	1	-1	0
c17002	0	0	0	-1	-1	-1	-1	3	43	0	0	-1	-1	0	0	0	0	0	0	26	0	22	-1	45	7	0	33	0	-1	0
c17003	0	0	0	-1	-1	0	-1	-1	43	0	-1	-1	-1	0	0	0	-1	0	0	-1	-1	0	-1	45	7	0	-1	0	0	0
c17004	0	0	0	5	0	0	0	0	43	-1	39	33	0	-1	0	-1	0	-1	48	-1	18	0	-1	0	7	33	-1	-1	0	-1
c17017	26	0	0	21	39	0	-1	-1	43	-1	0	0	0	-1	0	-1	0	0	8	5	0	0	0	-1	7	-1	26	0	9	0
c17027	0	0	0	21	-1	-1	-1	-1	43	26	0	-1	-1	7	0	0	0	0	0	26	-1	0	-1	45	7	0	33	0	0	-1
c17047	0	0	-1	-1	0	-1	0	-1	0	6	0	-1	0	0	-1	0	0	3	0	0	20	-1	0	-1	5	48	-1	0	0	0
c17060	-1	0	0	23	45	-1	0	-1	0	6	0	0	0	-1	0	0	-1	0	0	0	-1	1	0	-1	5	48	-1	27	7	0
c17061	-1	-1	0	23	-1	-1	0	-1	0	6	-1	0	-1	0	0	0	0	0	0	0	0	1	0	-1	5	48	26	-1	7	0
c17066	0	0	0	-1	-1	0	-1	-1	43	0	-1	0	0	0	-1	0	0	-1	35	0	-1	0	-1	24	-1	-1	26	24	0	0
c17067	0	-1	0	0	0	0	42	0	43	-1	-1	0	0	0	0	0	0	1	35	0	6	0	-1	24	7	33	0	24	0	0
c17088	-1	-1	0	0	22	0	39	48	0	6	46	0	0	-1	48	-1	0	47	0	0	0	0	-1	-1	5	0	-1	15	3	8
c17096	0	0	0	21	-1	-1	-1	3	43	0	0	-1	0	39	0	0	-1	0	-1	0	-1	7	-1	45	7	-1	33	7	0	0
c17098	0	0	48	-1	-1	-1	8	-1	0	6	-1	22	0	-1	-1	0	-1	47	0	8	0	-1	-1	-1	5	48	0	0	7	-1
c17105	0	8	47	0	-1	-1	-1	-1	-1	6	-1	17	0	0	-1	0	0	0	0	0	0	3	4	-1	5	48	-1	0	0	0
c17146	0	0	0	5	0	0	0	0	43	22	39	33	0	0	-1	-1	-1	-1	38	-1	18	0	0	-1	7	33	39	-1	0	-1
c17150	-1	-1	-1	21	23	0	0	0	43	0	0	0	10	0	0	-1	0	19	-1	0	0	0	0	0	7	0	24	0	0	-1
c17195	22	-1	27	0	0	33	33	49	43	0	36	31	8	0	16	22	0	0	-1	0	0	0	31	0	7	0	-1	0	-1	0
c17240	0	-1	0	21	-1	0	0	0	-1	35	0	16	18	0	-1	42	0	-1	0	50	-1	-1	0	-1	-1	0	0	-1	0	0
c17243	50	0	0	21	0	0	0	0	43	0	43	0	0	-1	0	-1	0	18	0	0	0	38	-1	0	7	-1	-1	25	0	0
c17257	0	0	-1	0	22	22	39	48	0	6	46	0	0	-1	48	0	0	47	-1	-1	0	0	0	0	5	0	0	15	3	8
c17271	-1	0	0	5	0	0	42	0	43	3	-1	0	0	0	0	0	47	0	-1	0	0	26	-1	0	7	-1	-1	0	0	0
c17285	0	0	22	48	-1	-1	0	-1	0	6	-1	0	-1	0	42	0	0	3	0	-1	20	0	21	-1	5	48	35	0	0	0
c17299	20	-1	22	0	4	-1	0	-1	-1	6	0	0	50	0	4	-1	0	-1	-1	24	26	26	0	-1	5	48	15	0	45	0
c17311	0	0	0	-1	-1	-1	16	0	43	0	20	24	-1	-1	0	24	0	0	-1	0	16	-1	0	0	7	0	0	25	0	0
c17343	0	0	0	-1	0	0	-1	0	43	0	0	0	0	-1	0	15	42	3	45	0	0	0	-1	-1	-1	33	-1	24	0	0
c17386	0	20	0	0	0	19	0	48	-1	6	0	0	0	0	-1	0	0	0	-1	0	0	0	-1	0	5	0	0	-1	-1	50
c17391	0	0	0	0	-1	0	-1	-1	0	6	0	0	0	0	48	0	0	0	0	0	0	0	-1	0	5	0	0	0	3	0
c17427	-1	-1	33	5	0	0	0	-1	43	0	39	0	0	-1	0	0	0	0	-1	0	0	0	20	-1	7	33	0	4	0	0
c17428	0	0	0	0	-1	0	42	48	-1	6	0	0	0	16	-1	8	-1	20	25	36	28	-1	-1	0	5	26	0	0	3	42
c17431	0	0	5	21	-1	0	-1	3	43	0	0	38	-1	0	-1	36	-1	0	0	0	50	0	-1	45	7	0	33	0	0	0
c17434	0	-1	24	29	0	0	0	0	43	0	7	-1	8	-1	0	0	0	39	47	21	18	0	-1	0	7	-1	0	0	0	0
c17442	0	42	-1	0	0	-1	-1	-1	0	6	22	0	0	0	-1	0	47	0	-1	-1	0	0	0	-1	5	-1	0	0	0	6
c17465	-1	0	-1	16	42	8	-1	0	43	0	8	-1	0	0	-1	0	-1	0	46	0	-1	0	-1	0	7	33	-1	-1	-1	0
c17505	0	0	50	0	0	0	33	0	43	43	15	0	0	-1	16	0	0	0	-1	-1	48	0	15	-1	7	-1	0	0	50	0
c17530	-1	0	0	0	-1	0	-1	-1	43	39	-1	47	0	-1	-1	0	-1	0	-1	0	15	0	0	29	7	-1	0	-1	-1	0
c17563	0	0	0	18	0	0	22	48	0	6	0	0	-1	16	48	-1	0	0	0	25	-1	22	0	0	5	-1	20	0	3	0
c17567	0	-1	-1	0	0	0	42	-1	45	6	-1	-1	0	48	-1	0	-1	20	25	0	-1	22	0	0	-1	26	0	35	3	22
c17584	0	0	0	0	0	8	0	1	43	0	39	0	0	0	-1	0	0	0	0	0	39	-1	0	0	7	33	-1	0	0	0
c17614	22	0	-1	42	-1	48	33	16	43	0	0	0	0	0	16	22	0	42	-1	-1	-1	-1	0	0	7	-1	0	0	0	0
c17621	0	0	0	-1	-1	0	16	48	0	6	0	0	-1	0	48	-1	0	1	0	0	0	33	0	0	5	0	0	47	3	-1
c17635	0	0	0	21	0	36	-1	0	43	0	0	16	0	-1	0	0	-1	0	0	0	-1	-1	35	22	7	0	-1	25	48	-1
c17648	0	0	-1	-1	-1	0	-1	3	43	26	0	38	-1	0	-1	0	0	0	-1	26	0	0	-1	45	7	0	33	0	0	0
c17658	0	0	0	21	-1	-1	-1	3	-1	26	0	-1	-1	-1	-1	0	0	0	0	26	0	0	-1	-1	7	-1	33	0	0	-1
c17670	0	9	0	-1	-1	-1	16	0	-1	0	-1	-1	0	0	0	0	7	0	0	0	0	0	0	29	7	-1	0	25	0	0
c17671	0	9	0	-1	0	-1	16	0	43	0	-1	24	0	0	-1	0	7	-1	0	0	-1	0	0	0	7	-1	0	-1	0	0
c17682	-1	46	0	-1	-1	0	31	0	43	0	0	0	0	5	0	0	22	-1	42	0	15	0	0	22	7	0	-1	-1	24	0
c17710	0	48	0	21	-1	0	-1	-1	-1	17	0	47	0	33	0	0	-1	0	0	24	-1	0	0	-1	7	0	0	0	0	25
c17761	0	0	22	21	26	4	0	4	-1	0	24	0	-1	0	24	0	0	16	0	0	-1	0	0	0	7	-1	0	0	-1	0
c17772	22	-1	0	0	0	0	33	16	43	0	0	0	0	0	16	22	0	20	-1	-1	0	-1	0	0	7	0	0	0	0	0
c17773	-1	0	-1	-1	0	0	33	16	43	0	0	-1	0	0	16	-1	0	0	-1	-1	0	-1	0	0	7	0	0	0	0	-1
c17819	33	0	-1	-1	-1	0	-1	-1	0	-1	0	7	0	14	48	0	42	0	0	0	-1	0	-1	22	5	0	49	0	-1	-1
c17838	0	0	0	21	-1	0	-1	-1	43	26	0	38	-1	0	39	0	0	0	0	26	-1	0	-1	45	7	-1	33	0	0	0
c17850	0	42	0	5	-1	22	47	48	-1	6	0	0	0	0	-1	0	0	7	0	26	0	0	0	0	5	-1	0	0	3	26
c17859	0	-1	0	0	4	-1	0	-1	-1	6	0	0	0	0	4	0	0	0	10	18	0	0	0	-1	5	48	-1	0	0	0
c17927	22	-1	0	0	10	0	19	0	-1	0	0	-1	-1	-1	0	0	8	0	0	0	-1	0	-1	0	7	33	31	0	-1	-1
c17946	0	-1	0	19	46	0	16	48	0	6	0	46	0	-1	48	0	31	1	0	-1	0	0	0	0	5	0	0	0	3	-1
c17999	-1	0	-1	0	0	15	16	0	43	-1	-1	0	0	0	0	15	-1	3	-1	0	0	0	47	0	7	33	27	24	0	0
c18002	-1	0	0	16	-1	-1	-1	-1	-1	6	0	0	0	-1	4	0	-1	-1	41	-1	0	0	0	-1	5	48	0	0	0	0
c18021	0	0	-1	0	0	0	0	48	0	6	0	21	33	0	48	-1	0	-1	27	0	-1	0	-1	0	5	0	0	0	-1	0
c18078	0	9	0	21	0	-1	-1	-1	43	0	22	24	0	0	-1	0	0	-1	-1	-1	0	-1	0	25	-1	0	0	25	0	0
c18079	0	9	0	21	-1	-1	16	0	43	0	-1	24	0	0	0	0	0	0	-1	0	0	-1	0	-1	7	0	-1	25	0	0
c18091	0	0	50	0	0	0	33	0	43	43	15	0	0	-1	16	0	0	0	-1	7	48	0	15	-1	7	-1	0	0	50	0
c18101	0	29	-1	-1	0	5	22	-1	0	6	0	-1	-1	16	-1	-1	0	22	0	25	-1	22	-1	36	-1	24	42	0	3	0
c18103	0	-1	5	-1	0	0	0	-1	0	6	0	19	0	0	48	49	0	0	0	0	0	0	0	0	5	0	0	-1	3	5
c18111	0	0	50	0	0	0	33	0	-1	43	15	-1	-1	0	16	0	0	0	-1	7	0	0	15	0	-1	-1	0	0	-1	0
c18139	-1	9	-1	21	0	-1	16	0	43	0	0	24	0	0	0	-1	-1	0	0	0	0	0	0	-1	7	0	0	-1	0	0
c18147	0	0	-1	18	0	0	22	48	0	6	0	0	-1	16	48	0	0	0	0	25	-1	-1	0	0	5	-1	20	0	3	0
c18148	0	0	39	-1	-1	-1	0	-1	-1	-1	0	0	-1	0	4	7	0	0	10	-1	3	0	0	-1	5	48	-1	0	0	0
c18155	-1	0	22	48	0	-1	0	-1	-1	6	0	0	35	0	0	-1	0	3	0	-1	20	0	0	-1	5	48	35	0	0	0
c18168	0	0	0	21	0	-1	16	0	43	50	20	24	0	0	0	-1	0	4	0	0	-1	31	-1	0	-1	0	0	25	0	0
c18171	24	-1	24	0	0	0	0	-1	43	0	7	19	8	3	26	15	0	-1	47	-1	-1	0	33	0	7	-1	0	0	0	0
c18205	0	0	-1	0	47	-1	0	-1	0	6	0	0	-1	0	-1	-1	0	3	33	0	20	-1	0	-1	5	48	0	0	-1	0
c18219	0	9	0	-1	-1	-1	16	0	43	0	0	24	0	0	-1	0	7	0	0	0	-1	-1	0	-1	-1	0	0	-1	0	0
c18223	-1	0	0	-1	10	0	-1	0	43	0	0	49	35	-1	48	0	9	0	-1	0	0	5	-1	0	7	33	0	0	-1	0
c18227	-1	0	-1	42	-1	48	33	16	43	0	0	0	0	0	16	22	0	0	-1	-1	0	-1	0	-1	-1	0	0	-1	0	0
c18228	-1	24	0	5	0	0	0	0	43	0	39	33	25	0	0	0	0	-1	0	-1	0	0	-1	0	7	33	0	-1	0	0
c18244	0	-1	50	0	0	0	-1	0	43	-1	-1	-1	0	0	16	0	0	28	-1	7	0	0	15	0	-1	-1	-1	0	50	-1
c18255	10	0	22	0	0	-1	0	-1	39	6	0	0	0	0	0	-1	0	3	0	33	20	0	0	-1	5	48	0	0	0	0
c18287	22	0	0	0	0	33	33	49	43	0	-1	31	-1	0	16	22	0	0	-1	0	0	0	31	0	7	0	-1	0	0	0
c18292	0	46	0	-1	0	0	0	0	43	10	-1	-1	0	0	0	0	-1	-1	0	0	15	0	0	22	-1	0	0	0	-1	0
c18305	2	0	-1	0	15	48	0	48	0	-1	0	0	0	0	48	0	43	-1	0	0	0	0	0	0	5	0	0	39	3	18
c18308	0	0	22	21	26	0	0	-1	43	-1	24	0	-1	-1	0	28	-1	-1	0	0	0	0	0	0	7	0	-1	0	0	0
c18312	0	49	50	-1	0	0	33	0	43	43	15	0	0	0	16	46	10	0	-1	0	0	0	-1	0	7	-1	0	0	50	0
c18351	-1	0	42	21	0	0	24	0	43	17	0	47	-1	33	0	-1	-1	0	-1	16	-1	0	0	-1	7	0	-1	-1	0	-1
c18355	-1	24	-1	5	0	31	0	0	-1	0	39	33	25	-1	0	0	0	0	48	-1	-1	0	-1	0	7	33	0	0	0	-1
c18377	0	0	-1	-1	0	-1	0	-1	0	6	-1	0	0	0	-1	0	46	5	0	-1	-1	22	0	-1	5	48	0	0	-1	0
c18440	0	36	15	0	0	-1	-1	48	0	6	0	-1	-1	0	48	0	0	-1	0	23	0	22	-1	0	5	-1	5	0	3	0
c18469	-1	0	0	48	0	-1	33	8	43	5	0	-1	0	0	16	22	33	0	-1	0	-1	0	28	29	-1	-1	7	50	50	0
c18515	33	0	10	21	47	-1	-1	0	-1	2	0	31	26	0	-1	0	2	48	0	0	-1	0	0	0	7	-1	0	25	0	0
c18531	-1	0	0	0	0	-1	16	-1	43	0	0	0	0	0	0	3	33	3	-1	0	0	0	47	-1	-1	33	0	-1	0	0
c18548	42	0	48	0	0	0	0	-1	3	6	46	22	0	-1	48	0	-1	46	0	0	0	0	0	0	-1	-1	0	0	3	-1
c18562	7	50	0	0	7	0	-1	1	43	0	0	0	0	24	0	-1	0	-1	0	0	0	9	47	15	7	33	0	24	0	0
c18563	0	50	-1	0	7	0	-1	1	43	0	-1	0	0	24	0	15	0	3	-1	0	5	-1	-1	15	7	33	0	-1	0	0
c18578	0	-1	19	-1	-1	0	22	-1	0	6	-1	0	-1	0	-1	0	24	0	0	-1	42	22	0	0	5	-1	0	0	3	14
c18591	0	0	0	0	-1	0	48	-1	0	6	-1	0	0	-1	-1	5	45	50	0	0	0	0	-1	0	-1	0	0	-1	3	0
c18599	-1	0	-1	-1	0	0	-1	3	43	0	-1	38	-1	39	0	0	-1	0	-1	33	-1	0	-1	45	7	-1	-1	7	0	-1
c18617	0	38	48	-1	0	-1	-1	-1	-1	6	-1	-1	0	0	-1	3	0	0	0	8	-1	0	-1	-1	5	-1	0	0	7	0
c18624	2	9	0	21	0	-1	16	0	43	0	0	24	-1	-1	0	0	0	0	0	0	0	48	0	0	7	0	-1	-1	42	-1
c18625	2	9	0	21	0	-1	16	0	43	0	-1	24	35	0	0	-1	0	0	0	0	-1	48	0	-1	7	0	28	-1	42	0
c18651	0	-1	0	1	-1	-1	0	-1	0	-1	24	-1	-1	0	7	-1	0	0	-1	-1	0	0	0	-1	-1	48	-1	0	0	0
c18686	24	-1	0	22	0	-1	0	-1	0	6	-1	0	0	3	-1	0	46	-1	0	-1	31	22	0	-1	5	48	0	0	0	0
c18687	24	0	0	-1	0	-1	0	-1	0	6	-1	0	0	0	-1	0	46	5	0	-1	31	22	0	-1	5	48	0	-1	-1	0
c18692	0	0	-1	5	-1	0	0	0	43	22	39	33	0	0	0	0	0	-1	0	-1	0	0	0	0	7	33	31	-1	-1	0
c18695	-1	46	-1	21	0	-1	0	-1	43	-1	-1	0	0	0	0	0	-1	-1	0	0	15	0	-1	22	7	0	-1	43	-1	0
c18712	10	26	24	-1	0	0	0	-1	43	0	7	-1	8	3	48	-1	0	39	-1	21	18	-1	-1	0	-1	-1	0	-1	-1	27
c18739	0	0	16	0	16	-1	-1	-1	-1	6	-1	22	-1	0	0	0	-1	-1	-1	8	0	-1	42	-1	5	48	-1	0	7	0
c18765	0	8	47	0	4	-1	0	-1	-1	6	0	17	0	24	4	-1	0	0	-1	0	0	-1	4	-1	5	48	0	0	16	0
c18780	0	0	0	0	0	0	42	-1	0	-1	-1	0	0	48	-1	0	-1	20	-1	0	0	22	0	0	5	-1	0	15	3	0
c18783	48	0	0	0	-1	0	-1	48	-1	6	-1	0	39	0	48	0	42	1	0	0	0	0	-1	0	5	0	-1	0	-1	-1
c18786	2	9	9	21	0	-1	16	0	43	0	0	24	-1	0	-1	28	0	0	-1	0	0	0	0	0	7	17	0	-1	0	0
c18787	2	9	9	21	0	-1	16	0	43	0	0	24	0	0	0	28	0	0	-1	-1	0	0	0	0	-1	17	48	-1	0	0
c18809	0	0	22	21	0	0	18	4	-1	0	0	-1	0	-1	47	22	0	16	0	-1	-1	0	0	0	7	34	0	-1	0	-1
c18812	0	0	50	0	-1	0	33	0	43	43	15	-1	-1	7	16	0	0	-1	-1	7	0	0	15	0	7	-1	0	-1	50	0
c18813	0	0	50	0	-1	-1	33	0	43	43	15	-1	0	7	16	45	0	-1	-1	-1	-1	0	15	0	7	-1	0	0	-1	0
c18826	0	48	0	0	0	0	16	-1	43	0	0	20	-1	0	0	15	0	3	4	0	0	0	47	0	7	33	0	24	0	-1
c18832	0	0	0	21	-1	0	-1	3	43	26	-1	-1	-1	0	0	0	0	-1	0	26	0	0	-1	45	7	0	33	0	0	0
c18833	0	0	-1	-1	-1	0	-1	3	43	26	0	-1	-1	0	0	-1	-1	0	0	26	0	-1	-1	45	7	0	33	0	0	0
c18843	-1	-1	0	21	0	9	0	0	43	0	-1	16	28	0	0	0	-1	-1	-1	0	-1	0	0	-1	7	0	0	25	0	0
c18883	-1	18	0	21	5	-1	-1	0	43	0	0	0	-1	0	-1	0	0	0	8	0	0	49	-1	15	7	0	0	0	-1	0
c18887	22	0	-1	7	10	0	46	0	43	0	0	-1	35	0	0	-1	-1	-1	0	0	43	-1	-1	0	7	33	0	0	0	0
c18902	-1	-1	-1	5	16	0	-1	0	43	0	39	4	42	0	-1	-1	0	-1	0	-1	0	0	20	-1	7	33	0	0	0	0
c18916	0	0	0	-1	-1	-1	16	0	43	0	20	24	25	0	0	0	-1	0	0	0	16	-1	0	-1	7	-1	-1	25	0	-1
c18935	-1	-1	0	21	-1	-1	16	0	43	50	20	24	0	0	0	24	0	4	-1	-1	16	-1	0	0	-1	0	0	25	0	0
c18957	46	0	41	0	-1	0	0	48	22	6	0	4	0	-1	48	0	4	-1	0	22	0	48	-1	0	5	9	-1	35	3	0
c18973	0	0	0	-1	4	-1	-1	-1	-1	6	0	-1	0	-1	4	0	0	36	26	0	0	31	0	-1	5	48	-1	48	0	48
c18991	48	26	0	0	-1	0	0	-1	-1	6	0	0	0	0	48	0	42	1	0	0	-1	-1	-1	0	5	0	0	-1	-1	-1
c19003	-1	26	24	0	0	0	0	0	-1	42	7	19	8	3	0	0	0	39	47	21	-1	-1	33	0	7	0	0	0	-1	0
c19047	0	0	50	-1	0	0	33	20	43	-1	15	0	0	0	16	0	0	10	-1	7	4	0	15	0	7	-1	0	0	50	0
c19079	21	0	-1	-1	0	0	16	0	43	-1	0	-1	0	-1	45	15	0	-1	0	0	0	0	-1	0	7	-1	24	24	0	0
c19083	-1	20	0	0	0	0	0	48	48	-1	0	0	22	-1	48	-1	0	0	27	0	-1	50	-1	0	5	45	-1	0	3	0
c19094	0	0	0	0	-1	-1	0	48	0	6	0	-1	0	0	-1	-1	43	8	45	0	-1	0	43	0	5	0	0	39	3	-1
c19096	22	0	31	42	-1	0	33	-1	43	0	0	0	-1	-1	16	22	0	0	-1	-1	0	-1	-1	0	-1	-1	25	0	0	0
c19097	22	0	31	42	-1	0	33	-1	43	0	-1	-1	0	0	16	-1	0	0	-1	-1	0	-1	0	0	7	-1	25	0	0	0
c19109	0	0	0	21	-1	0	-1	16	43	-1	-1	0	0	0	-1	0	0	48	-1	0	-1	16	0	0	7	0	0	25	0	5
c19128	0	-1	-1	-1	0	10	33	0	43	-1	15	0	0	7	-1	0	0	0	-1	7	0	0	15	31	-1	-1	0	0	50	0
c19132	0	0	-1	0	24	0	0	48	31	-1	0	0	-1	0	48	0	25	46	27	-1	39	0	-1	0	-1	0	0	0	3	-1
c19137	0	0	-1	0	-1	-1	0	-1	-1	6	-1	0	0	0	-1	9	0	22	0	-1	-1	47	16	-1	5	48	0	0	0	0
c19144	0	0	0	-1	20	-1	16	0	-1	0	8	24	-1	0	46	0	0	0	0	0	-1	0	-1	-1	7	0	-1	25	-1	33
c19152	0	0	22	42	0	-1	-1	-1	0	6	0	0	0	0	0	23	0	3	-1	0	20	31	0	-1	5	48	-1	0	0	0
c19190	19	-1	-1	0	1	-1	-1	-1	18	6	0	0	0	0	0	0	0	47	-1	0	33	-1	-1	-1	5	48	0	47	-1	-1
c19197	0	0	0	-1	0	0	0	0	43	22	39	-1	-1	0	0	0	0	-1	0	-1	0	0	0	-1	7	33	31	-1	0	0
c19204	-1	0	22	21	0	0	0	4	-1	-1	-1	0	0	-1	0	0	11	16	0	0	0	-1	0	5	7	7	0	-1	39	-1
c19284	0	0	0	0	-1	0	22	48	24	-1	0	-1	26	-1	48	0	0	0	0	25	-1	22	-1	0	5	0	0	0	-1	47
c19294	0	0	0	0	4	-1	7	-1	-1	6	0	0	-1	0	4	-1	0	-1	10	25	0	0	0	-1	5	48	0	-1	0	-1
c19298	0	-1	-1	0	29	0	-1	0	43	-1	-1	0	-1	0	0	15	0	3	0	0	23	0	-1	0	7	33	0	24	-1	0
c19309	0	0	0	0	-1	0	-1	0	43	0	0	0	0	0	0	0	0	3	-1	-1	0	0	0	33	7	33	0	0	22	47
c19326	22	-1	0	0	10	-1	0	33	-1	0	0	0	35	0	-1	10	8	48	14	-1	26	42	-1	-1	7	33	0	-1	0	0
c19327	22	0	-1	-1	10	22	0	33	43	0	0	-1	35	0	43	10	-1	48	14	-1	-1	42	-1	-1	7	33	0	-1	0	0
c19328	0	-1	18	-1	0	-1	33	-1	43	-1	23	0	-1	0	16	-1	22	0	-1	-1	-1	28	0	0	7	36	0	0	50	48
c19361	0	26	24	0	-1	0	0	0	-1	0	7	19	8	3	0	0	0	39	47	21	18	0	33	0	7	8	0	0	0	20
c19364	20	33	22	0	4	-1	0	-1	-1	6	-1	0	50	31	4	0	0	0	31	24	0	0	0	-1	-1	48	15	0	0	0
c19366	-1	0	22	48	0	-1	-1	-1	0	6	0	0	0	0	0	-1	0	-1	-1	0	20	0	0	-1	5	48	35	0	-1	0
c19371	0	0	0	0	0	0	0	-1	0	6	0	0	0	4	48	0	-1	0	0	0	19	0	-1	-1	5	0	50	-1	3	0
c19375	31	16	0	48	-1	0	0	48	0	-1	0	0	0	0	48	-1	-1	20	-1	0	0	22	0	47	5	26	0	0	3	0
c19382	-1	0	-1	0	0	0	33	0	43	0	0	-1	10	0	16	0	0	34	-1	0	0	0	0	29	7	-1	5	-1	-1	0
c19387	-1	-1	0	-1	0	0	0	0	-1	-1	39	0	48	-1	0	0	20	-1	0	-1	39	0	0	0	7	33	35	-1	9	0
c19398	0	-1	0	0	-1	-1	48	-1	0	6	0	0	0	-1	-1	5	0	50	0	7	-1	-1	-1	42	-1	-1	0	0	3	-1
c19401	50	0	48	21	0	-1	0	-1	-1	0	43	42	0	-1	0	0	0	18	-1	0	0	38	0	0	7	0	33	-1	0	0
c19403	-1	0	22	0	4	-1	0	-1	-1	6	-1	0	50	0	4	0	0	0	0	24	26	-1	0	-1	5	-1	-1	0	45	0
c19423	0	9	0	21	0	-1	16	0	43	0	-1	24	0	0	0	-1	0	0	0	7	-1	0	0	0	7	0	0	25	0	0
c19435	31	-1	5	0	0	0	3	48	0	6	0	0	7	20	48	-1	-1	20	0	-1	0	-1	0	49	5	26	-1	35	-1	-1
c19439	-1	18	31	42	-1	48	33	-1	-1	0	0	-1	-1	0	16	22	0	42	-1	-1	0	-1	0	47	7	-1	0	0	0	0
c19465	0	-1	0	0	0	50	42	48	0	6	-1	0	0	48	-1	0	-1	-1	25	43	0	22	7	0	5	-1	0	4	3	50
c19471	0	-1	0	21	-1	0	-1	3	43	26	18	38	-1	0	0	0	0	0	0	26	-1	0	-1	45	7	0	-1	-1	-1	16
c19475	-1	0	22	-1	0	-1	-1	-1	0	6	0	49	0	0	0	0	-1	3	0	0	20	0	0	-1	5	48	0	0	10	-1
c19480	0	0	0	0	-1	0	48	-1	0	6	0	0	0	-1	48	0	0	5	0	0	0	0	-1	0	5	0	-1	0	3	0
c19482	-1	0	0	0	-1	0	1	48	0	-1	0	0	-1	-1	-1	0	43	0	27	0	-1	0	-1	0	-1	20	0	0	3	7
c19491	0	0	22	21	-1	0	-1	-1	43	42	24	0	-1	24	0	0	22	16	-1	14	-1	0	0	-1	7	0	21	0	0	-1
c19505	-1	0	-1	0	0	0	33	0	43	0	22	0	-1	0	16	49	0	0	-1	16	0	0	0	29	7	-1	-1	50	50	22
c19508	-1	0	16	0	0	20	0	0	43	0	33	0	0	-1	0	0	6	0	23	0	0	-1	39	0	7	33	0	0	0	0
c19525	0	0	0	21	0	47	0	0	-1	-1	-1	-1	0	0	0	-1	-1	19	0	0	0	0	0	0	7	-1	24	42	0	0
c19529	-1	5	0	0	-1	0	33	0	-1	0	0	-1	0	0	16	-1	40	-1	-1	0	0	0	0	29	-1	-1	-1	50	50	0
c19575	26	0	0	21	39	-1	-1	0	43	-1	0	0	0	-1	0	-1	-1	0	8	0	-1	0	0	15	7	0	0	0	9	0
c19621	16	-1	0	21	15	0	0	0	43	0	7	16	18	0	4	42	0	22	-1	0	-1	0	0	43	7	0	0	-1	0	0
c19622	0	-1	0	-1	0	25	24	0	-1	0	0	0	-1	0	-1	-1	0	0	0	0	15	0	0	45	-1	-1	0	2	-1	0
c19632	-1	-1	7	0	45	-1	0	-1	42	6	-1	0	0	0	24	0	0	0	-1	0	0	-1	0	-1	5	48	26	-1	7	0
c19689	22	0	0	5	10	25	0	0	43	0	0	39	35	0	-1	-1	-1	0	-1	0	26	0	-1	22	7	33	31	0	0	27
c19718	0	33	0	21	0	0	0	0	43	0	0	0	0	0	0	-1	-1	0	24	0	-1	-1	0	-1	7	0	-1	0	-1	-1
c19779	-1	0	0	-1	0	-1	0	0	43	9	0	-1	0	0	0	0	24	19	0	-1	0	0	-1	0	7	-1	24	42	-1	0
c19783	0	0	0	0	0	0	27	0	43	0	0	-1	0	0	33	-1	-1	-1	47	49	0	0	-1	-1	7	33	0	-1	-1	0
c19792	0	0	0	-1	48	0	48	47	43	-1	39	0	0	0	-1	0	-1	18	0	0	0	-1	20	0	7	-1	-1	0	0	0
c19793	0	0	0	5	48	-1	0	47	43	3	39	0	-1	0	0	-1	0	18	0	-1	0	26	20	0	7	33	-1	0	0	0
c19831	-1	3	22	21	0	0	0	-1	43	-1	0	0	0	40	-1	0	11	16	0	0	42	0	0	43	7	-1	-1	-1	-1	0
c19859	22	0	-1	7	10	0	4	0	43	0	0	0	35	-1	23	-1	0	0	0	0	-1	-1	-1	0	7	33	0	0	26	0
c19868	-1	26	24	0	0	0	0	0	-1	0	-1	19	8	3	0	0	0	39	-1	21	18	0	33	-1	7	0	0	0	-1	20
c19893	21	0	-1	0	0	0	-1	-1	43	-1	0	0	0	0	0	-1	0	3	33	0	-1	0	47	50	7	-1	18	24	0	33
c19904	0	0	-1	0	46	0	-1	-1	0	6	0	0	0	27	48	0	16	1	0	0	0	-1	0	0	5	0	-1	0	3	-1
c19924	0	0	0	22	-1	-1	33	-1	48	6	-1	0	42	-1	42	-1	-1	-1	0	-1	31	22	0	-1	5	48	0	0	0	0
c19925	-1	-1	0	22	0	-1	33	-1	48	6	-1	0	42	0	0	0	46	5	0	-1	31	-1	0	-1	5	48	0	-1	0	0
c19964	0	1	-1	48	0	-1	0	-1	0	6	0	0	0	39	0	0	0	3	0	0	20	0	-1	-1	5	48	35	0	-1	50
c19968	-1	0	14	0	0	48	-1	48	-1	-1	-1	28	-1	0	-1	0	0	40	0	7	0	0	0	0	5	28	0	0	3	-1
c19984	0	0	0	0	0	0	42	48	-1	6	-1	0	0	16	48	0	-1	20	25	0	0	22	0	50	5	-1	0	-1	3	45
c19987	0	0	-1	0	0	48	0	0	43	0	0	-1	0	0	33	7	0	0	-1	49	-1	-1	-1	42	7	-1	0	-1	0	-1
c19992	22	36	15	0	0	-1	-1	48	0	6	0	-1	0	46	-1	0	22	9	-1	23	0	22	0	0	5	0	5	-1	3	-1
c20052	-1	0	-1	5	0	0	0	0	43	22	39	33	0	0	-1	-1	0	-1	38	-1	18	0	0	0	7	33	39	-1	0	0
c20093	0	25	-1	0	4	-1	0	-1	-1	6	0	47	0	0	4	27	0	0	10	0	0	4	-1	-1	5	-1	0	0	0	0
c20127	0	9	15	-1	2	41	-1	0	43	0	0	0	0	0	0	-1	-1	27	-1	-1	0	0	0	15	7	-1	0	0	-1	-1
c20139	18	0	-1	0	0	0	42	48	0	6	-1	-1	41	48	-1	22	-1	-1	-1	0	45	22	-1	0	5	26	0	0	3	-1
c20148	-1	4	0	-1	0	0	-1	0	43	0	0	0	0	22	20	-1	0	-1	0	0	-1	0	-1	0	7	0	0	25	0	5
c20163	22	-1	0	7	10	0	0	0	43	0	0	0	35	0	23	0	0	0	0	0	0	0	-1	0	-1	33	-1	0	26	-1
c20178	-1	-1	22	48	0	-1	0	-1	0	6	0	0	-1	0	0	0	0	3	0	0	20	0	0	-1	5	48	35	0	0	0
c20220	0	0	-1	21	-1	-1	16	-1	43	0	20	-1	25	43	0	0	0	0	0	-1	16	31	0	0	7	-1	0	25	-1	0
c20231	0	0	0	18	0	0	16	0	43	33	-1	0	0	0	0	15	43	3	0	20	0	0	47	0	7	33	0	24	0	0
c20317	0	0	-1	-1	0	0	33	0	43	43	15	0	33	-1	16	0	0	0	-1	7	0	0	-1	0	7	-1	-1	0	-1	0
c20326	0	-1	4	47	0	0	22	48	-1	6	-1	-1	0	0	48	0	0	-1	0	24	0	22	0	26	5	0	-1	0	3	24
c20329	0	-1	4	5	0	0	0	-1	43	-1	39	33	25	0	0	4	28	0	0	-1	0	23	0	-1	7	33	-1	0	0	-1
c20351	0	0	0	0	0	-1	39	48	-1	6	46	0	0	0	48	-1	11	0	-1	0	42	-1	-1	-1	5	0	0	15	3	0
c20400	0	0	0	21	0	0	-1	3	43	0	0	38	0	39	-1	0	-1	0	0	0	0	0	-1	45	7	-1	33	7	0	0
c20401	0	-1	0	21	0	0	-1	3	43	26	0	-1	0	39	0	0	-1	0	0	0	0	0	-1	45	7	0	33	7	-1	-1
c20447	-1	0	-1	0	46	-1	48	48	-1	6	0	0	0	21	48	0	-1	0	0	0	0	0	0	0	5	-1	0	0	-1	0
c20456	0	0	50	0	28	0	-1	0	-1	-1	15	0	33	0	16	0	0	0	-1	7	0	0	-1	0	7	-1	-1	0	50	45
c20486	0	-1	0	21	-1	0	-1	-1	43	-1	0	0	0	0	0	-1	23	-1	15	0	-1	0	0	-1	7	0	25	-1	0	0
c20488	-1	0	0	-1	0	-1	33	16	43	0	0	-1	33	-1	16	22	0	0	-1	-1	1	-1	26	0	-1	0	0	-1	0	0
c20490	0	0	0	47	0	0	22	48	0	-1	0	-1	0	0	48	0	0	0	0	0	0	22	21	0	-1	0	-1	0	3	0
c20499	0	-1	-1	-1	0	22	-1	0	43	0	0	0	0	0	0	0	-1	-1	0	0	15	0	0	22	7	0	0	0	0	0
c20527	0	0	39	21	-1	45	0	0	43	0	1	-1	26	0	-1	0	0	-1	0	22	-1	0	7	0	7	0	0	25	18	0
c20528	0	24	0	-1	0	0	-1	0	43	0	39	-1	-1	0	-1	0	0	39	-1	-1	-1	0	0	-1	7	33	0	0	0	0
c20529	-1	-1	0	5	-1	-1	0	0	-1	0	39	33	25	0	0	-1	0	-1	0	-1	0	0	0	0	-1	33	0	0	0	0
c20538	0	33	-1	-1	26	0	23	0	43	0	19	-1	-1	0	0	0	0	0	0	1	15	0	0	50	7	7	0	0	-1	-1
c20552	15	0	0	21	0	-1	24	-1	-1	0	-1	-1	0	0	42	42	0	0	0	0	15	0	20	0	7	-1	0	0	-1	-1
c20554	0	0	0	21	39	0	-1	3	43	0	0	38	0	39	0	0	-1	0	0	0	0	0	-1	45	7	0	33	7	0	0
c20555	0	0	0	-1	-1	39	-1	3	43	-1	0	38	0	39	0	0	-1	0	0	0	0	0	-1	45	7	0	33	7	0	0
c20563	22	0	0	0	0	0	-1	16	43	0	0	0	0	-1	-1	22	0	0	-1	-1	0	-1	0	0	7	-1	0	42	0	0
c20564	10	26	24	-1	0	0	0	0	43	0	-1	19	8	3	48	-1	0	39	47	21	-1	25	33	0	-1	-1	0	-1	-1	27
c20565	10	26	24	-1	0	0	0	0	43	0	-1	19	-1	3	48	0	0	39	-1	21	-1	25	-1	0	-1	-1	-1	-1	-1	27
c20566	0	0	0	0	0	-1	0	-1	43	6	22	0	0	47	-1	0	47	-1	0	-1	-1	0	0	-1	5	-1	-1	0	0	6
c20570	-1	0	50	0	-1	0	33	0	43	43	15	42	0	0	16	0	0	0	-1	7	0	0	15	-1	7	-1	0	0	-1	33
c20578	0	-1	0	20	-1	0	22	-1	0	6	0	0	26	16	48	0	0	-1	0	-1	0	22	0	0	5	0	0	-1	3	0
c20583	0	-1	-1	0	-1	-1	0	-1	38	6	0	22	0	-1	-1	-1	0	20	0	8	25	0	0	-1	5	48	0	0	7	0
c20588	5	50	0	21	0	0	-1	-1	43	-1	-1	0	0	42	0	-1	0	0	0	50	0	0	22	0	7	0	0	0	0	0
c20613	-1	0	22	-1	0	-1	0	-1	0	6	0	25	-1	20	0	0	0	3	16	0	20	0	0	-1	5	-1	2	16	0	36
c20670	7	0	0	0	0	0	16	0	43	0	38	0	0	-1	0	15	20	3	-1	-1	0	0	-1	0	7	33	0	24	33	0
c20673	-1	-1	-1	-1	0	20	0	0	43	0	33	0	0	0	-1	0	6	0	23	0	-1	0	39	18	7	33	-1	0	0	42
c20674	0	0	0	21	0	0	24	-1	43	0	0	22	0	0	0	0	-1	33	-1	-1	15	0	0	-1	7	-1	0	1	0	0
c20693	0	0	0	21	0	-1	-1	-1	43	0	0	-1	0	39	0	0	-1	0	0	0	0	0	-1	45	7	0	33	7	0	0
c20702	-1	0	22	21	-1	4	0	4	43	-1	24	0	-1	0	0	33	0	16	-1	7	31	0	7	0	7	-1	0	0	24	0
c20703	0	0	-1	21	26	4	0	4	-1	0	24	0	-1	0	0	-1	-1	16	27	7	31	0	7	0	7	-1	0	0	24	-1
c20716	0	0	0	47	0	-1	0	0	43	-1	-1	0	0	0	0	0	20	24	0	-1	-1	0	0	0	7	-1	35	0	0	39
c20717	-1	0	0	-1	0	0	0	0	43	46	39	0	0	0	0	0	20	24	0	0	39	-1	0	0	7	-1	35	0	0	-1
c20720	0	25	-1	0	4	-1	0	-1	-1	6	0	47	0	0	-1	-1	0	21	-1	0	0	0	0	-1	5	48	0	14	0	0
c20728	-1	-1	50	0	-1	0	33	0	-1	-1	15	0	0	0	16	46	-1	0	-1	0	0	0	-1	-1	-1	-1	4	0	50	0
c20737	0	9	15	21	2	-1	-1	0	43	0	0	0	0	0	0	0	-1	27	-1	0	42	0	0	15	7	0	0	0	-1	-1
c20780	-1	36	15	0	0	0	22	-1	0	-1	0	-1	-1	0	48	0	-1	0	-1	-1	0	22	0	42	5	0	5	0	3	33
c20783	0	16	-1	21	0	0	-1	33	-1	0	0	0	0	0	27	-1	0	0	0	50	-1	0	-1	0	7	0	0	-1	19	0
c20788	0	49	50	0	0	0	33	0	43	43	15	0	0	0	16	46	10	0	-1	-1	0	0	15	0	7	-1	-1	0	-1	0
c20794	-1	26	24	-1	0	0	0	0	43	0	7	19	8	3	0	0	0	39	47	-1	18	0	33	0	7	-1	0	-1	-1	-1
c20797	0	9	-1	-1	0	-1	16	0	-1	0	0	24	0	0	-1	0	22	0	0	-1	0	0	0	0	7	0	0	25	0	-1
c20798	0	0	-1	21	0	9	-1	0	43	0	0	0	0	0	0	0	0	0	8	0	0	-1	0	-1	-1	-1	-1	0	-1	0
c20827	0	0	0	21	0	0	-1	33	43	-1	0	0	0	0	0	-1	0	-1	48	50	0	5	-1	0	7	0	0	24	0	0
c20890	0	0	0	0	1	0	0	26	43	0	-1	0	0	0	-1	48	-1	0	16	0	43	0	-1	0	-1	33	0	-1	25	-1
c20895	41	0	0	-1	-1	-1	0	-1	-1	6	-1	26	48	0	0	0	0	-1	0	7	0	-1	0	-1	5	48	0	0	-1	22
c20900	31	31	23	22	0	0	-1	-1	0	-1	27	-1	-1	-1	48	47	-1	20	0	0	-1	22	-1	-1	5	26	0	10	3	0
c20906	0	26	0	0	45	-1	0	-1	0	6	0	0	47	0	20	0	0	-1	0	8	0	0	0	-1	5	48	26	0	-1	0
c20921	21	0	40	0	0	0	16	0	43	0	-1	0	0	0	0	15	0	3	0	-1	0	0	47	-1	7	33	24	24	-1	0
c20924	-1	0	0	21	15	0	0	0	43	-1	33	16	18	0	-1	42	0	0	-1	-1	-1	0	0	43	7	-1	0	25	-1	39
c20932	0	0	0	-1	0	42	26	48	0	6	0	0	-1	-1	-1	-1	31	-1	-1	0	-1	0	22	0	5	-1	0	0	-1	-1
c20936	22	50	0	0	-1	33	33	16	43	0	-1	0	45	0	-1	-1	-1	0	-1	-1	-1	0	0	0	-1	6	-1	-1	0	-1
c20970	36	0	0	1	0	-1	0	-1	0	6	42	0	18	0	0	0	0	-1	0	22	48	-1	33	-1	5	48	-1	-1	-1	0
c20983	0	-1	43	0	19	48	-1	48	0	-1	46	0	0	0	48	-1	28	0	0	-1	0	-1	0	0	5	0	0	0	3	7
c21017	-1	0	0	21	0	0	0	-1	43	-1	0	-1	0	22	-1	0	0	48	0	0	-1	-1	0	0	-1	0	0	25	19	0
c21034	0	0	0	0	4	-1	0	-1	-1	-1	0	0	0	0	4	7	-1	-1	10	0	3	-1	0	-1	-1	48	0	0	0	0
c21035	0	0	0	0	4	-1	0	-1	-1	6	0	0	0	0	4	7	-1	0	10	0	3	0	0	-1	-1	48	0	0	0	0
c21051	33	0	0	-1	0	-1	0	0	43	0	-1	-1	26	0	0	20	2	48	0	0	-1	-1	0	20	-1	-1	-1	25	0	-1
c21059	-1	50	0	0	0	-1	33	16	-1	0	0	0	0	-1	-1	-1	0	0	-1	-1	0	-1	0	-1	7	-1	-1	5	0	0
c21060	-1	0	0	-1	45	-1	-1	-1	-1	6	0	39	0	0	0	-1	-1	0	0	0	0	0	0	-1	5	48	26	0	-1	0
c21065	-1	0	50	0	0	-1	33	-1	-1	43	15	-1	0	0	16	0	10	3	-1	0	0	0	-1	24	-1	-1	-1	0	50	0
c21083	4	7	22	21	22	0	26	4	43	0	0	-1	0	-1	47	22	0	16	0	0	0	0	0	7	7	33	0	39	-1	-1
c21086	0	0	0	1	0	-1	0	-1	0	-1	0	0	42	33	0	0	0	-1	0	-1	0	0	0	-1	5	48	0	0	-1	0
c21098	0	0	50	-1	0	0	4	0	43	15	39	0	22	0	0	-1	20	0	0	-1	-1	0	0	0	7	-1	0	47	22	16
c21103	0	-1	0	23	-1	-1	0	-1	0	6	0	0	-1	-1	0	0	-1	0	1	0	45	1	0	-1	5	48	26	0	7	0
c21130	0	0	0	0	-1	0	42	-1	0	6	-1	0	0	16	48	8	-1	20	25	36	42	-1	-1	0	5	26	0	0	3	0
c21158	-1	-1	-1	-1	0	45	16	0	43	-1	-1	0	0	-1	0	15	-1	3	0	0	0	0	47	-1	7	33	0	24	0	0
c21161	-1	-1	0	7	10	0	0	49	43	0	0	0	-1	-1	47	0	0	0	0	0	0	0	-1	33	7	33	0	0	0	0
c21173	-1	0	0	21	-1	0	0	0	43	0	0	0	22	0	20	0	0	48	-1	0	-1	0	0	0	7	0	0	25	0	5
c21199	0	0	0	21	15	0	0	8	43	0	0	16	18	0	-1	0	43	0	0	0	-1	0	0	0	7	0	-1	25	0	0
c21200	22	22	0	5	-1	-1	9	4	43	24	39	0	0	-1	0	-1	0	45	0	0	-1	0	20	47	7	33	20	-1	0	0
c21294	-1	0	22	0	-1	0	42	4	43	0	0	38	0	25	-1	-1	0	50	35	0	0	22	-1	24	7	-1	0	0	0	0
c21313	0	0	0	-1	46	0	16	48	0	6	-1	5	-1	0	-1	0	0	1	0	0	0	22	-1	0	5	24	0	-1	-1	-1
c21332	22	0	-1	-1	0	0	33	16	43	0	0	0	0	0	16	22	0	-1	-1	-1	0	-1	-1	0	7	0	0	-1	0	0
c21334	0	0	-1	0	47	-1	-1	-1	-1	6	0	0	48	0	-1	0	0	3	0	0	20	0	3	-1	-1	48	0	0	0	7
c21336	0	0	0	21	0	0	24	-1	43	-1	-1	0	0	0	0	0	0	-1	0	0	15	0	0	0	7	9	-1	-1	15	-1
c21353	43	0	-1	26	47	-1	0	-1	0	6	0	0	48	0	0	0	0	-1	0	0	20	24	0	-1	5	48	-1	0	0	0
c21360	31	0	-1	0	-1	0	3	48	0	6	0	-1	7	0	48	0	-1	20	0	-1	22	22	0	49	5	26	5	35	3	0
c21364	-1	0	31	42	-1	48	33	16	-1	0	0	-1	0	0	16	22	0	42	-1	-1	0	-1	0	0	7	-1	-1	0	0	0
c21373	-1	-1	18	-1	0	7	33	0	43	15	23	0	0	0	-1	0	0	0	-1	0	-1	0	0	0	-1	36	0	0	50	0
c21386	0	0	50	-1	-1	14	33	31	-1	-1	15	28	0	0	16	-1	10	33	-1	0	0	0	15	0	7	-1	0	0	-1	0
c21396	26	0	0	21	39	0	-1	0	43	-1	-1	0	0	-1	0	-1	0	0	8	0	0	0	0	15	7	0	0	0	-1	0
c21397	26	0	0	21	39	-1	-1	0	43	-1	0	-1	0	-1	0	-1	0	0	8	0	0	0	0	15	7	0	-1	0	9	0
c21429	0	-1	-1	0	-1	0	22	48	-1	6	0	0	26	16	48	0	0	-1	0	25	0	22	-1	0	5	-1	0	0	3	0
c21438	0	0	-1	-1	0	-1	0	-1	38	6	0	22	-1	24	14	0	33	0	0	8	0	0	0	-1	5	48	-1	0	7	-1
c21467	20	-1	0	47	0	0	0	48	33	6	46	0	0	47	-1	0	26	0	0	33	-1	0	-1	0	5	4	36	-1	3	0
c21468	-1	-1	0	-1	0	-1	16	-1	43	0	-1	24	-1	0	0	33	-1	0	0	0	0	0	0	-1	7	0	0	25	0	0
c21507	0	-1	0	0	0	-1	-1	-1	38	6	0	22	0	15	0	-1	0	0	0	8	0	33	16	-1	-1	48	20	0	7	0
c21516	-1	0	0	0	0	0	0	48	0	6	-1	-1	0	0	48	0	0	-1	-1	0	-1	-1	-1	0	5	45	0	0	3	0
c21517	-1	0	0	0	0	0	-1	-1	0	-1	0	-1	-1	0	48	0	0	0	-1	0	0	0	-1	0	5	45	0	0	3	0
c21529	50	0	0	-1	24	0	16	0	43	0	0	0	0	-1	0	-1	-1	18	7	0	-1	38	0	0	7	-1	-1	-1	6	-1
c21532	0	0	50	0	28	0	33	0	43	43	15	0	33	0	16	0	-1	0	-1	7	0	0	15	0	-1	-1	0	0	-1	0
c21544	0	0	0	0	0	-1	22	-1	0	-1	-1	0	0	-1	48	0	-1	0	0	39	0	22	-1	0	5	0	26	0	3	0
c21547	0	33	26	0	-1	0	42	-1	0	6	0	-1	0	0	48	0	-1	20	25	0	0	-1	24	0	5	26	2	42	3	0
c21548	0	0	0	21	-1	-1	16	0	43	0	20	-1	49	-1	-1	24	0	0	-1	0	-1	31	0	-1	7	0	0	25	-1	0
c21554	22	-1	0	-1	10	0	0	-1	-1	0	0	-1	35	0	0	0	8	0	0	0	26	0	-1	0	7	33	31	-1	0	0
c21558	22	0	24	0	10	0	0	16	43	0	0	-1	35	0	0	0	8	-1	0	0	26	0	-1	4	7	-1	31	0	-1	27
c21559	22	0	24	0	10	-1	0	16	43	0	0	-1	35	0	0	0	8	0	-1	0	26	0	-1	4	7	33	31	-1	-1	-1
c21575	-1	-1	0	-1	-1	0	-1	0	-1	0	0	0	0	0	0	0	0	0	23	-1	0	0	0	0	7	33	31	-1	-1	0
c21588	0	0	0	-1	-1	0	-1	-1	43	0	-1	0	-1	0	0	0	0	0	35	0	0	0	-1	24	7	33	0	0	0	0
c21600	-1	-1	24	7	0	0	0	0	43	0	7	19	8	3	0	0	46	39	-1	-1	18	0	-1	0	7	-1	0	-1	24	0
c21601	33	26	-1	7	0	0	0	0	-1	0	7	19	8	3	0	0	46	39	-1	21	18	0	33	-1	-1	-1	0	3	-1	0
c21606	0	0	0	0	0	-1	-1	48	15	-1	0	26	0	0	48	0	0	8	0	0	0	0	0	26	5	0	0	-1	-1	0
c21630	0	0	0	21	33	-1	-1	0	-1	0	0	0	-1	-1	-1	0	0	0	16	0	15	0	0	0	7	0	15	0	0	-1
c21659	22	-1	0	0	0	-1	33	0	43	-1	0	0	-1	0	16	22	0	0	-1	0	0	-1	-1	-1	-1	0	-1	0	0	50
c21710	-1	0	0	-1	0	-1	16	0	43	0	0	24	0	0	0	0	-1	0	0	-1	0	0	0	0	-1	0	-1	25	0	0
c21734	0	46	0	-1	-1	0	0	0	43	10	0	-1	0	24	-1	5	0	43	0	0	15	0	33	22	7	-1	0	0	-1	0
c21750	0	-1	0	0	7	24	-1	1	43	0	0	0	0	-1	0	15	0	3	0	0	0	0	47	15	7	33	-1	24	0	0
c21789	0	-1	0	21	0	-1	16	0	43	0	0	24	0	-1	0	0	0	0	0	7	0	0	0	0	7	0	0	25	47	0
c21808	-1	0	8	0	-1	-1	0	0	43	0	0	0	35	-1	0	-1	-1	0	0	0	-1	0	-1	0	7	33	9	-1	0	0
c21813	-1	26	24	0	0	-1	0	0	-1	0	-1	-1	8	3	0	0	0	39	47	21	18	0	33	0	-1	0	0	0	-1	39
c21829	0	48	36	0	0	0	22	48	-1	6	0	-1	26	16	48	0	9	31	0	25	-1	-1	18	0	5	0	-1	33	3	-1
c21834	0	0	0	0	46	9	-1	48	0	6	0	0	-1	18	48	0	-1	1	-1	47	0	-1	39	0	-1	16	0	0	3	-1
c21836	0	0	0	0	-1	-1	0	-1	0	6	-1	-1	0	48	48	33	42	0	-1	0	0	-1	-1	22	5	0	0	22	3	26
c21884	-1	14	24	-1	0	22	0	48	26	6	0	0	0	0	48	0	0	-1	0	26	-1	0	0	-1	5	48	-1	-1	3	0
c21885	0	14	24	0	0	22	0	48	26	-1	0	0	0	0	48	-1	0	7	0	26	48	0	0	-1	5	48	-1	26	3	0
c21896	0	0	0	21	-1	0	26	0	43	0	50	-1	0	-1	-1	0	0	19	16	0	-1	0	-1	0	7	0	24	0	31	0
c21914	0	0	23	0	-1	15	16	0	43	-1	38	0	0	0	0	15	0	3	-1	0	-1	0	47	0	7	33	27	24	0	0
c21936	0	0	-1	0	-1	0	16	0	43	0	0	0	0	0	0	15	-1	3	0	0	0	-1	-1	0	7	33	0	24	0	0
c21937	0	-1	0	0	0	0	16	-1	43	0	0	0	0	-1	0	15	0	-1	0	0	0	-1	-1	0	7	33	-1	-1	0	0
c21955	-1	-1	-1	21	-1	0	0	4	-1	-1	0	0	0	0	0	-1	11	-1	0	-1	-1	0	0	0	-1	0	0	0	39	0
c21961	0	0	-1	5	-1	0	15	0	43	0	-1	-1	0	0	0	47	0	-1	42	0	0	0	0	46	-1	33	0	0	0	0
c21996	0	0	-1	-1	0	0	0	0	43	1	39	0	-1	-1	18	36	0	-1	0	0	4	24	0	-1	7	33	-1	0	0	-1
c22010	0	0	24	21	0	-1	-1	0	43	0	-1	0	0	16	49	0	-1	27	8	0	0	-1	0	15	-1	47	-1	0	0	-1
c22037	0	0	-1	0	-1	-1	48	-1	38	6	-1	-1	0	-1	0	0	22	0	0	8	0	28	-1	-1	5	48	0	0	7	0
c22052	0	0	0	0	-1	23	0	25	43	0	39	0	28	0	0	0	0	0	0	0	39	0	20	0	-1	33	-1	0	0	42
c22053	0	0	-1	-1	0	23	-1	-1	43	0	39	-1	-1	0	-1	0	0	0	0	0	39	-1	20	0	7	33	0	0	0	42
c22067	0	0	0	0	14	-1	0	-1	0	6	-1	0	0	0	0	-1	0	0	0	0	0	0	0	-1	5	48	0	0	0	50
c22083	-1	46	0	0	0	48	0	48	0	6	-1	0	0	0	-1	0	28	0	0	0	0	0	0	0	5	0	0	0	3	7
c22093	0	0	0	-1	18	0	22	48	0	6	0	0	0	0	48	-1	24	0	2	0	42	-1	33	-1	5	-1	0	0	3	14
c22107	-1	0	0	-1	0	7	33	0	43	-1	0	0	0	0	16	0	0	0	-1	-1	0	0	-1	0	7	36	0	0	50	0
c22124	-1	0	0	-1	0	-1	33	0	43	0	0	0	0	0	-1	22	-1	0	-1	0	0	0	-1	29	7	-1	0	50	50	0
c22125	-1	0	0	-1	0	0	33	0	43	0	0	0	-1	-1	-1	22	-1	0	-1	0	0	0	-1	29	7	-1	0	50	50	0
c22164	21	-1	-1	0	0	0	-1	0	43	0	0	0	0	0	0	15	0	3	-1	0	0	0	-1	0	7	33	-1	24	0	-1
c22195	0	26	24	50	42	-1	-1	0	43	0	7	19	-1	3	48	0	0	-1	-1	21	-1	0	33	0	-1	0	0	-1	0	-1
c22207	0	0	-1	-1	-1	0	-1	0	43	22	39	-1	47	-1	0	0	-1	-1	0	-1	0	0	0	0	7	33	-1	-1	7	0
c22233	0	33	0	21	0	0	0	-1	43	15	0	0	0	0	0	0	0	14	0	20	15	0	-1	-1	7	-1	14	5	0	5
c22235	-1	48	-1	0	0	3	0	0	-1	0	0	-1	0	0	33	-1	0	0	-1	23	0	0	-1	42	7	-1	0	-1	0	0
c22306	0	0	50	-1	0	0	-1	-1	43	43	15	-1	0	-1	16	0	0	28	-1	7	0	0	15	-1	-1	-1	0	0	-1	0
c22307	0	-1	50	0	-1	0	-1	-1	43	43	15	-1	0	0	16	0	0	-1	-1	7	0	0	-1	0	-1	-1	0	0	50	0
c22308	0	0	0	22	0	-1	0	-1	0	6	-1	0	0	0	0	0	46	-1	0	-1	31	22	0	-1	-1	48	0	0	0	0
c22313	20	7	22	-1	0	-1	-1	-1	0	6	0	-1	0	0	0	0	0	-1	0	-1	20	0	0	-1	5	48	0	0	-1	0
c22316	22	36	-1	-1	0	0	33	-1	43	0	0	0	0	0	16	-1	-1	0	-1	-1	0	-1	0	0	7	0	0	-1	0	0
c22317	22	-1	-1	-1	0	0	33	16	-1	0	0	-1	-1	-1	16	22	0	-1	-1	-1	0	-1	0	0	7	0	0	-1	0	0
c22318	-1	46	0	-1	20	0	0	0	43	-1	0	-1	0	-1	0	-1	0	43	0	0	15	-1	0	-1	7	0	0	0	0	0
c22319	0	46	0	-1	20	0	0	0	-1	-1	0	0	0	-1	0	5	0	43	-1	0	15	0	0	22	-1	-1	0	0	0	-1
c22325	22	0	0	0	10	-1	-1	-1	43	0	0	0	-1	0	0	10	8	0	0	0	26	-1	-1	-1	-1	33	-1	-1	42	0
c22331	0	0	0	21	-1	5	-1	3	-1	1	33	38	-1	33	0	0	0	0	0	-1	0	-1	-1	45	7	0	33	0	-1	0
c22350	0	0	-1	0	0	42	0	-1	0	6	0	0	16	0	48	0	0	0	0	0	-1	0	-1	0	5	0	0	0	3	-1
c22359	0	0	22	0	0	-1	0	-1	0	6	-1	0	0	0	0	0	0	3	0	0	20	0	0	-1	5	48	0	0	-1	36
c22362	0	0	0	0	-1	48	0	-1	43	0	0	-1	0	0	-1	7	0	0	47	49	0	24	-1	42	7	-1	0	-1	0	0
c22368	7	0	0	0	-1	0	22	-1	0	6	-1	-1	26	16	48	4	-1	0	0	25	0	-1	0	22	5	0	0	-1	3	0
c22395	0	-1	0	21	0	0	-1	24	43	0	0	50	0	24	8	0	-1	-1	8	0	0	27	-1	15	7	-1	33	0	0	0
c22397	0	46	0	0	0	48	0	48	0	-1	-1	0	-1	0	48	0	-1	0	0	-1	0	-1	0	0	5	0	-1	0	-1	7
c22434	-1	-1	0	-1	-1	0	-1	0	43	48	0	0	0	0	0	15	0	3	0	0	0	33	47	24	7	33	0	24	0	49
c22489	7	0	-1	23	-1	-1	0	-1	0	6	-1	0	0	0	0	0	0	0	0	-1	24	-1	0	-1	5	-1	26	0	7	0
c22530	0	2	22	-1	0	-1	-1	4	43	0	31	0	-1	0	0	-1	0	16	0	-1	0	-1	0	-1	7	0	0	0	-1	0
c22531	0	2	22	-1	0	-1	0	4	43	0	31	0	-1	0	0	0	0	16	-1	24	0	0	-1	0	7	-1	0	0	0	0
c22548	21	0	-1	31	-1	-1	-1	-1	0	-1	-1	24	0	-1	48	0	24	0	0	0	0	-1	-1	0	5	-1	0	-1	3	14
c22564	-1	0	0	-1	-1	-1	-1	-1	0	-1	0	-1	0	0	48	0	22	0	0	24	0	0	-1	22	5	-1	0	0	3	0
c22567	22	-1	-1	5	0	0	0	0	43	0	39	0	37	0	0	0	0	0	0	0	7	4	50	-1	7	-1	0	5	0	0
c22572	-1	-1	0	0	0	-1	9	-1	0	6	42	-1	0	0	-1	-1	-1	-1	0	0	-1	24	-1	-1	5	48	0	50	-1	15
c22574	-1	0	0	-1	15	0	0	0	-1	0	7	16	18	-1	4	42	0	0	0	-1	-1	0	0	43	7	-1	0	25	0	0
c22580	0	0	-1	0	-1	5	0	0	43	0	39	0	0	0	27	0	0	0	0	-1	39	-1	0	-1	7	33	0	0	48	42
c22581	0	0	0	0	0	5	-1	0	-1	0	39	-1	0	0	27	0	-1	0	0	-1	39	0	0	-1	7	33	0	0	48	-1
c22598	0	0	22	21	26	4	0	4	-1	-1	24	0	-1	0	0	33	-1	16	27	7	31	-1	7	0	7	-1	0	0	24	0
c22608	-1	0	0	-1	0	0	0	0	43	-1	-1	0	0	0	24	0	0	48	0	0	-1	0	0	48	-1	0	0	25	0	5
c22642	15	0	22	-1	22	0	0	4	43	0	31	0	-1	0	0	0	0	16	0	24	0	0	0	0	7	-1	0	0	25	-1
c22669	0	-1	0	0	0	-1	0	-1	0	6	0	0	48	0	0	33	0	-1	0	-1	0	0	0	-1	5	48	-1	0	5	-1
c22674	-1	0	0	21	0	9	-1	0	-1	0	0	0	0	0	-1	-1	0	0	8	0	0	0	-1	15	7	0	0	42	0	-1
c22679	0	0	0	-1	0	-1	16	0	43	-1	20	24	0	-1	0	24	0	-1	0	29	16	-1	-1	0	-1	0	46	25	0	0
c22685	0	25	0	21	-1	-1	-1	0	43	-1	0	-1	0	0	18	0	-1	-1	8	8	0	0	0	15	7	0	0	0	0	0
c22687	0	0	0	21	-1	47	-1	0	43	-1	0	-1	0	0	0	0	24	19	0	0	-1	0	0	0	-1	-1	24	42	0	-1
c22691	10	0	33	21	0	0	24	0	43	0	25	0	0	22	0	26	-1	0	45	0	15	0	0	-1	7	0	0	-1	-1	-1
c22698	0	0	18	0	0	0	42	0	43	-1	-1	0	-1	0	-1	0	0	-1	35	0	0	0	-1	24	7	-1	0	0	0	0
c22717	50	0	0	21	0	0	16	0	43	-1	0	0	0	0	0	-1	-1	-1	-1	0	0	38	0	-1	7	-1	33	25	6	0
c22720	0	0	22	21	0	0	0	4	43	0	0	-1	0	-1	47	-1	0	16	0	-1	0	0	0	7	7	33	0	39	-1	0
c22735	0	0	0	-1	-1	0	-1	3	43	0	18	38	-1	0	0	40	0	0	9	0	-1	24	-1	45	7	33	33	7	0	-1
c22764	0	0	14	-1	0	-1	22	-1	0	6	-1	0	26	-1	48	0	0	0	0	25	0	22	0	36	5	0	0	-1	3	-1
c22768	-1	-1	0	21	0	-1	16	26	43	0	0	24	-1	0	-1	0	0	-1	0	7	28	0	0	0	7	0	0	25	0	0
c22782	0	0	0	21	39	0	-1	-1	43	0	-1	38	0	39	-1	0	-1	0	0	0	0	0	-1	45	7	-1	33	7	0	0
c22789	-1	0	0	0	46	0	-1	-1	0	-1	0	0	-1	0	48	-1	50	1	0	0	0	0	0	-1	5	0	0	0	3	-1
c22809	0	26	24	0	0	0	0	0	43	0	7	-1	8	3	-1	9	0	39	47	21	18	0	33	0	7	0	0	0	0	20
c22821	0	-1	0	21	0	15	-1	0	-1	8	0	0	26	0	-1	0	-1	-1	0	-1	-1	-1	-1	16	7	0	-1	25	0	0
c22822	-1	0	31	42	-1	48	-1	16	43	0	0	0	0	0	16	22	0	0	-1	-1	0	-1	0	0	7	0	-1	0	0	0
c22836	-1	9	0	21	0	0	0	0	-1	11	0	-1	0	0	0	0	0	-1	7	47	0	-1	-1	0	7	5	33	25	16	0
c22863	-1	0	-1	0	47	-1	38	-1	-1	6	-1	0	48	0	-1	0	-1	3	0	0	20	0	-1	-1	5	48	0	0	0	0
c22866	0	0	0	5	-1	0	0	0	43	3	39	0	0	0	0	0	0	0	0	-1	0	26	20	0	7	33	-1	0	-1	0
c22904	-1	0	0	0	26	-1	0	-1	-1	20	42	-1	0	0	33	7	0	-1	47	0	0	0	-1	42	7	33	0	-1	0	0
c22911	-1	0	0	0	0	0	42	48	0	6	-1	-1	0	48	-1	22	-1	20	-1	0	45	22	0	0	5	26	-1	0	-1	-1
c22915	0	0	-1	21	0	0	-1	4	-1	0	0	-1	0	-1	47	22	-1	16	0	0	-1	0	0	0	7	0	0	-1	-1	0
c22923	42	-1	-1	5	0	0	0	0	-1	0	39	0	-1	0	0	0	0	0	0	0	-1	0	-1	0	7	33	-1	27	-1	0
c22924	0	-1	0	0	0	42	0	-1	0	-1	0	0	0	0	48	0	0	0	0	0	0	-1	-1	0	-1	0	0	0	3	0
c22950	33	33	0	21	-1	0	0	0	43	0	0	0	-1	0	0	0	19	-1	0	0	15	0	0	0	-1	0	0	0	-1	5
c22970	-1	0	0	0	-1	0	-1	-1	0	6	0	0	0	0	48	5	0	50	0	7	-1	-1	-1	0	-1	0	0	49	3	0
c22983	22	50	0	0	0	33	33	16	-1	0	0	-1	0	0	16	-1	0	0	-1	-1	-1	0	0	-1	7	0	-1	-1	0	0
c22997	0	0	0	21	0	0	-1	24	43	0	0	50	0	24	8	0	47	0	-1	0	14	0	0	15	7	18	33	0	0	0
c23000	22	50	0	-1	27	33	33	16	-1	0	0	0	0	0	16	22	0	-1	-1	0	0	0	-1	0	7	0	-1	5	0	-1
c23025	0	0	22	0	39	-1	0	-1	47	6	0	25	0	20	-1	0	0	3	-1	0	20	0	0	-1	5	48	0	0	0	0
c23032	0	-1	20	0	0	-1	42	0	43	-1	0	0	-1	-1	-1	-1	0	5	35	0	0	0	-1	24	7	33	-1	0	16	-1
c23038	0	0	50	7	0	0	-1	0	43	43	-1	-1	-1	0	16	0	-1	28	-1	7	0	0	15	0	-1	-1	0	0	50	0
c23044	0	-1	0	-1	0	0	0	0	43	10	0	0	0	0	0	0	0	43	0	0	-1	0	42	22	7	0	0	-1	0	0
c23054	0	0	0	21	-1	-1	16	0	43	0	-1	24	0	-1	0	24	0	0	0	18	16	-1	0	0	7	0	0	25	0	-1
c23085	-1	0	0	0	0	0	24	48	0	-1	-1	0	-1	-1	48	-1	-1	0	-1	0	46	0	-1	0	5	-1	0	0	3	-1
c23091	0	46	0	-1	-1	-1	48	-1	0	6	0	0	0	0	48	-1	0	50	0	-1	-1	0	-1	0	5	-1	-1	49	3	0
c23096	0	0	0	0	0	50	42	39	43	0	0	-1	0	0	0	24	0	0	35	-1	-1	0	-1	-1	-1	-1	0	0	50	0
c23120	48	0	0	0	4	-1	0	-1	-1	-1	0	0	0	0	4	0	0	0	-1	0	-1	36	-1	-1	-1	48	0	0	-1	-1
c23121	48	0	0	0	4	-1	0	-1	-1	6	0	0	0	0	4	0	-1	0	10	0	0	36	-1	-1	-1	48	0	0	0	-1
c23130	16	0	0	21	-1	0	0	0	-1	0	7	-1	18	0	4	42	0	0	0	0	-1	0	0	43	7	-1	0	25	0	0
c23131	-1	-1	0	21	15	0	0	-1	43	0	7	16	18	0	4	42	0	0	-1	0	-1	0	0	43	7	0	0	25	0	0
c23136	-1	0	0	-1	-1	0	0	48	0	-1	0	-1	22	49	48	0	0	-1	0	-1	-1	0	0	0	5	-1	0	0	3	31
c23158	0	-1	0	0	0	-1	22	-1	0	-1	0	0	-1	16	-1	0	-1	0	0	25	0	22	0	-1	-1	-1	0	0	3	-1
c23159	0	-1	0	0	0	0	-1	-1	0	-1	-1	0	26	16	48	-1	0	0	-1	25	39	-1	-1	0	-1	0	0	0	-1	0
c23163	0	0	0	21	0	0	-1	3	43	0	0	38	0	39	-1	0	-1	0	0	0	0	0	-1	45	7	-1	33	7	0	0
c23178	-1	26	24	-1	0	0	0	0	43	0	7	19	-1	3	48	0	24	-1	47	21	18	0	-1	0	-1	-1	0	-1	0	0
c23179	-1	-1	24	-1	0	0	0	0	43	-1	7	19	8	3	48	0	24	-1	47	21	18	-1	33	-1	-1	0	0	0	0	0
c23187	0	0	0	0	0	0	22	-1	45	6	0	-1	-1	-1	48	0	0	0	9	0	-1	22	0	0	5	0	-1	0	3	-1
c23194	-1	45	0	0	-1	0	0	48	31	6	-1	0	-1	8	48	0	0	46	27	50	33	0	-1	0	5	0	-1	0	3	-1
c23204	-1	14	0	47	-1	0	-1	26	43	48	-1	-1	-1	0	0	15	0	3	0	0	0	33	47	24	7	33	0	24	0	0
c23211	0	-1	0	21	-1	-1	16	0	43	22	0	24	0	0	0	-1	0	0	-1	0	-1	0	0	0	7	0	26	25	0	0
c23212	0	0	0	28	0	0	22	-1	0	6	-1	0	26	16	-1	4	0	0	0	25	0	22	46	22	5	0	0	-1	-1	29
c23235	0	0	-1	21	26	4	-1	4	43	0	24	0	-1	-1	0	0	0	16	0	0	0	2	-1	0	7	-1	-1	0	0	-1
c23244	0	0	22	0	24	-1	0	-1	-1	6	-1	0	0	-1	0	0	0	3	-1	0	20	-1	33	-1	5	48	33	0	10	0
c23250	-1	-1	0	0	0	0	0	0	43	0	39	0	-1	0	0	0	-1	0	0	45	39	0	20	0	-1	33	0	-1	-1	0
c23264	25	0	0	-1	0	-1	-1	-1	-1	6	22	22	-1	0	48	0	0	0	0	0	0	28	-1	-1	5	-1	48	-1	0	6
c23268	-1	0	22	21	3	-1	-1	4	43	6	28	-1	-1	0	-1	-1	11	16	0	0	0	0	0	0	7	-1	-1	0	39	48
c23276	0	0	0	21	0	-1	16	-1	43	0	20	-1	0	-1	-1	24	0	-1	38	-1	-1	31	0	0	7	19	0	25	-1	0
c23289	0	0	33	-1	0	0	24	0	-1	0	25	0	0	22	0	26	23	0	0	0	15	-1	0	-1	7	0	0	0	-1	31
c23290	-1	0	50	0	0	0	33	0	43	43	15	-1	0	-1	16	0	0	0	-1	7	0	0	15	0	-1	-1	-1	0	50	0
c23291	0	0	50	0	0	0	33	0	43	43	15	0	0	-1	16	0	0	0	-1	7	0	0	-1	0	7	-1	48	0	50	0
c23318	-1	-1	24	-1	-1	0	0	0	43	-1	-1	19	8	3	48	0	-1	39	47	21	18	0	33	0	-1	-1	-1	0	-1	-1
c23323	0	22	-1	21	0	-1	16	-1	-1	0	8	24	-1	-1	0	0	0	0	50	0	39	0	-1	0	7	46	0	25	0	-1
c23325	0	0	0	0	0	-1	-1	-1	0	6	0	6	48	0	-1	-1	-1	-1	0	-1	-1	48	0	-1	5	48	0	-1	0	0
c23332	9	0	0	5	0	0	9	0	43	9	39	0	0	0	0	0	0	-1	45	0	0	-1	20	0	7	33	-1	0	0	0
c23343	0	8	-1	0	4	-1	0	-1	-1	6	0	17	0	0	4	0	0	0	0	0	0	3	-1	-1	5	48	-1	0	-1	0
c23372	-1	0	0	21	0	-1	16	0	43	0	20	24	0	-1	-1	24	0	0	0	0	16	31	0	0	7	-1	0	25	43	0
c23373	0	0	0	21	0	-1	-1	-1	43	0	20	-1	0	-1	0	24	-1	0	0	0	16	31	0	0	7	0	0	25	43	0
c23381	0	0	0	0	-1	0	-1	0	43	-1	0	0	0	0	0	34	0	0	35	0	0	22	-1	24	7	33	3	0	0	-1
c23394	0	-1	0	0	1	-1	-1	-1	18	6	-1	0	-1	0	0	0	0	47	0	0	0	21	0	-1	5	48	0	47	0	6
c23400	-1	0	0	-1	-1	-1	0	-1	0	6	-1	0	0	0	0	0	47	0	0	-1	0	0	0	-1	5	48	0	0	0	6
c23445	-1	0	0	0	0	0	0	0	43	0	39	0	0	33	0	42	0	24	-1	-1	39	-1	33	-1	7	-1	0	33	0	23
c23465	0	0	0	21	0	-1	16	-1	43	-1	20	24	-1	-1	1	-1	0	-1	0	-1	16	31	-1	-1	7	0	0	25	0	0
c23482	22	-1	-1	0	0	-1	-1	-1	1	6	-1	25	0	35	0	24	0	-1	-1	-1	-1	0	0	-1	5	48	0	0	-1	0
c23496	0	-1	0	5	6	22	47	-1	26	6	-1	0	-1	0	48	-1	-1	7	-1	26	0	0	0	0	-1	-1	27	0	3	26
c23497	0	42	0	-1	6	22	47	-1	26	-1	0	0	0	0	48	0	0	7	0	26	0	0	-1	0	5	-1	27	0	3	26
c23506	50	9	0	21	0	0	0	-1	43	-1	0	18	0	39	0	0	0	-1	7	-1	-1	38	0	0	7	0	33	25	-1	0
c23510	0	-1	0	22	0	-1	0	-1	-1	6	-1	0	22	0	0	18	0	33	0	-1	31	22	0	-1	5	48	0	42	0	-1
c23516	26	0	4	21	0	0	-1	0	43	0	0	0	0	-1	0	-1	-1	0	8	0	0	0	-1	15	7	-1	0	-1	0	0
c23522	0	0	-1	0	-1	0	0	-1	-1	6	18	38	0	34	48	0	-1	0	0	0	0	49	-1	-1	5	0	0	0	3	0
c23541	0	0	0	21	0	27	-1	-1	43	0	0	50	0	24	28	-1	0	0	8	0	0	0	0	15	7	18	33	0	0	0
c23553	0	33	16	21	26	0	23	0	43	0	19	0	-1	-1	0	-1	0	-1	0	-1	15	0	-1	0	7	-1	24	0	0	5
c23568	-1	26	24	0	0	0	0	-1	43	0	7	19	8	3	0	0	0	39	47	-1	18	0	33	0	-1	0	-1	-1	24	0
c23588	0	0	0	-1	0	47	0	0	43	-1	0	-1	-1	0	0	0	24	19	0	-1	0	0	-1	-1	7	-1	24	42	0	0
c23600	-1	0	-1	-1	0	-1	-1	4	43	0	0	0	0	-1	0	0	11	16	0	0	0	4	16	0	7	0	0	-1	39	0
c23601	-1	0	22	21	-1	0	-1	4	43	-1	0	0	-1	0	0	-1	11	-1	0	0	0	4	16	0	7	0	0	0	39	-1
c23611	-1	-1	0	-1	-1	0	-1	3	43	0	0	38	-1	0	0	36	0	-1	42	46	5	0	-1	45	7	0	33	0	0	0
c23617	31	16	0	48	-1	0	0	-1	-1	6	0	0	0	39	48	0	-1	20	0	0	0	22	0	-1	5	26	0	0	3	-1
c23618	-1	-1	0	3	0	0	-1	0	43	-1	0	0	0	-1	-1	15	0	3	0	-1	0	0	47	0	7	33	24	24	0	0
c23619	21	0	0	3	0	0	16	0	43	0	0	0	0	0	0	15	0	3	-1	-1	0	0	47	0	7	33	24	24	-1	0
c23654	0	43	0	0	0	0	16	0	-1	0	-1	0	0	-1	-1	15	0	3	0	-1	0	-1	47	0	7	-1	0	24	0	0
c23665	0	-1	33	18	1	-1	26	-1	-1	6	-1	-1	-1	0	0	0	0	47	0	-1	0	21	0	-1	5	-1	0	47	0	6
c23706	43	0	0	21	0	-1	16	0	43	0	-1	24	0	-1	0	24	0	0	0	0	16	31	0	0	7	0	0	25	0	0
c23707	43	0	0	21	-1	-1	16	48	43	0	-1	-1	0	-1	-1	24	0	0	0	0	16	31	0	0	-1	0	0	25	0	0
c23710	22	5	0	0	10	0	0	0	43	0	0	39	35	0	0	7	8	-1	0	0	26	0	-1	45	7	33	-1	33	0	27
c23735	0	0	8	-1	-1	0	48	-1	17	6	-1	-1	0	0	48	42	-1	0	-1	0	0	-1	-1	0	5	0	-1	0	3	0
c23765	0	0	0	21	8	0	-1	24	-1	0	0	-1	4	33	-1	8	-1	0	0	-1	-1	0	-1	-1	7	-1	0	0	0	0
c23770	-1	25	-1	0	4	-1	0	-1	-1	6	0	47	0	0	4	27	0	21	-1	0	-1	-1	0	-1	5	-1	0	14	0	22
c23776	38	0	0	21	-1	-1	16	0	43	0	0	24	0	24	0	0	42	0	0	0	23	0	0	0	-1	0	0	25	0	50
c23777	38	0	0	21	-1	-1	-1	0	43	0	0	24	0	24	0	-1	42	0	0	0	23	0	0	0	7	0	0	-1	0	50
c23782	50	0	0	21	0	-1	21	0	43	0	43	42	-1	0	-1	0	0	18	20	0	-1	38	0	-1	7	-1	33	-1	0	0
c23785	0	-1	22	0	0	-1	0	-1	0	6	-1	48	0	0	0	-1	0	3	0	0	20	0	0	-1	5	48	0	-1	0	0
c23809	0	0	22	0	-1	-1	47	-1	0	6	-1	0	0	-1	0	0	-1	-1	0	0	20	-1	0	-1	5	48	-1	-1	-1	0
c23815	5	20	0	0	-1	19	0	48	-1	6	0	0	0	0	-1	0	0	0	27	0	0	0	-1	0	-1	0	0	-1	3	0
c23821	-1	-1	-1	0	-1	-1	0	-1	0	6	22	0	-1	0	0	0	47	0	40	-1	0	31	0	-1	5	48	-1	0	-1	6
c23823	22	26	0	0	10	0	-1	-1	-1	0	0	0	-1	0	0	0	-1	0	0	0	26	0	-1	0	-1	33	31	-1	0	-1
c23830	0	24	0	5	0	0	0	0	43	22	39	33	0	0	0	0	1	-1	48	-1	18	0	0	0	7	-1	0	-1	0	0
c23831	0	-1	-1	5	0	0	0	0	43	22	39	33	0	-1	0	0	1	-1	48	-1	18	0	0	0	7	33	0	-1	-1	0
c23845	0	48	36	3	0	0	22	-1	24	6	0	0	26	16	48	-1	0	31	-1	25	0	-1	18	0	5	0	0	33	3	-1
c23863	0	0	0	21	-1	0	-1	33	43	0	0	-1	-1	-1	0	-1	0	0	-1	50	-1	0	-1	0	7	0	-1	0	0	0
c23865	26	2	-1	21	0	0	-1	-1	43	-1	-1	0	7	0	0	0	15	-1	8	-1	0	14	-1	15	7	22	1	0	0	0
c23867	10	26	24	-1	0	-1	0	0	43	-1	7	19	8	3	48	0	0	39	47	21	18	25	33	0	-1	-1	0	0	42	0
c23883	0	18	33	-1	0	-1	0	-1	0	6	-1	0	0	0	-1	0	0	-1	0	-1	31	-1	-1	-1	5	48	-1	-1	0	33
c23898	22	0	-1	0	-1	22	0	0	-1	0	0	0	35	0	0	10	8	0	0	0	26	42	-1	-1	7	33	-1	-1	-1	-1
c23922	-1	0	0	0	0	-1	0	48	-1	6	0	26	0	-1	48	0	-1	8	0	0	-1	0	-1	0	5	0	0	0	-1	0
c23934	0	-1	0	0	0	-1	0	-1	43	-1	-1	-1	0	0	4	0	33	0	0	0	43	0	-1	-1	7	-1	0	-1	25	0
c23940	0	49	50	0	0	-1	33	0	43	43	15	0	0	0	16	46	10	-1	-1	-1	-1	1	-1	0	7	-1	-1	0	50	-1
c23963	24	0	0	21	0	9	-1	0	43	0	0	-1	0	0	0	0	24	0	8	0	0	0	-1	15	-1	0	0	0	0	-1
c23964	22	26	0	0	-1	20	-1	26	43	0	0	0	-1	0	-1	0	-1	0	0	0	26	0	-1	0	-1	-1	31	0	-1	0
c23965	22	26	0	0	10	-1	-1	-1	43	0	0	0	-1	-1	0	-1	8	0	0	-1	26	-1	-1	0	7	33	31	0	0	-1
c23969	50	0	48	21	-1	-1	0	-1	-1	0	43	42	0	-1	-1	-1	0	-1	20	-1	0	38	0	0	7	-1	33	25	-1	0
c23988	50	0	-1	21	-1	-1	-1	-1	-1	0	43	0	0	-1	0	0	0	18	20	0	0	-1	0	0	7	0	33	25	2	0
c23993	0	0	0	0	-1	0	-1	48	0	6	0	0	33	0	48	0	0	0	-1	0	0	26	-1	22	5	0	47	27	3	1
c24015	0	-1	0	1	0	22	42	0	-1	0	0	-1	0	0	0	0	0	0	35	0	0	15	-1	24	-1	33	0	0	0	41
c24022	-1	0	0	0	14	-1	33	16	-1	0	0	-1	0	0	16	-1	0	-1	-1	-1	0	-1	0	0	7	0	0	0	-1	0
c24029	22	26	-1	0	-1	0	0	0	-1	-1	0	-1	-1	0	0	0	8	-1	0	-1	-1	0	-1	0	7	33	31	0	0	0
c24030	0	0	0	21	0	-1	0	0	-1	0	0	0	26	0	0	0	0	48	-1	8	-1	42	-1	16	7	23	0	25	0	0
c24043	0	-1	0	5	16	0	-1	0	43	0	39	4	42	0	-1	-1	-1	0	0	0	0	0	20	26	7	33	0	0	0	0
c24048	0	-1	0	0	0	-1	16	4	43	0	0	0	16	0	0	15	0	3	0	0	-1	-1	-1	0	7	-1	-1	24	0	0
c24049	0	-1	-1	0	0	0	16	4	43	0	0	0	16	0	0	15	0	3	-1	0	0	0	47	0	7	-1	7	24	0	-1
c24060	3	46	-1	-1	0	22	0	0	43	0	-1	0	0	0	0	0	-1	-1	0	-1	-1	0	-1	22	7	-1	0	-1	0	0
c24061	3	46	-1	-1	0	22	0	0	-1	0	22	0	0	-1	0	0	22	-1	0	0	15	0	31	22	7	0	0	0	-1	0
c24069	0	0	0	21	0	9	-1	7	43	0	43	0	15	-1	-1	0	7	0	8	7	4	0	0	15	7	11	0	0	-1	0
c24111	-1	-1	0	0	0	3	33	0	43	0	0	0	0	-1	16	0	0	7	-1	0	0	0	0	29	-1	-1	7	-1	50	0
c24119	0	0	22	-1	0	-1	0	-1	0	6	-1	25	-1	20	0	-1	0	-1	-1	-1	-1	-1	0	-1	5	48	2	-1	0	36
c24120	0	0	0	0	0	-1	0	-1	43	6	22	0	-1	47	0	0	-1	0	-1	21	0	-1	0	-1	5	-1	0	0	0	6
c24121	-1	0	0	0	-1	-1	0	-1	43	6	22	0	0	47	0	0	47	0	27	21	0	0	0	-1	5	-1	0	0	0	6
c24122	-1	0	0	0	0	0	33	0	43	0	0	0	10	0	16	0	-1	0	-1	0	0	0	-1	29	-1	-1	-1	50	-1	0
c24127	0	0	50	0	0	-1	33	0	43	-1	15	0	0	18	16	48	0	0	-1	-1	0	0	15	0	7	-1	0	0	-1	31
c24142	-1	0	0	-1	0	-1	16	0	43	-1	0	-1	-1	0	0	0	-1	0	0	-1	0	0	0	27	7	42	0	25	0	15
c24146	-1	0	0	0	1	-1	-1	-1	18	6	0	0	-1	0	0	0	0	-1	-1	0	18	21	33	-1	5	48	0	-1	-1	6
c24157	-1	0	-1	0	4	-1	0	-1	-1	-1	-1	0	50	0	4	0	0	0	0	0	26	11	0	-1	5	48	0	0	-1	0
c24171	-1	0	-1	-1	46	0	16	48	0	6	0	0	0	0	48	-1	-1	1	0	-1	-1	0	-1	-1	-1	-1	0	0	-1	-1
c24173	-1	2	0	21	-1	-1	0	0	43	0	-1	-1	18	-1	0	42	0	0	0	-1	-1	0	0	43	7	24	16	25	0	47
c24180	0	0	31	0	-1	0	33	0	-1	0	0	39	31	0	-1	0	0	0	-1	0	0	0	38	0	-1	-1	0	50	50	0
c24203	-1	24	0	-1	4	-1	-1	-1	-1	6	0	0	-1	-1	4	0	50	36	-1	0	0	0	0	-1	5	-1	0	0	-1	0
c24222	0	0	0	22	0	-1	0	-1	0	6	-1	-1	0	0	0	0	46	5	0	-1	31	22	0	-1	5	48	0	0	-1	0
c24223	0	0	0	22	0	-1	-1	-1	0	6	-1	0	0	0	0	-1	46	5	0	-1	-1	22	24	-1	5	48	0	0	0	-1
c24237	0	-1	0	0	-1	-1	16	0	43	0	0	0	0	-1	20	15	0	3	0	0	0	-1	47	0	7	33	-1	24	0	0
c24253	0	26	24	47	0	0	33	0	-1	0	7	19	8	3	48	-1	0	39	47	21	18	0	-1	-1	-1	-1	-1	0	-1	0
c24256	0	0	0	21	0	-1	16	0	43	-1	20	-1	-1	0	0	0	42	0	0	0	16	31	0	0	-1	-1	0	-1	0	-1
c24257	-1	0	0	21	0	-1	16	-1	43	0	20	24	0	0	0	-1	42	0	-1	-1	16	31	0	0	-1	-1	0	25	0	0
c24268	0	0	7	-1	45	-1	0	-1	42	6	0	0	0	0	-1	0	-1	0	27	0	0	9	0	-1	5	48	26	0	7	0
c24281	0	0	22	0	47	-1	29	-1	0	6	17	0	48	0	0	0	0	-1	0	0	20	0	0	-1	5	48	0	0	0	0
c24282	0	0	0	0	0	45	-1	0	43	0	-1	-1	0	-1	-1	15	-1	3	0	0	0	0	47	0	7	-1	0	24	4	0
c24283	8	43	0	0	0	45	16	-1	-1	0	-1	0	0	7	0	15	0	3	0	0	-1	0	47	0	7	-1	0	24	4	0
c24284	-1	-1	0	21	-1	0	0	0	43	0	0	0	-1	-1	-1	0	-1	48	-1	0	-1	0	0	0	7	43	0	25	0	5
c24286	0	0	0	23	45	-1	0	-1	0	-1	0	0	0	0	0	0	0	0	0	0	45	1	0	-1	5	48	26	0	7	0
c24297	5	-1	-1	-1	0	0	16	0	43	22	42	0	0	0	0	3	-1	3	49	0	0	0	47	39	-1	33	0	24	0	0
c24317	2	-1	-1	-1	-1	-1	16	0	43	0	-1	-1	0	0	0	-1	-1	0	0	0	43	0	0	0	7	-1	0	-1	0	-1
c24323	0	0	8	0	-1	0	48	-1	48	6	0	-1	0	0	48	0	-1	18	0	0	0	0	-1	0	5	0	35	0	3	0
c24336	0	0	0	21	0	0	-1	-1	-1	0	0	-1	0	39	0	0	-1	0	0	-1	0	0	-1	45	7	0	-1	7	-1	0
c24337	-1	0	0	-1	0	0	-1	-1	-1	0	0	-1	0	-1	-1	0	-1	22	0	0	-1	0	-1	45	7	0	33	7	-1	0
c24341	0	0	0	0	0	0	22	48	24	6	-1	-1	26	16	48	4	0	0	0	25	0	-1	16	-1	5	-1	0	0	3	0
c24346	0	-1	-1	21	-1	0	-1	3	-1	-1	-1	-1	-1	0	0	-1	-1	0	-1	0	50	-1	-1	45	7	0	33	0	2	-1
c24347	0	0	5	21	-1	0	-1	3	43	-1	0	38	-1	0	0	36	-1	0	0	0	-1	0	-1	45	7	0	33	0	2	0
c24351	0	46	0	21	0	0	0	0	43	0	0	0	0	5	0	-1	-1	-1	0	0	15	0	0	-1	7	0	0	0	0	0
c24355	0	0	0	-1	0	0	-1	33	43	-1	48	0	0	0	-1	-1	0	-1	0	50	0	0	0	50	7	0	0	-1	19	0
c24358	-1	0	-1	0	-1	-1	33	16	43	0	0	0	0	0	16	22	0	0	-1	-1	0	-1	-1	0	7	0	0	0	0	0
c24359	-1	0	0	0	0	0	33	16	43	-1	-1	0	0	0	16	22	0	0	-1	-1	0	-1	0	0	7	-1	0	0	0	0
c24376	0	19	22	21	0	0	-1	-1	43	0	0	0	0	-1	-1	22	0	16	0	0	0	-1	-1	0	-1	9	-1	0	-1	0
c24383	28	42	0	-1	-1	0	0	-1	0	6	7	-1	0	0	48	8	22	0	0	0	0	0	-1	22	5	4	-1	0	-1	0
c24392	0	0	0	-1	-1	0	0	1	-1	0	39	0	-1	0	-1	0	0	0	0	3	0	0	0	0	7	33	0	-1	0	-1
c24404	0	0	0	0	0	-1	0	-1	24	6	-1	0	48	-1	-1	4	0	-1	0	0	0	0	0	-1	5	48	0	33	-1	0
c24405	0	0	0	0	0	-1	0	-1	24	6	-1	0	48	-1	0	4	0	-1	0	0	39	0	0	-1	5	48	0	33	0	0
c24424	26	-1	0	21	39	0	-1	0	-1	-1	-1	0	0	-1	0	-1	0	-1	8	0	0	0	0	15	7	0	0	0	9	0
c24444	-1	0	22	0	-1	-1	0	-1	47	6	0	25	0	20	0	0	0	3	0	0	20	0	-1	-1	5	48	-1	0	-1	46
c24445	-1	-1	22	0	-1	-1	0	-1	47	6	0	25	0	20	-1	0	-1	3	-1	0	20	0	0	-1	5	48	0	0	0	46
c24458	-1	-1	0	-1	0	-1	16	0	43	-1	-1	-1	-1	0	-1	0	0	0	-1	0	0	0	0	0	7	0	0	25	-1	0
c24459	-1	9	-1	-1	0	-1	16	0	-1	0	0	24	0	-1	0	0	0	0	0	0	-1	0	0	0	7	0	-1	-1	0	-1
c24461	0	-1	0	0	26	33	0	-1	43	-1	39	0	-1	-1	-1	0	11	0	15	0	0	4	0	-1	-1	33	0	0	-1	-1
c24472	0	24	0	5	0	0	0	-1	43	0	39	33	25	0	0	0	24	0	-1	-1	-1	0	0	-1	7	33	-1	0	0	0
c24479	0	0	0	-1	0	-1	-1	-1	0	6	0	-1	0	-1	0	-1	-1	0	0	0	6	0	36	-1	5	48	0	0	0	-1
c24482	-1	0	0	0	-1	0	0	-1	0	6	0	-1	0	14	48	0	42	0	0	-1	0	0	-1	22	5	0	0	-1	3	0
c24504	-1	-1	0	21	0	-1	16	0	43	0	-1	24	-1	0	0	0	0	0	-1	0	-1	-1	0	25	7	0	-1	25	-1	0
c24531	0	0	0	21	0	-1	16	0	-1	0	20	24	25	0	23	-1	-1	0	-1	0	16	31	0	0	7	-1	0	25	0	-1
c24551	36	-1	0	-1	0	-1	0	-1	0	6	22	0	0	-1	33	0	47	33	0	0	0	0	48	-1	5	48	-1	0	0	6
c24568	0	0	0	21	-1	0	-1	3	-1	-1	0	38	-1	-1	0	0	0	0	0	26	0	-1	-1	-1	7	0	-1	0	-1	-1
c24569	0	0	0	21	-1	0	-1	3	43	26	0	38	-1	0	20	0	0	0	0	26	0	-1	-1	-1	7	-1	-1	-1	0	-1
c24582	0	0	0	0	29	0	16	0	43	0	0	-1	-1	0	0	-1	0	3	0	0	23	0	47	0	-1	33	0	24	0	0
c24603	0	0	0	21	0	0	-1	24	43	-1	0	50	0	24	8	0	0	33	8	0	0	27	-1	15	7	-1	33	0	0	0
c24619	0	50	0	21	0	0	-1	33	43	0	-1	0	0	0	0	-1	0	0	0	50	0	0	22	0	7	0	46	0	0	0
c24627	33	0	-1	15	-1	-1	-1	-1	43	-1	0	0	42	0	0	3	-1	-1	0	0	0	0	0	-1	7	33	-1	47	0	47
c24645	0	33	0	0	0	0	42	48	0	6	0	0	0	0	48	0	-1	20	25	0	0	22	-1	0	5	26	0	0	3	0
c24650	0	0	-1	0	0	-1	33	0	43	43	15	0	-1	-1	16	46	10	0	-1	-1	7	-1	15	48	7	-1	-1	0	-1	-1
c24664	0	0	50	0	0	0	33	20	43	43	15	0	-1	0	16	0	-1	-1	-1	-1	4	0	15	0	7	-1	0	0	-1	0
c24670	20	0	22	0	4	-1	0	-1	-1	6	0	0	50	4	4	0	-1	0	0	24	33	0	0	-1	5	48	15	0	0	-1
c24671	20	0	22	0	4	-1	0	-1	-1	6	0	0	50	4	-1	0	0	0	-1	24	-1	0	0	-1	5	48	15	0	0	20
c24674	0	0	22	0	-1	-1	0	-1	0	6	24	25	-1	20	-1	0	0	3	0	0	20	24	0	-1	5	48	2	0	0	0
c24680	-1	0	22	21	-1	47	0	4	43	-1	24	0	0	0	0	0	11	16	0	0	42	-1	0	-1	-1	0	-1	0	39	50
c24689	0	0	0	21	0	-1	16	0	-1	0	20	24	25	-1	0	0	0	0	0	0	-1	31	0	-1	7	-1	-1	-1	0	-1
c24702	-1	0	22	21	14	-1	0	4	-1	0	0	24	23	0	0	0	0	16	0	-1	0	0	0	-1	7	48	-1	0	0	0
c24731	0	0	0	21	-1	-1	16	-1	43	0	20	24	0	-1	0	24	0	0	0	0	16	31	0	-1	-1	0	-1	25	0	0
c24746	0	-1	0	5	0	0	0	-1	-1	3	39	0	-1	0	0	0	0	0	0	0	20	-1	20	0	-1	33	-1	0	0	0
c24756	26	0	-1	21	0	0	-1	0	43	0	0	0	-1	0	0	-1	0	-1	-1	0	0	-1	0	-1	7	4	0	0	-1	0
c24775	0	48	36	0	-1	0	22	48	-1	6	0	0	26	16	48	0	0	31	0	25	-1	22	-1	0	5	-1	-1	33	3	-1
c24783	22	0	-1	7	-1	0	0	-1	43	0	0	0	35	0	-1	0	0	0	46	-1	0	-1	-1	-1	-1	33	0	0	-1	-1
c24785	0	0	0	0	0	0	0	20	43	39	0	0	0	-1	0	0	0	0	23	-1	0	0	0	0	7	33	0	-1	0	-1
c24795	46	0	41	0	46	0	-1	-1	22	6	0	4	0	0	48	0	0	1	0	0	0	48	0	-1	5	-1	-1	35	3	-1
c24805	0	0	-1	0	46	0	0	48	-1	6	0	0	0	16	-1	0	0	-1	-1	0	0	-1	0	0	5	-1	50	0	3	-1
c24817	-1	26	24	0	-1	0	0	0	43	28	7	-1	-1	3	27	-1	0	-1	47	21	18	0	-1	0	7	-1	0	0	0	0
c24820	-1	0	-1	0	47	-1	0	-1	0	6	0	0	-1	0	-1	0	0	3	0	28	20	0	0	-1	5	48	-1	-1	-1	0
c24834	0	0	0	31	0	43	-1	48	0	-1	0	0	0	0	48	0	24	0	0	0	0	22	0	0	5	-1	-1	0	-1	14
c24845	22	50	0	0	0	-1	33	16	43	-1	-1	0	0	0	16	-1	0	19	-1	-1	0	0	0	0	7	0	-1	-1	0	0
c24864	50	0	0	-1	0	0	0	0	-1	0	0	24	-1	0	33	33	0	18	0	0	0	38	0	0	7	0	-1	25	-1	43
c24888	0	0	-1	0	0	0	39	48	0	-1	46	0	0	0	48	-1	0	0	-1	0	6	-1	0	0	5	0	-1	15	3	0
c24901	-1	-1	22	48	0	-1	0	-1	-1	6	0	0	35	0	42	-1	0	3	0	-1	20	0	21	-1	5	48	35	31	0	-1
c24909	24	20	-1	0	0	19	0	48	-1	6	0	-1	0	0	48	0	4	0	27	0	-1	0	-1	0	5	0	0	-1	3	-1
c24916	0	0	-1	21	-1	0	-1	3	-1	0	0	38	-1	0	0	36	-1	0	0	0	50	0	-1	45	7	0	33	0	2	0
c24917	0	0	5	21	-1	0	-1	3	-1	0	0	38	-1	0	0	36	-1	-1	0	0	50	-1	-1	45	7	0	33	0	2	-1
c24934	0	1	0	0	0	23	0	25	-1	0	39	0	48	0	0	0	0	-1	0	0	39	0	20	0	-1	33	0	0	0	42
c24945	0	0	0	0	-1	43	-1	0	43	0	-1	0	0	0	-1	-1	0	3	0	0	-1	0	47	0	-1	-1	0	24	0	0
c24948	0	0	0	21	15	-1	0	-1	43	0	-1	16	18	0	0	-1	-1	0	0	0	-1	0	-1	0	7	0	0	25	0	0
c24951	0	0	0	-1	-1	-1	26	-1	18	6	39	-1	48	0	-1	0	0	0	-1	0	35	-1	0	-1	5	48	0	-1	-1	6
c24958	0	0	-1	21	0	41	-1	0	43	0	0	-1	0	-1	18	0	-1	27	8	8	-1	0	-1	15	7	0	7	-1	0	0
c24959	0	0	0	21	0	41	-1	0	43	0	0	0	0	0	18	0	-1	-1	8	8	-1	0	0	15	7	0	7	0	0	0
c24965	0	0	0	-1	-1	-1	10	-1	43	0	48	0	0	45	0	0	0	22	0	0	15	0	0	0	-1	0	0	0	0	42
c24969	16	0	0	-1	0	0	0	48	0	-1	0	0	0	0	-1	-1	0	0	-1	-1	-1	-1	0	50	5	0	38	0	3	0
c24972	-1	16	0	0	0	-1	0	0	43	0	0	-1	47	0	0	0	0	39	47	-1	33	0	0	0	7	0	-1	0	0	0
c24975	-1	-1	0	5	0	0	-1	7	43	-1	39	0	0	0	0	-1	0	0	0	0	0	0	20	0	7	33	0	4	0	0
c24982	-1	33	-1	0	0	0	33	0	43	43	15	0	-1	-1	16	0	0	0	-1	7	0	0	15	0	7	-1	0	0	-1	42
c24983	0	33	50	0	0	0	-1	0	43	43	15	-1	33	0	16	0	0	-1	-1	7	0	0	15	0	-1	-1	0	0	-1	0
c24995	0	-1	0	0	-1	-1	16	0	-1	0	-1	0	0	0	0	15	27	-1	0	0	0	0	47	-1	7	33	0	24	0	0
c24997	-1	-1	0	0	0	0	-1	-1	43	0	0	20	0	0	0	15	0	3	33	0	0	0	47	-1	7	33	-1	24	-1	-1
c25015	0	0	0	-1	-1	0	-1	-1	43	48	0	0	0	-1	0	15	0	3	0	0	9	0	47	0	-1	33	-1	24	-1	0
c25026	-1	0	0	21	0	-1	16	-1	43	0	20	24	25	43	0	0	0	0	0	0	16	-1	0	0	-1	-1	0	25	0	0
c25027	0	0	0	21	0	-1	16	0	43	0	20	24	-1	43	0	-1	0	-1	-1	0	16	-1	0	0	7	-1	-1	25	-1	0
c25028	0	-1	33	-1	-1	-1	34	-1	0	6	-1	22	43	0	0	0	-1	0	0	0	0	-1	0	-1	-1	48	48	25	0	6
c25032	0	0	0	0	-1	0	-1	48	0	6	-1	0	0	48	-1	-1	-1	-1	25	0	-1	22	0	0	5	26	0	-1	3	-1
c25040	0	0	0	0	0	-1	42	-1	0	6	-1	0	0	48	-1	-1	-1	20	25	0	0	22	0	0	5	26	0	0	3	-1
c25043	0	0	0	0	1	-1	-1	-1	18	6	0	0	0	0	0	0	0	47	-1	0	-1	21	-1	-1	5	48	0	47	22	6
c25045	0	0	22	21	-1	4	0	-1	43	0	24	-1	-1	0	-1	0	-1	16	0	-1	0	0	24	-1	7	-1	0	0	-1	9
c25054	0	0	-1	0	0	0	22	48	-1	-1	0	0	0	0	48	6	0	-1	0	0	-1	22	0	0	5	-1	-1	0	3	0
c25075	-1	0	48	0	-1	-1	0	-1	-1	6	0	0	28	0	4	0	0	0	10	-1	5	10	-1	-1	5	48	0	0	0	-1
c25105	-1	-1	0	22	0	-1	0	-1	0	6	-1	0	0	1	0	0	46	5	0	-1	31	-1	0	-1	5	48	0	0	-1	0
c25125	-1	-1	0	21	0	0	-1	24	43	0	0	50	0	-1	8	-1	-1	0	8	4	0	0	0	-1	7	18	-1	0	0	0
c25136	0	0	0	21	-1	22	-1	3	43	0	0	-1	-1	26	18	0	0	-1	-1	26	0	0	-1	45	7	0	33	0	0	0
c25141	0	9	0	-1	0	-1	16	0	43	0	-1	24	0	-1	0	-1	22	0	0	0	0	0	0	0	7	0	0	25	0	-1
c25157	0	0	0	21	-1	0	-1	-1	-1	26	-1	38	-1	7	0	39	-1	0	0	26	0	0	-1	45	-1	0	33	0	0	0
c25166	50	-1	-1	21	0	0	0	0	43	-1	-1	0	-1	0	0	0	-1	18	7	0	-1	38	0	0	7	0	-1	-1	-1	0
c25167	-1	0	0	21	0	0	0	0	-1	0	0	0	0	-1	0	0	0	18	-1	0	0	38	0	0	7	0	33	25	-1	0
c25169	0	0	0	0	0	0	-1	0	43	48	0	0	-1	-1	-1	15	0	3	0	0	9	0	47	39	7	-1	0	24	23	0
c25216	0	39	0	-1	0	15	0	0	43	-1	-1	0	26	26	23	-1	0	48	0	8	-1	42	0	-1	7	0	0	25	0	-1
c25225	-1	0	0	8	0	15	0	48	0	6	0	22	0	31	48	0	0	16	27	0	0	0	-1	0	-1	45	-1	50	3	7
c25240	-1	0	22	21	-1	-1	0	-1	-1	0	46	0	0	0	0	0	11	-1	0	46	-1	0	0	5	7	7	0	0	39	23
c25248	-1	0	0	0	0	24	42	0	43	-1	0	0	11	-1	-1	0	0	5	35	-1	-1	0	-1	24	7	33	-1	0	0	0
c25258	-1	26	0	21	0	9	0	0	43	0	0	16	28	-1	0	0	-1	33	0	0	-1	0	0	0	7	-1	0	25	0	0
c25262	-1	0	0	-1	10	0	24	0	43	0	0	-1	35	-1	48	-1	9	26	-1	-1	0	42	-1	0	-1	33	0	0	-1	-1
c25263	22	-1	0	-1	10	0	24	-1	43	-1	0	0	35	-1	48	0	9	26	-1	-1	0	-1	-1	0	-1	33	0	0	-1	-1
c25272	0	0	-1	48	0	-1	0	-1	0	-1	36	0	0	0	0	-1	0	3	0	-1	20	0	0	-1	5	48	35	0	0	50
c25273	0	0	22	48	0	-1	-1	-1	-1	6	36	0	0	0	-1	0	0	3	0	-1	-1	0	0	-1	5	48	35	0	0	-1
c25284	0	0	0	0	0	0	22	48	24	6	0	0	26	16	-1	0	-1	-1	0	25	0	22	-1	0	5	0	0	-1	3	-1
c25289	0	0	28	0	22	0	39	48	0	6	46	0	0	0	48	0	24	0	-1	26	0	0	0	0	5	-1	0	15	3	8
c25290	22	0	0	33	10	-1	0	0	43	0	0	0	35	0	0	10	8	0	0	0	26	-1	-1	-1	7	33	-1	-1	0	0
c25320	-1	-1	0	0	0	42	22	-1	0	6	0	0	0	0	-1	0	0	0	-1	-1	0	0	-1	0	5	0	0	0	3	0
c25334	0	46	0	-1	0	0	0	48	4	6	-1	-1	0	0	48	-1	-1	0	26	20	4	0	7	14	5	-1	0	0	-1	7
c25346	-1	0	0	-1	-1	0	-1	3	43	0	18	-1	-1	0	0	40	-1	0	9	0	0	24	-1	45	7	33	33	7	0	0
c25370	-1	26	-1	22	10	0	0	0	43	0	-1	0	35	33	0	0	8	0	0	-1	26	0	-1	0	7	33	31	0	-1	-1
c25371	22	26	-1	22	10	0	0	0	43	0	-1	0	35	33	0	-1	8	0	-1	48	26	0	-1	-1	7	-1	31	0	-1	0
c25378	0	0	0	0	0	0	42	-1	43	0	0	-1	3	0	0	0	26	0	35	0	0	-1	-1	-1	7	-1	0	0	0	0
c25384	0	0	0	21	0	-1	16	-1	43	0	20	24	25	0	0	0	0	-1	0	0	16	-1	0	0	7	0	0	-1	0	-1
c25403	0	0	0	21	0	0	-1	33	43	0	7	0	0	0	0	-1	-1	-1	48	50	-1	5	-1	-1	7	0	0	0	-1	0
c25408	0	0	0	8	-1	-1	0	0	43	0	39	0	22	0	0	0	0	20	0	0	39	-1	0	0	7	33	0	47	22	0
c25410	0	-1	22	-1	-1	4	-1	4	43	0	-1	0	-1	0	0	0	0	16	0	0	0	-1	-1	24	7	-1	33	-1	0	22
c25411	0	0	22	21	26	4	0	4	-1	0	-1	0	-1	-1	0	-1	0	16	-1	-1	0	0	16	24	7	-1	33	-1	0	22
c25414	-1	0	-1	22	0	-1	0	-1	0	-1	-1	-1	-1	6	0	0	46	5	-1	-1	31	-1	0	-1	5	48	26	0	0	0
c25415	0	-1	0	22	0	-1	0	-1	0	6	-1	0	-1	6	0	0	46	-1	-1	-1	31	-1	0	-1	5	48	26	0	-1	0
c25417	0	0	50	14	0	0	33	-1	43	43	-1	0	0	0	16	0	-1	0	-1	20	0	0	-1	0	7	-1	0	-1	50	23
c25453	0	0	0	22	0	-1	0	-1	0	6	-1	0	-1	0	0	0	-1	-1	0	-1	31	22	-1	-1	5	48	-1	0	47	0
c25469	0	-1	-1	22	-1	-1	0	-1	0	6	-1	0	0	0	0	0	46	-1	0	-1	31	22	0	-1	5	48	-1	0	0	-1
c25513	0	0	0	0	0	0	-1	0	43	48	0	0	0	0	-1	-1	-1	3	0	0	9	0	-1	0	7	33	0	24	0	0
c25514	0	0	23	0	0	15	-1	-1	43	-1	38	0	0	0	0	15	0	3	-1	-1	0	0	47	0	7	-1	27	24	0	0
c25576	-1	46	0	0	0	18	0	48	-1	6	46	46	0	0	48	0	28	0	35	16	7	39	42	31	-1	0	20	0	-1	-1
c25577	0	46	0	0	-1	18	0	48	-1	6	-1	46	0	0	-1	-1	28	-1	35	16	7	-1	42	31	5	0	20	0	3	7
c25583	20	-1	22	0	4	-1	0	-1	-1	6	0	0	50	0	4	-1	0	-1	0	24	0	0	0	-1	5	48	15	0	0	0
c25587	0	0	0	21	-1	0	24	42	43	0	0	0	0	-1	23	0	23	0	49	20	15	-1	0	-1	7	20	0	1	0	4
c25601	0	-1	0	0	45	-1	27	-1	0	6	24	0	-1	0	0	25	0	0	0	0	0	0	0	-1	5	48	-1	33	7	-1
c25624	0	0	-1	21	-1	0	-1	3	-1	26	0	38	-1	-1	0	0	0	0	0	-1	0	0	-1	45	7	0	33	0	0	0
c25629	0	28	0	21	-1	-1	16	-1	43	-1	20	24	-1	-1	0	24	0	0	0	0	16	31	0	3	7	0	0	25	-1	0
c25644	21	0	0	42	0	0	16	0	43	0	0	0	0	0	0	-1	-1	-1	0	0	0	0	47	-1	7	33	-1	24	0	0
c25645	21	0	0	42	-1	0	16	0	43	0	0	0	0	-1	0	-1	0	3	0	0	0	0	47	22	7	33	24	24	0	0
c25652	0	0	0	21	-1	0	-1	3	43	26	0	38	-1	0	0	0	-1	0	0	26	0	0	-1	-1	7	0	33	0	0	0
c25653	0	-1	0	21	-1	0	-1	3	43	-1	0	38	-1	-1	0	0	0	0	-1	26	0	0	-1	-1	7	0	33	0	-1	0
c25661	-1	22	0	-1	-1	-1	-1	-1	-1	6	0	-1	0	3	4	-1	0	36	26	0	0	-1	0	-1	5	48	0	0	0	48
c25662	-1	0	-1	5	0	0	9	-1	43	9	39	0	0	0	0	0	28	-1	45	0	-1	0	-1	0	7	33	36	0	25	0
c25666	0	0	0	21	15	0	0	8	-1	0	0	-1	18	-1	-1	0	-1	0	0	0	-1	0	0	0	-1	-1	0	25	0	0
c25680	0	9	0	-1	-1	-1	-1	19	43	0	-1	-1	0	-1	0	33	0	0	48	33	0	0	0	0	7	-1	-1	25	-1	-1
c25688	0	0	0	47	-1	23	22	48	0	-1	0	-1	0	0	48	-1	0	-1	0	0	0	-1	-1	3	-1	25	0	0	3	0
c25716	-1	27	22	-1	0	0	48	4	-1	0	5	-1	0	-1	0	0	-1	-1	-1	-1	0	0	0	0	7	-1	0	0	39	0
c25734	0	0	18	-1	-1	7	33	0	43	-1	-1	0	-1	-1	-1	-1	42	0	-1	-1	-1	-1	0	-1	7	36	0	0	-1	-1
c25750	43	0	0	0	45	-1	0	-1	43	-1	0	42	0	0	-1	0	0	6	0	0	0	0	0	-1	5	-1	26	-1	7	0
c25770	0	0	0	-1	0	8	-1	3	43	0	-1	-1	0	39	-1	0	-1	0	0	0	0	-1	-1	-1	7	0	33	7	0	0
c25771	0	0	-1	21	0	8	-1	-1	43	0	-1	38	0	39	0	0	-1	0	0	-1	0	0	-1	45	7	0	33	7	0	0
c25775	-1	0	-1	26	47	-1	0	-1	0	6	0	0	48	0	0	0	0	3	0	1	20	24	-1	-1	5	-1	0	0	0	0
c25777	-1	0	0	22	0	-1	0	-1	0	6	-1	-1	-1	0	0	0	46	-1	0	-1	-1	22	0	-1	5	48	0	0	-1	-1
c25779	-1	3	22	21	0	0	-1	-1	-1	-1	0	0	0	-1	0	0	11	-1	0	0	0	-1	0	43	7	0	0	0	-1	0
c25790	-1	-1	0	-1	0	0	0	0	-1	0	0	0	0	0	-1	0	0	48	0	0	-1	0	0	0	7	43	0	25	0	5
c25801	0	-1	-1	0	47	-1	0	-1	0	-1	0	0	48	0	0	0	-1	-1	-1	10	-1	0	0	-1	5	48	0	0	0	-1
c25825	0	0	0	21	-1	50	24	0	43	0	8	0	-1	0	0	0	0	0	7	0	15	-1	0	0	7	9	-1	42	15	-1
c25852	0	0	0	0	4	-1	16	0	43	0	0	0	0	0	0	15	0	3	0	0	0	-1	-1	0	7	33	-1	24	0	39
c25867	18	0	0	7	0	0	42	-1	0	-1	-1	-1	-1	-1	-1	22	-1	20	-1	35	45	22	-1	-1	5	26	0	0	3	-1
c25869	0	28	0	-1	-1	0	42	0	43	0	0	0	-1	0	0	0	0	-1	-1	0	0	0	-1	-1	7	-1	0	0	-1	0
c25883	0	0	0	0	45	-1	0	-1	0	-1	0	0	0	-1	0	0	0	0	0	8	0	0	0	-1	5	48	26	0	7	0
c25889	-1	24	-1	5	0	0	0	-1	43	0	39	-1	25	0	0	4	-1	0	0	-1	0	0	0	0	7	33	0	28	0	0
c25895	0	-1	0	5	0	-1	15	0	-1	0	39	33	-1	0	0	0	-1	0	0	-1	0	0	0	0	7	33	33	42	0	0
c25908	24	-1	47	22	-1	-1	0	-1	0	6	-1	0	20	0	0	0	-1	0	0	-1	-1	-1	0	-1	-1	48	0	0	0	0
c25913	-1	18	0	-1	0	-1	0	-1	33	6	-1	0	0	-1	0	-1	18	33	-1	-1	31	22	0	-1	5	-1	48	0	0	0
c25948	-1	0	-1	0	26	-1	0	-1	0	6	33	0	0	-1	0	0	-1	0	22	36	0	-1	42	-1	5	-1	0	0	0	6
c25956	-1	0	0	21	0	0	24	0	43	0	43	0	0	-1	0	-1	23	0	15	0	-1	0	0	-1	7	0	0	0	-1	0
c25958	0	0	0	0	0	0	16	0	-1	0	0	20	0	0	0	15	-1	3	0	0	-1	-1	-1	39	7	33	7	-1	0	0
c25968	0	-1	0	0	0	0	0	-1	0	6	0	0	0	4	48	-1	29	-1	0	0	19	0	-1	0	-1	0	50	-1	3	0
c25975	0	0	22	48	0	-1	0	-1	0	-1	36	0	-1	0	0	0	0	3	0	0	-1	0	0	-1	-1	48	35	-1	0	0
c25984	33	0	0	22	0	-1	8	-1	0	6	-1	0	0	0	0	0	46	-1	-1	-1	31	22	0	-1	-1	48	0	0	-1	20
c25985	33	-1	0	-1	-1	-1	-1	-1	0	6	-1	0	-1	0	0	0	46	5	0	-1	31	22	-1	-1	5	48	0	-1	0	-1
c25991	-1	0	22	0	4	-1	-1	-1	-1	6	0	-1	50	0	4	0	24	39	0	24	0	25	0	-1	5	48	15	0	-1	-1
c25993	0	0	0	21	0	-1	16	0	43	50	20	-1	0	-1	-1	-1	0	4	-1	0	16	31	2	0	-1	0	0	25	0	0
c26001	39	0	0	5	-1	0	-1	4	-1	24	-1	0	9	0	-1	-1	-1	45	0	0	0	-1	-1	-1	7	33	-1	-1	-1	0
c26030	0	-1	-1	21	26	0	0	-1	43	0	-1	0	-1	0	0	28	33	-1	0	-1	0	0	-1	-1	7	0	0	-1	0	0
c26047	0	11	0	21	-1	0	0	16	43	0	31	0	0	0	0	0	-1	-1	0	0	-1	-1	-1	0	7	0	0	25	3	5
c26070	-1	9	0	-1	0	-1	16	0	43	0	0	24	0	-1	-1	-1	0	0	-1	0	0	0	0	0	7	0	0	25	0	0
c26081	22	0	0	0	-1	0	-1	16	43	0	0	0	0	0	-1	22	-1	0	-1	-1	0	-1	0	0	7	0	0	0	0	0
c26084	33	0	0	22	0	-1	-1	-1	0	6	-1	0	-1	0	-1	0	46	-1	0	-1	31	22	0	-1	5	48	0	0	0	20
c26085	33	0	0	22	-1	-1	8	-1	0	6	-1	0	0	0	0	0	46	5	0	-1	31	-1	0	-1	5	-1	0	0	0	20
c26089	43	0	22	0	0	-1	0	-1	0	6	0	0	-1	0	-1	0	-1	-1	0	43	20	0	0	-1	5	48	-1	0	-1	35
c26096	22	0	-1	42	-1	48	33	-1	43	0	0	0	0	0	16	22	0	0	-1	-1	0	-1	0	-1	-1	-1	0	0	0	0
c26097	22	-1	31	42	-1	48	33	-1	43	-1	0	0	0	0	16	22	0	0	-1	-1	-1	-1	0	0	7	0	0	0	0	0
c26134	0	-1	0	0	-1	-1	-1	-1	0	6	24	0	26	-1	48	0	-1	0	28	25	0	22	0	22	5	-1	0	0	-1	0
c26146	-1	0	-1	21	-1	5	-1	3	43	-1	0	38	-1	23	0	0	0	0	0	26	0	-1	-1	45	-1	0	33	0	-1	0
c26172	0	-1	0	-1	4	-1	0	-1	-1	6	0	0	-1	-1	4	0	0	0	10	0	-1	0	-1	-1	5	48	0	0	0	0
c26173	0	-1	0	-1	4	-1	0	-1	-1	6	-1	0	-1	0	-1	0	0	0	10	-1	0	0	-1	-1	5	48	0	-1	0	0
c26190	26	0	0	21	3	0	-1	0	43	0	0	-1	-1	-1	0	0	-1	0	-1	0	-1	0	-1	15	7	-1	0	0	0	0
c26208	7	0	22	21	0	-1	0	4	-1	0	23	2	0	-1	-1	-1	0	16	-1	39	-1	0	-1	7	-1	0	0	0	0	40
c26221	0	-1	15	0	-1	46	-1	48	0	-1	0	-1	0	0	48	0	0	0	0	23	-1	22	0	0	5	0	-1	-1	3	0
c26225	26	0	-1	21	39	0	-1	-1	43	-1	0	0	0	-1	0	-1	0	0	-1	-1	15	0	0	15	7	0	-1	-1	9	0
c26247	-1	0	22	21	0	0	0	-1	43	0	0	0	0	0	33	0	11	16	-1	6	0	4	0	0	7	43	0	-1	39	0
c26281	14	40	0	-1	23	0	13	-1	-1	0	39	0	50	45	0	0	0	-1	-1	0	-1	0	0	0	7	33	0	0	0	-1
c26288	0	0	0	0	0	-1	0	-1	43	6	22	0	-1	0	0	15	47	0	0	0	-1	0	0	-1	5	48	0	0	0	6
c26296	-1	29	-1	-1	0	36	22	0	43	0	0	16	0	0	0	0	0	0	5	0	-1	-1	-1	22	7	-1	0	25	0	0
c26297	0	29	-1	21	-1	-1	22	0	43	0	0	16	0	0	-1	-1	0	0	5	-1	-1	0	0	22	7	0	0	-1	0	-1
c26298	-1	0	0	21	-1	0	-1	3	43	26	0	38	-1	-1	-1	0	-1	0	-1	26	2	0	-1	45	7	0	33	0	-1	0
c26299	0	0	-1	-1	-1	0	-1	3	43	26	0	38	-1	0	0	0	-1	0	0	26	-1	0	-1	45	7	0	33	0	0	0
c26302	0	0	0	0	-1	0	48	-1	-1	6	0	0	0	0	48	5	-1	-1	0	0	0	42	-1	0	5	0	0	0	3	0
c26347	0	0	0	21	-1	0	24	0	43	22	0	0	0	-1	0	0	23	0	0	0	-1	46	0	-1	7	0	0	0	0	0
c26348	-1	-1	0	0	0	0	0	0	43	-1	0	20	43	0	0	-1	0	5	23	0	0	0	-1	0	7	33	31	0	43	0
c26380	0	0	0	5	-1	-1	0	-1	43	3	39	0	0	0	-1	0	0	0	0	0	20	26	20	0	7	33	-1	0	0	0
c26381	0	0	0	5	0	-1	0	-1	-1	3	39	0	-1	0	-1	0	0	0	0	0	-1	26	20	0	7	33	-1	0	0	0
c26385	31	0	5	48	0	0	0	48	0	6	0	0	-1	0	48	0	-1	20	47	0	0	22	0	-1	5	26	0	0	3	0
c26390	0	0	8	0	-1	0	-1	-1	17	6	-1	-1	0	-1	48	0	0	0	0	0	0	0	-1	0	5	-1	-1	34	3	0
c26399	22	-1	24	0	10	-1	0	0	43	0	0	39	35	0	0	-1	8	0	0	-1	26	0	-1	4	-1	33	31	0	-1	27
c26403	0	0	0	0	-1	0	22	-1	33	-1	0	0	-1	16	-1	0	50	-1	0	25	0	22	0	5	5	0	0	0	-1	0
c26405	0	-1	-1	5	48	0	-1	-1	43	0	-1	-1	-1	24	0	0	0	-1	0	-1	0	42	0	0	7	33	0	20	0	16
c26426	0	26	24	50	42	0	0	0	43	0	7	19	-1	3	48	-1	-1	39	47	-1	18	0	33	-1	-1	0	0	0	-1	0
c26428	-1	-1	0	0	38	22	0	48	26	6	0	0	0	46	-1	-1	-1	-1	0	-1	0	0	0	0	5	48	0	26	-1	0
c26432	-1	-1	0	22	0	-1	-1	-1	-1	6	-1	-1	0	0	0	0	46	5	0	-1	31	22	0	-1	5	48	0	0	48	-1
c26435	0	0	0	0	0	3	0	-1	43	0	0	-1	11	0	33	7	-1	0	47	-1	0	-1	-1	42	7	-1	0	-1	0	0
c26436	22	-1	-1	0	0	0	33	-1	43	0	0	0	0	12	16	-1	0	0	-1	-1	0	-1	0	-1	7	15	45	-1	0	0
c26440	0	0	22	21	-1	0	-1	-1	43	26	0	38	-1	-1	0	0	0	1	0	26	0	0	-1	45	7	0	33	0	22	0
c26441	0	0	22	21	-1	0	-1	3	43	26	-1	38	-1	-1	0	0	0	1	0	-1	-1	0	-1	45	7	0	33	0	22	0
c26450	0	9	7	-1	0	-1	16	0	43	0	0	24	7	0	0	0	-1	-1	0	0	0	-1	0	0	-1	0	0	25	0	0
c26452	-1	0	0	5	0	0	0	48	0	-1	0	-1	19	0	-1	0	0	0	27	0	0	0	-1	0	5	45	0	-1	3	0
c26461	-1	0	0	0	0	0	33	0	43	39	-1	0	0	0	-1	0	0	0	-1	0	15	0	0	-1	7	-1	0	-1	50	0
c26493	-1	-1	0	21	0	0	24	0	43	0	0	0	0	27	0	0	-1	0	0	0	15	0	-1	-1	7	0	0	1	0	0
c26502	0	-1	0	-1	0	-1	16	-1	-1	0	20	24	0	-1	-1	24	0	0	0	0	16	31	0	0	7	0	0	25	0	0
c26503	0	28	0	21	0	-1	16	0	43	0	20	-1	0	-1	0	24	0	0	0	0	16	31	0	0	7	0	0	-1	0	0
c26516	0	40	0	-1	0	0	-1	0	43	0	39	0	-1	-1	0	0	0	-1	0	0	-1	0	3	10	-1	33	-1	0	0	0
c26527	22	0	0	0	0	0	16	0	43	0	0	0	0	-1	-1	15	0	3	0	-1	0	-1	-1	0	7	33	7	24	0	0
c26530	31	-1	0	-1	0	6	11	-1	0	6	0	0	0	0	48	0	-1	20	0	0	39	22	0	0	5	26	0	-1	3	0
c26535	-1	0	0	-1	0	-1	0	-1	-1	6	0	0	0	0	0	0	-1	-1	0	0	22	0	-1	-1	5	-1	0	-1	-1	0
c26564	-1	0	24	0	2	48	0	-1	0	-1	0	0	-1	40	-1	20	43	-1	45	-1	-1	35	0	5	5	0	-1	39	-1	18
c26578	0	9	0	21	0	-1	-1	0	43	0	-1	24	0	0	0	0	0	0	0	7	0	0	0	0	7	-1	0	25	0	0
c26583	22	-1	0	0	-1	33	33	16	-1	0	0	0	0	0	16	22	-1	0	-1	46	0	22	0	0	7	0	-1	5	-1	0
c26584	22	-1	0	-1	0	0	33	-1	43	0	-1	0	0	-1	16	22	0	0	-1	-1	0	-1	0	31	7	0	0	45	0	0
c26599	-1	0	48	0	-1	-1	-1	-1	0	-1	0	22	-1	0	0	39	-1	-1	0	8	-1	0	-1	-1	-1	48	-1	0	7	0
c26614	0	-1	0	0	-1	-1	-1	-1	0	6	0	0	0	48	48	33	42	0	-1	0	-1	28	-1	22	5	0	0	22	3	26
c26633	-1	0	0	47	29	0	42	-1	50	6	-1	0	0	-1	-1	0	-1	20	25	-1	0	22	0	-1	5	26	-1	0	3	-1
c26658	0	24	-1	-1	47	-1	26	-1	-1	6	-1	-1	0	-1	0	-1	0	-1	-1	-1	31	22	25	-1	-1	48	-1	-1	18	21
c26663	-1	0	-1	-1	0	-1	0	-1	-1	6	22	-1	0	-1	0	0	47	33	0	0	0	0	48	-1	5	-1	0	0	0	6
c26668	0	0	-1	-1	0	0	-1	48	-1	6	47	39	26	16	48	0	0	0	0	25	0	22	16	33	-1	-1	0	0	3	0
c26697	36	0	0	-1	0	-1	0	-1	-1	6	-1	-1	-1	-1	0	0	0	0	0	0	0	0	42	-1	-1	-1	20	8	0	0
c26717	0	0	0	-1	0	-1	0	-1	-1	-1	-1	0	22	-1	0	18	0	-1	0	-1	31	22	-1	-1	5	48	-1	42	-1	0
c26720	26	0	-1	21	39	0	-1	-1	43	-1	0	0	0	-1	-1	-1	0	4	8	0	-1	0	0	15	7	0	0	0	9	0
c26721	26	-1	0	21	39	0	-1	0	43	-1	0	-1	0	-1	-1	-1	-1	4	8	0	-1	0	0	15	7	0	0	-1	9	0
c26727	0	-1	50	0	0	0	33	0	-1	-1	15	26	41	0	16	46	-1	0	-1	33	0	0	15	0	7	-1	4	-1	50	0
c26733	-1	0	0	21	0	0	0	0	43	0	0	0	0	-1	-1	-1	0	48	39	0	-1	0	0	-1	7	43	0	25	0	5
c26735	50	0	0	21	24	-1	0	0	-1	0	43	0	0	0	0	0	0	18	20	0	18	38	0	-1	7	0	33	25	2	0
c26740	0	0	-1	-1	0	-1	0	4	43	0	-1	0	0	-1	47	22	0	-1	0	0	-1	0	0	7	7	0	0	-1	0	0
c26748	0	35	0	0	0	-1	-1	-1	43	-1	22	0	0	0	-1	0	-1	18	0	0	0	-1	0	-1	5	48	0	0	0	6
c26758	-1	0	0	0	0	0	16	0	43	0	26	0	0	-1	0	15	0	3	0	7	0	4	-1	0	7	33	24	24	-1	0
c26765	33	26	24	7	0	0	0	0	43	0	-1	-1	-1	3	0	10	0	-1	-1	21	18	-1	33	0	7	-1	-1	3	24	0
c26805	-1	-1	0	21	0	-1	-1	0	43	43	0	0	-1	0	-1	-1	22	-1	0	0	15	0	-1	-1	7	0	0	0	-1	0
c26810	0	46	-1	21	0	22	0	-1	43	-1	-1	0	0	-1	-1	0	22	-1	0	0	-1	0	0	22	7	0	0	43	-1	0
c26811	0	46	-1	21	-1	22	0	-1	43	-1	-1	0	0	0	0	0	22	-1	0	0	15	0	0	22	7	-1	0	-1	0	0
c26829	0	0	0	18	1	-1	26	-1	18	6	-1	0	-1	0	0	0	0	47	0	-1	-1	21	-1	-1	5	48	16	47	0	6
c26834	0	0	33	21	0	-1	24	0	43	-1	25	0	-1	-1	0	-1	23	0	45	-1	15	0	0	-1	7	0	0	0	0	-1
c26840	-1	26	24	-1	0	0	0	0	43	0	-1	19	8	3	0	-1	0	39	47	21	18	0	33	0	7	0	0	0	0	0
c26882	0	46	-1	-1	0	0	0	-1	-1	10	0	-1	-1	0	0	0	0	43	0	-1	15	0	0	-1	7	0	-1	0	0	0
c26885	0	0	-1	-1	0	0	0	48	0	6	50	-1	0	44	-1	0	31	0	0	0	0	0	0	-1	5	0	-1	0	3	0
c26911	0	0	-1	48	0	-1	-1	-1	0	6	0	0	35	0	0	-1	0	3	0	7	20	0	0	-1	5	-1	35	0	0	0
c26920	-1	0	0	0	0	0	16	0	43	0	0	-1	-1	1	0	15	0	3	0	0	0	-1	47	0	-1	33	0	24	0	0
c26921	25	0	-1	0	-1	0	16	0	43	-1	0	0	1	1	-1	-1	0	-1	0	0	0	-1	47	0	-1	33	0	24	0	0
c26929	0	39	0	-1	0	0	26	0	43	-1	0	0	0	0	0	0	0	19	0	0	0	0	-1	24	7	0	24	42	31	0
c26931	0	0	0	0	12	-1	-1	48	0	6	-1	0	0	16	48	8	-1	20	25	36	42	-1	0	0	5	-1	0	0	3	0
c26934	0	0	0	0	-1	0	0	0	43	0	39	0	0	0	0	0	0	-1	-1	0	39	-1	33	10	7	33	-1	-1	42	0
c26939	39	0	0	0	0	42	0	20	43	0	0	50	-1	0	24	22	-1	0	23	-1	0	-1	-1	0	7	33	4	25	0	-1
c26945	22	40	0	-1	0	0	0	0	43	-1	39	0	0	0	0	42	0	0	-1	0	7	-1	50	10	7	33	0	5	0	0
c26964	10	0	22	0	0	-1	0	-1	-1	6	0	0	0	0	7	0	0	3	0	33	20	9	0	-1	5	48	0	-1	0	0
c26968	-1	0	-1	21	-1	45	0	0	43	0	0	0	26	0	0	-1	0	-1	0	22	-1	0	7	0	7	0	0	25	18	0
c26982	0	-1	50	0	0	0	-1	0	43	43	15	-1	0	0	16	-1	-1	28	-1	7	0	0	15	0	-1	-1	0	-1	50	0
c26983	0	0	50	-1	0	0	-1	0	43	-1	15	-1	0	-1	16	0	0	28	-1	7	0	0	15	0	-1	-1	0	-1	50	0
c26985	0	0	22	0	-1	-1	0	-1	43	6	22	0	0	47	-1	0	-1	0	0	21	0	0	0	-1	5	-1	-1	0	0	6
c26989	0	0	0	-1	0	0	-1	48	0	-1	46	0	0	-1	48	0	0	0	-1	-1	6	-1	0	0	5	29	0	15	3	0
c27006	-1	39	0	0	26	0	-1	-1	43	0	39	0	24	0	0	23	11	0	16	-1	0	-1	0	-1	-1	33	0	0	0	-1
c27018	31	0	0	0	0	6	0	48	0	-1	0	0	0	0	48	-1	-1	20	0	0	39	-1	0	0	5	26	0	-1	-1	22
c27027	-1	-1	-1	0	45	-1	-1	-1	0	6	0	0	22	-1	0	-1	0	0	0	0	-1	39	-1	-1	5	48	26	33	7	8
c27028	-1	0	48	0	0	-1	0	-1	28	-1	-1	22	-1	0	0	0	0	0	0	8	0	43	-1	-1	5	48	-1	0	7	0
c27030	0	9	6	21	0	-1	16	0	43	0	0	24	-1	0	0	0	-1	0	0	7	0	0	0	-1	-1	-1	0	25	0	0
c27031	0	9	6	21	-1	-1	-1	0	43	-1	0	-1	4	0	0	0	0	0	0	7	-1	0	-1	0	-1	-1	0	25	0	0
c27037	0	0	0	0	-1	-1	-1	-1	-1	6	0	0	16	-1	0	0	0	47	0	-1	0	21	0	-1	5	48	0	47	0	6
c27050	-1	-1	14	21	0	-1	0	0	43	-1	0	0	0	5	0	-1	-1	-1	0	-1	15	0	0	22	7	-1	0	0	0	0
c27070	-1	0	-1	36	0	0	33	-1	-1	0	-1	0	10	-1	16	0	0	-1	-1	-1	0	0	0	29	7	-1	5	50	-1	0
c27079	0	0	50	0	0	-1	33	0	43	43	15	0	-1	0	16	-1	0	0	-1	7	-1	0	15	0	7	-1	0	0	-1	33
c27101	0	-1	48	5	0	0	0	0	43	22	39	33	0	-1	0	-1	16	-1	0	-1	0	8	-1	0	7	33	-1	-1	0	0
c27107	-1	0	0	0	0	33	33	0	-1	0	0	29	-1	0	16	22	0	0	-1	-1	0	0	-1	0	7	39	-1	0	0	0
c27121	-1	-1	0	-1	27	20	0	0	-1	0	0	0	0	0	0	0	0	0	-1	0	0	0	0	0	7	33	0	0	-1	48
c27128	0	0	-1	-1	-1	47	0	0	43	0	0	0	0	0	0	0	24	19	0	0	-1	0	0	0	7	-1	24	42	0	0
c27137	-1	-1	0	18	0	-1	0	-1	0	-1	0	0	-1	0	48	0	-1	20	-1	0	39	-1	50	-1	5	-1	-1	0	3	0
c27140	-1	0	0	0	-1	-1	-1	0	43	0	0	24	-1	0	16	22	0	1	-1	-1	0	24	10	36	-1	0	0	0	0	0
c27141	22	0	0	-1	0	-1	-1	0	43	0	0	24	-1	0	16	-1	0	1	-1	-1	0	24	10	36	-1	0	0	0	0	0
c27161	0	0	0	0	-1	-1	0	-1	-1	-1	0	0	-1	0	4	-1	-1	0	10	25	0	-1	-1	-1	5	48	0	0	-1	0
c27169	-1	0	0	0	-1	48	15	48	0	6	26	-1	-1	0	-1	0	0	-1	7	7	0	0	0	0	5	0	0	0	3	-1
c27178	-1	0	8	0	0	-1	9	-1	0	6	0	-1	0	0	22	-1	0	-1	0	-1	0	0	-1	-1	-1	48	0	-1	45	15
c27185	33	-1	-1	22	0	-1	-1	-1	-1	6	-1	-1	0	0	0	0	46	5	0	-1	31	-1	-1	-1	5	48	22	0	0	20
c27195	27	0	48	0	0	-1	-1	-1	0	6	-1	22	0	36	-1	0	0	47	4	8	0	0	-1	-1	5	48	0	0	7	0
c27196	0	0	22	48	-1	-1	0	-1	0	6	0	0	0	0	0	0	-1	-1	-1	0	20	0	0	-1	5	48	35	0	0	0
c27199	0	-1	9	21	0	0	10	0	43	0	28	-1	-1	0	0	24	15	0	-1	0	15	-1	0	0	7	0	0	0	0	0
c27200	42	-1	0	-1	29	0	-1	-1	-1	-1	0	0	-1	0	0	15	0	3	24	0	-1	0	47	0	7	33	0	24	0	0
c27217	-1	18	22	-1	-1	-1	0	4	43	0	0	24	23	39	0	0	0	16	0	0	0	0	0	36	7	48	0	0	0	0
c27242	22	26	0	0	10	20	0	26	43	0	0	0	-1	0	0	-1	-1	0	0	0	26	0	-1	0	-1	33	31	0	0	0
c27243	22	26	0	0	10	20	0	26	43	0	0	0	-1	-1	0	-1	-1	0	0	0	26	0	-1	0	-1	33	-1	0	0	-1
c27251	0	0	0	0	0	0	22	48	0	6	0	-1	0	33	48	0	-1	0	9	0	22	22	0	0	5	-1	-1	0	3	-1
c27259	-1	0	0	0	0	0	16	0	43	0	-1	0	0	-1	-1	15	0	-1	-1	-1	0	0	47	0	7	33	24	24	0	0
c27276	27	0	0	-1	-1	0	-1	48	0	6	0	0	-1	16	48	0	0	-1	0	-1	-1	22	0	0	5	-1	20	0	3	-1
c27292	0	0	0	0	-1	0	0	-1	0	-1	0	0	0	14	48	0	42	0	0	0	0	-1	-1	-1	-1	0	0	0	-1	0
c27296	0	31	48	0	0	-1	0	-1	0	6	0	22	0	48	0	0	0	0	-1	8	24	-1	-1	-1	5	-1	0	-1	7	0
c27305	-1	0	-1	0	36	0	-1	0	43	0	26	0	0	0	0	0	-1	0	23	0	0	0	-1	0	7	33	31	0	0	0
c27308	0	0	0	22	0	-1	0	-1	-1	6	-1	0	0	1	0	-1	46	5	0	-1	31	22	-1	-1	5	48	0	0	0	0
c27311	0	19	22	21	0	0	0	4	43	0	0	0	-1	0	0	22	0	16	-1	0	0	0	-1	0	7	9	0	0	0	0
c27325	39	-1	0	-1	0	7	-1	0	43	0	0	0	0	0	16	-1	-1	0	-1	-1	0	0	0	0	7	36	0	0	50	0
c27331	20	0	0	0	0	22	0	-1	0	6	0	-1	0	9	48	0	0	0	0	42	-1	0	-1	23	5	0	0	-1	3	0
c27343	-1	0	0	0	0	-1	0	-1	0	6	0	-1	0	28	-1	-1	0	-1	0	0	0	-1	0	-1	5	48	-1	50	0	15
c27361	0	47	0	0	-1	48	0	-1	0	-1	0	-1	0	0	48	-1	43	8	45	0	14	0	0	0	5	0	0	-1	3	18
c27365	20	-1	22	0	4	-1	0	-1	-1	-1	-1	0	50	0	4	0	0	0	0	24	0	0	0	-1	5	-1	15	0	0	0
c27379	0	0	0	21	-1	-1	-1	3	-1	26	0	38	-1	0	0	0	0	0	0	-1	-1	-1	-1	45	-1	0	33	0	0	16
