	0	1	2	3	4	5	6	7	8	9	10	11	12	13	14	15	16	17	18	19	20	21	22	23	24	25	26	27	28	29
c680	-1	0	0	0	-1	-1	0	0	5	41	0	0	7	0	-1	15	25	22	0	37	11	0	0	-1	19	0	0	-1	5	-1
c739	0	0	0	-1	-1	26	-1	0	16	0	42	19	39	0	4	-1	0	41	0	50	0	0	0	15	-1	0	25	-1	-1	0
c1531	-1	-1	5	-1	-1	42	-1	0	0	0	25	5	0	6	26	0	0	22	0	-1	0	19	6	15	0	0	15	0	-1	0
c1762	-1	0	0	19	-1	0	25	0	0	13	42	25	0	-1	4	0	25	0	-1	0	0	-1	29	15	0	-1	-1	0	13	0
c1894	-1	0	0	0	-1	42	0	40	0	26	25	0	26	8	-1	0	0	22	-1	25	0	19	0	15	0	-1	37	2	0	25
c2405	-1	0	-1	0	-1	42	0	0	43	0	25	19	0	-1	25	0	42	22	-1	0	-1	-1	19	-1	0	0	0	0	0	-1
c2591	0	0	0	50	-1	47	25	0	26	-1	42	-1	0	0	-1	0	-1	43	-1	0	8	0	0	15	22	36	25	0	0	0
c2624	0	0	50	-1	-1	0	25	0	0	9	42	0	-1	-1	4	-1	0	0	39	-1	0	0	0	15	-1	39	25	0	0	0
c3325	-1	2	0	-1	-1	42	0	0	-1	-1	25	11	19	0	0	0	0	22	0	0	0	19	34	15	0	0	0	-1	0	0
c3489	13	-1	-1	0	-1	0	25	-1	-1	42	-1	0	0	0	4	-1	0	0	0	-1	30	-1	18	15	31	0	-1	0	0	-1
c4020	5	0	0	0	-1	0	0	-1	0	0	0	0	7	-1	0	0	37	22	0	0	-1	0	26	15	-1	0	48	25	-1	11
c4217	0	25	16	0	-1	0	25	0	34	0	-1	-1	0	4	4	0	0	0	0	0	0	25	18	15	19	0	25	0	0	19
c4505	-1	-1	0	0	-1	42	0	11	43	0	-1	37	-1	0	0	0	5	22	0	37	0	-1	-1	-1	0	-1	0	-1	0	-1
c4586	-1	25	0	0	-1	0	25	-1	-1	0	42	-1	0	0	-1	0	-1	-1	0	25	0	25	18	15	45	0	25	0	0	19
c4680	0	0	0	0	-1	-1	-1	42	7	25	0	0	7	-1	19	0	-1	22	0	0	0	0	26	-1	0	0	-1	0	5	0
c4788	-1	0	-1	0	-1	0	25	4	0	0	42	-1	0	0	-1	0	0	-1	0	0	5	0	-1	15	-1	18	25	-1	0	0
c4834	0	26	-1	9	-1	-1	26	-1	0	0	0	0	13	-1	0	-1	41	5	0	8	0	0	0	15	-1	-1	5	0	0	-1
c4952	-1	0	0	0	-1	42	0	41	-1	1	25	0	0	0	-1	0	26	22	0	-1	-1	19	0	-1	50	0	37	0	26	0
c4953	-1	-1	0	-1	-1	42	0	0	-1	0	25	0	0	0	0	0	26	22	0	0	0	19	0	15	50	-1	-1	-1	-1	-1
c4972	1	-1	-1	26	-1	0	25	50	-1	0	-1	0	0	-1	-1	0	25	-1	0	-1	0	0	29	15	0	0	25	-1	0	25
c5188	4	0	0	-1	-1	-1	-1	0	-1	0	0	25	13	-1	-1	0	41	0	-1	8	0	0	0	-1	-1	0	-1	0	0	0
c5329	-1	0	0	19	-1	42	26	0	-1	25	-1	-1	5	-1	6	0	0	22	0	25	0	-1	0	-1	0	0	0	-1	0	7
c5495	-1	0	-1	-1	-1	-1	0	0	0	8	-1	0	0	0	0	0	-1	22	0	42	25	19	0	15	0	0	-1	1	-1	26
c5681	0	-1	0	9	-1	0	26	0	0	-1	0	12	13	-1	0	0	41	0	0	8	-1	0	0	-1	-1	-1	0	40	0	-1
c5836	-1	0	-1	22	-1	42	18	0	-1	-1	-1	0	16	0	19	0	31	22	-1	42	0	19	0	15	0	-1	-1	0	0	-1
c6300	-1	0	-1	22	-1	42	-1	0	35	0	25	0	0	0	-1	0	-1	22	0	42	0	19	0	15	41	0	0	0	0	26
c6317	0	0	0	0	-1	19	-1	0	0	0	0	0	7	0	0	-1	0	22	0	-1	0	0	-1	15	25	0	0	5	5	0
c6326	-1	0	0	-1	-1	42	43	0	0	0	-1	0	0	25	0	0	0	-1	0	-1	0	19	0	-1	15	0	0	0	0	26
c6574	5	0	-1	0	-1	0	0	-1	0	-1	0	0	7	-1	-1	0	0	-1	-1	-1	0	25	0	15	0	0	0	-1	5	-1
c6618	21	0	-1	-1	-1	0	0	19	0	-1	-1	-1	8	25	-1	25	0	22	-1	0	1	19	0	15	-1	26	-1	0	0	0
c6750	14	0	0	39	-1	-1	0	15	0	-1	0	-1	8	-1	-1	15	0	22	26	0	41	19	0	15	-1	0	13	0	0	-1
c6791	-1	2	-1	0	-1	-1	0	0	5	11	-1	0	0	39	0	0	39	22	0	-1	5	-1	0	15	0	0	8	0	0	0
c6794	-1	22	0	-1	-1	0	0	0	0	15	0	25	0	0	0	-1	34	5	0	50	0	11	0	15	0	0	0	0	0	0
c6911	-1	0	0	-1	-1	0	0	45	0	0	0	0	4	0	27	0	42	-1	-1	0	0	50	5	15	0	-1	0	0	0	19
c7046	-1	-1	-1	0	-1	0	25	0	25	-1	42	0	12	0	4	0	25	40	0	0	0	0	-1	-1	0	0	25	0	0	0
c7059	0	26	0	9	-1	0	26	0	0	-1	0	0	13	-1	0	-1	41	0	0	-1	0	-1	0	15	-1	0	37	0	0	0
c7102	0	-1	-1	0	-1	4	-1	0	-1	-1	42	-1	0	-1	-1	1	0	0	34	-1	30	0	0	15	23	0	25	-1	0	0
c7172	0	-1	12	50	-1	0	-1	-1	0	-1	0	25	-1	0	34	0	0	0	0	41	22	0	11	15	-1	-1	2	0	0	0
c7482	0	0	0	0	-1	2	0	-1	5	41	39	-1	7	0	0	-1	25	22	-1	0	25	0	0	15	-1	40	0	0	5	50
c7503	-1	25	0	-1	-1	42	-1	0	-1	0	25	0	0	37	6	0	0	22	41	25	-1	19	0	15	0	-1	0	0	0	0
c7549	0	26	-1	0	-1	-1	23	42	7	-1	0	0	7	50	0	0	0	22	43	-1	0	0	-1	15	-1	-1	-1	0	5	25
c7551	0	-1	-1	42	-1	0	-1	-1	-1	0	0	0	26	-1	0	0	41	0	14	0	0	-1	-1	15	-1	0	41	15	-1	0
c7574	5	0	0	0	-1	0	40	26	0	-1	0	0	7	-1	0	0	0	22	0	0	0	25	0	15	0	26	0	0	5	-1
c7575	5	0	0	0	-1	0	-1	-1	0	-1	0	0	7	-1	0	0	0	-1	-1	0	-1	25	-1	15	0	26	0	0	5	-1
c7777	-1	0	0	-1	-1	42	0	11	43	0	25	0	0	0	0	0	0	22	0	0	0	19	0	-1	-1	-1	26	37	0	0
c7816	0	0	-1	0	-1	0	0	0	5	41	0	34	7	0	0	15	-1	-1	-1	0	0	0	6	15	0	-1	0	2	5	50
c7825	-1	-1	0	0	-1	0	0	-1	0	-1	0	0	7	21	-1	0	0	22	13	-1	13	25	14	-1	-1	-1	-1	0	5	0
c7857	0	0	0	4	-1	0	25	0	26	0	42	-1	0	13	-1	0	-1	0	19	0	0	0	0	15	0	43	-1	19	0	0
c7909	0	0	0	30	-1	0	0	-1	8	0	48	25	7	-1	-1	-1	0	22	11	43	13	25	26	15	0	0	-1	-1	5	-1
c7920	13	0	0	0	-1	0	-1	0	0	-1	27	0	7	-1	0	48	0	22	0	0	0	0	-1	15	38	50	-1	1	5	50
c7981	5	-1	0	-1	-1	27	37	-1	-1	0	-1	26	7	-1	0	0	0	22	0	8	0	7	0	15	0	40	41	-1	5	4
c8008	0	0	0	0	-1	0	0	0	5	41	0	0	7	0	0	15	25	22	0	0	0	0	0	15	-1	0	-1	0	-1	50
c8064	-1	0	0	6	-1	42	0	0	43	0	25	0	0	-1	0	-1	42	22	0	0	15	19	0	-1	0	0	-1	37	-1	20
c8079	5	37	0	0	-1	18	25	0	-1	-1	42	0	0	0	4	0	25	40	0	-1	0	0	-1	15	-1	-1	25	0	0	0
c8207	0	-1	33	0	-1	-1	0	0	0	0	0	25	-1	0	-1	-1	2	22	14	0	-1	25	26	15	35	-1	-1	0	-1	10
c8249	0	11	-1	0	-1	-1	0	14	-1	-1	0	-1	8	0	0	0	0	22	0	0	0	19	-1	15	-1	0	0	-1	12	0
c8267	0	22	0	-1	-1	18	0	-1	0	15	0	-1	0	0	-1	0	-1	-1	-1	0	-1	0	4	15	25	0	0	0	0	-1
c8276	8	0	0	0	-1	27	-1	42	7	-1	14	0	7	0	0	17	0	22	0	0	0	0	26	15	40	9	-1	-1	5	-1
c8305	-1	-1	0	-1	-1	42	0	-1	-1	-1	25	0	0	0	0	-1	-1	22	0	11	-1	19	0	-1	0	0	0	0	2	-1
c8330	-1	0	0	0	-1	0	25	-1	0	0	42	0	0	-1	4	0	0	0	-1	25	0	-1	0	15	42	0	25	0	-1	0
c8402	-1	2	0	-1	-1	-1	0	0	5	-1	-1	11	19	0	0	0	0	22	0	0	0	19	-1	15	0	0	0	-1	0	0
c8439	0	0	50	-1	-1	39	25	0	0	0	42	-1	0	0	4	0	0	-1	0	-1	0	0	0	15	0	-1	25	0	6	0
c8673	0	26	-1	-1	-1	0	23	42	7	0	0	-1	7	-1	-1	0	0	-1	43	0	0	-1	26	15	0	14	-1	0	5	0
c8678	-1	0	-1	0	-1	42	0	0	-1	0	25	0	25	5	0	0	-1	22	0	0	0	19	0	-1	50	0	0	0	-1	0
c8767	-1	0	0	50	-1	42	0	0	0	0	25	11	0	-1	41	0	0	-1	0	0	0	19	-1	-1	0	-1	0	19	-1	0
c8775	-1	0	0	6	-1	-1	19	39	43	0	25	0	-1	1	0	0	42	22	0	42	15	19	0	-1	0	0	0	37	-1	0
c8814	0	0	-1	0	-1	19	-1	0	7	0	0	0	-1	0	0	0	0	-1	0	-1	0	0	-1	15	25	0	0	5	-1	0
c8867	0	0	-1	0	-1	50	-1	0	-1	0	0	-1	0	0	-1	0	-1	27	0	0	0	0	-1	15	-1	15	0	0	0	0
c8885	0	25	0	0	-1	0	25	0	0	0	-1	-1	-1	0	4	21	0	0	0	0	-1	0	18	15	0	0	25	37	0	0
c9032	25	0	-1	37	-1	0	0	0	-1	25	-1	0	7	0	-1	-1	0	22	0	0	13	0	26	-1	0	40	15	25	-1	10
c9059	-1	-1	0	-1	-1	0	25	25	25	0	42	0	0	-1	-1	19	-1	40	0	0	0	-1	-1	15	-1	0	25	0	0	0
c9135	-1	0	-1	0	-1	0	0	0	-1	0	34	-1	7	0	-1	0	0	-1	40	0	13	0	26	-1	0	0	0	0	5	-1
c9161	0	0	0	0	-1	0	-1	-1	-1	0	42	19	0	-1	4	0	0	41	0	-1	0	0	0	15	0	-1	25	0	0	0
c9168	0	0	-1	-1	-1	0	25	0	0	0	42	0	5	-1	4	26	8	0	0	0	25	-1	0	15	0	0	-1	0	0	0
c9172	-1	39	0	0	-1	-1	0	0	-1	41	25	0	0	-1	0	0	42	22	-1	0	15	19	0	-1	0	0	0	-1	4	0
c9206	-1	0	-1	0	-1	42	0	0	43	0	25	0	0	-1	0	0	42	22	0	0	15	-1	0	-1	0	0	-1	0	-1	0
c9222	-1	-1	0	0	-1	-1	25	0	43	39	25	0	0	0	0	0	42	22	0	0	15	-1	0	-1	0	-1	37	0	-1	41
c9226	0	0	50	-1	-1	0	25	0	0	0	-1	0	0	0	4	-1	-1	0	0	-1	0	-1	0	15	0	-1	25	-1	6	0
c9229	0	26	0	9	-1	0	-1	0	0	0	-1	0	13	-1	-1	0	41	0	-1	8	0	0	-1	15	-1	-1	37	0	2	0
c9233	25	0	0	0	-1	0	0	0	-1	0	0	-1	7	0	-1	-1	-1	22	-1	6	13	0	26	15	-1	40	-1	0	5	10
c9258	0	0	0	0	-1	-1	-1	-1	7	25	39	0	7	1	19	-1	-1	22	15	0	0	0	26	15	0	0	-1	0	5	0
c9306	5	0	13	-1	-1	0	0	26	0	-1	0	0	7	0	0	0	-1	22	0	-1	0	25	0	15	0	0	-1	5	5	-1
c9328	0	0	0	-1	-1	0	0	0	0	-1	5	26	-1	0	0	0	0	22	-1	0	-1	-1	26	-1	25	0	0	9	5	0
c9329	0	0	0	-1	-1	0	0	0	0	-1	5	26	-1	0	0	0	26	22	0	0	-1	0	26	15	25	0	0	0	-1	0
c9448	-1	0	0	0	-1	42	18	42	-1	-1	25	-1	0	-1	0	19	-1	-1	-1	14	0	-1	0	-1	0	0	19	-1	49	0
c9449	-1	0	0	0	-1	42	18	42	0	11	25	45	0	0	-1	-1	0	22	0	-1	0	19	0	15	0	0	19	-1	49	0
c9500	0	0	19	0	-1	0	-1	0	5	41	0	0	7	0	15	0	25	22	26	0	-1	0	0	15	4	34	0	37	-1	50
c9557	-1	0	0	-1	-1	42	-1	0	0	26	-1	-1	0	-1	6	0	0	22	22	25	0	-1	0	15	0	-1	-1	0	0	-1
c9686	1	0	0	5	-1	18	25	0	0	-1	42	0	0	0	-1	0	25	0	0	-1	0	0	29	15	0	0	-1	4	0	-1
c9724	0	4	-1	0	-1	0	0	-1	0	-1	-1	26	-1	0	-1	0	0	22	0	0	-1	0	26	-1	25	0	-1	-1	5	-1
c9791	11	0	0	0	-1	26	0	-1	26	-1	25	-1	7	0	-1	0	-1	22	0	0	-1	-1	26	15	0	40	27	0	-1	10
c9802	0	0	0	25	-1	0	0	0	0	-1	0	-1	8	25	-1	-1	0	-1	-1	0	0	19	0	15	-1	0	0	-1	0	0
c9836	0	-1	45	-1	-1	0	25	-1	0	0	42	-1	0	0	4	-1	-1	0	0	-1	-1	26	18	15	0	-1	25	0	0	0
c9885	-1	0	0	-1	-1	42	-1	0	-1	0	25	43	0	0	0	0	42	-1	-1	0	15	19	-1	-1	-1	0	-1	37	4	0
c10030	-1	0	0	-1	-1	42	0	-1	0	8	25	-1	0	0	0	0	-1	-1	0	42	-1	19	0	15	0	0	0	0	0	26
c10053	0	-1	0	0	-1	0	25	-1	0	0	-1	0	0	0	4	0	0	15	0	25	0	0	0	-1	42	-1	25	0	0	0
c10067	0	26	-1	9	-1	-1	0	0	0	-1	0	-1	13	-1	0	0	41	-1	0	8	-1	0	0	-1	-1	-1	0	0	0	0
c10100	0	0	0	0	-1	0	0	0	-1	0	-1	25	7	0	-1	0	0	-1	0	-1	13	25	26	15	41	0	0	0	5	10
c10129	0	0	0	-1	-1	-1	25	0	-1	0	42	0	-1	0	-1	0	8	15	0	0	0	0	0	15	5	0	25	0	0	0
c10143	-1	43	0	0	-1	-1	-1	0	0	25	-1	0	5	0	6	0	-1	22	-1	-1	0	19	0	15	0	0	0	-1	26	-1
c10168	-1	0	-1	0	-1	-1	25	0	0	-1	42	33	11	0	4	0	26	0	0	-1	0	13	-1	-1	-1	0	-1	0	0	0
c10173	18	-1	0	0	-1	0	25	-1	0	0	42	-1	-1	0	-1	15	0	0	-1	0	19	-1	18	-1	0	25	25	0	0	0
c10207	0	-1	41	-1	-1	0	0	0	0	-1	0	25	7	0	-1	0	12	22	0	0	13	-1	26	15	6	0	-1	0	5	10
c10247	0	0	18	0	-1	0	25	-1	-1	0	-1	0	0	40	4	-1	0	0	0	25	0	0	0	15	0	-1	25	0	0	0
c10259	5	26	-1	0	-1	25	23	42	7	0	0	13	7	0	-1	0	0	22	43	0	-1	0	-1	15	0	-1	-1	0	5	0
c10270	0	22	-1	0	-1	-1	11	0	-1	15	0	25	-1	37	0	0	34	5	0	4	0	0	0	15	0	0	0	14	0	0
c10317	19	0	0	0	-1	-1	25	-1	0	0	42	0	41	11	-1	0	0	0	0	25	0	0	0	15	42	18	25	0	0	0
c10388	-1	0	0	19	-1	-1	-1	0	0	0	25	0	-1	-1	18	0	31	22	-1	-1	0	19	0	15	0	0	0	0	0	26
c10389	-1	0	-1	19	-1	42	0	7	0	0	25	0	0	-1	18	0	31	22	0	-1	0	19	0	15	-1	0	0	0	0	26
c10506	0	-1	0	0	-1	-1	9	0	0	15	0	25	0	0	0	0	34	5	0	25	0	0	-1	15	25	-1	-1	0	0	0
c10527	-1	-1	0	0	-1	-1	0	-1	-1	-1	25	0	0	-1	0	4	26	22	-1	0	0	19	19	15	50	0	0	0	-1	0
c10529	0	0	37	0	-1	0	0	-1	26	0	0	25	9	-1	-1	0	1	0	26	-1	22	0	0	15	0	43	-1	0	-1	0
c10531	0	0	-1	0	-1	34	41	0	0	41	37	0	7	0	0	-1	-1	22	43	-1	0	-1	-1	15	0	-1	0	0	5	-1
c10538	0	-1	0	-1	-1	0	25	0	-1	-1	-1	0	0	14	4	-1	8	0	-1	0	0	0	0	15	-1	0	25	-1	0	-1
c10539	0	0	0	-1	-1	0	25	0	0	0	-1	-1	0	0	4	0	8	0	0	14	0	0	0	15	0	0	25	0	0	-1
c10560	0	26	-1	0	-1	-1	23	42	7	5	41	0	7	-1	0	-1	34	-1	43	0	0	21	26	15	0	0	-1	7	5	0
c10654	0	0	0	0	-1	0	25	-1	5	0	-1	-1	-1	0	4	0	0	0	0	25	-1	-1	6	15	42	18	-1	45	0	0
c10755	0	25	0	35	-1	0	25	0	0	-1	42	-1	42	25	-1	0	0	0	0	0	0	0	-1	15	-1	0	25	-1	0	0
c10782	0	26	0	9	-1	0	-1	0	0	0	0	0	13	-1	0	0	41	0	0	8	-1	25	0	15	-1	0	0	0	5	0
c10878	0	0	-1	-1	-1	-1	25	26	-1	-1	42	0	0	-1	4	0	8	37	0	0	5	0	0	-1	25	0	25	0	0	0
c10995	0	0	0	-1	-1	39	25	0	0	0	-1	5	-1	0	-1	0	8	0	15	0	0	0	-1	15	13	0	25	0	-1	0
c11019	-1	0	0	50	-1	42	0	0	26	0	25	0	-1	0	41	-1	-1	-1	0	-1	-1	19	0	15	0	41	-1	0	5	0
c11139	-1	0	0	-1	-1	42	0	0	0	47	25	0	25	0	6	0	5	22	0	25	-1	19	0	15	-1	-1	-1	42	0	0
c11154	-1	37	0	39	-1	-1	0	0	0	-1	0	-1	8	0	0	0	0	22	0	-1	-1	19	0	15	0	-1	0	-1	19	0
c11191	0	0	0	0	-1	14	0	-1	0	-1	0	0	7	0	26	-1	0	22	41	0	15	-1	26	-1	25	0	0	-1	5	0
c11224	-1	0	0	19	-1	42	0	0	5	25	25	-1	0	0	19	0	31	22	0	-1	0	19	0	-1	0	0	-1	0	0	26
c11232	-1	0	42	0	-1	42	-1	0	0	-1	25	38	-1	26	-1	0	0	-1	0	0	-1	19	0	-1	5	-1	-1	-1	0	11
c11250	0	0	-1	0	-1	15	-1	42	7	-1	0	-1	7	5	0	0	35	22	26	0	0	0	26	15	-1	-1	-1	0	5	37
c11288	-1	0	0	0	-1	0	0	39	18	0	0	-1	-1	-1	-1	0	41	0	0	8	0	0	-1	15	-1	0	11	19	-1	-1
c11315	-1	0	-1	50	-1	0	-1	11	0	-1	0	-1	0	0	34	0	0	0	0	0	22	0	0	15	-1	0	2	0	0	37
c11338	33	0	0	0	-1	0	0	43	-1	0	-1	0	4	0	27	28	0	0	0	0	-1	19	5	-1	-1	-1	0	-1	0	-1
c11365	-1	-1	-1	0	-1	42	0	0	43	-1	25	0	0	0	0	-1	42	22	-1	4	15	19	-1	-1	-1	0	0	31	23	0
c11447	5	26	-1	-1	-1	0	-1	42	7	-1	0	7	7	0	0	0	0	22	43	-1	0	0	26	15	0	0	-1	-1	5	0
c11474	0	0	9	5	-1	0	-1	0	5	41	-1	13	7	0	-1	26	25	-1	0	0	16	0	0	15	4	0	17	0	5	50
c11542	-1	0	8	13	-1	-1	25	26	0	13	42	0	0	0	-1	0	-1	0	0	0	-1	-1	29	15	0	0	25	0	0	0
c11579	-1	0	-1	-1	-1	42	-1	0	43	0	25	0	0	0	0	-1	42	-1	-1	-1	15	19	0	-1	0	0	0	37	4	0
c11589	-1	0	-1	42	-1	42	-1	-1	0	18	25	0	-1	-1	25	0	0	22	0	0	0	-1	0	-1	0	0	0	0	0	0
c11686	0	0	0	-1	-1	0	-1	0	-1	41	0	0	7	-1	-1	0	25	22	11	0	0	0	26	15	-1	0	0	14	5	-1
c11717	-1	0	0	0	-1	-1	-1	0	43	0	25	0	-1	-1	0	0	0	22	-1	0	0	19	0	-1	0	0	0	0	0	37
c11723	-1	0	0	0	-1	-1	0	0	-1	41	37	0	-1	0	0	-1	0	-1	43	0	0	0	9	15	0	-1	0	0	5	-1
c11724	0	0	0	0	-1	0	19	25	0	0	19	25	-1	0	-1	0	0	22	0	0	13	-1	-1	-1	0	11	5	0	5	10
c11747	0	43	9	0	-1	25	0	14	11	-1	0	-1	8	-1	-1	0	0	22	-1	0	0	19	0	15	0	0	0	39	0	0
c11822	-1	-1	0	-1	-1	42	0	13	-1	0	25	0	0	0	1	2	0	22	0	0	0	19	0	-1	0	0	-1	0	0	0
c11847	-1	0	0	-1	-1	0	0	0	0	0	0	-1	8	6	0	0	0	22	38	25	0	19	0	15	0	-1	45	0	0	-1
c11849	-1	25	0	0	-1	42	-1	0	-1	7	-1	0	0	37	6	0	0	22	0	25	0	19	0	-1	0	0	-1	0	-1	0
c11941	-1	-1	0	0	-1	42	0	0	0	0	25	-1	0	26	23	-1	31	22	-1	42	0	19	-1	-1	0	0	-1	0	22	26
c11975	25	0	0	37	-1	0	0	0	19	0	-1	0	7	0	-1	-1	0	22	7	0	13	0	-1	-1	0	40	15	0	5	10
c12013	5	0	-1	0	-1	8	0	0	17	-1	0	0	7	0	0	0	-1	22	0	0	41	0	26	15	-1	0	0	19	5	5
c12015	-1	0	0	42	-1	-1	37	0	0	0	-1	35	34	0	-1	0	0	22	0	-1	0	-1	25	15	0	0	-1	0	0	0
c12026	6	-1	-1	0	-1	34	-1	0	0	0	0	-1	-1	0	-1	0	-1	22	0	35	13	0	26	15	0	40	0	0	5	10
c12032	-1	6	-1	22	-1	-1	0	0	0	0	25	-1	-1	0	11	-1	31	22	0	42	0	19	0	15	0	-1	0	0	0	-1
c12033	-1	6	-1	22	-1	42	0	13	0	37	25	-1	0	-1	11	0	31	-1	0	42	0	19	5	15	0	-1	0	0	0	26
c12110	0	22	0	0	-1	0	-1	0	5	15	0	25	-1	0	0	0	-1	5	39	0	-1	0	25	-1	-1	-1	0	0	0	0
c12119	0	26	0	9	-1	-1	26	0	0	0	0	0	-1	-1	0	-1	41	-1	0	8	-1	0	0	15	-1	0	11	0	0	-1
c12120	-1	6	-1	-1	-1	42	0	0	-1	0	-1	-1	0	0	-1	0	31	22	-1	42	0	-1	0	15	0	-1	0	0	0	26
c12140	-1	0	0	29	-1	42	0	0	-1	0	25	0	-1	0	0	0	-1	22	27	-1	0	19	0	-1	0	-1	25	0	0	37
c12162	0	25	0	-1	-1	37	-1	0	-1	0	0	25	7	0	-1	0	2	22	14	0	13	25	-1	15	35	49	-1	0	-1	10
c12226	0	0	0	0	-1	-1	0	0	0	-1	0	-1	-1	0	0	0	-1	-1	0	0	0	19	0	15	-1	0	11	-1	0	0
c12228	-1	0	-1	-1	-1	0	25	0	42	-1	-1	0	0	-1	4	0	-1	0	25	-1	0	19	0	15	7	37	-1	-1	0	0
c12230	-1	0	0	-1	-1	0	0	-1	-1	41	0	0	-1	0	0	15	25	22	0	0	-1	0	-1	15	0	0	0	-1	5	50
c12251	0	-1	19	0	-1	0	25	0	6	0	-1	37	0	0	4	21	0	0	0	0	15	0	18	15	0	41	25	37	0	0
c12274	0	26	15	9	-1	-1	26	27	0	0	0	26	-1	-1	-1	0	41	-1	0	-1	0	0	0	15	-1	0	-1	0	0	0
c12290	9	22	-1	0	-1	0	-1	-1	4	15	0	25	0	-1	43	0	34	-1	0	0	0	0	-1	15	0	0	0	-1	0	-1
c12333	0	43	19	0	-1	0	-1	14	0	-1	0	-1	8	0	-1	0	0	-1	0	0	0	19	0	15	0	-1	0	0	-1	-1
c12342	-1	0	0	-1	-1	0	-1	-1	19	0	26	0	7	-1	-1	-1	0	22	0	0	13	-1	26	-1	-1	40	-1	0	5	10
c12359	0	0	0	0	-1	0	-1	11	5	41	0	0	7	-1	15	19	25	22	0	-1	0	-1	0	-1	4	0	-1	0	5	-1
c12365	0	-1	0	0	-1	25	-1	-1	26	0	-1	0	7	0	-1	0	0	22	0	0	-1	25	26	15	0	40	39	-1	-1	10
c12367	-1	-1	-1	0	-1	42	0	0	-1	47	25	0	25	0	6	37	0	22	0	25	-1	19	0	15	39	0	-1	42	0	0
c12456	9	22	0	-1	-1	26	-1	0	0	-1	-1	25	0	0	0	0	34	5	4	-1	0	-1	-1	15	-1	0	0	0	0	25
c12459	15	0	-1	0	-1	-1	0	-1	-1	0	39	-1	-1	-1	34	0	-1	0	0	0	22	0	0	15	0	0	2	0	-1	0
c12470	0	0	23	11	-1	0	0	-1	0	25	0	25	37	0	34	0	0	14	4	50	22	0	-1	-1	0	0	2	0	26	0
c12500	-1	-1	0	50	-1	-1	0	-1	0	0	-1	-1	0	-1	-1	0	0	-1	0	-1	0	19	0	15	0	0	0	0	-1	0
c12543	23	-1	19	0	-1	25	50	39	-1	-1	-1	0	-1	0	0	0	26	22	0	0	0	0	0	15	0	-1	0	0	5	19
c12545	-1	-1	0	0	-1	-1	0	0	-1	0	25	-1	0	0	-1	0	26	22	0	-1	0	19	0	15	50	0	35	0	0	0
c12551	-1	0	50	43	-1	0	-1	0	0	0	42	-1	11	0	-1	0	-1	0	0	-1	0	-1	0	-1	-1	0	25	2	26	15
c12556	-1	0	-1	50	-1	42	-1	0	0	0	25	0	0	0	-1	19	0	-1	-1	-1	0	19	0	15	0	39	0	19	0	0
c12579	5	37	-1	0	-1	34	-1	28	25	0	42	0	0	-1	-1	0	25	-1	0	0	-1	0	29	15	0	0	25	0	-1	0
c12599	0	0	0	25	-1	19	0	0	0	-1	0	-1	8	25	-1	-1	0	22	0	0	0	-1	0	15	-1	0	0	0	0	0
c12604	0	0	-1	0	-1	-1	0	39	-1	0	0	0	-1	0	0	43	0	22	0	5	0	0	11	15	39	0	7	0	-1	25
c12611	-1	26	0	50	-1	-1	0	0	19	0	25	-1	0	0	0	0	-1	22	0	0	0	-1	43	15	0	-1	0	9	0	0
c12612	-1	0	-1	0	-1	-1	-1	0	0	0	42	0	-1	0	-1	0	41	5	-1	-1	11	0	15	15	0	-1	-1	0	6	-1
c12613	0	0	50	0	-1	-1	25	0	43	0	-1	0	0	0	4	0	0	5	0	-1	11	0	-1	-1	0	-1	25	0	6	-1
c12631	0	11	-1	-1	-1	5	-1	42	7	25	0	0	7	0	0	0	0	22	-1	0	6	4	26	15	0	-1	-1	25	5	0
c12749	0	22	0	-1	-1	-1	0	0	-1	15	0	25	0	0	0	-1	34	5	0	25	-1	0	0	15	0	0	0	-1	-1	-1
c12783	5	0	0	0	-1	8	0	0	17	0	0	0	7	26	0	27	47	22	0	0	0	0	-1	15	9	0	0	26	-1	0
c12804	-1	9	0	19	-1	42	0	0	0	-1	25	0	0	-1	18	-1	31	22	0	-1	0	19	0	15	0	0	-1	1	0	26
c12805	-1	9	0	19	-1	-1	0	0	-1	0	25	0	0	40	18	0	31	22	0	-1	0	19	0	15	0	0	-1	1	0	26
c12821	-1	0	0	0	-1	42	0	11	43	0	25	-1	-1	-1	0	-1	0	22	0	0	0	19	-1	-1	0	0	0	0	0	0
c12837	-1	0	25	0	-1	42	0	0	5	0	25	0	0	0	0	0	0	22	0	0	-1	-1	0	15	0	12	0	0	-1	5
c12867	5	37	0	-1	-1	0	25	0	25	0	42	-1	0	0	4	-1	-1	0	0	0	0	0	29	15	-1	0	25	-1	-1	41
c12877	-1	-1	0	0	-1	-1	0	0	0	-1	0	-1	8	25	-1	0	0	22	0	0	0	-1	0	-1	-1	0	0	-1	-1	0
c12916	0	22	4	0	-1	0	0	-1	-1	-1	-1	25	0	-1	0	0	34	5	0	25	0	0	4	15	0	0	0	0	4	14
c12938	1	41	-1	24	-1	-1	25	0	-1	13	-1	25	0	0	4	11	-1	0	0	0	0	0	29	-1	5	-1	25	4	-1	35
c12963	-1	-1	0	0	-1	42	0	0	-1	0	-1	-1	0	0	0	-1	42	22	-1	0	15	19	-1	-1	-1	0	0	37	4	0
c12992	0	0	0	-1	-1	0	25	0	25	0	42	0	0	-1	4	0	8	0	0	0	-1	0	-1	15	-1	-1	-1	0	4	0
c13001	-1	0	0	0	-1	0	0	25	-1	-1	0	5	26	-1	-1	0	41	-1	0	0	5	0	15	15	0	19	0	15	-1	-1
c13009	-1	-1	0	-1	-1	42	-1	0	-1	-1	25	-1	0	0	41	0	0	-1	34	0	0	19	0	15	9	0	0	0	0	16
c13012	-1	0	-1	0	-1	0	-1	-1	17	41	-1	0	7	-1	0	0	-1	22	0	-1	-1	0	-1	-1	5	0	26	5	5	0
c13024	5	0	0	0	-1	46	0	26	0	-1	5	0	7	-1	3	0	0	22	0	0	0	-1	0	15	0	24	0	0	5	-1
c13030	0	0	4	0	-1	0	0	-1	0	0	5	0	-1	-1	0	0	41	-1	0	26	0	0	-1	-1	0	0	0	0	-1	-1
c13085	5	42	26	-1	-1	-1	4	0	17	0	0	-1	7	0	0	0	47	22	38	0	-1	0	26	15	0	0	0	-1	5	14
c13120	0	-1	0	0	-1	25	0	39	1	-1	0	0	-1	0	34	43	0	22	0	0	0	-1	0	15	-1	0	18	-1	5	0
c13190	-1	-1	0	-1	-1	-1	19	0	0	0	25	0	0	0	-1	0	31	22	-1	-1	0	19	0	-1	0	-1	-1	0	0	26
c13196	-1	25	0	0	-1	42	5	0	-1	0	25	0	0	0	-1	-1	0	22	0	25	0	19	0	15	0	0	0	0	0	0
c13214	0	0	0	0	-1	0	0	19	-1	0	-1	25	0	0	34	25	-1	0	26	42	22	-1	-1	15	0	-1	2	-1	0	4
c13221	-1	0	0	-1	-1	42	0	-1	0	0	25	-1	0	0	41	27	0	-1	0	0	-1	19	0	-1	42	0	0	19	0	0
c13225	0	0	-1	0	-1	0	0	0	-1	0	0	9	-1	25	-1	0	0	22	-1	0	13	0	26	15	0	0	0	4	5	10
c13261	17	22	0	0	-1	0	0	0	0	15	0	25	0	0	0	0	-1	5	0	0	0	0	0	15	0	0	0	0	0	0
c13288	0	0	43	-1	-1	-1	-1	1	0	0	-1	-1	-1	-1	-1	25	41	0	-1	0	0	0	0	-1	-1	25	0	15	-1	0
c13327	-1	0	0	5	-1	-1	-1	-1	25	47	25	0	25	0	6	-1	-1	22	0	-1	0	19	0	-1	0	0	-1	42	0	0
c13329	-1	0	0	0	-1	42	25	0	43	0	-1	0	-1	-1	0	-1	-1	22	0	-1	15	19	0	-1	-1	-1	0	0	0	0
c13342	0	0	-1	0	-1	0	-1	0	5	41	0	0	7	0	0	-1	25	22	0	0	0	0	0	15	0	-1	-1	0	5	50
c13353	5	37	5	0	-1	0	25	0	25	-1	42	0	37	0	4	0	-1	-1	-1	0	0	0	29	15	0	0	-1	39	1	0
c13361	-1	15	-1	50	-1	0	34	0	-1	-1	0	25	0	-1	34	7	0	0	0	0	-1	-1	0	-1	0	0	-1	-1	25	0
c13371	5	4	-1	0	-1	0	0	0	17	-1	0	19	7	0	0	0	47	-1	0	-1	0	-1	26	15	25	-1	0	0	5	0
c13572	-1	0	0	0	-1	42	-1	-1	43	0	25	-1	-1	0	-1	0	-1	22	0	-1	0	19	0	-1	-1	0	0	0	0	0
c13598	0	22	0	-1	-1	0	31	37	0	15	0	-1	0	0	0	0	34	5	0	50	0	0	5	15	-1	43	0	-1	0	-1
c13689	33	0	-1	-1	-1	0	-1	0	0	0	0	11	-1	0	27	0	-1	0	0	0	0	0	5	15	-1	0	1	0	0	0
c13691	-1	0	0	-1	-1	-1	0	0	43	0	25	0	-1	0	0	0	0	22	0	0	-1	-1	0	-1	0	-1	0	0	0	37
c13709	-1	0	0	0	-1	42	0	0	11	-1	25	-1	26	0	-1	0	-1	22	0	0	0	-1	50	15	19	0	0	0	-1	0
c13710	-1	0	-1	40	-1	-1	-1	-1	7	25	38	0	-1	5	41	0	0	22	9	0	0	0	26	15	0	-1	-1	0	5	-1
c13740	-1	2	0	47	-1	42	0	0	0	-1	25	38	25	26	-1	-1	0	-1	40	-1	11	19	0	15	0	-1	49	0	0	11
c13782	0	-1	-1	-1	-1	-1	0	0	0	-1	0	-1	0	0	34	0	0	0	-1	0	22	1	0	15	26	-1	2	0	0	0
c13885	0	-1	0	26	-1	-1	-1	25	-1	4	0	0	7	0	-1	0	-1	22	-1	0	0	-1	26	15	25	-1	0	0	5	-1
c13928	-1	8	0	42	-1	42	-1	0	0	0	25	-1	-1	25	-1	0	-1	22	0	0	0	-1	-1	15	0	-1	-1	0	0	0
c13962	1	-1	-1	0	-1	0	-1	-1	-1	-1	42	-1	41	0	-1	-1	25	0	0	26	0	27	29	15	0	-1	-1	-1	0	25
c14006	0	22	0	19	-1	-1	0	-1	0	15	5	25	0	0	0	0	34	5	39	25	0	0	25	15	0	0	50	0	0	19
c14012	-1	0	0	0	-1	0	25	26	-1	-1	0	0	7	-1	0	0	0	22	0	0	-1	25	-1	15	0	0	0	-1	5	-1
c14069	0	0	-1	0	-1	34	25	11	-1	0	42	0	41	0	-1	0	-1	39	-1	-1	0	-1	37	15	23	0	25	26	-1	-1
c14071	0	-1	-1	0	-1	18	0	0	0	0	17	-1	-1	-1	0	0	0	22	0	18	0	19	0	15	0	0	11	-1	0	0
c14082	0	0	-1	0	-1	0	-1	25	0	0	0	25	7	0	-1	0	-1	22	14	-1	-1	25	26	15	35	0	21	0	5	10
c14114	-1	-1	0	-1	-1	-1	0	0	0	0	25	-1	-1	0	41	0	0	-1	0	0	0	19	0	-1	0	0	-1	0	0	0
c14126	-1	0	42	0	-1	42	35	0	-1	0	25	38	-1	26	0	0	0	22	0	0	0	19	0	-1	0	0	49	-1	0	11
c14194	19	0	0	-1	-1	0	25	-1	-1	0	42	19	0	0	4	0	-1	21	-1	-1	-1	25	0	15	27	5	25	0	0	0
c14206	-1	0	-1	0	-1	42	0	0	0	0	25	0	0	-1	39	27	31	22	0	42	0	19	0	-1	-1	37	0	0	0	-1
c14213	1	0	0	-1	-1	0	25	-1	0	13	42	0	0	39	4	0	25	0	0	11	0	26	29	-1	30	-1	25	0	0	0
c14225	-1	0	19	-1	-1	-1	0	0	11	47	25	0	25	0	-1	0	0	22	5	25	-1	19	0	-1	0	0	-1	42	0	-1
c14234	-1	0	-1	0	-1	42	-1	0	-1	0	25	25	0	0	11	0	26	-1	0	0	-1	19	0	-1	50	0	0	0	0	0
c14291	0	0	0	0	-1	-1	-1	42	7	25	0	26	-1	0	-1	-1	-1	22	0	0	0	0	26	15	0	0	-1	0	5	0
c14293	-1	0	-1	5	-1	42	-1	0	25	47	25	0	25	0	6	0	0	22	0	25	0	19	-1	15	0	0	-1	-1	0	41
c14316	0	-1	0	13	-1	0	-1	0	0	0	0	-1	8	0	0	0	26	-1	25	12	0	19	0	-1	0	-1	0	-1	9	0
c14347	0	0	0	0	-1	-1	1	39	1	0	0	-1	-1	0	0	0	-1	22	0	-1	0	40	-1	15	21	6	0	-1	-1	0
c14396	-1	0	0	0	-1	42	0	-1	43	0	25	-1	-1	0	0	0	0	22	-1	9	0	19	0	-1	0	1	0	50	-1	0
c14441	0	0	-1	0	-1	42	-1	-1	15	2	-1	0	13	-1	0	0	41	0	0	8	0	26	0	15	-1	5	-1	0	39	0
c14445	-1	0	0	-1	-1	-1	0	0	-1	-1	25	-1	0	0	-1	-1	0	22	-1	25	-1	19	-1	-1	-1	19	0	-1	0	-1
c14450	-1	0	4	42	-1	42	-1	-1	0	0	-1	0	34	0	0	-1	0	-1	-1	0	0	19	7	15	0	0	25	0	0	0
c14456	-1	0	-1	-1	-1	-1	0	0	0	47	25	0	25	0	6	-1	0	-1	0	25	7	19	0	15	0	0	-1	42	0	19
c14471	0	0	50	0	-1	-1	-1	-1	0	0	42	0	0	2	4	0	0	0	0	-1	0	0	0	15	19	0	25	26	0	0
c14498	0	-1	0	0	-1	-1	0	0	0	41	37	-1	-1	0	42	0	-1	22	43	0	0	18	9	15	9	0	0	0	5	-1
c14499	0	0	0	0	-1	34	0	0	0	41	37	-1	7	15	0	0	-1	22	-1	0	0	0	9	15	9	0	0	11	-1	-1
c14574	-1	0	-1	0	-1	-1	0	-1	43	-1	-1	0	0	0	47	43	-1	22	2	0	15	19	0	-1	0	0	25	37	4	0
c14576	0	25	0	0	-1	0	25	0	0	-1	42	0	0	0	4	0	0	0	3	0	0	0	18	15	0	0	25	0	-1	19
c14596	-1	0	0	-1	-1	42	0	0	-1	0	25	0	0	0	-1	0	-1	-1	-1	25	0	19	-1	15	0	0	-1	0	0	0
c14603	0	0	0	0	-1	0	0	25	0	-1	19	25	7	-1	-1	0	41	22	0	40	13	25	26	15	0	0	-1	0	5	10
c14651	-1	0	0	0	-1	42	0	37	-1	-1	25	0	0	0	0	-1	0	-1	-1	-1	-1	19	0	15	0	0	-1	0	15	5
c14659	8	0	0	0	-1	-1	-1	42	7	-1	0	0	7	0	0	17	0	22	33	0	0	0	-1	15	0	9	-1	27	5	0
c14707	41	0	0	0	-1	0	0	0	-1	0	0	-1	-1	0	0	0	0	0	0	11	0	0	-1	15	14	0	0	0	0	0
c14723	-1	0	0	0	-1	-1	-1	42	7	25	-1	0	7	0	0	-1	0	22	-1	0	0	0	26	15	-1	0	-1	0	-1	0
c14784	0	0	0	31	-1	0	0	0	0	0	0	-1	-1	0	-1	0	2	-1	-1	0	13	25	26	15	35	0	0	-1	5	-1
c14786	0	-1	0	0	-1	0	-1	0	37	0	42	26	0	36	4	21	0	0	11	0	0	0	18	15	0	0	25	42	27	-1
c14830	-1	-1	25	0	-1	42	0	0	5	-1	25	0	0	0	0	0	0	22	-1	0	5	19	15	15	0	25	8	-1	0	0
c14856	-1	0	25	0	-1	42	0	0	5	-1	25	0	0	-1	0	0	25	22	-1	0	-1	-1	0	15	0	0	8	0	-1	0
c14892	0	19	0	0	-1	0	0	19	19	31	0	-1	7	-1	25	19	-1	0	0	0	14	0	-1	15	25	0	0	34	0	0
c14946	-1	-1	-1	50	-1	42	-1	0	-1	0	25	0	-1	0	41	0	0	-1	-1	0	-1	19	0	15	0	0	0	19	0	0
c14958	-1	0	19	0	-1	0	0	-1	0	-1	-1	-1	8	-1	-1	19	11	22	0	0	26	19	0	15	-1	-1	0	0	0	-1
c14959	0	0	19	-1	-1	0	-1	19	0	-1	-1	-1	8	25	-1	19	0	22	0	0	0	19	0	15	-1	11	0	0	0	-1
c14967	-1	0	0	0	-1	-1	-1	-1	5	-1	22	19	-1	0	15	0	25	22	-1	43	-1	0	0	15	4	0	0	-1	5	-1
c14979	-1	0	0	0	-1	42	0	0	43	0	25	0	-1	-1	0	0	0	-1	0	0	0	19	0	-1	34	0	0	0	0	-1
c15024	0	0	0	0	-1	39	25	0	0	-1	25	26	7	0	-1	0	15	22	-1	0	-1	0	26	15	25	26	0	0	5	0
c15026	5	0	0	-1	-1	0	0	-1	-1	0	-1	18	7	0	-1	0	47	22	-1	0	19	0	-1	15	0	0	26	5	5	25
c15034	-1	0	-1	0	-1	42	0	0	5	0	25	26	0	7	0	0	0	22	0	0	0	-1	0	15	0	0	0	-1	0	0
c15041	0	0	0	0	-1	0	47	18	0	0	-1	-1	-1	0	0	0	0	0	0	-1	0	4	-1	15	0	0	0	0	-1	33
c15052	-1	-1	50	0	-1	0	25	0	0	-1	-1	0	-1	-1	-1	0	0	-1	0	-1	0	0	0	-1	0	26	25	0	0	25
c15073	5	-1	0	0	-1	0	-1	0	17	26	-1	0	7	0	0	0	-1	22	-1	25	-1	0	26	-1	0	0	-1	0	-1	0
c15125	-1	26	7	9	-1	-1	0	0	50	0	14	0	-1	-1	43	0	41	-1	0	-1	-1	0	0	15	-1	-1	25	0	26	0
c15142	5	26	-1	0	-1	-1	23	-1	7	0	0	7	7	-1	0	0	0	22	43	-1	0	0	26	15	0	-1	-1	0	5	0
c15146	-1	0	26	-1	-1	35	0	19	-1	0	34	-1	0	0	-1	50	43	39	-1	0	22	0	-1	15	0	43	2	0	0	-1
c15181	26	26	-1	9	-1	0	0	0	0	0	-1	-1	-1	-1	0	0	41	29	0	-1	34	25	-1	15	-1	-1	0	0	5	0
c15193	24	0	50	0	-1	0	25	0	-1	-1	42	0	0	30	4	0	0	0	0	-1	-1	0	0	-1	-1	0	25	0	0	0
c15207	0	0	0	0	-1	0	0	0	0	0	0	25	-1	6	34	-1	0	0	0	0	22	0	0	15	-1	-1	2	4	0	-1
c15247	5	-1	0	5	-1	0	0	-1	0	-1	0	0	7	0	0	-1	0	22	0	0	0	25	-1	15	42	-1	7	0	5	-1
c15274	5	42	0	0	-1	0	-1	0	17	0	0	0	7	0	0	0	47	-1	0	0	-1	0	26	15	0	0	0	0	5	14
c15276	-1	0	0	-1	-1	42	0	-1	-1	9	25	0	0	0	0	0	-1	22	9	0	15	19	0	-1	2	0	0	0	-1	0
c15293	-1	0	25	0	-1	42	-1	-1	43	0	25	-1	0	-1	0	0	-1	22	0	0	0	19	0	-1	19	0	0	7	19	0
c15308	0	0	0	26	-1	0	-1	-1	5	41	0	0	7	0	15	0	25	22	0	0	25	-1	0	15	-1	-1	0	14	5	-1
c15314	11	0	-1	0	-1	0	0	0	-1	0	0	-1	7	0	-1	0	0	-1	0	-1	13	0	26	15	0	40	-1	0	-1	10
c15320	0	0	0	0	-1	0	0	0	-1	0	0	0	7	25	-1	0	0	-1	2	0	13	0	26	15	7	-1	0	0	5	10
c15329	0	0	50	0	-1	0	25	0	0	-1	42	-1	-1	0	4	0	0	0	0	-1	0	0	0	15	-1	0	25	-1	18	0
c15378	0	0	50	0	-1	0	25	0	0	-1	42	0	0	0	4	-1	0	0	25	-1	11	22	15	15	0	-1	25	-1	6	39
c15385	0	0	0	-1	-1	0	0	0	0	-1	-1	25	7	-1	-1	0	26	22	0	0	-1	-1	26	15	41	0	0	0	-1	10
c15406	-1	-1	0	19	-1	42	0	0	0	0	-1	0	0	-1	18	0	31	22	0	-1	0	19	-1	-1	0	0	-1	0	0	26
c15421	-1	0	0	-1	-1	42	-1	13	43	-1	25	0	0	35	-1	-1	0	22	-1	0	-1	19	0	15	0	0	41	0	0	0
c15446	0	0	-1	0	-1	0	0	-1	0	-1	0	0	7	0	-1	0	0	22	41	0	-1	-1	26	15	25	0	0	0	5	0
c15472	0	19	50	0	-1	0	25	0	0	49	42	0	0	0	4	0	-1	0	-1	-1	0	-1	15	15	0	-1	25	39	6	-1
c15515	0	0	0	9	-1	0	0	0	0	-1	-1	26	7	-1	0	0	0	-1	-1	0	-1	0	26	15	25	0	0	0	5	0
c15525	0	-1	0	0	-1	0	45	0	-1	5	0	25	0	9	34	4	25	0	0	0	22	0	-1	15	4	0	2	-1	-1	0
c15562	5	0	0	34	-1	0	0	26	25	-1	0	0	7	0	0	0	25	22	0	0	0	25	0	15	0	25	-1	5	-1	0
c15566	0	22	30	30	-1	0	-1	0	0	15	7	-1	0	-1	0	-1	34	5	39	0	0	42	0	15	0	-1	0	0	0	0
c15575	0	25	43	0	-1	0	25	0	0	35	42	-1	0	0	-1	-1	40	0	0	0	0	0	18	-1	-1	41	25	-1	0	0
c15589	-1	0	4	42	-1	42	37	-1	-1	0	25	0	-1	15	0	0	0	22	0	0	0	19	-1	15	0	39	25	-1	0	0
c15590	0	25	0	0	-1	0	25	50	5	0	42	26	0	0	-1	21	0	0	0	0	0	0	18	15	0	0	25	0	27	0
c15601	0	0	0	0	-1	0	-1	42	-1	-1	0	0	7	12	0	0	0	22	0	14	-1	0	26	15	0	0	-1	0	-1	0
c15602	-1	-1	0	-1	-1	0	25	0	0	13	-1	0	-1	10	-1	0	25	25	0	1	0	0	29	-1	0	6	25	0	0	0
c15609	0	-1	4	0	-1	4	0	17	26	0	-1	0	26	-1	0	0	41	0	0	0	0	0	19	15	0	0	0	0	-1	0
c15634	0	0	0	2	-1	0	37	-1	38	-1	-1	26	-1	0	-1	0	-1	-1	0	0	0	0	-1	15	0	-1	41	15	5	4
c15637	0	0	39	0	-1	0	0	0	0	0	25	25	37	0	34	0	-1	2	43	-1	-1	0	0	15	39	0	2	0	26	0
c15735	5	0	0	0	-1	0	-1	26	0	-1	-1	-1	7	0	0	0	-1	22	0	-1	0	25	0	15	0	-1	0	-1	5	-1
c15758	-1	15	50	0	-1	0	25	-1	5	0	42	33	-1	25	4	-1	0	0	0	-1	-1	13	-1	-1	-1	0	25	39	0	0
c15775	-1	-1	0	11	-1	0	0	0	0	-1	0	-1	-1	0	-1	-1	0	22	0	0	0	19	41	15	-1	0	-1	0	0	0
c15780	-1	0	0	0	-1	42	0	0	43	0	25	0	-1	0	-1	0	0	-1	0	-1	0	19	-1	-1	0	-1	0	0	0	0
c15794	-1	0	0	-1	-1	-1	-1	-1	-1	-1	-1	0	-1	0	6	39	-1	-1	0	25	-1	19	0	15	9	0	-1	-1	0	-1
c15807	0	0	0	0	-1	0	-1	0	0	0	0	-1	7	43	-1	0	0	22	0	0	13	25	-1	15	6	40	0	25	5	10
c15820	-1	6	25	0	-1	11	25	0	0	0	42	0	25	-1	-1	0	0	26	34	0	-1	0	0	15	-1	0	25	23	39	0
c15827	-1	0	0	-1	-1	42	0	13	43	0	25	5	25	0	-1	0	0	22	0	21	-1	19	0	15	0	0	-1	0	0	0
c15831	0	0	0	-1	-1	34	0	0	0	41	-1	0	7	0	0	0	0	-1	43	0	0	0	-1	15	0	0	0	0	5	-1
c15892	-1	-1	0	-1	-1	42	-1	0	0	-1	25	0	34	0	0	0	-1	22	-1	-1	0	19	0	15	30	0	-1	0	0	0
c15893	-1	0	0	-1	-1	42	-1	0	0	0	25	-1	34	0	0	0	-1	22	0	0	0	-1	0	15	30	0	0	0	0	0
c15906	-1	0	0	-1	-1	42	14	0	-1	-1	-1	0	0	0	0	0	26	22	14	-1	0	19	0	15	50	0	0	-1	13	0
c15947	25	19	22	0	-1	25	50	39	-1	0	-1	-1	-1	0	0	0	0	22	7	-1	0	0	0	15	0	0	-1	-1	5	0
c15955	-1	-1	0	0	-1	42	0	-1	43	0	25	0	-1	5	0	0	0	22	0	9	0	-1	0	-1	26	1	0	50	0	0
c15981	42	0	-1	-1	-1	0	25	0	-1	0	42	0	1	0	-1	0	0	0	0	0	0	0	25	15	-1	-1	25	0	-1	0
c16136	-1	-1	-1	-1	-1	42	39	0	0	0	-1	0	0	0	-1	0	-1	22	0	-1	0	19	0	15	-1	0	0	0	0	26
c16142	-1	0	0	11	-1	42	0	0	-1	0	-1	38	-1	0	0	26	29	22	0	0	0	19	0	15	-1	9	49	0	0	-1
c16222	5	0	19	0	-1	0	-1	0	-1	0	-1	0	-1	0	0	0	47	22	-1	-1	0	0	26	15	0	0	19	0	-1	-1
c16229	-1	0	0	0	-1	5	-1	42	7	25	39	0	7	19	19	0	25	-1	4	0	0	0	26	15	0	0	-1	0	5	0
c16246	16	0	0	0	-1	0	-1	0	0	-1	0	-1	8	25	-1	-1	0	22	0	25	0	19	26	15	-1	0	0	-1	4	-1
c16276	5	25	19	0	-1	0	5	26	2	-1	-1	-1	7	0	0	50	0	22	0	0	0	25	0	15	0	35	0	0	5	-1
c16282	-1	0	0	19	-1	42	0	0	0	35	25	0	0	11	19	-1	31	-1	0	-1	0	19	-1	15	0	0	0	0	-1	26
c16312	0	-1	0	42	-1	0	-1	0	50	-1	42	0	0	0	4	0	0	17	3	0	0	0	18	-1	0	0	25	-1	0	-1
c16314	0	0	48	-1	-1	0	25	0	0	0	42	0	0	0	4	0	8	0	0	5	-1	0	0	15	0	0	25	0	0	39
c16321	13	0	0	3	-1	-1	0	19	0	41	27	-1	7	0	0	48	-1	22	18	0	0	0	0	-1	0	-1	-1	0	-1	50
c16325	0	0	0	0	-1	0	0	-1	-1	0	0	-1	7	0	-1	-1	-1	22	0	31	13	25	26	15	-1	0	-1	0	5	10
c16335	25	0	0	37	-1	0	0	-1	19	-1	26	0	-1	0	-1	-1	0	22	0	0	-1	0	26	-1	0	40	15	0	5	10
c16336	-1	0	-1	0	-1	42	-1	-1	0	0	25	0	0	0	0	-1	31	22	0	42	-1	19	0	15	-1	37	0	0	0	26
c16337	-1	0	-1	0	-1	42	0	0	0	0	-1	0	-1	-1	0	-1	31	22	-1	42	-1	19	0	15	-1	37	-1	0	0	26
c16339	5	0	0	-1	-1	0	0	-1	17	0	-1	0	7	0	0	0	47	22	0	0	19	-1	26	-1	0	0	26	-1	5	-1
c16351	1	0	0	-1	-1	0	-1	-1	0	-1	42	0	0	0	4	0	25	0	0	0	0	-1	29	-1	0	0	-1	40	-1	-1
c16357	0	0	0	0	-1	-1	-1	42	7	25	39	-1	7	0	19	0	0	22	15	0	0	0	26	15	0	0	-1	0	-1	0
c16367	-1	0	0	-1	-1	42	-1	0	0	0	25	-1	0	0	41	0	0	-1	-1	0	0	-1	15	15	0	0	-1	19	-1	0
c16371	-1	-1	5	0	-1	42	26	0	0	25	25	-1	5	39	-1	0	0	-1	0	25	0	19	5	-1	0	-1	0	-1	40	7
c16394	0	0	0	0	-1	0	0	0	0	16	0	0	7	0	-1	0	-1	-1	0	-1	13	0	26	15	0	0	0	0	5	10
c16408	-1	0	0	0	-1	0	0	-1	-1	-1	0	-1	7	-1	0	-1	-1	22	0	42	0	-1	-1	15	0	0	-1	0	5	-1
c16417	-1	-1	-1	0	-1	42	0	25	-1	-1	25	0	0	0	0	0	-1	22	0	0	15	19	-1	-1	0	0	0	0	-1	0
c16461	-1	0	-1	19	-1	42	0	25	0	35	25	0	0	14	19	-1	31	22	0	42	0	19	0	15	0	0	0	0	0	26
c16484	5	0	0	0	-1	-1	0	26	-1	-1	0	19	7	-1	0	0	0	-1	-1	0	0	-1	0	-1	-1	0	0	0	-1	-1
c16507	-1	0	0	0	-1	42	0	0	-1	0	25	41	0	-1	5	0	0	22	43	26	-1	19	-1	-1	0	0	0	0	0	13
c16569	-1	0	0	0	-1	42	0	0	43	0	25	0	-1	0	0	37	42	22	-1	0	15	19	0	-1	0	-1	0	0	4	0
c16576	-1	26	0	9	-1	0	30	0	50	-1	-1	0	-1	-1	43	0	41	0	0	8	-1	0	-1	-1	-1	-1	25	0	0	0
c16595	-1	0	0	6	-1	-1	0	0	29	41	-1	0	7	0	28	0	0	22	43	0	15	-1	19	-1	0	-1	0	0	5	-1
c16603	-1	-1	0	0	-1	-1	0	0	43	-1	-1	0	-1	0	0	0	42	22	19	-1	-1	19	5	-1	0	0	0	37	4	0
c16625	25	0	25	0	-1	0	0	-1	19	0	26	0	7	0	-1	-1	5	-1	0	6	13	0	26	-1	0	40	15	0	-1	10
c16628	0	-1	0	26	-1	6	0	0	-1	-1	5	0	26	-1	25	-1	41	0	8	15	-1	0	0	-1	-1	0	31	42	-1	0
c16650	0	0	0	-1	-1	0	25	-1	0	0	42	0	-1	0	-1	-1	8	0	0	0	18	0	0	-1	0	0	25	0	0	-1
c16664	39	26	0	9	-1	0	26	0	-1	0	-1	0	13	-1	-1	0	41	-1	0	8	0	0	0	15	-1	0	37	0	9	15
c16704	0	7	0	0	-1	0	0	0	0	0	0	-1	7	0	-1	0	2	22	-1	-1	13	25	26	15	35	0	-1	-1	-1	10
c16716	0	-1	0	0	-1	-1	25	0	-1	0	42	0	0	0	4	21	0	0	-1	0	15	0	18	-1	0	-1	25	-1	0	0
c16724	0	-1	50	0	-1	0	25	0	-1	13	42	-1	0	0	4	6	0	-1	0	-1	-1	26	15	-1	0	-1	25	-1	6	0
c16745	-1	0	0	-1	-1	42	15	13	43	0	25	0	-1	0	0	-1	0	22	0	0	0	19	0	15	0	0	41	0	0	0
c16748	0	0	0	0	-1	-1	-1	-1	-1	25	0	-1	7	0	0	28	0	22	0	0	0	19	26	15	0	0	-1	0	5	0
c16755	0	0	0	0	-1	0	0	0	0	0	0	25	7	0	-1	0	0	22	0	45	13	25	26	15	41	0	0	0	5	-1
c16768	5	26	-1	0	-1	25	23	42	7	0	-1	13	7	0	0	0	0	22	43	-1	-1	0	-1	15	0	18	-1	0	5	-1
c16788	-1	-1	25	0	-1	42	0	0	-1	0	25	0	0	0	0	6	0	22	0	43	0	-1	0	15	0	0	0	-1	0	-1
c16790	-1	-1	0	9	-1	0	0	-1	50	-1	14	0	13	-1	0	0	41	0	0	8	0	0	0	15	-1	0	-1	0	0	-1
c16822	5	0	0	0	-1	-1	0	26	0	-1	-1	0	7	0	0	-1	0	22	0	0	-1	25	43	15	0	0	0	0	-1	-1
c16846	-1	0	0	19	-1	42	0	0	0	6	-1	25	0	0	19	-1	31	22	0	42	0	19	0	15	0	0	-1	0	-1	26
c16905	1	-1	0	24	-1	-1	25	-1	0	13	42	25	0	0	4	0	25	0	0	-1	-1	0	29	-1	5	0	-1	-1	-1	-1
c16911	-1	0	0	50	-1	42	49	0	0	0	25	0	0	0	41	0	0	-1	-1	0	0	-1	-1	15	0	-1	0	0	-1	0
c16922	-1	0	-1	-1	-1	42	-1	-1	-1	0	25	0	0	-1	0	0	31	22	0	42	0	19	0	15	-1	0	0	0	0	-1
c16954	5	0	-1	0	-1	0	0	41	-1	0	0	0	7	0	0	0	47	-1	-1	41	-1	43	26	15	25	0	0	0	5	-1
c17008	-1	-1	8	50	-1	-1	2	0	11	0	25	0	23	-1	41	-1	0	-1	0	0	0	19	0	15	0	0	0	-1	0	-1
c17012	5	0	-1	0	-1	0	0	26	0	-1	0	0	-1	7	0	-1	-1	22	25	-1	0	25	0	15	0	0	0	0	5	-1
c17180	0	-1	-1	1	-1	0	0	-1	0	0	0	0	-1	-1	-1	0	-1	0	0	8	-1	25	0	15	-1	0	-1	-1	-1	30
c17186	-1	-1	-1	0	-1	0	0	0	0	0	0	0	0	43	27	0	0	-1	0	0	43	0	5	15	0	0	9	-1	0	0
c17190	0	26	-1	9	-1	0	26	0	0	-1	0	0	-1	-1	-1	0	41	5	0	8	0	0	0	15	-1	0	0	0	0	-1
c17258	-1	0	0	0	-1	42	0	0	43	43	25	19	0	0	0	0	42	22	-1	0	15	19	-1	-1	0	0	0	31	0	-1
c17259	-1	-1	0	0	-1	42	0	0	43	43	-1	19	8	0	0	0	-1	22	-1	0	15	19	-1	-1	0	-1	0	31	0	0
c17263	-1	0	0	0	-1	-1	0	0	43	0	25	0	0	0	0	0	42	22	0	-1	15	19	-1	-1	-1	0	0	-1	2	0
c17282	0	0	0	31	-1	0	0	0	0	0	0	25	7	0	-1	0	2	-1	14	0	-1	25	-1	15	35	0	0	0	-1	-1
c17332	2	0	50	2	-1	-1	-1	-1	0	0	42	0	14	0	4	-1	45	0	-1	-1	0	0	0	15	0	-1	25	0	6	0
c17337	-1	-1	0	50	-1	42	0	0	0	0	25	0	0	-1	41	0	13	-1	-1	0	-1	19	-1	15	0	-1	0	19	0	0
c17361	0	0	0	-1	-1	0	-1	0	0	0	-1	-1	0	-1	-1	13	-1	-1	-1	-1	0	0	0	15	0	-1	25	18	0	-1
c17363	0	0	-1	27	-1	0	0	0	0	0	0	25	7	0	-1	0	0	22	0	-1	13	25	-1	-1	-1	0	0	0	5	-1
c17382	-1	0	25	-1	-1	42	0	0	5	0	25	-1	-1	0	-1	0	0	-1	33	0	0	19	0	15	0	0	8	0	25	0
c17383	-1	-1	25	0	-1	42	-1	0	5	0	25	-1	0	0	0	0	0	-1	33	-1	0	-1	0	15	0	0	8	0	-1	0
c17394	-1	-1	0	11	-1	0	43	0	-1	-1	0	-1	8	0	-1	0	0	22	0	0	0	19	41	15	-1	0	7	0	0	0
c17409	-1	0	-1	0	-1	25	-1	-1	-1	0	-1	0	-1	0	0	0	15	22	0	-1	0	0	43	15	21	-1	-1	0	5	0
c17427	5	0	0	0	-1	5	6	0	-1	0	18	-1	7	0	0	0	47	-1	-1	-1	-1	-1	26	-1	0	0	0	-1	5	0
c17442	-1	0	-1	50	-1	-1	0	0	0	0	25	0	0	0	41	0	0	-1	0	0	0	19	0	15	0	0	0	0	27	0
c17446	-1	-1	0	0	-1	42	0	0	-1	31	25	-1	0	25	-1	0	26	22	0	6	0	19	0	15	50	-1	0	0	0	-1
c17469	-1	0	25	-1	-1	42	0	-1	5	0	25	0	18	0	0	0	0	-1	0	-1	-1	19	0	15	-1	27	8	0	25	0
c17496	0	26	-1	0	-1	0	23	42	7	25	0	0	7	-1	0	0	0	22	43	0	0	40	26	15	0	0	-1	0	5	0
c17499	0	25	0	0	-1	0	25	-1	0	0	42	42	0	-1	4	21	25	0	0	26	-1	30	18	15	0	0	25	0	27	0
c17504	-1	0	0	0	-1	0	0	0	0	0	0	0	7	0	-1	0	0	-1	19	0	13	-1	26	15	0	-1	0	0	5	10
c17582	-1	-1	4	0	-1	11	0	-1	-1	0	-1	0	26	-1	0	-1	41	0	0	0	-1	0	0	15	-1	0	26	0	-1	0
c17607	-1	0	0	19	-1	42	0	0	0	0	25	0	0	0	18	0	-1	22	0	-1	0	19	0	15	-1	0	0	-1	0	26
c17611	5	0	0	0	-1	0	0	-1	17	0	0	-1	7	0	0	0	47	22	4	0	0	-1	26	-1	11	-1	-1	-1	5	-1
c17614	9	22	0	0	-1	0	0	0	0	-1	0	25	0	-1	43	-1	34	5	26	0	-1	-1	19	15	0	-1	0	34	0	0
c17637	0	-1	50	-1	-1	0	25	0	0	0	42	0	20	0	4	-1	0	0	0	-1	0	0	-1	15	0	-1	25	0	6	0
c17639	-1	0	0	0	-1	-1	0	0	0	8	25	-1	-1	0	0	-1	31	22	0	-1	25	-1	0	15	0	-1	-1	0	45	26
c17648	-1	0	25	0	-1	42	0	0	5	-1	25	25	0	0	-1	-1	0	22	0	0	0	19	0	15	0	0	-1	0	0	0
c17649	-1	0	25	0	-1	42	0	0	5	19	25	0	0	0	0	0	0	-1	0	0	0	19	0	15	0	0	19	0	0	-1
c17663	-1	-1	-1	50	-1	-1	0	0	0	-1	25	0	0	0	41	0	0	-1	-1	0	0	19	-1	15	9	-1	0	0	0	16
c17698	-1	25	43	-1	-1	42	0	0	43	0	25	26	-1	0	0	0	42	22	0	0	15	19	0	-1	0	-1	0	0	0	-1
c17720	0	25	0	0	-1	0	25	0	0	0	42	-1	0	0	-1	0	0	0	0	0	9	25	18	15	0	0	-1	0	0	19
c17776	0	0	0	26	-1	0	-1	0	5	41	0	0	7	0	15	0	25	22	0	0	-1	0	0	-1	4	0	0	14	5	50
c17777	0	0	0	26	-1	0	-1	-1	5	41	0	0	-1	0	-1	-1	25	22	0	0	0	0	-1	15	4	0	0	14	5	50
c17783	5	27	-1	15	-1	8	0	0	17	0	-1	12	7	4	-1	0	47	22	6	-1	3	0	26	15	-1	0	0	0	5	35
c17789	-1	0	0	0	-1	42	0	0	43	0	-1	0	0	0	0	0	42	22	19	0	-1	19	5	-1	0	0	-1	37	4	0
c17807	-1	0	6	4	-1	0	8	0	-1	41	0	0	7	0	0	0	5	22	8	18	0	42	0	-1	-1	0	0	0	5	50
c17821	1	0	0	-1	-1	0	-1	-1	5	41	0	0	7	0	15	0	25	22	0	0	0	-1	0	-1	4	-1	25	0	5	-1
c17826	0	26	0	-1	-1	0	0	-1	0	-1	0	25	37	-1	34	0	-1	0	0	0	-1	0	0	15	8	0	2	0	0	0
c17833	5	37	0	-1	-1	0	25	0	25	-1	42	-1	0	0	4	18	25	0	5	0	0	0	29	15	0	-1	25	-1	1	41
c17836	-1	0	0	0	-1	-1	0	0	0	47	-1	0	25	-1	6	0	0	22	0	25	0	19	0	15	0	0	-1	42	30	0
c17847	5	-1	-1	25	-1	0	26	0	0	0	0	0	-1	-1	0	19	42	22	0	0	26	-1	-1	-1	0	0	48	0	5	0
c17888	-1	0	0	0	-1	42	0	25	-1	0	25	-1	0	0	0	0	26	-1	-1	0	0	-1	-1	15	50	-1	35	0	0	0
c17889	-1	0	0	0	-1	42	0	0	-1	0	-1	0	0	0	0	0	26	22	0	0	0	19	-1	15	50	-1	35	-1	-1	0
c17892	5	5	31	25	-1	-1	-1	0	0	-1	0	0	-1	5	0	-1	0	22	0	0	0	-1	26	15	0	0	48	0	-1	-1
c17904	0	25	0	0	-1	0	0	0	5	-1	0	-1	7	-1	0	15	25	22	0	12	9	0	0	15	0	0	0	0	5	50
c17945	-1	0	0	3	-1	0	-1	-1	0	19	0	0	7	0	0	0	-1	22	41	0	0	-1	26	15	25	0	19	0	5	0
c17947	5	15	0	-1	-1	0	0	-1	6	-1	0	0	7	-1	-1	0	0	22	0	0	0	25	0	15	0	0	0	26	5	-1
c17953	-1	0	-1	0	-1	0	0	0	0	0	0	-1	-1	0	-1	0	0	22	19	-1	13	25	26	15	6	40	-1	-1	-1	10
c17974	0	25	5	0	-1	0	25	0	0	26	42	0	0	-1	4	0	0	-1	0	-1	0	-1	18	15	0	0	25	0	0	19
c17984	-1	22	30	30	-1	0	0	0	0	-1	7	25	0	0	0	0	34	5	0	0	25	42	30	-1	0	-1	0	-1	0	0
c18015	5	37	0	0	-1	18	25	0	25	0	42	0	0	0	4	0	25	-1	0	-1	0	0	29	15	0	0	25	0	-1	0
c18016	-1	-1	0	50	-1	42	0	0	-1	-1	25	0	0	-1	41	0	0	-1	0	0	26	19	-1	15	7	0	0	0	0	-1
c18020	0	-1	-1	0	-1	45	0	0	-1	0	0	-1	7	0	-1	0	-1	22	19	0	13	0	26	-1	-1	-1	0	0	5	-1
c18040	-1	0	0	-1	-1	-1	0	13	-1	0	-1	0	0	0	0	0	-1	-1	-1	0	0	19	-1	15	-1	-1	41	-1	0	0
c18091	0	0	0	0	-1	19	-1	-1	-1	-1	0	0	7	0	0	-1	0	22	0	-1	0	0	26	15	-1	0	0	5	5	0
c18101	0	22	-1	0	-1	0	0	0	0	15	0	25	0	0	-1	0	34	5	0	25	-1	-1	0	15	0	0	0	0	26	14
c18158	43	0	0	0	-1	0	0	25	-1	0	19	25	-1	0	-1	-1	19	22	-1	2	13	25	-1	15	-1	0	5	0	5	10
c18165	-1	0	0	0	-1	42	0	0	0	-1	25	0	33	0	0	42	0	22	0	-1	0	19	-1	-1	0	0	0	9	0	0
c18166	-1	0	-1	19	-1	-1	-1	-1	4	0	25	0	0	0	19	-1	31	22	0	42	0	19	-1	15	0	0	0	0	0	-1
c18167	-1	0	0	-1	-1	42	0	0	-1	0	-1	0	-1	0	19	-1	-1	22	0	42	0	19	0	15	-1	0	0	-1	0	-1
c18224	-1	0	-1	21	-1	42	0	0	43	0	-1	0	0	0	0	0	-1	22	0	0	0	19	0	-1	0	0	0	0	0	0
c18254	0	0	9	30	-1	0	-1	-1	7	25	0	0	7	19	0	0	0	-1	-1	0	5	0	-1	15	0	0	-1	0	5	0
c18257	-1	0	15	0	-1	42	26	0	-1	25	25	-1	5	4	6	0	0	-1	0	-1	-1	19	0	-1	0	0	0	-1	0	7
c18258	-1	0	19	-1	-1	42	39	0	0	0	-1	-1	0	11	0	26	-1	22	0	0	0	-1	0	15	0	26	49	0	-1	11
c18266	-1	0	-1	42	-1	-1	37	0	-1	0	25	0	34	0	0	0	0	22	0	0	25	19	7	15	0	0	-1	0	0	0
c18296	0	0	2	50	-1	-1	-1	-1	0	-1	0	25	0	0	34	0	0	0	0	0	-1	0	0	15	0	0	2	0	0	0
c18298	-1	35	0	5	-1	-1	0	0	0	0	0	0	-1	19	27	-1	-1	6	0	0	43	-1	5	-1	0	0	0	0	0	0
c18304	0	0	0	-1	-1	0	25	0	0	0	42	-1	0	-1	-1	0	8	0	0	-1	0	0	25	15	0	0	25	45	0	-1
c18305	-1	0	0	-1	-1	-1	25	0	0	0	42	0	0	0	4	0	8	-1	4	0	0	0	25	15	0	0	25	-1	0	0
c18327	0	0	-1	-1	-1	-1	-1	0	0	0	42	-1	0	-1	4	0	-1	0	0	0	0	-1	0	-1	0	37	25	18	13	0
c18329	-1	25	-1	0	-1	42	0	0	-1	-1	-1	0	0	0	6	0	0	-1	0	25	0	19	0	-1	0	0	41	0	0	0
c18330	0	0	0	0	-1	41	25	-1	-1	-1	42	19	0	0	4	0	-1	41	0	50	0	-1	0	15	0	35	25	4	0	0
c18348	-1	2	0	0	-1	42	-1	-1	-1	-1	25	0	0	5	0	-1	26	-1	0	0	0	19	0	15	50	0	0	0	-1	0
c18358	-1	15	50	22	-1	0	-1	0	5	-1	-1	33	0	-1	4	0	0	-1	0	-1	0	13	0	-1	-1	0	25	0	0	-1
c18371	25	0	0	37	-1	0	0	-1	19	25	26	0	7	-1	-1	-1	0	22	0	0	-1	-1	26	-1	13	40	15	0	5	-1
c18396	-1	-1	0	0	-1	42	0	0	0	0	25	-1	0	0	0	0	0	22	0	0	-1	-1	0	15	0	-1	0	0	0	0
c18397	-1	0	0	0	-1	42	0	0	0	0	-1	0	0	0	0	0	0	22	0	0	0	-1	12	15	0	0	0	-1	-1	0
c18399	0	0	0	0	-1	25	0	0	26	0	-1	0	7	0	-1	0	0	-1	0	-1	-1	-1	26	15	0	40	-1	-1	-1	10
c18417	0	0	-1	-1	-1	0	25	-1	0	0	42	0	0	-1	4	0	-1	0	0	-1	0	0	0	-1	0	-1	25	0	0	0
c18444	-1	-1	0	50	-1	42	0	-1	0	0	25	-1	0	0	41	-1	-1	-1	0	-1	0	19	25	15	-1	0	0	0	0	0
c18473	-1	-1	-1	22	-1	42	0	23	0	-1	25	-1	0	-1	0	0	31	22	0	42	26	19	0	-1	19	-1	0	0	0	26
c18482	1	0	-1	0	-1	0	-1	-1	5	41	0	-1	7	0	15	0	25	-1	0	0	0	0	0	-1	4	-1	0	0	5	-1
c18507	0	26	-1	9	-1	0	26	-1	6	0	0	0	13	-1	0	37	41	-1	-1	-1	0	0	0	15	-1	0	0	0	0	26
c18535	0	26	0	9	-1	-1	26	0	0	0	-1	0	13	-1	0	0	41	-1	0	8	0	0	0	15	-1	0	37	0	0	-1
c18537	-1	-1	-1	11	-1	0	25	0	19	-1	42	0	0	0	4	-1	25	-1	0	26	-1	27	29	15	-1	-1	-1	0	0	-1
c18550	0	21	0	-1	-1	0	0	0	14	0	0	-1	-1	-1	14	-1	-1	-1	0	0	-1	0	-1	15	0	15	0	0	0	26
c18558	-1	0	0	0	-1	42	0	0	43	0	25	0	0	0	0	0	-1	22	-1	0	0	19	0	-1	-1	0	26	0	0	0
c18581	11	0	0	0	-1	19	0	-1	26	-1	0	0	7	0	-1	0	0	22	0	0	13	0	26	15	0	-1	-1	0	-1	10
c18582	0	0	0	0	-1	0	0	0	0	0	-1	25	7	0	-1	0	2	22	-1	0	-1	25	26	15	-1	0	-1	0	5	10
c18585	0	-1	-1	-1	-1	0	0	0	0	15	7	25	-1	0	0	-1	34	5	39	0	-1	42	0	15	0	0	0	0	0	0
c18588	0	0	0	0	-1	0	37	0	0	0	-1	25	0	-1	34	0	0	-1	0	0	22	0	26	-1	18	43	-1	-1	0	0
c18620	26	9	0	4	-1	0	0	7	0	0	36	0	-1	0	37	0	5	22	0	-1	0	0	26	15	25	0	0	23	5	0
c18624	-1	0	0	0	-1	-1	0	-1	-1	-1	25	0	0	0	6	0	-1	22	-1	25	0	19	0	15	0	19	0	-1	0	0
c18651	1	0	-1	-1	-1	18	25	0	0	13	42	25	0	0	4	5	25	0	0	0	-1	0	29	15	-1	-1	25	4	0	35
c18670	-1	0	-1	-1	-1	42	-1	0	-1	0	-1	0	0	0	-1	0	31	-1	0	42	0	-1	-1	15	0	0	0	0	0	26
c18671	-1	0	-1	22	-1	42	-1	-1	-1	0	25	-1	0	0	0	0	31	22	0	-1	0	-1	0	15	0	0	0	0	-1	26
c18682	9	-1	0	0	-1	0	0	0	0	-1	0	25	0	0	0	0	-1	-1	0	0	0	-1	0	15	0	0	0	0	11	15
c18692	0	22	0	0	-1	35	0	0	37	15	-1	25	26	-1	-1	0	-1	5	0	0	0	0	0	15	0	-1	0	0	0	0
c18699	5	0	26	0	-1	8	0	0	17	0	-1	0	7	13	0	0	47	22	-1	-1	0	0	26	15	-1	-1	0	0	5	0
c18702	5	0	0	0	-1	26	-1	26	0	-1	0	0	-1	0	0	0	0	22	0	25	18	-1	0	15	0	0	-1	0	5	-1
c18729	0	0	-1	-1	-1	0	25	-1	0	0	42	0	-1	9	-1	0	8	15	-1	-1	0	0	0	-1	5	0	25	0	0	0
c18757	-1	0	19	0	-1	0	-1	26	0	-1	-1	-1	7	0	0	0	-1	22	0	0	0	25	0	15	0	35	0	0	-1	-1
c18758	-1	0	0	0	-1	42	0	0	43	-1	-1	41	0	-1	-1	0	0	22	0	0	0	-1	31	-1	0	0	37	0	0	13
c18764	0	0	-1	-1	-1	-1	-1	-1	26	0	-1	0	7	5	-1	0	0	22	0	0	13	25	26	-1	0	40	0	-1	-1	-1
c18773	-1	0	0	50	-1	42	0	0	0	-1	25	0	42	0	41	0	0	-1	0	-1	0	19	0	-1	0	0	0	0	0	0
c18778	0	0	0	-1	-1	-1	1	39	1	0	0	0	-1	0	-1	0	0	-1	-1	-1	0	40	43	15	21	6	0	0	-1	0
c18780	5	0	0	0	-1	0	25	26	-1	-1	0	0	7	0	0	0	0	22	0	0	19	-1	0	15	0	0	-1	-1	5	-1
c18801	-1	18	0	50	-1	42	0	0	0	0	-1	-1	0	25	0	0	0	22	0	25	25	19	-1	15	0	0	0	0	0	-1
c18811	-1	0	-1	42	-1	42	-1	-1	0	0	25	0	34	0	25	0	0	22	0	0	0	19	1	15	0	-1	0	-1	0	0
c18839	-1	-1	0	50	-1	42	0	-1	0	0	-1	-1	0	39	0	-1	0	-1	-1	0	0	19	0	15	0	0	0	-1	0	-1
c18861	0	43	0	-1	-1	0	-1	-1	14	-1	0	-1	8	-1	-1	0	0	22	37	-1	19	-1	-1	15	0	0	0	0	0	0
c18870	25	0	0	-1	-1	-1	13	0	19	0	-1	0	7	0	-1	-1	-1	22	-1	0	-1	0	-1	-1	0	40	15	0	5	-1
c18871	25	0	-1	37	-1	-1	0	0	19	-1	26	0	-1	0	-1	-1	0	22	0	0	13	0	26	-1	0	40	-1	0	5	10
c18874	-1	0	0	-1	-1	-1	-1	11	5	-1	0	0	-1	0	15	19	25	22	-1	-1	0	-1	-1	15	4	0	26	0	5	50
c18879	5	0	0	0	-1	8	21	19	17	0	-1	19	7	4	0	0	47	22	39	0	25	13	26	15	-1	0	0	0	-1	0
c18880	-1	38	25	50	-1	42	0	0	0	0	25	0	0	0	0	-1	-1	-1	0	-1	0	19	-1	15	0	0	0	0	43	-1
c18892	33	0	0	-1	-1	43	0	0	0	0	-1	-1	4	-1	-1	0	0	-1	0	0	0	0	5	15	26	0	4	0	0	0
c18901	5	-1	0	0	-1	8	-1	0	17	26	0	-1	7	0	0	-1	47	22	0	0	19	0	26	15	9	19	0	-1	5	0
c18906	-1	0	-1	42	-1	42	-1	0	0	0	25	0	34	0	25	0	0	22	0	0	0	-1	0	15	0	-1	0	-1	0	0
c18914	5	0	-1	0	-1	0	25	26	0	-1	0	0	-1	0	0	0	0	22	-1	-1	0	25	41	15	0	0	0	0	5	-1
c18916	-1	-1	0	0	-1	42	0	0	43	0	25	0	-1	0	0	0	42	22	0	11	15	19	0	-1	0	0	0	0	2	-1
c18944	5	0	0	0	-1	0	0	26	0	-1	5	5	7	-1	0	0	0	22	0	0	0	25	0	-1	0	24	0	0	5	-1
c18948	-1	-1	50	25	-1	0	25	0	45	0	42	0	-1	0	4	0	0	-1	0	-1	0	13	0	-1	-1	19	25	0	0	0
c18950	-1	0	50	26	-1	0	25	-1	0	-1	42	0	5	0	4	0	0	0	-1	-1	0	26	15	-1	-1	-1	25	0	6	0
c18979	-1	0	0	19	-1	42	0	5	5	-1	-1	-1	0	0	19	0	31	22	-1	42	0	19	0	15	0	0	-1	0	-1	26
c18998	0	0	0	-1	-1	-1	-1	0	5	41	9	0	7	0	15	-1	25	22	0	0	-1	0	0	-1	-1	-1	-1	-1	5	50
c19008	1	-1	18	0	-1	18	25	0	0	13	42	0	0	0	4	0	25	0	0	0	0	0	29	-1	0	0	-1	4	0	0
c19013	-1	42	0	13	-1	7	0	0	0	0	0	-1	-1	0	0	-1	0	22	0	12	0	-1	0	15	-1	-1	0	-1	0	0
c19021	-1	0	25	0	-1	-1	0	39	-1	0	42	15	-1	0	18	19	0	22	0	-1	-1	0	-1	15	45	-1	0	-1	5	37
c19055	-1	38	-1	50	-1	-1	0	0	0	0	25	0	0	0	0	0	-1	-1	25	0	-1	19	15	15	0	0	-1	0	43	26
c19081	-1	0	0	-1	-1	42	-1	-1	-1	0	25	0	-1	0	41	0	0	-1	0	9	0	19	0	15	0	0	0	0	0	-1
c19088	-1	0	0	0	-1	42	-1	0	43	0	-1	0	0	0	0	-1	-1	22	19	0	15	19	5	-1	-1	0	0	37	4	0
c19093	0	0	-1	0	-1	0	0	-1	5	41	9	0	7	9	0	11	25	22	0	25	0	-1	-1	15	0	0	0	0	-1	50
c19101	-1	0	0	-1	-1	42	0	0	-1	-1	25	-1	0	-1	0	-1	0	22	0	0	0	-1	-1	-1	-1	0	0	0	0	0
c19116	-1	0	25	0	-1	50	0	26	0	-1	0	19	7	-1	-1	0	0	-1	0	0	0	25	0	-1	-1	0	0	0	5	-1
c19124	-1	0	31	-1	-1	39	0	-1	-1	0	9	0	7	0	0	0	0	22	-1	0	18	0	26	-1	0	0	48	0	5	-1
c19129	-1	0	0	0	-1	-1	0	-1	0	-1	-1	-1	-1	25	-1	0	-1	22	-1	0	-1	19	0	15	-1	0	0	0	0	0
c19136	0	0	0	-1	-1	0	0	19	7	0	0	25	11	0	34	19	0	25	0	0	22	0	6	-1	-1	43	2	0	11	0
c19140	0	-1	-1	0	-1	0	0	0	-1	-1	0	-1	8	25	-1	-1	0	22	0	0	0	19	-1	15	-1	0	0	-1	0	0
c19153	0	42	0	13	-1	7	0	-1	0	0	0	-1	8	-1	0	-1	0	-1	0	12	0	19	0	15	0	-1	-1	0	-1	0
c19154	-1	25	0	0	-1	42	0	0	26	0	-1	0	-1	0	-1	-1	0	22	40	0	-1	19	-1	15	0	0	0	0	0	0
c19161	-1	0	0	19	-1	42	0	0	0	0	25	-1	0	0	19	22	31	22	0	42	-1	-1	0	-1	0	0	0	0	0	26
c19162	11	0	0	0	-1	-1	0	0	26	0	0	0	7	0	-1	-1	14	22	0	-1	13	0	26	-1	-1	40	0	0	-1	-1
c19168	-1	37	0	0	-1	0	25	-1	-1	-1	42	0	0	-1	-1	0	25	40	0	0	-1	0	29	-1	0	-1	25	0	-1	0
c19182	0	25	-1	0	-1	0	25	26	0	0	42	0	0	0	4	0	-1	0	0	-1	9	-1	18	15	2	39	25	25	-1	9
c19199	-1	3	43	-1	-1	0	0	-1	-1	46	0	-1	4	0	27	-1	42	0	-1	0	25	0	5	15	0	-1	-1	-1	0	19
c19204	-1	0	-1	25	-1	42	0	0	43	0	25	50	0	0	0	0	-1	22	0	0	15	-1	25	-1	-1	0	0	0	-1	0
c19229	5	42	0	0	-1	0	0	-1	17	0	0	50	7	0	0	0	47	22	-1	19	-1	0	-1	15	-1	-1	0	0	5	14
c19231	0	15	0	0	-1	0	0	-1	0	5	0	-1	7	-1	25	19	41	-1	0	26	14	0	-1	-1	25	0	0	0	0	-1
c19233	-1	0	-1	0	-1	0	-1	26	0	-1	-1	0	7	0	0	35	0	22	0	0	42	25	0	15	0	0	0	24	-1	0
c19252	0	0	-1	0	-1	-1	0	0	0	35	0	25	7	0	-1	0	0	-1	0	-1	13	25	26	15	-1	0	11	0	5	10
c19260	-1	-1	25	-1	-1	42	0	0	5	0	25	0	0	-1	0	0	0	-1	0	0	0	19	0	15	-1	0	8	0	25	0
c19268	5	-1	0	0	-1	43	0	-1	17	0	0	0	7	0	0	26	-1	-1	-1	0	19	0	-1	-1	-1	-1	0	-1	5	0
c19276	0	0	50	0	-1	-1	25	0	0	0	42	5	0	0	4	0	0	0	0	-1	0	0	0	15	0	-1	25	0	6	0
c19303	15	47	6	-1	-1	0	25	5	0	0	42	0	-1	-1	4	0	8	-1	0	0	-1	0	0	-1	0	0	25	0	-1	0
c19327	-1	0	0	-1	-1	-1	-1	42	-1	25	0	0	7	-1	0	0	0	22	17	0	0	0	26	15	0	0	-1	0	-1	0
c19332	0	0	50	0	-1	39	25	-1	42	43	42	0	0	0	4	0	0	0	0	-1	0	0	0	15	-1	-1	-1	0	6	0
c19333	0	0	50	0	-1	39	25	0	42	0	42	0	0	0	-1	0	0	0	0	-1	0	0	0	15	0	-1	25	0	6	0
c19334	25	0	0	0	-1	-1	0	0	-1	0	-1	0	7	-1	-1	-1	0	22	0	6	-1	0	26	15	-1	40	15	0	5	-1
c19335	-1	-1	0	-1	-1	0	0	0	19	0	0	0	-1	0	-1	-1	0	22	-1	6	13	0	26	15	-1	40	15	0	5	10
c19338	-1	0	0	19	-1	42	0	-1	34	-1	25	0	-1	0	18	0	31	22	0	-1	0	-1	-1	15	0	0	0	0	0	26
c19340	-1	0	0	0	-1	42	0	0	43	0	25	0	-1	-1	-1	0	0	22	0	-1	0	19	0	-1	0	0	-1	-1	0	37
c19368	0	-1	-1	0	-1	5	-1	42	7	-1	39	-1	7	-1	19	-1	0	-1	0	0	0	0	-1	15	0	0	-1	0	-1	0
c19369	0	49	0	-1	-1	5	-1	42	-1	25	39	0	7	0	-1	0	0	-1	0	-1	-1	0	26	15	0	0	-1	0	5	0
c19419	5	0	0	0	-1	0	0	37	0	0	0	21	-1	0	-1	16	-1	22	0	15	0	-1	26	15	0	25	0	-1	5	0
c19423	-1	0	0	-1	-1	-1	0	0	0	0	-1	0	0	25	17	0	0	22	0	0	0	-1	0	15	39	26	-1	0	0	0
c19425	0	0	0	-1	-1	15	-1	42	7	25	0	0	7	5	0	0	35	22	-1	0	0	0	26	15	30	0	-1	0	5	37
c19448	-1	0	0	-1	-1	0	0	45	0	-1	-1	0	4	0	27	0	-1	0	-1	31	0	-1	5	15	19	-1	0	0	0	19
c19463	-1	-1	0	0	-1	42	0	0	43	0	25	0	42	0	-1	0	0	22	0	0	19	19	-1	-1	-1	0	0	0	0	0
c19465	5	41	0	0	-1	-1	0	26	0	-1	0	19	7	-1	0	0	0	-1	25	0	-1	25	0	15	0	-1	0	0	5	-1
c19472	5	0	0	0	-1	26	-1	26	0	-1	0	0	-1	0	-1	18	0	22	-1	0	-1	25	0	15	0	-1	-1	0	5	-1
c19476	-1	6	-1	22	-1	42	0	39	0	0	25	43	-1	0	11	-1	31	22	0	42	-1	19	0	15	0	0	0	0	0	26
c19487	1	0	-1	24	-1	18	25	0	0	13	42	25	0	0	4	0	25	0	-1	0	-1	0	-1	15	5	0	25	4	0	-1
c19513	0	0	0	0	-1	-1	-1	0	-1	41	0	0	7	-1	15	0	25	22	0	0	16	0	0	15	4	0	0	-1	5	50
c19537	-1	0	-1	0	-1	42	0	0	-1	0	25	0	-1	0	0	0	42	-1	0	0	15	19	0	-1	0	0	7	0	4	5
c19551	0	0	0	0	-1	-1	0	25	0	0	19	-1	7	0	-1	-1	-1	22	0	-1	13	25	26	15	0	0	5	0	5	10
c19584	-1	-1	0	-1	-1	42	-1	0	43	0	25	25	0	1	0	11	42	22	0	40	15	19	0	-1	-1	0	-1	-1	4	20
c19616	5	-1	26	0	-1	-1	0	0	-1	0	-1	0	7	0	0	-1	-1	22	-1	0	-1	0	26	-1	-1	0	-1	0	5	14
c19654	-1	0	0	-1	-1	0	25	0	0	37	42	47	0	0	-1	-1	8	-1	0	0	18	0	-1	15	0	0	25	0	0	0
c19737	5	-1	-1	0	-1	-1	0	26	-1	-1	0	19	7	-1	-1	0	-1	-1	0	41	-1	-1	-1	15	0	0	0	-1	-1	-1
c19739	-1	0	0	-1	-1	0	0	0	0	0	0	-1	-1	0	35	0	-1	22	-1	0	5	19	0	15	0	18	0	0	0	5
c19745	25	-1	-1	0	-1	-1	25	0	-1	49	42	0	-1	0	-1	0	0	0	-1	-1	0	26	-1	15	0	-1	25	0	6	0
c19788	-1	-1	0	0	-1	19	0	0	0	0	0	0	-1	0	-1	18	0	22	0	0	13	0	26	-1	0	18	0	34	5	10
c19792	0	0	-1	0	-1	-1	-1	-1	0	0	0	-1	7	0	-1	-1	39	22	0	0	13	35	-1	15	0	0	0	-1	5	10
c19797	-1	0	0	0	-1	42	25	0	43	0	25	0	0	0	0	-1	-1	22	0	35	15	-1	0	-1	-1	0	0	0	-1	0
c19820	0	0	0	-1	-1	0	0	-1	19	0	4	25	7	0	-1	0	2	22	14	0	-1	-1	26	-1	35	0	-1	-1	5	10
c19846	-1	0	0	0	-1	42	5	0	0	40	-1	0	0	0	0	0	0	22	0	0	-1	19	-1	-1	0	0	0	0	0	0
c19855	0	0	-1	26	-1	0	0	-1	0	0	0	25	7	-1	-1	0	2	22	14	0	-1	25	26	-1	35	0	-1	0	-1	10
c19862	1	-1	-1	0	-1	18	25	0	19	-1	42	-1	0	0	4	0	25	0	-1	26	0	27	29	15	0	0	-1	0	-1	-1
c19896	0	0	0	50	-1	0	25	0	26	0	-1	0	0	0	-1	0	-1	0	0	0	8	0	17	15	22	0	25	0	0	0
c19898	-1	0	39	0	-1	0	0	0	0	0	0	0	7	34	-1	0	0	22	0	0	13	0	26	-1	0	40	0	0	5	10
c19901	0	15	7	-1	-1	25	-1	39	1	25	0	0	-1	0	-1	27	-1	22	0	0	19	0	43	15	21	6	0	42	5	25
c19917	-1	0	0	0	-1	-1	0	11	43	-1	25	-1	-1	0	0	0	-1	22	26	0	0	19	0	-1	-1	0	0	-1	0	0
c19964	-1	0	0	-1	-1	0	0	45	0	-1	0	0	4	0	27	-1	42	0	0	0	0	0	5	-1	0	-1	0	31	0	19
c19973	0	26	0	9	-1	-1	0	0	0	0	0	11	13	-1	0	0	41	0	0	8	0	0	0	-1	-1	-1	11	0	-1	0
c19984	5	37	5	-1	-1	0	25	0	25	0	42	0	0	-1	4	0	25	0	0	-1	0	0	29	15	0	0	25	39	1	0
c19988	5	0	0	0	-1	0	-1	26	-1	-1	25	0	7	0	0	0	-1	-1	0	26	0	25	0	-1	0	-1	-1	5	5	0
c20006	1	-1	0	42	-1	-1	25	-1	41	-1	42	0	0	40	4	-1	25	0	0	-1	0	0	29	15	0	0	25	4	0	0
c20013	-1	0	0	-1	-1	42	0	-1	0	8	25	-1	-1	0	-1	0	31	22	0	42	25	-1	-1	15	-1	0	0	0	0	26
c20030	16	0	0	-1	-1	0	0	39	0	-1	0	-1	8	25	-1	-1	5	22	0	0	-1	19	0	15	-1	0	0	-1	4	-1
c20037	5	0	4	0	-1	0	-1	26	0	-1	0	25	7	-1	0	1	-1	22	0	-1	-1	25	0	-1	9	0	-1	0	5	0
c20049	-1	0	-1	0	-1	42	0	-1	0	25	25	0	-1	25	0	-1	0	22	14	0	0	19	1	15	0	0	0	5	-1	-1
c20051	-1	0	0	-1	-1	42	-1	-1	0	11	25	0	-1	-1	0	0	0	22	0	-1	0	-1	16	15	0	0	0	0	0	0
c20055	33	0	0	0	-1	0	-1	0	0	0	25	0	0	19	27	0	-1	-1	0	0	43	-1	5	15	-1	0	-1	-1	-1	5
c20059	0	26	18	9	-1	26	26	0	0	0	0	0	13	-1	-1	0	41	0	0	-1	25	-1	0	-1	-1	0	37	0	0	0
c20084	33	40	0	0	-1	0	0	0	0	0	0	0	4	0	-1	0	0	0	0	0	0	0	5	15	0	0	1	0	0	0
c20100	-1	-1	0	0	-1	8	39	21	17	0	0	0	7	-1	-1	0	-1	-1	0	0	-1	0	26	-1	0	0	-1	0	5	-1
c20105	13	0	0	0	-1	0	0	-1	0	-1	27	0	7	0	-1	48	0	22	0	0	0	0	0	15	38	50	-1	-1	5	-1
c20125	0	0	0	-1	-1	0	0	-1	0	19	0	0	7	0	0	0	0	-1	41	-1	15	0	26	15	25	0	0	23	5	-1
c20132	-1	0	-1	0	-1	0	14	0	0	0	5	-1	26	-1	0	0	41	0	-1	0	-1	-1	-1	15	0	0	0	-1	-1	0
c20153	45	0	0	1	-1	0	-1	0	37	39	21	-1	8	0	0	0	0	22	0	0	0	-1	-1	-1	-1	0	0	0	6	-1
c20213	-1	-1	0	0	-1	-1	-1	0	5	41	0	0	-1	0	26	15	25	-1	-1	0	0	0	6	15	-1	0	0	0	5	-1
c20244	-1	0	-1	0	-1	42	0	0	5	-1	25	0	0	0	0	0	25	22	0	26	0	19	0	15	0	-1	8	0	-1	5
c20248	37	22	25	0	-1	-1	0	15	0	15	0	25	0	39	19	0	34	5	-1	0	0	0	0	15	0	0	-1	26	0	-1
c20275	0	0	0	0	-1	0	0	14	0	-1	0	25	-1	-1	-1	0	-1	22	0	-1	13	25	26	15	41	0	37	0	5	10
c20282	0	-1	-1	0	-1	0	-1	0	0	-1	0	25	30	-1	-1	0	0	0	0	-1	22	42	0	15	0	43	-1	0	8	1
c20291	-1	0	50	0	-1	0	25	-1	0	9	42	4	0	0	-1	0	0	0	0	-1	-1	-1	0	15	0	-1	-1	41	-1	0
c20329	11	0	0	25	-1	-1	0	9	-1	0	0	-1	26	-1	0	3	41	38	-1	-1	-1	0	0	15	0	19	-1	15	-1	-1
c20368	-1	30	-1	0	-1	-1	0	-1	0	-1	0	24	-1	0	0	1	0	22	0	0	25	25	0	15	0	0	-1	0	5	0
c20374	-1	13	-1	-1	-1	-1	-1	0	11	0	25	0	0	-1	0	0	0	22	-1	0	43	19	-1	15	0	0	0	0	0	0
c20378	-1	0	0	50	-1	-1	-1	0	0	0	25	19	0	0	0	14	0	22	47	0	-1	-1	0	15	0	0	0	-1	27	-1
c20381	-1	0	0	-1	-1	42	0	0	43	0	-1	0	0	0	-1	0	42	22	0	0	15	19	-1	-1	2	0	11	0	-1	25
c20392	-1	0	19	0	-1	0	-1	0	0	-1	-1	0	7	-1	-1	0	0	-1	5	0	-1	0	0	15	0	0	0	0	5	-1
c20397	5	-1	13	-1	-1	-1	0	26	0	-1	0	0	7	-1	0	0	0	22	0	-1	0	25	0	15	-1	0	-1	5	5	0
c20416	-1	0	0	0	-1	0	14	9	0	0	0	25	37	18	-1	-1	0	0	-1	0	22	0	9	15	-1	0	-1	15	0	18
c20418	5	0	0	4	-1	-1	0	26	0	-1	0	0	7	0	28	0	0	22	0	-1	0	25	0	15	0	0	0	-1	5	-1
c20439	0	0	-1	0	-1	0	25	-1	-1	-1	42	-1	0	0	4	-1	-1	41	0	50	0	0	0	15	0	-1	25	-1	0	0
c20448	-1	0	25	0	-1	42	-1	0	5	0	25	0	0	0	-1	0	0	-1	25	0	-1	-1	-1	15	0	-1	-1	0	0	0
c20460	-1	0	9	0	-1	42	0	-1	43	0	25	-1	0	-1	0	0	-1	22	0	0	0	19	0	-1	-1	0	-1	-1	0	0
c20479	5	-1	0	0	-1	0	0	26	0	-1	0	0	7	0	0	0	-1	22	-1	-1	0	25	-1	15	0	0	0	0	5	-1
c20487	-1	-1	0	50	-1	42	0	0	0	0	-1	0	19	25	41	0	0	-1	-1	0	0	19	0	15	0	0	0	19	0	0
c20489	0	0	-1	0	-1	0	-1	-1	5	41	0	0	-1	0	15	19	25	22	0	0	19	0	0	15	-1	-1	0	0	5	50
c20510	19	-1	0	-1	-1	40	25	19	16	5	42	19	26	41	4	0	35	41	-1	50	0	-1	0	15	-1	26	25	0	0	0
c20513	0	-1	-1	-1	-1	0	0	0	0	0	21	25	7	0	-1	0	-1	22	0	0	13	25	26	15	41	0	0	-1	5	10
c20530	-1	-1	-1	25	-1	0	25	0	-1	0	42	19	-1	0	4	0	37	41	0	50	11	-1	0	15	0	0	25	4	0	0
c20535	-1	0	0	0	-1	42	0	0	0	8	25	19	25	0	0	-1	31	22	0	42	25	-1	37	-1	0	-1	39	0	-1	26
c20537	0	-1	0	26	-1	0	-1	-1	0	4	0	0	7	0	-1	0	0	22	0	-1	0	-1	-1	15	25	-1	0	0	5	0
c20552	25	-1	0	0	-1	25	0	39	-1	0	-1	0	-1	0	0	0	0	-1	5	0	19	0	-1	15	21	6	38	0	5	0
c20580	-1	-1	43	0	-1	42	0	0	-1	-1	25	-1	5	0	0	0	42	22	0	0	15	19	0	-1	0	11	0	0	0	0
c20582	-1	-1	0	-1	-1	42	0	-1	0	0	25	0	0	0	41	0	0	-1	0	0	0	19	39	15	0	37	0	0	0	16
c20607	0	0	0	-1	-1	0	25	0	-1	0	42	-1	0	-1	-1	0	8	0	0	-1	0	0	0	15	0	0	25	0	-1	0
c20625	0	42	-1	-1	-1	-1	0	0	0	-1	0	-1	8	0	-1	-1	-1	22	0	12	-1	19	0	15	0	-1	25	0	0	0
c20633	-1	0	0	0	-1	27	-1	-1	7	25	0	0	7	0	0	0	0	22	0	0	41	0	26	15	0	0	-1	0	-1	0
c20643	0	11	0	0	-1	0	-1	42	7	25	-1	0	7	0	0	-1	0	22	0	-1	6	4	26	15	0	37	-1	25	5	0
c20674	-1	0	0	50	-1	42	0	9	0	0	25	0	0	0	-1	0	0	-1	-1	0	0	19	12	15	0	0	0	19	0	0
c20681	0	0	7	-1	-1	0	25	-1	0	-1	-1	0	0	-1	4	0	8	37	0	0	0	-1	0	15	0	0	-1	0	0	-1
c20685	-1	0	0	50	-1	-1	0	0	0	0	25	0	0	25	41	-1	0	-1	0	0	0	19	-1	15	0	0	0	19	0	0
c20692	-1	0	-1	0	-1	42	0	0	43	0	25	0	-1	0	0	-1	42	22	0	0	15	19	0	-1	-1	0	7	0	4	5
c20705	-1	2	-1	-1	-1	42	-1	0	0	-1	-1	11	19	0	42	0	0	22	0	0	0	-1	0	-1	-1	0	0	0	0	0
c20721	5	0	-1	0	-1	0	0	26	0	-1	0	0	7	45	0	35	0	22	0	0	0	-1	-1	15	0	-1	-1	24	5	0
c20730	0	0	0	0	-1	34	0	-1	0	41	37	0	7	-1	18	-1	-1	22	43	0	-1	-1	-1	15	0	0	0	0	5	-1
c20732	2	9	-1	0	-1	0	25	0	0	-1	42	0	-1	0	4	0	-1	11	0	-1	-1	0	-1	-1	0	-1	25	-1	6	0
c20734	0	0	0	0	-1	0	0	18	0	-1	0	-1	-1	0	40	0	0	-1	0	0	0	-1	-1	15	0	0	-1	50	0	33
c20745	-1	-1	0	0	-1	42	0	-1	-1	25	-1	0	-1	0	6	0	0	22	0	25	0	19	0	-1	-1	-1	-1	-1	0	-1
c20749	-1	0	-1	-1	-1	42	-1	0	0	0	25	0	34	0	25	0	0	22	0	-1	-1	-1	0	15	0	0	0	-1	0	0
c20756	-1	0	-1	0	-1	42	0	5	43	25	25	0	0	0	0	0	25	22	0	0	0	19	0	-1	0	0	0	0	-1	0
c20769	42	-1	-1	0	-1	25	25	0	0	0	42	0	1	-1	-1	0	0	0	-1	0	0	0	25	15	42	-1	25	0	25	0
c20831	50	-1	39	0	-1	0	-1	0	0	0	0	0	7	0	-1	0	0	-1	-1	37	0	25	26	15	25	0	-1	0	5	0
c20846	-1	0	0	0	-1	42	0	0	43	25	25	0	-1	0	0	0	0	22	0	0	-1	19	0	-1	0	0	0	0	0	0
c20873	-1	30	0	-1	-1	0	19	26	-1	-1	0	-1	7	0	0	1	0	22	0	-1	0	25	0	15	0	0	-1	41	5	50
c20916	-1	6	-1	22	-1	-1	0	39	0	0	25	0	0	0	11	0	31	22	0	42	-1	19	0	15	0	0	0	0	-1	26
c20974	-1	-1	39	-1	-1	0	0	0	0	0	-1	-1	-1	-1	-1	0	0	22	-1	0	-1	-1	26	15	4	-1	26	0	-1	-1
c20975	-1	-1	39	0	-1	0	0	0	0	0	0	0	7	-1	-1	0	-1	22	0	0	13	-1	26	15	-1	40	26	-1	5	10
c20978	31	26	-1	0	-1	0	23	42	7	0	0	0	7	50	0	-1	0	22	43	-1	-1	0	26	15	0	-1	-1	0	5	0
c20979	0	-1	-1	0	-1	0	23	42	7	0	-1	0	7	50	0	-1	0	22	43	0	0	0	26	15	0	-1	-1	0	5	0
c20990	2	-1	50	49	-1	0	25	-1	0	0	42	-1	25	0	-1	0	0	0	0	-1	0	0	-1	15	-1	-1	25	1	-1	0
c21033	-1	0	-1	0	-1	42	26	-1	0	0	25	0	15	0	0	15	19	22	0	0	19	19	0	15	-1	-1	0	-1	45	0
c21060	0	43	45	0	-1	0	0	-1	0	-1	0	-1	8	-1	0	-1	0	22	37	0	-1	-1	-1	-1	0	0	-1	0	0	0
c21137	-1	0	22	0	-1	0	19	-1	17	0	0	0	7	0	5	-1	-1	22	0	0	0	0	26	15	-1	0	11	-1	5	25
c21156	22	0	0	0	-1	0	0	-1	0	0	0	-1	8	-1	39	0	0	22	0	25	0	19	0	-1	0	-1	45	0	0	0
c21202	0	22	25	0	-1	0	0	15	0	-1	0	25	0	39	19	0	34	5	0	-1	0	-1	0	15	0	0	0	-1	0	-1
c21225	0	26	0	9	-1	0	-1	25	0	0	0	0	13	-1	0	5	41	0	0	8	0	0	0	-1	-1	-1	37	27	0	0
c21258	-1	0	0	-1	-1	8	-1	0	17	26	0	0	7	0	0	25	-1	22	0	0	19	0	26	15	9	19	0	0	-1	0
c21288	-1	0	0	42	-1	42	37	0	-1	0	-1	35	34	0	0	-1	0	22	11	26	0	19	-1	15	0	0	-1	0	-1	0
c21289	-1	0	-1	42	-1	-1	37	0	0	0	-1	35	34	-1	0	0	0	22	11	26	0	19	25	-1	0	0	-1	0	-1	0
c21297	-1	37	0	-1	-1	42	0	0	9	0	25	-1	-1	41	0	0	0	22	0	0	0	-1	0	15	1	0	0	0	0	0
c21305	-1	-1	-1	0	-1	42	26	-1	0	25	25	9	-1	0	6	0	0	-1	0	25	-1	19	-1	15	0	0	0	-1	0	-1
c21335	0	0	0	0	-1	0	0	0	-1	0	-1	25	37	18	34	0	7	0	-1	25	22	0	0	15	30	0	2	0	-1	0
c21350	-1	0	25	0	-1	-1	-1	-1	5	0	25	0	0	0	0	0	0	-1	0	-1	0	19	0	15	0	0	8	0	25	0
c21380	0	-1	0	0	-1	0	-1	0	5	41	0	0	7	0	15	0	-1	22	0	25	16	0	0	15	4	0	0	14	-1	50
c21418	0	26	0	9	-1	0	26	0	-1	0	0	0	13	-1	0	0	41	0	0	8	-1	0	0	15	-1	-1	-1	-1	2	0
c21459	-1	0	19	0	-1	0	0	26	-1	-1	-1	0	7	-1	18	-1	0	22	0	0	-1	25	-1	15	3	24	0	-1	5	-1
c21465	0	22	0	0	-1	0	9	0	-1	15	-1	25	0	0	0	-1	34	5	40	25	0	-1	-1	15	-1	0	0	0	0	0
c21500	-1	0	0	19	-1	42	0	0	4	-1	25	0	0	0	19	19	31	22	0	42	0	19	0	-1	0	0	0	0	0	26
c21513	5	37	0	0	-1	18	25	-1	25	25	42	0	0	0	-1	0	25	-1	-1	26	0	19	29	-1	0	-1	-1	0	0	0
c21515	0	-1	-1	0	-1	-1	-1	0	0	0	0	9	7	-1	-1	1	0	-1	0	0	13	35	26	15	0	0	0	0	5	-1
c21522	-1	20	45	0	-1	42	0	0	43	0	25	0	0	43	0	0	42	22	0	0	15	19	0	-1	-1	0	0	0	-1	0
c21575	-1	0	19	0	-1	42	0	-1	-1	47	-1	0	25	0	6	0	-1	22	-1	25	0	-1	0	15	0	0	-1	42	45	19
c21619	0	25	5	0	-1	0	25	0	-1	26	42	-1	0	0	4	0	0	0	0	0	0	25	18	15	0	0	25	-1	0	19
c21634	0	0	5	0	-1	-1	0	0	18	0	17	-1	-1	0	0	0	0	22	-1	0	-1	19	0	15	0	0	11	0	-1	0
c21657	0	0	0	0	-1	8	0	-1	0	-1	-1	-1	-1	0	0	0	0	-1	27	0	0	19	0	15	0	0	-1	1	19	0
c21661	-1	0	-1	0	-1	-1	0	0	5	-1	25	0	18	0	-1	0	0	-1	0	-1	0	19	0	-1	0	0	8	0	25	0
c21677	25	-1	0	0	-1	25	0	39	1	-1	0	0	-1	-1	11	0	0	22	0	0	0	0	43	15	21	6	0	0	5	-1
c21696	0	0	0	-1	-1	-1	0	-1	5	41	0	0	7	50	0	15	25	22	-1	0	0	0	0	15	0	0	-1	0	5	50
c21724	0	0	50	-1	-1	-1	25	0	0	0	42	0	0	0	4	-1	0	0	0	-1	11	0	15	15	0	-1	25	-1	6	0
c21727	-1	0	0	-1	-1	42	0	0	43	-1	25	0	0	0	0	0	0	-1	0	0	0	-1	4	-1	0	-1	26	0	0	-1
c21752	42	0	-1	0	-1	39	0	0	0	0	0	0	7	0	-1	37	-1	22	-1	0	13	0	26	15	5	40	-1	0	5	10
c21754	-1	37	0	0	-1	0	25	0	-1	0	42	-1	0	0	4	0	-1	-1	0	0	50	0	29	15	0	0	25	0	0	0
c21776	5	-1	-1	0	-1	25	23	42	7	-1	0	0	7	-1	0	0	-1	22	43	-1	27	0	26	-1	-1	-1	-1	0	-1	0
c21784	5	37	0	0	-1	0	25	0	-1	0	42	0	0	4	4	0	25	40	0	0	25	50	29	15	0	18	25	13	13	0
c21801	0	-1	0	4	-1	-1	-1	0	0	0	0	-1	0	-1	34	0	-1	-1	0	0	22	0	-1	15	0	43	2	25	-1	-1
c21807	-1	-1	-1	27	-1	50	0	26	0	-1	5	-1	7	0	0	0	30	22	0	0	0	25	0	15	-1	-1	0	0	-1	-1
c21818	-1	-1	0	50	-1	-1	1	0	0	0	25	0	0	15	41	0	0	-1	0	0	25	-1	39	15	0	-1	0	0	0	34
c21849	-1	0	0	5	-1	42	-1	4	-1	47	25	0	25	-1	6	-1	0	-1	-1	-1	-1	-1	0	15	-1	0	-1	42	0	0
c21862	0	15	0	-1	-1	0	25	0	19	0	42	0	0	0	-1	-1	8	0	-1	0	18	0	49	15	0	0	25	0	39	-1
c21869	0	0	-1	0	-1	0	-1	0	0	0	0	25	7	-1	-1	0	0	22	0	0	13	-1	26	15	41	-1	-1	7	5	10
c21884	5	-1	-1	-1	-1	-1	-1	25	-1	0	42	0	0	0	4	19	-1	-1	-1	0	0	0	29	15	0	13	25	0	0	0
c21891	0	25	45	0	-1	-1	25	-1	-1	0	42	0	0	0	4	-1	13	0	-1	0	0	26	-1	-1	-1	26	25	0	0	0
c21900	-1	-1	0	-1	-1	0	-1	-1	0	0	42	0	0	9	4	0	8	15	0	0	0	-1	0	-1	5	0	25	0	0	0
c21901	0	0	0	-1	-1	-1	25	0	-1	0	-1	0	0	9	4	0	8	15	-1	0	0	0	-1	15	5	0	25	0	0	0
c21910	-1	-1	4	42	-1	42	37	0	0	0	25	0	34	0	0	0	0	22	0	0	0	19	7	15	0	39	-1	0	0	-1
c21929	5	0	0	0	-1	0	0	26	0	-1	0	-1	7	-1	0	19	0	22	0	0	-1	-1	0	15	19	0	30	0	-1	-1
c21957	0	0	0	0	-1	0	0	-1	-1	19	0	0	7	-1	0	-1	-1	22	-1	-1	15	0	-1	15	25	0	0	23	5	0
c21974	0	26	0	9	-1	0	-1	0	-1	0	-1	0	13	-1	0	0	41	0	0	8	-1	-1	0	-1	-1	37	37	0	19	0
c21979	-1	0	0	30	-1	0	0	15	0	0	0	-1	7	-1	-1	0	0	22	11	-1	-1	25	26	15	-1	0	5	0	5	-1
c21990	-1	0	0	0	-1	0	0	-1	17	41	-1	-1	-1	0	0	0	47	22	0	0	0	0	26	15	5	0	26	5	5	0
c21991	5	-1	-1	0	-1	0	0	-1	17	-1	-1	0	7	0	0	0	47	22	0	0	0	0	-1	15	5	0	26	5	5	0
c22004	-1	-1	-1	0	-1	-1	0	-1	-1	30	-1	0	13	-1	0	0	-1	-1	0	-1	0	0	0	15	-1	5	-1	0	39	0
c22009	-1	0	0	0	-1	-1	25	-1	0	0	42	0	0	0	4	5	2	0	0	25	0	0	0	15	-1	0	25	0	0	0
c22019	-1	0	-1	0	-1	-1	0	7	-1	0	0	9	7	0	-1	0	0	22	0	0	13	35	26	15	0	0	-1	0	5	10
c22027	-1	25	0	0	-1	42	-1	0	43	25	25	26	0	0	0	0	-1	22	-1	0	-1	19	19	-1	0	0	0	0	0	0
c22054	-1	-1	0	0	-1	-1	25	0	0	13	42	-1	0	-1	4	0	25	0	0	0	0	0	29	15	-1	-1	-1	4	-1	-1
c22060	5	42	0	0	-1	0	0	-1	-1	0	0	0	7	50	0	0	47	22	0	0	-1	0	26	-1	0	0	0	0	5	14
c22063	-1	2	26	26	-1	0	0	0	0	4	0	-1	7	0	0	0	-1	22	0	0	0	-1	26	15	25	-1	42	0	5	0
c22067	0	0	0	-1	-1	0	25	-1	-1	0	42	19	43	0	4	-1	0	0	-1	25	0	-1	6	15	42	18	25	0	0	0
c22078	0	0	47	2	-1	5	37	-1	-1	-1	15	26	7	0	19	-1	-1	-1	0	0	0	0	0	15	19	0	-1	0	5	4
c22089	25	0	0	0	-1	-1	0	18	0	-1	0	-1	5	15	0	-1	0	0	19	30	0	-1	-1	15	0	0	0	0	25	0
c22091	-1	20	0	0	-1	42	39	-1	0	0	25	-1	0	0	-1	26	29	22	0	19	-1	19	0	15	0	26	49	0	14	11
c22092	-1	0	-1	0	-1	42	-1	25	43	0	25	0	0	0	0	0	42	22	0	0	-1	19	0	-1	0	0	-1	-1	-1	0
c22098	0	-1	9	0	-1	0	-1	42	7	25	0	0	7	19	0	0	0	-1	0	0	5	0	26	15	0	0	-1	0	5	-1
c22105	5	0	0	0	-1	-1	40	26	0	-1	0	0	7	-1	-1	0	-1	22	0	-1	0	-1	0	15	0	26	0	0	5	-1
c22124	40	0	0	-1	-1	0	-1	0	0	-1	42	0	0	-1	4	-1	-1	0	-1	0	0	0	0	15	0	37	25	18	0	0
c22125	-1	0	0	-1	-1	0	-1	-1	0	0	42	0	0	-1	4	0	-1	0	0	0	0	0	0	15	0	37	-1	18	0	-1
c22135	-1	-1	0	-1	-1	5	-1	0	-1	42	18	-1	7	0	30	0	47	22	0	-1	0	0	-1	-1	0	0	0	0	5	0
c22147	-1	-1	-1	-1	-1	0	25	0	19	-1	-1	0	-1	0	4	-1	25	0	0	26	0	27	29	-1	0	0	-1	0	0	-1
c22180	-1	0	-1	0	-1	-1	0	9	5	0	25	-1	0	0	0	-1	-1	-1	0	0	-1	19	0	15	0	0	0	0	-1	-1
c22186	33	0	0	0	-1	-1	40	25	19	0	-1	0	-1	42	27	-1	0	-1	0	8	0	0	5	-1	-1	-1	-1	26	0	0
c22199	15	18	-1	0	-1	0	0	25	5	-1	0	0	7	0	15	13	-1	22	0	0	0	0	-1	15	4	0	-1	-1	-1	50
c22204	0	0	-1	0	-1	27	-1	42	7	25	0	0	-1	19	-1	0	-1	22	0	0	0	0	26	15	-1	0	-1	0	-1	0
c22231	-1	0	0	0	-1	42	0	-1	0	11	25	11	33	0	0	-1	0	22	-1	0	-1	19	16	15	0	11	-1	0	0	-1
c22242	-1	0	-1	22	-1	42	0	0	0	0	25	0	0	-1	0	0	31	22	0	42	-1	19	0	15	0	0	0	0	0	-1
c22243	-1	0	-1	-1	-1	42	0	0	-1	0	-1	0	0	-1	0	-1	31	22	0	42	-1	19	0	15	0	-1	0	0	0	26
c22256	-1	0	0	0	-1	-1	11	-1	43	0	25	0	0	0	0	0	26	22	13	7	0	19	0	15	-1	-1	0	-1	0	0
c22281	0	0	-1	42	-1	-1	0	0	0	0	37	-1	7	0	-1	0	0	22	0	0	13	-1	26	15	0	0	0	0	5	10
c22290	0	25	0	0	-1	0	-1	0	37	0	42	26	0	0	4	21	0	0	11	0	0	0	18	15	-1	0	25	42	27	4
c22302	-1	25	0	0	-1	0	-1	0	-1	0	42	-1	-1	0	4	21	25	-1	0	26	0	30	18	15	-1	0	-1	0	27	0
c22305	-1	0	22	0	-1	0	19	-1	17	0	0	0	-1	0	5	-1	47	22	0	-1	-1	0	26	15	0	0	11	0	-1	25
c22312	0	34	27	-1	-1	0	0	-1	-1	-1	0	-1	7	0	0	-1	25	22	-1	0	0	0	0	-1	5	-1	14	0	5	50
c22315	0	0	5	30	-1	0	0	15	-1	0	0	25	7	-1	-1	0	0	22	11	-1	13	25	-1	15	0	-1	5	0	5	-1
c22317	5	26	-1	0	-1	0	23	-1	7	0	-1	-1	7	-1	0	0	0	-1	43	0	0	39	26	15	0	0	-1	0	5	0
c22332	-1	0	-1	0	-1	42	-1	0	43	0	-1	0	-1	0	0	0	42	-1	19	-1	15	19	5	-1	0	0	-1	37	4	0
c22341	-1	-1	7	-1	-1	42	0	0	-1	0	25	26	-1	0	-1	0	42	22	0	0	15	-1	0	-1	0	0	-1	0	0	0
c22357	-1	-1	-1	0	-1	42	0	0	0	8	25	0	0	0	0	0	-1	22	0	-1	25	19	0	15	0	0	0	0	45	26
c22363	-1	-1	0	19	-1	42	0	0	-1	0	25	0	0	0	18	-1	31	22	0	-1	0	19	0	15	0	0	0	0	-1	26
c22366	0	-1	0	9	-1	0	26	0	0	0	7	0	-1	-1	0	-1	41	19	0	8	0	0	4	-1	-1	0	-1	0	0	0
c22367	0	26	-1	9	-1	0	26	-1	0	0	7	0	13	-1	0	0	41	19	0	8	0	-1	4	-1	-1	0	37	0	0	0
c22379	5	0	0	0	-1	43	41	0	-1	0	0	0	7	0	0	0	47	22	0	0	19	0	-1	15	-1	0	0	0	5	-1
c22385	-1	0	-1	0	-1	-1	-1	-1	43	25	25	0	-1	0	-1	5	25	22	0	0	0	19	0	-1	0	0	0	0	0	0
c22418	-1	-1	0	0	-1	0	0	0	14	0	0	-1	0	0	14	0	-1	-1	0	0	0	0	-1	15	37	15	0	0	0	49
c22442	5	0	19	0	-1	0	5	26	0	-1	0	0	7	-1	0	0	13	22	0	25	0	25	15	15	0	35	-1	0	5	-1
c22448	-1	0	0	50	-1	-1	0	-1	5	-1	25	39	0	0	-1	0	0	-1	0	9	0	-1	0	15	-1	0	0	4	0	0
c22455	-1	0	0	50	-1	-1	0	0	0	0	25	0	0	-1	41	-1	0	-1	-1	0	0	19	0	15	0	-1	0	0	-1	0
c22478	25	0	0	37	-1	0	0	0	19	0	26	-1	7	0	-1	-1	0	-1	0	0	13	0	26	-1	0	40	15	0	5	10
c22479	25	0	0	37	-1	0	-1	0	19	0	-1	0	7	0	-1	-1	0	22	-1	-1	13	-1	26	-1	0	40	15	0	5	10
c22487	5	37	-1	0	-1	0	25	0	25	0	42	0	0	0	4	0	25	40	-1	34	0	0	29	15	-1	42	25	-1	0	0
c22492	-1	1	0	-1	-1	42	0	0	5	0	25	15	-1	0	41	0	-1	-1	0	0	0	19	0	15	0	11	-1	0	0	0
c22501	0	26	0	9	-1	7	0	39	0	0	0	0	-1	-1	0	-1	41	43	0	8	0	0	-1	15	-1	0	0	0	0	0
c22502	0	-1	50	0	-1	-1	25	0	0	49	42	-1	0	0	4	15	0	0	36	-1	0	26	15	15	0	-1	25	0	6	0
c22522	0	0	-1	0	-1	0	0	0	-1	-1	0	25	30	45	34	0	0	0	0	0	-1	42	0	15	0	43	-1	-1	8	1
c22523	-1	0	-1	0	-1	0	0	0	-1	-1	0	25	30	45	34	0	0	-1	0	0	22	42	-1	15	0	-1	2	0	8	1
c22538	0	0	50	0	-1	0	-1	0	0	0	42	14	-1	0	4	0	-1	0	-1	-1	0	26	-1	15	0	-1	25	-1	6	15
c22545	-1	0	0	19	-1	42	15	0	0	0	25	19	0	-1	-1	-1	31	22	0	42	0	19	-1	15	0	0	0	0	0	26
c22546	5	-1	22	0	-1	0	0	-1	17	0	0	0	7	0	5	-1	47	22	0	0	0	-1	26	-1	9	0	11	0	5	0
c22547	5	0	22	0	-1	0	0	-1	17	0	0	-1	7	0	5	-1	-1	22	0	0	0	-1	-1	15	9	0	11	0	5	-1
c22555	-1	0	-1	42	-1	42	37	-1	0	0	-1	0	34	0	0	0	-1	-1	0	0	25	19	-1	-1	0	0	-1	-1	-1	-1
c22558	-1	43	19	0	-1	0	0	14	0	-1	0	-1	8	-1	0	0	-1	22	4	0	-1	19	0	15	0	0	0	0	26	0
c22566	15	-1	6	-1	-1	0	25	0	0	0	42	-1	-1	-1	-1	0	8	43	0	0	0	-1	0	15	0	0	25	0	0	0
c22567	15	47	-1	-1	-1	0	25	0	0	0	-1	0	0	-1	4	0	8	-1	0	-1	0	0	0	15	0	0	25	0	0	-1
c22568	-1	42	-1	0	-1	0	0	-1	17	-1	0	-1	7	22	26	0	47	22	0	0	-1	0	26	15	5	0	-1	0	-1	14
c22602	0	-1	45	2	-1	0	37	-1	38	0	0	26	7	0	0	0	5	22	0	0	0	-1	0	-1	-1	40	41	-1	5	4
c22609	5	0	-1	-1	-1	9	0	-1	17	0	5	0	7	0	0	0	47	22	-1	0	-1	0	26	15	11	0	0	-1	5	0
c22619	5	27	0	0	-1	0	0	37	-1	-1	28	-1	7	0	0	0	-1	22	-1	0	-1	6	26	-1	0	-1	-1	0	5	-1
c22624	-1	0	0	12	-1	42	25	0	0	0	25	0	26	0	0	0	19	22	37	0	0	19	0	15	19	0	0	25	0	43
c22669	-1	0	0	0	-1	42	0	11	-1	0	25	0	-1	0	0	0	0	-1	0	9	0	19	-1	-1	0	1	0	50	13	0
c22685	5	0	-1	0	-1	0	0	-1	0	-1	25	0	7	0	0	6	0	22	0	0	-1	25	0	15	0	0	-1	5	5	-1
c22686	1	-1	0	30	-1	0	-1	-1	5	41	0	0	7	0	15	0	25	22	-1	0	0	0	0	15	4	-1	25	0	5	-1
c22692	0	0	0	0	-1	0	0	-1	5	41	0	19	7	0	0	25	25	22	0	0	0	0	0	15	0	27	0	28	5	50
c22723	5	-1	0	-1	-1	18	25	0	25	0	42	19	0	1	4	0	25	-1	0	26	0	-1	29	15	14	0	-1	0	0	0
c22726	-1	0	0	50	-1	42	0	0	41	0	25	0	0	0	41	0	0	-1	-1	0	-1	19	15	15	0	0	-1	19	0	-1
c22727	-1	-1	0	50	-1	42	0	0	41	0	25	0	0	-1	41	-1	0	-1	-1	0	-1	19	15	15	-1	0	-1	19	0	0
c22732	9	22	0	0	-1	-1	0	-1	0	-1	0	25	0	-1	0	0	34	-1	0	14	-1	-1	0	15	0	0	-1	43	43	0
c22744	-1	-1	0	0	-1	42	-1	0	43	0	-1	0	0	0	0	-1	-1	22	-1	0	0	19	0	-1	0	0	0	0	0	50
c22755	-1	22	0	0	-1	0	0	0	-1	15	45	-1	0	0	0	15	-1	5	0	50	0	-1	0	-1	0	-1	-1	0	0	0
c22775	-1	0	0	-1	-1	42	5	19	0	-1	25	-1	0	0	0	2	0	22	0	0	0	19	0	15	37	-1	0	0	0	0
c22783	-1	0	0	0	-1	42	6	0	-1	0	-1	0	0	0	0	0	42	22	19	0	15	19	5	-1	0	0	0	-1	4	-1
c22803	-1	0	0	0	-1	0	0	-1	17	-1	-1	-1	7	0	-1	0	47	22	0	0	19	0	26	-1	0	0	26	-1	5	0
c22814	25	0	-1	37	-1	-1	-1	-1	19	-1	-1	-1	7	0	-1	-1	0	22	0	0	13	0	-1	-1	11	40	15	0	5	10
c22835	11	0	0	15	-1	0	28	14	0	-1	0	-1	8	0	0	0	5	-1	26	-1	0	-1	0	15	0	0	2	0	12	-1
c22836	-1	0	0	50	-1	-1	0	15	0	0	-1	-1	0	0	41	0	0	-1	-1	-1	0	19	0	15	0	0	25	19	-1	0
c22840	-1	0	0	0	-1	42	0	0	11	0	-1	0	-1	0	0	0	19	22	0	-1	-1	19	50	15	19	0	0	-1	0	0
c22860	0	0	6	-1	-1	-1	25	14	-1	0	42	0	0	-1	4	0	8	0	0	0	0	-1	-1	15	0	0	25	0	0	0
c22892	-1	0	0	47	-1	-1	0	0	0	-1	-1	38	-1	26	0	-1	0	22	0	-1	-1	19	0	15	0	0	49	0	0	11
c22895	5	0	22	0	-1	-1	0	-1	-1	0	0	-1	-1	0	5	-1	47	22	0	0	0	0	-1	15	0	-1	11	0	5	25
c22899	42	26	0	9	-1	25	26	0	-1	0	-1	0	-1	-1	0	39	41	0	0	8	0	0	-1	15	-1	-1	37	25	2	0
c22903	33	-1	19	5	-1	0	0	6	0	0	0	0	0	19	27	-1	0	6	0	0	43	-1	5	15	0	0	-1	0	0	0
c22907	-1	-1	0	0	-1	42	-1	-1	-1	0	25	0	-1	37	-1	0	0	-1	0	25	0	19	-1	15	-1	-1	0	0	0	0
c22918	5	0	22	0	-1	0	19	-1	17	-1	0	-1	7	25	-1	-1	47	22	0	0	0	0	26	15	0	0	11	0	5	25
c22932	-1	0	0	0	-1	42	0	0	-1	-1	25	-1	33	0	26	-1	0	22	0	-1	0	-1	16	15	0	-1	-1	9	0	0
c22952	0	0	6	-1	-1	-1	25	0	0	0	42	0	0	-1	4	0	8	0	0	0	-1	0	0	15	0	0	25	0	0	-1
c22974	5	0	0	-1	-1	0	0	26	0	-1	-1	5	7	-1	-1	0	0	22	0	5	0	25	-1	15	0	24	-1	-1	-1	-1
c22990	-1	0	0	0	-1	34	0	0	0	41	-1	0	7	0	-1	0	-1	-1	43	0	0	0	0	-1	0	-1	0	18	5	50
c23037	-1	0	0	0	-1	0	25	0	0	13	-1	0	0	0	4	0	25	-1	-1	3	0	0	29	15	0	0	25	-1	0	7
c23042	-1	0	0	0	-1	42	19	0	43	-1	25	0	-1	0	0	0	-1	-1	0	0	0	19	0	-1	0	25	0	0	0	37
c23049	-1	-1	-1	0	-1	42	19	0	0	0	25	0	0	0	39	-1	31	22	0	42	0	19	-1	-1	-1	37	0	0	0	26
c23053	-1	13	0	0	-1	42	25	0	0	8	25	0	25	-1	-1	0	31	-1	0	42	-1	19	0	15	0	0	0	0	0	26
c23087	-1	43	-1	0	-1	0	-1	14	0	-1	0	-1	8	-1	0	0	0	-1	-1	0	19	19	0	15	0	0	0	0	0	0
c23092	-1	0	-1	0	-1	-1	0	0	-1	0	25	0	0	0	-1	0	-1	-1	0	0	0	19	0	15	50	0	-1	9	-1	0
c23112	-1	2	0	-1	-1	42	0	0	0	-1	25	-1	19	0	0	-1	0	22	0	26	0	19	34	15	0	0	-1	11	0	0
c23113	-1	-1	0	-1	-1	-1	0	0	0	-1	25	-1	19	0	0	-1	0	22	0	26	0	19	34	15	0	0	0	11	0	0
c23127	5	-1	-1	0	-1	0	25	0	25	0	42	0	0	0	4	0	25	40	0	0	0	-1	29	15	0	11	25	0	0	0
c23135	-1	0	0	50	-1	42	0	-1	0	0	25	9	-1	0	41	0	0	-1	0	-1	0	19	0	15	0	4	0	-1	0	0
c23137	0	25	-1	0	-1	0	25	0	25	26	-1	0	0	0	4	0	-1	0	0	0	0	-1	18	15	0	0	-1	-1	-1	19
c23148	-1	0	-1	0	-1	42	0	0	-1	0	25	-1	-1	-1	-1	0	26	22	0	6	0	19	0	15	50	0	0	0	0	0
c23168	0	37	-1	0	-1	0	25	0	34	13	42	0	-1	0	4	-1	0	-1	0	-1	0	26	15	-1	0	-1	-1	0	6	-1
c23181	-1	0	-1	50	-1	42	0	0	0	11	25	0	0	0	41	14	19	-1	0	0	1	19	0	15	-1	0	0	-1	0	0
c23185	0	0	-1	25	-1	0	-1	0	5	41	0	0	7	-1	-1	19	-1	22	0	0	0	-1	0	-1	4	0	0	0	5	50
c23195	-1	0	0	0	-1	0	0	-1	5	41	9	-1	7	0	-1	11	25	22	0	25	0	-1	25	15	0	0	0	0	-1	50
c23201	-1	0	0	0	-1	34	-1	0	0	0	0	-1	0	0	0	0	0	-1	0	0	-1	0	-1	-1	0	0	0	0	0	39
c23215	0	0	49	-1	-1	2	0	-1	5	41	39	-1	7	0	0	0	25	-1	0	0	25	0	0	15	-1	40	0	0	5	50
c23230	0	0	39	0	-1	0	-1	0	-1	0	41	0	-1	0	-1	0	0	22	0	0	13	0	26	15	-1	40	26	0	5	-1
c23253	-1	0	0	-1	-1	42	0	0	43	0	25	41	0	-1	26	0	37	22	0	26	0	-1	0	-1	-1	0	-1	0	-1	-1
c23266	13	0	-1	-1	-1	0	0	-1	0	0	0	-1	9	0	34	0	1	4	26	-1	22	41	0	15	0	43	2	-1	0	0
c23272	0	0	0	9	-1	0	0	0	0	-1	0	26	7	0	0	0	0	22	0	0	-1	-1	26	15	25	0	0	0	5	0
c23285	0	0	50	0	-1	-1	25	0	0	0	42	0	-1	0	4	0	0	0	0	-1	0	26	-1	15	0	-1	25	0	6	0
c23294	-1	0	0	-1	-1	-1	0	13	43	0	-1	0	-1	0	-1	0	0	22	0	0	-1	19	0	15	0	41	41	0	0	0
c23296	-1	0	0	0	-1	-1	0	0	19	-1	25	0	0	0	6	-1	0	22	0	-1	0	-1	0	15	-1	19	18	-1	0	0
c23297	-1	0	0	0	-1	-1	0	0	19	9	25	0	0	-1	-1	0	0	-1	0	-1	0	19	0	15	-1	19	18	-1	0	-1
c23332	-1	26	0	9	-1	0	0	0	50	0	-1	0	13	-1	0	0	41	43	-1	8	0	0	0	15	-1	0	25	0	0	39
c23334	2	9	50	0	-1	0	25	2	0	0	42	0	25	0	4	0	0	11	-1	-1	0	-1	-1	15	-1	-1	25	0	6	0
c23348	16	0	0	-1	-1	0	0	0	-1	-1	0	-1	8	25	-1	-1	0	22	0	0	0	19	19	15	-1	0	0	-1	4	-1
c23355	-1	25	0	-1	-1	0	25	-1	-1	0	42	0	0	0	4	15	0	0	0	0	0	-1	18	15	-1	-1	25	-1	0	0
c23362	-1	37	-1	0	-1	0	25	0	25	0	42	0	0	0	4	0	25	40	0	0	0	-1	29	15	0	15	25	0	0	0
c23377	0	0	-1	0	-1	34	0	0	-1	41	0	0	7	0	-1	0	0	22	-1	0	-1	0	0	-1	-1	0	0	18	5	50
c23402	-1	0	0	0	-1	42	0	0	0	0	25	-1	0	5	0	26	29	22	0	4	0	19	0	15	25	-1	-1	0	0	11
c23404	15	0	0	-1	-1	0	0	0	-1	0	0	25	37	-1	34	0	7	-1	0	0	22	-1	0	15	0	0	2	-1	-1	0
c23410	-1	0	0	-1	-1	-1	0	5	43	0	25	0	-1	0	0	0	-1	22	0	0	15	19	0	-1	0	0	7	0	4	5
c23411	-1	0	0	0	-1	42	-1	5	43	0	25	-1	-1	0	0	0	42	22	0	0	15	19	0	-1	-1	-1	7	-1	4	5
c23416	-1	0	0	42	-1	42	-1	0	-1	0	25	0	34	0	0	-1	-1	22	-1	0	0	19	-1	15	0	0	0	0	0	0
c23444	-1	0	0	-1	-1	-1	25	-1	0	0	42	5	0	0	4	-1	8	0	43	0	0	0	0	15	0	0	25	0	0	0
c23446	-1	0	0	0	-1	-1	5	19	-1	0	25	-1	0	0	-1	0	-1	22	0	0	0	19	0	15	-1	-1	0	-1	0	-1
c23462	11	0	0	0	-1	0	0	0	-1	0	0	0	26	-1	0	0	-1	38	8	0	5	0	0	15	0	-1	9	15	-1	-1
c23487	0	0	0	-1	-1	0	-1	-1	-1	25	0	0	-1	12	0	0	0	22	0	14	-1	0	26	15	0	0	-1	19	5	0
c23508	-1	0	0	0	-1	-1	0	0	43	50	25	0	0	0	0	0	-1	22	0	0	0	19	0	15	50	0	0	0	-1	0
c23509	-1	0	0	-1	-1	42	0	0	43	50	-1	-1	-1	0	0	0	-1	22	0	0	0	-1	-1	15	50	0	-1	0	19	0
c23524	-1	0	0	0	-1	42	-1	0	43	0	25	-1	0	-1	-1	-1	-1	22	0	0	0	19	0	-1	19	0	0	-1	-1	0
c23529	22	0	-1	0	-1	0	0	0	0	-1	0	-1	-1	0	39	0	-1	22	0	25	-1	19	0	15	0	0	45	0	0	0
c23537	-1	41	0	0	-1	-1	42	26	0	-1	-1	-1	7	-1	0	-1	0	-1	25	0	0	25	0	15	0	0	0	0	5	-1
c23538	-1	0	-1	-1	-1	42	0	0	0	0	25	25	0	0	0	0	0	22	0	-1	5	-1	-1	15	0	0	0	0	0	0
c23543	-1	0	-1	0	-1	0	25	0	0	-1	-1	0	0	0	4	0	25	0	-1	11	0	-1	29	15	-1	0	-1	40	0	-1
c23544	-1	-1	0	-1	-1	42	0	0	0	-1	25	-1	19	0	0	-1	0	22	0	26	0	19	34	15	0	0	0	-1	0	0
c23551	0	-1	0	0	-1	0	0	0	0	-1	0	-1	7	0	0	0	0	22	0	-1	0	0	0	15	0	0	-1	0	5	50
c23564	0	0	-1	0	-1	14	-1	42	7	25	0	0	7	0	0	-1	0	22	0	-1	15	-1	-1	15	0	37	-1	25	5	0
c23593	0	25	0	-1	-1	0	0	0	-1	0	-1	0	26	-1	0	26	41	-1	0	0	-1	0	0	-1	0	0	38	0	-1	28
c23609	0	0	0	0	-1	13	0	0	-1	0	0	25	7	18	-1	0	12	22	29	9	13	25	26	15	6	0	5	0	-1	-1
c23638	5	-1	0	0	-1	-1	0	26	0	-1	0	19	7	-1	0	0	0	-1	0	0	0	25	0	15	0	13	-1	0	5	-1
c23639	5	41	0	0	-1	-1	0	26	0	-1	0	19	7	-1	0	0	0	-1	0	0	0	25	-1	15	0	13	0	0	5	-1
c23657	11	0	-1	0	-1	18	-1	0	5	41	0	0	7	0	15	0	-1	22	0	0	0	-1	-1	15	4	0	0	0	5	50
c23666	5	0	0	0	-1	-1	0	0	17	0	0	-1	7	-1	0	0	47	22	-1	0	0	0	-1	15	19	0	0	-1	5	0
c23667	5	0	0	0	-1	-1	0	0	-1	-1	-1	-1	7	-1	0	0	47	22	0	0	0	0	26	15	-1	-1	0	0	5	0
c23682	-1	0	0	0	-1	42	0	-1	43	0	25	0	-1	0	0	0	-1	22	0	-1	0	-1	0	-1	0	0	-1	0	0	37
c23690	2	-1	0	-1	-1	0	16	0	-1	0	0	25	-1	0	34	0	0	-1	0	0	-1	19	26	15	0	43	2	-1	0	0
c23691	2	12	0	-1	-1	0	-1	0	46	0	0	25	42	0	34	0	0	-1	-1	0	22	-1	26	15	-1	43	-1	19	0	0
c23704	0	0	5	0	-1	18	0	-1	18	0	-1	-1	-1	-1	11	-1	0	-1	0	0	25	19	-1	15	0	4	11	0	-1	0
c23712	0	26	-1	9	-1	0	-1	25	0	0	-1	-1	13	-1	0	0	-1	0	-1	8	0	0	-1	15	-1	0	0	0	0	0
c23719	0	25	0	0	-1	0	25	-1	0	0	42	42	-1	0	4	21	25	0	0	26	0	0	18	-1	0	0	25	0	27	0
c23728	0	0	0	0	-1	0	-1	0	5	41	0	0	-1	0	15	0	25	22	0	0	0	-1	0	15	4	0	0	14	-1	50
c23730	5	27	0	15	-1	8	0	0	17	-1	0	0	7	4	25	0	-1	-1	4	-1	0	0	26	-1	0	0	0	0	-1	0
c23740	-1	0	0	0	-1	42	0	0	-1	0	25	0	0	0	0	0	26	22	0	0	0	19	0	15	50	-1	0	-1	0	0
c23744	-1	0	0	0	-1	-1	0	0	43	0	25	41	0	-1	0	0	0	-1	0	-1	0	19	0	-1	0	0	37	-1	-1	13
c23745	-1	0	-1	0	-1	42	0	0	-1	0	25	41	-1	-1	0	0	0	22	0	0	0	19	0	-1	0	-1	37	12	0	13
c23779	-1	-1	-1	0	-1	0	-1	0	0	0	0	0	0	43	27	-1	8	0	0	-1	-1	0	5	15	0	0	0	13	0	18
c23786	-1	0	-1	-1	-1	42	-1	0	-1	0	25	0	-1	0	0	0	-1	22	0	0	0	19	0	-1	0	0	0	-1	0	37
c23787	-1	0	0	0	-1	42	0	0	43	-1	25	0	-1	0	0	0	-1	22	0	0	0	-1	0	-1	0	0	0	6	0	37
c23805	-1	0	0	19	-1	42	0	19	0	-1	-1	0	0	-1	-1	22	31	22	0	42	0	19	0	15	0	0	-1	0	0	26
c23811	0	0	0	-1	-1	0	25	0	-1	-1	42	0	0	0	-1	0	8	15	0	0	0	0	40	15	5	-1	25	-1	0	0
c23815	0	-1	0	0	-1	-1	41	-1	0	40	-1	25	37	6	34	37	0	0	0	0	-1	-1	0	15	0	-1	2	0	0	0
c23818	0	0	0	0	-1	-1	-1	0	5	41	0	0	7	0	0	-1	25	22	0	0	0	-1	0	15	-1	0	0	-1	5	50
c23830	0	-1	0	-1	-1	33	0	0	12	0	-1	-1	8	0	0	0	0	-1	0	0	26	-1	5	-1	0	0	0	0	0	-1
c23839	-1	-1	0	50	-1	42	49	0	0	0	25	0	0	0	-1	-1	0	-1	0	0	0	-1	0	15	0	0	0	0	0	0
c23843	0	0	-1	0	-1	0	0	-1	5	41	0	19	7	0	-1	-1	25	22	0	0	-1	0	0	-1	0	27	-1	28	5	50
c23849	5	0	0	0	-1	0	25	26	0	-1	-1	0	7	-1	-1	34	0	22	0	-1	0	25	0	15	0	40	-1	0	5	-1
c23860	-1	0	0	-1	-1	42	0	39	43	0	25	0	0	0	0	0	0	-1	-1	4	-1	19	-1	-1	0	0	-1	0	0	-1
c23863	-1	0	-1	0	-1	-1	0	-1	15	0	-1	0	13	-1	-1	0	41	0	0	8	0	0	19	-1	-1	5	-1	0	39	0
c23876	0	0	5	25	-1	25	0	39	1	4	0	-1	-1	0	0	43	0	22	-1	0	0	0	-1	15	39	0	0	0	5	0
c23881	35	-1	-1	0	-1	0	25	-1	0	0	42	0	0	0	4	12	-1	0	0	25	-1	0	25	15	42	-1	25	0	-1	0
c23894	0	-1	-1	0	-1	0	25	0	0	0	42	40	1	0	-1	-1	0	0	0	26	0	-1	25	-1	42	0	25	0	25	-1
c23910	33	0	0	0	-1	0	0	0	0	0	0	0	-1	-1	27	0	-1	-1	18	25	0	0	5	15	0	-1	0	-1	-1	-1
c23911	33	0	0	-1	-1	0	0	0	0	0	0	0	4	0	27	0	42	0	18	25	0	0	-1	15	0	-1	0	-1	0	0
c23912	5	0	-1	0	-1	0	0	26	0	-1	5	-1	7	-1	0	0	0	22	0	0	0	25	0	15	0	24	0	0	5	-1
c23918	1	0	0	-1	-1	49	25	0	0	25	42	0	25	-1	4	0	25	-1	0	0	0	0	29	-1	0	0	-1	26	-1	25
c23922	13	0	-1	0	-1	0	0	19	0	41	27	0	7	0	0	48	-1	-1	0	0	0	-1	0	15	0	9	0	0	5	50
c23925	0	0	0	50	-1	0	25	0	26	0	42	0	0	0	-1	0	5	41	0	27	8	0	-1	-1	22	5	25	0	0	0
c23929	0	0	0	0	-1	0	0	-1	-1	0	0	0	13	-1	-1	0	41	0	37	8	0	0	39	15	-1	5	0	0	0	-1
c23936	33	0	0	0	-1	-1	0	0	0	0	0	0	-1	0	27	0	0	0	0	0	0	4	5	15	0	-1	0	0	0	0
c23939	0	0	0	-1	-1	-1	25	0	-1	0	42	0	0	-1	4	0	8	0	0	0	-1	-1	0	-1	0	0	25	0	0	0
c23941	-1	0	25	0	-1	42	0	0	-1	-1	25	0	-1	0	-1	0	25	22	0	0	-1	-1	0	15	0	-1	8	0	-1	-1
c23947	1	0	18	-1	-1	18	25	0	0	13	42	0	0	0	4	-1	25	0	0	25	0	-1	29	-1	-1	0	25	4	0	0
c23976	0	-1	0	1	-1	-1	0	0	-1	0	0	-1	8	9	0	0	0	-1	0	0	0	19	0	15	0	0	0	-1	0	0
c24003	0	12	37	41	-1	0	-1	0	0	0	25	25	0	9	34	-1	15	26	-1	6	22	-1	43	15	4	9	2	0	0	0
c24047	0	-1	0	0	-1	0	-1	0	5	-1	0	0	-1	0	15	0	25	22	-1	0	0	-1	0	15	4	0	0	-1	5	50
c24050	0	-1	0	26	-1	37	0	25	0	4	0	0	7	31	-1	43	-1	-1	0	-1	-1	-1	-1	15	25	0	16	0	5	6
c24058	0	0	0	-1	-1	25	-1	-1	1	35	0	5	-1	0	-1	43	0	22	26	0	-1	-1	18	15	39	0	0	-1	5	-1
c24068	16	0	0	0	-1	0	-1	-1	0	-1	0	-1	8	-1	-1	-1	0	22	0	-1	0	19	-1	15	-1	0	0	-1	4	-1
c24088	0	-1	0	0	-1	14	0	-1	0	0	0	-1	-1	0	0	0	0	22	-1	0	5	19	0	15	0	18	0	0	-1	5
c24094	0	11	0	0	-1	11	-1	-1	-1	0	-1	-1	0	9	-1	0	-1	4	-1	0	22	0	-1	15	4	-1	2	0	0	0
c24118	-1	0	39	-1	-1	0	0	0	-1	-1	-1	0	7	-1	-1	0	0	22	-1	0	13	0	26	15	19	40	26	0	5	-1
c24164	-1	-1	0	0	-1	0	0	-1	5	41	0	-1	7	19	0	0	25	22	0	0	0	26	0	15	-1	0	0	28	5	50
c24232	-1	0	0	0	-1	42	0	0	43	50	25	0	0	11	0	0	25	22	-1	7	0	19	-1	-1	-1	-1	0	-1	0	0
c24241	0	0	0	-1	-1	0	-1	42	7	25	0	26	-1	-1	0	0	-1	-1	0	-1	0	5	26	15	0	0	-1	0	5	0
c24243	-1	0	0	-1	-1	-1	0	0	43	-1	25	0	-1	0	-1	0	39	22	-1	0	0	19	0	-1	0	0	0	0	0	-1
c24247	-1	16	0	0	-1	42	0	0	-1	0	25	38	0	26	0	0	0	22	0	0	-1	19	5	15	25	0	49	1	-1	11
c24266	18	0	0	13	-1	0	0	0	0	0	0	-1	-1	0	37	0	0	22	0	12	8	-1	0	-1	0	-1	0	0	0	0
c24277	0	-1	0	0	-1	0	-1	0	5	41	5	0	7	0	15	34	25	-1	0	0	0	-1	0	15	4	0	-1	-1	5	50
c24286	1	-1	-1	0	-1	-1	25	0	19	-1	42	-1	0	0	-1	0	25	0	0	-1	0	27	29	15	0	0	-1	0	0	25
c24287	1	-1	-1	0	-1	0	25	0	-1	-1	-1	0	0	0	4	0	25	0	0	26	0	27	29	-1	-1	0	-1	0	0	25
c24307	-1	-1	-1	0	-1	42	0	0	26	41	25	0	-1	0	-1	-1	0	22	40	0	-1	19	-1	15	0	0	8	0	-1	0
c24310	1	0	0	24	-1	18	25	0	0	13	42	25	0	19	4	0	25	-1	0	7	0	0	-1	-1	-1	-1	25	4	0	35
c24336	5	-1	0	-1	-1	8	0	4	17	26	0	0	-1	0	-1	0	47	22	0	0	19	-1	26	15	-1	19	0	0	-1	0
c24337	5	0	-1	-1	-1	8	0	4	17	26	0	0	7	0	0	0	-1	22	0	0	19	0	26	15	9	-1	0	-1	-1	0
c24343	4	18	12	50	-1	0	-1	0	0	-1	30	25	-1	0	34	0	0	0	0	-1	22	0	0	-1	0	0	2	0	0	0
c24354	0	-1	0	0	-1	0	-1	0	0	-1	0	25	0	0	0	22	34	5	-1	25	0	0	-1	15	-1	0	0	4	18	0
c24357	-1	-1	-1	42	-1	42	-1	0	-1	-1	25	0	34	0	25	-1	0	22	0	0	0	19	0	-1	0	0	0	0	0	0
c24374	5	0	0	0	-1	0	0	26	0	-1	5	5	7	-1	0	0	0	22	0	25	0	25	0	15	0	24	0	0	5	-1
c24383	-1	0	-1	0	-1	42	0	-1	43	0	25	9	0	0	0	0	0	22	0	0	0	19	0	-1	0	0	26	0	0	0
c24406	-1	0	15	0	-1	42	26	-1	0	25	-1	9	5	0	-1	0	0	22	0	25	0	-1	0	15	0	0	-1	-1	0	7
c24407	-1	0	15	0	-1	42	26	-1	0	25	25	9	5	0	-1	0	0	22	0	25	0	19	0	15	0	-1	0	-1	0	7
c24412	-1	0	-1	42	-1	42	-1	11	0	0	-1	0	34	0	25	0	-1	22	0	0	0	19	14	15	-1	0	0	0	-1	0
c24440	0	0	0	0	-1	0	0	-1	26	0	0	0	7	0	-1	0	0	22	0	0	13	0	26	15	-1	40	0	-1	-1	10
c24443	-1	0	5	0	-1	-1	0	0	-1	0	17	-1	-1	0	-1	0	-1	-1	9	0	0	-1	0	15	0	0	11	0	-1	0
c24447	-1	0	0	19	-1	-1	0	0	0	0	25	0	-1	-1	-1	-1	31	22	0	-1	0	19	0	15	0	-1	0	0	0	26
c24470	-1	0	0	34	-1	42	0	0	43	-1	-1	0	0	0	0	37	42	22	0	-1	15	19	0	-1	0	0	0	0	4	0
c24477	11	0	0	9	-1	0	42	0	26	-1	0	0	7	0	-1	0	2	-1	42	0	13	0	-1	15	0	40	0	0	-1	10
c24479	0	0	0	0	-1	0	-1	-1	-1	0	42	-1	0	0	4	0	0	-1	0	25	18	0	0	15	42	18	25	0	0	-1
c24480	-1	-1	0	-1	-1	42	-1	11	-1	-1	25	-1	-1	0	0	0	-1	-1	0	-1	-1	-1	0	-1	-1	0	26	0	-1	0
c24481	-1	0	0	-1	-1	42	18	11	43	0	25	-1	-1	0	0	0	-1	22	0	-1	0	19	0	-1	0	0	26	0	-1	0
c24489	-1	19	-1	19	-1	-1	39	0	0	-1	25	-1	0	11	0	-1	29	22	0	0	0	-1	0	-1	-1	-1	49	-1	14	11
c24491	-1	0	0	-1	-1	0	0	0	-1	0	-1	23	7	-1	-1	19	41	0	0	0	14	0	0	15	25	42	0	-1	0	0
c24495	5	0	22	0	-1	0	0	-1	17	-1	0	0	7	-1	5	-1	47	-1	0	0	0	14	26	15	0	0	11	0	5	25
c24528	0	25	-1	0	-1	0	25	0	37	0	42	26	0	0	4	-1	0	0	11	-1	-1	-1	18	15	0	0	-1	42	27	5
c24545	0	9	26	0	-1	0	0	0	-1	0	0	25	-1	18	-1	-1	15	19	0	26	22	0	0	15	0	0	2	0	-1	0
c24552	-1	0	0	0	-1	42	25	0	0	0	25	0	26	0	0	0	19	22	0	-1	0	19	-1	15	19	-1	0	25	-1	43
c24574	-1	0	0	0	-1	42	5	0	0	0	-1	0	0	0	41	0	-1	22	0	0	0	19	2	15	0	-1	-1	0	0	0
c24577	-1	0	4	-1	-1	42	-1	-1	-1	0	25	0	34	0	0	-1	0	22	0	-1	0	19	-1	15	-1	0	25	0	0	0
c24583	-1	15	0	0	-1	25	-1	39	1	0	-1	0	-1	0	-1	27	0	22	0	0	19	45	43	15	21	6	13	-1	-1	0
c24633	-1	-1	-1	0	-1	-1	0	0	43	0	25	-1	0	0	0	0	0	-1	0	4	0	19	0	-1	42	0	0	-1	-1	0
c24636	0	0	-1	0	-1	-1	0	0	0	0	0	-1	8	0	0	0	0	22	0	0	0	19	0	15	-1	-1	-1	-1	0	0
c24644	0	-1	0	0	-1	25	0	0	-1	40	0	-1	37	6	34	-1	5	0	0	0	22	0	0	15	-1	-1	2	0	0	34
c24658	13	33	0	0	-1	0	0	-1	25	41	-1	0	7	0	0	48	0	22	0	0	0	0	0	15	-1	9	-1	-1	5	50
c24662	0	25	0	0	-1	40	0	0	5	41	0	0	7	0	-1	15	25	22	-1	12	9	0	0	15	0	-1	0	0	5	50
c24676	0	43	0	-1	-1	-1	-1	0	0	0	42	0	27	-1	4	-1	-1	0	0	0	-1	0	-1	15	0	37	25	18	0	0
c24687	0	22	0	0	-1	0	9	-1	11	15	0	25	0	-1	-1	-1	34	5	18	25	-1	0	-1	15	25	0	0	0	-1	33
c24692	1	-1	-1	-1	-1	0	25	-1	19	0	42	0	0	25	-1	-1	25	0	0	26	0	0	29	15	0	0	25	-1	0	25
c24693	1	-1	-1	-1	-1	0	25	50	19	0	42	0	0	25	-1	0	25	0	0	26	-1	0	29	15	0	-1	25	-1	0	-1
c24697	-1	26	-1	-1	-1	0	26	-1	6	0	0	0	13	-1	13	37	41	5	0	8	0	0	-1	15	-1	0	-1	0	0	0
c24701	-1	0	0	-1	-1	42	0	0	43	0	25	0	42	0	0	6	0	22	-1	-1	12	19	0	-1	0	25	0	0	0	0
c24704	5	39	0	0	-1	0	-1	-1	17	0	-1	0	7	0	38	0	-1	22	0	0	19	-1	26	-1	0	0	26	5	5	-1
c24738	-1	0	0	-1	-1	42	0	0	43	0	25	0	-1	0	-1	-1	0	22	0	0	0	19	0	-1	0	0	26	-1	-1	0
c24750	5	0	-1	0	-1	-1	0	26	0	-1	0	0	-1	-1	0	-1	0	-1	0	0	0	25	-1	-1	19	0	30	0	5	-1
c24753	0	0	0	0	-1	0	0	0	0	0	0	25	7	0	-1	-1	0	22	-1	0	13	-1	26	-1	-1	0	5	0	5	10
c24762	0	0	0	50	-1	0	34	-1	0	-1	-1	25	0	0	34	0	0	0	-1	-1	22	0	-1	15	19	0	2	0	0	0
c24772	0	0	-1	0	-1	0	0	-1	5	-1	0	-1	7	0	25	-1	25	22	0	0	0	5	0	15	-1	40	0	0	5	-1
c24780	-1	0	0	0	-1	0	-1	0	5	-1	0	25	7	0	15	27	25	-1	0	0	-1	0	0	15	4	0	0	0	5	50
c24781	-1	0	0	0	-1	0	-1	0	5	-1	0	0	7	0	15	27	25	22	0	0	-1	0	0	15	4	0	0	0	5	50
c24782	0	22	0	0	-1	0	0	0	0	15	0	25	-1	0	0	0	34	5	0	-1	-1	0	0	15	43	0	0	0	-1	0
c24785	41	0	0	0	-1	0	0	-1	-1	0	0	-1	0	-1	34	0	-1	0	4	19	22	0	0	15	-1	0	2	19	0	-1
c24808	0	0	0	50	-1	0	0	0	-1	0	-1	-1	8	45	0	0	0	22	0	0	0	19	0	15	0	0	45	-1	-1	0
c24809	-1	0	0	50	-1	-1	0	-1	11	0	0	-1	8	-1	-1	0	0	-1	0	0	0	19	0	15	0	-1	45	0	0	0
c24814	11	0	0	15	-1	-1	0	14	0	-1	0	-1	8	0	0	0	0	22	26	0	-1	19	0	15	-1	0	2	0	-1	0
c24816	5	0	0	5	-1	0	0	0	17	-1	0	0	-1	0	0	-1	47	22	26	0	0	0	26	15	0	-1	41	-1	5	0
c24843	1	25	0	0	-1	-1	25	0	0	-1	42	0	0	0	4	0	-1	-1	0	-1	0	0	29	15	0	0	25	4	0	0
c24857	1	0	0	0	-1	18	-1	0	0	13	-1	0	0	0	-1	-1	25	0	0	-1	0	0	29	-1	0	0	25	4	43	0
c24863	33	25	0	0	-1	0	0	0	0	0	0	-1	4	0	27	0	0	0	0	0	0	-1	5	15	0	-1	0	0	39	37
c24873	0	-1	25	-1	-1	-1	27	11	-1	-1	0	25	0	-1	34	-1	0	0	-1	-1	22	-1	-1	15	0	0	2	0	0	0
c24878	1	-1	-1	-1	-1	-1	25	0	19	-1	42	-1	0	0	4	-1	25	0	0	26	0	-1	-1	15	0	0	-1	0	0	25
c24879	1	-1	-1	-1	-1	0	-1	0	19	-1	42	0	0	-1	-1	0	-1	0	-1	26	0	27	29	15	0	0	-1	-1	0	-1
c24890	1	0	0	0	-1	-1	-1	0	0	13	42	26	-1	0	-1	0	25	0	-1	0	0	0	29	15	0	14	25	4	0	-1
c24910	-1	0	0	0	-1	42	0	0	43	0	25	-1	-1	0	31	0	42	22	0	0	15	19	0	-1	0	0	-1	-1	4	0
c24917	-1	0	0	0	-1	-1	0	0	-1	0	25	41	0	-1	0	0	-1	22	0	-1	0	19	-1	-1	0	0	0	0	0	13
c24919	25	-1	9	0	-1	-1	-1	0	5	41	26	13	7	0	15	0	25	22	0	-1	16	35	0	-1	4	0	0	0	5	50
c24924	0	-1	21	-1	-1	0	-1	-1	0	4	25	41	-1	0	-1	0	0	22	0	0	-1	-1	26	15	25	0	0	0	5	0
c24930	-1	0	0	50	-1	42	0	0	0	0	25	0	19	0	-1	0	0	-1	0	13	-1	19	25	15	0	-1	0	0	0	0
c24970	0	15	0	0	-1	25	0	39	1	0	0	0	-1	-1	0	0	0	22	0	0	19	0	43	15	21	6	-1	0	5	0
c24971	-1	15	0	0	-1	25	0	39	1	-1	0	-1	-1	0	0	0	-1	22	0	-1	19	0	-1	15	21	6	-1	0	5	0
c24985	-1	26	0	9	-1	0	-1	0	50	-1	14	0	13	-1	-1	0	41	-1	-1	8	-1	0	0	15	-1	-1	25	0	0	0
c24993	5	26	-1	-1	-1	-1	23	42	-1	0	0	-1	7	-1	42	-1	0	22	43	0	0	0	26	-1	0	18	-1	0	5	0
c24997	0	26	-1	0	-1	50	25	0	-1	0	42	-1	0	0	4	0	0	0	0	-1	0	0	0	15	-1	-1	25	0	-1	0
c25020	5	0	-1	0	-1	-1	0	0	17	19	0	0	-1	0	0	0	-1	22	0	19	0	0	26	15	-1	0	41	0	5	0
c25027	11	0	0	-1	-1	0	0	0	26	0	0	-1	7	0	-1	-1	0	22	0	0	13	0	-1	15	30	-1	27	0	-1	10
c25039	-1	-1	50	0	-1	0	-1	-1	0	0	42	0	0	0	4	0	0	0	0	-1	0	0	0	-1	0	0	25	-1	0	0
c25040	0	0	-1	-1	-1	0	-1	-1	0	-1	42	0	0	0	4	0	41	0	-1	-1	0	0	-1	15	43	-1	25	0	6	0
c25056	1	-1	0	0	-1	0	25	0	0	0	42	-1	0	0	4	0	25	0	45	0	0	-1	29	15	0	0	25	0	-1	25
c25064	-1	-1	0	5	-1	34	0	0	0	41	37	-1	7	0	-1	-1	0	22	43	0	0	0	9	15	0	-1	-1	0	5	-1
c25083	-1	-1	-1	11	-1	-1	25	0	19	-1	42	-1	0	0	4	19	-1	0	0	26	-1	27	29	-1	0	0	-1	0	0	-1
c25087	-1	0	-1	50	-1	42	-1	0	26	0	-1	-1	0	0	41	0	0	-1	0	0	0	19	0	-1	0	0	0	19	0	0
c25136	-1	-1	0	0	-1	42	-1	-1	43	0	25	0	0	0	26	0	42	22	-1	0	-1	-1	-1	-1	0	0	0	37	4	0
c25137	-1	-1	0	0	-1	42	0	-1	43	0	25	0	0	0	26	0	42	22	-1	0	15	-1	0	-1	0	0	0	37	4	0
c25171	-1	0	0	19	-1	42	0	-1	0	0	25	-1	0	0	19	22	31	22	-1	42	0	19	0	15	0	0	0	-1	-1	26
c25173	-1	0	0	0	-1	42	-1	0	43	0	-1	-1	0	0	0	-1	42	22	19	-1	15	-1	5	-1	0	0	0	-1	4	-1
c25175	-1	0	0	-1	-1	-1	0	0	0	0	25	0	0	0	18	0	31	22	0	-1	0	19	-1	15	-1	-1	-1	0	0	26
c25185	-1	0	-1	0	-1	42	0	0	0	0	25	0	0	0	-1	0	31	22	0	42	0	19	0	15	0	0	0	0	0	-1
c25186	-1	0	-1	0	-1	42	0	19	-1	0	25	0	0	-1	-1	-1	0	22	0	-1	0	19	-1	15	0	-1	-1	8	0	0
c25202	0	0	-1	0	-1	0	0	0	0	0	0	-1	0	27	34	5	0	0	0	14	22	42	0	15	0	43	2	0	0	1
c25212	-1	15	50	0	-1	-1	-1	-1	5	0	42	33	0	25	4	0	0	0	0	-1	0	13	25	-1	-1	-1	25	0	0	0
c25215	0	0	6	-1	-1	0	25	0	0	-1	42	0	0	-1	4	0	-1	0	0	45	0	-1	0	-1	0	0	25	0	0	0
c25248	5	26	-1	0	-1	0	23	42	7	0	0	7	7	0	0	0	0	22	-1	0	0	39	26	15	0	0	-1	0	5	-1
c25259	0	-1	50	0	-1	-1	-1	-1	0	-1	42	0	-1	0	4	0	0	0	-1	-1	0	0	0	15	23	0	25	26	-1	0
c25264	25	0	-1	37	-1	0	-1	-1	19	0	26	0	7	0	-1	-1	0	22	-1	0	13	0	26	-1	0	40	-1	0	-1	10
c25272	5	0	0	34	-1	-1	0	26	25	-1	0	0	7	19	0	-1	-1	22	0	0	0	25	0	15	0	-1	-1	-1	5	0
c25298	-1	0	0	-1	-1	42	0	0	43	0	25	-1	-1	0	0	11	-1	22	-1	-1	-1	19	0	-1	0	0	-1	0	0	50
c25299	-1	0	0	0	-1	42	-1	-1	43	0	25	25	0	0	0	11	0	22	0	-1	0	-1	0	-1	0	0	0	0	0	50
c25302	-1	0	0	0	-1	-1	6	-1	-1	0	18	0	7	0	0	0	47	22	0	-1	-1	0	26	-1	-1	0	0	0	-1	0
c25303	5	0	0	0	-1	5	6	0	17	0	18	0	7	0	0	0	47	22	-1	-1	0	0	26	-1	0	0	0	0	-1	0
c25326	-1	-1	0	50	-1	42	0	23	0	0	-1	11	5	-1	41	0	-1	-1	-1	0	7	19	0	-1	0	0	-1	-1	-1	0
c25330	0	0	0	0	-1	-1	-1	-1	5	41	0	0	7	19	0	0	25	-1	0	0	0	26	0	15	0	0	0	28	5	50
c25356	-1	0	0	-1	-1	42	0	0	0	0	25	0	0	37	0	0	19	-1	0	0	0	19	0	15	-1	0	0	6	0	0
c25366	-1	0	0	0	-1	-1	-1	-1	43	0	-1	0	-1	-1	0	0	42	22	19	0	15	19	5	-1	0	0	0	37	-1	0
c25367	-1	0	0	0	-1	42	-1	-1	43	0	-1	0	-1	0	0	0	42	22	19	0	15	19	5	-1	0	0	0	37	-1	0
c25385	0	19	0	50	-1	25	50	39	0	0	-1	0	-1	0	-1	0	0	22	0	25	0	-1	-1	15	0	0	0	5	-1	0
c25390	0	19	-1	19	-1	0	28	0	0	0	0	25	7	19	-1	-1	0	22	0	0	13	25	26	15	41	0	0	-1	-1	10
c25398	0	4	-1	50	-1	0	25	0	26	0	42	0	0	0	-1	39	5	41	-1	0	8	0	-1	15	-1	0	25	-1	0	0
c25417	-1	-1	25	0	-1	42	0	0	5	-1	25	-1	0	0	0	0	-1	22	0	-1	0	19	-1	15	0	45	0	0	0	0
c25421	33	0	0	0	-1	0	0	0	-1	0	0	0	-1	0	27	0	0	-1	0	0	0	0	5	15	-1	0	1	0	-1	0
c25426	0	0	37	50	-1	0	-1	0	0	-1	42	25	-1	-1	34	0	19	42	0	19	22	27	0	15	0	-1	2	0	0	0
c25428	5	0	0	0	-1	0	0	26	0	-1	23	0	7	0	0	0	0	22	0	0	0	25	0	-1	0	-1	0	0	-1	-1
c25448	0	26	0	9	-1	0	7	0	0	0	0	0	13	-1	15	0	41	43	-1	8	0	-1	-1	15	-1	0	0	0	25	0
c25455	5	42	0	0	-1	0	-1	0	17	0	0	0	-1	0	0	0	47	22	-1	0	-1	0	26	-1	0	0	0	0	5	14
c25467	0	0	-1	0	-1	41	0	0	0	35	0	25	7	0	-1	0	-1	-1	0	0	13	25	26	15	41	0	11	0	5	10
c25483	-1	0	0	19	-1	42	0	0	0	19	25	0	0	0	19	19	31	-1	0	42	0	19	0	15	0	0	0	0	0	26
c25490	-1	25	0	35	-1	0	-1	0	0	0	42	26	42	25	-1	0	0	0	0	0	0	0	18	15	0	-1	25	0	0	-1
c25498	-1	42	0	0	-1	42	-1	0	-1	-1	25	0	0	0	19	19	26	22	0	6	0	19	0	15	50	0	0	-1	-1	0
c25499	-1	42	0	0	-1	42	-1	0	-1	-1	25	0	0	0	19	19	26	22	0	6	0	19	0	15	50	0	0	-1	-1	0
c25518	0	0	0	0	-1	-1	0	0	0	41	-1	0	7	0	40	0	-1	22	0	0	14	0	0	15	0	0	0	0	5	50
c25520	-1	-1	-1	0	-1	0	0	0	0	0	0	-1	7	0	-1	0	25	22	0	0	13	25	-1	15	6	40	0	25	5	10
c25532	0	0	0	-1	-1	-1	-1	-1	0	0	0	-1	0	0	39	-1	0	20	0	0	-1	-1	-1	15	0	0	0	0	0	0
c25552	0	22	0	0	-1	-1	0	0	0	15	-1	25	0	-1	-1	0	-1	5	5	0	0	0	0	15	0	-1	0	0	0	0
c25577	-1	0	13	-1	-1	42	0	0	0	13	25	0	0	0	0	0	19	22	0	0	-1	19	50	15	19	0	0	0	0	-1
c25589	0	0	0	0	-1	34	0	0	0	41	37	0	-1	0	0	-1	0	-1	43	0	0	0	-1	15	0	0	0	-1	5	-1
c25591	-1	11	4	-1	-1	0	0	0	0	7	-1	0	-1	-1	0	0	41	0	37	0	0	0	0	15	0	-1	0	0	-1	0
c25599	-1	-1	0	-1	-1	42	0	0	-1	0	25	0	-1	0	0	-1	0	22	0	0	0	19	0	-1	0	0	0	0	0	0
c25600	1	-1	0	0	-1	0	25	0	0	-1	42	0	0	34	4	0	25	0	0	0	0	0	-1	15	-1	0	-1	35	0	25
c25615	5	-1	31	25	-1	-1	0	-1	-1	-1	0	0	7	0	0	5	0	22	0	0	0	-1	26	15	0	0	48	0	5	0
c25630	0	0	0	18	-1	0	25	0	-1	0	-1	19	0	-1	4	0	0	0	0	-1	14	25	-1	-1	27	-1	25	0	0	-1
c25640	-1	-1	50	0	-1	-1	25	0	5	0	42	33	0	25	4	-1	0	0	0	-1	0	13	41	-1	-1	0	25	0	0	-1
c25651	40	-1	-1	-1	-1	42	0	-1	15	0	0	0	13	-1	0	0	41	41	0	8	0	-1	0	15	-1	5	-1	0	-1	0
c25652	25	0	0	0	-1	25	0	39	1	0	-1	0	-1	4	0	0	0	22	0	18	0	0	43	15	21	6	0	-1	5	13
c25657	0	15	-1	0	-1	-1	-1	7	0	5	0	23	7	-1	25	19	41	-1	-1	26	14	0	0	15	-1	0	0	0	0	0
c25695	33	27	45	0	-1	0	50	0	0	-1	19	0	0	43	27	-1	0	0	-1	15	43	0	-1	15	0	-1	0	13	0	-1
c25701	0	15	50	-1	-1	0	-1	0	0	0	-1	0	0	-1	-1	4	0	0	6	-1	0	0	0	15	0	0	25	-1	-1	0
c25710	5	26	0	0	-1	43	0	0	-1	0	14	0	-1	0	0	0	-1	22	0	0	0	0	-1	15	0	0	0	0	5	0
c25716	0	-1	-1	19	-1	0	0	0	0	0	21	25	7	0	-1	0	-1	22	0	-1	13	-1	26	15	-1	-1	0	0	5	10
c25717	0	-1	-1	-1	-1	48	-1	0	0	0	21	-1	7	0	-1	0	0	-1	-1	0	13	25	26	15	41	0	0	0	5	10
c25718	1	1	0	0	-1	0	-1	-1	-1	-1	0	0	-1	-1	15	0	-1	22	0	-1	0	0	0	15	4	-1	0	0	5	-1
c25729	13	0	0	0	-1	0	-1	19	25	41	27	0	7	0	0	48	0	22	0	0	0	0	0	15	0	9	0	0	5	50
c25733	9	22	0	35	-1	0	0	0	0	-1	0	25	0	0	-1	41	-1	5	0	0	0	-1	0	15	-1	0	-1	0	43	-1
c25750	-1	-1	0	0	-1	42	14	0	43	0	25	0	43	0	0	0	26	22	0	11	0	19	-1	15	50	0	0	0	13	0
c25762	0	-1	0	0	-1	0	0	0	0	0	0	25	-1	0	-1	0	0	22	-1	0	13	-1	26	15	41	0	0	0	5	10
c25771	5	42	0	0	-1	0	0	0	17	-1	0	0	7	0	0	0	47	-1	0	0	-1	0	26	15	0	0	0	0	5	14
c25772	0	0	37	-1	-1	0	45	0	0	0	-1	25	0	9	34	42	15	26	0	6	22	19	43	15	4	9	2	0	0	0
c25777	-1	-1	0	50	-1	42	0	-1	0	-1	25	0	0	0	41	0	0	-1	0	-1	0	19	0	15	0	0	0	19	0	0
c25778	0	0	0	0	-1	34	0	0	0	41	37	0	7	0	0	0	0	-1	43	0	0	0	9	15	0	0	0	0	5	-1
c25792	0	-1	-1	-1	-1	0	0	-1	15	0	0	25	37	6	34	0	0	0	25	0	22	-1	0	15	-1	-1	-1	-1	-1	0
c25795	26	0	15	19	-1	26	25	19	-1	-1	42	0	0	-1	4	0	-1	0	-1	0	-1	0	0	-1	5	0	25	-1	0	0
c25798	33	0	26	-1	-1	-1	0	-1	-1	0	0	0	4	0	27	0	42	-1	0	0	0	5	5	15	0	-1	0	0	0	0
c25799	33	0	-1	-1	-1	37	-1	0	-1	0	0	0	4	-1	27	0	42	0	0	0	0	5	-1	15	0	-1	0	0	0	0
c25801	0	-1	50	-1	-1	40	-1	0	19	8	42	0	0	0	4	-1	0	0	-1	-1	30	0	0	15	0	0	-1	26	0	-1
c25805	-1	0	0	0	-1	0	0	0	-1	0	0	19	13	-1	0	0	41	0	0	8	0	0	-1	15	-1	2	11	19	-1	0
c25808	5	0	0	0	-1	0	-1	26	0	-1	0	0	7	0	0	-1	0	22	0	0	0	25	0	15	0	-1	0	0	5	-1
c25824	-1	0	-1	-1	-1	42	0	25	43	0	-1	0	0	-1	0	0	42	22	0	0	15	19	0	-1	0	0	0	0	-1	0
c25856	0	25	0	-1	-1	-1	25	-1	0	0	42	0	0	0	4	-1	0	0	0	0	0	26	18	15	0	-1	25	0	-1	0
c25862	1	-1	-1	0	-1	18	25	0	19	-1	42	0	-1	20	4	0	25	0	0	26	0	27	29	15	0	0	-1	0	0	25
c25863	1	-1	-1	0	-1	18	25	-1	19	-1	-1	0	0	20	-1	0	25	0	0	26	0	27	29	15	0	-1	-1	-1	-1	25
c25880	-1	22	-1	0	-1	0	0	0	0	-1	27	-1	0	-1	0	0	34	5	0	0	0	-1	0	15	0	0	0	0	0	0
c25927	0	-1	0	9	-1	0	26	0	0	-1	0	0	-1	-1	25	0	41	5	25	8	0	0	0	15	-1	0	0	0	-1	-1
c25968	-1	0	0	-1	-1	42	-1	-1	43	0	25	13	9	-1	-1	0	0	-1	0	0	-1	19	0	15	0	0	41	0	0	0
c25976	-1	-1	-1	50	-1	42	0	-1	0	0	-1	0	0	-1	41	0	0	-1	-1	0	25	19	39	15	-1	0	0	-1	0	-1
c25978	-1	-1	0	0	-1	42	5	0	13	0	25	0	0	0	0	-1	0	22	0	0	-1	19	0	15	0	0	0	0	-1	0
c25999	-1	0	0	0	-1	42	0	0	43	0	25	41	0	-1	0	-1	-1	22	0	0	0	19	0	-1	0	0	37	12	0	13
c26000	-1	0	25	-1	-1	42	0	0	5	0	25	0	0	0	0	0	37	22	0	19	0	19	35	15	0	0	0	0	0	19
c26007	-1	0	-1	50	-1	42	-1	0	-1	-1	25	0	0	0	41	0	-1	-1	-1	0	14	19	25	-1	0	0	0	19	0	0
c26018	-1	0	0	0	-1	42	26	0	0	0	25	0	15	0	0	15	19	22	0	0	19	19	0	15	19	0	0	35	45	0
c26053	6	22	0	0	-1	39	0	-1	0	-1	-1	25	0	0	0	15	34	5	0	25	-1	0	0	15	0	0	0	0	38	14
c26054	0	0	4	0	-1	-1	0	0	0	0	-1	-1	26	-1	0	0	41	5	0	33	0	0	0	15	0	0	0	0	-1	0
c26060	0	0	-1	0	-1	8	-1	1	0	0	0	-1	26	-1	-1	0	41	0	0	0	-1	0	-1	15	-1	25	-1	15	-1	0
c26068	-1	-1	0	0	-1	42	0	0	43	0	25	0	0	-1	0	0	42	22	0	-1	-1	19	0	-1	0	0	0	37	4	0
c26077	0	0	5	0	-1	18	0	0	18	0	17	-1	-1	0	0	0	0	22	0	-1	50	19	0	15	0	0	11	0	-1	0
c26084	0	26	0	9	-1	-1	26	0	0	0	6	0	13	-1	0	0	41	0	15	8	0	0	0	-1	-1	-1	37	0	19	0
c26088	0	0	50	0	-1	40	-1	0	19	-1	42	0	0	-1	4	-1	0	0	0	-1	-1	0	-1	-1	0	0	-1	26	0	0
c26094	-1	0	0	0	-1	42	-1	-1	-1	26	25	0	0	8	6	0	0	22	18	25	0	19	-1	15	-1	25	37	0	0	0
c26106	0	0	0	8	-1	26	25	0	0	0	42	0	0	0	-1	0	-1	0	15	0	0	0	0	15	-1	0	25	0	25	0
c26115	-1	0	4	42	-1	42	-1	-1	0	0	25	-1	-1	0	0	-1	0	22	-1	0	0	-1	-1	-1	-1	0	25	0	0	0
c26140	33	0	0	0	-1	34	0	0	0	0	0	14	4	0	27	0	-1	-1	0	-1	0	0	5	15	0	38	0	0	0	0
c26173	0	25	0	-1	-1	0	25	0	-1	-1	-1	0	0	0	4	0	0	0	3	25	0	0	18	15	0	0	25	-1	0	19
c26178	0	0	-1	0	-1	42	0	12	0	25	0	-1	8	0	0	0	0	22	25	0	0	19	0	15	0	0	45	0	0	0
c26194	-1	0	-1	0	-1	42	26	-1	-1	25	25	0	5	-1	-1	-1	0	22	6	25	-1	19	-1	15	0	-1	0	-1	-1	7
c26195	-1	0	5	0	-1	42	26	0	0	25	25	0	5	39	-1	0	0	22	6	25	0	19	5	15	0	0	0	-1	40	7
c26219	-1	0	50	0	-1	0	25	40	0	25	42	-1	0	38	4	0	0	0	0	-1	0	-1	0	-1	0	0	25	0	0	-1
c26222	-1	-1	-1	-1	-1	42	0	0	-1	0	25	0	0	0	19	-1	26	22	0	-1	0	19	-1	15	50	0	-1	0	0	-1
c26223	-1	42	0	0	-1	42	0	0	-1	0	-1	0	0	0	19	19	26	22	0	6	0	19	0	-1	50	0	0	0	0	0
c26228	-1	0	0	-1	-1	42	0	0	43	0	-1	0	-1	-1	-1	0	0	22	39	-1	0	19	0	-1	-1	6	-1	-1	14	37
c26231	0	15	-1	50	-1	0	0	0	0	-1	0	25	0	0	-1	-1	-1	-1	0	-1	22	1	0	15	-1	0	2	0	-1	0
c26234	0	22	0	0	-1	-1	26	0	0	15	42	25	0	0	0	0	34	5	0	0	9	0	0	15	26	0	0	-1	0	0
c26239	-1	-1	-1	-1	-1	42	-1	39	0	0	-1	0	0	0	11	0	31	22	0	42	-1	19	0	15	0	0	0	35	0	26
c26257	-1	0	0	0	-1	42	0	0	0	-1	25	0	-1	-1	-1	0	0	22	0	25	0	19	-1	-1	0	-1	37	0	-1	0
c26264	-1	-1	0	-1	-1	42	-1	-1	0	0	25	0	0	-1	0	0	-1	22	0	-1	-1	19	0	-1	-1	0	0	-1	0	0
c26281	-1	0	0	2	-1	0	37	-1	38	0	0	26	7	0	0	0	-1	22	0	0	42	0	0	15	0	40	41	-1	5	4
c26308	11	0	0	0	-1	0	-1	0	-1	0	-1	0	26	-1	0	0	41	38	41	0	5	0	0	15	0	19	0	15	-1	-1
c26318	-1	0	25	0	-1	42	0	0	5	-1	25	0	0	0	0	0	25	22	0	0	0	19	0	15	0	0	8	0	25	31
c26319	-1	0	25	0	-1	42	0	-1	5	-1	25	0	0	0	0	-1	25	22	0	0	-1	19	-1	-1	0	0	8	0	25	31
c26320	0	0	0	0	-1	25	0	39	-1	0	0	0	-1	0	0	24	0	22	-1	0	25	0	43	-1	21	6	0	0	5	-1
c26336	5	0	0	0	-1	43	0	0	-1	19	0	0	-1	0	0	0	47	22	-1	0	-1	-1	-1	15	0	0	0	0	5	-1
c26344	-1	-1	0	-1	-1	0	25	0	0	-1	42	0	0	-1	4	0	0	0	-1	-1	-1	0	18	15	0	-1	25	0	30	-1
c26346	0	0	5	9	-1	18	0	-1	0	0	17	-1	-1	0	-1	-1	0	22	0	0	-1	19	0	15	0	-1	11	25	1	0
c26349	-1	0	-1	0	-1	42	0	34	43	-1	25	0	0	0	25	0	0	22	0	0	0	19	0	-1	0	0	0	-1	-1	0
c26352	0	0	-1	0	-1	-1	25	0	-1	-1	42	0	0	0	-1	0	43	0	0	0	0	-1	0	15	42	0	25	0	25	0
c26369	-1	0	0	19	-1	42	-1	0	0	0	25	19	0	-1	19	0	31	-1	0	42	0	19	49	15	0	0	0	-1	0	26
c26377	-1	0	25	0	-1	42	0	0	5	0	25	26	0	7	0	0	0	22	0	-1	0	19	0	15	0	0	0	0	0	0
c26379	0	0	0	-1	-1	0	25	0	26	-1	42	-1	-1	0	-1	39	5	0	-1	0	8	0	0	-1	22	0	25	0	0	-1
c26385	0	-1	0	-1	-1	0	-1	-1	5	41	25	0	7	-1	-1	26	25	-1	0	0	0	0	0	15	4	0	0	0	-1	50
c26386	-1	26	0	-1	-1	-1	0	-1	50	0	14	0	13	-1	0	0	41	0	0	8	0	25	0	15	-1	-1	-1	0	0	-1
c26448	5	0	0	-1	-1	0	-1	0	17	0	-1	0	-1	0	0	0	47	22	0	25	0	0	26	15	0	0	19	0	-1	0
c26467	-1	0	0	50	-1	42	0	0	0	0	25	-1	0	39	4	0	0	22	0	0	0	19	0	15	-1	0	0	-1	0	0
c26479	5	42	26	0	-1	8	0	0	-1	0	0	0	7	0	0	0	47	22	38	0	-1	0	26	15	-1	0	0	0	-1	14
c26483	0	-1	21	26	-1	0	-1	-1	0	4	25	41	7	0	-1	0	0	22	0	0	5	-1	26	-1	25	0	0	0	5	0
c26490	5	37	0	0	-1	0	25	0	25	0	-1	-1	0	0	4	0	25	-1	0	0	0	0	29	15	0	11	-1	0	0	-1
c26502	0	0	45	19	-1	0	6	25	0	-1	19	25	7	0	-1	0	-1	22	29	0	-1	25	26	-1	0	0	5	0	5	10
c26507	0	0	-1	0	-1	-1	7	-1	-1	41	-1	0	7	4	-1	0	-1	22	0	0	25	-1	0	15	-1	-1	0	28	-1	50
c26508	-1	0	0	0	-1	-1	0	0	43	0	25	-1	-1	0	0	0	-1	-1	19	0	15	-1	5	-1	0	0	0	-1	4	0
c26509	-1	0	0	-1	-1	-1	0	0	43	-1	25	0	0	-1	0	-1	42	22	19	-1	15	19	-1	-1	0	-1	0	37	-1	0
c26516	-1	25	43	0	-1	42	0	0	-1	0	25	26	-1	0	-1	0	42	22	0	0	15	19	0	-1	0	11	0	0	0	0
c26518	-1	0	25	2	-1	0	37	-1	38	0	-1	18	7	0	-1	-1	0	-1	1	0	0	1	0	-1	0	16	41	0	5	-1
c26524	-1	0	-1	-1	-1	42	-1	0	-1	0	25	0	34	-1	25	0	0	22	-1	0	-1	19	0	15	-1	0	0	-1	0	0
c26537	-1	0	25	0	-1	42	0	0	5	-1	25	0	0	0	0	0	0	22	-1	0	0	-1	-1	-1	0	42	0	0	0	0
c26543	33	0	41	0	-1	25	0	0	0	-1	0	0	4	26	-1	-1	0	-1	0	0	0	0	5	15	-1	0	0	-1	0	0
c26552	0	-1	0	9	-1	0	26	0	0	0	26	0	-1	-1	0	0	41	5	0	-1	0	-1	0	15	-1	-1	0	0	19	-1
c26563	-1	-1	0	0	-1	42	0	0	-1	0	-1	0	19	0	-1	0	42	22	0	0	15	19	0	-1	0	0	-1	37	4	37
c26566	-1	0	0	0	-1	0	0	-1	17	0	-1	0	7	0	-1	0	47	-1	-1	0	19	-1	26	-1	0	0	26	5	5	0
c26570	-1	-1	4	42	-1	42	-1	-1	0	0	25	0	34	0	0	0	-1	-1	0	-1	0	19	7	15	-1	0	25	0	0	0
c26571	-1	0	4	-1	-1	-1	-1	-1	-1	0	25	0	34	0	0	0	0	22	0	-1	0	19	7	15	0	0	25	0	0	0
c26578	-1	0	25	0	-1	42	0	0	5	-1	25	0	0	0	0	0	25	22	-1	26	0	19	-1	15	-1	0	8	0	25	0
c26579	-1	0	25	0	-1	42	0	0	5	-1	-1	0	-1	0	0	0	25	-1	-1	26	0	19	0	15	0	0	-1	0	25	0
c26596	-1	0	0	0	-1	0	0	0	0	0	0	25	7	0	-1	-1	0	22	0	45	13	25	-1	15	-1	-1	0	0	5	10
c26617	0	42	0	13	-1	-1	0	0	0	-1	0	-1	8	0	-1	-1	-1	22	0	12	0	19	-1	15	0	-1	25	0	38	0
c26624	-1	-1	0	50	-1	42	-1	0	0	0	25	0	0	-1	-1	0	0	-1	0	0	0	19	-1	-1	15	0	0	0	-1	0
c26635	-1	0	-1	-1	-1	42	0	-1	-1	0	25	0	-1	0	0	0	0	22	0	-1	0	19	0	-1	0	25	0	0	0	37
c26640	0	-1	-1	50	-1	0	25	-1	-1	0	-1	0	0	2	-1	0	5	0	-1	-1	8	0	0	15	22	11	25	39	-1	0
c26646	-1	2	0	0	-1	-1	14	0	43	-1	25	0	0	0	0	0	26	22	14	11	0	19	0	15	50	0	-1	0	13	0
c26654	11	0	0	6	-1	34	0	0	29	41	37	-1	7	-1	28	0	0	22	43	-1	0	14	-1	-1	0	0	0	-1	-1	-1
c26655	-1	0	0	6	-1	34	0	0	29	41	37	0	7	-1	28	0	0	22	43	-1	0	14	19	-1	-1	0	0	0	-1	-1
c26665	0	0	0	-1	-1	0	25	-1	0	0	42	0	0	0	4	0	8	0	0	0	0	0	0	15	0	0	25	-1	0	0
c26694	0	26	0	-1	-1	-1	0	0	-1	-1	0	-1	7	0	-1	0	0	22	0	0	13	0	26	-1	0	40	-1	0	-1	10
c26706	-1	2	0	-1	-1	42	0	-1	0	-1	25	11	19	0	0	-1	0	22	0	26	0	19	34	15	0	-1	0	11	-1	0
c26716	5	0	0	0	-1	-1	0	26	0	-1	0	19	7	45	-1	-1	0	22	0	0	0	25	0	15	0	-1	0	-1	5	0
c26721	16	-1	43	-1	-1	0	0	0	-1	-1	0	-1	8	-1	-1	0	0	22	0	25	0	19	0	15	-1	0	0	-1	4	-1
c26722	-1	25	43	0	-1	42	0	0	43	0	-1	26	5	-1	0	0	42	22	0	0	15	-1	0	-1	0	-1	0	0	0	0
c26725	0	43	-1	0	-1	39	25	-1	42	0	-1	0	0	0	4	0	0	0	0	-1	0	0	0	15	-1	-1	25	0	6	-1
c26727	0	0	0	0	-1	-1	0	39	1	-1	-1	8	-1	0	0	43	-1	22	-1	0	5	0	0	15	-1	0	0	0	-1	0
c26733	0	15	-1	0	-1	-1	-1	0	0	0	-1	9	7	25	-1	0	0	22	26	0	13	0	26	15	0	0	0	0	-1	10
c26734	11	0	0	-1	-1	0	0	0	-1	0	0	19	26	-1	0	-1	-1	38	-1	-1	-1	-1	0	15	0	19	11	-1	-1	-1
c26743	-1	0	0	-1	-1	0	0	0	19	0	26	0	7	-1	-1	-1	0	-1	-1	0	13	-1	26	-1	-1	40	15	0	5	-1
c26746	1	0	0	0	-1	0	25	-1	0	13	42	26	0	-1	4	0	25	0	0	-1	0	-1	29	15	-1	0	-1	0	0	-1
c26750	0	0	0	-1	-1	0	-1	-1	38	0	0	26	7	0	-1	0	-1	22	-1	0	0	0	0	15	0	40	-1	-1	5	4
c26757	-1	0	0	0	-1	27	-1	42	7	25	0	0	7	0	0	0	-1	22	0	0	-1	0	26	15	39	-1	-1	0	-1	0
c26788	0	-1	0	4	-1	-1	0	0	0	0	0	25	-1	0	34	-1	0	-1	-1	-1	22	0	26	-1	0	43	2	-1	25	0
c26801	0	26	0	9	-1	0	0	0	0	0	2	0	13	-1	-1	0	41	5	50	8	0	0	-1	-1	-1	-1	11	-1	-1	0
c26810	-1	22	30	30	-1	0	0	0	0	15	7	25	-1	0	0	0	34	5	39	0	-1	42	0	15	0	0	0	0	0	39
c26824	0	0	0	0	-1	0	-1	42	7	25	0	0	7	0	0	0	-1	22	-1	0	-1	-1	26	15	-1	0	-1	0	5	8
c26850	-1	0	0	21	-1	42	0	0	43	-1	25	0	0	-1	-1	0	0	22	0	0	0	19	0	-1	0	0	-1	0	0	0
c26851	-1	0	-1	21	-1	42	0	0	43	0	25	0	-1	0	0	0	0	22	0	0	0	19	0	-1	0	-1	0	0	0	0
c26895	0	0	0	0	-1	-1	0	0	-1	41	0	0	7	0	0	15	-1	22	-1	0	0	-1	0	15	0	0	0	0	5	-1
c26906	-1	0	0	2	-1	42	0	0	43	43	25	0	-1	-1	0	0	42	22	-1	0	15	19	-1	-1	0	0	0	31	0	0
c26949	0	0	50	0	-1	0	25	0	0	0	42	0	0	0	4	0	0	-1	-1	-1	-1	0	0	15	23	0	25	26	0	0
c26969	2	0	50	-1	-1	0	-1	0	0	0	42	-1	-1	0	-1	-1	-1	0	-1	-1	0	-1	0	-1	0	-1	-1	26	0	22
c26982	-1	-1	5	0	-1	0	25	-1	25	-1	42	0	-1	-1	4	0	25	0	0	-1	-1	-1	29	15	0	0	25	39	1	0
c26987	0	0	-1	25	-1	-1	-1	0	5	41	-1	-1	7	0	15	0	25	22	-1	0	0	0	-1	-1	4	-1	0	37	-1	-1
c26995	-1	0	0	50	-1	42	0	0	0	0	25	0	0	0	41	0	0	-1	0	0	0	19	0	15	0	0	0	0	0	0
c27019	19	22	0	0	-1	0	0	0	0	15	0	25	0	0	11	0	34	5	0	0	0	0	0	15	-1	-1	-1	0	0	0
c27034	-1	26	-1	9	-1	0	0	0	50	0	14	0	13	-1	0	0	41	41	0	8	0	0	0	15	-1	0	25	0	0	39
c27048	-1	0	0	50	-1	42	0	0	0	0	25	14	11	0	41	0	0	-1	-1	0	-1	19	0	15	19	-1	-1	19	0	0
c27050	0	-1	0	-1	-1	0	25	0	50	0	-1	0	0	0	4	0	-1	0	0	25	-1	25	-1	15	45	0	-1	-1	0	19
c27062	-1	0	0	0	-1	-1	0	0	43	0	25	0	-1	0	0	0	0	22	0	-1	0	19	0	-1	0	0	0	0	0	37
c27063	-1	0	0	0	-1	42	0	0	43	-1	25	0	-1	0	0	0	0	-1	-1	0	0	19	0	-1	0	-1	0	0	0	37
c27072	5	0	-1	0	-1	0	5	26	0	-1	0	-1	7	0	0	0	0	22	0	0	0	25	15	-1	0	-1	0	0	5	-1
c27076	5	0	-1	0	-1	0	15	-1	0	-1	-1	0	7	-1	0	0	0	22	0	0	0	25	0	15	0	-1	0	-1	-1	-1
c27078	-1	19	0	-1	-1	42	-1	0	0	0	25	-1	-1	0	0	0	0	22	0	0	0	19	0	-1	0	0	0	-1	0	0
c27084	1	0	0	24	-1	18	25	0	21	13	42	25	0	0	4	0	-1	0	0	0	-1	0	29	15	5	-1	25	4	0	35
c27090	0	11	0	0	-1	0	-1	42	7	25	0	0	7	0	0	-1	0	22	0	0	0	4	26	15	0	-1	-1	25	5	0
c27093	25	-1	37	0	-1	27	0	-1	0	18	0	25	37	-1	-1	22	7	5	0	0	22	0	0	15	-1	-1	-1	-1	0	0
c27098	-1	0	-1	42	-1	42	-1	-1	21	0	25	0	34	0	0	0	0	-1	0	-1	0	19	7	15	0	0	25	0	0	0
c27113	-1	0	-1	42	-1	42	-1	0	0	0	25	0	34	0	25	0	0	22	0	0	-1	-1	0	-1	0	0	0	0	0	0
c27159	-1	0	0	-1	-1	42	0	0	0	0	25	0	0	0	41	0	0	-1	0	0	0	19	-1	15	0	0	0	19	0	-1
c27160	0	0	0	-1	-1	0	-1	-1	0	0	0	25	7	43	-1	0	-1	22	0	-1	13	25	26	15	41	0	0	25	5	10
c27162	0	0	5	30	-1	0	0	15	16	-1	0	25	7	-1	-1	0	0	22	11	43	-1	-1	26	15	0	0	5	0	5	-1
c27174	0	0	-1	0	-1	0	-1	-1	18	0	5	25	-1	0	34	49	0	0	0	-1	22	42	0	15	0	43	2	-1	0	4
c27182	-1	2	0	-1	-1	42	0	-1	0	-1	25	11	19	0	0	-1	0	22	0	-1	0	19	34	15	-1	0	-1	11	-1	0
c27193	0	43	-1	0	-1	0	25	-1	-1	0	-1	-1	-1	0	4	-1	0	41	49	50	-1	40	0	15	0	0	-1	-1	-1	0
c27194	-1	-1	0	50	-1	42	2	27	0	0	25	-1	0	39	0	0	0	22	0	0	50	-1	0	15	0	1	15	0	0	0
c27207	0	25	0	0	-1	0	25	0	0	0	42	0	0	0	4	0	-1	-1	13	0	0	0	18	15	2	0	25	0	0	0
c27212	-1	25	0	0	-1	42	0	-1	26	0	25	0	-1	0	-1	8	0	22	40	0	0	-1	-1	15	0	0	0	-1	0	0
c27213	-1	25	0	0	-1	42	0	0	26	0	25	-1	-1	0	-1	8	0	22	40	0	0	19	-1	15	-1	0	0	-1	0	-1
c27215	0	25	45	0	-1	-1	25	-1	0	0	42	0	0	0	4	0	12	0	0	0	0	26	18	15	0	26	25	0	0	0
c27219	41	0	0	0	-1	0	0	0	0	0	37	25	-1	9	34	0	-1	0	0	0	22	0	0	15	4	0	2	0	0	0
c27238	0	0	0	-1	-1	0	25	0	0	26	-1	5	0	0	4	0	8	0	0	0	0	-1	0	15	0	-1	25	0	0	0
c27245	-1	0	2	0	-1	0	-1	0	0	0	0	25	-1	0	34	-1	0	39	-1	0	22	-1	40	15	0	19	2	0	26	0
c27257	0	18	0	0	-1	0	0	-1	5	-1	0	0	7	-1	15	0	25	-1	-1	0	0	0	0	15	4	0	0	-1	5	-1
c27258	0	41	50	0	-1	0	25	0	0	-1	42	0	15	0	-1	0	0	-1	0	-1	11	22	-1	15	0	-1	25	0	6	39
c27259	0	41	50	0	-1	0	25	-1	0	0	-1	-1	15	0	4	0	-1	0	0	-1	11	-1	15	-1	0	-1	25	0	6	-1
c27262	0	0	0	0	-1	0	0	0	14	0	2	-1	0	18	14	0	-1	-1	-1	0	35	0	-1	-1	0	15	0	0	0	8
c27272	43	0	0	0	-1	0	25	0	-1	0	-1	19	0	-1	4	0	37	-1	0	-1	7	-1	0	15	0	0	25	4	0	0
c27307	0	0	0	0	-1	-1	25	-1	0	-1	42	0	0	-1	4	12	0	-1	0	25	0	-1	-1	15	42	0	25	0	0	0
c27314	-1	22	0	0	-1	0	0	4	-1	15	0	25	-1	-1	0	0	34	5	-1	25	-1	0	-1	15	0	0	0	0	0	0
c27328	-1	0	-1	0	-1	42	0	0	0	25	-1	0	0	0	0	0	31	22	0	42	-1	19	0	15	0	0	4	0	-1	-1
c27336	5	0	-1	-1	-1	8	-1	0	17	-1	-1	0	-1	26	0	27	47	22	0	0	0	-1	26	-1	-1	0	0	26	5	0
c27339	0	25	0	-1	-1	0	-1	0	0	19	42	5	0	0	4	0	8	19	-1	29	0	-1	0	15	0	0	25	0	-1	0
c27362	-1	0	-1	0	-1	42	-1	0	-1	0	25	0	0	-1	0	0	26	22	0	-1	0	19	7	15	50	0	0	-1	0	0
c27369	-1	0	0	0	-1	42	-1	0	43	0	25	0	0	0	-1	0	42	22	0	0	15	-1	0	-1	-1	0	0	37	-1	-1
c27372	5	27	0	0	-1	0	0	-1	0	0	-1	21	7	0	-1	0	-1	22	0	0	0	6	26	15	-1	25	0	0	5	-1
c27376	-1	26	0	9	-1	30	-1	0	19	0	0	0	13	-1	-1	0	41	-1	25	8	0	25	-1	15	-1	0	0	-1	11	0
