	0	1	2	3	4	5	6	7	8	9	10	11	12	13	14	15	16	17	18	19	20	21	22	23	24	25	26	27	28	29
c2876	0	0	0	-1	11	0	-1	0	-1	0	0	23	0	0	0	42	0	45	18	0	18	-1	0	-1	0	0	-1	0	0	12
c2984	0	0	0	-1	11	0	0	0	-1	0	0	-1	0	0	0	-1	0	-1	18	0	18	-1	0	-1	0	18	0	0	0	12
c3137	33	14	-1	0	-1	32	0	0	-1	41	23	-1	0	0	0	-1	0	9	0	0	18	0	-1	-1	0	9	0	14	0	12
c3461	0	-1	-1	0	15	0	-1	0	0	18	36	0	-1	0	48	0	0	22	0	0	18	0	-1	0	0	-1	41	-1	35	12
c3842	27	-1	0	0	11	0	0	0	0	0	0	-1	0	0	0	-1	-1	-1	18	0	18	7	0	-1	0	0	-1	0	-1	12
c4019	0	0	24	0	0	0	-1	0	20	30	0	1	0	-1	0	0	-1	0	30	3	-1	0	12	0	0	0	41	-1	12	-1
c4413	0	0	-1	0	15	0	0	-1	-1	18	-1	-1	-1	0	0	-1	0	22	0	0	-1	-1	0	0	-1	-1	41	14	35	12
c4501	29	0	-1	0	11	-1	0	0	0	-1	0	23	0	0	12	-1	-1	45	18	0	-1	7	0	0	-1	0	39	0	9	12
c4504	42	7	48	0	-1	0	0	-1	0	18	-1	0	-1	0	1	0	-1	22	1	0	18	0	0	-1	29	0	41	14	35	12
c4521	0	0	-1	36	15	0	0	9	0	18	36	0	-1	0	-1	0	-1	-1	-1	0	18	-1	-1	0	46	0	41	-1	35	12
c4523	32	0	31	0	1	0	0	30	0	-1	-1	0	0	0	0	0	0	-1	-1	4	18	-1	12	0	0	-1	0	14	6	12
c4659	23	0	23	-1	4	0	0	-1	0	43	0	0	18	20	0	0	4	0	30	-1	-1	39	12	41	0	-1	-1	14	0	-1
c4665	0	0	-1	48	-1	0	-1	-1	-1	18	36	0	-1	13	-1	0	0	-1	0	0	18	10	0	0	5	0	41	14	35	12
c4801	29	0	0	0	11	0	0	0	0	9	0	23	-1	0	0	-1	0	45	18	0	18	7	0	-1	-1	0	39	0	0	12
c4881	0	0	33	39	0	-1	0	-1	13	50	19	0	0	0	12	-1	-1	0	-1	-1	18	-1	12	-1	7	0	26	14	0	12
c5043	-1	0	18	-1	0	18	0	0	0	50	19	0	-1	0	0	0	0	0	-1	4	18	30	12	-1	12	0	0	14	0	12
c5051	29	0	0	0	11	0	0	-1	0	0	0	-1	0	-1	12	-1	0	45	18	0	18	7	0	0	-1	0	39	-1	0	-1
c5142	29	-1	0	0	11	0	0	0	-1	0	-1	23	-1	0	0	-1	0	45	18	-1	18	-1	0	4	0	-1	-1	0	0	12
c5468	-1	41	48	33	15	0	0	0	0	18	-1	0	-1	-1	0	0	32	22	0	36	-1	0	-1	0	0	0	41	14	35	12
c5472	-1	0	0	23	11	0	-1	0	0	0	0	0	9	0	0	42	0	0	-1	-1	18	7	-1	0	18	39	0	-1	40	12
c5568	-1	9	0	0	-1	0	0	0	23	-1	0	-1	4	-1	0	0	0	0	-1	24	18	26	48	0	-1	7	0	14	-1	12
c5723	0	0	0	-1	11	0	0	0	0	0	0	23	-1	-1	0	42	0	45	18	0	18	-1	0	0	0	39	13	0	0	12
c5816	30	0	0	-1	-1	-1	0	0	-1	0	30	-1	0	24	-1	0	-1	0	-1	0	18	0	0	9	-1	-1	0	14	0	12
c5835	29	-1	26	0	11	0	0	-1	0	0	0	23	0	0	0	-1	0	45	18	0	18	7	0	0	0	0	0	0	0	12
c5902	0	-1	-1	9	15	18	0	0	0	18	36	0	-1	0	48	0	0	-1	26	-1	-1	22	0	0	0	0	41	-1	35	12
c5926	31	-1	-1	0	-1	0	21	0	0	18	36	0	-1	0	0	0	0	0	0	0	-1	0	0	-1	0	-1	0	-1	35	-1
c5940	48	9	23	0	0	0	-1	0	0	9	-1	9	4	0	0	-1	-1	-1	-1	0	18	0	48	0	-1	-1	0	14	0	12
c6004	0	0	-1	-1	15	31	0	39	0	18	36	0	-1	18	48	0	0	22	0	0	18	0	0	0	0	0	41	-1	-1	-1
c6192	0	18	43	31	0	0	0	7	0	7	30	-1	0	0	29	0	0	0	0	0	18	-1	-1	27	0	0	0	14	-1	12
c6247	3	0	0	0	9	10	-1	41	0	0	7	31	0	0	-1	0	0	0	30	41	-1	-1	0	0	48	0	22	14	-1	-1
c6340	0	0	0	-1	11	-1	0	0	0	0	-1	23	0	40	0	-1	0	45	18	0	18	7	0	0	0	-1	0	3	30	-1
c6473	0	-1	0	0	11	0	-1	0	15	0	0	23	0	0	0	-1	-1	45	-1	0	18	7	0	0	0	-1	0	0	0	-1
c6667	0	0	-1	42	15	18	0	0	0	18	36	0	-1	0	48	0	0	22	0	0	18	0	0	0	0	0	41	14	35	12
c6966	45	-1	24	0	0	-1	0	9	18	0	0	45	0	0	0	24	0	0	-1	0	18	-1	-1	0	-1	-1	0	14	0	12
c7009	-1	0	0	0	15	-1	-1	0	0	18	-1	0	-1	-1	0	0	0	7	0	0	18	-1	0	16	-1	0	48	-1	35	12
c7033	44	-1	-1	-1	3	0	0	18	48	7	-1	-1	20	0	29	0	14	0	12	0	18	-1	-1	8	0	0	-1	14	0	12
c7092	-1	26	0	-1	12	-1	0	0	0	0	0	0	-1	0	0	-1	0	-1	-1	0	18	0	12	0	0	0	0	14	0	-1
c7094	0	44	0	0	-1	-1	0	0	24	50	19	-1	0	0	0	-1	-1	0	30	4	18	-1	-1	-1	0	0	0	14	0	12
c7095	0	44	0	0	0	0	0	0	24	50	19	0	0	-1	0	0	0	-1	30	-1	18	-1	-1	0	0	0	-1	14	0	12
c7149	0	1	-1	0	15	45	0	0	0	18	-1	9	-1	-1	-1	-1	0	22	0	-1	18	0	41	-1	0	0	-1	14	-1	12
c7185	0	0	0	39	0	33	0	0	0	-1	19	0	0	0	12	0	0	0	30	4	18	-1	-1	0	7	0	26	14	0	12
c7265	0	0	-1	-1	-1	39	0	18	26	50	-1	-1	-1	27	0	0	0	0	30	4	18	0	-1	0	0	0	0	-1	0	-1
c7325	45	29	0	0	0	0	0	0	0	12	0	0	0	0	0	0	0	0	41	0	18	0	-1	-1	0	0	20	-1	-1	12
c7440	0	0	-1	0	15	0	0	0	0	18	-1	-1	-1	0	48	0	0	22	0	0	18	-1	0	1	0	0	-1	-1	35	12
c7563	-1	0	29	0	11	-1	0	0	0	0	18	23	0	-1	22	42	0	45	-1	0	-1	7	-1	0	-1	0	0	0	0	-1
c7579	0	0	0	0	36	0	0	-1	20	50	19	9	16	-1	0	0	1	41	-1	4	-1	-1	-1	0	0	-1	0	14	-1	12
c7705	39	-1	-1	-1	9	13	0	-1	0	-1	7	0	0	0	0	0	0	0	-1	-1	18	0	0	12	48	-1	22	14	0	-1
c7729	-1	-1	26	-1	9	-1	-1	0	0	0	-1	0	41	48	0	0	0	0	30	50	18	-1	-1	0	48	0	22	14	0	12
c7746	29	45	0	0	-1	0	-1	-1	0	-1	-1	23	0	-1	0	-1	0	45	18	0	-1	7	0	0	0	18	39	24	0	12
c7927	26	0	13	0	-1	0	0	9	0	0	36	0	-1	-1	0	-1	-1	-1	42	0	18	0	0	-1	-1	0	0	14	-1	12
c8065	0	0	18	-1	0	0	-1	9	0	50	19	-1	0	-1	0	0	0	22	-1	4	18	-1	12	0	0	0	0	14	0	12
c8093	48	-1	0	0	0	0	9	0	0	-1	14	-1	4	0	-1	-1	0	0	30	0	18	-1	48	0	-1	0	0	14	0	-1
c8099	-1	0	0	0	0	0	39	0	50	-1	19	9	0	0	0	9	40	-1	30	4	18	-1	12	0	0	0	0	14	0	12
c8100	-1	0	-1	-1	-1	0	0	0	-1	18	36	-1	-1	0	41	0	-1	22	0	-1	-1	0	0	0	0	0	-1	14	35	12
c8124	0	0	-1	-1	11	0	0	0	-1	0	0	-1	0	0	0	-1	0	-1	18	0	18	7	0	-1	0	0	0	-1	0	-1
c8154	30	0	0	0	0	0	0	-1	0	0	0	0	-1	13	0	0	-1	0	30	-1	18	0	33	0	0	-1	-1	14	0	-1
c8250	0	0	0	0	0	0	10	0	0	0	0	-1	0	0	7	0	0	0	-1	-1	18	0	12	-1	0	0	41	14	12	-1
c8288	-1	-1	0	23	11	-1	34	-1	0	0	0	0	0	0	0	42	0	22	0	14	18	7	0	45	18	39	30	-1	0	12
c8304	-1	0	0	39	0	0	-1	0	0	50	19	0	0	0	12	0	0	0	30	4	18	-1	12	-1	7	0	26	14	0	-1
c8307	0	0	0	0	0	-1	10	0	-1	0	0	1	0	-1	0	0	0	-1	30	0	-1	-1	12	0	0	-1	-1	14	12	12
c8382	-1	0	-1	0	24	-1	0	0	26	0	30	0	0	24	0	-1	41	0	30	22	18	14	0	30	0	-1	0	14	30	12
c8456	-1	24	-1	0	15	1	0	7	0	18	36	0	-1	0	0	0	-1	22	9	0	18	23	0	0	46	24	41	14	35	12
c8480	0	-1	0	0	36	0	-1	11	-1	50	19	0	-1	0	0	0	1	0	30	4	18	-1	12	-1	-1	0	0	-1	-1	12
c8500	0	0	0	0	9	0	23	0	0	0	7	0	0	-1	0	0	0	0	30	50	-1	-1	0	-1	48	-1	22	-1	-1	12
c8590	0	0	50	0	0	-1	0	0	18	-1	19	0	0	0	0	0	0	0	30	-1	18	-1	12	0	0	-1	-1	14	22	12
c8591	-1	0	50	0	0	-1	0	0	-1	50	-1	0	0	-1	0	0	0	0	30	-1	18	0	12	0	0	-1	0	14	22	12
c8637	0	-1	-1	0	15	0	-1	0	41	-1	-1	0	-1	0	48	-1	0	-1	0	-1	18	0	0	0	-1	0	-1	14	-1	12
c8662	0	0	0	-1	0	0	0	0	0	0	0	0	-1	13	0	0	41	0	-1	0	18	0	0	0	0	0	0	14	-1	12
c8715	29	0	0	0	11	-1	0	0	0	48	18	23	0	-1	0	-1	0	-1	18	0	18	-1	-1	0	0	0	39	-1	0	12
c8735	0	0	-1	-1	9	0	0	-1	5	0	7	-1	0	-1	0	0	29	0	30	-1	18	-1	0	0	-1	-1	22	14	0	12
c8816	0	0	0	0	13	0	0	41	0	3	0	0	0	13	-1	0	41	0	30	0	18	26	0	0	0	0	-1	14	0	12
c8853	-1	14	-1	0	0	32	0	18	0	41	23	-1	-1	0	0	-1	0	9	0	0	18	-1	-1	0	39	9	0	14	0	-1
c8870	0	0	-1	0	11	0	0	0	-1	-1	4	-1	0	0	0	-1	-1	45	18	0	-1	7	0	0	44	-1	0	0	0	12
c8921	42	0	48	-1	15	0	-1	0	39	18	36	-1	-1	0	-1	0	0	-1	0	0	18	0	-1	-1	29	44	41	-1	-1	12
c8992	-1	0	0	39	3	0	45	0	0	50	-1	0	0	-1	0	0	0	0	30	4	18	0	12	24	0	-1	22	-1	16	12
c9151	29	0	0	-1	11	-1	-1	0	-1	0	-1	-1	0	0	0	-1	-1	45	18	0	18	7	20	27	-1	-1	-1	0	0	12
c9181	0	29	0	0	11	41	0	0	0	0	0	23	0	0	0	-1	-1	45	18	0	18	7	0	-1	33	0	-1	20	23	12
c9257	45	0	-1	0	0	-1	0	0	0	18	13	0	0	0	0	-1	0	0	25	0	18	0	-1	0	7	0	-1	14	0	-1
c9289	27	0	0	39	0	0	0	0	0	50	-1	0	0	-1	-1	0	0	0	-1	-1	18	-1	12	0	7	0	-1	14	0	12
c9418	-1	0	0	0	9	-1	0	0	0	-1	7	-1	41	-1	0	0	0	0	30	50	-1	0	0	0	48	0	-1	-1	0	12
c9438	-1	0	0	-1	8	0	-1	0	0	50	19	0	0	0	0	0	0	0	30	4	18	-1	12	0	0	0	0	14	6	12
c9460	-1	0	0	39	0	0	0	0	0	50	19	0	0	0	12	0	0	0	-1	4	18	-1	12	0	7	-1	26	14	0	12
c9489	-1	-1	48	0	-1	-1	0	-1	-1	18	36	39	-1	3	-1	0	0	22	-1	0	18	0	0	0	-1	0	41	14	-1	12
c9534	-1	27	0	-1	0	-1	-1	0	0	-1	0	0	0	24	9	0	-1	-1	-1	-1	-1	0	26	0	-1	29	23	14	-1	12
c9546	-1	0	-1	0	0	0	-1	0	0	50	19	-1	0	-1	0	0	0	-1	30	4	18	-1	12	0	-1	0	0	14	6	12
c9614	0	0	-1	0	-1	0	-1	0	0	0	0	0	0	13	0	0	41	-1	30	-1	-1	0	-1	0	-1	0	-1	14	0	12
c9640	40	7	-1	0	0	0	0	0	-1	50	19	12	-1	0	0	-1	0	0	30	4	18	0	12	30	0	-1	-1	14	0	12
c9689	0	-1	0	-1	14	44	9	-1	0	0	23	0	-1	0	0	0	0	9	-1	0	18	3	-1	-1	0	9	0	-1	0	12
c9735	0	-1	0	0	0	0	0	0	0	50	19	0	24	0	-1	0	0	0	30	4	18	-1	12	0	0	0	0	14	-1	12
c9804	0	0	-1	0	15	0	0	0	0	18	36	0	-1	-1	48	0	9	22	0	42	18	20	0	0	0	0	41	-1	35	12
c9910	0	-1	-1	50	-1	-1	-1	0	0	-1	36	0	-1	13	24	48	0	-1	0	0	-1	0	0	0	0	0	41	-1	35	12
c9955	0	0	43	0	-1	0	0	0	0	7	0	0	0	9	29	4	26	0	0	0	18	0	-1	0	0	-1	-1	-1	0	12
c9959	0	-1	0	0	9	0	-1	-1	0	0	7	0	40	48	-1	0	0	0	30	50	18	20	0	-1	48	0	-1	-1	-1	-1
c9980	0	0	0	-1	-1	-1	-1	-1	0	-1	36	0	-1	29	0	0	0	7	0	-1	18	0	0	16	-1	0	48	14	35	12
c9984	0	36	48	-1	15	0	0	18	0	-1	36	0	-1	-1	0	0	-1	22	0	0	18	0	26	0	0	0	41	14	35	12
c9985	0	36	48	0	-1	0	0	-1	0	18	36	0	-1	-1	-1	0	-1	22	0	0	-1	0	26	0	0	0	41	-1	35	-1
c10049	39	0	0	0	26	-1	-1	0	0	-1	19	0	0	-1	-1	0	0	0	30	-1	18	0	-1	30	0	4	0	14	0	-1
c10093	-1	9	0	0	0	0	0	-1	0	9	0	0	4	0	0	0	0	0	30	0	-1	26	48	-1	-1	7	0	14	-1	12
c10121	0	0	-1	0	-1	0	0	-1	0	0	0	23	0	0	23	-1	0	45	18	0	18	-1	0	0	31	-1	-1	19	0	12
c10210	16	-1	-1	50	11	-1	-1	0	0	0	0	23	20	-1	0	-1	0	-1	18	0	18	-1	0	-1	0	0	0	-1	-1	-1
c10214	29	0	0	0	11	0	0	0	0	0	0	23	-1	0	0	-1	0	45	18	-1	18	7	0	0	0	0	39	0	0	12
c10244	0	32	0	-1	-1	9	0	26	0	0	0	-1	0	0	27	42	0	45	18	-1	18	7	0	0	-1	0	0	0	0	12
c10314	-1	0	43	0	0	0	0	0	0	7	0	0	0	0	29	0	0	0	0	-1	-1	-1	-1	0	0	0	0	14	0	12
c10367	-1	0	0	-1	-1	-1	0	0	0	50	19	10	24	0	41	0	0	0	30	4	-1	-1	-1	0	13	-1	0	14	0	12
c10398	30	-1	-1	-1	-1	0	0	0	0	0	0	0	0	24	-1	0	41	27	30	0	18	0	-1	24	14	29	0	-1	-1	12
c10401	31	0	0	-1	1	-1	-1	0	-1	0	0	0	0	-1	0	0	0	22	-1	-1	18	0	12	0	0	0	0	-1	0	12
c10424	-1	0	0	0	-1	0	0	0	0	27	-1	23	0	0	0	-1	0	45	18	0	18	7	6	-1	0	0	0	0	-1	12
c10569	30	-1	-1	24	0	0	30	-1	0	0	-1	0	28	24	0	0	41	24	30	0	18	0	0	0	0	0	0	14	0	12
c10664	-1	0	24	0	0	19	0	0	9	0	32	-1	0	-1	0	30	0	0	0	0	18	0	-1	0	-1	1	0	14	-1	12
c10712	0	0	0	4	50	-1	26	0	0	50	-1	0	0	48	0	-1	0	0	30	4	-1	0	12	-1	39	32	0	14	0	12
c10769	16	0	0	0	11	-1	3	0	0	0	14	23	-1	0	0	42	0	45	18	0	18	7	0	0	4	0	0	0	0	-1
c10803	0	0	-1	0	-1	0	0	0	0	-1	0	23	-1	0	24	-1	0	45	-1	-1	18	-1	0	0	0	0	0	0	23	12
c10825	-1	0	0	0	11	0	0	0	0	0	0	23	0	0	27	-1	0	-1	18	31	-1	7	-1	0	0	-1	0	0	0	12
c10842	-1	0	-1	0	0	0	0	0	0	0	0	0	0	-1	0	0	0	9	0	0	18	0	-1	0	0	-1	0	-1	0	-1
c10949	0	0	43	-1	0	0	-1	0	0	7	-1	0	-1	0	29	0	0	0	-1	0	18	0	-1	0	0	0	0	14	0	12
c10996	0	0	0	-1	11	39	0	0	41	0	0	-1	0	0	-1	-1	0	45	18	0	18	7	-1	-1	-1	9	0	0	-1	12
c10997	0	0	0	0	11	39	0	-1	41	-1	0	-1	-1	-1	0	-1	-1	45	18	-1	18	7	0	0	-1	9	0	9	0	12
c11021	0	0	-1	0	-1	0	0	-1	0	0	0	23	0	0	-1	42	-1	45	18	22	18	-1	0	0	0	0	0	19	0	12
c11104	29	0	0	0	11	0	0	0	0	48	18	23	9	-1	-1	-1	-1	-1	18	0	-1	-1	0	0	0	39	39	0	0	12
c11107	-1	0	0	0	11	-1	0	22	0	0	-1	-1	0	0	27	42	0	45	18	31	18	7	-1	0	48	0	0	50	40	12
c11111	-1	0	0	0	32	0	-1	0	0	0	0	-1	48	18	48	0	41	0	30	29	18	0	0	0	0	-1	-1	14	-1	12
c11126	-1	0	0	0	0	-1	0	0	18	50	19	0	0	-1	39	0	0	0	-1	4	-1	-1	12	3	0	0	0	-1	0	12
c11129	0	0	-1	0	15	0	0	30	0	18	36	0	-1	0	0	0	-1	22	0	0	18	0	-1	0	0	0	41	14	35	12
c11132	-1	0	43	0	0	16	0	9	0	7	0	0	0	-1	29	0	0	22	0	0	18	-1	-1	-1	0	0	0	14	-1	-1
c11140	0	0	48	9	15	-1	21	0	0	18	36	0	-1	1	0	0	-1	22	0	18	18	0	0	20	0	0	0	-1	35	-1
c11157	-1	0	0	46	15	0	22	0	-1	18	36	-1	-1	0	0	0	0	-1	-1	0	18	0	10	-1	0	0	0	14	35	12
c11173	20	0	48	0	15	0	21	44	0	18	36	0	-1	40	0	0	16	-1	0	32	-1	0	0	0	0	0	0	-1	35	12
c11243	0	0	48	0	-1	0	0	0	-1	-1	36	0	-1	0	0	41	0	-1	0	-1	18	0	0	0	0	0	41	14	-1	12
c11267	0	23	0	-1	-1	24	0	-1	0	0	0	-1	0	0	0	42	-1	45	18	-1	18	-1	0	0	0	0	0	0	0	12
c11270	0	0	0	-1	0	18	0	0	-1	50	19	0	0	0	0	0	39	0	-1	4	18	30	12	39	12	0	-1	14	0	12
c11277	0	0	0	39	0	0	-1	22	-1	50	19	0	0	0	-1	-1	0	0	30	4	-1	-1	12	0	0	0	0	14	-1	12
c11338	-1	0	48	0	15	0	21	0	0	18	36	-1	-1	-1	22	0	0	0	0	0	18	-1	0	10	39	0	-1	-1	35	12
c11339	-1	0	48	0	15	0	21	0	-1	-1	36	0	-1	0	22	0	0	0	0	0	18	0	0	10	39	0	-1	-1	35	12
c11347	39	0	32	0	0	0	4	0	-1	-1	19	-1	0	0	-1	13	0	0	30	4	-1	0	-1	30	-1	4	0	14	41	12
c11351	-1	-1	16	-1	0	0	-1	-1	0	-1	19	-1	0	0	0	0	0	-1	30	4	18	0	-1	30	0	0	0	14	0	12
c11381	0	14	-1	0	39	30	41	12	18	0	23	0	0	9	-1	1	-1	9	18	-1	-1	20	-1	0	0	9	0	-1	24	12
c11387	30	9	6	0	0	-1	0	-1	-1	0	0	-1	22	24	-1	40	41	0	30	0	18	0	-1	0	0	29	29	14	0	-1
c11408	31	-1	48	48	15	14	21	0	0	-1	36	8	-1	3	0	0	0	16	0	0	18	0	-1	-1	0	0	0	-1	35	-1
c11437	0	0	48	0	15	0	18	0	0	18	-1	0	-1	-1	0	-1	0	22	0	-1	18	0	0	0	0	0	41	14	35	-1
c11464	30	-1	6	-1	-1	0	0	21	0	0	0	0	0	-1	0	18	41	0	30	0	-1	-1	10	18	27	29	0	14	0	12
c11487	-1	-1	-1	-1	0	0	0	0	0	50	19	0	0	0	0	3	50	0	30	4	18	-1	12	0	-1	-1	-1	14	0	12
c11515	0	0	0	23	11	0	34	40	0	-1	0	-1	0	45	0	42	23	-1	0	26	18	7	0	24	18	39	0	-1	0	12
c11537	0	0	0	0	15	9	3	-1	0	18	36	48	-1	29	0	0	-1	7	0	23	-1	0	0	16	-1	0	48	14	35	12
c11543	48	9	0	27	1	0	0	0	0	9	0	-1	4	29	0	0	0	32	30	0	18	0	48	0	-1	-1	-1	14	0	12
c11562	0	0	0	12	0	20	-1	0	0	4	0	0	0	13	0	0	41	0	30	-1	18	3	-1	0	-1	0	-1	14	0	12
c11593	0	0	0	45	26	0	0	0	0	0	0	0	0	0	0	0	41	-1	30	-1	18	0	30	0	0	0	-1	-1	-1	12
c11614	0	0	23	0	9	0	23	22	0	0	7	-1	0	48	-1	-1	0	0	-1	50	18	0	0	42	-1	-1	22	-1	-1	12
c11662	48	9	0	0	1	0	0	39	-1	9	-1	0	4	0	0	28	-1	-1	30	14	18	0	48	0	-1	0	26	14	0	12
c11663	48	9	0	0	1	0	0	39	24	-1	0	0	4	0	0	28	-1	0	30	14	18	0	48	0	-1	0	26	14	0	12
c11724	0	0	0	0	-1	0	-1	-1	-1	-1	19	50	0	0	-1	0	0	0	30	4	18	0	12	0	0	50	0	14	0	12
c11816	14	0	43	0	0	0	0	0	0	7	0	0	0	0	-1	0	0	0	0	0	18	-1	-1	0	0	0	0	-1	0	12
c11858	0	0	0	46	15	-1	22	0	0	18	36	0	-1	0	0	0	0	0	0	0	18	0	10	16	0	0	-1	-1	-1	12
c11875	0	0	0	48	-1	0	0	0	-1	50	19	0	0	26	-1	0	0	0	-1	4	18	-1	12	0	0	-1	0	14	0	12
c11903	45	22	0	-1	0	31	-1	0	0	12	0	-1	-1	-1	0	-1	0	23	-1	-1	18	0	-1	0	-1	-1	20	14	-1	12
c11923	-1	1	0	41	11	0	-1	0	28	0	0	23	-1	-1	0	42	0	45	18	0	-1	7	0	-1	7	18	0	0	44	12
c11979	0	0	43	-1	0	-1	0	0	-1	7	0	-1	0	0	29	0	-1	0	0	0	18	-1	-1	0	0	0	0	-1	0	-1
c12013	48	9	22	-1	0	0	-1	-1	0	-1	0	0	4	27	0	-1	0	0	30	0	18	0	48	11	-1	-1	0	-1	0	12
c12041	30	0	0	0	0	0	0	0	0	-1	30	28	42	24	0	49	41	-1	30	0	18	0	0	0	0	45	0	-1	0	12
c12136	45	0	0	0	-1	-1	0	0	0	-1	-1	0	-1	0	0	0	0	26	0	0	18	0	-1	0	-1	0	0	14	0	12
c12281	7	-1	0	0	-1	-1	0	0	0	0	-1	0	0	13	-1	-1	41	-1	-1	9	-1	-1	20	23	-1	0	0	14	-1	12
c12285	0	0	7	0	-1	0	0	0	-1	-1	-1	0	-1	48	0	0	-1	0	-1	50	18	0	0	0	48	0	22	14	0	12
c12329	0	-1	0	26	0	0	0	0	0	-1	0	0	10	-1	0	10	-1	0	-1	0	18	0	-1	-1	0	29	0	14	0	12
c12363	-1	-1	0	-1	-1	-1	0	-1	0	0	-1	0	0	18	0	0	0	22	-1	-1	18	0	12	-1	0	0	29	14	-1	12
c12383	30	0	0	-1	48	0	0	26	-1	-1	-1	0	-1	24	20	-1	-1	0	30	0	18	-1	41	0	0	0	0	14	0	12
c12412	-1	0	0	-1	11	0	0	0	-1	0	0	-1	0	-1	-1	42	-1	-1	18	0	18	7	0	39	0	-1	-1	0	-1	12
c12427	0	-1	0	9	11	-1	0	0	0	39	0	23	0	0	0	42	0	-1	-1	-1	18	-1	3	-1	12	18	-1	0	0	12
c12436	-1	0	-1	0	9	0	0	0	0	0	7	0	0	-1	-1	-1	0	-1	30	-1	18	0	7	0	48	0	22	-1	-1	12
c12452	30	0	-1	0	20	0	0	0	20	-1	30	0	36	24	-1	-1	41	-1	30	-1	18	-1	0	0	-1	-1	0	14	0	12
c12468	0	-1	14	-1	11	0	0	0	0	-1	0	23	0	0	0	-1	0	45	18	0	18	7	-1	0	0	18	-1	-1	0	12
c12476	42	0	48	0	-1	0	-1	20	0	-1	36	0	-1	0	1	0	0	22	-1	0	18	0	0	-1	-1	0	41	14	35	12
c12507	0	-1	23	0	4	0	0	0	0	0	0	0	0	20	46	0	0	0	30	0	-1	39	-1	41	0	39	-1	-1	0	12
c12525	0	0	48	24	15	0	21	0	0	18	36	0	-1	0	45	0	0	0	0	0	18	0	-1	0	0	0	0	-1	35	12
c12526	0	0	0	0	15	9	3	41	0	-1	36	48	-1	29	0	0	4	7	0	23	18	0	0	16	-1	-1	-1	14	35	12
c12603	0	0	7	0	0	0	0	0	0	50	19	0	23	0	-1	-1	0	12	-1	4	18	0	-1	0	9	26	-1	14	0	12
c12604	16	0	-1	0	11	-1	0	0	0	-1	0	23	-1	0	8	42	0	45	18	0	18	7	4	-1	9	0	0	-1	0	-1
c12623	0	0	-1	39	0	0	0	-1	0	50	19	0	30	0	12	-1	0	0	30	4	-1	-1	-1	0	-1	0	-1	14	-1	12
c12667	-1	0	0	0	0	0	45	0	0	50	19	0	0	24	0	0	0	30	30	4	18	-1	12	24	0	-1	0	14	0	12
c12694	27	0	0	0	9	0	0	0	0	0	7	-1	41	48	-1	30	0	0	-1	50	18	0	48	-1	48	0	22	14	0	-1
c12705	0	0	0	0	0	0	0	0	-1	0	-1	0	0	13	0	0	41	33	30	-1	18	-1	0	0	0	0	-1	-1	0	12
c12707	0	-1	-1	0	-1	0	-1	0	0	18	36	12	-1	-1	0	0	0	-1	-1	0	18	0	-1	0	-1	0	-1	14	35	-1
c12721	0	0	-1	0	11	0	-1	0	-1	0	0	23	0	0	0	-1	0	45	-1	0	18	7	0	0	-1	29	26	-1	0	12
c12810	-1	0	0	39	-1	-1	0	0	0	-1	30	0	0	24	41	-1	-1	0	30	0	18	0	-1	0	0	0	9	14	-1	12
c12828	0	-1	-1	0	32	0	0	0	-1	0	0	0	0	18	0	38	41	0	30	29	-1	-1	0	0	-1	0	-1	14	0	12
c12894	0	0	-1	0	11	-1	-1	18	0	0	0	23	0	0	27	42	-1	45	18	31	18	7	0	0	0	0	-1	0	0	12
c12896	29	0	0	0	11	0	22	0	33	-1	0	23	0	0	0	-1	3	-1	18	0	18	7	0	0	0	-1	-1	0	0	12
c12931	0	-1	-1	0	15	-1	-1	0	-1	18	36	23	-1	0	0	0	-1	-1	0	0	18	-1	0	-1	-1	0	-1	14	35	12
c12969	0	0	14	3	11	-1	0	-1	0	0	0	23	0	0	0	42	0	-1	18	0	18	7	0	0	27	-1	0	0	0	12
c12994	0	27	23	0	0	0	0	-1	0	0	0	29	0	13	9	0	41	0	30	9	18	18	4	0	-1	0	0	14	0	12
c13021	0	0	-1	-1	15	0	0	0	0	-1	36	0	-1	0	0	-1	-1	22	-1	0	18	23	0	0	46	0	41	-1	35	12
c13032	16	0	8	0	11	-1	0	0	0	0	0	-1	0	0	-1	42	0	45	-1	0	18	7	4	0	0	-1	-1	0	0	-1
c13060	-1	0	-1	-1	-1	39	0	0	41	40	0	23	0	0	34	-1	0	-1	18	0	18	7	0	0	-1	9	-1	0	0	12
c13115	-1	0	48	-1	15	0	21	0	3	18	36	0	-1	0	0	0	11	0	18	0	18	0	-1	20	0	-1	-1	-1	35	12
c13164	0	9	0	27	-1	0	7	26	45	0	-1	0	0	-1	18	0	0	0	30	0	18	0	12	0	-1	32	41	14	0	12
c13172	29	0	-1	0	11	0	0	0	0	0	0	23	0	0	-1	-1	-1	45	18	0	-1	7	20	27	-1	0	39	-1	0	12
c13173	29	0	0	0	11	-1	0	-1	0	0	0	23	0	0	0	-1	-1	-1	18	10	-1	7	20	-1	-1	0	-1	0	0	12
c13208	-1	-1	20	46	15	0	-1	-1	0	18	-1	0	-1	0	0	0	0	0	0	0	18	-1	10	16	0	0	0	14	35	12
c13209	-1	0	-1	46	15	0	22	0	-1	18	36	-1	-1	0	0	40	0	0	4	0	18	0	10	16	-1	0	0	14	35	12
c13236	0	0	0	-1	11	0	-1	0	0	0	0	23	0	0	0	-1	0	45	-1	-1	18	7	-1	0	-1	0	0	-1	0	12
c13253	0	-1	0	0	15	9	0	-1	0	18	36	20	-1	-1	0	0	0	7	5	-1	18	0	0	16	-1	-1	48	14	35	12
c13269	3	0	-1	-1	11	0	0	0	0	0	0	-1	0	0	0	-1	0	-1	18	27	18	7	-1	0	-1	0	-1	0	23	12
c13285	0	0	0	0	26	-1	-1	0	0	0	-1	0	9	0	3	50	41	0	-1	-1	-1	0	30	0	0	0	46	14	9	12
c13346	0	0	48	0	15	0	0	-1	21	18	-1	-1	-1	0	29	0	0	22	-1	-1	18	0	0	-1	0	0	41	14	35	-1
c13368	-1	0	0	-1	0	0	0	18	24	50	39	29	0	27	0	0	42	0	30	-1	-1	-1	12	0	0	-1	0	14	0	12
c13371	-1	9	0	0	0	0	0	-1	0	9	-1	0	4	27	0	0	-1	0	-1	-1	18	-1	48	11	-1	-1	-1	14	0	12
c13378	29	-1	0	-1	-1	23	-1	-1	0	0	0	23	-1	0	0	-1	0	45	18	0	-1	7	0	0	0	0	-1	0	-1	12
c13417	0	-1	0	0	-1	0	-1	0	20	0	26	23	0	0	0	-1	-1	45	18	0	18	7	0	0	48	0	-1	-1	0	12
c13469	0	-1	0	24	0	0	0	-1	18	0	0	0	-1	-1	0	26	0	0	-1	-1	18	-1	-1	0	-1	29	0	14	-1	12
c13484	0	0	0	0	36	-1	0	0	20	50	19	9	0	0	0	0	-1	0	30	4	-1	0	12	-1	-1	0	0	14	-1	12
c13574	0	0	0	-1	11	-1	0	0	-1	0	0	23	0	22	0	-1	-1	45	18	8	18	7	0	0	0	-1	0	0	15	12
c13682	0	0	48	48	15	-1	21	36	-1	18	-1	32	-1	30	0	0	11	0	0	0	18	0	0	11	0	0	-1	-1	35	12
c13687	-1	0	-1	39	0	0	0	0	-1	50	19	0	0	0	0	48	0	0	-1	4	18	-1	12	0	0	0	-1	14	0	-1
c13711	0	0	-1	0	0	6	0	0	-1	50	19	0	0	0	0	41	0	0	30	-1	18	0	12	-1	0	32	0	-1	-1	12
c13720	-1	0	0	-1	11	0	0	0	0	0	0	-1	0	-1	-1	42	0	45	18	0	18	7	33	-1	0	0	0	0	0	12
c13775	-1	0	-1	-1	-1	-1	0	-1	0	50	19	0	0	0	0	0	0	0	30	4	18	-1	-1	0	0	-1	0	14	0	12
c13778	-1	0	-1	39	0	0	0	0	0	50	19	0	0	0	-1	48	0	-1	30	4	18	-1	12	0	0	0	0	-1	0	12
c13848	0	0	-1	0	9	10	0	0	0	0	7	31	0	0	39	0	0	0	30	41	-1	-1	0	-1	-1	0	22	14	-1	12
c13892	0	0	43	0	0	0	0	0	-1	7	0	-1	14	0	29	4	0	-1	0	0	-1	-1	-1	0	-1	-1	0	14	0	12
c13915	0	0	23	0	0	-1	0	0	0	1	0	-1	12	23	30	0	0	0	30	0	18	18	12	41	0	-1	0	14	0	12
c13932	24	0	0	0	-1	0	0	0	0	0	0	0	0	0	-1	0	-1	0	30	39	18	0	30	-1	0	0	-1	14	0	12
c13997	39	0	0	0	0	0	4	0	0	50	19	-1	0	0	-1	0	3	0	30	4	18	0	12	30	0	4	-1	14	13	12
c14015	30	-1	0	-1	0	0	0	0	0	12	30	-1	-1	24	0	-1	-1	-1	30	0	18	0	0	0	0	45	0	14	3	12
c14040	0	0	-1	-1	9	-1	-1	-1	0	49	7	0	41	48	0	0	0	0	30	50	18	0	-1	0	48	0	22	14	0	12
c14041	0	0	-1	0	9	-1	0	0	0	49	7	0	41	48	0	0	0	0	-1	50	-1	0	0	0	-1	0	-1	14	-1	12
c14050	42	0	48	0	15	-1	0	0	0	-1	36	12	-1	0	0	0	0	-1	0	0	18	0	-1	-1	29	-1	41	14	35	-1
c14086	18	0	-1	0	15	-1	0	0	0	18	36	0	-1	0	-1	39	-1	22	-1	0	18	0	0	0	0	0	41	14	35	-1
c14093	-1	0	48	0	15	0	-1	0	0	-1	36	0	-1	0	0	0	40	0	0	-1	18	0	0	10	0	0	45	-1	-1	-1
c14115	0	44	0	0	9	0	-1	0	0	0	7	0	0	31	30	0	0	16	30	0	-1	-1	0	0	48	0	22	14	-1	12
c14186	0	0	0	0	9	-1	-1	0	0	0	7	0	29	0	0	0	0	0	30	0	18	-1	0	0	48	-1	22	14	0	12
c14193	0	-1	0	0	0	0	0	-1	0	50	19	0	0	0	-1	0	0	48	30	-1	18	0	12	0	0	-1	0	14	0	12
c14244	0	-1	0	39	0	0	0	0	0	50	19	0	0	0	0	0	0	-1	30	4	18	-1	12	0	0	0	0	-1	0	12
c14251	0	0	29	30	0	0	0	18	0	50	-1	-1	0	27	0	0	0	-1	30	4	18	0	12	0	0	9	-1	14	18	12
c14257	0	0	48	0	15	0	21	44	0	-1	36	31	-1	-1	-1	0	-1	0	0	0	18	0	-1	0	0	0	0	-1	35	12
c14286	0	0	0	0	13	0	0	0	0	0	20	0	0	13	0	0	41	0	30	0	18	0	0	0	0	0	-1	14	0	12
c14302	0	0	0	0	-1	40	0	0	29	0	0	0	0	-1	-1	0	0	0	0	-1	18	0	-1	0	-1	29	0	14	-1	12
c14312	0	-1	31	23	11	0	-1	0	-1	30	0	39	36	0	0	42	9	0	0	0	18	7	0	24	18	-1	0	0	0	-1
c14347	-1	9	6	0	-1	-1	9	0	47	48	0	0	22	24	0	40	41	9	30	0	18	0	0	0	0	29	-1	14	-1	-1
c14349	45	0	-1	0	9	0	0	28	0	0	-1	0	0	0	0	0	0	0	0	23	18	0	-1	0	0	0	0	14	24	12
c14396	48	-1	0	-1	0	0	9	13	-1	9	0	9	4	0	-1	-1	0	0	30	1	18	28	48	0	-1	0	0	14	0	12
c14426	45	23	0	0	11	24	0	0	0	0	0	23	0	0	-1	42	0	45	18	0	-1	-1	0	0	0	0	0	0	0	12
c14458	30	9	6	18	-1	-1	0	0	0	0	0	0	22	24	39	-1	41	0	30	0	18	0	50	0	44	29	10	14	0	-1
c14525	0	0	0	18	-1	-1	0	24	0	0	7	0	-1	0	0	0	0	0	30	0	18	0	29	0	-1	0	22	14	0	12
c14584	0	0	0	0	11	-1	0	0	-1	-1	4	23	-1	0	0	-1	0	-1	-1	-1	18	7	0	-1	0	18	0	0	40	12
c14603	14	-1	-1	0	-1	0	-1	0	0	50	19	43	31	24	-1	0	0	0	30	4	18	45	12	0	0	50	-1	14	0	-1
c14667	0	12	0	0	0	0	39	0	0	50	-1	0	-1	50	3	0	-1	0	30	4	18	-1	12	-1	0	0	18	14	0	12
c14669	0	0	0	24	0	-1	-1	0	0	0	0	9	0	13	-1	0	41	50	30	9	-1	3	-1	32	-1	39	0	14	0	-1
c14671	0	0	48	0	15	0	-1	0	-1	18	36	0	-1	0	9	-1	0	22	0	0	18	-1	-1	0	-1	0	41	14	35	12
c14695	0	0	-1	0	15	0	-1	0	0	-1	36	0	-1	0	48	0	-1	22	0	0	18	0	0	-1	-1	0	41	-1	-1	12
c14729	0	0	20	33	15	9	0	0	0	18	36	0	-1	29	0	0	0	7	0	22	18	0	0	16	-1	0	48	14	35	12
c14733	40	0	0	0	32	0	0	0	0	50	0	-1	9	0	0	0	-1	9	30	29	18	10	0	0	0	8	0	-1	18	12
c14748	0	0	-1	0	11	-1	0	0	0	24	20	23	7	28	0	-1	0	45	18	-1	18	7	0	0	0	0	-1	-1	0	12
c14764	-1	22	-1	0	15	-1	0	0	39	18	36	-1	-1	0	0	-1	-1	22	0	-1	18	0	-1	0	0	0	41	14	-1	12
c14914	23	0	0	0	0	0	0	-1	-1	0	0	0	0	-1	0	-1	-1	-1	30	-1	18	0	-1	0	0	0	0	-1	0	12
c14930	-1	0	0	0	3	0	-1	0	0	50	19	0	0	24	0	0	0	0	30	4	-1	-1	12	24	0	-1	0	-1	27	12
c14931	-1	0	0	-1	3	0	45	0	0	-1	19	0	-1	24	0	0	0	0	30	-1	18	0	-1	24	0	-1	0	-1	27	12
c14956	0	0	0	0	9	-1	-1	-1	0	20	7	0	-1	0	0	0	0	0	-1	0	18	-1	0	-1	48	9	22	14	0	-1
c15089	-1	-1	0	24	0	20	0	0	0	-1	-1	0	-1	13	-1	0	41	3	30	9	18	-1	0	32	-1	9	0	14	0	12
c15118	-1	0	43	-1	0	0	-1	0	0	7	0	0	0	0	29	-1	20	0	-1	24	-1	0	-1	0	0	0	0	14	0	12
c15132	45	0	-1	-1	0	0	-1	0	-1	0	0	0	-1	0	0	-1	0	-1	0	0	18	0	-1	0	0	0	0	14	0	-1
c15157	30	26	-1	-1	20	0	22	0	0	-1	30	0	0	24	-1	5	41	0	30	0	18	-1	0	0	-1	0	0	14	0	12
c15160	-1	-1	-1	0	4	0	0	0	0	0	0	0	-1	13	0	0	41	22	30	0	18	0	0	0	0	0	0	14	0	12
c15207	0	0	-1	0	15	0	0	0	0	18	-1	-1	-1	0	48	0	0	22	-1	0	18	0	9	0	-1	0	-1	14	35	-1
c15247	0	0	0	0	9	-1	0	0	-1	0	7	0	41	48	0	0	-1	-1	30	-1	18	0	0	0	48	0	22	14	0	-1
c15254	39	0	0	0	0	27	4	0	-1	50	19	0	0	0	-1	13	33	44	30	4	18	0	12	30	0	-1	18	-1	41	12
c15256	0	0	48	0	15	0	0	0	-1	18	-1	0	-1	0	29	0	0	22	-1	-1	18	-1	0	22	0	0	41	-1	35	-1
c15285	0	0	-1	26	0	0	-1	0	0	0	-1	0	0	-1	0	0	41	0	-1	-1	-1	0	0	-1	0	16	0	14	-1	-1
c15328	0	0	-1	0	15	0	41	0	0	18	-1	-1	-1	0	-1	0	0	22	9	0	18	-1	0	-1	32	0	41	-1	35	12
c15330	0	11	0	39	0	-1	-1	0	0	50	-1	0	-1	0	12	0	0	0	30	4	18	-1	12	-1	7	0	26	14	0	12
c15331	0	11	0	-1	0	0	0	-1	0	-1	-1	-1	0	0	12	-1	0	0	-1	-1	18	-1	-1	0	7	0	-1	-1	0	12
c15356	-1	0	0	0	0	0	-1	0	0	-1	-1	0	0	24	0	0	41	-1	30	-1	18	0	-1	0	0	-1	0	14	0	-1
c15364	-1	0	0	0	11	0	-1	-1	-1	0	0	23	0	0	0	-1	0	45	18	0	18	7	-1	-1	-1	0	0	0	0	12
c15366	10	-1	0	-1	11	0	34	16	-1	0	0	-1	-1	0	-1	-1	0	18	4	-1	18	7	0	0	18	39	26	-1	0	12
c15368	-1	-1	23	0	0	14	0	29	0	-1	0	28	3	29	-1	0	0	0	30	-1	18	0	12	41	0	0	0	14	29	12
c15370	0	0	23	0	0	0	-1	-1	0	1	0	-1	-1	-1	-1	0	0	0	30	0	-1	18	12	-1	0	0	0	14	0	12
c15380	29	0	0	8	11	23	0	-1	0	0	0	23	0	0	24	-1	0	45	18	0	18	7	0	0	0	0	39	0	0	12
c15382	-1	0	0	0	0	0	45	0	0	50	-1	-1	0	-1	0	0	0	30	30	4	18	-1	-1	24	0	-1	0	14	0	12
c15404	0	-1	0	0	0	0	0	-1	0	50	19	41	0	0	0	0	0	0	30	4	18	0	12	0	-1	0	0	-1	0	12
c15405	0	-1	0	0	-1	0	0	-1	0	50	19	41	0	0	0	0	0	0	30	4	18	-1	-1	0	-1	0	0	14	0	-1
c15423	-1	-1	0	0	0	32	-1	18	0	41	23	-1	0	-1	-1	-1	0	9	0	0	18	28	-1	0	-1	-1	0	14	0	12
c15424	48	9	-1	0	1	0	0	32	43	-1	0	0	4	-1	0	0	-1	0	30	0	18	0	48	0	-1	-1	4	14	0	-1
c15510	0	0	0	0	-1	0	0	0	0	30	0	-1	-1	0	3	50	41	0	-1	-1	-1	-1	30	0	0	0	0	14	-1	12
c15558	0	9	0	-1	11	0	0	0	20	0	0	23	0	0	0	-1	28	45	-1	0	18	-1	0	0	48	0	0	-1	0	12
c15580	-1	0	-1	0	-1	0	0	0	3	18	36	-1	-1	-1	41	50	0	-1	0	0	-1	-1	0	0	0	23	41	14	35	-1
c15590	-1	9	0	0	1	0	-1	0	0	9	0	0	4	13	0	-1	0	-1	30	0	-1	0	48	-1	-1	0	26	14	0	-1
c15617	0	4	43	0	0	0	-1	0	-1	7	0	0	0	0	29	4	0	-1	0	0	18	0	-1	0	0	0	48	14	0	12
c15633	30	0	12	-1	20	-1	0	0	0	0	30	0	0	24	0	0	41	29	30	-1	18	0	0	0	-1	-1	-1	14	0	12
c15666	29	-1	0	0	11	0	-1	0	-1	0	0	23	26	0	0	-1	0	45	-1	0	18	-1	0	4	0	26	39	0	0	12
c15680	4	0	0	0	0	0	0	-1	0	-1	24	0	0	-1	-1	-1	0	0	0	0	18	-1	-1	-1	-1	29	-1	14	0	12
c15698	0	0	-1	-1	11	50	0	0	0	0	0	-1	0	-1	0	42	0	45	-1	0	-1	7	33	0	0	-1	0	0	0	-1
c15699	0	0	0	0	11	50	6	-1	-1	0	0	23	0	-1	0	42	0	45	18	0	18	7	33	0	0	0	0	0	0	-1
c15729	-1	14	0	0	0	-1	0	-1	0	41	23	-1	9	3	0	-1	0	9	41	0	18	-1	-1	0	-1	9	42	14	0	12
c15747	0	-1	-1	0	15	-1	0	0	0	-1	36	0	-1	0	0	0	-1	22	0	0	18	0	-1	0	29	0	-1	14	35	-1
c15773	0	0	0	48	-1	0	4	40	0	50	19	0	0	0	0	0	0	0	30	-1	18	-1	12	30	-1	4	9	14	0	12
c15775	30	0	0	0	0	-1	0	-1	-1	-1	25	0	0	-1	0	0	41	0	-1	-1	18	0	-1	0	0	41	0	14	-1	12
c15786	0	-1	0	0	-1	0	-1	9	0	24	7	-1	0	0	-1	0	0	0	30	-1	18	39	0	0	48	0	-1	14	0	12
c15790	30	9	-1	0	0	-1	0	0	0	10	-1	0	-1	-1	16	40	41	0	-1	0	18	0	-1	45	0	-1	0	-1	0	-1
c15874	0	14	0	33	40	44	0	-1	0	0	23	0	-1	0	-1	0	-1	9	0	0	-1	3	-1	0	0	9	0	-1	0	12
c15878	45	0	0	0	0	19	0	0	0	0	0	-1	0	0	-1	0	-1	-1	0	0	18	-1	-1	0	-1	0	0	14	7	12
c15894	-1	0	0	0	26	0	0	0	-1	0	-1	-1	0	0	0	0	41	22	-1	-1	-1	0	-1	0	0	-1	0	14	0	12
c15917	0	0	0	-1	0	0	0	18	-1	-1	39	29	-1	27	-1	0	-1	0	30	4	18	0	12	0	0	0	-1	14	29	12
c15940	-1	0	0	0	11	0	-1	0	0	-1	0	23	0	-1	0	-1	0	45	-1	0	18	7	0	0	0	0	-1	-1	0	12
c15941	0	-1	-1	0	11	-1	0	-1	0	0	0	23	0	0	0	-1	19	-1	18	-1	18	7	0	0	-1	0	-1	-1	-1	12
c15946	-1	0	0	0	9	0	41	-1	-1	0	7	-1	0	0	-1	0	0	0	30	0	18	0	0	0	48	-1	22	14	0	12
c15969	0	0	0	0	11	0	0	0	0	22	18	-1	0	0	27	42	0	45	18	31	18	7	0	-1	-1	-1	0	-1	40	12
c15972	0	-1	0	0	-1	0	0	0	-1	0	7	0	-1	0	0	0	30	0	30	-1	18	0	-1	0	-1	0	22	14	44	12
c15979	0	0	43	29	0	-1	0	0	-1	7	0	0	0	-1	29	0	20	9	0	0	-1	26	-1	-1	0	0	0	-1	-1	12
c15984	0	0	-1	-1	-1	0	-1	0	0	-1	36	0	-1	-1	22	0	0	-1	0	0	18	0	24	0	0	0	-1	-1	35	12
c15997	0	0	43	27	-1	0	0	18	-1	7	0	-1	0	20	29	-1	-1	0	0	0	18	-1	-1	0	-1	0	0	14	0	12
c16003	0	0	14	0	-1	0	0	0	9	0	-1	-1	0	0	0	42	-1	45	18	-1	18	7	0	0	0	-1	0	-1	-1	12
c16029	0	0	23	0	-1	0	-1	0	0	-1	0	-1	0	20	0	0	0	0	30	0	-1	-1	12	41	0	-1	18	14	0	12
c16045	42	-1	-1	0	15	-1	0	-1	0	18	36	0	-1	-1	0	-1	-1	22	0	10	-1	0	0	-1	29	-1	41	14	-1	12
c16104	0	0	0	46	15	0	22	0	0	18	36	3	-1	0	0	0	0	0	0	0	18	0	10	16	0	0	0	14	35	12
c16137	-1	-1	0	-1	0	-1	0	0	-1	9	16	0	4	0	0	0	0	0	30	-1	18	-1	48	0	-1	7	0	-1	-1	12
c16151	0	18	-1	39	0	0	0	-1	-1	50	19	0	-1	0	13	0	-1	-1	-1	-1	18	-1	12	0	0	1	9	14	0	12
c16161	0	14	50	0	0	34	0	-1	18	0	-1	36	-1	0	0	0	0	9	4	0	-1	-1	-1	0	0	9	0	-1	0	-1
c16183	0	-1	0	48	-1	0	0	-1	0	50	-1	0	34	-1	-1	9	0	0	30	4	18	0	12	-1	0	-1	0	-1	-1	12
c16184	0	-1	-1	0	9	10	0	0	0	0	-1	31	0	0	39	0	0	0	30	0	18	0	0	13	48	0	22	14	0	12
c16199	0	0	12	48	-1	0	0	-1	0	50	19	0	0	26	0	-1	-1	0	30	4	18	-1	12	0	26	0	0	14	0	12
c16225	22	-1	0	0	-1	-1	0	18	0	-1	23	-1	0	0	17	-1	0	9	-1	0	18	0	-1	0	-1	9	22	14	0	12
c16226	0	36	0	-1	11	41	34	-1	-1	0	0	-1	0	0	0	42	-1	27	18	0	-1	7	9	-1	-1	39	12	3	0	12
c16231	0	-1	0	-1	11	0	0	0	0	0	36	23	-1	0	0	-1	0	45	18	0	-1	7	0	0	0	0	-1	0	0	12
c16233	-1	0	0	0	9	0	0	0	5	0	7	0	0	0	0	0	-1	0	30	0	-1	0	29	0	-1	5	22	14	0	12
c16235	0	0	0	0	9	-1	-1	-1	0	0	-1	0	-1	0	0	0	0	0	30	0	18	0	0	0	48	9	-1	14	-1	12
c16250	-1	0	-1	0	0	0	0	0	0	0	0	0	36	13	0	0	41	0	30	9	18	0	0	0	-1	0	0	14	0	12
c16279	-1	0	23	0	-1	-1	0	0	0	0	0	-1	0	0	11	-1	28	-1	30	-1	18	16	-1	41	0	0	28	-1	-1	12
c16299	48	9	-1	-1	1	0	0	32	43	9	0	0	4	27	-1	0	-1	0	30	0	18	0	48	0	-1	-1	-1	-1	0	12
c16323	0	0	30	0	0	0	0	-1	-1	50	19	-1	0	0	0	0	0	0	30	4	18	0	12	0	-1	32	0	14	26	12
c16363	30	0	0	0	0	0	22	-1	0	12	30	33	-1	24	0	-1	41	-1	30	0	-1	0	0	-1	0	-1	0	14	0	12
c16385	0	0	-1	-1	0	0	0	12	0	-1	0	20	0	-1	0	0	41	0	30	9	18	0	0	0	-1	0	3	14	0	12
c16425	0	0	0	0	-1	-1	0	0	20	-1	7	-1	41	48	-1	-1	-1	9	30	-1	18	0	0	39	48	-1	22	14	0	12
c16455	-1	0	39	0	0	0	0	50	0	0	0	0	0	0	-1	0	0	0	0	0	-1	0	-1	-1	0	0	-1	14	0	12
c16473	8	0	0	0	36	-1	-1	0	-1	50	19	0	0	0	0	0	1	0	30	4	18	0	12	-1	0	0	0	14	-1	12
c16518	0	0	0	0	9	0	-1	0	0	0	7	-1	0	36	39	0	0	0	30	26	18	0	-1	0	48	26	22	14	-1	-1
c16558	0	0	0	0	11	-1	0	0	0	0	0	23	0	0	0	42	0	45	18	0	18	-1	22	0	0	0	0	-1	0	12
c16600	0	-1	-1	0	0	40	-1	0	0	0	23	-1	0	0	26	0	0	-1	0	0	18	-1	-1	-1	0	9	0	14	31	12
c16605	30	0	-1	0	-1	0	0	0	-1	0	0	0	0	24	0	18	41	0	30	0	-1	-1	0	18	-1	29	0	-1	0	-1
c16695	-1	12	0	23	11	-1	0	0	8	0	0	0	36	-1	-1	42	0	0	0	-1	18	7	0	0	18	39	39	0	-1	12
c16698	29	-1	43	-1	-1	0	0	0	0	0	0	23	0	0	0	-1	0	45	18	-1	18	7	-1	0	0	0	39	-1	0	12
c16707	45	0	0	0	0	-1	0	0	0	0	0	-1	18	0	0	0	0	0	-1	39	18	0	-1	0	0	0	-1	14	0	12
c16714	0	-1	0	0	9	0	-1	0	-1	0	-1	0	0	31	-1	0	0	16	30	0	18	-1	0	0	48	0	22	14	0	12
c16742	48	-1	0	0	1	0	0	0	0	-1	0	0	4	0	0	41	0	0	30	0	18	0	48	0	-1	0	-1	14	0	12
c16766	0	0	0	0	11	-1	0	0	0	0	0	23	0	0	0	-1	0	45	18	-1	-1	7	0	0	0	0	0	-1	23	12
c16794	0	12	48	0	-1	-1	0	0	0	18	-1	-1	-1	-1	0	0	4	22	0	48	18	4	0	0	0	0	41	-1	35	12
c16795	0	12	48	0	-1	-1	0	-1	18	18	36	-1	-1	-1	-1	0	0	22	-1	48	18	4	0	0	0	0	41	14	35	-1
c16800	30	0	0	0	48	12	-1	26	0	-1	-1	-1	0	24	0	0	41	0	-1	0	18	0	0	0	-1	0	0	14	0	-1
c16874	0	15	0	48	-1	-1	-1	-1	0	-1	19	-1	-1	-1	0	-1	-1	-1	-1	4	18	0	12	0	0	-1	0	-1	0	-1
c16876	30	0	0	-1	0	-1	0	0	0	0	30	-1	-1	24	0	0	41	0	30	0	18	0	0	12	0	0	0	14	31	12
c16916	0	0	0	0	11	0	0	0	-1	0	0	23	0	0	27	42	23	45	18	0	18	7	0	39	0	0	0	0	40	12
c16920	0	0	10	0	0	-1	0	-1	0	0	7	0	-1	13	40	0	-1	0	30	9	18	3	0	-1	-1	0	0	14	0	12
c16928	0	-1	-1	-1	-1	0	-1	0	0	18	36	-1	-1	18	48	-1	0	22	0	0	18	0	0	-1	-1	0	-1	14	35	12
c16949	0	0	7	0	0	-1	0	0	-1	50	19	0	0	0	0	-1	0	12	-1	4	18	0	12	0	0	0	1	-1	0	12
c16959	0	-1	0	0	0	0	39	0	-1	50	19	0	0	-1	0	0	0	0	-1	4	18	-1	-1	0	0	0	-1	14	0	12
c16974	0	-1	48	0	15	0	0	-1	0	18	36	0	-1	0	-1	0	0	-1	0	-1	-1	0	26	0	0	0	41	14	35	12
c17008	0	0	10	0	0	20	-1	0	0	0	20	-1	0	-1	0	0	41	15	30	-1	18	-1	-1	9	-1	0	0	-1	-1	12
c17020	0	0	-1	0	0	0	48	0	-1	7	0	0	0	-1	29	0	20	-1	0	0	-1	26	-1	0	0	-1	-1	14	0	12
c17037	0	0	0	48	-1	0	0	-1	33	50	-1	-1	0	-1	0	0	0	0	30	-1	-1	0	12	-1	-1	0	0	14	0	12
c17060	0	0	-1	0	0	0	0	23	0	20	22	0	0	0	-1	40	-1	-1	30	0	-1	-1	12	-1	1	-1	28	14	-1	12
c17064	-1	-1	0	0	0	0	45	-1	0	50	19	0	0	24	0	-1	0	0	30	-1	18	0	12	24	0	-1	-1	-1	0	12
c17103	0	0	9	0	11	31	3	0	0	-1	41	23	7	0	0	42	-1	45	-1	0	18	7	0	0	0	0	29	0	0	12
c17121	0	0	0	-1	11	0	0	0	-1	0	39	23	0	0	-1	-1	-1	45	18	-1	18	7	0	-1	13	0	27	0	-1	12
c17123	-1	0	43	0	0	0	0	-1	-1	-1	0	0	0	0	29	4	0	-1	0	-1	18	-1	-1	-1	27	-1	0	14	0	12
c17191	0	0	0	16	32	0	0	0	27	0	0	0	0	27	1	0	41	40	-1	-1	18	0	0	0	-1	0	-1	14	-1	12
c17194	30	0	0	24	0	18	0	0	-1	-1	30	0	28	24	0	0	41	24	30	0	18	0	0	0	0	0	0	14	0	12
c17215	0	-1	28	12	11	0	0	0	0	-1	0	23	7	-1	-1	42	0	45	18	-1	18	-1	0	-1	0	0	29	0	-1	12
c17290	0	0	-1	0	-1	0	0	41	-1	18	36	0	-1	0	0	0	0	22	0	-1	18	0	0	0	0	0	41	14	35	12
c17318	-1	-1	43	0	0	0	0	0	0	7	0	12	0	-1	-1	0	0	0	0	0	18	0	-1	-1	0	0	-1	14	39	12
c17319	0	0	43	0	0	-1	0	0	0	7	-1	0	-1	0	-1	0	0	0	-1	0	18	-1	-1	0	-1	0	0	14	0	12
c17331	48	-1	-1	39	31	-1	0	0	27	9	-1	-1	4	-1	0	11	0	-1	30	-1	18	-1	-1	0	-1	6	0	-1	1	12
c17358	0	0	0	24	9	41	-1	-1	-1	0	36	-1	-1	0	-1	-1	-1	-1	20	0	18	0	26	-1	0	0	0	-1	35	12
c17359	0	0	-1	24	9	-1	33	9	39	-1	36	-1	-1	-1	-1	24	-1	-1	20	0	18	-1	26	-1	0	-1	0	-1	-1	12
c17375	0	0	0	0	26	0	0	-1	40	0	30	39	0	0	-1	0	-1	0	30	0	18	-1	-1	0	0	0	-1	14	-1	12
c17392	0	0	0	0	-1	0	0	0	0	0	0	23	0	0	27	42	0	45	18	31	18	-1	-1	0	0	0	0	0	-1	12
c17397	0	0	48	0	15	0	0	0	0	18	36	0	-1	0	0	0	-1	22	0	45	18	0	0	0	0	0	41	14	35	12
c17407	-1	0	48	0	-1	0	-1	0	0	-1	36	0	-1	0	0	0	0	22	-1	0	18	0	0	0	0	0	41	-1	35	12
c17440	0	0	0	0	0	0	0	0	0	-1	0	-1	0	13	-1	0	41	0	-1	9	18	-1	20	0	-1	11	-1	14	0	12
c17454	0	0	-1	0	0	0	-1	0	-1	50	-1	0	-1	26	-1	0	0	-1	-1	-1	-1	0	12	0	-1	-1	0	14	-1	12
c17486	-1	0	-1	0	-1	0	0	22	19	18	36	0	-1	18	48	0	0	22	0	0	18	0	0	0	-1	0	-1	14	35	12
c17491	0	0	-1	23	11	0	34	0	26	0	0	0	0	0	0	42	-1	0	29	-1	18	7	-1	3	18	39	22	0	0	12
c17507	-1	-1	0	24	9	41	0	9	39	0	-1	-1	-1	0	2	24	-1	-1	-1	0	18	0	26	-1	0	0	0	14	35	12
c17508	0	-1	0	-1	13	0	0	41	-1	0	0	41	0	13	0	0	41	-1	30	37	18	-1	-1	29	0	0	0	14	0	12
c17529	0	41	-1	0	9	-1	0	-1	-1	-1	7	0	-1	-1	0	0	0	0	30	0	18	0	0	0	48	-1	22	14	0	12
c17536	45	0	24	41	0	19	-1	0	0	0	32	-1	0	0	0	26	0	0	0	22	18	0	-1	0	-1	1	-1	14	-1	12
c17557	0	0	0	0	11	0	0	0	0	-1	0	23	0	0	0	-1	0	45	18	0	-1	7	7	0	-1	0	0	0	-1	-1
c17586	0	0	-1	0	9	10	0	0	0	0	7	31	0	0	39	26	0	0	30	41	-1	0	-1	0	48	0	-1	14	-1	12
c17620	0	14	0	0	-1	32	40	0	0	41	23	-1	0	-1	0	-1	0	9	0	0	18	0	-1	0	0	9	0	-1	0	-1
c17624	0	0	0	0	8	0	0	20	0	-1	-1	0	0	-1	31	0	41	34	30	0	-1	1	26	-1	0	0	0	14	0	12
c17628	-1	-1	-1	26	0	0	-1	0	0	0	-1	0	-1	13	-1	0	41	-1	-1	-1	18	0	0	0	0	0	18	14	-1	12
c17629	0	-1	0	26	0	0	-1	-1	0	7	-1	-1	0	13	0	0	41	0	30	-1	-1	0	0	-1	0	0	-1	14	0	12
c17649	44	0	0	0	11	-1	36	0	0	-1	-1	-1	0	0	0	-1	0	45	18	0	18	7	0	0	0	0	-1	0	0	-1
c17689	0	0	0	0	32	0	0	0	0	-1	0	0	9	0	0	0	41	9	30	29	18	0	-1	-1	0	-1	0	-1	-1	12
c17693	0	-1	0	0	11	0	-1	0	20	0	0	-1	0	0	-1	-1	14	45	-1	0	18	7	0	0	0	0	0	-1	-1	12
c17709	0	14	23	41	0	32	-1	1	0	41	23	-1	0	0	0	-1	0	9	-1	0	-1	-1	-1	48	0	9	11	14	41	-1
c17757	0	0	0	39	-1	16	0	0	-1	50	19	0	0	0	0	0	-1	0	30	4	18	-1	-1	0	0	-1	0	14	0	12
c17764	-1	0	-1	7	-1	0	48	0	-1	0	30	0	31	24	0	0	41	0	30	6	18	-1	0	0	0	45	0	14	0	-1
c17795	30	0	-1	-1	0	-1	0	20	0	39	0	-1	-1	24	50	0	41	26	-1	11	18	29	0	44	0	29	0	14	-1	12
c17819	30	0	0	-1	0	0	0	0	0	0	30	0	0	24	0	0	41	9	30	6	18	18	-1	-1	-1	-1	0	14	0	12
c17822	14	-1	0	39	-1	0	45	0	0	50	19	-1	0	24	0	-1	-1	0	30	-1	-1	45	12	-1	0	-1	0	14	0	12
c17834	13	0	0	0	0	-1	0	-1	0	0	36	0	-1	0	-1	18	-1	0	0	0	18	0	0	0	0	0	-1	14	35	12
c17838	30	-1	-1	0	-1	0	0	0	0	0	14	0	-1	-1	0	-1	41	0	30	0	18	-1	0	0	18	29	-1	-1	0	12
c17867	30	0	0	0	-1	0	0	-1	5	-1	7	0	0	0	-1	0	0	0	30	0	18	0	29	-1	48	-1	22	14	0	12
c17875	0	14	13	0	0	32	0	-1	0	-1	23	-1	10	-1	0	0	10	9	-1	0	-1	0	-1	0	0	9	0	14	0	-1
c17877	0	0	43	-1	0	-1	0	-1	0	7	0	0	0	0	29	4	0	0	0	0	18	45	-1	0	0	-1	0	14	12	12
c17901	-1	41	48	33	15	0	0	1	0	18	36	0	-1	0	0	0	32	22	-1	36	-1	0	-1	0	18	-1	-1	14	35	12
c17910	0	0	-1	0	15	-1	0	0	0	18	-1	18	-1	12	-1	31	-1	22	0	-1	-1	-1	-1	0	0	29	41	14	35	12
c17911	0	0	48	0	15	0	0	0	0	18	36	18	-1	-1	0	31	0	22	0	-1	-1	-1	0	0	0	29	41	14	35	12
c17913	0	0	-1	0	15	9	0	0	30	18	-1	0	-1	29	-1	0	0	7	0	-1	-1	0	0	-1	-1	0	-1	14	-1	12
c17920	-1	0	0	0	26	0	0	0	-1	4	0	0	0	0	-1	0	41	12	30	9	18	5	30	0	0	7	0	14	-1	-1
c17924	0	0	0	0	-1	0	0	9	0	50	-1	-1	-1	0	-1	0	0	0	30	4	-1	-1	12	-1	0	50	0	14	0	-1
c17927	0	0	0	0	11	0	0	-1	0	0	-1	23	0	-1	0	42	26	45	18	0	18	-1	9	0	0	0	0	-1	0	12
c17933	0	-1	0	0	-1	9	-1	41	0	18	36	48	-1	29	0	0	4	-1	0	-1	18	-1	0	-1	-1	0	-1	14	35	12
c17967	0	0	-1	0	-1	0	23	0	0	0	7	0	0	48	0	0	0	0	30	50	18	0	0	0	-1	0	22	-1	-1	12
c17990	0	0	-1	0	-1	0	0	0	-1	18	-1	-1	-1	0	-1	0	26	22	0	0	-1	-1	0	0	22	23	41	-1	35	12
c18050	-1	0	-1	0	15	0	21	0	-1	18	36	0	-1	0	-1	0	0	-1	0	0	18	-1	-1	-1	0	0	18	-1	35	12
c18063	29	0	0	0	-1	0	-1	0	0	0	41	23	0	9	-1	-1	0	45	18	0	18	7	-1	12	-1	0	-1	9	0	-1
c18076	30	0	0	24	0	0	0	-1	39	0	30	0	28	24	0	0	41	24	30	0	18	0	0	0	0	0	0	14	0	-1
c18102	-1	0	29	33	15	9	0	0	0	18	36	0	-1	29	0	0	0	7	-1	22	18	0	0	16	-1	0	48	14	35	12
c18116	0	22	-1	0	0	0	-1	0	-1	0	-1	0	0	13	-1	0	41	0	30	9	18	-1	41	0	-1	24	0	14	-1	12
c18122	-1	0	10	0	0	20	0	0	0	0	0	0	0	13	-1	0	41	-1	30	9	-1	3	0	9	-1	0	-1	14	0	12
c18138	-1	0	-1	9	15	36	21	0	0	18	-1	-1	-1	-1	0	0	-1	0	-1	18	18	0	-1	-1	-1	-1	0	-1	35	-1
c18172	0	0	-1	0	18	0	0	6	0	-1	0	-1	45	0	29	0	0	-1	0	0	18	-1	-1	27	0	0	-1	-1	0	12
c18185	0	0	0	0	-1	0	0	0	0	0	0	23	7	0	-1	42	0	-1	18	0	18	-1	0	0	-1	0	0	19	22	12
c18226	10	0	0	0	11	39	-1	0	-1	-1	0	23	0	0	0	-1	-1	45	18	8	18	-1	0	29	-1	-1	0	0	15	12
c18227	10	0	0	-1	11	39	0	0	0	0	0	23	0	0	-1	-1	0	45	18	8	-1	7	-1	29	0	0	0	0	15	-1
c18268	0	4	43	0	0	0	0	0	0	7	0	-1	0	0	29	4	0	-1	0	0	18	0	-1	0	0	0	48	14	0	12
c18270	30	-1	6	0	0	-1	0	-1	0	-1	-1	0	-1	24	0	0	41	0	30	0	18	-1	20	0	-1	-1	0	14	26	12
c18271	30	0	-1	0	0	0	0	-1	-1	-1	23	0	-1	24	-1	0	-1	0	30	-1	18	0	20	0	14	29	0	-1	26	12
c18300	0	0	50	0	11	0	0	0	-1	0	-1	23	-1	0	27	42	0	45	18	31	18	-1	0	24	-1	-1	-1	0	22	12
c18303	0	0	0	0	0	0	0	0	0	0	0	20	-1	13	-1	-1	41	0	30	0	18	-1	26	0	-1	0	0	14	0	12
c18306	0	0	30	0	0	0	-1	-1	0	50	19	0	0	0	0	0	0	0	30	4	18	0	-1	0	0	-1	0	14	26	12
c18307	0	0	-1	0	-1	0	0	0	-1	50	19	-1	0	0	0	0	0	0	30	4	18	0	-1	0	0	-1	0	14	26	12
c18334	0	0	-1	0	-1	0	0	-1	0	18	36	0	-1	0	0	0	-1	-1	-1	-1	-1	0	0	-1	0	0	41	-1	35	12
c18352	0	0	0	0	11	16	48	0	0	0	0	23	-1	0	0	-1	0	45	18	-1	18	-1	0	0	0	0	0	0	0	12
c18364	48	9	0	0	1	0	-1	-1	26	9	0	0	4	0	0	0	0	0	30	14	18	0	48	-1	-1	18	26	14	0	12
c18373	0	0	0	-1	11	-1	0	-1	0	0	0	23	0	0	18	42	0	-1	18	-1	18	7	-1	-1	0	-1	-1	0	0	12
c18385	0	0	43	0	0	-1	0	-1	-1	7	0	0	0	0	29	0	20	9	0	-1	-1	0	-1	0	0	0	0	-1	0	12
c18386	0	0	16	0	0	0	0	-1	0	50	19	-1	0	0	0	0	0	0	-1	4	18	0	12	-1	0	0	0	14	0	12
c18422	0	0	-1	0	-1	0	0	0	-1	18	36	-1	-1	-1	0	0	0	22	0	0	-1	-1	-1	0	0	0	41	14	35	12
c18425	-1	1	43	0	27	-1	0	-1	48	7	0	0	45	0	-1	0	0	0	-1	12	18	0	-1	48	0	0	9	14	-1	12
c18429	-1	0	0	-1	-1	0	39	0	3	50	19	0	0	-1	0	-1	0	0	-1	-1	18	-1	12	-1	0	0	0	14	0	-1
c18453	-1	20	0	0	-1	9	0	0	0	24	0	-1	7	28	0	-1	0	45	-1	0	18	7	0	-1	0	0	29	0	-1	12
c18488	-1	-1	0	26	-1	31	0	0	0	24	-1	0	0	0	-1	-1	0	0	30	-1	18	-1	0	0	48	0	22	14	0	-1
c18492	-1	0	0	0	20	0	0	0	0	0	-1	16	-1	24	-1	0	41	0	30	-1	18	0	44	0	0	0	0	14	0	12
c18494	0	0	0	0	0	18	0	0	0	50	19	0	0	0	-1	0	0	-1	-1	4	18	30	12	39	-1	-1	0	14	0	12
c18496	0	0	0	0	0	0	-1	-1	0	0	0	0	-1	-1	0	0	-1	0	-1	0	18	0	41	-1	0	0	-1	14	0	-1
c18503	-1	26	0	0	20	10	0	0	0	-1	30	-1	0	24	-1	0	-1	0	30	0	-1	-1	0	-1	0	0	0	14	0	12
c18505	-1	-1	48	33	15	0	0	26	0	18	36	0	-1	0	0	0	32	22	-1	36	18	0	-1	-1	-1	0	-1	14	35	12
c18515	-1	9	0	0	1	0	0	0	0	9	0	0	4	-1	0	-1	-1	0	-1	0	-1	0	48	0	-1	0	26	14	0	12
c18555	0	0	23	0	0	0	12	0	-1	0	0	0	-1	0	0	26	0	-1	30	0	18	14	12	41	1	-1	28	-1	0	-1
c18563	0	-1	0	0	-1	0	0	-1	0	0	23	0	-1	0	-1	0	30	9	0	-1	18	3	-1	-1	0	9	16	14	-1	12
c18572	0	0	43	0	0	0	0	0	0	7	0	-1	0	0	29	4	-1	-1	0	0	18	0	-1	0	16	23	0	14	0	12
c18580	0	14	0	0	0	32	40	0	0	41	-1	-1	0	0	0	-1	0	9	0	0	18	0	-1	48	0	9	-1	14	18	12
c18592	0	0	0	0	-1	0	0	0	18	50	-1	0	0	26	0	0	-1	0	30	4	18	0	12	0	0	0	0	14	0	12
c18599	29	0	0	-1	11	0	0	39	0	0	0	23	0	0	0	-1	0	45	18	48	18	7	20	-1	-1	30	39	0	-1	12
c18676	22	0	0	0	0	-1	0	0	-1	27	0	24	0	30	-1	-1	0	4	-1	34	18	0	12	0	0	-1	0	14	0	-1
c18687	48	9	0	0	0	0	9	13	0	9	0	-1	4	-1	0	-1	0	0	-1	1	18	0	-1	13	-1	-1	0	14	-1	12
c18694	42	0	48	-1	15	0	0	0	0	18	36	0	-1	0	-1	0	0	-1	0	0	18	0	-1	-1	29	-1	41	-1	35	12
c18716	0	0	23	0	4	0	0	-1	0	0	-1	0	0	-1	-1	0	0	0	-1	-1	-1	-1	12	41	-1	39	0	14	0	12
c18755	-1	0	0	0	11	-1	0	-1	0	-1	-1	23	0	-1	0	-1	0	45	18	0	-1	7	0	0	0	16	0	0	0	12
c18777	0	-1	48	0	15	-1	0	-1	0	18	36	0	-1	0	-1	0	0	22	0	45	18	0	0	20	0	-1	41	14	35	12
c18790	0	0	0	39	0	0	0	0	0	50	19	0	0	0	12	45	0	-1	30	4	-1	-1	12	-1	7	0	26	14	0	12
c18800	-1	0	-1	0	0	-1	0	0	0	0	27	0	0	13	0	4	-1	-1	30	0	-1	11	12	0	-1	0	-1	14	0	-1
c18804	22	0	0	-1	-1	-1	-1	0	0	-1	-1	0	33	24	0	-1	21	0	-1	4	18	0	12	-1	0	50	0	-1	0	12
c18856	0	0	0	0	11	-1	0	0	-1	0	0	23	-1	0	27	42	-1	45	-1	0	-1	7	0	39	0	0	0	0	-1	12
c18857	0	-1	-1	-1	11	-1	0	0	-1	0	0	23	0	-1	27	42	-1	45	18	0	-1	7	0	39	0	-1	0	-1	40	12
c18861	0	0	0	0	9	39	0	13	20	-1	7	-1	41	-1	0	0	0	9	30	50	18	-1	0	39	48	-1	22	14	0	12
c18862	30	38	6	-1	-1	0	0	0	0	0	27	-1	0	24	0	18	41	48	30	0	18	0	0	18	27	29	0	14	3	-1
c18863	30	38	6	22	14	-1	-1	-1	0	-1	27	0	0	24	-1	18	41	48	-1	0	18	0	0	18	27	29	0	14	3	-1
c18867	24	0	0	0	26	0	0	-1	22	0	-1	0	0	0	0	0	41	0	30	0	-1	0	30	0	0	0	-1	-1	0	12
c18889	0	14	0	0	-1	32	0	0	0	-1	-1	-1	0	0	-1	-1	10	9	0	-1	18	-1	-1	-1	-1	9	0	-1	0	12
c18890	31	16	-1	48	-1	14	21	-1	-1	-1	36	8	-1	3	0	0	0	16	0	-1	18	0	0	-1	0	0	0	-1	35	-1
c18938	0	0	0	-1	32	-1	0	0	-1	-1	-1	0	-1	-1	0	-1	-1	-1	30	29	18	0	39	0	0	0	0	-1	0	-1
c18946	-1	-1	-1	11	32	0	0	-1	0	50	0	0	9	-1	-1	0	-1	-1	30	29	18	0	0	0	0	0	0	-1	0	12
c18956	0	0	0	-1	11	0	0	0	-1	-1	-1	23	0	-1	27	42	0	-1	18	31	-1	7	0	0	0	0	0	0	0	12
c18980	29	0	0	8	11	23	0	0	-1	0	41	23	0	0	0	-1	0	45	18	0	-1	7	0	0	0	0	39	0	0	12
c19013	0	22	-1	0	15	-1	0	0	0	-1	36	0	-1	0	48	0	4	22	0	0	18	0	0	0	0	0	41	14	35	12
c19017	0	0	-1	0	15	0	-1	0	-1	18	36	0	-1	0	48	0	0	22	-1	0	18	0	9	0	0	-1	41	14	35	12
c19048	29	0	0	0	11	-1	0	0	0	0	15	23	0	0	0	-1	-1	-1	18	0	18	7	20	27	-1	0	39	0	0	-1
c19049	29	-1	0	0	11	0	0	-1	0	0	-1	-1	0	0	30	-1	-1	45	-1	0	-1	7	20	27	-1	0	39	0	0	12
c19084	0	-1	-1	-1	-1	0	0	-1	0	0	7	-1	-1	0	0	0	0	0	30	0	18	30	0	0	48	0	22	14	0	12
c19114	0	0	0	-1	-1	0	10	0	0	39	-1	1	8	26	0	0	0	0	30	0	-1	0	12	-1	-1	0	41	14	12	-1
c19128	0	0	0	-1	15	9	0	0	0	18	36	0	-1	29	-1	0	-1	7	0	22	18	-1	0	16	-1	0	48	14	35	12
c19148	22	14	0	0	8	32	-1	-1	0	41	23	-1	0	0	17	-1	-1	-1	-1	0	18	0	-1	0	0	9	22	14	0	12
c19149	22	14	0	0	8	32	0	18	0	41	23	-1	0	-1	17	-1	0	9	0	0	18	0	-1	-1	0	-1	22	-1	-1	12
c19150	0	0	-1	-1	-1	0	0	-1	0	18	36	20	-1	13	0	0	27	-1	0	-1	-1	0	-1	0	-1	-1	-1	-1	35	-1
c19156	0	-1	0	0	11	39	0	-1	-1	0	-1	23	0	-1	-1	-1	0	45	18	8	18	-1	0	0	0	0	-1	0	15	-1
c19157	-1	0	0	0	11	-1	0	0	0	0	-1	23	0	22	-1	-1	0	45	18	8	18	-1	-1	-1	0	0	0	0	-1	12
c19168	0	0	0	0	11	39	0	0	41	40	0	23	0	0	0	-1	-1	45	-1	0	18	7	0	7	0	9	-1	-1	0	12
c19169	0	0	0	0	11	39	0	0	41	-1	0	23	0	0	-1	-1	0	45	18	0	18	7	0	7	-1	9	-1	0	0	12
c19174	0	0	-1	0	15	0	0	0	0	18	36	0	-1	0	48	0	0	22	0	-1	-1	-1	9	0	0	0	41	14	35	-1
c19186	0	0	48	0	15	0	0	0	39	18	36	0	-1	0	0	41	0	22	0	-1	18	0	0	0	0	0	-1	-1	-1	12
c19194	0	-1	50	0	0	-1	-1	0	18	0	23	0	0	44	0	0	0	-1	4	0	18	20	-1	-1	0	9	0	14	0	12
c19197	0	0	-1	-1	-1	0	0	0	-1	18	36	0	-1	0	48	-1	0	22	0	-1	18	0	0	0	-1	0	41	-1	35	12
c19230	-1	0	0	0	11	0	0	0	0	48	18	23	0	-1	0	-1	0	-1	-1	0	18	7	0	-1	7	0	39	0	48	12
c19231	29	0	-1	-1	11	0	0	0	0	48	18	23	0	-1	0	-1	0	45	18	0	18	7	-1	-1	7	0	39	-1	48	12
c19237	0	-1	48	0	15	-1	0	0	21	18	-1	0	-1	0	29	0	-1	22	0	0	18	0	0	-1	0	0	41	-1	35	-1
c19249	-1	0	0	0	11	0	0	0	0	48	18	23	-1	-1	0	-1	0	45	18	0	18	7	-1	0	0	-1	39	0	-1	-1
c19258	0	-1	0	0	0	-1	0	0	18	-1	19	0	0	0	39	-1	44	0	30	4	-1	0	12	3	0	0	0	-1	-1	12
c19259	0	-1	0	0	0	32	0	0	18	50	19	0	0	0	39	0	44	0	30	4	18	0	12	3	0	0	0	-1	0	12
c19274	0	14	0	0	-1	0	-1	0	0	23	23	24	0	0	29	0	0	-1	0	-1	18	0	-1	24	0	9	0	14	0	-1
c19280	-1	20	0	-1	-1	-1	0	0	0	-1	7	0	-1	0	0	0	0	9	30	0	18	0	0	-1	48	0	22	14	41	12
c19281	0	20	0	0	9	0	0	-1	0	-1	7	0	-1	0	0	0	0	9	-1	-1	18	0	0	0	-1	0	-1	14	41	12
c19283	0	-1	-1	20	26	0	-1	0	0	0	0	0	24	0	-1	0	41	0	30	0	-1	0	30	0	-1	0	-1	14	0	12
c19314	-1	14	0	-1	0	0	0	-1	0	0	23	0	-1	0	0	16	0	9	0	-1	18	3	-1	0	0	9	0	14	-1	12
c19315	0	14	0	0	0	0	0	-1	0	-1	23	-1	-1	0	0	0	0	9	0	0	18	-1	-1	0	0	9	0	14	0	-1
c19320	0	0	0	24	0	0	-1	0	0	0	0	0	-1	-1	0	26	0	-1	-1	0	18	0	-1	-1	0	-1	0	14	0	12
c19325	29	0	0	0	11	0	0	0	0	0	45	23	0	0	0	-1	0	45	18	0	18	7	0	0	0	-1	39	0	0	12
c19361	44	-1	0	0	11	39	36	0	0	-1	0	-1	0	0	0	-1	0	45	18	-1	18	7	0	0	22	-1	0	0	-1	12
c19388	-1	0	0	0	11	0	40	0	-1	0	0	-1	0	0	0	-1	-1	45	18	0	18	-1	0	0	-1	0	0	0	-1	12
c19389	0	0	-1	0	11	0	-1	0	-1	0	0	-1	0	-1	0	-1	-1	45	18	0	-1	7	0	0	-1	0	-1	0	29	12
c19410	-1	-1	23	-1	0	0	0	0	-1	0	0	0	0	0	0	0	0	0	-1	-1	-1	0	12	-1	0	0	-1	14	-1	12
c19427	30	0	-1	-1	0	0	-1	0	-1	-1	-1	0	-1	24	29	39	-1	0	30	0	18	0	26	29	12	29	-1	14	0	12
c19442	0	0	0	-1	11	-1	-1	0	0	0	0	-1	-1	0	9	-1	0	-1	18	0	18	-1	-1	-1	0	0	0	0	0	12
c19446	29	16	0	41	-1	0	0	0	-1	-1	0	23	0	25	0	-1	-1	45	18	0	18	-1	0	0	0	0	-1	0	0	12
c19451	0	20	43	0	0	0	0	0	6	-1	-1	0	0	-1	29	-1	0	0	0	10	18	0	-1	0	39	27	0	14	0	-1
c19453	0	-1	0	26	0	0	-1	9	0	-1	-1	0	0	13	0	0	41	-1	30	-1	18	0	0	-1	0	0	0	14	0	12
c19466	-1	20	43	-1	0	0	1	0	6	7	0	0	0	0	29	-1	0	0	0	0	18	41	-1	0	0	-1	0	14	0	-1
c19467	0	-1	43	-1	0	0	-1	0	6	7	0	-1	0	0	29	0	0	0	0	0	-1	41	-1	0	0	27	-1	-1	0	-1
c19481	0	0	-1	0	-1	0	0	-1	0	30	0	0	9	0	3	50	-1	0	-1	-1	18	0	30	0	0	0	-1	14	41	12
c19496	48	9	-1	-1	1	0	0	-1	43	9	0	0	4	27	0	0	-1	0	30	0	18	-1	48	0	-1	-1	4	14	-1	12
c19497	48	9	-1	0	1	0	0	32	43	-1	0	0	4	27	0	-1	-1	0	-1	0	18	0	48	0	-1	-1	4	14	0	12
c19502	0	-1	0	0	36	0	0	0	20	50	19	9	0	0	0	0	1	0	30	4	-1	34	12	0	0	0	0	14	-1	-1
c19503	0	0	26	0	-1	0	0	-1	-1	50	-1	9	0	0	0	1	1	3	30	4	-1	0	12	0	0	0	0	14	-1	12
c19566	-1	0	-1	0	-1	0	22	0	0	18	36	0	-1	13	0	0	0	-1	0	0	18	-1	-1	0	0	0	-1	14	35	12
c19614	-1	0	0	-1	-1	0	0	18	0	50	39	29	0	-1	-1	-1	0	0	-1	-1	18	-1	12	12	-1	0	20	14	0	-1
c19640	0	0	-1	0	15	-1	0	0	0	18	36	0	-1	-1	0	0	-1	22	0	0	18	0	0	31	29	0	41	14	35	-1
c19641	-1	0	-1	0	15	0	0	-1	0	18	36	0	-1	-1	0	0	-1	22	0	0	18	-1	0	31	29	0	-1	-1	-1	-1
c19661	0	0	0	39	0	0	0	0	0	-1	19	0	-1	0	0	-1	50	0	30	4	-1	-1	12	0	0	0	0	-1	-1	12
c19672	-1	-1	0	0	0	0	0	0	0	50	19	0	0	0	-1	-1	-1	-1	30	4	18	0	12	12	0	50	0	14	0	12
c19733	15	-1	0	0	36	0	4	39	0	50	-1	0	0	0	-1	0	1	9	30	4	-1	0	12	-1	-1	-1	0	14	-1	12
c19769	22	0	23	0	4	0	-1	0	0	-1	0	0	18	-1	30	0	0	26	30	45	-1	39	12	-1	-1	39	-1	14	10	12
c19771	0	0	48	0	15	0	0	0	-1	18	36	0	-1	-1	16	-1	0	-1	0	0	18	0	0	0	45	0	-1	14	-1	-1
c19791	0	-1	43	-1	0	-1	0	0	-1	-1	0	0	0	-1	29	-1	0	22	0	18	18	-1	-1	0	48	0	0	14	0	-1
c19832	-1	0	0	0	26	0	4	0	-1	50	19	0	0	0	-1	0	-1	0	30	4	18	0	12	30	0	4	0	14	0	12
c19844	0	-1	0	26	0	41	0	0	-1	0	29	0	0	-1	0	10	0	0	0	0	18	0	-1	10	24	29	-1	14	-1	12
c19873	0	0	48	0	-1	0	0	-1	0	18	36	0	-1	0	-1	-1	0	22	0	0	18	0	0	0	-1	0	41	-1	-1	12
c19892	0	14	50	0	0	34	0	0	18	0	23	-1	0	0	0	0	0	9	4	0	18	20	-1	0	-1	-1	0	14	0	12
c19912	42	-1	48	0	-1	0	0	0	0	18	36	0	-1	0	0	0	0	22	-1	0	18	0	0	-1	29	0	41	14	35	12
c19913	42	0	-1	0	15	-1	0	0	0	18	36	0	-1	0	0	0	0	22	0	-1	18	0	0	-1	29	0	41	14	35	-1
c19925	0	0	-1	0	15	0	0	0	-1	-1	36	-1	-1	0	-1	0	0	22	0	-1	-1	0	0	-1	0	0	41	14	35	12
c19959	0	-1	0	0	11	-1	-1	0	20	0	0	23	0	0	-1	-1	0	45	-1	0	18	7	0	0	48	-1	0	0	0	12
c19998	29	0	0	-1	11	0	0	-1	-1	-1	0	23	26	-1	-1	-1	0	45	-1	-1	18	7	0	4	0	0	-1	-1	0	12
c20020	0	0	37	0	-1	0	40	0	-1	-1	-1	23	26	0	0	-1	0	-1	18	-1	18	7	0	-1	0	0	-1	0	-1	-1
c20033	0	0	-1	-1	11	0	-1	0	12	-1	0	39	36	0	0	42	0	0	26	0	18	7	0	0	18	39	0	0	0	12
c20074	0	12	-1	23	-1	-1	0	0	0	0	0	-1	-1	0	-1	-1	0	-1	0	-1	-1	7	0	-1	18	39	39	0	0	12
c20083	0	0	43	27	23	0	0	-1	0	-1	0	-1	0	0	29	0	-1	0	0	0	18	-1	-1	0	0	0	0	-1	0	12
c20110	0	-1	0	0	9	10	0	0	0	0	-1	31	0	-1	-1	26	0	0	30	41	-1	0	0	0	48	0	-1	-1	-1	-1
c20150	29	-1	0	0	11	0	0	0	0	48	18	23	0	-1	0	-1	0	45	18	0	18	7	0	0	0	0	39	0	0	12
c20154	0	0	-1	0	-1	0	0	30	-1	0	0	-1	0	13	0	0	41	-1	30	9	18	0	0	-1	-1	0	3	14	0	12
c20166	-1	0	-1	0	0	0	0	0	-1	0	0	0	0	0	0	-1	0	-1	0	0	18	0	-1	0	0	0	0	14	0	-1
c20181	-1	-1	0	0	0	0	-1	-1	0	-1	-1	0	-1	-1	-1	-1	41	0	30	0	18	-1	-1	0	-1	0	0	14	0	12
c20213	-1	0	6	0	-1	0	-1	0	0	0	-1	-1	33	24	-1	18	41	16	30	0	18	-1	0	-1	27	29	33	-1	0	-1
c20214	0	0	10	-1	-1	20	-1	23	0	0	0	0	0	-1	33	-1	41	-1	-1	9	18	3	0	0	-1	0	0	-1	0	12
c20223	0	29	0	23	11	30	34	18	0	-1	-1	20	0	-1	0	42	0	0	45	-1	18	7	0	45	18	-1	-1	0	0	12
c20224	0	0	7	0	27	-1	0	0	0	50	19	0	-1	0	0	0	0	12	30	4	-1	0	12	0	0	31	-1	14	0	-1
c20235	0	4	0	20	0	-1	41	0	0	0	0	-1	0	0	0	0	-1	-1	30	0	18	0	-1	0	0	41	0	-1	7	12
c20262	0	0	-1	0	32	-1	31	0	0	50	0	0	9	0	0	0	41	0	-1	29	18	0	-1	0	0	0	0	-1	0	12
c20277	0	0	0	0	9	0	0	0	0	30	7	0	41	-1	0	0	0	0	30	50	18	0	41	-1	-1	0	22	14	0	12
c20296	29	0	0	0	11	0	0	0	0	0	41	23	0	0	0	-1	0	45	-1	0	-1	7	0	-1	-1	0	39	9	-1	-1
c20297	29	0	0	0	11	0	-1	0	0	-1	41	23	0	0	0	-1	0	45	18	0	18	7	0	12	-1	0	-1	9	0	-1
c20333	-1	0	0	0	0	-1	0	0	-1	-1	0	39	0	0	-1	16	0	0	-1	0	18	0	12	0	0	0	30	14	0	12
c20346	0	0	0	0	15	9	0	0	0	-1	36	0	-1	29	0	0	0	7	0	-1	18	0	0	16	-1	0	48	14	-1	12
c20355	0	0	50	0	0	0	0	0	18	50	19	0	0	0	0	0	-1	0	30	4	18	0	-1	0	0	-1	0	-1	-1	-1
c20372	0	-1	0	0	9	0	0	0	0	0	7	0	0	-1	39	0	0	0	30	26	18	0	-1	0	48	26	22	14	-1	12
c20396	0	0	0	0	26	0	-1	0	0	-1	0	0	0	-1	24	3	41	0	30	0	18	0	30	0	0	0	0	14	-1	12
c20414	0	0	-1	-1	15	0	0	0	-1	18	36	0	-1	-1	48	0	0	22	0	0	18	0	-1	1	0	0	-1	14	35	12
c20435	0	14	50	-1	-1	34	0	0	18	0	-1	0	26	0	0	0	0	9	4	0	18	-1	-1	0	0	9	0	14	33	12
c20445	0	0	0	-1	0	0	-1	10	0	0	-1	0	30	-1	46	10	0	-1	0	0	18	0	-1	0	0	29	0	14	0	12
c20448	-1	-1	-1	0	36	0	-1	0	0	50	-1	0	0	0	0	0	1	-1	30	4	18	0	12	0	-1	0	0	14	-1	-1
c20475	20	0	23	-1	-1	0	-1	-1	-1	-1	0	-1	12	0	-1	-1	0	-1	-1	0	18	0	12	41	0	-1	0	14	-1	12
c20481	0	0	48	0	15	0	0	0	-1	18	36	0	-1	0	0	41	0	22	0	0	18	0	0	0	-1	-1	41	14	-1	12
c20509	0	0	14	-1	11	0	0	-1	-1	0	-1	-1	-1	40	0	42	0	45	18	-1	18	7	0	0	0	-1	0	-1	0	12
c20510	-1	0	31	23	-1	0	0	-1	-1	30	0	-1	36	0	0	42	0	0	0	0	18	7	0	4	18	-1	0	0	0	12
c20513	0	14	0	0	0	32	0	0	0	41	23	-1	0	-1	9	38	-1	9	0	-1	18	0	-1	0	-1	9	0	14	0	12
c20520	31	16	0	-1	0	-1	-1	0	0	0	0	0	0	0	-1	0	50	22	-1	0	18	0	12	-1	0	0	0	14	0	12
c20531	-1	0	-1	-1	11	-1	0	-1	0	-1	18	23	0	0	27	42	-1	-1	18	-1	-1	7	0	-1	-1	0	0	0	40	12
c20544	-1	9	0	0	1	0	-1	-1	0	9	0	0	-1	27	0	-1	0	-1	-1	0	18	0	48	11	-1	-1	24	14	0	-1
c20545	48	9	0	0	1	0	0	-1	0	9	0	0	-1	27	0	-1	0	0	30	0	18	0	-1	11	-1	-1	24	14	-1	-1
c20552	0	0	0	0	9	-1	0	0	-1	0	7	0	41	48	0	0	-1	0	30	50	18	0	0	0	-1	0	22	14	0	-1
c20573	30	0	-1	0	-1	0	0	0	0	-1	30	0	0	24	0	0	41	0	30	-1	-1	0	0	0	0	-1	0	14	-1	-1
c20574	30	-1	-1	0	20	-1	0	0	0	-1	-1	7	0	24	-1	-1	41	0	30	-1	18	30	0	0	0	0	0	14	0	12
c20585	0	0	-1	-1	-1	0	0	-1	0	0	18	23	13	0	27	42	0	45	18	31	18	7	0	0	0	0	0	33	40	12
c20590	45	0	-1	0	1	-1	0	-1	0	0	0	0	0	0	41	0	0	0	0	23	18	0	-1	0	0	0	0	14	24	12
c20593	0	0	-1	-1	11	0	0	0	-1	-1	0	23	0	0	24	-1	0	-1	18	0	18	7	-1	0	0	-1	0	0	23	12
c20615	-1	9	0	0	1	0	0	39	0	9	0	0	4	-1	-1	41	-1	0	30	33	18	0	48	0	-1	-1	26	14	0	12
c20648	0	0	0	0	11	-1	0	0	0	0	0	23	0	0	0	-1	0	-1	18	0	18	7	22	0	0	0	0	-1	30	12
c20656	-1	-1	48	4	-1	-1	0	0	-1	18	36	-1	-1	0	0	0	-1	22	0	-1	18	0	0	30	-1	0	41	-1	35	12
c20661	-1	16	48	48	-1	14	-1	0	-1	-1	36	8	-1	-1	0	0	0	16	0	0	-1	0	0	0	0	0	0	-1	35	-1
c20663	48	-1	0	39	3	0	-1	0	0	9	0	0	4	0	0	11	0	3	30	0	18	-1	48	0	-1	6	0	14	1	-1
c20664	0	-1	0	0	11	9	0	0	0	0	0	23	0	0	-1	42	0	-1	-1	31	-1	7	0	0	26	0	0	0	0	12
c20683	-1	0	0	-1	18	0	45	0	-1	50	19	43	0	24	0	0	-1	0	30	4	18	45	12	0	0	50	0	14	0	12
c20694	-1	-1	0	0	0	-1	0	0	0	0	48	-1	0	-1	0	0	0	4	30	0	18	-1	-1	41	0	41	0	14	0	12
c20698	29	4	0	0	11	-1	0	0	0	0	0	23	-1	0	-1	-1	0	45	18	0	18	-1	0	0	-1	0	39	0	0	12
c20715	0	-1	0	39	0	0	0	0	0	-1	-1	0	0	0	12	-1	0	-1	30	4	18	-1	12	0	7	0	26	14	0	-1
c20751	0	0	-1	45	-1	0	0	0	-1	7	-1	0	0	16	-1	-1	20	9	0	0	-1	26	-1	0	0	36	4	14	0	12
c20772	0	0	0	0	9	0	0	0	-1	0	-1	0	0	0	39	0	14	-1	30	0	18	0	-1	0	48	-1	22	14	0	12
c20790	-1	0	0	-1	22	-1	0	0	0	0	0	0	24	18	0	-1	0	22	-1	0	-1	0	-1	-1	0	0	0	-1	0	12
c20798	30	0	6	0	0	0	-1	0	-1	-1	0	0	0	-1	46	18	-1	0	30	20	18	0	0	-1	-1	29	0	-1	0	12
c20812	0	9	0	0	11	-1	0	0	-1	0	0	-1	0	18	0	-1	-1	45	-1	5	18	7	0	0	48	0	0	0	0	12
c20813	0	9	0	-1	11	-1	0	0	20	0	0	23	0	-1	-1	-1	0	-1	18	0	-1	7	-1	-1	-1	0	0	0	0	12
c20820	30	0	6	0	0	0	-1	21	0	-1	-1	0	0	-1	0	18	41	0	30	0	18	-1	-1	18	27	29	-1	14	40	12
c20838	-1	0	0	46	15	-1	-1	-1	0	-1	36	-1	-1	0	0	0	0	0	0	0	18	0	-1	16	34	0	-1	14	35	12
c20848	0	0	48	9	-1	36	21	-1	-1	18	36	0	-1	1	11	0	27	0	0	-1	18	0	0	20	0	0	-1	-1	-1	12
c20851	0	0	29	0	11	0	0	0	0	0	0	23	0	0	0	42	0	-1	18	-1	18	-1	0	0	0	18	-1	0	0	12
c20866	0	16	43	0	0	0	0	0	24	7	10	-1	-1	-1	-1	4	0	0	0	-1	18	-1	-1	0	-1	-1	0	14	0	12
c20884	-1	0	-1	-1	11	0	0	0	0	0	0	23	-1	0	27	42	0	45	18	31	18	7	0	0	-1	0	0	0	0	-1
c20927	0	0	48	0	15	0	0	0	0	18	36	0	-1	0	0	0	41	22	0	-1	18	0	0	0	0	0	41	14	-1	12
c20948	-1	0	0	0	0	0	22	-1	0	50	19	-1	0	0	0	0	-1	0	30	4	18	0	-1	30	0	0	0	14	0	12
c20972	0	0	48	0	15	0	0	-1	39	18	36	0	-1	0	0	0	0	22	0	0	18	0	0	-1	0	0	-1	14	-1	12
c20976	16	0	0	0	11	-1	3	0	0	0	13	23	0	0	0	42	43	45	18	0	18	7	0	0	0	0	0	0	0	-1
c21002	-1	0	11	0	0	0	0	-1	0	0	0	7	0	-1	0	-1	-1	-1	30	9	18	0	0	0	-1	0	0	14	0	-1
c21022	0	0	0	0	11	-1	0	0	0	-1	0	23	0	0	0	-1	0	45	18	24	-1	7	0	45	0	0	0	0	0	12
c21047	0	-1	-1	0	0	0	45	0	0	50	19	0	0	24	-1	0	0	0	30	4	18	29	12	-1	-1	50	0	14	0	12
c21060	48	9	0	27	1	-1	-1	38	0	9	0	0	4	29	24	0	-1	0	30	0	-1	0	48	0	-1	4	26	-1	0	-1
c21065	0	18	-1	0	15	0	0	-1	0	-1	36	0	-1	0	0	20	0	22	0	0	18	45	0	-1	-1	-1	41	14	35	12
c21074	30	0	6	0	0	-1	0	0	0	-1	0	0	0	24	0	0	41	-1	30	0	-1	42	0	4	14	29	10	-1	0	-1
c21078	0	0	-1	20	26	0	0	0	0	0	0	0	-1	0	0	0	41	0	30	0	-1	0	30	0	22	9	0	14	0	12
c21086	0	0	30	-1	0	-1	0	0	0	50	19	0	0	7	0	0	0	0	-1	4	-1	0	12	0	0	-1	0	14	26	-1
c21087	0	0	30	0	0	-1	0	0	0	-1	-1	0	-1	-1	0	0	0	0	-1	4	18	0	12	-1	0	32	0	-1	26	12
c21091	0	0	10	0	0	-1	-1	0	-1	24	22	0	0	-1	0	0	-1	0	30	9	18	3	50	0	-1	0	-1	14	0	12
c21099	-1	0	-1	-1	-1	-1	0	9	0	-1	-1	0	-1	-1	0	18	41	0	30	0	-1	-1	0	18	27	29	-1	-1	0	12
c21106	0	0	-1	26	0	0	-1	-1	0	-1	0	0	-1	-1	0	10	0	1	0	0	18	0	-1	0	-1	29	0	14	0	-1
c21108	0	41	0	0	11	-1	0	0	0	0	-1	23	0	18	-1	42	0	45	18	0	18	7	-1	0	0	0	18	0	0	-1
c21109	0	41	0	0	-1	-1	0	-1	0	0	0	23	0	18	0	42	0	45	-1	0	-1	7	0	0	0	-1	18	0	0	-1
c21112	0	0	43	0	0	16	0	-1	0	-1	0	0	0	-1	29	0	0	22	0	0	18	-1	-1	0	0	-1	0	14	0	12
c21148	29	0	0	0	-1	0	0	0	0	0	-1	23	28	0	0	-1	-1	-1	-1	0	-1	7	0	0	0	-1	39	29	0	12
c21170	48	-1	-1	-1	-1	0	0	0	27	9	-1	0	4	-1	-1	11	29	3	30	0	18	-1	48	-1	-1	-1	0	-1	-1	12
c21178	0	0	-1	0	9	0	41	-1	5	0	7	0	0	0	0	0	0	0	30	0	18	0	0	0	48	5	-1	14	0	12
c21187	-1	0	0	0	0	0	0	-1	-1	12	-1	0	-1	24	0	49	41	0	30	-1	18	0	-1	0	-1	-1	0	14	0	12
c21206	29	0	0	8	11	23	0	-1	0	0	0	23	-1	4	-1	-1	0	-1	-1	0	18	7	0	0	0	0	39	-1	0	12
c21210	0	0	-1	0	15	0	0	0	41	-1	36	0	-1	0	48	0	-1	22	-1	0	18	0	0	0	0	0	41	-1	35	12
c21211	0	0	-1	0	15	-1	0	0	41	18	36	0	-1	0	48	-1	-1	22	0	0	18	0	0	0	0	0	41	14	35	12
c21215	-1	31	-1	0	-1	-1	0	0	24	-1	19	0	0	0	0	-1	-1	0	30	4	18	-1	12	0	-1	0	0	14	0	12
c21216	0	0	43	29	0	0	-1	0	-1	7	-1	0	0	0	29	0	20	-1	0	0	-1	26	-1	0	0	0	0	14	-1	12
c21217	-1	0	-1	29	0	0	0	0	-1	7	0	-1	0	0	29	0	-1	9	0	0	-1	26	-1	-1	0	0	0	14	-1	12
c21236	0	0	0	-1	0	0	10	0	-1	-1	0	1	0	0	9	0	0	14	30	0	18	0	12	0	0	0	41	14	12	12
c21238	0	0	-1	0	11	0	0	0	0	0	0	23	0	4	-1	-1	0	45	18	0	18	7	0	0	0	18	0	-1	0	-1
c21284	29	-1	0	-1	11	-1	-1	0	-1	-1	0	23	26	39	0	-1	0	45	18	0	18	-1	0	4	0	26	39	0	0	12
c21285	29	0	0	16	11	0	0	-1	-1	0	0	23	-1	39	0	-1	0	45	18	0	18	7	0	4	0	26	39	0	0	-1
c21310	42	18	0	39	-1	30	0	0	9	50	-1	0	30	27	13	0	-1	20	-1	4	18	-1	12	0	0	-1	9	14	0	12
c21327	0	0	18	0	10	0	0	-1	0	50	-1	0	-1	-1	-1	0	41	0	-1	0	18	0	0	6	19	-1	-1	14	0	12
c21336	-1	36	48	9	15	0	0	0	0	18	36	-1	-1	0	26	0	0	22	0	0	18	-1	26	0	0	-1	41	14	35	12
c21351	0	0	-1	0	15	18	0	0	24	18	36	0	-1	0	48	-1	-1	22	0	0	18	0	0	-1	0	50	41	14	35	-1
c21354	31	0	0	-1	0	-1	0	-1	0	0	0	0	0	0	0	0	0	22	-1	0	18	-1	-1	0	12	0	15	-1	0	12
c21358	27	0	-1	0	9	0	0	0	0	0	-1	-1	-1	48	-1	30	0	0	30	-1	18	0	48	0	48	-1	22	14	0	12
c21365	0	0	24	0	9	12	0	-1	0	0	7	39	41	48	-1	0	0	0	-1	50	18	1	-1	-1	48	-1	22	14	0	12
c21376	0	0	39	0	0	18	0	0	-1	50	19	0	-1	0	0	0	-1	-1	-1	4	18	-1	12	-1	12	-1	0	14	-1	12
c21384	-1	0	0	46	-1	30	-1	0	0	18	36	3	-1	0	0	-1	-1	0	-1	-1	18	0	10	16	0	0	0	14	35	12
c21385	-1	0	0	-1	15	-1	-1	0	0	18	36	3	-1	0	0	-1	0	0	0	0	18	0	10	-1	0	0	-1	14	-1	12
c21394	-1	0	0	46	15	-1	22	-1	0	-1	36	3	-1	0	0	0	0	0	0	0	18	0	10	16	0	-1	-1	-1	35	-1
c21407	0	0	50	0	11	0	0	-1	0	0	0	-1	-1	0	27	42	-1	45	-1	-1	18	-1	0	0	0	0	-1	0	0	12
c21417	24	-1	8	31	11	0	0	0	0	0	0	23	0	0	27	42	-1	45	18	31	18	7	0	0	0	0	0	0	0	12
c21449	-1	0	7	0	9	0	0	0	0	0	7	0	41	48	0	0	0	0	-1	50	18	0	0	-1	48	0	22	14	0	12
c21454	0	0	-1	-1	15	0	0	0	0	18	36	0	-1	-1	48	-1	0	-1	-1	0	18	0	0	0	0	0	41	-1	35	-1
c21479	42	16	48	0	15	0	0	0	0	18	36	0	-1	0	0	0	0	22	0	0	18	0	0	-1	29	0	41	14	35	12
c21490	0	-1	0	46	15	0	-1	-1	0	18	36	3	-1	0	0	0	-1	0	0	0	18	0	10	16	0	0	0	14	35	12
c21497	0	0	0	-1	0	0	0	18	-1	-1	39	-1	19	-1	-1	0	48	-1	-1	4	18	0	12	0	0	33	0	14	7	12
c21507	0	0	43	0	-1	0	0	0	0	7	-1	-1	0	0	-1	4	30	0	0	-1	18	0	-1	-1	27	-1	0	14	0	12
c21517	0	34	43	0	0	-1	0	6	43	7	0	-1	0	0	29	7	0	0	0	0	18	-1	-1	-1	0	0	-1	14	0	12
c21528	29	0	0	0	-1	0	-1	0	0	-1	0	23	0	0	0	-1	0	-1	18	0	18	7	0	0	0	-1	39	0	-1	12
c21529	29	0	0	0	11	0	0	0	0	0	-1	-1	0	0	0	-1	0	45	18	0	18	7	-1	0	0	0	39	0	-1	12
c21533	39	-1	16	-1	9	13	33	0	0	-1	7	-1	0	0	0	20	0	0	-1	0	18	0	-1	12	48	-1	22	-1	27	12
c21536	29	0	0	8	11	-1	-1	-1	-1	39	0	23	9	0	-1	-1	0	45	18	0	18	7	-1	0	0	0	39	0	0	12
c21542	0	0	22	-1	11	0	0	0	0	0	18	23	13	0	-1	42	0	45	18	31	-1	7	0	0	0	-1	0	-1	40	12
c21548	30	-1	-1	0	9	0	0	0	-1	0	-1	0	0	0	0	0	0	0	30	0	18	0	-1	0	-1	-1	22	14	1	12
c21549	30	0	0	0	9	0	0	-1	-1	0	7	0	0	-1	0	0	0	0	30	0	18	0	29	0	48	-1	22	-1	1	12
c21571	-1	-1	0	0	11	-1	-1	0	0	0	0	-1	-1	0	0	-1	0	45	18	0	18	7	0	9	0	0	27	0	0	12
c21576	0	14	23	0	0	32	41	0	-1	41	23	-1	0	0	0	-1	-1	9	0	0	18	0	-1	0	0	9	11	14	41	12
c21596	0	0	23	0	-1	0	0	-1	0	34	-1	0	0	0	0	9	0	45	30	0	18	0	12	41	-1	0	36	14	9	-1
c21599	-1	0	0	-1	48	0	0	-1	0	-1	-1	-1	0	24	-1	0	-1	-1	30	0	18	13	-1	18	0	0	0	-1	0	12
c21616	48	9	0	0	1	0	0	-1	0	9	-1	0	4	29	0	0	0	0	30	0	-1	-1	48	-1	-1	0	26	14	0	-1
c21629	0	0	-1	12	-1	-1	0	0	0	0	0	0	0	13	-1	0	41	0	-1	-1	18	3	0	0	-1	-1	0	14	0	12
c21640	48	9	-1	0	1	0	0	0	0	9	0	31	4	0	0	41	0	0	30	0	18	0	-1	0	-1	0	26	14	0	12
c21672	14	0	0	-1	0	26	39	0	0	50	19	9	0	0	0	0	0	0	30	4	18	-1	12	-1	0	0	26	-1	0	12
c21678	-1	14	0	0	0	32	40	0	0	41	23	-1	0	0	0	-1	0	9	-1	0	18	0	-1	-1	-1	9	0	14	18	12
c21682	20	44	23	9	-1	0	0	0	-1	41	-1	13	12	-1	0	0	0	0	30	0	18	0	12	41	0	-1	-1	14	0	12
c21687	0	0	0	0	8	0	0	20	0	4	-1	0	0	13	31	-1	41	34	-1	0	18	0	26	-1	-1	0	0	14	-1	12
c21689	0	-1	0	0	-1	0	0	-1	-1	-1	0	23	0	0	0	-1	-1	-1	18	0	18	7	0	0	-1	44	-1	0	-1	12
c21699	0	23	0	0	11	24	0	-1	0	-1	0	-1	0	-1	0	42	0	45	18	-1	18	-1	-1	0	0	-1	0	0	0	12
c21716	0	0	0	0	-1	0	0	0	0	-1	0	-1	9	0	3	50	-1	0	-1	-1	18	0	30	0	0	0	0	-1	41	12
c21717	0	0	0	0	-1	0	-1	0	-1	30	0	0	9	0	3	50	41	0	-1	-1	18	0	30	0	0	-1	0	14	41	12
c21725	0	-1	0	0	-1	0	20	-1	0	-1	7	0	0	-1	0	0	-1	0	30	39	18	0	0	0	48	-1	22	14	0	-1
c21736	0	0	-1	-1	9	-1	0	0	0	-1	7	31	0	-1	39	0	0	0	30	-1	18	0	-1	-1	48	0	22	14	0	12
c21740	13	0	0	0	0	-1	-1	-1	0	0	-1	10	-1	0	-1	-1	-1	0	0	0	18	0	0	0	0	-1	0	14	35	12
c21747	-1	-1	48	33	15	0	0	1	0	18	36	0	-1	-1	0	0	32	22	-1	36	18	0	-1	0	18	0	41	14	35	-1
c21764	0	0	0	0	26	0	0	0	0	-1	0	0	9	0	3	50	-1	0	-1	-1	18	-1	30	0	0	0	-1	14	-1	12
c21776	48	9	0	0	0	0	9	0	41	9	0	9	-1	0	0	-1	-1	-1	30	0	18	0	48	0	-1	0	0	-1	0	-1
c21785	0	0	0	0	-1	10	0	0	0	0	7	31	0	0	39	0	0	0	30	0	18	-1	0	13	-1	0	22	14	0	12
c21793	0	0	0	41	11	0	0	0	-1	0	0	-1	0	-1	0	42	3	45	18	0	18	-1	0	0	7	18	0	-1	0	12
c21798	0	27	-1	20	0	0	24	0	0	0	-1	-1	0	13	0	0	41	0	30	9	18	18	4	0	-1	-1	0	14	0	-1
c21824	-1	0	24	0	9	-1	0	0	0	0	7	39	41	48	0	0	0	0	30	50	18	-1	0	0	48	0	22	14	0	12
c21852	-1	0	0	0	11	-1	0	0	-1	0	0	23	26	0	0	-1	1	45	18	-1	18	7	0	0	0	-1	-1	0	-1	12
c21853	-1	0	0	0	11	-1	0	0	-1	0	0	-1	26	0	-1	-1	1	45	18	12	18	7	0	-1	-1	0	39	0	0	12
c21896	0	0	0	0	11	-1	0	-1	-1	0	0	23	-1	0	23	-1	0	45	18	0	18	-1	0	0	-1	-1	0	19	0	-1
c21898	0	0	0	0	11	0	0	-1	-1	0	4	23	-1	0	-1	42	0	45	18	0	18	7	0	39	-1	-1	0	0	40	12
c21899	0	-1	0	0	11	0	0	0	-1	0	4	-1	0	-1	0	42	0	45	-1	-1	18	7	0	39	0	18	0	0	40	12
c21923	0	0	16	0	0	0	41	-1	-1	-1	-1	0	0	0	-1	0	0	-1	30	4	18	9	12	30	0	-1	0	-1	-1	-1
c21929	22	14	11	0	0	32	-1	18	40	-1	-1	-1	-1	0	0	-1	0	-1	0	0	18	0	-1	-1	39	-1	0	-1	0	12
c21938	30	0	0	24	0	0	0	-1	0	0	30	-1	28	24	0	0	-1	24	-1	26	18	0	0	-1	0	-1	29	14	0	12
c21963	-1	0	43	0	0	-1	0	0	0	7	0	0	0	39	29	0	0	0	0	0	18	22	-1	0	0	0	0	14	0	12
c21978	39	0	0	0	9	13	-1	0	-1	0	7	12	0	-1	0	0	0	0	30	0	-1	0	0	12	48	-1	22	14	0	12
c21991	29	4	0	0	11	0	0	-1	23	-1	0	23	0	0	12	-1	0	-1	18	0	18	7	0	0	-1	0	39	-1	0	-1
c22009	-1	0	20	0	20	-1	0	0	-1	0	30	0	0	-1	-1	0	41	0	30	0	18	0	0	34	0	41	26	14	-1	12
c22035	29	0	-1	0	11	20	0	0	0	0	0	23	0	0	-1	-1	-1	45	-1	0	18	7	20	27	-1	0	-1	0	0	12
c22044	29	0	-1	0	11	0	0	-1	0	0	0	-1	-1	-1	0	-1	0	-1	18	0	-1	-1	0	12	-1	0	39	-1	0	-1
c22045	-1	0	0	0	11	0	0	0	0	0	0	23	0	0	0	-1	0	45	18	0	18	-1	0	12	-1	0	39	0	-1	-1
c22048	0	0	-1	0	32	0	0	39	0	0	-1	0	0	-1	0	-1	41	-1	30	29	-1	0	-1	0	-1	50	-1	14	0	-1
c22060	-1	0	0	-1	11	0	-1	0	20	0	0	23	-1	-1	-1	-1	0	45	18	0	18	7	0	-1	0	0	0	-1	29	-1
c22069	0	0	0	0	11	-1	0	-1	0	-1	32	23	0	-1	0	-1	0	45	-1	0	18	7	-1	0	0	-1	0	0	-1	-1
c22076	0	0	0	-1	0	0	0	0	0	50	19	0	0	0	0	0	0	-1	-1	4	18	-1	-1	0	0	-1	0	14	-1	12
c22079	-1	9	0	0	0	30	0	0	0	9	16	0	4	0	0	0	0	-1	-1	0	-1	26	48	0	-1	7	-1	14	-1	12
c22090	0	0	-1	0	9	-1	0	0	0	0	7	0	41	48	0	0	0	48	30	50	-1	0	0	0	48	0	-1	14	0	12
c22115	0	0	12	48	-1	0	0	-1	0	-1	19	0	0	26	0	-1	0	0	30	4	18	0	12	0	26	0	48	14	0	12
c22120	0	0	-1	0	0	0	0	21	0	50	19	0	-1	0	-1	0	-1	40	30	-1	18	-1	12	0	-1	0	-1	14	0	12
c22125	0	0	0	10	32	9	0	0	11	0	0	0	29	0	0	0	41	-1	-1	29	-1	0	0	-1	0	-1	-1	-1	18	-1
c22129	0	14	23	26	0	32	0	0	0	-1	-1	-1	0	0	-1	-1	0	9	-1	0	18	14	-1	0	0	9	0	14	0	12
c22144	-1	-1	27	0	11	0	0	0	0	0	45	23	0	0	0	-1	0	45	18	0	18	-1	0	0	0	0	39	0	0	12
c22179	-1	0	48	0	15	-1	0	-1	-1	18	36	0	-1	0	27	8	0	22	-1	9	18	-1	-1	0	-1	0	-1	14	35	12
c22188	0	-1	-1	0	-1	0	0	0	31	18	36	0	-1	0	0	0	-1	22	-1	48	18	0	0	-1	0	0	41	14	35	12
c22191	42	-1	48	0	15	0	0	0	0	18	36	24	-1	0	1	0	-1	22	-1	0	-1	0	0	-1	29	-1	41	14	35	12
c22206	0	14	0	0	14	44	-1	-1	0	-1	23	-1	-1	-1	-1	0	0	9	3	0	-1	3	-1	0	0	9	0	-1	0	12
c22213	0	32	0	0	11	9	0	0	-1	0	-1	23	-1	0	27	42	4	45	18	-1	18	7	0	0	26	0	0	0	0	12
c22230	31	0	-1	-1	15	-1	-1	-1	-1	18	-1	-1	-1	0	-1	-1	0	22	-1	48	18	0	0	0	0	16	41	14	-1	12
c22234	0	0	-1	0	11	0	0	0	0	-1	0	23	26	0	0	-1	0	45	18	0	18	-1	0	0	0	-1	27	0	0	12
c22243	0	18	0	39	0	30	-1	0	0	50	19	0	30	27	-1	0	0	-1	-1	4	18	-1	12	-1	0	1	9	14	0	12
c22277	22	-1	0	0	-1	32	23	-1	0	41	23	-1	0	0	20	-1	-1	-1	0	0	18	28	-1	0	39	9	-1	14	0	12
c22294	29	0	0	0	-1	-1	0	9	-1	0	45	23	0	0	0	-1	50	45	18	-1	18	7	0	0	0	0	39	0	0	12
c22295	-1	-1	0	0	11	0	-1	9	0	0	45	23	0	0	-1	-1	50	45	18	0	18	7	0	0	0	0	-1	0	0	12
c22296	0	0	0	0	11	-1	0	0	-1	0	-1	23	-1	0	0	-1	0	-1	18	0	-1	7	0	0	0	9	0	0	0	12
c22297	0	0	0	0	11	-1	-1	0	41	0	0	23	0	-1	0	-1	0	45	18	0	-1	7	0	0	0	-1	0	0	0	12
c22303	-1	0	-1	-1	15	0	21	0	0	18	36	4	-1	0	22	0	0	0	0	33	18	0	0	-1	39	-1	0	-1	-1	12
c22306	0	0	-1	0	11	0	0	0	0	0	0	23	0	0	-1	-1	0	45	-1	-1	-1	-1	0	0	26	0	27	0	0	-1
c22315	45	0	30	0	-1	0	0	50	-1	0	0	0	0	40	0	0	0	9	0	0	18	0	-1	0	0	0	-1	14	0	12
c22352	29	-1	0	-1	11	0	0	0	0	0	0	23	0	0	0	-1	-1	45	18	0	18	7	20	27	-1	0	39	0	0	12
c22353	29	0	0	0	11	0	0	0	-1	0	0	23	-1	0	0	-1	-1	-1	18	0	18	7	20	27	-1	0	39	0	-1	12
c22355	14	0	0	-1	18	0	45	0	-1	50	19	43	0	24	0	0	-1	0	30	4	18	45	12	0	0	50	-1	14	0	12
c22359	-1	23	-1	23	11	0	34	0	0	-1	0	31	0	-1	0	42	-1	0	29	-1	18	-1	-1	0	18	39	22	0	0	12
c22365	-1	-1	0	-1	-1	-1	0	0	0	9	0	0	4	41	0	0	0	-1	-1	0	18	3	48	20	-1	1	26	-1	0	12
c22375	-1	-1	-1	0	0	0	-1	0	0	-1	0	0	-1	24	0	18	41	0	30	-1	-1	31	0	18	-1	29	0	14	-1	-1
c22399	0	-1	48	0	15	-1	-1	0	0	18	36	-1	-1	-1	0	-1	0	-1	0	-1	18	-1	39	-1	0	0	-1	14	35	12
c22412	30	0	-1	0	0	-1	0	0	0	12	30	-1	-1	-1	-1	30	41	29	30	0	18	0	0	0	-1	-1	0	14	0	12
c22437	0	0	0	0	36	0	0	0	20	-1	19	9	16	0	0	0	1	41	30	4	-1	0	12	0	0	0	-1	-1	-1	12
c22439	0	0	0	0	-1	0	0	20	0	0	18	-1	0	0	27	-1	0	45	18	31	18	7	0	0	0	-1	0	0	0	12
c22442	0	14	23	41	0	-1	41	0	0	41	23	-1	0	0	-1	-1	-1	9	0	0	18	0	-1	45	0	9	11	14	41	12
c22460	-1	0	6	-1	-1	0	0	0	-1	39	0	0	0	24	0	0	41	26	-1	11	18	0	26	0	0	29	0	-1	0	12
c22481	0	0	-1	-1	9	0	0	0	-1	0	7	0	0	-1	27	0	41	-1	30	20	18	-1	-1	0	48	-1	22	14	-1	12
c22507	-1	-1	0	18	11	0	0	-1	0	0	0	23	0	0	0	42	0	45	18	0	18	7	0	-1	0	0	27	0	39	-1
c22517	-1	0	-1	0	15	0	0	0	0	18	36	22	-1	0	-1	0	-1	22	0	-1	18	23	0	0	-1	-1	41	14	35	-1
c22527	34	0	0	-1	0	0	-1	-1	-1	0	40	-1	12	-1	0	-1	-1	0	30	9	18	0	20	12	-1	-1	0	14	0	12
c22530	0	0	-1	-1	15	-1	-1	0	0	-1	36	-1	-1	0	48	0	0	-1	0	0	-1	0	0	-1	0	0	41	14	35	-1
c22540	4	0	-1	0	15	0	-1	-1	0	18	36	0	-1	-1	0	0	-1	-1	0	0	-1	23	33	0	46	0	41	14	35	-1
c22547	34	0	0	0	0	-1	-1	0	0	0	0	0	12	-1	0	0	41	0	30	9	18	0	-1	12	-1	-1	-1	14	0	12
c22549	0	-1	37	0	11	0	40	-1	-1	0	0	23	26	0	0	-1	0	-1	18	0	-1	7	0	-1	0	0	18	0	29	12
c22554	-1	9	6	0	0	-1	-1	0	0	0	0	0	-1	24	30	40	-1	0	30	0	18	0	-1	20	0	29	0	14	0	-1
c22575	0	0	0	0	0	0	0	0	0	0	-1	33	0	13	-1	0	41	43	30	-1	18	-1	-1	0	6	0	0	14	-1	12
c22590	0	0	0	0	0	18	-1	-1	0	50	19	0	-1	-1	0	0	39	0	-1	4	18	30	12	-1	-1	0	0	14	0	12
c22591	0	0	0	0	-1	18	40	40	0	50	19	0	0	0	-1	0	39	0	-1	-1	18	30	12	39	12	-1	0	-1	0	12
c22608	-1	-1	-1	24	0	-1	0	-1	0	0	0	0	0	13	0	0	41	0	30	9	18	3	0	32	-1	0	22	14	-1	12
c22609	0	-1	0	24	0	20	0	-1	0	-1	0	0	0	13	0	0	41	0	30	9	18	-1	-1	32	-1	-1	22	14	0	12
c22629	0	-1	0	0	-1	0	0	40	0	0	0	0	0	13	0	0	-1	-1	30	0	-1	0	41	-1	-1	0	-1	14	0	12
c22630	0	0	0	29	0	-1	0	0	0	0	0	0	0	-1	0	0	-1	7	0	-1	18	0	-1	40	0	29	0	14	0	12
c22632	0	0	0	39	0	33	0	0	-1	50	-1	0	0	0	12	0	0	-1	30	4	-1	-1	12	0	7	0	26	-1	-1	12
c22633	0	0	0	39	0	-1	0	0	0	50	19	0	0	0	12	-1	0	0	30	4	18	-1	12	0	7	0	26	-1	29	12
c22634	42	0	48	0	15	0	-1	0	0	18	-1	-1	-1	0	0	40	0	22	0	-1	18	-1	0	-1	-1	0	41	14	35	12
c22650	-1	0	0	8	11	23	0	0	0	0	0	23	0	0	0	-1	-1	45	18	0	-1	7	0	-1	0	0	39	0	0	12
c22651	29	0	33	8	11	23	0	-1	0	0	-1	-1	0	0	0	-1	0	-1	18	-1	18	7	-1	0	0	0	-1	-1	0	12
c22679	-1	16	48	48	15	14	21	0	0	-1	36	8	-1	3	0	0	0	16	0	0	18	0	0	0	0	0	0	-1	-1	-1
c22784	0	0	-1	0	15	0	-1	0	0	-1	36	-1	-1	18	48	0	0	22	0	0	18	0	0	-1	0	-1	41	-1	-1	12
c22786	0	0	0	0	11	0	0	0	-1	0	-1	23	0	0	0	42	0	45	18	-1	-1	7	0	0	0	-1	-1	3	40	12
c22787	0	0	0	0	11	0	0	0	-1	0	0	23	0	0	-1	-1	0	45	18	-1	-1	7	0	-1	-1	0	27	3	40	12
c22789	0	0	0	0	26	0	0	-1	-1	0	0	0	-1	0	0	0	41	0	30	-1	18	0	30	0	0	34	-1	14	-1	12
c22822	0	14	0	0	0	-1	-1	0	-1	41	-1	-1	0	-1	9	-1	-1	9	0	-1	-1	0	-1	-1	0	9	0	14	0	12
c22825	0	1	43	0	0	-1	-1	0	0	7	0	0	-1	0	29	0	0	0	-1	18	18	0	-1	48	0	0	-1	14	0	12
c22847	45	-1	0	0	0	0	0	0	0	0	0	0	-1	0	0	-1	-1	0	0	39	18	0	-1	0	23	-1	9	14	0	12
c22850	30	0	20	-1	32	0	0	0	0	50	0	26	29	0	29	0	41	0	30	29	18	0	0	0	0	12	-1	-1	-1	-1
c22852	0	14	0	0	0	0	0	-1	0	0	23	0	-1	0	-1	0	0	9	-1	0	18	3	-1	0	0	-1	0	14	-1	-1
c22857	-1	-1	-1	0	-1	-1	36	0	0	-1	0	-1	0	30	0	-1	0	45	18	0	18	7	0	0	0	0	0	0	0	12
c22861	0	-1	0	-1	11	0	0	0	20	0	0	23	0	0	0	-1	0	45	18	-1	18	-1	0	23	48	0	0	0	0	12
c22866	0	0	43	0	0	0	16	0	7	7	0	0	0	0	29	0	20	0	0	0	-1	0	-1	0	0	0	0	14	0	12
c22877	-1	0	0	39	8	-1	0	0	0	50	19	0	0	-1	0	12	-1	-1	30	4	18	-1	12	0	0	0	0	14	0	12
c22886	0	0	0	0	11	0	0	-1	0	-1	0	23	0	-1	0	-1	0	45	18	-1	18	7	-1	0	0	0	27	0	0	12
c22897	-1	0	0	-1	-1	0	-1	0	0	50	19	-1	24	0	41	0	0	0	30	4	18	-1	12	0	-1	0	-1	14	0	12
c22918	-1	0	0	0	-1	0	0	0	0	0	0	0	0	-1	-1	0	41	-1	30	9	-1	0	46	0	-1	0	0	14	0	12
c22919	0	0	0	0	0	0	0	0	0	0	0	0	0	-1	0	0	41	23	-1	9	18	-1	46	0	-1	0	0	14	0	12
c22922	0	-1	48	0	15	0	-1	0	0	18	36	0	-1	0	-1	35	0	22	0	45	-1	0	-1	41	0	0	41	14	35	12
c22929	0	0	0	27	48	0	0	0	0	50	-1	0	0	26	30	4	0	0	30	4	18	0	12	0	-1	0	-1	14	0	12
c22941	0	0	0	0	0	0	0	0	0	0	0	0	0	13	0	-1	41	-1	-1	40	-1	-1	0	0	0	0	0	14	0	12
c22943	0	0	40	0	15	9	0	0	0	18	36	0	-1	29	-1	0	0	0	0	0	18	0	0	16	-1	0	48	-1	35	12
c22965	-1	0	-1	0	15	0	0	0	0	-1	36	0	-1	23	48	0	-1	22	0	0	18	0	-1	0	0	-1	41	-1	35	-1
c22967	-1	0	48	-1	15	23	23	-1	-1	18	36	0	-1	22	9	-1	0	22	0	0	-1	0	0	0	-1	0	41	14	35	12
c22984	31	45	0	-1	0	-1	0	0	18	0	-1	-1	0	0	0	0	-1	22	-1	-1	18	0	12	-1	0	0	0	14	10	12
c22986	0	1	30	-1	16	0	-1	18	0	50	39	-1	0	-1	0	0	-1	0	-1	4	18	0	12	45	0	0	39	-1	26	-1
c23000	0	0	10	0	0	20	0	0	0	0	27	0	0	-1	0	0	41	0	30	9	18	3	0	-1	-1	0	-1	-1	0	12
c23009	-1	-1	0	0	0	40	0	0	29	0	0	0	10	-1	0	-1	0	0	0	0	18	-1	-1	8	0	29	41	14	0	12
c23014	0	0	14	23	11	31	34	0	0	0	-1	0	-1	0	0	42	0	27	4	-1	18	-1	0	0	18	-1	26	-1	0	12
c23015	0	0	14	23	11	31	34	0	0	0	0	0	0	0	0	-1	0	27	4	-1	18	-1	0	0	18	-1	26	0	0	-1
c23022	0	0	0	0	0	0	0	0	-1	50	19	0	0	0	-1	0	0	48	30	4	18	0	12	-1	0	50	0	14	0	12
c23023	0	0	0	0	0	0	0	0	0	50	19	0	0	0	-1	-1	0	48	30	4	18	0	12	0	0	50	0	14	0	12
c23054	-1	0	16	-1	18	-1	0	-1	0	50	39	29	0	27	16	0	0	0	30	-1	-1	36	12	0	-1	0	18	14	27	-1
c23080	0	0	48	0	15	0	0	-1	21	18	-1	-1	-1	-1	-1	0	0	22	0	0	18	0	0	4	0	0	41	14	35	-1
c23103	0	0	0	0	32	0	0	0	-1	50	-1	26	29	0	0	0	41	0	-1	29	-1	0	0	0	0	12	0	-1	0	12
c23115	0	-1	0	-1	11	0	0	0	0	0	0	23	0	0	0	-1	0	45	18	0	18	7	33	22	0	0	0	0	0	12
c23120	0	12	48	0	-1	0	0	0	-1	18	36	-1	-1	-1	0	0	0	22	0	48	18	-1	0	0	-1	-1	41	-1	35	12
c23123	0	0	0	0	0	0	-1	9	0	50	19	50	0	0	-1	0	0	-1	30	-1	18	26	12	0	-1	50	23	14	-1	12
c23138	29	0	0	0	11	0	0	0	0	0	-1	23	0	0	0	-1	-1	45	18	5	18	-1	0	0	0	0	39	0	0	-1
c23155	29	0	0	-1	11	0	0	0	0	0	45	23	-1	0	0	-1	0	45	18	-1	18	7	0	0	0	0	39	0	-1	-1
c23173	0	-1	-1	0	15	0	0	0	0	18	36	0	-1	0	48	0	0	22	0	-1	18	0	0	4	0	0	41	14	35	12
c23198	0	0	-1	0	7	0	0	-1	0	-1	-1	0	0	0	0	0	41	0	30	10	18	0	12	41	0	0	28	14	-1	-1
c23222	-1	0	0	0	11	0	0	0	0	0	0	23	0	0	27	42	0	45	18	31	-1	7	0	0	0	-1	0	0	0	12
c23224	0	-1	-1	0	-1	0	0	0	-1	-1	-1	-1	-1	0	0	0	-1	22	-1	36	18	23	0	0	46	0	-1	14	35	12
c23234	0	14	0	30	-1	-1	-1	-1	0	-1	23	-1	0	0	-1	0	10	9	0	0	18	0	-1	0	0	9	0	14	0	-1
c23258	0	23	29	20	26	0	-1	0	-1	0	0	0	24	0	0	0	41	0	30	0	-1	-1	30	0	45	0	0	14	0	12
c23279	0	0	0	23	11	-1	34	0	-1	0	0	0	-1	0	0	42	0	-1	-1	-1	18	7	-1	0	18	39	-1	0	26	12
c23289	0	0	7	0	-1	-1	-1	0	0	50	19	0	0	0	-1	0	0	12	30	4	18	0	12	0	0	31	0	14	0	12
c23290	0	0	0	41	11	0	0	4	0	0	0	23	0	-1	-1	42	0	45	18	-1	-1	7	-1	-1	7	-1	0	0	-1	12
c23301	0	0	50	0	11	0	0	0	-1	0	22	23	0	-1	27	42	-1	45	18	31	18	-1	0	24	-1	0	0	0	-1	-1
c23306	30	42	0	0	0	0	-1	0	0	-1	30	0	-1	-1	0	50	41	0	30	0	-1	0	-1	-1	0	45	-1	-1	-1	12
c23374	-1	-1	-1	0	15	0	0	0	0	18	36	0	-1	0	48	0	-1	22	0	0	-1	0	0	4	0	0	41	14	35	-1
c23378	0	-1	-1	23	11	0	34	0	0	-1	0	0	9	0	-1	42	0	0	0	-1	18	7	0	0	-1	-1	0	-1	25	12
c23383	29	-1	0	0	11	0	0	0	0	0	0	23	16	0	12	-1	0	45	18	0	-1	7	0	0	-1	0	39	0	0	12
c23390	0	0	0	-1	0	32	0	-1	18	50	19	0	0	-1	-1	0	0	0	30	-1	-1	18	12	3	29	-1	0	-1	0	12
c23391	0	0	0	0	-1	32	0	0	18	50	19	0	-1	0	39	-1	0	0	30	-1	18	18	12	3	-1	-1	0	-1	0	-1
c23417	-1	-1	-1	0	-1	0	36	0	0	30	7	0	-1	48	-1	0	0	-1	30	0	18	0	0	0	-1	0	22	-1	0	12
c23435	0	0	0	0	36	0	30	0	-1	-1	19	0	0	0	0	0	1	0	30	4	18	-1	12	-1	0	0	0	14	-1	12
c23443	0	0	31	23	11	0	0	0	-1	32	0	39	0	0	0	-1	0	0	0	0	18	7	0	33	18	39	0	0	0	12
c23472	-1	-1	0	-1	0	-1	0	18	24	50	39	29	26	27	0	0	0	0	30	4	18	0	-1	49	-1	-1	0	14	0	12
c23481	0	0	-1	-1	11	0	-1	0	0	0	0	23	-1	0	-1	42	-1	45	-1	31	18	7	0	-1	26	-1	-1	0	0	12
c23507	30	0	0	0	0	-1	0	0	9	-1	-1	0	-1	24	0	-1	-1	0	30	0	18	0	0	0	0	45	0	14	0	12
c23522	0	0	0	0	-1	0	0	0	15	-1	0	23	-1	0	0	-1	0	45	18	0	18	7	0	0	0	-1	27	0	0	-1
c23525	0	0	48	0	15	0	41	0	0	18	-1	0	-1	0	0	-1	0	22	-1	45	-1	0	0	0	-1	0	41	-1	35	-1
c23552	0	0	0	0	-1	0	0	-1	0	0	0	23	0	0	0	-1	0	45	18	24	18	7	0	0	0	0	27	0	0	12
c23562	0	-1	-1	0	0	41	0	0	0	-1	19	0	0	0	0	0	0	-1	30	4	-1	0	12	30	0	-1	0	14	0	12
c23570	0	0	-1	22	11	0	0	0	0	0	0	23	0	0	-1	-1	0	45	18	0	18	7	0	0	0	0	0	0	0	12
c23571	0	0	0	22	-1	0	0	0	0	0	0	23	0	0	0	-1	0	45	18	0	18	7	0	0	0	0	0	0	0	12
c23575	31	24	0	0	0	20	23	-1	29	-1	0	0	0	-1	22	0	41	-1	30	9	-1	-1	0	0	-1	0	-1	14	0	12
c23578	-1	9	0	-1	1	0	0	-1	0	9	0	-1	4	0	-1	0	12	0	30	0	18	3	48	-1	-1	0	26	14	0	12
c23583	30	0	24	-1	48	-1	0	26	-1	-1	39	0	-1	24	0	0	41	0	30	-1	18	0	0	0	0	0	0	14	0	-1
c23596	48	9	16	0	0	0	9	0	0	9	0	9	4	0	0	-1	0	-1	-1	0	18	26	48	0	-1	0	26	14	0	-1
c23598	0	0	0	0	9	0	0	0	0	-1	7	0	-1	0	0	-1	0	9	30	0	18	-1	0	0	48	0	22	14	0	12
c23599	0	0	0	0	9	0	0	-1	0	-1	7	0	-1	0	0	0	0	-1	30	-1	18	0	0	0	-1	0	-1	-1	0	12
c23605	0	32	-1	26	0	0	-1	0	0	-1	0	0	0	-1	0	-1	0	-1	0	0	-1	-1	-1	0	0	29	0	14	0	12
c23613	-1	0	48	0	-1	0	0	0	-1	18	36	14	-1	0	0	0	0	22	0	0	18	0	0	48	-1	3	41	-1	35	12
c23643	0	22	-1	0	-1	41	49	0	0	0	0	23	0	-1	0	-1	0	45	18	0	18	7	0	0	0	0	0	20	23	12
c23649	23	0	0	-1	0	0	0	-1	0	0	0	22	-1	13	-1	0	-1	0	30	0	-1	0	-1	-1	45	0	0	-1	0	12
c23651	-1	0	-1	0	0	16	0	0	0	7	38	-1	0	-1	29	0	0	-1	0	0	18	-1	-1	0	-1	0	0	14	0	12
c23658	-1	0	0	0	9	0	0	0	0	0	7	0	-1	48	0	-1	0	0	30	50	18	-1	0	0	48	0	22	14	0	12
c23659	0	-1	0	0	-1	-1	-1	0	0	0	7	0	41	48	0	0	0	0	30	50	18	0	-1	0	48	0	22	14	0	12
c23664	31	0	0	0	0	-1	0	0	0	0	-1	-1	0	0	50	0	0	0	-1	9	18	23	12	0	0	0	0	14	0	12
c23667	31	0	0	0	0	-1	0	0	0	0	0	0	0	0	50	-1	-1	7	-1	0	18	-1	12	0	6	0	0	14	0	12
c23672	0	0	-1	20	26	0	0	0	0	0	0	0	24	0	0	0	41	0	30	0	18	0	-1	0	22	9	0	14	0	12
c23679	0	-1	0	0	11	-1	-1	0	0	0	0	23	0	0	-1	42	0	45	-1	-1	18	7	0	0	-1	0	0	0	0	-1
c23682	0	0	-1	0	9	0	0	26	0	-1	7	0	41	48	0	18	-1	0	-1	-1	-1	30	0	-1	48	0	22	14	0	12
c23689	0	0	0	-1	0	0	0	0	0	50	19	0	0	0	-1	0	0	0	30	4	18	-1	12	0	33	34	0	-1	0	12
c23698	13	0	0	0	0	-1	0	9	0	0	36	10	-1	-1	0	0	-1	0	0	0	18	0	-1	0	0	0	0	14	35	12
c23701	48	-1	0	0	1	0	0	-1	43	9	0	0	4	27	0	0	-1	0	-1	0	18	0	48	0	-1	-1	0	14	0	12
c23707	0	-1	0	0	0	0	10	0	0	0	0	-1	0	-1	0	0	-1	0	-1	0	18	-1	12	0	29	-1	41	14	12	12
c23710	0	-1	0	0	9	0	0	-1	5	0	7	0	0	0	44	0	0	0	-1	0	18	0	-1	20	48	5	22	-1	0	12
c23715	0	0	-1	-1	15	-1	0	0	-1	18	36	23	-1	0	0	0	-1	22	0	-1	18	-1	12	0	0	0	41	-1	35	12
c23733	-1	-1	0	0	24	-1	0	0	0	-1	-1	0	31	13	0	-1	-1	-1	30	28	18	0	-1	-1	0	-1	0	14	0	12
c23734	0	0	0	-1	9	0	0	0	0	0	7	0	-1	-1	0	0	0	0	30	50	18	30	-1	0	-1	0	22	14	0	12
c23748	0	-1	23	0	4	0	0	-1	0	0	0	0	0	-1	0	0	0	0	30	-1	-1	39	12	41	0	-1	18	14	0	12
c23752	30	9	6	0	-1	-1	1	0	0	0	-1	0	-1	24	0	40	-1	0	30	0	18	-1	-1	0	0	29	0	14	0	-1
c23764	-1	0	0	39	-1	0	0	0	0	50	19	0	0	-1	0	-1	0	-1	30	4	18	-1	-1	0	0	0	9	14	0	12
c23809	42	0	48	0	15	0	0	26	0	18	36	0	-1	0	0	0	0	22	0	0	18	24	0	-1	29	0	41	14	35	12
c23822	29	0	-1	8	11	23	0	0	0	-1	0	23	0	0	29	-1	0	45	18	-1	18	7	0	0	-1	0	39	0	-1	-1
c23823	29	0	0	-1	-1	23	0	0	0	0	0	23	0	0	0	-1	0	45	-1	0	18	7	0	0	0	0	39	0	0	12
c23824	0	14	0	0	0	0	0	0	-1	0	23	0	0	0	0	19	-1	9	0	-1	18	0	-1	30	-1	-1	0	14	0	12
c23830	0	0	0	-1	0	0	0	0	0	0	0	0	10	13	0	0	-1	-1	30	0	18	0	0	-1	0	-1	0	14	0	12
c23836	14	0	0	0	-1	-1	45	0	0	50	19	43	0	24	-1	-1	0	0	-1	4	18	-1	12	0	0	50	0	14	0	12
c23849	0	0	-1	-1	0	0	0	0	0	50	19	0	0	0	0	0	0	0	-1	-1	18	0	12	30	0	0	0	-1	0	12
c23867	0	0	14	0	11	0	-1	0	0	-1	0	23	0	0	0	42	-1	45	18	0	-1	7	0	0	0	-1	0	0	0	12
c23873	4	0	-1	48	15	0	0	-1	7	18	36	-1	-1	0	0	0	-1	22	0	0	-1	23	14	0	-1	0	-1	14	-1	-1
c23875	0	0	0	0	11	-1	0	-1	0	0	0	23	0	0	9	-1	0	45	18	-1	-1	7	0	0	0	0	0	0	0	12
c23913	0	0	25	-1	15	9	-1	-1	0	18	36	0	-1	-1	0	0	0	0	-1	0	18	0	30	16	-1	0	48	14	35	12
c23939	48	9	0	0	1	0	0	39	0	-1	0	0	4	44	30	41	0	0	30	-1	-1	0	-1	0	-1	0	26	14	0	-1
c23942	-1	0	0	-1	0	-1	-1	0	0	26	0	0	0	13	0	0	41	50	30	-1	18	3	0	-1	-1	-1	0	14	0	12
c23950	0	0	0	0	13	0	0	41	0	0	0	-1	0	-1	0	0	41	0	30	37	18	26	0	0	0	0	0	14	0	-1
c23961	31	-1	0	-1	0	-1	0	0	0	0	0	0	0	0	0	0	-1	-1	-1	0	-1	-1	12	0	27	0	-1	14	0	-1
c23965	0	0	0	-1	-1	0	-1	0	0	50	19	9	-1	-1	-1	0	0	0	30	-1	18	-1	12	0	-1	0	26	14	0	12
c23978	-1	0	0	0	9	10	0	-1	0	-1	-1	-1	0	-1	-1	-1	-1	-1	30	-1	-1	0	0	6	48	0	22	14	0	12
c23994	30	42	29	0	0	0	0	-1	20	0	-1	0	0	24	0	0	-1	-1	30	0	18	0	26	0	12	29	0	-1	0	12
c24041	42	0	-1	-1	15	0	0	-1	0	18	36	-1	-1	32	0	-1	0	22	0	23	-1	0	0	-1	29	0	41	14	35	12
c24086	0	0	0	29	0	0	0	-1	0	-1	-1	0	0	13	31	0	-1	0	30	-1	18	0	9	-1	0	0	-1	14	48	-1
c24104	29	0	-1	0	11	0	0	39	0	-1	39	-1	0	0	0	-1	0	45	18	48	18	7	20	-1	-1	-1	39	0	0	12
c24147	1	-1	48	0	15	0	21	0	3	18	36	0	-1	-1	0	23	0	-1	0	-1	18	0	-1	20	-1	-1	-1	-1	35	12
c24148	0	0	0	39	0	-1	-1	0	-1	50	19	0	22	0	-1	-1	0	0	30	4	-1	-1	12	-1	-1	0	-1	14	1	-1
c24162	0	0	-1	0	0	0	0	26	-1	7	0	0	0	0	29	0	20	9	-1	0	-1	0	-1	0	-1	0	0	14	-1	12
c24186	30	0	0	-1	20	6	18	15	0	-1	-1	0	-1	24	3	0	-1	29	30	0	-1	0	0	0	0	7	-1	14	0	12
c24200	0	0	48	0	0	0	-1	0	0	50	19	0	-1	-1	0	0	0	-1	30	4	-1	-1	12	30	0	0	-1	14	0	12
c24235	48	9	0	0	0	0	9	0	0	-1	0	9	4	0	-1	-1	-1	0	30	0	18	0	48	26	-1	0	0	14	0	-1
c24238	16	0	0	-1	11	-1	3	-1	0	-1	0	23	0	0	0	-1	0	45	18	0	18	-1	-1	0	0	0	0	0	0	-1
c24269	-1	0	-1	-1	9	10	0	0	-1	0	7	31	0	-1	39	0	30	0	30	0	-1	0	0	23	48	0	-1	14	0	12
c24280	0	36	48	-1	15	0	0	0	0	-1	36	0	-1	0	-1	0	-1	22	0	0	18	0	26	0	34	0	41	-1	35	12
c24294	0	0	0	26	0	0	0	-1	0	0	0	0	0	-1	0	-1	0	0	9	0	18	0	-1	0	0	-1	0	14	-1	12
c24297	0	-1	0	0	29	0	-1	0	4	0	39	10	-1	-1	0	-1	0	0	30	0	18	0	-1	0	0	0	41	-1	0	12
c24302	31	0	-1	0	-1	-1	-1	-1	0	0	0	0	-1	0	-1	-1	0	0	-1	-1	-1	-1	-1	0	18	0	33	14	7	12
c24326	13	0	0	-1	29	-1	0	-1	0	0	36	10	-1	31	0	0	-1	-1	0	0	18	0	-1	0	-1	0	0	14	35	12
c24340	31	-1	0	-1	-1	-1	0	18	0	0	0	-1	0	0	9	-1	0	22	-1	0	18	0	12	13	0	30	-1	14	11	-1
c24350	-1	-1	0	0	11	0	15	0	0	0	0	23	0	-1	12	-1	-1	-1	18	0	18	7	0	0	-1	0	39	0	-1	12
c24360	29	0	0	-1	11	0	0	0	0	0	0	23	0	0	0	-1	-1	45	18	0	18	7	0	0	-1	0	39	0	29	12
c24361	29	0	-1	0	11	0	0	0	0	0	0	-1	0	0	-1	-1	0	45	18	0	18	7	0	0	0	0	-1	0	29	12
c24362	48	9	0	0	1	0	0	39	-1	9	0	0	4	-1	0	0	-1	0	30	0	-1	0	-1	0	-1	0	26	14	0	12
c24375	0	-1	-1	-1	0	0	39	-1	0	50	19	0	12	-1	0	0	0	0	30	4	18	-1	12	0	0	0	0	14	0	12
c24400	-1	-1	-1	0	-1	0	45	-1	0	50	19	0	11	24	0	0	0	0	30	4	18	0	12	0	0	-1	0	14	0	-1
c24414	0	-1	0	0	11	0	0	0	-1	0	4	23	0	0	0	42	0	45	18	0	-1	7	16	-1	-1	-1	0	0	40	12
c24417	0	0	48	48	15	-1	21	0	0	18	36	32	-1	0	0	0	0	-1	0	-1	18	0	0	11	0	0	-1	-1	35	12
c24428	0	-1	0	0	-1	0	0	0	0	0	0	23	-1	0	-1	-1	-1	-1	18	0	18	-1	0	0	0	0	0	0	0	12
c24432	0	0	-1	23	-1	0	34	0	24	0	0	0	0	0	0	42	0	27	0	0	-1	7	0	0	-1	-1	-1	3	0	12
c24437	0	-1	-1	0	0	-1	0	0	-1	50	19	0	0	0	0	0	0	0	-1	4	18	0	12	0	0	32	0	-1	26	-1
c24443	0	-1	48	0	15	0	0	0	-1	18	36	0	-1	0	0	8	0	-1	0	9	18	0	0	0	-1	0	-1	14	35	12
c24456	0	0	-1	0	11	-1	30	0	0	-1	0	23	0	-1	0	42	-1	-1	18	-1	18	7	33	-1	0	0	0	0	0	12
c24474	0	3	-1	-1	0	0	0	18	0	50	39	-1	0	27	0	0	48	0	-1	4	18	-1	12	0	3	0	0	-1	0	-1
c24506	0	0	-1	0	15	-1	-1	0	41	18	36	0	-1	0	-1	0	0	22	0	0	18	0	0	0	-1	-1	41	14	35	12
c24509	48	9	0	-1	1	-1	0	0	-1	9	0	0	4	41	0	0	0	0	30	0	18	3	48	0	-1	0	26	14	0	12
c24515	-1	0	-1	-1	0	0	0	0	0	7	0	0	0	0	29	-1	0	-1	-1	0	18	0	-1	0	0	23	0	14	0	12
c24517	-1	0	43	0	0	0	0	0	-1	-1	-1	0	0	0	29	23	-1	9	0	-1	-1	0	-1	16	4	-1	0	14	0	12
c24526	0	36	48	9	15	0	0	0	0	18	36	0	-1	0	26	0	0	22	0	-1	18	0	26	-1	0	-1	-1	14	35	12
c24527	-1	36	48	-1	15	-1	0	0	0	-1	36	0	-1	-1	26	0	0	22	0	0	-1	0	26	0	0	0	41	14	35	12
c24533	39	-1	0	0	26	27	4	0	-1	50	19	0	0	-1	-1	0	-1	0	-1	-1	18	0	12	30	0	4	0	14	0	12
c24538	0	0	-1	-1	0	0	0	0	20	0	0	0	11	13	0	0	41	-1	30	0	18	0	-1	0	-1	-1	0	14	0	-1
c24556	-1	44	-1	0	0	0	9	0	-1	-1	0	0	0	-1	0	18	-1	0	30	0	-1	4	0	18	-1	29	0	14	-1	12
c24573	0	0	23	0	-1	0	12	-1	-1	34	30	0	0	26	0	0	0	45	30	0	18	-1	12	41	-1	-1	-1	-1	0	-1
c24585	42	0	48	0	15	0	0	0	33	18	36	0	-1	0	0	-1	0	22	0	34	18	0	-1	-1	29	0	-1	-1	35	12
c24612	0	0	0	0	0	42	0	-1	-1	30	0	0	0	13	32	-1	41	0	30	9	18	0	20	0	-1	0	23	14	0	12
c24630	0	-1	0	-1	0	0	4	40	0	50	19	0	-1	0	0	0	0	0	30	4	18	10	12	-1	30	4	9	14	0	12
c24643	-1	0	7	0	0	46	0	0	-1	50	19	-1	-1	0	0	-1	-1	12	30	4	18	0	12	-1	0	0	0	14	-1	12
c24668	0	-1	-1	0	0	3	0	-1	26	0	0	8	0	13	0	10	-1	0	30	9	18	26	0	-1	-1	-1	0	14	26	12
c24675	0	30	-1	-1	15	0	0	0	-1	18	36	-1	-1	0	0	0	0	22	-1	0	-1	0	0	0	0	0	41	14	-1	-1
c24677	10	0	0	0	11	39	0	-1	0	0	0	-1	0	0	-1	-1	0	45	-1	8	18	7	0	29	0	-1	0	0	15	12
c24680	0	0	0	0	9	0	0	-1	0	0	-1	0	0	0	0	24	0	-1	30	0	18	0	30	-1	48	-1	22	-1	0	12
c24691	-1	0	0	-1	0	-1	0	0	0	0	42	0	-1	0	0	0	0	22	-1	0	18	0	-1	0	0	0	0	14	0	-1
c24703	0	0	0	0	11	0	9	0	0	0	18	-1	-1	0	27	42	-1	45	18	31	18	7	-1	0	0	0	0	0	0	12
c24722	0	0	48	0	15	0	0	0	39	18	36	0	-1	-1	0	0	0	22	0	0	18	0	0	0	0	0	41	14	-1	12
c24743	30	0	6	-1	-1	0	9	0	-1	0	0	24	0	24	0	-1	41	0	30	20	18	0	0	-1	27	29	0	14	0	12
c24750	-1	1	43	0	-1	0	0	0	0	7	-1	-1	0	0	29	-1	0	0	28	-1	18	0	-1	48	0	0	0	14	-1	12
c24765	0	0	14	0	-1	0	0	0	0	0	-1	-1	0	-1	0	42	0	45	18	0	18	7	0	0	0	18	0	0	-1	-1
c24810	0	-1	0	0	11	0	-1	0	-1	48	0	-1	0	0	0	42	0	45	18	0	18	7	0	0	0	0	27	3	40	-1
c24811	-1	0	-1	-1	11	0	0	0	-1	0	0	23	0	0	0	42	0	45	18	-1	18	7	0	0	0	0	27	3	40	-1
c24820	0	0	-1	-1	0	0	0	0	0	3	0	0	-1	-1	0	26	-1	50	0	-1	18	0	-1	0	0	-1	-1	14	-1	12
c24826	0	0	0	0	0	32	0	0	18	-1	19	0	-1	0	39	0	0	0	30	-1	-1	0	12	3	0	0	0	-1	-1	12
c24827	0	0	0	0	0	32	0	0	18	50	19	0	0	0	39	0	0	0	-1	4	18	0	12	-1	0	0	0	-1	0	-1
c24839	0	0	0	0	11	0	0	0	0	0	18	23	0	-1	27	42	0	-1	-1	-1	-1	7	-1	0	0	0	-1	0	40	12
c24842	0	0	0	0	0	0	-1	40	0	0	0	-1	0	13	0	-1	-1	0	30	0	18	0	41	-1	0	0	-1	14	0	12
c24843	-1	0	0	0	0	0	0	40	0	0	-1	0	0	13	0	0	-1	0	30	0	18	0	41	-1	0	0	-1	14	0	12
c24853	0	-1	-1	0	0	0	0	0	0	-1	0	0	0	0	0	31	-1	-1	30	0	18	0	12	41	-1	0	28	14	0	12
c24856	29	0	0	0	11	0	0	0	0	0	45	23	0	0	0	-1	50	45	18	0	-1	7	0	0	0	0	39	0	0	12
c24857	-1	0	-1	0	-1	0	0	0	0	-1	-1	23	0	0	0	-1	50	45	18	0	18	7	0	-1	0	-1	39	0	0	12
c24860	0	-1	0	0	-1	0	0	0	-1	-1	-1	0	0	0	27	0	41	0	30	0	18	0	0	0	48	0	22	14	0	-1
c24864	0	0	0	0	4	0	0	0	-1	-1	0	0	0	13	15	9	41	0	30	0	18	0	9	0	0	0	11	14	0	12
c24867	31	0	0	-1	0	-1	0	-1	0	0	0	0	0	0	-1	0	-1	0	-1	-1	18	23	12	0	6	0	-1	14	0	-1
c24875	-1	-1	33	0	0	0	0	0	0	-1	-1	-1	0	13	0	0	41	29	30	-1	18	-1	0	0	-1	-1	0	14	-1	-1
c24891	0	0	43	0	0	0	-1	0	0	7	0	0	0	0	29	0	0	0	-1	22	18	0	-1	-1	0	0	0	-1	-1	-1
c24912	0	0	0	0	11	0	0	0	0	0	0	23	0	0	27	42	0	45	18	31	18	7	-1	0	-1	0	0	0	0	12
c24913	0	0	0	-1	11	0	0	0	0	0	0	23	-1	0	-1	-1	0	45	-1	31	18	7	-1	0	-1	0	0	0	0	12
c24948	0	36	48	0	-1	0	0	31	0	-1	-1	0	-1	0	0	-1	0	22	48	0	18	0	26	-1	0	0	41	14	35	12
c24954	-1	0	0	44	0	0	30	0	0	-1	0	-1	-1	13	-1	0	41	-1	30	-1	-1	28	20	0	-1	0	0	14	0	12
c24968	0	0	14	0	11	0	0	0	0	0	0	23	-1	0	-1	42	0	-1	18	0	18	7	24	-1	0	-1	0	0	0	12
c24985	30	9	6	0	0	-1	0	-1	0	21	-1	0	-1	24	-1	40	41	0	30	0	18	0	-1	0	0	29	0	14	0	-1
c25003	45	0	-1	0	0	19	-1	9	-1	0	22	45	0	0	0	24	0	0	0	0	18	-1	-1	0	-1	9	0	14	0	12
c25014	0	-1	0	-1	-1	0	39	0	3	50	19	0	0	0	0	0	0	0	30	4	18	-1	12	-1	0	0	-1	-1	0	12
c25022	0	14	50	-1	0	34	0	0	18	0	23	0	26	0	-1	0	0	9	4	0	18	20	-1	0	0	-1	-1	14	0	-1
c25024	42	-1	48	0	15	0	0	0	0	18	36	-1	-1	0	26	0	0	22	0	0	18	0	0	-1	29	-1	41	14	35	-1
c25025	-1	-1	48	0	15	0	-1	0	0	18	-1	-1	-1	0	-1	0	0	22	0	31	18	0	0	-1	29	0	41	14	35	12
c25026	32	-1	0	0	11	-1	40	-1	-1	0	0	23	0	0	0	-1	-1	45	18	0	18	7	0	0	0	1	0	0	29	12
c25027	32	0	0	0	11	0	-1	0	20	0	0	-1	0	0	0	-1	42	45	18	0	18	7	-1	0	0	1	0	0	29	12
c25030	30	0	-1	0	-1	0	0	0	-1	-1	-1	9	0	24	0	0	41	0	-1	22	18	14	0	0	-1	0	0	14	30	12
c25037	0	-1	-1	0	-1	20	0	0	0	0	0	0	0	-1	0	0	41	15	-1	9	18	3	0	-1	-1	0	0	-1	0	12
c25043	21	0	-1	0	-1	-1	-1	0	0	0	0	-1	-1	0	0	-1	0	45	18	-1	18	-1	0	0	0	0	27	0	0	12
c25044	0	0	0	0	11	-1	-1	0	-1	-1	-1	23	0	0	0	42	0	45	18	-1	18	7	0	-1	0	0	0	3	-1	12
c25045	0	0	0	0	11	0	0	0	-1	-1	0	23	0	0	0	42	0	45	18	0	18	7	0	0	0	0	-1	-1	-1	12
c25046	24	0	0	-1	0	40	0	0	-1	24	0	0	0	-1	0	0	-1	41	0	-1	18	0	-1	40	-1	29	0	14	-1	12
c25047	24	0	0	-1	-1	40	0	-1	-1	24	0	0	0	-1	0	0	0	41	0	0	18	0	-1	-1	0	29	0	14	-1	12
c25049	48	-1	0	-1	3	0	0	-1	27	9	0	0	4	30	0	11	18	3	30	0	18	-1	48	24	-1	6	0	14	1	-1
c25064	39	0	0	0	0	0	4	-1	0	50	19	0	-1	-1	-1	-1	0	0	30	4	18	0	12	-1	0	4	0	14	-1	12
c25068	0	0	48	0	15	0	0	0	-1	18	36	0	-1	0	0	8	0	-1	0	-1	18	0	0	-1	-1	0	-1	14	35	-1
c25073	-1	0	48	0	15	-1	21	0	0	-1	36	0	-1	0	-1	0	0	0	32	0	-1	-1	0	10	39	0	0	-1	35	12
c25098	0	0	0	-1	0	-1	0	0	-1	-1	19	0	0	0	0	0	0	-1	30	4	-1	-1	12	0	0	-1	0	14	0	12
c25100	-1	9	0	33	0	0	0	0	0	9	0	45	4	0	0	0	0	-1	30	12	-1	-1	48	0	-1	-1	0	14	-1	12
c25115	0	0	48	0	15	0	-1	0	39	18	-1	0	-1	0	0	-1	0	22	-1	0	18	0	0	0	0	0	41	14	-1	12
c25122	20	-1	-1	12	-1	0	-1	0	0	-1	0	23	7	9	0	-1	0	-1	18	-1	18	7	-1	0	0	0	29	-1	0	12
c25141	0	14	50	0	0	34	0	-1	-1	0	23	0	26	0	0	0	0	9	4	0	18	20	-1	0	0	9	-1	14	23	12
c25151	0	0	0	0	-1	-1	0	0	-1	-1	-1	0	-1	0	-1	0	0	9	30	0	-1	0	0	0	-1	0	22	14	28	-1
c25154	18	14	-1	0	0	32	0	-1	0	41	23	-1	-1	0	0	-1	0	-1	0	-1	18	0	-1	0	0	9	-1	14	-1	-1
c25164	0	0	0	18	9	0	0	24	0	-1	-1	0	-1	0	0	0	0	23	-1	24	18	-1	29	0	48	0	22	14	0	12
c25178	0	26	0	0	11	-1	23	-1	0	6	0	23	0	0	-1	-1	-1	45	18	-1	18	7	-1	20	-1	0	0	-1	40	12
c25181	0	0	0	0	-1	-1	39	0	0	50	19	0	0	0	33	0	0	0	30	4	18	-1	12	-1	0	0	-1	14	0	12
c25192	0	0	-1	-1	-1	0	48	-1	-1	0	0	23	-1	-1	-1	42	0	45	18	0	18	-1	0	0	0	39	13	0	0	12
c25221	-1	0	22	4	0	0	26	0	0	-1	-1	0	-1	-1	0	0	0	0	-1	4	-1	0	12	0	0	32	-1	14	0	-1
c25225	30	21	6	-1	13	0	0	0	0	39	0	0	0	24	0	-1	41	26	-1	11	18	0	-1	0	0	29	34	14	0	12
c25254	29	0	22	-1	-1	-1	0	0	0	48	-1	23	0	-1	-1	-1	-1	-1	18	0	18	7	0	0	0	0	-1	0	0	12
c25256	-1	0	0	0	-1	0	0	0	-1	0	7	0	-1	0	0	0	0	0	30	0	18	0	-1	0	48	9	-1	-1	0	12
c25258	29	0	0	41	-1	0	0	0	0	0	0	23	0	25	-1	-1	0	45	18	0	-1	7	0	0	0	0	39	0	0	-1
c25266	0	0	50	0	-1	0	0	0	0	0	0	-1	0	0	27	42	0	45	18	31	18	-1	0	0	0	0	0	0	-1	12
c25267	-1	0	-1	0	11	0	0	0	0	0	0	23	0	0	27	42	0	45	18	31	18	-1	-1	-1	0	0	-1	-1	0	12
c25270	0	1	43	0	27	0	0	0	-1	7	0	0	45	0	29	0	0	-1	0	-1	-1	0	-1	48	0	0	9	14	0	12
c25288	0	-1	43	-1	0	0	0	-1	0	7	0	0	-1	0	29	4	0	-1	0	0	18	0	-1	0	-1	-1	0	14	0	12
c25290	-1	0	0	-1	-1	0	0	-1	0	-1	-1	-1	0	0	12	-1	0	45	18	0	18	7	0	-1	-1	-1	39	0	0	12
c25291	29	-1	0	0	11	0	0	0	0	0	0	-1	0	0	12	-1	0	45	18	0	18	-1	0	0	-1	0	39	0	0	-1
c25312	0	0	-1	0	9	0	0	16	5	0	-1	-1	5	11	-1	50	0	-1	-1	0	18	0	0	-1	48	-1	-1	14	0	12
c25314	30	0	4	0	0	0	-1	0	0	0	30	0	13	-1	0	-1	41	0	30	0	18	0	0	12	0	0	0	14	31	12
c25317	0	0	22	30	0	30	0	-1	14	-1	39	-1	0	27	0	0	44	0	30	4	18	0	12	-1	0	0	-1	14	24	12
c25318	0	-1	13	23	-1	0	0	0	0	0	28	-1	0	0	7	42	-1	0	-1	0	18	7	0	0	18	-1	0	7	0	12
c25320	0	0	43	0	0	16	-1	0	0	7	38	0	0	-1	29	0	0	22	0	0	18	-1	-1	0	0	0	0	14	0	12
c25330	0	0	0	4	0	0	26	0	-1	50	19	-1	0	-1	0	-1	0	0	-1	-1	18	-1	12	-1	0	32	0	-1	0	12
c25331	0	0	0	4	0	0	-1	0	0	50	19	0	0	48	0	0	0	4	30	4	-1	0	12	-1	-1	32	-1	-1	0	12
c25337	30	-1	6	0	0	-1	-1	-1	0	0	-1	0	-1	24	-1	40	-1	0	30	0	18	0	-1	0	0	-1	-1	14	0	-1
c25341	24	29	18	23	-1	0	-1	-1	16	0	0	0	0	22	0	42	0	1	45	0	18	-1	0	45	18	-1	0	0	-1	12
c25344	1	0	48	-1	15	0	21	-1	3	18	36	22	-1	-1	0	0	-1	-1	0	0	18	0	-1	-1	0	-1	50	-1	35	12
c25346	0	14	-1	30	29	32	0	-1	0	-1	23	-1	-1	0	-1	-1	-1	9	-1	0	18	0	-1	0	10	9	0	14	0	12
c25353	0	0	43	0	18	-1	9	6	-1	7	0	-1	0	0	29	0	0	0	0	-1	18	-1	-1	-1	0	0	0	14	40	12
c25360	-1	0	37	-1	-1	0	40	0	20	0	-1	23	26	0	-1	-1	-1	-1	18	-1	18	7	0	-1	0	0	0	0	29	12
c25361	0	0	37	0	-1	0	40	0	20	0	0	23	-1	0	0	-1	-1	-1	18	0	18	7	0	-1	0	0	-1	-1	29	12
c25430	48	-1	20	0	0	0	-1	41	-1	-1	0	-1	4	-1	0	-1	-1	3	30	0	18	0	48	0	-1	0	23	14	-1	-1
c25441	-1	0	0	23	-1	0	34	-1	0	0	0	0	0	0	0	42	0	0	0	0	18	7	0	45	-1	-1	0	0	-1	-1
c25452	0	0	0	26	-1	16	3	0	0	0	18	39	-1	13	0	0	41	-1	30	9	-1	0	0	0	-1	0	0	14	0	12
c25455	-1	0	-1	-1	11	0	0	0	0	-1	0	-1	0	0	0	-1	-1	-1	-1	0	18	-1	20	27	-1	0	-1	0	0	12
c25466	0	0	0	-1	0	32	0	0	18	50	19	0	9	0	39	0	0	0	30	4	18	0	12	3	0	0	0	-1	0	12
c25467	0	0	-1	0	0	32	0	-1	18	50	19	0	9	0	39	0	0	0	30	4	-1	-1	12	3	0	0	-1	-1	-1	12
c25471	-1	0	6	30	-1	0	0	0	-1	-1	0	0	40	24	-1	-1	41	0	30	11	18	26	-1	0	0	29	0	14	-1	12
c25483	0	0	0	0	13	0	0	-1	-1	0	0	41	0	13	0	0	-1	0	30	37	18	26	0	0	-1	0	0	14	0	12
c25495	0	0	-1	0	15	-1	0	0	0	-1	36	-1	-1	0	48	0	0	22	0	0	18	0	9	0	0	0	41	14	35	12
c25496	0	0	0	0	9	18	0	-1	0	0	7	0	29	0	0	0	0	-1	30	0	-1	0	0	0	48	-1	22	14	0	12
c25505	0	-1	0	0	9	0	43	0	9	0	-1	0	0	0	0	0	30	0	30	0	18	-1	0	0	48	0	22	14	-1	12
c25523	16	0	-1	0	11	-1	3	0	0	0	0	23	-1	0	0	42	-1	45	-1	0	-1	7	0	0	0	0	-1	-1	-1	-1
c25525	0	0	43	28	0	-1	-1	0	22	7	0	0	0	0	29	0	-1	0	0	24	-1	0	-1	26	0	0	0	14	0	12
c25526	0	14	23	0	0	-1	-1	0	0	41	-1	-1	0	0	0	-1	25	9	0	24	18	0	-1	0	0	9	-1	14	41	12
c25540	0	0	0	0	15	9	0	0	0	18	36	0	-1	29	-1	0	0	-1	0	0	18	0	0	16	-1	18	48	14	35	12
c25547	0	0	10	0	0	20	0	23	0	0	0	0	0	13	33	0	41	-1	30	9	18	3	-1	0	-1	0	0	14	0	12
c25558	0	0	-1	26	0	0	-1	-1	0	0	0	0	30	-1	46	-1	0	0	0	-1	18	0	-1	0	0	29	0	14	0	12
c25573	45	0	24	0	0	-1	0	9	-1	0	0	45	0	0	0	24	-1	0	0	-1	18	0	-1	0	-1	33	0	14	0	12
c25576	42	0	48	0	-1	0	0	0	0	18	36	0	-1	0	0	40	0	22	0	0	18	-1	0	-1	29	0	-1	14	35	12
c25589	-1	0	0	-1	0	-1	0	0	0	0	-1	0	0	13	-1	0	41	0	30	-1	18	0	-1	0	0	0	23	-1	20	12
c25591	3	0	40	23	11	0	0	0	-1	16	0	0	0	18	0	42	-1	0	0	0	18	7	0	22	18	39	-1	0	-1	12
c25604	29	0	0	0	11	-1	0	-1	0	0	0	23	0	0	0	-1	-1	45	18	5	-1	7	0	0	0	0	39	0	0	12
c25605	29	0	0	0	11	0	0	0	0	0	0	23	0	0	0	-1	-1	45	18	5	18	7	0	0	0	0	39	0	0	12
c25625	29	10	0	0	11	-1	0	-1	0	0	0	23	-1	0	0	-1	-1	-1	18	20	18	7	-1	0	-1	0	39	-1	-1	12
c25626	0	0	0	-1	0	-1	0	0	-1	50	19	-1	0	-1	50	-1	0	0	30	4	-1	0	12	-1	-1	50	0	14	-1	-1
c25628	0	0	0	0	0	32	0	0	18	50	19	0	9	0	39	0	0	0	30	4	18	0	12	3	0	0	0	-1	0	12
c25629	0	0	0	0	0	32	0	0	-1	50	-1	0	9	-1	39	0	0	0	30	4	18	0	-1	-1	0	0	0	-1	0	12
c25634	-1	-1	0	39	-1	-1	0	27	-1	-1	23	-1	-1	-1	0	0	-1	9	0	0	18	-1	-1	0	0	9	0	-1	7	12
c25644	0	0	26	0	-1	0	0	-1	0	-1	0	0	-1	13	0	0	-1	0	30	-1	18	0	41	-1	0	0	0	14	0	12
c25661	0	-1	13	0	0	32	-1	0	0	-1	-1	-1	0	26	0	0	10	9	0	0	-1	0	-1	0	32	-1	19	-1	-1	12
c25671	29	-1	0	0	11	0	0	0	0	0	0	-1	-1	0	12	-1	-1	45	18	0	-1	7	0	0	-1	0	39	0	0	12
c25692	30	0	0	0	0	-1	26	0	0	0	30	-1	-1	24	0	27	-1	0	30	0	18	0	-1	0	5	-1	-1	14	0	12
c25708	0	-1	0	22	43	-1	-1	0	5	50	-1	0	33	24	-1	0	0	0	30	4	18	0	12	-1	-1	50	0	14	0	12
c25714	29	0	0	8	-1	23	0	-1	0	0	0	-1	0	0	0	-1	-1	45	18	-1	18	7	0	-1	0	0	39	-1	0	12
c25732	9	0	0	24	0	0	-1	0	0	0	0	-1	0	-1	-1	0	41	0	0	-1	18	0	-1	0	-1	29	0	14	0	12
c25748	0	0	43	29	-1	0	-1	-1	-1	-1	0	-1	9	0	29	40	20	9	0	-1	-1	26	-1	-1	0	20	0	-1	-1	12
c25749	0	0	43	29	-1	0	-1	-1	-1	7	0	0	9	0	-1	40	-1	9	0	0	-1	-1	-1	0	0	20	-1	14	-1	-1
c25754	0	0	0	46	15	0	22	0	0	-1	-1	0	-1	0	-1	0	-1	0	0	0	18	0	-1	16	0	0	0	14	35	12
c25761	48	9	-1	0	5	0	0	-1	-1	9	23	0	-1	-1	0	0	-1	0	30	0	18	0	48	11	-1	-1	24	14	0	-1
c25802	0	14	34	0	39	30	41	-1	18	0	23	0	0	9	45	-1	0	9	0	0	18	20	-1	-1	0	9	0	14	24	12
c25821	22	0	-1	0	0	0	30	0	-1	0	0	0	-1	13	-1	0	41	26	30	9	-1	28	20	-1	-1	0	-1	14	0	12
c25833	22	14	0	1	-1	32	0	18	-1	41	23	-1	0	0	17	-1	-1	9	0	-1	18	0	-1	0	0	-1	22	14	-1	12
c25834	-1	0	0	-1	0	0	30	26	0	0	30	-1	13	24	0	-1	41	0	-1	0	18	0	0	0	10	48	-1	14	31	12
c25858	0	0	0	24	-1	-1	0	-1	0	-1	0	-1	0	-1	0	0	-1	0	-1	31	18	0	-1	0	-1	29	0	14	0	12
c25861	-1	0	48	0	15	0	0	0	0	18	36	-1	-1	0	-1	-1	0	22	-1	-1	18	0	0	0	-1	0	41	14	35	12
c25881	0	0	0	16	32	0	0	0	27	-1	0	0	0	27	1	0	41	40	-1	-1	18	0	0	-1	42	0	0	14	-1	12
c25895	0	-1	0	-1	-1	-1	0	0	-1	-1	-1	0	41	48	0	-1	-1	9	-1	50	18	-1	0	-1	48	0	22	14	0	12
c25903	-1	12	0	-1	11	-1	0	0	29	0	0	18	-1	0	-1	42	0	4	-1	-1	18	7	0	0	18	-1	39	0	0	12
c25912	29	-1	0	8	11	23	0	0	-1	39	0	-1	0	0	-1	-1	0	45	18	0	18	7	0	-1	-1	0	39	-1	0	12
c25913	-1	0	0	8	11	23	0	0	-1	39	-1	23	-1	0	0	-1	0	45	18	0	18	7	0	-1	0	0	39	0	0	12
c25918	31	0	-1	-1	15	24	0	0	9	18	-1	-1	-1	0	-1	26	0	22	0	48	18	0	-1	0	-1	16	41	14	35	12
c25926	0	37	-1	23	11	0	34	-1	0	40	0	0	36	0	0	42	42	11	0	0	18	7	0	18	18	39	0	0	-1	12
c25927	0	37	-1	23	11	0	34	-1	0	-1	-1	0	36	0	0	42	42	-1	0	0	18	-1	0	18	18	-1	0	0	-1	12
c25933	48	9	0	9	1	0	0	0	0	9	-1	0	4	-1	-1	-1	12	0	-1	0	18	3	-1	0	-1	0	26	14	0	12
c25939	48	9	0	-1	0	0	0	-1	0	9	0	0	-1	27	0	0	-1	0	30	0	18	0	48	11	-1	-1	24	14	0	12
c25940	-1	16	0	-1	0	0	0	0	0	50	-1	0	0	0	0	0	0	-1	-1	4	18	-1	12	0	-1	34	0	14	0	12
c25973	0	0	-1	18	-1	0	0	-1	-1	18	36	0	-1	0	48	0	-1	22	0	-1	-1	20	0	0	0	0	41	14	35	12
c25975	0	0	0	-1	-1	0	0	0	0	50	19	0	0	0	12	0	0	0	-1	4	18	-1	12	0	-1	0	26	-1	0	12
c25976	-1	0	0	-1	11	0	0	-1	-1	0	0	23	0	-1	0	42	0	45	18	-1	18	-1	0	-1	0	0	27	3	40	12
c25977	-1	0	0	-1	11	0	0	0	-1	0	-1	23	0	0	0	42	0	-1	18	-1	18	7	-1	0	0	0	27	3	40	12
c25998	31	-1	0	0	0	-1	0	8	0	0	0	0	0	0	50	0	0	0	-1	0	18	23	12	0	41	0	-1	-1	0	12
c26009	-1	50	0	-1	0	0	0	0	0	50	19	7	-1	0	50	0	0	0	30	4	-1	16	-1	0	0	50	0	14	-1	12
c26050	33	0	0	0	0	0	0	20	0	0	-1	0	-1	-1	31	0	41	0	30	0	18	-1	0	0	0	0	0	14	0	12
c26065	0	0	0	-1	0	0	-1	0	0	-1	-1	-1	0	0	0	0	0	0	30	4	18	-1	12	0	0	0	0	14	0	-1
c26070	0	0	0	12	0	0	0	-1	0	-1	-1	-1	-1	13	31	0	-1	0	-1	0	18	0	9	0	0	0	0	-1	48	-1
c26074	48	9	0	-1	1	0	-1	0	0	9	0	-1	4	-1	0	0	0	-1	30	0	18	3	48	0	-1	0	26	14	0	-1
c26083	0	37	-1	23	11	0	-1	0	0	-1	0	0	36	23	0	42	42	0	0	0	-1	7	0	18	-1	39	0	4	24	12
c26090	0	0	0	9	11	0	0	0	0	0	0	-1	0	16	0	42	0	45	18	0	-1	-1	0	0	0	0	0	0	0	-1
c26096	0	0	-1	26	0	0	0	0	-1	0	-1	-1	0	13	0	0	41	-1	30	-1	-1	0	0	-1	0	0	0	-1	0	12
c26151	45	23	0	0	11	24	0	0	33	0	0	23	0	0	-1	42	0	45	18	0	18	-1	-1	0	-1	0	0	0	0	12
c26179	0	0	23	0	0	0	0	0	0	0	0	-1	0	-1	0	0	0	0	30	-1	18	0	12	41	1	16	28	14	0	12
c26183	0	0	30	-1	-1	0	-1	0	0	-1	19	0	0	0	0	0	0	0	30	4	18	0	12	-1	0	32	0	14	-1	-1
c26184	0	0	0	0	15	9	-1	0	-1	18	36	0	-1	29	0	0	0	0	0	-1	-1	0	0	-1	-1	-1	48	14	35	12
c26185	0	-1	0	-1	15	9	0	0	-1	18	36	0	-1	29	0	0	0	0	0	0	-1	0	0	16	-1	0	48	14	35	12
c26195	0	-1	43	0	0	-1	0	-1	0	7	0	-1	0	0	29	-1	0	0	0	0	18	0	-1	0	0	0	48	14	0	12
c26200	0	0	0	23	11	20	34	0	-1	0	0	0	0	0	0	42	0	0	4	-1	18	7	0	0	18	39	26	0	0	12
c26223	-1	3	0	-1	0	0	-1	0	-1	50	19	9	0	-1	0	0	0	-1	30	4	18	-1	12	-1	0	0	26	14	0	-1
c26233	31	0	0	0	0	-1	0	0	0	0	0	0	0	0	-1	0	0	0	-1	0	18	0	12	0	0	0	-1	14	0	12
c26243	-1	0	0	0	0	-1	-1	-1	-1	50	19	0	0	24	22	0	0	0	30	4	18	0	-1	-1	0	-1	-1	14	0	12
c26251	-1	-1	43	-1	0	0	0	0	0	7	0	0	0	0	29	4	-1	0	0	0	18	0	-1	0	27	-1	0	14	0	12
c26260	0	-1	48	0	15	-1	-1	-1	0	18	36	0	-1	-1	-1	35	0	-1	0	45	18	-1	-1	41	0	0	-1	14	35	12
c26267	0	0	50	0	0	0	0	0	18	-1	19	0	-1	0	0	0	0	-1	30	4	18	-1	-1	0	-1	0	0	14	22	12
c26269	0	24	0	0	0	0	10	0	0	-1	-1	-1	0	0	0	0	0	6	30	0	18	-1	12	0	30	0	-1	14	12	12
c26280	0	0	-1	0	15	0	-1	-1	0	18	-1	0	-1	0	-1	0	0	22	0	0	18	0	0	-1	0	0	-1	14	35	-1
c26287	29	0	0	-1	-1	0	0	-1	0	-1	18	23	0	-1	0	-1	-1	45	18	0	18	7	8	0	0	0	39	0	0	12
c26300	0	-1	43	0	0	-1	0	9	0	7	0	0	8	-1	29	4	0	-1	0	18	18	-1	-1	-1	16	30	0	14	-1	12
c26313	-1	26	7	0	29	0	13	0	0	0	0	0	0	0	0	0	-1	0	30	0	18	5	12	8	-1	33	41	14	0	12
c26314	0	0	0	0	11	0	0	0	0	0	0	23	-1	24	0	42	0	-1	18	0	18	7	0	0	0	18	-1	0	-1	-1
c26328	0	14	23	-1	-1	32	-1	0	0	41	23	-1	0	0	0	-1	0	9	0	0	-1	14	-1	0	0	-1	0	14	0	-1
c26333	29	-1	0	-1	-1	-1	0	0	0	0	0	23	16	0	12	-1	-1	45	18	0	18	7	0	0	-1	-1	39	0	0	12
c26349	0	1	43	0	0	0	0	0	0	7	0	0	-1	0	29	0	0	0	-1	18	18	41	-1	48	0	0	0	14	-1	12
c26360	0	0	0	29	-1	0	-1	20	0	-1	-1	0	0	13	31	0	41	0	30	0	18	0	9	0	0	0	0	14	48	12
c26362	0	0	26	0	0	-1	0	24	0	-1	0	0	-1	13	0	0	-1	0	30	-1	18	-1	41	-1	0	0	22	14	-1	-1
c26365	30	0	6	0	0	-1	9	-1	0	0	0	0	0	24	20	-1	41	-1	30	20	18	0	20	-1	27	29	0	14	20	-1
c26371	45	0	24	0	0	19	0	9	18	0	-1	-1	0	0	0	24	0	0	-1	-1	18	-1	-1	30	-1	-1	-1	14	15	12
c26387	0	0	43	0	0	16	0	9	0	-1	0	0	8	-1	29	4	0	-1	0	-1	18	-1	-1	0	0	30	0	14	0	12
c26390	0	0	0	0	11	0	0	0	0	24	-1	23	7	28	0	-1	0	45	18	22	-1	7	0	-1	0	0	29	0	0	12
c26402	-1	-1	40	9	1	0	24	0	32	9	-1	0	4	-1	-1	0	0	0	30	-1	18	3	-1	0	-1	0	26	14	0	12
c26403	48	9	40	9	1	0	24	0	32	9	0	0	4	-1	0	0	0	-1	-1	0	18	3	-1	0	-1	0	26	14	0	12
c26404	0	-1	0	0	11	-1	40	0	-1	0	0	23	-1	0	0	-1	-1	45	18	0	18	7	0	0	0	1	0	0	29	12
c26405	0	0	-1	0	11	0	40	0	-1	-1	0	23	26	0	-1	-1	42	45	18	0	18	7	0	0	-1	1	0	0	29	12
c26414	0	23	-1	23	11	0	34	5	0	0	0	0	0	0	0	-1	-1	0	29	-1	18	7	-1	0	18	39	22	-1	0	-1
c26448	-1	9	0	0	1	0	0	0	0	9	0	0	-1	0	-1	41	0	0	30	-1	18	0	48	0	-1	-1	26	14	0	12
c26449	48	9	0	0	1	0	0	0	0	9	0	0	4	0	0	41	0	0	-1	0	18	0	-1	0	-1	0	26	14	0	12
c26471	-1	-1	-1	3	11	0	-1	0	0	0	0	23	0	-1	-1	42	-1	45	18	0	18	-1	-1	0	27	-1	0	0	0	12
c26474	0	0	48	0	-1	0	0	0	0	18	36	-1	-1	-1	0	0	0	22	0	48	18	0	0	0	0	0	41	-1	35	12
c26482	12	-1	-1	0	9	10	0	0	0	0	-1	31	0	0	39	0	-1	0	30	0	18	0	0	-1	48	0	22	14	0	12
c26500	29	-1	0	0	11	20	0	-1	-1	0	50	-1	26	0	1	-1	0	45	-1	0	18	7	0	-1	0	0	-1	0	0	12
c26501	29	0	-1	0	11	-1	-1	0	-1	0	50	23	-1	-1	1	-1	0	45	18	0	18	-1	0	-1	0	0	39	0	0	12
c26506	30	-1	0	-1	-1	0	0	26	0	-1	-1	0	-1	24	0	44	41	7	30	-1	18	9	0	18	0	-1	0	-1	0	12
c26512	0	0	0	26	3	-1	0	0	0	0	0	22	0	-1	0	10	-1	0	-1	-1	18	0	-1	10	0	29	-1	14	-1	12
c26547	27	0	0	0	-1	-1	0	0	0	0	-1	0	41	-1	0	30	0	0	-1	50	18	0	48	-1	-1	0	-1	14	0	-1
c26548	29	-1	-1	0	11	0	0	0	-1	-1	18	23	0	-1	0	-1	0	45	18	0	18	7	0	0	0	0	39	0	0	12
c26554	42	-1	48	0	15	0	0	0	0	18	36	0	-1	0	41	0	0	22	0	0	18	0	0	-1	-1	-1	41	14	-1	-1
c26560	48	9	-1	-1	1	0	0	0	0	9	0	0	4	41	-1	-1	0	0	30	0	18	3	48	20	-1	0	26	-1	0	12
c26569	0	0	48	-1	0	0	0	0	0	-1	19	0	0	0	0	0	0	0	-1	4	18	0	12	-1	0	0	0	14	-1	12
c26571	48	9	26	0	-1	0	9	13	0	9	0	9	4	0	0	-1	-1	0	30	-1	18	0	48	0	-1	-1	0	-1	0	12
c26587	0	-1	-1	-1	0	0	0	0	0	0	-1	0	0	13	0	0	-1	0	30	-1	-1	0	0	0	-1	0	0	14	-1	12
c26590	0	0	0	-1	-1	44	0	0	0	-1	18	23	0	0	27	42	0	45	-1	-1	18	7	7	0	0	-1	0	0	-1	12
c26591	-1	0	-1	0	11	44	-1	-1	0	0	18	23	0	0	27	42	-1	-1	18	31	18	7	7	0	0	0	0	-1	40	12
c26600	0	0	0	0	-1	0	0	0	-1	50	23	-1	0	10	0	-1	41	40	30	29	18	0	11	0	0	0	0	-1	0	12
c26602	-1	0	-1	0	11	-1	0	0	-1	0	0	23	0	0	0	-1	0	45	18	0	-1	7	0	0	-1	-1	0	-1	0	12
c26603	-1	0	0	0	-1	0	0	0	-1	0	-1	23	0	0	0	-1	-1	45	-1	-1	18	7	-1	0	-1	0	0	-1	0	12
c26610	0	0	-1	0	8	0	0	20	50	4	-1	18	0	-1	31	0	41	34	30	-1	18	0	0	0	-1	0	0	14	0	-1
c26632	-1	0	43	-1	3	0	0	-1	-1	7	0	-1	6	0	29	0	50	0	-1	23	18	-1	-1	0	0	0	41	-1	0	12
c26646	48	9	0	0	0	-1	0	-1	0	9	0	0	4	27	-1	0	-1	18	30	0	18	0	48	11	-1	-1	-1	14	0	12
c26662	0	0	7	0	0	-1	0	-1	0	50	19	0	0	0	0	-1	0	12	30	4	18	0	12	0	-1	0	0	14	0	12
c26667	0	0	-1	24	9	-1	0	9	-1	0	-1	-1	-1	0	0	24	-1	-1	0	0	-1	0	0	-1	7	0	0	14	35	12
c26668	33	-1	0	26	0	0	0	0	-1	0	0	-1	0	-1	0	10	0	0	0	-1	-1	0	-1	0	3	29	0	14	0	12
c26675	-1	0	0	-1	-1	-1	0	8	0	0	-1	-1	0	0	50	0	-1	-1	-1	0	18	23	12	0	0	0	0	14	0	12
c26687	0	0	-1	-1	15	0	0	0	0	18	36	-1	-1	0	0	0	-1	22	-1	0	18	23	-1	0	46	0	41	14	35	12
c26713	0	45	16	-1	0	-1	-1	0	-1	50	19	0	-1	0	0	-1	0	0	30	4	18	-1	12	30	20	0	0	14	0	-1
c26737	13	0	0	-1	0	0	0	9	0	-1	36	0	-1	0	18	18	-1	0	0	0	-1	0	-1	0	0	-1	0	-1	-1	12
c26745	5	1	43	-1	0	0	0	-1	-1	7	0	0	-1	0	-1	0	0	0	28	18	18	-1	-1	48	0	0	0	-1	0	12
c26756	0	-1	7	0	-1	-1	0	0	0	50	-1	0	0	-1	-1	0	0	12	30	4	-1	0	12	0	0	31	0	14	0	12
c26765	30	0	0	0	0	0	23	41	-1	0	0	0	0	24	0	-1	-1	0	30	0	18	0	26	0	-1	-1	0	14	-1	12
c26770	30	15	0	0	48	0	30	26	0	-1	39	0	0	24	-1	-1	41	0	30	-1	18	0	0	0	0	0	0	14	0	12
c26774	-1	0	0	-1	-1	-1	34	-1	-1	0	-1	0	0	0	0	42	16	0	4	-1	18	7	0	43	18	39	26	0	0	12
c26797	-1	14	13	-1	0	32	0	0	0	-1	23	-1	0	0	-1	0	10	9	0	0	18	0	-1	0	0	9	0	-1	0	12
c26801	0	0	-1	0	15	-1	41	0	0	-1	36	0	-1	0	48	0	0	22	-1	0	18	0	0	0	-1	0	41	14	35	12
c26820	0	0	48	-1	15	0	0	0	-1	18	-1	-1	-1	0	0	0	0	22	0	7	18	0	0	0	0	0	41	14	35	-1
c26822	0	41	0	0	-1	-1	0	-1	0	0	0	23	0	0	0	42	0	45	18	0	18	-1	0	0	-1	-1	18	0	1	-1
c26824	0	45	0	0	11	0	0	0	-1	0	4	23	-1	0	0	-1	0	45	18	0	18	7	16	39	0	0	0	0	40	12
c26825	0	45	0	-1	11	0	0	-1	-1	-1	4	23	-1	0	0	42	-1	45	18	0	18	7	16	39	0	-1	0	-1	40	-1
c26846	0	0	0	-1	-1	10	0	0	0	0	7	-1	-1	-1	39	0	7	0	30	41	-1	0	-1	0	48	-1	22	-1	-1	12
c26851	0	-1	0	0	48	0	-1	0	0	50	-1	0	0	26	-1	-1	-1	0	-1	4	18	23	12	0	0	0	0	14	0	12
c26858	48	9	0	-1	-1	0	0	0	0	9	0	0	4	-1	0	0	-1	0	30	0	-1	3	48	-1	-1	0	26	-1	-1	-1
c26859	-1	9	0	-1	1	0	0	0	0	-1	0	0	4	41	0	0	0	0	30	0	18	3	48	20	-1	0	26	14	0	12
c26880	23	0	0	0	0	0	-1	-1	0	0	0	0	0	13	0	-1	-1	0	-1	0	18	0	0	-1	0	0	-1	-1	0	-1
c26887	-1	0	-1	0	-1	0	0	-1	37	-1	0	0	0	9	29	4	26	-1	0	0	18	0	-1	-1	0	-1	-1	14	0	12
c26896	0	32	-1	26	0	0	0	0	0	0	-1	0	0	-1	0	-1	0	0	0	0	18	0	-1	0	0	29	0	14	0	12
c26899	0	0	31	23	11	0	-1	0	0	29	0	0	0	0	-1	42	0	8	9	0	18	7	0	0	-1	-1	0	0	0	12
c26902	-1	0	0	0	0	-1	-1	0	0	50	19	0	0	0	-1	0	-1	48	30	4	18	-1	12	0	0	50	0	14	0	12
c26912	0	0	0	-1	15	0	22	0	0	-1	36	0	-1	42	0	0	-1	0	0	0	18	0	10	-1	0	0	0	14	35	12
c26925	-1	9	0	-1	1	0	0	32	0	9	-1	0	4	41	0	0	0	0	30	0	18	3	-1	20	-1	0	26	14	0	12
c26927	42	0	48	0	15	0	0	-1	-1	-1	36	0	-1	0	0	-1	0	22	-1	-1	18	14	0	-1	29	0	41	14	35	12
c26930	-1	0	0	24	0	0	-1	0	0	50	19	0	0	0	0	0	0	0	30	4	18	10	12	30	26	4	0	-1	0	12
c26934	0	0	16	0	-1	0	0	0	0	50	19	-1	-1	-1	-1	-1	0	0	-1	4	18	-1	12	30	20	0	0	14	-1	12
c26935	0	0	16	0	0	0	-1	0	-1	50	19	0	-1	0	-1	-1	0	-1	30	4	18	-1	12	30	20	0	-1	-1	0	12
c26949	0	36	48	0	-1	0	0	0	0	-1	36	0	-1	0	-1	0	0	22	0	0	18	0	26	0	34	-1	41	14	35	12
c26955	0	0	0	0	11	39	0	-1	41	40	0	23	-1	0	-1	-1	0	45	18	0	18	-1	0	0	0	9	0	-1	0	12
c26958	0	20	0	0	9	-1	0	0	0	-1	7	0	41	48	-1	0	0	-1	-1	50	18	0	0	0	48	0	22	14	0	12
c26965	0	0	43	-1	0	0	0	0	-1	7	0	0	0	-1	29	-1	26	-1	0	0	18	-1	-1	-1	0	-1	-1	14	3	12
c26981	0	0	43	27	0	0	0	0	24	7	30	-1	0	0	29	0	0	41	24	0	18	-1	-1	-1	0	0	0	14	0	-1
c27004	0	0	0	0	13	-1	45	0	0	50	19	0	0	0	-1	0	0	-1	30	4	18	0	12	0	8	50	-1	14	0	12
c27026	48	9	0	39	-1	0	0	0	0	-1	-1	0	4	0	0	0	0	-1	30	10	18	0	48	-1	-1	0	0	-1	0	-1
c27029	0	0	0	0	15	9	45	-1	30	18	36	0	-1	29	0	0	0	7	0	-1	18	18	0	-1	-1	0	48	14	-1	12
c27032	0	44	0	-1	9	0	-1	0	-1	0	7	9	0	0	30	0	0	16	30	0	18	0	0	0	48	0	22	14	0	12
c27036	0	23	0	-1	11	24	-1	-1	0	0	0	23	0	0	0	42	0	45	18	0	-1	-1	0	-1	0	0	0	0	-1	12
c27038	29	-1	0	0	11	0	15	0	-1	0	0	23	0	0	-1	-1	-1	45	18	0	18	7	-1	0	-1	-1	39	0	0	12
c27039	-1	4	0	0	11	0	15	-1	0	0	0	23	0	0	-1	-1	0	45	18	0	18	7	0	0	-1	-1	39	0	0	12
c27040	4	-1	0	0	9	0	0	0	0	0	7	0	-1	-1	0	0	-1	0	30	-1	18	-1	0	-1	48	9	22	14	0	12
c27041	4	0	0	0	9	0	0	0	0	-1	7	0	-1	0	0	0	0	0	30	0	18	0	0	-1	48	9	22	14	0	-1
c27046	0	0	29	0	11	-1	0	39	26	0	11	23	-1	0	0	42	0	45	18	0	18	7	20	0	0	0	0	0	0	-1
c27056	48	9	0	-1	-1	-1	9	0	-1	9	-1	0	4	41	-1	-1	0	0	30	-1	18	3	48	20	-1	0	26	14	-1	12
c27064	29	0	0	0	11	-1	0	0	0	0	0	23	28	-1	-1	-1	0	-1	18	0	18	7	-1	0	-1	0	39	29	0	12
c27065	29	0	0	0	11	0	0	0	0	-1	0	-1	28	-1	0	-1	0	45	18	-1	18	7	0	-1	-1	0	39	29	0	12
c27079	0	0	-1	0	-1	20	0	-1	0	18	-1	0	-1	-1	48	0	0	22	46	0	18	-1	0	0	0	0	41	14	35	12
c27094	0	0	23	0	4	10	0	0	0	0	0	0	0	20	46	-1	-1	0	-1	0	-1	39	-1	41	0	39	0	-1	0	12
c27102	0	0	-1	0	9	0	0	0	0	0	7	0	41	-1	0	0	-1	12	30	-1	18	0	41	0	48	0	22	14	0	12
c27103	0	0	0	0	9	0	0	0	0	0	7	0	41	48	0	0	0	12	30	50	18	0	41	0	48	-1	-1	14	0	12
c27105	0	0	0	0	11	-1	0	0	0	-1	0	23	-1	0	0	-1	0	45	18	0	-1	-1	0	-1	-1	0	27	0	-1	12
c27114	-1	0	48	0	15	0	0	0	39	18	36	0	-1	-1	0	0	-1	-1	0	0	-1	0	0	-1	0	0	41	14	-1	12
c27119	0	0	48	0	15	48	0	0	-1	18	36	-1	-1	-1	-1	16	-1	-1	0	48	-1	-1	0	1	0	0	41	-1	35	12
c27133	0	0	0	23	11	0	34	-1	0	0	0	0	0	0	0	42	0	-1	0	-1	18	7	0	0	18	39	0	3	32	12
c27158	48	9	0	0	-1	0	0	0	0	9	0	0	4	0	-1	41	0	0	-1	-1	18	0	48	0	-1	0	26	14	0	-1
c27159	48	9	0	0	-1	0	0	0	0	9	0	0	4	0	-1	-1	0	0	30	0	18	0	48	0	-1	0	26	14	0	12
c27161	-1	0	7	-1	32	28	26	22	-1	3	0	0	0	18	0	0	41	-1	30	29	18	0	0	13	0	0	0	14	0	12
c27164	0	-1	-1	23	11	-1	34	27	0	0	48	26	0	0	0	42	0	-1	0	-1	18	7	0	45	18	39	22	0	0	12
c27172	0	0	-1	-1	11	0	-1	0	0	0	-1	-1	0	0	0	-1	0	45	18	0	18	7	-1	0	0	0	0	0	0	12
