	0	1	2	3	4	5	6	7	8	9	10	11	12	13	14	15	16	17	18	19	20	21	22	23	24	25	26	27	28	29
c1657	43	14	-1	0	-1	0	0	0	-1	9	-1	-1	37	0	0	-1	27	-1	38	0	-1	-1	34	0	44	35	38	34	42	9
c1922	0	-1	-1	-1	0	-1	-1	45	-1	34	0	0	37	0	0	0	0	-1	0	36	0	0	0	0	0	40	-1	34	-1	36
c2245	43	0	0	0	-1	0	0	-1	0	0	0	38	-1	0	0	-1	0	0	23	41	0	-1	34	0	-1	-1	-1	34	0	-1
c2287	44	-1	0	0	0	0	0	0	-1	0	-1	-1	37	0	-1	0	0	24	0	9	-1	-1	23	0	0	0	38	34	-1	36
c2550	37	0	0	0	0	-1	0	-1	-1	-1	0	33	0	44	-1	0	0	0	0	0	-1	34	-1	-1	0	22	42	34	22	36
c2785	-1	-1	34	0	30	-1	41	0	34	22	0	24	0	-1	0	0	-1	24	24	3	0	0	0	-1	0	0	0	0	-1	-1
c3056	37	-1	0	24	21	-1	0	-1	-1	0	-1	0	-1	-1	0	0	42	-1	0	37	0	45	0	-1	0	2	0	34	-1	-1
c3160	32	-1	-1	0	30	24	41	-1	10	0	-1	32	-1	0	23	0	0	-1	0	40	15	-1	0	-1	0	0	0	0	-1	0
c3218	37	29	0	0	0	32	-1	-1	42	0	42	0	0	-1	34	0	0	-1	0	37	0	0	0	-1	45	-1	0	34	22	45
c3392	37	46	-1	9	14	-1	-1	-1	0	0	-1	0	-1	0	-1	0	0	35	0	0	-1	0	0	-1	0	0	-1	34	-1	-1
c3985	32	-1	46	-1	30	24	-1	24	0	0	0	0	0	0	0	-1	5	-1	40	0	10	0	-1	-1	0	46	0	0	-1	0
c4512	0	0	0	0	-1	37	0	-1	0	0	0	-1	0	0	-1	39	44	0	0	41	0	0	0	41	0	41	22	0	45	0
c4979	0	0	0	-1	-1	-1	-1	0	45	30	0	-1	0	-1	18	0	32	-1	-1	-1	0	15	41	-1	0	-1	-1	0	45	0
c5041	0	-1	-1	0	30	24	41	-1	-1	0	0	-1	-1	0	24	0	0	-1	0	36	0	0	0	-1	0	0	0	-1	45	0
c5086	32	0	0	0	30	24	-1	-1	0	0	28	6	-1	0	0	-1	0	-1	46	-1	0	-1	-1	-1	9	0	0	-1	-1	0
c5172	-1	-1	0	9	0	32	0	-1	0	0	36	0	0	21	0	0	-1	35	0	0	20	0	0	-1	0	41	0	-1	22	0
c5377	37	32	0	48	-1	32	0	-1	-1	34	-1	-1	24	-1	-1	5	0	0	0	0	0	0	0	-1	-1	0	0	34	22	0
c5418	-1	0	0	36	30	0	45	0	29	-1	0	0	0	-1	0	-1	0	0	9	41	0	0	0	41	0	-1	-1	0	-1	-1
c5444	0	0	0	49	0	-1	9	5	44	41	30	37	37	0	37	14	6	24	-1	41	44	0	24	0	9	41	38	34	0	38
c5661	32	32	46	-1	30	24	-1	24	24	0	46	9	-1	0	36	-1	5	-1	-1	6	10	0	0	-1	-1	-1	0	0	-1	-1
c5673	43	-1	0	0	12	0	0	0	24	35	0	38	37	0	0	-1	0	-1	23	0	0	0	34	0	44	0	38	34	0	6
c5721	0	0	27	-1	24	-1	-1	0	34	29	-1	48	37	0	0	0	24	0	0	0	0	0	0	0	0	0	-1	34	0	0
c5774	0	46	0	23	0	27	0	-1	-1	0	0	46	37	0	0	0	29	0	0	36	36	9	0	-1	0	-1	38	-1	0	38
c5862	0	0	34	0	30	-1	-1	0	34	0	0	0	0	35	0	0	0	-1	-1	4	0	0	-1	-1	0	0	12	0	45	35
c5912	0	0	34	0	30	0	41	0	-1	0	0	-1	34	35	0	27	24	24	24	-1	-1	0	24	-1	0	-1	-1	0	45	35
c6019	0	-1	49	49	0	0	9	0	44	41	30	37	37	0	0	0	6	-1	46	0	44	0	24	0	9	-1	-1	-1	0	38
c6088	-1	-1	0	0	0	0	-1	0	-1	0	0	0	37	0	0	0	0	24	-1	9	0	0	23	0	-1	0	38	34	-1	36
c6303	-1	46	0	9	-1	32	0	-1	9	0	-1	0	0	36	0	0	42	-1	0	0	-1	20	-1	-1	0	-1	-1	34	22	0
c6353	32	-1	5	0	30	24	41	0	0	-1	0	0	0	0	23	0	0	-1	0	-1	15	0	0	-1	0	-1	0	0	-1	37
c6506	-1	-1	-1	0	0	0	0	0	-1	0	0	-1	37	0	0	0	-1	-1	-1	0	0	0	0	0	0	40	38	34	-1	-1
c6650	43	24	-1	-1	-1	-1	-1	0	-1	0	0	-1	37	-1	0	0	29	-1	6	0	0	0	34	-1	44	-1	38	34	24	0
c6732	32	20	44	-1	30	24	41	0	-1	-1	-1	0	25	0	23	0	0	-1	9	-1	-1	0	0	-1	-1	0	-1	0	-1	0
c6785	0	26	47	43	0	-1	9	0	-1	41	30	0	37	0	36	-1	6	-1	0	30	0	-1	24	0	9	0	38	34	0	38
c6822	0	0	0	42	0	0	0	48	-1	41	-1	0	-1	45	0	0	-1	34	-1	12	0	0	0	0	0	-1	38	34	-1	38
c6844	0	0	34	0	30	-1	-1	0	-1	0	0	-1	-1	35	0	0	41	24	0	-1	-1	0	0	-1	-1	0	12	43	45	35
c6852	0	0	32	0	30	24	41	0	0	42	0	0	0	0	0	0	0	-1	0	0	24	0	-1	-1	0	0	0	-1	45	-1
c6995	-1	-1	0	0	0	0	0	0	-1	6	24	24	-1	0	0	-1	35	0	-1	0	0	0	0	-1	0	42	38	34	0	0
c7575	0	34	0	34	30	0	0	-1	-1	0	0	0	0	32	0	39	-1	46	0	41	34	0	0	41	-1	41	22	-1	45	-1
c7598	24	0	-1	-1	30	-1	41	0	34	0	0	0	0	35	0	0	0	24	-1	0	0	-1	0	-1	0	0	12	0	45	35
c7640	0	0	-1	-1	30	-1	41	0	0	0	0	-1	0	-1	24	0	0	-1	-1	0	0	-1	0	-1	0	0	-1	0	45	0
c7661	-1	46	0	-1	0	32	0	-1	0	0	36	40	0	-1	0	-1	0	35	0	0	0	0	0	-1	0	0	12	-1	22	0
c7687	0	49	0	42	0	0	0	0	-1	-1	-1	0	-1	45	0	0	0	0	-1	27	0	0	0	0	0	0	-1	34	-1	38
c7692	36	0	9	0	30	24	41	0	-1	-1	0	0	28	27	-1	0	0	-1	0	-1	0	0	0	-1	0	0	36	0	-1	-1
c7855	37	12	0	0	0	32	12	-1	0	0	-1	-1	0	0	0	36	0	0	-1	0	48	-1	0	-1	0	0	0	-1	22	-1
c7875	0	0	41	0	30	24	40	0	29	0	0	0	43	0	0	39	-1	-1	29	-1	0	0	0	-1	0	41	22	0	45	36
c7892	43	24	0	20	-1	27	-1	0	-1	0	0	-1	37	44	0	0	6	0	0	37	0	0	-1	0	-1	43	-1	34	41	0
c7898	-1	-1	0	24	29	0	25	-1	0	-1	0	0	37	0	0	43	0	-1	-1	0	-1	34	0	0	0	24	38	34	34	-1
c7946	43	0	0	0	0	0	36	36	0	0	0	34	37	-1	36	0	0	0	0	0	36	-1	34	6	44	-1	38	34	-1	32
c7968	-1	0	0	0	-1	24	41	0	0	0	0	0	0	0	-1	0	-1	-1	0	0	0	0	0	-1	0	41	0	-1	45	0
c8013	0	-1	0	0	-1	44	0	0	-1	0	0	-1	37	0	41	0	0	24	42	0	37	0	-1	29	0	40	38	34	-1	36
c8084	9	0	0	0	-1	-1	32	-1	0	34	0	0	0	-1	0	39	0	9	36	-1	0	0	0	41	0	41	22	42	45	0
c8127	0	25	47	40	-1	0	9	0	44	41	-1	-1	-1	0	0	0	6	-1	0	0	0	0	24	-1	9	0	38	34	0	38
c8375	0	-1	0	0	0	0	0	0	-1	27	-1	0	37	-1	0	0	36	24	0	-1	0	0	0	0	0	-1	-1	34	-1	36
c8406	-1	-1	-1	38	40	0	-1	-1	-1	0	37	0	-1	0	-1	-1	0	24	0	9	-1	2	-1	0	0	-1	38	34	-1	36
c8416	43	-1	0	0	0	-1	34	46	0	0	0	-1	37	-1	-1	0	0	0	0	0	24	0	34	-1	-1	0	-1	34	38	14
c8473	0	0	47	36	-1	0	-1	0	44	41	-1	-1	37	0	0	0	6	-1	-1	0	-1	-1	24	6	-1	0	38	34	0	-1
c8603	-1	0	0	0	30	24	41	0	0	0	0	37	-1	21	-1	-1	0	-1	0	0	32	0	-1	-1	0	-1	0	0	45	41
c8637	-1	-1	-1	-1	30	0	41	0	-1	0	-1	0	0	35	-1	0	0	24	0	-1	2	0	-1	-1	0	22	-1	-1	45	35
c8719	-1	0	0	0	0	27	0	-1	0	-1	-1	-1	37	0	0	9	0	-1	0	9	-1	0	-1	0	44	0	38	34	41	0
c8725	43	0	-1	0	42	36	0	0	20	41	0	-1	37	-1	-1	0	27	36	0	0	0	0	34	24	44	0	-1	34	42	0
c8773	-1	0	0	-1	-1	24	41	0	24	0	0	0	0	-1	18	0	34	-1	0	0	36	5	0	-1	0	0	0	0	45	0
c8793	0	0	-1	0	23	0	-1	27	34	0	0	0	37	0	0	-1	-1	0	0	9	25	0	0	-1	-1	0	38	34	0	0
c8920	32	-1	-1	0	30	24	-1	14	0	9	0	0	0	-1	-1	0	0	-1	0	0	15	0	0	-1	0	0	0	0	-1	0
c8963	43	-1	0	0	0	0	24	0	0	0	0	0	37	0	0	0	-1	0	-1	28	-1	-1	34	-1	-1	22	38	34	0	0
c9044	0	0	-1	0	-1	0	0	-1	0	-1	-1	0	-1	0	0	39	-1	0	0	41	0	0	0	-1	0	41	22	9	-1	0
c9083	37	-1	0	9	0	-1	-1	-1	-1	36	-1	-1	0	-1	42	-1	0	35	0	0	0	38	0	-1	-1	41	-1	34	-1	0
c9086	24	38	9	41	-1	0	41	0	42	-1	37	0	0	0	0	0	0	-1	0	45	-1	17	-1	-1	-1	0	0	0	45	0
c9127	0	0	-1	-1	30	24	41	0	0	0	0	-1	0	0	24	-1	0	-1	0	0	0	0	-1	-1	0	0	0	0	45	26
c9183	0	0	0	-1	30	0	40	0	29	-1	0	0	0	-1	0	39	0	-1	24	41	0	0	0	41	-1	41	22	24	45	0
c9273	-1	0	-1	0	30	0	0	0	0	41	0	0	0	20	0	-1	0	0	0	41	0	38	0	-1	0	41	22	9	-1	0
c9278	0	-1	-1	0	0	-1	0	0	-1	-1	41	0	37	0	0	0	-1	24	0	9	-1	-1	0	0	-1	-1	38	34	-1	36
c9292	6	0	0	0	30	24	41	46	43	0	0	22	34	-1	18	0	25	-1	0	-1	0	0	23	-1	0	0	-1	-1	45	-1
c9366	0	38	9	-1	30	-1	41	-1	0	0	0	0	49	-1	0	0	0	-1	0	45	0	29	-1	-1	9	-1	-1	-1	45	0
c9436	43	0	0	0	0	-1	41	-1	0	35	0	38	37	0	0	0	0	38	23	40	0	34	34	0	44	-1	38	34	0	6
c9451	-1	0	0	0	-1	24	41	-1	0	38	43	0	-1	-1	0	43	0	-1	34	0	0	0	0	-1	0	-1	0	0	-1	24
c9577	45	0	0	0	30	0	0	0	24	0	0	0	38	-1	35	-1	0	0	0	-1	-1	0	-1	41	0	-1	22	-1	-1	37
c9617	-1	0	0	25	41	-1	0	-1	42	0	-1	-1	-1	0	-1	-1	0	0	0	0	22	0	-1	-1	0	0	0	34	22	45
c9665	0	0	34	-1	30	0	41	0	34	-1	-1	24	-1	35	0	0	0	-1	0	-1	0	0	0	-1	-1	9	12	0	45	35
c9711	38	24	0	0	30	-1	41	18	34	12	0	-1	10	0	0	-1	-1	24	0	0	38	0	-1	-1	0	0	-1	34	45	35
c9829	0	-1	0	15	30	24	41	0	0	0	0	-1	0	0	0	-1	0	-1	-1	0	0	0	-1	-1	0	-1	0	21	45	0
c9861	0	0	-1	0	-1	24	41	0	49	0	0	36	-1	41	-1	0	0	-1	0	40	0	0	-1	-1	41	0	-1	-1	-1	0
c9878	-1	0	0	-1	-1	0	34	0	-1	0	0	0	9	0	0	0	19	22	0	41	0	-1	0	41	0	41	22	-1	-1	0
c9977	43	-1	0	0	15	0	-1	-1	0	35	-1	38	37	34	-1	0	-1	0	-1	0	0	0	34	0	44	0	-1	-1	24	-1
c10018	-1	29	0	0	0	32	-1	-1	42	0	42	0	-1	0	-1	0	0	-1	0	37	0	0	0	-1	-1	0	0	-1	22	45
c10115	0	-1	0	0	1	-1	0	26	-1	5	-1	0	37	0	0	-1	0	24	-1	9	0	46	23	0	0	0	38	34	-1	36
c10170	37	0	-1	45	36	32	44	-1	-1	0	42	-1	24	0	-1	0	0	0	0	0	0	0	0	-1	40	0	-1	34	22	0
c10226	9	0	0	36	30	0	32	-1	0	34	0	-1	38	9	0	39	0	0	36	41	0	-1	0	41	0	41	-1	0	45	0
c10245	24	0	34	0	-1	0	41	0	-1	0	0	24	-1	35	0	0	0	24	0	0	0	0	0	-1	0	-1	-1	0	45	35
c10257	37	29	0	0	0	32	-1	-1	-1	0	42	0	-1	0	0	0	0	-1	0	37	0	0	0	-1	0	0	0	-1	-1	45
c10309	-1	0	0	-1	30	-1	41	0	-1	42	0	0	0	0	-1	-1	-1	-1	0	-1	0	-1	0	-1	0	0	0	37	45	0
c10354	-1	0	42	-1	30	24	41	0	0	48	0	0	-1	0	0	-1	0	-1	0	0	0	-1	-1	-1	0	0	0	0	45	36
c10394	27	48	-1	0	30	-1	-1	0	40	0	43	0	-1	37	36	39	41	0	-1	41	0	0	0	41	-1	41	-1	0	-1	-1
c10454	0	-1	0	0	0	32	-1	34	-1	0	0	0	37	-1	22	0	-1	-1	0	9	-1	0	-1	0	0	-1	38	34	-1	-1
c10502	0	0	0	0	30	24	-1	0	49	22	0	36	37	0	0	-1	0	-1	46	40	-1	0	0	-1	41	42	41	-1	-1	-1
c10525	37	0	0	0	-1	-1	-1	-1	-1	0	-1	0	0	36	0	0	0	24	0	24	29	0	0	-1	34	0	0	34	22	-1
c10534	43	0	0	0	0	0	0	0	-1	-1	24	0	37	-1	-1	0	34	0	38	28	0	0	-1	26	44	-1	-1	34	0	-1
c10567	43	24	-1	0	-1	-1	-1	0	0	-1	0	-1	37	0	-1	0	-1	0	0	32	24	0	-1	-1	44	-1	-1	34	0	14
c10586	43	0	0	24	0	27	0	0	-1	0	0	-1	37	0	0	-1	0	0	0	12	0	0	-1	0	44	-1	38	-1	-1	34
c10587	43	0	-1	0	0	-1	-1	0	0	34	0	-1	37	-1	0	9	-1	0	0	-1	0	0	-1	0	44	-1	38	34	41	-1
c10616	37	46	0	9	0	32	0	-1	-1	-1	36	-1	0	-1	-1	0	0	35	0	0	0	0	0	-1	0	41	0	34	-1	43
c10618	-1	0	0	-1	41	32	0	-1	42	0	-1	0	-1	0	-1	-1	-1	-1	0	0	22	15	0	-1	0	0	0	34	22	45
c10642	0	0	0	43	30	-1	9	0	-1	0	43	0	0	0	0	0	-1	-1	0	41	0	24	0	41	41	41	-1	48	45	22
c10645	5	-1	0	0	-1	0	0	0	-1	27	-1	0	-1	0	0	0	0	24	0	0	0	46	0	24	0	40	-1	34	-1	36
c10765	24	0	34	0	30	-1	41	0	34	0	0	0	0	35	-1	0	-1	24	0	0	-1	0	0	-1	0	0	12	0	45	-1
c10795	0	34	-1	-1	30	41	24	0	0	0	0	0	0	32	0	39	0	-1	-1	41	34	49	0	41	0	41	22	-1	-1	-1
c10819	43	0	0	24	30	24	41	0	-1	10	0	37	0	0	0	-1	0	-1	22	37	-1	0	0	-1	0	37	-1	-1	-1	-1
c10838	43	-1	0	0	-1	0	-1	35	0	-1	0	-1	37	-1	-1	0	0	41	0	-1	45	33	-1	0	44	0	-1	-1	24	30
c10859	-1	-1	0	42	-1	0	0	0	0	41	-1	0	37	45	0	41	-1	0	6	24	40	0	42	-1	0	0	-1	34	0	38
c10881	15	46	0	-1	12	0	-1	46	0	0	0	0	37	0	24	0	29	0	0	0	36	0	0	-1	0	35	38	34	34	38
c10897	37	-1	-1	-1	0	32	5	-1	0	0	0	43	0	-1	-1	-1	0	0	0	0	0	-1	6	-1	0	0	42	34	22	-1
c10903	-1	0	0	0	0	0	41	-1	-1	35	0	38	37	0	0	0	0	38	-1	0	0	-1	34	0	44	35	-1	-1	0	6
c10911	43	26	24	-1	0	0	0	0	-1	0	0	-1	37	-1	0	0	0	-1	-1	-1	37	-1	34	26	44	0	38	34	-1	0
c10989	0	0	0	0	-1	24	41	0	0	0	0	-1	12	0	24	0	-1	-1	0	0	36	0	0	-1	-1	0	41	35	45	0
c11014	-1	33	0	42	32	0	-1	21	-1	41	-1	35	-1	45	0	43	24	0	-1	0	34	-1	0	0	0	36	38	34	15	-1
c11044	36	-1	0	0	30	0	0	0	0	0	-1	0	0	0	0	39	-1	0	-1	-1	-1	0	0	41	-1	41	22	0	-1	0
c11069	40	34	-1	0	30	-1	0	0	-1	38	0	-1	-1	32	0	39	0	0	0	-1	34	9	0	41	0	-1	22	-1	-1	37
c11112	0	44	0	49	0	0	9	0	44	41	30	0	37	0	-1	-1	-1	0	0	0	0	0	24	0	9	0	-1	34	0	38
c11122	37	46	0	41	0	32	0	-1	-1	0	-1	-1	-1	0	0	-1	-1	0	0	22	0	0	0	-1	0	0	9	-1	22	-1
c11139	37	0	0	0	0	-1	-1	-1	-1	12	0	-1	0	0	0	10	0	24	0	24	29	0	-1	-1	34	0	-1	-1	-1	0
c11184	32	0	-1	32	-1	-1	41	0	0	41	-1	0	0	-1	36	-1	0	-1	0	0	0	0	-1	-1	0	0	38	0	-1	0
c11216	43	-1	0	0	0	0	24	0	0	49	0	0	37	0	0	0	24	0	-1	28	14	0	34	0	44	22	38	-1	0	-1
c11324	43	24	38	0	0	27	0	0	-1	48	0	-1	37	0	0	-1	-1	0	27	0	0	0	34	0	44	-1	38	-1	24	24
c11330	36	24	0	0	30	48	-1	0	-1	0	0	0	0	0	28	39	0	0	0	41	0	0	38	41	0	-1	22	-1	45	0
c11365	-1	-1	0	42	0	0	0	0	-1	-1	-1	0	37	45	0	0	0	0	37	27	0	48	0	0	0	0	-1	-1	0	38
c11426	36	-1	-1	-1	30	0	-1	6	0	32	0	0	0	0	0	0	0	22	0	41	36	0	0	41	0	41	22	36	-1	0
c11437	-1	-1	-1	0	-1	0	0	0	-1	-1	0	43	-1	24	0	0	-1	24	34	-1	0	24	-1	0	0	0	38	-1	-1	-1
c11473	49	-1	-1	0	30	-1	46	0	29	-1	0	0	0	0	-1	-1	0	0	9	41	0	0	0	-1	0	41	22	0	45	0
c11493	44	-1	34	0	-1	6	41	24	34	0	0	0	0	35	32	0	0	24	0	-1	-1	0	0	-1	0	-1	12	0	45	35
c11528	-1	41	24	36	30	0	-1	-1	0	41	-1	36	-1	0	0	39	-1	0	-1	41	-1	0	0	-1	0	41	22	0	45	0
c11549	32	0	0	32	30	24	41	0	0	-1	0	0	0	0	-1	-1	41	-1	0	-1	-1	0	-1	-1	0	0	-1	0	-1	0
c11550	6	-1	-1	0	-1	24	41	0	0	0	0	-1	-1	-1	24	0	41	-1	0	0	0	-1	-1	-1	0	0	0	0	45	-1
c11631	43	0	0	0	10	27	0	0	43	0	0	-1	37	0	32	0	6	0	0	37	0	41	-1	0	44	0	38	34	41	0
c11686	-1	24	0	24	-1	27	-1	0	0	0	0	-1	37	0	45	0	0	0	0	46	0	36	-1	-1	44	0	38	34	42	0
c11689	-1	-1	0	0	0	0	0	0	-1	0	-1	0	37	-1	0	0	9	24	-1	0	0	0	0	0	0	40	38	-1	-1	36
c11690	43	0	-1	0	-1	0	10	0	0	27	0	0	37	0	36	0	0	26	0	-1	36	-1	-1	6	44	46	-1	34	-1	-1
c11754	0	0	0	42	0	0	0	0	0	-1	-1	0	37	45	-1	37	0	38	0	0	0	-1	0	0	0	0	-1	34	-1	38
c11794	0	38	9	-1	30	0	41	-1	32	-1	0	26	49	-1	-1	0	0	-1	27	-1	-1	0	0	-1	9	26	-1	36	45	0
c11802	0	49	0	42	0	-1	0	0	0	-1	-1	-1	37	45	12	0	-1	0	0	27	-1	-1	0	0	0	0	-1	34	0	38
c11803	-1	-1	0	-1	0	0	0	0	0	-1	-1	0	37	45	-1	0	0	0	0	27	0	0	0	0	0	0	-1	34	0	38
c11812	43	-1	0	0	0	0	-1	0	34	34	0	38	37	0	0	0	24	0	0	0	-1	0	-1	-1	44	42	38	34	0	0
c11845	-1	-1	0	0	9	-1	0	0	-1	0	0	0	37	-1	0	-1	0	24	0	-1	0	0	0	0	0	24	38	34	-1	-1
c11847	36	24	0	0	30	-1	40	24	0	0	-1	0	0	0	0	0	-1	22	0	41	0	-1	0	41	0	-1	22	36	-1	0
c11901	37	0	0	0	41	-1	0	-1	-1	0	42	0	-1	0	0	21	-1	0	22	0	-1	0	9	-1	0	0	0	34	22	45
c11912	0	0	5	0	30	-1	41	0	0	-1	-1	37	0	0	0	-1	0	-1	36	-1	0	0	-1	-1	-1	-1	-1	0	45	0
c11913	0	0	5	0	30	24	41	-1	0	-1	0	37	0	0	0	-1	0	-1	36	43	0	0	-1	-1	-1	-1	0	30	45	0
c11960	41	0	0	-1	-1	0	0	0	-1	0	-1	0	5	32	-1	0	0	14	22	41	0	0	0	41	0	41	22	0	45	41
c12042	24	0	34	34	30	0	41	0	34	0	0	0	0	-1	-1	-1	0	24	0	0	0	0	0	-1	-1	0	12	0	45	-1
c12045	42	-1	0	0	0	-1	0	-1	-1	46	41	0	37	-1	0	0	-1	24	0	9	37	22	0	0	-1	38	38	34	-1	36
c12146	37	46	0	23	0	0	0	0	0	0	-1	0	37	0	0	-1	29	24	0	0	-1	0	0	0	0	35	-1	-1	-1	38
c12147	37	46	0	23	0	0	0	0	-1	0	46	0	37	0	0	0	29	24	0	0	36	0	-1	-1	0	35	-1	34	-1	38
c12180	36	0	-1	0	30	24	41	0	-1	-1	9	0	28	0	-1	0	0	-1	0	-1	0	0	-1	-1	0	-1	36	0	45	27
c12202	-1	27	0	48	0	0	0	24	0	0	37	-1	37	0	0	-1	0	0	0	0	0	0	-1	0	-1	0	-1	-1	40	0
c12206	32	0	0	0	30	24	41	0	0	-1	0	30	0	0	0	36	-1	-1	18	-1	0	0	-1	-1	0	0	0	0	-1	0
c12270	0	0	0	-1	-1	24	41	0	0	0	44	-1	24	0	0	0	37	-1	0	0	0	0	0	-1	-1	49	0	37	45	0
c12281	0	0	0	0	-1	0	40	0	29	0	0	0	0	-1	6	39	0	0	0	41	0	0	-1	-1	0	41	22	0	45	0
c12283	36	0	9	0	30	24	41	0	-1	0	0	-1	-1	0	-1	0	36	-1	0	-1	0	0	-1	-1	0	0	36	-1	-1	27
c12334	0	-1	36	42	36	-1	0	0	0	41	-1	0	37	-1	35	-1	0	0	-1	24	-1	0	42	-1	0	0	-1	34	0	-1
c12340	49	-1	0	0	30	24	-1	0	29	-1	0	40	0	0	-1	-1	35	0	-1	41	0	0	0	41	-1	-1	22	0	45	-1
c12343	-1	33	0	42	32	0	-1	0	0	41	-1	35	37	-1	-1	43	24	0	10	0	0	-1	-1	-1	0	36	-1	-1	15	38
c12390	0	34	-1	0	30	41	24	0	0	0	0	0	0	-1	-1	-1	0	-1	0	41	-1	0	0	41	0	41	22	0	45	37
c12426	0	0	-1	0	30	24	41	0	43	-1	0	0	-1	0	0	0	0	-1	0	0	23	28	0	-1	41	0	41	-1	45	0
c12439	0	-1	0	0	-1	0	0	41	-1	0	0	0	37	0	10	0	0	24	-1	-1	36	-1	-1	-1	0	1	38	34	-1	36
c12495	43	36	0	0	0	27	0	-1	0	0	24	-1	37	-1	0	-1	0	0	0	0	-1	-1	-1	0	44	0	38	34	41	0
c12506	-1	-1	0	9	0	-1	0	-1	0	0	-1	0	0	0	-1	24	0	-1	0	0	0	0	0	-1	0	0	-1	34	22	0
c12556	0	-1	0	-1	30	0	0	-1	-1	-1	0	0	0	0	32	-1	-1	0	0	41	0	-1	0	-1	0	41	22	0	45	0
c12569	0	0	0	0	30	-1	0	-1	0	-1	0	0	-1	-1	0	32	0	22	0	41	38	24	0	41	0	41	22	-1	-1	9
c12592	12	0	12	0	30	24	41	0	-1	0	0	-1	34	0	-1	0	-1	-1	0	0	0	0	0	-1	24	-1	-1	44	45	0
c12596	36	-1	0	0	-1	-1	0	0	0	0	0	0	0	-1	28	39	-1	0	-1	41	0	0	-1	41	0	-1	-1	-1	45	0
c12597	36	0	0	26	30	0	0	0	0	-1	0	-1	0	9	28	39	20	-1	48	41	0	0	46	41	-1	41	-1	0	45	-1
c12635	37	-1	45	0	-1	0	0	0	0	13	-1	24	37	-1	19	0	-1	-1	-1	-1	-1	-1	26	0	-1	0	38	-1	0	38
c12661	-1	-1	0	21	0	0	48	0	0	-1	-1	0	-1	0	0	0	36	-1	0	34	24	-1	0	46	40	0	38	34	34	-1
c12719	43	-1	0	-1	-1	27	0	0	0	0	0	-1	37	0	34	9	0	2	0	0	0	-1	-1	0	-1	-1	38	34	41	0
c12751	-1	9	0	46	30	12	0	-1	-1	41	0	-1	0	-1	0	39	45	0	24	41	0	0	9	-1	0	41	-1	-1	-1	-1
c12764	43	0	0	24	30	24	-1	0	-1	0	0	37	0	0	0	-1	-1	-1	22	37	0	0	0	-1	-1	0	0	0	45	0
c12774	43	0	9	0	32	0	-1	0	5	0	0	-1	37	0	14	0	27	36	0	0	0	24	34	36	44	0	38	34	42	0
c12801	32	0	-1	0	30	24	41	0	28	0	0	-1	41	0	0	46	0	-1	0	0	-1	0	0	-1	2	0	0	32	-1	0
c12826	0	0	22	0	30	24	-1	0	34	0	-1	43	0	9	0	0	0	-1	14	0	24	-1	-1	-1	0	-1	0	0	45	9
c12847	0	38	9	38	-1	0	41	0	0	0	0	0	49	-1	0	0	-1	0	27	-1	0	0	0	-1	9	-1	22	36	45	0
c12849	12	0	12	24	30	-1	-1	-1	0	0	0	-1	34	0	-1	-1	0	-1	0	-1	0	14	0	-1	24	-1	0	0	-1	0
c12875	0	0	0	0	30	24	41	26	0	0	0	-1	0	0	24	0	0	-1	0	-1	0	0	0	-1	35	0	0	0	45	36
c12894	0	9	0	42	9	40	0	-1	28	41	-1	49	37	45	-1	45	0	0	-1	24	-1	-1	0	0	44	0	-1	34	0	38
c12985	0	9	-1	42	-1	0	0	-1	0	41	-1	-1	37	-1	0	41	0	24	0	-1	-1	0	42	-1	0	0	-1	34	0	38
c12987	36	0	0	0	30	0	35	0	0	-1	0	0	-1	-1	28	39	44	0	0	41	0	0	0	41	0	41	22	0	45	0
c13050	0	0	-1	0	30	0	41	0	34	0	0	24	-1	-1	28	0	24	24	24	0	0	0	0	-1	0	0	0	-1	-1	35
c13055	6	0	0	0	30	24	41	46	43	0	-1	22	34	-1	18	0	25	-1	0	0	0	0	0	-1	0	0	10	0	45	0
c13056	15	0	9	0	30	-1	-1	0	-1	-1	24	0	0	-1	-1	0	0	47	0	0	0	0	-1	-1	0	0	0	0	45	0
c13080	37	0	0	0	0	32	0	-1	42	-1	42	0	0	0	13	-1	-1	24	0	0	0	0	0	-1	0	0	-1	34	-1	45
c13098	-1	0	0	0	-1	24	41	0	0	-1	0	0	0	-1	18	0	46	-1	-1	0	0	0	0	-1	0	0	24	0	45	0
c13104	42	0	-1	-1	30	-1	41	0	-1	0	24	-1	0	-1	-1	-1	25	-1	0	0	12	24	23	-1	-1	49	-1	0	45	26
c13127	43	-1	0	0	-1	27	0	0	0	-1	0	-1	-1	0	34	9	0	0	43	0	-1	0	-1	0	44	0	-1	34	41	0
c13136	24	0	0	0	-1	-1	0	0	0	0	0	0	37	0	24	-1	-1	6	-1	0	0	34	-1	0	0	24	-1	34	34	-1
c13150	36	0	9	0	30	24	41	-1	0	0	0	0	28	-1	-1	0	0	-1	24	-1	0	0	0	-1	0	0	36	0	45	27
c13151	36	0	9	-1	30	24	41	0	-1	0	0	-1	28	0	-1	0	0	-1	0	-1	0	0	-1	-1	-1	-1	36	-1	45	27
c13159	0	0	34	0	-1	6	41	0	34	0	0	0	24	35	0	0	0	24	24	0	0	0	0	-1	-1	0	12	0	45	35
c13163	36	0	0	0	30	0	-1	0	0	0	44	0	-1	0	0	-1	-1	0	0	-1	0	0	-1	41	0	41	22	0	-1	0
c13172	0	0	0	0	30	-1	-1	0	-1	-1	0	22	-1	0	34	39	26	0	-1	41	0	0	0	-1	-1	41	22	32	-1	-1
c13185	-1	-1	-1	48	30	-1	41	0	0	0	37	-1	0	-1	18	0	0	-1	0	0	0	5	0	-1	48	0	-1	0	-1	0
c13221	-1	-1	0	37	30	24	41	0	-1	-1	6	5	24	-1	18	0	0	-1	-1	0	43	0	0	-1	0	-1	0	0	45	-1
c13222	37	29	-1	-1	0	32	0	-1	-1	0	42	0	0	-1	0	0	0	-1	-1	37	0	-1	0	-1	-1	0	-1	34	22	-1
c13249	37	46	-1	9	41	-1	0	-1	0	24	36	0	0	0	0	0	0	35	0	0	-1	0	0	-1	0	0	-1	34	-1	0
c13271	-1	46	0	9	-1	32	0	-1	0	0	36	-1	0	0	42	0	-1	35	0	0	-1	-1	0	-1	42	41	-1	34	22	0
c13279	0	0	-1	7	30	24	41	0	37	0	0	-1	0	0	0	37	0	-1	0	0	49	0	0	-1	0	-1	-1	37	45	0
c13317	44	27	0	-1	0	0	0	-1	-1	0	-1	-1	37	-1	-1	0	0	0	0	44	0	0	-1	45	0	34	-1	34	0	0
c13383	-1	0	0	0	30	24	41	24	46	47	0	0	0	-1	0	0	5	-1	-1	-1	0	0	0	-1	-1	0	0	0	-1	0
c13398	0	-1	-1	0	0	0	0	0	-1	-1	0	-1	37	0	0	0	-1	24	36	50	0	0	0	0	-1	40	-1	34	-1	36
c13422	41	24	0	0	-1	0	41	0	34	12	0	0	0	0	0	0	-1	24	0	0	0	-1	0	-1	0	0	0	34	45	35
c13447	0	-1	46	0	0	24	-1	0	0	0	0	-1	37	0	0	0	25	0	0	0	0	27	0	0	0	0	-1	34	0	0
c13454	27	48	-1	-1	30	49	-1	0	0	37	-1	0	-1	37	36	39	41	0	37	41	0	0	0	41	0	-1	22	0	45	0
c13516	0	-1	-1	44	30	24	41	-1	43	0	32	22	34	41	18	-1	0	-1	-1	0	-1	0	0	-1	0	0	42	0	45	0
c13525	43	24	0	22	0	27	-1	-1	0	-1	9	-1	37	-1	0	0	14	0	-1	0	24	0	34	0	44	0	38	34	0	14
c13544	36	0	0	0	30	-1	0	0	0	0	0	0	0	-1	-1	39	0	0	0	-1	0	0	0	-1	0	41	22	0	-1	-1
c13545	36	0	0	0	30	0	0	0	0	-1	0	0	0	0	0	39	0	-1	-1	41	0	0	0	41	0	-1	22	0	-1	0
c13577	0	0	0	-1	30	0	-1	-1	0	-1	0	0	0	0	32	39	-1	-1	0	41	0	-1	46	41	0	41	22	-1	45	0
c13580	0	0	0	24	30	24	-1	0	29	0	0	0	0	0	0	-1	0	26	0	-1	0	0	-1	41	0	41	22	0	45	0
c13640	24	0	-1	-1	-1	0	41	-1	-1	0	-1	18	26	35	0	0	0	24	-1	-1	0	0	-1	-1	0	-1	12	-1	-1	-1
c13643	0	46	-1	0	30	0	22	0	-1	0	43	0	-1	0	0	0	0	0	0	41	-1	0	0	41	44	41	-1	0	45	-1
c13659	29	49	0	42	0	-1	0	0	-1	-1	-1	0	-1	45	0	0	-1	0	0	-1	0	-1	0	0	-1	0	-1	34	0	-1
c13735	37	-1	24	0	9	32	0	-1	-1	0	42	-1	24	0	-1	-1	0	-1	-1	0	46	0	0	-1	0	-1	1	-1	-1	-1
c13741	32	0	0	-1	30	24	41	0	0	41	0	36	0	37	0	-1	0	-1	0	0	0	0	-1	-1	0	-1	0	-1	-1	32
c13867	0	0	47	43	0	0	9	0	-1	41	-1	0	37	0	-1	0	6	-1	23	41	0	0	24	0	9	-1	38	34	0	-1
c13893	0	-1	0	4	0	0	0	-1	-1	0	-1	-1	37	0	0	0	9	24	0	0	0	12	46	0	0	40	38	34	-1	-1
c13954	0	0	0	0	-1	24	-1	-1	0	0	0	-1	0	0	24	0	0	-1	0	-1	0	0	0	-1	0	24	0	-1	45	-1
c13988	41	0	25	-1	32	0	0	6	0	0	0	0	37	0	-1	0	0	22	-1	0	0	0	0	0	-1	0	-1	34	0	0
c14098	0	0	0	-1	0	0	0	0	0	-1	-1	0	-1	45	0	0	43	0	-1	26	0	-1	0	-1	0	0	-1	34	-1	38
c14158	43	-1	0	-1	0	0	0	0	0	-1	0	-1	37	0	0	0	27	0	0	0	18	0	-1	0	-1	0	38	34	42	-1
c14228	37	0	-1	0	0	32	0	-1	42	0	42	0	0	0	-1	0	-1	0	0	0	0	-1	0	-1	-1	0	-1	34	22	45
c14231	0	0	41	0	-1	-1	-1	0	-1	0	-1	37	12	-1	0	-1	-1	-1	36	0	0	0	0	-1	24	0	0	0	45	0
c14234	0	0	0	0	-1	0	-1	0	24	0	0	0	38	-1	35	39	-1	24	0	41	-1	0	-1	-1	0	41	22	0	45	-1
c14257	-1	27	0	48	0	0	0	24	0	40	37	-1	-1	0	0	0	0	-1	0	0	0	-1	-1	45	14	46	38	34	0	0
c14259	0	0	9	-1	30	24	41	-1	0	49	0	0	-1	41	18	0	32	-1	46	0	-1	9	41	-1	0	0	0	0	45	0
c14264	-1	34	-1	0	30	41	24	0	0	0	0	0	0	32	31	39	-1	0	0	41	-1	-1	-1	41	0	-1	22	-1	45	37
c14265	0	34	-1	-1	30	41	24	0	-1	0	0	0	45	-1	31	39	0	-1	0	41	34	0	0	-1	24	41	22	0	-1	-1
c14303	32	0	0	32	-1	-1	-1	0	0	41	0	0	0	0	0	-1	0	-1	0	0	0	35	-1	-1	0	0	0	-1	-1	0
c14365	27	-1	0	0	30	0	-1	-1	0	0	43	0	-1	37	36	39	41	0	37	41	26	0	0	41	0	41	22	0	45	0
c14405	0	-1	0	0	-1	-1	0	0	-1	-1	-1	0	37	0	0	32	-1	24	36	0	0	0	0	0	32	40	-1	34	-1	36
c14438	41	0	0	0	-1	24	41	0	38	0	-1	0	0	41	0	0	-1	-1	0	0	-1	0	0	-1	0	0	0	37	45	32
c14442	40	34	-1	-1	30	41	0	0	0	0	0	-1	0	32	-1	39	0	-1	0	41	34	-1	0	41	-1	41	22	0	-1	37
c14453	43	0	0	0	-1	0	0	32	0	-1	0	-1	37	-1	-1	0	-1	40	34	28	0	0	34	26	44	0	38	34	-1	0
c14457	0	-1	-1	-1	30	-1	41	48	0	0	0	0	-1	-1	-1	9	-1	-1	0	-1	0	0	0	-1	41	0	0	-1	45	0
c14470	0	-1	0	-1	0	-1	0	0	-1	0	0	0	37	0	0	41	-1	24	0	0	0	0	0	0	0	40	38	34	-1	36
c14476	-1	-1	0	0	-1	-1	41	0	38	0	0	0	0	41	0	0	36	-1	-1	0	-1	0	0	-1	0	0	10	-1	45	-1
c14490	0	0	0	0	30	24	-1	0	0	0	-1	-1	0	37	-1	-1	0	-1	0	0	36	0	0	-1	22	30	0	0	45	0
c14497	-1	0	0	-1	-1	0	48	-1	-1	0	-1	0	37	22	0	0	0	9	0	0	0	-1	0	-1	40	0	38	34	34	38
c14529	37	0	0	0	0	32	-1	-1	-1	0	0	0	0	24	-1	38	0	-1	-1	24	29	-1	0	-1	0	0	0	34	22	0
c14540	0	0	0	0	0	-1	-1	0	0	-1	24	0	-1	0	0	-1	35	41	0	-1	0	0	-1	0	0	0	-1	34	0	0
c14608	0	0	29	0	-1	24	41	0	0	-1	34	-1	0	15	24	0	0	-1	24	0	0	0	-1	-1	0	0	30	-1	45	0
c14614	0	0	-1	0	30	24	41	0	0	0	0	0	0	-1	10	9	0	-1	0	-1	0	26	0	-1	0	49	0	0	-1	0
c14627	0	0	-1	0	30	-1	-1	0	49	0	48	36	37	0	0	0	-1	-1	0	40	0	0	0	-1	41	34	-1	-1	-1	0
c14632	0	-1	0	-1	0	0	15	2	-1	0	0	22	37	-1	0	0	0	24	32	9	24	0	-1	0	-1	0	38	34	-1	36
c14662	32	0	0	0	30	-1	41	46	0	37	0	30	-1	0	0	-1	35	-1	18	-1	0	0	21	-1	0	0	-1	0	-1	-1
c14670	43	24	0	0	0	27	24	0	0	9	0	-1	37	-1	0	35	0	0	-1	0	24	0	34	0	44	0	38	34	-1	-1
c14671	43	24	0	0	0	27	0	0	0	9	0	-1	37	0	0	0	-1	-1	-1	0	24	-1	34	0	44	0	38	-1	0	-1
c14700	0	0	0	0	30	-1	48	-1	-1	0	0	48	0	-1	0	-1	0	22	0	-1	0	-1	0	41	0	41	22	36	-1	0
c14737	0	0	0	0	30	24	41	25	46	0	0	-1	0	41	18	0	0	-1	46	0	23	0	0	-1	0	0	0	-1	45	-1
c14739	0	0	0	22	30	0	41	9	0	0	38	0	38	27	34	0	0	0	0	0	-1	-1	-1	-1	0	0	48	0	45	23
c14755	32	-1	-1	-1	-1	24	41	24	24	-1	0	0	0	0	0	0	5	-1	0	0	-1	32	20	-1	0	-1	-1	-1	-1	0
c14789	0	-1	0	0	0	34	0	-1	-1	-1	0	0	37	0	0	0	6	24	0	9	0	0	0	0	0	0	38	34	-1	36
c14792	43	24	-1	0	-1	27	0	0	0	0	35	-1	37	-1	0	0	29	0	0	0	0	0	34	0	44	-1	38	34	-1	-1
c14793	43	24	-1	0	0	27	0	0	-1	0	0	-1	-1	0	0	0	29	0	-1	0	0	0	-1	0	44	-1	38	34	-1	0
c14862	0	-1	0	4	0	0	0	0	-1	37	42	-1	37	0	0	0	9	24	20	0	0	0	-1	0	0	40	38	34	-1	36
c14865	9	0	0	0	-1	40	32	-1	0	34	0	0	0	9	0	39	15	0	36	41	-1	0	0	-1	-1	41	22	-1	45	0
c14866	0	46	0	23	9	0	-1	0	0	0	0	-1	37	2	0	35	29	0	0	-1	-1	0	0	-1	0	-1	38	34	0	38
c14941	0	34	-1	0	30	41	0	0	0	0	0	0	0	32	0	-1	0	-1	0	41	34	-1	0	41	0	41	22	0	45	37
c14945	-1	0	-1	0	0	27	0	0	-1	-1	-1	-1	37	24	0	9	0	0	0	0	-1	0	-1	0	-1	-1	38	-1	-1	34
c14969	-1	49	-1	42	0	0	0	-1	0	-1	-1	0	37	-1	12	0	-1	0	24	27	-1	-1	-1	0	0	0	-1	34	0	38
c15000	37	46	15	9	0	32	-1	-1	0	0	36	0	0	0	0	0	0	35	0	-1	0	0	0	-1	0	41	-1	34	22	-1
c15005	-1	0	0	-1	30	24	-1	0	-1	0	-1	0	0	41	18	0	32	-1	-1	0	44	0	-1	-1	0	0	0	-1	-1	0
c15017	0	0	0	0	30	24	41	10	0	-1	0	0	0	-1	0	-1	14	-1	0	-1	-1	0	-1	-1	-1	10	0	-1	-1	49
c15018	44	-1	0	48	0	0	0	24	0	0	37	-1	37	0	18	0	0	0	40	0	0	0	0	0	0	0	38	-1	0	-1
c15060	0	0	0	-1	30	-1	41	0	-1	0	0	0	-1	41	18	0	0	-1	46	-1	0	-1	-1	-1	0	0	21	-1	45	0
c15065	0	-1	-1	0	45	34	0	14	-1	0	35	0	37	37	0	-1	0	24	36	0	0	27	0	24	0	40	38	-1	-1	36
c15088	37	46	0	-1	0	32	0	-1	0	-1	36	0	42	0	0	-1	40	-1	-1	27	0	0	48	-1	-1	0	0	34	-1	0
c15104	36	0	0	0	30	-1	41	46	-1	0	0	22	34	-1	18	0	0	-1	0	0	0	0	0	-1	0	-1	0	0	45	9
c15117	43	2	32	6	-1	0	36	0	0	0	0	-1	-1	0	36	0	0	0	0	-1	36	41	-1	6	-1	-1	38	-1	-1	32
c15149	48	24	0	0	30	-1	0	0	0	0	0	-1	0	0	-1	-1	44	0	-1	41	0	0	0	41	-1	41	-1	0	45	32
c15182	15	0	0	0	30	0	24	0	-1	0	-1	0	0	-1	34	39	0	0	0	41	-1	0	45	41	0	-1	22	22	45	34
c15217	0	0	0	-1	30	24	41	0	38	-1	0	37	0	21	-1	-1	32	-1	-1	0	0	28	-1	-1	0	0	0	0	45	0
c15220	43	0	0	0	0	0	-1	0	0	0	0	0	37	-1	-1	0	0	5	38	28	0	0	34	-1	-1	-1	38	34	-1	0
c15225	42	-1	-1	-1	30	-1	41	0	0	-1	0	-1	0	0	-1	0	0	-1	0	0	0	0	0	-1	-1	49	0	0	45	26
c15234	0	0	34	0	30	-1	41	0	34	0	0	-1	14	35	0	0	-1	24	-1	-1	0	0	-1	-1	0	0	12	38	45	35
c15252	37	0	0	0	-1	32	0	-1	42	0	42	0	0	-1	0	0	0	41	-1	0	22	15	0	-1	0	0	-1	34	22	-1
c15272	43	24	0	0	0	27	-1	0	0	0	0	-1	37	0	0	0	29	0	-1	0	0	0	34	10	44	-1	38	34	-1	0
c15277	0	0	34	0	30	-1	41	0	34	0	-1	0	0	35	0	-1	0	24	23	-1	0	24	0	-1	0	0	12	0	-1	35
c15281	0	0	12	0	30	24	41	10	0	0	0	0	0	-1	41	0	0	-1	0	0	0	38	0	-1	41	0	-1	0	45	0
c15285	-1	4	0	0	30	-1	41	46	43	22	-1	22	34	-1	18	0	0	-1	0	46	0	0	0	-1	45	0	0	0	45	0
c15309	-1	-1	0	0	0	0	-1	9	-1	0	0	0	37	0	0	0	6	24	0	9	34	22	0	0	-1	0	38	34	-1	-1
c15313	0	0	0	0	30	24	41	0	0	0	0	-1	0	0	24	0	0	-1	0	0	0	12	0	-1	0	0	27	42	-1	0
c15346	0	0	22	49	-1	37	-1	0	44	-1	30	0	37	43	0	-1	6	0	0	0	0	0	-1	-1	9	0	38	34	0	38
c15376	43	0	0	0	0	27	0	0	0	0	-1	-1	37	0	43	0	0	0	0	-1	46	40	-1	0	44	-1	38	34	41	0
c15381	-1	0	0	0	30	24	41	45	-1	0	28	0	0	42	18	45	-1	-1	0	-1	0	0	-1	-1	0	0	0	0	45	0
c15403	0	0	-1	-1	30	-1	41	10	-1	24	-1	-1	0	-1	41	0	0	-1	0	-1	0	38	-1	-1	41	0	0	0	45	0
c15451	-1	49	-1	42	0	0	0	-1	0	-1	-1	0	37	45	0	0	0	0	-1	27	0	24	0	0	0	0	-1	34	0	38
c15452	2	0	0	0	30	24	41	0	0	-1	0	-1	0	0	24	0	-1	-1	0	-1	0	-1	0	-1	0	-1	-1	0	45	0
c15510	-1	0	0	0	12	-1	-1	0	0	0	0	-1	37	0	0	-1	41	0	0	0	-1	41	0	-1	-1	0	-1	34	0	0
c15511	22	0	0	0	0	0	-1	-1	0	0	0	-1	37	0	33	43	-1	0	0	0	14	41	-1	-1	0	0	38	-1	0	0
c15522	32	0	-1	-1	30	24	41	24	0	-1	0	43	0	24	-1	0	5	-1	0	0	0	0	0	-1	-1	0	49	0	-1	34
c15528	0	0	25	0	-1	24	40	0	29	0	0	-1	-1	0	0	39	0	0	0	-1	0	0	-1	-1	0	41	22	0	45	-1
c15545	0	22	0	-1	-1	-1	0	-1	37	0	0	-1	0	0	0	0	0	22	32	-1	0	9	0	-1	-1	-1	22	36	45	-1
c15572	43	0	0	-1	0	27	-1	0	0	0	0	-1	37	-1	-1	0	0	0	0	22	0	0	-1	0	44	37	38	-1	41	0
c15621	-1	0	0	0	30	24	41	45	0	46	0	37	0	-1	-1	-1	0	-1	-1	-1	0	0	-1	-1	0	0	0	0	45	0
c15640	0	-1	34	0	30	26	41	0	34	-1	0	0	0	35	-1	0	0	24	0	0	-1	0	-1	-1	0	0	12	0	45	35
c15726	43	24	0	0	0	27	32	0	0	0	0	-1	37	0	45	0	0	0	0	46	-1	-1	34	-1	-1	-1	38	34	0	0
c15727	43	24	0	0	-1	27	32	0	0	0	0	-1	37	-1	45	-1	0	0	0	46	0	36	34	-1	44	32	38	34	0	0
c15735	22	-1	5	0	0	0	9	42	-1	0	-1	0	-1	0	-1	0	0	24	49	0	-1	0	-1	0	0	-1	38	-1	-1	36
c15749	-1	-1	0	0	0	27	-1	-1	0	-1	0	-1	-1	0	-1	0	0	0	18	0	24	-1	34	0	44	40	38	-1	48	14
c15757	43	0	-1	0	-1	27	46	0	-1	0	0	-1	37	0	43	0	0	-1	0	46	-1	40	-1	-1	-1	20	38	-1	41	-1
c15766	43	-1	15	10	0	0	44	-1	0	34	0	38	37	0	0	15	0	-1	-1	0	0	0	34	0	44	42	38	34	0	1
c15779	37	0	0	0	0	32	-1	-1	0	-1	0	-1	-1	44	0	-1	0	0	0	-1	0	34	6	-1	0	22	42	34	22	0
c15788	37	43	24	-1	0	32	-1	-1	-1	0	0	35	0	0	-1	0	0	0	-1	15	0	0	-1	-1	0	0	42	34	-1	0
c15789	-1	43	24	-1	41	32	-1	-1	45	0	0	-1	0	0	-1	0	0	0	9	15	0	0	-1	-1	0	0	42	34	22	0
c15796	-1	1	34	0	30	0	-1	0	34	0	0	0	0	35	0	0	0	24	0	0	0	0	0	-1	36	0	12	0	-1	35
c15831	37	46	0	23	0	27	46	0	-1	0	0	0	37	0	0	30	29	-1	-1	0	36	-1	0	0	0	35	-1	34	0	38
c15841	36	-1	0	0	30	-1	0	0	0	0	0	0	0	0	-1	-1	0	0	48	41	0	9	-1	41	-1	41	22	0	45	-1
c15850	-1	36	0	-1	31	0	0	45	0	0	0	-1	-1	0	0	22	-1	0	49	28	-1	0	-1	0	44	0	38	34	36	-1
c15859	21	0	0	0	30	24	-1	0	0	0	-1	-1	28	-1	0	0	0	-1	-1	0	0	36	-1	-1	0	0	44	-1	45	0
c15906	43	0	0	0	0	0	10	0	0	0	0	0	37	0	0	0	-1	0	0	28	0	0	-1	24	44	0	38	34	36	26
c15937	0	-1	-1	37	30	41	0	0	0	0	32	41	0	32	-1	-1	0	0	0	41	34	34	0	41	24	41	-1	0	45	37
c15945	0	0	47	43	-1	0	9	0	44	41	30	0	37	0	0	-1	-1	-1	0	0	0	-1	24	0	9	18	38	34	0	38
c15995	-1	0	34	0	30	0	41	0	34	0	0	27	0	35	0	0	28	24	0	0	0	0	0	-1	-1	0	-1	0	45	35
c16002	0	0	0	0	-1	37	0	0	0	0	30	-1	0	0	0	39	44	0	0	-1	-1	0	0	-1	-1	41	22	0	-1	32
c16004	0	-1	0	0	-1	-1	0	0	-1	-1	0	0	37	-1	-1	32	36	24	0	9	0	-1	-1	0	0	0	-1	-1	-1	36
c16008	37	0	29	0	30	-1	41	0	-1	34	0	-1	0	45	24	37	0	-1	-1	-1	0	0	41	-1	-1	0	30	0	45	0
c16013	0	24	-1	24	30	24	-1	0	0	25	0	-1	0	0	24	0	-1	-1	0	34	0	-1	0	-1	0	0	0	9	45	0
c16041	43	-1	0	0	42	-1	0	0	0	0	0	0	37	0	36	-1	0	26	0	-1	36	-1	34	6	-1	0	-1	34	-1	-1
c16047	0	0	0	0	30	24	-1	-1	0	0	-1	0	0	-1	-1	0	0	-1	-1	0	32	-1	0	-1	-1	34	32	-1	45	-1
c16067	-1	-1	-1	0	0	-1	0	41	-1	0	0	0	37	0	-1	49	0	-1	18	9	0	-1	-1	0	0	0	38	-1	-1	36
c16109	0	9	0	42	0	0	43	-1	-1	41	-1	-1	37	45	0	-1	0	36	-1	24	40	-1	42	-1	0	0	38	-1	-1	38
c16116	43	24	40	-1	-1	27	0	35	-1	0	0	-1	37	0	-1	0	-1	0	-1	46	0	13	34	-1	44	0	38	-1	-1	0
c16121	37	46	0	9	0	32	0	-1	0	0	36	0	0	0	-1	34	42	35	36	0	-1	0	0	-1	0	38	0	34	22	0
c16128	0	12	-1	0	29	0	25	-1	0	0	0	0	37	0	0	-1	0	6	-1	0	-1	34	0	0	0	-1	38	34	34	38
c16131	0	0	-1	-1	30	0	0	-1	-1	0	43	0	-1	32	-1	40	0	14	0	41	0	0	0	41	0	41	-1	0	45	-1
c16160	-1	43	-1	38	-1	32	0	-1	0	0	0	34	0	0	0	0	-1	0	0	-1	0	-1	6	-1	-1	-1	42	34	22	0
c16174	37	0	0	0	0	32	0	-1	0	0	0	49	0	44	-1	0	0	40	-1	-1	0	34	6	-1	0	-1	-1	34	-1	45
c16229	43	-1	-1	0	30	0	41	0	0	0	0	0	0	0	0	0	0	9	-1	45	-1	-1	0	-1	-1	26	0	0	45	0
c16244	37	46	0	9	0	32	0	-1	0	-1	-1	0	0	0	0	0	-1	35	0	0	0	0	-1	-1	0	41	0	34	-1	0
c16304	0	-1	-1	0	0	-1	0	0	-1	0	0	-1	37	0	0	0	9	-1	-1	18	0	0	0	0	0	40	38	34	-1	36
c16305	0	-1	0	0	0	45	0	0	-1	-1	-1	0	37	-1	0	0	9	24	-1	0	0	20	0	0	0	40	-1	34	-1	36
c16314	0	0	-1	0	30	-1	41	-1	-1	0	30	-1	32	32	-1	0	-1	-1	0	22	0	-1	0	-1	0	-1	-1	-1	-1	13
c16319	34	-1	0	-1	32	0	41	0	0	41	-1	35	-1	45	0	43	24	0	10	0	0	-1	0	0	0	-1	38	34	15	38
c16377	0	0	0	0	-1	24	41	41	0	25	0	-1	-1	0	-1	0	0	-1	0	0	-1	-1	0	-1	0	0	37	-1	45	0
c16382	0	0	0	36	30	-1	41	-1	0	0	0	24	44	0	24	0	0	-1	0	-1	-1	0	0	-1	0	25	-1	37	45	45
c16397	-1	-1	22	-1	-1	24	41	0	34	0	46	0	0	0	-1	0	0	-1	-1	0	24	-1	-1	-1	0	-1	0	0	-1	0
c16492	0	-1	13	-1	0	0	0	0	-1	0	0	-1	37	-1	0	0	0	24	-1	-1	-1	0	0	-1	0	25	38	-1	-1	-1
c16493	0	-1	13	0	0	0	-1	0	-1	-1	0	-1	37	-1	0	0	0	24	-1	0	24	0	0	-1	0	25	38	-1	-1	36
c16495	0	37	0	0	30	41	41	0	0	34	-1	-1	24	0	9	39	0	0	36	41	0	0	0	-1	44	41	22	0	45	-1
c16498	0	-1	0	0	0	0	-1	0	-1	0	0	0	37	-1	-1	39	9	24	-1	0	0	-1	0	0	0	-1	-1	34	-1	36
c16499	0	-1	0	0	-1	0	0	0	-1	0	0	0	37	0	-1	-1	9	24	-1	-1	0	0	0	0	0	-1	-1	34	-1	36
c16526	-1	46	0	-1	41	32	0	-1	41	24	36	34	0	0	-1	0	0	35	0	0	9	0	0	-1	0	0	0	34	22	0
c16551	37	46	0	9	0	32	0	-1	37	0	36	40	0	0	0	-1	0	-1	0	0	0	0	-1	-1	-1	0	0	34	22	-1
c16566	-1	-1	0	0	-1	-1	0	0	-1	32	0	43	37	-1	-1	0	36	24	-1	9	0	0	-1	0	0	0	-1	34	-1	36
c16597	0	0	-1	0	-1	0	-1	6	0	0	0	0	37	0	0	-1	-1	-1	-1	0	0	0	0	0	-1	0	-1	-1	0	0
c16634	-1	-1	5	0	0	-1	-1	0	-1	0	-1	0	37	-1	0	-1	-1	-1	15	0	-1	0	0	-1	0	-1	-1	34	-1	36
c16637	-1	0	0	0	30	0	-1	0	0	0	-1	42	0	0	0	0	42	22	-1	41	-1	0	0	41	0	-1	22	-1	-1	0
c16639	0	0	0	9	30	45	0	-1	0	49	0	-1	0	0	-1	0	0	0	42	41	-1	-1	-1	41	30	41	22	-1	-1	0
c16646	0	-1	0	-1	30	-1	38	0	0	26	0	0	0	0	0	-1	0	0	0	41	-1	0	-1	41	-1	-1	22	0	45	0
c16647	0	0	0	0	30	10	38	0	0	26	0	0	-1	-1	0	-1	0	0	-1	41	-1	0	-1	41	0	-1	22	0	45	0
c16674	37	-1	0	0	0	32	0	-1	37	0	0	-1	-1	0	-1	0	0	0	0	0	0	34	6	-1	0	22	42	34	22	0
c16676	0	0	0	0	30	-1	0	43	24	0	0	0	38	-1	35	39	-1	0	0	41	0	0	0	41	0	41	22	0	45	37
c16682	36	-1	0	0	-1	0	0	0	0	0	0	0	-1	0	28	39	0	0	37	-1	0	9	0	41	0	41	22	0	45	24
c16690	44	27	0	48	0	0	-1	24	19	0	37	-1	37	0	-1	0	0	0	-1	0	-1	0	-1	-1	-1	34	38	34	0	0
c16712	-1	-1	0	-1	-1	0	0	0	-1	15	0	0	37	0	0	2	0	24	0	9	0	0	23	0	0	0	38	34	-1	36
c16720	0	-1	46	0	0	24	-1	0	0	0	44	-1	37	0	32	0	38	0	0	0	0	15	0	-1	0	-1	38	-1	0	0
c16764	0	0	-1	0	30	24	41	0	38	0	0	0	0	-1	-1	0	0	-1	46	-1	-1	0	-1	-1	0	-1	-1	34	45	0
c16778	32	0	0	32	-1	24	41	0	0	41	0	0	24	-1	0	-1	-1	-1	0	0	0	-1	-1	-1	0	0	0	0	-1	0
c16789	-1	-1	-1	-1	30	24	41	-1	0	-1	0	-1	-1	45	24	0	-1	-1	0	-1	0	0	0	-1	27	0	-1	0	45	0
c16866	0	0	27	0	0	-1	-1	0	34	-1	48	0	37	0	0	0	-1	0	0	-1	-1	-1	0	0	0	0	38	-1	0	0
c16872	44	27	0	48	0	0	48	-1	0	0	37	-1	37	24	-1	0	0	0	0	0	-1	0	-1	-1	0	34	38	34	0	0
c16873	-1	-1	0	48	0	-1	-1	-1	0	0	37	-1	37	0	-1	0	-1	0	0	0	-1	0	-1	45	0	34	38	34	0	0
c16877	0	0	37	-1	32	0	0	34	0	41	-1	-1	37	-1	-1	0	0	0	0	41	-1	-1	-1	0	0	33	38	-1	0	38
c16881	0	-1	-1	36	0	-1	-1	0	-1	-1	0	0	37	0	0	0	28	24	9	9	0	0	0	32	0	0	38	34	-1	-1
c16911	43	0	0	0	-1	-1	0	0	0	0	0	-1	37	0	-1	9	0	0	0	-1	0	0	-1	0	-1	0	38	34	-1	0
c16934	41	0	29	34	30	-1	41	0	0	-1	34	-1	0	0	24	15	0	-1	24	0	-1	0	0	-1	0	0	30	49	-1	0
c16940	32	0	0	0	30	24	41	0	0	0	-1	0	0	24	-1	0	0	-1	0	37	37	0	24	-1	-1	0	0	0	-1	0
c16945	36	0	0	0	30	-1	0	25	48	24	-1	22	0	0	0	-1	0	0	0	41	0	0	0	41	-1	41	22	0	45	0
c16953	15	-1	44	34	-1	24	41	0	0	0	-1	0	0	15	0	0	0	-1	-1	0	24	0	0	-1	0	0	0	-1	45	-1
c16955	0	0	0	0	30	24	41	0	-1	0	0	-1	-1	0	-1	-1	0	-1	0	0	0	0	-1	-1	0	0	36	0	45	0
c16964	-1	0	-1	0	-1	0	40	0	-1	0	0	0	0	0	0	0	-1	22	-1	41	0	0	0	41	0	41	22	36	-1	0
c16971	0	-1	-1	0	32	0	0	42	-1	0	0	-1	37	38	0	0	0	-1	0	0	-1	49	0	-1	0	40	-1	34	-1	36
c16981	9	32	0	0	-1	-1	32	-1	0	34	0	0	0	-1	0	39	0	0	36	41	0	0	0	41	0	41	22	0	45	-1
c16991	37	21	41	0	0	-1	0	-1	-1	-1	0	0	0	0	0	0	0	-1	0	-1	-1	0	6	-1	0	0	42	34	-1	0
c17019	0	46	0	0	-1	0	-1	0	-1	41	0	0	-1	0	0	39	0	0	-1	41	0	43	0	-1	25	-1	22	-1	45	0
c17154	0	0	-1	43	0	0	9	-1	44	-1	30	0	37	0	6	0	6	-1	0	0	0	0	24	0	9	0	-1	34	0	38
c17192	0	0	0	-1	0	24	0	10	-1	0	0	0	37	0	0	43	0	45	-1	0	0	42	41	-1	-1	35	38	34	0	0
c17223	-1	0	0	-1	0	0	0	0	0	-1	0	-1	37	0	46	-1	27	-1	0	-1	18	0	34	17	44	0	38	34	42	0
c17226	34	-1	0	-1	0	0	0	24	-1	34	0	0	37	0	0	0	0	-1	0	0	0	0	0	0	0	40	38	34	-1	36
c17267	37	29	0	0	0	32	0	-1	42	0	42	0	0	2	0	-1	0	-1	0	37	0	0	0	-1	0	48	-1	34	22	45
c17270	0	0	0	-1	0	-1	0	0	0	41	-1	0	-1	45	0	0	-1	-1	0	0	0	41	-1	0	-1	0	38	34	37	-1
c17276	-1	0	0	0	0	0	-1	0	0	49	0	0	37	0	0	-1	24	0	-1	28	-1	0	-1	-1	44	22	38	34	-1	0
c17283	43	0	0	0	-1	0	41	40	0	22	0	0	-1	0	36	15	-1	26	0	-1	-1	-1	34	6	44	0	-1	34	-1	32
c17284	-1	-1	36	0	30	24	-1	0	0	0	-1	24	0	0	-1	0	0	-1	0	-1	41	-1	0	-1	0	0	-1	-1	45	0
c17285	0	-1	36	0	30	24	-1	0	-1	0	-1	24	0	0	-1	0	0	-1	-1	0	41	0	0	-1	0	0	36	0	45	0
c17305	0	0	47	-1	-1	-1	41	0	0	0	38	0	0	27	34	0	0	0	41	-1	0	0	0	-1	0	0	0	0	45	0
c17307	49	-1	0	0	30	-1	41	-1	0	0	0	0	0	32	-1	-1	42	-1	22	0	0	15	0	-1	0	0	-1	-1	45	0
c17311	-1	24	0	-1	-1	-1	0	0	0	0	24	-1	0	0	-1	-1	44	-1	0	41	0	0	0	-1	-1	41	-1	0	45	32
c17334	0	34	0	0	30	0	0	-1	0	0	40	0	0	32	0	-1	0	0	0	41	34	0	0	41	0	-1	22	-1	45	-1
c17335	0	34	-1	0	-1	24	-1	-1	-1	0	40	0	0	32	-1	-1	-1	0	0	41	34	0	0	41	0	-1	22	-1	45	37
c17388	-1	0	-1	38	0	0	0	0	-1	0	-1	0	-1	0	20	0	-1	11	0	-1	0	-1	-1	0	-1	0	-1	34	36	0
c17402	0	24	9	0	30	0	41	0	34	12	0	0	0	-1	0	0	0	24	-1	0	0	42	0	-1	0	0	0	34	45	35
c17406	0	0	0	24	30	24	-1	0	0	0	0	37	0	15	0	-1	0	-1	0	37	0	0	0	-1	-1	0	0	0	-1	0
c17434	0	0	0	43	30	0	-1	-1	-1	0	43	0	0	0	0	-1	0	24	0	41	-1	0	-1	41	36	-1	22	0	45	0
c17460	-1	24	0	22	27	27	0	-1	0	9	9	-1	37	0	-1	0	-1	0	-1	0	24	9	34	0	44	0	38	34	-1	-1
c17516	43	0	0	0	-1	0	24	0	0	0	9	0	37	43	36	-1	0	0	0	0	36	-1	34	6	44	0	38	34	-1	32
c17525	0	0	34	0	30	0	41	0	34	0	0	0	0	-1	24	-1	0	24	-1	0	-1	-1	0	-1	0	-1	12	0	-1	35
c17541	49	0	0	21	0	0	48	0	-1	0	-1	0	37	0	0	0	-1	9	0	34	0	-1	0	0	40	0	38	34	34	-1
c17558	32	0	0	0	-1	24	-1	38	0	0	2	6	0	34	0	-1	-1	-1	46	-1	-1	0	-1	-1	0	-1	-1	0	-1	0
c17624	0	38	9	0	30	0	41	0	-1	-1	-1	0	0	-1	0	0	-1	0	-1	45	-1	17	0	-1	25	-1	-1	0	-1	0
c17641	0	0	-1	0	30	-1	-1	0	0	41	0	-1	-1	0	0	39	0	-1	-1	41	0	-1	0	-1	0	41	-1	0	45	0
c17653	0	0	0	-1	30	0	0	-1	48	-1	45	-1	0	0	0	-1	0	-1	-1	41	-1	-1	0	41	30	41	22	-1	45	0
c17659	-1	24	0	-1	0	-1	0	0	0	9	-1	-1	37	0	0	0	32	-1	-1	0	-1	0	34	0	44	0	38	34	0	14
c17660	0	0	0	46	30	24	41	0	0	0	0	0	0	37	18	-1	24	-1	0	0	-1	0	0	-1	22	30	0	0	-1	0
c17664	-1	0	40	0	30	24	41	24	0	47	-1	0	0	-1	0	43	5	-1	0	0	0	0	0	-1	-1	0	-1	0	-1	0
c17668	37	0	0	0	0	32	-1	-1	0	0	10	0	0	0	0	0	-1	0	0	24	29	0	0	-1	0	34	37	34	22	-1
c17670	37	23	-1	0	-1	-1	12	-1	0	25	42	0	0	37	0	36	-1	0	-1	-1	48	33	0	-1	42	-1	0	-1	22	6
c17675	0	0	0	-1	30	36	-1	0	0	0	0	0	-1	-1	0	0	0	22	0	41	36	41	0	-1	-1	41	-1	36	-1	0
c17679	0	-1	0	0	0	-1	0	-1	-1	0	0	-1	37	-1	0	0	0	-1	0	0	0	0	0	0	0	-1	38	34	-1	36
c17681	0	31	46	0	0	-1	-1	0	0	-1	0	-1	37	0	0	0	-1	0	15	-1	0	0	0	-1	0	-1	38	34	0	0
c17721	9	-1	-1	36	0	0	0	0	-1	0	0	0	37	0	0	0	28	24	9	9	0	0	0	32	9	-1	38	34	-1	-1
c17723	43	0	0	0	10	27	0	-1	43	0	0	-1	37	0	0	0	6	0	0	-1	22	0	-1	0	44	0	38	34	41	0
c17724	37	-1	0	-1	0	32	0	-1	0	0	36	0	0	21	-1	0	0	35	0	0	20	0	0	-1	0	41	0	34	-1	0
c17744	37	0	0	24	41	32	0	-1	42	-1	42	0	0	0	-1	-1	0	0	-1	0	22	15	-1	-1	-1	-1	0	34	22	-1
c17772	34	33	0	42	32	34	41	0	0	41	-1	35	-1	-1	0	43	24	0	10	0	34	-1	0	0	0	36	38	34	15	38
c17789	37	0	0	-1	0	32	0	-1	0	0	-1	-1	0	-1	1	0	0	0	-1	-1	15	-1	6	-1	0	0	42	34	22	-1
c17821	0	0	0	-1	29	24	0	-1	0	0	0	0	37	0	0	-1	0	6	-1	0	0	-1	0	0	-1	24	38	34	34	38
c17897	0	0	0	0	-1	0	-1	0	24	0	0	0	38	-1	35	39	0	0	-1	-1	37	-1	-1	41	0	41	22	-1	45	37
c17900	43	0	0	0	-1	-1	24	0	0	0	0	0	37	46	-1	-1	-1	0	0	-1	14	0	34	0	44	22	-1	34	0	0
c17915	0	-1	24	0	30	24	41	40	0	9	0	-1	41	0	24	0	45	-1	0	0	45	0	0	-1	24	-1	0	32	-1	0
c17918	0	-1	25	0	32	0	0	6	0	0	0	46	37	-1	36	0	-1	22	0	0	0	-1	0	0	-1	0	38	34	0	0
c17925	0	0	0	-1	30	0	40	-1	29	-1	0	-1	0	0	0	39	0	0	24	41	0	0	0	-1	0	-1	22	38	45	-1
c17933	22	-1	0	0	-1	0	-1	0	-1	-1	-1	0	37	0	0	0	-1	24	0	0	0	-1	0	0	0	40	-1	34	-1	-1
c17972	0	-1	0	-1	0	0	0	0	-1	0	40	0	37	0	41	0	0	24	22	-1	0	0	0	0	22	-1	38	34	-1	-1
c17984	0	0	43	-1	-1	0	34	0	0	41	-1	0	37	45	0	0	0	0	-1	12	0	-1	0	0	0	0	38	34	14	38
c17991	0	38	9	21	30	-1	41	0	0	-1	49	0	-1	48	0	0	-1	0	0	45	34	-1	37	-1	9	26	26	-1	-1	0
c18014	-1	46	41	9	0	32	0	-1	0	0	-1	0	0	0	0	0	0	35	-1	0	0	0	0	-1	-1	41	49	34	22	0
c18020	-1	0	0	32	30	-1	41	0	0	41	0	0	-1	-1	37	-1	-1	-1	-1	0	0	0	-1	-1	0	0	0	0	-1	0
c18045	49	24	49	24	-1	24	-1	0	0	0	-1	0	0	-1	0	40	42	-1	-1	0	0	0	-1	-1	0	0	36	-1	45	0
c18052	0	0	-1	0	30	0	0	0	0	-1	42	-1	24	0	9	39	0	0	36	-1	35	0	0	-1	0	41	22	20	45	-1
c18058	-1	41	-1	0	0	0	0	6	0	0	0	0	37	0	0	40	-1	0	0	28	0	0	-1	40	44	0	38	34	36	5
c18092	41	0	0	0	-1	24	41	0	-1	0	34	0	0	-1	0	0	0	-1	35	0	-1	0	0	-1	-1	0	0	37	45	32
c18108	0	0	46	0	30	-1	41	0	49	0	0	36	37	41	12	0	0	-1	-1	40	-1	-1	0	-1	41	0	41	-1	-1	0
c18147	0	-1	0	-1	30	0	0	0	24	0	0	0	38	-1	35	39	34	0	0	41	-1	0	0	41	0	41	22	0	-1	37
c18168	-1	18	0	-1	30	0	0	0	-1	-1	-1	24	5	-1	0	26	0	0	0	41	0	0	0	41	0	41	22	0	45	-1
c18171	34	0	0	45	30	0	-1	0	-1	-1	0	0	-1	48	32	39	-1	29	0	41	0	0	-1	41	0	41	22	32	45	34
c18215	-1	29	0	18	0	32	0	-1	42	0	42	0	0	0	0	9	0	-1	0	37	0	-1	0	-1	0	0	0	34	-1	45
c18217	0	0	0	-1	30	24	41	0	0	-1	-1	0	-1	-1	0	36	0	-1	9	0	0	0	-1	-1	0	24	-1	-1	-1	0
c18235	0	0	0	-1	0	0	9	5	44	41	-1	37	37	0	0	0	6	-1	0	41	44	0	-1	0	9	0	-1	34	0	38
c18272	37	35	-1	0	-1	0	-1	0	0	0	-1	24	37	-1	19	0	0	-1	0	-1	-1	0	26	0	0	0	38	-1	0	38
c18291	43	0	0	0	0	-1	0	0	-1	0	0	-1	37	0	34	9	0	0	0	0	0	0	-1	0	-1	-1	-1	34	-1	0
c18307	0	0	0	49	-1	-1	-1	5	44	41	30	37	-1	0	24	0	6	24	0	41	44	9	24	0	9	-1	38	-1	0	38
c18312	-1	0	0	9	30	24	41	0	49	0	0	-1	0	-1	0	0	0	-1	25	0	0	0	24	-1	41	0	41	-1	45	0
c18322	0	-1	-1	4	36	0	0	0	-1	0	0	5	-1	-1	0	0	9	24	-1	0	-1	0	-1	0	0	40	38	34	-1	-1
c18323	0	-1	0	4	36	0	0	0	-1	-1	0	5	-1	0	0	0	9	24	-1	0	0	0	0	-1	0	40	38	-1	-1	36
c18329	43	24	40	24	-1	27	0	0	-1	0	-1	-1	37	-1	0	-1	-1	-1	-1	46	0	-1	34	-1	44	-1	38	-1	0	0
c18333	15	0	0	22	30	-1	41	0	0	0	38	0	0	27	34	-1	0	-1	0	0	0	0	0	-1	0	-1	15	19	45	23
c18384	32	13	35	0	30	-1	41	-1	0	0	0	-1	0	0	-1	0	0	-1	0	0	33	0	0	-1	-1	0	-1	0	-1	0
c18394	0	-1	0	0	-1	-1	0	-1	-1	32	0	0	37	-1	0	-1	-1	24	0	9	0	-1	-1	-1	0	0	-1	34	-1	36
c18404	0	45	0	0	-1	0	41	-1	0	46	-1	0	42	27	34	-1	0	0	-1	0	0	0	37	-1	0	0	-1	0	45	0
c18409	0	-1	0	21	0	0	48	0	37	0	-1	0	37	0	0	0	36	9	0	34	0	-1	0	0	40	0	-1	34	34	38
c18422	-1	-1	-1	0	30	0	41	38	34	-1	-1	24	0	35	28	-1	24	-1	-1	0	14	0	0	-1	0	0	36	0	-1	35
c18423	0	0	-1	0	30	-1	-1	0	34	-1	0	24	0	35	-1	0	-1	24	24	0	0	-1	0	-1	0	0	-1	-1	-1	35
c18447	0	36	9	0	30	-1	41	-1	-1	-1	0	0	0	0	0	-1	0	-1	0	0	34	0	0	-1	41	0	41	-1	45	10
c18450	-1	48	15	-1	0	32	0	-1	-1	0	0	0	0	0	0	0	0	0	0	24	0	0	6	-1	0	0	42	34	22	0
c18455	37	46	0	9	-1	-1	-1	-1	0	45	36	0	0	-1	0	0	0	35	0	0	0	-1	-1	-1	0	-1	0	-1	22	0
c18458	0	-1	0	0	0	0	0	0	-1	-1	0	0	37	0	0	0	0	24	0	-1	0	0	0	-1	15	40	38	34	-1	-1
c18467	0	15	-1	0	30	24	41	0	0	-1	-1	0	-1	-1	18	0	32	-1	40	0	0	0	-1	-1	0	34	0	0	45	0
c18497	32	0	0	0	30	24	41	-1	0	-1	0	-1	22	0	-1	0	5	-1	19	0	0	0	-1	-1	-1	43	0	0	-1	0
c18506	37	46	0	9	0	32	0	-1	-1	0	36	-1	-1	0	0	-1	0	35	0	0	0	0	-1	-1	0	0	0	34	22	0
c18507	37	46	0	9	0	-1	0	-1	-1	0	36	-1	0	0	0	-1	0	35	-1	0	-1	0	0	-1	-1	0	0	34	-1	0
c18537	43	36	0	-1	-1	2	0	0	0	0	0	-1	37	0	0	-1	-1	0	0	28	0	0	34	0	44	0	-1	34	36	42
c18542	37	6	0	0	0	32	0	-1	37	0	0	0	-1	0	0	0	0	0	-1	0	0	34	6	-1	-1	22	42	34	22	0
c18543	37	6	-1	0	0	32	-1	-1	37	0	0	0	0	0	0	0	-1	-1	34	0	-1	34	-1	-1	-1	22	42	34	-1	0
c18557	0	0	0	0	45	24	0	10	43	0	-1	0	37	41	-1	43	-1	0	0	-1	0	0	0	0	0	0	38	34	0	0
c18603	37	0	0	0	0	32	0	-1	0	-1	0	-1	40	0	-1	44	0	-1	34	0	-1	-1	6	-1	0	-1	42	34	-1	0
c18606	0	0	0	0	30	0	-1	0	0	41	0	0	-1	24	-1	39	0	0	-1	41	0	0	40	-1	0	41	22	0	45	0
c18608	0	34	-1	-1	30	41	0	0	0	0	-1	0	0	32	37	-1	0	24	44	-1	34	0	0	41	0	41	-1	0	-1	37
c18620	-1	0	-1	-1	-1	27	-1	0	0	32	0	-1	37	0	0	9	0	0	0	0	0	0	-1	0	44	-1	-1	34	41	-1
c18621	-1	0	-1	-1	0	27	0	0	0	32	-1	-1	37	0	0	9	0	0	0	-1	0	0	-1	0	44	-1	-1	34	41	-1
c18629	0	-1	47	36	22	0	9	-1	44	41	30	0	37	-1	0	0	6	-1	15	0	0	0	24	0	9	0	38	34	0	38
c18639	43	0	0	0	0	0	-1	0	0	-1	0	-1	37	0	0	0	0	0	-1	0	0	0	34	0	44	42	38	34	0	1
c18645	-1	-1	41	0	23	0	-1	-1	34	0	-1	36	37	0	-1	0	0	0	6	0	-1	0	0	-1	0	0	38	34	0	0
c18701	0	-1	34	0	-1	-1	41	24	-1	0	0	0	0	35	-1	0	-1	-1	-1	0	0	-1	-1	-1	-1	0	12	0	-1	-1
c18717	43	-1	38	0	0	-1	0	0	0	0	0	-1	37	0	-1	36	29	0	0	0	0	0	-1	0	44	-1	-1	34	24	-1
c18729	0	9	0	-1	0	0	0	0	0	41	-1	-1	-1	45	0	-1	-1	37	0	-1	40	0	42	0	0	-1	38	-1	0	38
c18735	32	0	0	32	-1	24	41	0	-1	-1	0	0	-1	-1	14	-1	41	-1	0	0	0	0	-1	-1	-1	0	0	0	-1	-1
c18753	0	24	0	49	0	0	9	-1	44	41	30	-1	37	0	46	25	6	0	-1	0	0	0	24	0	-1	-1	38	34	0	38
c18790	43	0	0	-1	0	27	-1	0	0	0	-1	-1	-1	-1	43	0	0	0	0	0	-1	40	-1	-1	44	-1	38	34	-1	0
c18817	-1	-1	20	-1	30	0	0	-1	0	0	0	0	0	0	0	-1	0	22	-1	-1	0	0	0	-1	38	41	22	-1	45	0
c18847	0	0	-1	0	-1	-1	22	36	-1	-1	43	0	-1	0	0	35	0	-1	0	41	0	0	-1	41	0	41	-1	0	45	0
c18849	37	29	0	9	0	-1	0	-1	-1	0	42	0	0	0	0	0	0	-1	0	37	-1	0	0	-1	0	0	0	34	22	45
c18862	37	0	0	0	-1	32	12	-1	-1	25	-1	0	0	0	0	36	0	0	0	0	48	33	0	-1	36	0	0	34	22	6
c18882	43	0	0	24	40	41	41	-1	0	35	-1	38	37	0	0	0	24	0	23	2	0	34	34	0	44	-1	-1	34	0	-1
c18910	37	-1	5	48	49	-1	0	-1	42	0	-1	-1	0	0	0	0	0	-1	34	0	0	0	0	-1	0	0	0	34	22	45
c18979	37	46	-1	41	-1	-1	0	-1	0	0	36	0	-1	0	0	0	0	0	0	0	-1	0	0	-1	0	0	9	34	-1	-1
c19018	0	0	0	-1	30	0	24	0	34	-1	0	0	-1	0	32	39	-1	0	19	-1	0	0	0	41	0	41	22	13	45	-1
c19035	46	-1	0	0	30	-1	41	10	0	0	0	0	32	32	0	0	0	-1	0	-1	0	0	0	-1	0	32	0	0	45	13
c19106	43	-1	38	0	0	-1	0	-1	9	0	22	-1	37	-1	-1	0	-1	-1	27	15	-1	0	34	-1	44	-1	38	34	24	24
c19123	32	0	-1	32	30	24	-1	0	0	41	0	0	0	0	-1	-1	-1	-1	0	0	0	-1	-1	-1	0	0	0	0	-1	-1
c19154	0	0	25	40	32	-1	42	6	0	0	-1	0	37	0	0	0	0	22	-1	-1	0	41	-1	0	27	0	-1	34	0	0
c19175	-1	-1	0	0	0	32	0	-1	42	0	42	0	0	0	-1	0	0	0	0	41	0	0	0	-1	0	0	0	-1	-1	45
c19234	36	-1	5	0	0	0	-1	0	-1	34	-1	-1	37	0	0	47	0	24	15	0	0	0	0	0	0	-1	-1	34	-1	-1
c19288	0	-1	0	0	30	-1	-1	0	0	34	0	0	-1	0	9	39	-1	0	-1	41	-1	0	0	41	44	41	22	0	45	-1
c19333	36	24	-1	0	30	0	40	0	0	-1	-1	0	0	0	0	-1	48	22	-1	-1	0	0	0	-1	-1	41	22	36	-1	0
c19334	0	0	22	-1	0	0	48	-1	0	0	0	0	37	49	0	0	36	9	0	0	0	-1	-1	0	-1	0	38	34	34	38
c19356	-1	-1	-1	0	0	0	46	6	0	0	0	-1	37	0	0	40	-1	0	0	-1	0	0	34	40	44	0	38	34	-1	43
c19357	-1	0	0	-1	0	0	46	-1	-1	5	0	0	37	0	0	40	-1	-1	0	-1	0	0	34	40	44	0	38	34	36	43
c19374	0	34	-1	37	30	41	0	0	0	0	0	41	30	32	-1	39	0	0	0	41	34	0	0	41	0	-1	22	0	45	37
c19389	-1	37	41	-1	30	-1	41	0	0	0	49	-1	0	-1	24	0	0	-1	0	0	0	0	0	-1	0	0	0	0	-1	26
c19390	34	0	0	45	-1	-1	0	-1	0	-1	0	-1	0	-1	32	39	-1	-1	0	41	0	0	-1	41	-1	41	22	32	-1	0
c19398	32	0	46	-1	30	24	-1	-1	0	0	0	0	-1	0	34	0	5	-1	40	0	10	-1	0	-1	0	46	0	0	-1	27
c19400	-1	0	0	0	30	24	41	0	42	-1	0	5	24	-1	18	0	0	-1	-1	0	0	-1	-1	-1	-1	0	-1	0	45	-1
c19417	43	24	0	-1	0	27	40	0	0	0	0	-1	37	0	45	0	-1	0	-1	46	9	36	34	-1	44	0	-1	-1	36	-1
c19422	0	-1	0	-1	-1	0	0	0	-1	0	0	0	37	-1	0	0	9	24	-1	-1	0	-1	41	-1	0	-1	-1	-1	-1	36
c19423	0	-1	0	0	0	0	0	0	-1	0	0	0	37	-1	0	0	-1	24	0	0	-1	-1	41	0	0	40	38	-1	-1	36
c19428	0	44	-1	-1	30	-1	-1	34	0	0	0	-1	-1	0	24	0	42	-1	0	0	0	0	0	-1	0	0	0	0	-1	0
c19439	-1	0	49	-1	-1	-1	12	-1	0	-1	42	-1	0	0	0	-1	0	0	0	0	48	33	0	-1	0	0	0	-1	22	0
c19456	0	25	0	-1	-1	32	0	0	0	34	27	0	0	0	0	39	0	0	36	41	0	0	0	41	0	41	22	0	45	-1
c19465	-1	-1	0	0	24	49	-1	-1	0	35	0	38	37	-1	0	15	-1	0	23	0	-1	0	34	0	44	24	-1	34	-1	6
c19469	-1	24	0	36	-1	0	-1	-1	0	0	0	0	37	0	0	-1	0	46	41	0	41	-1	0	-1	0	0	-1	-1	0	-1
c19470	0	31	46	0	37	24	-1	0	-1	0	0	-1	37	-1	0	0	45	0	38	-1	0	0	0	0	0	0	38	-1	-1	0
c19476	43	-1	0	-1	24	0	-1	0	-1	0	0	-1	37	-1	34	0	-1	0	0	28	49	0	34	-1	44	34	-1	34	-1	-1
c19505	37	0	0	28	42	-1	22	-1	14	0	42	-1	24	41	-1	0	46	43	0	0	0	-1	20	-1	0	0	44	-1	22	0
c19513	32	0	0	0	-1	24	41	0	0	37	0	30	-1	0	0	0	35	-1	18	0	0	0	21	-1	0	0	0	0	-1	-1
c19552	32	-1	-1	-1	30	24	-1	0	-1	-1	0	0	29	-1	0	-1	0	-1	0	0	0	0	-1	-1	-1	34	0	-1	-1	0
c19557	0	0	0	49	34	0	-1	-1	44	41	-1	37	37	0	0	0	6	0	0	38	44	0	-1	0	9	48	38	-1	-1	38
c19561	0	0	-1	0	-1	0	-1	0	29	0	0	0	0	0	0	-1	0	6	0	41	0	-1	-1	41	0	41	22	0	45	0
c19562	0	-1	-1	46	30	12	0	0	0	-1	0	0	0	0	0	39	45	0	24	41	24	0	0	-1	0	41	22	0	45	37
c19626	34	0	0	0	30	24	-1	0	0	0	18	10	38	41	18	0	-1	-1	46	43	41	0	41	-1	0	0	-1	27	-1	0
c19657	0	0	0	0	-1	24	0	10	0	-1	-1	0	37	41	0	43	0	0	0	0	0	-1	0	0	0	0	38	34	-1	0
c19665	0	-1	0	0	0	0	-1	0	-1	-1	0	0	-1	0	0	32	-1	24	36	0	0	-1	0	0	-1	40	38	34	-1	36
c19666	0	41	-1	0	-1	24	41	0	0	0	0	-1	0	0	-1	0	0	-1	0	-1	0	-1	-1	-1	-1	0	27	0	45	0
c19668	32	32	46	-1	30	24	41	24	24	0	34	-1	0	5	-1	0	5	-1	-1	42	10	0	0	-1	0	46	0	24	-1	0
c19690	-1	0	0	-1	30	0	41	0	6	0	38	0	0	27	34	0	0	0	0	0	0	36	0	-1	0	0	0	0	45	23
c19691	0	0	0	22	30	0	41	0	6	0	38	0	0	27	34	0	-1	-1	0	-1	0	36	0	-1	0	0	0	0	45	23
c19711	43	24	-1	0	0	27	0	19	-1	0	0	-1	37	0	0	0	-1	-1	0	46	-1	-1	34	-1	44	0	38	-1	0	0
c19712	43	24	0	0	0	27	0	0	0	9	-1	-1	-1	0	-1	46	35	-1	-1	0	24	-1	34	-1	44	0	38	34	0	14
c19713	43	24	0	0	0	27	0	-1	0	9	0	-1	37	-1	0	46	35	-1	-1	-1	-1	0	34	-1	44	0	38	34	0	14
c19716	0	9	0	42	41	0	0	0	-1	41	-1	0	37	45	0	-1	-1	0	0	-1	40	0	42	46	0	0	38	34	14	38
c19719	-1	0	0	0	0	0	-1	0	0	0	0	34	37	0	0	0	5	0	-1	0	0	33	34	-1	44	0	-1	34	0	0
c19760	-1	0	12	21	30	24	-1	0	0	0	0	-1	-1	0	24	0	0	-1	0	0	0	-1	0	-1	24	-1	-1	0	45	-1
c19764	43	0	0	-1	-1	-1	-1	-1	0	35	0	38	-1	0	0	0	-1	0	-1	0	0	0	-1	-1	-1	0	38	34	24	6
c19772	-1	0	0	-1	30	0	0	0	-1	0	43	0	-1	0	0	34	37	0	-1	41	0	0	-1	41	0	41	-1	-1	45	0
c19781	24	-1	-1	-1	0	0	0	0	-1	0	-1	0	-1	0	0	41	0	-1	0	0	29	0	0	0	-1	40	-1	34	-1	36
c19784	43	32	-1	0	0	27	0	0	43	0	0	-1	37	0	43	0	-1	37	0	0	-1	-1	-1	22	44	0	38	34	41	0
c19785	43	32	0	0	0	27	0	0	43	0	0	-1	37	0	43	0	0	37	0	0	0	-1	-1	0	-1	-1	-1	34	41	0
c19800	37	6	0	0	0	32	0	-1	37	-1	0	-1	-1	-1	0	0	0	0	0	0	0	34	-1	-1	0	22	42	34	22	25
c19801	37	6	0	0	0	32	0	-1	-1	0	0	0	0	0	0	0	0	0	24	0	0	34	6	-1	0	22	42	-1	22	25
c19828	0	-1	0	0	24	0	-1	43	-1	-1	-1	37	37	-1	25	0	0	24	-1	9	0	0	-1	0	0	-1	38	34	-1	36
c19832	0	-1	0	0	-1	37	0	0	-1	0	30	-1	-1	0	0	39	-1	0	0	-1	0	0	0	41	0	41	22	0	45	32
c19833	-1	0	0	0	30	37	0	0	0	-1	30	-1	0	0	-1	-1	44	0	0	-1	0	0	-1	41	0	41	-1	0	45	32
c19836	0	29	0	0	30	24	-1	0	0	-1	-1	-1	0	0	24	0	0	-1	0	-1	-1	49	0	-1	0	5	-1	-1	45	22
c19841	49	-1	0	0	-1	-1	41	-1	0	24	0	0	-1	0	45	40	42	-1	-1	-1	0	0	-1	-1	-1	0	36	0	45	0
c19842	37	38	0	-1	36	-1	44	-1	0	0	42	-1	24	0	-1	0	0	0	0	0	15	0	0	-1	-1	0	-1	34	22	0
c19865	32	0	0	0	-1	24	41	0	-1	0	-1	0	0	41	18	-1	-1	-1	46	36	-1	0	-1	-1	0	-1	-1	0	45	0
c19889	32	0	0	0	30	-1	41	0	0	0	0	0	29	-1	0	-1	-1	-1	0	0	0	0	24	-1	0	0	0	0	-1	0
c19890	37	29	0	-1	0	32	0	-1	42	-1	-1	34	0	-1	0	-1	0	-1	0	37	0	0	0	-1	-1	0	0	-1	22	-1
c19894	-1	0	36	43	30	0	0	0	-1	0	43	0	0	0	49	-1	-1	0	-1	41	0	0	0	41	0	41	22	-1	45	-1
c19896	0	-1	0	-1	0	0	32	0	-1	0	-1	0	37	-1	-1	0	0	24	0	32	-1	0	0	41	0	40	38	34	-1	-1
c19910	0	0	-1	0	30	0	41	0	34	0	0	0	0	35	0	-1	0	24	0	0	6	0	0	-1	0	49	12	0	45	35
c19923	0	0	0	0	30	24	41	0	34	0	0	0	-1	36	0	0	0	-1	0	0	0	0	0	-1	0	0	-1	40	45	45
c19934	43	-1	-1	0	0	27	0	0	0	0	0	-1	37	0	0	0	29	0	-1	0	0	0	34	0	-1	-1	38	34	24	0
c19980	-1	0	0	-1	14	32	0	-1	42	0	-1	0	-1	0	0	0	0	45	0	0	32	0	0	-1	0	0	0	34	22	45
c19994	36	0	-1	0	30	-1	41	46	-1	0	-1	-1	34	41	18	15	0	-1	-1	0	0	24	0	-1	0	0	26	-1	45	-1
c20003	0	34	0	0	30	0	-1	32	0	0	0	0	0	-1	0	39	0	-1	34	41	34	0	36	41	0	41	22	-1	45	37
c20004	0	34	0	0	30	0	0	0	0	0	0	36	0	32	0	39	0	0	34	41	34	0	36	41	-1	41	22	-1	45	37
c20012	32	9	15	43	30	24	41	0	0	0	0	0	0	-1	9	-1	43	-1	0	0	0	27	24	-1	0	38	0	9	-1	0
c20028	43	24	0	0	0	-1	0	0	0	0	-1	-1	37	0	0	0	-1	0	0	0	0	0	34	0	44	-1	38	34	24	0
c20032	-1	34	-1	0	30	41	0	0	0	0	0	0	-1	32	0	39	-1	37	-1	41	-1	9	0	-1	0	41	22	0	45	37
c20033	0	34	-1	0	30	41	-1	0	0	0	-1	0	0	32	0	39	0	37	0	41	34	9	0	41	-1	-1	22	0	45	37
c20036	9	0	0	-1	30	0	32	-1	0	-1	0	-1	0	9	-1	39	0	-1	36	41	0	0	-1	41	0	41	-1	0	45	0
c20047	36	-1	9	0	30	24	41	-1	0	0	0	0	28	34	-1	0	0	-1	0	-1	0	0	0	-1	0	0	36	-1	45	-1
c20064	32	-1	-1	0	30	24	41	24	0	-1	0	0	0	-1	0	0	-1	-1	15	0	45	-1	-1	-1	-1	-1	0	0	-1	34
c20068	46	0	0	-1	30	24	41	0	-1	0	6	37	0	41	-1	-1	0	-1	0	0	-1	0	-1	-1	0	0	0	0	45	-1
c20109	0	-1	0	0	30	24	41	-1	0	0	-1	-1	24	41	18	0	0	-1	46	43	0	-1	41	-1	-1	0	-1	-1	45	0
c20114	0	48	-1	0	30	-1	41	34	0	25	-1	-1	45	-1	24	0	0	-1	-1	-1	0	-1	-1	-1	0	-1	0	0	45	-1
c20124	-1	-1	0	0	-1	24	41	0	0	24	-1	0	37	-1	0	0	0	-1	0	-1	-1	0	0	-1	41	0	41	-1	45	0
c20131	-1	-1	0	0	0	32	-1	-1	0	-1	0	0	-1	0	0	-1	0	0	0	0	15	0	6	-1	0	0	42	34	22	-1
c20138	-1	0	0	0	32	37	36	6	48	0	0	0	37	0	0	44	0	22	-1	-1	0	0	0	0	-1	0	38	34	0	0
c20150	0	12	-1	42	32	0	41	0	0	41	-1	0	37	45	0	43	24	9	0	-1	-1	-1	0	10	0	-1	38	34	0	38
c20163	0	0	0	0	30	24	41	-1	0	2	5	-1	0	0	-1	24	0	-1	0	-1	-1	-1	0	-1	24	-1	0	-1	45	-1
c20168	43	0	0	0	-1	0	-1	0	-1	9	-1	-1	37	-1	0	0	-1	0	40	0	0	0	34	-1	44	0	38	34	42	0
c20183	-1	0	0	32	-1	24	41	0	-1	41	0	0	0	0	0	-1	0	-1	0	0	0	36	-1	-1	0	0	0	-1	-1	0
c20200	0	-1	44	42	0	36	0	0	0	41	-1	0	37	-1	24	0	0	0	0	24	40	-1	42	0	0	9	38	34	-1	38
c20206	32	0	-1	0	-1	-1	41	45	0	0	-1	0	49	-1	23	0	0	-1	0	40	15	41	0	-1	-1	-1	0	0	-1	0
c20207	-1	0	-1	0	-1	24	-1	45	0	0	9	0	49	0	23	0	0	-1	0	40	15	41	0	-1	0	0	0	0	-1	0
c20208	5	-1	0	0	-1	12	0	0	0	-1	0	0	0	0	0	39	45	-1	0	-1	0	0	0	41	0	41	-1	0	45	37
c20220	0	25	34	-1	-1	0	41	-1	34	0	0	-1	-1	35	-1	0	0	24	0	-1	0	0	-1	-1	0	0	-1	0	45	-1
c20232	0	22	0	21	30	0	22	0	37	0	-1	0	0	0	0	0	0	22	32	41	0	9	32	-1	-1	41	-1	36	45	0
c20241	37	0	0	0	41	-1	0	-1	42	0	42	0	0	0	0	0	0	0	0	0	-1	46	0	-1	0	0	0	34	22	45
c20245	43	0	20	0	0	-1	24	0	17	0	0	0	37	-1	-1	0	0	0	0	28	14	46	34	-1	-1	22	38	34	0	0
c20256	0	44	0	49	0	10	9	0	44	41	-1	0	-1	0	0	25	6	0	0	0	0	0	24	0	9	0	-1	34	0	38
c20258	-1	0	0	43	30	-1	36	0	-1	24	-1	0	14	0	0	0	0	-1	0	41	0	0	-1	41	36	-1	22	-1	45	0
c20273	0	38	9	-1	30	-1	-1	0	-1	49	0	0	-1	0	0	40	-1	0	0	45	0	0	0	-1	9	26	0	-1	45	-1
c20290	43	36	0	-1	0	0	0	45	0	0	42	-1	-1	0	-1	0	-1	0	49	28	0	0	34	0	44	0	38	34	36	42
c20292	0	0	0	0	30	24	-1	0	0	0	0	-1	24	0	24	-1	0	-1	0	0	0	0	0	-1	0	46	0	0	45	0
c20302	0	25	-1	0	-1	32	-1	0	0	34	27	0	0	0	0	39	0	0	36	41	-1	0	-1	41	0	-1	-1	0	-1	-1
c20306	43	0	0	-1	0	-1	0	0	-1	-1	0	-1	37	0	0	0	27	0	-1	0	18	-1	34	0	44	-1	38	34	42	0
c20307	-1	0	0	-1	0	-1	-1	0	0	-1	-1	-1	37	0	0	49	27	0	0	0	-1	-1	34	0	44	0	38	34	-1	0
c20329	-1	0	9	0	30	0	41	0	0	0	-1	0	0	0	-1	0	0	47	37	0	0	-1	0	-1	0	0	0	0	45	-1
c20337	0	0	-1	42	0	34	32	0	0	-1	-1	0	37	45	0	0	0	0	-1	12	0	0	24	0	0	-1	38	34	43	-1
c20338	0	-1	0	42	0	0	0	0	-1	0	0	0	37	0	41	0	0	24	0	-1	0	0	0	-1	0	40	-1	34	-1	36
c20342	15	0	29	0	30	24	41	0	-1	-1	-1	-1	0	15	24	0	0	-1	24	0	0	-1	0	-1	0	0	30	0	45	0
c20343	15	0	29	0	30	24	41	-1	-1	-1	-1	-1	0	15	24	0	0	-1	24	0	0	-1	0	-1	-1	0	30	0	45	0
c20359	37	46	37	9	34	32	0	-1	0	0	-1	36	24	0	-1	34	0	35	0	0	0	0	0	-1	-1	38	0	34	-1	0
c20361	0	-1	-1	49	-1	24	-1	-1	44	41	30	37	-1	-1	-1	0	-1	0	0	0	44	0	24	0	9	-1	38	-1	-1	38
c20412	0	-1	-1	-1	0	0	0	-1	-1	-1	0	0	37	0	0	-1	0	-1	36	24	-1	0	0	0	0	40	38	34	-1	36
c20419	-1	-1	-1	45	0	0	-1	0	-1	0	0	-1	37	34	0	0	0	24	32	9	24	0	-1	0	0	0	38	34	-1	36
c20430	43	40	0	-1	0	0	-1	0	0	15	9	0	37	-1	36	0	0	-1	0	0	36	46	34	6	44	-1	38	34	-1	32
c20432	0	9	0	0	-1	24	41	-1	0	0	33	24	0	-1	18	0	0	-1	-1	0	23	0	0	-1	0	0	0	0	45	-1
c20485	-1	9	9	-1	30	24	41	0	-1	0	0	0	48	0	-1	32	-1	-1	0	-1	0	0	-1	-1	-1	-1	36	50	45	0
c20487	0	-1	41	0	-1	24	41	-1	0	0	-1	-1	0	0	24	0	0	-1	48	0	40	33	10	-1	40	0	0	10	45	0
c20502	0	0	22	37	30	24	-1	0	38	0	46	0	24	-1	0	0	0	-1	0	0	-1	0	22	-1	0	-1	12	0	45	0
c20510	32	24	0	-1	30	24	41	0	0	41	0	0	-1	0	0	-1	0	-1	0	0	0	0	-1	-1	0	9	0	0	-1	0
c20555	0	-1	45	0	0	-1	0	22	-1	-1	0	0	37	0	0	0	0	24	0	9	-1	36	0	-1	0	-1	38	34	-1	36
c20614	0	0	29	0	-1	24	41	44	0	-1	0	-1	0	0	-1	-1	0	-1	-1	0	-1	0	0	-1	0	-1	30	0	45	0
c20632	0	0	34	-1	30	-1	41	6	34	0	0	0	0	-1	0	-1	0	-1	32	0	0	0	0	-1	0	0	12	0	45	35
c20633	0	0	34	0	-1	26	-1	6	34	0	0	0	0	35	0	0	0	24	-1	0	0	0	0	-1	0	-1	12	0	45	35
c20646	0	-1	-1	0	30	24	-1	0	0	46	0	0	0	-1	24	9	0	-1	0	0	0	-1	0	-1	0	0	0	-1	45	0
c20656	43	0	0	0	0	49	0	-1	-1	35	17	-1	37	0	0	15	-1	0	23	0	12	0	34	0	-1	0	38	-1	24	6
c20657	43	0	0	-1	0	-1	0	-1	0	35	17	38	37	0	0	15	-1	-1	23	-1	12	0	34	0	44	0	-1	34	-1	6
c20667	37	-1	0	-1	0	32	12	-1	25	0	42	0	0	-1	0	36	0	0	-1	0	48	-1	0	-1	0	0	0	34	22	0
c20683	0	0	47	-1	0	0	9	0	44	41	30	0	37	-1	0	-1	6	-1	24	37	0	0	-1	0	9	0	38	34	0	38
c20691	-1	-1	40	24	0	27	0	0	-1	0	40	-1	37	0	-1	0	-1	0	-1	46	0	0	34	-1	44	-1	38	34	0	0
c20710	-1	27	0	48	0	20	0	24	0	0	37	-1	37	0	0	-1	0	-1	-1	0	-1	0	-1	-1	0	0	38	-1	0	0
c20723	43	24	-1	0	0	27	0	0	41	0	0	-1	37	0	0	0	29	0	0	0	0	0	34	0	44	-1	38	34	24	0
c20736	0	0	-1	-1	0	41	-1	0	0	41	-1	0	37	45	0	0	0	0	-1	12	0	32	0	0	0	0	38	34	-1	38
c20738	0	0	29	0	-1	24	41	0	36	-1	-1	-1	0	2	24	-1	0	-1	0	-1	0	0	0	-1	0	0	30	0	45	0
c20764	34	33	0	42	-1	0	41	0	0	41	-1	-1	-1	-1	0	-1	24	24	10	-1	0	-1	0	0	0	36	38	34	15	38
c20789	26	0	0	0	30	-1	0	24	0	34	27	0	-1	0	0	39	-1	0	-1	-1	0	0	0	41	0	41	-1	0	45	0
c20802	-1	24	34	0	30	0	41	-1	34	-1	0	0	-1	35	-1	0	0	-1	0	0	45	0	0	-1	-1	0	12	0	45	35
c20822	0	34	-1	0	-1	-1	-1	0	-1	0	43	0	-1	0	0	19	-1	-1	0	41	-1	0	0	41	0	41	22	0	45	0
c20823	0	34	-1	0	30	48	0	0	-1	-1	43	0	20	0	0	19	-1	-1	0	41	-1	0	0	41	0	-1	22	0	-1	0
c20841	43	-1	0	-1	0	0	0	0	-1	-1	0	-1	-1	-1	0	0	-1	8	35	28	-1	0	34	-1	44	0	38	34	-1	42
c20846	32	0	0	0	30	24	41	0	0	0	-1	0	0	0	0	0	0	-1	0	32	-1	32	24	-1	-1	-1	23	-1	-1	0
c20855	0	6	47	43	-1	0	9	0	44	41	30	0	37	0	33	0	6	-1	0	0	-1	0	24	-1	9	0	38	34	0	-1
c20874	0	25	0	24	30	24	40	-1	29	0	0	-1	0	0	0	-1	0	26	0	-1	0	0	0	41	0	41	22	0	45	0
c20885	43	0	0	0	-1	27	-1	34	0	24	0	-1	37	43	34	9	0	0	0	-1	0	0	-1	-1	44	-1	38	34	-1	29
c20910	0	25	34	0	30	-1	41	0	34	0	0	0	-1	35	0	0	0	24	-1	10	-1	0	0	-1	0	0	12	0	45	-1
c20919	24	36	15	36	29	26	0	49	41	0	0	-1	37	0	0	0	0	-1	-1	0	0	0	45	0	0	37	-1	34	34	-1
c20924	32	0	-1	0	30	24	41	24	-1	47	0	-1	41	-1	-1	0	-1	-1	0	-1	-1	-1	0	-1	-1	0	-1	0	-1	0
c20926	43	0	0	0	32	0	46	0	0	9	0	-1	37	0	0	0	27	0	0	0	0	0	34	0	44	0	38	34	42	5
c20929	37	0	0	0	-1	32	12	-1	0	25	-1	-1	-1	0	-1	-1	0	0	0	0	48	33	0	-1	0	0	0	-1	22	6
c20936	15	0	0	0	30	24	41	10	0	41	0	0	32	32	0	0	0	-1	0	22	0	1	22	-1	-1	-1	-1	-1	-1	0
c20953	37	46	0	9	-1	32	-1	-1	0	0	36	-1	-1	37	0	0	-1	-1	0	0	-1	-1	0	-1	0	41	0	34	22	-1
c20964	5	-1	0	0	-1	0	0	-1	-1	-1	0	0	37	-1	-1	0	-1	24	0	0	0	0	0	24	0	40	38	34	-1	36
c20966	32	0	34	0	-1	24	-1	0	0	-1	0	0	0	0	-1	0	0	-1	0	36	0	-1	24	-1	0	0	0	0	-1	-1
c20969	0	12	0	0	30	-1	0	-1	0	49	0	34	-1	0	-1	0	0	0	-1	-1	-1	0	0	-1	30	41	22	-1	45	0
c21008	-1	49	0	43	30	24	36	0	-1	24	43	0	0	0	0	0	-1	0	0	41	0	-1	-1	41	36	-1	22	0	45	0
c21021	0	0	-1	-1	30	0	-1	0	34	0	-1	-1	0	35	5	0	-1	24	-1	-1	0	-1	0	-1	0	0	48	0	-1	35
c21025	32	0	-1	32	30	24	41	0	-1	41	-1	0	-1	-1	0	-1	0	-1	-1	0	0	-1	-1	-1	0	0	0	0	-1	0
c21050	0	-1	-1	0	30	24	41	0	34	0	-1	0	4	36	0	0	-1	-1	-1	-1	0	0	0	-1	0	0	0	0	-1	45
c21056	37	-1	0	23	48	0	0	0	0	0	46	0	-1	0	0	-1	29	24	22	-1	36	-1	0	0	0	35	-1	34	0	38
c21058	-1	46	0	9	-1	-1	0	-1	0	0	36	0	0	-1	-1	34	0	35	0	36	0	0	0	-1	0	-1	0	34	22	26
c21060	0	-1	-1	-1	30	0	-1	-1	0	41	-1	0	0	36	0	39	0	0	0	41	-1	0	0	-1	0	41	22	9	45	0
c21081	44	27	0	48	0	0	0	24	-1	0	37	-1	-1	0	0	0	0	0	0	0	0	0	-1	-1	0	0	38	-1	0	2
c21098	27	48	0	-1	30	0	-1	0	0	0	43	0	-1	37	-1	-1	41	0	37	41	0	0	0	41	0	41	22	48	45	15
c21101	0	34	-1	46	30	41	-1	0	0	-1	-1	0	42	32	0	39	0	0	-1	41	-1	0	0	41	0	41	22	0	45	37
c21108	44	0	49	0	30	-1	41	45	0	0	28	0	0	42	18	45	40	-1	-1	5	37	0	0	-1	0	0	-1	-1	45	0
c21114	35	-1	-1	24	27	0	0	-1	-1	0	-1	0	-1	0	41	0	0	-1	0	0	0	0	0	0	-1	40	38	34	-1	36
c21146	0	-1	0	0	36	28	0	0	-1	0	0	0	-1	0	0	0	0	-1	0	34	0	0	0	-1	0	40	38	34	-1	36
c21147	0	-1	0	-1	36	28	0	0	-1	0	0	0	37	0	0	0	-1	24	-1	34	-1	0	0	12	0	40	38	34	-1	36
c21202	43	-1	0	0	47	-1	24	0	0	49	-1	0	-1	0	-1	-1	24	0	-1	-1	-1	-1	34	0	44	22	38	34	0	-1
c21203	43	0	0	0	-1	0	24	0	0	49	0	0	37	0	-1	0	24	0	-1	28	14	0	34	0	44	22	38	34	0	0
c21206	32	32	46	-1	30	24	41	-1	24	0	-1	0	0	-1	-1	-1	5	-1	-1	42	10	-1	0	-1	-1	46	0	24	-1	-1
c21214	43	36	0	-1	0	27	0	0	-1	0	-1	-1	37	0	0	9	-1	0	0	0	-1	0	-1	0	-1	0	38	34	41	-1
c21215	43	36	0	0	0	27	0	0	0	0	0	-1	37	0	0	9	0	0	0	0	0	0	-1	0	44	0	38	34	-1	42
c21227	41	0	0	0	0	0	-1	-1	34	0	0	0	-1	0	0	0	0	-1	19	-1	0	0	-1	-1	0	0	38	34	0	0
c21232	-1	0	27	0	0	0	-1	-1	34	0	48	0	-1	0	0	-1	24	0	-1	-1	35	0	0	0	0	0	38	34	0	0
c21269	-1	-1	5	-1	-1	0	9	0	-1	0	-1	0	37	0	0	0	0	-1	15	0	0	-1	0	0	0	40	38	34	-1	36
c21310	37	0	0	0	0	32	0	-1	0	0	0	0	0	44	0	-1	-1	0	0	0	0	34	6	-1	0	22	42	34	22	0
c21313	37	0	0	0	0	32	0	-1	-1	0	0	0	40	-1	0	-1	0	0	34	-1	0	0	-1	-1	0	0	42	34	22	0
c21340	32	0	0	32	30	24	41	-1	-1	41	0	0	-1	0	0	-1	0	-1	-1	-1	0	0	-1	-1	0	0	-1	0	-1	0
c21347	0	0	0	0	-1	-1	0	5	-1	0	0	0	-1	22	22	39	0	0	-1	41	-1	-1	0	-1	0	-1	22	0	45	0
c21386	-1	-1	-1	0	-1	0	-1	-1	34	0	48	0	-1	20	0	0	24	-1	0	32	0	0	0	36	24	0	38	-1	0	0
c21394	43	24	0	0	0	27	0	0	0	-1	0	-1	37	32	0	0	0	0	-1	-1	24	0	34	0	44	0	38	34	0	-1
c21403	-1	49	0	43	-1	24	36	-1	-1	-1	43	0	0	0	-1	0	0	0	0	41	0	0	37	-1	-1	-1	22	0	45	0
c21443	0	-1	0	50	30	-1	41	-1	0	5	38	0	0	27	34	24	0	42	0	0	0	-1	0	-1	32	-1	0	-1	-1	0
c21470	43	0	0	0	-1	0	0	-1	0	-1	37	38	-1	0	0	0	-1	-1	23	0	-1	0	34	0	44	0	-1	34	24	-1
c21483	0	0	34	0	30	0	41	0	34	10	0	0	0	35	-1	24	0	24	0	0	0	0	0	-1	0	22	12	24	45	35
c21499	37	0	-1	-1	0	-1	0	-1	33	0	42	0	0	0	0	-1	0	-1	0	-1	0	-1	36	-1	9	0	0	-1	22	-1
c21532	0	0	0	0	30	24	41	0	0	-1	0	37	0	41	-1	0	0	-1	-1	-1	0	42	41	-1	0	0	0	0	45	-1
c21545	0	-1	0	0	-1	32	0	0	0	34	27	0	0	0	0	39	0	0	36	41	0	0	0	41	0	41	22	0	-1	-1
c21559	-1	45	0	-1	0	27	0	0	24	0	0	-1	37	0	-1	-1	0	0	0	-1	-1	40	-1	0	44	0	-1	34	-1	5
c21573	37	46	0	41	0	32	34	-1	0	0	36	-1	-1	0	0	0	0	0	-1	0	-1	0	0	-1	-1	0	9	34	22	-1
c21580	0	-1	0	0	-1	41	41	-1	-1	34	0	-1	24	0	9	39	-1	0	36	41	0	0	0	41	44	41	-1	0	45	-1
c21590	36	0	0	0	30	-1	40	-1	0	24	0	0	0	-1	-1	0	0	-1	0	-1	0	24	-1	-1	0	41	22	36	-1	0
c21599	0	0	0	0	30	-1	41	10	0	0	0	0	32	32	0	-1	0	-1	-1	22	0	0	0	-1	0	32	-1	0	-1	13
c21618	0	-1	13	0	-1	-1	0	0	-1	0	0	-1	37	-1	0	0	38	24	0	-1	-1	24	-1	0	0	0	38	-1	-1	36
c21636	48	0	0	0	30	-1	0	0	35	0	0	-1	0	0	0	39	-1	0	0	41	32	0	0	-1	-1	41	-1	-1	45	32
c21637	48	0	0	0	30	37	0	-1	35	0	0	-1	0	0	0	39	-1	0	-1	41	32	0	0	41	-1	41	22	0	45	32
c21655	43	0	0	-1	0	27	-1	0	0	0	0	-1	37	0	0	9	0	-1	-1	32	0	0	-1	0	44	-1	38	-1	41	34
c21658	6	0	0	0	30	-1	-1	-1	0	0	0	0	-1	41	18	0	0	-1	46	-1	23	0	-1	-1	0	0	-1	0	45	-1
c21667	-1	24	0	-1	0	27	0	0	0	0	0	-1	37	0	0	14	-1	24	0	-1	0	-1	34	0	44	45	38	34	-1	0
c21670	43	0	0	0	-1	27	0	0	43	-1	0	-1	37	0	43	0	0	0	0	0	0	-1	-1	0	44	0	38	34	41	0
c21671	-1	0	0	0	0	-1	0	0	43	0	0	-1	37	0	43	0	0	0	0	0	-1	-1	-1	0	44	-1	38	34	41	0
c21676	43	-1	-1	0	0	-1	-1	0	0	9	0	-1	37	0	0	0	32	0	45	-1	24	0	34	0	44	0	38	34	-1	-1
c21701	0	0	-1	0	30	0	41	0	34	0	0	-1	-1	35	-1	-1	0	24	0	-1	0	0	0	-1	0	-1	12	0	45	-1
c21706	0	0	0	0	30	0	0	-1	-1	0	43	0	0	12	0	0	0	-1	-1	-1	0	0	-1	41	0	41	-1	-1	45	-1
c21718	0	-1	0	-1	0	0	0	0	-1	0	0	0	37	0	0	0	-1	24	0	0	0	0	0	-1	0	40	38	34	-1	36
c21739	32	0	0	0	-1	24	41	-1	-1	0	-1	-1	-1	0	0	-1	0	-1	46	-1	0	-1	-1	-1	9	0	5	-1	-1	-1
c21752	0	-1	9	0	30	24	41	0	49	-1	-1	34	0	-1	0	0	0	-1	-1	0	-1	0	0	-1	41	1	41	-1	45	0
c21774	37	-1	0	0	45	32	0	-1	0	-1	0	0	0	0	-1	0	0	0	0	0	-1	0	6	-1	0	0	42	34	-1	-1
c21782	0	0	12	0	-1	24	41	10	0	13	24	0	-1	0	41	0	-1	-1	42	0	0	38	0	-1	41	43	0	0	45	0
c21812	43	0	0	-1	0	-1	35	0	0	18	0	-1	37	-1	39	9	0	0	0	9	0	0	-1	-1	44	-1	38	-1	-1	0
c21816	43	0	0	0	0	0	10	0	0	0	-1	-1	37	-1	0	0	-1	0	0	28	0	-1	34	12	44	0	38	34	36	0
c21817	43	0	0	0	0	-1	10	0	0	0	0	-1	37	42	0	0	-1	0	0	28	0	0	34	-1	-1	0	38	34	36	0
c21828	43	-1	9	0	32	0	49	0	-1	43	0	-1	37	0	0	0	27	36	0	0	-1	24	34	36	44	-1	38	34	42	0
c21830	0	0	47	43	-1	48	-1	0	44	41	30	-1	37	-1	0	-1	6	-1	0	35	0	0	24	0	-1	-1	-1	34	0	38
c21847	36	0	0	0	30	24	41	-1	0	0	-1	0	0	41	18	0	0	-1	-1	43	0	0	41	-1	0	0	-1	27	45	0
c21863	-1	20	0	-1	0	0	24	0	0	0	0	-1	37	38	0	0	-1	-1	-1	-1	14	-1	-1	0	44	-1	-1	34	0	0
c21871	0	-1	0	0	30	0	41	0	0	0	38	0	0	27	34	0	0	0	-1	0	0	-1	0	-1	0	0	-1	0	45	34
c21874	-1	-1	0	42	-1	-1	46	0	-1	0	0	0	37	0	41	-1	-1	-1	0	0	-1	-1	-1	-1	-1	40	38	34	-1	36
c21875	-1	-1	0	42	0	0	46	0	-1	-1	0	0	37	0	41	0	0	24	-1	-1	0	0	0	-1	0	40	-1	34	-1	36
c21908	-1	38	9	0	30	0	41	0	0	49	0	-1	36	-1	0	40	36	-1	0	45	-1	32	0	-1	9	26	0	37	45	0
c21926	37	-1	0	-1	0	32	0	-1	42	0	42	0	0	-1	-1	-1	0	0	-1	0	-1	-1	-1	-1	0	-1	0	34	-1	45
c21927	37	0	0	-1	0	-1	0	-1	42	0	42	0	0	0	-1	-1	0	0	-1	0	-1	0	0	-1	0	0	0	34	22	45
c21929	0	0	-1	0	0	0	0	24	23	-1	41	0	37	0	0	0	-1	41	0	0	25	0	0	20	0	24	38	34	34	38
c21941	37	46	0	41	0	32	0	-1	0	0	36	0	-1	0	0	0	0	0	0	0	0	0	0	-1	-1	0	9	-1	22	-1
c21943	-1	-1	-1	-1	30	0	-1	-1	0	0	0	0	0	-1	0	-1	0	22	-1	-1	0	0	0	41	-1	-1	22	-1	-1	0
c21954	43	0	0	0	0	35	0	-1	45	-1	0	38	37	0	0	0	-1	0	23	0	-1	0	34	0	44	-1	38	34	24	6
c21955	43	0	0	0	0	35	0	-1	0	35	0	38	37	0	-1	0	-1	0	23	0	-1	0	34	0	44	-1	38	-1	24	6
c21960	37	-1	0	28	0	-1	0	-1	14	0	42	-1	24	41	-1	0	46	43	0	0	-1	-1	20	-1	0	0	0	34	22	0
c21967	-1	-1	0	0	0	-1	0	0	-1	-1	40	0	37	0	15	-1	-1	-1	-1	0	0	0	0	-1	-1	40	38	34	-1	36
c21968	0	-1	0	0	-1	24	41	0	0	0	0	0	-1	-1	0	0	0	-1	0	0	-1	0	0	-1	0	0	-1	-1	45	32
c21989	0	-1	0	0	0	-1	48	41	0	0	0	0	37	22	0	37	0	-1	0	0	0	0	0	0	40	-1	38	34	34	38
c21990	0	-1	0	42	0	0	46	0	0	-1	-1	0	37	45	34	0	-1	0	-1	0	0	0	0	0	0	-1	-1	34	0	38
c22037	-1	0	34	32	30	0	-1	0	34	0	-1	0	0	-1	0	10	0	24	-1	-1	0	0	-1	-1	0	0	12	0	45	35
c22054	0	0	49	0	0	-1	0	24	0	0	0	40	37	0	-1	0	0	0	0	-1	25	0	0	-1	0	0	38	34	-1	38
c22062	25	0	-1	21	30	-1	0	36	0	0	0	0	40	0	0	0	0	22	32	41	0	0	-1	-1	-1	41	22	36	45	0
c22072	37	35	0	0	-1	0	0	0	24	0	0	-1	37	-1	19	0	0	44	0	-1	0	0	26	0	0	34	38	-1	0	38
c22079	0	34	0	0	30	0	-1	0	0	0	0	-1	-1	32	-1	39	0	0	34	41	34	-1	-1	41	0	41	22	-1	45	37
c22086	-1	13	35	0	30	-1	41	-1	35	0	-1	27	0	-1	-1	0	0	-1	0	0	33	-1	0	-1	43	0	0	-1	-1	0
c22105	37	0	0	0	-1	32	-1	-1	0	24	10	0	35	0	-1	0	0	0	0	-1	29	5	0	-1	0	34	37	34	22	41
c22122	0	-1	-1	-1	30	0	41	0	0	-1	-1	0	0	0	0	30	0	0	0	45	0	0	0	-1	9	26	0	-1	45	0
c22153	0	-1	29	0	-1	-1	41	0	6	24	0	-1	-1	45	24	-1	0	-1	0	-1	-1	0	0	-1	-1	0	30	0	-1	0
c22201	-1	-1	0	0	30	24	41	0	-1	-1	0	-1	0	0	-1	27	0	-1	0	0	-1	0	0	-1	0	0	0	0	45	-1
c22223	43	-1	37	42	32	0	-1	36	0	41	-1	0	37	-1	0	-1	0	0	-1	0	0	39	-1	-1	0	-1	-1	34	0	38
c22249	0	0	-1	37	30	24	41	-1	-1	0	0	0	0	38	34	0	0	-1	0	0	0	0	0	-1	0	-1	41	-1	45	0
c22270	36	-1	0	0	30	0	0	-1	-1	0	0	0	0	0	28	39	0	5	-1	-1	0	0	-1	41	0	-1	-1	0	45	24
c22299	24	-1	36	0	30	15	-1	0	0	0	-1	0	-1	0	0	0	-1	22	0	-1	0	0	0	41	-1	-1	-1	36	-1	-1
c22300	-1	0	-1	-1	-1	24	41	-1	-1	-1	0	0	0	0	-1	0	-1	-1	0	0	0	0	0	-1	41	0	0	-1	45	40
c22321	37	-1	0	0	-1	32	12	-1	0	0	-1	0	-1	-1	0	36	0	0	-1	0	-1	33	0	-1	0	0	0	34	22	0
c22324	0	0	0	-1	30	0	-1	0	-1	41	-1	0	-1	0	0	39	0	0	-1	41	0	-1	-1	-1	0	41	22	0	45	0
c22367	-1	21	-1	0	30	24	41	0	0	0	13	0	-1	41	18	0	0	-1	46	0	23	-1	0	-1	0	0	0	-1	45	0
c22378	37	0	34	0	4	32	-1	-1	37	26	10	-1	19	0	0	0	0	0	0	24	29	0	-1	-1	0	34	-1	34	22	0
c22392	0	-1	0	-1	-1	0	0	0	-1	0	0	-1	37	0	0	0	9	24	0	0	0	0	46	0	-1	40	-1	34	-1	-1
c22402	32	-1	0	32	30	24	-1	0	0	41	0	-1	0	-1	15	-1	-1	-1	0	0	0	49	-1	-1	0	0	0	0	-1	0
c22412	43	24	38	0	-1	27	0	0	9	-1	-1	-1	37	0	0	0	-1	0	27	15	0	0	34	0	44	-1	38	34	-1	24
c22413	43	-1	38	0	0	27	-1	-1	9	0	40	-1	37	0	0	0	-1	0	27	15	0	0	34	-1	44	-1	38	34	24	24
c22430	0	-1	34	-1	0	40	0	0	28	41	-1	0	37	45	0	45	0	0	0	24	-1	0	0	40	-1	-1	38	34	0	38
c22435	-1	-1	48	0	30	24	-1	0	0	-1	0	37	0	-1	18	-1	0	-1	0	0	0	0	-1	-1	-1	0	0	0	45	0
c22450	34	22	0	21	30	0	0	0	-1	0	0	0	37	-1	0	-1	0	22	32	41	0	0	0	-1	0	-1	-1	36	45	0
c22454	0	-1	0	0	44	0	-1	-1	-1	-1	0	0	-1	0	0	0	0	24	-1	-1	0	0	0	0	37	40	38	34	-1	36
c22468	0	0	-1	27	-1	-1	-1	0	0	-1	-1	37	0	21	-1	-1	0	-1	0	0	-1	0	-1	-1	-1	0	9	-1	45	0
c22495	43	0	0	0	42	48	0	37	0	0	0	0	-1	0	36	15	0	26	0	0	36	-1	34	-1	44	0	38	34	-1	32
c22506	0	0	0	0	30	-1	-1	0	0	41	0	0	-1	24	0	39	0	0	-1	41	0	43	40	-1	-1	41	22	0	45	0
c22511	-1	-1	24	-1	0	32	0	-1	0	-1	42	-1	24	0	-1	0	9	0	0	0	0	0	0	-1	0	-1	0	34	-1	0
c22513	32	0	0	32	30	-1	-1	0	0	41	-1	0	38	-1	0	-1	-1	-1	0	0	0	0	-1	-1	0	0	0	-1	-1	-1
c22544	32	0	0	0	-1	24	-1	-1	-1	47	-1	0	0	-1	0	41	5	-1	0	35	0	-1	0	-1	-1	0	0	22	-1	40
c22560	43	-1	9	0	32	0	0	-1	5	0	-1	-1	37	0	-1	0	-1	36	0	0	49	24	-1	36	44	0	38	34	-1	0
c22579	0	-1	45	-1	-1	0	-1	-1	-1	0	0	0	37	0	0	0	0	24	0	9	0	0	-1	-1	0	0	-1	34	-1	36
c22582	32	34	6	44	30	24	41	0	0	17	0	0	-1	0	0	0	0	-1	24	0	0	0	24	-1	-1	-1	0	0	-1	40
c22615	0	-1	0	0	30	-1	-1	0	-1	-1	-1	-1	0	-1	24	0	-1	-1	1	0	-1	0	0	-1	0	-1	27	0	-1	0
c22651	32	-1	0	-1	30	24	41	-1	0	25	0	-1	43	0	23	0	0	-1	-1	-1	15	0	0	-1	-1	0	0	0	-1	0
c22666	48	0	-1	-1	30	-1	-1	0	-1	-1	-1	-1	0	0	0	39	-1	-1	-1	41	0	0	0	41	-1	41	22	0	-1	32
c22667	-1	0	0	0	30	37	0	0	35	0	0	-1	0	0	0	39	-1	-1	-1	41	0	-1	-1	41	-1	41	22	0	45	-1
c22702	-1	0	0	-1	-1	24	41	-1	0	0	0	-1	41	0	24	-1	0	-1	-1	0	0	0	0	-1	0	-1	0	36	-1	26
c22718	43	-1	0	-1	46	0	0	0	1	0	-1	0	37	43	36	-1	0	0	15	18	36	46	34	6	44	-1	38	-1	-1	32
c22726	0	-1	0	9	30	-1	0	0	0	49	0	-1	0	46	-1	0	0	-1	0	41	-1	-1	17	41	30	-1	22	-1	45	0
c22749	43	0	0	-1	0	0	0	0	0	9	0	-1	37	0	0	48	27	0	0	0	18	0	34	0	-1	0	38	34	42	0
c22761	25	-1	5	0	0	0	-1	29	-1	0	-1	0	37	0	0	0	0	-1	-1	0	0	0	0	0	0	40	38	34	-1	36
c22765	0	-1	0	-1	0	0	0	0	-1	0	0	-1	-1	-1	-1	0	-1	24	0	-1	-1	0	0	0	15	24	38	34	-1	36
c22769	37	-1	0	9	41	32	0	-1	41	-1	36	0	42	0	0	0	44	35	9	0	9	0	0	-1	0	41	0	34	22	-1
c22792	-1	29	0	0	0	32	0	-1	-1	0	42	0	-1	0	0	0	0	-1	-1	37	0	0	0	-1	0	0	0	34	22	45
c22812	0	49	-1	24	30	24	41	0	0	0	0	-1	0	0	0	-1	0	-1	0	37	0	0	0	-1	0	-1	-1	0	45	41
c22814	-1	0	0	-1	-1	37	0	0	0	0	0	-1	0	-1	0	39	44	0	0	41	0	-1	0	41	-1	41	22	0	45	-1
c22817	43	24	-1	22	0	27	0	0	0	9	9	-1	37	0	-1	46	14	-1	-1	-1	24	-1	34	0	44	-1	38	34	-1	14
c22860	43	24	0	0	0	27	0	0	-1	0	34	-1	37	0	0	0	0	-1	0	0	-1	0	34	24	44	25	38	34	-1	14
c22881	0	0	0	0	30	0	40	0	29	0	-1	0	0	0	-1	39	40	-1	0	41	-1	0	-1	41	0	41	22	-1	45	0
c22882	37	0	-1	0	0	-1	0	-1	42	0	42	-1	-1	-1	0	0	0	0	0	0	0	-1	0	-1	-1	0	0	34	22	-1
c22905	37	-1	0	0	0	-1	12	-1	0	0	42	32	0	0	0	36	0	-1	0	49	48	33	0	-1	-1	0	0	34	-1	22
c22907	-1	0	0	0	30	24	41	-1	0	0	0	-1	0	-1	24	0	6	-1	0	0	0	0	-1	-1	0	0	0	0	45	-1
c22911	36	0	0	0	-1	0	-1	0	10	-1	0	-1	-1	0	28	39	44	0	0	41	-1	0	9	41	0	-1	22	0	45	0
c22912	0	-1	0	-1	0	-1	-1	0	-1	43	-1	0	37	-1	0	0	0	24	0	0	0	-1	0	37	0	40	38	34	-1	36
c22917	0	34	-1	24	30	0	0	0	0	0	0	0	-1	32	0	39	-1	0	0	-1	34	0	0	41	0	41	22	-1	45	37
c22919	43	24	0	0	-1	27	49	-1	0	-1	48	-1	37	-1	0	0	0	-1	-1	0	24	-1	-1	0	44	45	38	34	0	14
c22942	43	0	0	0	0	0	43	-1	0	35	0	38	-1	12	-1	-1	-1	-1	-1	0	0	-1	34	0	44	0	-1	34	24	-1
c22953	43	36	0	-1	0	0	24	5	0	0	34	0	37	0	0	0	26	0	0	28	14	-1	34	0	44	22	-1	34	41	0
c22962	-1	0	-1	0	30	0	0	0	-1	0	43	0	42	34	-1	-1	37	24	-1	41	-1	0	-1	41	0	-1	-1	0	45	0
c22963	0	0	-1	0	30	0	43	-1	-1	0	43	0	42	34	0	0	37	24	0	41	0	0	0	41	0	41	-1	0	45	0
c22998	-1	45	-1	42	32	0	0	36	-1	41	-1	0	37	-1	0	-1	0	0	43	0	0	0	-1	-1	0	-1	38	34	0	38
c23007	0	0	0	0	-1	0	0	-1	24	0	0	0	38	-1	35	39	0	-1	0	41	-1	0	-1	41	0	-1	-1	-1	45	37
c23008	0	0	0	42	10	0	-1	0	-1	41	-1	0	-1	45	0	0	9	0	-1	-1	0	0	0	24	-1	21	38	34	0	38
c23018	32	12	0	0	-1	24	41	24	-1	-1	0	0	-1	0	0	-1	-1	-1	15	0	45	-1	-1	-1	-1	0	0	0	-1	34
c23021	37	0	0	0	0	32	0	-1	-1	37	0	24	0	-1	25	0	0	0	27	0	0	0	6	-1	0	0	42	34	22	0
c23025	0	0	0	-1	32	0	0	6	48	0	0	0	-1	0	-1	44	-1	22	48	0	44	0	0	0	45	0	-1	34	0	0
c23029	-1	-1	0	0	0	0	-1	-1	-1	0	0	0	37	0	-1	0	-1	24	-1	9	0	0	0	0	0	-1	38	34	-1	-1
c23046	0	0	0	0	30	10	-1	0	0	26	0	0	-1	0	0	39	-1	-1	0	41	-1	0	0	41	0	-1	22	0	45	0
c23047	0	0	0	0	-1	-1	38	-1	0	-1	0	0	0	0	0	-1	0	-1	0	41	-1	0	0	-1	0	-1	22	0	45	0
c23051	-1	0	-1	-1	0	0	0	0	0	-1	0	-1	37	0	0	-1	-1	-1	0	0	18	0	34	0	-1	0	38	34	42	0
c23085	24	0	34	0	-1	0	41	0	34	0	0	-1	0	35	0	-1	-1	-1	0	0	0	0	0	-1	0	0	-1	0	45	35
c23093	0	-1	0	0	0	-1	0	-1	-1	-1	0	0	37	0	-1	0	0	-1	-1	0	0	0	-1	0	34	40	38	34	-1	36
c23095	43	0	0	0	0	27	-1	0	0	0	0	-1	37	0	34	9	0	0	0	32	0	0	-1	0	44	0	38	34	41	0
c23112	43	0	0	0	0	36	-1	0	0	0	34	0	-1	0	-1	0	26	-1	0	28	14	0	34	0	44	22	-1	34	-1	-1
c23128	-1	-1	0	0	30	36	0	25	21	24	0	0	34	-1	0	39	0	0	-1	-1	0	43	0	41	-1	41	22	15	45	0
c23140	-1	49	0	43	-1	24	36	0	-1	24	-1	0	0	0	0	-1	0	0	0	41	0	0	0	41	36	-1	22	0	45	0
c23157	0	0	-1	-1	30	-1	41	0	-1	-1	43	0	5	-1	0	-1	32	0	0	41	0	0	0	41	0	41	22	0	45	44
c23161	43	0	0	0	0	-1	24	-1	-1	0	0	0	37	0	0	0	-1	14	0	28	14	-1	34	36	44	22	38	34	9	32
c23163	37	-1	0	38	0	-1	0	-1	0	0	0	35	-1	0	0	0	0	0	0	15	0	-1	6	-1	-1	0	42	-1	22	0
c23164	-1	49	22	42	0	0	0	0	0	-1	-1	0	37	45	0	10	0	0	0	-1	-1	0	0	-1	0	0	-1	34	0	38
c23169	37	41	31	0	0	32	42	-1	0	-1	0	0	0	-1	0	0	0	-1	0	-1	0	0	6	-1	50	-1	42	-1	-1	0
c23175	15	49	22	42	0	0	0	-1	0	-1	-1	0	37	45	0	0	0	-1	0	27	0	24	24	0	0	0	-1	34	-1	38
c23180	-1	0	0	0	-1	0	0	-1	0	43	0	-1	37	28	0	-1	0	10	23	41	0	-1	34	0	-1	0	38	34	0	6
c23198	24	0	0	42	34	-1	0	0	0	-1	-1	0	37	-1	21	0	0	-1	-1	-1	0	-1	0	0	0	0	-1	34	0	38
c23207	32	0	0	0	30	-1	-1	-1	0	0	28	-1	0	0	0	-1	0	-1	46	-1	0	-1	-1	-1	9	40	-1	-1	-1	0
c23244	0	0	29	0	-1	-1	41	0	0	-1	0	-1	0	0	24	37	-1	-1	0	0	0	38	0	-1	-1	0	30	-1	45	0
c23256	-1	0	27	-1	0	0	-1	-1	34	0	-1	0	-1	0	0	0	24	0	0	0	0	0	0	0	0	0	38	34	-1	0
c23261	37	0	-1	-1	0	32	0	-1	0	0	0	0	-1	-1	0	0	0	0	-1	49	15	0	6	-1	0	9	42	34	22	-1
c23262	0	-1	0	0	30	28	41	0	0	5	-1	0	0	27	34	24	0	42	-1	-1	-1	49	0	-1	0	0	0	0	45	0
c23266	37	0	0	28	0	32	0	-1	14	0	42	-1	24	0	-1	0	46	43	0	0	0	0	-1	-1	0	0	-1	34	22	-1
c23281	-1	45	37	-1	32	0	0	36	49	41	-1	0	37	-1	0	0	0	0	0	0	-1	0	36	-1	0	-1	38	34	0	-1
c23283	0	-1	25	0	30	24	40	0	29	-1	0	0	0	0	-1	39	-1	0	-1	-1	0	0	0	-1	0	41	22	0	-1	-1
c23302	0	-1	47	0	36	0	9	0	44	41	30	14	37	-1	32	0	6	-1	44	6	0	34	24	-1	9	0	-1	34	40	38
c23306	43	0	0	0	-1	-1	0	0	0	0	0	0	37	0	36	0	0	-1	0	0	36	-1	34	6	44	46	-1	-1	-1	32
c23348	37	46	-1	-1	-1	32	0	-1	0	0	36	0	0	-1	-1	0	0	35	0	0	0	-1	0	-1	0	-1	0	-1	-1	0
c23354	-1	0	0	0	30	24	41	-1	0	0	0	0	-1	0	0	0	0	-1	0	0	0	0	0	-1	41	0	-1	9	-1	0
c23358	0	26	47	43	0	0	9	-1	44	41	30	0	37	0	0	0	6	-1	0	22	0	0	24	0	9	-1	38	34	0	38
c23373	0	-1	0	0	30	0	41	9	40	0	38	32	0	-1	34	0	0	0	37	44	-1	-1	-1	-1	0	-1	0	0	-1	0
c23383	0	40	-1	0	30	24	41	10	0	0	0	0	49	0	0	0	0	-1	0	0	-1	-1	-1	-1	41	0	-1	0	45	0
c23386	0	-1	0	0	0	0	0	0	-1	-1	28	0	-1	0	-1	0	-1	24	36	22	0	0	-1	0	-1	40	-1	34	-1	36
c23399	-1	0	0	36	0	32	-1	-1	-1	0	0	0	0	0	-1	0	0	0	0	24	29	0	0	-1	0	0	-1	34	22	-1
c23407	37	-1	-1	0	0	32	0	-1	0	-1	0	0	0	44	0	-1	0	-1	0	-1	0	34	6	-1	0	22	-1	34	22	0
c23415	32	0	46	-1	30	24	41	24	0	0	-1	-1	0	0	0	0	5	-1	-1	0	10	-1	-1	-1	37	46	0	0	-1	38
c23430	0	0	0	0	30	24	41	0	-1	0	-1	0	0	-1	18	0	0	-1	46	-1	0	-1	41	-1	0	0	-1	-1	-1	0
c23431	0	0	0	0	-1	-1	41	-1	-1	0	-1	0	-1	41	18	0	0	-1	46	-1	0	-1	41	-1	-1	0	-1	34	45	0
c23441	-1	24	41	36	30	-1	41	0	22	35	-1	22	36	0	0	0	0	-1	24	0	-1	46	0	-1	-1	37	0	-1	45	45
c23443	36	5	-1	0	30	0	46	41	0	0	0	0	0	0	28	-1	43	-1	-1	41	0	0	0	41	0	41	22	0	-1	0
c23457	0	-1	0	24	30	0	41	-1	40	0	38	0	0	27	34	25	0	-1	37	-1	0	0	0	-1	0	0	0	0	-1	29
c23465	37	0	41	0	0	32	37	-1	42	0	-1	22	0	0	-1	0	13	0	34	0	0	-1	38	-1	24	-1	0	34	22	-1
c23467	0	24	0	36	30	-1	41	0	22	-1	9	22	20	0	0	-1	0	-1	24	0	-1	0	0	-1	0	0	-1	37	45	45
c23486	0	0	-1	0	30	24	-1	0	0	0	0	37	0	-1	-1	-1	0	-1	-1	0	0	-1	-1	-1	0	0	0	0	45	0
c23495	0	0	37	42	32	0	0	-1	0	-1	-1	0	-1	-1	-1	0	0	0	0	41	0	0	0	0	0	33	-1	34	0	-1
c23503	43	0	0	0	0	0	0	-1	0	35	0	38	-1	0	0	-1	-1	0	23	0	0	0	-1	0	44	0	38	34	-1	6
c23524	0	-1	29	0	30	24	-1	0	0	-1	0	-1	0	0	24	-1	0	-1	0	0	0	0	0	-1	0	0	30	0	45	0
c23527	0	0	34	0	30	40	41	0	-1	0	-1	41	0	35	0	10	0	24	23	0	0	0	0	-1	0	0	-1	0	-1	35
c23529	37	-1	0	9	0	32	24	-1	0	0	36	24	0	0	0	0	0	35	0	-1	0	0	0	-1	0	0	0	34	22	-1
c23542	0	34	-1	-1	-1	41	24	0	0	0	0	0	-1	32	31	39	0	0	0	-1	34	0	0	41	0	41	-1	0	45	37
c23543	0	34	-1	0	30	41	24	0	0	0	0	-1	0	32	31	39	0	0	13	41	34	0	0	41	-1	41	-1	0	45	-1
c23544	48	-1	0	0	30	24	-1	0	39	0	0	-1	0	0	0	0	-1	-1	0	0	0	48	-1	-1	22	-1	0	37	45	0
c23557	0	-1	0	0	0	46	0	0	-1	-1	0	0	37	34	-1	0	9	24	0	0	0	0	0	-1	0	40	38	-1	-1	36
c23582	32	43	0	0	30	24	41	41	0	37	0	0	0	0	0	0	35	-1	18	45	0	0	-1	-1	0	0	0	0	-1	0
c23587	15	46	-1	23	12	0	0	46	6	0	34	0	-1	24	-1	0	-1	0	0	0	36	0	0	36	0	35	38	34	0	38
c23612	32	-1	-1	-1	30	24	41	24	24	0	0	0	0	5	0	0	5	-1	27	42	10	0	0	-1	0	46	0	-1	-1	0
c23630	0	0	0	0	-1	24	41	-1	0	0	0	-1	0	0	24	0	0	-1	0	-1	0	-1	0	-1	24	-1	0	0	-1	0
c23634	32	0	0	0	-1	-1	41	0	-1	0	0	-1	0	-1	23	0	26	-1	0	0	15	2	0	-1	0	0	28	0	-1	0
c23641	36	0	0	0	30	0	40	0	-1	0	-1	0	0	0	0	0	0	22	41	41	0	0	0	41	0	41	22	36	-1	0
c23655	24	0	34	0	30	0	41	-1	34	0	0	0	0	35	0	0	0	24	-1	0	-1	0	0	-1	0	-1	12	0	45	35
c23665	37	-1	0	28	30	32	0	-1	0	0	-1	-1	24	-1	-1	0	-1	-1	0	0	0	0	0	-1	0	0	0	-1	22	0
c23668	-1	0	37	-1	30	0	9	0	-1	0	43	2	0	-1	-1	0	0	0	-1	41	0	24	-1	41	41	41	22	0	45	22
c23703	37	-1	24	0	0	32	0	-1	0	0	42	-1	-1	0	-1	0	0	0	0	0	41	0	42	-1	0	-1	0	34	-1	-1
c23717	43	24	0	0	0	27	-1	0	-1	-1	-1	-1	37	-1	0	-1	35	0	-1	0	24	0	34	0	-1	0	-1	34	0	14
c23742	43	0	-1	0	15	0	0	0	0	35	0	-1	37	0	0	-1	9	0	-1	-1	0	-1	34	0	-1	0	-1	34	0	-1
c23792	-1	0	0	0	-1	24	-1	0	38	0	0	0	-1	0	0	-1	0	-1	0	0	-1	0	0	-1	0	0	0	37	45	32
c23796	0	0	0	-1	30	24	41	0	0	-1	-1	-1	24	0	24	-1	0	-1	0	0	0	-1	0	-1	0	46	0	0	45	0
c23807	-1	-1	-1	0	30	24	41	0	0	0	-1	-1	-1	0	24	0	9	-1	-1	-1	0	0	0	-1	0	0	0	0	45	-1
c23815	37	-1	-1	-1	0	32	32	-1	0	0	0	-1	0	-1	0	0	0	-1	0	-1	0	0	6	-1	0	0	42	-1	22	-1
c23822	37	46	0	23	0	46	24	0	0	24	46	0	37	0	-1	0	-1	0	0	0	-1	0	0	0	0	35	-1	34	43	38
c23823	37	-1	0	23	0	46	24	0	0	24	46	0	-1	0	0	-1	29	0	0	0	-1	0	-1	-1	-1	35	-1	34	43	38
c23850	-1	0	0	0	30	24	41	0	0	0	-1	0	37	0	-1	-1	-1	-1	-1	0	-1	0	0	-1	41	0	41	-1	45	0
c23851	-1	0	0	0	30	24	41	0	0	0	0	0	37	0	0	0	0	-1	0	0	23	0	0	-1	41	0	41	-1	45	0
c23858	32	0	0	0	30	24	41	0	0	0	-1	0	0	0	0	0	0	-1	0	32	-1	32	24	-1	0	38	23	-1	-1	0
c23874	-1	36	0	36	-1	26	0	49	41	0	0	-1	37	-1	0	49	0	44	-1	34	-1	0	45	0	0	0	38	34	34	38
c23896	22	0	0	42	32	0	0	36	49	41	-1	-1	-1	-1	0	-1	0	0	0	0	-1	-1	0	27	34	-1	38	-1	-1	-1
c23898	0	36	47	0	0	0	9	0	-1	-1	-1	0	37	0	0	0	6	-1	0	0	0	-1	24	0	9	0	38	34	41	38
c23900	0	0	32	0	30	-1	41	10	0	0	0	37	0	0	0	0	0	-1	0	0	0	-1	0	-1	41	0	0	9	45	-1
c23911	0	0	0	0	30	24	41	0	14	-1	0	0	-1	0	0	0	0	-1	43	0	23	0	-1	-1	41	0	41	-1	45	0
c23915	0	-1	0	19	0	0	0	0	-1	0	0	32	37	0	0	0	-1	24	0	0	0	0	44	-1	0	40	38	34	-1	36
c23924	43	-1	18	0	-1	0	-1	0	0	0	-1	-1	37	-1	36	46	0	0	0	-1	36	-1	34	-1	44	-1	-1	34	-1	-1
c23925	43	42	18	0	0	0	-1	0	0	0	0	-1	37	-1	36	-1	0	-1	0	40	36	-1	34	-1	44	0	-1	34	-1	32
c23939	0	38	-1	0	30	0	41	-1	32	49	-1	-1	0	0	0	40	0	-1	0	45	0	0	0	-1	9	-1	0	0	45	45
c23950	42	38	9	-1	30	0	41	49	0	35	0	0	49	-1	-1	-1	0	0	0	45	0	30	0	-1	9	26	0	-1	-1	0
c23955	43	-1	0	0	18	27	12	0	0	0	0	-1	37	-1	0	0	0	0	0	-1	24	0	34	0	44	-1	-1	-1	0	14
c23965	37	46	43	-1	0	32	-1	-1	0	0	36	-1	0	0	-1	34	0	35	0	32	0	0	0	-1	0	38	0	34	22	0
c23978	43	24	-1	0	-1	27	0	0	0	0	0	-1	-1	0	0	-1	0	0	0	0	24	-1	-1	27	44	45	38	-1	0	14
c23988	-1	0	0	0	30	24	41	46	-1	-1	18	-1	38	41	18	-1	0	-1	-1	43	-1	44	-1	-1	0	28	-1	-1	-1	34
c24000	0	0	-1	-1	0	37	-1	-1	34	0	-1	0	-1	38	-1	0	0	0	0	0	0	0	0	0	0	0	-1	34	0	46
c24010	32	-1	0	0	30	37	0	0	0	0	0	-1	-1	0	0	39	44	0	0	-1	0	0	-1	41	-1	41	22	0	45	0
c24011	32	0	0	0	30	37	0	0	0	0	0	-1	-1	37	0	-1	44	0	0	41	0	0	0	41	-1	41	-1	0	45	0
c24015	0	22	0	21	30	0	-1	0	37	0	-1	-1	0	0	0	0	0	22	32	41	0	9	0	-1	-1	41	-1	36	45	0
c24038	0	34	0	0	30	0	0	32	0	0	0	0	0	32	0	-1	0	0	-1	-1	34	0	36	41	0	41	22	-1	45	37
c24083	43	24	40	24	0	-1	0	0	-1	0	40	-1	37	-1	0	0	-1	34	-1	46	0	0	34	-1	-1	30	38	34	0	15
c24086	-1	22	0	21	30	0	0	-1	0	0	0	0	-1	0	-1	-1	43	22	32	41	0	0	0	-1	-1	41	22	36	45	0
c24115	44	-1	0	48	0	0	-1	24	0	0	37	-1	37	34	-1	0	-1	0	-1	0	0	0	-1	45	0	34	38	34	0	0
c24122	0	0	0	0	30	24	-1	0	0	0	0	10	-1	0	18	44	0	-1	0	-1	0	0	32	-1	0	0	0	0	-1	0
c24136	-1	-1	29	0	30	24	41	0	-1	-1	-1	-1	0	45	24	0	0	-1	0	-1	44	0	0	-1	-1	0	30	-1	45	0
c24140	43	-1	-1	15	44	27	-1	0	0	0	0	-1	37	0	45	-1	0	0	0	46	0	-1	34	-1	-1	0	38	34	0	0
c24145	0	49	0	43	30	24	36	0	-1	-1	-1	0	-1	0	0	0	0	0	-1	41	0	0	37	-1	-1	-1	22	0	-1	0
c24185	-1	-1	0	-1	30	24	41	0	-1	0	37	-1	-1	-1	-1	-1	0	-1	9	0	0	0	0	-1	-1	24	-1	-1	45	0
c24190	32	0	0	32	-1	-1	41	0	0	41	0	24	40	0	37	-1	0	-1	0	0	0	0	-1	-1	0	0	0	-1	-1	0
c24194	0	34	-1	37	30	-1	0	0	0	0	32	41	28	-1	-1	39	0	-1	34	41	34	34	0	41	24	-1	22	0	45	37
c24205	-1	0	-1	0	-1	24	41	-1	0	2	0	38	0	0	23	37	0	-1	-1	0	15	0	26	-1	0	0	41	0	-1	0
c24220	-1	-1	0	0	30	-1	41	10	0	0	0	0	-1	32	0	-1	0	-1	0	22	-1	0	0	-1	0	32	0	0	45	13
c24221	0	41	0	0	30	-1	41	10	0	0	-1	0	-1	32	0	32	0	-1	-1	22	0	0	0	-1	0	32	0	0	-1	13
c24223	37	46	-1	9	0	-1	17	-1	24	0	36	-1	-1	0	0	0	0	35	0	0	0	0	0	-1	0	41	0	34	22	0
c24230	32	0	0	32	30	-1	41	0	0	41	0	0	0	-1	14	-1	41	-1	0	0	0	0	-1	-1	-1	0	-1	0	-1	0
c24234	43	24	0	-1	24	27	0	0	34	0	34	-1	37	0	0	0	0	-1	0	-1	24	0	34	0	44	-1	38	34	0	14
c24247	49	0	9	-1	-1	-1	41	36	0	-1	0	0	0	0	0	40	42	-1	-1	9	15	0	0	-1	-1	-1	-1	0	45	0
c24265	-1	0	-1	42	32	-1	0	34	-1	-1	-1	0	37	-1	-1	36	15	0	0	41	0	0	28	0	0	33	38	34	0	38
c24279	0	0	-1	0	30	-1	41	-1	0	0	0	0	32	32	-1	-1	0	-1	-1	22	-1	0	0	-1	-1	-1	0	0	45	13
c24288	32	0	5	0	-1	24	41	0	-1	-1	0	0	-1	0	23	-1	0	-1	0	0	15	0	0	-1	34	0	0	0	-1	0
c24305	0	0	0	36	30	0	-1	-1	0	-1	0	0	-1	0	0	39	0	-1	-1	41	0	0	0	-1	0	41	22	0	45	0
c24307	0	49	0	42	0	0	15	-1	-1	-1	-1	-1	37	45	0	0	0	0	0	-1	-1	-1	0	0	0	0	-1	34	-1	38
c24309	-1	-1	0	0	0	27	0	0	24	0	0	-1	-1	0	43	0	-1	0	0	0	0	40	-1	0	44	0	38	34	41	5
c24315	37	46	3	9	0	32	0	-1	9	0	36	0	0	-1	-1	34	42	35	0	24	0	0	-1	-1	0	0	25	-1	22	0
c24320	-1	-1	0	0	44	0	0	0	-1	0	0	0	37	0	0	-1	0	-1	0	0	0	44	0	0	37	40	38	34	-1	36
c24327	0	0	0	0	30	24	41	0	0	0	0	37	0	0	0	-1	0	-1	0	0	8	0	-1	-1	0	0	22	-1	45	0
c24333	0	34	-1	37	30	41	0	5	0	-1	0	-1	30	32	-1	39	0	0	-1	41	34	0	-1	-1	0	41	-1	-1	45	37
c24388	37	-1	0	0	0	0	0	41	-1	0	0	46	-1	0	0	0	0	-1	0	9	0	0	0	0	0	0	38	34	-1	36
c24411	0	-1	26	-1	-1	24	41	0	0	32	34	-1	48	0	-1	43	0	-1	0	36	0	0	0	-1	0	0	0	-1	-1	-1
c24412	43	-1	-1	0	42	0	5	0	0	0	0	0	37	0	36	-1	0	26	22	0	36	-1	34	-1	44	0	38	34	-1	-1
c24429	0	31	46	0	0	24	-1	0	0	14	0	-1	-1	0	0	0	0	0	0	0	0	0	0	48	0	-1	38	34	0	0
c24448	9	0	-1	0	-1	-1	32	-1	0	34	0	0	-1	9	0	39	-1	0	36	41	6	0	0	41	0	41	22	-1	-1	-1
c24459	0	0	0	42	0	0	0	0	0	-1	-1	-1	37	45	0	0	0	0	-1	12	0	-1	24	0	0	27	38	34	0	38
c24483	32	0	46	-1	30	-1	41	-1	-1	0	0	-1	0	0	0	0	5	-1	22	-1	10	32	0	-1	-1	46	14	0	-1	0
c24485	-1	0	9	0	32	0	0	0	0	0	0	-1	37	0	-1	0	27	36	0	-1	42	24	-1	36	44	-1	38	34	42	0
c24487	10	0	24	42	0	-1	-1	-1	-1	-1	-1	0	-1	-1	37	0	0	-1	0	0	0	32	0	0	-1	24	-1	34	0	-1
c24497	37	-1	0	9	0	-1	-1	-1	0	0	36	0	0	-1	-1	0	-1	35	0	0	0	0	0	-1	0	0	0	34	22	0
c24498	24	-1	-1	-1	-1	0	9	34	-1	0	-1	0	37	0	0	0	0	24	0	0	0	0	0	0	-1	40	38	34	-1	36
c24505	32	-1	28	0	30	24	41	-1	0	0	-1	0	0	0	0	0	0	-1	44	0	0	-1	24	-1	0	38	0	22	-1	0
c24506	37	38	0	-1	0	32	0	-1	0	0	0	34	0	36	0	0	-1	-1	0	0	-1	0	-1	-1	0	22	-1	34	22	0
c24565	36	0	0	0	30	0	0	0	25	-1	0	0	-1	0	28	39	-1	0	0	41	0	0	0	41	0	-1	22	0	45	0
c24571	0	38	9	24	30	0	41	0	0	49	22	0	-1	0	0	0	0	0	0	45	22	0	0	-1	9	26	-1	0	45	0
c24612	0	41	0	0	30	-1	41	10	0	0	0	0	-1	32	0	32	0	-1	-1	22	0	0	0	-1	0	32	0	0	45	13
c24615	0	-1	29	-1	30	-1	41	0	-1	-1	0	-1	0	0	24	37	0	-1	0	-1	-1	0	-1	-1	0	-1	30	-1	45	0
c24629	0	46	0	0	30	0	-1	0	0	41	0	0	-1	0	0	39	0	36	-1	-1	0	43	0	-1	-1	41	22	0	45	0
c24638	0	9	-1	46	30	12	-1	0	0	41	-1	-1	0	0	0	-1	45	0	24	-1	24	0	0	41	-1	41	-1	0	45	37
c24639	0	9	0	46	30	-1	0	0	0	41	-1	-1	-1	0	-1	39	45	0	24	41	24	-1	-1	41	0	-1	22	0	45	37
c24642	0	-1	0	-1	0	0	-1	-1	44	41	30	0	37	0	0	-1	6	-1	0	0	0	0	24	9	-1	0	38	34	-1	-1
c24656	43	0	-1	-1	0	-1	0	0	24	9	0	-1	37	0	0	0	27	-1	-1	-1	-1	-1	34	0	44	0	-1	34	42	0
c24658	37	0	41	0	0	32	37	-1	42	-1	-1	22	0	0	-1	0	13	0	34	-1	0	38	0	-1	24	0	-1	-1	22	45
c24659	37	0	-1	-1	0	-1	-1	-1	42	0	-1	22	0	0	0	0	13	0	34	0	0	38	0	-1	24	0	-1	34	22	45
c24667	0	0	-1	21	30	0	0	48	40	0	0	0	0	48	42	-1	0	-1	32	41	0	34	0	41	0	41	22	36	45	-1
c24670	-1	0	0	0	30	24	41	-1	0	0	0	-1	-1	-1	-1	0	41	-1	0	0	0	38	0	-1	0	0	0	-1	-1	0
c24686	0	-1	0	0	36	0	0	-1	-1	0	0	0	37	0	0	0	0	-1	0	34	0	0	-1	12	-1	40	38	34	-1	36
c24687	0	-1	0	0	36	0	0	0	-1	0	0	0	-1	0	0	-1	0	24	0	34	0	-1	0	-1	0	40	38	34	-1	-1
c24717	0	-1	0	22	30	41	41	9	-1	0	38	0	0	27	34	0	0	0	0	0	0	36	0	-1	0	-1	0	0	45	23
c24734	43	24	-1	0	0	27	-1	0	-1	-1	-1	-1	-1	0	0	-1	-1	0	0	0	-1	0	34	0	44	37	38	34	-1	0
c24756	27	48	0	-1	30	0	-1	0	0	27	43	0	-1	37	36	39	41	-1	37	41	26	0	0	-1	-1	-1	22	0	45	0
c24767	-1	-1	0	0	-1	13	-1	0	-1	27	0	-1	37	0	-1	0	0	24	0	-1	0	0	0	-1	0	-1	38	34	-1	36
c24780	43	-1	0	-1	0	0	0	0	0	34	0	-1	37	0	34	0	24	0	0	0	-1	0	34	0	-1	42	38	34	25	0
c24810	-1	0	-1	-1	-1	-1	41	0	-1	0	0	0	0	-1	-1	10	0	24	-1	0	-1	0	37	-1	0	0	-1	0	45	-1
c24813	0	-1	44	42	0	36	0	0	0	41	-1	-1	37	45	24	0	0	0	0	24	40	0	42	0	0	-1	-1	34	0	38
c24814	37	38	-1	-1	36	32	44	-1	0	-1	42	-1	24	0	-1	0	0	0	0	-1	0	0	0	-1	-1	-1	0	34	22	0
c24816	12	0	9	0	30	-1	41	0	0	0	0	0	43	0	-1	0	-1	-1	0	0	-1	0	0	-1	0	42	36	-1	45	50
c24819	41	22	0	0	-1	24	41	0	38	0	0	0	36	41	0	0	-1	-1	0	0	-1	0	0	-1	0	0	27	37	45	32
c24822	0	-1	0	0	0	-1	0	41	-1	-1	0	0	37	0	-1	0	0	24	0	9	0	0	0	40	-1	-1	38	34	-1	-1
c24826	-1	36	0	36	29	-1	24	49	-1	0	-1	-1	37	0	0	-1	32	44	-1	0	0	-1	0	0	0	-1	38	34	34	38
c24828	43	24	0	0	0	27	32	-1	0	0	36	-1	37	40	-1	0	0	0	0	46	0	36	-1	-1	44	0	38	34	0	-1
c24829	43	24	0	0	-1	27	32	0	0	0	36	-1	37	0	-1	0	0	-1	0	46	0	-1	34	-1	44	0	38	34	0	0
c24882	-1	0	0	0	-1	0	-1	0	34	-1	48	0	37	0	0	24	24	0	0	0	0	0	0	0	40	32	-1	34	0	0
c24892	-1	-1	0	0	30	24	41	-1	-1	0	0	0	0	41	18	0	0	-1	46	-1	34	0	41	-1	0	0	-1	34	45	0
c24902	36	0	9	0	30	24	41	27	0	0	0	0	28	0	-1	22	0	-1	-1	-1	37	-1	0	-1	0	0	36	-1	-1	27
c24903	36	-1	-1	0	30	24	41	27	0	0	-1	-1	28	0	-1	22	0	-1	0	-1	-1	24	0	-1	0	0	36	0	45	27
c24928	-1	0	-1	0	30	0	40	-1	0	0	0	0	-1	0	-1	0	0	22	0	-1	0	-1	0	-1	0	41	22	36	-1	-1
c24936	24	-1	-1	36	29	26	-1	-1	-1	36	0	-1	37	-1	0	0	-1	44	0	0	0	-1	0	0	-1	0	-1	-1	-1	38
c24940	-1	0	0	-1	30	37	0	0	0	0	-1	-1	0	0	0	39	44	0	0	41	0	0	-1	41	-1	41	22	0	45	-1
c24941	32	0	0	-1	30	37	0	0	0	0	0	-1	0	0	0	39	-1	0	0	41	0	0	0	-1	-1	-1	-1	0	45	0
c24947	34	0	0	0	30	24	41	0	0	0	18	0	38	41	18	41	45	-1	46	-1	0	27	41	-1	0	0	-1	27	45	0
c24956	0	31	46	0	0	24	-1	0	0	0	-1	-1	37	-1	0	0	0	0	0	0	0	0	0	-1	-1	-1	-1	34	38	0
c24972	-1	5	-1	0	30	-1	41	-1	37	0	0	37	0	0	0	-1	0	-1	0	0	0	0	0	-1	-1	0	34	0	45	-1
c24979	36	0	0	0	30	0	40	0	0	0	0	0	0	0	38	0	0	-1	0	41	36	0	24	41	0	41	-1	36	-1	0
c24990	0	-1	0	42	0	0	0	0	-1	0	-1	15	37	0	41	-1	0	-1	0	0	-1	-1	-1	0	0	40	38	34	-1	36
c24998	37	35	45	0	-1	0	0	-1	0	0	-1	24	37	-1	-1	-1	0	0	0	-1	0	0	26	0	0	-1	-1	-1	0	-1
c25014	-1	48	-1	0	-1	0	-1	-1	-1	-1	43	-1	-1	37	36	39	41	-1	37	41	0	0	0	41	-1	41	22	0	-1	0
c25015	27	-1	-1	0	30	0	-1	13	0	0	43	0	-1	37	36	39	41	0	37	41	-1	0	-1	-1	-1	41	22	0	45	-1
c25022	0	0	0	37	30	24	-1	0	-1	0	0	0	-1	0	0	0	0	-1	0	-1	36	0	0	-1	-1	0	41	-1	45	5
c25033	0	0	0	6	30	0	0	0	0	0	-1	0	0	-1	0	49	0	22	0	41	0	0	-1	41	-1	-1	-1	-1	-1	0
c25038	0	0	32	0	30	15	40	0	-1	0	-1	0	0	0	-1	39	0	0	-1	41	0	-1	0	41	-1	41	22	0	45	0
c25039	-1	0	32	0	30	15	40	-1	29	0	49	0	0	0	-1	39	0	0	0	41	0	-1	0	41	0	41	22	0	45	0
c25059	37	46	0	9	5	-1	0	-1	0	-1	36	0	0	0	0	-1	0	-1	0	0	-1	0	12	-1	0	-1	0	34	22	0
c25060	37	-1	0	0	-1	0	-1	41	-1	0	0	0	37	-1	0	0	42	24	0	9	-1	0	0	0	-1	-1	38	34	-1	36
c25091	0	-1	0	0	-1	0	0	0	-1	15	0	24	37	-1	0	0	0	24	-1	9	0	0	23	0	-1	42	-1	34	-1	36
c25123	32	-1	-1	0	30	24	41	-1	0	-1	0	-1	0	-1	-1	-1	0	-1	42	0	36	0	-1	-1	0	24	0	0	-1	36
c25131	0	38	-1	0	-1	-1	41	-1	-1	0	-1	3	49	0	0	0	0	0	0	45	0	29	0	-1	-1	26	-1	36	45	0
c25133	43	0	0	0	0	0	24	-1	0	0	34	-1	37	41	0	0	-1	2	0	28	14	-1	34	0	44	22	38	-1	-1	-1
c25134	43	-1	0	0	0	0	24	0	34	0	-1	34	-1	0	0	0	0	0	0	28	14	37	-1	0	44	22	38	34	9	0
c25135	-1	-1	0	0	0	-1	24	0	34	0	0	34	37	0	0	0	0	0	0	28	14	37	-1	-1	44	22	-1	34	9	0
c25143	0	0	34	0	30	0	41	43	34	0	0	24	0	35	-1	0	24	24	-1	0	0	-1	0	-1	0	0	0	0	45	35
c25152	-1	0	0	0	0	0	24	0	0	49	0	0	37	0	0	-1	24	0	-1	28	14	-1	34	0	44	-1	38	-1	0	-1
c25153	43	0	0	0	0	-1	24	0	0	49	0	0	37	0	0	0	24	-1	-1	28	-1	0	34	0	44	22	38	34	-1	0
c25167	0	-1	0	0	-1	24	41	0	0	0	-1	0	0	0	0	0	0	-1	0	-1	-1	0	-1	-1	0	0	0	37	45	32
c25179	24	0	36	0	30	15	-1	0	0	-1	36	0	0	0	0	0	24	-1	0	-1	0	0	-1	41	0	41	-1	36	-1	-1
c25196	49	0	0	-1	30	0	0	0	29	-1	-1	0	0	0	0	-1	0	-1	-1	41	0	5	0	41	0	-1	22	0	45	0
c25203	-1	36	-1	-1	34	0	0	0	0	0	0	-1	37	0	0	0	-1	-1	-1	-1	0	-1	34	-1	44	0	38	34	36	42
c25213	0	-1	0	0	0	0	0	41	-1	0	-1	-1	37	26	0	34	0	24	0	9	27	34	-1	0	0	34	38	34	-1	-1
c25230	-1	0	0	34	30	24	41	0	32	37	-1	-1	37	0	0	-1	0	-1	0	0	-1	0	0	-1	41	0	41	-1	45	0
c25273	0	0	0	0	30	24	41	-1	-1	0	0	0	0	-1	18	-1	0	-1	46	43	0	-1	41	-1	0	0	-1	27	45	0
c25281	0	-1	0	0	29	0	0	10	21	0	0	0	37	-1	0	-1	-1	6	-1	0	-1	34	-1	-1	0	24	38	34	34	38
c25284	-1	-1	0	-1	-1	0	0	-1	-1	-1	0	-1	37	0	0	0	0	24	0	0	-1	0	-1	0	0	40	38	34	-1	36
c25300	32	0	46	-1	30	24	41	24	-1	-1	0	0	37	0	0	0	5	-1	0	-1	10	-1	0	-1	0	46	-1	0	-1	0
c25301	32	0	46	-1	30	24	41	-1	-1	9	-1	0	37	0	0	0	5	-1	0	0	10	45	-1	-1	0	46	0	0	-1	0
c25303	43	0	-1	0	0	0	-1	-1	0	0	0	-1	-1	0	24	0	-1	-1	0	28	0	0	34	-1	-1	0	38	34	36	0
c25326	43	0	-1	-1	0	-1	0	0	0	-1	0	-1	37	24	0	9	0	0	36	0	0	0	-1	0	44	-1	38	34	41	34
c25327	43	0	-1	0	-1	-1	0	0	0	-1	0	-1	37	24	0	9	0	0	36	0	0	-1	-1	0	-1	-1	38	34	41	34
c25339	37	0	0	0	0	32	12	-1	41	24	42	0	0	0	0	36	0	-1	-1	-1	-1	33	20	-1	0	36	0	34	22	0
c25356	34	0	0	0	30	24	41	0	-1	32	18	-1	38	41	18	0	0	-1	46	43	0	0	-1	-1	-1	0	-1	27	45	0
c25376	0	0	43	42	-1	48	41	37	0	41	-1	0	37	-1	0	-1	0	0	0	0	0	0	0	0	0	45	-1	34	0	38
c25383	37	-1	0	0	34	32	0	-1	42	0	-1	35	0	0	-1	49	-1	0	0	0	0	24	0	-1	0	-1	24	-1	-1	45
c25390	-1	31	46	-1	37	24	-1	0	-1	0	0	-1	37	0	-1	0	45	0	0	-1	0	0	0	-1	0	0	38	-1	0	0
c25392	37	46	0	9	42	32	2	-1	0	0	36	0	-1	0	0	0	0	-1	0	0	0	0	0	-1	0	41	0	34	22	0
c25401	0	-1	9	0	30	-1	41	-1	49	0	0	-1	0	-1	0	0	0	-1	-1	0	34	0	0	-1	-1	-1	-1	-1	45	10
c25403	43	0	48	0	10	27	0	0	5	0	0	-1	37	0	-1	0	6	0	0	37	0	36	-1	-1	44	0	38	-1	41	-1
c25406	32	0	0	0	-1	24	41	-1	-1	34	0	0	24	0	-1	0	-1	-1	0	-1	-1	0	-1	-1	0	0	0	0	-1	-1
c25408	27	48	0	-1	30	0	-1	0	0	0	43	0	-1	37	36	39	41	0	37	41	0	24	0	41	0	41	22	0	45	0
c25411	0	-1	0	22	0	0	-1	0	-1	0	-1	-1	37	0	41	0	30	24	22	0	0	-1	0	0	22	40	38	-1	-1	36
c25415	0	34	-1	0	30	0	0	0	-1	-1	0	0	0	32	0	-1	0	0	34	41	34	0	36	41	-1	41	-1	-1	45	37
c25416	0	0	0	41	30	24	41	0	41	0	0	38	0	0	-1	0	0	-1	0	0	0	37	0	-1	0	0	36	0	45	0
c25420	0	0	22	0	-1	24	-1	0	-1	0	46	0	0	-1	0	0	0	-1	14	0	24	-1	-1	-1	0	-1	0	0	45	-1
c25478	-1	-1	0	0	0	27	0	0	0	0	0	-1	-1	0	34	9	-1	0	0	32	0	0	-1	0	44	0	38	34	41	-1
c25479	43	0	0	-1	-1	-1	0	0	0	0	0	-1	-1	0	-1	9	0	0	0	32	0	0	-1	-1	44	0	38	34	41	0
c25493	-1	-1	0	40	-1	0	24	0	0	0	0	0	37	0	41	0	24	27	-1	-1	14	0	34	0	44	22	38	34	0	0
c25496	36	-1	0	0	30	0	0	0	25	-1	0	-1	-1	0	28	39	44	0	0	41	0	0	0	-1	0	41	22	0	-1	0
c25502	0	0	-1	0	30	0	-1	0	34	0	0	0	0	-1	34	24	0	24	0	0	-1	-1	0	-1	0	22	12	-1	45	35
c25503	0	0	34	0	30	0	41	0	34	0	0	0	-1	35	-1	24	0	24	0	0	0	0	0	-1	0	22	12	0	45	35
c25510	37	0	0	28	0	32	0	-1	0	0	42	-1	24	-1	-1	-1	-1	0	0	0	0	40	0	-1	-1	0	0	34	-1	0
c25512	0	0	0	6	30	24	-1	-1	-1	-1	-1	-1	-1	-1	0	-1	0	-1	0	0	0	14	-1	-1	0	15	-1	-1	45	0
c25513	0	-1	0	6	30	24	41	-1	0	0	0	-1	0	-1	0	-1	0	-1	-1	0	0	14	0	-1	0	15	-1	-1	-1	0
c25514	27	48	0	0	-1	49	-1	0	0	37	43	0	-1	37	-1	39	41	0	37	41	0	-1	0	41	0	41	22	0	45	0
c25528	-1	0	0	0	30	-1	41	0	0	0	-1	-1	0	13	18	0	36	-1	0	-1	0	0	-1	-1	0	0	-1	0	-1	-1
c25538	0	-1	0	0	-1	32	-1	0	-1	34	27	-1	0	0	0	39	0	0	36	41	0	0	-1	-1	0	41	22	0	45	0
c25539	0	25	0	0	-1	32	9	0	0	34	27	0	0	0	0	39	0	0	36	-1	0	-1	0	-1	0	41	-1	0	45	-1
c25561	0	0	-1	22	30	0	41	0	0	34	38	0	0	27	34	0	0	0	-1	0	0	0	0	-1	0	0	-1	0	45	23
c25584	37	0	31	-1	0	32	42	-1	-1	9	0	0	0	-1	0	0	0	0	-1	0	0	0	6	-1	-1	0	42	34	22	-1
c25604	43	0	0	0	0	27	-1	-1	0	40	-1	-1	37	0	0	-1	0	0	0	0	46	0	-1	0	44	-1	38	34	41	0
c25610	44	27	0	48	0	0	0	24	-1	0	37	-1	37	0	-1	0	0	0	0	0	0	0	-1	0	-1	0	38	34	-1	-1
c25615	25	0	0	-1	30	39	0	36	0	0	0	0	40	0	0	0	0	22	32	41	0	0	0	41	0	41	-1	-1	45	-1
c25623	43	-1	-1	0	-1	36	0	0	20	41	0	-1	37	0	0	0	27	36	41	0	0	0	34	24	44	0	38	34	42	24
c25639	-1	-1	0	37	30	24	41	0	0	-1	0	5	24	-1	18	0	0	-1	0	0	-1	0	0	-1	0	-1	0	0	45	44
c25647	43	24	-1	0	0	27	-1	0	29	0	0	-1	37	-1	0	-1	29	-1	6	0	0	0	34	0	-1	-1	38	34	24	0
c25650	22	-1	0	42	32	0	0	36	49	41	-1	0	37	-1	-1	0	0	0	0	-1	-1	-1	44	-1	34	-1	38	-1	45	-1
c25651	22	0	0	42	32	0	0	36	49	41	-1	0	37	-1	-1	0	0	-1	0	9	46	-1	44	27	34	-1	38	-1	45	-1
c25671	0	49	0	42	0	0	0	0	0	-1	-1	0	37	45	0	0	38	-1	36	27	0	-1	0	0	0	0	-1	34	-1	38
c25672	37	46	0	9	0	32	0	-1	0	22	36	0	-1	0	0	42	40	35	34	0	0	-1	48	-1	0	-1	0	34	22	0
c25699	0	-1	0	0	0	34	-1	-1	-1	15	0	0	37	0	0	0	0	24	0	9	0	-1	23	40	0	0	38	34	-1	36
c25708	0	0	5	42	32	-1	-1	0	0	41	-1	-1	37	-1	43	-1	-1	0	0	0	0	-1	-1	-1	0	0	38	34	-1	38
c25722	0	0	27	0	0	0	-1	0	0	-1	0	-1	37	0	0	-1	46	0	0	0	-1	41	0	0	0	-1	38	-1	0	0
c25724	0	-1	-1	0	-1	24	41	0	0	-1	0	-1	-1	0	24	37	-1	-1	37	0	0	0	0	-1	-1	36	0	0	-1	0
c25735	32	0	0	-1	30	24	-1	0	0	41	0	0	-1	0	0	-1	-1	-1	0	0	0	49	-1	-1	0	0	0	0	-1	0
c25758	48	0	38	0	30	24	41	0	39	0	-1	0	0	0	0	0	0	-1	0	0	0	-1	-1	-1	-1	0	0	37	45	0
c25766	43	36	33	0	-1	27	0	0	0	0	0	-1	37	0	0	9	-1	0	0	0	0	0	-1	0	44	0	38	34	41	0
c25776	-1	0	-1	0	30	24	41	-1	37	0	0	46	0	0	0	37	0	-1	-1	6	-1	36	0	-1	0	-1	-1	37	-1	0
c25808	27	48	0	-1	30	0	-1	-1	-1	37	-1	0	-1	37	36	39	41	0	-1	41	0	0	0	41	0	41	22	-1	-1	0
c25809	27	-1	0	0	-1	0	-1	0	0	37	43	0	-1	37	36	39	41	0	37	41	0	0	0	-1	0	41	22	0	45	-1
c25860	-1	-1	-1	0	30	24	41	0	0	-1	0	-1	34	-1	24	0	0	-1	0	0	0	36	0	-1	-1	0	0	-1	45	0
c25879	24	24	0	23	30	24	41	-1	-1	-1	24	-1	0	-1	0	0	0	-1	0	0	0	0	-1	-1	-1	0	41	-1	45	-1
c25896	32	0	0	32	30	24	41	40	0	41	0	0	-1	0	36	-1	0	-1	41	0	-1	0	-1	-1	0	-1	0	0	-1	0
c25900	0	49	-1	42	0	0	0	-1	0	-1	-1	0	37	45	0	0	0	0	36	27	0	0	23	0	0	-1	-1	34	0	38
c25901	0	49	0	42	-1	-1	0	0	-1	-1	-1	-1	37	-1	0	0	0	0	36	27	-1	0	-1	0	0	0	-1	34	-1	38
c25904	0	0	0	45	30	0	24	0	34	-1	0	0	-1	0	32	39	-1	0	19	41	-1	0	0	41	0	41	22	13	-1	-1
c25906	32	0	0	0	30	-1	41	-1	-1	0	0	6	-1	-1	-1	-1	0	-1	46	0	0	-1	-1	-1	9	0	0	-1	-1	0
c25925	0	-1	-1	0	0	44	0	0	-1	35	0	0	37	0	41	0	-1	-1	0	0	0	0	33	-1	0	40	38	34	-1	36
c25929	0	45	0	-1	30	0	-1	0	0	46	-1	0	42	-1	34	24	0	0	0	0	0	0	37	-1	0	0	0	0	45	0
c25942	0	0	0	0	30	-1	-1	24	0	34	27	0	0	0	-1	39	0	0	36	-1	0	0	0	41	0	41	-1	0	45	0
c25949	0	38	9	0	30	0	41	-1	-1	49	0	0	-1	-1	0	40	0	0	0	45	0	32	0	-1	9	26	-1	37	45	-1
c25955	0	-1	0	0	0	0	0	0	-1	0	-1	0	-1	-1	0	0	0	24	0	0	0	0	-1	0	0	40	38	34	-1	36
c25958	36	-1	-1	0	30	0	0	0	0	0	-1	0	0	0	28	39	-1	0	-1	41	0	0	0	41	-1	41	-1	0	45	0
c25960	0	0	0	0	30	24	41	0	0	0	-1	-1	0	0	-1	0	0	-1	0	0	0	0	-1	-1	0	36	27	-1	45	0
c25968	0	-1	0	-1	30	-1	-1	0	36	-1	0	-1	0	0	24	-1	0	-1	-1	-1	0	0	29	-1	-1	0	15	0	45	26
c25970	-1	0	0	48	-1	0	0	24	0	0	0	-1	37	0	36	-1	0	0	-1	0	0	0	0	0	0	0	38	34	0	0
c25972	43	-1	10	-1	0	27	-1	-1	41	0	0	-1	-1	0	0	0	29	0	-1	0	0	0	34	0	44	-1	38	-1	24	0
c25981	-1	0	0	0	30	-1	-1	0	-1	41	0	0	-1	24	-1	39	0	0	-1	41	-1	0	40	-1	0	41	22	0	45	0
c25998	0	24	0	36	0	0	0	0	0	0	0	0	37	-1	0	0	0	0	41	0	50	0	0	0	0	0	-1	34	0	-1
c26002	0	9	0	42	41	0	0	-1	-1	41	-1	0	37	-1	0	-1	0	-1	0	24	40	0	42	-1	0	0	38	-1	0	38
c26006	0	0	22	-1	-1	24	41	0	-1	0	46	0	-1	0	-1	-1	0	-1	14	0	24	-1	-1	-1	0	-1	0	0	45	0
c26007	-1	0	22	0	-1	24	41	0	-1	0	46	0	-1	0	0	0	0	-1	14	0	24	-1	-1	-1	0	-1	0	0	45	0
c26012	37	43	-1	0	38	32	42	-1	0	0	0	0	-1	0	-1	0	0	0	0	15	0	0	6	-1	0	0	-1	-1	22	0
c26013	37	43	-1	0	38	32	42	-1	0	0	0	0	0	0	0	0	0	0	0	15	0	-1	6	-1	0	0	42	34	-1	0
c26017	0	-1	0	0	0	34	0	0	-1	0	0	-1	37	0	0	0	-1	24	0	-1	0	0	0	0	0	40	38	34	-1	36
c26034	37	-1	0	0	0	32	12	-1	0	0	42	0	-1	32	-1	36	0	0	0	0	48	33	0	-1	34	0	-1	34	-1	0
c26040	43	18	9	-1	32	0	-1	0	5	-1	0	-1	37	0	0	0	-1	36	-1	0	0	-1	34	36	44	0	-1	34	-1	0
c26042	0	26	9	0	30	24	41	0	0	0	-1	0	48	9	-1	-1	0	-1	0	-1	0	37	0	-1	0	-1	36	0	-1	34
c26051	-1	-1	0	0	30	0	0	0	0	-1	0	0	-1	0	28	39	0	0	0	-1	0	0	0	-1	-1	41	22	0	45	-1
c26052	0	45	37	42	-1	0	0	36	0	41	-1	0	-1	-1	0	0	0	0	0	0	0	0	0	-1	-1	-1	38	34	0	-1
c26064	43	0	0	-1	0	0	0	-1	0	35	37	-1	37	0	0	0	-1	0	23	0	-1	0	34	0	44	0	38	-1	24	6
c26065	43	-1	-1	0	0	0	0	-1	0	35	-1	38	37	-1	0	0	-1	0	23	0	-1	-1	34	0	44	0	38	-1	24	6
c26081	0	37	-1	0	30	41	41	0	0	34	0	0	24	0	9	39	-1	0	36	41	0	0	-1	41	44	41	22	0	45	-1
c26091	38	0	43	0	30	0	41	18	-1	12	0	0	0	-1	0	0	24	24	37	-1	38	41	-1	-1	-1	0	34	34	45	35
c26095	4	0	0	-1	0	10	-1	0	-1	0	0	0	37	0	-1	-1	27	0	-1	43	-1	0	0	0	0	0	38	-1	34	38
c26110	49	24	48	0	30	24	41	0	-1	0	0	0	5	0	0	40	42	-1	25	-1	15	0	0	-1	0	0	-1	0	45	0
c26122	27	48	0	0	30	0	-1	0	0	-1	43	-1	-1	37	36	39	-1	-1	37	41	0	24	0	41	-1	41	22	-1	45	-1
c26123	27	48	-1	-1	30	0	-1	0	0	0	43	0	-1	37	36	39	41	0	37	-1	0	24	0	-1	0	41	22	0	45	0
c26128	-1	0	48	0	30	-1	41	36	43	-1	0	0	0	0	0	40	42	-1	-1	0	15	0	-1	-1	-1	0	-1	30	45	-1
c26136	22	0	-1	42	32	0	0	36	-1	41	-1	-1	37	-1	0	0	-1	0	0	0	46	-1	44	27	34	-1	38	-1	45	-1
c26154	0	-1	0	-1	0	0	0	0	-1	-1	28	0	37	0	0	0	0	24	36	-1	0	0	0	0	-1	40	38	34	-1	36
c26159	43	-1	9	0	32	0	-1	0	5	0	0	-1	37	0	0	0	27	-1	-1	34	0	24	34	36	44	-1	38	34	42	0
c26163	-1	0	-1	0	0	36	0	-1	0	0	0	-1	37	0	0	-1	0	25	-1	25	-1	0	0	41	0	-1	38	34	-1	0
c26184	-1	9	-1	40	30	24	41	0	27	0	0	0	0	0	9	0	24	-1	0	-1	0	27	24	-1	0	38	-1	9	-1	0
c26185	32	9	-1	-1	30	24	41	0	-1	0	0	0	0	0	9	0	-1	-1	0	-1	0	27	-1	-1	0	38	0	9	-1	0
c26188	0	0	-1	0	30	24	41	-1	36	0	-1	0	-1	0	-1	0	0	-1	44	-1	0	0	0	-1	41	0	-1	9	45	0
c26204	0	0	0	36	30	0	-1	0	0	-1	0	-1	-1	0	0	39	0	0	-1	41	24	-1	-1	-1	0	41	22	0	45	0
c26208	0	34	-1	0	-1	41	0	0	0	0	0	-1	0	32	0	39	0	0	-1	41	-1	9	0	41	0	41	22	0	45	37
c26220	48	0	36	43	30	0	0	0	-1	0	43	0	0	-1	49	0	-1	0	-1	41	0	-1	0	41	0	41	22	32	45	-1
c26227	0	0	34	0	30	0	41	0	34	-1	0	-1	-1	35	0	-1	24	24	24	0	38	-1	0	-1	0	-1	-1	0	-1	35
c26260	0	0	0	0	30	24	41	0	0	-1	0	0	0	37	18	-1	0	-1	0	0	36	0	0	-1	-1	37	0	0	45	0
c26299	0	0	0	-1	30	24	41	0	0	0	-1	37	0	15	0	-1	0	-1	0	37	34	0	0	-1	0	0	0	0	45	0
c26310	0	38	9	0	30	-1	41	0	-1	0	0	0	49	0	0	0	0	0	0	45	-1	29	0	-1	9	26	0	36	45	0
c26312	0	0	0	0	30	0	0	0	24	0	0	0	38	-1	35	39	0	0	0	-1	0	0	0	41	0	-1	22	-1	45	37
c26325	0	34	-1	0	30	41	24	0	0	0	0	9	-1	32	-1	39	-1	-1	0	41	-1	0	0	41	-1	41	22	0	45	37
c26327	-1	0	-1	0	30	-1	41	0	-1	49	0	0	0	41	18	-1	32	-1	46	-1	0	0	41	-1	0	0	0	-1	45	-1
c26334	0	-1	0	-1	30	0	41	0	40	0	38	0	0	27	34	0	-1	-1	37	44	0	0	0	-1	0	0	0	0	-1	0
c26335	0	-1	0	0	30	0	41	0	-1	0	38	0	0	27	34	-1	30	0	37	44	0	0	0	-1	0	0	0	0	45	0
c26341	0	0	-1	0	30	24	-1	0	0	0	46	0	0	0	-1	0	0	-1	14	0	-1	-1	-1	-1	0	-1	-1	0	45	0
c26348	0	34	-1	0	30	-1	0	-1	-1	0	43	0	-1	0	0	19	0	-1	0	41	-1	0	0	41	-1	41	22	0	45	0
c26354	-1	-1	0	0	30	24	41	-1	0	25	0	-1	0	-1	24	0	36	-1	0	-1	0	-1	-1	-1	0	0	-1	-1	45	0
c26372	43	24	0	0	-1	27	-1	0	-1	9	0	-1	37	0	-1	0	-1	0	-1	0	24	0	-1	0	44	0	38	34	-1	14
c26377	32	0	34	0	30	24	41	-1	-1	0	0	-1	0	44	0	0	0	-1	0	0	43	0	15	-1	20	49	0	34	-1	-1
c26403	49	24	49	24	30	-1	41	0	0	0	0	0	0	-1	0	40	42	-1	-1	0	0	0	32	-1	0	0	36	0	45	0
c26428	0	-1	0	4	0	0	0	-1	-1	0	0	-1	37	-1	0	0	-1	24	0	0	0	0	0	0	0	40	38	34	-1	36
c26429	-1	-1	0	4	0	0	0	0	-1	0	-1	-1	37	0	0	0	9	24	0	0	0	0	-1	-1	0	40	38	34	-1	36
c26444	43	34	0	-1	-1	41	24	-1	0	-1	-1	0	37	0	-1	0	24	0	-1	-1	14	-1	34	-1	44	22	38	34	0	10
c26448	0	-1	0	34	30	0	0	0	0	0	0	0	0	32	0	39	0	46	0	41	34	-1	-1	41	-1	41	22	-1	45	37
c26454	-1	46	0	-1	22	32	-1	-1	-1	0	-1	0	0	0	-1	34	0	-1	-1	0	0	10	0	-1	-1	38	0	34	22	0
c26461	43	24	0	44	0	27	0	-1	0	0	0	-1	-1	0	45	0	0	0	0	46	0	-1	34	-1	44	0	38	34	0	0
c26468	41	-1	32	0	30	24	41	0	0	42	-1	0	0	-1	0	-1	0	-1	0	32	0	6	-1	-1	-1	9	0	-1	45	0
c26499	0	0	47	43	0	48	9	0	44	41	30	0	-1	0	0	0	6	-1	0	0	0	0	24	0	9	0	-1	34	0	38
c26501	0	44	-1	-1	0	0	9	0	44	-1	30	0	37	0	0	25	6	24	-1	0	0	0	24	0	-1	-1	-1	-1	0	-1
c26528	-1	-1	38	0	-1	-1	41	10	0	-1	0	42	0	15	0	0	0	-1	0	0	0	0	0	-1	-1	0	0	0	45	0
c26541	43	0	-1	0	-1	27	0	0	0	-1	0	-1	-1	19	0	9	-1	0	0	14	0	-1	-1	-1	44	-1	38	34	41	34
c26550	43	0	0	0	0	0	36	0	0	0	0	34	37	-1	36	9	0	-1	-1	-1	36	-1	34	-1	-1	0	38	34	-1	32
c26560	0	0	34	-1	30	0	41	0	34	0	0	27	0	35	0	-1	0	24	-1	0	0	0	0	-1	-1	-1	-1	0	45	-1
c26561	0	0	34	0	30	0	41	0	34	0	0	27	0	-1	-1	0	0	24	0	0	0	0	-1	-1	-1	0	12	0	45	35
c26576	0	-1	-1	42	30	0	0	42	0	41	0	-1	0	36	0	39	0	0	0	41	0	0	-1	-1	0	41	-1	9	45	0
c26615	-1	24	14	0	-1	27	0	0	0	0	0	-1	37	0	0	5	34	0	-1	0	-1	-1	-1	0	-1	0	38	34	0	0
c26626	37	-1	24	47	0	32	0	-1	0	0	-1	-1	24	0	-1	-1	0	0	0	0	0	0	0	-1	-1	37	0	34	22	0
c26640	-1	0	-1	-1	30	24	-1	0	0	0	-1	0	0	-1	18	0	34	-1	0	-1	-1	5	0	-1	0	-1	0	0	45	40
c26650	37	46	-1	9	41	32	0	-1	0	24	36	0	0	0	0	0	0	-1	0	0	9	-1	0	-1	0	0	-1	34	22	0
c26675	0	0	-1	0	-1	-1	22	0	-1	0	43	0	-1	0	0	0	0	0	0	-1	0	0	0	41	0	41	-1	0	-1	0
c26694	43	0	9	0	32	0	0	-1	5	0	0	-1	37	0	0	0	27	-1	0	0	0	-1	34	36	44	0	38	34	-1	0
c26695	43	0	9	0	32	0	0	0	5	0	0	-1	37	0	0	0	27	36	-1	0	0	24	-1	36	44	0	38	34	42	-1
c26730	43	0	0	0	0	27	-1	0	-1	0	0	-1	37	0	34	9	0	2	0	0	0	-1	-1	0	-1	-1	38	-1	-1	0
c26742	-1	-1	5	0	-1	24	-1	0	0	-1	0	37	0	0	23	0	0	-1	0	0	15	0	37	-1	0	-1	0	0	-1	0
c26754	37	12	-1	0	0	32	12	-1	0	0	42	-1	0	0	-1	36	-1	0	0	0	48	33	0	-1	0	0	0	34	22	0
c26766	24	0	34	0	-1	0	41	-1	34	-1	-1	-1	0	35	-1	0	0	24	0	0	0	0	-1	-1	0	46	12	-1	45	35
c26767	24	0	34	0	30	0	41	36	-1	40	0	18	0	35	0	0	0	24	0	0	0	0	0	-1	0	46	12	0	45	35
c26772	-1	33	0	42	32	0	41	-1	0	41	-1	35	37	45	0	-1	-1	0	10	-1	0	-1	-1	0	-1	36	38	34	15	38
c26775	0	0	0	49	0	0	9	15	44	41	-1	37	37	0	0	0	6	0	0	0	44	0	24	0	9	48	38	34	-1	38
c26783	36	0	0	0	-1	0	40	-1	0	0	0	-1	0	0	0	0	0	22	-1	41	-1	-1	15	41	0	41	22	36	-1	-1
c26804	-1	9	-1	48	30	24	41	0	-1	9	0	0	-1	-1	18	0	40	-1	-1	-1	0	-1	24	-1	0	0	0	0	45	0
c26811	37	0	-1	0	0	32	-1	-1	0	34	-1	0	37	0	-1	-1	-1	-1	0	0	0	0	6	-1	-1	0	42	34	22	-1
c26812	0	-1	0	0	-1	32	0	0	-1	0	0	0	-1	0	0	0	43	24	-1	9	0	0	0	0	0	0	38	34	-1	36
c26816	43	0	0	0	0	0	24	0	0	49	0	0	37	0	0	-1	24	0	-1	-1	14	-1	34	0	44	22	38	34	0	0
c26826	0	-1	0	0	30	24	41	-1	0	38	0	37	0	24	37	-1	0	-1	0	0	0	0	0	-1	0	0	0	-1	-1	0
c26845	-1	0	-1	35	30	24	41	0	0	0	0	37	0	0	-1	-1	0	-1	0	0	0	0	0	-1	0	0	0	0	-1	0
c26867	15	46	-1	23	12	-1	-1	46	-1	0	0	0	37	0	-1	-1	29	0	0	0	36	0	0	-1	0	35	38	-1	0	38
c26881	43	0	0	-1	-1	0	0	-1	0	43	0	38	37	0	0	0	-1	-1	23	41	0	-1	34	0	-1	0	38	34	0	-1
c26926	27	-1	0	0	30	0	-1	0	0	0	43	0	-1	37	36	39	-1	0	37	41	0	0	0	41	0	41	22	48	45	0
c26927	27	-1	0	0	30	-1	-1	0	0	0	43	-1	-1	-1	36	39	41	0	37	41	0	0	0	41	0	41	22	48	45	0
c26930	0	-1	46	0	-1	40	0	49	-1	0	0	0	37	-1	0	0	0	24	0	0	37	0	0	0	0	-1	38	34	-1	36
c26950	-1	0	0	24	30	24	41	0	-1	0	0	-1	37	0	24	0	0	-1	0	-1	-1	0	0	-1	0	-1	40	49	-1	0
c26956	0	-1	0	46	30	-1	41	10	0	0	-1	0	32	-1	0	0	0	-1	0	-1	0	0	0	-1	0	32	0	0	45	13
c26982	37	35	-1	0	-1	0	0	0	0	0	41	24	37	34	19	1	0	25	0	-1	-1	-1	26	-1	0	0	38	-1	0	-1
c26991	43	-1	0	-1	0	-1	-1	35	-1	0	-1	0	37	24	0	0	-1	-1	0	0	45	33	34	0	44	0	-1	34	-1	30
c26993	0	0	49	-1	30	-1	-1	38	0	-1	0	0	-1	0	9	39	0	0	36	41	-1	0	0	41	38	41	22	-1	45	-1
c27002	43	0	0	-1	-1	-1	-1	0	0	0	9	-1	37	43	36	0	0	0	0	0	36	-1	34	6	-1	0	38	34	-1	32
c27021	-1	36	-1	-1	30	24	-1	-1	-1	41	0	37	48	0	0	-1	0	-1	0	0	0	-1	-1	-1	-1	0	0	0	-1	24
c27032	-1	0	-1	0	10	27	-1	0	-1	0	0	-1	-1	0	-1	0	6	42	0	37	-1	36	-1	-1	-1	0	38	-1	41	-1
c27053	43	24	-1	28	0	-1	0	0	0	0	-1	-1	37	0	-1	-1	-1	22	18	0	24	-1	34	-1	-1	0	38	-1	48	14
c27054	10	0	0	0	0	0	48	0	0	0	-1	0	37	0	-1	0	-1	9	-1	0	0	-1	0	0	40	0	-1	34	-1	38
c27055	-1	-1	0	0	0	0	48	-1	0	0	-1	0	37	0	-1	0	36	-1	0	0	0	3	0	0	40	0	38	34	34	38
c27067	0	25	34	0	30	0	41	0	34	0	0	24	0	35	0	-1	0	24	0	0	0	0	0	-1	0	-1	12	0	45	35
c27087	-1	-1	0	43	30	-1	36	-1	-1	24	43	0	0	0	10	-1	0	0	0	41	0	0	0	41	36	-1	22	0	45	0
c27091	-1	0	0	48	30	24	41	0	24	0	0	0	0	-1	18	-1	-1	-1	24	0	0	-1	0	-1	0	0	-1	0	-1	0
c27092	37	-1	24	9	0	-1	-1	-1	0	-1	-1	0	-1	-1	0	0	0	-1	-1	0	48	41	0	-1	0	0	-1	34	22	0
c27148	44	-1	-1	0	-1	-1	41	-1	34	0	0	0	0	-1	32	0	0	-1	0	0	-1	0	0	-1	0	0	12	-1	45	-1
c27162	0	0	0	-1	30	-1	0	-1	-1	0	0	-1	34	0	0	39	44	0	41	41	0	0	0	-1	0	41	22	9	45	32
c27163	0	0	0	-1	-1	37	-1	0	-1	0	0	-1	34	0	0	39	44	-1	41	-1	-1	0	0	41	0	41	-1	9	45	32
c27170	-1	-1	0	0	30	34	-1	-1	-1	0	43	14	0	34	-1	0	-1	0	34	41	0	0	0	41	44	41	-1	-1	45	0
c27174	0	34	0	0	30	0	-1	0	-1	0	43	-1	0	0	0	0	24	0	0	41	0	0	0	41	0	41	-1	0	45	0
c27188	36	-1	0	-1	-1	0	-1	25	0	24	0	0	27	0	43	-1	0	0	0	41	0	0	0	41	0	-1	22	0	45	0
c27192	15	49	-1	-1	0	0	0	0	0	-1	-1	0	37	45	0	0	0	0	0	27	20	24	-1	0	0	0	-1	-1	-1	38
c27193	15	49	22	42	0	0	0	0	0	-1	-1	0	37	45	-1	0	0	0	0	27	20	-1	24	0	0	0	-1	34	-1	38
c27197	27	48	25	27	30	0	-1	0	0	0	43	-1	-1	37	36	-1	41	-1	37	41	-1	0	0	41	0	41	-1	9	45	-1
c27203	0	0	34	0	-1	6	41	0	34	-1	-1	0	0	35	-1	29	0	24	0	0	0	0	0	-1	-1	-1	12	0	45	35
c27213	0	-1	-1	0	30	-1	41	0	0	0	0	-1	-1	0	24	0	0	-1	0	0	0	0	-1	-1	12	36	0	0	45	-1
c27231	37	38	-1	0	36	32	44	-1	0	0	-1	-1	-1	41	-1	0	0	0	0	0	0	0	-1	-1	0	0	0	-1	22	0
c27239	0	-1	0	0	0	32	0	0	-1	45	0	-1	37	0	0	0	43	24	38	9	-1	0	0	0	0	-1	-1	34	-1	-1
c27248	-1	20	0	0	30	24	41	0	0	-1	0	-1	-1	0	23	-1	0	-1	0	0	15	0	0	-1	0	0	0	34	-1	0
c27266	0	34	0	0	30	0	-1	0	-1	0	0	-1	0	32	0	39	0	0	34	41	34	0	36	41	0	41	22	-1	45	37
c27267	0	34	0	0	30	-1	0	0	-1	0	0	-1	0	32	0	39	0	0	34	41	34	0	36	41	0	41	22	-1	-1	-1
c27300	43	0	-1	14	0	0	0	0	0	0	-1	-1	37	-1	0	0	27	36	34	-1	0	0	34	-1	44	0	-1	34	42	0
c27303	37	-1	-1	0	0	32	0	-1	42	-1	42	-1	0	0	0	-1	0	-1	-1	37	-1	0	0	-1	0	0	0	34	22	45
c27314	22	36	-1	-1	-1	0	-1	43	0	-1	-1	0	0	0	0	0	0	22	0	41	0	0	-1	41	0	41	22	36	-1	0
c27327	0	0	0	0	30	24	41	-1	0	0	0	37	0	38	0	-1	0	-1	36	43	0	0	0	-1	0	-1	0	0	45	0
c27357	37	34	-1	0	0	32	-1	-1	49	40	0	0	0	6	31	0	24	0	-1	24	29	5	0	-1	22	36	0	34	22	40
c27371	37	46	49	9	0	32	-1	-1	0	0	36	24	0	-1	0	0	-1	35	-1	0	0	32	0	-1	0	0	0	34	22	0
c27380	5	-1	-1	-1	-1	9	-1	34	-1	-1	-1	0	37	0	49	0	0	24	0	0	0	0	0	24	0	40	-1	34	-1	36
c27386	37	-1	0	9	0	-1	-1	-1	-1	0	36	0	0	-1	-1	0	0	-1	34	0	-1	0	0	-1	0	0	-1	34	22	0
c27387	37	-1	0	-1	-1	-1	-1	-1	32	0	36	0	0	-1	0	-1	0	35	34	0	48	0	-1	-1	0	0	-1	34	22	-1
c27403	-1	0	-1	-1	30	24	41	41	0	41	37	0	0	0	41	0	0	-1	-1	0	0	-1	0	-1	0	24	-1	-1	45	35
c27407	0	0	-1	0	30	0	22	0	-1	0	-1	0	0	0	0	0	0	0	0	41	24	-1	0	41	0	41	-1	-1	45	0
c27418	-1	0	0	0	0	32	12	-1	-1	0	-1	-1	0	-1	0	36	42	0	0	0	48	-1	0	-1	0	0	36	34	22	14
c27427	37	0	43	28	0	-1	0	-1	0	0	-1	-1	24	0	-1	0	46	0	0	0	-1	40	-1	-1	-1	24	-1	34	22	0
