	0	1	2	3	4	5	6	7	8	9	10	11	12	13	14	15	16	17	18	19	20	21	22	23	24	25	26	27	28	29
c1081	0	37	0	0	20	12	0	-1	0	0	-1	37	0	0	30	0	0	0	15	0	28	0	0	2	-1	44	-1	12	12	0
c1090	0	0	-1	-1	0	20	0	0	0	0	30	37	12	-1	3	44	-1	33	-1	-1	-1	0	2	16	-1	0	0	0	12	0
c1547	-1	0	0	43	-1	50	0	0	0	-1	30	0	-1	0	0	-1	0	-1	0	0	-1	0	29	0	0	34	0	0	0	-1
c1589	0	13	0	-1	0	-1	0	0	0	16	30	37	0	-1	10	0	29	10	-1	0	0	0	0	-1	31	0	-1	22	-1	-1
c1903	0	-1	16	0	0	0	-1	20	28	0	-1	44	0	0	-1	20	0	0	-1	0	0	0	-1	0	0	48	-1	-1	43	0
c1906	0	0	0	43	0	50	-1	0	50	-1	0	0	0	44	0	0	39	0	0	16	0	46	50	0	34	0	46	0	37	0
c2065	0	0	0	-1	0	20	0	0	0	38	30	37	-1	44	50	0	-1	0	0	0	-1	0	-1	30	-1	-1	0	12	-1	0
c2073	0	0	-1	-1	-1	0	-1	0	0	38	30	29	-1	5	-1	16	29	15	0	-1	0	0	0	-1	0	-1	3	0	-1	-1
c2100	-1	0	-1	-1	-1	0	29	14	0	0	30	37	0	0	0	0	0	0	0	-1	0	0	40	0	-1	-1	0	16	0	6
c2130	0	-1	-1	-1	0	14	0	-1	0	0	30	37	0	-1	0	44	15	-1	20	-1	0	-1	2	16	0	0	0	20	12	-1
c2216	0	0	0	21	30	0	50	-1	0	0	0	44	12	-1	15	-1	-1	0	-1	-1	33	0	50	0	34	0	0	0	39	7
c2306	0	0	0	50	0	0	0	0	-1	23	30	37	0	0	0	0	0	-1	0	0	0	-1	2	-1	0	0	0	47	12	34
c2316	0	0	0	14	-1	16	20	12	0	20	-1	37	50	-1	0	-1	-1	-1	4	46	0	49	-1	0	0	-1	-1	0	12	16
c2334	7	37	0	0	20	12	0	-1	0	0	30	-1	0	31	0	-1	0	12	0	29	-1	-1	0	-1	14	0	44	38	12	-1
c2339	29	20	-1	0	0	0	37	0	0	21	0	44	0	44	15	0	38	43	15	0	-1	-1	-1	-1	34	0	46	0	-1	7
c2368	12	0	0	5	38	49	-1	0	0	-1	-1	0	-1	0	-1	0	29	0	-1	0	0	-1	-1	29	0	27	20	0	0	0
c2404	-1	-1	0	0	-1	-1	20	0	50	39	30	-1	0	39	-1	-1	0	0	-1	-1	0	0	-1	9	0	-1	-1	0	-1	0
c2432	0	-1	0	0	12	0	37	0	-1	0	0	-1	0	44	15	0	-1	44	9	0	0	-1	-1	0	34	47	0	0	39	7
c2442	0	16	0	4	0	50	-1	38	-1	0	30	0	0	-1	-1	-1	0	0	20	0	0	23	0	-1	-1	0	0	0	28	0
c2499	0	37	0	0	37	-1	-1	0	0	-1	-1	0	0	44	-1	0	39	0	0	-1	0	46	-1	0	-1	0	0	0	37	20
c2536	1	-1	0	0	12	-1	0	0	0	0	0	0	0	44	0	46	39	0	0	16	0	0	50	-1	34	0	-1	14	0	0
c2622	0	0	0	6	0	-1	-1	0	0	0	-1	37	14	-1	-1	-1	0	0	0	0	-1	21	2	-1	47	0	-1	0	12	34
c2787	-1	0	0	0	20	0	15	0	0	0	-1	-1	-1	-1	49	0	50	0	0	-1	-1	0	2	20	0	-1	0	0	12	34
c2800	0	-1	0	43	0	-1	37	0	0	0	4	-1	0	44	15	20	49	0	0	0	0	-1	-1	0	-1	15	0	-1	39	7
c2853	0	-1	50	-1	0	0	7	0	0	-1	37	0	0	44	0	0	-1	0	0	-1	49	0	50	-1	34	0	0	0	0	20
c2914	0	0	-1	-1	38	-1	-1	-1	0	0	30	39	20	0	0	0	29	0	20	-1	-1	31	0	-1	0	12	3	0	-1	-1
c2944	0	0	-1	48	0	0	0	0	0	0	39	-1	0	44	0	0	0	0	0	-1	0	0	50	0	34	0	0	0	20	0
c3005	0	-1	0	0	-1	30	-1	0	0	0	47	-1	0	44	-1	0	0	46	0	12	0	0	50	-1	34	0	43	0	39	7
c3022	0	-1	12	0	12	20	39	3	0	0	30	37	-1	0	-1	20	0	12	-1	0	0	0	20	37	-1	0	0	12	12	-1
c3028	28	-1	0	49	0	0	0	0	0	-1	30	37	0	-1	0	44	39	0	-1	-1	0	-1	2	16	-1	27	23	0	12	0
c3058	0	-1	0	-1	0	15	0	0	50	-1	30	37	-1	0	10	0	17	10	0	29	-1	0	0	20	0	0	0	-1	12	0
c3111	-1	-1	0	-1	-1	43	0	12	38	0	30	37	15	-1	0	0	0	29	3	-1	27	0	2	29	-1	0	0	29	-1	-1
c3159	0	0	50	-1	0	0	12	29	39	0	37	6	0	44	0	0	34	-1	-1	-1	-1	0	50	-1	34	0	0	3	0	20
c3163	-1	-1	0	0	0	-1	14	0	0	-1	-1	0	-1	44	0	38	39	-1	-1	16	0	46	50	0	34	0	0	0	37	0
c3217	0	29	-1	-1	44	0	0	0	0	0	-1	37	0	0	0	0	0	-1	15	38	-1	0	-1	0	0	-1	0	-1	-1	0
c3224	0	34	-1	5	38	0	-1	42	-1	-1	30	-1	-1	-1	-1	50	29	0	0	-1	0	0	0	29	0	0	3	0	20	-1
c3306	0	43	-1	14	-1	0	20	0	38	0	30	37	0	30	0	-1	-1	-1	4	0	49	0	-1	0	-1	-1	0	-1	12	0
c3434	29	-1	0	0	0	0	37	0	-1	0	0	44	0	-1	15	30	0	0	15	29	29	-1	-1	0	34	-1	46	16	39	7
c3456	0	-1	8	0	0	50	0	0	31	-1	-1	0	16	-1	0	41	0	16	-1	-1	0	-1	-1	34	-1	0	14	0	0	8
c3501	-1	-1	0	43	15	50	15	0	0	0	30	14	0	0	0	-1	0	0	0	0	-1	-1	29	0	-1	34	0	0	0	-1
c3575	-1	0	-1	-1	-1	0	0	0	-1	0	30	37	-1	-1	12	-1	0	0	0	38	0	0	0	0	0	0	-1	-1	38	0
c3738	0	0	-1	-1	0	0	-1	20	0	-1	30	0	-1	-1	0	0	0	0	-1	-1	27	-1	20	0	-1	48	-1	-1	43	0
c3906	-1	0	2	-1	-1	0	0	28	-1	0	30	-1	-1	-1	0	44	0	0	0	3	44	-1	2	16	0	0	0	0	-1	0
c3922	0	0	0	-1	12	-1	14	0	0	13	30	37	-1	0	5	0	0	0	0	0	0	0	-1	43	0	0	-1	37	12	37
c3994	0	0	-1	0	0	0	37	0	0	0	30	37	0	0	0	0	0	44	20	38	-1	-1	0	20	0	0	0	0	0	0
c4066	0	0	-1	5	38	-1	-1	0	36	0	30	-1	0	5	0	16	-1	15	0	0	0	-1	0	-1	-1	0	3	0	-1	0
c4069	43	0	0	-1	44	0	0	0	-1	0	30	-1	0	0	0	0	47	0	0	38	0	0	0	0	0	0	29	16	0	0
c4128	-1	-1	-1	-1	44	0	0	-1	-1	0	30	37	-1	0	-1	-1	0	0	0	-1	0	0	16	0	0	0	0	-1	0	0
c4129	0	13	0	-1	44	0	0	-1	0	0	30	37	0	0	12	0	0	0	0	38	-1	0	0	0	-1	0	-1	16	-1	0
c4278	0	0	0	-1	0	50	0	-1	14	0	30	0	0	37	-1	0	37	-1	20	0	0	-1	0	17	14	1	43	0	0	0
c4361	0	20	0	0	0	0	37	0	0	16	0	44	0	-1	15	0	0	0	0	0	0	-1	-1	0	34	0	46	0	-1	7
c4364	-1	14	-1	2	-1	0	25	20	-1	0	30	37	0	-1	0	50	0	0	-1	20	0	-1	50	0	37	0	0	0	0	-1
c4365	0	14	-1	23	0	0	-1	20	0	0	-1	37	0	-1	0	-1	0	0	-1	20	0	0	50	-1	-1	0	0	37	0	0
c4420	0	-1	0	-1	0	14	0	-1	0	0	30	37	0	-1	0	44	0	0	-1	3	0	-1	2	16	0	0	0	-1	12	-1
c4490	0	0	-1	5	38	-1	-1	0	-1	-1	-1	0	0	0	41	0	29	0	0	0	-1	0	0	29	0	0	3	0	0	-1
c4508	0	-1	7	0	-1	0	37	0	0	0	-1	44	0	-1	15	0	0	0	0	-1	0	-1	-1	0	34	4	12	-1	39	-1
c4511	0	0	0	5	38	38	-1	0	50	-1	30	0	-1	-1	0	0	29	0	0	0	0	20	-1	29	0	-1	0	0	0	0
c4553	0	-1	-1	5	38	20	-1	37	0	-1	30	10	0	0	-1	0	29	37	0	0	0	20	0	29	-1	27	-1	0	0	0
c4565	-1	20	0	2	0	-1	-1	-1	43	0	0	-1	0	44	-1	15	-1	0	15	12	0	-1	-1	0	-1	0	0	0	-1	-1
c4581	0	20	0	0	20	-1	0	0	0	-1	46	0	10	44	15	0	0	-1	0	-1	0	-1	-1	13	-1	-1	-1	29	0	29
c4599	0	0	-1	14	-1	50	-1	12	0	0	30	37	0	-1	16	39	0	0	4	-1	-1	20	-1	0	0	-1	0	-1	12	16
c4669	0	0	-1	-1	0	0	10	0	0	21	-1	37	0	0	-1	12	12	0	-1	38	26	-1	-1	0	0	-1	-1	16	0	0
c4692	-1	20	4	37	0	44	12	0	37	0	30	37	37	0	44	0	0	44	0	36	0	0	0	0	-1	0	10	0	14	-1
c4754	0	14	-1	-1	0	0	0	20	-1	16	30	0	-1	0	-1	50	0	7	47	0	0	10	50	0	37	-1	0	0	0	0
c4760	39	-1	-1	0	6	0	37	0	28	-1	-1	44	0	44	15	0	-1	29	0	-1	-1	-1	50	-1	34	-1	0	0	39	7
c4764	0	0	0	-1	0	0	0	0	0	0	30	37	18	0	0	0	0	-1	0	38	0	0	0	0	-1	0	0	-1	-1	-1
c4773	0	0	0	5	38	-1	-1	0	0	0	30	0	-1	0	-1	50	29	0	39	-1	0	20	0	29	0	27	-1	-1	0	16
c4777	0	-1	9	0	-1	-1	-1	0	13	0	30	37	23	-1	0	44	0	0	0	-1	-1	0	2	-1	0	0	12	15	12	7
c4815	43	-1	0	-1	0	-1	37	-1	3	-1	0	44	0	44	15	0	0	0	0	0	0	-1	-1	0	34	-1	0	-1	39	7
c4824	-1	0	20	48	0	0	20	0	0	-1	39	-1	50	44	0	0	-1	0	-1	-1	0	0	50	0	-1	44	0	0	20	0
c4864	-1	-1	-1	0	0	0	0	20	0	29	30	-1	0	43	-1	14	31	0	47	0	0	0	0	0	0	0	-1	37	0	0
c4908	0	0	0	5	38	10	-1	14	0	20	-1	-1	-1	-1	-1	0	29	2	0	37	0	20	0	29	0	50	20	0	-1	0
c4941	20	0	0	0	20	0	44	-1	-1	0	-1	-1	-1	-1	15	-1	0	14	0	0	0	0	50	0	34	-1	-1	0	50	0
c4947	20	0	0	-1	0	0	0	0	0	0	30	37	-1	16	0	37	0	0	0	38	0	0	-1	30	0	-1	0	16	0	-1
c4949	-1	0	-1	0	0	-1	0	0	-1	0	30	37	-1	0	0	-1	-1	12	0	-1	0	16	20	0	0	0	0	0	12	0
c4980	0	12	0	-1	15	-1	-1	0	49	0	30	37	0	0	-1	-1	0	20	16	0	-1	5	0	-1	0	0	0	0	12	0
c4985	-1	14	50	0	0	0	15	-1	0	0	37	-1	45	-1	-1	0	34	0	-1	0	0	0	50	0	-1	0	0	3	0	20
c5003	0	43	0	0	-1	0	50	-1	0	-1	0	-1	0	44	15	-1	0	0	0	12	-1	0	50	0	34	0	50	-1	39	7
c5009	38	-1	20	48	0	0	0	0	-1	-1	39	-1	0	44	0	0	0	0	0	-1	0	0	50	0	34	44	29	0	20	-1
c5013	0	0	0	14	0	0	20	0	42	0	30	37	-1	49	0	-1	0	38	4	0	-1	0	-1	0	0	-1	0	-1	12	16
c5055	0	0	0	5	38	0	-1	0	0	14	30	0	13	0	-1	16	29	38	39	0	20	-1	0	-1	0	27	20	-1	0	0
c5088	0	0	0	0	0	50	12	0	46	0	-1	-1	41	-1	0	47	-1	0	0	14	0	0	-1	0	16	31	25	0	29	38
c5098	12	0	0	-1	38	44	-1	0	-1	0	30	0	-1	0	0	0	29	0	0	0	12	20	-1	29	4	0	-1	0	0	14
c5112	0	16	0	-1	0	38	14	0	0	-1	30	-1	0	0	13	0	20	0	0	12	7	0	44	0	-1	0	0	0	-1	0
c5120	0	37	-1	5	38	14	-1	-1	0	-1	30	0	-1	0	0	7	29	0	0	0	0	20	0	29	50	-1	20	0	37	0
c5127	-1	-1	0	0	0	0	0	-1	44	-1	-1	37	0	38	0	0	20	0	44	38	29	0	-1	0	0	0	-1	-1	28	20
c5137	-1	-1	0	0	1	21	14	0	43	39	30	37	0	-1	0	0	0	39	0	0	0	-1	49	0	-1	13	28	0	12	0
c5165	0	37	-1	5	38	0	-1	0	0	0	30	0	0	0	0	7	29	0	-1	0	0	20	-1	-1	0	-1	20	0	0	0
c5179	-1	10	-1	0	0	-1	0	20	-1	29	30	0	-1	43	-1	-1	-1	0	-1	0	0	0	0	-1	0	0	-1	0	20	0
c5199	-1	0	0	-1	-1	0	4	0	-1	-1	30	-1	12	-1	3	44	0	0	7	3	46	12	2	16	-1	0	0	0	12	6
c5200	-1	-1	0	-1	0	0	0	15	0	0	30	37	-1	0	50	0	0	0	0	38	20	0	0	0	0	-1	-1	16	-1	0
c5201	-1	0	0	-1	0	44	0	15	0	0	-1	37	0	0	0	19	0	0	0	38	20	-1	0	0	0	0	0	16	0	0
c5241	-1	-1	0	-1	38	0	-1	14	0	20	-1	15	14	0	0	0	-1	2	0	0	0	20	0	29	0	50	20	30	-1	0
c5297	-1	29	0	-1	44	2	50	0	-1	0	30	37	-1	0	0	0	0	0	0	38	0	-1	0	0	0	43	-1	16	-1	-1
c5318	50	0	0	-1	0	0	0	-1	0	0	30	37	21	46	0	-1	0	0	0	0	0	0	2	0	14	0	-1	10	12	34
c5327	0	0	-1	-1	0	43	0	12	0	0	30	37	15	0	20	0	0	-1	15	0	0	0	-1	0	0	0	-1	0	-1	0
c5344	0	-1	0	0	47	-1	37	0	0	0	-1	-1	0	-1	15	0	0	0	0	0	-1	-1	50	0	34	-1	0	0	39	7
c5390	0	-1	0	0	0	0	-1	0	44	0	30	37	0	38	0	0	0	0	44	38	29	0	0	0	0	-1	-1	-1	-1	20
c5448	46	-1	4	5	38	-1	-1	14	0	0	30	-1	47	0	0	0	29	-1	0	0	0	20	0	29	0	50	20	0	0	8
c5449	-1	0	4	5	38	18	-1	14	0	0	30	-1	47	0	12	0	29	2	0	0	0	20	-1	29	0	50	20	0	0	8
c5450	-1	0	0	0	-1	0	29	0	0	0	-1	0	0	44	29	0	0	-1	0	-1	0	0	50	0	34	0	16	0	-1	29
c5451	50	-1	0	0	47	0	29	0	-1	0	0	0	-1	44	29	0	0	0	-1	0	0	0	50	-1	-1	0	16	0	-1	29
c5454	0	-1	-1	43	0	-1	37	0	0	0	4	-1	0	44	15	-1	0	0	0	-1	0	-1	50	0	34	-1	38	0	39	7
c5465	10	0	0	-1	-1	0	-1	20	0	0	30	37	14	34	10	0	0	10	15	0	-1	-1	0	20	43	37	0	0	12	0
c5519	-1	0	7	8	12	0	0	0	-1	0	30	16	0	0	-1	0	0	-1	0	12	0	0	38	-1	16	32	0	0	-1	0
c5524	-1	10	-1	0	16	0	-1	20	0	29	30	0	15	-1	0	14	0	0	-1	-1	-1	0	50	0	0	0	-1	-1	0	0
c5528	0	0	0	0	-1	0	0	0	37	0	37	0	0	44	0	28	39	0	0	-1	29	0	50	0	34	0	0	0	37	-1
c5544	0	0	-1	5	38	20	-1	-1	-1	39	30	0	-1	-1	-1	0	29	37	0	-1	0	-1	0	-1	0	27	20	47	14	0
c5607	15	-1	0	16	0	0	0	0	0	-1	30	37	0	-1	0	-1	-1	0	6	3	0	49	2	16	0	0	0	13	12	0
c5618	0	0	50	0	0	0	28	0	0	-1	37	0	49	-1	-1	0	-1	-1	0	0	0	37	50	-1	34	-1	0	0	0	20
c5649	0	20	-1	0	0	0	37	-1	0	0	0	-1	0	44	15	0	0	0	0	0	0	-1	-1	49	34	-1	-1	-1	39	7
c5662	0	20	0	0	-1	-1	37	12	0	0	10	44	0	44	15	-1	0	-1	13	12	0	-1	-1	20	34	0	0	44	39	7
c5675	0	0	0	-1	0	-1	-1	43	0	0	-1	37	-1	-1	12	0	0	0	5	38	0	0	0	-1	0	-1	-1	-1	38	0
c5696	0	-1	-1	5	38	0	-1	-1	0	0	30	0	20	-1	0	0	-1	0	0	0	0	-1	8	-1	0	0	3	-1	0	0
c5709	0	0	0	0	8	-1	0	0	0	0	30	37	12	-1	3	44	0	0	0	3	0	0	2	16	0	0	0	0	12	38
c5747	0	0	0	0	0	-1	37	0	-1	0	30	37	-1	0	0	0	-1	44	0	38	0	0	0	20	16	-1	33	-1	0	44
c5753	46	1	-1	-1	13	0	-1	0	0	-1	-1	37	-1	0	-1	0	0	12	0	0	12	16	-1	0	-1	44	0	0	12	0
c5767	0	20	0	0	0	0	37	0	0	12	0	-1	0	-1	15	0	0	0	0	0	2	-1	-1	0	34	0	-1	0	39	7
c5774	-1	0	-1	-1	38	0	-1	0	3	0	30	29	0	5	0	16	29	15	0	-1	-1	0	0	-1	0	0	3	-1	-1	0
c5787	0	-1	0	14	0	-1	20	-1	-1	-1	30	37	0	20	10	0	-1	0	-1	15	0	0	-1	0	0	-1	28	0	12	0
c5824	16	0	-1	0	0	0	29	0	-1	0	30	37	-1	-1	0	44	-1	0	0	-1	0	0	2	16	0	0	0	-1	12	0
c5900	0	20	0	-1	12	46	37	-1	0	-1	0	44	14	44	-1	33	20	0	-1	0	43	-1	-1	-1	-1	0	-1	28	-1	7
c5934	47	0	0	0	0	0	37	41	0	0	-1	37	0	0	0	0	0	28	0	38	-1	16	2	0	0	-1	0	13	0	0
c5954	0	-1	-1	6	-1	0	0	-1	0	0	30	37	-1	0	49	0	0	6	0	20	15	21	2	0	-1	0	0	0	12	34
c6011	0	14	0	0	20	-1	-1	0	-1	-1	0	0	0	-1	15	-1	-1	10	37	0	12	0	50	-1	34	0	-1	0	12	0
c6032	0	37	12	37	20	12	0	-1	0	0	30	37	-1	20	0	0	-1	0	0	0	28	0	0	0	-1	0	44	0	12	0
c6069	0	0	0	14	21	0	20	-1	0	0	30	37	44	38	-1	0	0	41	-1	5	0	0	-1	43	0	-1	0	0	12	16
c6173	0	20	-1	0	0	-1	37	0	0	0	0	-1	0	44	15	-1	0	0	0	12	0	-1	-1	0	34	-1	-1	0	-1	7
c6178	43	0	-1	-1	27	0	20	0	-1	0	30	-1	0	10	-1	0	0	0	4	-1	0	12	-1	0	0	-1	41	-1	12	30
c6184	0	0	0	0	39	0	0	0	0	0	30	37	20	-1	0	0	44	0	0	-1	5	7	2	0	0	0	0	-1	-1	34
c6219	0	0	0	0	0	0	0	0	-1	-1	-1	0	0	44	0	38	39	12	0	-1	0	46	50	0	34	0	0	0	37	0
c6225	-1	37	-1	0	47	44	0	0	0	-1	0	0	9	-1	0	0	41	0	-1	0	0	0	-1	0	-1	0	-1	-1	20	0
c6230	0	0	0	-1	-1	1	-1	-1	39	49	-1	37	0	0	0	0	0	0	0	38	-1	-1	0	0	0	0	0	16	0	0
c6238	14	0	39	-1	0	50	0	0	0	0	30	50	-1	0	0	3	-1	0	0	-1	0	0	0	0	-1	0	43	25	-1	0
c6260	46	-1	12	46	0	0	-1	0	12	-1	-1	37	-1	0	-1	0	-1	12	0	0	0	-1	20	0	0	10	0	-1	12	0
c6293	-1	-1	0	-1	0	-1	0	0	-1	-1	30	-1	-1	-1	0	0	0	0	0	0	-1	0	29	10	0	34	0	0	0	-1
c6297	0	38	0	37	20	0	-1	0	0	0	0	0	0	-1	15	0	0	-1	0	0	0	0	-1	2	34	0	41	0	29	0
c6325	-1	0	0	5	38	0	-1	14	0	20	-1	15	0	0	0	0	29	2	0	0	-1	20	0	29	0	50	20	0	-1	-1
c6346	0	-1	0	0	16	0	37	44	0	0	0	44	0	44	15	16	0	0	0	0	0	-1	50	0	34	0	-1	0	39	7
c6393	-1	38	0	0	20	0	0	0	12	-1	0	0	0	-1	15	0	0	0	29	0	0	0	50	-1	34	-1	-1	0	29	20
c6405	20	-1	0	-1	0	0	-1	0	0	46	-1	37	0	16	0	-1	0	0	0	38	0	49	-1	0	0	-1	0	-1	0	-1
c6421	0	0	-1	0	39	50	12	0	0	-1	30	0	-1	1	0	-1	-1	0	-1	0	-1	0	37	0	-1	44	-1	0	0	0
c6422	-1	16	16	20	15	21	0	0	0	-1	30	37	0	0	29	-1	0	20	-1	0	-1	20	0	-1	0	0	12	0	12	0
c6427	0	38	0	0	-1	-1	-1	0	0	-1	-1	47	0	-1	15	0	0	0	0	0	0	-1	50	-1	-1	0	0	0	29	0
c6440	0	-1	0	0	14	0	0	-1	44	0	30	37	0	29	2	-1	0	0	0	38	0	0	2	0	0	4	0	-1	12	34
c6465	0	28	0	12	0	0	0	0	23	-1	-1	37	0	0	0	0	12	-1	-1	0	0	-1	2	0	0	0	0	0	12	34
c6494	29	20	-1	0	-1	0	37	-1	0	0	0	44	0	44	15	-1	-1	0	15	0	-1	-1	-1	-1	-1	0	46	0	-1	-1
c6533	12	10	0	5	38	0	-1	-1	0	0	30	0	0	44	-1	0	-1	-1	0	-1	-1	-1	0	29	-1	-1	20	-1	0	0
c6548	-1	0	0	0	0	0	-1	20	43	0	30	0	20	-1	46	0	15	-1	47	43	0	0	20	0	0	48	16	0	-1	0
c6554	0	-1	-1	0	0	0	-1	0	0	0	30	37	0	0	0	0	0	-1	12	0	-1	0	-1	0	0	0	0	0	12	34
c6559	0	14	-1	0	20	0	0	0	14	41	0	49	0	-1	15	-1	0	-1	37	0	47	-1	-1	0	34	0	0	0	12	0
c6597	0	-1	0	0	47	0	0	0	-1	0	0	0	0	-1	-1	0	0	-1	39	-1	-1	-1	50	0	-1	-1	0	-1	20	0
c6627	0	0	0	6	0	20	7	-1	-1	38	30	37	0	44	50	0	0	0	0	0	20	12	0	0	0	28	0	0	12	0
c6639	-1	0	0	0	0	0	0	0	-1	0	-1	37	-1	-1	0	0	0	0	0	47	0	0	2	0	0	7	0	0	12	34
c6666	-1	0	0	-1	0	0	0	0	0	0	-1	37	18	0	-1	-1	0	0	0	38	0	0	0	0	0	0	0	16	0	-1
c6667	0	3	0	-1	0	0	0	0	0	0	30	37	18	0	0	18	0	0	0	-1	0	0	0	-1	0	0	0	16	0	-1
c6691	46	0	-1	5	-1	0	-1	-1	0	-1	30	50	47	0	0	0	29	2	0	-1	0	20	0	-1	12	-1	20	0	0	-1
c6770	-1	-1	43	-1	-1	43	0	-1	0	0	-1	37	-1	-1	-1	0	0	0	0	0	0	0	2	0	0	-1	0	0	-1	0
c6783	0	-1	-1	5	38	-1	-1	0	0	-1	-1	-1	0	15	0	0	-1	0	-1	0	0	14	0	29	-1	0	3	44	0	0
c6784	0	44	0	14	0	43	-1	12	47	-1	30	-1	15	0	-1	0	-1	0	44	0	0	0	-1	0	12	0	-1	0	-1	-1
c6806	-1	-1	0	14	27	0	20	0	0	0	30	37	0	10	-1	0	0	0	4	-1	0	12	-1	0	0	-1	41	0	12	15
c6845	0	0	3	39	0	-1	0	-1	-1	0	30	0	50	0	0	0	-1	37	39	0	0	-1	-1	0	-1	-1	43	0	20	0
c6870	44	0	20	0	49	0	0	-1	0	0	30	0	0	0	0	-1	0	12	0	0	0	5	-1	0	0	5	15	50	-1	-1
c6900	0	0	0	0	0	-1	12	0	46	0	-1	37	-1	0	0	0	-1	-1	0	14	0	-1	0	2	16	31	25	0	29	38
c6907	28	50	20	0	14	20	-1	20	0	0	30	37	0	-1	50	0	16	0	49	43	0	0	-1	0	44	0	0	-1	-1	0
c6934	0	0	44	5	-1	-1	-1	0	0	39	30	0	0	0	-1	0	29	0	-1	0	0	20	0	29	0	27	20	0	0	0
c6941	0	-1	0	0	28	-1	37	-1	0	0	44	44	-1	44	15	-1	-1	0	0	12	0	-1	-1	0	34	12	2	0	39	7
c6948	0	0	0	0	39	50	12	0	29	0	30	0	0	0	0	0	-1	10	0	0	0	-1	37	0	16	44	25	2	0	0
c6950	0	37	0	5	38	0	-1	0	0	16	30	0	0	0	46	-1	29	0	0	38	0	-1	-1	29	8	-1	20	0	0	0
c6956	0	0	0	-1	0	-1	0	33	0	0	-1	37	-1	0	0	0	20	0	0	38	0	0	0	0	0	0	0	16	8	-1
c7017	44	16	0	0	0	0	-1	16	-1	0	30	0	0	0	0	-1	0	-1	12	0	0	0	-1	0	0	20	-1	0	-1	-1
c7039	0	-1	0	-1	0	0	-1	-1	0	-1	-1	37	0	0	0	0	0	-1	0	0	20	21	2	0	0	-1	0	0	12	34
c7098	0	0	0	25	20	0	0	-1	-1	-1	0	43	0	-1	15	0	0	0	0	0	0	0	-1	43	34	-1	0	0	-1	0
c7099	0	0	0	25	20	0	0	0	-1	-1	0	43	0	-1	15	31	0	0	-1	0	0	-1	-1	43	34	0	0	0	12	0
c7126	0	0	-1	-1	0	0	0	0	0	-1	-1	0	0	44	0	0	39	0	0	16	43	-1	50	0	-1	0	0	0	37	0
c7130	0	0	0	5	-1	20	-1	37	0	39	-1	0	0	0	-1	0	-1	37	-1	44	0	20	0	29	0	27	-1	0	0	0
c7141	-1	0	-1	-1	-1	0	0	7	0	0	-1	37	0	0	-1	0	0	0	0	38	20	0	0	50	0	7	0	16	0	0
c7147	-1	0	0	-1	-1	14	-1	28	0	0	30	-1	0	-1	0	44	0	0	0	-1	0	-1	2	16	0	0	0	34	-1	0
c7149	0	0	0	5	-1	-1	-1	0	-1	-1	30	0	-1	-1	0	0	29	0	0	0	0	20	-1	29	-1	-1	0	16	-1	0
c7157	34	0	0	-1	-1	0	0	0	0	-1	-1	-1	-1	29	0	0	0	-1	0	38	-1	0	0	0	0	0	0	16	0	-1
c7159	-1	0	0	-1	-1	28	-1	0	0	44	30	37	49	-1	0	44	0	0	0	3	0	0	-1	16	0	0	0	0	-1	0
c7160	0	20	0	16	0	0	37	29	0	0	13	44	-1	-1	-1	0	0	0	0	-1	0	-1	-1	-1	34	-1	-1	37	39	7
c7167	-1	0	0	0	0	20	0	0	46	38	30	-1	0	-1	50	-1	0	0	0	0	0	-1	28	0	29	-1	-1	0	12	0
c7180	-1	0	0	-1	44	1	-1	-1	-1	0	30	37	-1	0	0	0	0	0	0	38	0	-1	-1	-1	0	0	-1	16	0	0
c7186	-1	43	20	0	0	0	-1	0	-1	0	30	37	0	0	0	0	0	0	0	38	0	0	0	-1	0	0	0	0	0	0
c7187	-1	-1	20	0	-1	0	37	0	-1	0	30	37	0	-1	0	0	0	0	0	38	-1	0	0	0	-1	-1	0	0	0	0
c7204	0	-1	44	0	12	-1	14	-1	0	13	30	37	0	0	0	-1	0	0	0	-1	0	0	-1	0	-1	0	-1	0	12	37
c7293	-1	-1	-1	-1	-1	0	0	-1	0	-1	30	37	0	43	0	12	12	0	0	38	0	-1	0	-1	0	0	-1	16	0	0
c7311	0	-1	-1	0	-1	-1	0	0	-1	0	44	-1	0	-1	15	0	0	-1	37	0	0	0	50	0	-1	10	0	0	12	-1
c7317	0	0	0	4	50	50	0	44	0	0	30	0	-1	21	0	28	0	0	0	0	0	23	0	0	33	0	0	0	20	-1
c7399	0	0	50	16	-1	-1	28	0	0	-1	37	37	-1	44	0	0	0	0	30	0	0	0	50	0	34	0	0	0	0	20
c7415	44	-1	23	-1	0	0	0	0	0	0	30	0	0	0	-1	0	20	0	0	-1	-1	0	38	0	0	20	-1	0	-1	-1
c7429	0	0	0	14	-1	-1	0	-1	-1	-1	-1	-1	15	0	0	0	43	0	0	0	-1	0	2	0	0	-1	0	0	-1	-1
c7437	0	-1	0	-1	0	-1	-1	0	0	28	4	44	-1	44	15	-1	0	0	0	-1	13	-1	-1	-1	-1	12	0	0	39	7
c7449	0	-1	0	43	43	0	0	-1	20	0	30	-1	0	0	-1	0	0	15	0	13	-1	10	-1	-1	0	0	-1	0	12	0
c7456	0	0	0	0	10	50	12	-1	0	-1	30	-1	-1	0	-1	0	-1	12	0	31	8	20	37	0	16	44	25	0	0	43
c7461	50	-1	0	0	47	0	-1	0	0	0	0	0	14	44	-1	-1	44	47	0	-1	0	0	50	0	-1	0	-1	0	20	29
c7492	43	0	9	0	0	0	29	37	-1	0	30	-1	-1	-1	46	44	0	0	0	3	0	0	2	16	0	-1	-1	0	12	0
c7507	0	-1	-1	0	0	0	37	0	48	-1	30	37	0	0	-1	0	0	-1	0	38	0	16	2	0	0	-1	0	13	0	-1
c7546	0	0	23	5	38	0	-1	50	0	0	30	0	0	50	-1	-1	29	2	-1	20	37	-1	0	29	0	0	-1	37	-1	0
c7553	0	0	50	-1	0	-1	12	0	-1	0	37	6	0	44	0	0	34	33	0	0	0	0	50	0	34	0	-1	3	0	20
c7570	8	10	-1	-1	2	-1	0	20	0	29	30	-1	0	-1	0	-1	0	-1	47	0	37	0	0	-1	0	0	-1	-1	20	-1
c7589	0	0	-1	0	0	43	14	0	0	-1	0	-1	0	44	0	38	39	-1	0	16	-1	46	50	0	34	0	0	0	-1	-1
c7606	0	0	-1	5	38	0	-1	0	0	0	30	0	20	0	0	0	29	-1	-1	0	-1	31	-1	29	0	0	3	0	0	0
c7607	0	0	-1	5	38	0	-1	0	0	0	30	-1	20	0	25	0	29	0	-1	20	0	-1	0	-1	-1	0	3	0	0	0
c7609	0	-1	0	0	15	0	-1	0	0	-1	30	37	0	13	-1	20	0	-1	16	0	23	-1	0	0	20	0	0	0	12	20
c7616	0	0	0	-1	38	0	-1	27	0	0	30	-1	0	0	-1	0	29	0	0	-1	0	-1	0	29	14	27	-1	0	0	-1
c7626	0	0	-1	5	38	23	-1	-1	0	0	30	0	20	0	44	0	-1	-1	20	-1	0	31	0	29	0	0	3	0	0	-1
c7639	0	-1	-1	-1	0	0	-1	0	39	-1	30	37	0	-1	0	-1	12	-1	0	3	-1	0	2	-1	0	0	-1	0	12	10
c7644	-1	38	-1	0	-1	0	-1	37	0	0	15	-1	0	-1	-1	0	0	0	0	0	0	-1	50	1	34	0	-1	0	-1	-1
c7669	-1	0	0	14	-1	43	20	12	0	-1	-1	37	15	0	0	-1	-1	-1	0	0	0	-1	2	29	0	-1	0	0	-1	0
c7672	-1	0	0	28	-1	-1	50	12	0	0	-1	44	12	44	15	0	0	0	0	0	0	0	50	0	34	0	0	0	39	7
c7701	0	37	0	5	38	0	-1	0	0	0	30	0	0	0	-1	7	29	12	0	-1	43	20	0	29	0	-1	20	0	0	0
c7704	0	14	-1	0	0	0	0	-1	0	0	-1	0	-1	0	-1	0	0	-1	47	0	0	-1	0	0	0	0	0	23	0	0
c7705	0	-1	-1	0	0	0	0	-1	-1	0	30	0	-1	-1	-1	0	0	0	47	9	0	-1	0	0	0	0	0	23	0	0
c7713	-1	-1	-1	-1	13	0	-1	-1	0	-1	-1	37	-1	0	0	0	0	12	-1	0	12	16	20	0	0	-1	0	0	12	0
c7746	0	0	0	5	-1	-1	-1	-1	0	0	30	0	0	39	43	0	29	2	-1	15	0	20	44	29	0	0	20	0	0	0
c7776	10	0	0	-1	0	0	37	-1	-1	0	30	37	44	0	-1	-1	0	0	0	38	-1	0	0	0	-1	0	47	0	0	0
c7780	-1	-1	-1	5	38	0	-1	0	0	-1	30	29	0	5	0	16	29	15	0	0	0	-1	0	-1	0	0	3	-1	-1	0
c7781	-1	0	-1	5	38	0	-1	0	0	-1	30	29	0	-1	0	16	29	15	0	-1	0	0	0	-1	0	0	-1	-1	-1	0
c7793	0	-1	-1	5	38	-1	-1	37	0	39	30	0	0	0	-1	0	29	37	0	0	0	-1	0	29	29	27	20	-1	14	-1
c7800	0	20	0	-1	0	-1	37	0	0	0	0	44	0	44	15	15	0	-1	13	12	-1	-1	-1	20	34	-1	0	44	-1	-1
c7819	0	-1	-1	-1	0	46	37	0	0	-1	0	44	0	44	15	0	20	0	-1	-1	0	-1	-1	-1	-1	-1	-1	28	39	7
c7840	0	43	34	-1	44	0	0	0	0	-1	30	-1	33	20	0	0	33	10	16	0	0	-1	-1	20	0	38	7	0	-1	-1
c7860	0	0	-1	14	27	0	20	-1	0	15	30	37	0	0	0	0	0	0	4	-1	0	12	-1	0	0	-1	41	0	-1	0
c7874	-1	0	0	-1	-1	20	0	-1	20	-1	30	37	-1	0	0	0	20	0	-1	38	0	0	0	0	0	29	0	16	0	-1
c7875	0	-1	0	-1	0	0	0	33	0	-1	30	37	-1	0	0	0	20	0	-1	38	0	0	-1	0	0	0	0	16	0	-1
c7894	0	0	7	14	0	-1	4	12	0	0	30	-1	0	0	-1	-1	-1	-1	0	-1	0	0	2	-1	0	-1	-1	0	-1	0
c7898	46	0	-1	5	38	-1	-1	14	0	0	30	-1	47	0	-1	0	29	2	0	0	0	-1	-1	29	49	50	20	0	0	8
c7926	0	0	29	0	0	43	0	12	0	0	30	37	-1	10	0	0	16	0	0	0	-1	-1	-1	-1	12	50	12	-1	12	20
c7934	-1	0	0	-1	0	0	29	0	0	21	30	-1	0	25	-1	0	0	0	-1	38	0	0	0	0	0	0	20	16	44	0
c7937	0	0	-1	0	0	50	-1	0	0	0	-1	37	-1	0	0	0	-1	0	0	-1	0	0	-1	-1	16	17	25	20	13	-1
c7942	-1	16	0	0	0	0	-1	49	0	0	-1	0	0	0	0	0	20	0	0	16	0	0	38	-1	-1	20	15	0	-1	-1
c7954	0	0	-1	-1	0	0	0	37	0	0	30	37	0	0	-1	12	-1	0	0	-1	0	0	0	0	-1	-1	0	16	0	0
c7955	-1	0	-1	-1	-1	0	0	37	0	0	30	-1	0	0	0	12	12	0	0	38	-1	0	0	0	0	0	0	16	0	0
c7974	50	20	0	38	-1	0	29	-1	0	0	0	14	0	-1	-1	0	0	0	13	-1	0	0	50	38	34	0	16	0	20	-1
c7976	0	-1	0	0	20	12	-1	-1	0	0	30	37	0	0	0	0	37	0	0	0	28	0	-1	0	-1	0	44	0	12	0
c7985	0	0	50	0	0	-1	28	0	0	-1	-1	0	50	44	0	-1	0	31	0	0	0	37	50	-1	-1	0	0	0	5	-1
c8016	0	0	-1	0	-1	50	0	0	-1	-1	30	-1	0	0	0	0	-1	12	12	0	0	-1	-1	0	0	0	-1	0	12	-1
c8017	0	0	-1	43	0	0	0	0	0	0	30	37	0	0	0	0	0	12	12	0	-1	0	2	0	0	0	0	0	12	34
c8044	-1	0	0	-1	29	0	0	20	0	12	-1	37	0	0	0	12	0	0	0	38	0	0	0	0	0	0	-1	16	0	-1
c8055	0	0	0	5	38	0	-1	0	50	0	30	0	-1	0	20	0	-1	0	12	0	-1	20	-1	29	0	-1	0	-1	0	0
c8076	0	0	0	38	0	0	0	12	0	23	30	-1	0	-1	0	0	0	0	0	0	0	0	2	0	0	0	0	0	-1	34
c8086	0	0	-1	0	0	12	0	-1	0	-1	-1	37	12	0	-1	43	-1	-1	0	0	28	0	0	-1	0	0	0	0	12	0
c8112	0	14	50	0	23	0	-1	-1	0	0	37	-1	0	44	0	0	34	12	-1	0	0	0	50	0	34	-1	0	3	28	-1
c8119	0	0	0	6	0	0	44	-1	-1	0	30	37	0	0	0	0	-1	0	0	12	0	21	2	-1	2	0	0	28	12	-1
c8121	-1	0	0	-1	44	1	0	-1	0	0	30	-1	0	0	0	0	0	0	0	38	0	-1	0	0	0	0	0	16	0	0
c8126	44	-1	-1	-1	12	-1	0	0	0	0	30	16	0	0	0	-1	29	0	0	0	0	-1	-1	44	0	32	0	0	-1	3
c8129	-1	0	0	0	50	20	0	0	0	38	-1	37	-1	0	50	16	0	-1	4	0	13	0	28	0	39	28	-1	0	12	0
c8137	0	-1	0	0	16	0	-1	-1	0	-1	14	44	0	44	15	-1	0	0	0	0	0	-1	50	-1	34	0	-1	-1	39	7
c8162	0	13	0	0	0	12	-1	47	-1	19	0	-1	20	-1	15	0	0	0	0	0	0	0	50	0	-1	37	0	0	39	7
c8181	0	0	0	-1	-1	0	0	0	-1	0	-1	37	0	0	0	0	44	20	0	38	0	-1	13	0	0	0	0	16	34	0
c8214	0	0	-1	0	20	0	44	3	-1	0	-1	0	43	-1	15	-1	18	-1	0	0	-1	-1	50	0	34	43	0	37	0	0
c8241	0	20	0	0	-1	41	20	13	-1	-1	30	37	0	0	0	-1	0	0	-1	0	0	12	-1	9	0	0	49	0	-1	0
c8256	43	0	0	-1	27	-1	20	0	-1	0	30	37	0	0	-1	0	-1	-1	4	0	-1	12	-1	0	9	-1	41	0	12	0
c8262	0	0	0	5	38	-1	-1	0	22	0	30	0	0	39	43	0	29	2	21	15	0	20	44	29	0	0	20	-1	0	-1
c8263	0	-1	0	5	38	0	-1	-1	-1	0	30	0	-1	39	-1	-1	29	2	21	15	0	-1	44	29	0	0	20	0	0	0
c8272	0	-1	-1	-1	-1	-1	0	12	-1	44	30	37	15	0	0	0	-1	0	0	0	0	0	-1	0	0	0	-1	0	-1	-1
c8280	-1	-1	0	29	20	0	43	0	0	0	0	0	0	-1	15	-1	0	0	0	0	-1	0	50	-1	34	0	0	0	29	0
c8297	-1	20	44	0	44	0	37	0	0	0	0	44	0	-1	15	-1	-1	0	0	0	0	-1	-1	15	34	0	-1	0	39	-1
c8311	0	37	6	0	-1	12	0	-1	0	0	30	37	0	-1	0	10	0	0	0	-1	28	0	-1	0	-1	0	26	0	12	-1
c8317	0	0	-1	-1	0	0	-1	0	0	0	30	37	18	0	0	0	0	-1	0	38	0	-1	0	0	0	0	0	16	14	-1
c8319	0	37	0	0	0	0	0	0	0	-1	0	0	0	44	0	0	39	-1	0	16	0	46	50	0	34	0	0	-1	37	0
c8320	-1	0	0	0	47	44	0	39	-1	0	0	-1	9	44	0	0	0	38	0	-1	0	0	-1	0	34	0	-1	-1	20	0
c8323	0	0	0	0	50	38	14	0	0	43	-1	-1	0	0	0	0	0	0	0	0	0	-1	-1	0	0	0	-1	0	12	38
c8331	0	13	0	-1	0	-1	14	0	0	0	30	-1	-1	0	0	0	0	0	29	0	0	39	-1	0	10	-1	0	0	-1	29
c8333	-1	0	-1	-1	0	0	0	0	0	-1	30	37	18	0	-1	0	-1	-1	-1	38	0	0	0	-1	0	0	0	16	14	-1
c8338	0	0	-1	-1	0	50	-1	44	0	0	30	0	0	0	-1	0	0	0	0	0	0	23	49	0	33	0	0	47	0	0
c8350	8	-1	-1	0	-1	0	0	20	0	-1	30	0	0	-1	0	-1	-1	0	47	0	37	0	0	-1	12	0	-1	-1	20	0
c8354	0	20	0	0	20	0	-1	0	0	0	46	0	10	-1	-1	-1	14	-1	47	-1	12	0	50	49	34	1	16	29	0	0
c8355	0	20	0	0	-1	0	0	0	0	0	46	0	10	44	-1	-1	14	-1	47	0	12	0	50	49	-1	1	16	29	0	20
c8357	-1	0	-1	-1	0	0	28	-1	0	43	30	37	0	0	0	0	-1	-1	0	38	0	-1	0	0	0	0	0	16	0	-1
c8364	-1	0	0	0	-1	0	0	0	0	0	-1	-1	0	-1	0	0	44	0	0	0	2	0	2	5	0	-1	0	0	12	-1
c8372	0	0	0	39	0	50	10	0	0	0	30	50	-1	-1	0	3	0	0	0	0	0	0	0	37	0	0	43	25	0	0
c8374	-1	-1	-1	5	38	0	-1	-1	-1	0	-1	-1	47	-1	-1	0	29	2	0	0	0	20	0	29	-1	50	-1	0	0	8
c8378	0	0	0	4	0	50	-1	-1	-1	20	30	0	0	-1	0	-1	-1	0	0	0	0	23	-1	0	33	0	-1	47	0	-1
c8387	20	-1	0	0	20	-1	-1	0	23	0	-1	20	-1	-1	15	-1	-1	0	0	0	0	0	50	43	34	-1	0	0	-1	0
c8393	44	0	0	-1	0	50	-1	-1	0	0	30	0	-1	0	0	0	50	0	0	0	0	-1	0	-1	0	0	-1	0	-1	0
c8425	28	0	-1	5	38	0	-1	-1	12	-1	30	0	0	0	0	-1	-1	0	-1	-1	0	-1	0	29	0	-1	-1	0	0	-1
c8436	10	0	0	-1	-1	0	0	20	0	0	-1	-1	15	37	-1	0	14	10	-1	0	0	0	-1	20	0	0	20	0	12	0
c8437	10	0	-1	-1	-1	0	0	20	0	0	30	37	-1	37	-1	0	-1	10	-1	0	0	0	0	-1	0	-1	20	0	-1	0
c8481	0	10	-1	0	0	0	-1	20	0	29	30	0	0	0	0	-1	0	0	-1	-1	0	10	0	0	-1	1	-1	0	20	10
c8489	-1	20	0	0	0	0	-1	20	0	6	30	0	0	28	0	-1	-1	0	-1	16	0	9	20	-1	0	48	16	0	-1	0
c8494	0	29	-1	-1	44	2	0	0	0	0	30	-1	0	0	0	0	-1	-1	0	38	0	0	0	0	0	43	44	16	0	0
c8498	0	19	12	28	0	0	50	0	0	0	0	44	12	44	15	0	0	0	0	-1	46	0	50	0	34	0	0	-1	39	-1
c8505	0	0	-1	0	0	-1	37	0	0	0	-1	-1	0	-1	-1	0	0	28	0	38	0	16	2	0	0	-1	0	0	0	0
c8512	8	10	-1	0	-1	2	0	20	0	29	30	0	0	-1	-1	0	0	0	47	0	12	0	0	-1	0	16	-1	-1	-1	0
c8514	0	44	0	14	0	0	20	12	0	-1	30	37	0	-1	0	0	0	0	0	0	0	0	-1	-1	0	-1	0	0	12	0
c8532	-1	-1	0	0	28	0	0	0	-1	0	30	-1	0	0	0	-1	0	-1	37	14	0	0	38	0	0	32	16	38	-1	0
c8543	0	0	0	0	0	50	12	-1	0	28	-1	0	7	0	0	0	-1	0	21	14	0	0	43	0	16	0	25	19	-1	-1
c8590	0	-1	-1	5	38	21	-1	0	0	-1	30	0	0	12	-1	28	29	-1	0	0	0	0	0	29	0	0	3	-1	0	0
c8606	0	-1	29	0	0	43	-1	12	12	0	30	37	13	10	0	0	-1	0	0	0	0	0	2	-1	12	0	0	-1	12	-1
c8621	-1	-1	0	14	27	-1	20	0	0	-1	-1	37	0	10	3	0	0	0	4	0	-1	-1	-1	0	0	-1	-1	-1	12	30
c8642	0	0	0	0	20	0	16	0	14	-1	0	-1	0	-1	15	0	-1	0	0	0	0	-1	50	-1	34	-1	-1	-1	12	10
c8667	0	0	-1	-1	0	0	0	0	0	0	-1	37	31	0	0	0	34	0	-1	38	20	0	0	0	0	-1	0	16	0	0
c8668	0	38	0	0	-1	-1	0	37	20	-1	-1	-1	0	-1	15	0	0	0	20	0	0	0	50	0	34	0	0	0	29	-1
c8675	0	20	0	-1	20	27	0	-1	0	-1	46	0	10	44	15	-1	0	-1	0	-1	0	0	50	13	-1	-1	16	29	0	0
c8682	0	0	0	5	38	0	-1	0	0	0	30	0	0	0	-1	0	29	0	0	0	12	20	0	29	0	27	20	0	47	0
c8684	0	0	0	-1	15	0	0	0	0	20	30	-1	0	13	-1	20	0	-1	16	37	23	0	0	0	20	0	0	0	12	0
c8710	0	0	-1	5	-1	0	-1	0	-1	0	30	-1	0	5	0	16	29	15	0	0	-1	0	0	-1	0	0	-1	0	-1	-1
c8712	0	0	-1	-1	0	0	8	-1	0	0	30	37	-1	0	0	-1	0	-1	0	-1	0	0	0	0	0	-1	0	-1	0	0
c8713	0	0	0	-1	-1	0	8	0	0	-1	30	37	0	0	0	-1	-1	-1	0	38	0	0	0	0	0	0	-1	-1	0	0
c8718	0	20	44	25	0	0	37	0	0	-1	0	44	0	-1	-1	-1	0	29	0	0	0	-1	-1	0	34	0	0	0	39	-1
c8722	0	0	-1	5	-1	0	-1	0	0	0	30	-1	0	5	-1	16	29	15	0	0	0	0	0	-1	0	-1	-1	0	-1	0
c8724	0	0	43	47	21	38	14	0	0	0	30	37	0	0	0	0	0	0	0	12	0	-1	0	0	0	0	0	-1	12	-1
c8779	0	0	20	-1	0	16	0	0	0	0	30	37	0	0	-1	-1	20	10	0	-1	0	39	0	20	0	0	0	0	12	0
c8823	0	50	-1	0	15	0	0	-1	0	-1	30	37	-1	21	41	20	-1	20	16	0	0	5	47	-1	0	0	0	0	-1	0
c8882	-1	0	0	0	0	0	0	0	-1	0	-1	37	0	0	0	12	0	9	0	-1	0	0	-1	0	-1	7	0	-1	12	34
c8924	0	0	-1	-1	0	0	0	37	0	0	30	37	0	0	0	12	12	0	0	38	0	0	0	0	0	0	-1	16	0	-1
c8928	10	0	0	0	0	44	0	0	0	0	30	37	0	0	44	0	0	-1	0	-1	10	-1	0	0	-1	4	10	0	0	0
c8939	38	0	0	0	14	20	0	20	0	6	30	37	0	-1	50	0	-1	0	0	0	34	0	0	0	20	0	0	-1	12	0
c8953	0	0	0	-1	0	0	-1	0	0	21	30	37	0	25	0	-1	0	0	0	38	0	0	0	-1	-1	0	20	16	0	0
c8962	0	0	0	0	15	0	8	0	0	20	30	37	0	-1	46	20	0	20	-1	0	0	0	0	-1	20	0	20	-1	12	0
c9030	0	-1	0	14	0	43	0	12	-1	0	30	-1	15	10	0	29	0	-1	28	-1	-1	0	2	0	0	50	-1	-1	-1	0
c9036	0	28	0	14	0	-1	29	12	0	0	30	37	15	-1	0	0	16	29	28	44	0	0	2	-1	-1	0	14	0	-1	0
c9055	0	0	-1	5	38	0	-1	0	19	0	30	0	-1	16	0	0	29	0	0	37	0	31	0	29	0	0	-1	0	0	-1
c9067	0	-1	0	5	-1	-1	-1	0	0	0	-1	0	0	39	0	0	29	2	0	15	0	20	44	29	0	0	20	16	0	0
c9072	0	37	-1	5	38	0	-1	0	20	-1	30	0	0	0	37	7	29	0	0	0	-1	20	0	29	0	-1	-1	0	0	0
c9080	0	0	-1	-1	0	0	0	37	0	-1	30	37	0	0	0	-1	12	0	0	38	0	-1	0	0	0	-1	0	16	-1	0
c9081	-1	0	-1	-1	-1	0	0	37	-1	0	30	37	0	0	0	12	12	0	-1	38	0	0	0	0	0	0	0	16	0	-1
c9085	20	20	47	0	0	-1	37	0	47	-1	0	44	-1	44	15	0	15	0	-1	0	0	-1	-1	0	34	0	-1	0	39	7
c9089	23	37	0	-1	0	50	0	0	0	0	30	34	16	0	0	0	0	0	12	-1	43	-1	47	20	8	0	0	33	0	0
c9090	-1	20	-1	0	0	-1	37	0	0	0	0	44	0	44	15	15	0	37	0	12	0	-1	-1	-1	34	-1	0	39	39	7
c9097	20	0	-1	-1	43	0	0	0	-1	0	30	-1	0	0	10	-1	0	10	0	47	-1	0	0	20	-1	0	0	25	12	0
c9107	0	46	-1	5	38	37	-1	0	0	-1	30	0	13	0	-1	0	29	0	39	-1	-1	20	0	29	0	27	-1	31	0	0
c9112	-1	-1	-1	0	-1	41	20	0	0	39	30	-1	0	-1	-1	20	0	0	0	0	0	10	-1	9	-1	0	-1	0	-1	0
c9147	29	20	0	0	0	0	37	-1	0	0	0	44	46	44	15	-1	0	0	15	37	20	-1	-1	0	34	0	46	0	-1	7
c9196	0	43	0	-1	44	0	0	-1	0	-1	30	37	33	20	0	0	0	10	16	-1	3	-1	-1	20	0	-1	7	-1	12	0
c9219	43	50	-1	0	0	0	37	0	-1	0	-1	37	0	-1	0	44	0	-1	0	3	0	-1	2	16	30	0	-1	0	-1	0
c9221	-1	0	13	0	0	0	-1	0	-1	0	50	44	49	44	15	12	28	-1	21	37	0	31	50	0	-1	37	0	0	39	-1
c9225	0	0	0	-1	0	0	0	-1	0	0	30	37	-1	-1	12	0	0	-1	0	38	0	0	-1	0	-1	-1	-1	16	-1	-1
c9228	-1	0	-1	43	0	50	0	0	0	43	30	2	-1	0	0	0	0	0	0	0	-1	0	29	-1	-1	34	0	-1	0	29
c9254	0	-1	0	0	0	0	37	0	-1	0	20	44	-1	-1	15	0	0	0	0	0	-1	-1	-1	-1	34	0	0	0	39	-1
c9258	0	-1	0	0	20	0	0	-1	0	0	-1	0	10	44	15	-1	14	-1	47	0	-1	0	50	49	34	-1	16	29	-1	-1
c9294	-1	-1	-1	5	38	21	-1	0	0	0	30	0	0	-1	0	28	29	-1	0	0	0	0	-1	29	0	20	3	0	0	-1
c9295	-1	-1	-1	5	38	-1	-1	0	0	0	-1	-1	0	-1	0	28	29	-1	0	0	0	0	0	29	-1	-1	3	0	-1	0
c9297	0	38	-1	-1	-1	-1	0	0	0	0	-1	0	0	-1	15	0	0	0	0	0	0	-1	50	0	34	37	-1	0	29	0
c9299	0	20	-1	-1	-1	34	37	0	40	30	0	44	0	-1	15	-1	0	0	0	7	0	-1	-1	0	34	0	-1	-1	39	7
c9309	20	0	0	-1	20	-1	0	0	23	0	0	20	0	-1	15	-1	0	0	0	-1	0	0	50	0	34	0	0	-1	29	0
c9312	-1	28	0	48	0	0	0	0	0	0	-1	-1	0	44	0	0	0	0	0	-1	0	0	50	0	34	0	-1	0	20	0
c9328	-1	37	0	-1	15	0	20	0	0	20	-1	-1	0	-1	5	20	0	20	16	-1	0	20	-1	20	4	-1	0	0	12	0
c9329	0	37	0	0	15	0	0	0	-1	-1	30	37	0	15	-1	20	0	-1	16	-1	0	20	0	20	4	-1	0	-1	-1	-1
c9335	-1	0	21	0	-1	41	20	0	-1	43	31	20	-1	44	44	0	-1	0	-1	0	-1	41	50	0	34	-1	-1	0	-1	0
c9357	0	0	0	-1	0	43	0	-1	10	33	30	37	0	0	0	-1	-1	0	0	-1	-1	-1	2	0	0	43	44	-1	-1	0
c9403	39	-1	0	44	6	0	-1	-1	28	0	0	-1	28	44	15	0	0	29	20	0	-1	-1	50	0	34	0	0	0	39	7
c9410	16	0	0	16	0	0	18	-1	-1	23	30	37	16	0	0	7	0	0	0	49	-1	-1	-1	0	0	0	0	0	-1	34
c9418	0	-1	20	-1	-1	0	37	-1	0	0	0	44	0	-1	-1	0	0	0	0	0	-1	-1	50	0	34	-1	0	0	39	7
c9430	0	0	-1	5	38	0	-1	0	0	0	30	29	0	5	0	0	-1	15	0	0	0	0	-1	29	12	-1	-1	0	-1	0
c9431	0	-1	-1	5	-1	0	-1	0	0	-1	30	29	0	5	0	0	-1	15	0	0	-1	0	0	29	12	0	3	0	0	0
c9453	0	-1	0	0	0	28	0	0	20	0	30	-1	15	0	0	0	0	-1	0	13	0	10	2	-1	0	0	-1	0	12	0
c9462	0	0	-1	-1	-1	-1	20	-1	-1	-1	30	37	-1	0	0	0	0	0	2	0	0	0	-1	9	7	0	0	-1	-1	0
c9470	-1	0	0	-1	38	0	-1	14	0	-1	30	15	-1	0	0	0	-1	2	0	15	0	20	0	29	0	50	20	0	-1	-1
c9482	-1	0	0	0	0	50	12	0	15	0	-1	0	0	0	0	0	-1	0	0	-1	-1	0	0	0	-1	37	25	0	0	38
c9488	-1	-1	-1	0	0	0	-1	-1	0	0	0	0	0	-1	-1	20	39	0	0	16	43	-1	50	-1	34	0	0	-1	-1	0
c9502	0	0	-1	-1	-1	0	0	0	0	0	30	37	0	0	12	38	0	0	5	38	0	0	0	0	0	-1	0	16	-1	0
c9521	0	-1	-1	1	0	0	0	-1	-1	0	-1	-1	21	0	-1	50	0	7	47	0	0	0	50	0	37	0	0	28	0	0
c9525	0	38	-1	23	-1	0	14	0	0	0	0	0	0	-1	15	0	0	0	-1	0	0	0	50	0	-1	0	0	0	-1	0
c9544	-1	0	-1	39	0	50	-1	-1	0	15	30	-1	0	0	-1	0	0	0	0	0	0	0	0	0	0	0	-1	25	0	0
c9551	0	0	-1	0	20	0	-1	0	14	-1	0	-1	0	-1	15	37	0	-1	0	0	0	-1	50	43	34	38	37	0	12	-1
c9562	0	0	0	0	13	12	-1	0	0	0	0	44	0	44	-1	0	0	0	0	12	0	-1	50	0	-1	0	0	-1	39	7
c9565	0	0	0	14	16	43	-1	-1	0	0	-1	37	0	0	-1	37	-1	0	-1	0	0	0	2	0	-1	43	-1	44	-1	-1
c9580	0	0	0	-1	0	50	-1	37	0	0	-1	43	-1	13	16	0	0	0	-1	-1	23	-1	29	-1	31	34	0	0	0	-1
c9583	0	0	37	4	0	-1	-1	0	-1	0	30	14	0	-1	-1	0	0	0	0	-1	0	23	0	-1	0	-1	-1	0	0	0
c9591	0	0	0	-1	0	-1	8	0	0	0	30	37	0	-1	0	-1	0	0	0	38	-1	0	0	0	3	0	0	-1	0	0
c9609	0	47	0	5	38	0	-1	-1	50	0	30	0	-1	-1	0	0	-1	0	-1	7	-1	20	-1	29	0	2	0	-1	0	0
c9613	0	-1	0	-1	39	-1	0	-1	20	-1	30	37	20	0	0	0	44	-1	0	0	0	0	2	0	0	0	3	0	12	34
c9615	-1	0	50	13	0	15	-1	-1	0	-1	37	47	0	44	-1	-1	0	30	0	0	0	0	50	0	34	0	0	13	0	20
c9618	28	0	0	4	-1	50	0	44	0	0	30	0	0	0	0	0	0	0	29	0	0	23	49	0	33	0	0	47	0	0
c9629	0	0	-1	0	0	50	-1	-1	0	0	-1	0	0	0	0	0	-1	-1	0	-1	0	0	0	0	16	37	25	0	-1	38
c9648	-1	0	0	14	0	43	-1	12	-1	0	30	37	15	-1	0	0	0	29	0	-1	0	0	2	29	0	-1	0	0	-1	0
c9662	0	0	-1	12	39	50	12	0	0	-1	-1	0	47	0	0	0	-1	0	0	0	0	0	37	0	16	-1	25	0	0	0
c9668	50	0	0	-1	0	50	12	16	0	0	-1	0	0	0	0	0	-1	0	-1	-1	0	0	0	-1	16	0	25	0	20	38
c9673	0	28	0	48	0	0	0	0	0	0	39	-1	0	44	0	0	0	0	0	-1	0	-1	50	0	34	0	-1	0	20	0
c9675	2	20	0	0	20	-1	-1	0	0	0	46	0	10	44	15	-1	0	-1	47	-1	0	26	50	49	34	1	16	29	0	-1
c9682	-1	0	0	-1	0	-1	0	0	-1	10	30	37	-1	0	0	0	0	0	0	38	20	-1	0	0	0	0	0	-1	0	30
c9683	0	49	0	-1	0	0	0	0	-1	-1	30	37	0	0	-1	0	0	-1	0	38	20	-1	0	0	0	0	0	16	-1	30
c9698	0	-1	0	4	0	50	13	0	0	0	-1	0	0	0	0	0	0	0	16	0	1	23	0	16	0	-1	0	28	-1	0
c9714	0	0	0	0	0	38	14	0	0	43	-1	37	0	0	41	0	0	0	47	-1	0	0	0	0	0	0	0	0	12	38
c9733	39	-1	0	0	-1	12	37	0	28	0	0	44	0	44	15	0	0	-1	0	0	0	-1	50	-1	34	0	0	-1	39	-1
c9739	0	-1	12	14	27	0	20	-1	-1	-1	-1	37	-1	0	0	0	20	0	4	-1	37	12	-1	0	0	-1	41	0	12	0
c9740	0	35	0	39	0	50	-1	0	-1	46	30	-1	44	0	0	28	0	0	0	42	0	-1	44	44	0	20	43	25	-1	-1
c9744	0	0	-1	14	-1	41	20	0	0	39	30	37	0	0	-1	0	0	0	0	0	0	0	-1	9	-1	20	0	-1	-1	0
c9748	44	0	0	0	0	0	0	-1	0	0	30	0	0	-1	-1	28	0	-1	0	0	0	5	38	-1	0	-1	-1	50	-1	-1
c9756	47	0	0	14	-1	0	20	12	0	-1	30	37	0	29	0	0	-1	0	-1	0	0	0	-1	0	0	-1	0	-1	12	-1
c9769	0	38	-1	37	-1	-1	0	-1	3	0	0	0	0	-1	15	0	0	14	47	0	-1	0	-1	0	34	0	-1	0	29	0
c9775	0	-1	0	0	0	-1	37	0	0	12	7	44	0	44	15	-1	43	0	0	0	0	-1	50	44	-1	37	3	0	39	7
c9780	0	0	0	-1	0	0	-1	0	0	0	30	37	0	0	-1	0	0	0	0	38	-1	0	0	0	47	0	0	-1	-1	0
c9781	0	-1	0	-1	0	0	-1	0	0	0	30	37	0	0	0	0	0	0	0	38	0	0	0	0	47	0	0	16	-1	0
c9796	-1	0	-1	-1	0	0	0	-1	0	21	-1	37	0	43	0	-1	-1	-1	-1	38	-1	0	0	0	0	0	0	16	0	0
c9804	44	16	0	0	0	0	0	16	0	-1	30	0	0	0	0	-1	0	-1	0	0	0	42	38	0	0	-1	15	0	-1	-1
c9818	0	0	0	0	0	0	0	-1	20	0	30	-1	0	37	0	0	0	15	0	-1	0	-1	2	0	0	29	-1	-1	-1	0
c9845	0	-1	-1	5	38	29	-1	0	0	0	30	0	-1	0	0	0	29	0	0	0	0	31	-1	29	0	0	3	0	-1	0
c9849	-1	20	0	-1	20	0	13	0	0	0	-1	0	10	44	15	-1	1	-1	-1	0	0	0	50	-1	34	1	-1	29	29	0
c9851	0	0	0	-1	0	-1	0	20	0	0	30	37	0	0	0	-1	0	0	-1	-1	0	0	0	0	-1	0	0	16	0	-1
c9874	0	-1	-1	5	-1	21	-1	0	0	-1	30	0	0	-1	0	28	29	-1	0	0	0	0	0	29	0	0	3	-1	0	-1
c9875	-1	-1	-1	5	38	21	-1	0	0	0	30	0	0	12	0	28	29	-1	0	0	0	-1	-1	29	0	0	3	0	0	0
c9877	2	-1	0	0	0	0	0	0	12	23	-1	37	0	0	0	0	0	0	0	-1	16	-1	2	10	0	-1	0	0	12	34
c9900	-1	50	-1	0	15	-1	0	0	0	0	30	-1	0	21	-1	20	0	20	16	0	20	5	47	0	0	0	0	0	-1	-1
c9922	29	37	0	-1	7	0	0	0	0	0	-1	-1	0	0	-1	0	44	12	-1	0	0	-1	0	43	0	0	23	0	12	0
c9925	39	-1	0	0	0	0	37	0	37	0	37	0	0	44	0	28	39	-1	0	16	29	0	-1	47	34	0	0	0	37	0
c9976	-1	38	-1	0	0	0	47	-1	0	28	37	0	47	44	0	0	-1	0	0	16	-1	0	50	0	34	42	-1	0	37	0
c9988	0	0	0	-1	0	0	37	0	0	0	30	-1	0	0	0	0	-1	-1	-1	-1	0	0	0	-1	-1	0	33	0	0	-1
c9989	-1	0	0	-1	0	0	37	0	0	0	30	37	-1	-1	0	0	-1	44	0	38	0	0	0	-1	16	0	33	0	0	0
c9993	0	0	2	-1	0	12	0	-1	0	0	30	37	-1	0	0	43	-1	-1	0	-1	28	0	0	0	0	0	0	-1	12	0
c10009	3	0	13	0	0	39	0	0	-1	0	0	-1	0	-1	0	0	39	-1	28	16	0	46	-1	-1	34	-1	0	-1	37	0
c10011	-1	0	0	28	0	0	50	0	0	0	28	44	12	44	15	0	29	50	0	0	25	0	50	37	34	-1	0	0	39	7
c10024	-1	0	-1	-1	-1	0	0	20	0	0	30	37	-1	0	-1	0	41	10	0	13	0	0	0	20	0	0	-1	-1	-1	0
c10043	0	0	0	0	0	0	0	-1	0	16	30	37	0	-1	0	-1	-1	0	0	0	-1	0	2	-1	0	39	0	0	12	-1
c10050	0	-1	12	0	12	-1	0	3	0	0	30	37	-1	0	23	20	-1	12	0	0	0	0	20	0	0	0	-1	-1	-1	0
c10052	-1	0	-1	5	38	0	-1	-1	12	-1	30	-1	0	0	0	0	29	0	0	0	0	-1	0	29	0	0	3	0	-1	-1
c10065	-1	0	0	-1	0	0	8	0	0	0	30	37	0	43	0	-1	0	-1	0	38	0	0	0	0	0	0	0	-1	0	-1
c10068	0	28	0	14	0	-1	0	12	0	0	-1	37	15	0	-1	0	0	29	-1	44	-1	-1	2	0	0	0	0	0	-1	0
c10075	0	35	0	14	-1	0	20	-1	0	0	30	37	0	-1	0	0	-1	16	4	10	49	0	-1	-1	14	-1	0	0	12	0
c10079	0	0	0	-1	-1	0	0	0	-1	0	-1	-1	0	0	-1	-1	0	13	0	38	0	0	0	0	-1	-1	0	-1	0	-1
c10080	0	0	-1	48	-1	0	0	0	0	0	-1	-1	0	-1	0	0	0	0	-1	-1	0	0	50	0	34	0	0	0	20	0
c10094	0	0	0	-1	-1	0	0	0	0	0	30	-1	-1	0	0	-1	-1	0	0	-1	0	0	0	0	0	0	47	16	0	-1
c10107	0	0	-1	5	38	0	-1	0	-1	0	-1	0	0	0	0	0	29	-1	0	0	0	39	0	29	-1	0	3	0	0	0
c10109	0	46	-1	5	38	0	-1	0	0	47	-1	0	-1	-1	-1	0	29	0	-1	-1	20	20	-1	29	0	27	20	-1	0	0
c10149	-1	10	-1	0	0	0	0	20	0	-1	30	0	15	-1	0	-1	0	0	47	-1	0	0	0	0	0	0	-1	0	0	0
c10158	0	0	0	39	0	14	-1	50	0	0	0	44	-1	44	15	0	20	0	21	0	44	0	50	0	34	37	0	0	39	-1
c10164	2	0	0	0	20	0	0	0	14	0	0	0	0	-1	-1	-1	0	0	37	-1	0	0	50	0	34	10	-1	-1	-1	0
c10202	16	-1	32	14	0	43	0	12	0	-1	-1	37	15	-1	0	14	0	0	0	-1	-1	0	2	0	0	0	0	0	-1	0
c10229	0	0	0	-1	28	0	0	0	0	-1	-1	37	0	0	12	0	0	-1	-1	-1	-1	0	0	0	0	0	0	16	38	0
c10245	-1	0	20	0	-1	0	-1	20	0	0	30	44	0	-1	46	0	0	0	47	-1	0	-1	20	0	-1	48	16	0	43	-1
c10250	-1	-1	0	-1	0	0	37	48	28	-1	0	44	0	44	-1	0	0	29	0	0	0	-1	50	0	-1	0	0	0	39	7
c10257	0	0	0	0	0	0	37	0	48	0	30	37	0	0	0	0	0	28	0	38	0	16	2	0	0	39	0	13	-1	0
c10276	0	0	20	-1	0	16	0	0	-1	0	30	37	0	0	-1	0	0	10	0	0	0	-1	0	20	0	0	0	0	-1	0
c10308	0	0	0	47	21	38	14	-1	-1	0	30	37	0	0	0	0	-1	0	0	12	15	-1	0	0	0	0	0	0	12	0
c10312	0	0	50	14	-1	0	28	0	0	-1	37	-1	44	44	-1	0	0	-1	0	0	0	-1	50	0	34	0	0	0	-1	-1
c10315	-1	-1	-1	0	-1	0	0	-1	0	29	-1	0	0	43	0	14	0	0	47	-1	0	0	0	0	16	-1	-1	0	-1	0
c10325	28	-1	-1	0	14	20	0	20	0	0	-1	37	0	-1	50	-1	16	0	49	43	-1	0	-1	-1	0	-1	0	43	12	-1
c10327	-1	37	0	0	20	12	0	-1	-1	38	30	37	0	-1	16	0	0	0	-1	0	28	13	0	0	37	44	-1	0	12	0
c10330	0	0	0	0	0	0	0	-1	-1	-1	0	0	0	44	-1	0	39	0	0	16	0	46	50	0	-1	-1	0	-1	37	0
c10336	8	10	-1	-1	2	0	16	20	0	-1	-1	-1	37	-1	-1	0	0	0	-1	0	0	0	-1	-1	-1	-1	-1	-1	20	0
c10345	1	0	0	0	8	0	0	0	0	0	30	37	12	-1	3	44	0	0	0	3	-1	0	2	16	0	0	0	0	12	44
c10368	-1	0	0	0	0	-1	-1	0	0	0	0	44	20	44	15	4	0	-1	0	-1	0	43	50	0	34	0	-1	-1	39	7
c10380	-1	-1	0	0	0	0	37	43	20	0	-1	44	0	44	15	0	0	0	-1	-1	0	-1	-1	0	34	-1	-1	-1	-1	7
c10385	0	-1	-1	0	0	0	37	-1	0	0	0	44	0	44	15	16	0	0	0	0	0	-1	50	0	34	0	0	0	39	7
c10404	0	20	0	-1	0	29	37	0	0	16	20	44	0	44	-1	0	0	-1	46	0	-1	-1	-1	-1	-1	0	46	28	39	7
c10423	0	0	-1	0	0	0	37	0	-1	0	30	37	0	0	0	0	0	28	0	38	0	16	2	-1	0	39	-1	13	0	0
c10437	0	28	0	48	-1	0	0	0	0	0	39	-1	0	44	0	-1	-1	0	0	-1	0	37	50	0	-1	0	0	0	20	-1
c10440	0	0	0	6	0	0	0	0	0	0	30	37	-1	0	0	0	-1	0	0	-1	0	21	-1	0	0	-1	0	0	12	34
c10444	0	-1	0	0	0	44	37	29	28	0	0	-1	29	44	-1	0	50	29	0	-1	0	-1	50	0	34	0	-1	0	39	7
c10459	38	0	0	0	14	20	0	20	0	6	30	-1	0	-1	50	0	16	12	0	-1	34	0	0	0	20	0	0	-1	12	-1
c10472	0	0	-1	-1	38	0	-1	0	0	10	-1	0	-1	15	-1	0	-1	0	0	0	0	0	44	29	0	28	3	0	46	0
c10476	50	10	-1	0	46	0	0	20	0	29	-1	0	0	0	0	-1	0	-1	-1	40	-1	-1	14	0	0	-1	-1	0	0	28
c10482	0	-1	0	0	8	-1	4	0	0	0	30	37	-1	-1	3	-1	0	0	7	-1	46	0	2	-1	0	0	0	0	12	0
c10503	0	0	0	5	38	-1	-1	0	0	0	-1	0	0	0	-1	0	-1	-1	-1	-1	-1	20	0	29	0	27	20	0	0	0
c10513	-1	0	-1	-1	0	0	0	7	0	0	30	37	0	0	0	-1	-1	0	0	38	20	0	-1	0	0	-1	0	16	0	-1
c10528	-1	0	0	0	20	0	0	37	-1	0	-1	47	0	-1	15	0	0	0	7	0	0	-1	50	0	-1	10	-1	-1	12	-1
c10553	0	-1	3	0	0	10	37	-1	0	14	0	44	3	44	15	0	0	29	0	0	10	-1	50	0	34	0	0	-1	-1	-1
c10577	49	37	-1	0	20	12	0	-1	49	0	30	37	-1	0	0	0	0	0	0	0	28	0	0	0	0	37	44	0	12	0
c10584	0	-1	0	14	-1	-1	0	12	-1	0	30	37	15	0	0	0	0	0	0	0	0	-1	2	-1	0	38	0	0	-1	0
c10587	0	0	0	4	0	50	0	44	0	0	30	0	0	-1	0	0	0	0	-1	21	-1	23	0	-1	33	0	0	-1	0	0
c10602	20	0	50	0	0	0	-1	0	0	-1	37	-1	50	44	0	0	0	31	0	0	-1	-1	50	-1	-1	-1	0	0	10	20
c10630	0	0	29	0	0	43	-1	12	-1	0	30	37	13	10	0	0	16	0	0	0	0	0	2	0	12	50	0	-1	12	20
c10634	0	0	-1	5	38	0	-1	0	0	0	30	0	20	0	0	0	29	44	0	0	0	-1	0	-1	29	-1	3	-1	47	0
c10648	0	14	-1	0	0	0	0	20	28	0	30	0	-1	0	0	50	0	0	-1	0	0	49	-1	0	37	0	0	0	0	-1
c10659	0	0	-1	-1	-1	-1	-1	-1	0	-1	-1	29	0	5	0	16	29	-1	0	0	0	0	0	-1	0	0	3	-1	-1	0
c10677	0	0	0	28	49	0	-1	0	0	0	0	44	-1	44	15	0	0	0	0	0	0	-1	50	0	-1	0	0	0	39	7
c10680	0	-1	12	0	12	20	0	3	20	0	30	-1	-1	43	23	20	0	12	0	0	0	0	20	0	0	0	-1	0	12	-1
c10694	0	37	0	0	20	12	0	-1	0	0	30	37	0	13	0	0	-1	-1	-1	0	28	0	-1	0	16	-1	44	0	-1	-1
c10695	0	-1	-1	0	20	12	0	-1	0	0	30	-1	0	-1	0	0	37	-1	0	0	28	0	0	0	-1	0	44	0	12	0
c10698	0	0	-1	5	38	0	-1	0	14	0	30	0	0	0	-1	0	29	0	0	12	0	0	0	29	0	0	3	-1	0	-1
c10700	0	0	20	-1	0	20	0	20	-1	38	30	37	0	0	50	-1	0	28	-1	0	0	0	28	0	0	-1	9	-1	12	0
c10705	-1	0	0	4	50	-1	0	44	0	0	30	0	-1	0	12	0	0	0	0	0	0	23	0	-1	-1	0	0	0	20	0
c10713	44	-1	0	0	29	0	0	0	0	0	30	-1	-1	0	0	0	0	0	12	0	0	-1	38	0	0	13	15	0	-1	-1
c10717	0	0	0	0	20	28	0	0	14	0	-1	-1	0	-1	15	0	41	0	-1	0	0	0	50	0	-1	-1	0	38	-1	-1
c10738	29	0	0	-1	-1	0	15	0	0	8	30	37	-1	0	0	0	-1	12	29	49	0	0	-1	0	0	-1	0	0	12	0
c10756	44	0	-1	-1	12	0	-1	0	41	0	30	16	0	0	0	-1	0	-1	0	0	0	0	38	44	0	32	0	0	-1	0
c10776	-1	38	-1	0	-1	0	0	-1	0	0	-1	0	0	-1	15	0	0	-1	0	0	0	0	-1	0	34	0	0	-1	-1	0
c10779	-1	0	40	-1	0	0	-1	0	0	-1	30	12	-1	-1	0	0	0	0	0	0	-1	0	38	44	-1	20	15	-1	-1	-1
c10781	0	-1	50	-1	29	50	-1	0	39	0	37	-1	0	44	0	-1	34	0	0	-1	0	0	50	0	34	0	0	3	0	20
c10798	0	20	-1	-1	-1	27	0	0	0	-1	46	0	10	44	15	0	0	-1	-1	-1	0	37	50	13	-1	-1	16	29	0	-1
c10803	-1	0	-1	-1	0	-1	20	12	0	-1	30	37	0	0	0	0	0	0	-1	15	0	0	-1	0	0	-1	0	0	12	-1
c10818	-1	0	-1	14	0	0	20	0	0	0	30	-1	0	0	0	-1	0	-1	4	-1	49	-1	-1	0	14	-1	-1	0	12	0
c10825	0	0	12	-1	0	-1	8	-1	0	0	30	37	0	0	0	-1	0	0	0	38	0	0	0	0	0	0	0	-1	-1	0
c10839	0	20	0	0	0	0	37	0	0	-1	0	-1	-1	44	15	0	-1	0	-1	0	0	-1	-1	0	34	16	-1	0	39	7
c10855	-1	-1	-1	-1	0	50	0	44	-1	46	30	0	0	0	0	0	0	0	0	-1	0	23	0	0	-1	23	0	47	0	0
c10858	-1	-1	0	-1	0	12	0	50	20	0	30	37	-1	38	0	0	0	0	0	-1	0	0	2	0	0	-1	0	0	-1	16
c10859	-1	10	0	0	0	0	0	-1	20	-1	30	37	-1	38	0	0	0	0	-1	0	-1	0	2	-1	0	0	0	-1	12	16
c10870	-1	0	-1	5	38	20	-1	37	0	39	30	0	0	0	-1	0	29	37	0	0	0	20	-1	29	-1	27	20	0	0	0
c10876	37	0	20	-1	0	0	-1	20	0	-1	30	0	0	0	46	-1	0	0	47	-1	0	0	20	28	0	48	16	0	43	46
c10884	0	-1	-1	0	0	-1	0	-1	0	29	30	-1	0	0	-1	0	0	-1	47	0	0	10	0	0	-1	1	-1	0	20	10
c10896	0	0	-1	4	0	50	-1	46	-1	0	30	0	-1	0	0	0	0	0	50	0	-1	23	46	0	20	0	-1	0	0	-1
c10902	0	-1	-1	5	38	0	-1	0	50	-1	30	-1	0	5	16	16	-1	15	0	0	0	0	0	-1	0	-1	3	-1	-1	0
c10916	0	10	0	-1	0	0	-1	-1	-1	0	30	-1	0	0	46	0	0	0	47	0	0	-1	20	0	0	48	16	0	43	0
c10921	0	14	-1	1	47	0	0	20	-1	0	-1	0	21	-1	0	50	0	0	-1	-1	0	0	-1	0	37	16	0	-1	20	-1
c10934	46	-1	0	9	-1	-1	37	-1	0	0	0	44	0	-1	15	0	-1	29	-1	0	10	-1	50	0	-1	0	0	20	39	7
c10936	0	14	-1	0	0	0	0	20	-1	0	30	0	0	-1	15	50	0	0	-1	0	0	-1	50	0	37	0	0	0	43	0
c10948	0	20	-1	-1	0	0	37	0	39	0	0	-1	44	-1	15	0	0	0	-1	0	0	-1	-1	0	34	39	46	-1	39	7
c10953	0	-1	50	0	20	0	0	0	0	0	37	6	0	44	0	0	34	0	0	-1	0	46	50	12	34	0	0	3	-1	-1
c10956	2	20	0	0	20	0	0	-1	-1	0	46	0	10	44	15	49	0	-1	-1	-1	0	26	-1	49	34	1	16	29	0	0
c10959	0	43	0	-1	0	0	50	-1	0	0	0	44	0	44	15	0	6	0	0	12	0	0	50	0	-1	0	50	0	39	7
c10977	0	0	-1	5	38	-1	-1	0	0	0	30	29	0	5	-1	16	29	-1	0	50	0	0	0	-1	0	0	3	0	-1	-1
c10988	0	0	-1	-1	25	0	20	-1	0	0	39	-1	50	44	0	0	0	0	0	-1	0	20	50	0	34	44	39	0	20	-1
c10997	0	5	0	5	38	0	-1	0	0	0	30	-1	0	-1	-1	19	-1	0	0	-1	28	20	0	29	0	27	-1	0	0	50
c11002	1	39	0	0	8	0	0	-1	0	0	30	37	12	-1	3	44	-1	29	0	3	-1	0	-1	16	0	0	0	0	12	-1
c11017	46	0	-1	5	38	0	-1	14	-1	0	-1	-1	47	0	0	0	29	2	0	0	0	-1	0	29	0	50	20	0	0	8
c11024	12	-1	0	0	20	0	0	0	14	0	-1	0	-1	-1	15	-1	41	0	-1	0	-1	3	-1	0	34	0	0	-1	-1	0
c11035	44	-1	-1	0	0	0	0	0	-1	0	-1	0	0	0	0	0	-1	15	0	-1	-1	0	38	0	0	20	15	0	-1	-1
c11048	0	-1	0	0	-1	20	37	0	0	0	0	44	0	44	15	16	0	20	0	-1	0	-1	50	38	-1	0	0	-1	39	7
c11057	0	0	0	14	-1	-1	20	-1	0	20	30	37	0	0	0	0	0	41	4	46	0	0	-1	0	0	-1	0	0	12	-1
c11074	0	0	-1	-1	0	0	0	37	0	0	30	37	0	0	0	-1	12	-1	0	-1	0	0	0	0	0	-1	-1	-1	0	-1
c11075	0	0	-1	-1	0	0	0	-1	0	0	30	37	0	0	0	12	-1	0	0	38	-1	2	0	0	0	-1	0	16	0	0
c11078	0	20	0	0	0	0	37	0	40	-1	0	44	0	44	-1	0	0	46	0	7	29	-1	-1	0	34	0	46	0	39	7
c11102	39	0	0	0	0	0	-1	20	0	0	30	0	-1	12	46	0	0	0	47	-1	0	0	20	0	0	48	-1	0	43	0
c11129	0	-1	-1	0	50	-1	37	-1	-1	12	0	44	0	44	15	0	43	0	47	0	0	-1	50	0	34	0	0	-1	39	7
c11131	-1	43	0	48	-1	0	4	50	0	37	39	-1	0	-1	-1	-1	0	0	0	-1	0	0	-1	0	-1	0	0	0	20	0
c11149	-1	0	0	0	20	20	44	3	0	0	-1	28	0	-1	-1	0	-1	14	0	0	0	0	-1	0	34	43	0	-1	-1	0
c11162	0	-1	0	-1	0	0	0	0	0	0	30	37	0	-1	14	0	-1	0	0	38	38	-1	0	0	0	0	0	16	-1	-1
c11168	0	-1	-1	39	0	50	0	0	0	0	30	50	-1	-1	-1	3	-1	20	49	14	0	0	0	0	0	0	43	25	0	0
c11174	-1	16	0	0	0	44	-1	16	2	47	30	0	13	0	-1	0	0	-1	0	0	0	0	-1	0	-1	20	15	-1	-1	-1
c11188	0	37	0	5	38	0	-1	0	2	0	30	12	21	0	0	0	29	0	0	0	0	20	0	29	0	-1	20	0	-1	0
c11189	0	37	0	5	38	0	-1	0	-1	0	-1	12	21	0	12	-1	29	0	0	-1	0	-1	0	-1	-1	-1	20	0	29	-1
c11198	26	0	-1	5	-1	20	-1	0	0	39	-1	28	0	0	-1	0	29	0	-1	-1	0	20	0	29	0	27	20	-1	0	0
c11207	0	-1	0	0	-1	12	0	-1	0	0	-1	-1	12	0	20	43	-1	0	-1	0	28	0	0	-1	0	0	0	0	12	0
c11218	20	0	0	0	20	-1	0	-1	23	0	0	-1	0	-1	15	0	4	41	0	-1	0	-1	50	-1	-1	0	0	0	29	0
c11221	-1	0	0	43	0	50	27	0	50	0	30	0	0	0	-1	-1	-1	0	0	0	15	0	29	3	0	34	12	20	0	0
c11224	0	0	14	39	28	50	-1	0	-1	0	30	50	0	-1	0	-1	0	0	0	0	0	0	0	0	-1	-1	-1	25	0	-1
c11237	0	0	0	5	38	0	-1	0	50	0	30	-1	-1	-1	0	0	29	0	-1	0	0	20	-1	29	0	0	0	0	0	0
c11241	0	0	0	47	-1	38	14	0	0	0	30	-1	0	-1	0	0	0	0	0	12	-1	-1	0	0	-1	0	0	0	12	0
c11260	49	37	0	0	20	-1	-1	-1	49	0	30	37	-1	0	0	0	0	0	0	0	28	38	0	0	-1	37	44	0	12	0
c11264	16	44	0	0	0	0	12	-1	0	0	37	0	0	44	0	0	39	-1	-1	16	0	0	50	-1	34	0	0	0	37	-1
c11266	0	0	3	0	0	0	0	-1	0	-1	-1	37	20	39	43	-1	0	34	0	0	20	0	2	0	0	0	-1	0	12	34
c11274	0	33	0	0	0	0	-1	0	-1	44	0	-1	-1	-1	15	29	0	0	-1	-1	0	0	50	0	-1	-1	0	30	-1	-1
c11285	0	37	0	0	20	12	0	-1	46	0	30	37	0	0	0	-1	0	0	0	-1	28	0	0	0	0	0	44	-1	12	0
c11297	0	0	0	4	0	50	2	38	0	0	30	0	-1	37	-1	0	-1	4	0	0	0	23	-1	17	14	-1	0	0	0	-1
c11303	0	-1	7	0	0	10	37	37	0	0	0	44	3	44	-1	0	0	29	0	0	10	-1	50	0	34	0	0	0	39	7
c11309	-1	14	-1	0	0	-1	0	20	0	0	30	44	39	0	0	0	-1	0	47	44	0	-1	-1	0	0	0	0	-1	0	38
c11317	0	38	-1	29	20	-1	43	0	0	-1	43	0	0	-1	15	0	0	0	0	0	-1	0	50	-1	34	0	-1	44	29	0
c11324	0	-1	-1	-1	-1	50	0	20	0	0	30	50	-1	-1	0	3	0	0	0	0	0	-1	-1	0	-1	0	43	25	0	0
c11325	0	0	-1	-1	0	50	0	20	0	0	30	50	-1	0	0	-1	0	30	0	0	0	0	0	-1	0	0	43	-1	0	0
c11337	0	0	-1	-1	38	29	-1	0	0	0	30	0	20	0	0	0	29	-1	-1	0	0	31	0	29	0	0	3	0	-1	0
c11339	0	0	-1	5	38	-1	-1	-1	0	0	30	0	0	-1	0	0	29	0	20	0	-1	-1	0	-1	0	0	3	0	0	-1
c11341	39	-1	0	0	0	0	-1	0	28	0	46	44	0	44	15	0	0	29	-1	0	0	-1	50	0	34	0	0	0	39	7
c11345	0	0	-1	5	38	0	-1	0	12	-1	30	0	-1	0	-1	1	29	-1	0	44	0	0	0	29	0	0	3	0	0	-1
c11356	0	38	0	0	-1	0	0	0	0	0	0	0	0	-1	15	0	0	0	0	0	0	0	50	-1	34	-1	-1	0	29	0
c11358	0	50	-1	16	0	0	0	0	0	0	30	37	0	-1	0	44	12	-1	14	3	-1	0	2	-1	0	0	28	0	12	0
c11376	12	38	0	29	-1	0	43	0	0	10	0	0	0	-1	15	0	-1	0	0	0	0	0	50	0	-1	3	0	-1	29	0
c11410	0	0	0	6	-1	0	0	-1	0	0	30	37	0	0	0	0	-1	0	0	0	0	21	2	0	2	39	0	0	12	34
c11416	15	0	0	-1	0	-1	0	0	-1	0	30	37	0	0	0	0	0	0	-1	38	-1	0	0	0	-1	0	0	16	0	0
c11417	15	0	0	-1	0	-1	0	0	0	-1	30	37	-1	-1	0	0	0	0	0	-1	-1	0	0	0	0	0	-1	16	0	0
c11420	44	16	0	0	-1	0	-1	-1	0	0	30	0	0	0	-1	0	0	0	0	0	-1	0	38	0	0	20	-1	0	-1	-1
c11426	0	0	20	-1	0	16	0	0	0	0	30	37	0	0	0	0	0	10	0	0	0	39	0	-1	0	-1	0	0	-1	0
c11438	4	0	0	0	0	44	0	0	0	-1	30	37	-1	0	-1	0	0	0	0	0	0	50	44	12	-1	20	-1	0	0	-1
c11450	0	20	0	0	2	0	37	0	0	4	0	44	0	-1	15	0	-1	-1	0	0	0	-1	-1	0	34	0	3	44	39	7
c11454	0	-1	-1	-1	0	0	0	20	-1	0	30	0	-1	0	-1	50	0	-1	47	0	46	0	50	-1	37	0	-1	-1	-1	0
c11455	0	14	-1	1	-1	0	-1	20	-1	0	-1	0	21	0	-1	50	0	7	47	0	46	0	50	-1	37	0	0	0	-1	-1
c11472	0	14	-1	0	0	0	0	-1	28	0	30	-1	0	0	0	50	0	-1	-1	0	0	0	50	0	37	0	0	0	0	0
c11473	0	14	-1	0	0	0	0	20	-1	0	30	-1	0	-1	0	50	-1	0	-1	0	-1	-1	50	0	-1	0	0	0	12	0
c11474	12	14	0	5	38	20	-1	0	0	-1	30	-1	0	0	-1	0	29	0	0	0	0	20	0	29	0	27	20	0	0	0
c11488	0	0	0	5	38	0	-1	0	0	0	30	-1	-1	-1	-1	16	29	0	39	0	0	20	0	29	-1	-1	20	31	0	0
c11526	33	-1	-1	0	-1	43	0	12	0	12	30	37	13	10	0	0	16	0	-1	-1	0	-1	-1	0	12	20	47	-1	12	-1
c11528	-1	0	0	4	0	50	-1	44	0	-1	30	0	-1	0	0	0	0	-1	0	-1	-1	23	49	0	33	0	0	47	0	0
c11529	-1	0	0	-1	-1	50	0	44	0	0	30	-1	0	0	0	0	0	0	-1	0	0	23	49	0	33	0	0	47	0	-1
c11537	-1	-1	29	-1	16	0	0	0	0	-1	30	-1	6	0	0	0	0	-1	-1	28	0	-1	2	10	0	0	-1	-1	12	-1
c11540	0	0	-1	5	38	-1	-1	0	0	0	30	0	-1	-1	0	0	-1	0	0	0	0	31	0	29	0	0	3	-1	0	0
c11543	0	0	-1	-1	0	50	0	-1	0	0	30	-1	0	0	0	0	0	0	0	0	29	23	0	0	33	0	0	47	-1	-1
c11560	0	20	0	-1	20	27	0	3	0	-1	46	0	10	44	15	0	0	-1	0	0	0	0	50	13	-1	-1	16	29	0	44
c11561	-1	-1	0	0	20	27	0	3	0	-1	46	0	10	44	15	-1	0	-1	-1	0	-1	0	50	13	-1	-1	16	29	-1	-1
c11562	20	-1	-1	-1	-1	0	44	3	0	0	-1	0	-1	-1	15	0	-1	14	0	0	0	-1	50	0	34	43	0	0	50	0
c11564	10	-1	-1	-1	-1	-1	37	-1	-1	0	30	37	-1	0	0	0	0	-1	0	38	0	0	0	0	0	0	0	0	0	0
c11582	-1	-1	9	39	0	-1	29	-1	13	0	30	37	-1	-1	0	-1	0	28	0	-1	-1	0	2	16	0	0	0	0	12	0
c11608	29	-1	21	28	20	0	0	3	-1	0	-1	0	0	-1	15	0	-1	14	-1	0	20	0	50	-1	34	-1	44	0	47	0
c11630	7	37	0	0	20	-1	0	-1	-1	0	30	37	0	31	-1	0	0	0	0	0	28	0	-1	0	0	23	44	38	12	0
c11648	0	0	0	-1	0	29	0	16	0	0	30	37	0	0	12	38	-1	0	5	38	0	0	0	0	0	0	0	16	-1	0
c11650	-1	0	0	5	38	0	-1	0	50	0	30	0	-1	0	20	0	29	0	12	0	-1	20	-1	29	0	0	28	-1	0	0
c11668	0	-1	0	0	0	0	-1	0	0	0	30	37	0	0	0	0	-1	0	-1	-1	-1	-1	-1	33	-1	-1	-1	35	0	0
c11673	-1	0	0	47	20	0	-1	20	-1	0	30	0	0	0	50	0	43	46	47	0	0	0	-1	0	0	0	0	0	-1	0
c11679	0	0	-1	20	-1	0	0	0	0	0	30	37	0	0	0	0	44	0	0	0	0	-1	-1	50	0	0	0	49	12	34
c11691	0	-1	0	-1	28	43	0	-1	0	0	30	37	15	0	0	29	0	-1	0	0	0	44	2	0	0	0	0	-1	-1	0
c11703	0	-1	12	0	50	-1	-1	-1	50	12	0	44	0	44	15	0	43	0	0	0	0	-1	50	0	34	0	0	0	39	7
c11708	0	-1	-1	15	0	0	33	0	29	0	37	6	0	-1	-1	21	34	0	0	-1	0	0	50	0	34	0	-1	3	0	20
c11712	0	0	-1	5	38	0	-1	0	0	0	30	0	20	41	0	-1	29	-1	-1	-1	0	-1	0	29	0	-1	3	0	20	0
c11720	46	0	4	5	38	0	-1	14	0	0	-1	50	47	0	0	0	-1	-1	0	-1	0	20	0	-1	0	50	20	46	0	0
c11727	0	29	0	0	0	0	-1	37	-1	0	30	37	0	29	0	-1	37	0	0	38	0	14	2	0	0	-1	0	33	12	-1
c11731	0	-1	0	5	-1	0	-1	0	-1	0	-1	0	-1	0	0	0	29	16	46	0	20	20	-1	29	0	0	0	21	0	0
c11748	28	0	-1	5	38	-1	-1	0	-1	-1	-1	0	0	-1	-1	0	-1	0	49	0	0	0	0	-1	-1	0	-1	0	0	-1
c11749	28	0	-1	5	38	0	-1	0	-1	-1	30	0	0	20	0	0	-1	-1	-1	0	0	0	0	-1	-1	0	-1	0	0	-1
c11754	0	35	29	39	0	50	0	0	-1	-1	-1	0	0	0	0	-1	-1	-1	0	-1	0	-1	0	0	-1	-1	43	-1	-1	0
c11758	0	0	-1	5	38	0	-1	0	0	0	30	0	0	15	0	0	-1	0	0	0	0	14	0	29	-1	0	3	44	-1	0
c11759	0	0	-1	-1	38	0	-1	0	0	0	30	0	0	15	-1	-1	-1	0	0	0	0	14	0	29	-1	0	3	44	0	0
c11762	44	0	0	-1	0	50	0	0	-1	38	-1	50	0	-1	0	0	0	0	0	0	0	5	-1	10	0	-1	15	46	-1	-1
c11773	-1	0	0	-1	0	-1	20	12	0	-1	30	37	0	0	0	-1	0	0	-1	15	0	0	-1	0	0	-1	-1	0	12	0
c11783	0	-1	0	0	0	-1	37	48	28	0	0	44	0	-1	15	-1	0	29	0	0	0	-1	50	0	34	0	0	0	39	7
c11787	44	0	0	-1	12	0	0	0	0	0	30	16	0	0	-1	0	0	0	0	0	0	-1	38	44	0	-1	0	-1	-1	0
c11788	-1	0	0	0	0	0	0	-1	0	0	37	-1	0	44	-1	0	39	20	-1	16	-1	0	-1	0	34	0	0	-1	37	-1
c11792	0	0	0	5	38	0	-1	-1	0	0	30	-1	13	-1	-1	0	29	-1	39	7	0	-1	0	-1	37	27	20	31	0	0
c11809	-1	0	50	0	0	0	28	0	0	-1	37	-1	-1	44	0	0	0	31	0	0	0	-1	50	-1	-1	0	0	0	-1	20
c11814	0	-1	0	0	0	-1	50	0	-1	0	0	44	0	-1	15	0	14	46	0	12	20	34	50	0	34	0	-1	0	39	-1
c11815	0	-1	0	0	0	0	50	-1	0	0	0	-1	0	-1	15	0	14	46	0	12	20	34	-1	0	34	-1	0	0	39	-1
c11818	37	0	0	0	0	0	-1	20	0	0	30	44	0	43	46	0	-1	0	47	0	0	0	20	0	0	48	16	0	43	46
c11838	0	0	20	-1	0	16	-1	0	0	-1	-1	37	9	-1	-1	0	0	10	-1	-1	0	39	0	20	0	0	0	-1	-1	0
c11864	0	-1	0	0	0	0	15	0	0	0	-1	37	-1	-1	0	20	7	0	0	0	0	0	2	0	0	0	0	0	12	-1
c11875	0	-1	-1	5	38	-1	-1	0	0	0	30	29	-1	5	0	16	29	15	0	50	-1	0	0	-1	0	0	3	0	-1	-1
c11876	0	38	0	-1	-1	0	0	0	-1	0	0	0	-1	-1	15	-1	0	0	0	-1	-1	0	50	0	34	0	14	0	29	-1
c11881	16	14	-1	1	-1	-1	44	20	-1	-1	30	0	-1	0	-1	50	-1	-1	47	-1	0	-1	50	0	37	0	-1	0	29	0
c11883	-1	0	0	39	15	0	39	0	50	20	30	37	0	13	0	20	-1	20	16	0	-1	0	0	10	20	0	-1	-1	12	0
c11892	-1	20	0	0	20	0	0	-1	0	0	46	-1	10	44	15	29	16	-1	-1	0	0	0	-1	0	-1	0	-1	29	-1	-1
c11901	0	0	0	5	38	20	-1	-1	-1	39	30	0	0	0	-1	14	29	0	-1	12	0	-1	0	29	0	27	20	14	-1	-1
c11908	-1	37	-1	0	20	12	0	-1	0	-1	-1	-1	0	0	0	0	-1	0	0	0	28	0	0	-1	16	-1	44	0	12	0
c11909	0	37	0	0	-1	12	0	-1	0	0	30	-1	-1	0	0	0	37	-1	0	0	-1	-1	0	-1	16	0	44	-1	12	0
c11930	0	-1	0	0	0	-1	-1	0	-1	0	0	-1	-1	-1	15	-1	-1	0	0	12	0	-1	-1	-1	34	12	0	0	39	7
c11966	0	-1	-1	-1	-1	50	12	0	-1	0	37	6	-1	44	0	-1	34	0	0	0	0	0	50	5	34	0	0	3	-1	20
c11972	0	-1	0	-1	0	-1	0	0	0	0	30	37	0	0	12	0	0	-1	-1	38	0	0	0	0	0	0	0	16	38	-1
c11973	-1	0	0	-1	0	0	0	0	0	-1	30	-1	0	0	12	0	0	0	0	-1	0	-1	0	-1	-1	0	0	16	38	0
c11981	0	-1	0	0	-1	0	0	-1	0	0	-1	0	0	44	44	0	39	46	-1	16	-1	0	50	0	34	0	-1	0	37	-1
c11987	23	-1	-1	0	0	10	37	37	0	0	0	44	-1	-1	-1	12	0	29	0	0	10	-1	50	43	34	-1	0	-1	39	7
c11996	0	-1	0	14	0	-1	-1	-1	47	-1	-1	-1	15	0	0	0	0	0	41	44	0	0	-1	0	0	0	-1	0	-1	0
c11997	0	0	-1	14	0	-1	-1	12	47	0	-1	37	15	-1	0	0	0	0	41	44	0	0	-1	-1	0	0	-1	0	-1	-1
c12001	0	20	0	0	0	0	37	0	40	0	0	44	0	44	15	0	0	0	0	7	29	-1	-1	0	34	0	-1	0	39	7
c12007	-1	28	0	0	0	44	28	0	-1	0	30	-1	0	0	0	0	0	-1	0	0	-1	0	2	0	-1	0	0	-1	12	34
c12020	-1	-1	0	-1	0	0	0	0	0	0	30	37	0	0	12	0	0	0	0	38	0	-1	0	0	0	-1	0	16	38	-1
c12021	0	0	0	-1	0	0	0	0	0	0	30	37	-1	-1	12	0	0	0	0	38	0	0	0	-1	0	0	0	16	38	0
c12027	0	0	0	14	47	0	-1	12	0	-1	30	-1	12	37	-1	-1	0	0	38	-1	0	0	-1	50	0	-1	0	12	12	-1
c12032	0	0	0	48	-1	0	0	0	0	0	39	-1	-1	44	0	-1	0	0	9	-1	0	0	50	38	34	-1	0	0	-1	0
c12046	-1	-1	0	-1	44	1	-1	-1	0	0	-1	37	0	0	0	0	0	-1	0	-1	0	0	0	0	12	0	0	-1	0	0
c12059	40	-1	0	-1	7	0	0	0	0	0	30	-1	0	13	-1	0	0	10	-1	0	0	0	0	20	0	0	29	0	-1	-1
c12060	0	0	-1	0	-1	0	0	0	0	0	30	37	12	-1	-1	44	0	0	0	-1	0	0	2	16	0	0	0	0	12	0
c12065	0	43	0	-1	0	20	0	0	0	0	30	37	0	0	0	0	10	10	0	-1	15	0	0	-1	20	38	7	0	-1	0
c12075	0	0	0	-1	0	43	-1	-1	0	0	30	37	15	0	0	-1	12	0	0	0	-1	-1	-1	-1	-1	-1	-1	0	-1	23
c12080	0	-1	0	0	0	38	14	0	0	-1	-1	37	0	0	41	-1	0	0	47	0	0	0	0	0	0	0	-1	0	12	38
c12084	43	44	0	6	7	0	-1	0	0	0	30	37	0	-1	-1	0	0	-1	0	0	0	21	-1	-1	0	-1	0	0	12	34
c12085	43	44	0	6	7	0	7	0	0	0	-1	37	43	-1	39	0	0	0	-1	0	0	21	-1	0	0	0	0	0	12	34
c12086	0	-1	0	-1	44	-1	0	-1	0	0	30	37	0	0	0	-1	-1	0	0	38	0	29	8	0	-1	0	0	16	0	0
c12095	0	16	16	20	15	21	0	-1	0	29	30	-1	0	-1	0	29	-1	20	-1	0	-1	20	0	0	0	-1	12	0	12	0
c12104	0	-1	0	4	50	50	-1	44	0	0	30	0	0	4	0	-1	0	0	0	50	0	23	0	43	33	-1	0	0	20	-1
c12111	-1	10	-1	0	0	0	0	-1	0	29	-1	0	0	0	0	0	49	0	47	-1	0	0	0	0	-1	0	-1	0	0	0
c12120	0	20	0	0	-1	0	-1	0	0	0	0	-1	0	44	15	0	0	0	-1	0	-1	-1	-1	0	34	4	28	0	39	-1
c12126	0	0	3	0	0	0	0	-1	50	0	-1	37	-1	0	0	-1	0	0	0	0	0	0	-1	0	0	0	0	0	-1	34
c12127	0	0	3	0	0	-1	0	-1	50	0	-1	37	20	0	0	-1	0	0	0	-1	0	0	2	0	0	44	0	0	12	34
c12146	20	-1	-1	0	0	-1	37	-1	0	0	0	-1	0	44	15	-1	0	29	0	0	10	-1	50	0	34	0	0	29	-1	7
c12159	-1	43	20	-1	0	0	36	0	-1	0	30	37	0	0	0	-1	0	10	0	0	-1	0	-1	-1	0	38	-1	21	12	7
c12170	-1	16	50	0	14	0	28	42	0	-1	-1	0	44	44	0	0	0	44	0	0	0	0	50	47	-1	0	-1	-1	0	-1
c12175	0	-1	-1	0	0	10	37	37	0	-1	0	44	-1	44	15	-1	0	29	0	0	10	-1	50	-1	34	-1	0	0	39	7
c12179	0	0	9	0	0	-1	29	0	13	0	30	37	0	-1	0	44	-1	0	0	-1	0	0	-1	-1	29	0	12	12	12	0
c12202	0	-1	0	14	0	0	20	0	0	-1	30	37	12	0	-1	0	0	-1	-1	0	0	0	-1	0	0	-1	0	16	12	16
c12207	0	0	-1	5	38	0	-1	-1	-1	-1	30	0	0	0	0	0	29	0	0	0	0	-1	0	29	-1	0	3	-1	-1	-1
c12210	0	0	-1	4	27	50	0	44	0	0	30	-1	-1	0	0	0	-1	0	0	-1	0	-1	-1	0	33	-1	-1	0	-1	0
c12212	-1	-1	-1	0	20	0	0	0	0	-1	-1	30	0	-1	15	-1	0	0	0	0	7	0	-1	0	34	-1	0	29	29	0
c12216	0	0	46	5	38	20	-1	37	0	39	30	0	0	0	-1	0	29	37	0	-1	0	-1	0	29	-1	27	-1	0	0	0
c12217	0	0	46	-1	-1	-1	-1	37	0	39	30	0	0	0	-1	-1	-1	37	0	0	0	20	0	29	39	27	-1	0	0	0
c12221	0	0	0	16	37	0	0	43	-1	0	30	37	20	0	-1	43	-1	0	0	38	0	15	0	0	0	0	0	8	0	0
c12246	0	-1	-1	43	0	50	0	-1	0	43	30	2	-1	0	0	-1	0	0	0	0	-1	0	29	0	0	34	0	-1	39	-1
c12259	12	0	0	5	38	0	-1	0	0	0	-1	-1	0	0	-1	0	-1	-1	0	0	0	-1	0	29	0	27	20	-1	0	0
c12280	-1	13	0	0	-1	-1	14	-1	0	3	-1	37	0	0	-1	44	12	37	-1	0	-1	0	12	0	10	0	2	0	12	29
c12299	0	0	0	-1	0	0	0	-1	0	0	30	37	-1	0	0	0	-1	0	0	38	-1	0	0	0	0	-1	0	16	0	-1
c12303	0	-1	0	0	0	0	37	48	28	0	0	44	-1	44	15	0	0	29	0	0	0	-1	50	0	34	0	0	0	39	7
c12335	-1	0	-1	5	38	0	-1	50	0	0	30	0	-1	-1	0	49	29	2	0	0	37	-1	0	29	0	0	20	-1	0	0
c12342	0	-1	0	-1	43	50	-1	0	-1	20	30	-1	0	0	-1	0	0	0	16	-1	0	0	29	0	0	-1	-1	-1	39	0
c12345	-1	0	47	0	0	21	14	0	0	39	30	37	0	0	0	0	0	-1	-1	0	0	0	49	0	0	-1	-1	44	-1	0
c12353	46	1	12	0	-1	0	-1	0	0	-1	30	37	-1	0	0	-1	-1	12	0	0	12	16	20	0	0	44	-1	0	-1	0
c12359	0	0	0	5	-1	-1	-1	0	50	0	30	0	-1	0	0	0	29	0	0	0	0	20	-1	29	0	0	0	16	0	0
c12390	0	-1	13	0	44	38	-1	0	0	-1	30	37	0	0	20	0	0	0	-1	12	-1	0	44	0	20	0	0	0	12	0
c12391	0	0	13	0	44	38	14	0	0	0	30	-1	-1	0	20	0	0	0	0	-1	0	-1	44	0	-1	0	0	-1	-1	0
c12401	-1	0	-1	-1	38	0	-1	7	12	-1	-1	0	0	-1	0	0	29	0	0	0	0	0	-1	29	0	0	3	0	0	-1
c12409	0	14	-1	0	-1	-1	0	20	28	0	30	0	0	0	-1	50	0	0	-1	0	0	0	50	0	37	0	-1	0	0	0
c12410	50	-1	0	0	47	0	29	-1	0	0	0	0	14	44	0	0	-1	47	0	0	0	0	50	0	34	0	16	0	20	-1
c12411	50	0	0	0	47	0	-1	0	0	0	0	0	14	-1	-1	0	0	-1	0	0	0	0	50	0	-1	0	16	-1	20	29
c12416	0	0	0	0	20	0	31	0	14	0	0	43	0	-1	15	0	-1	-1	-1	0	0	-1	50	-1	-1	-1	31	0	12	-1
c12424	0	0	0	4	50	50	0	44	0	0	30	0	-1	4	-1	0	-1	0	0	50	-1	23	0	43	33	0	0	-1	20	0
c12433	0	0	0	-1	0	0	0	12	0	0	30	37	0	0	0	16	44	0	0	0	0	0	2	50	-1	0	0	0	12	-1
c12467	0	-1	0	0	0	0	0	0	44	0	30	-1	-1	0	0	0	0	0	0	38	0	0	37	0	-1	0	-1	-1	28	-1
c12477	0	0	3	0	0	0	0	-1	-1	-1	30	37	20	0	0	-1	-1	0	-1	0	0	-1	-1	0	-1	0	0	0	12	-1
c12484	-1	14	-1	0	16	-1	0	20	28	0	30	0	0	0	-1	50	0	0	-1	0	0	-1	50	-1	37	0	0	0	-1	0
c12486	0	0	0	-1	38	-1	-1	0	-1	0	30	0	0	0	-1	0	29	0	-1	0	12	-1	0	29	-1	27	20	0	0	0
c12538	0	-1	0	0	39	50	12	14	0	-1	30	-1	0	31	0	0	-1	0	-1	0	0	0	-1	0	16	-1	-1	0	0	0
c12546	44	0	0	29	0	0	16	0	0	0	30	-1	0	0	0	0	0	0	0	0	-1	0	38	0	0	20	15	0	-1	-1
c12552	0	-1	-1	14	0	43	8	12	0	-1	-1	37	15	-1	0	0	0	29	28	44	-1	0	2	0	0	50	0	-1	-1	0
c12562	0	29	-1	-1	44	-1	0	0	0	0	30	37	-1	0	0	9	0	-1	0	-1	0	0	0	0	0	43	44	16	0	0
c12563	0	29	-1	-1	44	2	0	-1	0	0	30	37	0	0	0	9	0	0	0	38	0	-1	0	0	0	43	44	16	0	0
c12577	0	-1	9	0	0	0	-1	0	13	0	-1	37	-1	-1	-1	44	0	0	0	3	0	-1	2	16	-1	0	-1	0	-1	-1
c12588	0	0	-1	0	-1	2	-1	0	0	0	0	44	0	44	-1	0	0	0	0	12	-1	0	50	-1	34	37	-1	-1	39	-1
c12596	0	37	0	19	20	-1	0	-1	0	-1	30	37	0	0	0	34	0	0	0	0	28	0	0	0	-1	-1	44	0	12	0
c12597	0	37	0	19	20	12	0	-1	0	-1	30	37	0	0	0	34	0	0	0	0	28	0	0	0	0	0	44	-1	-1	0
c12611	0	20	-1	0	-1	-1	20	0	0	39	-1	37	-1	0	12	0	0	0	0	0	39	0	-1	9	0	0	0	0	-1	0
c12616	-1	0	44	-1	-1	-1	-1	12	0	0	30	-1	29	0	38	0	23	0	0	37	-1	-1	-1	0	-1	-1	0	0	12	43
c12618	-1	0	0	-1	0	0	0	0	0	0	30	37	18	0	0	-1	0	0	-1	38	-1	0	0	0	0	0	0	-1	14	-1
c12619	0	0	0	-1	0	0	0	0	0	0	30	37	18	0	-1	0	0	0	0	-1	0	-1	0	0	0	0	0	16	14	-1
c12631	-1	0	50	13	0	15	0	0	47	-1	-1	0	0	-1	0	-1	0	-1	0	0	-1	0	50	0	34	0	0	13	0	-1
c12638	-1	0	0	0	-1	-1	0	43	-1	20	30	37	0	-1	-1	0	0	0	0	38	0	15	46	0	0	0	-1	8	0	-1
c12642	0	-1	0	0	0	-1	37	0	0	0	0	44	0	44	15	-1	0	0	-1	12	0	-1	-1	0	34	-1	0	0	39	7
c12645	0	0	-1	-1	0	44	-1	20	-1	7	30	0	0	-1	0	0	0	0	-1	-1	-1	-1	43	0	-1	14	0	23	49	49
c12648	44	16	-1	27	0	0	-1	16	0	0	30	-1	0	-1	0	0	0	-1	0	0	0	0	38	0	0	20	15	0	-1	-1
c12650	20	-1	0	14	0	0	20	0	0	0	-1	37	12	0	5	-1	0	0	4	0	0	-1	-1	0	0	-1	0	0	12	16
c12654	0	-1	0	-1	0	-1	0	0	0	43	30	-1	-1	-1	33	0	0	0	0	0	0	0	29	0	0	34	0	-1	0	-1
c12673	0	-1	0	0	-1	12	12	-1	0	0	30	37	10	15	38	0	0	-1	8	0	28	0	0	-1	-1	29	44	0	-1	20
c12684	28	0	-1	5	38	0	-1	-1	-1	-1	-1	0	-1	0	0	0	-1	0	0	0	0	-1	0	29	-1	0	-1	0	0	-1
c12688	0	20	0	0	-1	0	37	0	0	0	-1	-1	-1	44	15	-1	-1	0	-1	-1	0	-1	-1	0	34	-1	-1	0	39	7
c12702	15	-1	0	-1	0	-1	-1	46	0	0	30	37	0	0	0	-1	-1	0	0	-1	0	0	0	0	0	0	0	16	-1	0
c12703	15	0	0	-1	0	0	0	46	0	-1	30	37	0	0	0	0	0	0	-1	-1	0	0	0	0	0	-1	0	16	29	0
c12709	23	12	-1	28	0	0	50	0	-1	0	0	44	12	-1	-1	0	-1	0	-1	37	20	0	50	0	34	-1	0	0	39	-1
c12711	0	20	-1	0	-1	0	37	-1	0	0	37	44	0	-1	15	0	0	0	32	0	0	-1	-1	-1	34	4	0	-1	39	7
c12722	0	-1	0	0	14	0	-1	-1	44	-1	30	37	0	29	2	-1	0	4	0	-1	0	-1	2	0	0	-1	0	33	12	34
c12742	0	-1	0	0	12	-1	37	14	0	0	0	44	0	-1	15	-1	0	0	0	-1	0	-1	-1	28	34	12	0	0	39	7
c12744	-1	-1	0	14	0	-1	0	12	-1	0	30	37	-1	-1	0	37	-1	0	-1	12	0	0	2	10	5	43	0	0	-1	33
c12747	0	-1	0	-1	0	-1	37	-1	28	0	31	44	0	44	15	0	0	29	0	14	-1	-1	50	-1	34	0	0	0	-1	7
c12756	-1	37	0	0	20	12	0	-1	0	-1	30	37	0	31	0	0	0	0	0	-1	28	0	0	0	0	-1	44	-1	12	0
c12758	-1	43	0	0	13	0	-1	-1	0	0	0	44	0	44	15	0	0	0	0	12	0	0	50	0	34	0	50	0	39	-1
c12763	0	27	0	-1	28	0	-1	-1	0	0	-1	50	-1	-1	46	-1	0	21	47	47	0	0	20	0	0	48	16	0	43	-1
c12772	0	14	-1	1	0	0	0	-1	-1	0	30	0	21	37	0	50	50	0	47	0	0	20	50	-1	37	0	0	0	-1	0
c12777	-1	0	0	4	-1	50	-1	44	0	20	30	0	0	0	0	0	20	0	-1	0	0	-1	-1	0	33	0	-1	47	0	-1
c12788	-1	0	-1	0	0	0	50	0	0	0	0	44	0	-1	15	0	0	0	0	12	0	0	50	0	34	0	-1	-1	39	7
c12792	0	0	0	0	0	20	-1	0	0	-1	30	37	-1	-1	-1	-1	13	-1	0	-1	-1	-1	0	0	0	28	0	0	12	30
c12794	0	-1	0	0	0	10	37	-1	0	0	0	44	0	44	15	0	0	29	0	44	10	-1	50	0	34	0	0	0	39	7
c12795	0	-1	0	0	0	-1	37	-1	0	0	0	44	0	44	15	0	-1	29	0	-1	10	-1	50	0	34	0	-1	-1	-1	7
c12811	0	-1	0	0	20	0	0	-1	14	0	41	43	0	-1	15	0	0	0	-1	-1	0	0	50	43	-1	-1	0	0	12	0
c12828	0	13	0	0	0	-1	-1	0	0	0	30	-1	0	0	0	0	-1	0	0	0	0	0	0	0	-1	-1	0	0	12	29
c12830	-1	28	-1	0	0	0	0	50	49	-1	30	37	0	10	0	0	0	-1	0	0	0	12	2	0	0	0	0	0	12	34
c12840	-1	0	0	0	0	-1	0	-1	20	-1	-1	-1	0	0	0	12	49	0	0	-1	-1	0	2	20	-1	7	0	0	12	34
c12847	0	0	0	48	0	0	-1	0	-1	0	39	-1	-1	44	-1	-1	-1	0	0	-1	0	-1	50	0	34	-1	-1	0	-1	0
c12852	0	0	-1	0	0	-1	0	0	-1	0	30	37	0	-1	0	0	0	-1	0	0	0	0	2	37	29	0	0	0	12	34
c12861	0	37	0	19	20	12	0	-1	0	-1	-1	37	0	0	-1	34	0	0	0	0	28	0	0	0	0	0	44	0	12	0
c12863	-1	0	0	-1	0	0	0	0	0	-1	30	37	-1	0	0	0	-1	-1	-1	38	0	-1	0	0	0	0	0	16	-1	-1
c12866	-1	20	0	0	0	0	37	-1	-1	0	-1	-1	-1	44	15	0	0	0	-1	0	0	-1	-1	0	34	0	0	37	39	7
c12876	28	0	0	4	0	50	0	44	0	0	30	0	0	0	0	-1	0	0	-1	0	-1	23	49	0	-1	0	0	47	0	0
c12877	28	-1	0	4	0	50	0	-1	0	0	30	0	0	0	-1	0	0	0	29	0	0	-1	49	0	-1	0	0	47	0	-1
c12878	-1	44	0	6	7	0	7	0	0	0	30	37	0	-1	0	21	0	0	0	0	0	21	2	-1	0	0	0	0	12	-1
c12887	37	0	50	0	0	0	-1	20	0	0	30	0	0	0	-1	0	0	0	47	0	0	10	20	-1	0	-1	16	0	-1	46
c12890	46	0	4	5	38	0	-1	14	0	0	30	-1	47	0	0	3	29	2	0	0	0	-1	28	29	0	50	20	0	-1	-1
c12892	0	0	0	5	38	0	-1	-1	12	20	30	15	0	0	0	-1	29	2	-1	0	0	20	0	29	0	50	-1	0	-1	0
c12916	0	29	0	-1	50	50	0	-1	0	0	30	0	28	0	0	0	0	0	0	-1	0	23	-1	0	33	0	0	-1	20	7
c12926	-1	0	0	-1	0	0	20	0	0	0	-1	37	12	14	5	-1	0	0	4	43	0	0	-1	0	46	-1	0	0	12	16
c12932	0	0	0	-1	0	-1	0	0	0	-1	30	37	0	0	-1	-1	0	15	0	38	0	0	44	0	0	0	-1	16	-1	0
c12933	-1	-1	0	-1	0	0	0	0	0	0	30	37	0	0	0	-1	0	15	0	-1	-1	0	44	0	0	0	-1	-1	0	0
c12934	-1	-1	-1	29	0	10	37	-1	0	0	-1	44	-1	44	15	0	0	29	-1	0	10	-1	-1	43	34	20	0	-1	-1	-1
c12935	37	-1	0	29	0	10	37	37	0	0	0	-1	-1	44	15	0	0	29	0	0	10	-1	-1	-1	34	20	0	0	39	7
c12938	0	-1	0	-1	-1	-1	37	-1	0	0	0	44	-1	44	15	-1	0	0	0	-1	0	-1	-1	0	-1	12	0	0	39	7
c12948	-1	0	-1	5	38	0	-1	0	0	-1	30	0	0	0	-1	-1	29	0	0	0	12	20	0	29	0	27	20	0	0	0
c12952	-1	0	0	0	-1	0	43	3	0	0	30	37	0	0	31	0	0	-1	0	0	-1	33	-1	0	0	5	0	0	12	-1
c12957	-1	0	0	0	14	20	0	0	0	0	30	-1	-1	-1	0	0	44	0	0	-1	0	0	2	0	0	0	0	0	-1	34
c12958	-1	0	0	-1	-1	-1	8	-1	0	0	30	37	-1	43	-1	-1	0	-1	0	-1	-1	-1	0	0	-1	-1	0	-1	-1	-1
c12959	0	0	0	-1	0	0	8	0	-1	0	30	-1	0	-1	0	-1	-1	-1	0	38	0	0	0	0	0	0	0	-1	0	0
c12962	-1	50	0	0	-1	20	0	20	0	-1	-1	37	0	-1	-1	0	16	-1	0	-1	0	0	47	0	-1	0	0	0	12	0
c12972	20	0	-1	0	20	-1	0	3	0	0	-1	15	0	-1	-1	-1	0	14	0	20	0	43	50	0	34	43	12	36	0	0
c12978	-1	0	0	0	0	0	-1	0	0	-1	37	0	37	44	0	0	-1	0	-1	16	0	0	50	0	34	0	0	0	37	-1
c12985	0	0	12	-1	-1	50	27	0	-1	0	30	0	0	0	0	0	-1	-1	-1	0	-1	0	29	3	0	34	0	0	0	0
c12996	1	39	0	0	8	0	-1	0	-1	0	30	37	12	-1	3	44	-1	0	-1	-1	46	0	-1	16	0	0	0	50	12	44
c13007	0	-1	-1	5	38	0	-1	27	0	0	30	44	20	16	-1	0	29	0	-1	0	0	31	0	29	0	0	3	0	0	0
c13009	0	0	9	0	0	-1	29	0	13	-1	30	-1	0	-1	0	44	0	0	-1	3	0	37	-1	16	31	0	-1	12	12	6
c13015	0	-1	0	0	0	-1	37	-1	0	15	4	44	0	-1	15	-1	0	0	0	12	13	-1	-1	0	34	12	0	0	39	7
c13021	-1	0	13	0	-1	39	0	-1	0	0	0	0	0	-1	0	0	39	-1	0	16	0	46	50	-1	34	0	0	0	37	0
c13036	8	10	-1	0	0	0	30	-1	0	29	30	-1	0	-1	0	13	0	0	-1	0	0	0	-1	0	0	0	-1	-1	20	-1
c13068	0	-1	0	-1	29	-1	0	0	0	0	30	37	0	0	0	0	0	13	0	38	0	37	0	0	0	0	0	16	0	-1
c13069	0	0	0	-1	29	13	-1	0	0	0	30	37	0	0	0	0	0	13	-1	38	0	37	0	0	0	-1	0	16	-1	-1
c13075	43	0	0	0	0	0	-1	0	39	0	37	0	0	-1	0	0	39	-1	-1	16	0	0	50	0	34	0	0	0	37	0
c13093	-1	0	46	-1	44	0	0	0	0	0	-1	-1	0	0	0	-1	47	0	0	-1	-1	-1	-1	0	0	0	31	-1	-1	0
c13094	2	0	0	16	0	-1	0	0	0	44	30	37	0	-1	20	44	-1	20	47	3	0	0	2	16	-1	0	0	49	12	0
c13103	0	0	-1	14	0	-1	-1	12	0	20	30	37	-1	-1	0	0	0	41	4	46	0	0	-1	0	0	-1	0	0	12	16
c13106	-1	0	0	-1	-1	-1	14	0	29	-1	-1	37	0	0	41	0	0	0	47	0	0	0	0	0	0	0	-1	0	12	38
c13108	-1	0	-1	-1	-1	21	14	-1	0	-1	30	-1	0	-1	0	0	0	39	0	0	0	0	49	0	0	-1	-1	29	12	-1
c13110	0	44	0	0	12	0	14	0	0	-1	30	37	0	0	0	0	-1	-1	46	0	0	-1	-1	0	-1	0	28	0	12	-1
c13112	44	16	0	0	-1	0	0	-1	0	-1	-1	0	0	0	0	0	0	0	0	-1	-1	-1	38	-1	0	20	15	0	-1	-1
c13118	0	-1	0	5	-1	-1	-1	0	0	16	30	0	0	0	-1	7	29	0	0	38	0	-1	-1	-1	8	-1	20	0	0	0
c13119	0	37	0	5	38	-1	-1	0	-1	16	30	0	0	0	-1	7	29	-1	0	-1	0	20	-1	29	8	-1	20	-1	0	0
c13121	-1	-1	-1	43	15	50	0	0	-1	2	-1	0	0	0	-1	-1	-1	-1	0	-1	-1	0	29	31	0	34	0	50	0	-1
c13137	0	0	0	0	-1	-1	16	0	0	0	-1	37	0	0	0	20	0	20	16	-1	0	5	0	0	12	0	-1	0	-1	0
c13143	-1	20	0	-1	-1	39	37	-1	0	0	21	44	-1	-1	15	-1	0	-1	0	-1	0	-1	-1	0	34	4	0	-1	39	7
c13159	0	0	36	0	15	-1	0	0	0	-1	30	37	0	0	0	20	-1	20	16	0	0	5	0	0	0	0	0	0	12	0
c13175	44	-1	-1	47	-1	0	0	-1	0	-1	30	16	0	0	0	0	0	-1	0	0	0	0	-1	44	0	-1	0	0	-1	0
c13181	19	-1	0	0	0	20	0	0	0	38	30	37	39	0	50	0	0	-1	0	0	0	0	28	0	-1	-1	-1	-1	12	0
c13190	20	0	0	-1	0	0	0	0	-1	-1	30	37	0	16	-1	0	0	0	-1	38	0	49	-1	0	-1	0	0	16	44	-1
c13191	20	0	0	-1	0	0	0	0	43	46	30	-1	0	16	0	0	0	0	-1	-1	0	49	-1	-1	13	0	0	16	-1	-1
c13194	0	-1	0	14	0	43	0	-1	0	0	-1	37	-1	0	20	0	0	0	-1	0	-1	-1	2	0	-1	0	0	0	-1	0
c13202	0	0	0	-1	0	0	0	0	-1	23	30	37	-1	0	0	-1	0	0	0	0	0	-1	2	16	0	0	0	-1	12	34
c13211	0	0	27	0	-1	0	0	-1	0	-1	37	0	-1	44	0	0	-1	0	0	16	-1	0	-1	0	34	0	0	0	37	-1
c13216	0	0	0	0	-1	0	14	-1	-1	-1	0	0	-1	-1	0	38	39	-1	0	16	0	46	-1	0	34	0	0	0	37	0
c13220	44	16	0	-1	0	0	0	0	0	0	-1	0	0	0	0	-1	20	10	43	-1	0	-1	-1	0	0	-1	-1	0	-1	-1
c13221	-1	16	0	-1	0	0	0	0	0	-1	30	0	0	0	0	0	20	10	43	-1	0	0	38	0	0	20	15	0	-1	-1
c13224	0	0	0	39	-1	-1	0	0	0	-1	30	-1	0	0	0	0	39	0	0	-1	0	-1	0	-1	0	15	43	25	0	3
c13226	0	-1	0	30	15	0	0	-1	-1	-1	30	37	-1	13	0	20	0	20	16	0	23	-1	0	0	-1	0	0	0	12	20
c13236	0	0	0	4	0	-1	0	38	0	37	30	37	0	-1	-1	0	-1	0	20	20	0	23	0	20	14	0	37	0	44	-1
c13237	-1	0	0	4	0	-1	-1	38	0	37	-1	37	-1	37	-1	-1	0	0	-1	20	0	-1	0	20	14	0	37	-1	44	-1
c13250	0	20	0	0	0	-1	-1	-1	-1	-1	43	44	0	44	15	15	14	0	0	12	0	-1	-1	0	34	20	0	43	39	-1
c13264	0	0	9	0	-1	19	29	0	13	0	30	37	0	-1	0	44	0	0	45	3	0	0	2	16	33	0	0	0	12	0
c13284	0	-1	-1	0	0	-1	29	0	13	14	30	37	-1	-1	0	44	-1	20	0	3	-1	0	2	16	0	-1	-1	0	12	-1
c13285	0	0	9	0	-1	-1	29	0	13	-1	30	37	-1	-1	0	44	-1	-1	0	3	-1	0	2	16	0	0	12	0	12	49
c13287	29	0	-1	0	20	0	0	3	0	12	-1	0	0	-1	15	-1	0	14	-1	-1	-1	-1	50	0	34	43	44	0	12	0
c13297	-1	38	0	0	-1	0	0	0	0	0	0	0	0	-1	15	-1	0	0	0	0	0	39	50	0	34	-1	0	0	29	0
c13312	-1	21	-1	14	0	43	0	12	37	-1	30	37	15	0	0	-1	0	0	0	0	0	43	-1	-1	0	-1	-1	0	-1	0
c13344	-1	0	0	0	38	0	0	0	0	0	-1	37	-1	0	9	0	49	0	0	0	0	47	2	0	0	7	0	0	12	34
c13356	0	0	0	14	16	-1	0	-1	0	0	-1	37	-1	50	-1	37	-1	0	44	0	-1	0	2	0	0	-1	0	44	-1	0
c13365	-1	43	0	-1	0	29	0	0	0	-1	30	37	37	0	-1	27	0	10	0	0	15	0	0	20	38	38	7	0	-1	0
c13370	0	0	0	0	0	0	37	0	0	0	30	37	0	0	0	0	-1	28	0	-1	-1	-1	2	0	-1	39	-1	13	0	-1
c13371	0	0	-1	0	0	0	37	0	-1	0	30	37	0	0	0	0	0	-1	0	38	0	16	-1	0	-1	39	0	13	0	-1
c13392	0	50	0	0	-1	0	0	0	0	0	30	37	0	-1	0	44	12	-1	14	3	-1	0	2	-1	0	0	28	0	12	0
c13397	0	0	-1	0	-1	0	0	-1	44	0	30	37	0	29	2	0	0	-1	-1	38	0	0	2	13	0	0	0	33	-1	-1
c13403	0	-1	0	-1	0	0	0	0	-1	0	30	37	0	0	0	-1	0	0	0	38	0	0	0	33	0	20	-1	0	0	0
c13409	8	39	50	0	0	0	28	0	0	-1	37	0	0	44	0	0	0	0	0	0	0	37	-1	-1	34	0	-1	-1	0	-1
c13412	-1	0	0	-1	38	0	-1	14	-1	20	-1	15	0	0	-1	0	29	-1	-1	-1	0	20	0	29	0	50	20	0	-1	-1
c13419	1	39	0	0	8	0	0	-1	0	0	30	37	12	-1	3	44	0	29	0	-1	46	0	2	-1	0	-1	0	0	12	44
c13420	0	33	-1	0	0	0	50	0	50	44	0	44	-1	44	15	29	0	0	0	12	0	0	-1	-1	-1	0	-1	30	39	7
c13427	-1	-1	0	-1	0	-1	-1	0	0	0	30	37	-1	-1	0	0	0	0	20	38	-1	0	34	-1	0	0	-1	0	-1	0
c13436	40	0	-1	-1	7	0	0	0	44	-1	30	-1	0	0	0	-1	0	-1	-1	-1	0	0	0	-1	0	0	29	0	12	0
c13445	46	0	4	5	38	0	-1	14	0	0	-1	-1	47	0	-1	0	29	-1	0	0	-1	20	28	29	0	50	20	0	0	8
c13449	0	-1	29	-1	0	-1	37	-1	0	-1	-1	44	0	44	15	15	0	47	13	12	0	-1	-1	20	34	-1	0	44	39	7
c13481	0	-1	0	5	38	20	-1	0	-1	39	30	0	0	0	-1	14	29	-1	-1	0	0	20	0	29	0	27	20	14	-1	-1
c13496	-1	0	-1	-1	38	0	-1	0	12	-1	30	-1	0	0	0	0	29	0	0	0	-1	0	-1	29	0	0	3	0	0	-1
c13499	0	-1	0	4	0	-1	0	44	0	0	30	-1	0	-1	0	0	0	0	0	0	29	23	0	-1	33	0	0	47	-1	0
