	0	1	2	3	4	5	6	7	8	9	10	11	12	13	14	15	16	17	18	19	20	21	22	23	24	25	26	27	28	29
c593	4	24	47	0	0	0	18	4	46	0	0	4	0	4	0	47	0	-1	0	0	19	0	0	0	35	-1	-1	0	0	45
c942	0	19	16	0	45	4	42	0	-1	-1	-1	-1	49	-1	-1	0	-1	0	0	-1	0	4	0	0	0	0	42	0	27	0
c1097	-1	-1	-1	0	4	35	0	0	39	0	-1	46	-1	0	36	-1	-1	0	45	-1	32	0	17	0	0	-1	42	9	27	0
c1159	-1	0	0	0	0	0	0	-1	46	1	37	4	0	0	-1	0	0	4	0	0	28	0	0	0	-1	50	19	0	0	0
c1395	18	24	0	-1	-1	0	0	4	46	-1	-1	-1	0	46	-1	-1	0	0	0	0	19	0	39	0	-1	50	0	0	-1	0
c1923	0	19	-1	0	-1	0	0	4	46	39	0	4	-1	0	-1	0	0	0	1	-1	0	0	0	1	35	50	0	0	46	-1
c2143	-1	-1	0	-1	0	-1	-1	4	46	1	37	-1	-1	0	-1	-1	-1	42	0	0	28	0	0	-1	-1	50	0	0	-1	0
c2154	0	0	0	0	0	-1	-1	4	46	1	37	4	47	0	-1	0	0	0	-1	0	28	0	0	0	-1	50	0	0	-1	0
c2372	0	0	-1	0	16	0	27	4	-1	0	0	4	47	0	-1	-1	-1	0	0	-1	-1	20	16	0	35	50	-1	0	-1	-1
c2391	0	0	-1	46	9	0	28	4	46	1	-1	4	0	0	-1	27	0	0	0	0	28	0	0	0	-1	-1	0	0	35	0
c2449	-1	0	24	0	0	0	26	0	0	28	0	-1	0	0	0	4	19	0	0	0	-1	44	0	0	0	0	0	0	0	0
c2545	0	0	5	0	-1	-1	0	4	46	-1	-1	4	0	0	0	0	0	0	-1	0	0	0	0	0	35	50	0	0	0	0
c2568	25	24	-1	0	0	0	0	-1	-1	0	0	4	0	0	0	47	0	-1	32	-1	19	50	0	0	35	50	0	0	-1	0
c2583	0	-1	21	-1	0	24	26	0	0	-1	0	45	0	-1	42	4	-1	0	9	25	-1	0	0	29	-1	0	0	0	28	0
c2589	0	5	0	0	45	24	0	0	0	27	0	-1	0	29	4	9	19	23	-1	19	28	0	0	0	47	0	5	9	-1	-1
c2766	10	0	47	0	0	0	0	-1	46	27	0	4	0	0	29	-1	0	0	45	0	0	29	7	-1	35	50	45	0	0	-1
c2778	0	-1	0	0	0	36	0	4	46	27	0	4	0	0	29	0	-1	0	0	0	0	0	7	0	35	-1	45	4	-1	46
c2906	31	19	16	0	0	4	42	0	0	0	-1	-1	0	0	9	0	-1	29	-1	-1	0	4	-1	0	0	45	42	0	27	0
c2966	0	-1	-1	0	-1	4	42	0	0	0	-1	-1	49	-1	9	0	0	0	45	-1	1	4	10	-1	0	28	-1	0	27	0
c2979	0	-1	0	0	0	0	-1	0	0	0	0	0	0	0	0	4	19	0	0	23	0	0	-1	5	-1	-1	4	19	0	0
c3034	0	0	0	0	0	-1	0	4	46	-1	29	4	0	-1	29	0	0	-1	0	0	-1	-1	-1	0	35	50	45	0	-1	34
c3035	0	0	0	50	-1	0	0	4	-1	-1	29	4	0	0	29	0	0	0	-1	0	0	-1	0	0	-1	50	45	0	0	34
c3072	0	-1	0	0	45	24	0	0	0	-1	0	0	0	0	30	9	19	23	-1	-1	-1	0	0	19	0	-1	0	-1	0	0
c3075	0	-1	0	39	0	27	-1	4	-1	0	-1	4	-1	0	0	0	31	0	0	0	0	4	0	-1	35	-1	0	0	-1	0
c3179	0	24	-1	0	0	0	0	4	46	0	36	4	0	0	0	-1	0	-1	-1	0	19	0	30	0	35	50	0	0	0	0
c3190	0	-1	0	0	0	-1	20	4	46	-1	-1	4	0	0	-1	0	0	0	0	0	-1	0	-1	0	-1	-1	10	0	0	0
c3231	0	19	16	24	18	39	-1	42	0	47	-1	0	4	0	9	0	-1	0	12	-1	0	-1	0	-1	9	16	42	-1	27	7
c3366	-1	0	-1	0	0	0	0	-1	46	0	4	4	8	0	0	5	0	0	0	-1	0	-1	0	45	35	50	0	-1	0	0
c3388	0	0	32	-1	0	0	-1	-1	46	-1	37	4	0	0	-1	-1	9	0	24	0	0	7	0	0	-1	50	0	-1	5	0
c3497	0	-1	37	37	45	24	36	1	0	0	-1	-1	-1	-1	0	9	19	23	0	0	-1	47	0	0	0	0	0	0	0	43
c3578	0	0	4	0	45	-1	-1	47	20	0	0	21	0	18	0	7	19	42	-1	0	-1	0	0	-1	4	24	1	0	-1	0
c3666	-1	42	0	0	32	0	-1	0	-1	32	0	-1	0	5	0	4	19	0	0	0	0	0	0	0	0	-1	-1	-1	4	-1
c3672	0	-1	16	-1	27	4	42	42	-1	0	-1	-1	49	0	-1	0	0	0	-1	-1	0	4	0	-1	0	0	-1	24	27	0
c3773	-1	0	0	-1	-1	0	0	4	46	1	37	4	0	0	-1	0	0	0	0	0	28	0	0	0	-1	50	0	1	0	0
c3911	-1	0	0	0	0	0	0	4	46	27	45	4	-1	0	29	0	0	0	0	-1	0	0	-1	0	35	-1	45	0	40	-1
c3923	9	0	0	-1	-1	0	0	4	46	45	-1	4	0	0	-1	0	5	-1	0	0	-1	32	-1	0	35	50	0	0	0	-1
c3927	0	19	36	0	-1	0	0	4	-1	39	24	-1	28	0	-1	27	-1	0	0	0	0	0	0	19	35	50	0	-1	-1	0
c3941	0	0	0	0	-1	-1	0	4	46	42	0	4	0	-1	0	0	0	0	0	0	-1	0	45	9	35	50	0	5	0	0
c4016	0	19	16	0	0	4	42	0	-1	1	-1	-1	0	0	9	24	0	0	9	-1	0	4	24	0	-1	0	42	0	27	-1
c4054	0	19	16	0	-1	-1	42	-1	-1	4	-1	-1	-1	0	9	0	0	0	0	-1	0	4	0	0	0	0	42	0	27	0
c4124	0	24	-1	0	0	-1	-1	-1	46	29	45	-1	36	0	47	0	19	0	-1	0	19	30	-1	0	35	-1	0	11	-1	0
c4198	0	0	0	0	0	0	-1	4	-1	0	0	4	0	0	0	0	-1	0	0	36	25	0	26	0	35	50	0	0	0	0
c4208	16	24	0	0	0	0	18	4	46	0	-1	-1	0	-1	0	47	-1	-1	0	16	19	-1	0	0	35	50	0	-1	0	0
c4291	19	0	-1	-1	0	0	-1	4	46	0	5	4	0	33	0	0	19	0	4	0	-1	30	45	9	35	50	0	0	0	-1
c4300	-1	-1	21	28	0	24	26	-1	9	0	-1	45	0	0	42	-1	19	-1	9	25	32	0	0	29	6	0	0	0	28	0
c4301	-1	-1	21	28	0	24	26	0	9	19	0	45	0	0	42	4	19	-1	9	25	32	0	0	29	6	0	-1	24	28	0
c4366	0	0	-1	0	-1	0	-1	4	-1	-1	0	-1	12	0	4	0	-1	0	0	0	0	30	0	0	35	50	0	0	0	0
c4406	0	30	-1	0	-1	24	-1	0	0	17	0	23	0	29	4	9	19	23	-1	0	0	0	0	4	47	0	16	9	-1	-1
c4447	0	0	0	0	45	-1	0	4	0	0	0	0	27	-1	0	9	19	23	0	-1	0	0	0	37	47	0	-1	0	-1	0
c4473	0	25	0	-1	45	24	-1	42	0	-1	0	-1	0	0	0	9	19	23	-1	0	32	0	24	0	47	0	-1	10	0	0
c4499	0	-1	0	0	-1	5	0	-1	46	-1	0	4	19	0	-1	-1	-1	0	0	5	-1	0	0	0	35	50	0	-1	0	-1
c4509	-1	-1	0	0	46	-1	0	4	46	39	0	4	0	-1	0	-1	46	-1	0	-1	0	0	0	-1	35	50	-1	40	0	-1
c4512	-1	0	46	0	45	24	0	-1	0	-1	0	-1	36	25	0	-1	19	23	0	0	0	-1	0	4	47	19	35	10	-1	-1
c4554	0	0	0	0	0	7	0	4	46	27	-1	-1	-1	0	29	0	0	0	0	0	0	0	7	0	35	50	45	0	0	0
c4587	-1	0	0	18	-1	0	0	4	-1	39	0	4	0	0	0	0	0	0	0	-1	0	0	0	27	-1	50	35	0	0	-1
c4592	0	19	16	0	0	-1	42	0	-1	0	-1	-1	0	0	9	0	0	0	0	-1	0	4	0	37	0	0	42	-1	27	-1
c4596	-1	0	24	0	0	-1	26	0	0	28	0	19	5	-1	0	4	19	39	0	-1	0	0	0	0	0	0	0	0	-1	0
c4638	0	-1	1	0	-1	0	0	4	-1	39	0	-1	0	-1	-1	0	-1	0	0	0	-1	0	-1	0	35	50	0	0	0	0
c4648	0	0	-1	0	-1	0	0	4	46	32	0	4	0	0	0	0	0	0	30	0	0	0	45	-1	-1	50	0	0	0	0
c4666	0	0	-1	0	46	0	0	-1	46	39	0	-1	0	45	46	0	-1	24	-1	-1	0	-1	-1	0	35	-1	-1	0	0	0
c4679	-1	0	0	21	45	24	0	0	0	0	0	-1	0	-1	3	9	-1	23	0	37	0	0	0	4	47	-1	35	10	36	-1
c4681	0	24	0	-1	0	5	0	-1	46	0	0	4	0	0	-1	0	0	0	0	0	19	0	0	0	-1	50	0	0	0	0
c4683	0	-1	-1	0	0	4	42	-1	-1	-1	-1	-1	0	0	-1	0	0	0	0	-1	0	4	0	0	0	0	42	-1	27	0
c4771	0	-1	16	19	4	35	-1	0	-1	0	-1	-1	0	19	36	-1	0	0	-1	-1	32	45	0	0	0	0	42	0	27	-1
c4807	0	-1	45	-1	-1	27	-1	4	46	-1	37	4	-1	0	10	0	31	0	0	0	30	4	-1	0	-1	-1	0	-1	0	20
c4817	-1	0	24	-1	0	-1	26	0	0	28	0	-1	10	18	0	-1	19	29	0	19	9	0	4	-1	0	0	0	0	0	0
c4851	0	20	24	0	0	0	0	4	46	0	0	-1	0	0	37	0	0	0	0	-1	0	0	-1	0	-1	50	0	0	0	-1
c4909	0	0	24	0	0	0	-1	0	0	28	0	0	0	0	47	4	19	0	44	0	0	0	0	40	0	25	0	-1	0	0
c4953	0	0	0	19	0	0	0	4	-1	0	0	4	0	0	30	0	0	-1	0	0	-1	0	0	0	-1	50	0	0	0	0
c5011	31	0	-1	0	0	-1	0	4	46	0	37	4	-1	40	-1	46	9	0	24	0	24	7	-1	-1	35	-1	-1	-1	0	0
c5017	10	0	-1	0	0	0	0	-1	46	27	27	4	-1	0	29	0	0	-1	-1	-1	-1	37	-1	0	35	-1	45	-1	0	0
c5149	0	19	0	-1	-1	0	0	4	46	39	0	-1	0	-1	-1	0	0	5	9	0	1	-1	0	1	35	-1	0	0	0	43
c5157	0	0	0	-1	0	0	4	4	46	-1	0	-1	-1	-1	37	0	-1	0	-1	-1	-1	0	0	48	-1	50	-1	0	0	0
c5170	-1	19	-1	0	0	4	42	0	-1	0	-1	-1	0	0	9	0	0	0	0	-1	0	4	0	0	-1	0	42	0	27	0
c5177	0	0	0	0	27	-1	-1	4	46	0	1	4	8	0	-1	0	0	0	0	0	0	5	0	0	-1	50	24	0	0	0
c5181	0	0	0	0	45	24	0	0	0	0	-1	0	0	-1	4	9	19	23	0	0	0	19	0	0	47	0	5	9	0	0
c5246	0	-1	-1	0	0	-1	0	0	32	0	-1	0	47	-1	-1	-1	0	0	0	-1	45	45	19	-1	0	-1	42	5	27	0
c5330	37	24	0	0	19	-1	-1	-1	46	29	0	4	0	-1	0	0	20	0	0	0	19	0	0	0	-1	50	0	0	0	-1
c5366	-1	24	-1	0	-1	0	-1	4	46	-1	42	-1	0	-1	0	-1	0	0	0	5	19	0	29	0	35	50	0	0	-1	47
c5403	0	24	-1	0	0	0	0	4	-1	-1	0	4	19	0	-1	0	0	0	0	0	19	0	0	-1	35	50	0	0	0	0
c5468	-1	-1	24	-1	0	0	26	0	-1	28	-1	0	0	0	-1	4	19	0	0	0	0	32	0	-1	-1	0	0	4	-1	16
c5525	0	-1	34	0	0	0	0	4	46	29	45	4	36	0	47	0	0	0	0	0	19	0	0	29	35	50	46	11	0	0
c5551	7	0	0	10	0	0	2	4	-1	0	0	-1	0	0	0	0	25	0	0	0	0	19	-1	24	35	-1	-1	-1	0	0
c5573	-1	0	0	0	-1	0	0	-1	46	27	0	4	-1	30	29	0	0	0	45	0	-1	0	-1	4	35	50	45	0	0	-1
c5599	43	-1	0	0	0	0	4	4	46	0	37	4	-1	0	0	0	19	-1	0	0	18	0	0	0	35	50	4	0	0	-1
c5615	4	0	0	0	0	0	-1	28	0	29	-1	42	-1	0	0	4	19	-1	0	0	40	24	0	0	-1	0	0	0	4	24
c5703	10	-1	0	30	0	0	0	4	46	27	0	4	0	-1	29	0	0	0	45	0	-1	29	7	-1	35	50	45	0	-1	0
c5705	33	0	-1	0	46	-1	30	4	46	39	0	4	0	27	0	0	0	1	0	0	0	9	0	0	35	-1	0	0	-1	-1
c5722	19	0	0	0	0	0	-1	4	-1	1	37	-1	0	0	-1	0	0	0	4	9	28	0	-1	0	-1	50	0	0	50	5
c5781	0	30	-1	0	45	-1	-1	0	0	-1	0	23	-1	29	4	9	19	23	0	0	0	0	0	4	47	-1	16	-1	0	-1
c5798	0	19	16	-1	0	4	42	0	-1	0	-1	-1	39	0	9	0	0	0	0	-1	0	4	0	-1	-1	-1	42	0	27	21
c5805	0	0	0	-1	0	47	0	4	-1	0	0	4	0	19	30	-1	0	8	0	1	0	0	9	27	35	-1	-1	24	0	0
c5817	0	0	0	0	-1	0	0	4	46	0	-1	4	0	0	0	27	0	0	-1	5	0	0	-1	-1	35	-1	0	21	0	-1
c5836	47	0	0	0	45	24	0	-1	0	0	-1	0	0	0	0	9	19	23	36	40	-1	0	0	0	47	46	-1	-1	0	0
c5870	0	0	0	-1	0	47	0	4	46	-1	0	4	-1	0	29	0	-1	0	-1	-1	-1	-1	2	0	35	50	45	0	0	34
c5881	0	0	9	0	0	0	-1	4	-1	32	0	4	-1	0	-1	0	0	0	30	0	-1	36	-1	-1	35	-1	0	0	0	0
c5944	47	0	0	-1	45	24	0	0	39	0	49	0	10	0	29	9	-1	23	0	-1	-1	0	35	0	-1	0	35	0	-1	0
c5963	0	-1	0	-1	0	0	0	4	46	0	0	4	19	0	-1	0	0	0	10	0	19	0	-1	0	35	50	0	0	0	0
c5990	0	0	-1	0	0	9	1	4	-1	0	0	4	0	0	0	-1	-1	0	0	0	0	0	42	-1	35	50	0	0	-1	0
c5997	-1	0	0	0	0	0	28	4	-1	1	37	4	0	0	-1	-1	0	0	0	0	-1	0	-1	-1	-1	-1	0	0	35	0
c6010	0	0	0	0	-1	0	0	4	46	27	-1	4	0	16	29	0	-1	0	0	0	-1	0	7	0	35	50	-1	0	-1	0
c6069	-1	-1	0	0	0	27	4	4	-1	0	-1	4	-1	0	0	-1	31	0	-1	0	0	4	0	0	35	-1	0	0	0	-1
c6070	0	19	16	-1	-1	-1	42	-1	-1	-1	-1	-1	0	0	9	0	0	0	0	-1	0	4	0	0	0	-1	-1	0	-1	0
c6071	0	19	16	0	0	4	42	-1	-1	0	-1	-1	0	0	9	0	4	0	0	-1	0	-1	19	0	-1	0	42	0	27	0
c6148	32	0	24	0	0	4	26	0	0	28	-1	0	0	0	-1	4	19	0	-1	0	0	0	0	0	0	0	0	-1	0	-1
c6149	0	0	-1	0	0	0	26	0	0	-1	0	0	0	0	0	-1	-1	0	0	0	0	0	-1	0	-1	-1	0	-1	0	-1
c6154	0	19	16	0	0	37	0	-1	32	0	-1	1	0	-1	0	30	0	0	-1	-1	45	-1	-1	-1	-1	0	42	5	-1	0
c6165	7	0	0	-1	0	0	2	-1	-1	16	0	4	0	0	0	0	0	0	0	0	0	19	0	24	-1	50	-1	50	0	0
c6206	-1	24	-1	0	0	0	29	-1	46	0	0	4	0	0	0	0	0	5	0	0	-1	0	46	0	35	50	0	45	0	0
c6252	47	-1	-1	-1	0	0	-1	4	46	-1	37	4	0	0	-1	0	0	30	0	0	28	0	-1	-1	-1	50	0	-1	0	0
c6255	19	0	45	-1	0	0	0	-1	46	1	37	4	-1	0	-1	-1	0	46	0	-1	28	0	0	-1	-1	50	0	0	-1	0
c6266	-1	0	0	0	-1	0	-1	4	46	0	0	4	0	0	0	-1	0	19	-1	7	0	-1	0	0	35	-1	0	0	-1	0
c6276	0	19	16	0	0	4	42	0	0	24	-1	0	-1	-1	9	30	16	-1	0	-1	0	-1	0	0	0	0	42	0	27	0
c6277	0	19	16	0	0	-1	42	0	0	24	-1	0	-1	23	9	30	0	10	0	-1	0	-1	0	0	0	-1	-1	-1	27	0
c6300	19	19	16	0	10	4	42	-1	0	29	-1	-1	49	0	9	0	0	24	0	-1	46	4	47	-1	-1	-1	42	28	27	0
c6308	5	-1	-1	0	45	24	0	-1	0	-1	0	0	0	0	0	9	19	23	0	0	46	0	-1	-1	0	0	-1	24	0	0
c6363	0	0	-1	24	0	0	-1	4	46	0	37	4	0	0	-1	46	9	-1	24	0	0	-1	21	0	35	50	-1	-1	0	0
c6378	-1	-1	0	0	0	5	-1	-1	46	-1	-1	4	0	-1	0	0	0	0	-1	0	19	0	0	0	-1	50	30	0	0	0
c6412	0	19	16	-1	2	4	-1	0	0	0	-1	-1	49	0	9	0	0	0	0	-1	19	4	0	0	0	0	-1	0	27	0
c6435	0	0	-1	0	45	-1	0	-1	0	-1	0	-1	0	0	0	-1	19	23	-1	30	31	0	29	4	47	30	35	10	-1	35
c6439	0	0	-1	19	0	0	0	4	-1	-1	0	4	0	-1	30	0	0	0	0	-1	-1	0	46	0	35	50	0	0	0	0
c6441	0	0	0	0	0	-1	0	4	46	1	37	-1	0	0	-1	0	0	-1	29	0	28	0	0	0	-1	50	0	0	0	-1
c6445	46	24	27	0	0	0	0	-1	-1	0	0	-1	0	0	-1	0	0	0	0	0	19	0	0	0	35	-1	-1	9	-1	-1
c6452	0	-1	-1	0	-1	-1	0	4	-1	39	0	4	0	0	0	0	0	-1	29	0	46	0	0	0	35	50	0	0	0	0
c6453	0	0	-1	0	46	0	0	4	46	39	0	4	0	-1	0	0	-1	-1	29	0	0	0	0	0	35	50	0	0	0	0
c6523	0	0	27	19	0	0	0	4	-1	0	0	4	0	0	30	0	0	8	0	1	0	0	9	0	35	50	0	24	0	0
c6538	0	19	-1	4	0	4	42	-1	0	0	-1	-1	49	0	9	0	0	0	0	-1	0	4	0	0	0	5	-1	0	27	0
c6555	-1	0	24	0	0	-1	-1	0	0	-1	0	0	0	-1	0	4	19	0	0	19	0	0	0	0	0	0	0	0	0	0
c6564	-1	24	-1	0	0	0	0	4	46	0	0	4	19	0	-1	0	0	0	0	-1	19	0	0	0	35	50	46	0	-1	0
c6576	18	-1	-1	0	46	-1	0	4	46	39	29	4	0	0	9	0	4	0	0	-1	0	0	5	0	-1	50	0	0	-1	-1
c6593	0	0	-1	0	46	0	36	-1	46	39	0	4	-1	0	0	0	0	0	0	47	0	0	0	-1	35	-1	-1	24	0	0
c6676	-1	-1	0	0	0	0	9	4	46	0	0	4	0	-1	0	0	0	-1	19	0	-1	-1	0	0	-1	50	-1	0	0	-1
c6678	0	19	16	5	0	4	42	0	0	0	-1	-1	45	-1	9	0	-1	0	0	-1	-1	4	19	0	-1	0	42	24	-1	0
c6688	0	0	-1	0	-1	0	30	-1	46	0	37	4	0	0	-1	46	-1	0	24	0	0	7	0	0	35	50	-1	-1	0	47
c6692	10	-1	0	0	0	0	0	4	-1	27	0	4	0	10	29	0	0	0	45	0	-1	29	7	0	35	50	45	0	0	-1
c6693	10	0	0	0	0	-1	-1	4	46	27	-1	4	0	10	29	-1	0	0	45	0	50	29	7	0	35	50	45	0	0	-1
c6704	0	-1	0	0	0	-1	0	4	46	-1	37	4	0	0	-1	0	0	0	0	0	28	0	-1	0	-1	50	5	0	0	0
c6717	-1	19	16	-1	18	-1	42	42	0	47	-1	29	4	0	9	0	-1	0	-1	-1	0	4	0	-1	9	16	-1	0	-1	0
c6766	0	0	0	0	-1	0	0	-1	-1	27	46	-1	-1	0	29	0	0	0	0	0	0	0	7	-1	35	50	45	0	-1	0
c6797	-1	0	0	0	0	0	0	4	-1	0	29	4	0	-1	30	-1	4	0	0	32	0	0	-1	-1	-1	50	0	0	0	0
c6804	-1	0	0	-1	-1	0	0	4	-1	-1	0	-1	0	0	30	0	20	0	0	5	26	0	46	0	35	50	0	0	0	-1
c6821	0	0	-1	0	46	-1	0	4	46	39	0	4	0	0	0	0	0	-1	0	47	0	0	0	0	35	-1	0	24	0	0
c6828	0	0	-1	0	0	0	-1	4	46	1	-1	4	0	0	-1	27	0	0	0	0	28	0	0	29	-1	-1	0	0	35	0
c6836	0	19	-1	0	-1	0	-1	4	46	39	-1	4	-1	-1	0	-1	0	0	1	0	4	-1	-1	1	-1	50	0	0	46	43
c6859	33	0	-1	0	46	0	30	4	46	39	0	4	9	27	0	0	0	-1	0	0	0	0	0	0	35	50	-1	0	0	0
c6871	0	19	16	0	18	0	42	0	0	47	-1	-1	4	-1	9	0	-1	0	12	-1	0	-1	19	-1	9	0	-1	0	27	0
c6878	0	-1	0	0	-1	0	4	-1	46	0	0	-1	0	0	0	0	0	0	0	0	19	0	46	0	35	50	-1	45	0	0
c6888	0	0	-1	0	-1	37	0	4	46	39	10	4	0	-1	4	0	0	-1	0	0	0	0	0	-1	35	-1	-1	0	0	0
c6895	0	24	19	0	0	-1	0	4	46	29	42	4	0	-1	0	-1	0	0	0	0	19	-1	-1	0	35	50	9	0	0	0
c6897	0	0	0	0	-1	0	0	4	-1	0	37	4	0	0	-1	9	20	0	-1	0	28	0	-1	0	-1	50	47	-1	-1	0
c6912	-1	0	0	-1	0	0	28	4	-1	-1	-1	4	-1	0	-1	27	0	0	0	0	28	-1	0	0	-1	-1	0	0	35	0
c6934	0	19	16	0	-1	4	42	-1	0	0	-1	30	-1	-1	9	0	0	0	24	-1	1	-1	0	-1	0	0	-1	0	27	0
c6957	-1	0	0	0	0	-1	0	-1	-1	-1	-1	-1	0	0	0	0	4	0	0	36	0	0	0	-1	35	50	42	0	0	0
c6966	0	-1	16	0	0	4	42	24	-1	-1	-1	-1	49	-1	9	0	0	0	0	-1	0	4	0	0	0	40	42	0	27	0
c6970	0	19	0	0	-1	0	0	4	46	39	-1	-1	0	0	39	0	9	0	9	-1	-1	33	0	1	35	-1	0	0	0	43
c6984	0	0	0	6	-1	19	-1	4	46	1	37	4	0	0	-1	0	0	0	29	0	28	0	-1	0	-1	-1	0	-1	0	0
c7000	0	42	0	19	-1	-1	26	0	-1	0	-1	-1	4	5	37	4	19	0	0	0	-1	36	0	32	0	-1	0	47	-1	0
c7044	0	0	0	0	0	0	0	4	46	0	0	4	0	33	0	0	-1	0	4	0	-1	30	-1	9	35	50	-1	0	0	-1
c7137	0	0	0	0	-1	0	0	4	46	39	-1	4	0	30	27	-1	4	0	0	0	0	0	0	36	-1	-1	19	0	-1	0
c7145	0	19	0	-1	-1	-1	-1	4	46	-1	0	4	-1	0	-1	0	0	-1	0	0	0	0	0	1	35	-1	30	-1	-1	43
c7174	-1	19	36	0	-1	-1	0	-1	46	39	24	4	0	-1	0	27	-1	0	-1	0	0	24	0	0	35	-1	0	29	-1	-1
c7190	-1	0	-1	0	45	24	0	0	-1	0	0	0	0	0	0	9	19	23	0	-1	0	0	0	37	47	0	35	0	-1	0
c7192	0	0	0	-1	0	0	0	4	-1	0	-1	4	-1	0	4	0	-1	0	0	0	0	-1	0	0	35	50	0	0	0	0
c7200	0	-1	0	0	45	24	0	0	0	0	-1	-1	-1	-1	0	9	19	23	0	0	0	-1	0	-1	0	0	0	0	-1	0
c7241	29	0	0	0	0	0	0	4	46	1	37	4	0	0	-1	0	24	0	0	0	-1	0	-1	0	-1	50	-1	0	0	0
c7290	-1	0	24	0	0	0	-1	0	-1	28	0	0	0	37	47	4	19	0	0	0	0	0	0	0	0	0	0	-1	-1	0
c7296	-1	0	0	0	7	-1	20	4	46	1	37	4	-1	-1	-1	0	0	0	0	-1	28	0	0	0	-1	-1	0	-1	0	0
c7314	-1	-1	0	-1	-1	0	-1	-1	46	0	0	4	0	0	-1	0	0	0	30	-1	0	0	45	-1	35	50	0	0	0	-1
c7315	0	-1	0	-1	0	0	0	4	46	0	0	4	0	0	0	0	-1	0	30	5	-1	0	45	-1	-1	-1	0	0	0	0
c7336	0	-1	0	0	0	0	0	4	-1	0	0	4	0	0	0	0	0	46	-1	-1	0	-1	0	0	35	50	0	-1	0	0
c7337	0	0	0	-1	0	0	0	4	-1	0	0	4	0	0	0	0	0	46	0	-1	0	0	0	0	35	50	0	0	0	49
c7340	0	0	-1	-1	46	0	0	4	46	39	0	4	0	0	0	36	0	0	0	-1	32	0	-1	0	-1	50	-1	-1	0	-1
c7348	0	-1	0	30	0	0	-1	4	46	0	0	4	0	-1	-1	0	0	0	0	0	19	0	0	0	35	50	0	0	0	0
c7386	0	0	-1	-1	45	24	46	0	0	0	0	0	0	0	47	-1	19	23	0	-1	0	0	0	-1	0	-1	0	-1	0	0
c7389	24	19	16	0	0	-1	-1	-1	0	-1	-1	-1	49	0	-1	0	0	0	1	-1	0	4	0	-1	-1	5	42	0	-1	0
c7406	-1	0	-1	0	46	0	-1	4	46	39	-1	4	0	0	0	0	0	0	0	47	0	0	0	0	-1	-1	0	0	0	0
c7430	28	-1	0	0	0	27	4	4	46	0	37	4	-1	0	0	0	31	50	0	16	0	4	0	0	35	50	0	0	-1	0
c7442	0	0	-1	-1	-1	0	0	-1	46	39	0	4	0	37	0	0	0	0	9	-1	0	0	46	0	35	50	0	0	-1	-1
c7454	0	0	-1	-1	46	0	0	4	46	39	0	-1	0	0	0	-1	0	0	0	0	-1	0	21	-1	35	50	-1	0	-1	-1
c7467	0	19	16	-1	0	4	42	0	0	0	-1	-1	49	0	9	-1	0	45	0	-1	0	-1	0	-1	0	0	42	0	27	-1
c7468	0	0	-1	9	0	0	0	4	-1	0	0	-1	12	-1	4	0	0	0	0	0	0	0	4	0	35	-1	0	0	0	0
c7491	0	19	16	24	-1	-1	42	42	0	47	-1	0	4	0	9	0	-1	0	12	-1	-1	-1	0	-1	-1	16	42	0	27	40
c7497	-1	0	0	0	-1	47	-1	-1	46	0	-1	4	-1	0	29	0	-1	0	-1	0	0	0	0	0	35	50	45	0	0	34
c7528	0	19	16	0	-1	0	-1	-1	32	40	-1	0	0	-1	-1	-1	0	4	-1	-1	45	0	0	-1	-1	0	42	0	27	-1
c7532	0	-1	-1	-1	45	24	30	0	41	0	0	-1	-1	0	0	9	19	23	0	29	-1	-1	7	0	47	0	35	0	0	4
c7542	0	0	-1	0	46	0	0	4	46	-1	0	4	0	45	46	0	0	24	0	47	0	0	0	0	35	-1	0	0	0	0
c7549	9	-1	0	47	32	0	0	-1	46	29	45	4	0	0	0	-1	-1	-1	0	0	19	0	46	47	35	-1	0	0	0	22
c7593	0	-1	16	0	0	0	0	0	32	0	-1	29	4	-1	-1	30	0	24	0	-1	45	0	0	-1	37	39	42	0	27	0
c7635	0	4	24	29	0	0	26	0	-1	28	0	-1	37	0	-1	4	19	0	0	0	49	0	0	27	0	-1	-1	-1	-1	0
c7665	1	0	0	0	0	36	0	4	46	-1	0	4	0	0	-1	0	36	0	0	0	30	-1	7	-1	35	50	45	-1	0	0
c7674	4	19	-1	0	0	4	42	0	0	24	-1	0	0	0	9	0	0	0	0	-1	0	4	0	0	0	0	42	0	-1	0
c7696	-1	-1	0	0	0	0	0	-1	-1	0	0	4	12	0	4	4	0	0	0	0	0	0	27	0	35	50	-1	0	0	45
c7700	-1	4	16	27	0	35	0	0	-1	-1	-1	46	0	16	0	0	0	0	0	-1	32	0	0	0	0	0	42	0	27	0
c7716	0	0	0	0	-1	5	0	4	46	-1	-1	-1	8	0	0	1	0	0	0	0	0	18	0	0	35	-1	-1	12	0	0
c7751	0	-1	-1	0	46	0	47	4	46	39	-1	-1	0	0	0	0	0	-1	0	0	0	0	0	0	35	50	0	0	0	34
c7761	-1	0	-1	4	0	-1	0	-1	46	-1	0	4	-1	-1	36	0	0	-1	0	0	0	12	45	0	35	50	0	0	0	0
c7777	0	-1	-1	0	0	4	42	0	-1	-1	-1	-1	-1	0	9	-1	0	-1	-1	-1	4	4	0	0	0	10	-1	0	27	0
c7781	0	-1	0	0	0	-1	0	4	46	-1	30	-1	0	0	45	0	0	-1	-1	0	19	0	0	0	35	50	-1	0	0	19
c7792	31	0	-1	0	5	-1	0	4	46	0	37	4	0	4	-1	46	9	0	24	0	0	7	35	0	35	50	-1	-1	-1	0
c7794	0	0	-1	0	5	0	0	4	46	0	37	4	0	0	-1	-1	9	0	24	0	32	7	0	0	35	50	0	-1	0	19
c7795	0	-1	-1	0	-1	0	0	4	46	-1	37	4	0	0	-1	-1	9	0	24	-1	32	7	0	17	35	50	0	-1	0	19
c7815	0	0	0	0	-1	0	0	4	46	-1	0	4	0	33	0	0	19	0	0	0	-1	0	45	-1	35	-1	-1	1	0	-1
c7827	0	1	-1	-1	-1	0	0	0	35	0	-1	0	0	0	0	0	0	-1	0	-1	32	0	-1	0	0	27	-1	40	27	-1
c7847	-1	-1	0	0	0	0	0	4	46	0	26	4	0	0	-1	-1	0	0	0	0	19	-1	0	12	35	50	0	0	12	0
c7860	-1	-1	0	0	45	-1	0	0	0	17	0	37	0	29	4	9	19	23	0	43	0	-1	1	4	47	0	25	-1	0	-1
c7875	0	46	0	0	0	-1	-1	4	46	-1	37	4	0	0	-1	0	0	-1	-1	0	28	0	0	0	-1	50	0	0	0	0
c7884	-1	0	-1	0	9	0	0	4	-1	0	0	-1	12	0	4	0	19	-1	0	0	0	-1	0	-1	35	50	47	0	0	0
c7906	24	0	0	-1	0	0	26	0	0	40	0	-1	0	0	0	-1	19	0	0	23	0	0	0	5	-1	27	4	0	-1	0
c7911	0	24	11	0	0	0	0	4	46	0	0	4	0	0	0	0	0	-1	-1	0	-1	-1	0	0	35	50	46	0	0	0
c7914	-1	0	-1	36	0	0	-1	0	0	28	-1	0	0	0	-1	4	19	0	-1	-1	32	-1	19	0	0	0	0	0	-1	0
c7921	45	0	0	0	-1	-1	0	-1	46	0	37	4	-1	0	-1	9	0	0	-1	0	-1	0	46	-1	-1	50	47	16	0	0
c7945	0	9	9	-1	0	24	-1	0	16	0	-1	-1	-1	0	0	4	19	-1	9	0	32	44	21	0	0	0	0	0	28	0
c8028	0	1	16	-1	0	-1	-1	0	4	0	-1	0	0	-1	0	5	0	-1	0	-1	32	0	-1	0	0	0	42	0	27	0
c8041	0	-1	0	0	0	0	0	4	46	0	-1	4	0	-1	-1	46	9	21	24	0	0	7	0	0	35	50	0	-1	-1	0
c8064	0	-1	19	-1	-1	0	0	-1	46	0	29	4	23	0	29	0	0	0	0	-1	0	-1	0	0	35	50	45	0	7	-1
c8073	19	19	16	0	0	4	42	1	-1	0	-1	-1	-1	0	9	-1	0	39	0	-1	0	4	-1	0	0	-1	42	0	27	0
c8078	0	-1	-1	0	0	-1	0	4	-1	29	45	4	36	0	47	0	31	0	0	-1	-1	9	47	0	35	50	-1	-1	0	0
c8093	0	-1	35	40	45	-1	0	0	-1	0	0	0	20	0	0	9	19	23	-1	0	0	0	4	4	-1	-1	0	24	0	0
c8101	0	0	0	18	45	24	46	-1	0	0	0	0	0	0	-1	9	-1	-1	0	47	45	4	-1	0	0	-1	0	0	0	0
c8109	0	-1	0	0	0	0	-1	4	-1	0	-1	4	0	0	9	-1	-1	-1	0	-1	19	0	0	0	35	50	5	-1	-1	0
c8122	0	0	0	0	0	0	0	-1	46	32	0	4	0	0	0	0	0	0	30	0	-1	36	45	-1	-1	50	0	0	0	0
c8126	0	19	16	-1	-1	0	42	-1	0	47	-1	0	4	0	9	0	45	0	12	-1	-1	4	0	0	9	0	-1	0	27	0
c8153	0	-1	0	39	45	24	0	28	4	19	0	0	0	0	0	9	19	23	-1	0	0	0	0	0	0	-1	-1	-1	-1	-1
c8194	0	0	-1	0	46	0	-1	4	46	39	0	4	0	0	0	-1	0	0	37	47	0	0	0	0	35	-1	0	0	-1	0
c8197	-1	0	0	0	0	0	0	4	46	32	0	4	0	0	0	0	0	0	30	5	0	0	-1	-1	35	50	0	-1	43	0
c8210	0	30	0	0	45	24	0	0	0	17	0	0	0	29	4	9	19	23	0	0	0	0	-1	4	47	-1	-1	9	0	-1
c8240	0	0	16	0	4	35	35	0	24	-1	-1	46	28	0	-1	0	0	-1	0	-1	-1	0	0	0	7	0	-1	-1	27	-1
c8249	0	24	0	0	0	-1	0	4	46	-1	-1	4	0	0	-1	0	0	-1	-1	0	19	0	0	-1	35	-1	0	0	-1	0
c8263	4	19	16	-1	45	4	42	45	-1	0	-1	-1	0	0	9	0	0	0	0	-1	0	4	0	0	0	0	42	0	27	0
c8268	0	-1	16	0	0	37	0	0	-1	0	-1	1	0	-1	0	30	0	0	0	-1	45	45	-1	-1	0	0	42	5	27	0
c8278	-1	24	0	-1	0	0	18	4	46	-1	-1	4	0	0	0	47	-1	-1	16	-1	19	0	0	-1	35	50	0	0	0	0
c8287	0	46	-1	0	-1	-1	0	-1	-1	0	0	4	12	47	0	0	0	-1	0	0	0	0	19	14	35	50	0	0	0	29
c8301	45	0	-1	-1	-1	-1	0	0	0	0	30	21	-1	0	0	-1	19	23	0	-1	36	-1	0	-1	47	0	35	0	0	5
c8339	-1	19	-1	0	0	4	42	0	0	-1	-1	-1	49	0	9	0	0	-1	-1	-1	22	-1	0	36	0	10	42	0	27	0
c8373	-1	-1	0	0	0	-1	0	4	-1	-1	0	4	0	0	0	0	-1	0	0	36	0	0	0	12	-1	50	42	-1	0	0
c8380	0	0	0	1	-1	19	0	4	46	1	-1	4	0	0	-1	0	4	48	-1	0	28	0	0	0	-1	50	0	0	0	0
c8381	0	0	0	-1	0	19	-1	-1	-1	1	-1	4	0	0	-1	0	4	48	0	-1	28	0	0	0	-1	50	0	0	0	0
c8401	0	4	-1	0	46	0	0	-1	46	39	0	4	29	0	0	0	0	0	-1	47	0	-1	0	29	35	-1	0	20	-1	0
c8402	0	19	16	0	0	4	-1	-1	0	0	-1	-1	0	-1	9	0	0	0	0	-1	-1	-1	-1	0	0	0	42	0	-1	0
c8406	16	19	16	0	0	24	0	0	-1	-1	-1	0	-1	0	-1	30	0	0	0	-1	-1	-1	-1	-1	37	47	42	0	-1	0
c8430	0	19	16	0	0	4	42	-1	0	0	-1	-1	0	0	9	-1	39	0	0	-1	0	4	0	0	24	0	42	0	27	0
c8442	0	0	0	-1	0	0	-1	4	-1	29	4	4	0	0	30	2	5	8	0	1	0	0	0	0	35	50	0	0	0	-1
c8451	0	-1	-1	0	46	0	0	4	46	-1	0	4	0	0	0	36	0	0	0	0	0	0	0	0	-1	50	-1	0	0	-1
c8490	0	3	0	19	0	0	0	4	-1	40	0	-1	0	0	-1	0	0	-1	0	0	26	4	0	0	35	50	27	-1	-1	0
c8492	0	0	9	0	0	0	-1	4	-1	0	-1	-1	0	0	0	0	0	-1	-1	-1	0	0	0	0	35	-1	16	39	-1	0
c8501	0	4	-1	0	0	35	0	-1	0	0	-1	46	-1	-1	0	-1	0	0	0	-1	32	0	0	45	0	20	42	0	27	0
c8506	0	0	0	0	0	0	0	4	46	-1	0	4	-1	-1	-1	0	0	0	0	0	0	0	0	-1	-1	50	0	5	0	0
c8507	0	0	0	-1	0	0	0	4	46	-1	0	4	0	0	37	0	0	0	0	0	0	0	-1	0	-1	50	0	-1	-1	0
c8510	-1	0	0	0	19	0	-1	0	0	29	45	0	0	0	0	-1	19	-1	0	0	40	-1	0	46	0	0	0	0	0	-1
c8517	47	0	0	0	45	24	0	0	39	0	49	0	10	0	29	-1	19	23	0	45	0	4	35	0	47	0	35	0	-1	0
c8526	-1	-1	0	24	0	0	-1	28	-1	-1	0	0	0	0	0	4	19	-1	0	0	40	24	0	0	-1	4	0	0	4	29
c8544	0	-1	21	28	0	-1	26	-1	0	-1	0	45	0	-1	0	4	19	24	9	25	32	0	0	29	6	-1	0	0	28	0
c8545	0	-1	21	28	0	24	26	30	0	0	0	-1	0	-1	-1	4	19	24	-1	25	32	0	0	29	6	0	-1	0	-1	0
c8564	0	-1	21	28	0	24	26	0	0	0	0	-1	0	0	0	-1	19	-1	9	25	32	0	0	29	6	0	-1	-1	28	0
c8577	0	0	-1	0	45	-1	46	-1	1	30	1	0	0	0	0	9	-1	23	0	-1	0	-1	0	-1	0	0	0	-1	0	0
c8598	-1	18	24	0	-1	-1	26	0	0	-1	0	0	0	-1	-1	4	19	0	0	0	39	-1	-1	0	0	0	0	4	0	16
c8626	0	0	4	9	45	-1	-1	23	20	9	-1	21	-1	18	0	7	-1	42	0	-1	0	0	0	0	-1	0	0	-1	-1	0
c8635	0	0	0	-1	24	19	29	4	46	1	37	4	-1	-1	-1	-1	4	0	0	0	28	-1	0	0	-1	50	0	0	-1	0
c8639	0	0	0	0	0	0	0	4	-1	-1	0	4	35	0	37	0	-1	0	0	0	0	0	0	-1	35	50	47	-1	0	0
c8640	-1	19	16	10	0	37	11	0	32	0	-1	29	0	-1	0	30	39	0	0	-1	45	45	-1	-1	0	0	42	-1	27	0
c8674	-1	0	0	0	0	0	-1	4	46	24	-1	-1	0	0	37	-1	0	-1	0	0	0	0	0	0	35	-1	0	-1	-1	0
c8677	-1	0	0	0	0	-1	-1	4	-1	1	37	4	0	0	-1	36	-1	0	-1	9	28	0	0	0	-1	50	0	-1	50	0
c8687	1	1	-1	39	0	0	0	0	0	-1	-1	-1	0	0	0	0	0	-1	-1	-1	-1	0	19	41	0	37	42	3	-1	0
c8696	0	19	16	0	0	4	42	1	-1	0	-1	-1	0	0	9	0	-1	39	0	-1	0	-1	36	-1	0	0	42	47	27	-1
c8697	0	19	16	0	0	4	42	1	-1	0	-1	-1	0	0	9	0	0	39	-1	-1	0	4	-1	0	0	0	42	47	27	0
c8700	0	0	0	19	0	0	21	4	-1	0	45	4	-1	46	30	0	0	0	19	0	0	0	-1	0	35	-1	0	0	0	0
c8701	-1	0	0	19	0	0	0	4	-1	0	0	4	0	46	30	0	0	0	0	0	0	-1	0	0	-1	50	0	0	-1	0
c8706	7	0	-1	10	0	30	-1	4	-1	-1	0	4	-1	0	0	0	0	0	0	0	0	-1	0	24	35	50	0	50	-1	-1
c8715	0	19	16	24	18	-1	42	42	0	47	-1	21	4	0	9	9	-1	-1	12	-1	0	4	-1	-1	-1	16	-1	0	27	0
c8728	0	4	-1	0	46	0	0	-1	46	39	0	-1	29	-1	0	0	0	0	37	47	0	0	0	0	35	-1	-1	20	-1	0
c8747	0	24	5	0	19	0	39	4	46	29	0	4	-1	-1	0	0	-1	0	-1	-1	19	0	0	0	-1	50	0	0	0	0
c8765	0	0	0	0	-1	0	-1	4	46	0	-1	-1	0	0	0	25	0	0	-1	19	45	0	0	0	35	50	0	-1	0	-1
c8775	0	0	0	0	5	0	0	4	46	0	37	4	0	0	-1	46	-1	0	-1	-1	1	-1	0	0	35	-1	0	-1	0	0
c8778	0	0	-1	0	4	-1	0	0	39	0	-1	46	28	0	36	0	0	-1	-1	-1	32	0	0	0	0	0	42	-1	27	0
c8801	-1	0	0	0	-1	0	0	-1	-1	-1	46	-1	-1	0	29	0	-1	-1	0	-1	-1	-1	7	0	35	50	45	-1	0	0
c8811	33	0	-1	0	-1	0	30	-1	46	39	-1	4	0	27	0	29	0	1	0	0	0	0	-1	-1	35	50	0	0	0	-1
c8814	0	-1	16	26	0	0	0	0	21	0	-1	0	-1	-1	0	0	0	-1	23	-1	32	0	36	0	0	27	-1	0	-1	-1
c8822	5	-1	-1	9	0	0	0	4	46	0	0	-1	0	-1	0	0	-1	0	0	30	0	0	0	0	35	50	0	0	0	0
c8828	0	19	-1	0	18	0	-1	0	0	47	-1	-1	4	0	9	0	9	0	12	-1	0	4	-1	0	-1	0	-1	0	27	0
c8834	-1	4	-1	-1	-1	0	0	-1	46	39	0	4	29	36	0	-1	-1	0	37	47	0	0	0	0	-1	-1	0	20	0	0
c8854	-1	0	-1	0	46	-1	0	4	46	39	0	4	-1	0	30	0	-1	0	-1	47	0	0	-1	-1	35	-1	0	0	0	0
c8855	-1	0	-1	0	-1	-1	0	4	46	-1	0	4	0	0	30	0	-1	0	37	47	-1	0	19	0	35	-1	-1	-1	0	0
c8875	0	-1	-1	0	0	0	-1	4	46	0	37	4	37	0	-1	46	9	0	-1	0	0	7	-1	0	35	50	-1	-1	0	0
c8885	0	-1	0	0	0	0	0	4	46	0	0	4	0	0	-1	0	0	-1	-1	-1	19	0	-1	0	35	50	0	45	0	0
c8895	-1	0	0	0	0	19	0	4	-1	0	-1	4	-1	-1	-1	0	9	0	-1	0	0	7	0	0	35	50	0	-1	0	0
c8898	0	-1	-1	24	0	0	26	28	0	29	-1	0	0	0	0	4	19	-1	0	-1	40	24	-1	0	-1	4	0	0	-1	29
c8899	0	0	0	24	0	0	26	28	0	29	0	-1	0	-1	0	-1	19	-1	0	0	40	24	0	-1	-1	4	0	0	-1	29
c8923	19	0	0	0	0	-1	0	-1	-1	1	37	4	0	0	-1	0	0	0	4	9	28	0	0	0	-1	50	0	-1	50	5
c8945	0	24	-1	-1	0	0	-1	4	46	0	0	4	0	0	-1	0	0	0	0	-1	-1	0	-1	0	35	50	0	0	0	0
c8946	0	-1	-1	0	45	-1	0	0	0	0	-1	0	0	0	0	-1	19	-1	0	-1	30	-1	0	0	0	0	9	0	10	0
c8982	0	0	-1	0	0	0	-1	-1	46	-1	37	4	0	0	-1	46	9	0	24	29	0	7	-1	0	35	50	0	-1	0	0
c9028	0	0	-1	-1	0	0	26	0	0	28	0	0	0	0	-1	4	19	5	0	-1	-1	0	-1	47	20	30	0	0	-1	36
c9039	0	0	0	19	0	0	30	4	-1	1	37	4	0	0	-1	0	0	0	-1	0	28	0	0	0	-1	50	0	44	-1	0
c9064	0	-1	21	28	0	24	-1	-1	-1	-1	-1	45	0	0	0	-1	19	0	9	25	32	0	0	29	6	0	0	0	28	0
c9081	19	-1	16	27	0	35	-1	-1	0	-1	-1	46	0	0	0	0	-1	0	0	-1	32	0	19	0	0	0	42	-1	27	0
c9088	0	-1	-1	0	-1	0	0	4	46	39	0	4	0	0	30	0	0	0	37	47	0	2	0	0	35	-1	-1	0	0	-1
c9120	0	0	9	0	0	0	0	4	-1	0	-1	4	0	0	0	0	0	46	0	37	46	0	-1	0	35	50	25	-1	0	0
c9124	0	0	-1	-1	-1	0	0	4	46	39	0	4	-1	0	0	-1	30	0	9	0	-1	0	-1	0	35	50	0	0	0	-1
c9174	10	0	0	-1	0	-1	0	-1	46	27	0	4	-1	22	-1	0	0	0	45	0	0	0	7	4	35	50	45	0	0	20
c9184	-1	0	0	0	46	36	-1	4	46	39	0	4	-1	-1	0	0	46	39	0	0	0	0	0	0	35	50	0	46	-1	0
c9187	0	0	0	0	-1	0	24	4	46	0	37	4	0	0	-1	9	0	0	0	0	28	-1	29	0	-1	50	-1	-1	0	0
c9220	0	0	0	19	-1	-1	0	4	-1	0	0	4	0	0	30	0	0	0	0	0	-1	0	19	-1	-1	50	0	0	0	0
c9231	-1	0	24	0	0	0	26	0	7	28	-1	0	0	0	0	4	19	-1	0	0	-1	-1	0	0	0	0	0	4	0	0
c9238	0	0	-1	-1	46	4	-1	-1	46	-1	-1	4	0	-1	-1	0	9	-1	0	0	0	0	0	0	35	-1	46	0	0	-1
c9254	0	0	0	0	0	0	28	-1	-1	-1	0	4	0	0	0	5	0	46	0	0	0	4	0	0	35	50	0	0	0	0
c9271	-1	-1	0	0	-1	0	24	4	46	0	37	-1	0	0	-1	9	0	0	0	0	-1	-1	-1	0	-1	-1	0	-1	0	40
c9275	0	0	-1	0	-1	3	0	4	-1	35	-1	4	0	0	0	0	4	0	0	36	0	-1	0	0	35	50	42	0	0	0
c9282	-1	0	0	0	0	0	19	4	-1	27	45	4	-1	0	29	-1	-1	0	0	0	0	27	7	0	35	50	45	0	0	45
c9303	19	0	4	0	0	19	0	4	46	1	37	-1	0	0	-1	0	4	-1	0	0	28	0	0	0	-1	50	0	-1	0	0
c9306	-1	-1	0	0	45	24	0	0	47	34	0	0	0	29	4	9	19	23	0	-1	0	0	0	0	47	-1	5	9	0	0
c9309	-1	0	-1	0	0	1	-1	4	-1	0	37	4	0	0	-1	0	0	0	0	0	28	31	-1	0	-1	50	0	0	0	5
c9310	0	19	16	24	18	39	-1	42	4	47	-1	37	4	0	9	0	-1	0	12	-1	-1	4	0	-1	9	16	42	-1	27	7
c9323	0	-1	-1	0	0	19	0	4	46	1	37	4	0	0	-1	-1	4	0	0	0	28	0	0	4	-1	-1	0	0	-1	-1
c9344	0	0	-1	0	-1	24	0	0	20	47	0	21	0	18	0	7	19	42	0	0	0	22	0	0	-1	0	37	-1	0	0
c9361	-1	19	16	0	0	4	42	0	-1	1	-1	-1	0	0	9	0	0	0	0	-1	0	-1	0	0	0	3	42	0	27	0
c9370	9	24	0	-1	0	0	0	-1	-1	-1	0	4	4	0	-1	-1	0	0	0	0	19	-1	0	0	35	50	23	0	-1	-1
c9371	9	24	0	-1	0	0	-1	-1	46	3	0	4	-1	0	-1	0	0	0	0	0	19	-1	-1	-1	35	50	-1	-1	0	-1
c9418	0	0	0	0	0	-1	-1	4	46	0	-1	4	0	-1	37	0	0	18	0	0	0	0	-1	0	35	50	0	0	-1	0
c9448	0	-1	43	0	45	-1	0	0	0	0	0	0	-1	4	-1	9	-1	23	0	0	0	-1	4	-1	0	-1	30	24	0	0
c9454	43	-1	0	0	0	0	4	4	46	0	37	4	-1	-1	-1	0	19	0	0	0	18	0	0	-1	35	50	0	0	0	0
c9472	0	19	16	24	18	39	-1	42	-1	47	-1	-1	4	0	9	0	-1	0	-1	-1	-1	4	0	-1	9	-1	42	0	-1	7
c9488	0	-1	0	0	45	24	0	0	0	-1	0	-1	0	0	0	9	-1	23	-1	0	0	0	29	4	-1	0	35	10	36	35
c9500	0	-1	0	0	0	0	0	4	46	0	-1	4	-1	0	-1	0	-1	-1	19	0	19	0	5	-1	35	-1	-1	-1	-1	0
c9564	-1	0	0	0	46	-1	0	4	46	39	0	4	0	7	0	0	46	21	-1	0	0	0	0	0	35	50	0	0	0	0
c9573	0	0	0	0	-1	0	0	4	46	0	-1	4	0	0	0	0	-1	0	-1	0	-1	0	0	0	35	50	-1	0	0	-1
c9586	28	-1	0	0	0	-1	4	-1	46	0	37	4	-1	0	-1	0	-1	50	0	-1	0	4	0	0	35	50	28	0	0	0
c9592	9	-1	0	0	-1	0	0	-1	46	0	0	4	0	-1	-1	0	0	0	-1	0	0	-1	-1	0	35	50	0	0	0	0
c9603	0	16	0	46	0	-1	26	0	-1	29	0	4	0	0	-1	4	19	-1	0	19	-1	0	0	0	0	0	0	0	0	0
c9604	0	0	-1	-1	-1	-1	0	32	0	0	0	0	0	29	4	-1	-1	-1	0	-1	-1	18	0	0	47	0	5	9	0	0
c9634	0	-1	36	-1	-1	0	19	4	46	-1	-1	4	-1	0	0	27	0	0	0	0	0	0	0	19	35	-1	0	0	-1	0
c9641	0	-1	-1	26	45	0	0	0	0	0	-1	22	0	0	-1	0	0	-1	0	-1	32	0	36	-1	-1	-1	42	-1	-1	0
c9659	0	19	-1	-1	18	0	42	42	0	-1	-1	-1	4	0	-1	5	-1	0	12	-1	0	4	0	-1	-1	-1	42	0	27	47
c9713	0	24	0	0	0	0	0	4	46	0	-1	-1	0	0	-1	0	0	-1	0	-1	19	0	0	0	35	50	0	0	0	0
c9737	0	0	0	0	0	0	0	4	-1	1	1	4	0	-1	30	0	37	-1	-1	0	0	-1	28	0	35	50	0	0	0	0
c9744	0	24	-1	0	0	0	0	4	-1	1	-1	4	0	-1	-1	0	0	0	0	0	19	0	0	0	-1	50	0	0	0	0
c9751	0	19	36	-1	-1	0	0	-1	46	39	-1	4	0	0	0	27	-1	0	-1	0	0	0	0	19	-1	50	0	0	0	0
c9754	0	0	-1	0	-1	16	0	-1	46	-1	0	4	0	0	28	0	0	0	-1	0	0	0	-1	0	35	-1	0	0	0	0
c9764	1	0	-1	0	0	36	0	4	46	27	0	4	0	-1	29	-1	36	0	0	0	0	0	7	0	-1	50	45	4	0	0
c9768	19	24	0	0	0	0	40	4	46	0	0	4	-1	0	-1	0	0	-1	0	44	19	0	0	-1	35	50	0	5	0	-1
c9770	0	47	-1	0	0	-1	-1	-1	46	0	0	4	0	0	0	0	0	0	-1	5	10	0	45	-1	35	50	0	0	-1	0
c9772	23	0	0	19	0	-1	0	4	-1	0	0	4	0	0	30	0	0	4	0	5	26	0	-1	0	35	-1	-1	0	0	0
c9773	0	0	0	19	0	0	0	4	-1	0	-1	4	-1	0	30	0	0	4	-1	5	26	-1	46	0	-1	50	-1	0	0	0
c9782	-1	0	0	0	46	36	0	4	46	39	0	4	0	0	0	0	46	-1	0	0	16	0	0	-1	35	50	-1	20	25	0
c9801	0	45	0	-1	0	-1	26	0	4	0	0	0	0	0	-1	4	19	-1	40	23	0	0	0	0	-1	0	4	0	0	0
c9802	0	0	0	0	-1	47	0	4	46	0	0	4	0	0	29	0	0	0	0	-1	0	0	0	0	35	50	-1	0	0	34
c9808	19	-1	21	28	0	24	26	0	1	0	0	-1	-1	-1	0	4	19	0	9	25	-1	0	-1	29	6	17	0	-1	-1	0
c9819	0	4	0	0	45	24	0	-1	0	17	0	26	0	29	4	9	-1	23	0	0	-1	-1	0	4	47	-1	0	-1	0	-1
c9822	0	-1	-1	0	-1	0	30	4	46	0	0	4	0	23	0	-1	0	0	0	0	0	-1	0	28	35	-1	-1	0	0	0
c9826	0	0	16	0	5	0	-1	4	-1	36	0	4	26	0	0	25	0	42	-1	19	0	0	0	0	35	50	45	0	-1	9
c9844	-1	-1	0	0	-1	0	0	4	46	0	0	-1	0	0	0	-1	-1	0	30	5	0	0	-1	-1	35	50	0	0	0	4
c9845	0	-1	0	0	-1	0	0	4	46	-1	0	4	-1	0	0	0	0	-1	30	5	-1	-1	-1	-1	-1	50	0	0	0	4
c9856	29	0	-1	0	0	0	0	4	46	1	-1	4	0	0	-1	0	-1	0	0	0	28	0	0	0	-1	50	0	-1	0	0
c9862	-1	19	-1	0	0	4	42	0	-1	0	-1	-1	0	5	9	0	-1	0	-1	-1	0	4	0	0	0	0	-1	0	27	0
c9871	0	-1	24	0	0	0	-1	0	0	28	0	0	0	0	0	4	19	5	0	0	0	0	37	47	0	30	0	39	0	36
c9876	0	24	0	0	0	0	4	4	46	0	-1	4	-1	0	29	0	0	0	0	0	19	0	46	0	35	50	0	45	0	-1
c9893	0	0	1	0	46	-1	-1	-1	-1	39	0	4	-1	0	30	-1	46	0	-1	-1	0	-1	0	45	35	50	0	0	0	0
c9894	0	-1	0	-1	45	24	46	27	0	0	46	43	0	-1	0	9	19	23	0	0	0	-1	0	0	0	0	0	24	41	0
c9905	0	24	-1	-1	0	0	0	4	-1	29	42	4	0	-1	0	-1	0	0	0	45	-1	0	29	0	35	50	0	0	0	0
c9926	22	-1	-1	-1	45	24	0	47	0	-1	0	0	0	29	4	9	19	23	0	0	0	0	-1	24	47	0	5	-1	0	0
c9963	10	0	0	0	0	0	-1	-1	46	27	0	4	0	0	29	0	0	0	45	0	0	-1	7	4	35	50	45	0	0	20
c9969	0	20	-1	-1	45	24	46	0	36	0	0	36	0	0	0	9	19	23	40	-1	-1	0	-1	-1	-1	0	0	0	0	0
c9984	0	0	0	-1	-1	-1	0	4	-1	0	-1	4	0	-1	30	0	-1	-1	-1	-1	0	0	0	0	35	-1	0	0	35	0
c9992	19	4	16	27	0	35	0	0	0	0	-1	46	0	0	0	-1	0	0	0	-1	32	-1	0	-1	-1	0	-1	0	27	0
c10000	50	0	0	0	45	24	0	0	-1	0	-1	0	37	29	-1	-1	19	-1	0	0	0	-1	0	0	47	0	5	9	0	0
c10002	-1	24	0	-1	0	-1	0	4	46	0	0	-1	0	0	-1	0	0	0	0	45	19	0	0	0	35	50	0	0	0	0
c10013	0	24	0	0	0	0	0	-1	46	-1	42	4	0	0	-1	0	0	0	0	0	19	0	0	0	35	50	0	0	28	0
c10031	0	1	-1	0	0	0	0	0	0	0	-1	-1	0	0	0	0	0	-1	25	-1	-1	0	-1	1	0	-1	42	-1	27	0
c10033	0	24	0	0	0	0	0	4	46	0	0	4	19	0	-1	-1	0	0	0	37	19	0	-1	0	35	50	46	29	-1	0
c10066	0	0	0	0	-1	0	0	4	46	-1	-1	4	27	-1	-1	46	9	21	24	0	0	7	0	0	-1	-1	0	-1	0	0
c10074	0	0	-1	0	45	24	0	0	0	0	0	21	0	0	0	9	19	23	0	45	0	0	0	0	47	0	35	-1	37	0
c10078	0	24	0	0	0	0	0	-1	46	0	0	4	0	0	-1	0	-1	0	-1	0	19	0	0	-1	35	50	0	0	50	0
c10080	27	-1	0	0	0	0	0	-1	-1	27	45	4	0	0	29	0	0	24	0	-1	0	27	7	35	-1	50	-1	0	0	-1
c10089	0	0	0	-1	0	19	0	-1	46	0	37	4	-1	1	-1	0	-1	0	24	0	0	7	0	0	35	50	-1	-1	-1	0
c10094	-1	0	-1	4	0	0	0	4	46	0	0	4	0	0	36	0	0	-1	-1	-1	0	-1	45	0	35	50	0	0	0	0
c10117	0	-1	0	0	45	-1	0	0	-1	0	46	-1	0	-1	0	9	-1	23	-1	0	0	0	4	0	0	-1	0	-1	0	0
c10122	0	-1	-1	-1	0	0	0	4	-1	-1	-1	4	36	-1	-1	0	19	0	0	0	-1	30	0	0	35	-1	-1	-1	0	0
c10123	0	24	0	0	0	0	-1	4	46	-1	45	4	36	0	-1	-1	-1	0	0	0	-1	30	0	0	35	50	-1	-1	0	-1
c10157	-1	19	16	40	0	37	0	0	-1	0	-1	1	-1	-1	0	-1	0	-1	-1	-1	45	45	-1	-1	0	0	42	-1	27	0
c10160	0	-1	0	0	-1	0	4	4	46	-1	45	-1	-1	0	-1	0	-1	-1	0	0	19	0	0	0	35	50	0	11	0	0
c10173	29	19	16	0	0	-1	42	0	-1	0	-1	-1	0	0	9	-1	0	0	0	-1	-1	-1	0	0	0	0	42	0	27	0
c10181	0	24	0	0	0	12	-1	4	46	0	0	4	0	0	-1	0	30	0	0	0	19	-1	0	19	-1	50	0	0	-1	0
c10187	0	-1	0	0	45	24	0	-1	-1	0	-1	0	0	0	0	9	-1	-1	-1	-1	0	0	4	0	0	0	43	24	-1	-1
c10229	0	0	0	0	0	19	0	4	46	0	37	4	-1	0	-1	0	9	0	-1	31	0	-1	0	9	35	50	0	-1	-1	0
c10233	0	4	-1	0	46	0	0	4	46	39	0	4	29	-1	-1	0	0	0	37	47	-1	0	-1	0	35	-1	0	20	0	0
c10239	-1	-1	-1	0	0	0	0	-1	32	0	-1	29	4	0	0	30	0	24	0	-1	45	4	0	-1	37	-1	42	0	27	-1
c10251	-1	37	0	-1	46	-1	0	4	46	39	0	-1	-1	-1	0	0	46	0	36	-1	0	0	0	0	35	50	16	0	-1	0
c10271	0	0	0	0	27	4	0	4	46	27	0	4	32	35	29	0	2	0	0	7	-1	0	7	0	-1	50	45	25	19	-1
c10272	0	0	-1	0	0	0	26	0	-1	-1	0	-1	27	-1	35	-1	19	-1	0	-1	40	0	0	-1	0	43	0	9	0	0
c10274	0	0	0	0	0	-1	-1	4	-1	0	0	4	0	0	0	25	-1	0	-1	19	45	0	0	0	35	50	0	0	-1	0
c10288	0	19	16	0	-1	4	42	0	-1	0	-1	-1	49	-1	9	0	4	0	-1	-1	0	4	-1	-1	0	0	42	0	27	0
c10289	0	19	16	0	29	4	42	0	-1	0	-1	-1	49	0	9	0	0	-1	0	-1	-1	4	-1	0	0	0	42	0	27	0
c10295	0	0	0	0	0	-1	-1	4	46	1	37	4	0	0	-1	0	0	0	0	0	28	47	-1	0	-1	-1	0	0	0	0
c10305	0	0	0	0	0	0	0	4	-1	-1	39	4	-1	0	29	21	-1	-1	0	-1	-1	-1	0	0	35	50	45	0	0	34
c10309	0	16	-1	0	0	44	26	-1	21	-1	0	0	-1	-1	0	-1	-1	-1	-1	0	-1	0	0	0	20	0	0	0	-1	46
c10313	33	5	-1	0	46	0	30	-1	46	-1	47	4	-1	-1	-1	0	-1	0	0	0	0	0	0	-1	-1	50	0	0	0	0
c10321	0	0	0	0	0	0	0	4	-1	27	46	4	0	0	29	0	0	0	0	0	0	0	7	0	35	50	45	27	0	0
c10322	0	-1	36	0	-1	0	0	-1	46	39	24	4	-1	0	0	-1	0	30	0	-1	-1	-1	0	0	35	50	0	-1	0	0
c10326	-1	-1	-1	-1	0	0	-1	0	0	-1	0	-1	0	0	0	4	19	0	1	0	0	0	0	-1	0	-1	-1	0	0	0
c10329	40	0	27	-1	-1	24	-1	0	0	0	0	0	0	29	4	9	19	23	0	19	28	0	0	0	47	-1	-1	9	0	0
c10334	0	0	0	0	46	-1	0	4	46	39	0	4	0	0	0	-1	-1	0	0	0	0	-1	0	50	35	50	0	0	0	0
c10346	0	0	-1	0	0	0	0	4	46	32	-1	4	-1	0	0	0	0	0	30	0	0	0	-1	-1	-1	-1	0	24	0	0
c10354	0	0	0	0	0	0	24	4	46	0	-1	4	-1	0	-1	9	0	-1	0	0	-1	-1	29	0	-1	50	0	16	0	0
c10375	0	0	-1	0	45	24	0	0	18	0	0	-1	42	18	4	30	19	42	0	0	24	-1	0	0	-1	0	0	0	0	0
c10376	0	-1	0	47	45	24	0	-1	-1	0	-1	0	0	18	16	9	19	23	0	0	0	-1	0	-1	0	0	0	0	0	0
c10417	0	0	0	0	0	0	0	4	46	1	37	4	0	0	-1	0	0	0	0	0	-1	0	-1	30	-1	50	0	1	0	0
c10418	0	0	0	0	0	-1	0	4	46	27	0	4	0	-1	-1	-1	36	0	0	0	-1	0	7	0	35	50	45	4	0	0
c10419	0	-1	0	-1	-1	-1	0	4	46	27	0	-1	0	0	29	0	-1	0	0	0	0	0	7	0	35	-1	45	-1	0	0
c10449	-1	24	0	4	0	0	0	4	-1	29	45	4	36	0	-1	0	0	1	0	0	-1	0	0	0	-1	50	0	11	0	0
c10464	47	-1	0	39	45	24	0	28	0	0	0	-1	-1	0	0	-1	19	23	0	-1	0	0	0	5	0	-1	-1	-1	0	0
c10475	0	0	0	0	0	0	0	4	46	0	0	4	0	0	0	0	0	0	-1	5	0	0	45	-1	35	50	0	-1	0	0
c10478	0	-1	-1	-1	-1	0	-1	4	46	39	0	4	0	-1	0	-1	0	0	24	-1	0	-1	-1	29	35	-1	3	0	0	-1
c10490	0	0	-1	-1	-1	0	0	4	46	32	-1	-1	0	30	0	0	0	0	30	27	0	0	45	-1	35	50	0	-1	-1	0
c10507	-1	-1	0	39	-1	24	-1	28	4	-1	0	0	0	0	0	9	19	23	0	0	16	0	0	0	0	-1	-1	-1	0	36
c10508	0	16	16	19	4	35	0	4	20	0	-1	-1	0	19	36	0	0	-1	0	-1	32	45	-1	36	0	0	42	0	27	0
c10524	0	0	0	0	0	45	28	4	46	-1	37	4	0	-1	-1	27	-1	0	-1	5	28	0	0	29	-1	-1	0	0	35	0
c10530	0	42	0	-1	-1	-1	26	4	0	21	0	0	0	28	-1	-1	19	9	24	-1	0	0	0	0	-1	-1	0	-1	46	0
c10553	0	24	0	0	0	0	0	-1	46	3	0	4	0	0	-1	29	30	-1	0	0	19	0	-1	0	35	50	0	0	0	0
c10557	-1	24	0	-1	0	0	0	4	46	0	0	4	42	-1	0	0	0	-1	19	-1	19	0	0	0	35	50	0	0	50	-1
c10584	5	29	0	0	0	29	16	-1	46	-1	37	4	0	-1	-1	-1	9	0	24	4	0	7	0	0	35	50	0	-1	0	0
c10587	-1	0	-1	0	46	0	30	-1	46	39	-1	4	-1	27	0	0	0	0	0	0	-1	0	44	0	35	50	0	-1	0	19
c10588	0	19	16	0	0	-1	42	1	-1	-1	-1	-1	0	-1	-1	0	0	-1	0	-1	0	4	36	0	0	0	42	0	-1	-1
c10590	0	-1	0	0	0	19	29	4	46	1	37	-1	-1	0	-1	27	4	0	0	0	28	0	-1	0	-1	50	0	-1	0	0
c10596	-1	29	0	0	0	0	0	-1	-1	0	-1	4	0	0	30	0	-1	0	0	0	0	27	0	-1	35	-1	0	0	0	0
c10597	0	0	-1	0	0	0	0	4	-1	0	-1	4	-1	-1	30	0	-1	5	0	0	-1	27	0	-1	-1	50	0	0	-1	0
c10607	-1	24	-1	0	0	36	0	4	46	0	-1	4	0	0	-1	0	0	-1	-1	0	19	0	-1	0	35	50	-1	46	0	0
c10608	-1	0	-1	-1	0	0	0	4	46	32	-1	4	0	30	0	0	0	0	-1	0	0	0	45	-1	35	50	0	-1	0	0
c10612	0	0	9	0	0	0	0	4	46	0	0	4	0	-1	-1	1	0	-1	-1	0	0	0	30	0	35	-1	16	0	-1	0
c10629	-1	30	-1	-1	45	24	-1	10	0	-1	-1	0	4	0	0	9	19	-1	0	0	0	-1	0	0	-1	-1	0	0	-1	-1
c10652	-1	4	0	0	-1	19	0	4	46	1	37	-1	0	0	-1	0	4	-1	0	0	-1	-1	0	0	-1	50	0	0	49	0
c10658	-1	-1	4	0	-1	0	26	0	0	-1	45	0	0	-1	0	4	19	-1	0	0	-1	-1	0	0	-1	0	32	0	0	-1
c10665	0	0	-1	0	46	0	-1	-1	46	39	0	-1	0	29	0	0	0	0	35	-1	0	0	19	-1	-1	50	0	0	0	0
c10667	-1	30	-1	-1	45	24	0	0	0	17	-1	23	5	29	4	9	19	23	0	0	0	0	0	4	47	0	16	9	47	-1
c10675	0	4	-1	0	46	0	0	4	46	39	-1	4	0	-1	-1	-1	0	-1	37	47	0	0	0	0	-1	-1	0	-1	-1	0
c10678	0	0	46	0	-1	0	-1	-1	46	27	46	4	0	-1	29	-1	0	30	-1	0	-1	0	-1	0	35	50	45	0	0	0
c10713	0	0	-1	-1	0	-1	0	4	-1	0	0	4	12	0	4	0	19	0	0	0	-1	-1	0	0	35	-1	0	0	0	-1
c10723	0	24	0	47	0	0	0	4	-1	29	45	4	-1	-1	0	0	0	0	0	0	19	0	37	47	35	50	0	0	0	22
c10727	-1	0	0	19	0	0	0	4	-1	0	0	4	-1	0	-1	0	0	-1	3	0	-1	-1	-1	0	-1	50	0	0	0	0
c10728	0	0	0	19	0	0	35	4	-1	29	4	4	-1	0	30	-1	5	-1	0	1	0	0	0	0	35	50	0	0	24	0
c10730	-1	-1	0	0	0	0	0	4	46	1	37	4	0	0	-1	36	-1	0	0	-1	28	-1	0	0	-1	-1	0	0	50	0
c10731	19	0	0	-1	0	-1	0	4	46	1	-1	-1	0	0	-1	36	0	0	0	9	28	0	0	0	-1	50	-1	0	50	0
c10735	0	0	-1	0	0	-1	0	4	46	45	0	4	0	0	0	1	-1	-1	-1	0	32	-1	0	0	-1	-1	16	0	0	0
c10739	0	-1	16	24	18	0	-1	42	0	-1	-1	0	4	0	-1	5	-1	4	-1	-1	-1	4	0	-1	9	16	-1	0	27	0
c10744	0	0	0	0	-1	29	0	4	46	0	-1	4	0	-1	0	-1	0	0	-1	0	0	0	0	0	35	50	1	0	0	0
c10757	0	0	16	-1	4	35	0	-1	39	-1	-1	46	28	0	36	0	0	0	0	-1	32	0	0	0	1	0	-1	9	27	0
c10763	-1	19	16	-1	18	-1	-1	42	0	-1	-1	43	4	-1	9	0	-1	0	12	-1	0	4	0	-1	9	-1	42	0	-1	7
c10767	0	0	-1	0	-1	46	0	4	46	-1	0	4	9	0	27	0	0	-1	0	0	0	0	-1	0	35	50	-1	0	35	0
c10771	0	4	-1	0	0	0	30	4	46	46	37	4	0	-1	-1	46	9	0	24	0	0	7	0	0	35	-1	0	-1	0	0
c10779	0	19	16	0	-1	4	42	0	0	0	-1	-1	49	-1	9	0	0	0	-1	-1	22	4	0	-1	0	0	42	0	27	0
c10783	0	0	-1	0	0	-1	0	4	-1	0	-1	-1	4	5	-1	-1	0	0	-1	0	28	24	46	0	-1	-1	47	-1	2	0
c10789	0	0	0	0	0	0	0	4	46	0	29	-1	0	0	29	0	0	0	0	0	0	3	0	-1	35	50	45	0	7	34
c10801	0	4	-1	0	-1	-1	0	4	46	39	0	4	29	0	0	0	0	0	37	47	0	0	0	0	35	-1	0	-1	-1	-1
c10810	0	45	-1	0	-1	0	-1	4	46	39	0	-1	0	0	27	0	0	0	0	0	0	0	0	0	-1	50	0	0	-1	-1
c10820	-1	-1	0	9	46	36	0	4	46	39	0	4	22	0	0	19	46	0	0	-1	0	-1	0	0	35	50	0	0	0	25
c10827	0	-1	-1	24	-1	39	-1	42	0	47	-1	0	4	16	9	-1	-1	0	12	-1	-1	4	4	-1	9	16	42	37	27	7
c10832	-1	0	-1	0	0	-1	0	4	-1	0	37	4	0	40	-1	-1	9	0	24	0	-1	7	0	0	35	50	-1	-1	0	0
c10865	-1	-1	0	46	-1	0	0	4	46	0	-1	4	0	0	-1	0	0	0	-1	0	19	0	-1	0	35	50	0	0	0	35
c10872	-1	-1	-1	0	46	0	30	4	46	39	-1	4	0	27	18	0	0	0	0	-1	0	0	0	-1	35	50	-1	0	0	0
c10887	0	24	0	0	0	0	-1	4	-1	0	0	4	0	0	0	0	-1	0	32	0	19	50	0	0	35	50	-1	0	36	0
c10890	-1	-1	0	0	45	24	27	0	0	-1	0	0	0	0	0	9	-1	-1	-1	0	0	21	0	-1	47	45	35	0	-1	-1
c10894	5	19	0	0	36	0	0	-1	-1	-1	-1	4	12	47	0	0	7	0	0	0	0	0	19	0	35	50	0	0	0	0
c10896	0	0	0	19	0	0	0	4	-1	-1	0	4	0	0	30	0	0	0	0	0	0	-1	-1	0	35	50	0	-1	36	0
c10902	0	19	16	0	0	-1	42	0	-1	0	-1	-1	-1	-1	-1	0	0	0	-1	-1	4	4	0	0	0	10	42	0	27	0
c10919	-1	19	16	-1	0	4	42	44	-1	0	-1	-1	0	0	9	0	0	0	0	-1	-1	4	46	0	-1	10	42	-1	27	-1
c10938	0	24	0	0	0	0	-1	-1	46	3	0	-1	0	0	-1	-1	0	29	0	0	19	0	31	-1	35	50	-1	-1	0	0
c10941	0	24	0	-1	-1	0	0	4	46	0	0	4	0	0	0	0	0	-1	0	0	19	-1	0	-1	35	50	46	0	0	0
c10949	0	0	-1	0	45	-1	-1	0	-1	-1	0	30	0	0	-1	9	19	-1	1	0	-1	-1	7	0	47	0	35	0	0	-1
c10952	19	-1	0	-1	-1	24	0	0	-1	0	0	0	0	-1	0	-1	19	23	0	0	0	0	-1	0	0	0	-1	24	4	0
c10955	0	0	0	-1	44	29	0	4	46	-1	37	-1	-1	-1	-1	46	9	0	-1	0	0	7	0	0	35	-1	0	-1	0	0
c10957	-1	4	-1	-1	46	0	0	4	-1	39	0	4	29	36	0	0	0	0	37	47	0	0	0	0	35	-1	0	20	0	0
c10964	0	0	0	-1	0	0	43	4	46	0	0	4	0	0	29	4	39	0	0	0	0	0	36	0	35	50	-1	0	0	34
c10966	0	1	-1	0	45	24	0	-1	0	0	-1	0	0	0	-1	-1	0	-1	0	-1	-1	0	0	0	0	37	42	0	27	9
c10967	0	1	-1	0	45	24	0	0	0	0	-1	0	0	0	0	0	0	-1	-1	-1	-1	0	0	0	0	-1	-1	-1	27	9
c10971	-1	-1	0	45	-1	-1	-1	4	46	39	0	4	0	0	4	-1	46	0	0	10	16	0	0	0	35	50	39	0	0	0
c10982	0	0	0	0	-1	0	0	4	46	0	0	4	0	33	0	0	0	-1	0	0	-1	0	-1	9	35	50	-1	-1	0	-1
c10983	0	0	0	-1	0	0	0	4	46	0	0	4	0	33	0	0	0	0	-1	0	-1	0	45	9	35	50	-1	1	0	-1
c10994	0	0	-1	0	46	0	20	4	46	39	0	4	0	0	-1	0	0	-1	37	-1	0	0	-1	-1	35	-1	0	-1	0	0
c11023	-1	0	0	-1	46	36	0	4	46	39	0	4	-1	0	0	0	46	26	0	0	-1	0	-1	0	35	50	0	0	9	0
c11038	33	0	-1	-1	46	0	30	4	46	39	0	4	0	27	18	-1	-1	0	0	0	-1	-1	0	0	35	50	0	0	0	0
c11041	-1	19	16	0	-1	4	42	0	-1	1	-1	-1	0	-1	-1	24	0	-1	9	-1	0	4	-1	0	0	0	42	0	27	0
c11054	21	16	0	0	0	0	26	-1	21	29	0	5	0	0	0	4	-1	-1	0	-1	40	29	5	0	-1	28	0	0	0	0
c11056	-1	18	24	-1	-1	0	26	0	-1	28	0	0	0	-1	0	4	-1	-1	0	0	0	0	0	-1	0	0	0	4	0	0
c11058	0	0	0	19	0	0	0	4	-1	0	-1	4	0	0	30	0	0	-1	-1	-1	-1	0	46	0	35	50	0	0	0	0
c11059	0	-1	0	19	0	0	0	4	-1	0	0	4	0	0	30	0	0	0	-1	0	-1	0	46	0	35	50	0	0	-1	0
c11083	0	-1	0	-1	0	-1	-1	-1	46	0	37	4	0	0	-1	9	0	0	-1	0	28	0	46	0	-1	-1	47	16	2	-1
c11087	0	0	0	0	0	47	0	-1	46	0	0	4	0	0	29	10	43	0	0	0	0	0	9	-1	-1	-1	45	-1	0	34
c11108	0	0	0	0	-1	0	-1	-1	46	-1	46	4	-1	0	29	0	0	0	-1	0	0	0	7	0	35	50	45	0	0	0
c11125	-1	0	0	0	27	0	0	4	46	-1	-1	4	0	0	37	0	-1	0	0	0	-1	4	0	4	-1	50	0	-1	0	0
c11142	0	-1	0	0	46	36	40	4	46	39	0	4	0	0	0	-1	46	-1	0	-1	2	-1	0	0	-1	50	0	0	0	0
c11147	0	-1	4	0	19	0	26	28	-1	29	-1	-1	-1	28	-1	-1	19	-1	0	0	40	-1	0	0	0	0	32	0	0	0
c11153	-1	24	0	0	19	0	0	4	46	0	0	4	-1	0	0	0	0	0	19	45	19	0	30	0	35	50	0	0	0	0
c11172	0	0	-1	0	45	24	47	0	0	0	0	0	37	0	-1	9	19	23	0	0	0	1	0	0	-1	0	35	0	-1	27
c11185	-1	0	0	0	0	-1	19	-1	-1	0	0	4	12	47	0	0	0	0	0	0	35	-1	19	-1	35	-1	0	0	0	-1
c11192	0	19	0	0	-1	0	0	4	-1	39	0	4	0	-1	0	0	0	0	0	0	-1	0	0	-1	35	-1	0	7	44	43
c11200	0	19	16	24	18	39	-1	-1	-1	47	-1	-1	-1	0	9	0	-1	0	12	-1	0	-1	0	-1	9	-1	42	-1	27	7
c11234	0	0	0	0	45	24	0	-1	0	17	0	0	-1	29	4	9	19	23	24	0	-1	0	0	-1	-1	-1	0	9	0	-1
c11248	-1	19	16	24	18	39	-1	42	0	47	-1	-1	4	0	9	0	-1	0	12	-1	0	4	0	-1	9	-1	42	0	27	7
c11258	0	19	16	0	-1	-1	42	-1	0	-1	-1	-1	0	0	9	0	29	0	-1	-1	0	4	0	0	0	0	42	0	27	0
c11262	0	-1	-1	4	-1	36	0	4	46	27	-1	4	-1	-1	29	0	45	0	0	0	0	0	7	0	35	-1	-1	4	0	0
c11278	4	0	-1	0	4	35	0	0	39	0	-1	46	28	0	-1	0	0	0	0	-1	32	0	0	-1	0	0	42	9	27	0
c11298	0	0	0	19	0	-1	0	4	-1	1	37	4	-1	0	-1	0	0	0	0	0	28	33	0	0	-1	50	0	44	-1	0
c11310	0	46	0	0	45	24	29	35	0	0	0	0	0	29	4	9	19	23	0	19	28	0	-1	0	-1	0	5	9	0	0
c11341	-1	19	16	0	0	-1	42	0	-1	0	-1	-1	0	0	9	47	-1	0	-1	-1	0	4	0	-1	5	0	-1	-1	27	0
c11349	0	24	0	0	0	0	0	4	46	-1	0	4	19	0	-1	0	0	0	0	0	19	0	0	0	-1	50	-1	30	0	0
c11356	0	24	0	0	-1	0	-1	4	46	0	0	4	0	0	-1	0	-1	-1	0	0	19	0	18	0	35	50	-1	21	0	0
c11357	0	24	0	0	0	0	0	-1	46	0	0	-1	-1	0	-1	0	0	0	0	0	19	0	-1	-1	35	50	-1	21	0	-1
c11358	-1	-1	-1	0	45	-1	0	-1	0	-1	-1	0	0	0	30	9	19	23	0	0	-1	0	0	19	0	-1	-1	0	-1	-1
c11372	5	0	0	0	0	0	0	4	46	-1	0	4	0	-1	0	0	0	0	0	0	0	0	0	-1	35	50	0	0	0	0
c11373	5	0	0	-1	-1	0	0	4	-1	0	0	4	0	0	-1	0	0	0	0	0	0	0	0	0	35	50	0	0	0	0
c11376	0	19	36	0	-1	0	0	-1	46	-1	24	4	29	0	0	27	0	0	-1	-1	35	35	-1	19	35	50	0	-1	0	0
c11389	-1	0	0	24	0	-1	0	4	46	1	37	4	-1	0	-1	0	0	0	-1	0	28	0	0	0	-1	50	0	0	0	0
c11394	0	-1	9	0	19	9	0	4	46	0	0	4	1	-1	0	-1	0	0	0	0	-1	0	0	0	35	50	-1	30	0	-1
c11395	0	-1	9	0	19	-1	0	4	46	0	0	4	1	0	0	2	0	0	0	0	30	0	0	0	35	50	16	-1	0	-1
c11396	24	0	-1	0	46	0	0	4	46	39	0	4	-1	45	46	0	0	24	0	47	0	0	0	24	35	-1	0	-1	0	0
c11400	19	0	-1	-1	0	0	0	4	-1	1	37	-1	0	0	-1	0	0	0	-1	9	-1	0	0	0	-1	50	4	0	-1	0
c11402	0	42	0	19	0	0	26	0	0	-1	0	-1	0	5	37	4	19	-1	0	-1	-1	36	0	32	-1	-1	0	-1	-1	0
c11405	0	-1	16	0	0	-1	42	-1	-1	0	-1	-1	-1	7	-1	-1	0	0	0	-1	0	4	0	0	0	0	-1	27	27	0
c11416	0	0	0	-1	0	0	28	4	46	1	-1	4	0	0	-1	27	0	0	-1	0	28	0	0	4	-1	-1	-1	0	35	0
c11439	-1	0	-1	-1	0	0	0	4	-1	0	-1	4	0	0	-1	46	9	0	-1	0	0	7	0	-1	-1	50	0	-1	0	0
c11441	0	19	-1	24	18	0	42	42	0	-1	-1	21	4	0	9	9	-1	0	12	-1	-1	-1	0	-1	9	16	-1	0	27	0
c11448	19	4	16	0	0	-1	0	0	-1	-1	-1	46	-1	0	0	0	0	0	-1	-1	-1	0	0	0	21	0	42	0	27	0
c11452	-1	0	0	0	0	-1	20	4	46	-1	37	4	0	-1	-1	0	0	0	0	0	28	0	0	0	-1	50	-1	0	-1	0
c11465	0	-1	-1	-1	0	-1	4	-1	46	-1	0	4	19	0	-1	0	0	0	0	0	19	0	-1	-1	35	50	0	0	0	0
c11470	0	0	-1	-1	0	0	30	4	46	0	-1	4	0	0	-1	46	9	0	-1	0	0	-1	0	21	35	-1	-1	-1	-1	-1
c11476	0	0	0	0	45	-1	-1	-1	0	0	0	-1	-1	-1	0	9	19	23	0	47	0	39	24	0	0	0	-1	0	0	0
c11478	-1	-1	16	0	-1	0	42	0	0	47	-1	0	4	0	9	0	0	0	12	-1	0	-1	0	0	9	0	-1	0	27	0
c11492	-1	18	24	0	0	-1	-1	0	0	28	0	0	0	0	0	4	-1	0	19	0	0	0	0	32	0	0	0	4	0	16
c11516	-1	24	0	0	0	0	50	-1	46	24	0	-1	0	0	14	0	0	0	-1	45	-1	0	0	-1	35	50	4	0	-1	0
c11519	0	0	4	0	-1	24	0	0	20	0	0	21	0	-1	0	7	19	42	0	-1	0	0	0	0	4	-1	1	39	0	0
c11526	-1	0	-1	0	45	24	46	-1	1	30	1	-1	-1	0	0	9	19	23	0	47	0	0	0	0	-1	0	0	0	0	19
c11535	0	42	0	19	0	0	26	0	0	-1	0	0	0	5	-1	-1	-1	0	0	-1	-1	36	0	32	0	-1	0	47	-1	0
c11537	-1	0	19	-1	46	36	0	4	46	39	0	4	-1	0	0	-1	46	26	0	0	0	0	20	0	35	50	-1	0	0	0
c11543	0	0	-1	-1	45	24	0	0	0	0	0	0	0	0	0	9	-1	-1	36	0	0	0	0	0	47	0	35	47	0	0
c11568	0	0	-1	19	0	0	0	4	-1	0	0	4	0	0	30	0	29	-1	0	0	0	0	0	-1	35	-1	0	0	0	0
c11569	0	0	0	19	0	0	0	4	-1	0	-1	4	0	0	30	-1	29	-1	0	-1	-1	-1	0	0	35	50	-1	0	0	0
c11570	-1	19	16	0	0	4	42	0	0	24	-1	0	0	0	9	0	0	0	0	-1	0	4	0	-1	0	0	42	0	27	0
c11582	0	0	0	0	45	24	0	-1	20	47	0	21	0	-1	0	7	-1	42	0	0	0	22	-1	0	4	30	37	0	-1	0
c11584	-1	0	0	0	46	36	0	4	46	39	0	-1	0	-1	0	19	-1	0	0	0	0	0	0	-1	35	50	49	-1	0	0
c11594	-1	0	-1	0	46	36	-1	4	-1	-1	0	4	-1	0	-1	0	-1	0	36	-1	0	0	-1	-1	35	50	0	0	24	-1
c11598	0	19	16	24	18	39	-1	-1	0	-1	-1	0	4	0	9	0	-1	-1	12	-1	-1	4	0	-1	-1	16	42	0	27	7
c11599	0	19	16	24	-1	-1	-1	42	0	47	-1	-1	-1	0	9	0	-1	0	12	-1	0	4	0	-1	-1	16	42	0	27	7
c11605	0	19	16	-1	0	4	42	0	-1	0	-1	-1	0	0	9	0	-1	0	-1	-1	0	4	0	37	0	0	42	0	27	0
c11617	-1	0	0	0	45	-1	20	0	39	24	49	50	10	-1	29	9	19	23	0	45	0	0	0	0	47	0	-1	-1	-1	30
c11623	0	19	16	5	0	4	42	0	0	0	-1	-1	45	-1	9	0	39	0	0	-1	0	4	19	0	-1	0	42	0	27	9
c11625	-1	-1	0	-1	0	0	-1	4	46	-1	22	4	0	-1	42	47	0	23	45	0	19	0	37	0	35	-1	0	45	29	19
c11633	0	24	0	0	0	0	0	4	46	0	0	4	19	-1	-1	-1	-1	0	0	37	19	0	0	-1	35	50	46	29	0	0
c11635	0	0	24	0	-1	-1	-1	0	0	28	40	0	0	-1	0	4	19	0	0	0	0	-1	0	47	0	30	0	0	-1	0
c11639	0	24	0	7	0	0	-1	4	46	16	-1	-1	-1	0	-1	-1	40	-1	19	-1	19	0	19	36	-1	50	0	0	0	0
c11645	0	19	16	0	0	37	0	0	-1	0	-1	0	-1	-1	-1	30	-1	0	0	-1	45	45	19	-1	0	0	-1	5	27	0
c11653	0	19	16	0	0	4	42	0	-1	0	-1	-1	0	-1	9	0	0	0	0	-1	0	4	-1	0	0	0	42	0	27	0
c11665	28	24	0	0	-1	0	29	4	46	0	0	4	0	0	0	0	0	0	0	0	19	-1	46	0	35	50	0	45	-1	0
c11695	0	-1	-1	36	0	43	0	4	46	-1	-1	-1	5	33	0	0	-1	0	0	0	-1	0	45	9	35	-1	0	0	0	30
c11696	0	0	-1	0	46	0	0	4	46	39	0	-1	0	0	-1	0	0	9	37	47	0	-1	0	-1	35	-1	0	0	-1	-1
c11697	0	0	-1	-1	46	-1	-1	4	46	39	0	4	-1	0	30	0	0	9	37	47	0	35	0	0	35	-1	0	0	0	0
c11699	0	19	-1	0	18	0	-1	-1	0	-1	-1	-1	4	0	9	0	9	0	12	-1	0	4	0	-1	-1	0	42	-1	27	0
c11701	0	-1	0	0	0	0	-1	4	46	27	46	4	0	0	29	-1	0	-1	0	0	0	0	-1	-1	-1	-1	-1	0	-1	0
c11709	-1	-1	36	0	45	24	-1	0	-1	-1	0	0	0	0	0	-1	19	-1	-1	0	0	-1	-1	0	0	0	0	24	-1	46
c11721	0	19	16	0	0	4	-1	0	-1	-1	-1	-1	0	-1	9	1	0	0	-1	-1	4	4	29	0	0	42	42	0	27	0
c11740	0	0	0	0	0	27	0	4	46	27	0	-1	-1	-1	-1	0	0	30	5	0	0	0	-1	0	35	-1	45	0	19	-1
c11748	-1	0	0	-1	0	0	0	4	-1	0	37	4	0	-1	-1	46	9	0	-1	1	-1	7	-1	0	-1	50	24	-1	0	0
c11761	0	0	4	-1	45	24	0	-1	20	-1	0	-1	-1	18	42	7	19	-1	-1	0	-1	0	0	0	4	20	0	0	0	45
c11763	0	0	0	0	0	0	0	-1	46	27	46	4	0	0	29	0	0	0	0	-1	0	0	7	0	35	50	45	0	0	0
c11764	29	19	16	19	0	4	42	-1	-1	0	-1	-1	0	1	9	-1	0	47	0	-1	0	-1	0	0	0	0	42	0	27	-1
c11766	0	24	0	0	0	0	0	-1	46	-1	0	4	0	0	-1	-1	-1	-1	0	0	19	0	0	0	35	50	0	-1	-1	0
c11772	4	0	0	0	0	0	26	-1	0	29	0	42	0	0	0	4	19	-1	0	0	-1	24	0	0	0	12	9	0	4	0
c11778	0	24	0	0	0	0	0	-1	46	3	0	4	0	0	-1	0	0	0	-1	0	-1	-1	-1	0	35	-1	23	0	0	0
c11787	35	0	32	0	0	0	0	4	46	22	-1	4	0	0	-1	46	9	0	24	-1	0	7	0	0	-1	50	0	-1	0	0
c11796	0	16	-1	0	45	-1	0	0	20	47	0	21	0	18	0	-1	-1	-1	-1	9	0	0	0	0	4	0	37	-1	0	9
c11808	0	0	0	24	0	0	26	28	46	29	0	-1	0	-1	0	4	19	-1	-1	0	-1	24	-1	0	-1	4	0	0	4	29
c11834	10	0	0	0	0	0	0	-1	46	27	0	4	0	0	29	0	0	0	-1	0	0	4	7	4	35	50	45	0	0	0
c11835	-1	0	0	0	-1	0	0	-1	-1	27	0	4	-1	0	29	0	-1	0	45	0	-1	4	-1	4	35	50	45	0	0	0
c11836	0	8	0	0	0	0	0	4	46	1	37	-1	-1	0	-1	0	0	-1	-1	0	28	-1	-1	-1	-1	50	0	0	-1	0
c11837	0	-1	0	0	0	-1	0	4	46	1	37	4	0	-1	-1	0	-1	0	0	0	28	0	-1	0	-1	50	0	0	4	0
c11849	0	-1	0	0	-1	0	35	4	-1	-1	37	4	0	35	-1	29	0	0	35	0	28	-1	0	0	-1	50	0	0	0	5
c11859	0	24	-1	0	5	-1	0	4	-1	29	42	4	0	-1	29	-1	0	0	0	0	19	0	29	0	-1	-1	-1	0	0	-1
c11861	0	45	24	0	0	0	26	0	-1	28	0	9	0	0	0	4	19	-1	0	0	0	0	37	47	0	30	19	5	0	36
c11866	-1	0	-1	-1	46	0	-1	4	46	39	-1	4	0	-1	9	-1	0	0	0	0	32	0	-1	0	-1	50	-1	-1	0	-1
c11870	29	0	0	0	0	0	0	-1	46	1	37	4	0	-1	-1	-1	0	-1	0	0	-1	-1	-1	0	-1	-1	0	0	0	0
c11871	29	-1	0	0	0	0	0	4	-1	1	37	4	0	0	-1	-1	0	0	-1	-1	28	0	0	0	-1	50	0	0	0	0
c11875	7	0	0	10	-1	0	2	4	-1	0	0	4	0	0	0	0	-1	0	-1	0	0	19	-1	24	35	50	0	50	0	0
c11879	9	24	0	0	0	0	0	-1	-1	-1	0	4	4	0	-1	0	0	-1	0	-1	-1	-1	0	0	35	-1	23	0	0	0
c11880	0	19	16	24	18	0	42	42	0	47	-1	0	4	0	9	0	-1	-1	12	-1	0	4	0	-1	9	16	42	0	27	0
c11888	19	-1	0	0	0	0	-1	4	46	1	37	4	0	0	-1	36	0	0	0	9	28	0	0	-1	-1	50	0	0	50	0
c11889	19	0	0	0	0	-1	0	-1	-1	1	37	4	0	-1	-1	36	-1	0	0	9	28	0	0	0	-1	-1	0	0	50	0
c11895	0	0	0	0	-1	0	-1	4	46	27	46	-1	0	0	29	0	0	0	0	0	0	0	7	0	35	50	-1	0	0	0
c11905	0	-1	0	0	0	19	0	4	46	0	37	4	-1	0	-1	0	9	0	24	31	0	7	0	9	35	50	0	-1	0	-1
c11906	0	0	9	1	0	0	0	4	46	0	35	4	0	-1	0	-1	9	16	0	0	0	0	-1	45	35	-1	16	0	-1	0
c11909	0	-1	16	0	4	35	0	0	0	42	-1	46	9	0	-1	-1	0	19	19	-1	-1	0	0	29	0	0	-1	0	-1	0
c11923	0	20	-1	0	0	0	0	4	46	0	0	-1	0	44	-1	25	0	-1	0	0	0	-1	0	-1	35	50	0	0	0	-1
c11948	0	-1	-1	0	-1	-1	0	4	46	39	0	4	0	0	9	0	-1	0	-1	0	0	-1	5	0	-1	-1	0	0	0	0
c11955	0	0	4	0	19	0	26	-1	0	-1	45	-1	-1	28	0	4	-1	-1	0	0	40	-1	0	0	-1	0	32	0	0	0
c11964	0	0	-1	-1	-1	0	0	4	46	0	0	4	0	0	0	-1	0	25	-1	-1	0	0	-1	0	35	50	0	0	43	0
c11974	37	19	16	0	0	4	42	0	-1	0	-1	-1	0	0	-1	0	0	0	47	-1	39	4	0	0	0	0	42	-1	27	0
c11978	0	0	0	-1	0	19	0	4	46	-1	37	4	0	0	-1	0	0	0	0	0	28	-1	-1	0	-1	50	0	-1	-1	0
c11979	0	-1	-1	35	-1	19	0	4	46	1	37	4	0	0	-1	0	0	0	0	0	28	0	0	0	-1	50	0	0	-1	-1
c11982	0	0	0	0	0	0	0	-1	46	-1	29	4	0	0	29	0	0	0	0	-1	0	-1	0	0	35	-1	45	0	-1	34
c11984	0	0	0	0	-1	24	0	-1	20	47	0	21	0	-1	0	7	19	42	0	0	0	-1	0	0	4	0	37	-1	0	0
c11986	0	19	16	0	18	0	42	-1	0	47	-1	0	4	0	9	0	0	0	12	-1	-1	4	-1	0	-1	0	-1	0	27	0
c11995	0	19	-1	0	-1	0	0	4	-1	0	37	4	0	-1	-1	-1	0	0	-1	-1	28	0	-1	-1	-1	50	0	0	0	0
c11996	25	-1	-1	0	0	37	0	0	32	-1	-1	-1	0	-1	0	30	0	-1	0	-1	45	45	-1	-1	0	0	-1	5	27	0
c12000	-1	0	0	9	46	36	0	4	-1	39	0	4	-1	0	0	19	-1	0	0	0	0	10	0	0	35	50	0	0	0	0
c12004	0	0	-1	-1	46	0	0	4	46	39	0	4	0	0	-1	36	0	39	0	0	-1	0	0	37	35	50	-1	0	-1	-1
c12006	0	0	-1	0	0	5	0	4	46	-1	0	4	-1	-1	0	1	0	9	0	0	0	18	0	-1	35	50	0	12	0	0
c12015	0	-1	0	0	-1	44	26	0	21	29	45	0	0	0	0	4	19	-1	0	-1	40	-1	0	0	20	0	-1	0	0	46
c12016	0	1	16	-1	0	0	0	0	37	0	-1	0	0	29	0	0	1	-1	0	-1	32	-1	36	0	0	27	-1	0	27	0
c12020	18	24	0	-1	30	-1	0	4	-1	0	0	-1	0	0	-1	-1	0	0	-1	50	-1	-1	0	0	35	50	0	-1	0	-1
c12021	18	24	0	45	30	0	0	-1	-1	0	-1	-1	0	0	-1	0	0	0	-1	50	-1	0	0	0	-1	-1	0	-1	0	0
c12023	0	-1	-1	0	-1	0	-1	4	46	39	24	4	29	-1	0	27	-1	0	47	11	0	0	0	-1	35	50	0	-1	0	0
c12024	0	0	-1	-1	0	0	0	4	46	32	-1	-1	0	30	0	0	0	0	30	0	0	-1	45	-1	35	50	-1	0	0	-1
c12045	0	0	24	5	-1	0	26	0	-1	28	1	-1	0	36	28	4	-1	-1	0	0	0	0	0	47	0	30	0	0	0	36
c12084	0	19	16	0	-1	4	-1	0	-1	-1	-1	-1	-1	0	9	-1	0	-1	-1	-1	0	4	0	0	0	0	42	24	27	-1
c12085	0	19	-1	0	-1	4	42	0	-1	0	-1	-1	0	-1	9	-1	0	0	0	-1	0	4	0	0	0	0	42	24	27	-1
c12094	0	24	0	0	0	-1	9	4	-1	-1	0	4	0	0	0	0	0	0	19	0	19	0	0	0	-1	-1	0	0	0	0
c12100	-1	18	-1	0	0	0	26	0	0	28	-1	0	0	-1	45	-1	-1	0	-1	0	0	0	0	0	0	-1	0	4	0	0
c12108	0	-1	0	-1	0	-1	30	4	46	1	37	4	0	0	-1	-1	9	0	-1	19	19	-1	0	0	-1	-1	0	-1	0	0
c12115	0	19	16	0	-1	4	42	-1	-1	0	-1	-1	0	0	-1	0	0	0	5	-1	0	-1	0	0	-1	-1	42	-1	27	-1
c12116	0	0	0	19	0	0	0	4	-1	0	0	4	-1	0	30	0	0	45	-1	5	-1	0	46	0	35	50	0	-1	-1	10
c12126	-1	24	-1	0	0	0	0	4	46	0	0	4	0	0	-1	0	0	0	0	-1	-1	-1	46	0	35	50	0	45	-1	0
c12135	0	19	16	10	0	37	11	0	32	0	-1	-1	0	-1	45	30	0	0	9	-1	45	-1	-1	-1	0	0	42	5	27	0
c12137	-1	0	0	-1	46	36	0	-1	46	-1	0	-1	0	47	4	0	46	0	0	0	16	0	0	0	35	50	-1	-1	0	0
c12151	21	24	0	0	-1	0	0	-1	-1	-1	0	4	0	30	-1	-1	0	0	0	0	19	0	0	0	35	50	0	0	0	0
c12163	0	0	0	0	-1	0	0	4	46	0	37	4	0	0	-1	46	9	0	-1	1	0	-1	0	0	35	50	24	-1	0	0
c12178	0	0	0	-1	45	24	-1	0	0	-1	0	-1	0	0	30	9	19	23	0	0	0	26	0	19	0	-1	0	-1	0	0
c12185	-1	-1	0	0	0	19	0	4	46	1	-1	4	0	0	-1	0	-1	-1	29	0	28	0	0	0	-1	50	0	-1	0	-1
c12209	27	0	5	0	0	0	-1	4	46	27	-1	-1	-1	-1	-1	0	0	0	-1	0	0	0	7	0	35	50	45	0	40	-1
c12229	0	19	-1	0	0	4	42	0	0	0	-1	-1	0	-1	9	-1	39	-1	0	-1	0	-1	0	36	24	0	42	-1	27	0
c12232	0	0	0	0	27	0	0	4	46	0	37	4	0	0	-1	46	-1	-1	-1	-1	-1	7	0	0	-1	50	24	-1	0	0
c12235	0	0	-1	0	0	0	-1	4	46	0	37	4	27	-1	-1	46	9	21	-1	0	0	-1	-1	0	35	50	0	-1	0	0
c12260	0	4	-1	0	-1	-1	0	-1	46	39	47	4	29	36	0	0	10	0	37	47	0	0	-1	0	-1	-1	0	20	0	0
c12261	0	-1	-1	0	46	0	0	4	46	39	47	-1	-1	36	0	0	0	0	37	47	-1	0	43	0	35	-1	0	20	0	0
c12272	0	0	0	0	0	0	0	-1	-1	-1	0	4	12	-1	4	4	0	0	0	0	-1	0	0	0	35	50	0	0	0	-1
c12280	-1	18	24	-1	0	0	26	0	0	28	0	0	0	-1	45	4	19	-1	0	0	0	0	0	-1	29	0	34	4	29	0
c12281	-1	18	24	-1	0	0	26	-1	-1	28	-1	0	-1	-1	45	4	-1	-1	0	-1	0	0	-1	0	29	0	34	4	29	0
c12298	-1	-1	0	0	-1	0	0	4	-1	1	37	4	-1	0	-1	0	-1	0	0	0	28	0	0	30	-1	50	-1	1	-1	0
c12309	0	19	16	10	0	4	42	10	0	0	-1	-1	-1	-1	-1	0	0	0	-1	-1	39	-1	0	0	0	0	-1	-1	27	0
c12320	-1	0	0	0	0	0	0	4	46	32	0	4	0	0	0	0	0	0	-1	0	0	0	-1	-1	-1	50	0	0	0	0
c12328	0	0	24	0	-1	0	26	-1	-1	28	0	-1	0	0	29	4	19	0	-1	36	0	0	0	47	-1	30	0	-1	-1	0
c12351	0	-1	-1	0	-1	0	4	4	-1	0	-1	-1	12	0	4	0	0	0	0	0	0	0	0	0	-1	50	0	0	0	0
c12352	29	0	0	0	0	0	-1	4	46	1	37	-1	0	0	-1	0	0	0	0	0	28	0	-1	0	-1	50	0	0	0	0
c12353	29	0	-1	0	0	0	-1	4	46	1	37	4	0	0	-1	0	-1	0	0	0	28	0	-1	0	-1	50	43	-1	0	0
c12358	-1	-1	-1	0	-1	4	42	0	-1	0	-1	-1	0	0	9	-1	0	-1	0	-1	4	4	0	0	-1	10	-1	0	-1	-1
c12364	0	0	0	0	-1	0	-1	-1	46	27	46	-1	0	0	29	0	0	0	0	0	0	0	7	0	-1	50	45	0	0	0
c12365	0	0	0	0	-1	0	0	-1	46	-1	46	4	0	0	-1	-1	0	0	0	0	0	0	-1	0	35	50	-1	0	0	0
c12379	0	0	24	0	0	-1	26	0	0	28	0	0	0	-1	47	4	19	0	0	0	0	0	0	0	0	-1	0	-1	0	-1
c12382	0	0	-1	0	0	0	-1	4	-1	-1	-1	4	30	0	30	-1	0	-1	0	45	0	0	-1	-1	35	50	0	0	0	0
c12383	0	0	0	-1	0	0	0	4	-1	-1	24	4	30	0	30	-1	-1	0	0	45	0	-1	-1	-1	35	50	-1	0	0	0
c12405	45	0	-1	0	45	24	0	0	0	0	30	-1	0	37	-1	9	19	-1	0	0	36	0	0	-1	47	-1	35	0	0	0
c12422	9	-1	0	0	-1	0	0	-1	46	0	0	4	0	-1	0	0	0	0	-1	0	0	0	0	0	35	-1	0	0	0	0
c12423	9	0	0	0	-1	0	0	-1	46	0	0	4	0	0	0	0	0	0	-1	0	-1	0	0	0	-1	50	0	-1	0	0
c12432	0	0	-1	0	29	0	-1	-1	0	28	0	-1	0	0	0	4	-1	0	0	36	0	0	0	47	-1	30	0	0	0	0
c12434	33	-1	-1	0	46	-1	30	-1	46	39	-1	4	0	27	0	0	24	0	0	0	0	0	0	19	35	-1	0	47	0	0
c12455	33	0	-1	0	46	-1	30	-1	46	-1	0	4	0	27	0	0	0	1	-1	0	0	31	0	0	35	-1	0	0	0	-1
c12469	0	0	0	-1	0	0	24	4	46	0	37	4	-1	0	-1	9	0	0	-1	0	-1	-1	0	0	-1	-1	0	16	-1	40
c12471	0	0	-1	0	46	0	0	4	46	-1	0	4	26	0	-1	0	-1	0	0	-1	-1	0	0	50	35	-1	0	0	-1	0
c12472	0	0	0	0	-1	0	0	-1	46	27	46	4	0	0	29	0	-1	0	0	0	0	0	7	-1	35	50	-1	0	0	0
c12473	0	0	0	0	-1	0	0	-1	46	27	-1	4	0	0	-1	0	0	-1	-1	0	-1	0	7	0	35	-1	45	0	0	-1
c12477	33	-1	-1	0	46	0	30	4	46	-1	0	4	0	27	0	0	0	1	0	30	0	9	0	-1	35	50	0	-1	0	-1
c12483	0	19	16	-1	36	-1	42	0	-1	0	-1	-1	0	0	9	0	0	0	0	-1	47	4	-1	37	0	0	42	25	27	0
c12502	23	-1	23	5	45	24	0	0	-1	0	-1	0	0	29	-1	9	19	23	0	0	10	0	0	0	47	0	5	9	-1	0
c12514	-1	24	0	0	30	-1	0	4	46	0	0	4	0	0	-1	-1	0	0	0	0	19	0	-1	0	35	50	-1	0	-1	0
c12515	0	24	0	0	30	0	-1	4	46	0	0	4	0	0	-1	28	0	-1	0	0	19	0	0	0	35	50	-1	0	-1	0
c12529	0	19	16	0	0	4	42	1	-1	0	-1	-1	-1	-1	-1	-1	0	-1	0	-1	0	4	36	29	0	0	42	-1	27	0
c12532	27	0	0	0	0	0	0	4	46	27	45	4	-1	-1	-1	19	-1	0	0	0	0	0	7	0	35	50	45	0	40	21
c12533	27	0	0	0	0	0	0	4	-1	27	45	4	-1	0	29	19	0	0	0	0	-1	0	7	0	35	50	-1	0	40	21
c12542	0	0	-1	0	0	0	0	4	46	0	37	-1	0	0	-1	-1	9	0	24	29	-1	7	-1	-1	35	50	-1	-1	0	-1
c12559	0	0	45	19	46	36	0	4	46	39	0	-1	0	0	0	-1	-1	-1	30	29	0	-1	-1	50	35	50	0	0	0	-1
c12564	33	0	-1	0	46	47	30	4	46	39	0	4	0	27	0	0	0	1	0	0	0	9	0	0	35	50	0	46	0	-1
c12566	31	0	-1	0	5	-1	0	4	46	0	37	4	0	4	-1	46	9	0	24	0	0	7	35	0	35	50	-1	-1	0	-1
c12570	27	0	0	0	-1	0	0	4	-1	27	45	4	0	-1	29	0	-1	0	0	0	-1	0	7	0	35	-1	45	-1	40	-1
c12574	19	0	-1	0	0	0	0	4	-1	-1	37	4	0	0	-1	0	0	-1	4	9	28	0	0	-1	-1	50	0	0	50	5
c12578	0	0	0	19	0	45	28	4	46	1	37	4	0	-1	-1	27	0	0	-1	0	28	-1	0	-1	-1	-1	-1	0	35	0
c12593	0	-1	0	0	45	24	0	0	-1	0	-1	0	0	18	-1	9	19	23	-1	0	29	0	0	50	0	4	0	0	-1	0
c12595	0	42	0	0	0	-1	26	0	0	4	0	9	0	5	0	-1	19	-1	-1	0	-1	0	0	-1	0	0	-1	-1	4	-1
c12600	0	19	16	-1	0	-1	42	0	-1	4	-1	-1	0	-1	9	-1	0	0	-1	-1	0	4	0	0	0	-1	42	0	27	0
c12608	0	19	16	4	0	4	-1	9	-1	1	-1	-1	0	-1	9	-1	-1	0	0	-1	48	4	-1	0	0	0	42	-1	27	0
c12621	0	-1	16	0	0	13	0	0	-1	0	-1	-1	4	0	-1	30	0	0	0	-1	-1	0	-1	-1	37	39	42	0	27	0
c12630	0	-1	16	0	0	0	0	0	32	-1	-1	37	46	-1	0	-1	-1	0	0	-1	45	45	0	-1	0	0	42	5	-1	0
c12642	0	19	2	0	45	24	0	-1	0	0	0	0	0	-1	4	-1	19	-1	46	0	0	0	0	0	47	0	5	9	-1	0
c12644	-1	0	1	-1	-1	0	0	4	46	39	0	4	0	0	27	0	0	0	0	0	0	0	0	0	35	50	0	0	0	-1
c12655	0	-1	4	0	45	24	0	0	20	-1	0	21	-1	18	0	-1	19	42	0	7	-1	-1	25	0	-1	0	0	0	0	0
c12663	-1	19	16	0	0	4	42	-1	-1	0	-1	-1	0	7	-1	-1	0	0	-1	-1	-1	4	0	0	0	0	42	27	27	-1
c12668	0	0	-1	16	0	-1	0	4	-1	-1	37	4	0	-1	-1	0	-1	0	0	4	28	31	-1	0	-1	50	0	0	-1	5
c12678	0	24	0	0	42	0	-1	-1	46	0	0	4	0	0	45	-1	0	-1	0	-1	19	-1	0	6	35	-1	0	4	0	0
c12683	5	0	-1	0	0	-1	-1	4	46	0	0	4	0	0	0	0	0	0	0	8	43	0	0	0	35	50	-1	-1	43	0
c12685	19	4	16	5	0	35	0	0	-1	-1	-1	46	0	0	0	0	0	0	0	-1	32	-1	0	0	-1	-1	42	-1	27	0
c12688	0	16	16	19	4	35	0	-1	-1	0	-1	-1	0	19	36	0	0	0	0	-1	32	45	0	36	0	0	42	-1	27	0
c12705	0	0	16	0	4	35	0	0	39	0	-1	-1	28	-1	36	0	-1	0	0	-1	32	0	-1	0	0	0	42	9	27	0
c12710	39	1	16	26	-1	0	0	-1	23	0	-1	-1	0	0	0	0	0	-1	0	-1	-1	0	36	0	0	0	42	-1	27	0
c12711	39	1	16	26	36	0	0	5	23	0	-1	0	0	0	0	0	0	-1	0	-1	32	-1	36	0	0	0	42	0	27	0
c12716	0	19	16	-1	-1	4	42	1	-1	0	-1	-1	0	0	9	0	0	39	0	-1	0	-1	36	-1	0	0	42	-1	27	0
c12720	19	-1	0	0	0	0	40	4	46	-1	0	4	1	0	-1	0	0	0	0	44	19	0	0	0	35	50	0	5	-1	4
c12722	-1	0	0	0	-1	0	0	-1	46	1	-1	4	0	0	-1	0	0	0	-1	0	-1	0	0	-1	-1	50	0	0	0	0
c12727	0	16	0	46	0	-1	26	0	-1	-1	0	4	-1	-1	0	-1	19	-1	0	19	40	0	0	0	0	0	0	19	-1	0
c12739	0	-1	0	0	44	-1	0	-1	46	-1	37	4	0	-1	-1	46	9	0	-1	0	0	-1	0	0	-1	50	0	-1	0	0
c12740	0	4	16	0	0	35	0	-1	0	0	-1	-1	-1	0	0	0	0	0	0	-1	-1	36	0	0	0	0	42	0	27	-1
c12746	-1	19	16	24	18	39	-1	42	0	47	-1	0	4	-1	-1	0	-1	0	12	-1	0	-1	0	-1	-1	-1	-1	0	27	7
c12800	0	0	0	0	45	24	0	0	-1	0	0	0	-1	29	-1	9	19	23	0	18	10	0	0	0	47	0	5	9	0	-1
c12821	0	-1	-1	-1	46	0	-1	-1	46	39	0	4	0	0	34	-1	0	0	0	45	1	0	5	0	35	50	-1	0	-1	-1
c12846	-1	0	0	0	0	0	0	4	46	0	-1	4	-1	-1	0	0	9	0	-1	5	0	0	45	-1	35	50	0	0	-1	0
c12847	0	-1	0	0	0	0	0	-1	46	0	0	4	0	-1	0	0	9	0	-1	5	0	0	45	-1	35	-1	0	0	0	0
c12851	-1	0	-1	0	0	0	0	4	-1	0	-1	-1	0	0	-1	0	0	46	0	-1	-1	0	0	0	-1	50	25	0	0	0
c12854	0	16	-1	0	0	0	26	0	21	29	0	0	0	0	0	4	19	-1	0	19	40	0	0	-1	0	0	0	0	-1	0
c12856	7	-1	0	10	0	0	2	4	-1	0	0	4	0	0	0	0	0	-1	-1	0	0	19	0	24	35	50	-1	50	-1	0
c12857	7	0	0	10	0	0	2	-1	-1	0	0	4	0	0	0	0	0	-1	21	0	0	19	-1	24	35	50	-1	50	0	0
c12862	-1	19	16	-1	0	24	0	-1	32	0	-1	0	0	-1	0	30	0	0	0	-1	-1	4	-1	-1	37	47	42	0	27	0
c12869	0	-1	0	0	45	-1	0	5	-1	0	-1	0	0	0	46	9	19	-1	-1	0	0	0	4	0	0	37	0	24	9	0
c12899	0	-1	1	0	0	0	28	4	-1	1	37	4	0	-1	-1	27	0	0	0	0	-1	0	-1	0	-1	-1	0	4	-1	0
c12901	0	0	0	0	46	36	0	4	46	39	0	4	0	0	0	-1	-1	0	0	4	0	0	0	-1	35	-1	0	0	0	0
c12909	0	-1	-1	24	46	0	0	4	46	39	0	4	0	2	9	0	4	-1	-1	0	-1	-1	5	0	-1	50	0	0	0	0
c12915	0	0	-1	0	0	0	0	-1	-1	0	0	4	12	-1	0	1	-1	0	0	0	-1	0	19	14	35	50	0	0	0	29
c12919	-1	0	0	0	0	-1	0	4	46	27	46	-1	0	0	-1	0	0	-1	0	-1	0	-1	-1	23	35	50	45	0	0	0
c12920	-1	-1	0	0	-1	27	4	4	46	0	37	4	-1	0	0	0	31	50	0	16	0	4	0	0	35	50	0	-1	-1	0
c12936	0	-1	0	0	-1	0	0	4	46	39	0	4	0	0	0	0	0	0	0	30	-1	0	-1	-1	35	50	35	0	0	0
c12966	0	0	0	0	45	24	30	1	5	0	0	0	9	0	0	9	-1	23	0	26	-1	0	27	0	0	-1	0	0	0	0
c12967	-1	-1	0	0	45	24	30	1	5	0	0	0	9	0	0	9	-1	23	0	26	0	0	27	0	0	19	0	0	0	0
c12983	-1	0	0	0	45	24	0	0	-1	-1	0	0	0	29	4	9	19	23	0	18	-1	0	0	-1	47	0	-1	9	0	0
c12984	0	19	16	0	0	-1	42	0	-1	0	-1	-1	49	-1	9	0	0	-1	0	-1	0	4	39	0	0	-1	-1	-1	27	0
c12998	-1	19	16	19	36	4	42	0	0	0	-1	-1	49	0	9	0	0	0	0	-1	0	4	0	0	-1	0	42	0	27	0
c13001	-1	-1	0	39	45	-1	0	28	4	19	0	0	0	0	0	9	19	23	0	0	0	0	-1	0	-1	-1	-1	-1	0	36
c13004	0	0	0	19	0	0	0	4	-1	0	0	4	0	0	30	0	-1	-1	0	5	26	0	46	0	-1	50	0	0	-1	0
c13010	0	4	-1	0	-1	0	0	-1	-1	39	0	-1	0	0	-1	0	0	0	-1	47	0	0	0	0	35	-1	0	0	0	0
c13012	10	0	0	0	0	0	43	-1	46	27	0	4	0	0	29	0	-1	0	-1	0	0	0	7	-1	35	50	45	0	0	-1
c13013	-1	0	-1	0	0	0	43	4	46	27	-1	4	-1	0	29	0	0	0	-1	0	0	-1	-1	-1	35	50	45	0	0	0
c13014	0	-1	-1	0	0	35	0	0	0	0	-1	46	-1	0	0	0	-1	0	0	-1	32	0	0	45	0	20	42	0	27	0
c13020	0	24	0	0	0	0	-1	4	-1	29	45	4	36	0	47	-1	0	0	-1	0	19	0	6	0	35	50	0	11	0	0
c13038	36	24	0	0	0	45	0	-1	46	29	45	4	36	-1	47	-1	-1	-1	-1	-1	19	-1	-1	24	35	50	0	11	0	-1
c13049	0	0	-1	0	46	-1	45	4	46	-1	0	4	-1	0	0	-1	46	0	-1	0	0	0	0	50	35	50	0	0	0	0
c13052	0	0	-1	36	-1	43	0	4	46	-1	0	4	5	33	0	-1	-1	0	0	0	-1	0	45	9	35	50	-1	0	0	30
c13059	0	0	24	47	0	0	26	0	0	-1	0	0	0	0	47	4	19	0	-1	-1	0	0	30	0	0	-1	11	-1	0	0
c13062	0	-1	0	-1	0	0	0	4	-1	-1	0	4	19	0	-1	0	0	0	32	0	19	0	0	0	35	-1	46	0	0	-1
c13068	0	0	0	40	0	0	-1	-1	46	0	37	4	0	-1	-1	-1	20	0	-1	-1	28	-1	46	-1	-1	50	47	-1	2	0
c13069	0	0	0	40	0	0	0	4	46	0	37	4	-1	0	-1	9	20	0	-1	0	-1	0	46	0	-1	50	-1	-1	2	-1
c13075	0	0	0	0	16	19	0	-1	46	1	37	4	0	0	-1	-1	4	-1	0	0	28	0	-1	0	-1	50	0	0	0	0
c13077	0	0	-1	0	0	0	0	-1	46	-1	0	4	0	0	0	-1	0	0	1	19	0	0	0	-1	35	50	0	0	0	36
c13084	0	0	0	19	0	0	0	4	-1	-1	0	4	0	31	30	0	-1	-1	0	0	-1	-1	50	0	35	50	0	-1	0	0
c13102	-1	0	-1	0	45	24	-1	0	-1	0	0	-1	36	0	0	9	19	23	0	0	0	0	0	-1	47	19	35	10	0	-1
c13128	0	0	0	0	0	-1	-1	4	46	1	37	4	0	29	-1	0	0	0	-1	0	-1	0	0	0	-1	50	0	0	0	0
c13129	0	0	0	0	0	-1	0	4	46	1	37	-1	0	29	-1	0	29	-1	0	0	28	-1	0	0	-1	50	-1	0	0	0
c13144	0	24	0	0	30	0	-1	4	46	0	-1	4	0	0	-1	0	-1	0	0	0	19	0	0	-1	35	50	-1	5	0	0
c13154	-1	0	0	0	0	-1	0	-1	46	0	0	4	0	-1	-1	-1	0	0	0	0	19	-1	-1	0	35	50	-1	0	0	34
c13167	0	19	16	-1	0	-1	-1	0	-1	0	-1	-1	0	0	9	0	-1	-1	-1	-1	4	4	0	-1	0	10	42	0	27	0
c13176	25	-1	16	0	0	37	0	0	32	-1	-1	1	-1	-1	0	-1	0	-1	0	-1	45	-1	-1	-1	0	0	42	5	27	-1
c13178	-1	19	16	-1	0	-1	42	-1	0	0	-1	-1	49	0	9	0	0	45	0	-1	-1	4	0	-1	0	-1	42	0	27	0
c13179	-1	-1	16	-1	0	4	42	0	-1	0	-1	-1	49	0	9	0	0	45	0	-1	-1	4	0	-1	0	0	42	0	27	0
c13186	0	0	-1	19	0	0	0	4	-1	0	-1	4	0	-1	30	0	0	-1	3	0	0	-1	0	0	35	50	0	0	0	0
c13187	0	0	0	-1	0	-1	0	4	-1	-1	-1	4	0	0	30	0	0	-1	-1	0	0	-1	0	0	35	50	0	-1	0	0
c13190	0	1	-1	26	0	0	16	0	21	0	-1	0	-1	-1	0	0	0	-1	-1	-1	32	0	36	0	0	27	42	0	27	0
c13195	0	30	0	0	45	24	-1	-1	0	0	-1	0	4	0	0	9	-1	23	0	0	0	0	0	-1	-1	0	0	0	0	0
c13221	0	0	4	0	-1	0	-1	28	4	29	45	0	0	4	0	4	19	-1	-1	0	40	-1	-1	0	0	0	32	0	0	0
c13228	0	-1	0	0	-1	0	9	-1	-1	-1	-1	4	-1	0	0	25	0	0	0	4	29	0	0	0	35	50	5	0	0	0
c13231	0	-1	0	0	39	0	0	4	-1	0	0	4	-1	0	0	-1	0	0	0	-1	43	-1	-1	0	35	50	0	0	0	0
c13239	-1	0	0	0	46	36	0	4	-1	39	0	4	0	0	0	0	46	0	0	0	16	0	-1	0	35	50	0	0	0	-1
c13241	0	19	16	0	0	4	42	0	50	0	-1	-1	49	0	9	0	-1	0	0	-1	22	4	0	0	0	-1	42	0	27	0
c13248	0	-1	9	0	0	0	0	-1	46	0	0	4	19	0	-1	-1	0	0	0	0	19	0	0	0	35	50	-1	0	0	-1
c13249	0	24	9	0	0	-1	0	4	-1	0	0	4	19	-1	-1	-1	0	0	0	0	19	0	-1	-1	-1	50	46	0	0	0
c13258	46	4	-1	0	-1	-1	-1	-1	0	17	0	-1	0	29	4	9	19	23	0	0	-1	0	0	-1	47	0	0	9	0	-1
c13263	0	0	0	-1	29	-1	16	4	46	-1	-1	4	0	0	29	0	-1	0	0	0	0	0	0	0	-1	50	45	0	-1	34
c13283	0	0	-1	-1	0	0	0	4	46	0	37	4	0	0	-1	46	9	0	-1	-1	-1	7	0	0	35	50	24	-1	0	0
c13293	19	-1	-1	27	0	35	0	0	-1	45	-1	46	0	-1	0	0	0	-1	0	-1	32	0	9	0	0	0	42	0	27	0
c13300	43	-1	-1	36	0	0	4	-1	46	0	37	4	-1	0	0	-1	19	-1	0	0	18	0	0	0	35	50	4	0	0	-1
c13305	-1	-1	0	0	45	-1	0	0	0	0	-1	0	0	-1	0	9	19	23	36	0	-1	0	0	0	47	0	35	47	0	0
c13310	28	-1	0	0	-1	0	29	-1	-1	0	0	4	0	-1	0	-1	0	0	0	0	19	0	46	0	35	50	0	45	0	0
c13329	-1	0	0	0	0	0	0	4	-1	0	0	4	12	0	4	-1	19	-1	0	0	0	0	0	-1	35	-1	0	-1	0	0
c13333	0	9	9	0	0	-1	-1	0	0	-1	0	0	-1	-1	-1	4	19	0	9	0	-1	44	21	0	-1	0	0	0	28	0
c13349	0	19	-1	24	18	39	-1	42	0	47	-1	-1	4	0	9	-1	-1	0	12	-1	0	4	0	-1	9	16	42	0	27	7
c13353	-1	-1	-1	0	-1	0	0	4	46	39	0	-1	0	0	27	-1	0	0	0	0	0	50	0	0	35	50	0	0	0	0
c13368	0	19	-1	0	-1	4	42	-1	-1	0	-1	-1	0	0	-1	-1	0	0	-1	-1	39	4	0	0	0	0	-1	-1	-1	-1
c13369	0	-1	16	0	-1	-1	42	0	-1	0	-1	-1	0	0	-1	0	0	-1	0	-1	39	4	0	0	0	0	42	-1	-1	0
c13382	-1	19	16	24	18	39	-1	42	0	47	-1	0	4	0	9	-1	-1	-1	12	-1	0	4	0	-1	9	16	-1	0	-1	7
c13383	0	19	-1	24	18	39	-1	42	0	47	-1	0	4	0	-1	0	-1	0	-1	-1	0	4	0	-1	9	16	42	0	27	7
c13386	27	0	-1	0	0	0	0	4	46	27	45	-1	0	0	29	0	16	24	0	30	0	27	-1	0	35	50	-1	0	0	45
c13387	27	0	0	0	0	0	0	4	46	27	45	-1	0	0	29	0	16	-1	0	30	0	-1	7	0	35	50	45	0	0	45
c13393	0	19	16	-1	18	39	-1	42	0	47	-1	0	4	0	9	0	-1	0	12	-1	0	4	-1	-1	-1	16	42	0	27	7
c13401	19	-1	0	0	0	0	0	4	-1	1	37	4	0	0	-1	0	0	0	0	9	28	0	-1	0	-1	50	4	0	-1	0
c13402	33	0	-1	0	46	0	-1	4	46	39	0	4	-1	27	0	0	0	1	0	-1	0	9	0	0	35	50	0	46	-1	-1
c13410	0	24	0	0	0	0	0	-1	46	0	0	4	0	0	-1	0	0	0	-1	45	19	0	0	-1	35	50	-1	0	0	-1
c13420	0	12	-1	0	-1	-1	0	4	46	0	0	-1	0	0	-1	0	-1	0	0	0	0	-1	0	0	35	-1	-1	0	0	0
c13423	0	35	0	-1	0	47	4	4	46	0	37	4	-1	0	0	47	-1	0	0	0	0	-1	0	-1	-1	-1	0	0	0	45
c13424	0	24	-1	0	0	-1	0	-1	46	3	0	4	0	0	-1	0	0	-1	41	0	19	32	-1	0	35	50	0	0	0	0
c13435	0	0	5	0	-1	16	0	4	46	0	0	4	0	0	28	0	-1	-1	-1	-1	0	0	-1	-1	35	50	0	0	0	0
c13440	0	-1	-1	45	0	-1	42	33	-1	0	-1	-1	33	0	9	0	0	0	-1	-1	21	-1	-1	19	-1	0	42	0	27	0
c13445	19	19	-1	0	10	4	-1	4	0	0	-1	-1	49	0	9	0	0	24	0	-1	46	4	0	0	0	-1	42	-1	-1	0
c13454	-1	0	0	0	0	0	0	4	-1	27	45	4	0	0	29	0	0	0	0	0	0	0	7	0	-1	50	45	0	-1	0
c13455	-1	-1	-1	-1	0	0	0	4	46	27	45	4	0	0	29	0	0	0	0	0	0	-1	7	-1	-1	50	45	0	40	0
c13463	-1	0	-1	0	0	0	28	4	-1	0	0	4	0	-1	0	0	-1	46	-1	0	0	0	0	-1	35	-1	0	0	0	0
c13487	-1	0	-1	0	46	36	0	4	46	39	0	4	-1	0	0	0	46	21	-1	0	0	0	0	0	35	50	0	0	0	0
c13490	4	0	0	0	-1	0	26	-1	30	-1	-1	0	0	-1	0	-1	19	-1	0	0	-1	-1	0	0	0	-1	2	0	4	0
c13491	4	-1	0	0	-1	0	26	-1	30	29	-1	0	0	0	0	4	19	-1	0	0	40	24	0	0	0	-1	2	-1	4	0
c13510	0	0	-1	0	45	-1	0	0	20	9	0	-1	-1	18	0	7	19	42	0	0	0	29	-1	0	4	0	-1	0	0	0
c13516	-1	-1	36	0	-1	0	0	4	46	39	24	4	0	-1	0	27	0	0	0	0	29	29	0	0	-1	50	0	29	-1	-1
c13521	-1	0	24	0	0	0	26	30	-1	28	0	0	-1	0	0	4	19	0	0	0	-1	0	0	0	27	0	0	0	20	0
c13525	-1	-1	0	-1	0	5	-1	-1	-1	0	45	-1	0	0	-1	-1	0	0	0	0	19	0	0	46	-1	50	0	-1	0	0
c13537	0	0	-1	0	-1	-1	0	4	46	3	0	4	0	0	0	25	0	0	0	-1	0	0	0	12	35	50	0	37	19	49
c13545	0	0	-1	29	-1	0	0	4	46	5	0	4	0	-1	0	25	0	0	0	0	0	-1	0	-1	35	-1	0	0	-1	-1
c13562	0	-1	0	0	0	-1	0	4	46	-1	0	4	0	-1	0	0	0	0	30	5	0	0	-1	-1	35	50	0	0	0	0
c13564	0	0	4	0	0	0	0	4	46	36	0	4	0	0	0	-1	0	42	-1	19	0	0	0	0	35	-1	0	0	0	0
c13566	0	0	0	0	45	-1	0	42	-1	-1	0	-1	24	0	-1	9	19	23	0	0	32	-1	24	0	-1	0	35	10	0	0
c13584	0	24	0	0	0	0	0	-1	46	3	0	4	0	-1	-1	0	0	0	0	0	19	0	-1	-1	-1	50	0	-1	0	0
c13590	-1	24	0	0	0	0	-1	4	-1	0	0	4	0	0	0	46	-1	37	19	0	-1	-1	0	0	35	50	0	0	0	-1
c13591	0	24	0	0	0	0	0	4	46	0	0	4	0	0	0	46	-1	37	19	0	19	-1	0	0	35	-1	0	0	0	0
c13596	0	42	0	28	0	0	26	-1	0	0	0	-1	0	28	0	4	19	-1	0	-1	0	-1	0	0	0	4	0	47	46	0
