	0	1	2	3	4	5	6	7	8	9	10	11	12	13	14	15	16	17	18	19	20	21	22	23	24	25	26	27	28	29
c1607	4	0	43	-1	0	0	-1	0	0	6	-1	0	12	-1	34	6	0	4	0	0	0	15	4	0	-1	33	0	0	0	-1
c1737	-1	0	-1	12	0	0	-1	4	43	0	0	3	12	28	0	6	12	4	-1	0	-1	49	-1	0	15	0	0	49	0	-1
c1781	0	-1	-1	-1	23	7	0	0	-1	18	0	0	-1	0	-1	0	0	0	-1	0	-1	0	0	45	-1	0	0	0	0	0
c1870	0	0	0	16	33	47	0	0	0	0	0	0	12	15	-1	0	0	0	0	0	47	-1	0	-1	15	42	0	0	0	0
c2014	0	0	0	-1	49	0	-1	0	30	0	0	0	0	-1	0	0	0	49	-1	0	-1	50	-1	45	0	0	0	0	0	-1
c2540	0	7	0	12	-1	0	0	0	-1	6	-1	-1	12	-1	11	6	0	4	0	-1	0	0	4	-1	-1	0	0	0	43	0
c2869	-1	0	-1	0	37	0	0	0	0	0	-1	16	12	0	18	6	0	0	-1	0	0	0	4	0	15	14	-1	0	0	0
c2880	-1	0	-1	-1	26	0	-1	23	0	-1	-1	0	12	0	0	6	0	-1	0	0	-1	50	4	0	-1	0	0	0	0	0
c2952	-1	0	18	9	0	47	0	0	-1	30	-1	0	12	0	-1	-1	0	39	0	-1	47	6	-1	0	15	39	0	-1	-1	0
c3496	0	6	0	16	33	47	-1	-1	0	0	0	-1	12	15	-1	45	0	23	0	0	-1	-1	-1	0	15	33	0	-1	-1	0
c3497	0	6	0	16	-1	-1	0	-1	0	0	-1	0	12	-1	-1	23	-1	23	0	-1	47	-1	0	0	15	-1	-1	0	-1	-1
c3619	-1	0	14	6	47	15	0	0	13	50	18	23	12	43	0	6	-1	4	-1	47	0	0	4	-1	15	0	-1	0	-1	0
c3621	0	42	-1	9	0	-1	0	0	-1	-1	0	-1	12	0	-1	0	22	39	0	0	47	-1	0	12	15	0	-1	12	-1	-1
c3653	0	-1	0	0	7	0	0	-1	0	-1	0	0	47	18	-1	45	0	14	-1	0	0	17	-1	45	0	0	49	41	-1	-1
c3764	45	36	0	-1	-1	0	0	0	0	6	0	35	12	38	0	6	0	-1	0	0	0	0	-1	0	-1	0	47	0	0	0
c3795	0	0	-1	0	0	0	-1	-1	-1	0	0	0	0	-1	12	45	-1	-1	-1	0	0	0	0	45	49	-1	-1	-1	-1	28
c3859	0	0	0	0	0	-1	0	0	-1	6	0	0	12	-1	-1	-1	39	4	0	0	50	0	4	49	15	49	0	0	0	15
c3978	0	0	0	0	0	0	0	19	14	12	-1	0	0	47	1	0	0	33	-1	6	0	0	0	45	-1	12	0	0	0	0
c4343	0	0	0	0	0	0	13	-1	0	0	0	0	0	18	25	45	0	0	-1	0	0	0	0	45	0	22	49	0	-1	0
c4345	-1	0	-1	-1	0	0	0	47	-1	0	0	32	12	0	0	6	0	0	-1	0	45	12	4	0	15	-1	-1	0	-1	0
c4394	0	0	0	-1	-1	0	0	0	0	6	50	0	-1	-1	0	6	-1	4	-1	0	0	-1	4	49	-1	0	0	0	-1	0
c4443	-1	0	-1	0	0	0	-1	0	0	0	-1	0	12	0	-1	6	0	0	-1	0	0	0	4	0	15	0	25	-1	30	0
c4532	0	8	0	18	12	0	0	4	0	12	-1	50	12	0	2	18	-1	47	12	-1	-1	0	4	0	15	-1	0	-1	0	0
c4553	-1	-1	-1	0	-1	0	0	0	0	0	0	0	-1	0	-1	-1	0	0	0	0	-1	0	4	0	15	0	-1	0	0	0
c4608	0	7	0	-1	0	16	0	-1	-1	0	0	0	0	49	0	0	0	0	-1	-1	0	0	0	-1	0	23	45	0	0	-1
c4655	0	7	-1	-1	-1	-1	-1	-1	12	4	33	14	0	0	0	0	0	4	-1	0	0	0	0	-1	0	-1	0	0	0	7
c4851	0	0	-1	-1	30	-1	-1	0	0	-1	-1	12	-1	0	-1	23	0	18	23	15	47	-1	-1	39	15	0	0	0	0	0
c4858	0	-1	45	0	0	7	0	-1	-1	-1	0	0	0	0	-1	45	12	0	-1	-1	0	-1	0	-1	0	17	0	0	-1	0
c4926	14	25	-1	-1	0	1	0	0	0	0	-1	0	12	-1	0	-1	0	-1	0	39	-1	45	4	-1	15	0	0	0	-1	0
c4927	14	-1	0	0	0	1	0	0	0	0	11	0	-1	-1	0	6	0	0	0	39	0	45	4	-1	15	0	43	0	0	0
c4973	0	0	0	0	0	0	0	19	-1	12	0	0	47	-1	-1	0	-1	0	-1	50	0	0	0	45	0	0	-1	-1	0	0
c5025	-1	-1	0	23	-1	21	0	19	14	12	0	0	0	-1	0	0	0	0	-1	0	0	0	0	45	-1	-1	0	12	0	0
c5147	0	0	0	6	47	18	0	0	0	-1	0	23	12	0	0	6	0	4	0	2	-1	0	4	0	15	-1	-1	0	0	0
c5194	0	25	-1	16	33	47	0	0	0	0	41	-1	-1	0	-1	0	16	0	35	14	47	0	0	0	-1	0	6	41	0	0
c5214	-1	-1	-1	-1	0	0	0	0	0	0	0	-1	-1	0	0	6	0	0	0	0	0	4	4	0	15	0	0	0	14	0
c5256	0	0	49	17	-1	0	0	0	0	0	49	36	0	0	-1	0	0	0	-1	0	-1	28	0	45	0	-1	-1	14	0	-1
c5326	-1	14	0	0	49	-1	0	19	14	12	13	0	0	47	0	0	0	47	-1	0	50	12	-1	45	-1	23	-1	0	-1	-1
c5506	-1	0	-1	-1	0	0	0	0	33	6	0	0	-1	38	0	6	-1	4	0	0	-1	0	4	0	-1	0	0	-1	0	-1
c5617	0	12	0	16	33	47	0	0	23	28	0	39	12	-1	-1	0	0	-1	0	-1	47	0	0	0	15	0	-1	15	-1	0
c5627	39	0	0	9	45	-1	0	-1	22	-1	-1	-1	12	0	-1	0	0	-1	0	-1	47	-1	0	-1	15	0	0	-1	-1	0
c5675	0	0	0	9	0	47	0	44	22	30	0	0	12	50	-1	14	0	-1	0	0	47	22	45	12	15	0	-1	12	-1	0
c5815	0	7	-1	-1	0	49	0	-1	-1	0	0	16	13	49	-1	-1	0	12	-1	0	0	-1	-1	45	0	23	45	49	0	0
c5881	-1	0	47	0	25	0	-1	0	0	-1	0	-1	12	38	49	6	0	4	0	-1	0	0	4	-1	-1	0	-1	-1	0	0
c5992	0	-1	-1	-1	-1	-1	0	-1	50	0	-1	0	-1	-1	-1	13	-1	18	0	15	47	-1	0	0	-1	4	0	0	0	0
c5997	13	-1	0	3	0	0	33	0	0	6	-1	-1	-1	38	0	-1	0	4	0	0	-1	12	-1	0	15	0	0	0	0	0
c6057	0	0	15	-1	0	-1	44	-1	0	0	-1	0	28	0	12	45	12	0	-1	0	23	-1	23	45	0	17	0	25	-1	21
c6070	-1	0	0	0	0	0	0	0	0	6	-1	0	-1	-1	0	6	-1	4	0	-1	-1	0	4	0	15	0	0	0	0	-1
c6071	0	18	0	0	-1	-1	0	0	0	6	0	0	12	38	0	6	-1	-1	0	0	-1	0	4	-1	15	0	0	0	0	-1
c6096	0	8	-1	-1	0	0	0	0	-1	0	49	0	12	50	-1	0	0	50	37	0	18	0	4	0	15	0	0	0	0	0
c6121	0	0	0	-1	0	-1	0	0	0	6	-1	0	12	38	0	6	0	4	0	0	-1	46	-1	0	-1	0	0	0	0	0
c6155	0	0	0	0	0	0	0	0	-1	-1	0	14	-1	18	25	45	0	0	-1	45	0	0	0	45	0	-1	-1	0	-1	0
c6158	0	13	-1	-1	-1	-1	0	-1	-1	0	-1	0	-1	14	-1	13	0	18	0	15	47	-1	0	0	15	4	7	-1	0	0
c6194	0	8	0	0	0	39	-1	14	0	0	0	50	12	0	0	0	50	-1	28	0	15	50	4	0	15	0	0	0	0	0
c6277	0	0	-1	0	0	15	-1	-1	-1	-1	-1	-1	12	0	25	-1	0	0	0	-1	-1	0	4	0	-1	-1	0	0	0	0
c6380	0	-1	-1	0	-1	0	0	-1	0	0	0	0	-1	-1	12	45	-1	12	-1	0	25	23	0	45	49	17	0	50	-1	28
c6401	0	0	0	49	0	0	0	0	0	6	0	-1	12	38	-1	6	0	4	0	50	-1	-1	4	49	15	0	0	0	0	-1
c6411	0	0	-1	-1	0	0	-1	0	-1	6	0	0	12	38	-1	6	0	4	0	0	0	0	4	0	15	0	38	-1	0	0
c6501	0	0	-1	12	49	9	0	0	-1	0	47	-1	-1	-1	33	18	-1	-1	0	47	-1	0	0	23	0	23	0	0	0	-1
c6609	-1	8	0	0	0	0	-1	14	0	0	0	50	12	0	0	-1	0	-1	0	0	15	0	4	0	15	0	0	0	0	0
c6627	0	7	23	0	49	0	42	0	0	6	45	-1	12	-1	0	-1	0	4	-1	0	0	0	4	0	-1	0	31	0	0	15
c6656	0	0	-1	-1	0	0	-1	41	0	6	0	0	12	-1	0	6	-1	4	0	0	0	0	-1	0	-1	0	0	0	23	0
c6657	0	0	0	0	0	0	0	41	0	6	0	45	12	38	0	6	0	4	-1	0	0	0	4	-1	-1	0	0	-1	23	0
c6665	0	0	0	0	0	0	0	0	0	0	0	0	0	18	25	-1	0	0	-1	-1	41	0	0	-1	0	-1	49	0	-1	0
c6704	-1	30	45	9	0	47	0	0	22	30	-1	0	12	0	-1	-1	0	0	-1	0	-1	0	0	0	15	0	12	-1	-1	22
c6808	0	0	0	0	25	0	7	0	0	6	0	0	-1	38	0	6	0	4	-1	0	0	0	-1	0	-1	0	0	0	20	0
c6847	0	-1	0	0	0	0	0	0	0	6	-1	0	12	38	0	6	0	4	0	0	0	46	4	-1	-1	0	0	0	-1	0
c6894	4	0	0	16	33	47	14	0	0	-1	0	0	12	-1	-1	23	13	39	0	0	47	0	0	-1	15	49	-1	0	0	-1
c6901	0	-1	0	0	0	0	0	12	-1	6	0	0	12	38	0	-1	0	4	0	0	-1	-1	4	0	15	0	0	12	30	0
c7032	0	0	-1	0	12	13	0	-1	-1	0	0	0	0	0	12	45	-1	12	-1	0	25	23	0	45	49	17	0	50	-1	28
c7038	0	44	-1	0	0	0	0	0	0	47	0	0	-1	-1	0	23	-1	6	25	47	-1	0	0	23	0	0	0	0	-1	0
c7104	-1	0	0	0	-1	42	0	-1	0	6	0	0	-1	38	0	-1	-1	-1	-1	0	0	0	4	49	15	0	0	0	0	0
c7154	-1	0	0	0	0	0	-1	2	0	6	0	0	12	38	0	6	4	4	0	-1	0	0	4	0	15	-1	0	0	35	-1
c7173	0	-1	-1	0	0	0	0	0	-1	-1	26	0	-1	0	-1	0	-1	6	-1	47	0	50	0	0	0	0	-1	0	0	6
c7221	0	-1	0	0	-1	0	-1	0	0	23	0	0	12	12	0	6	0	0	0	0	-1	45	4	-1	15	-1	3	-1	0	0
c7252	9	7	0	-1	2	0	0	0	12	0	0	14	12	0	38	-1	0	0	-1	0	-1	0	-1	45	0	-1	-1	0	0	0
c7323	0	-1	50	32	2	31	0	0	12	0	0	-1	0	-1	-1	0	-1	0	-1	39	0	-1	0	45	0	-1	0	0	0	7
c7327	0	0	0	0	0	0	-1	19	14	12	-1	0	33	47	0	0	0	-1	-1	0	-1	-1	0	45	14	0	0	0	13	0
c7468	0	33	6	2	0	0	0	0	0	-1	0	0	12	38	0	6	0	4	0	0	-1	3	4	0	-1	0	0	45	0	-1
c7504	0	14	0	0	-1	14	0	0	0	6	-1	0	12	38	0	6	-1	4	0	0	-1	0	4	0	-1	0	0	-1	-1	-1
c7516	0	7	50	0	0	-1	0	-1	14	0	0	0	13	49	0	7	0	12	-1	-1	0	-1	0	45	0	23	45	49	0	0
c7522	0	7	-1	12	0	0	47	0	-1	6	45	33	12	-1	11	6	0	4	0	0	-1	12	4	0	15	0	0	0	0	30
c7619	2	0	0	0	0	15	0	-1	0	0	0	0	0	0	12	45	12	0	-1	0	28	0	0	-1	-1	17	0	0	-1	0
c7662	0	9	41	18	0	0	0	19	-1	12	0	33	-1	-1	20	0	-1	-1	-1	0	0	0	17	45	0	0	0	0	-1	0
c7682	0	9	41	18	0	-1	0	-1	14	12	0	-1	-1	0	20	0	-1	0	-1	0	16	0	17	45	-1	-1	0	0	0	0
c7712	0	8	22	18	-1	0	0	0	0	25	50	0	12	0	0	-1	-1	0	12	33	19	18	-1	12	15	0	0	-1	0	0
c7780	0	0	0	0	0	0	0	-1	0	-1	-1	0	12	38	0	6	0	4	12	-1	-1	46	4	0	-1	0	-1	0	23	0
c7841	-1	8	-1	0	0	-1	21	14	0	-1	0	50	12	29	0	0	-1	18	-1	0	0	-1	4	-1	15	0	-1	0	0	0
c7858	-1	0	-1	0	0	0	-1	0	0	0	0	0	12	-1	-1	-1	0	0	-1	0	0	0	4	0	15	-1	0	0	0	0
c7882	14	0	0	0	0	0	0	-1	-1	6	-1	0	12	38	0	-1	0	4	-1	0	-1	0	4	-1	15	0	13	12	0	45
c7896	0	0	0	18	0	33	-1	19	14	12	0	0	47	47	1	0	0	0	-1	0	0	0	0	45	-1	0	0	-1	13	0
c7900	42	-1	0	0	0	0	0	0	0	0	-1	0	0	-1	-1	0	0	49	-1	-1	-1	0	13	-1	0	0	0	-1	-1	0
c7932	2	12	0	16	33	47	0	0	0	-1	13	-1	12	0	-1	-1	-1	0	-1	-1	-1	-1	0	0	15	0	14	-1	0	-1
c7966	-1	7	-1	0	0	0	0	0	-1	0	17	-1	12	18	0	6	0	0	-1	0	18	0	4	0	-1	0	0	0	-1	4
c7992	-1	0	-1	0	-1	47	0	0	0	33	0	0	12	13	0	6	0	42	0	-1	0	0	4	-1	15	0	0	3	0	0
c8131	0	0	0	0	0	0	0	-1	0	0	6	0	-1	0	0	0	0	49	-1	0	-1	0	-1	45	-1	0	0	0	0	0
c8174	0	-1	0	0	32	0	32	0	0	15	47	-1	-1	18	25	45	14	14	-1	-1	0	-1	0	45	0	0	49	-1	-1	49
c8180	-1	-1	-1	-1	2	0	0	-1	0	0	0	0	-1	-1	12	-1	-1	-1	-1	0	0	0	-1	45	0	23	-1	-1	-1	-1
c8191	14	25	0	50	0	0	21	0	4	0	11	-1	12	-1	15	6	-1	0	0	39	-1	45	4	-1	15	0	0	-1	0	49
c8243	17	23	22	0	0	-1	0	0	0	45	0	5	12	-1	0	6	0	0	0	0	18	-1	4	0	15	0	0	22	0	-1
c8277	0	0	-1	-1	0	0	0	-1	18	-1	0	0	0	0	12	45	12	12	-1	0	25	0	0	45	49	17	0	-1	-1	28
c8354	0	0	-1	9	43	47	-1	0	-1	-1	0	0	-1	-1	-1	0	0	39	0	0	47	22	0	12	15	0	-1	12	-1	0
c8376	0	7	50	0	0	49	0	-1	-1	0	0	-1	39	49	-1	0	0	-1	-1	0	0	0	-1	45	0	23	45	49	0	-1
c8409	-1	7	0	0	2	0	0	0	0	0	0	0	0	41	41	42	0	-1	-1	0	0	14	0	45	-1	0	45	18	-1	0
c8480	0	-1	-1	-1	-1	-1	-1	32	0	0	0	0	0	-1	12	-1	0	0	-1	0	0	0	0	45	50	23	0	0	0	-1
c8546	0	0	0	6	-1	-1	0	0	47	50	18	23	12	0	0	6	0	4	-1	0	0	-1	-1	0	15	0	-1	0	0	0
c8568	0	-1	-1	0	0	0	-1	-1	0	0	-1	-1	16	0	12	-1	12	-1	-1	0	-1	-1	25	45	0	17	0	0	-1	-1
c8607	0	0	0	0	0	0	0	0	0	6	-1	35	-1	38	0	6	13	4	0	0	0	-1	4	0	15	23	0	-1	0	0
c8619	0	0	0	0	0	0	23	0	-1	-1	0	-1	12	-1	0	6	0	4	0	0	0	0	-1	0	15	39	0	-1	0	0
c8659	-1	-1	0	-1	45	49	0	0	0	13	0	-1	12	45	-1	6	0	0	0	39	-1	0	-1	0	-1	0	0	0	0	0
c8677	7	0	0	0	-1	0	0	0	0	-1	0	0	0	0	0	0	0	0	-1	37	0	0	0	45	-1	0	0	-1	0	20
c8694	0	0	43	0	-1	0	-1	28	41	0	-1	0	12	14	0	6	0	4	0	0	0	0	4	16	15	0	0	39	-1	0
c8751	0	0	2	-1	0	0	0	19	-1	12	0	0	-1	47	0	-1	0	0	-1	0	-1	0	0	45	14	0	0	0	13	0
c8763	7	7	0	45	-1	0	-1	-1	12	14	45	30	0	0	0	0	0	0	-1	4	0	0	0	45	0	-1	0	0	25	-1
c8767	0	-1	0	12	0	0	-1	22	50	42	-1	0	17	0	18	42	0	49	-1	23	-1	0	0	45	0	0	0	0	-1	0
c8781	0	-1	0	0	0	0	-1	14	0	0	0	50	12	0	0	-1	0	0	0	0	15	0	4	0	15	0	-1	0	0	0
c8813	0	0	0	0	0	0	0	-1	14	12	0	0	33	47	0	0	0	0	-1	23	-1	0	-1	45	0	0	-1	0	13	-1
c8832	50	0	-1	0	0	0	0	0	0	0	0	0	0	-1	0	-1	0	49	-1	0	-1	0	0	45	0	0	0	0	0	0
c8833	50	0	-1	0	0	0	-1	-1	0	0	0	-1	0	-1	0	47	0	49	-1	0	-1	50	-1	45	0	0	0	23	-1	0
c8860	-1	30	45	9	-1	-1	-1	-1	22	30	0	-1	12	0	-1	-1	0	0	-1	0	-1	-1	0	0	-1	0	12	-1	-1	0
c8898	20	0	0	-1	0	47	0	0	0	6	50	0	12	38	0	6	0	-1	38	0	0	-1	4	49	15	0	0	0	0	0
c8952	0	0	0	0	0	0	0	0	4	-1	0	-1	12	38	0	6	-1	4	0	0	47	0	-1	0	15	4	-1	-1	14	0
c8986	0	0	47	45	-1	0	0	19	14	-1	49	0	0	47	0	13	1	-1	-1	0	0	0	0	45	0	-1	0	0	13	0
c9033	0	0	0	0	0	34	0	-1	0	-1	0	0	0	0	12	45	-1	0	-1	33	-1	0	0	-1	-1	17	0	-1	-1	21
c9035	0	0	0	13	-1	0	-1	0	0	0	6	0	0	6	0	0	-1	-1	-1	0	-1	0	0	45	-1	35	0	0	0	0
c9069	0	12	0	-1	33	47	0	0	0	-1	0	0	12	0	-1	0	0	0	0	0	47	17	0	0	-1	0	-1	8	-1	0
c9077	-1	0	-1	0	-1	0	0	-1	14	12	0	0	47	0	0	0	-1	0	-1	0	0	0	-1	45	0	-1	-1	50	45	-1
c9220	0	0	-1	0	0	0	0	-1	0	0	0	23	0	0	-1	45	12	0	-1	0	0	0	0	45	0	17	0	0	-1	21
c9224	0	0	-1	0	47	-1	-1	0	-1	12	41	0	12	14	0	6	0	4	0	0	0	50	4	0	15	-1	0	39	-1	0
c9235	0	-1	0	6	47	15	0	-1	0	50	-1	23	-1	0	0	-1	0	-1	-1	-1	0	0	4	0	15	0	-1	0	0	50
c9260	0	-1	0	6	47	15	0	0	0	-1	-1	23	12	0	-1	-1	0	4	0	-1	0	-1	4	0	15	0	-1	0	0	50
c9280	-1	-1	17	-1	43	47	-1	0	22	30	0	0	12	45	-1	0	0	39	0	0	47	22	0	12	15	0	-1	12	-1	0
c9297	-1	0	-1	0	-1	47	0	-1	47	0	0	0	12	-1	-1	0	42	-1	10	-1	-1	0	7	0	15	45	0	16	-1	0
c9322	0	7	0	-1	2	13	0	0	12	4	18	14	0	0	0	0	0	-1	-1	0	0	0	0	45	14	0	0	0	0	-1
c9384	0	0	-1	0	0	-1	-1	0	0	-1	-1	0	-1	23	-1	-1	0	18	-1	15	47	-1	-1	39	-1	0	0	0	0	0
c9395	-1	7	50	0	2	31	0	0	12	0	0	0	0	-1	0	0	0	0	-1	39	0	-1	0	45	22	-1	0	0	0	7
c9397	-1	0	0	0	0	15	0	-1	0	0	0	-1	49	-1	12	-1	-1	0	-1	0	-1	-1	0	-1	0	-1	0	0	-1	-1
c9426	0	7	0	0	-1	0	0	0	0	6	0	0	12	-1	0	6	0	4	0	0	0	-1	4	28	15	49	0	0	0	0
c9437	0	0	0	6	47	15	14	0	-1	-1	-1	23	-1	0	0	6	-1	4	0	0	0	0	4	0	15	0	-1	-1	0	0
c9449	-1	-1	0	0	0	0	14	-1	0	0	0	0	-1	0	-1	-1	0	-1	-1	50	-1	0	0	45	0	0	-1	0	0	0
c9475	0	-1	-1	0	0	0	0	0	0	6	-1	0	12	38	0	6	0	4	0	0	0	50	4	49	15	-1	0	0	0	0
c9486	0	-1	0	0	0	0	0	0	0	-1	17	18	-1	0	0	6	0	0	-1	0	18	0	4	0	-1	-1	0	0	-1	4
c9492	0	-1	-1	33	0	0	0	23	0	-1	0	0	-1	-1	-1	0	50	6	0	-1	0	0	0	0	0	-1	0	0	0	0
c9509	0	-1	49	0	0	0	0	0	0	0	-1	36	-1	0	0	0	0	0	-1	0	41	-1	0	45	0	45	4	-1	0	0
c9532	0	0	-1	0	0	0	23	0	0	6	0	13	12	38	0	6	0	4	0	0	0	0	-1	0	15	-1	0	0	0	0
c9580	13	-1	23	-1	0	0	-1	0	0	-1	50	42	12	0	0	18	0	0	12	0	0	0	4	0	15	14	0	0	0	-1
c9693	0	12	-1	-1	33	47	0	0	0	28	11	0	12	0	-1	-1	0	-1	0	30	47	42	0	0	15	0	0	0	-1	0
c9714	0	23	-1	0	0	24	-1	9	-1	-1	0	0	0	0	-1	0	23	-1	-1	-1	-1	-1	30	-1	0	0	0	0	0	0
c9718	0	0	0	6	47	15	-1	0	0	50	18	23	12	0	0	-1	0	4	0	0	0	0	-1	0	-1	0	-1	0	0	-1
c9719	0	0	0	6	47	15	38	-1	-1	50	18	23	12	0	0	-1	0	4	0	0	0	0	4	0	15	23	-1	0	0	0
c9764	0	7	50	-1	-1	31	0	0	12	-1	0	0	0	-1	0	0	0	0	-1	39	0	0	0	-1	0	50	0	0	0	7
c9775	0	0	0	-1	33	47	0	0	33	0	0	0	-1	-1	-1	-1	0	-1	0	0	47	-1	-1	-1	15	0	0	0	-1	0
c9787	0	25	0	-1	33	47	-1	0	0	-1	41	0	12	0	-1	0	16	0	35	14	-1	42	0	-1	15	0	0	41	-1	12
c9811	-1	42	-1	0	0	0	-1	-1	43	0	-1	0	0	-1	12	45	-1	19	-1	0	0	-1	14	45	-1	17	0	26	-1	21
c9818	0	0	0	15	-1	45	-1	0	0	0	0	0	12	-1	0	6	0	0	-1	0	0	45	4	-1	-1	-1	3	-1	0	0
c9891	0	30	45	-1	-1	-1	19	-1	22	30	0	-1	12	0	-1	0	0	0	-1	0	47	-1	-1	0	15	0	-1	-1	-1	-1
c9919	0	0	-1	9	0	47	0	0	-1	30	0	2	12	0	-1	0	-1	39	0	0	47	12	0	-1	15	0	0	-1	-1	0
c9926	0	0	0	-1	0	47	0	45	22	-1	-1	0	12	0	-1	0	-1	0	50	23	47	0	0	0	-1	10	0	-1	-1	0
c9955	-1	0	-1	0	0	0	33	-1	0	0	0	16	-1	0	0	6	0	0	0	0	-1	0	4	0	15	33	-1	0	0	0
c9999	0	0	-1	0	0	-1	0	0	0	-1	-1	47	12	39	-1	-1	0	18	0	15	47	-1	-1	39	15	0	7	-1	0	12
c10000	0	-1	0	0	0	0	-1	0	-1	-1	0	0	-1	38	0	6	0	-1	-1	28	0	0	4	49	15	0	0	0	0	0
c10007	0	7	-1	-1	-1	0	-1	0	12	0	-1	-1	-1	-1	0	0	-1	-1	-1	0	0	0	0	45	0	0	0	4	0	7
c10038	0	0	0	9	45	47	-1	0	22	30	0	0	12	0	-1	0	0	0	0	4	47	0	0	-1	15	0	0	-1	-1	-1
c10056	0	0	0	16	33	47	0	0	0	-1	-1	-1	12	-1	-1	17	0	-1	6	14	47	-1	0	-1	-1	0	0	0	-1	-1
c10064	0	0	0	0	0	0	0	12	0	6	-1	39	-1	38	0	-1	-1	4	-1	0	-1	0	4	0	-1	-1	0	12	-1	45
c10088	-1	0	39	0	0	0	0	0	-1	-1	0	0	-1	0	-1	6	42	-1	-1	12	0	-1	4	6	15	0	0	0	0	0
c10181	17	0	25	0	0	0	0	19	14	12	0	-1	0	-1	0	-1	0	0	-1	45	0	0	-1	45	0	-1	23	0	0	0
c10206	0	-1	-1	-1	-1	0	44	-1	0	-1	-1	0	28	23	12	45	12	0	-1	0	-1	-1	23	45	0	17	0	25	-1	21
c10210	-1	42	0	0	-1	0	-1	-1	43	0	0	-1	0	0	12	45	12	-1	-1	-1	0	-1	14	45	-1	17	0	26	-1	21
c10225	0	0	-1	0	-1	-1	22	14	0	-1	-1	0	-1	12	-1	34	0	18	-1	-1	47	-1	-1	39	-1	0	-1	0	3	-1
c10238	0	0	0	0	-1	20	0	12	-1	6	0	-1	12	38	0	-1	0	4	-1	0	0	0	4	0	15	0	0	0	0	0
c10265	0	0	-1	9	0	47	-1	4	22	30	0	0	12	0	-1	0	0	-1	3	0	47	-1	-1	12	15	-1	-1	12	-1	16
c10318	0	0	0	0	-1	0	0	0	0	6	-1	0	12	38	0	6	0	4	0	-1	0	46	4	0	-1	0	0	0	0	0
c10319	0	0	0	0	0	0	0	0	0	-1	-1	0	12	38	-1	6	-1	4	0	-1	0	46	4	0	-1	0	0	0	0	-1
c10380	0	7	0	0	15	0	0	-1	0	-1	17	0	12	0	0	6	0	0	-1	0	18	-1	4	0	-1	0	0	0	0	4
c10414	0	0	0	0	-1	47	0	-1	0	0	33	23	12	-1	-1	0	-1	0	0	0	-1	0	-1	6	15	-1	0	0	-1	0
c10421	0	0	0	0	19	0	0	0	0	6	50	-1	-1	-1	0	-1	0	4	-1	0	0	-1	4	49	15	0	0	0	0	-1
c10426	0	0	0	0	-1	12	-1	0	4	6	0	-1	-1	-1	0	6	0	4	0	45	47	-1	4	0	15	0	0	0	-1	0
c10427	0	-1	0	-1	0	12	0	18	4	6	0	0	-1	38	0	6	0	4	-1	45	47	-1	4	0	15	0	0	0	0	0
c10434	0	0	0	0	0	0	0	0	0	6	-1	-1	12	38	0	6	0	-1	0	0	0	46	4	0	-1	0	0	-1	-1	0
c10435	0	-1	0	0	13	-1	-1	0	0	6	-1	-1	12	-1	0	-1	-1	4	0	-1	0	46	4	0	-1	0	0	0	-1	0
c10480	-1	0	-1	4	0	0	0	0	0	0	0	0	12	0	0	6	-1	0	0	0	6	4	4	0	-1	0	0	0	-1	-1
c10502	0	0	0	6	47	18	0	-1	-1	-1	0	23	12	-1	0	6	0	-1	0	0	0	0	4	10	15	0	-1	0	0	0
c10503	0	0	-1	6	47	18	0	-1	49	-1	0	23	12	-1	0	6	-1	4	-1	0	0	0	4	10	-1	0	-1	0	0	0
c10508	7	-1	0	-1	0	0	0	0	0	-1	0	0	-1	-1	0	0	0	-1	-1	0	0	0	0	45	14	0	0	-1	0	20
c10547	0	0	0	0	0	15	0	-1	28	15	0	0	-1	0	12	45	12	39	-1	0	28	-1	0	-1	0	-1	-1	0	-1	-1
c10623	0	44	0	0	0	0	0	0	0	-1	0	0	0	8	0	0	0	49	-1	0	-1	0	0	45	0	9	0	42	-1	-1
c10670	0	-1	6	0	-1	-1	0	0	0	0	0	0	0	0	12	0	33	0	-1	-1	-1	0	0	45	0	0	0	0	12	45
c10673	-1	0	-1	9	0	47	18	0	22	-1	0	-1	12	-1	-1	0	12	0	42	0	-1	25	0	0	15	0	50	-1	-1	0
c10681	-1	7	0	0	2	-1	0	0	12	14	0	30	18	0	50	0	0	47	-1	0	0	0	0	-1	0	-1	0	0	0	12
c10688	0	-1	0	15	2	11	0	0	12	0	0	-1	47	0	0	-1	0	0	-1	0	0	-1	0	45	0	9	0	4	0	7
c10697	0	0	0	0	32	0	-1	0	-1	-1	47	0	0	18	25	45	0	-1	-1	-1	0	17	0	45	0	-1	49	41	-1	0
c10710	0	0	0	0	11	0	0	-1	0	-1	0	0	0	0	12	-1	12	0	-1	0	0	-1	-1	45	-1	17	0	0	-1	0
c10718	0	0	-1	43	0	-1	22	-1	0	-1	-1	0	-1	0	-1	-1	0	18	-1	15	47	-1	-1	39	-1	0	0	-1	-1	47
c10731	-1	0	0	12	18	0	0	22	0	-1	-1	0	0	-1	-1	0	0	49	-1	23	-1	0	0	-1	-1	0	0	-1	0	0
c10734	-1	0	-1	0	0	-1	0	-1	0	0	0	41	-1	0	0	6	-1	0	0	0	0	-1	4	0	15	-1	0	-1	-1	0
c10736	-1	7	0	-1	2	0	0	0	12	0	0	-1	12	0	0	0	0	0	-1	-1	0	0	0	45	-1	-1	0	0	0	0
c10737	0	7	0	23	2	0	0	-1	12	0	0	-1	12	-1	0	0	0	0	-1	0	0	0	0	45	0	0	-1	0	0	0
c10788	-1	0	15	15	44	45	-1	0	0	0	0	0	12	0	0	6	0	-1	0	0	0	45	4	50	15	41	3	0	0	0
c10793	0	7	0	0	2	0	0	0	39	0	-1	0	0	0	-1	-1	0	0	-1	0	0	18	0	45	0	0	14	0	0	0
c10801	0	0	0	-1	0	-1	-1	0	-1	0	6	0	0	6	0	-1	0	-1	-1	0	-1	0	0	45	-1	0	10	49	-1	0
c10802	0	-1	39	0	38	0	0	12	0	-1	-1	0	-1	0	0	6	0	0	0	0	-1	0	4	0	15	0	0	21	0	-1
c10828	0	0	0	0	-1	-1	0	-1	-1	6	0	0	-1	-1	45	-1	0	-1	0	0	0	0	4	0	15	-1	0	0	0	13
c10851	-1	0	-1	0	-1	0	0	0	0	6	0	0	12	38	0	6	0	4	42	0	0	-1	4	-1	15	0	-1	0	0	0
c10877	0	7	0	-1	-1	0	0	12	0	-1	0	0	12	-1	12	-1	0	49	-1	0	0	0	0	45	0	23	50	0	0	0
c10891	0	0	-1	47	0	-1	0	0	0	-1	-1	0	0	6	-1	0	0	49	-1	0	-1	23	0	45	34	0	0	0	-1	0
c10911	-1	0	0	0	0	-1	0	0	0	-1	-1	0	0	0	0	0	0	-1	-1	0	-1	0	-1	45	0	0	-1	-1	0	-1
c10924	0	30	-1	-1	0	0	0	-1	-1	6	-1	0	12	-1	0	6	0	4	0	-1	-1	0	4	0	-1	0	0	0	0	-1
c10986	-1	0	0	0	0	23	0	0	0	-1	42	-1	0	0	0	0	-1	49	-1	0	-1	-1	0	45	0	20	0	42	-1	0
c10992	0	-1	14	12	0	0	0	0	0	6	0	33	12	-1	-1	-1	0	4	-1	0	0	0	-1	0	15	-1	0	0	0	0
c11031	0	-1	6	2	0	-1	0	0	0	-1	0	-1	12	38	-1	-1	0	-1	0	0	0	0	4	0	-1	0	0	45	0	0
c11039	-1	-1	45	0	2	0	0	0	-1	14	22	30	0	0	0	-1	-1	0	-1	-1	0	-1	0	45	12	0	0	-1	-1	-1
c11051	0	0	-1	16	-1	47	50	0	0	0	32	0	12	15	-1	0	0	0	0	0	47	-1	0	0	15	12	0	43	0	0
c11052	0	0	-1	-1	30	-1	0	0	0	-1	-1	0	-1	0	-1	-1	18	18	23	-1	-1	-1	-1	39	15	0	-1	0	0	0
c11087	0	14	0	0	0	14	0	0	0	6	0	0	12	-1	0	-1	0	-1	0	0	-1	0	4	-1	15	-1	0	0	0	-1
c11109	-1	0	0	-1	-1	0	0	0	4	6	0	0	12	38	-1	6	0	4	0	-1	47	0	4	43	15	49	-1	0	0	0
c11144	0	0	0	0	0	-1	14	0	0	-1	0	0	12	38	-1	6	0	4	0	0	0	0	4	0	15	-1	-1	0	0	0
c11145	0	0	0	-1	0	-1	-1	-1	-1	-1	0	0	12	38	-1	6	0	-1	0	0	0	0	4	31	15	-1	0	-1	-1	0
c11151	0	0	-1	0	-1	0	14	-1	0	0	26	0	-1	0	0	-1	50	6	-1	47	0	50	0	0	0	0	0	0	0	6
c11184	-1	7	0	0	2	0	0	-1	-1	0	0	45	0	-1	-1	0	0	-1	-1	0	0	14	0	-1	-1	-1	43	0	0	0
c11225	0	-1	0	0	2	0	0	12	12	0	0	14	12	-1	0	-1	0	0	-1	0	-1	-1	0	45	0	0	0	45	-1	0
c11273	0	0	37	45	0	-1	0	4	0	-1	0	0	-1	33	0	-1	-1	49	-1	0	-1	0	-1	-1	0	0	0	0	0	0
c11296	0	42	12	0	0	0	0	-1	0	0	0	0	0	0	12	45	12	-1	-1	0	-1	-1	14	45	0	-1	0	-1	-1	21
c11297	0	42	12	0	0	0	0	-1	-1	-1	0	0	0	-1	12	45	-1	0	-1	0	0	-1	-1	45	0	-1	0	26	-1	21
c11332	0	0	0	0	0	0	0	-1	0	-1	0	30	0	-1	12	45	-1	0	-1	0	-1	23	-1	-1	-1	17	0	43	-1	0
c11358	0	0	-1	45	0	-1	0	0	0	18	0	0	12	0	0	6	0	-1	0	-1	-1	0	4	0	15	-1	-1	21	0	-1
c11395	16	7	4	-1	-1	0	0	-1	9	-1	0	0	12	-1	0	6	26	4	0	0	0	33	4	0	15	0	0	0	-1	-1
c11452	0	0	0	-1	-1	0	23	0	0	6	0	0	-1	38	0	6	0	4	0	-1	0	0	-1	0	-1	0	0	0	0	-1
c11476	0	12	50	16	33	47	0	0	-1	14	-1	14	12	0	-1	0	-1	-1	33	0	47	-1	0	0	-1	0	0	0	0	0
c11486	0	39	0	16	-1	47	0	0	0	0	0	23	12	-1	-1	0	0	0	0	0	47	-1	0	0	15	0	-1	0	0	0
c11498	0	-1	0	15	45	49	0	18	-1	0	0	14	12	23	0	6	0	0	0	-1	18	13	-1	47	15	0	0	0	0	0
c11543	-1	-1	0	9	-1	47	0	4	22	30	0	0	12	0	-1	0	0	39	0	0	-1	22	-1	12	15	0	-1	12	-1	16
c11549	-1	-1	0	0	-1	0	0	19	14	12	0	0	0	47	0	23	0	0	-1	0	0	0	0	-1	0	0	0	0	0	-1
c11554	0	8	12	0	0	2	0	0	18	-1	0	-1	12	0	0	47	42	50	0	12	-1	0	4	0	-1	0	0	0	33	0
c11654	-1	12	-1	0	0	0	0	0	0	0	0	0	-1	0	17	6	0	0	0	0	0	4	4	0	15	0	0	0	-1	0
c11667	0	7	0	0	-1	0	23	0	12	0	0	0	-1	-1	49	0	0	0	-1	0	0	0	-1	45	0	0	0	-1	-1	0
c11702	0	7	0	0	2	-1	0	0	12	0	0	14	12	0	0	14	0	0	-1	-1	47	50	0	45	-1	0	0	0	-1	-1
c11717	0	0	0	6	47	0	50	0	0	50	0	23	12	0	23	6	0	-1	0	-1	-1	28	4	0	15	49	-1	50	0	0
c11718	0	0	0	39	0	0	0	-1	0	0	-1	0	0	-1	12	-1	12	-1	-1	0	0	-1	15	45	0	17	0	0	-1	21
c11726	0	-1	-1	0	-1	-1	-1	-1	0	-1	-1	33	12	-1	-1	0	-1	18	-1	15	-1	-1	0	39	-1	0	-1	11	0	0
c11738	-1	0	0	0	0	0	0	19	14	12	0	0	0	47	-1	0	-1	-1	-1	0	0	0	0	45	0	0	0	0	0	0
c11739	-1	0	-1	0	0	0	-1	-1	14	12	33	0	0	47	-1	0	0	0	-1	0	0	-1	0	45	0	0	0	0	0	0
c11783	0	0	-1	0	-1	0	-1	-1	0	0	39	0	0	0	-1	45	12	0	-1	0	0	0	0	45	0	17	0	0	-1	0
c11788	0	-1	0	18	0	0	0	0	0	25	50	0	12	0	-1	18	0	0	12	0	19	0	4	0	15	0	0	0	0	0
c11802	-1	0	0	50	47	0	-1	0	23	0	0	0	12	13	0	6	0	4	-1	45	0	-1	4	0	15	0	0	39	-1	0
c11811	0	42	0	14	0	0	0	-1	43	0	0	-1	-1	0	-1	45	12	-1	-1	0	0	-1	14	45	-1	17	0	-1	-1	-1
c11826	0	0	-1	-1	-1	-1	0	-1	0	0	-1	0	-1	-1	-1	0	0	18	-1	15	47	-1	0	42	-1	0	0	0	0	0
c11838	0	0	-1	9	-1	-1	0	0	-1	30	0	0	12	0	-1	-1	0	0	-1	-1	-1	0	-1	-1	15	-1	0	-1	-1	12
c11840	0	0	-1	0	12	0	0	-1	0	0	0	49	0	0	12	45	12	12	-1	-1	25	23	0	45	49	17	0	50	-1	28
c11841	0	0	0	18	12	0	0	-1	0	0	12	49	0	0	12	45	-1	12	-1	0	25	-1	-1	45	-1	-1	-1	50	-1	-1
c11844	-1	0	-1	-1	26	42	0	0	0	-1	-1	22	-1	0	0	6	0	-1	-1	0	0	0	-1	3	15	0	0	0	0	0
c11867	-1	0	0	-1	33	47	0	-1	0	-1	33	0	12	15	-1	0	0	23	0	0	47	-1	18	0	15	0	0	-1	-1	0
c11881	0	0	0	16	33	-1	0	-1	45	0	0	0	12	15	-1	0	47	23	0	0	47	-1	-1	-1	15	0	0	0	-1	0
c11885	0	30	0	-1	0	0	0	0	0	6	0	0	12	38	0	-1	0	4	0	0	-1	33	4	0	-1	0	-1	25	0	-1
c11919	0	0	0	0	25	-1	7	0	-1	-1	-1	0	12	38	-1	6	0	4	-1	0	-1	43	4	0	-1	0	0	0	0	0
c11934	0	0	0	0	-1	-1	0	0	0	15	47	0	0	18	25	45	0	-1	-1	-1	0	17	0	45	0	0	49	-1	-1	0
c11953	14	0	39	-1	-1	18	0	-1	-1	-1	-1	0	-1	0	-1	6	0	0	0	0	-1	0	-1	6	15	-1	0	0	0	0
c11967	-1	14	0	0	-1	0	0	19	14	12	0	0	0	47	-1	0	-1	0	-1	0	0	0	-1	45	0	0	0	0	0	-1
c11973	0	0	33	0	11	0	2	-1	0	-1	0	0	-1	0	12	-1	12	-1	-1	0	-1	0	0	45	15	17	0	-1	-1	0
c11978	0	-1	-1	16	33	47	0	0	0	45	0	0	12	-1	-1	-1	45	0	0	0	47	-1	-1	-1	15	0	0	-1	-1	-1
c11991	0	12	50	16	33	47	0	0	-1	-1	0	0	12	0	-1	14	0	0	0	0	-1	-1	0	0	-1	44	0	6	-1	0
c11996	0	-1	23	0	23	7	-1	0	-1	0	0	0	-1	0	-1	0	15	0	-1	0	0	0	0	45	0	0	-1	0	0	-1
c11997	0	45	23	0	23	7	21	0	-1	0	0	0	-1	0	0	0	15	0	-1	-1	0	0	0	45	0	-1	0	-1	-1	-1
c12006	0	-1	-1	0	0	0	0	-1	-1	0	-1	0	16	0	12	45	12	0	-1	0	0	-1	25	45	0	17	0	0	-1	21
c12073	24	-1	0	-1	49	0	0	-1	0	0	5	-1	12	-1	14	-1	0	0	0	-1	-1	0	4	0	15	0	0	-1	0	-1
c12107	0	-1	0	6	0	-1	-1	0	-1	0	44	0	12	23	12	6	0	0	0	0	0	45	4	22	15	0	47	0	0	0
c12129	13	0	0	0	-1	0	-1	0	0	6	0	-1	12	38	0	6	0	4	12	0	0	50	4	0	15	0	-1	0	0	0
c12130	0	0	-1	50	0	0	0	0	-1	0	22	-1	12	-1	0	6	-1	4	0	-1	25	0	-1	0	15	0	0	-1	0	41
c12176	7	0	0	-1	0	0	-1	-1	0	-1	45	0	0	0	-1	0	0	0	-1	0	0	-1	0	45	0	0	-1	0	0	0
c12179	-1	28	0	6	47	15	-1	0	0	50	18	23	-1	0	-1	-1	-1	4	0	0	-1	0	-1	-1	15	25	-1	0	0	0
c12198	7	0	0	-1	0	0	50	0	0	-1	0	0	0	0	0	0	0	0	-1	0	0	0	0	45	0	12	0	0	13	20
c12199	7	0	-1	0	0	-1	50	0	0	-1	-1	-1	-1	0	-1	0	0	0	-1	0	0	0	-1	45	0	-1	0	0	13	20
c12216	0	0	0	6	47	15	0	0	0	50	-1	23	12	-1	0	6	0	4	0	-1	0	0	4	0	15	0	-1	0	0	-1
c12222	0	0	0	16	-1	47	0	-1	0	0	32	0	12	15	-1	0	0	0	0	0	47	-1	0	33	15	-1	0	43	0	0
c12236	-1	47	0	16	33	47	0	0	0	-1	11	0	12	15	-1	0	31	-1	12	0	47	-1	-1	-1	15	41	0	0	17	50
c12244	0	0	-1	6	47	0	0	0	0	-1	0	-1	12	0	-1	6	-1	-1	0	-1	0	-1	4	0	15	0	-1	0	0	-1
c12255	0	0	0	0	0	0	-1	0	0	6	-1	11	-1	38	0	6	0	4	0	0	-1	0	4	0	15	0	0	-1	0	-1
c12278	-1	0	0	-1	0	-1	0	0	0	-1	0	0	0	0	-1	0	0	0	-1	0	14	30	0	45	0	0	0	-1	0	20
c12286	0	-1	0	-1	0	0	-1	23	0	0	18	0	0	0	0	0	-1	49	-1	0	-1	0	8	45	0	0	0	0	-1	6
c12292	17	23	22	-1	-1	0	0	0	-1	-1	0	0	12	0	44	6	-1	0	0	0	18	-1	4	0	-1	0	0	50	0	-1
c12295	22	0	0	-1	0	47	0	-1	0	0	0	0	12	0	-1	30	12	15	0	12	47	0	-1	0	15	12	0	0	-1	-1
c12312	14	0	39	7	23	-1	0	37	0	-1	0	2	12	0	-1	6	0	0	-1	0	0	-1	4	6	-1	0	0	0	0	0
c12343	0	0	22	14	47	0	-1	0	0	0	-1	0	-1	2	-1	6	0	4	0	0	-1	0	4	-1	15	0	13	39	-1	47
c12357	0	0	0	-1	47	15	0	-1	0	50	18	23	12	0	0	6	0	4	-1	-1	50	0	4	0	15	0	-1	18	0	50
c12372	-1	0	0	0	-1	50	0	-1	0	-1	0	0	0	0	0	0	0	49	-1	0	-1	0	0	45	0	0	0	0	-1	0
c12375	0	0	0	6	47	0	0	0	0	50	7	23	12	0	0	6	47	4	-1	-1	-1	0	4	0	15	0	-1	0	0	0
c12383	-1	-1	-1	-1	34	0	0	0	0	0	0	0	-1	-1	-1	-1	50	6	47	-1	-1	0	-1	-1	3	12	0	0	0	7
c12393	0	0	0	-1	22	0	0	0	0	6	0	-1	-1	38	0	6	0	-1	0	0	15	0	-1	49	15	0	-1	0	0	0
c12399	0	-1	-1	-1	12	-1	22	0	-1	-1	-1	0	-1	0	-1	0	0	18	15	15	47	-1	-1	39	-1	0	0	0	0	-1
c12427	0	0	22	0	0	-1	22	-1	0	0	-1	0	12	0	14	-1	0	0	0	0	18	-1	4	0	15	-1	39	0	0	0
c12446	-1	-1	0	0	49	0	-1	19	14	12	0	0	0	47	-1	0	0	-1	-1	0	-1	-1	0	45	0	0	0	0	-1	-1
c12471	0	0	0	0	0	0	0	19	14	12	0	0	0	47	0	0	0	0	-1	0	0	-1	0	-1	0	0	0	0	13	-1
c12473	6	0	0	0	0	0	0	0	47	-1	0	0	12	38	0	-1	49	4	0	0	0	0	4	0	15	0	0	41	35	-1
c12478	0	0	0	-1	23	23	0	-1	0	0	0	0	0	0	-1	-1	-1	0	-1	0	0	0	0	45	0	17	0	0	-1	0
c12479	0	0	0	-1	23	-1	0	-1	0	0	0	0	-1	0	12	-1	12	0	-1	0	0	0	0	-1	0	17	-1	45	-1	0
c12493	0	8	22	18	0	-1	0	0	0	25	50	0	12	0	0	18	0	0	12	0	-1	0	4	0	15	0	0	0	0	23
c12504	0	0	0	0	0	0	0	0	0	0	0	0	0	-1	0	-1	0	49	-1	0	-1	-1	0	45	0	0	0	42	33	-1
c12534	0	25	0	13	-1	47	-1	-1	-1	42	20	0	12	12	-1	0	-1	0	13	0	-1	0	0	12	15	0	0	14	0	38
c12542	0	0	0	0	0	0	0	12	0	6	0	0	12	38	0	-1	0	4	0	0	0	0	4	0	15	0	0	0	0	0
c12571	-1	0	-1	0	0	0	0	-1	0	0	-1	0	12	0	0	-1	0	0	0	0	0	26	4	0	-1	0	0	0	0	0
c12591	0	0	-1	0	43	0	12	0	0	6	6	0	12	0	0	6	-1	0	0	-1	-1	-1	4	0	15	0	0	-1	0	0
c12594	0	0	38	-1	0	24	0	9	-1	50	0	-1	0	0	-1	0	23	-1	-1	0	-1	0	30	45	0	0	-1	0	-1	0
c12614	0	0	-1	16	-1	-1	18	0	0	42	0	-1	12	-1	-1	18	0	-1	-1	0	47	0	-1	0	15	0	13	47	-1	0
c12626	18	0	49	-1	0	0	0	0	0	0	49	36	49	42	0	0	0	-1	-1	0	41	28	0	45	0	0	4	14	-1	0
c12638	17	23	22	0	0	0	0	0	0	45	-1	5	-1	0	0	6	0	-1	0	-1	18	0	4	0	15	-1	0	0	0	-1
c12644	0	0	0	-1	-1	-1	0	0	0	6	-1	0	12	38	-1	6	-1	4	0	0	0	0	4	0	15	-1	-1	-1	0	0
c12683	50	0	-1	-1	0	0	0	0	0	0	0	0	0	-1	-1	47	0	-1	-1	-1	-1	0	0	45	0	0	0	0	0	0
c12712	-1	0	0	0	0	0	0	19	14	12	19	0	-1	-1	0	0	0	-1	-1	0	0	0	0	45	0	0	49	0	7	-1
c12721	0	-1	47	-1	33	47	0	-1	0	0	0	0	12	-1	-1	0	0	23	0	22	47	-1	0	0	-1	0	0	0	-1	0
c12722	0	0	0	0	0	0	0	0	0	-1	0	-1	12	38	0	6	13	-1	0	0	0	-1	4	0	15	0	0	-1	0	0
c12741	-1	-1	45	0	2	0	-1	0	12	14	0	-1	0	0	0	-1	0	0	-1	-1	0	0	-1	-1	0	0	-1	0	0	0
c12759	0	12	-1	16	33	47	0	0	-1	28	-1	39	12	0	-1	0	0	0	0	45	-1	0	0	0	15	0	0	15	-1	-1
c12770	-1	7	0	0	2	-1	0	-1	12	14	0	-1	0	0	0	14	-1	0	-1	18	-1	0	0	45	33	0	0	0	-1	0
c12780	-1	-1	-1	22	13	0	0	19	14	12	0	38	0	-1	0	0	0	0	-1	0	0	0	25	45	0	0	0	0	0	39
c12789	-1	-1	0	-1	2	0	0	0	12	14	0	30	19	0	0	-1	0	0	-1	-1	39	0	0	45	33	0	0	0	0	12
c12790	0	-1	0	6	47	15	-1	0	50	50	0	23	12	0	0	6	0	4	-1	-1	0	0	4	36	15	0	-1	0	0	0
c12846	-1	18	-1	-1	0	0	0	47	0	0	0	0	12	-1	0	6	0	0	-1	18	0	-1	4	0	-1	-1	0	0	0	0
c12852	7	0	0	16	-1	-1	0	0	43	-1	0	-1	0	0	0	0	-1	-1	-1	7	0	-1	0	45	0	-1	44	-1	0	0
c12899	0	-1	38	0	-1	-1	0	0	4	-1	0	-1	12	-1	0	6	0	4	0	0	47	-1	4	-1	15	47	-1	-1	-1	0
c12902	-1	0	0	-1	47	0	0	0	0	-1	0	23	12	0	0	-1	-1	4	0	0	0	0	4	0	15	0	-1	0	0	0
c12932	0	0	-1	0	0	12	0	0	12	-1	18	-1	-1	0	-1	0	-1	6	0	47	4	0	0	23	0	0	30	0	0	-1
c12948	0	0	0	0	-1	0	-1	12	0	6	0	0	12	38	0	-1	-1	4	0	0	7	0	-1	0	15	0	0	12	0	-1
c12949	0	0	-1	0	0	0	0	12	0	6	0	-1	12	38	0	-1	0	4	0	0	0	0	4	0	15	-1	0	12	0	-1
c13012	0	0	-1	0	-1	-1	0	-1	-1	0	-1	0	-1	14	-1	13	19	18	0	-1	47	-1	0	-1	15	-1	0	0	0	-1
c13045	0	7	-1	-1	2	-1	0	0	-1	-1	0	14	-1	0	-1	0	0	0	-1	0	-1	0	-1	45	0	-1	0	0	19	0
c13078	45	7	-1	-1	2	0	12	-1	0	0	-1	0	49	0	12	-1	0	0	-1	0	-1	-1	-1	45	0	0	14	-1	13	12
c13103	0	0	0	0	0	-1	0	0	4	6	0	0	-1	38	0	6	0	-1	0	0	-1	0	4	0	-1	4	6	0	0	0
c13106	0	7	12	0	0	0	0	-1	-1	0	0	0	4	22	-1	45	12	-1	-1	33	-1	0	0	45	0	17	0	0	-1	-1
c13107	0	-1	12	0	-1	0	0	-1	45	0	0	0	4	22	12	45	12	0	-1	33	0	0	0	45	0	17	0	0	-1	21
c13126	18	0	0	16	33	-1	-1	-1	4	-1	-1	0	12	-1	-1	0	0	23	0	18	47	-1	0	0	15	0	-1	0	45	-1
c13136	0	0	0	0	-1	0	-1	50	0	0	0	-1	12	0	0	6	0	0	0	0	0	45	4	0	15	41	3	-1	-1	0
c13139	44	0	34	2	0	0	0	0	41	6	-1	-1	12	38	0	-1	39	4	0	-1	0	-1	4	49	15	49	0	0	-1	-1
c13145	0	0	0	9	0	47	18	0	22	30	-1	4	12	-1	-1	0	14	-1	41	0	47	25	0	33	-1	0	0	0	-1	0
c13156	0	14	0	9	0	47	-1	-1	22	30	0	0	12	-1	-1	0	0	0	0	13	47	-1	-1	23	15	0	0	-1	-1	33
c13180	50	-1	-1	-1	12	0	0	0	0	0	33	0	-1	0	-1	0	-1	6	0	47	0	0	13	45	0	0	0	0	-1	47
c13182	0	14	0	0	0	14	0	0	0	6	0	0	12	38	0	6	0	4	0	0	-1	0	-1	0	15	0	0	0	0	-1
c13203	-1	0	0	0	0	0	0	0	0	0	-1	0	-1	-1	0	0	33	-1	-1	0	-1	-1	0	45	0	0	0	42	-1	0
c13210	50	-1	0	0	-1	0	0	0	0	0	-1	0	0	0	0	0	-1	49	-1	0	-1	0	39	45	-1	0	12	42	-1	0
c13241	0	0	0	9	-1	-1	0	0	22	30	-1	-1	12	0	-1	0	0	39	37	0	47	22	-1	12	15	0	-1	12	-1	47
c13271	0	0	0	6	47	15	0	-1	0	50	18	23	12	0	0	6	0	4	0	0	0	-1	4	-1	15	0	-1	0	0	0
c13278	0	0	-1	0	0	0	0	0	12	6	0	35	12	38	0	6	0	4	0	0	0	0	4	0	15	0	0	50	0	0
c13279	0	-1	-1	0	0	-1	0	0	12	6	0	35	12	38	0	6	0	-1	-1	-1	0	-1	4	-1	15	0	0	50	-1	0
c13284	0	13	0	0	0	0	0	19	14	12	-1	0	0	47	0	0	0	0	-1	0	-1	0	-1	45	-1	0	0	22	0	0
c13305	-1	0	0	9	-1	47	0	0	22	30	0	0	12	0	-1	7	45	39	-1	23	47	22	0	12	15	0	-1	12	-1	0
c13317	-1	22	0	9	0	47	18	-1	22	30	0	0	12	0	-1	0	0	7	0	0	47	25	0	0	15	-1	0	0	-1	0
c13337	0	0	0	0	0	0	0	0	12	6	0	35	-1	38	0	6	0	4	0	0	0	0	4	0	15	-1	0	0	0	0
c13338	0	-1	0	-1	47	15	0	0	0	50	18	23	12	0	18	6	0	4	-1	0	-1	0	4	-1	15	0	-1	0	0	0
c13342	-1	0	0	0	0	-1	0	0	-1	6	49	35	12	-1	0	6	13	4	49	0	43	0	-1	0	15	0	0	-1	0	0
c13343	-1	0	0	-1	0	0	0	0	0	6	49	35	12	38	0	-1	13	4	49	-1	43	10	4	0	15	0	0	0	0	0
c13403	0	50	0	0	0	15	0	-1	0	0	0	0	0	0	12	45	12	-1	-1	0	28	0	0	-1	-1	17	-1	0	-1	43
c13406	6	0	-1	0	0	-1	0	0	-1	6	0	0	-1	38	0	-1	0	4	-1	0	0	0	4	0	15	0	0	0	35	-1
c13418	0	0	0	16	33	47	0	0	0	0	13	-1	-1	15	-1	23	-1	39	0	38	47	50	0	-1	15	0	-1	-1	0	0
c13430	0	0	0	-1	0	0	0	-1	4	6	0	0	12	38	0	-1	0	4	0	-1	47	0	4	0	15	-1	6	0	0	0
c13460	49	0	0	50	0	0	33	0	0	-1	0	35	12	38	0	6	13	4	0	0	-1	0	4	9	15	0	-1	0	0	0
c13476	0	7	0	0	2	0	47	39	12	14	50	30	0	13	0	0	0	13	-1	-1	0	0	0	45	-1	0	0	0	25	12
c13484	0	0	0	0	0	0	-1	0	0	6	50	0	12	38	-1	-1	0	4	0	0	0	-1	4	49	15	-1	0	-1	-1	-1
c13492	0	0	0	-1	0	0	-1	0	0	6	-1	0	12	38	43	6	0	4	0	0	0	0	4	-1	-1	0	0	-1	35	-1
c13493	0	0	0	0	-1	0	0	0	0	-1	-1	0	12	38	-1	6	0	4	0	0	0	0	4	0	15	0	0	0	35	-1
c13504	-1	0	-1	9	-1	-1	25	0	22	30	0	-1	12	13	-1	0	0	22	0	-1	47	19	23	0	15	0	0	-1	-1	-1
c13536	-1	0	0	0	45	0	-1	0	18	6	-1	0	12	38	0	6	0	4	0	-1	0	0	4	0	15	0	0	0	0	2
c13567	0	0	0	0	38	0	0	0	0	6	0	0	12	38	-1	-1	-1	4	0	-1	0	-1	-1	0	15	0	0	0	0	0
c13586	0	0	-1	-1	-1	-1	-1	0	9	-1	-1	49	-1	41	-1	-1	0	18	23	15	47	-1	-1	-1	15	0	0	15	0	0
c13595	50	0	17	0	0	0	46	12	-1	-1	0	0	12	38	-1	-1	0	4	7	-1	0	0	-1	-1	15	-1	0	-1	0	0
c13630	0	-1	-1	0	0	0	0	0	-1	0	0	7	0	-1	0	0	0	49	-1	0	-1	-1	0	45	0	0	0	42	25	0
c13635	0	-1	0	16	-1	47	-1	0	0	-1	0	-1	12	0	-1	0	0	-1	-1	45	47	-1	0	-1	15	0	0	15	-1	0
c13646	0	7	0	0	2	-1	0	0	-1	14	-1	30	0	0	50	0	0	-1	-1	0	-1	0	45	45	0	0	14	25	0	12
c13667	-1	0	0	6	0	0	-1	-1	0	-1	0	0	-1	-1	0	6	0	0	0	-1	-1	45	4	22	15	0	0	0	0	0
c13668	14	25	12	0	0	1	-1	0	0	-1	-1	0	12	36	0	6	0	0	0	39	0	45	4	-1	15	-1	7	0	0	0
c13683	0	0	0	-1	47	0	0	13	-1	-1	0	23	12	0	-1	6	-1	4	0	0	-1	28	-1	0	-1	49	-1	0	0	-1
c13723	0	42	0	-1	0	-1	0	-1	0	0	0	0	0	0	12	45	12	0	-1	0	0	-1	14	-1	-1	17	0	26	-1	21
c13725	0	-1	0	16	33	47	-1	-1	0	0	0	0	12	15	-1	-1	0	39	-1	0	47	0	-1	0	15	-1	18	0	43	-1
c13741	0	0	0	6	47	15	-1	0	0	50	18	-1	-1	-1	0	6	0	-1	0	0	0	0	4	0	15	-1	-1	0	-1	14
c13748	0	12	-1	16	-1	47	0	42	-1	-1	7	0	12	0	-1	0	0	0	0	0	47	0	0	17	15	-1	0	15	-1	21
c13756	0	0	-1	-1	0	0	12	0	0	6	0	0	12	0	0	6	-1	0	0	0	-1	-1	-1	0	15	0	0	-1	-1	0
c13780	42	42	0	-1	0	0	0	-1	43	-1	0	-1	0	0	-1	45	12	0	-1	0	0	-1	14	45	-1	17	0	26	-1	21
c13785	-1	0	0	0	0	0	0	19	14	12	-1	-1	0	-1	0	0	-1	-1	-1	0	0	0	0	45	0	0	0	0	0	-1
c13810	-1	0	0	-1	-1	0	0	-1	34	-1	0	0	-1	0	0	0	0	-1	-1	37	-1	0	0	45	-1	0	0	-1	-1	20
c13813	0	50	-1	-1	0	0	13	0	0	0	0	0	-1	-1	-1	0	50	6	47	47	0	-1	0	0	0	7	0	0	0	0
c13843	-1	9	41	0	-1	0	0	19	14	12	-1	0	-1	0	20	0	0	0	-1	0	0	0	17	45	0	49	-1	0	-1	0
c13848	0	7	7	0	0	16	-1	-1	0	22	0	0	45	49	0	0	0	0	-1	1	0	0	0	45	0	-1	45	0	0	-1
c13855	6	0	0	0	-1	0	6	0	47	6	0	0	12	38	0	6	0	4	0	0	0	0	4	0	15	47	0	0	35	-1
c13866	-1	0	-1	0	47	0	-1	-1	-1	12	0	23	47	47	1	-1	0	0	-1	-1	-1	0	0	45	0	0	1	0	-1	0
c13868	0	-1	0	0	0	0	0	19	14	-1	42	0	0	47	0	0	14	39	-1	-1	0	0	0	45	0	0	0	-1	0	14
c13887	14	0	39	0	0	0	0	0	-1	15	0	13	12	0	-1	-1	0	0	0	0	0	0	4	0	15	0	0	0	0	0
c13894	0	0	0	0	0	0	0	0	0	6	-1	-1	12	38	0	-1	-1	4	0	0	0	0	4	-1	15	20	0	0	0	0
c13902	3	0	18	-1	0	47	0	0	22	30	0	0	12	50	-1	-1	0	39	14	-1	47	22	0	-1	15	0	-1	12	-1	0
c13910	0	7	0	0	2	0	0	0	12	0	4	0	0	0	0	0	0	-1	-1	-1	-1	0	0	45	0	25	-1	14	0	7
c13912	0	0	0	9	0	47	-1	0	22	-1	-1	0	12	0	-1	0	0	-1	0	-1	47	-1	0	12	-1	0	-1	12	-1	0
c13922	0	-1	-1	0	0	42	0	0	0	6	50	0	-1	-1	0	6	0	-1	0	0	0	0	-1	49	15	0	0	0	0	0
c13923	0	0	-1	0	0	42	-1	0	0	6	50	0	-1	-1	0	6	0	4	0	0	0	0	4	49	15	0	0	0	0	0
c13977	7	0	0	0	0	0	0	0	-1	-1	0	0	0	0	-1	14	0	0	-1	-1	-1	-1	0	45	-1	0	0	-1	0	20
c13983	22	0	-1	-1	0	47	0	-1	0	-1	36	0	12	0	-1	-1	0	0	-1	12	47	0	45	0	15	-1	-1	0	4	0
c14000	0	16	-1	0	0	0	0	0	-1	6	-1	0	-1	38	0	-1	0	4	0	0	0	0	4	49	15	0	0	0	0	0
c14019	21	7	13	0	-1	0	0	0	12	0	0	11	0	0	0	0	0	-1	-1	0	39	0	-1	45	0	42	-1	0	0	0
c14053	0	0	-1	15	0	0	0	0	0	0	-1	-1	12	-1	0	6	0	4	-1	-1	-1	0	-1	-1	-1	-1	0	49	-1	41
c14063	0	-1	0	-1	32	34	0	0	0	15	47	0	42	18	25	45	0	-1	-1	0	0	17	0	45	-1	0	49	41	-1	0
c14064	-1	34	20	-1	-1	47	0	0	22	30	-1	0	-1	0	-1	0	0	39	0	23	-1	22	18	12	15	0	-1	12	-1	50
c14069	0	34	0	9	0	-1	-1	49	22	30	-1	-1	-1	0	-1	19	0	39	0	23	47	-1	0	-1	15	0	-1	12	-1	-1
c14072	-1	14	0	0	-1	0	0	19	14	12	0	-1	0	-1	0	0	0	0	-1	0	0	0	-1	45	0	0	0	0	0	-1
c14080	0	-1	-1	0	0	-1	0	12	-1	6	0	-1	12	38	0	-1	0	-1	0	0	0	0	4	0	15	0	0	12	0	-1
c14082	0	0	45	-1	0	-1	13	0	-1	0	0	0	12	0	-1	0	-1	0	0	0	47	0	0	0	-1	0	0	0	0	0
c14084	0	33	-1	-1	0	0	0	0	0	6	0	0	12	38	-1	-1	0	4	0	0	0	3	4	0	-1	0	-1	45	-1	-1
c14121	-1	0	-1	0	0	0	-1	-1	0	0	0	41	-1	-1	-1	6	0	0	0	-1	0	-1	4	0	15	-1	0	0	0	0
c14146	0	0	-1	-1	7	0	0	-1	-1	0	0	-1	-1	-1	-1	0	50	6	0	-1	0	0	-1	0	0	0	0	0	0	-1
c14154	0	30	45	9	-1	47	0	0	22	-1	0	0	12	0	-1	-1	0	0	-1	0	47	0	0	0	15	0	12	-1	-1	-1
c14161	50	0	17	0	0	0	0	12	0	-1	0	0	12	-1	0	-1	0	4	0	0	0	0	4	-1	-1	0	0	12	-1	0
c14162	-1	25	0	0	-1	-1	-1	-1	0	42	20	0	12	0	-1	-1	14	0	-1	0	47	0	0	-1	15	0	0	14	-1	38
c14179	0	7	0	0	0	0	0	0	0	0	17	0	12	0	-1	6	0	-1	0	0	18	0	4	0	-1	0	0	0	-1	4
c14197	0	0	0	0	47	-1	0	-1	-1	0	0	0	-1	0	12	45	12	39	-1	-1	28	0	0	-1	-1	17	0	0	-1	-1
c14232	0	0	-1	-1	0	-1	0	0	0	6	0	0	12	38	0	6	0	4	0	0	0	0	4	49	15	0	-1	0	-1	0
c14245	-1	7	0	0	2	-1	0	-1	12	14	0	30	0	0	0	14	-1	0	-1	18	0	0	0	45	33	0	0	0	0	-1
c14251	16	7	4	-1	0	0	-1	0	9	6	0	0	12	-1	0	6	26	4	0	0	0	0	-1	0	15	0	0	0	0	-1
c14258	0	0	0	4	0	0	-1	-1	0	6	0	0	12	38	-1	-1	-1	-1	-1	0	0	0	-1	0	15	0	38	0	0	-1
c14270	-1	-1	0	0	0	16	0	-1	49	0	0	0	0	49	7	-1	0	0	-1	0	-1	0	0	-1	0	23	45	0	0	-1
c14275	0	-1	0	23	2	0	0	0	12	-1	-1	14	12	18	0	-1	0	-1	-1	0	-1	0	0	-1	-1	0	-1	-1	0	0
c14294	44	0	34	2	0	0	49	0	41	6	0	0	12	38	42	6	39	-1	50	0	0	0	-1	49	15	49	0	0	0	0
c14305	0	-1	0	-1	2	0	0	0	12	0	-1	-1	-1	0	-1	-1	0	2	-1	-1	4	-1	0	45	0	0	0	4	0	-1
c14327	0	-1	-1	9	0	47	0	42	-1	30	0	0	12	0	-1	0	0	0	-1	0	47	-1	49	0	15	0	12	-1	-1	0
c14341	0	0	0	9	0	47	-1	0	22	-1	0	0	12	14	-1	0	0	39	50	0	47	0	-1	0	15	33	-1	-1	-1	0
c14350	0	7	0	-1	2	0	0	0	-1	-1	0	23	25	0	0	0	-1	-1	-1	0	-1	0	-1	45	0	0	0	-1	-1	-1
c14362	0	50	-1	-1	0	-1	0	39	0	0	0	0	-1	16	-1	0	50	6	47	47	0	9	0	0	0	0	0	0	0	-1
c14364	-1	0	0	0	0	0	0	0	4	6	0	0	-1	38	0	6	0	4	0	0	47	0	4	-1	15	0	0	18	0	-1
c14365	0	0	-1	0	-1	0	0	0	4	6	0	0	12	38	0	6	0	4	0	0	47	-1	4	18	-1	0	0	18	0	0
c14375	0	0	-1	16	33	-1	12	0	0	0	0	0	12	-1	-1	-1	-1	39	-1	0	47	12	0	-1	15	-1	-1	-1	13	0
c14378	32	-1	-1	9	0	-1	0	0	0	-1	-1	0	12	0	-1	0	-1	18	-1	15	47	-1	0	39	15	0	-1	11	0	0
c14429	-1	7	-1	-1	2	0	0	0	-1	0	0	0	0	25	0	0	0	0	-1	39	0	0	0	45	0	50	0	0	0	7
c14450	0	-1	0	0	-1	0	-1	-1	-1	-1	0	0	12	12	0	6	0	0	7	0	0	45	4	0	15	-1	3	0	0	-1
c14470	0	0	0	0	0	0	0	-1	0	0	0	23	0	0	12	45	-1	0	-1	0	0	0	0	45	0	-1	-1	0	-1	21
c14483	-1	25	0	-1	-1	47	-1	-1	0	42	20	0	12	0	-1	16	-1	-1	13	0	47	0	0	12	15	0	0	14	-1	38
c14489	0	7	-1	0	0	16	0	-1	0	0	0	0	-1	49	0	0	0	0	-1	1	0	0	0	45	0	-1	45	0	0	0
c14492	-1	0	0	-1	44	45	-1	0	0	0	0	0	12	-1	0	-1	0	0	0	0	0	-1	4	0	15	41	3	0	0	0
c14532	0	0	-1	0	0	-1	0	0	0	-1	-1	0	12	0	-1	14	7	18	0	15	47	-1	0	39	15	0	-1	11	0	0
c14546	0	-1	0	0	0	0	0	0	0	6	0	35	12	38	0	-1	13	4	0	14	0	0	4	0	15	0	0	0	-1	0
c14560	-1	0	25	0	0	0	0	0	0	6	-1	0	12	38	0	6	22	4	0	0	0	46	4	0	-1	-1	0	0	0	0
c14561	49	0	25	0	0	0	0	0	0	-1	-1	0	12	38	0	6	22	4	0	0	0	46	4	0	-1	0	0	-1	0	-1
c14568	0	0	0	2	0	0	0	-1	0	-1	0	0	12	-1	0	6	0	-1	-1	0	0	-1	4	-1	15	0	0	0	0	-1
c14572	0	30	0	0	0	0	0	0	0	6	0	0	-1	-1	0	-1	0	4	0	0	-1	0	-1	-1	15	0	0	-1	-1	-1
c14578	-1	0	0	0	0	0	0	0	0	0	-1	0	0	-1	0	0	-1	49	-1	0	-1	0	0	45	-1	0	-1	42	-1	-1
c14579	-1	0	0	0	0	0	0	0	0	0	0	0	0	-1	0	0	0	49	-1	0	-1	0	0	45	-1	0	12	42	0	-1
c14580	0	0	0	0	0	0	0	19	-1	12	42	0	-1	0	0	0	-1	0	-1	0	0	0	0	45	0	0	0	45	-1	-1
c14588	0	0	0	0	-1	0	0	0	0	0	0	0	-1	0	0	0	0	49	-1	0	-1	0	0	45	0	-1	0	0	-1	-1
c14601	-1	0	0	0	-1	0	-1	19	14	12	12	0	47	47	-1	-1	-1	0	-1	0	0	0	0	45	0	-1	0	0	0	0
c14610	7	0	0	0	0	0	0	0	0	-1	0	0	0	0	-1	0	0	-1	-1	-1	0	0	0	45	0	0	0	-1	-1	20
c14618	0	7	0	0	2	4	0	-1	-1	14	0	30	0	33	50	0	0	0	-1	0	0	-1	0	45	0	0	0	0	0	-1
c14649	0	0	0	0	-1	0	7	0	0	0	0	7	0	0	0	0	0	49	-1	0	-1	0	0	45	0	0	0	42	25	0
c14652	0	0	0	16	33	47	37	0	14	12	36	-1	12	-1	-1	0	-1	0	0	0	47	-1	0	0	15	12	0	0	-1	-1
c14664	0	-1	0	0	0	0	0	19	14	12	0	0	0	47	0	0	0	-1	-1	0	0	-1	0	45	0	0	0	0	0	39
c14676	0	0	0	0	0	0	0	0	-1	-1	0	35	12	38	0	6	-1	4	0	-1	0	0	4	0	15	0	0	0	0	0
c14693	-1	0	-1	0	0	0	0	23	-1	-1	0	0	-1	0	45	-1	50	6	20	-1	0	17	-1	0	0	-1	13	0	47	0
c14696	0	33	-1	2	0	12	0	0	0	-1	0	0	12	38	28	6	0	-1	0	0	0	0	-1	0	-1	0	0	45	-1	0
c14702	0	42	0	0	-1	0	-1	-1	43	0	0	0	0	-1	12	45	12	0	-1	0	-1	-1	14	45	0	17	0	26	-1	21
c14703	0	-1	0	0	-1	0	-1	-1	43	0	0	0	0	0	12	45	12	0	-1	0	0	-1	14	45	0	-1	0	26	-1	21
c14704	7	0	0	0	0	0	0	0	36	-1	-1	-1	0	0	0	0	-1	0	-1	37	-1	0	18	-1	0	0	0	-1	2	20
c14708	-1	7	13	-1	2	45	0	0	12	0	0	11	7	0	0	0	0	0	-1	0	0	0	0	-1	0	42	-1	0	0	0
c14716	0	30	45	9	-1	47	0	0	22	30	-1	0	12	0	-1	0	0	18	-1	0	47	0	0	0	15	0	12	-1	-1	47
c14761	-1	0	-1	0	0	-1	0	44	-1	-1	-1	0	12	0	-1	0	0	-1	50	15	47	-1	0	-1	15	45	0	11	0	0
c14774	50	-1	17	-1	0	-1	0	12	0	6	0	0	-1	38	0	-1	0	4	-1	-1	-1	0	-1	-1	-1	-1	0	12	0	0
c14781	0	4	-1	-1	0	47	0	-1	22	30	-1	-1	12	0	-1	0	14	39	0	0	47	42	0	0	15	0	42	30	-1	-1
c14783	0	9	41	0	-1	-1	0	19	14	12	0	0	-1	0	20	0	16	0	-1	-1	0	-1	17	45	0	-1	0	0	0	-1
c14793	-1	0	0	0	23	7	21	0	-1	0	0	0	0	0	0	0	15	0	-1	16	0	0	0	45	0	0	0	0	0	0
c14802	0	0	43	0	47	-1	-1	28	41	0	0	0	12	14	0	6	0	4	0	0	0	-1	-1	16	15	-1	0	39	-1	0
c14819	-1	0	-1	0	0	0	12	0	0	6	-1	0	12	0	0	6	0	0	0	0	-1	0	4	-1	15	0	0	16	0	0
c14836	-1	0	22	9	-1	-1	0	-1	22	30	0	0	12	0	-1	0	0	0	0	1	47	0	23	0	-1	0	-1	0	-1	0
c14840	35	0	0	16	33	-1	0	14	0	-1	0	0	12	15	-1	0	50	42	0	-1	47	0	0	-1	15	0	0	0	0	0
c14843	-1	14	0	0	49	0	0	-1	14	12	0	0	-1	-1	-1	0	23	0	-1	0	0	0	-1	45	0	0	0	33	0	-1
c14854	45	7	-1	0	-1	17	-1	0	0	39	0	-1	0	0	-1	0	12	0	-1	-1	0	-1	0	45	0	0	-1	-1	0	50
c14855	45	-1	6	0	2	17	-1	0	0	39	0	0	0	-1	12	0	12	0	-1	0	0	-1	0	45	0	0	14	0	0	50
c14877	0	8	22	18	0	0	0	-1	0	25	50	0	12	0	0	18	0	0	12	0	-1	0	-1	0	-1	23	0	0	0	23
c14879	14	-1	39	0	-1	0	-1	0	12	0	-1	0	12	0	-1	6	-1	0	0	0	-1	0	4	6	15	0	0	0	-1	0
c14883	0	7	23	0	0	0	0	0	0	6	0	33	12	-1	-1	6	0	-1	-1	0	0	0	4	0	15	0	0	0	13	0
c14904	-1	-1	-1	6	-1	15	0	-1	50	50	0	23	12	0	-1	6	0	4	0	-1	-1	0	4	0	15	-1	-1	0	-1	0
c14905	0	-1	0	6	47	-1	0	0	50	50	0	23	12	-1	0	6	0	4	0	-1	-1	0	4	-1	15	0	-1	0	0	0
c14917	0	0	45	16	0	47	39	0	0	-1	0	0	12	0	-1	25	0	0	0	-1	47	0	0	0	15	0	0	0	0	0
c14922	0	16	0	0	0	0	-1	0	-1	6	0	0	-1	38	0	6	0	4	0	0	0	0	-1	49	15	0	0	0	-1	-1
c14943	0	-1	0	0	0	-1	0	0	-1	0	0	-1	0	18	25	45	0	0	-1	-1	0	0	0	-1	7	0	-1	14	-1	0
c14981	-1	0	22	9	-1	-1	25	-1	22	30	-1	-1	12	-1	-1	0	0	-1	0	1	47	19	23	-1	15	0	0	-1	-1	-1
c14983	-1	-1	-1	-1	0	50	0	-1	0	23	0	-1	0	0	0	-1	0	49	-1	0	-1	0	0	45	0	0	-1	-1	0	0
c14994	-1	0	-1	0	0	0	0	38	15	0	0	0	12	0	0	6	0	-1	0	0	-1	50	4	-1	15	0	-1	-1	0	-1
c15002	-1	0	-1	0	0	-1	0	-1	0	-1	-1	0	-1	0	-1	0	0	18	-1	15	47	-1	-1	39	-1	0	-1	14	45	0
c15009	0	7	0	0	-1	0	0	35	12	14	-1	30	0	-1	0	0	23	-1	-1	4	-1	0	17	-1	0	0	0	6	-1	12
c15014	0	-1	0	0	0	0	23	49	0	6	0	0	12	38	0	6	0	4	0	0	0	0	4	0	-1	39	0	0	0	0
c15017	0	-1	-1	0	0	0	0	0	0	-1	0	0	-1	28	0	6	0	4	0	0	0	0	-1	18	15	0	0	49	45	41
c15021	0	0	-1	0	-1	-1	0	0	6	-1	-1	0	12	0	-1	-1	0	18	16	15	47	-1	-1	39	15	-1	0	11	0	-1
c15030	0	-1	-1	0	2	0	15	0	-1	-1	0	30	0	0	0	-1	45	0	-1	0	39	0	-1	45	0	0	12	0	0	12
c15038	-1	-1	-1	0	23	7	-1	0	-1	0	0	0	0	0	0	0	15	0	-1	-1	0	-1	41	45	0	0	0	0	-1	-1
c15048	-1	-1	38	0	0	-1	0	0	4	6	0	0	-1	38	0	6	-1	-1	0	0	47	0	4	38	-1	-1	0	12	0	0
c15049	0	0	38	0	0	0	-1	0	4	6	0	0	-1	-1	0	-1	-1	4	0	0	47	0	4	0	-1	47	0	12	-1	-1
c15054	0	-1	0	6	-1	0	0	0	-1	50	-1	23	12	0	-1	6	-1	4	0	0	0	-1	4	0	-1	0	-1	0	0	0
c15058	0	0	0	16	-1	47	0	-1	-1	0	-1	0	12	-1	-1	0	-1	0	0	-1	47	-1	0	0	-1	-1	-1	0	-1	-1
c15063	0	0	0	9	0	-1	0	45	-1	30	0	0	12	0	-1	0	0	0	0	-1	-1	-1	0	0	-1	0	0	-1	-1	-1
c15071	-1	0	0	0	-1	0	0	0	0	6	0	-1	12	-1	0	6	-1	4	-1	0	0	0	4	-1	-1	0	-1	0	0	0
c15082	0	0	0	-1	-1	-1	0	0	0	-1	-1	-1	-1	38	0	-1	13	-1	0	0	0	0	4	23	15	0	0	-1	0	0
c15083	0	0	0	0	0	0	0	0	0	-1	-1	-1	12	38	0	6	-1	-1	0	0	0	0	-1	-1	-1	29	23	0	0	-1
c15096	0	7	0	0	2	-1	0	0	12	0	0	0	0	0	0	-1	0	0	-1	0	42	0	0	45	39	0	0	0	-1	7
c15098	0	0	0	16	-1	-1	-1	0	0	-1	0	0	12	-1	-1	-1	0	0	0	0	47	-1	-1	-1	-1	0	37	0	-1	-1
c15099	-1	0	0	16	33	-1	0	0	0	12	0	-1	12	-1	-1	15	0	16	0	0	47	-1	0	0	15	0	-1	0	-1	-1
c15115	-1	0	0	11	50	-1	14	0	-1	0	0	0	12	0	-1	-1	0	49	-1	18	-1	0	0	45	0	0	0	0	0	0
c15120	12	0	0	9	21	47	-1	0	22	30	14	-1	12	0	-1	0	0	-1	0	0	47	25	0	0	-1	-1	50	-1	-1	-1
c15126	0	0	0	0	0	0	-1	19	14	12	0	0	0	47	0	-1	0	0	-1	0	0	0	25	45	0	0	-1	0	0	39
c15129	-1	0	0	9	0	47	0	0	22	30	0	0	12	47	-1	0	-1	39	-1	0	47	22	0	12	15	42	-1	12	-1	0
c15157	0	7	50	0	0	49	0	-1	0	0	0	0	39	49	0	0	-1	12	-1	0	0	0	0	45	0	23	45	-1	0	0
c15194	0	-1	0	0	0	0	0	-1	0	0	17	0	12	18	0	6	-1	0	0	0	-1	0	4	0	-1	0	0	0	0	4
c15199	0	0	0	9	49	47	23	0	22	30	-1	0	12	14	-1	45	45	39	0	0	47	-1	0	0	15	0	0	49	-1	14
c15222	0	7	0	0	2	0	-1	-1	-1	0	-1	0	0	0	12	0	-1	0	-1	0	0	0	0	45	0	0	-1	47	-1	0
c15229	12	0	-1	0	-1	0	-1	0	0	0	-1	0	-1	0	0	0	50	-1	0	-1	0	0	0	0	0	0	-1	0	0	-1
c15230	-1	-1	0	0	0	47	0	38	18	0	33	0	12	-1	-1	-1	-1	0	0	0	-1	12	-1	0	15	-1	0	33	-1	0
c15243	0	0	0	0	0	-1	0	0	4	6	0	0	12	38	-1	-1	0	4	0	45	47	0	4	43	-1	-1	0	-1	0	0
c15246	0	42	0	-1	-1	0	0	-1	43	0	0	0	-1	0	12	45	12	0	-1	19	0	-1	14	45	0	17	0	26	-1	21
c15252	0	7	0	0	-1	0	-1	-1	0	0	0	-1	0	0	0	0	-1	-1	-1	0	0	-1	0	45	0	-1	0	0	0	-1
c15257	-1	0	0	-1	32	0	0	0	0	15	47	0	0	18	25	45	0	14	-1	-1	0	17	0	45	0	0	49	-1	-1	0
c15266	0	-1	18	0	-1	0	-1	0	12	14	0	30	17	0	0	0	0	-1	-1	4	0	-1	0	45	0	-1	0	0	25	12
c15285	-1	0	0	0	-1	-1	42	23	0	-1	18	0	-1	0	0	0	0	49	-1	0	-1	50	8	45	0	0	0	0	0	-1
c15287	-1	0	0	16	33	47	0	0	0	-1	0	0	-1	15	-1	-1	0	39	0	-1	-1	0	0	-1	15	0	-1	6	0	0
c15294	0	-1	0	0	0	0	0	-1	43	0	0	23	0	0	12	45	12	-1	-1	0	-1	-1	14	45	-1	17	0	26	-1	21
c15339	-1	0	-1	0	0	-1	-1	0	0	0	-1	0	0	0	0	47	0	49	-1	0	-1	-1	0	45	0	0	0	0	-1	0
c15394	-1	0	-1	6	-1	-1	0	0	0	50	0	23	12	0	-1	6	0	4	50	0	-1	0	4	0	15	49	-1	0	-1	0
c15395	0	0	-1	-1	-1	-1	0	0	0	-1	-1	23	12	0	0	6	0	-1	50	0	-1	0	4	0	-1	49	-1	0	0	0
c15399	21	7	13	0	2	-1	0	0	12	19	0	0	0	7	44	0	-1	0	-1	-1	39	14	18	45	0	0	0	0	0	0
c15402	0	-1	0	49	0	0	0	0	50	6	0	0	12	38	45	6	0	-1	0	0	0	0	4	0	-1	0	28	-1	0	13
c15405	0	-1	0	-1	0	-1	0	0	-1	-1	0	0	12	0	-1	19	0	39	0	23	47	22	0	12	-1	0	-1	12	-1	50
c15410	-1	0	-1	0	0	0	0	0	0	-1	0	0	12	-1	12	6	0	0	-1	0	0	0	4	-1	15	0	-1	0	0	49
c15421	-1	-1	0	16	33	47	7	14	0	-1	-1	0	12	15	-1	0	-1	42	0	-1	47	-1	45	-1	15	0	0	0	-1	0
c15424	13	0	0	-1	0	0	33	-1	0	6	0	-1	12	-1	0	6	0	4	0	0	-1	12	4	0	15	0	0	-1	0	0
c15433	18	-1	49	0	0	-1	0	-1	0	0	49	36	49	42	0	0	0	-1	-1	0	41	28	0	45	0	0	4	14	0	0
c15436	0	7	0	-1	2	0	-1	0	12	0	14	14	12	18	0	-1	0	0	-1	0	-1	-1	0	45	-1	0	-1	15	0	43
c15442	-1	0	0	0	0	0	0	-1	0	6	0	11	12	38	0	-1	0	4	0	0	-1	0	4	0	-1	0	0	0	0	-1
c15443	0	-1	-1	0	0	-1	-1	0	0	6	0	11	12	38	-1	6	0	-1	0	0	-1	-1	4	0	15	0	0	0	-1	-1
c15464	0	0	0	9	0	47	-1	0	22	-1	-1	0	12	0	-1	0	0	-1	0	0	47	0	14	-1	15	-1	0	0	-1	0
c15492	0	0	0	0	0	0	0	0	-1	0	0	-1	0	0	-1	0	0	49	-1	0	-1	-1	0	45	0	0	-1	-1	25	0
c15501	-1	14	-1	23	49	0	0	19	14	12	-1	0	-1	47	49	-1	0	0	-1	0	-1	0	0	-1	-1	0	0	0	0	-1
c15514	0	0	0	0	1	42	0	-1	-1	-1	-1	0	0	0	0	0	3	49	-1	0	-1	50	-1	45	0	-1	0	0	0	0
c15531	0	0	0	0	16	0	18	19	14	12	6	0	0	-1	0	-1	0	0	-1	-1	0	50	0	45	30	-1	0	0	0	0
c15583	-1	-1	0	-1	49	0	0	19	14	12	-1	0	-1	47	0	0	0	0	-1	0	-1	0	-1	45	0	0	0	-1	0	-1
c15592	7	0	14	16	6	0	14	14	-1	-1	0	13	0	-1	-1	-1	0	28	-1	0	-1	0	0	45	0	0	-1	-1	0	0
c15593	7	0	-1	16	6	-1	14	14	-1	-1	0	13	-1	0	49	-1	0	28	-1	0	0	0	0	45	0	0	0	-1	0	-1
c15598	-1	30	-1	9	0	47	-1	0	22	30	0	14	12	31	-1	0	0	18	-1	3	47	-1	0	0	15	0	12	-1	-1	0
c15600	0	0	-1	-1	-1	0	0	0	46	0	-1	7	0	0	-1	0	0	49	-1	0	-1	0	0	45	0	0	0	-1	25	0
c15603	0	0	0	0	-1	0	-1	0	43	0	0	0	12	0	-1	6	0	-1	41	0	0	-1	4	49	15	41	3	0	0	-1
c15605	0	30	45	9	0	47	-1	-1	22	30	11	44	-1	0	-1	-1	0	-1	-1	-1	47	0	0	0	-1	18	12	-1	-1	-1
c15606	45	7	0	0	2	0	0	-1	30	0	0	4	0	-1	-1	0	0	0	-1	18	0	42	0	45	-1	0	-1	0	0	0
c15608	0	0	0	9	0	47	0	0	-1	30	0	0	-1	0	-1	-1	0	39	0	-1	47	22	0	12	-1	0	-1	12	-1	0
c15613	10	0	0	0	0	0	0	-1	0	6	0	0	-1	38	0	6	0	4	0	0	0	0	4	49	15	0	0	0	-1	0
c15628	12	0	10	9	21	-1	18	-1	-1	30	-1	4	12	0	-1	0	0	-1	0	0	47	-1	0	-1	15	0	50	25	-1	0
c15631	-1	-1	0	0	0	0	0	-1	0	6	0	-1	12	38	0	6	0	4	0	-1	0	-1	-1	0	-1	0	0	0	35	-1
c15641	0	0	0	18	-1	0	0	0	0	-1	-1	0	-1	38	0	-1	-1	4	0	50	0	46	4	46	-1	0	-1	0	0	0
c15654	0	-1	0	0	2	0	0	35	12	14	-1	30	0	-1	0	0	-1	0	-1	4	36	0	0	45	0	-1	10	-1	25	12
c15658	0	0	-1	12	0	9	0	37	0	0	47	0	-1	3	33	-1	50	-1	0	-1	0	0	0	0	49	-1	-1	0	0	-1
c15663	12	0	0	0	0	25	0	0	0	6	0	35	-1	38	23	-1	13	4	39	0	0	0	4	39	15	0	0	0	0	0
c15675	-1	0	0	0	18	0	0	0	-1	6	0	-1	12	38	0	6	0	4	-1	-1	0	-1	4	44	15	0	-1	-1	0	0
c15689	45	0	-1	0	0	-1	18	0	-1	-1	-1	0	-1	0	-1	0	0	18	-1	-1	47	-1	0	39	15	6	49	-1	23	43
c15712	0	0	0	0	0	0	0	0	0	0	-1	0	0	6	0	0	0	49	-1	0	-1	-1	0	45	0	0	0	-1	0	0
c15721	0	0	0	9	18	47	0	0	22	30	-1	0	12	0	-1	0	-1	39	-1	23	47	22	0	12	-1	0	-1	12	-1	-1
c15741	0	0	0	-1	-1	-1	0	0	0	6	0	-1	12	38	0	6	13	4	0	-1	-1	0	4	-1	15	0	-1	-1	0	-1
c15752	0	18	42	6	47	0	0	0	-1	50	21	23	12	0	-1	6	12	4	0	0	14	0	4	0	15	0	-1	-1	0	0
c15763	45	7	0	47	2	0	-1	-1	0	38	0	-1	0	-1	12	-1	0	0	-1	0	26	42	0	45	0	0	14	0	-1	0
c15775	0	7	15	0	0	16	0	-1	49	33	0	0	-1	49	0	0	23	0	-1	0	-1	0	-1	45	0	23	-1	-1	0	-1
c15778	0	-1	0	6	47	15	0	0	-1	50	18	-1	12	0	0	6	0	4	0	0	0	0	4	0	15	0	-1	0	41	0
c15779	0	-1	0	-1	47	15	0	31	0	50	18	23	12	0	0	6	0	4	0	0	0	0	4	0	15	0	-1	-1	41	0
c15786	0	12	47	16	33	47	-1	0	0	0	0	0	12	-1	-1	0	0	0	15	42	47	47	0	0	15	0	0	0	0	0
c15797	0	-1	-1	0	47	0	-1	0	41	0	12	0	12	-1	0	6	0	4	0	0	0	0	4	0	15	0	0	39	0	0
c15807	0	0	-1	0	0	-1	0	-1	0	0	0	23	-1	0	12	45	12	0	-1	0	0	0	-1	45	0	17	0	0	-1	21
c15821	0	0	-1	0	7	0	0	-1	5	-1	0	-1	-1	0	-1	0	50	6	0	-1	0	0	2	-1	0	0	0	0	0	0
c15839	0	34	20	9	0	47	-1	0	-1	30	0	0	-1	0	-1	0	-1	39	0	23	47	22	18	12	15	0	-1	12	-1	50
c15852	-1	0	-1	0	0	0	0	0	0	20	0	0	-1	0	0	-1	-1	0	0	0	0	4	4	0	-1	0	0	0	14	0
c15872	7	0	0	49	0	-1	0	0	0	-1	0	0	0	0	0	-1	0	0	-1	0	-1	-1	0	45	-1	0	18	-1	0	20
c15877	0	30	45	9	0	47	0	15	22	30	0	0	12	-1	-1	0	0	0	-1	0	47	0	0	14	15	0	12	-1	-1	0
c15905	-1	7	-1	0	2	0	0	-1	12	0	0	0	12	0	0	0	0	-1	-1	0	0	0	23	45	0	0	0	-1	0	0
c15925	0	12	-1	16	33	47	-1	-1	0	-1	11	0	-1	0	-1	25	0	-1	0	0	-1	0	0	-1	15	0	0	0	-1	0
c15945	-1	12	0	49	0	0	-1	19	14	-1	0	0	-1	47	-1	0	0	0	-1	0	0	0	0	45	0	-1	0	0	13	0
c15950	24	0	0	0	49	-1	0	-1	0	0	0	16	-1	-1	-1	-1	0	0	-1	-1	18	0	4	0	-1	0	0	0	0	0
c15956	0	0	0	0	0	47	0	0	0	0	0	0	0	18	25	45	0	0	-1	0	-1	0	0	45	0	0	49	-1	-1	-1
c15973	-1	0	0	0	0	-1	0	19	14	12	0	0	33	47	0	0	0	0	-1	23	0	0	0	45	0	0	12	0	13	0
c15976	0	0	0	0	-1	0	-1	19	14	12	-1	0	0	0	0	0	-1	-1	-1	0	-1	0	0	45	0	0	0	0	0	7
c16002	0	-1	-1	0	0	0	0	-1	0	-1	0	0	12	38	0	6	0	4	0	0	0	0	4	-1	-1	0	-1	0	-1	0
c16003	-1	-1	-1	0	0	0	0	0	0	-1	0	0	12	38	-1	-1	0	4	0	0	0	0	4	49	-1	0	-1	0	-1	0
c16028	-1	14	0	0	49	0	0	19	14	12	0	-1	0	47	7	0	23	-1	-1	-1	0	-1	0	-1	0	0	-1	0	0	-1
c16029	-1	-1	0	0	49	0	0	-1	14	-1	0	0	0	-1	7	0	23	-1	-1	0	-1	0	-1	-1	0	0	0	-1	0	-1
c16030	-1	0	-1	0	0	0	-1	23	0	0	0	14	-1	0	-1	0	50	6	-1	47	0	-1	0	0	0	-1	0	0	-1	0
c16035	-1	14	0	0	49	0	0	-1	14	12	0	0	0	47	7	0	23	0	-1	-1	0	0	0	-1	-1	0	0	0	0	-1
c16052	0	7	0	0	0	42	0	-1	0	-1	17	0	-1	0	-1	6	0	0	0	0	18	0	4	0	-1	0	-1	-1	0	4
c16071	0	8	-1	0	-1	-1	21	14	0	45	0	50	12	29	0	0	0	0	0	0	0	0	4	0	15	0	-1	0	0	0
c16072	0	0	-1	0	0	0	0	23	-1	-1	0	0	-1	0	45	49	50	6	0	47	0	0	0	0	0	18	0	0	0	0
c16089	-1	-1	-1	0	0	-1	0	-1	0	0	0	-1	12	0	17	6	0	0	0	0	0	4	4	0	15	0	-1	7	14	0
c16097	-1	0	0	-1	47	0	0	0	25	13	-1	0	12	-1	0	6	0	-1	0	0	12	0	4	0	15	-1	0	0	0	-1
c16107	0	0	0	6	47	15	14	0	0	50	-1	-1	12	0	0	-1	-1	4	0	0	-1	0	-1	0	15	0	-1	0	0	0
c16111	0	7	0	0	2	0	0	0	0	0	-1	45	0	0	0	0	0	-1	-1	0	0	0	0	45	0	-1	0	0	0	0
c16121	-1	0	-1	16	-1	47	0	0	-1	0	0	0	-1	-1	-1	23	0	39	0	0	47	-1	-1	-1	-1	0	0	-1	-1	0
c16152	-1	0	0	16	33	-1	0	0	0	-1	0	0	12	-1	-1	23	0	39	0	0	47	-1	-1	0	15	0	0	50	0	0
c16167	0	-1	0	0	0	0	0	0	0	6	0	0	12	38	0	6	0	-1	-1	-1	-1	0	4	12	15	0	45	0	0	-1
c16175	-1	-1	-1	0	0	0	-1	-1	12	0	0	0	12	0	0	-1	-1	0	0	0	-1	-1	4	43	-1	0	0	0	0	0
c16191	12	47	-1	9	21	47	18	0	22	30	0	4	-1	0	-1	0	-1	0	0	-1	47	25	0	0	15	0	50	25	-1	0
c16200	0	0	0	0	25	0	-1	-1	0	6	0	-1	12	38	0	-1	0	-1	0	-1	0	0	4	0	-1	-1	0	0	0	0
c16201	0	0	-1	0	25	0	0	-1	0	6	0	-1	12	38	0	6	0	-1	0	-1	0	0	4	0	-1	0	0	0	0	0
c16203	0	-1	14	0	2	0	-1	0	12	-1	0	30	23	0	0	0	18	-1	-1	0	12	0	0	45	-1	0	0	12	0	0
c16254	0	0	0	0	0	-1	0	-1	23	0	39	0	0	0	12	45	12	0	-1	0	4	0	0	45	0	17	0	0	-1	0
c16259	0	7	0	-1	2	0	-1	-1	12	-1	0	14	12	0	38	0	0	-1	-1	0	0	0	-1	45	0	12	0	0	19	0
c16263	50	-1	-1	9	0	47	18	0	22	30	-1	0	12	-1	-1	-1	-1	0	0	0	47	25	0	0	15	0	33	0	-1	-1
c16280	0	7	-1	23	-1	0	0	0	12	0	-1	-1	12	-1	0	-1	-1	-1	-1	0	-1	0	0	-1	-1	-1	0	0	0	0
c16281	0	7	0	23	2	0	0	0	12	-1	0	14	12	0	0	0	0	0	-1	0	50	0	0	45	0	0	0	0	0	0
c16297	50	0	0	0	0	0	0	0	0	-1	0	0	12	38	0	6	0	-1	-1	0	-1	-1	4	0	15	0	-1	0	0	0
c16316	0	0	0	16	33	-1	0	-1	0	0	-1	-1	12	15	-1	0	0	-1	0	-1	47	-1	18	0	15	-1	0	-1	-1	0
c16323	0	23	38	0	0	24	-1	-1	-1	50	-1	0	0	0	42	0	23	49	-1	33	-1	-1	30	45	39	0	0	-1	-1	0
c16326	0	0	38	0	0	24	0	9	-1	-1	0	-1	0	0	42	0	23	49	-1	-1	-1	0	30	45	0	0	0	0	-1	0
c16329	0	-1	0	-1	44	0	-1	0	25	-1	-1	-1	-1	0	0	6	0	0	18	0	0	45	4	0	15	41	3	-1	-1	50
c16331	0	0	0	0	0	0	0	-1	14	12	0	0	0	47	37	0	0	0	-1	0	0	0	0	-1	0	0	0	0	13	0
c16382	0	-1	44	16	33	47	0	0	0	14	0	-1	12	15	-1	2	0	0	22	0	47	-1	13	0	15	0	0	-1	0	0
c16385	0	-1	0	0	0	-1	22	12	42	7	0	5	-1	-1	-1	-1	0	0	0	15	-1	0	0	-1	15	45	41	0	-1	0
c16394	0	30	45	9	0	47	0	0	22	30	0	0	12	0	-1	17	0	0	-1	0	47	0	0	0	15	-1	12	-1	-1	0
c16401	45	7	0	-1	2	0	0	0	12	14	0	30	0	-1	-1	0	0	0	-1	0	0	-1	0	-1	-1	0	0	0	-1	12
c16402	3	33	12	9	-1	47	0	19	22	30	0	25	12	0	-1	-1	0	39	0	0	47	-1	-1	0	15	0	-1	0	-1	0
c16419	0	7	50	0	2	31	0	0	12	0	-1	0	0	-1	-1	0	-1	0	-1	-1	0	0	-1	-1	0	50	0	0	0	-1
c16450	0	0	0	0	12	0	0	23	0	0	18	0	0	0	-1	0	-1	49	-1	0	-1	0	8	45	-1	-1	0	-1	0	6
c16457	-1	50	-1	13	-1	0	0	-1	45	0	12	0	12	0	-1	6	21	0	0	0	-1	0	-1	0	-1	0	0	0	0	0
c16459	0	0	0	-1	0	0	0	19	14	-1	19	0	0	-1	0	0	0	0	-1	0	0	-1	-1	45	0	0	-1	0	-1	0
c16464	0	0	0	-1	-1	12	0	26	4	6	0	0	12	38	0	-1	0	4	0	45	47	0	4	0	15	0	0	4	0	-1
c16465	0	0	0	-1	0	12	0	-1	4	6	0	0	-1	38	0	6	-1	4	0	45	47	0	4	0	15	0	0	4	-1	-1
c16467	-1	-1	0	-1	0	0	-1	14	50	-1	0	50	12	0	0	0	0	0	0	0	-1	0	-1	-1	15	0	0	0	-1	0
c16470	0	0	0	9	0	47	0	0	22	30	-1	0	12	-1	-1	0	-1	39	7	0	-1	-1	0	12	15	0	-1	12	-1	-1
c16472	0	0	0	0	-1	0	0	0	0	6	0	35	12	38	0	6	-1	4	0	0	0	0	4	0	15	0	0	-1	0	0
c16486	0	7	0	-1	2	-1	-1	0	12	-1	-1	0	12	0	0	-1	0	-1	-1	0	0	0	23	45	0	-1	0	12	0	0
c16495	0	-1	-1	9	0	-1	0	0	22	30	0	0	12	0	-1	0	0	0	-1	0	47	-1	-1	0	15	-1	-1	-1	-1	0
c16500	0	0	-1	0	0	0	0	0	0	0	-1	0	18	-1	25	45	-1	0	-1	0	0	0	0	-1	0	0	49	0	-1	0
c16506	-1	30	-1	0	0	0	0	0	0	0	6	0	-1	0	23	-1	3	49	-1	0	-1	50	0	45	0	0	0	0	0	0
c16508	23	0	-1	0	0	0	0	-1	0	0	0	7	0	0	0	0	0	49	-1	0	-1	42	-1	45	0	0	39	42	25	0
c16511	0	18	0	0	25	7	-1	-1	0	6	0	-1	12	38	0	6	0	4	-1	0	0	0	4	0	-1	0	0	0	0	0
c16513	0	0	-1	0	0	-1	0	12	0	42	12	0	-1	0	33	0	50	6	0	47	-1	0	0	0	3	0	0	0	-1	-1
c16515	0	7	23	0	2	50	-1	0	-1	-1	-1	14	12	50	0	0	-1	42	-1	0	47	50	0	-1	0	0	0	0	-1	-1
c16520	0	9	-1	18	0	22	0	19	14	12	0	0	-1	0	20	-1	0	0	-1	0	0	0	-1	45	0	0	0	0	0	0
c16522	0	0	0	6	47	-1	0	0	0	50	-1	23	12	0	-1	6	-1	-1	0	0	0	0	4	0	15	0	-1	0	-1	0
c16530	0	-1	-1	0	0	0	0	19	-1	12	0	-1	47	0	-1	0	-1	-1	-1	0	0	0	0	45	-1	0	0	50	45	0
c16533	0	34	-1	9	0	47	0	-1	-1	30	0	0	12	0	-1	19	0	39	0	23	47	22	0	12	15	0	-1	12	-1	-1
c16546	13	0	0	-1	0	0	-1	0	12	6	0	0	12	38	-1	6	0	4	0	0	0	50	4	0	15	0	0	0	0	0
c16547	13	0	0	0	0	-1	-1	0	12	6	0	0	12	38	0	-1	-1	4	0	0	0	50	4	0	15	0	0	0	0	-1
c16556	0	0	0	0	0	-1	0	19	14	12	0	0	-1	0	0	0	-1	0	-1	0	0	0	0	45	0	0	0	50	0	0
c16557	-1	0	0	0	0	0	0	19	14	12	0	0	47	-1	0	0	-1	0	-1	-1	0	-1	0	45	0	0	0	50	0	0
c16560	4	8	0	-1	0	2	0	0	18	0	0	0	12	0	0	47	0	50	-1	12	-1	0	4	0	15	-1	0	0	33	0
c16584	0	0	0	6	47	0	0	13	0	50	-1	-1	-1	0	0	6	0	4	-1	-1	-1	28	4	0	15	49	-1	0	0	0
c16604	0	7	0	0	2	0	-1	0	12	14	0	30	0	0	50	0	0	0	-1	0	-1	0	0	45	-1	-1	0	-1	0	-1
c16613	0	0	-1	0	0	0	0	19	14	-1	0	0	-1	47	19	-1	0	0	-1	0	0	0	-1	45	-1	-1	0	0	0	0
c16614	0	0	-1	15	0	0	0	0	0	0	31	0	12	-1	0	6	0	4	0	0	0	0	-1	-1	-1	26	-1	49	0	41
c16616	-1	0	0	0	18	-1	0	-1	0	6	0	0	12	38	-1	6	0	4	0	0	-1	0	4	0	15	-1	-1	0	-1	0
c16635	0	-1	0	0	0	0	0	-1	0	6	0	0	12	38	0	-1	0	4	0	0	-1	-1	4	0	15	0	0	12	0	45
c16667	0	0	0	0	17	15	-1	-1	0	-1	0	0	0	0	12	45	12	0	-1	0	28	-1	0	-1	0	-1	0	0	-1	14
c16671	-1	14	0	0	49	0	0	19	14	-1	0	0	49	47	49	-1	0	0	-1	0	0	0	0	45	-1	0	0	0	-1	-1
c16686	0	0	0	9	49	47	23	0	22	30	0	0	12	14	-1	45	45	39	0	-1	47	-1	0	0	15	0	0	-1	-1	0
c16696	0	30	-1	0	0	4	0	0	-1	6	-1	0	12	38	-1	-1	0	-1	0	0	-1	0	4	-1	-1	0	0	0	0	-1
c16708	45	-1	0	0	20	0	-1	0	0	6	0	35	12	-1	0	6	0	4	-1	0	0	0	4	0	15	0	0	0	0	0
c16713	0	7	0	0	-1	0	0	18	0	-1	0	0	33	-1	0	18	0	-1	-1	0	0	-1	0	45	0	14	0	0	0	0
c16718	0	50	43	-1	11	14	0	0	0	-1	0	0	-1	38	0	6	0	4	0	-1	0	0	4	0	-1	-1	0	-1	0	-1
c16723	0	0	0	9	-1	47	50	0	22	-1	39	0	12	0	-1	-1	0	-1	0	0	47	22	0	12	-1	0	-1	12	-1	-1
c16727	0	0	14	0	41	0	23	-1	0	0	0	34	35	0	12	45	12	0	-1	0	0	0	0	-1	0	17	0	0	-1	0
c16738	13	-1	0	0	0	0	-1	-1	-1	6	0	0	12	-1	0	-1	0	4	0	0	18	0	4	0	15	-1	0	-1	-1	0
c16751	0	7	0	23	2	0	0	0	12	0	-1	14	-1	0	0	0	0	0	-1	-1	0	0	0	45	-1	0	0	0	0	0
c16756	45	0	0	0	0	0	0	0	0	6	0	-1	12	38	0	6	0	4	0	0	-1	0	4	-1	15	0	0	-1	0	0
c16757	45	-1	0	0	-1	0	0	0	0	6	0	-1	12	38	0	6	-1	4	0	0	0	0	4	0	-1	0	0	0	0	0
c16780	0	0	0	16	33	47	0	0	0	-1	0	14	12	15	-1	0	45	39	0	0	47	-1	0	0	15	12	0	-1	0	0
c16798	0	0	17	9	43	47	-1	0	-1	30	-1	0	12	45	-1	0	0	39	0	0	47	22	0	-1	15	0	-1	12	-1	0
c16799	0	0	17	9	43	47	-1	0	-1	30	0	0	12	45	-1	0	0	39	0	0	47	22	0	12	-1	0	-1	-1	-1	0
c16808	42	-1	-1	15	2	0	-1	0	12	-1	-1	0	0	0	0	-1	0	-1	-1	0	0	-1	0	45	-1	0	0	4	0	-1
c16811	0	0	0	9	0	47	0	0	22	30	0	0	12	47	-1	0	0	39	-1	-1	47	22	0	12	15	6	-1	12	-1	0
c16825	-1	-1	-1	14	0	0	0	0	0	0	-1	0	-1	0	47	6	0	0	0	-1	0	-1	4	0	15	0	0	0	0	-1
c16847	-1	33	0	-1	47	15	0	0	0	50	-1	23	12	0	-1	6	0	4	0	-1	50	-1	-1	0	15	-1	-1	0	0	-1
c16857	0	7	0	0	-1	16	2	-1	-1	0	14	0	0	49	0	-1	0	0	-1	0	-1	0	0	45	-1	23	45	0	0	0
c16884	-1	7	23	0	-1	0	0	0	0	6	0	33	-1	-1	-1	6	-1	-1	0	0	0	0	4	0	15	0	0	0	13	0
c16894	0	7	0	0	2	0	0	-1	0	0	0	45	0	0	0	-1	0	-1	-1	0	-1	-1	0	45	0	0	0	0	0	0
c16908	14	0	39	-1	0	0	0	0	-1	0	0	0	12	32	-1	6	0	0	17	0	0	-1	4	16	15	0	20	-1	0	50
c16916	0	49	0	0	-1	0	0	-1	-1	0	6	41	0	0	0	0	47	49	-1	0	-1	0	-1	45	0	0	12	0	0	0
c16947	0	-1	0	9	0	47	18	0	-1	30	0	-1	12	0	-1	13	0	-1	0	-1	47	25	0	33	-1	0	0	0	-1	0
c16949	0	0	0	0	7	0	0	0	0	6	6	0	0	0	0	0	0	49	-1	0	-1	-1	0	-1	42	-1	0	0	-1	0
c16958	0	-1	0	6	47	-1	0	0	0	50	0	-1	12	0	0	6	0	4	-1	0	-1	0	4	0	15	-1	-1	-1	0	0
c16962	-1	0	-1	-1	0	0	0	0	0	6	-1	0	12	38	0	6	0	4	0	0	0	-1	4	-1	-1	0	-1	0	0	0
c16969	-1	12	-1	16	33	-1	-1	0	0	-1	-1	-1	12	-1	-1	35	0	-1	0	-1	-1	0	-1	-1	15	0	-1	0	-1	0
c16982	-1	-1	0	-1	0	0	0	0	0	0	0	0	0	-1	0	47	0	49	-1	0	-1	0	0	45	0	0	0	0	0	0
c17007	0	0	0	0	0	0	0	-1	0	0	0	0	-1	0	14	-1	0	0	0	0	18	0	-1	0	15	0	0	0	-1	-1
c17031	0	34	-1	9	0	47	-1	0	-1	-1	7	0	12	-1	-1	19	0	39	0	23	-1	22	0	-1	15	0	-1	-1	-1	50
c17066	0	-1	-1	0	2	0	0	0	12	-1	0	0	-1	0	0	-1	0	0	-1	15	0	0	0	45	-1	0	0	0	0	7
c17070	0	-1	0	0	2	0	0	0	12	14	0	30	0	0	0	-1	45	0	-1	0	-1	0	0	-1	-1	0	12	0	0	12
c17072	0	0	0	-1	0	47	0	0	0	-1	0	12	-1	18	25	45	0	0	-1	0	14	-1	0	-1	0	0	49	22	-1	-1
c17083	24	0	0	0	49	-1	-1	-1	0	-1	0	16	12	0	14	-1	36	0	0	-1	18	0	4	0	15	0	-1	0	0	0
c17090	0	0	-1	49	-1	0	0	0	0	0	0	7	0	0	0	0	0	-1	-1	0	-1	-1	0	45	-1	0	0	-1	25	0
c17096	-1	7	0	0	0	0	0	0	0	6	0	0	12	-1	0	6	0	4	0	0	0	0	4	-1	-1	-1	0	0	0	-1
c17105	0	0	0	-1	47	0	-1	0	25	-1	0	0	12	-1	-1	6	0	4	0	0	12	0	4	0	15	0	0	0	0	0
c17126	0	7	0	-1	2	-1	0	-1	12	0	0	0	45	25	0	-1	0	43	-1	-1	0	-1	0	45	0	-1	0	-1	0	7
c17136	-1	7	0	-1	2	-1	-1	0	12	14	47	30	0	-1	0	-1	0	-1	-1	18	0	0	0	-1	-1	-1	0	0	0	0
c17143	0	-1	-1	-1	30	-1	0	-1	0	-1	-1	0	-1	-1	-1	23	0	18	23	15	47	-1	-1	39	-1	43	-1	-1	0	0
c17146	28	25	0	-1	-1	47	-1	-1	0	42	20	0	12	12	-1	0	14	-1	-1	0	47	45	-1	12	-1	0	0	-1	0	38
c17152	0	-1	45	16	-1	47	0	-1	0	0	0	-1	12	15	-1	0	0	23	0	0	47	-1	0	0	15	0	-1	0	-1	0
c17158	0	0	0	0	0	0	-1	0	0	0	6	0	0	6	-1	0	-1	49	-1	-1	-1	-1	-1	45	0	0	0	0	0	0
c17178	-1	7	0	0	2	-1	0	0	12	14	47	30	0	0	0	14	0	0	-1	18	0	0	0	-1	33	0	0	0	0	0
c17183	0	0	0	50	47	-1	-1	0	0	0	-1	0	12	13	0	6	0	4	0	45	0	-1	4	-1	15	0	-1	39	24	0
c17195	0	7	0	0	-1	0	0	0	-1	0	0	45	0	0	-1	45	-1	-1	-1	0	0	0	0	45	0	0	26	0	0	-1
c17196	-1	0	0	47	0	0	-1	42	0	41	-1	22	-1	0	22	0	0	49	-1	50	-1	13	42	-1	0	0	0	0	0	0
c17204	-1	7	0	0	0	0	-1	0	-1	0	17	0	12	18	44	6	-1	0	0	0	18	0	4	0	-1	33	0	0	-1	4
c17217	0	-1	0	0	0	0	0	-1	0	6	0	0	12	38	0	6	0	4	0	0	0	0	4	0	15	-1	-1	0	-1	-1
c17228	45	0	0	0	0	-1	0	-1	0	6	0	35	-1	38	0	-1	0	4	17	0	0	-1	-1	0	-1	-1	0	0	0	-1
c17236	7	7	41	-1	2	0	47	0	12	14	45	30	16	0	0	0	0	-1	-1	4	-1	0	0	45	0	0	-1	0	25	-1
c17267	0	18	0	0	23	23	0	-1	0	0	39	0	0	45	12	45	-1	0	-1	0	-1	0	0	45	0	17	0	0	-1	0
c17290	0	7	-1	15	2	0	0	0	12	0	-1	0	-1	0	0	0	-1	2	-1	0	4	0	0	45	0	0	0	4	0	-1
c17291	0	-1	0	15	2	0	-1	0	12	0	0	0	0	0	0	0	0	2	-1	0	4	0	0	45	0	0	0	-1	0	-1
c17297	0	0	45	9	0	47	0	0	-1	30	-1	0	12	0	-1	0	0	0	-1	0	47	0	0	0	15	0	-1	-1	-1	12
c17298	-1	23	-1	9	12	47	0	0	22	30	0	0	12	0	-1	0	0	39	0	0	47	0	-1	0	15	0	0	0	-1	0
c17312	0	30	-1	-1	0	0	0	0	0	6	-1	0	12	38	0	6	0	4	0	0	-1	0	4	0	15	0	0	-1	0	-1
c17318	0	7	18	0	2	0	0	0	-1	-1	4	30	0	0	0	0	-1	0	-1	-1	0	0	0	45	47	0	0	0	25	12
c17340	0	33	-1	2	0	0	0	0	0	6	0	0	12	38	0	6	43	4	0	0	0	-1	4	0	-1	0	0	45	0	0
c17356	0	12	-1	16	33	47	0	0	0	0	0	-1	12	0	-1	0	0	50	0	-1	-1	0	-1	34	15	-1	0	0	0	4
c17379	0	0	0	-1	0	0	0	0	0	6	0	-1	12	38	0	6	0	4	0	0	0	0	-1	49	15	0	-1	-1	0	0
c17385	0	8	0	0	-1	0	0	0	-1	0	0	-1	12	0	0	0	0	50	0	0	0	0	4	0	15	0	47	0	0	-1
c17412	-1	-1	41	18	0	0	0	19	-1	-1	0	33	-1	0	20	0	0	0	-1	0	16	0	17	45	-1	0	0	0	0	0
c17428	0	0	-1	0	0	47	-1	0	0	6	0	0	12	38	-1	6	0	4	-1	0	0	0	4	0	-1	-1	0	0	0	-1
c17438	-1	0	0	0	0	0	0	0	18	6	0	-1	-1	38	0	6	0	4	0	0	0	0	-1	49	15	21	-1	0	0	0
c17439	0	0	0	0	0	0	-1	0	18	-1	0	0	12	-1	0	6	0	4	-1	0	0	0	4	49	15	-1	-1	0	-1	0
c17456	0	-1	0	-1	33	47	14	0	17	-1	0	47	-1	0	-1	0	-1	0	0	0	47	47	0	0	15	-1	0	-1	0	39
c17463	0	0	33	-1	33	47	0	0	0	0	0	-1	-1	15	-1	0	45	39	-1	0	47	0	0	0	15	12	0	0	0	-1
c17465	0	-1	0	-1	33	47	-1	0	0	0	0	0	12	0	-1	0	-1	9	26	0	47	-1	0	-1	-1	0	-1	-1	0	3
c17477	14	26	-1	0	-1	0	0	0	12	0	0	0	12	0	-1	6	0	0	-1	0	21	0	-1	6	15	0	0	0	0	-1
c17479	0	0	-1	0	0	0	0	0	-1	0	0	3	12	-1	0	6	0	4	0	0	-1	-1	-1	38	15	0	-1	49	0	41
c17506	0	0	47	0	-1	-1	-1	19	14	12	-1	0	0	47	0	-1	1	0	-1	0	0	0	-1	45	0	-1	0	0	-1	0
c17510	0	-1	0	-1	44	-1	-1	0	0	0	0	0	-1	0	-1	-1	0	0	0	0	0	45	4	0	15	41	3	0	0	0
c17516	0	-1	0	0	47	0	0	19	14	12	0	33	0	47	0	0	0	0	-1	0	0	0	0	45	-1	0	0	0	23	0
c17517	0	-1	0	0	47	0	0	19	14	12	0	33	0	47	0	0	0	0	-1	0	0	0	0	45	-1	-1	0	0	-1	0
c17519	-1	7	-1	0	2	0	0	0	-1	0	0	0	-1	0	0	0	0	-1	-1	0	0	0	23	45	0	0	0	12	0	0
c17520	-1	12	0	-1	47	15	-1	-1	-1	50	0	23	12	0	-1	6	0	4	23	0	0	0	4	2	15	0	-1	0	18	45
c17523	14	0	39	-1	0	18	0	0	0	0	-1	0	12	0	-1	6	0	-1	0	0	21	-1	4	6	15	0	-1	-1	0	0
c17531	-1	7	0	0	2	0	-1	-1	12	14	50	30	-1	13	-1	0	0	13	-1	4	0	-1	0	45	-1	0	0	0	25	12
c17538	0	13	-1	0	0	-1	0	-1	-1	0	0	23	-1	0	0	0	-1	49	-1	0	-1	0	0	45	38	0	0	-1	0	0
c17568	0	0	0	-1	47	15	0	-1	0	50	18	23	12	0	0	6	0	4	0	-1	50	-1	4	0	15	-1	-1	0	0	-1
c17573	-1	42	0	0	0	0	14	0	-1	0	-1	0	0	0	0	0	0	49	-1	-1	-1	0	0	45	0	0	12	0	0	0
c17599	0	0	0	9	0	47	0	0	22	30	0	0	12	49	-1	11	0	-1	-1	3	47	42	42	0	15	0	-1	0	-1	0
c17601	-1	0	-1	0	0	14	0	23	0	0	0	0	-1	0	45	0	50	-1	-1	47	-1	-1	0	0	0	-1	0	33	0	0
c17603	0	-1	0	0	2	0	0	0	12	47	0	-1	12	0	0	0	0	0	-1	0	0	0	23	45	0	0	-1	-1	47	22
c17623	16	7	4	-1	0	-1	-1	0	9	6	-1	0	12	-1	0	6	26	4	0	0	-1	0	4	0	15	0	-1	-1	0	0
c17628	0	0	0	49	0	0	0	19	14	12	0	0	0	47	0	0	0	0	-1	0	0	0	-1	45	0	0	0	0	-1	0
c17646	0	7	0	0	2	0	0	35	12	14	0	30	-1	0	0	0	0	0	-1	4	36	-1	0	45	0	3	-1	0	25	-1
c17671	0	0	-1	0	19	-1	0	45	-1	-1	-1	0	-1	0	-1	0	0	-1	-1	15	47	-1	0	39	15	0	-1	11	0	0
c17673	0	0	22	9	-1	-1	0	0	22	-1	0	50	12	0	-1	-1	0	0	0	1	47	19	23	0	15	0	-1	0	-1	0
c17674	14	0	39	-1	0	-1	0	0	0	0	-1	0	12	0	-1	6	0	0	0	0	21	0	-1	6	15	-1	0	0	0	0
c17675	14	0	39	-1	0	18	0	0	-1	0	0	0	12	0	-1	6	0	0	0	0	21	-1	4	6	15	0	0	0	0	0
c17676	0	7	12	0	0	0	0	0	0	0	-1	0	12	0	0	6	0	0	-1	-1	18	22	-1	0	-1	-1	0	-1	0	4
c17679	0	0	0	6	-1	0	0	0	6	50	-1	23	12	0	-1	6	-1	4	0	-1	0	0	4	0	15	42	-1	0	0	0
c17682	0	9	41	18	0	22	0	19	14	12	0	0	-1	0	20	27	0	0	-1	0	0	0	17	45	-1	0	0	0	-1	0
c17683	0	9	41	18	-1	22	0	19	14	12	0	0	-1	0	20	27	0	0	-1	-1	-1	0	17	45	0	0	0	0	0	0
c17689	0	-1	0	0	0	47	0	0	0	0	0	-1	0	18	25	-1	0	0	-1	0	-1	0	-1	-1	0	0	49	22	-1	-1
c17696	0	0	0	-1	-1	0	0	0	0	0	0	-1	0	0	-1	0	0	49	-1	-1	-1	0	0	45	0	0	0	-1	-1	0
c17698	0	0	0	0	-1	0	0	0	0	6	0	50	12	-1	-1	6	15	4	38	-1	0	0	4	0	-1	0	0	0	50	0
c17717	0	7	-1	0	2	0	23	28	12	0	-1	0	0	-1	0	0	0	0	-1	0	0	0	42	45	-1	0	0	0	0	0
c17730	0	6	0	16	33	47	0	0	33	0	0	0	12	15	-1	0	-1	0	-1	0	47	-1	0	0	15	-1	0	0	-1	0
c17732	0	0	49	0	0	0	0	-1	-1	0	49	36	-1	0	0	0	0	0	-1	0	41	28	0	45	0	0	-1	14	0	4
c17741	0	0	0	9	0	47	0	45	-1	30	26	0	12	0	-1	0	-1	0	0	23	47	0	0	0	-1	0	-1	-1	-1	0
c17753	6	0	0	0	0	0	0	0	47	6	0	0	-1	38	0	6	0	4	-1	0	0	0	4	0	15	-1	0	-1	35	-1
c17758	0	0	0	-1	33	47	0	-1	0	0	14	36	12	15	-1	0	0	23	-1	0	-1	-1	0	42	-1	0	0	0	-1	0
c17800	-1	-1	0	9	49	47	23	0	-1	30	0	0	12	14	-1	45	45	39	50	0	47	-1	0	0	15	13	0	49	-1	0
c17803	-1	25	0	16	33	-1	-1	0	0	0	0	0	12	0	-1	0	16	0	-1	0	-1	0	-1	36	15	-1	0	-1	0	0
c17810	47	50	-1	-1	0	0	0	0	0	0	-1	0	-1	16	-1	0	50	6	47	47	0	-1	0	0	-1	0	0	0	0	0
c17819	49	7	0	15	-1	0	0	0	-1	-1	0	-1	25	-1	0	0	0	0	-1	-1	0	0	0	-1	-1	0	0	-1	-1	-1
c17821	0	-1	-1	16	33	47	0	0	0	0	0	49	12	15	-1	23	0	39	0	0	-1	0	-1	-1	15	-1	0	0	0	0
c17829	-1	-1	-1	0	-1	0	-1	0	0	0	0	-1	12	28	17	6	0	4	0	0	0	0	-1	-1	15	0	0	49	0	41
c17836	12	0	10	9	21	47	18	0	22	30	0	4	12	0	-1	0	0	0	0	0	47	25	-1	0	15	0	50	25	-1	0
c17843	0	-1	18	16	33	47	0	-1	0	0	-1	18	12	15	-1	0	0	-1	0	0	47	-1	0	0	-1	-1	49	-1	-1	-1
c17859	0	12	-1	16	33	47	0	-1	0	-1	11	0	-1	0	-1	41	0	0	0	0	47	-1	18	0	15	-1	0	0	-1	49
c17873	-1	34	0	9	0	47	-1	-1	22	-1	-1	0	12	0	-1	0	18	-1	0	-1	47	22	18	12	15	-1	-1	12	-1	50
c17885	50	0	-1	0	-1	0	0	0	-1	-1	0	-1	0	-1	-1	47	0	49	-1	0	-1	0	0	-1	-1	0	0	0	0	0
c17910	0	0	-1	-1	50	0	14	0	0	0	0	0	0	-1	-1	0	0	49	-1	18	-1	0	-1	45	0	-1	-1	0	0	0
c17916	42	0	0	-1	0	0	0	19	-1	12	0	38	-1	47	0	0	0	0	-1	-1	0	0	25	-1	0	0	-1	0	-1	39
c17917	42	0	0	-1	0	0	0	19	14	12	0	38	0	47	0	0	0	0	-1	0	0	0	25	45	0	0	0	0	0	39
c17936	45	7	0	-1	2	0	23	-1	0	38	0	0	0	-1	12	0	0	0	-1	50	0	42	0	45	0	-1	14	0	0	0
c17947	-1	0	0	0	-1	0	0	0	0	6	0	11	12	-1	0	6	0	4	0	50	-1	-1	4	-1	15	0	0	0	0	-1
c17961	0	7	50	0	0	49	0	-1	0	-1	0	-1	39	49	0	0	-1	12	-1	0	0	0	0	45	0	23	-1	-1	0	0
c17963	0	0	0	6	-1	0	0	12	-1	50	-1	23	12	0	47	6	-1	4	0	0	0	0	4	0	15	0	-1	0	-1	0
c17974	0	0	0	-1	-1	47	0	-1	0	6	0	0	12	38	-1	6	0	4	0	0	0	-1	4	0	15	0	0	-1	0	-1
c17992	0	7	-1	0	2	0	0	50	12	0	0	-1	0	0	0	0	0	0	-1	39	0	0	-1	45	12	-1	0	14	0	-1
c18008	0	7	-1	0	49	-1	-1	0	-1	6	0	-1	-1	-1	0	-1	-1	4	-1	0	0	-1	4	0	-1	0	31	0	-1	0
c18016	44	-1	34	2	0	0	49	0	41	6	0	0	12	38	-1	6	39	4	50	-1	0	-1	4	49	15	49	0	0	0	0
c18023	-1	-1	0	-1	0	47	-1	0	22	30	0	4	-1	-1	-1	0	0	-1	-1	0	47	-1	0	0	15	0	0	0	-1	8
c18027	-1	0	0	0	0	0	0	0	50	-1	0	0	0	18	25	45	0	0	-1	0	0	0	0	45	0	0	49	0	-1	0
c18042	-1	22	0	-1	0	47	18	0	22	30	0	23	-1	0	-1	0	7	-1	0	0	-1	25	0	0	-1	0	12	0	-1	0
c18091	0	0	49	0	0	13	-1	0	-1	12	-1	36	0	0	0	0	0	0	-1	0	-1	28	-1	45	0	-1	4	14	0	-1
c18111	0	0	-1	0	-1	-1	-1	0	41	0	0	12	-1	14	0	6	0	-1	0	0	0	0	4	0	-1	13	-1	39	0	0
c18117	17	23	-1	0	-1	0	0	0	0	45	47	5	12	0	0	6	0	0	0	0	-1	0	4	0	15	0	0	0	0	-1
c18124	0	0	-1	0	11	0	-1	-1	-1	-1	0	0	-1	0	12	45	12	0	-1	0	0	0	0	45	15	17	0	0	-1	0
c18134	13	0	43	0	47	0	-1	-1	41	0	0	0	12	14	0	6	0	4	0	0	-1	0	-1	16	15	0	0	39	0	0
c18150	17	23	22	0	0	0	0	-1	-1	45	0	0	12	0	0	6	0	-1	0	0	-1	0	4	0	-1	-1	0	0	0	49
c18152	0	0	0	0	0	0	0	-1	-1	6	0	11	-1	38	0	6	0	4	0	50	-1	0	-1	49	15	0	0	-1	0	-1
c18156	0	7	0	15	2	0	0	-1	12	0	0	50	0	-1	0	-1	0	0	-1	0	0	0	0	45	0	-1	-1	4	0	-1
c18174	14	25	0	0	0	-1	0	0	0	0	-1	0	12	-1	0	-1	0	0	0	39	0	45	4	-1	15	0	0	-1	0	0
c18177	-1	7	23	0	0	0	-1	0	0	6	42	33	-1	-1	0	6	-1	-1	-1	0	-1	0	4	-1	15	0	0	-1	13	0
c18188	0	0	-1	0	0	0	0	23	0	0	-1	0	-1	-1	45	15	50	6	0	-1	0	0	0	0	-1	18	0	0	0	0
c18189	0	0	-1	0	0	0	-1	23	0	0	0	-1	-1	0	45	15	-1	-1	0	47	0	-1	0	0	0	18	-1	0	0	-1
c18190	0	0	0	0	0	42	0	0	0	6	0	13	-1	38	0	6	0	4	0	0	-1	0	4	-1	15	0	0	0	0	-1
c18200	24	25	0	-1	49	0	0	-1	0	-1	0	-1	12	0	-1	-1	-1	0	0	-1	-1	0	4	0	15	0	0	23	0	0
c18202	12	-1	49	0	2	0	0	0	12	14	0	-1	0	0	0	0	0	-1	-1	0	-1	-1	0	45	-1	0	0	0	0	12
c18206	0	0	0	47	23	-1	0	-1	0	0	6	0	45	-1	49	0	-1	-1	-1	-1	-1	23	-1	45	-1	-1	0	0	-1	0
c18217	-1	7	0	-1	2	-1	0	0	12	14	0	30	0	0	-1	14	0	0	-1	-1	-1	0	0	45	33	0	0	0	0	0
c18246	-1	-1	49	0	-1	0	-1	0	0	0	49	36	49	0	0	0	0	12	-1	0	41	28	0	-1	0	0	4	14	0	0
c18247	0	-1	49	0	0	0	-1	-1	0	0	49	-1	49	0	0	0	0	12	-1	0	41	28	0	45	-1	-1	4	14	0	-1
c18248	0	7	6	0	2	0	0	0	0	2	0	0	0	0	12	7	0	0	-1	0	-1	0	-1	45	-1	0	19	47	0	0
c18268	-1	0	0	0	0	-1	22	0	-1	7	0	-1	12	-1	-1	0	0	45	0	15	-1	0	0	0	15	45	41	-1	-1	-1
c18284	14	25	12	0	-1	1	0	0	0	0	11	0	12	36	0	6	0	0	0	39	0	45	4	-1	15	-1	7	0	-1	0
c18287	0	0	0	0	0	20	0	12	0	6	0	0	12	-1	-1	-1	0	4	0	0	0	0	4	0	15	0	-1	0	6	12
c18303	-1	45	0	39	-1	0	0	-1	0	0	30	0	0	0	12	45	12	-1	-1	-1	0	-1	15	45	0	17	0	0	-1	21
c18308	0	-1	-1	-1	30	-1	0	0	0	-1	-1	0	-1	0	-1	-1	-1	-1	23	15	47	-1	-1	39	15	0	0	0	0	0
c18346	0	0	-1	9	0	-1	0	0	22	-1	-1	0	-1	0	-1	45	45	39	0	0	47	0	0	0	15	0	0	0	-1	0
