	0	1	2	3	4	5	6	7	8	9	10	11	12	13	14	15	16	17	18	19	20	21	22	23	24	25	26	27	28	29
c1548	-1	-1	44	0	47	37	32	0	41	-1	15	-1	0	0	0	-1	0	10	33	0	0	35	-1	0	-1	24	-1	35	10	0
c2083	6	13	25	-1	47	35	35	35	0	-1	-1	0	-1	36	0	32	0	0	0	46	0	35	31	0	-1	24	0	-1	0	0
c2085	-1	0	-1	-1	47	35	0	45	0	-1	15	21	41	36	0	-1	0	0	0	46	31	35	31	0	11	24	0	0	0	-1
c2419	-1	4	0	-1	47	35	0	0	-1	-1	15	0	47	-1	0	0	0	18	-1	-1	0	35	31	0	0	-1	0	0	-1	0
c2537	6	0	-1	-1	-1	35	0	0	0	-1	-1	0	0	36	-1	0	0	-1	-1	46	-1	35	31	0	6	24	0	44	0	-1
c2598	6	-1	39	0	47	0	0	0	-1	-1	15	6	0	-1	0	0	0	0	0	-1	13	35	31	0	-1	-1	-1	0	0	-1
c3091	6	31	14	-1	47	11	0	0	0	-1	15	7	-1	0	0	33	-1	0	50	0	6	35	31	0	0	24	0	0	0	-1
c3108	6	-1	0	0	47	11	0	0	2	-1	15	0	21	0	-1	0	0	0	35	-1	6	35	31	0	0	24	0	0	0	0
c3133	6	4	0	0	47	-1	0	0	41	-1	15	-1	0	0	-1	0	0	10	33	-1	0	35	-1	0	-1	24	-1	-1	10	0
c3279	6	50	0	0	47	0	0	20	0	-1	15	-1	-1	-1	-1	0	0	0	0	25	-1	35	31	0	0	24	0	-1	0	-1
c3322	-1	14	48	0	-1	-1	-1	-1	0	0	0	21	-1	31	0	35	30	0	31	0	0	0	10	0	0	-1	14	49	0	-1
c3465	-1	0	0	-1	47	35	0	0	-1	-1	15	0	0	-1	-1	-1	0	0	36	46	0	-1	31	-1	45	24	0	44	0	-1
c3526	6	13	25	-1	47	35	35	-1	0	-1	15	0	0	36	-1	32	0	0	49	46	0	35	-1	0	0	24	0	44	0	47
c3562	-1	14	48	0	0	-1	0	-1	45	-1	-1	21	31	31	0	-1	-1	0	-1	-1	0	10	0	0	-1	-1	14	49	0	33
c3610	6	-1	-1	-1	47	35	-1	6	0	-1	-1	-1	0	36	0	-1	-1	0	0	46	-1	35	31	-1	0	24	0	44	25	0
c4054	6	-1	0	-1	47	35	35	0	35	-1	15	-1	47	36	0	-1	0	4	18	-1	0	-1	31	0	-1	-1	-1	44	0	0
c4069	-1	0	0	-1	47	35	0	0	0	-1	-1	0	31	36	0	0	-1	0	36	46	0	35	-1	-1	7	24	18	0	0	0
c4117	6	-1	38	9	47	12	-1	0	0	-1	15	0	0	-1	0	0	0	0	0	25	-1	35	-1	-1	0	24	0	-1	-1	25
c4134	-1	-1	-1	0	47	0	0	32	0	-1	15	33	0	0	0	0	-1	0	0	25	0	35	31	48	47	24	-1	0	0	0
c4352	6	0	14	-1	-1	11	0	0	0	-1	15	-1	21	0	0	33	-1	0	32	-1	-1	35	31	0	0	24	0	0	0	0
c4414	6	0	38	-1	47	35	0	0	2	-1	-1	0	0	36	0	0	0	-1	36	46	0	-1	31	0	0	24	0	44	0	0
c4578	-1	-1	11	-1	47	35	-1	0	0	-1	15	21	0	-1	0	0	31	-1	0	-1	0	35	-1	7	0	24	31	-1	0	-1
c4619	6	-1	-1	-1	-1	35	0	45	0	-1	-1	21	41	36	-1	0	0	0	0	-1	0	35	31	-1	11	-1	-1	0	-1	-1
c4691	6	50	0	21	47	12	0	0	0	-1	15	0	0	0	37	0	0	0	47	-1	0	-1	31	-1	0	24	37	11	-1	48
c4723	-1	13	25	-1	-1	35	-1	-1	0	-1	15	0	0	36	0	-1	0	0	-1	46	0	35	31	-1	0	-1	0	44	0	0
c4731	6	30	0	-1	47	35	0	-1	-1	-1	-1	0	0	36	0	0	0	18	36	46	0	35	31	-1	0	24	0	-1	0	0
c4819	6	0	0	-1	47	35	0	-1	0	-1	-1	41	0	36	-1	0	0	18	36	-1	0	35	31	47	0	24	-1	44	-1	0
c4868	6	0	50	-1	47	35	-1	0	0	-1	15	33	0	36	21	0	-1	18	36	46	0	35	-1	47	-1	24	0	44	0	49
c4929	-1	-1	48	0	0	27	0	-1	32	0	0	21	-1	31	0	0	2	0	0	0	0	10	-1	0	0	-1	-1	49	-1	0
c4940	6	0	-1	-1	47	35	0	41	-1	-1	-1	0	12	36	0	0	0	0	36	46	0	35	31	-1	7	24	0	0	-1	-1
c4998	6	21	0	-1	-1	35	0	0	-1	-1	15	0	0	36	-1	-1	0	18	36	46	0	35	31	0	0	-1	0	-1	-1	0
c5009	-1	0	0	0	47	-1	0	0	-1	-1	15	0	-1	0	-1	21	-1	0	35	-1	-1	35	31	0	0	24	19	0	15	-1
c5101	-1	-1	11	-1	47	35	0	-1	0	-1	15	21	0	36	-1	0	0	41	50	46	0	35	-1	-1	-1	24	31	7	5	-1
c5184	6	50	0	0	-1	-1	0	20	48	-1	15	0	0	0	-1	0	0	-1	23	25	0	35	31	0	41	24	0	18	0	0
c5191	6	0	0	-1	47	-1	-1	45	0	-1	-1	-1	41	36	0	0	0	0	0	46	0	35	31	0	11	24	-1	0	0	-1
c5218	6	50	0	0	47	11	47	0	-1	-1	15	0	0	0	0	0	-1	-1	13	25	-1	35	31	-1	47	-1	-1	0	0	0
c5327	6	0	-1	-1	47	35	28	0	-1	-1	15	0	48	36	21	0	13	-1	36	46	-1	-1	31	-1	0	24	0	44	0	-1
c5329	6	0	41	-1	47	35	0	0	0	-1	15	-1	0	36	0	0	41	0	36	46	4	35	31	31	7	-1	0	0	3	-1
c5380	6	4	0	-1	47	-1	0	0	41	-1	15	0	0	0	0	33	0	-1	33	0	0	35	31	0	0	-1	15	-1	-1	0
c5386	6	13	0	-1	47	35	35	0	0	-1	15	0	0	36	0	32	0	4	18	-1	27	35	31	-1	0	24	0	44	0	0
c5547	6	13	-1	-1	47	35	-1	7	0	-1	15	0	-1	36	0	32	0	0	-1	46	0	35	31	0	0	24	2	44	0	-1
c5578	-1	14	-1	0	0	27	0	-1	0	-1	0	21	31	-1	0	0	0	-1	0	-1	0	10	0	7	0	-1	14	49	0	0
c5710	6	10	14	-1	47	11	0	-1	0	-1	15	0	-1	-1	0	33	-1	0	0	-1	6	35	31	-1	-1	24	0	0	0	0
c5874	6	13	-1	-1	-1	35	-1	-1	0	-1	15	0	0	36	-1	32	0	0	-1	46	-1	-1	31	0	0	24	0	44	-1	5
c5883	6	13	-1	-1	-1	-1	35	7	0	-1	15	0	0	36	0	32	32	10	-1	46	-1	35	31	0	0	24	-1	-1	0	0
c5906	6	0	-1	-1	47	-1	0	45	0	-1	15	21	41	-1	0	0	0	0	0	46	46	-1	31	-1	11	24	0	0	-1	0
c5912	6	11	-1	-1	47	-1	0	-1	0	-1	-1	0	7	36	25	-1	0	0	36	46	0	35	-1	28	7	24	-1	26	-1	-1
c6001	6	-1	41	-1	47	35	0	0	0	-1	15	0	-1	36	0	33	-1	0	-1	46	4	-1	31	31	7	-1	-1	2	3	-1
c6016	-1	-1	48	2	0	27	0	-1	0	0	0	21	31	31	0	-1	30	-1	18	0	21	-1	0	2	0	-1	14	49	33	0
c6074	6	50	0	41	47	12	-1	0	0	-1	15	-1	-1	0	0	-1	31	0	0	25	0	35	31	-1	0	-1	-1	0	0	47
c6161	6	0	0	-1	47	35	-1	0	-1	-1	-1	-1	0	36	2	0	0	0	36	46	0	-1	31	0	-1	24	0	0	0	11
c6241	6	-1	0	0	47	-1	-1	0	0	-1	15	0	18	0	0	33	-1	0	0	0	0	35	31	0	17	24	0	0	10	0
c6286	6	0	0	-1	47	35	0	0	0	-1	15	0	-1	36	-1	0	18	0	36	46	0	35	-1	31	7	24	0	-1	-1	-1
c6296	6	13	25	-1	47	35	35	0	0	-1	-1	0	-1	-1	0	32	0	0	0	46	0	35	31	50	0	24	0	44	0	0
c6340	6	0	0	0	-1	25	0	0	0	-1	-1	0	0	-1	-1	33	0	0	0	0	0	35	31	0	50	24	0	0	10	0
c6344	-1	45	11	-1	47	-1	-1	0	0	-1	15	21	15	-1	0	0	-1	0	0	46	-1	35	-1	7	5	24	31	-1	0	-1
c6427	-1	-1	48	0	32	-1	-1	-1	0	0	0	-1	31	31	36	-1	0	0	-1	0	0	10	0	0	0	-1	14	49	49	0
c6459	-1	0	11	-1	-1	-1	-1	0	50	-1	15	21	0	-1	0	0	0	0	-1	46	0	35	-1	7	0	24	31	7	32	-1
c6460	-1	0	0	-1	47	35	0	-1	0	-1	-1	0	0	36	0	-1	0	-1	36	46	0	35	-1	0	0	24	21	44	-1	0
c6469	6	0	-1	-1	47	35	-1	0	-1	-1	15	41	0	36	2	0	-1	0	36	46	0	35	31	0	-1	24	0	0	-1	0
c6489	6	0	47	-1	47	-1	49	0	0	-1	-1	0	0	36	0	0	0	0	36	-1	0	-1	31	0	-1	-1	0	-1	0	0
c6492	6	-1	0	-1	47	35	-1	0	-1	-1	15	0	41	36	0	0	0	0	36	46	0	35	31	0	0	24	33	0	31	4
c6513	6	50	-1	0	-1	11	10	50	0	-1	15	-1	0	0	22	0	-1	0	-1	25	-1	35	31	48	47	24	0	0	0	0
c6656	-1	14	48	-1	0	-1	0	-1	0	0	-1	21	31	31	0	0	-1	-1	-1	0	0	10	0	0	0	-1	-1	-1	0	-1
c6661	6	50	0	-1	47	12	29	-1	-1	-1	15	-1	0	30	0	0	27	0	12	25	-1	35	31	-1	0	24	0	-1	0	-1
c6663	6	-1	0	0	47	-1	-1	0	28	-1	15	-1	23	0	0	0	0	0	-1	25	2	35	31	-1	0	24	0	-1	0	0
c6693	6	44	47	-1	47	35	0	0	-1	-1	15	0	31	-1	0	0	38	49	36	46	0	35	-1	28	7	24	25	0	0	0
c6741	6	0	31	-1	-1	35	0	0	0	-1	-1	0	10	36	0	0	-1	-1	36	46	0	35	31	31	7	24	0	0	3	-1
c6822	-1	14	48	3	0	-1	0	-1	-1	-1	0	21	31	31	0	0	45	-1	32	0	0	10	45	-1	-1	-1	-1	49	0	-1
c6826	6	13	0	-1	47	35	35	-1	0	-1	15	0	0	36	30	32	31	4	18	-1	0	35	31	0	48	24	-1	44	-1	44
c6829	-1	-1	48	0	0	0	31	-1	3	-1	0	21	-1	31	0	12	-1	-1	0	0	-1	-1	0	0	0	-1	14	49	0	0
c6862	-1	14	48	35	-1	27	-1	-1	0	0	0	21	31	31	0	49	0	0	0	-1	0	10	-1	0	0	-1	14	49	-1	0
c6876	6	4	0	33	47	-1	0	-1	41	-1	15	-1	0	0	0	-1	-1	10	33	0	0	35	-1	-1	-1	-1	12	35	-1	0
c6889	-1	0	0	-1	47	35	0	0	-1	-1	15	0	14	36	0	0	48	-1	36	46	-1	-1	31	0	0	24	-1	-1	0	-1
c6906	6	13	-1	-1	47	35	35	0	35	-1	15	-1	-1	36	45	32	0	-1	18	-1	-1	35	31	0	0	-1	0	44	0	0
c6932	6	0	-1	-1	47	-1	0	45	0	-1	-1	21	41	36	0	0	-1	0	0	46	0	-1	31	0	11	24	0	-1	0	0
c6933	6	0	-1	-1	47	35	0	-1	-1	-1	15	21	41	36	0	-1	0	0	0	46	0	-1	31	-1	11	24	-1	0	0	-1
c6945	-1	13	-1	-1	-1	35	35	0	-1	-1	15	-1	0	36	0	32	0	4	18	-1	0	-1	31	44	0	24	0	-1	0	0
c6957	6	6	0	-1	47	-1	0	0	-1	-1	15	0	0	36	0	-1	6	50	36	46	25	35	31	0	-1	-1	0	0	0	12
c6987	-1	0	-1	-1	-1	35	0	45	0	-1	15	21	41	-1	-1	-1	0	0	0	46	46	35	31	13	11	-1	0	0	0	0
c7011	6	0	0	-1	-1	-1	0	0	-1	-1	15	13	0	36	2	49	0	0	36	46	0	35	31	-1	0	24	0	0	-1	0
c7027	6	21	0	-1	-1	35	0	0	-1	-1	15	47	-1	36	0	0	0	18	36	46	0	35	31	-1	0	24	0	0	31	0
c7039	6	-1	0	0	-1	0	0	-1	0	-1	15	-1	0	0	-1	0	-1	31	18	0	13	35	31	-1	0	24	31	21	0	41
c7058	6	50	-1	0	47	12	7	-1	0	-1	15	-1	0	0	0	0	-1	0	0	25	0	35	31	-1	0	24	0	0	43	0
c7064	6	0	14	27	47	11	0	0	0	-1	15	14	-1	13	0	33	0	0	0	0	6	-1	31	0	-1	24	0	0	0	0
c7127	6	13	41	-1	47	35	35	0	0	-1	15	0	0	-1	0	-1	31	4	18	-1	0	35	31	-1	-1	24	0	44	0	0
c7139	6	-1	0	0	-1	12	-1	0	0	-1	-1	-1	0	-1	0	0	0	-1	-1	25	0	35	31	-1	0	-1	0	-1	0	0
c7206	6	50	-1	-1	47	0	0	0	0	-1	15	47	0	0	0	-1	50	0	0	25	0	35	31	31	0	24	41	30	0	0
c7221	-1	0	0	0	47	-1	0	31	0	-1	15	-1	0	0	-1	-1	0	0	0	-1	-1	35	31	0	50	24	0	0	10	-1
c7279	-1	14	48	35	0	27	47	-1	0	-1	-1	21	-1	31	-1	-1	0	28	-1	23	-1	10	-1	0	0	-1	14	-1	0	0
c7281	-1	-1	11	-1	47	-1	0	0	0	-1	15	21	-1	-1	0	0	0	31	0	46	0	35	-1	7	0	24	-1	7	-1	-1
c7298	6	13	25	-1	47	35	35	0	0	-1	15	0	0	36	0	32	0	-1	0	46	-1	35	31	0	0	24	0	44	0	5
c7477	6	-1	-1	0	-1	11	0	0	-1	-1	15	0	21	0	22	33	-1	0	0	-1	6	35	31	0	0	24	-1	0	0	0
c7516	6	-1	25	-1	47	35	35	0	0	-1	15	0	0	36	-1	32	0	0	0	46	0	35	31	0	-1	24	-1	-1	40	0
c7586	-1	-1	11	-1	-1	35	0	0	0	-1	-1	21	-1	36	0	-1	0	0	-1	46	-1	-1	-1	7	0	24	31	7	-1	-1
c7624	6	5	41	-1	-1	-1	0	0	0	-1	-1	50	0	36	0	0	-1	0	36	46	-1	35	31	-1	7	-1	0	0	3	-1
c7625	6	5	-1	-1	-1	35	0	0	46	-1	15	0	0	-1	0	0	-1	-1	-1	46	4	35	31	31	7	-1	0	0	3	-1
c7628	6	-1	0	-1	-1	0	-1	0	0	-1	15	48	0	-1	0	-1	-1	0	0	25	-1	35	31	13	0	24	-1	0	-1	6
c7788	6	13	-1	-1	47	35	35	0	0	-1	15	0	0	36	-1	32	0	4	18	-1	0	35	31	-1	0	24	0	44	0	0
c7849	6	4	-1	0	47	37	0	0	41	-1	15	0	21	2	0	2	30	-1	31	0	25	35	31	0	0	24	-1	35	-1	0
c7910	-1	0	32	-1	47	0	0	-1	0	-1	15	0	0	0	0	33	-1	0	0	0	0	35	31	0	-1	24	17	0	10	0
c7930	6	0	0	-1	47	-1	0	0	0	-1	15	0	0	36	0	0	0	0	36	-1	0	35	31	0	33	24	0	44	0	0
c7959	6	-1	0	-1	47	0	47	0	0	-1	15	0	0	0	0	0	49	0	0	0	0	35	31	6	0	-1	-1	-1	0	49
c7968	-1	16	-1	-1	47	35	0	-1	-1	-1	-1	21	0	36	-1	0	0	0	0	-1	0	-1	-1	7	0	24	31	7	-1	-1
c7976	-1	0	-1	-1	47	35	0	-1	0	-1	15	0	0	36	0	0	0	32	36	46	0	-1	31	0	0	24	0	44	0	0
c7977	6	0	50	-1	47	35	0	0	0	-1	15	0	0	36	0	0	0	32	36	46	0	35	31	0	0	24	0	44	0	-1
c8045	6	4	44	-1	47	37	32	-1	41	-1	15	-1	0	0	0	0	0	10	33	0	0	35	31	0	0	24	41	35	10	0
c8085	-1	4	0	0	-1	-1	0	0	41	-1	15	0	0	0	0	-1	0	10	-1	0	0	35	31	0	0	24	-1	35	10	25
c8126	-1	50	19	0	47	0	0	0	31	-1	15	0	0	0	0	0	0	2	0	25	0	35	-1	32	32	24	41	15	0	0
c8131	6	0	-1	-1	47	35	0	-1	-1	-1	15	4	0	36	-1	0	0	0	-1	46	-1	35	-1	0	11	24	0	0	0	0
c8165	6	13	0	-1	-1	-1	-1	0	0	-1	15	-1	0	36	0	32	0	0	0	-1	0	35	31	0	0	24	35	-1	0	0
c8178	6	0	0	-1	47	-1	0	0	-1	-1	-1	0	41	36	0	0	0	-1	36	46	0	35	31	32	0	24	0	0	0	-1
c8179	6	0	0	-1	47	35	0	-1	-1	-1	15	0	-1	36	0	0	0	0	36	-1	0	35	31	-1	-1	24	-1	0	-1	23
c8192	6	13	-1	-1	47	35	-1	-1	-1	-1	-1	0	0	36	-1	32	0	0	0	46	-1	35	31	0	0	24	0	44	0	-1
c8252	-1	-1	48	-1	35	27	0	-1	-1	0	0	-1	31	31	-1	-1	0	-1	0	-1	0	10	0	31	-1	-1	14	49	0	0
c8260	-1	16	11	-1	-1	35	0	0	0	-1	15	21	-1	36	0	-1	-1	0	0	46	0	35	-1	7	-1	24	31	7	0	-1
c8292	-1	13	0	-1	47	35	-1	0	0	-1	15	14	0	36	0	-1	-1	4	18	46	-1	35	31	0	0	24	0	44	0	-1
c8293	6	13	-1	-1	47	-1	-1	0	0	-1	15	14	0	36	0	32	0	-1	18	46	-1	35	31	0	0	24	0	44	0	0
c8304	6	4	49	0	-1	-1	0	-1	41	-1	15	0	32	0	0	0	0	10	33	0	0	35	31	0	47	24	-1	35	10	0
c8360	-1	-1	48	-1	0	27	0	-1	-1	0	0	21	31	-1	0	-1	0	-1	0	-1	-1	10	0	0	0	-1	14	49	0	-1
c8416	-1	14	48	30	0	27	0	-1	0	0	-1	21	31	31	0	0	0	-1	-1	0	-1	10	0	-1	-1	-1	14	49	-1	0
c8457	-1	0	0	-1	47	-1	3	45	0	-1	-1	21	-1	36	0	0	0	0	0	-1	0	-1	31	0	11	-1	0	0	0	0
c8501	6	0	0	-1	47	35	0	0	0	-1	15	0	21	36	25	0	0	0	36	46	0	-1	-1	28	7	24	0	26	-1	0
c8521	6	-1	0	-1	-1	35	0	-1	-1	-1	15	0	0	-1	25	-1	0	0	36	46	0	35	-1	28	7	-1	0	26	-1	0
c8560	-1	13	0	-1	47	35	-1	0	0	-1	15	0	0	36	0	32	0	0	-1	46	0	35	31	0	0	24	0	44	0	50
c8623	-1	14	48	41	-1	27	0	-1	0	0	0	21	31	31	0	-1	30	0	-1	-1	0	0	10	0	0	-1	-1	-1	-1	0
c8710	6	0	41	-1	47	35	-1	0	7	-1	15	7	0	36	33	-1	0	0	36	46	4	-1	31	31	7	-1	0	0	3	-1
c8722	-1	-1	48	35	0	27	47	-1	0	0	0	21	31	31	0	49	0	-1	-1	-1	0	10	0	0	0	-1	14	-1	0	-1
c8733	-1	0	11	-1	47	35	0	0	0	-1	15	-1	0	36	-1	0	0	41	50	46	0	35	-1	7	-1	24	31	7	0	-1
c8764	6	-1	14	0	47	11	0	0	-1	-1	15	0	21	0	-1	33	0	0	0	-1	6	35	31	0	0	24	0	0	0	0
c8802	-1	-1	48	35	48	-1	0	-1	0	0	21	-1	31	31	-1	-1	0	0	15	0	-1	10	0	2	-1	-1	14	-1	-1	0
c8896	-1	10	38	-1	47	35	0	0	-1	-1	15	-1	0	36	0	0	0	-1	36	46	0	-1	31	0	-1	24	-1	-1	-1	0
c8927	6	0	-1	-1	47	35	0	45	0	-1	15	21	41	-1	-1	0	-1	0	-1	-1	0	35	31	-1	11	24	0	0	0	0
c8937	6	13	0	-1	47	35	-1	0	0	-1	15	0	0	36	0	32	0	-1	-1	46	0	35	31	0	-1	24	-1	44	0	-1
c8943	6	-1	0	-1	-1	35	0	-1	-1	-1	15	6	31	-1	-1	0	0	-1	-1	46	0	35	31	0	-1	24	50	-1	0	0
c8948	6	0	0	-1	-1	35	0	0	-1	-1	15	-1	0	36	2	0	0	0	-1	-1	0	35	31	0	0	24	0	0	0	0
c8963	6	50	40	43	47	0	47	0	0	-1	15	0	0	0	0	0	0	0	7	-1	0	-1	-1	-1	0	-1	0	-1	-1	-1
c8978	6	0	-1	-1	47	-1	0	-1	0	-1	15	0	0	36	0	27	0	-1	36	46	0	35	31	4	0	24	48	44	0	5
c9021	6	0	-1	-1	47	35	-1	7	-1	-1	15	0	41	36	0	0	0	-1	36	-1	0	35	31	0	-1	24	0	0	32	-1
c9065	6	0	11	-1	47	35	0	-1	46	-1	15	-1	0	-1	0	25	0	0	-1	46	11	-1	-1	7	0	24	31	7	0	-1
c9076	-1	14	48	45	-1	27	0	-1	18	0	0	21	-1	31	0	35	-1	43	0	-1	0	0	10	0	0	-1	14	49	0	-1
c9094	6	0	11	-1	47	35	0	-1	0	-1	-1	21	0	36	0	-1	0	0	50	46	0	35	-1	7	0	24	-1	7	7	-1
c9124	6	0	0	-1	47	-1	0	0	0	-1	15	0	0	36	25	0	49	21	36	46	0	35	-1	28	7	24	0	26	-1	0
c9131	-1	4	-1	0	47	37	0	0	41	-1	-1	0	0	50	4	0	0	10	33	0	0	35	-1	47	0	24	0	35	10	-1
c9177	-1	-1	47	-1	47	35	0	-1	0	-1	15	0	0	36	0	0	0	-1	36	46	0	35	31	0	7	24	0	0	0	0
c9200	-1	-1	48	0	0	-1	0	-1	3	-1	0	21	31	31	-1	12	0	0	0	0	-1	-1	0	0	0	-1	14	49	-1	0
c9201	-1	-1	48	0	31	0	0	-1	3	0	11	21	31	31	0	12	0	0	0	0	-1	-1	-1	-1	0	-1	14	49	6	0
c9214	6	13	0	-1	47	35	-1	-1	0	-1	15	0	-1	36	2	32	-1	0	0	-1	0	35	31	0	0	24	0	-1	0	0
c9245	-1	14	48	0	13	27	0	-1	0	0	0	21	31	31	-1	-1	14	0	0	47	0	10	0	0	0	-1	14	49	0	0
c9246	6	0	14	0	47	11	-1	-1	0	-1	15	-1	-1	-1	0	-1	-1	0	0	0	6	35	-1	-1	0	24	0	0	-1	0
c9252	6	13	25	-1	-1	35	35	0	0	-1	-1	0	0	36	0	32	0	0	-1	46	0	-1	31	50	0	24	0	-1	0	-1
c9257	6	50	0	-1	47	12	0	0	0	-1	15	5	0	0	0	0	0	-1	49	25	50	35	31	-1	-1	-1	0	27	-1	0
c9337	6	-1	0	-1	47	-1	0	0	-1	-1	15	-1	0	36	-1	0	0	18	36	-1	0	35	31	0	0	-1	-1	-1	0	0
c9342	6	4	-1	0	-1	37	32	25	41	-1	15	-1	0	0	0	0	50	10	-1	0	0	-1	31	0	-1	24	-1	35	-1	0
c9444	6	13	50	-1	47	35	35	0	35	-1	15	-1	4	36	-1	32	0	4	18	-1	0	35	31	35	0	24	0	44	0	0
c9454	-1	13	-1	-1	47	35	35	-1	0	-1	15	-1	9	36	-1	32	0	-1	-1	46	-1	35	-1	-1	0	24	-1	-1	0	0
c9457	-1	-1	25	-1	47	35	0	-1	12	-1	-1	-1	0	-1	21	-1	0	18	36	46	0	35	31	47	0	24	0	44	0	0
c9463	6	-1	18	-1	47	-1	-1	-1	13	-1	15	0	0	36	0	32	31	0	-1	46	0	35	31	0	0	-1	0	-1	0	-1
c9505	-1	-1	-1	-1	47	35	0	0	48	-1	15	0	0	36	13	0	0	0	-1	46	-1	35	31	31	7	24	0	41	3	-1
c9553	-1	-1	48	0	0	0	-1	-1	3	0	0	-1	31	31	31	12	0	0	0	0	7	-1	0	0	4	-1	14	49	0	0
c9565	6	50	40	43	47	0	47	0	0	-1	15	0	0	0	0	0	0	38	7	0	22	35	31	6	0	-1	-1	0	0	-1
c9580	6	6	0	-1	47	35	48	-1	-1	-1	-1	0	0	36	0	0	6	27	36	46	-1	-1	31	0	0	24	0	49	0	12
c9602	-1	21	0	-1	-1	35	0	43	-1	-1	-1	-1	-1	-1	0	-1	-1	18	36	46	0	35	-1	0	0	24	0	0	31	0
c9623	6	21	0	-1	47	35	0	0	-1	-1	15	-1	0	36	-1	0	0	18	36	46	-1	-1	31	-1	0	24	0	0	31	-1
c9641	6	0	0	-1	47	35	-1	-1	0	-1	15	-1	0	-1	0	0	0	0	-1	46	0	35	-1	0	-1	24	1	40	0	0
c9644	-1	50	0	0	47	12	0	0	0	-1	15	50	0	0	-1	0	0	0	-1	25	0	-1	-1	-1	-1	24	0	0	-1	0
c9700	6	50	-1	6	47	0	0	0	0	-1	15	0	0	0	-1	-1	50	0	0	25	0	35	31	31	0	24	41	30	0	-1
c9733	6	-1	-1	-1	47	35	0	0	0	-1	15	0	32	-1	-1	-1	0	0	36	46	-1	35	31	0	0	24	0	44	0	-1
c9734	6	0	39	-1	47	-1	0	21	32	-1	15	0	0	36	-1	0	6	0	36	46	0	35	31	0	0	-1	13	44	-1	-1
c9752	-1	-1	-1	-1	47	35	-1	0	0	-1	15	0	31	36	-1	-1	0	0	-1	46	0	35	31	50	0	24	0	44	0	0
c9763	6	4	44	0	47	37	32	-1	41	-1	15	0	0	-1	0	0	0	10	-1	-1	0	35	31	0	-1	24	41	-1	10	-1
c9787	6	-1	0	-1	47	35	0	28	-1	-1	-1	38	41	36	0	0	-1	0	36	46	0	35	31	0	0	24	0	32	-1	0
c9836	-1	12	-1	0	47	11	0	0	0	-1	15	0	21	48	0	33	0	0	0	0	6	-1	-1	0	0	24	0	0	0	-1
c9837	6	12	14	0	47	11	-1	-1	0	-1	15	0	21	0	0	-1	0	0	0	-1	6	35	-1	-1	0	24	-1	-1	0	0
c9863	-1	13	0	-1	-1	35	-1	0	0	-1	15	0	-1	36	-1	32	0	0	0	46	0	35	31	0	0	24	0	44	0	-1
c9865	6	-1	5	11	47	45	0	0	0	-1	-1	31	-1	-1	0	0	0	0	0	0	13	35	31	-1	4	24	-1	0	0	0
c9872	6	4	0	0	47	-1	-1	0	41	-1	15	0	0	0	21	-1	0	10	33	0	0	35	31	-1	0	24	-1	35	10	0
c9876	-1	-1	0	31	47	-1	0	0	41	-1	15	0	-1	0	-1	0	0	10	33	0	0	35	31	8	0	24	-1	-1	10	0
c9907	6	-1	50	-1	47	35	35	-1	35	-1	15	0	0	36	0	32	0	4	18	-1	0	35	31	-1	0	24	0	44	-1	-1
c9912	-1	0	11	-1	47	-1	0	0	0	-1	-1	21	-1	36	0	0	-1	0	-1	46	-1	-1	-1	7	0	24	31	7	32	-1
c9935	6	-1	-1	-1	-1	35	35	0	0	-1	15	0	7	36	45	-1	0	0	0	46	0	35	-1	0	18	-1	0	44	-1	0
c9954	6	0	0	0	47	11	0	-1	-1	-1	15	0	-1	0	-1	0	2	-1	0	0	6	-1	31	0	-1	24	0	0	-1	0
c9970	6	13	-1	-1	-1	35	35	0	0	-1	-1	0	0	36	0	32	0	-1	0	46	49	35	31	45	0	24	0	44	0	0
c9971	6	13	25	-1	47	35	35	0	0	-1	15	0	0	36	0	32	0	0	0	46	0	-1	31	45	0	24	0	44	-1	0
c10006	-1	16	11	-1	47	35	0	0	4	-1	15	21	0	36	0	0	0	0	0	46	-1	35	-1	7	-1	24	31	7	-1	-1
c10008	6	-1	14	33	-1	11	-1	0	0	-1	-1	7	21	0	0	33	41	0	0	0	6	35	31	0	-1	24	0	-1	0	-1
c10016	-1	0	0	-1	47	35	0	0	0	-1	15	-1	0	36	25	0	0	0	-1	-1	0	35	-1	28	7	24	0	26	-1	0
c10061	-1	-1	11	-1	47	35	0	0	-1	-1	15	-1	0	36	-1	33	0	-1	0	46	0	35	-1	-1	0	24	31	-1	-1	-1
c10077	6	-1	0	-1	47	35	0	0	-1	-1	15	0	0	36	0	-1	-1	0	36	46	25	-1	31	41	-1	24	0	-1	21	12
c10089	-1	0	0	-1	47	-1	0	0	-1	-1	15	0	49	36	2	0	0	-1	36	46	-1	-1	31	-1	0	-1	0	44	0	0
c10109	-1	14	-1	0	31	27	0	-1	0	-1	0	21	-1	31	0	50	30	0	0	0	0	-1	-1	0	22	-1	14	49	18	0
c10121	6	13	0	-1	-1	35	-1	-1	0	-1	15	0	0	-1	-1	32	0	0	0	46	0	35	31	0	-1	24	-1	-1	0	-1
c10135	6	50	0	0	-1	0	0	0	0	-1	-1	-1	-1	0	0	0	0	0	0	25	0	35	31	-1	0	24	0	-1	0	0
c10145	-1	0	11	-1	47	-1	0	0	0	-1	15	21	0	36	0	0	0	0	-1	46	0	-1	-1	-1	0	24	31	7	32	-1
c10195	-1	-1	48	0	0	27	0	-1	35	-1	0	-1	31	31	0	-1	0	0	0	0	0	10	0	0	0	-1	-1	49	-1	0
c10211	6	13	-1	-1	47	35	-1	-1	0	-1	15	0	0	36	-1	32	0	-1	-1	46	0	35	31	0	0	24	0	44	0	0
c10241	-1	-1	-1	0	47	11	0	-1	0	-1	15	0	21	-1	-1	0	6	0	0	0	6	35	31	0	0	24	0	-1	0	36
c10243	6	-1	0	0	47	22	0	41	0	-1	15	0	-1	0	0	0	0	31	0	25	-1	-1	31	0	0	24	0	0	0	0
c10308	-1	-1	48	18	45	27	0	-1	-1	0	-1	21	31	31	0	0	0	0	0	-1	0	-1	0	-1	50	-1	-1	-1	0	0
c10323	-1	0	0	-1	47	-1	-1	-1	0	-1	15	21	41	36	0	0	0	0	0	-1	0	-1	31	0	11	24	0	0	0	0
c10365	6	0	-1	-1	47	35	0	0	-1	-1	15	0	0	-1	31	0	14	-1	-1	46	-1	35	-1	-1	7	24	0	0	0	-1
c10384	6	0	0	-1	47	35	31	0	-1	-1	15	41	47	36	0	0	-1	18	36	46	0	-1	31	0	0	-1	0	0	32	0
c10396	6	13	0	-1	47	-1	35	0	0	-1	15	0	0	36	0	32	-1	4	-1	-1	0	35	-1	0	0	24	31	44	0	0
c10403	6	0	0	-1	47	35	-1	0	0	-1	-1	0	-1	36	-1	0	0	0	36	46	0	35	31	0	0	24	-1	-1	-1	-1
c10404	6	-1	14	0	47	11	0	0	0	-1	-1	7	-1	0	0	33	0	0	-1	31	6	35	31	0	0	24	-1	0	0	0
c10418	-1	14	48	0	0	27	0	-1	0	0	0	21	31	31	-1	0	0	-1	0	-1	0	10	0	7	0	-1	14	49	0	0
c10487	6	-1	31	0	47	12	0	0	0	-1	15	-1	0	0	0	18	0	0	0	25	-1	-1	31	-1	0	24	0	21	0	0
c10516	-1	16	11	-1	-1	-1	17	0	4	-1	15	-1	-1	36	0	0	0	-1	0	46	0	-1	-1	7	0	24	31	7	0	-1
c10519	6	0	-1	-1	47	35	0	0	0	-1	15	41	33	-1	21	27	0	18	36	46	0	35	31	47	0	24	0	44	0	0
c10524	6	-1	18	-1	47	-1	35	7	13	-1	15	0	0	-1	0	32	31	-1	0	46	0	35	31	0	-1	24	-1	-1	0	0
c10591	6	0	0	0	47	0	0	0	-1	-1	-1	0	0	-1	45	-1	0	0	-1	-1	-1	35	-1	0	0	24	-1	0	10	18
c10613	-1	-1	0	0	47	3	0	0	-1	-1	15	18	33	0	0	-1	47	0	0	-1	41	35	31	0	0	24	-1	0	0	0
c10656	-1	-1	48	18	0	27	0	-1	-1	0	21	21	31	31	-1	0	47	0	0	0	-1	10	0	0	50	-1	14	-1	-1	29
c10695	6	0	-1	-1	47	-1	0	0	-1	-1	15	0	41	36	0	0	0	0	36	46	0	-1	31	0	0	24	41	-1	7	0
c10698	6	50	0	0	47	0	0	0	0	-1	15	0	0	0	50	33	0	0	0	0	-1	35	-1	0	0	24	-1	11	10	0
c10773	-1	14	48	-1	-1	-1	0	-1	0	0	-1	21	31	31	0	-1	0	-1	0	0	0	-1	-1	0	0	-1	14	49	-1	0
c10838	-1	-1	-1	-1	47	-1	0	-1	-1	-1	-1	25	0	36	-1	0	-1	0	36	46	25	35	-1	21	0	24	0	0	0	12
c10849	6	0	-1	-1	-1	35	0	21	0	-1	15	0	10	36	0	0	0	0	-1	46	23	35	-1	31	7	24	9	0	3	-1
c10879	6	13	25	-1	47	35	35	0	0	-1	15	-1	-1	36	0	32	0	-1	0	46	3	35	31	0	0	24	0	44	-1	0
c10915	6	13	25	-1	47	35	35	0	0	-1	15	0	0	36	0	32	0	0	0	46	0	35	31	50	0	24	-1	44	0	44
c10916	6	13	-1	-1	47	35	-1	-1	-1	-1	15	0	0	36	0	32	0	0	-1	46	21	35	31	0	0	-1	-1	44	-1	0
c10971	6	4	4	-1	47	37	0	0	41	-1	-1	0	50	-1	-1	0	0	10	33	0	0	35	31	47	0	24	0	35	10	-1
c10993	6	0	0	-1	47	-1	0	0	-1	-1	15	0	41	36	0	0	0	2	-1	46	0	35	31	0	-1	24	49	0	0	0
c11043	6	13	0	-1	47	35	35	0	0	-1	-1	22	-1	-1	-1	32	-1	4	18	-1	0	35	31	0	0	24	0	44	0	0
c11075	6	4	33	0	47	-1	-1	-1	-1	-1	15	0	0	0	0	0	0	10	33	0	-1	35	-1	0	-1	24	0	35	10	0
c11081	6	0	0	-1	-1	35	0	0	0	-1	15	0	0	36	0	-1	0	0	-1	46	0	-1	-1	5	31	-1	0	44	-1	0
c11091	6	0	47	-1	47	35	0	-1	0	-1	-1	0	0	36	0	0	41	0	36	46	0	-1	31	0	7	24	0	0	-1	0
c11100	-1	-1	-1	0	47	12	0	0	0	-1	15	0	0	0	0	0	0	50	0	25	50	35	31	-1	0	24	0	31	43	48
c11114	6	-1	0	0	47	-1	0	-1	0	-1	15	0	21	-1	40	0	0	0	0	-1	6	35	31	0	35	-1	0	0	0	0
c11133	6	0	-1	-1	47	-1	0	0	0	-1	15	0	-1	36	0	0	14	0	36	46	45	-1	31	-1	-1	24	0	0	0	-1
c11139	6	0	-1	4	-1	0	45	-1	-1	-1	15	0	-1	0	0	33	0	45	0	0	-1	35	31	0	31	24	0	0	10	0
c11182	6	-1	0	-1	47	35	-1	0	0	-1	15	0	0	36	0	0	0	45	-1	-1	-1	-1	-1	-1	-1	24	0	0	0	-1
c11190	6	4	0	33	-1	-1	0	0	-1	-1	15	0	0	0	0	33	0	10	33	0	0	35	31	0	0	24	0	35	-1	0
c11235	6	13	25	-1	47	35	35	0	0	-1	-1	0	-1	36	0	32	0	0	0	46	0	-1	31	0	0	24	30	-1	0	0
c11252	6	0	-1	-1	-1	35	0	50	-1	-1	15	0	31	-1	0	0	0	18	36	46	0	-1	31	0	-1	24	0	0	12	-1
c11257	-1	0	0	-1	47	35	0	0	-1	-1	15	0	7	36	25	0	0	0	36	46	0	35	-1	28	7	24	0	26	-1	31
c11272	-1	-1	0	-1	47	35	-1	0	0	-1	15	-1	0	36	27	0	0	-1	36	46	0	35	31	0	0	24	0	-1	0	0
c11281	6	6	0	-1	47	35	-1	0	-1	-1	15	-1	0	36	0	5	6	0	36	46	25	-1	31	12	0	24	0	-1	-1	12
c11284	6	12	0	0	47	-1	-1	0	0	-1	15	0	21	0	27	0	6	0	0	0	6	-1	31	0	0	24	0	0	0	0
c11294	-1	-1	48	44	0	27	-1	-1	0	0	0	-1	31	-1	0	-1	0	21	35	0	0	10	13	-1	0	-1	-1	-1	-1	0
c11303	6	0	-1	-1	47	35	0	0	-1	-1	15	0	-1	36	0	0	0	0	36	46	-1	-1	31	0	0	24	41	0	-1	0
c11310	6	50	-1	-1	47	-1	0	3	-1	-1	15	-1	0	14	-1	-1	31	0	0	25	0	35	-1	0	-1	24	41	50	0	0
c11348	6	12	0	-1	47	35	0	0	0	-1	15	0	0	36	-1	0	0	-1	36	46	0	35	31	0	0	24	0	44	3	0
c11407	6	13	25	-1	-1	-1	-1	0	-1	-1	15	0	0	36	0	-1	14	0	0	46	0	-1	31	0	-1	24	0	44	0	5
c11425	6	-1	0	-1	47	35	35	-1	35	-1	15	0	0	36	0	32	-1	4	18	-1	0	35	31	0	0	24	0	44	0	0
c11430	-1	13	18	-1	47	35	35	7	13	-1	15	0	-1	36	0	-1	-1	-1	0	46	0	35	31	0	0	24	0	44	-1	0
c11441	6	0	0	0	47	0	0	0	31	-1	15	0	49	0	50	33	0	-1	0	0	0	35	31	0	0	24	-1	-1	10	0
c11447	-1	50	-1	43	-1	0	47	0	-1	-1	15	-1	0	0	-1	0	0	38	-1	0	0	35	31	6	0	24	0	0	0	0
c11451	6	-1	-1	-1	-1	35	35	7	0	-1	15	0	0	36	0	32	0	0	-1	46	0	35	31	0	0	24	0	44	-1	0
c11453	-1	-1	48	0	0	-1	0	-1	0	12	21	21	31	31	0	0	-1	0	-1	0	31	10	0	0	0	-1	-1	49	7	33
c11473	6	0	0	-1	47	-1	0	0	0	-1	15	0	0	-1	0	0	14	0	36	-1	38	35	31	0	7	24	0	0	0	-1
c11479	6	0	0	-1	47	35	0	0	0	-1	15	0	31	36	0	0	0	-1	36	46	-1	35	-1	28	7	-1	-1	2	-1	-1
c11516	6	0	-1	-1	47	-1	0	-1	0	-1	15	0	49	36	0	0	0	0	-1	46	0	35	31	-1	0	24	-1	44	0	0
c11549	6	6	0	-1	47	35	-1	0	-1	-1	15	0	0	36	0	0	6	0	36	46	25	-1	31	0	0	-1	0	49	0	-1
c11565	6	50	-1	0	47	12	0	-1	0	-1	15	0	23	0	0	4	0	0	0	25	2	35	-1	-1	-1	24	-1	0	0	0
c11567	6	-1	-1	-1	47	35	0	0	0	-1	-1	21	0	36	0	25	0	0	-1	46	-1	-1	-1	-1	0	24	-1	7	0	-1
c11571	-1	0	0	-1	-1	35	0	0	-1	-1	-1	0	0	36	0	48	-1	0	36	-1	0	-1	31	0	0	24	-1	44	0	0
c11578	6	0	0	-1	-1	35	-1	45	-1	-1	15	0	0	36	0	-1	0	0	0	-1	0	-1	31	14	11	24	-1	0	0	0
c11601	-1	-1	41	-1	47	35	0	0	0	-1	15	41	0	-1	-1	0	41	0	36	46	4	35	31	31	7	-1	0	-1	3	-1
c11636	6	30	0	-1	-1	35	0	0	-1	-1	15	0	0	36	-1	23	31	18	36	46	0	35	31	-1	0	-1	0	0	0	0
c11646	6	13	0	-1	47	35	-1	0	0	-1	15	0	0	36	0	32	0	0	-1	46	-1	35	31	0	0	24	0	44	0	0
c11675	-1	50	0	0	-1	12	0	0	0	-1	15	-1	0	0	0	0	27	-1	0	25	0	35	31	-1	0	24	0	0	-1	0
c11695	6	0	-1	-1	47	35	0	45	6	-1	15	21	41	36	0	0	0	0	0	-1	-1	-1	-1	0	11	-1	0	-1	0	0
c11749	6	-1	41	-1	47	35	0	-1	0	-1	15	0	0	36	-1	0	0	41	36	46	0	-1	31	31	7	24	-1	0	-1	-1
c11769	6	0	0	-1	47	35	-1	0	-1	-1	15	0	0	36	0	0	0	-1	36	-1	0	35	31	0	22	24	31	0	0	-1
c11824	6	-1	0	-1	47	35	0	0	0	-1	15	0	0	36	0	0	0	-1	36	46	-1	35	31	44	0	24	0	44	0	50
c11837	6	0	0	-1	-1	35	47	0	-1	-1	-1	0	40	36	27	0	48	47	-1	46	0	-1	31	0	0	24	0	44	0	0
c11848	6	0	12	0	-1	44	0	-1	0	-1	15	-1	0	0	0	33	0	0	4	0	0	35	31	0	-1	24	14	11	10	32
c11876	6	23	0	0	47	11	-1	0	0	-1	15	0	21	0	40	0	0	0	8	0	6	35	31	0	0	-1	0	0	-1	0
c11910	-1	13	25	-1	47	35	35	-1	0	-1	-1	0	-1	-1	0	32	-1	0	0	46	0	35	31	-1	0	-1	0	44	0	0
c11975	-1	14	-1	-1	0	27	0	-1	0	0	-1	21	31	31	0	0	0	-1	0	-1	0	0	0	0	0	-1	14	49	18	0
c12011	6	0	0	-1	47	35	0	0	-1	-1	15	0	47	36	0	0	0	18	36	46	0	35	31	0	0	24	0	-1	0	0
c12013	-1	0	11	-1	47	35	-1	0	0	-1	15	-1	0	-1	0	0	0	0	-1	46	-1	-1	-1	7	0	24	31	7	-1	-1
c12026	6	13	18	-1	47	35	35	-1	13	-1	15	0	0	36	0	-1	0	-1	0	-1	0	35	-1	0	0	24	0	-1	0	0
c12040	6	0	0	-1	47	35	0	0	-1	-1	-1	0	31	-1	0	0	0	18	36	46	0	35	31	0	0	-1	0	0	12	0
c12054	-1	0	0	-1	47	35	0	0	-1	-1	15	0	47	36	0	0	0	-1	36	46	-1	35	31	-1	-1	24	0	0	0	0
c12072	6	0	9	-1	47	-1	0	48	18	-1	-1	0	0	36	-1	0	0	18	36	46	5	35	31	47	-1	24	41	44	0	0
c12121	6	0	0	-1	47	35	0	45	0	-1	15	0	0	36	50	-1	-1	0	0	46	0	-1	31	14	-1	24	0	0	0	0
c12140	-1	13	25	-1	-1	35	-1	0	0	-1	15	-1	0	36	0	32	0	0	0	46	3	35	31	0	0	24	0	44	0	0
c12150	6	0	0	-1	47	-1	0	45	-1	-1	15	-1	0	36	0	0	0	0	0	46	0	-1	31	-1	11	24	0	-1	0	0
c12164	6	50	-1	-1	47	0	0	3	0	-1	15	0	0	14	0	-1	31	0	0	25	0	35	31	0	2	24	41	0	0	0
c12173	6	0	11	-1	47	35	-1	-1	-1	-1	15	21	0	-1	-1	15	-1	-1	50	46	19	-1	-1	7	0	24	-1	7	-1	-1
c12174	-1	-1	11	-1	47	35	0	0	0	-1	-1	21	0	36	-1	-1	0	0	0	46	0	-1	-1	-1	0	24	-1	-1	-1	-1
c12182	6	50	0	0	47	12	0	0	-1	-1	15	50	-1	-1	-1	0	0	0	0	25	0	-1	31	-1	0	-1	0	0	0	0
c12192	6	-1	-1	0	-1	12	0	0	0	-1	-1	0	23	-1	0	0	0	-1	0	-1	2	35	31	-1	0	-1	0	-1	0	0
c12218	-1	0	0	-1	47	35	0	-1	0	-1	15	0	31	36	0	0	0	0	36	46	-1	35	-1	-1	7	24	0	14	0	0
c12229	-1	-1	-1	-1	47	35	30	0	0	-1	15	2	-1	36	0	0	0	38	36	46	0	35	-1	0	7	24	0	0	0	0
c12258	6	4	0	-1	-1	35	0	0	4	-1	15	-1	-1	36	0	0	0	31	-1	46	0	-1	31	0	7	-1	-1	0	0	-1
c12263	6	0	0	-1	47	35	-1	0	-1	-1	15	13	0	36	2	0	0	0	36	46	0	-1	-1	0	31	24	0	0	0	0
c12275	6	0	-1	-1	-1	35	0	-1	0	-1	-1	21	41	36	0	-1	0	-1	-1	46	44	35	31	0	11	24	0	0	0	0
c12299	-1	14	-1	-1	0	27	0	-1	0	-1	0	21	31	31	0	0	49	-1	4	0	21	-1	0	0	0	-1	14	49	0	0
c12389	6	0	0	-1	47	35	0	0	-1	-1	15	0	10	36	0	0	32	-1	36	46	0	35	31	31	-1	24	0	49	3	-1
c12411	-1	14	48	0	13	27	14	-1	17	0	28	21	31	31	-1	0	0	0	0	14	0	-1	0	0	0	-1	14	-1	6	0
c12439	6	50	0	0	47	12	-1	0	0	-1	-1	-1	0	0	0	0	0	0	-1	25	0	35	31	-1	0	24	0	0	-1	0
c12450	6	0	41	-1	47	35	0	0	0	-1	-1	-1	0	36	0	0	41	0	36	46	4	35	31	-1	7	-1	0	0	3	-1
c12466	6	50	30	6	-1	0	0	0	4	-1	15	22	0	0	0	-1	50	0	-1	25	0	35	31	31	0	24	41	30	0	0
c12472	6	0	0	-1	47	-1	0	-1	18	-1	15	0	-1	36	0	-1	-1	0	36	-1	0	35	-1	0	-1	24	0	-1	0	0
c12481	-1	-1	11	-1	47	35	0	0	0	-1	15	21	15	-1	0	0	0	-1	0	-1	0	-1	-1	7	-1	24	31	7	0	-1
c12504	6	0	0	-1	-1	35	-1	0	0	-1	-1	0	-1	-1	-1	49	0	0	36	46	0	35	-1	28	7	-1	0	26	-1	0
c12525	6	50	0	-1	-1	11	10	0	0	-1	15	-1	0	0	27	0	-1	0	-1	25	0	35	31	48	47	24	-1	18	-1	0
c12528	-1	-1	25	-1	47	35	35	-1	-1	-1	15	0	0	36	0	32	0	0	0	46	0	35	31	-1	6	24	-1	44	-1	0
c12550	6	-1	0	-1	47	35	-1	0	0	-1	15	0	50	36	0	-1	0	0	-1	46	0	35	31	0	14	-1	0	44	-1	0
c12551	6	-1	0	-1	47	35	35	0	0	-1	15	45	50	-1	0	0	0	0	-1	46	-1	35	31	-1	0	24	0	-1	0	0
c12552	6	0	0	-1	47	35	0	0	0	-1	15	-1	0	-1	7	-1	31	0	36	46	0	35	31	0	0	24	0	44	0	-1
c12562	-1	16	-1	-1	47	35	0	0	0	-1	-1	21	0	-1	0	0	0	0	0	46	-1	35	-1	7	0	24	31	7	0	-1
c12563	-1	16	11	-1	47	35	0	0	0	-1	15	21	0	36	0	0	0	0	0	46	0	-1	-1	7	0	24	31	7	0	-1
c12567	6	13	-1	-1	-1	35	35	0	-1	-1	15	0	2	36	0	32	0	-1	0	46	0	35	-1	47	18	24	-1	44	0	0
c12603	6	-1	0	-1	47	-1	0	0	0	-1	15	0	0	-1	0	0	14	0	36	-1	38	35	31	0	7	24	0	0	0	-1
c12617	6	-1	0	-1	47	35	0	0	-1	-1	15	30	10	36	0	0	-1	0	36	46	0	35	31	31	7	-1	0	0	3	-1
c12631	-1	0	28	0	47	11	0	-1	0	-1	15	0	21	-1	0	-1	0	18	0	0	-1	35	-1	-1	0	24	0	0	0	-1
c12652	6	0	50	-1	47	35	18	39	0	-1	15	33	0	36	21	0	0	-1	36	46	0	-1	-1	47	0	24	0	44	0	49
c12679	6	50	10	0	47	0	0	0	0	-1	15	38	-1	-1	-1	-1	-1	-1	-1	-1	0	35	31	0	0	24	41	0	0	0
c12687	6	0	0	-1	47	-1	0	0	-1	-1	15	0	41	36	-1	0	0	-1	36	46	0	-1	31	0	0	24	0	32	0	0
c12705	6	0	-1	-1	-1	-1	-1	0	0	-1	15	-1	0	36	-1	0	0	0	36	46	0	35	31	31	7	24	0	0	3	-1
c12715	6	0	-1	-1	47	35	0	-1	0	-1	15	-1	0	36	-1	0	0	0	36	46	-1	-1	31	0	0	24	0	44	0	-1
c12739	-1	0	41	-1	47	-1	0	0	0	-1	15	0	0	36	0	0	0	0	36	46	-1	35	31	-1	7	-1	-1	-1	3	-1
c12740	6	0	-1	0	47	11	0	0	0	-1	15	-1	-1	-1	40	-1	0	0	-1	-1	6	35	31	0	0	24	-1	0	15	-1
c12746	-1	0	0	0	47	11	0	0	0	-1	15	-1	-1	0	0	0	0	0	0	0	6	35	-1	0	0	24	0	0	0	0
c12761	-1	13	0	-1	47	35	35	0	0	-1	15	0	0	-1	-1	32	31	4	-1	-1	-1	35	31	0	48	24	32	44	45	-1
c12773	-1	0	0	-1	47	35	0	45	0	-1	15	0	0	36	-1	0	0	0	-1	46	-1	35	31	-1	11	24	0	0	0	0
c12792	-1	14	-1	0	0	27	31	-1	0	0	0	21	31	-1	41	-1	0	-1	0	0	0	10	0	31	0	-1	14	49	0	0
c12796	6	50	0	0	47	12	-1	0	0	-1	-1	0	0	0	0	0	0	31	0	25	-1	35	31	-1	0	-1	0	0	0	0
c12800	6	21	0	-1	-1	35	0	0	-1	-1	15	-1	41	36	0	27	0	18	36	46	0	35	31	0	0	-1	0	0	31	0
c12813	6	50	0	0	-1	0	-1	32	0	-1	15	12	0	44	-1	-1	-1	0	0	25	30	-1	31	48	47	24	0	0	-1	50
c12838	6	-1	0	-1	47	-1	0	-1	0	-1	15	41	0	36	21	0	0	18	36	46	0	35	31	47	-1	24	0	44	-1	-1
c12842	6	-1	0	-1	-1	-1	0	0	-1	-1	15	0	0	36	0	41	0	0	-1	46	0	35	31	0	-1	24	0	44	50	-1
c12853	6	13	-1	-1	47	35	35	7	-1	-1	15	0	0	36	0	32	0	10	-1	46	-1	35	31	0	0	24	0	44	4	0
c12859	6	4	-1	0	-1	-1	0	0	41	-1	15	0	21	0	25	-1	0	10	31	0	0	-1	31	0	0	-1	0	35	-1	0
c12865	6	-1	-1	0	47	11	0	0	0	-1	15	12	21	0	0	33	0	47	0	0	6	35	31	0	0	24	0	-1	0	0
c12906	-1	14	-1	0	0	27	0	-1	0	-1	0	21	31	-1	-1	0	0	0	0	7	0	-1	-1	31	-1	-1	14	49	-1	0
c12928	-1	-1	48	-1	41	27	-1	-1	0	-1	0	21	-1	-1	0	0	0	0	35	0	-1	10	13	0	0	-1	14	49	28	-1
c12932	6	6	-1	-1	47	35	0	-1	-1	-1	-1	0	0	-1	-1	0	6	32	36	46	25	-1	31	-1	-1	24	0	-1	-1	12
c12934	6	6	0	-1	47	35	0	0	-1	-1	15	-1	0	36	0	0	6	0	36	-1	25	-1	31	0	0	24	0	49	0	-1
c12947	-1	14	48	0	0	27	0	-1	35	0	0	21	31	31	0	50	0	47	0	0	0	0	0	-1	-1	-1	14	49	0	0
c12960	-1	0	-1	-1	47	35	0	0	0	-1	15	0	0	-1	0	0	0	0	36	46	0	35	31	-1	7	24	0	41	3	-1
c12970	6	13	25	-1	47	35	-1	-1	0	-1	15	22	-1	36	0	32	0	-1	0	46	-1	35	31	0	0	24	0	44	47	0
c12971	6	-1	25	-1	-1	35	-1	1	0	-1	15	22	-1	36	-1	32	0	0	0	46	-1	35	31	0	-1	24	-1	44	-1	-1
c12989	-1	0	0	0	47	11	0	18	0	-1	15	0	21	-1	27	-1	0	0	-1	0	-1	35	31	0	-1	24	0	0	0	36
c13003	-1	-1	48	0	0	-1	-1	-1	3	0	0	21	31	31	0	12	0	41	0	0	7	-1	0	4	0	-1	14	49	0	0
c13011	-1	0	-1	-1	47	35	-1	0	-1	-1	-1	21	0	-1	0	0	0	0	0	-1	0	35	-1	7	0	-1	31	7	-1	-1
c13023	6	13	0	-1	-1	35	35	0	0	-1	15	0	13	36	-1	32	0	4	18	-1	0	-1	31	-1	-1	24	0	44	0	0
c13058	6	50	0	0	47	12	0	0	0	-1	15	0	0	0	0	0	-1	0	-1	25	50	35	-1	-1	0	24	-1	0	43	0
c13064	6	0	0	-1	47	35	-1	0	-1	-1	-1	-1	0	36	-1	0	0	0	36	46	0	35	31	0	0	24	0	-1	0	0
c13089	-1	-1	48	0	0	0	-1	-1	3	-1	21	21	31	31	0	12	0	-1	-1	0	7	-1	-1	0	0	-1	14	49	0	0
c13103	6	0	46	-1	47	35	-1	0	-1	-1	-1	41	47	36	0	18	-1	18	36	-1	0	35	31	0	0	24	0	0	-1	0
c13108	6	0	0	-1	-1	35	0	-1	-1	-1	15	0	47	-1	0	0	-1	18	36	46	0	35	31	0	0	-1	6	0	4	0
c13112	6	6	-1	-1	47	35	0	0	-1	-1	-1	0	-1	36	0	0	6	0	36	-1	25	-1	31	35	0	24	0	49	0	12
c13155	-1	0	0	0	47	-1	41	0	0	-1	15	-1	0	0	35	-1	0	-1	32	-1	-1	35	-1	0	0	-1	0	0	10	4
c13191	6	0	41	-1	47	-1	0	-1	0	-1	15	-1	0	36	0	0	41	0	36	46	4	35	31	31	7	-1	0	0	3	-1
c13199	-1	50	0	0	47	12	0	0	0	-1	15	5	0	0	0	0	0	-1	0	25	50	35	31	-1	0	-1	-1	27	43	-1
c13213	6	-1	0	-1	47	35	0	0	0	-1	15	0	7	36	25	0	0	0	36	46	0	35	-1	28	7	24	0	26	-1	31
c13222	6	-1	14	0	47	11	0	0	-1	-1	15	7	21	-1	0	33	-1	40	0	0	-1	35	31	0	0	24	0	0	0	0
c13244	6	13	-1	-1	-1	35	35	0	0	-1	15	0	0	36	0	32	0	4	-1	-1	0	35	31	0	0	24	-1	44	-1	0
c13245	6	-1	0	-1	-1	-1	35	0	-1	-1	-1	0	0	36	0	32	0	4	18	-1	0	35	31	0	0	24	0	-1	49	21
c13257	6	13	0	-1	47	-1	35	0	0	-1	-1	-1	0	36	0	32	0	4	18	-1	-1	35	31	0	0	24	0	44	0	0
c13262	6	50	21	0	47	11	0	0	0	-1	-1	0	0	0	0	0	-1	0	-1	25	0	-1	31	48	47	24	0	-1	21	0
c13300	6	13	0	-1	-1	35	35	0	0	-1	15	-1	0	36	0	32	0	4	18	-1	0	35	31	0	0	24	0	44	0	0
c13317	6	13	-1	-1	47	35	-1	0	0	-1	15	41	2	36	0	32	0	0	-1	46	-1	35	31	30	18	24	0	44	-1	0
c13342	6	-1	6	0	47	12	0	0	0	-1	-1	0	23	0	0	0	44	0	33	25	2	35	31	-1	0	24	0	0	0	0
c13343	-1	50	0	0	47	12	0	0	0	-1	15	0	-1	0	0	-1	44	0	33	25	2	-1	31	-1	0	24	-1	0	0	0
c13348	-1	14	-1	0	31	27	0	-1	0	0	0	21	31	31	0	0	-1	0	0	0	0	0	10	4	22	-1	14	-1	0	0
c13352	-1	50	50	43	47	0	47	0	0	-1	15	0	-1	0	21	18	-1	0	0	0	-1	35	31	6	0	24	0	0	0	0
c13358	6	50	0	0	-1	12	7	-1	0	-1	15	0	-1	0	6	0	22	0	27	25	0	35	-1	-1	0	-1	0	0	-1	0
c13364	6	0	0	-1	47	35	15	0	4	-1	-1	0	14	36	0	-1	-1	0	-1	46	0	35	-1	0	7	24	0	0	-1	0
c13412	6	-1	0	-1	47	35	0	41	-1	-1	15	0	6	36	0	0	6	0	36	46	25	35	31	0	0	24	0	0	0	12
c13421	6	50	0	0	47	-1	0	-1	0	-1	15	0	0	0	0	0	-1	0	-1	25	35	35	-1	-1	0	24	0	37	12	0
c13429	-1	13	25	-1	47	-1	35	-1	-1	-1	-1	0	0	36	0	32	0	0	0	46	0	35	31	0	-1	24	0	44	0	0
c13459	-1	-1	48	0	-1	27	0	-1	-1	0	0	21	31	31	0	0	14	0	0	12	0	10	47	0	0	-1	14	49	-1	0
c13475	6	4	0	-1	47	-1	0	0	41	-1	15	-1	0	0	0	0	0	10	-1	0	0	35	-1	-1	0	24	0	-1	10	0
c13493	-1	50	0	41	47	12	-1	0	0	-1	15	-1	0	0	-1	-1	0	0	0	25	0	35	31	-1	31	24	0	0	0	0
c13517	6	0	0	-1	-1	11	0	0	-1	-1	15	0	21	0	0	-1	0	0	0	0	-1	35	31	-1	0	24	49	14	0	0
c13561	-1	-1	-1	45	0	27	0	-1	0	0	-1	21	-1	31	0	35	-1	0	0	0	0	33	10	0	0	-1	14	49	0	0
c13609	6	0	45	-1	47	-1	0	-1	-1	-1	15	0	47	36	0	0	0	18	36	46	0	35	31	0	0	24	0	0	0	0
c13610	-1	27	-1	0	47	11	0	18	0	-1	15	0	21	0	27	0	-1	0	0	0	6	-1	31	0	0	24	0	0	0	36
c13611	-1	27	-1	0	47	11	0	18	-1	-1	15	0	21	0	27	0	0	-1	0	0	-1	35	31	0	0	24	0	0	0	36
c13615	6	0	-1	-1	47	35	0	0	0	-1	15	0	-1	36	-1	-1	0	0	-1	-1	0	35	-1	-1	7	-1	0	0	0	0
c13633	6	0	-1	-1	47	35	0	0	-1	-1	15	-1	-1	-1	-1	15	0	47	50	-1	-1	-1	-1	7	0	24	31	7	0	-1
c13637	-1	14	48	3	0	27	0	-1	0	39	0	21	-1	31	0	0	-1	4	0	48	0	-1	-1	3	-1	-1	14	49	0	0
c13646	6	-1	-1	-1	47	35	0	0	-1	-1	15	0	0	-1	0	0	14	0	36	46	38	35	31	0	7	-1	0	0	0	-1
c13654	-1	-1	48	0	0	27	0	-1	0	0	-1	21	31	31	0	0	0	-1	0	0	0	-1	0	0	50	-1	14	-1	-1	0
c13662	6	0	-1	-1	-1	35	0	0	-1	-1	15	13	0	36	2	0	0	0	36	46	0	35	31	0	0	24	0	-1	0	0
c13663	6	0	0	-1	-1	35	0	0	-1	-1	15	-1	0	-1	-1	-1	0	-1	-1	46	0	35	31	0	0	24	0	0	-1	0
c13670	6	50	0	0	47	-1	7	21	0	-1	-1	-1	0	0	0	0	0	-1	0	25	0	-1	31	-1	0	-1	0	0	43	0
c13724	-1	45	-1	-1	47	35	0	0	0	-1	15	-1	-1	36	0	0	0	0	0	46	0	35	-1	7	0	24	31	7	0	-1
c13742	6	-1	5	11	-1	0	0	0	0	-1	15	-1	41	-1	-1	-1	0	0	0	0	13	35	31	-1	4	24	0	32	-1	0
c13747	6	13	-1	-1	47	35	35	7	0	-1	15	0	0	-1	0	32	0	10	-1	-1	0	-1	31	-1	0	24	0	44	0	0
c13750	-1	10	14	-1	47	11	0	0	0	-1	15	0	21	0	-1	33	-1	33	0	0	6	35	31	-1	0	24	0	0	0	-1
c13751	6	10	14	0	47	11	0	0	-1	-1	15	-1	21	0	0	33	0	33	0	-1	6	35	31	0	0	24	0	0	0	0
c13753	-1	14	-1	0	-1	-1	0	-1	-1	0	-1	21	31	31	-1	0	0	-1	0	0	0	10	0	-1	-1	-1	14	-1	0	0
c13754	6	0	-1	-1	47	35	0	0	0	-1	15	-1	0	36	-1	15	0	47	50	46	19	-1	-1	7	0	-1	31	7	-1	-1
c13756	6	-1	11	-1	47	35	0	47	-1	-1	15	-1	-1	36	-1	15	0	0	-1	46	19	35	-1	7	0	24	31	7	0	-1
c13770	6	-1	0	0	47	-1	48	0	41	-1	-1	0	0	0	0	-1	0	10	33	0	-1	35	31	45	0	24	0	-1	10	-1
c13819	6	13	0	-1	47	35	35	0	0	-1	15	0	0	36	30	32	-1	4	18	-1	0	35	31	0	48	24	0	44	0	-1
c13830	6	-1	0	-1	47	35	0	0	46	-1	-1	47	-1	36	0	0	-1	18	-1	46	0	35	31	0	-1	24	-1	-1	0	0
c13834	-1	14	48	0	13	27	-1	-1	0	-1	0	-1	31	31	-1	0	0	-1	50	0	-1	10	0	0	44	-1	14	49	0	0
c13866	6	0	-1	-1	47	35	0	0	-1	-1	15	0	47	36	0	-1	0	18	36	46	0	35	31	0	0	-1	6	0	0	0
c13883	6	30	0	-1	47	35	0	-1	-1	-1	15	0	0	36	0	0	0	18	36	-1	0	-1	-1	0	-1	24	0	-1	-1	0
c13887	6	13	0	-1	47	35	35	-1	-1	-1	15	0	0	36	30	32	31	4	18	-1	0	35	31	0	48	24	0	44	0	-1
c13890	6	13	0	-1	-1	35	-1	0	-1	-1	15	0	0	-1	0	32	0	0	-1	46	-1	35	31	0	25	-1	48	44	0	0
c13910	6	-1	40	43	-1	0	47	35	0	-1	15	-1	0	33	0	-1	0	0	0	0	0	-1	31	6	0	24	0	0	-1	0
c13913	6	4	0	0	47	-1	0	0	41	-1	15	0	0	40	0	-1	0	10	-1	0	0	35	31	0	0	24	0	-1	-1	-1
c13953	6	13	47	-1	47	-1	-1	2	-1	-1	15	0	0	-1	0	32	0	-1	0	46	-1	35	-1	50	31	24	0	44	0	0
c13957	6	0	0	-1	47	35	0	0	0	-1	-1	0	-1	36	0	41	0	0	36	46	0	35	31	0	0	24	0	44	0	0
c13958	6	13	40	-1	47	35	-1	0	0	-1	15	0	0	36	0	32	-1	0	-1	46	0	35	31	-1	21	24	0	-1	0	-1
c14043	6	0	50	-1	-1	35	0	0	-1	-1	15	0	0	36	25	0	0	0	36	46	0	35	-1	28	7	24	0	-1	-1	0
c14049	6	0	-1	-1	47	35	0	-1	0	-1	15	-1	0	36	0	0	0	-1	36	46	-1	35	31	31	7	-1	0	41	3	-1
c14056	6	13	0	-1	47	35	-1	0	0	-1	15	0	13	36	0	-1	48	0	4	46	0	35	31	-1	-1	24	0	44	0	0
c14065	-1	16	-1	-1	47	-1	0	0	-1	-1	15	21	40	36	0	0	0	0	4	-1	0	35	-1	7	0	24	31	7	0	-1
c14087	6	0	0	-1	47	35	-1	0	-1	-1	15	-1	14	-1	0	0	0	18	36	46	0	35	31	0	0	24	0	0	-1	-1
c14092	-1	-1	0	-1	47	12	0	0	28	-1	15	-1	23	-1	0	0	-1	-1	19	25	2	35	31	-1	0	24	-1	-1	0	0
c14120	6	-1	0	-1	-1	-1	44	50	0	-1	15	0	-1	36	0	10	0	0	36	46	0	35	-1	-1	7	-1	-1	0	0	0
c14123	-1	45	11	-1	47	-1	0	0	0	-1	15	21	0	-1	0	0	0	0	0	46	0	-1	-1	7	-1	24	31	7	0	-1
c14138	6	6	0	-1	47	35	0	-1	-1	-1	15	0	0	-1	0	-1	-1	32	36	-1	25	-1	31	0	-1	-1	0	0	0	12
c14144	-1	0	-1	-1	47	35	14	-1	-1	-1	-1	0	-1	-1	-1	0	0	-1	-1	46	0	35	31	0	-1	24	21	-1	-1	-1
c14168	-1	-1	48	0	13	27	19	-1	0	0	43	-1	31	31	2	0	14	0	0	0	0	10	-1	0	0	-1	14	49	-1	0
c14208	6	-1	0	0	47	12	7	0	0	-1	15	0	15	0	0	0	22	-1	0	-1	0	35	31	-1	0	24	48	0	43	0
c14231	6	-1	0	-1	47	-1	-1	-1	-1	-1	15	0	0	36	0	-1	6	50	36	46	25	35	31	-1	-1	24	-1	-1	0	12
c14233	6	0	0	-1	47	35	0	0	0	-1	-1	-1	-1	-1	0	0	0	0	36	-1	0	-1	-1	-1	7	24	0	0	0	0
c14234	-1	0	0	-1	47	35	2	-1	0	-1	15	-1	-1	36	0	0	0	0	36	46	-1	35	-1	50	7	-1	0	0	0	0
c14261	6	4	0	-1	47	-1	0	0	41	-1	15	0	0	0	0	0	0	10	33	0	0	35	31	0	0	24	0	35	10	0
c14348	6	0	0	-1	47	35	0	0	0	-1	15	0	0	-1	-1	49	0	-1	36	46	0	35	-1	28	-1	24	0	-1	-1	0
c14350	6	13	18	-1	47	-1	35	7	13	-1	15	0	-1	36	47	32	31	0	-1	46	0	35	31	0	0	-1	30	-1	2	0
c14365	6	0	0	-1	47	35	31	0	-1	-1	15	41	47	36	0	18	-1	18	36	46	0	-1	31	0	0	24	0	0	0	-1
c14366	6	13	0	-1	47	35	35	0	35	-1	15	0	0	36	-1	-1	0	4	-1	-1	-1	35	31	0	0	24	0	44	0	0
c14399	6	0	11	-1	-1	35	0	0	0	-1	-1	-1	0	36	0	15	0	47	50	-1	-1	-1	-1	7	0	24	31	7	-1	-1
c14402	6	-1	0	0	47	-1	0	0	41	-1	15	0	0	0	4	0	0	10	-1	0	-1	35	31	47	0	-1	0	35	10	0
c14412	6	-1	0	-1	47	35	0	4	-1	-1	15	0	47	36	0	0	0	-1	36	46	0	35	31	0	0	-1	6	0	50	0
c14413	6	0	0	-1	-1	35	0	4	-1	-1	15	0	47	36	0	0	0	18	36	46	0	35	-1	0	0	-1	6	-1	50	0
c14430	6	13	0	-1	47	35	-1	0	-1	-1	15	0	0	36	-1	32	0	4	18	-1	-1	35	31	-1	0	-1	0	44	-1	0
c14436	-1	0	0	-1	-1	35	14	0	-1	-1	15	0	0	36	-1	0	0	0	36	46	0	35	-1	-1	-1	24	31	-1	0	-1
c14448	-1	14	48	45	-1	27	0	-1	18	0	0	21	31	-1	0	35	-1	43	0	0	0	0	10	0	0	-1	14	49	0	-1
c14455	6	0	0	-1	47	-1	0	0	-1	-1	15	13	0	36	2	0	0	0	36	-1	0	35	31	-1	31	24	0	0	0	0
c14456	6	0	0	-1	-1	35	0	0	0	-1	15	0	0	36	0	0	0	31	-1	46	-1	35	-1	0	-1	24	0	0	0	-1
c14459	6	30	11	-1	47	35	0	47	-1	-1	-1	21	0	36	0	-1	0	0	-1	46	-1	35	-1	7	0	24	-1	-1	0	-1
c14464	6	50	40	43	47	0	47	0	0	-1	-1	0	0	-1	0	0	0	0	0	47	-1	35	-1	-1	0	24	0	0	-1	0
c14473	-1	13	-1	-1	-1	35	35	0	0	-1	15	-1	0	36	0	-1	0	0	0	-1	0	35	31	50	-1	24	0	44	0	-1
c14474	6	-1	0	-1	47	35	0	0	-1	-1	15	-1	0	36	-1	0	0	0	36	46	0	-1	31	0	0	24	0	44	0	0
c14475	6	-1	0	-1	47	35	0	0	0	-1	15	-1	0	-1	-1	0	0	0	36	46	0	35	-1	0	0	24	-1	44	0	0
c14490	6	6	0	-1	47	35	0	0	-1	-1	15	0	0	36	0	0	6	-1	36	46	25	-1	31	0	-1	24	0	49	0	12
c14586	-1	-1	-1	-1	47	35	0	0	0	-1	15	21	-1	36	-1	-1	0	0	-1	46	0	35	-1	7	0	24	31	7	32	-1
c14595	-1	13	0	-1	47	35	35	0	0	-1	15	0	-1	36	0	32	0	4	18	-1	-1	35	-1	0	-1	24	0	44	0	0
c14614	6	50	0	0	47	0	0	0	0	-1	15	0	14	0	0	0	-1	40	0	-1	7	35	31	0	-1	24	-1	21	0	-1
c14628	6	21	-1	-1	-1	35	-1	0	-1	-1	15	47	0	36	0	0	0	-1	36	46	0	35	31	0	0	24	0	0	31	0
c14666	6	50	3	-1	47	12	7	-1	0	-1	15	-1	0	0	0	0	0	-1	0	25	1	35	-1	-1	0	24	0	0	-1	48
c14672	-1	0	-1	-1	-1	35	0	0	0	-1	-1	0	10	36	0	49	49	0	36	46	0	35	-1	31	7	24	0	0	-1	-1
c14701	-1	22	0	-1	47	35	0	45	-1	-1	-1	0	0	36	0	0	-1	0	0	46	-1	35	31	-1	11	-1	0	0	0	0
c14705	-1	0	0	0	-1	11	-1	0	0	-1	15	0	21	0	40	21	0	0	35	-1	-1	-1	31	0	0	24	0	0	-1	0
c14721	6	50	0	9	47	12	-1	-1	0	-1	15	0	0	0	-1	0	-1	0	-1	-1	50	35	-1	-1	-1	24	0	0	43	-1
c14727	-1	14	48	47	0	27	0	-1	-1	-1	-1	-1	31	31	0	35	30	0	31	-1	0	-1	10	0	0	-1	14	49	-1	0
c14729	6	50	0	0	47	12	0	-1	0	-1	15	-1	0	0	0	-1	0	0	0	25	0	35	31	-1	0	24	0	0	23	-1
c14757	6	50	50	0	47	-1	-1	4	-1	-1	15	-1	0	0	0	-1	0	50	0	25	9	35	31	-1	0	24	0	-1	0	0
c14762	6	-1	0	0	47	-1	0	0	41	-1	15	-1	0	-1	21	0	0	10	33	0	0	35	31	0	0	24	0	-1	10	-1
c14812	-1	0	0	0	47	11	0	18	31	-1	15	0	21	-1	-1	0	6	0	0	-1	6	35	31	0	0	-1	3	0	-1	36
c14817	6	50	0	0	47	12	0	0	31	-1	15	-1	-1	0	0	-1	27	0	-1	25	-1	-1	31	-1	0	24	-1	0	0	0
c14864	6	-1	0	0	47	12	0	-1	-1	-1	15	0	0	0	0	0	-1	-1	0	25	0	35	-1	-1	0	24	-1	0	10	0
c14879	-1	-1	-1	31	0	27	11	-1	32	-1	0	21	-1	31	18	-1	0	0	0	-1	0	10	13	0	0	-1	-1	49	0	0
c14930	6	13	25	-1	47	35	35	0	0	-1	15	0	0	-1	30	32	31	4	-1	-1	0	35	31	21	5	24	0	44	2	0
c14943	-1	14	48	2	0	27	-1	-1	-1	0	0	-1	31	31	0	0	0	-1	-1	-1	0	10	40	-1	0	-1	14	49	41	0
c14952	-1	-1	48	0	0	0	0	-1	3	0	0	21	31	31	0	12	7	0	0	-1	7	-1	0	11	0	-1	14	49	0	0
c14954	6	4	0	0	47	37	-1	-1	41	-1	15	0	0	50	4	0	0	-1	33	0	-1	35	31	47	0	-1	0	35	-1	0
c14961	6	-1	-1	-1	47	35	0	41	49	-1	15	21	18	36	12	25	-1	0	50	-1	0	35	-1	-1	0	24	31	-1	0	-1
c14977	6	-1	25	-1	47	-1	-1	-1	0	-1	15	0	-1	-1	0	32	0	-1	0	46	41	35	31	0	0	24	0	44	47	0
c14980	6	-1	-1	0	47	37	0	0	41	-1	15	0	-1	40	-1	0	0	10	33	0	12	35	31	0	0	24	0	-1	10	-1
c14981	6	4	0	0	47	37	0	0	41	-1	15	0	0	40	0	0	-1	10	33	0	12	35	31	0	0	24	0	-1	-1	-1
c14991	-1	0	-1	-1	-1	-1	0	-1	-1	-1	15	-1	-1	36	0	0	-1	0	-1	46	0	35	31	0	0	24	49	0	0	-1
c15003	6	4	-1	0	47	-1	0	0	41	-1	-1	0	-1	2	0	0	30	10	31	0	25	35	31	0	0	24	-1	35	10	0
c15015	-1	0	0	-1	47	11	-1	18	0	-1	-1	0	21	0	27	0	6	-1	-1	0	6	35	31	0	33	24	0	0	0	36
c15035	6	50	0	0	47	-1	0	0	-1	-1	15	-1	2	0	0	0	0	0	-1	25	0	35	31	-1	-1	24	0	0	31	0
c15042	6	-1	9	-1	47	35	0	0	18	-1	15	0	0	36	21	0	-1	18	36	46	5	35	31	47	0	-1	-1	44	0	0
c15052	-1	50	0	0	47	0	12	0	0	-1	15	0	-1	0	0	0	0	0	0	25	0	35	31	0	0	24	0	31	-1	-1
c15053	-1	-1	0	0	47	0	-1	0	0	-1	15	0	0	0	-1	0	0	0	0	25	-1	35	31	-1	0	24	0	31	0	0
c15061	6	13	50	-1	47	35	35	0	35	-1	15	0	0	-1	0	32	0	4	-1	-1	0	-1	-1	0	0	24	0	44	0	0
c15081	6	-1	44	14	-1	37	32	0	41	-1	15	50	0	-1	0	0	0	10	33	-1	0	-1	31	33	0	24	0	35	10	0
c15087	6	21	0	-1	47	-1	0	0	-1	-1	-1	-1	41	36	0	0	0	18	36	46	0	35	-1	-1	0	-1	0	0	31	0
c15103	-1	4	0	-1	-1	35	49	0	0	-1	15	0	0	36	0	0	0	31	-1	46	0	35	31	-1	7	24	0	0	-1	-1
c15104	6	4	0	0	47	-1	0	0	-1	-1	15	-1	0	12	0	0	49	10	33	0	0	35	31	0	0	24	0	-1	10	0
c15108	6	0	0	-1	-1	11	17	0	0	-1	15	0	21	-1	40	0	0	0	35	-1	-1	35	31	0	0	24	0	-1	0	-1
c15116	6	0	0	-1	47	35	0	0	0	-1	15	0	0	36	-1	0	-1	-1	-1	46	0	35	31	0	0	24	0	44	0	0
c15126	6	41	-1	-1	-1	35	0	0	-1	-1	15	0	31	36	0	0	-1	-1	36	46	0	35	-1	0	0	24	25	-1	47	0
c15129	6	13	25	-1	47	35	35	0	33	-1	15	0	0	36	0	-1	0	0	-1	46	0	35	31	0	0	24	-1	44	0	0
c15130	6	0	0	-1	47	35	0	0	0	-1	15	-1	0	36	21	37	0	18	36	46	13	-1	31	47	-1	24	0	44	0	-1
c15137	6	13	0	-1	47	35	-1	0	0	-1	-1	0	0	-1	0	-1	-1	0	0	46	-1	35	31	0	0	24	0	44	0	0
c15140	6	-1	-1	-1	47	35	35	0	0	-1	15	0	0	36	0	32	0	4	18	-1	27	35	-1	0	-1	24	-1	-1	0	0
c15141	6	13	-1	-1	-1	-1	-1	0	-1	-1	15	0	0	36	0	32	0	4	18	-1	27	-1	-1	0	0	24	0	44	0	0
c15162	6	13	0	-1	-1	35	35	0	0	-1	-1	18	-1	36	47	32	0	4	18	-1	0	35	-1	0	-1	24	-1	-1	0	0
c15176	6	4	-1	-1	-1	37	-1	0	41	-1	15	0	-1	2	0	-1	30	10	31	0	25	35	-1	0	0	24	0	35	10	0
c15195	6	-1	0	-1	47	35	-1	0	-1	-1	15	0	0	36	25	-1	0	0	36	-1	0	-1	-1	-1	7	24	0	26	-1	0
c15199	-1	14	-1	0	-1	27	0	-1	0	0	0	21	31	31	0	0	49	-1	4	0	21	10	0	0	0	-1	14	49	0	0
c15222	6	50	19	-1	47	-1	0	0	31	-1	15	-1	0	49	0	0	0	-1	-1	25	0	-1	31	0	0	24	41	0	0	0
c15226	6	4	-1	0	47	37	0	47	41	-1	15	0	-1	0	0	0	0	10	31	-1	0	35	31	0	13	-1	0	-1	-1	-1
c15229	-1	-1	47	-1	47	-1	0	0	-1	-1	15	0	0	-1	47	-1	0	0	36	46	-1	-1	31	0	7	24	47	0	0	0
c15232	6	0	11	-1	-1	35	0	0	-1	-1	15	-1	-1	36	0	0	0	41	50	46	0	35	-1	7	0	-1	31	-1	0	-1
c15246	-1	-1	48	-1	0	27	-1	-1	0	48	0	-1	-1	31	-1	0	0	-1	-1	-1	13	-1	0	-1	0	-1	14	49	0	0
c15260	6	0	14	0	47	-1	0	0	0	-1	15	-1	21	0	0	33	-1	0	0	0	-1	35	31	0	-1	24	0	0	0	0
c15267	6	-1	0	0	-1	0	0	-1	48	-1	15	0	0	0	-1	0	0	0	-1	25	0	35	31	-1	0	24	0	18	0	0
c15293	-1	-1	-1	44	0	27	0	-1	-1	-1	-1	21	-1	31	0	0	0	0	35	-1	-1	10	-1	31	0	-1	14	49	28	27
c15302	6	-1	14	0	47	11	0	-1	6	-1	15	4	21	0	0	33	0	-1	13	0	6	35	31	0	0	24	0	-1	0	0
c15318	6	0	31	-1	-1	35	-1	0	0	-1	15	0	10	36	-1	0	0	0	36	46	0	35	31	31	-1	24	0	0	3	-1
c15319	6	0	31	-1	-1	35	37	0	0	-1	15	0	10	36	32	0	0	0	-1	46	0	35	-1	31	7	24	0	0	3	-1
c15338	6	50	-1	0	47	0	0	0	0	-1	-1	0	0	-1	-1	0	0	0	0	25	-1	35	31	-1	0	24	-1	0	0	-1
c15347	-1	14	48	-1	0	27	-1	-1	13	0	-1	21	31	31	0	0	0	50	0	0	-1	10	0	0	0	-1	-1	-1	0	0
c15356	-1	0	0	-1	47	35	0	0	0	-1	15	0	-1	36	0	0	0	35	-1	46	0	-1	-1	-1	7	-1	0	41	3	-1
c15360	-1	16	11	-1	47	35	-1	0	0	-1	15	21	0	-1	0	0	0	0	0	46	0	35	-1	7	0	24	31	-1	0	-1
c15366	6	6	47	-1	47	35	0	0	-1	-1	-1	0	0	36	0	-1	-1	0	36	46	25	-1	31	0	0	24	0	49	0	12
c15383	-1	16	11	-1	47	35	0	0	-1	-1	15	21	0	36	-1	49	-1	0	0	46	0	35	-1	7	0	24	31	7	0	-1
c15403	6	50	0	0	47	-1	0	0	0	-1	15	0	0	0	0	0	-1	50	0	25	-1	35	31	-1	0	24	40	-1	43	-1
c15405	6	0	2	-1	47	35	18	0	0	-1	15	33	0	36	21	0	-1	18	36	46	0	35	-1	47	0	24	-1	44	-1	-1
c15427	6	0	0	-1	-1	35	-1	0	-1	-1	15	0	0	36	0	0	0	31	-1	46	0	35	31	-1	7	24	0	0	0	-1
c15433	6	50	0	0	-1	12	-1	4	0	-1	15	-1	0	0	0	0	22	0	0	-1	0	35	31	-1	0	24	0	0	43	0
c15442	6	13	-1	-1	47	35	35	-1	0	-1	15	-1	0	36	0	-1	0	4	18	46	14	-1	31	0	-1	24	0	-1	-1	0
c15453	6	13	0	-1	47	35	35	0	0	-1	15	33	27	36	0	32	-1	-1	-1	46	0	35	31	0	0	24	-1	44	0	0
c15457	-1	50	-1	0	47	0	-1	20	0	-1	15	-1	0	0	0	0	0	0	0	25	0	35	31	0	0	-1	0	0	0	-1
c15461	6	50	0	0	-1	12	0	-1	0	-1	15	-1	23	-1	0	0	44	0	33	25	-1	-1	31	-1	0	24	0	0	0	-1
c15493	6	41	0	-1	47	-1	-1	0	-1	-1	15	0	31	36	0	0	0	18	36	46	0	35	31	0	0	24	25	0	47	-1
c15494	6	0	0	-1	47	35	14	0	-1	-1	15	0	0	-1	0	0	0	0	36	46	0	35	31	-1	22	24	31	0	-1	0
c15504	6	13	0	-1	-1	35	35	0	35	-1	15	0	0	36	0	-1	0	4	18	-1	-1	35	31	0	-1	-1	0	44	-1	-1
c15506	6	0	45	-1	47	35	-1	-1	0	-1	15	0	0	36	0	0	-1	-1	36	46	0	35	31	-1	0	-1	0	44	-1	0
c15514	-1	-1	48	0	0	0	-1	-1	3	0	0	21	31	31	0	12	0	0	0	0	7	-1	0	0	0	-1	-1	-1	0	0
c15516	6	0	0	-1	-1	35	0	0	0	-1	15	-1	0	36	0	0	-1	-1	-1	46	0	35	-1	0	0	24	23	44	0	0
c15540	6	0	11	-1	47	35	-1	-1	0	-1	15	21	0	-1	0	0	0	-1	50	-1	0	-1	-1	7	49	24	-1	7	-1	-1
c15550	6	0	14	0	-1	11	0	0	0	-1	15	0	-1	0	0	-1	0	0	13	0	6	35	31	0	-1	24	0	-1	0	0
c15557	-1	0	0	-1	47	35	-1	0	-1	-1	15	0	41	36	0	0	0	0	36	46	0	-1	-1	0	0	24	0	0	0	-1
c15560	6	21	0	-1	47	35	0	-1	-1	-1	15	-1	0	36	0	0	-1	18	36	46	0	-1	31	0	0	24	0	-1	31	0
c15591	6	-1	38	-1	47	-1	-1	0	2	-1	-1	0	-1	36	0	0	0	0	36	-1	0	-1	31	0	0	-1	0	44	0	0
c15606	-1	-1	48	0	0	-1	6	-1	3	-1	-1	-1	31	31	0	-1	0	-1	-1	0	-1	-1	0	-1	0	-1	14	-1	0	41
c15609	6	50	0	31	47	12	0	0	0	-1	15	0	0	5	0	-1	-1	0	49	25	-1	-1	31	-1	0	24	0	0	0	0
c15619	-1	13	-1	-1	47	-1	-1	0	12	-1	15	0	0	36	0	32	48	-1	4	46	0	35	31	0	0	24	0	44	0	0
c15637	-1	14	-1	21	13	-1	-1	-1	-1	0	18	21	-1	31	0	49	14	-1	-1	0	0	-1	-1	0	0	-1	-1	-1	0	0
c15667	6	-1	-1	-1	47	11	10	0	0	-1	15	0	0	0	0	0	-1	0	33	25	0	35	31	-1	47	24	0	-1	-1	0
c15670	6	-1	-1	0	47	12	-1	0	0	-1	15	0	0	0	0	0	0	0	-1	25	50	-1	31	-1	0	24	0	-1	43	0
c15683	6	13	0	-1	47	35	-1	0	12	-1	15	33	27	36	0	32	-1	4	18	-1	-1	35	31	0	0	-1	-1	44	0	0
c15684	-1	14	48	-1	0	27	-1	-1	45	0	0	-1	31	-1	-1	-1	0	47	18	0	0	0	0	0	-1	-1	14	-1	31	0
c15691	-1	14	48	30	-1	27	0	-1	-1	0	-1	21	31	31	0	0	0	-1	-1	-1	0	10	0	0	0	-1	-1	-1	0	0
c15709	6	0	11	-1	47	35	0	0	-1	-1	15	21	0	36	0	0	0	-1	50	-1	-1	35	-1	7	-1	24	-1	7	0	-1
c15711	6	-1	0	0	47	11	0	0	0	-1	15	0	-1	4	-1	0	0	-1	-1	0	6	35	31	0	-1	24	0	0	0	4
c15712	6	0	0	4	47	0	45	-1	0	-1	15	-1	-1	0	0	-1	0	0	0	0	-1	35	-1	0	-1	24	-1	0	10	0
c15726	6	0	-1	-1	47	35	-1	0	0	-1	15	0	31	36	0	0	-1	4	-1	46	0	35	-1	-1	7	24	-1	-1	-1	0
c15727	6	0	0	-1	47	35	-1	0	0	-1	15	0	31	36	0	0	-1	-1	-1	46	0	-1	-1	28	-1	24	0	2	-1	0
c15743	6	50	0	40	47	-1	-1	-1	35	-1	15	0	0	0	47	0	-1	0	0	25	0	35	31	48	-1	24	0	0	0	0
c15753	6	0	47	-1	-1	35	0	0	0	-1	15	-1	0	36	0	0	0	0	36	46	0	35	31	0	7	-1	0	0	0	0
c15776	6	13	0	-1	47	35	-1	-1	0	-1	15	0	0	36	0	-1	-1	0	0	46	0	-1	31	0	0	-1	-1	-1	25	31
c15777	-1	13	0	-1	47	35	-1	0	0	-1	15	0	0	36	0	-1	-1	-1	0	46	0	35	31	0	0	-1	-1	-1	25	31
c15783	6	2	11	-1	47	35	0	-1	0	-1	-1	0	2	36	0	-1	41	0	36	46	0	35	31	0	0	24	0	44	2	0
c15791	6	0	0	-1	47	35	0	0	0	-1	-1	0	-1	-1	0	0	14	0	-1	46	38	35	-1	0	7	24	-1	0	0	-1
c15826	6	13	0	-1	47	35	-1	0	0	-1	15	0	-1	-1	0	32	48	0	4	46	0	35	31	0	0	24	0	44	0	0
c15827	6	13	0	-1	47	35	-1	0	0	-1	15	-1	0	36	0	32	48	0	-1	46	0	35	31	0	-1	-1	0	44	0	-1
c15829	6	-1	11	-1	47	-1	0	0	0	-1	15	0	0	36	-1	-1	41	0	36	46	-1	35	-1	0	0	24	0	44	0	0
c15847	-1	14	48	22	0	27	-1	-1	0	0	-1	21	31	31	0	0	0	-1	0	-1	0	10	0	31	0	-1	14	49	-1	0
c15851	-1	0	0	0	47	11	0	0	0	-1	15	0	21	-1	0	0	0	0	0	0	6	35	31	0	2	24	0	0	0	0
c15872	6	-1	0	-1	47	35	-1	0	0	-1	15	0	0	36	0	32	0	-1	-1	-1	0	35	31	0	0	-1	-1	44	0	0
c15884	6	0	0	-1	47	35	0	0	0	-1	-1	-1	0	36	-1	-1	14	0	-1	46	-1	35	31	0	7	24	0	0	0	-1
c15891	6	0	6	-1	47	35	0	0	0	-1	15	-1	0	36	0	0	0	-1	36	46	0	35	31	0	0	24	21	44	0	0
c15896	6	-1	0	-1	47	35	-1	0	0	-1	15	41	0	36	21	0	0	18	36	46	0	-1	31	47	0	24	0	44	0	0
c15906	-1	0	0	-1	-1	-1	0	0	-1	-1	15	0	41	36	-1	0	0	0	36	46	0	35	31	-1	0	-1	0	32	-1	0
c15925	6	-1	-1	0	47	-1	0	-1	0	-1	15	0	-1	-1	0	0	0	0	0	25	-1	35	-1	-1	-1	24	35	0	0	-1
c15926	6	14	0	0	47	11	0	0	0	-1	15	0	21	0	0	0	0	0	-1	0	6	35	31	0	2	24	0	0	0	0
c15927	6	14	0	0	47	11	0	0	1	-1	15	0	21	0	0	0	0	-1	0	0	6	35	31	-1	2	24	0	0	0	0
c15938	-1	14	48	-1	-1	-1	47	-1	-1	0	0	21	31	31	0	49	0	-1	0	-1	0	10	23	4	0	-1	14	49	12	0
c15954	6	-1	44	-1	-1	37	32	0	41	-1	15	0	-1	-1	0	0	50	10	33	-1	-1	35	31	0	0	24	0	35	10	0
c15957	6	0	0	-1	-1	-1	14	0	-1	-1	15	-1	0	36	0	0	0	0	-1	46	0	35	31	0	-1	24	31	-1	0	0
c15967	6	0	11	-1	47	35	-1	0	-1	-1	15	21	0	36	0	0	0	0	-1	46	-1	35	-1	7	0	-1	31	-1	-1	-1
c15980	-1	14	48	-1	44	27	0	-1	-1	0	47	21	31	31	0	-1	0	-1	0	0	0	0	0	-1	0	-1	-1	49	47	0
c16006	6	0	32	0	-1	0	0	-1	0	-1	-1	0	4	0	0	33	0	0	0	0	0	35	31	-1	27	24	0	-1	-1	0
c16025	6	0	14	-1	-1	11	-1	0	9	-1	15	-1	21	0	0	33	0	-1	0	0	6	35	31	0	26	24	0	0	0	0
c16029	6	50	0	-1	47	0	0	0	-1	-1	15	0	0	0	27	-1	31	0	-1	25	0	35	31	41	0	24	41	0	-1	-1
c16037	6	0	-1	-1	47	35	0	0	-1	-1	15	-1	0	36	0	15	0	47	-1	-1	19	-1	-1	-1	0	24	31	-1	0	-1
c16040	6	13	0	-1	-1	35	-1	0	-1	-1	15	49	0	36	0	-1	0	0	0	46	0	-1	31	-1	0	24	0	44	0	-1
c16045	-1	0	0	-1	47	35	0	0	0	-1	15	0	0	-1	-1	-1	14	0	36	46	38	35	-1	0	-1	24	0	0	0	-1
c16073	-1	-1	25	-1	47	35	35	-1	32	-1	15	0	0	36	0	32	0	0	0	46	0	35	31	0	7	24	0	44	0	0
c16077	6	26	0	-1	-1	35	-1	0	-1	-1	15	18	31	36	0	0	0	18	36	46	0	35	31	0	0	24	0	0	12	0
c16082	6	0	0	-1	47	35	0	-1	0	-1	-1	0	-1	36	0	0	0	0	36	46	0	35	31	0	0	24	0	44	0	0
c16087	6	50	-1	0	-1	12	0	0	0	-1	15	50	0	-1	-1	0	0	-1	0	-1	0	35	31	-1	0	24	0	0	0	-1
c16161	6	-1	0	0	-1	12	-1	0	0	-1	-1	0	-1	0	0	4	0	0	0	25	2	-1	31	-1	-1	24	0	0	0	-1
c16163	-1	45	11	-1	47	35	0	-1	0	-1	15	21	0	36	0	-1	0	0	41	-1	0	35	-1	-1	-1	-1	31	-1	0	-1
c16164	-1	31	14	0	47	11	0	0	0	-1	15	12	-1	0	0	33	0	-1	0	0	-1	35	31	0	-1	24	0	0	0	0
c16171	-1	14	-1	0	0	-1	0	-1	-1	-1	0	-1	-1	31	9	0	0	-1	0	11	13	25	0	0	0	-1	14	-1	0	0
c16176	6	0	11	-1	-1	35	0	47	31	-1	15	21	0	36	-1	15	0	0	-1	46	19	35	-1	7	-1	24	31	-1	0	-1
c16183	-1	13	25	-1	-1	35	35	0	0	-1	15	0	0	36	0	32	14	0	0	-1	0	35	31	-1	0	24	0	44	0	5
c16194	6	-1	0	0	47	12	0	0	0	-1	15	0	-1	0	-1	-1	0	50	0	25	50	35	-1	-1	0	24	0	0	43	48
c16236	-1	14	-1	0	0	27	31	-1	0	-1	-1	21	-1	31	0	5	-1	-1	36	0	0	-1	10	0	22	-1	14	49	0	-1
c16245	6	0	0	-1	-1	35	0	-1	0	-1	15	0	-1	36	-1	-1	0	0	-1	46	0	35	-1	0	-1	24	17	40	0	0
c16250	6	-1	-1	-1	47	-1	-1	-1	0	-1	15	21	41	36	0	-1	0	0	0	46	0	35	31	0	11	24	-1	-1	0	-1
c16265	6	0	0	-1	47	11	0	0	-1	-1	15	0	21	0	0	0	0	-1	0	0	6	35	31	0	2	24	0	0	0	-1
c16280	6	4	0	0	-1	37	0	0	41	-1	15	-1	0	0	0	0	0	-1	33	0	0	-1	31	0	-1	24	0	35	10	0
c16288	6	-1	0	-1	-1	-1	0	22	-1	-1	15	0	0	36	-1	0	0	31	-1	-1	-1	35	31	0	7	24	0	49	0	-1
c16310	6	0	0	-1	47	-1	3	45	-1	-1	15	21	41	36	0	0	0	-1	0	46	0	35	31	-1	11	24	0	-1	0	0
c16340	6	0	-1	-1	47	35	0	5	-1	-1	15	0	41	36	0	0	0	0	36	-1	-1	35	31	0	-1	24	41	0	7	0
c16343	6	-1	25	-1	47	35	0	0	0	-1	15	-1	0	36	25	0	0	0	36	46	0	35	-1	-1	7	24	0	0	-1	0
c16370	-1	14	48	0	0	27	0	-1	45	0	31	-1	31	31	-1	0	0	-1	-1	-1	-1	0	0	0	4	-1	14	49	0	0
c16377	6	-1	0	0	47	-1	-1	0	0	-1	15	0	21	0	0	-1	0	0	0	0	6	35	31	0	0	-1	0	14	0	-1
c16401	6	50	0	0	47	12	7	0	0	-1	-1	0	50	0	0	0	0	-1	0	25	0	35	31	-1	0	24	0	0	43	0
c16402	-1	0	-1	-1	47	35	-1	0	0	-1	-1	-1	0	36	0	0	0	-1	-1	46	0	-1	-1	-1	7	24	-1	41	-1	-1
c16408	6	0	0	-1	47	35	0	-1	0	-1	15	0	0	36	-1	-1	0	0	36	-1	0	35	-1	0	0	24	0	44	0	0
c16416	-1	16	11	-1	47	35	0	0	0	-1	15	21	-1	36	0	0	12	0	0	46	0	35	-1	-1	18	24	31	7	0	-1
c16417	-1	16	11	-1	-1	35	0	0	0	-1	15	21	0	36	0	0	-1	0	0	46	0	35	-1	-1	0	-1	31	7	0	-1
c16419	6	0	0	0	-1	11	0	0	-1	-1	15	0	21	0	0	0	0	0	-1	-1	6	35	31	0	2	24	-1	0	0	-1
c16421	6	3	0	-1	47	35	0	0	-1	-1	15	0	10	36	-1	0	32	0	36	-1	0	35	31	31	7	24	0	-1	3	-1
c16425	6	0	0	-1	47	35	0	0	0	-1	15	0	0	36	0	0	0	0	36	46	0	35	31	0	0	24	21	-1	0	33
c16428	-1	0	11	-1	47	35	0	0	-1	-1	15	-1	0	36	0	0	-1	0	0	46	0	35	-1	7	0	-1	31	7	-1	-1
c16430	-1	14	48	0	21	27	0	-1	0	0	-1	21	31	31	-1	-1	30	0	45	41	0	0	0	0	0	-1	14	49	0	0
c16440	6	0	0	-1	-1	35	0	0	-1	-1	15	0	-1	36	2	0	0	0	36	46	50	35	31	-1	0	24	0	0	33	0
c16443	-1	35	-1	-1	47	35	-1	0	0	-1	-1	0	0	36	-1	0	-1	-1	36	46	0	-1	-1	0	0	24	0	44	-1	2
c16446	6	-1	-1	-1	47	35	-1	0	-1	-1	15	0	-1	36	0	0	-1	-1	36	46	0	-1	31	0	0	24	0	0	0	0
c16448	6	-1	0	-1	47	35	0	0	0	-1	15	0	0	-1	-1	44	0	0	-1	46	32	35	-1	-1	7	24	0	-1	0	-1
c16449	6	-1	-1	-1	47	35	0	0	0	-1	15	0	-1	-1	0	44	0	0	36	-1	32	35	-1	-1	7	24	-1	0	-1	49
c16458	-1	14	48	30	0	27	0	-1	0	0	-1	-1	31	31	0	0	0	-1	-1	0	0	10	0	0	0	-1	14	49	0	0
c16462	-1	-1	48	0	0	0	-1	-1	3	0	0	21	31	31	0	12	0	0	0	0	7	-1	0	0	0	-1	14	-1	0	0
c16464	6	0	50	-1	47	35	0	0	0	-1	15	0	0	36	0	9	0	0	36	-1	0	35	31	0	0	24	-1	44	0	0
c16472	6	4	-1	0	47	-1	32	0	41	-1	15	0	0	48	0	-1	-1	10	33	0	0	35	-1	33	0	24	0	35	10	0
c16483	6	-1	0	-1	47	35	0	11	50	-1	15	0	0	36	0	-1	41	0	36	46	41	35	31	0	0	24	0	-1	0	0
c16515	-1	0	-1	-1	47	35	0	0	0	-1	15	0	14	36	0	0	0	0	36	46	0	35	-1	0	7	24	0	-1	0	0
c16529	-1	10	38	-1	47	35	0	-1	2	-1	15	0	0	36	0	0	0	0	36	-1	-1	35	-1	1	0	24	0	-1	-1	0
c16535	-1	50	0	0	47	0	0	-1	0	-1	15	0	0	0	-1	0	0	0	-1	25	0	35	31	-1	0	24	0	0	-1	-1
c16537	-1	14	48	0	-1	-1	31	-1	0	38	0	-1	31	31	0	0	0	-1	0	-1	0	10	0	0	0	-1	-1	49	0	0
c16545	-1	0	11	-1	-1	35	0	0	27	-1	15	21	-1	36	0	0	44	0	0	46	0	35	-1	7	0	24	31	7	-1	-1
c16547	-1	0	0	-1	47	35	0	41	-1	-1	15	0	0	36	-1	0	6	0	36	46	-1	-1	31	-1	0	-1	0	0	-1	12
c16556	6	31	14	0	47	11	0	0	0	-1	-1	0	21	0	0	33	-1	-1	0	0	-1	35	-1	0	0	24	0	-1	0	0
c16565	6	13	25	-1	47	35	-1	-1	0	-1	15	0	0	36	-1	32	0	0	2	46	0	-1	31	50	0	-1	0	44	0	0
c16571	-1	0	11	-1	47	35	0	0	0	-1	-1	-1	-1	36	0	4	18	0	0	46	0	35	-1	-1	0	24	31	7	32	-1
c16574	6	0	0	-1	47	-1	0	0	0	-1	-1	0	0	36	25	0	0	-1	-1	46	0	35	-1	-1	-1	24	0	26	-1	0
c16579	-1	0	0	-1	47	-1	0	0	0	-1	15	0	0	36	25	0	0	21	36	46	-1	35	-1	28	7	24	0	-1	-1	0
c16589	6	50	0	-1	47	0	47	0	0	-1	15	-1	-1	-1	33	0	0	0	-1	0	0	35	31	6	0	-1	0	0	-1	0
c16593	-1	14	48	-1	0	27	0	-1	0	39	-1	21	-1	-1	0	0	-1	0	0	48	0	10	0	-1	-1	-1	-1	49	0	0
c16594	6	-1	0	-1	47	35	-1	-1	-1	-1	15	0	10	36	-1	0	32	0	36	46	0	-1	31	31	7	24	-1	0	3	-1
c16612	6	13	0	-1	47	35	-1	0	30	-1	15	0	0	36	0	32	48	0	4	-1	11	35	31	0	43	24	0	-1	0	31
c16616	6	0	0	-1	47	35	0	0	0	-1	-1	0	0	36	-1	-1	0	0	36	46	21	35	-1	47	7	-1	0	0	-1	-1
c16621	6	0	-1	0	-1	11	0	0	0	-1	15	-1	21	-1	40	21	0	0	35	-1	6	35	31	0	0	24	0	-1	0	0
c16627	-1	-1	48	44	0	27	0	-1	0	-1	0	21	31	31	0	-1	-1	0	-1	0	0	10	13	0	0	-1	14	49	28	-1
c16635	-1	-1	11	-1	47	35	0	0	-1	-1	15	21	0	36	-1	0	0	41	50	46	0	35	-1	7	0	24	31	7	0	-1
c16641	6	0	0	-1	47	35	0	0	0	-1	-1	0	14	36	13	0	0	0	36	46	-1	-1	31	0	0	24	0	44	0	0
c16647	6	0	-1	-1	47	35	0	0	0	-1	15	-1	0	36	0	-1	0	-1	36	46	0	35	-1	4	0	24	-1	44	0	5
c16648	6	50	0	0	47	0	0	41	0	-1	15	0	0	0	-1	0	0	-1	0	25	0	35	31	0	0	24	0	0	0	0
c16657	6	0	11	-1	47	35	0	0	-1	-1	15	21	0	-1	0	25	0	0	-1	46	11	35	-1	7	0	24	31	7	2	-1
c16671	6	13	18	-1	47	35	35	7	13	-1	15	-1	0	36	0	32	-1	0	0	46	0	35	-1	0	18	24	0	44	-1	0
c16685	6	13	25	-1	47	35	35	-1	0	-1	15	0	0	36	-1	32	-1	0	0	46	3	35	-1	-1	0	24	0	44	0	0
c16692	6	50	0	0	-1	11	-1	0	0	-1	15	0	0	0	0	0	-1	0	0	25	48	35	31	48	-1	24	0	0	0	0
c16704	6	50	-1	0	47	12	0	0	-1	-1	15	5	0	-1	0	0	0	0	-1	25	50	-1	31	-1	0	-1	0	27	43	0
c16709	-1	14	48	0	0	27	0	-1	35	0	0	21	31	31	0	0	0	47	0	0	0	0	-1	0	0	-1	-1	-1	0	0
c16715	6	0	50	-1	-1	35	0	0	0	-1	-1	0	0	36	-1	0	0	32	36	46	0	35	31	0	0	24	0	44	0	-1
c16723	6	-1	0	-1	47	35	0	0	-1	-1	-1	0	0	36	-1	0	0	-1	36	46	0	35	-1	-1	7	24	0	-1	-1	-1
c16732	-1	14	48	0	21	27	0	-1	0	0	-1	21	31	31	41	0	30	0	45	41	0	0	0	0	0	-1	14	49	0	0
c16747	-1	13	25	-1	47	-1	35	-1	32	-1	15	0	0	36	0	32	0	18	0	46	0	-1	31	0	7	-1	0	-1	0	0
c16760	6	0	0	-1	47	11	0	0	0	-1	15	0	21	0	-1	21	0	-1	35	-1	6	35	31	0	0	24	-1	-1	15	0
c16768	6	-1	0	-1	47	35	0	0	-1	-1	15	0	-1	36	0	0	-1	-1	36	46	0	-1	31	0	0	-1	0	0	31	-1
c16779	6	13	25	-1	47	35	-1	-1	0	-1	15	-1	0	36	0	32	-1	0	0	46	0	35	31	50	0	24	0	44	0	0
c16821	-1	-1	48	0	0	-1	0	-1	3	0	0	21	31	-1	0	12	-1	0	0	0	7	-1	0	11	0	-1	14	49	0	0
c16824	6	-1	-1	-1	47	35	0	45	-1	-1	15	0	0	36	50	-1	0	0	0	46	0	35	31	14	11	-1	0	0	0	0
c16831	6	0	-1	-1	-1	35	0	0	0	-1	15	0	10	36	0	38	0	0	36	46	0	35	31	31	7	-1	0	0	3	-1
c16854	-1	6	0	-1	47	-1	0	-1	-1	-1	15	0	-1	-1	0	0	6	0	-1	46	-1	35	31	0	0	24	0	0	21	12
c16861	-1	-1	0	-1	-1	35	0	0	0	-1	-1	0	0	36	0	41	-1	0	36	46	0	35	-1	0	0	24	0	44	0	0
c16864	6	13	0	-1	47	35	35	0	-1	-1	15	0	20	36	30	32	0	4	18	46	14	35	31	0	0	24	2	44	0	0
c16871	-1	-1	2	0	47	0	0	-1	9	-1	-1	0	15	0	-1	33	0	0	0	0	0	35	31	0	0	-1	0	0	10	0
c16873	6	0	0	-1	47	35	22	41	-1	-1	-1	0	0	36	47	0	6	0	36	46	25	35	-1	21	-1	24	0	0	0	12
c16907	-1	13	0	-1	-1	35	35	0	0	-1	15	-1	0	-1	-1	32	35	-1	18	-1	0	35	-1	0	0	24	0	44	0	0
c16917	6	0	0	-1	-1	35	-1	0	0	-1	-1	0	0	36	0	0	0	0	36	46	0	35	31	31	-1	24	0	-1	3	-1
c16925	6	-1	5	11	47	0	0	32	0	-1	-1	31	0	-1	0	47	0	-1	0	0	13	35	-1	-1	4	24	0	0	0	0
c16926	-1	-1	0	31	47	-1	-1	0	0	-1	15	0	0	0	2	0	0	0	0	25	-1	-1	31	-1	0	-1	0	-1	0	0
c16933	6	0	50	-1	47	35	0	0	0	-1	15	0	0	36	0	0	0	32	36	46	14	35	31	0	-1	24	0	44	0	0
c16934	-1	14	48	0	13	-1	-1	-1	0	0	0	21	-1	31	-1	49	14	0	0	0	0	10	0	0	0	-1	14	49	0	0
c16950	6	50	0	0	47	12	0	0	0	-1	15	5	0	0	0	0	-1	-1	-1	-1	50	35	31	-1	0	-1	5	27	43	7
c16952	6	4	0	-1	47	-1	0	-1	41	-1	15	0	0	0	0	33	0	10	-1	-1	0	35	31	0	0	24	0	-1	-1	0
c16984	6	13	0	-1	47	35	35	0	0	-1	15	0	0	36	-1	32	-1	4	18	-1	0	35	31	0	0	24	0	44	0	0
c16985	6	-1	-1	-1	-1	35	35	-1	0	-1	15	0	0	36	0	32	0	4	18	-1	0	35	31	0	-1	-1	0	44	0	0
c16995	6	0	0	-1	47	-1	22	41	-1	-1	15	0	-1	36	47	0	6	0	36	46	25	35	31	21	0	24	-1	-1	0	12
c17012	-1	13	0	-1	47	35	35	-1	35	-1	-1	-1	47	36	0	32	-1	4	18	-1	25	35	-1	0	-1	24	0	-1	0	0
c17026	-1	0	14	0	47	11	-1	0	0	-1	15	0	21	31	-1	33	0	0	0	0	6	-1	31	0	0	24	0	0	0	0
c17035	-1	14	48	0	0	27	0	-1	0	0	0	-1	31	31	-1	0	0	0	0	0	32	10	47	31	-1	-1	14	49	0	3
c17040	6	0	0	-1	47	35	0	0	0	-1	15	0	0	36	0	-1	0	0	36	46	0	35	-1	5	31	24	0	44	0	0
c17063	6	50	7	0	47	12	0	0	0	-1	15	-1	0	0	0	0	27	49	0	25	0	35	31	-1	0	-1	0	0	0	0
c17065	6	0	0	0	47	0	0	0	0	-1	15	0	24	0	0	33	0	0	0	0	-1	-1	31	0	0	24	0	0	10	25
c17091	-1	0	0	-1	47	35	-1	41	-1	-1	-1	-1	7	36	25	0	0	0	36	46	0	-1	-1	-1	-1	24	0	26	-1	0
c17098	-1	13	0	-1	47	-1	35	0	0	-1	15	0	0	36	0	32	0	4	18	-1	0	-1	31	0	0	24	-1	44	0	0
c17109	-1	0	14	-1	47	11	0	0	-1	-1	15	7	21	0	0	33	0	0	0	0	6	-1	31	0	0	24	0	0	0	0
c17112	6	0	11	-1	47	35	0	-1	-1	-1	15	21	0	36	0	0	0	-1	50	46	0	35	-1	7	0	24	31	7	0	-1
c17119	6	50	0	-1	47	-1	0	0	0	-1	15	-1	0	0	0	-1	0	0	0	25	0	-1	31	-1	-1	-1	50	0	23	0
c17146	-1	14	-1	18	-1	27	0	-1	50	0	-1	21	31	31	0	0	35	-1	-1	0	0	10	-1	-1	27	-1	14	49	0	0
c17155	6	50	27	0	-1	0	-1	0	0	-1	15	0	0	0	0	-1	0	0	-1	-1	14	35	-1	0	0	24	-1	-1	0	-1
c17161	-1	13	-1	-1	47	35	35	-1	0	-1	15	0	26	-1	30	32	31	4	18	-1	0	35	31	0	48	24	0	44	-1	0
c17179	-1	13	-1	-1	47	35	-1	7	0	-1	15	50	0	36	0	32	0	-1	-1	46	0	35	31	0	0	24	0	44	0	0
c17187	-1	-1	48	18	13	27	2	-1	0	0	0	21	31	31	28	0	35	-1	0	0	0	10	0	-1	27	-1	-1	-1	-1	0
c17188	-1	-1	-1	-1	47	35	0	0	4	-1	15	21	0	36	0	0	0	-1	44	-1	0	35	-1	7	0	24	31	-1	0	-1
c17189	-1	-1	11	-1	47	35	0	0	4	-1	15	21	0	36	0	0	0	0	44	46	0	35	-1	7	0	24	31	7	0	-1
c17197	-1	14	48	0	-1	27	0	-1	0	0	0	-1	31	31	0	0	0	47	0	0	33	0	-1	0	33	-1	14	49	-1	-1
c17198	6	0	-1	-1	-1	35	0	45	0	-1	15	0	0	36	0	0	0	0	0	46	0	35	31	0	11	24	0	0	0	0
c17200	-1	14	-1	0	0	27	31	-1	0	0	0	21	31	31	0	5	30	-1	0	0	0	0	10	0	-1	-1	14	49	-1	2
c17207	-1	16	11	-1	47	35	-1	0	-1	-1	15	21	0	-1	0	0	0	0	0	46	0	35	-1	7	-1	-1	31	7	0	-1
c17224	6	-1	11	-1	47	-1	-1	0	0	-1	15	21	0	36	0	-1	0	47	50	46	19	-1	-1	7	0	24	31	7	0	-1
c17249	6	0	-1	-1	-1	35	0	45	0	-1	-1	21	-1	36	0	0	0	0	0	46	0	35	31	0	-1	24	47	33	33	0
c17259	-1	27	0	-1	47	-1	0	18	0	-1	15	0	21	-1	27	0	0	0	0	0	6	35	31	0	0	24	0	0	-1	36
c17272	6	0	0	-1	-1	35	0	-1	27	-1	15	0	0	36	0	0	0	0	36	46	0	35	31	-1	0	-1	0	44	0	0
c17284	6	0	0	-1	47	35	0	0	49	-1	15	0	0	36	0	0	0	0	36	46	0	35	31	0	31	-1	-1	44	0	0
c17293	-1	45	11	-1	-1	35	0	-1	0	-1	15	21	0	36	0	10	-1	0	-1	46	-1	35	-1	7	0	-1	31	7	0	-1
c17299	-1	14	48	0	0	27	-1	-1	0	0	0	21	31	31	0	0	-1	-1	-1	0	21	10	36	-1	0	-1	14	-1	0	-1
c17314	-1	14	-1	4	-1	27	-1	-1	0	2	0	21	31	-1	0	0	0	0	0	-1	0	10	-1	0	44	-1	14	49	0	21
c17321	6	0	0	-1	47	35	0	-1	0	-1	15	0	0	-1	18	0	0	18	36	-1	0	35	-1	0	0	24	-1	44	0	0
c17329	6	13	-1	-1	47	35	35	0	0	-1	15	18	0	36	47	32	-1	4	18	-1	0	35	-1	0	0	24	0	44	0	0
c17339	-1	13	25	-1	47	35	35	0	-1	-1	15	0	-1	-1	0	-1	0	-1	0	-1	-1	35	-1	0	0	-1	25	44	0	5
c17350	6	0	0	-1	47	-1	0	0	0	-1	15	-1	0	36	0	-1	0	-1	-1	-1	0	35	31	0	0	24	0	44	-1	25
c17351	-1	0	0	-1	-1	35	0	0	0	-1	15	0	0	36	0	0	0	-1	36	46	0	35	31	-1	0	24	-1	44	0	25
c17352	-1	50	0	0	47	-1	0	0	-1	-1	15	-1	0	0	0	0	0	0	0	25	0	35	31	-1	0	24	-1	0	23	-1
c17367	6	13	0	-1	-1	-1	-1	25	0	-1	15	41	-1	36	0	32	0	0	-1	46	48	35	31	0	0	24	0	-1	0	0
c17378	6	0	0	4	47	0	0	0	0	-1	-1	0	-1	0	0	33	-1	0	0	0	0	35	31	-1	31	24	0	0	-1	0
c17379	6	0	0	4	47	0	-1	0	0	-1	15	0	0	0	0	33	0	0	0	0	0	35	-1	0	31	-1	-1	0	10	-1
c17402	6	13	41	-1	47	35	-1	0	0	-1	15	0	0	36	0	32	0	0	21	-1	0	35	31	0	31	24	0	44	0	0
c17411	6	-1	-1	-1	47	-1	-1	-1	-1	-1	15	0	41	36	0	0	0	-1	36	46	0	35	31	0	-1	24	41	0	7	0
c17412	6	0	0	-1	47	35	6	0	0	-1	15	0	7	36	25	0	-1	0	36	46	0	35	-1	-1	7	24	0	26	-1	0
c17438	6	13	-1	-1	47	35	35	1	0	-1	15	7	50	36	0	-1	0	0	0	46	-1	35	31	-1	0	-1	-1	-1	47	0
c17446	6	13	-1	-1	47	35	35	0	0	-1	15	0	0	-1	0	32	47	0	0	46	0	-1	31	-1	0	24	30	44	0	0
c17453	6	6	31	-1	47	-1	0	0	-1	-1	15	0	0	36	0	-1	6	-1	-1	46	25	35	31	0	-1	24	0	0	0	12
c17464	-1	-1	11	-1	47	35	0	0	0	-1	15	21	0	36	0	0	-1	0	-1	46	0	35	-1	7	0	24	31	-1	-1	-1
c17465	-1	0	11	-1	47	35	-1	0	0	-1	15	21	-1	36	-1	0	0	0	-1	46	0	35	-1	-1	0	24	-1	7	32	-1
c17466	6	0	0	-1	47	-1	-1	0	0	-1	15	0	0	-1	-1	0	14	-1	36	46	38	-1	31	0	7	24	-1	0	0	-1
c17469	6	49	0	-1	47	-1	0	0	-1	-1	15	-1	0	36	21	-1	0	-1	36	-1	0	35	31	0	0	-1	0	44	0	0
c17475	6	0	0	0	47	11	0	0	0	-1	15	0	21	0	40	21	0	0	-1	-1	6	35	31	0	0	24	0	0	15	0
c17480	6	0	0	-1	47	35	31	0	-1	-1	15	41	47	36	0	-1	-1	18	36	46	0	35	31	-1	0	24	-1	0	-1	0
c17498	-1	14	48	19	0	27	0	-1	31	0	-1	21	31	31	-1	-1	0	0	0	4	0	10	0	-1	-1	-1	14	49	0	0
c17500	6	50	0	0	47	12	-1	0	0	-1	-1	-1	0	21	-1	6	0	0	0	25	0	35	31	-1	0	24	0	-1	0	-1
c17501	6	50	-1	-1	47	12	0	0	-1	-1	-1	-1	-1	21	0	6	0	0	0	25	-1	35	-1	-1	0	24	-1	-1	-1	0
c17516	6	50	31	0	47	12	0	0	0	-1	-1	-1	0	0	0	18	-1	0	-1	25	-1	35	31	-1	0	24	0	21	0	0
c17542	6	-1	0	-1	-1	-1	-1	0	0	-1	15	0	0	36	-1	0	0	0	36	46	-1	35	-1	0	-1	24	-1	44	0	-1
c17544	6	0	0	-1	-1	35	0	11	0	-1	15	0	0	36	0	-1	41	0	36	46	-1	35	-1	0	-1	-1	0	-1	-1	0
c17545	-1	0	0	-1	47	35	0	11	0	-1	15	0	0	36	0	0	-1	0	-1	-1	0	-1	-1	-1	-1	-1	0	-1	32	0
c17546	6	-1	0	-1	47	35	0	0	4	-1	15	0	14	36	0	29	0	0	-1	46	0	-1	-1	0	7	-1	0	0	0	-1
c17548	6	-1	50	-1	-1	35	14	-1	-1	-1	15	0	0	-1	0	-1	0	0	36	46	0	35	31	0	22	24	31	0	-1	0
c17549	6	0	-1	-1	47	35	-1	0	-1	-1	15	0	0	36	0	0	-1	0	36	46	0	35	31	0	22	24	31	0	0	0
c17577	6	0	-1	4	47	33	45	0	0	-1	15	0	0	0	-1	33	28	-1	0	-1	0	35	-1	0	0	24	0	-1	10	0
c17589	6	13	0	-1	47	35	-1	0	0	-1	15	-1	0	36	-1	-1	48	0	4	46	11	35	31	0	43	24	0	44	0	0
c17643	6	0	0	-1	47	35	0	-1	12	-1	15	-1	0	36	21	-1	0	18	36	46	0	35	-1	47	0	24	0	-1	0	0
c17646	6	0	0	-1	47	35	0	41	-1	-1	15	0	21	36	0	0	6	0	36	46	-1	35	31	46	32	24	0	-1	11	-1
c17656	6	0	0	-1	47	35	-1	-1	0	-1	15	0	-1	36	-1	0	0	0	36	46	0	35	-1	0	-1	24	-1	0	-1	-1
c17670	6	-1	0	-1	47	35	0	0	-1	-1	-1	0	0	36	0	0	0	18	36	46	0	35	31	0	0	24	0	0	31	0
c17674	6	0	0	-1	47	35	-1	0	-1	-1	-1	21	0	36	2	0	0	0	-1	46	0	-1	31	0	0	-1	0	0	0	-1
c17678	6	0	0	-1	47	35	-1	0	0	-1	-1	33	46	36	21	-1	0	18	36	46	0	-1	-1	47	0	24	-1	-1	0	49
c17692	-1	14	48	0	0	27	0	-1	0	-1	0	21	31	-1	-1	0	0	0	0	0	13	10	0	31	49	-1	14	49	0	41
c17695	6	23	0	0	-1	11	0	0	0	-1	15	0	21	0	40	-1	-1	0	0	0	-1	-1	31	-1	0	24	0	0	0	-1
c17708	6	50	19	0	47	0	0	0	31	-1	-1	0	-1	0	0	22	0	2	0	25	0	35	31	0	-1	24	41	0	0	0
c17713	6	0	-1	25	-1	-1	0	21	0	-1	15	0	21	0	0	0	-1	0	0	0	6	-1	31	0	0	24	0	0	0	0
c17716	-1	14	48	-1	0	27	0	-1	0	0	0	21	31	-1	0	0	0	0	0	23	-1	10	0	7	0	-1	14	49	0	47
c17738	6	0	0	27	47	0	-1	0	0	-1	15	0	0	0	0	-1	0	-1	0	0	0	35	31	0	-1	24	-1	0	10	0
c17741	6	-1	0	-1	47	-1	0	0	0	-1	15	0	0	36	25	0	0	0	36	46	38	35	-1	28	7	-1	0	0	0	0
c17753	-1	50	0	0	-1	11	10	0	0	-1	-1	0	-1	0	-1	0	-1	0	0	25	48	35	31	48	47	24	0	0	0	0
c17755	-1	0	32	0	47	33	0	0	0	-1	15	0	41	0	-1	-1	-1	-1	0	0	0	35	31	0	27	24	-1	0	10	0
c17760	6	13	-1	-1	-1	35	35	0	35	-1	15	0	0	36	0	32	0	-1	18	-1	31	35	-1	0	0	24	0	44	-1	-1
c17766	6	0	14	0	47	11	-1	0	0	-1	-1	7	21	0	0	33	0	0	0	31	6	35	31	0	0	24	-1	-1	0	0
c17768	6	13	25	-1	47	35	35	0	33	-1	15	0	-1	36	0	32	0	0	0	46	0	35	31	-1	0	24	-1	44	0	0
c17772	-1	14	48	0	0	-1	0	-1	-1	0	-1	21	31	31	0	0	0	50	0	0	12	10	0	0	0	-1	14	49	0	0
c17790	6	-1	0	-1	47	35	48	-1	-1	-1	15	0	0	36	0	0	6	27	36	46	-1	-1	-1	0	0	24	0	-1	0	12
c17793	6	0	11	-1	47	35	0	-1	0	-1	15	-1	0	-1	0	0	-1	-1	50	46	0	35	-1	7	0	24	31	7	0	-1
c17808	6	4	0	-1	47	35	0	0	-1	-1	-1	0	14	36	0	0	-1	0	-1	46	0	35	-1	0	-1	24	0	-1	0	0
c17809	6	-1	0	-1	47	-1	-1	0	0	-1	-1	-1	14	36	0	-1	0	0	-1	46	0	35	-1	0	-1	24	0	0	-1	0
c17811	-1	14	48	0	33	27	0	-1	0	49	18	-1	31	31	0	0	0	50	0	0	-1	10	49	0	-1	-1	14	49	0	0
c17842	6	0	0	0	47	-1	-1	0	0	-1	15	0	21	0	0	-1	0	0	0	0	6	35	31	0	2	24	0	0	0	0
c17843	6	-1	0	0	47	11	0	0	0	-1	-1	-1	21	0	0	0	0	0	0	0	-1	35	31	0	2	24	0	0	-1	0
c17848	-1	13	-1	-1	47	35	35	0	35	-1	15	0	0	-1	0	32	0	4	-1	-1	-1	35	31	0	0	24	-1	44	0	0
c17856	-1	14	-1	0	22	-1	0	-1	-1	0	0	21	31	31	-1	-1	0	47	0	0	0	-1	-1	0	0	-1	14	-1	0	-1
c17881	-1	0	0	-1	-1	35	0	0	0	-1	15	0	-1	36	48	0	0	0	36	-1	-1	35	-1	-1	7	24	0	14	0	-1
c17883	6	4	-1	0	47	-1	0	0	41	-1	-1	0	21	-1	32	18	30	10	31	0	0	35	31	0	31	24	29	35	10	0
c17884	6	0	14	0	47	11	21	-1	0	-1	15	14	-1	13	0	33	41	0	0	0	6	35	-1	4	-1	24	40	0	0	0
c17888	-1	30	0	-1	47	35	-1	0	-1	-1	15	0	0	36	-1	0	-1	-1	36	46	0	-1	-1	-1	0	24	0	-1	0	-1
c17893	-1	-1	48	0	0	27	0	-1	-1	0	0	-1	31	31	0	-1	0	0	-1	7	0	10	0	33	-1	-1	-1	49	0	0
c17899	-1	50	0	0	47	12	-1	0	-1	-1	15	-1	50	0	0	0	0	32	-1	25	0	35	31	-1	-1	24	0	0	43	0
c17901	-1	0	0	-1	47	35	-1	-1	0	-1	15	0	-1	-1	0	0	-1	7	36	-1	38	35	31	0	7	24	0	0	0	-1
c17904	-1	0	0	-1	47	-1	0	0	0	-1	15	0	0	36	25	0	-1	-1	36	46	0	35	-1	-1	7	24	0	26	-1	0
c17906	6	-1	0	-1	-1	-1	-1	41	35	-1	15	0	0	36	0	32	0	4	18	-1	0	35	31	0	0	24	-1	-1	0	0
c17936	-1	13	-1	-1	47	35	-1	-1	-1	-1	15	0	0	36	0	-1	31	0	0	46	0	35	31	0	-1	24	0	44	0	0
c17978	6	0	-1	0	47	11	0	0	0	-1	-1	-1	21	0	0	-1	0	-1	0	0	6	35	31	0	-1	24	0	0	-1	0
c17981	6	0	-1	-1	47	35	0	45	0	-1	15	21	-1	36	0	0	0	0	-1	46	44	35	-1	0	-1	24	-1	0	-1	0
c17990	6	50	0	0	-1	12	0	0	31	-1	15	-1	0	0	0	0	27	0	0	25	0	35	31	-1	0	24	0	-1	0	0
c18012	-1	13	0	-1	47	35	35	0	0	-1	15	0	0	36	30	32	-1	4	18	-1	0	35	31	0	48	-1	0	-1	0	0
c18013	6	-1	0	-1	47	35	35	0	0	-1	15	-1	0	36	30	32	31	4	18	-1	-1	-1	31	0	48	24	-1	44	0	0
c18016	6	13	0	-1	47	35	-1	0	0	-1	15	0	0	36	27	32	0	0	0	46	-1	35	31	0	0	24	35	-1	0	0
c18017	-1	13	0	-1	47	35	-1	0	0	-1	-1	0	-1	36	27	32	-1	0	-1	46	0	35	31	0	0	24	-1	-1	0	0
c18027	6	23	0	0	47	-1	14	0	0	-1	-1	0	21	0	40	0	0	0	0	0	6	-1	31	0	-1	-1	0	-1	0	0
c18038	6	13	18	-1	47	35	-1	7	-1	-1	15	0	-1	-1	0	-1	0	0	-1	46	-1	-1	31	0	0	-1	0	44	0	0
c18051	6	0	0	-1	47	35	0	0	-1	-1	-1	0	-1	36	0	-1	0	18	36	46	-1	35	31	0	0	24	0	-1	-1	0
c18055	6	-1	0	-1	47	35	47	0	25	-1	15	-1	0	-1	27	0	0	47	-1	-1	-1	35	31	0	0	-1	0	44	-1	0
c18057	6	50	-1	-1	47	11	10	0	-1	-1	15	0	0	0	47	0	-1	0	0	25	-1	35	31	-1	-1	24	0	0	0	0
c18061	-1	14	-1	0	0	27	0	-1	0	-1	0	21	31	31	0	0	0	0	0	0	13	10	0	31	-1	-1	-1	-1	0	0
c18067	6	50	49	0	47	-1	0	32	-1	-1	15	0	0	0	0	0	-1	0	0	25	0	35	31	48	-1	24	0	12	0	0
c18081	6	0	11	-1	-1	35	0	0	0	-1	-1	-1	0	36	-1	17	0	30	50	46	0	35	-1	7	0	24	31	7	-1	-1
c18088	6	50	0	0	47	12	0	0	0	-1	15	0	0	0	-1	0	0	35	0	25	50	35	31	-1	0	24	0	0	43	0
c18090	-1	0	11	-1	47	35	0	50	0	-1	15	21	0	-1	0	0	0	41	50	-1	0	-1	-1	7	0	24	-1	7	0	-1
c18096	-1	0	0	-1	47	35	-1	-1	-1	-1	15	0	0	36	0	0	0	0	36	46	-1	35	-1	0	0	24	21	44	-1	0
c18105	-1	13	25	-1	47	-1	-1	-1	0	-1	15	0	23	36	0	-1	0	-1	0	46	0	35	31	0	0	24	0	44	-1	-1
c18109	-1	4	-1	-1	47	-1	0	-1	-1	-1	15	0	-1	2	0	0	30	10	-1	0	25	35	31	0	0	-1	0	35	10	2
c18131	-1	0	-1	-1	47	35	0	0	-1	-1	15	0	0	36	0	0	0	-1	-1	-1	-1	-1	-1	0	0	24	-1	44	0	0
c18137	-1	0	11	-1	-1	35	0	0	-1	-1	15	21	-1	-1	0	0	18	0	0	46	-1	35	-1	7	0	24	31	7	32	-1
c18138	6	0	-1	-1	47	35	0	0	0	-1	15	-1	0	36	0	25	-1	0	-1	-1	0	35	-1	-1	0	24	-1	7	0	-1
c18139	6	0	-1	-1	-1	35	0	0	0	-1	15	21	-1	36	0	25	0	0	50	46	-1	35	-1	7	-1	-1	31	7	0	-1
c18153	6	50	0	0	47	-1	0	0	0	-1	15	-1	0	0	0	0	27	0	12	25	0	35	31	-1	0	24	0	-1	0	0
c18154	6	-1	0	-1	47	35	-1	0	-1	-1	-1	0	31	-1	7	-1	-1	-1	36	46	-1	35	31	0	0	24	-1	0	12	0
c18159	6	0	0	-1	47	35	-1	-1	-1	-1	15	-1	14	36	0	0	-1	18	36	46	0	35	31	0	0	24	0	48	0	0
c18185	6	0	0	-1	47	-1	0	21	19	-1	-1	-1	0	-1	-1	3	-1	0	36	46	0	35	31	0	0	24	0	44	0	0
c18188	-1	0	50	-1	-1	-1	0	0	0	-1	15	0	0	36	0	0	0	32	36	46	0	35	31	0	0	24	0	44	0	0
c18192	6	0	0	0	-1	11	0	0	0	-1	15	0	21	4	0	-1	0	-1	-1	-1	-1	35	31	-1	-1	-1	0	0	0	4
c18198	6	0	0	-1	47	-1	0	-1	0	-1	15	0	0	36	-1	0	0	18	36	46	0	35	-1	-1	0	24	-1	44	0	0
c18206	6	0	0	-1	47	35	0	0	0	-1	-1	0	-1	36	0	0	14	-1	36	-1	45	-1	31	0	7	24	-1	-1	-1	-1
c18229	6	50	0	0	47	12	0	-1	0	-1	15	-1	-1	0	0	0	0	-1	0	25	0	-1	31	-1	0	-1	-1	-1	23	0
c18231	-1	0	-1	-1	47	35	0	0	0	-1	15	21	0	36	0	0	0	-1	50	46	0	35	-1	7	0	24	-1	7	0	-1
c18232	6	4	44	-1	-1	-1	32	0	41	-1	-1	0	0	0	0	-1	50	10	33	0	44	35	31	0	0	-1	0	35	10	0
