	0	1	2	3	4	5	6	7	8	9	10	11	12	13	14	15	16	17	18	19	20	21	22	23	24	25	26	27	28	29
c1873	19	9	0	-1	-1	-1	0	0	-1	0	0	0	0	9	0	28	-1	39	-1	23	0	0	0	-1	-1	6	0	-1	25	0
c1899	0	-1	0	-1	-1	-1	28	0	-1	0	0	0	0	9	0	-1	-1	0	-1	43	-1	0	0	-1	-1	6	0	-1	-1	-1
c1935	9	0	-1	0	-1	0	0	-1	48	-1	0	0	0	-1	0	0	0	-1	9	0	47	0	48	-1	-1	6	9	0	0	0
c1960	-1	-1	-1	9	-1	28	0	9	0	-1	9	-1	0	9	0	0	0	-1	0	0	36	0	28	-1	0	0	0	9	0	0
c1968	28	28	0	-1	-1	28	35	-1	0	-1	0	-1	0	9	48	0	0	0	0	16	0	0	28	-1	0	0	0	0	-1	0
c2068	19	0	28	-1	-1	0	0	0	37	0	0	0	22	-1	0	0	-1	0	9	40	0	0	25	-1	14	6	0	5	0	-1
c2281	0	-1	9	0	-1	0	-1	0	41	0	17	0	-1	9	-1	48	0	0	9	0	-1	23	25	-1	14	6	0	0	0	-1
c2344	0	26	32	0	-1	28	0	28	0	36	0	-1	0	9	0	0	0	-1	0	0	0	0	38	-1	0	0	0	0	0	0
c2379	9	40	22	0	-1	0	0	8	0	0	15	0	0	9	0	0	-1	-1	9	0	0	0	9	-1	-1	6	0	0	-1	0
c2431	0	9	-1	-1	-1	-1	-1	0	-1	0	0	28	0	9	0	-1	0	0	9	0	9	-1	-1	-1	43	-1	-1	28	0	0
c2670	25	-1	22	-1	-1	0	0	0	0	0	0	48	32	9	41	-1	-1	0	9	0	-1	0	0	-1	14	6	0	0	0	-1
c2814	0	0	26	-1	-1	28	0	0	0	-1	-1	-1	0	9	23	48	0	0	0	39	0	28	0	-1	26	12	0	0	16	0
c2930	0	0	0	-1	-1	28	-1	0	0	43	-1	-1	22	-1	47	7	-1	42	0	0	0	0	-1	-1	0	0	0	0	47	0
c2975	0	0	-1	-1	-1	28	0	0	0	-1	40	-1	0	9	0	48	19	0	7	0	47	28	0	-1	26	12	0	0	0	0
c3021	-1	15	-1	0	-1	-1	0	33	0	0	0	0	0	9	0	-1	0	0	-1	-1	0	-1	47	-1	14	6	-1	16	28	-1
c3045	-1	0	0	0	-1	36	43	2	0	0	0	0	0	-1	0	0	0	0	9	48	0	-1	47	-1	-1	6	41	16	28	25
c3194	0	0	0	-1	-1	28	-1	-1	-1	43	0	-1	0	9	47	0	-1	-1	0	0	0	0	-1	-1	0	28	0	0	-1	-1
c3271	0	0	0	9	-1	28	0	9	0	43	0	-1	0	-1	0	-1	-1	-1	-1	-1	-1	0	28	-1	-1	0	28	36	28	-1
c3291	22	0	47	-1	-1	19	0	0	0	-1	-1	0	0	9	-1	0	-1	-1	-1	23	30	0	0	-1	0	6	0	0	25	0
c3331	0	9	-1	9	-1	-1	-1	-1	0	43	0	-1	0	-1	-1	0	0	28	25	0	23	15	0	-1	0	10	41	0	0	0
c3366	9	-1	22	0	-1	0	0	8	0	0	15	0	-1	-1	0	0	0	-1	9	32	-1	25	0	-1	8	6	0	0	0	0
c3506	0	26	32	-1	-1	28	0	23	41	-1	0	-1	23	-1	16	43	0	-1	47	0	0	48	-1	-1	0	-1	0	-1	-1	-1
c3605	-1	-1	0	19	-1	0	0	0	0	-1	32	0	0	9	0	0	-1	0	9	-1	0	0	-1	-1	0	6	-1	46	25	0
c3935	0	0	-1	19	-1	0	0	39	8	0	0	46	22	9	15	0	47	47	9	0	16	0	0	-1	0	-1	0	34	-1	0
c4033	0	0	-1	9	-1	28	-1	0	0	-1	9	-1	25	-1	-1	0	25	28	25	0	-1	15	-1	-1	9	0	-1	0	0	0
c4051	0	9	22	0	-1	0	0	0	0	0	46	28	0	9	0	0	0	0	9	0	0	-1	0	-1	43	6	-1	28	0	0
c4113	-1	26	-1	-1	-1	28	-1	-1	0	-1	39	-1	0	9	22	0	0	-1	0	0	-1	0	-1	-1	2	0	0	0	22	0
c4189	0	0	0	-1	-1	28	40	0	-1	43	0	-1	0	-1	47	0	0	28	-1	-1	0	9	0	-1	15	5	0	0	0	0
c4287	32	0	0	-1	-1	48	36	-1	0	0	22	0	9	9	0	28	11	0	9	0	0	23	25	-1	14	6	0	0	-1	-1
c4343	9	0	22	0	-1	0	-1	8	-1	0	9	0	0	9	0	0	-1	-1	9	0	0	0	48	-1	8	6	0	0	0	-1
c4420	9	0	22	0	-1	0	0	8	-1	-1	0	0	0	9	0	37	16	-1	9	0	0	0	48	-1	8	6	-1	0	9	0
c4429	-1	26	32	-1	-1	28	-1	9	0	-1	-1	-1	25	9	0	0	-1	-1	0	0	0	0	38	-1	2	0	-1	0	-1	0
c4437	0	0	22	0	-1	0	0	-1	0	26	-1	14	9	-1	28	-1	-1	0	9	0	-1	-1	0	-1	-1	6	0	0	28	0
c4441	0	-1	-1	-1	-1	28	0	9	-1	0	-1	-1	9	9	0	-1	19	-1	0	-1	0	47	38	-1	2	0	9	-1	-1	0
c4458	-1	19	-1	0	-1	0	23	-1	18	0	0	0	22	-1	-1	11	0	49	9	0	0	0	0	-1	0	6	0	0	0	0
c4469	0	0	32	0	-1	-1	-1	0	0	0	22	-1	9	9	0	0	28	0	9	0	0	23	25	-1	-1	6	35	-1	0	-1
c4487	0	-1	0	0	-1	0	0	0	0	0	17	0	0	9	-1	-1	0	0	-1	46	41	-1	-1	-1	14	-1	0	0	0	-1
c4542	0	-1	0	9	-1	28	-1	39	-1	43	0	-1	32	9	27	9	0	0	-1	0	0	0	-1	-1	0	0	0	22	-1	0
c4628	9	28	-1	0	-1	0	0	8	0	0	40	28	0	9	0	9	-1	-1	9	-1	0	-1	0	-1	8	6	48	-1	0	0
c4678	-1	9	33	-1	-1	28	0	0	6	43	0	-1	-1	-1	-1	-1	-1	12	-1	14	2	0	38	-1	28	0	-1	23	0	0
c4685	0	0	21	-1	-1	28	-1	-1	9	43	0	-1	-1	9	47	-1	28	-1	0	47	0	0	0	-1	0	28	0	0	-1	0
c4699	22	0	22	0	-1	0	23	-1	18	-1	0	28	0	9	0	0	34	-1	9	0	0	-1	-1	-1	-1	-1	0	24	0	0
c4759	0	-1	25	-1	-1	28	0	-1	9	43	0	-1	0	-1	47	9	0	0	28	47	0	0	0	-1	0	0	0	0	0	-1
c4762	0	0	0	9	-1	28	0	-1	0	43	0	-1	0	9	-1	0	0	0	36	0	0	-1	28	-1	-1	0	-1	36	28	0
c4892	-1	0	22	-1	-1	0	0	-1	0	0	-1	0	0	9	37	-1	0	-1	9	0	0	0	0	-1	8	6	-1	0	-1	46
c4911	0	0	0	0	-1	33	37	0	0	-1	0	0	-1	9	-1	35	-1	0	9	-1	-1	0	-1	-1	14	-1	0	0	0	-1
c4944	0	-1	-1	-1	-1	28	-1	-1	0	43	0	-1	32	9	27	9	0	-1	0	0	0	0	38	-1	0	0	0	22	-1	0
c4997	0	0	0	-1	-1	28	0	-1	9	43	-1	-1	22	9	47	7	-1	42	0	0	0	0	-1	-1	0	0	0	0	-1	0
c5012	0	9	0	9	-1	28	0	-1	0	43	16	-1	-1	-1	19	-1	0	-1	0	0	9	0	0	-1	41	0	0	0	0	0
c5023	9	0	-1	0	-1	0	-1	-1	48	21	0	-1	0	9	0	0	0	-1	-1	0	0	0	48	-1	-1	6	9	0	-1	-1
c5092	19	-1	0	39	-1	6	0	0	0	-1	0	0	22	9	0	0	0	0	9	40	-1	0	25	-1	14	6	0	-1	0	-1
c5156	28	0	-1	0	-1	0	0	0	0	0	0	0	2	9	0	0	0	41	9	0	0	0	47	-1	14	6	0	16	28	0
c5190	26	19	0	-1	-1	28	25	0	0	-1	0	-1	0	9	47	-1	0	0	0	0	43	0	-1	-1	-1	0	-1	-1	39	0
c5253	0	-1	-1	-1	-1	28	0	0	0	43	23	-1	0	9	0	48	0	0	-1	-1	0	28	0	-1	26	12	-1	0	0	-1
c5330	-1	26	32	42	-1	28	0	0	0	36	0	-1	-1	9	0	0	9	-1	0	0	0	0	38	-1	0	0	0	28	-1	-1
c5355	0	26	32	0	-1	28	0	9	-1	0	39	-1	-1	9	0	0	-1	-1	0	0	0	0	-1	-1	2	-1	40	-1	0	-1
c5365	0	0	0	9	-1	28	-1	0	47	-1	9	-1	25	-1	0	-1	-1	28	25	0	0	15	0	-1	0	0	41	0	-1	0
c5375	0	26	32	-1	-1	28	-1	23	41	0	0	-1	-1	-1	16	0	0	-1	-1	0	-1	48	38	-1	0	48	0	-1	-1	0
c5421	0	-1	0	-1	-1	28	0	-1	0	43	0	-1	7	9	47	0	0	0	0	0	0	0	0	-1	0	0	0	-1	47	0
c5496	28	-1	-1	-1	-1	10	-1	0	1	0	0	0	0	9	0	0	0	-1	-1	0	0	0	47	-1	14	6	0	16	28	-1
c5515	0	26	32	-1	-1	28	-1	9	-1	0	-1	-1	-1	9	6	37	-1	-1	36	0	0	0	38	-1	2	0	0	6	0	0
c5528	9	-1	-1	9	-1	28	0	9	-1	43	0	-1	-1	9	0	44	0	0	0	-1	-1	-1	28	-1	46	0	25	9	0	-1
c5560	0	-1	0	9	-1	28	0	0	0	43	0	-1	-1	9	19	0	0	0	0	0	0	0	0	-1	-1	0	0	0	-1	0
c5587	28	0	0	-1	-1	0	-1	2	0	0	47	-1	0	9	0	0	0	0	9	-1	0	5	47	-1	14	-1	41	16	28	0
c5628	-1	32	-1	46	-1	0	0	0	0	0	-1	-1	-1	9	48	-1	0	48	9	0	0	32	47	-1	14	6	0	16	28	0
c5688	0	0	22	40	-1	0	0	-1	0	47	6	14	-1	9	-1	9	0	-1	9	0	0	0	-1	-1	-1	6	28	0	0	0
c5749	0	26	32	0	-1	28	40	0	0	36	0	-1	0	9	12	0	0	-1	-1	0	0	0	38	-1	9	30	0	0	0	-1
c5880	0	-1	0	-1	-1	28	0	-1	9	-1	0	-1	22	9	47	7	0	42	0	0	0	0	15	-1	0	0	0	-1	47	48
c5893	0	41	0	-1	-1	-1	-1	9	0	0	0	0	0	-1	-1	0	0	0	9	-1	0	0	0	-1	14	-1	0	21	0	-1
c5900	9	0	-1	0	-1	0	11	8	0	-1	15	9	0	9	0	-1	0	-1	9	0	0	0	-1	-1	8	6	0	0	0	0
c5921	28	0	46	0	-1	36	43	-1	0	0	0	0	24	9	0	0	0	32	9	0	0	-1	47	-1	14	6	41	16	-1	0
c5979	0	26	32	0	-1	-1	-1	0	0	36	0	-1	0	-1	0	0	0	-1	-1	0	0	31	38	-1	9	28	0	10	0	-1
c5984	0	0	-1	9	-1	28	0	-1	0	-1	0	-1	44	9	0	0	0	0	-1	-1	0	0	28	-1	0	0	0	0	-1	0
c5985	0	0	0	9	-1	-1	-1	-1	0	43	0	-1	0	9	0	-1	0	0	0	43	0	0	28	-1	0	0	-1	-1	38	0
c5993	0	-1	0	5	-1	37	0	0	0	47	-1	0	31	9	0	47	-1	-1	9	0	0	0	28	-1	6	6	0	0	25	0
c6028	0	0	0	2	-1	2	37	-1	39	0	19	0	-1	9	0	35	-1	39	9	0	19	-1	25	-1	14	6	0	-1	-1	-1
c6031	0	0	0	9	-1	28	0	9	-1	-1	28	-1	-1	9	15	6	0	-1	2	0	0	0	-1	-1	0	0	0	0	-1	-1
c6039	0	-1	0	9	-1	28	0	39	0	43	0	-1	32	-1	27	9	-1	36	0	0	0	-1	38	-1	0	0	0	22	-1	0
c6100	0	26	0	-1	-1	28	0	-1	0	43	0	-1	40	9	47	-1	32	-1	48	-1	0	0	0	-1	47	0	9	0	0	0
c6166	-1	-1	0	-1	-1	-1	0	0	0	0	19	0	0	9	0	0	0	0	9	-1	0	0	47	-1	14	6	0	16	28	0
c6185	0	-1	0	9	-1	-1	0	0	0	43	-1	-1	-1	9	19	-1	-1	-1	0	0	9	16	0	-1	0	0	0	0	0	0
c6228	16	0	33	-1	-1	28	0	0	-1	43	0	-1	-1	-1	47	0	-1	0	0	14	0	-1	38	-1	39	0	0	23	0	0
c6237	0	-1	0	9	-1	28	-1	0	0	43	0	-1	0	-1	-1	0	0	28	25	5	0	15	0	-1	49	0	-1	0	-1	-1
c6251	0	-1	-1	19	-1	-1	0	0	2	-1	-1	46	22	9	-1	-1	47	47	-1	0	0	0	0	-1	0	-1	-1	34	0	-1
c6262	0	-1	32	-1	-1	28	9	9	-1	0	39	-1	0	9	0	0	0	-1	-1	0	28	0	-1	-1	-1	-1	0	-1	-1	0
c6346	0	-1	0	0	-1	0	0	47	0	0	0	0	0	9	-1	0	-1	-1	9	0	0	-1	0	-1	0	6	18	46	25	0
c6392	22	-1	47	-1	-1	19	0	0	0	12	27	0	0	9	-1	-1	-1	0	9	23	-1	0	0	-1	0	6	-1	-1	25	0
c6413	-1	0	-1	0	-1	39	-1	47	0	-1	0	0	0	9	0	0	-1	0	9	0	0	0	0	-1	0	6	18	46	-1	0
c6414	-1	0	14	-1	-1	-1	0	0	0	43	0	-1	0	9	47	0	28	0	0	0	-1	0	48	-1	0	0	0	-1	0	28
c6419	0	-1	-1	0	-1	0	0	0	0	0	-1	-1	0	9	0	22	-1	0	-1	0	18	0	16	-1	22	6	0	0	25	-1
c6475	0	-1	32	-1	-1	-1	0	23	41	0	0	-1	-1	-1	16	28	0	-1	47	0	-1	48	38	-1	0	0	0	0	-1	0
c6559	0	-1	-1	9	-1	-1	0	-1	0	43	48	-1	0	9	-1	0	0	-1	0	25	0	0	0	-1	0	-1	0	22	25	-1
c6595	0	-1	-1	-1	-1	28	0	0	9	43	26	-1	0	9	-1	9	-1	-1	0	47	40	-1	0	-1	0	-1	-1	0	28	-1
c6600	0	0	-1	0	-1	0	-1	0	0	0	5	5	19	9	0	0	-1	-1	9	0	0	0	28	-1	0	-1	-1	0	25	0
c6619	0	0	22	0	-1	-1	0	-1	0	0	0	28	0	-1	0	0	-1	4	9	0	0	0	0	-1	-1	-1	28	-1	0	14
c6680	0	0	0	9	-1	28	-1	0	-1	43	0	-1	0	-1	0	0	0	28	25	16	0	15	9	-1	49	0	41	-1	-1	15
c6687	9	0	22	0	-1	0	32	8	0	10	-1	-1	0	-1	0	37	16	-1	-1	0	0	0	48	-1	8	6	0	0	9	0
c6689	16	-1	0	9	-1	28	0	9	0	43	9	-1	0	-1	10	-1	0	0	-1	0	-1	-1	28	-1	-1	0	22	0	0	0
c6701	-1	0	22	33	-1	0	0	-1	0	26	6	14	0	-1	28	0	0	5	9	0	0	0	0	-1	-1	-1	0	0	-1	0
c6722	-1	0	0	-1	-1	28	0	28	0	43	0	-1	-1	9	47	0	0	0	-1	0	0	0	0	-1	15	0	0	0	0	0
c6727	0	-1	22	-1	-1	0	0	-1	0	47	0	46	22	-1	0	0	47	0	9	0	-1	0	0	-1	0	6	0	0	0	0
c6742	-1	-1	0	9	-1	28	0	39	0	43	48	-1	-1	9	27	-1	0	0	0	25	0	40	-1	-1	0	0	9	22	25	9
c6764	-1	0	22	0	-1	6	-1	-1	48	35	0	0	0	9	0	0	-1	-1	-1	0	0	32	48	-1	8	6	-1	0	0	-1
c6843	-1	28	0	0	-1	0	-1	0	-1	-1	0	0	9	-1	0	9	0	0	9	0	-1	0	47	-1	14	6	0	16	28	-1
c6869	0	9	0	-1	-1	28	-1	-1	0	43	9	-1	25	-1	-1	0	0	28	25	-1	0	15	0	-1	0	0	41	-1	34	0
c6885	0	26	32	0	-1	-1	0	28	0	36	-1	-1	-1	9	0	0	-1	-1	0	5	0	1	38	-1	9	30	0	0	0	50
c6900	39	0	22	-1	-1	-1	23	-1	18	0	-1	0	-1	-1	-1	0	47	49	9	-1	0	0	-1	-1	21	6	9	0	5	2
c7018	-1	26	32	0	-1	28	0	9	-1	0	-1	-1	0	-1	0	47	-1	-1	0	-1	0	47	-1	-1	2	-1	0	-1	-1	0
c7073	28	0	-1	0	-1	36	43	2	0	35	0	0	0	9	0	0	0	0	-1	0	0	-1	47	-1	-1	-1	41	16	28	25
c7081	0	41	-1	0	-1	0	-1	28	-1	0	0	0	-1	9	0	0	-1	-1	-1	0	0	0	0	-1	14	6	0	0	0	-1
c7112	28	28	-1	9	-1	-1	35	9	-1	43	0	-1	-1	9	0	0	-1	0	-1	0	5	0	28	-1	0	0	21	0	-1	0
c7150	0	-1	-1	-1	-1	28	0	0	-1	43	0	-1	22	-1	47	7	0	42	0	0	0	0	-1	-1	0	0	0	0	47	0
c7188	0	9	0	9	-1	-1	0	0	48	43	0	-1	0	9	0	-1	0	-1	0	0	41	0	0	-1	0	-1	0	0	0	-1
c7207	28	0	27	-1	-1	0	0	2	40	0	0	-1	0	9	0	0	0	-1	9	0	-1	-1	47	-1	-1	-1	41	16	-1	37
c7209	5	26	32	0	-1	28	-1	9	0	0	-1	-1	0	9	0	0	0	-1	0	23	35	-1	38	-1	2	0	0	0	22	0
c7225	0	0	48	-1	-1	23	-1	0	0	0	0	0	47	9	0	15	-1	0	-1	-1	-1	0	-1	-1	28	6	-1	46	25	0
c7305	28	0	0	0	-1	15	-1	0	-1	48	-1	-1	-1	9	0	0	-1	-1	9	0	0	0	47	-1	-1	6	-1	16	-1	41
c7312	0	40	0	0	-1	0	2	0	-1	-1	48	0	-1	9	0	0	-1	0	-1	0	9	0	25	-1	14	-1	0	0	47	-1
c7380	9	-1	22	0	-1	6	-1	-1	48	0	0	0	0	9	0	0	0	-1	9	0	-1	32	-1	-1	-1	6	0	15	39	0
c7415	9	0	22	-1	-1	6	-1	-1	48	0	0	4	0	9	-1	0	-1	-1	-1	0	0	-1	48	-1	8	6	0	0	-1	-1
c7467	0	-1	0	-1	-1	-1	0	0	9	43	0	-1	22	9	47	7	9	42	0	0	-1	0	15	-1	0	0	-1	-1	47	48
c7485	26	0	0	-1	-1	28	28	0	-1	-1	-1	-1	-1	9	47	0	-1	0	0	-1	0	0	-1	-1	-1	0	0	0	-1	-1
c7490	40	0	-1	-1	-1	-1	-1	0	-1	43	0	-1	0	-1	28	0	0	-1	25	0	23	-1	0	-1	0	0	-1	0	28	-1
c7496	0	0	0	-1	-1	47	37	6	0	0	0	-1	-1	-1	0	48	0	-1	9	0	19	28	25	-1	14	6	0	0	-1	-1
c7501	28	0	0	0	-1	-1	-1	0	0	48	0	0	9	9	-1	0	0	0	9	-1	0	0	47	-1	14	6	0	16	-1	41
c7530	0	26	32	0	-1	28	0	0	0	36	0	-1	31	9	-1	39	-1	-1	28	0	0	31	38	-1	9	0	0	0	28	32
c7601	-1	-1	-1	0	-1	0	9	0	0	0	0	-1	0	-1	9	0	-1	0	9	0	0	0	-1	-1	0	6	23	46	-1	0
c7602	22	0	-1	-1	-1	0	23	-1	18	0	-1	0	0	9	25	0	-1	49	9	0	0	0	0	-1	0	6	0	-1	-1	-1
c7607	-1	0	48	0	-1	18	0	0	0	-1	28	0	0	-1	10	-1	-1	-1	9	0	0	0	0	-1	-1	6	18	46	25	-1
c7622	-1	0	0	-1	-1	28	0	0	0	43	-1	-1	-1	-1	47	-1	-1	0	0	0	0	0	0	-1	0	0	0	-1	-1	0
c7671	0	0	0	-1	-1	0	0	0	0	0	-1	0	0	9	0	0	-1	0	9	0	0	0	0	-1	0	6	18	46	25	0
c7681	5	26	32	0	-1	28	-1	9	0	0	-1	-1	0	-1	-1	0	9	-1	0	23	-1	0	38	-1	2	-1	0	0	22	0
c7686	43	3	28	-1	-1	28	0	7	0	-1	-1	-1	0	-1	47	0	-1	0	-1	0	-1	0	0	-1	0	0	0	0	0	0
c7697	0	0	23	0	-1	-1	0	0	0	-1	0	0	0	9	-1	0	-1	0	-1	0	0	0	9	-1	0	-1	18	46	-1	0
c7698	22	38	47	0	-1	19	0	0	-1	-1	-1	0	0	9	0	40	-1	-1	9	23	-1	0	-1	-1	0	6	0	0	25	-1
c7772	0	19	22	-1	-1	0	23	0	-1	14	0	0	22	9	0	-1	0	49	9	-1	0	0	0	-1	0	-1	-1	0	0	0
c7774	0	40	0	-1	-1	0	-1	0	-1	-1	42	25	18	9	0	0	0	-1	9	-1	9	19	-1	-1	14	6	-1	0	47	-1
c7788	28	-1	32	-1	-1	28	0	-1	41	0	0	-1	23	-1	16	0	0	-1	-1	0	-1	48	38	-1	0	0	0	0	0	0
c7799	28	0	0	46	-1	0	0	-1	0	-1	39	-1	7	9	-1	0	0	-1	9	28	0	32	47	-1	14	6	0	16	28	0
c7800	0	0	11	-1	-1	47	37	6	0	0	0	0	-1	9	-1	0	-1	0	9	0	19	0	25	-1	14	6	0	0	0	-1
c7804	0	0	-1	9	-1	28	-1	0	47	43	9	-1	25	-1	0	0	0	28	25	0	0	15	28	-1	40	0	41	0	0	0
c7807	0	39	0	-1	-1	28	0	0	-1	43	-1	-1	0	9	47	-1	0	0	0	0	0	0	0	-1	15	0	0	-1	0	0
c7810	0	25	0	9	-1	28	-1	0	0	-1	0	-1	0	-1	0	-1	0	28	-1	0	0	15	9	-1	49	0	-1	0	-1	0
c7814	-1	41	0	-1	-1	0	-1	0	47	0	-1	-1	0	9	0	-1	0	0	9	0	0	0	0	-1	14	6	0	21	0	-1
c7836	0	9	0	9	-1	28	0	-1	0	43	0	-1	14	9	-1	0	0	15	0	0	0	0	28	-1	0	16	0	47	28	0
c7848	0	-1	32	0	-1	28	0	0	0	36	27	-1	0	-1	0	-1	47	-1	-1	-1	0	31	38	-1	9	19	0	0	0	32
c7860	19	9	9	0	-1	0	0	29	-1	-1	-1	0	0	9	-1	0	-1	0	9	23	48	0	0	-1	0	6	0	36	25	0
c7865	0	0	11	-1	-1	-1	-1	6	0	0	0	0	-1	9	0	0	-1	-1	9	0	19	0	25	-1	14	6	0	-1	-1	-1
c7873	0	0	48	0	-1	40	-1	-1	0	0	-1	-1	9	9	0	0	-1	5	-1	0	0	0	-1	-1	16	6	-1	46	25	-1
c7876	47	0	0	0	-1	25	0	9	0	0	0	37	9	-1	0	0	-1	0	9	0	0	23	25	-1	14	6	0	0	-1	-1
c7880	0	28	0	9	-1	28	-1	0	47	43	9	-1	-1	-1	0	15	0	28	-1	0	0	15	-1	-1	9	-1	41	0	0	-1
c7908	0	0	0	-1	-1	28	47	0	-1	43	0	-1	-1	-1	47	-1	-1	-1	0	47	0	-1	0	-1	0	49	0	0	0	0
c7958	0	-1	0	11	-1	0	0	0	32	-1	0	0	-1	9	0	0	-1	0	9	0	9	0	25	-1	-1	6	47	0	-1	-1
c7970	0	0	22	7	-1	0	23	0	18	25	0	0	0	9	0	0	0	49	-1	0	0	-1	0	-1	0	6	0	-1	0	5
c7979	37	0	0	-1	-1	-1	-1	9	0	43	0	-1	0	9	15	9	0	-1	28	0	0	0	-1	-1	0	0	9	0	0	0
c8026	26	0	0	-1	-1	28	28	0	46	-1	16	-1	0	9	-1	0	0	-1	0	-1	0	-1	0	-1	0	22	0	0	-1	-1
c8034	9	0	22	0	-1	0	-1	8	0	37	0	0	0	9	-1	-1	16	-1	9	0	0	0	48	-1	8	6	0	0	-1	0
c8044	5	26	32	-1	-1	-1	-1	9	0	0	39	-1	0	9	0	21	0	-1	36	23	35	0	38	-1	-1	-1	0	0	22	0
c8091	0	-1	0	-1	-1	28	0	-1	-1	43	0	-1	40	9	47	0	-1	0	0	-1	-1	-1	0	-1	0	13	0	0	0	0
c8098	-1	-1	-1	9	-1	28	0	9	15	43	0	-1	40	9	0	0	0	9	0	-1	36	-1	28	-1	-1	0	0	9	0	13
c8144	-1	0	22	0	-1	0	0	0	-1	-1	0	28	0	-1	32	0	0	4	9	0	0	0	0	-1	0	6	-1	0	0	14
c8151	-1	0	47	0	-1	19	0	-1	0	-1	0	0	0	9	0	9	-1	0	9	23	-1	-1	6	-1	9	-1	0	-1	-1	0
c8168	0	0	14	-1	-1	28	0	0	0	43	-1	-1	0	-1	47	0	-1	0	15	0	-1	0	48	-1	26	0	-1	-1	-1	28
c8174	0	0	0	9	-1	28	-1	-1	0	-1	-1	-1	-1	-1	0	0	26	-1	25	0	0	15	-1	-1	0	0	41	0	34	0
c8176	0	-1	-1	9	-1	28	-1	9	16	43	34	-1	0	9	-1	0	0	0	0	-1	36	0	28	-1	0	0	0	9	0	-1
c8182	0	9	0	-1	-1	28	0	0	0	43	16	-1	14	9	19	0	0	0	0	0	9	0	0	-1	41	0	0	0	0	0
c8183	0	9	-1	9	-1	28	0	0	0	43	16	-1	14	-1	19	0	0	0	0	0	9	0	0	-1	41	0	0	-1	-1	0
c8250	0	-1	47	0	-1	-1	9	0	0	-1	0	-1	0	9	0	-1	-1	0	9	23	0	0	35	-1	-1	6	0	0	-1	0
c8254	0	0	-1	-1	-1	47	37	6	0	0	0	-1	-1	9	0	48	-1	0	9	-1	19	28	25	-1	14	-1	5	0	0	-1
c8262	0	-1	22	0	-1	0	0	0	0	0	-1	28	0	9	0	0	0	18	-1	0	0	0	0	-1	43	6	-1	28	0	0
c8305	-1	-1	0	-1	-1	0	0	40	-1	0	0	0	-1	9	-1	0	0	48	9	0	0	32	47	-1	14	6	0	16	28	0
c8357	43	-1	-1	-1	-1	-1	-1	-1	0	43	1	-1	0	9	47	0	0	-1	0	0	-1	0	0	-1	0	0	0	0	7	0
c8361	0	26	32	0	-1	28	0	9	-1	0	39	-1	9	9	0	0	19	-1	0	0	0	47	-1	-1	-1	0	-1	-1	0	0
c8370	0	26	32	-1	-1	28	0	23	41	-1	0	-1	23	-1	16	40	0	-1	47	0	0	-1	38	-1	-1	-1	0	32	0	-1
c8377	0	0	47	0	-1	-1	0	0	0	12	24	0	0	9	0	0	-1	16	9	-1	0	0	-1	-1	0	-1	-1	0	25	38
c8379	0	-1	0	-1	-1	28	0	39	0	-1	0	-1	-1	9	27	0	0	0	7	0	0	0	0	-1	-1	0	-1	22	-1	9
c8396	0	-1	0	-1	-1	28	0	48	0	-1	16	-1	-1	-1	47	0	-1	0	0	0	0	0	0	-1	0	0	19	0	0	0
c8411	0	19	22	0	-1	0	-1	0	18	0	0	0	22	9	0	11	0	49	9	-1	0	0	-1	-1	0	6	-1	9	0	0
c8412	0	0	-1	-1	-1	28	19	-1	9	43	0	-1	0	9	-1	0	0	-1	0	-1	0	0	0	-1	-1	-1	0	-1	0	0
c8419	-1	9	-1	0	-1	0	0	0	-1	0	9	28	0	9	0	0	0	0	9	28	-1	0	19	-1	-1	6	-1	28	-1	0
c8499	43	3	28	-1	-1	-1	0	-1	-1	-1	-1	-1	0	9	47	0	15	15	0	15	0	0	0	-1	0	-1	0	2	0	0
c8516	0	9	0	9	-1	28	0	0	28	43	16	-1	14	9	19	0	0	0	25	0	9	0	19	-1	-1	0	0	0	-1	0
c8533	0	26	32	12	-1	28	21	0	-1	0	-1	-1	0	9	0	0	-1	-1	0	25	0	0	38	-1	0	0	0	0	36	9
c8539	0	26	32	19	-1	-1	0	9	0	0	39	-1	9	9	0	0	19	-1	28	0	-1	47	38	-1	-1	-1	28	-1	-1	0
c8568	9	0	22	-1	-1	0	0	-1	0	0	0	0	0	9	-1	37	16	-1	9	-1	0	0	48	-1	8	-1	0	0	9	0
c8589	0	-1	-1	-1	-1	28	0	0	0	43	0	-1	47	9	-1	0	47	0	22	-1	0	0	0	-1	-1	15	0	0	0	-1
c8596	40	0	0	9	-1	28	-1	9	0	43	0	-1	0	9	15	0	0	47	0	-1	-1	0	-1	-1	16	0	0	0	0	0
c8611	16	-1	33	-1	-1	-1	0	-1	6	43	-1	-1	-1	9	-1	0	19	0	0	0	27	0	0	-1	-1	0	0	23	0	0
c8642	0	-1	47	0	-1	-1	0	0	0	12	0	0	-1	9	0	0	-1	-1	9	23	-1	28	35	-1	0	-1	-1	0	-1	0
c8666	19	32	0	-1	-1	40	-1	-1	0	0	0	0	22	9	0	-1	0	0	-1	40	-1	0	25	-1	14	6	0	5	0	-1
c8669	0	19	22	0	-1	5	-1	0	18	0	0	0	22	9	-1	11	0	49	9	0	0	0	0	-1	0	6	0	0	0	0
c8672	0	26	32	0	-1	-1	0	-1	0	36	0	-1	5	9	0	39	0	-1	0	0	14	31	-1	-1	-1	0	0	0	0	-1
c8760	0	26	-1	-1	-1	28	21	-1	0	0	-1	-1	0	9	0	0	0	-1	-1	0	0	0	38	-1	0	0	0	0	36	9
c8767	0	0	0	-1	-1	28	0	0	-1	-1	0	-1	0	9	-1	0	0	0	0	0	0	0	-1	-1	15	0	0	0	0	0
c8770	0	-1	22	19	-1	0	50	0	0	-1	0	46	-1	9	0	0	47	19	9	0	0	-1	0	-1	0	6	0	-1	0	0
c8772	0	9	-1	9	-1	28	0	-1	0	43	-1	-1	-1	9	19	0	0	0	0	28	0	-1	0	-1	0	0	0	0	-1	0
c8773	0	9	28	9	-1	28	0	0	-1	43	-1	-1	-1	9	-1	0	0	0	-1	28	0	0	0	-1	-1	-1	-1	0	0	0
c8784	0	0	21	-1	-1	28	-1	0	9	43	0	-1	0	9	47	7	-1	5	0	47	43	0	0	-1	0	0	-1	0	15	0
c8805	-1	19	22	0	-1	0	23	0	-1	0	11	-1	22	9	-1	11	0	49	9	-1	0	0	0	-1	0	6	0	28	-1	0
c8855	9	-1	22	-1	-1	0	32	-1	48	10	0	0	-1	9	0	37	16	-1	-1	0	0	0	48	-1	8	-1	0	0	9	0
c8926	28	0	0	-1	-1	15	-1	0	-1	48	0	0	9	9	0	0	0	-1	9	-1	0	0	47	-1	14	6	-1	16	28	41
c8942	28	-1	-1	0	-1	41	0	-1	40	-1	0	0	41	-1	0	-1	0	0	9	0	0	0	-1	-1	14	6	41	16	28	0
c8947	0	26	-1	-1	-1	28	0	-1	41	-1	0	-1	-1	9	16	0	0	-1	47	15	-1	48	38	-1	0	0	0	0	-1	8
c8966	-1	0	14	-1	-1	28	0	0	0	-1	0	-1	0	-1	-1	-1	-1	0	0	-1	0	0	-1	-1	0	0	0	0	0	28
c8976	0	0	0	-1	-1	28	-1	9	0	43	0	-1	0	9	15	9	0	0	28	-1	0	0	-1	-1	-1	0	-1	-1	0	-1
c8990	0	0	19	0	-1	33	37	-1	0	0	0	0	-1	-1	-1	35	0	0	9	0	19	0	25	-1	14	6	0	0	-1	-1
c9000	0	26	32	0	-1	28	-1	-1	-1	0	39	-1	-1	9	37	0	0	-1	24	0	0	0	-1	-1	2	-1	0	-1	39	-1
c9017	0	0	0	9	-1	-1	-1	0	0	-1	-1	-1	0	-1	-1	-1	0	28	25	9	0	15	0	-1	0	-1	41	0	28	0
c9019	-1	-1	48	0	-1	19	28	0	-1	0	-1	-1	0	9	0	0	-1	0	9	-1	-1	0	0	-1	0	6	23	47	25	-1
c9066	9	0	22	0	-1	-1	0	8	0	0	0	0	-1	-1	0	22	0	-1	9	-1	0	0	48	-1	8	6	-1	0	0	0
c9078	40	0	40	9	-1	-1	-1	0	0	43	0	-1	0	-1	-1	0	-1	28	25	32	23	15	-1	-1	0	0	-1	14	0	0
c9081	0	0	0	-1	-1	28	0	0	0	43	0	-1	0	9	47	0	0	0	0	0	0	0	0	-1	15	0	16	0	0	40
c9106	-1	0	0	0	-1	36	43	-1	0	0	0	-1	0	9	0	0	0	0	-1	0	0	-1	47	-1	-1	6	-1	16	28	25
c9110	0	0	0	-1	-1	28	-1	0	0	-1	0	-1	0	9	47	0	12	13	0	0	0	-1	0	-1	0	0	0	-1	0	-1
c9122	0	0	48	-1	-1	46	-1	-1	0	0	0	-1	9	9	-1	0	-1	0	9	-1	47	0	0	-1	41	6	-1	-1	25	0
c9124	0	43	-1	-1	-1	28	0	0	22	43	9	-1	0	9	47	-1	0	21	0	0	0	-1	19	-1	0	-1	-1	-1	47	-1
c9126	9	0	22	0	-1	6	-1	8	48	0	0	0	0	9	0	0	0	-1	9	0	-1	32	48	-1	-1	-1	0	-1	0	0
c9154	0	0	0	9	-1	28	-1	0	0	43	9	-1	-1	-1	0	0	25	28	-1	0	0	15	0	-1	9	0	-1	0	0	0
c9162	0	0	0	0	-1	37	47	0	-1	0	-1	0	31	-1	0	0	-1	0	-1	0	0	-1	-1	-1	-1	6	0	0	-1	0
c9166	0	26	32	0	-1	-1	0	-1	0	36	0	-1	0	9	-1	39	-1	-1	0	0	0	-1	38	-1	9	19	0	-1	0	-1
c9167	0	26	32	0	-1	28	0	0	0	36	0	-1	0	9	-1	39	0	-1	0	0	-1	31	38	-1	9	19	0	0	0	32
c9212	-1	0	0	-1	-1	28	0	0	-1	43	0	-1	0	9	-1	15	0	0	0	-1	0	0	0	-1	0	0	0	0	25	0
c9226	9	26	32	0	-1	28	-1	9	-1	0	39	-1	41	9	0	-1	0	-1	-1	0	28	0	-1	-1	-1	21	0	-1	-1	0
c9244	28	0	-1	0	-1	-1	0	2	0	0	0	0	0	9	0	0	0	0	-1	0	-1	-1	47	-1	14	6	-1	16	28	0
c9252	28	-1	27	-1	-1	0	0	2	40	-1	0	-1	0	9	0	-1	0	16	9	0	0	-1	-1	-1	14	6	41	16	28	0
c9261	-1	26	-1	-1	-1	28	0	9	0	-1	39	-1	5	9	46	37	0	-1	0	0	0	0	38	-1	2	0	0	6	-1	-1
c9304	-1	0	22	0	-1	0	23	22	18	-1	0	-1	0	9	0	25	0	49	9	0	0	0	0	-1	31	-1	25	24	-1	0
c9318	0	0	22	0	-1	0	0	-1	0	-1	6	-1	-1	9	28	0	25	0	-1	0	0	39	0	-1	-1	6	0	0	0	-1
c9335	39	0	22	0	-1	0	23	0	18	0	0	0	47	9	-1	-1	0	49	9	-1	0	-1	-1	-1	0	6	0	-1	5	25
c9336	-1	0	22	38	-1	-1	23	22	-1	0	0	40	0	9	0	25	0	49	-1	-1	0	0	0	-1	31	6	25	24	0	0
c9339	0	0	22	19	-1	0	0	0	0	0	0	46	22	9	0	0	-1	47	9	0	-1	-1	0	-1	0	6	0	34	0	0
c9375	0	-1	-1	-1	-1	-1	0	-1	0	43	-1	-1	0	9	47	0	-1	0	0	0	0	0	0	-1	15	0	-1	0	0	0
c9382	-1	0	-1	19	-1	0	-1	0	0	-1	0	46	22	-1	0	10	47	-1	9	-1	0	-1	0	-1	0	6	-1	-1	-1	0
c9415	-1	18	-1	-1	-1	28	0	0	-1	43	41	-1	0	9	-1	48	0	0	48	25	-1	0	0	-1	-1	-1	0	0	0	0
c9438	-1	-1	0	0	-1	0	-1	0	-1	-1	0	0	-1	9	-1	-1	0	0	9	-1	-1	0	-1	-1	-1	6	28	0	0	-1
c9457	0	0	0	9	-1	28	-1	0	-1	43	-1	-1	25	-1	0	0	0	28	25	0	-1	-1	0	-1	0	-1	41	0	-1	0
c9462	0	-1	16	-1	-1	47	37	6	0	0	0	-1	-1	9	0	0	0	0	9	-1	19	28	25	-1	14	6	0	0	-1	-1
c9466	-1	-1	0	-1	-1	-1	0	-1	0	-1	0	-1	40	9	-1	0	32	0	0	-1	0	0	0	-1	0	15	-1	0	0	0
c9498	-1	26	32	0	-1	28	0	-1	-1	36	0	-1	0	-1	0	5	-1	-1	0	0	-1	31	-1	-1	9	0	0	0	-1	-1
c9512	0	28	0	35	-1	0	-1	18	0	-1	22	0	9	9	0	0	0	0	9	22	0	-1	25	-1	14	-1	0	-1	-1	-1
c9515	0	0	0	-1	-1	-1	0	0	41	43	0	-1	0	9	47	0	0	0	0	0	-1	0	0	-1	0	-1	0	0	40	0
c9519	48	0	-1	0	-1	0	0	26	47	0	2	0	0	9	0	-1	-1	-1	9	0	0	48	-1	-1	0	6	-1	46	25	0
c9560	0	0	-1	0	-1	47	37	6	36	-1	0	-1	-1	9	0	-1	-1	0	9	0	19	-1	25	-1	14	6	0	0	0	-1
c9596	16	9	33	-1	-1	28	0	0	-1	43	0	-1	-1	-1	47	0	-1	12	0	-1	2	0	38	-1	0	0	0	23	0	-1
c9610	-1	-1	22	0	-1	0	23	-1	18	0	-1	0	47	9	-1	0	0	49	9	0	0	0	0	-1	0	6	0	0	0	0
c9634	0	0	0	-1	-1	28	0	35	0	43	-1	-1	0	9	47	-1	-1	0	-1	0	0	-1	-1	-1	-1	0	0	0	-1	0
c9636	-1	-1	0	-1	-1	28	-1	-1	9	43	-1	-1	-1	9	47	0	0	0	0	47	-1	0	0	-1	0	0	0	0	25	0
c9665	0	0	0	-1	-1	-1	0	0	0	43	-1	-1	0	-1	0	48	-1	0	-1	-1	-1	28	0	-1	26	12	0	0	46	0
c9684	0	-1	0	9	-1	28	0	39	-1	-1	48	-1	-1	9	27	9	-1	0	0	-1	0	0	38	-1	-1	0	0	22	-1	0
c9744	0	0	48	0	-1	0	-1	0	0	0	-1	0	0	9	0	-1	-1	0	9	0	-1	-1	0	-1	0	-1	18	46	25	0
c9762	-1	-1	49	-1	-1	28	28	0	0	-1	0	-1	0	9	47	0	0	-1	0	0	0	-1	0	-1	-1	0	0	0	9	16
c9809	47	0	0	-1	-1	28	0	0	0	43	0	-1	43	9	0	48	0	-1	7	-1	0	28	-1	-1	-1	12	0	-1	0	-1
c9824	-1	26	-1	0	-1	-1	47	0	-1	36	40	-1	0	9	0	0	0	-1	-1	-1	0	-1	38	-1	-1	30	-1	22	0	0
c9832	0	-1	0	9	-1	28	0	39	0	43	0	-1	0	9	27	0	0	-1	0	0	25	0	0	-1	-1	0	0	22	0	9
c9833	0	-1	0	9	-1	28	0	39	0	43	-1	-1	0	9	27	0	0	-1	0	0	25	0	19	-1	-1	0	0	22	-1	9
c9843	0	26	32	0	-1	28	0	0	0	-1	0	-1	0	9	0	39	0	-1	0	0	0	-1	38	-1	9	19	0	0	-1	32
c9852	0	0	0	9	-1	28	0	9	0	43	0	-1	18	9	-1	-1	0	0	0	0	0	0	28	-1	0	0	0	12	-1	0
c9856	28	37	-1	0	-1	32	0	0	0	0	0	-1	35	9	-1	0	-1	0	-1	28	50	0	47	-1	-1	6	0	16	28	-1
c9860	28	0	0	-1	-1	28	35	9	0	43	0	-1	35	9	41	-1	0	0	0	0	0	0	28	-1	11	0	-1	-1	-1	0
c9873	-1	0	-1	19	-1	0	0	0	0	0	0	46	-1	-1	0	0	47	-1	9	0	-1	0	0	-1	0	6	0	34	0	0
c9874	-1	-1	0	-1	-1	28	3	0	9	43	0	-1	0	9	47	0	0	0	0	47	0	9	0	-1	25	-1	0	0	-1	0
c9901	0	0	22	19	-1	-1	0	0	-1	0	0	46	22	9	0	-1	47	47	9	0	0	0	0	-1	0	-1	0	34	39	0
c9913	39	0	22	27	-1	0	23	-1	18	0	0	25	47	9	-1	0	0	49	9	0	-1	0	-1	-1	0	-1	0	0	0	-1
c9923	0	26	32	-1	-1	28	-1	18	0	36	0	-1	0	-1	0	0	0	-1	0	0	0	0	38	-1	9	30	0	-1	0	5
c9929	36	-1	0	9	-1	28	-1	0	0	43	-1	-1	25	-1	-1	0	0	28	25	-1	0	15	0	-1	0	0	41	16	34	-1
c9954	46	0	22	0	-1	0	23	0	18	-1	0	0	0	9	0	11	0	49	9	0	-1	-1	-1	-1	31	-1	0	0	0	-1
c9967	0	0	28	-1	-1	35	0	-1	0	0	-1	0	-1	9	0	-1	-1	0	-1	0	0	-1	0	-1	0	6	18	46	25	0
c9969	28	0	0	-1	-1	28	0	0	0	-1	0	-1	0	9	0	-1	-1	0	-1	-1	-1	0	-1	-1	0	-1	0	-1	7	0
c9978	41	26	32	0	-1	28	0	25	-1	36	0	-1	0	9	0	39	0	-1	28	0	-1	31	38	-1	9	0	0	48	28	32
c10035	0	0	22	28	-1	0	0	0	0	28	0	-1	0	9	-1	0	0	-1	9	19	0	0	0	-1	0	6	28	0	0	-1
c10048	0	41	0	0	-1	0	-1	28	0	0	-1	0	0	-1	0	0	0	-1	9	0	0	28	0	-1	14	6	0	-1	0	-1
c10056	0	9	-1	0	-1	0	0	0	0	0	0	28	0	9	0	0	-1	-1	9	0	0	0	0	-1	43	6	-1	28	0	0
c10059	0	0	0	0	-1	-1	1	0	0	0	0	5	19	-1	0	0	-1	26	9	-1	-1	0	0	-1	-1	6	0	0	25	41
c10071	9	0	22	-1	-1	-1	-1	8	48	-1	0	0	37	9	0	0	0	-1	9	0	0	32	48	-1	8	-1	-1	15	0	-1
c10074	0	0	-1	22	-1	-1	36	0	32	0	0	40	-1	9	34	0	46	0	9	0	0	-1	25	-1	14	6	0	28	0	-1
c10098	0	0	48	-1	-1	0	14	0	0	0	0	0	-1	9	0	0	-1	12	-1	0	28	22	-1	-1	0	-1	18	46	25	-1
c10099	-1	-1	48	0	-1	0	14	0	-1	0	-1	0	0	9	0	0	-1	12	9	0	28	-1	0	-1	0	6	18	46	25	9
c10112	0	0	0	-1	-1	28	0	37	-1	43	0	-1	0	9	23	48	-1	35	-1	39	0	28	0	-1	26	12	0	0	16	0
c10113	0	0	0	-1	-1	-1	0	37	0	43	0	-1	0	-1	23	48	0	35	-1	39	0	28	0	-1	26	12	0	0	16	0
c10114	9	16	22	0	-1	6	0	-1	0	32	0	44	-1	9	-1	9	-1	-1	9	0	14	-1	0	-1	-1	6	46	0	-1	-1
c10136	-1	0	0	0	-1	0	-1	-1	-1	44	-1	0	0	9	22	28	0	-1	9	0	-1	0	-1	-1	14	6	41	-1	28	-1
c10151	19	32	-1	0	-1	40	0	0	0	-1	0	0	22	9	0	0	41	-1	9	40	0	0	-1	-1	14	6	0	-1	0	-1
c10152	0	-1	32	-1	-1	28	21	-1	12	16	26	-1	0	9	-1	0	0	-1	0	0	16	0	38	-1	0	47	0	0	36	0
c10156	2	41	-1	0	-1	0	28	0	0	7	5	0	0	-1	0	0	0	0	-1	0	0	0	0	-1	14	6	0	21	0	-1
c10157	2	41	0	0	-1	0	28	0	0	7	5	0	0	9	0	0	0	0	9	0	0	-1	0	-1	14	6	0	21	0	-1
c10161	39	0	22	0	-1	0	23	0	18	0	0	0	47	9	-1	40	0	-1	9	0	0	0	-1	-1	0	6	0	0	-1	0
c10163	0	-1	0	9	-1	28	-1	39	0	43	0	-1	-1	9	27	-1	0	0	0	40	0	0	0	-1	-1	0	-1	22	0	9
c10168	28	0	0	-1	-1	0	0	0	0	0	0	19	0	9	0	0	0	-1	9	0	0	-1	47	-1	14	6	28	16	-1	0
c10181	0	0	-1	0	-1	0	14	0	-1	0	0	0	0	9	0	-1	-1	18	9	-1	0	-1	0	-1	0	6	18	-1	25	-1
c10193	0	26	32	0	-1	28	0	47	0	-1	0	-1	0	9	0	-1	0	-1	0	-1	-1	31	38	-1	9	0	-1	0	0	27
c10218	46	0	22	0	-1	0	-1	0	-1	0	0	0	-1	9	0	11	0	49	9	0	0	9	2	-1	0	6	0	9	0	0
c10219	-1	0	22	0	-1	0	23	-1	-1	-1	0	0	0	9	0	11	0	49	9	0	0	9	2	-1	0	6	0	9	0	0
c10272	0	0	22	14	-1	0	-1	0	0	0	0	-1	0	9	0	0	0	0	9	0	0	-1	39	-1	0	6	-1	-1	-1	14
c10283	0	0	21	-1	-1	28	19	0	-1	43	0	-1	0	9	47	0	0	0	0	47	0	0	-1	-1	0	-1	0	0	0	0
c10284	0	0	-1	-1	-1	-1	0	0	0	43	-1	-1	0	9	47	0	-1	0	0	0	0	-1	48	-1	0	32	19	-1	0	28
c10289	-1	0	0	9	-1	-1	8	-1	0	43	0	-1	-1	9	0	-1	0	0	36	0	34	0	28	-1	-1	0	0	36	28	-1
c10341	0	0	0	0	-1	25	0	-1	0	0	0	37	9	9	0	-1	-1	0	9	-1	-1	-1	25	-1	14	6	40	0	19	-1
c10352	-1	-1	32	35	-1	-1	0	9	0	0	-1	-1	-1	9	0	0	11	-1	0	0	-1	-1	-1	-1	2	0	0	-1	0	-1
c10372	28	-1	0	0	-1	0	0	33	47	0	0	0	0	-1	0	0	-1	0	9	-1	0	0	47	-1	14	6	0	16	-1	0
c10386	28	-1	-1	9	-1	28	35	9	0	43	0	-1	0	-1	-1	0	-1	0	0	0	9	40	28	-1	0	-1	-1	0	-1	0
c10429	0	0	0	-1	-1	28	0	0	-1	-1	0	-1	0	9	-1	0	0	21	-1	0	-1	0	0	-1	-1	25	-1	0	47	0
c10440	0	-1	0	9	-1	28	0	0	0	-1	-1	-1	-1	-1	19	0	-1	9	0	0	0	-1	0	-1	0	0	0	0	-1	0
c10444	0	0	0	-1	-1	28	0	0	0	43	-1	-1	-1	9	0	48	-1	0	7	0	0	28	0	-1	26	12	-1	0	0	47
c10450	0	-1	22	0	-1	0	23	0	18	-1	-1	9	22	9	-1	11	0	49	9	0	0	0	0	-1	0	6	0	-1	0	-1
c10455	0	0	0	-1	-1	28	0	-1	0	-1	0	-1	47	9	0	48	23	-1	-1	0	0	-1	0	-1	-1	12	16	14	0	0
c10468	5	26	-1	0	-1	28	-1	9	0	-1	39	-1	0	-1	0	-1	0	-1	36	23	-1	0	38	-1	2	0	0	0	22	0
c10469	-1	-1	32	-1	-1	28	-1	9	0	0	39	-1	0	9	0	0	0	-1	36	-1	35	-1	-1	-1	2	-1	0	0	22	0
c10472	-1	0	0	0	-1	0	-1	0	0	0	19	0	-1	9	-1	35	0	0	9	0	19	-1	25	-1	14	6	0	0	0	-1
c10480	0	0	-1	9	-1	28	-1	-1	0	43	9	-1	25	-1	28	-1	-1	-1	-1	0	0	-1	0	-1	0	0	41	0	34	0
c10489	16	0	-1	-1	-1	28	0	0	-1	43	0	-1	-1	-1	-1	0	19	0	0	14	0	0	-1	-1	0	9	0	23	0	0
c10507	-1	26	32	-1	-1	28	0	9	0	0	-1	-1	5	9	46	37	0	-1	0	0	0	0	38	-1	-1	0	0	6	0	37
c10511	-1	26	-1	-1	-1	28	0	0	0	43	0	-1	40	9	47	0	32	18	-1	0	0	0	0	-1	19	0	0	0	0	7
c10542	-1	-1	27	0	-1	0	40	2	-1	15	0	43	0	9	0	0	0	-1	9	0	0	-1	47	-1	14	6	41	16	28	9
c10567	-1	0	22	0	-1	-1	23	22	18	-1	0	28	0	9	0	0	9	49	9	48	0	0	-1	-1	0	6	0	24	0	0
c10583	0	0	0	9	-1	28	0	9	0	43	-1	-1	0	9	0	0	0	0	36	0	0	0	28	-1	-1	28	0	-1	28	0
c10632	0	-1	28	9	-1	28	0	39	0	-1	0	-1	0	-1	27	0	0	0	0	0	47	0	0	-1	0	-1	0	22	22	9
c10657	0	0	35	0	-1	-1	0	0	26	0	0	-1	0	9	0	0	-1	0	9	-1	40	0	0	-1	0	6	18	-1	25	0
c10664	28	-1	32	-1	-1	-1	0	0	41	0	0	-1	-1	9	16	-1	0	-1	47	0	0	48	38	-1	0	0	-1	0	0	0
c10686	32	19	22	0	-1	0	23	0	18	0	47	0	22	9	0	-1	0	49	9	-1	0	0	0	-1	49	-1	0	-1	-1	0
c10688	0	0	0	0	-1	0	0	9	-1	0	0	0	9	-1	0	0	0	-1	9	0	0	23	25	-1	14	6	0	0	0	-1
c10691	0	0	-1	9	-1	28	0	9	0	43	2	-1	-1	9	15	-1	0	0	0	0	47	0	-1	-1	0	0	-1	48	18	11
c10693	0	-1	0	9	-1	28	0	9	31	43	0	-1	-1	9	0	0	38	0	0	0	0	-1	-1	-1	0	0	0	19	0	-1
c10695	0	0	14	-1	-1	-1	0	0	0	-1	-1	-1	0	-1	47	0	28	0	0	0	0	0	48	-1	0	-1	0	0	0	-1
c10706	9	0	22	0	-1	16	0	8	0	0	0	16	0	-1	0	37	16	-1	9	0	0	0	48	-1	8	-1	0	0	-1	0
c10714	0	0	0	9	-1	28	0	9	0	-1	0	-1	0	9	0	0	0	0	0	-1	34	0	28	-1	-1	-1	-1	47	-1	0
c10716	0	47	0	-1	-1	28	-1	-1	9	-1	0	-1	0	9	47	0	12	0	-1	0	0	0	0	-1	0	0	0	0	0	0
c10740	39	-1	22	0	-1	-1	23	0	18	0	-1	25	47	-1	-1	-1	-1	49	9	-1	25	0	-1	-1	0	6	9	-1	5	0
c10742	0	26	32	0	-1	-1	0	9	-1	-1	-1	-1	9	9	0	-1	19	-1	28	0	0	-1	38	-1	2	0	-1	-1	0	-1
c10744	41	32	0	0	-1	0	0	0	0	0	17	0	-1	9	-1	-1	-1	0	9	0	41	23	25	-1	14	6	0	0	0	-1
c10774	-1	0	23	-1	-1	-1	0	0	0	0	0	0	0	9	0	0	-1	0	9	0	0	0	-1	-1	0	6	18	-1	-1	0
c10777	-1	0	22	-1	-1	0	0	8	-1	0	0	0	0	9	0	0	0	-1	9	-1	0	0	48	-1	8	6	9	0	0	0
c10810	-1	26	32	-1	-1	28	0	0	41	0	0	-1	23	9	-1	0	0	-1	-1	0	0	48	38	-1	0	0	0	0	0	0
c10821	9	0	22	-1	-1	21	0	8	48	-1	0	15	-1	9	0	25	0	-1	9	19	-1	2	48	-1	-1	6	9	0	-1	0
c10828	19	9	9	0	-1	9	0	-1	0	0	0	0	0	9	0	0	-1	0	9	23	0	0	-1	-1	0	6	0	-1	25	0
c10832	-1	0	22	19	-1	0	0	-1	0	0	0	46	22	9	0	0	47	47	9	0	0	0	0	-1	0	6	-1	34	0	0
c10850	0	-1	-1	9	-1	28	0	39	0	-1	48	-1	-1	-1	27	-1	0	0	0	25	-1	0	-1	-1	0	-1	-1	22	-1	-1
c10863	-1	0	0	0	-1	0	0	-1	47	0	0	0	0	-1	0	0	-1	0	9	-1	-1	0	-1	-1	0	6	-1	46	25	-1
c10865	0	-1	22	0	-1	-1	23	-1	18	-1	-1	0	22	-1	0	11	0	49	9	0	0	0	-1	-1	0	-1	0	0	0	0
c10869	0	-1	0	9	-1	28	-1	0	47	43	-1	-1	25	-1	0	-1	-1	28	25	0	0	-1	12	-1	0	0	41	0	19	-1
c10890	-1	28	22	0	-1	0	0	8	0	0	-1	0	-1	9	48	9	23	-1	9	-1	12	0	0	-1	8	6	25	0	0	0
c10891	-1	-1	22	0	-1	0	0	8	0	0	-1	0	0	9	48	9	23	-1	9	-1	0	0	0	-1	8	6	25	0	0	0
c10897	0	0	0	0	-1	0	0	0	47	0	0	0	0	9	0	0	-1	0	9	0	-1	0	0	-1	0	6	-1	46	-1	0
c10899	28	28	0	9	-1	28	35	9	0	-1	0	-1	0	9	-1	0	0	0	0	16	-1	0	-1	-1	0	0	0	0	-1	0
c10919	0	0	0	-1	-1	0	0	14	0	0	0	0	0	9	-1	0	-1	-1	9	5	0	0	0	-1	0	6	18	-1	25	0
c10943	28	39	0	9	-1	28	0	9	-1	43	31	-1	0	9	0	-1	-1	20	0	0	0	0	28	-1	34	-1	0	9	-1	0
c10958	-1	-1	-1	9	-1	-1	-1	0	-1	43	0	-1	0	-1	0	9	37	28	25	16	0	15	9	-1	-1	0	41	0	-1	-1
c10966	-1	0	-1	0	-1	41	-1	2	40	-1	0	0	41	9	0	-1	0	0	9	0	0	0	-1	-1	14	6	41	16	28	-1
c10978	0	-1	32	0	-1	28	0	-1	0	0	39	-1	0	9	0	0	0	-1	26	0	39	-1	38	-1	2	-1	28	0	-1	0
c10982	0	0	0	9	-1	-1	-1	-1	0	43	0	-1	0	-1	0	0	-1	28	25	16	0	15	9	-1	49	-1	41	0	0	-1
c10989	0	0	-1	-1	-1	28	0	0	-1	-1	0	-1	0	9	0	-1	28	0	-1	0	0	0	14	-1	0	12	0	-1	7	0
c10998	0	0	0	-1	-1	28	0	-1	27	43	-1	-1	-1	9	0	-1	0	0	-1	0	0	28	0	-1	-1	12	0	-1	0	0
c11007	0	-1	0	0	-1	0	-1	0	0	0	22	0	9	-1	0	0	0	0	9	0	-1	23	25	-1	14	6	-1	0	0	-1
c11008	-1	39	0	9	-1	28	-1	9	9	43	31	-1	0	9	0	-1	-1	20	35	0	0	0	-1	-1	34	-1	-1	9	-1	0
c11017	26	9	-1	0	-1	0	-1	-1	0	28	9	28	-1	-1	-1	0	18	0	9	-1	0	0	0	-1	0	6	-1	28	0	0
c11018	0	0	0	-1	-1	28	-1	0	0	-1	0	-1	-1	9	47	0	0	21	0	26	0	0	-1	-1	0	0	0	0	47	0
c11034	-1	0	-1	-1	-1	28	0	0	9	43	0	-1	0	-1	47	9	26	0	-1	-1	0	-1	6	-1	9	0	0	-1	0	0
c11041	28	0	-1	0	-1	43	-1	2	0	2	0	0	-1	9	0	22	0	-1	9	0	0	-1	47	-1	14	6	41	16	28	0
c11043	28	0	0	46	-1	0	0	-1	-1	0	0	0	0	9	48	-1	0	-1	9	0	0	32	47	-1	14	6	0	-1	28	0
c11049	0	0	0	0	-1	0	0	0	0	0	-1	0	-1	9	-1	0	0	28	9	46	19	-1	25	-1	14	6	9	18	0	-1
c11054	28	0	0	-1	-1	-1	0	0	41	-1	0	-1	0	9	47	0	0	21	0	0	0	6	19	-1	46	0	0	0	47	0
c11056	-1	32	0	0	-1	-1	0	0	26	0	-1	0	35	9	-1	0	0	0	-1	0	41	23	25	-1	14	6	0	-1	0	-1
c11060	28	0	2	0	-1	-1	19	0	-1	0	0	-1	0	9	-1	0	0	0	9	28	0	11	47	-1	14	6	0	16	28	9
c11140	-1	0	-1	0	-1	0	9	2	0	0	-1	0	-1	9	0	0	0	0	-1	0	0	-1	47	-1	14	6	41	-1	28	-1
c11165	28	0	46	0	-1	36	43	2	0	0	9	0	0	9	0	0	0	32	9	0	0	0	47	-1	14	6	41	16	28	0
c11167	0	26	32	28	-1	28	0	9	-1	0	39	-1	0	-1	50	0	44	-1	0	0	-1	0	38	-1	2	0	18	0	-1	0
c11182	0	9	0	9	-1	28	0	2	0	43	0	-1	-1	9	19	-1	0	-1	0	0	-1	-1	0	-1	0	0	0	0	0	0
c11183	0	-1	0	9	-1	28	0	2	0	43	0	-1	-1	9	-1	39	0	0	0	0	0	0	0	-1	-1	0	-1	0	0	0
c11184	16	0	33	-1	-1	28	25	-1	6	43	-1	-1	-1	-1	-1	0	19	0	-1	-1	27	0	0	-1	0	0	0	23	0	0
c11191	19	32	43	0	-1	-1	0	47	-1	0	0	-1	22	9	-1	0	0	0	9	40	0	0	25	-1	14	6	31	5	0	-1
c11204	19	32	-1	0	-1	40	-1	0	0	0	-1	0	22	9	-1	0	0	0	-1	40	0	0	25	-1	14	-1	0	5	0	-1
c11207	16	0	-1	-1	-1	0	23	0	18	0	0	34	0	9	15	40	0	49	9	0	0	0	0	-1	0	6	-1	7	16	-1
c11215	0	26	32	42	-1	28	-1	0	0	36	0	-1	0	-1	-1	0	9	-1	0	0	0	-1	-1	-1	0	22	0	0	0	15
c11219	28	5	0	9	-1	28	0	9	0	43	31	-1	0	-1	0	0	0	20	0	0	0	0	28	-1	-1	-1	37	-1	-1	22
c11236	-1	0	22	14	-1	15	22	0	0	14	0	-1	0	9	-1	0	0	-1	9	0	-1	0	-1	-1	0	6	28	0	0	-1
c11239	0	0	-1	-1	-1	28	0	0	0	43	0	-1	-1	9	47	0	-1	21	0	26	-1	-1	19	-1	0	0	0	24	-1	-1
c11258	0	0	22	19	-1	0	-1	0	47	-1	0	46	22	9	0	0	47	22	9	0	0	0	0	-1	0	-1	-1	-1	9	0
c11285	28	0	0	9	-1	28	0	9	0	43	31	-1	0	-1	28	0	0	20	0	-1	-1	0	28	-1	-1	-1	0	0	-1	-1
c11291	0	-1	0	9	-1	28	0	39	0	43	0	-1	-1	9	27	9	19	0	0	0	0	0	-1	-1	-1	0	0	22	-1	0
c11293	0	-1	0	-1	-1	0	37	0	16	0	0	-1	-1	9	0	-1	0	0	9	0	19	0	25	-1	14	6	-1	-1	0	-1
c11295	-1	0	22	19	-1	0	21	12	0	0	0	46	22	9	0	7	47	0	9	6	0	0	-1	-1	0	6	-1	48	0	0
c11303	0	26	32	-1	-1	28	0	9	-1	-1	-1	-1	5	9	46	37	-1	-1	0	0	0	0	38	-1	-1	0	0	6	-1	37
c11311	0	-1	0	-1	-1	28	0	0	0	43	26	-1	47	9	47	-1	-1	-1	12	0	0	15	0	-1	0	0	-1	0	47	-1
c11320	36	0	-1	-1	-1	28	-1	-1	-1	43	9	-1	-1	-1	0	0	-1	28	25	0	0	-1	0	-1	-1	0	41	16	34	0
c11324	-1	0	22	-1	-1	6	-1	8	48	0	0	0	37	-1	0	0	-1	-1	9	0	0	32	-1	-1	8	6	-1	15	0	0
c11340	-1	-1	16	9	-1	-1	-1	-1	-1	43	9	-1	25	-1	0	-1	0	28	25	0	0	15	0	-1	0	40	41	39	34	-1
c11348	0	19	22	0	-1	0	23	0	18	-1	-1	0	22	-1	0	-1	0	49	9	0	36	0	0	-1	40	6	0	9	0	-1
c11349	0	19	22	0	-1	0	23	0	-1	-1	-1	0	22	9	0	-1	0	49	9	-1	36	0	0	-1	40	6	0	9	0	-1
c11360	0	26	0	-1	-1	28	0	0	-1	43	0	-1	40	9	47	43	32	0	48	0	0	0	-1	-1	47	0	9	0	-1	-1
c11363	28	0	0	0	-1	36	43	2	0	0	-1	0	0	9	0	0	0	0	9	0	0	-1	47	-1	14	6	41	16	28	25
c11382	25	0	22	28	-1	-1	0	0	0	0	-1	28	0	9	0	16	0	0	9	0	29	31	0	-1	0	6	28	0	-1	-1
c11394	16	-1	0	9	-1	28	0	9	-1	43	-1	-1	0	-1	10	0	0	49	0	0	36	0	28	-1	0	0	0	0	0	0
c11416	0	26	32	0	-1	-1	-1	-1	0	9	39	-1	-1	9	0	0	-1	-1	0	0	-1	0	-1	-1	2	0	0	0	22	-1
c11421	28	-1	46	0	-1	-1	-1	2	0	-1	0	0	0	9	-1	12	0	32	9	-1	0	0	47	-1	14	6	41	16	-1	0
c11423	28	0	-1	0	-1	10	0	0	1	0	0	0	0	-1	0	0	0	0	9	-1	0	-1	47	-1	14	6	-1	16	-1	0
c11429	10	-1	0	-1	-1	28	0	0	0	43	0	-1	40	9	-1	0	-1	0	0	-1	0	-1	0	-1	0	0	-1	0	0	0
c11430	0	0	0	-1	-1	47	37	-1	-1	0	0	0	-1	9	0	-1	0	0	9	26	19	0	25	-1	14	6	0	0	0	-1
c11445	19	-1	0	0	-1	-1	0	0	19	-1	0	-1	0	9	0	28	-1	-1	9	23	-1	0	0	-1	0	6	0	-1	25	0
c11466	5	26	-1	-1	-1	28	-1	9	0	0	39	-1	0	9	0	0	0	-1	0	0	35	0	38	-1	-1	-1	0	0	22	0
c11467	5	26	-1	-1	-1	28	-1	-1	0	0	39	-1	0	9	0	0	0	-1	0	0	35	0	38	-1	2	0	0	0	22	0
c11487	19	0	0	0	-1	-1	0	5	0	0	0	0	22	9	0	0	0	0	9	40	0	-1	25	-1	14	6	0	5	-1	-1
c11519	-1	0	21	-1	-1	-1	-1	0	9	43	-1	-1	19	9	47	-1	28	-1	0	-1	0	0	-1	-1	0	28	0	0	0	0
c11520	0	40	0	0	-1	0	0	-1	0	-1	0	0	-1	9	0	-1	-1	0	9	46	9	-1	25	-1	14	6	0	0	47	-1
c11524	0	26	-1	-1	-1	28	39	0	0	36	0	-1	-1	9	0	0	0	-1	0	10	-1	9	-1	-1	-1	30	0	0	28	19
c11532	28	0	-1	0	-1	0	-1	0	-1	47	0	0	0	-1	0	0	0	-1	-1	0	0	0	-1	-1	14	6	0	16	28	0
c11545	0	0	-1	-1	-1	-1	0	0	9	-1	0	-1	-1	-1	47	7	0	0	0	0	0	0	0	-1	0	23	0	0	-1	0
c11556	9	0	22	-1	-1	0	0	-1	0	32	16	46	-1	9	9	9	0	-1	9	0	-1	0	0	-1	-1	6	46	0	-1	0
c11560	28	32	27	0	-1	0	0	2	40	25	-1	0	0	9	0	0	0	0	9	0	-1	0	47	-1	14	6	41	16	28	0
c11563	0	-1	0	0	-1	-1	-1	47	-1	0	0	0	0	9	0	0	-1	0	9	15	0	0	0	-1	0	6	18	46	-1	-1
c11581	0	0	0	0	-1	37	47	0	0	0	-1	0	31	9	0	0	-1	-1	9	-1	0	-1	28	-1	0	6	0	0	25	0
c11590	-1	-1	-1	-1	-1	28	-1	0	9	43	-1	-1	-1	9	47	0	0	0	22	47	-1	-1	-1	-1	0	0	-1	0	-1	0
c11606	0	0	0	-1	-1	28	-1	0	9	-1	-1	-1	0	9	47	15	0	0	0	47	0	0	0	-1	0	0	0	0	25	0
c11607	0	0	0	-1	-1	28	0	0	-1	43	0	-1	0	9	47	-1	0	0	0	47	0	0	0	-1	-1	0	0	0	25	0
c11612	9	28	22	0	-1	0	0	8	-1	0	-1	0	0	9	-1	9	0	-1	9	-1	0	0	0	-1	8	-1	0	28	33	-1
c11615	0	-1	48	0	-1	18	0	0	47	0	28	0	-1	9	0	0	-1	0	9	0	-1	0	0	-1	0	6	18	46	25	0
c11616	0	41	0	-1	-1	22	28	9	0	-1	-1	0	9	9	0	0	0	-1	9	0	0	-1	0	-1	14	6	-1	21	-1	-1
c11629	47	0	0	-1	-1	28	0	0	0	43	0	-1	-1	9	0	-1	0	-1	7	0	0	28	-1	-1	26	12	0	0	0	35
c11630	0	0	-1	-1	-1	28	0	0	-1	43	-1	-1	36	-1	-1	0	28	0	15	0	0	-1	48	-1	0	0	0	-1	0	28
c11638	0	0	0	-1	-1	-1	3	-1	9	43	-1	-1	-1	9	47	0	-1	0	0	47	-1	32	-1	-1	25	0	0	0	26	0
c11644	-1	26	32	0	-1	28	-1	-1	0	-1	0	-1	-1	9	0	39	0	-1	0	0	0	31	38	-1	9	0	48	0	-1	-1
c11651	0	0	0	-1	-1	28	0	0	9	43	0	-1	0	-1	47	0	0	-1	0	-1	0	-1	0	-1	0	49	9	0	-1	-1
c11660	39	0	22	0	-1	0	23	-1	-1	22	0	0	47	9	-1	0	0	49	9	0	0	0	0	-1	0	6	0	0	-1	0
c11670	0	-1	22	0	-1	0	23	-1	18	-1	-1	0	-1	-1	0	-1	0	-1	9	0	24	0	0	-1	-1	6	0	0	-1	28
c11675	0	0	0	-1	-1	28	0	0	0	43	-1	-1	0	9	47	-1	0	0	0	0	0	0	0	-1	15	0	0	-1	-1	0
c11676	0	26	32	0	-1	28	9	9	0	10	39	-1	46	-1	0	25	0	-1	0	15	28	0	-1	-1	2	0	0	-1	0	0
c11684	0	0	0	-1	-1	28	0	0	9	-1	0	-1	0	9	47	-1	0	-1	-1	47	0	0	0	-1	0	0	0	-1	0	0
c11685	-1	-1	-1	-1	-1	28	0	0	9	43	0	-1	-1	9	47	0	0	22	0	47	0	0	-1	-1	0	0	0	0	-1	0
c11695	0	0	48	-1	-1	0	-1	0	47	0	-1	0	0	9	0	0	-1	-1	9	-1	-1	0	0	-1	0	-1	18	46	25	0
c11697	0	26	32	-1	-1	28	9	-1	-1	0	-1	-1	46	9	-1	0	0	-1	0	0	28	-1	-1	-1	2	0	0	-1	-1	0
c11723	0	-1	0	9	-1	-1	-1	9	0	43	0	-1	0	9	15	9	0	0	-1	0	0	0	-1	-1	0	0	9	0	0	-1
c11733	0	-1	22	0	-1	16	0	14	0	-1	0	28	0	9	39	-1	0	0	9	32	0	0	0	-1	43	6	-1	28	0	0
c11760	-1	0	48	0	-1	0	14	0	0	0	-1	-1	0	9	0	-1	-1	0	9	0	28	-1	28	-1	0	6	18	-1	-1	-1
c11766	0	0	-1	-1	-1	28	-1	0	0	43	0	-1	0	9	47	-1	-1	0	0	-1	0	0	0	-1	-1	-1	0	0	0	-1
c11780	0	0	0	0	-1	0	1	0	0	0	0	5	19	9	0	-1	-1	26	9	0	0	0	28	-1	0	6	-1	-1	25	-1
c11781	0	0	-1	0	-1	0	1	0	0	0	-1	5	19	9	0	0	-1	26	9	0	0	0	-1	-1	0	-1	0	0	25	-1
c11787	16	-1	0	9	-1	28	0	9	0	43	-1	-1	-1	-1	10	0	-1	0	28	-1	36	-1	28	-1	-1	0	0	0	0	0
c11790	9	0	22	0	-1	0	-1	8	-1	0	0	0	0	9	-1	-1	0	-1	9	0	0	0	0	-1	-1	6	0	0	0	46
c11812	-1	9	0	9	-1	-1	0	2	0	43	0	-1	-1	9	19	39	0	0	0	0	0	0	0	-1	0	0	0	0	-1	0
c11833	39	-1	22	0	-1	0	23	-1	18	0	0	0	-1	-1	-1	0	0	-1	9	0	0	0	0	-1	0	6	0	-1	5	0
c11845	0	0	-1	19	-1	0	5	0	0	0	0	46	22	-1	0	0	47	0	-1	9	0	0	0	-1	0	6	0	0	0	0
c11856	-1	19	22	0	-1	0	23	0	18	0	0	9	22	9	0	11	0	-1	9	0	0	-1	-1	-1	0	6	0	-1	0	0
c11857	0	19	22	0	-1	0	23	0	18	-1	-1	-1	22	-1	0	11	0	-1	9	0	-1	0	-1	-1	0	-1	-1	28	0	0
c11859	26	9	22	0	-1	0	0	0	25	0	0	-1	0	9	-1	-1	0	24	-1	28	0	-1	-1	-1	0	6	-1	28	0	-1
c11871	0	-1	0	-1	-1	0	37	0	0	0	0	-1	-1	9	0	35	-1	0	-1	44	-1	0	25	-1	14	6	0	0	0	-1
c11898	0	26	32	0	-1	28	0	-1	0	0	39	-1	0	-1	0	0	-1	-1	0	0	0	47	-1	-1	2	0	-1	-1	-1	0
c11901	-1	26	32	-1	-1	28	28	22	0	-1	-1	-1	0	-1	-1	0	0	-1	0	22	0	9	38	-1	-1	-1	0	0	0	0
c11902	28	0	0	0	-1	0	-1	-1	-1	44	-1	0	0	9	22	28	-1	0	9	0	0	0	47	-1	14	6	41	-1	-1	0
c11922	26	26	-1	-1	-1	28	0	22	41	0	-1	-1	23	9	16	47	0	-1	0	0	0	48	38	-1	0	0	0	-1	9	-1
c11926	0	-1	0	9	-1	28	-1	0	0	43	9	-1	25	-1	0	-1	-1	28	25	0	-1	15	0	-1	39	0	-1	0	0	0
c11927	0	23	0	9	-1	28	-1	0	0	-1	-1	-1	-1	-1	0	0	-1	28	-1	0	0	15	0	-1	39	0	41	0	0	0
c11933	19	9	9	0	-1	0	0	-1	-1	0	0	0	0	9	0	-1	-1	0	9	23	48	0	0	-1	0	6	0	36	25	0
c11948	5	26	32	0	-1	28	-1	-1	-1	0	39	-1	0	-1	-1	0	0	-1	0	23	35	-1	38	-1	2	0	0	0	22	0
c11959	0	-1	0	-1	-1	-1	0	0	0	43	0	-1	0	9	0	48	-1	0	-1	0	0	-1	-1	-1	26	-1	0	0	0	0
c11998	0	0	22	0	-1	0	-1	0	0	0	0	-1	0	-1	32	0	0	4	9	0	-1	-1	-1	-1	0	6	28	0	0	14
c12007	0	0	22	19	-1	0	7	0	0	47	0	-1	22	9	0	0	47	-1	9	0	0	0	0	-1	0	6	0	0	0	0
c12039	0	-1	-1	9	-1	28	0	9	0	43	0	-1	0	9	41	0	-1	0	-1	-1	0	0	-1	-1	0	-1	0	0	0	0
c12043	0	19	22	38	-1	0	23	0	18	0	48	0	-1	9	0	11	0	49	-1	0	0	-1	-1	-1	0	6	48	-1	0	0
c12055	0	19	22	0	-1	0	23	0	18	0	0	9	22	9	0	11	0	-1	9	0	0	0	0	-1	-1	6	0	28	0	5
c12062	-1	19	22	0	-1	0	23	0	-1	0	0	0	22	9	0	11	0	49	9	0	36	0	0	-1	-1	6	-1	-1	0	0
c12067	26	19	0	-1	-1	28	0	0	0	-1	0	-1	0	-1	-1	0	0	-1	0	-1	-1	0	-1	-1	0	0	-1	0	-1	0
c12088	-1	0	-1	0	-1	0	14	0	0	-1	0	0	0	9	-1	-1	-1	18	9	-1	0	22	0	-1	0	6	18	46	25	0
c12091	0	0	22	14	-1	-1	0	-1	0	-1	0	-1	0	9	-1	0	-1	0	9	0	-1	0	0	-1	0	6	-1	0	-1	14
c12092	26	0	0	-1	-1	28	28	0	-1	-1	0	-1	28	9	47	0	0	0	0	0	-1	0	-1	-1	-1	0	0	0	-1	-1
c12106	28	0	0	-1	-1	0	0	2	0	0	0	0	-1	9	0	0	0	-1	9	0	-1	0	47	-1	14	6	41	16	28	-1
c12111	0	0	0	0	-1	37	0	0	0	0	-1	0	-1	9	0	0	-1	0	9	-1	0	0	28	-1	0	6	0	0	25	0
c12117	0	0	0	9	-1	28	28	9	-1	43	0	-1	0	9	15	-1	-1	0	0	-1	18	0	-1	-1	0	0	0	0	0	0
c12118	0	26	-1	0	-1	28	-1	9	22	0	39	-1	0	9	25	0	0	-1	0	0	0	0	38	-1	2	0	0	0	22	0
c12122	0	0	0	-1	-1	28	0	18	14	43	0	-1	-1	9	47	0	-1	-1	0	-1	0	0	0	-1	0	-1	0	-1	-1	0
c12127	0	-1	0	9	-1	28	-1	-1	0	43	0	-1	0	9	41	0	25	0	0	36	0	0	28	-1	0	9	0	0	0	23
c12148	0	-1	0	9	-1	28	0	39	0	43	48	-1	0	9	27	0	0	0	0	25	0	0	-1	-1	-1	0	0	-1	0	9
c12151	0	0	48	46	-1	0	14	0	0	-1	0	-1	0	9	-1	0	-1	0	9	0	0	22	-1	-1	0	6	18	46	25	0
c12172	46	0	22	-1	-1	0	23	-1	18	0	0	0	-1	9	0	11	0	49	9	0	0	9	0	-1	0	6	0	0	0	0
c12228	28	-1	0	-1	-1	28	0	0	9	43	0	-1	0	9	47	9	26	0	0	47	-1	0	6	-1	0	0	0	0	0	0
c12229	28	0	0	-1	-1	28	0	0	9	43	0	-1	0	-1	47	9	26	0	0	-1	0	0	6	-1	0	0	0	-1	0	-1
c12237	0	0	47	-1	-1	-1	0	9	0	-1	0	-1	0	-1	-1	0	25	48	0	36	-1	-1	28	-1	0	9	0	-1	0	0
c12259	0	-1	0	-1	-1	28	0	9	0	43	0	-1	-1	9	0	0	-1	0	0	0	-1	0	28	-1	0	0	0	16	0	0
c12269	0	40	0	0	-1	-1	0	0	0	-1	0	0	0	9	0	0	0	0	9	22	9	-1	25	-1	-1	6	0	22	47	-1
c12287	28	0	0	-1	-1	-1	0	-1	41	43	-1	-1	0	9	-1	0	0	21	0	0	0	6	19	-1	-1	0	0	0	-1	-1
c12313	0	0	0	9	-1	28	0	9	0	43	-1	-1	0	9	15	-1	0	0	-1	0	-1	0	-1	-1	0	0	0	0	14	11
c12315	0	0	0	-1	-1	28	-1	0	27	43	0	-1	-1	9	-1	48	-1	0	-1	0	0	28	0	-1	26	12	0	7	0	0
c12323	0	0	22	-1	-1	0	0	0	0	0	0	28	0	-1	0	0	0	-1	9	0	0	0	0	-1	0	6	28	0	-1	14
c12337	0	-1	0	-1	-1	28	0	0	-1	43	0	-1	0	9	-1	0	0	-1	0	0	0	0	0	-1	-1	0	0	0	0	0
c12339	0	-1	9	9	-1	-1	0	9	-1	43	0	-1	0	9	0	0	0	0	25	0	0	31	28	-1	0	0	0	19	0	0
c12358	0	26	32	-1	-1	28	21	0	12	0	-1	-1	0	9	0	39	0	-1	37	0	16	26	38	-1	0	0	0	0	-1	0
c12373	-1	9	22	0	-1	0	0	0	0	-1	-1	28	0	9	0	0	18	0	-1	28	-1	-1	0	-1	0	-1	-1	28	-1	-1
c12383	-1	0	0	9	-1	28	0	9	0	43	0	-1	0	9	0	-1	0	41	0	0	-1	-1	28	-1	0	28	0	-1	28	0
c12393	0	-1	0	-1	-1	28	0	39	0	43	0	-1	-1	-1	27	0	0	0	-1	0	0	28	-1	-1	0	-1	0	22	0	9
c12404	39	0	-1	0	-1	0	23	26	18	-1	0	0	47	9	-1	-1	0	49	9	-1	0	0	0	-1	0	6	0	15	-1	0
c12422	0	39	0	-1	-1	28	0	0	-1	43	-1	-1	22	9	47	7	0	42	0	0	0	0	-1	-1	0	0	0	0	47	-1
c12423	0	39	0	-1	-1	28	0	0	-1	43	0	-1	22	9	47	7	0	-1	0	0	0	0	15	-1	-1	0	-1	-1	47	48
c12436	0	0	21	-1	-1	28	19	0	9	43	0	-1	0	9	47	0	0	0	0	47	0	21	19	-1	0	0	0	-1	0	0
c12440	9	0	-1	0	-1	0	0	8	0	0	0	0	9	9	-1	0	28	-1	9	0	0	0	48	-1	-1	6	0	0	0	0
c12452	28	28	0	9	-1	28	-1	9	0	43	-1	-1	0	9	0	0	0	0	0	0	-1	-1	28	-1	0	40	-1	0	-1	0
c12457	0	26	-1	0	-1	28	-1	9	0	9	39	-1	25	-1	0	-1	0	-1	0	0	-1	0	38	-1	2	-1	-1	0	22	0
c12458	0	-1	34	9	-1	28	0	9	0	43	0	-1	-1	9	-1	44	0	0	0	0	-1	0	28	-1	46	0	25	9	0	34
c12460	0	0	22	19	-1	-1	0	0	47	0	0	-1	-1	9	0	0	-1	0	9	0	0	0	-1	-1	-1	6	-1	-1	0	40
c12481	28	0	-1	-1	-1	-1	37	2	25	47	-1	47	0	9	-1	-1	0	-1	9	37	-1	0	47	-1	14	6	41	16	28	0
c12491	-1	0	0	-1	-1	28	-1	9	0	43	0	-1	0	9	-1	0	0	0	0	0	-1	0	-1	-1	16	0	0	0	0	0
c12501	5	0	0	28	-1	0	37	0	2	-1	-1	0	-1	9	0	35	-1	-1	9	-1	-1	5	-1	-1	14	6	0	0	0	-1
c12502	0	26	32	31	-1	28	0	3	-1	-1	0	-1	0	9	47	0	0	-1	39	19	0	0	38	-1	9	-1	0	0	0	0
c12507	28	39	0	-1	-1	28	0	9	0	43	31	-1	0	9	0	0	18	20	-1	-1	0	0	28	-1	34	0	0	9	-1	0
c12569	40	-1	-1	-1	-1	28	0	0	9	43	41	-1	40	-1	-1	-1	0	0	0	25	48	0	0	-1	-1	-1	0	15	0	0
c12578	28	0	0	0	-1	0	-1	0	0	0	0	-1	0	9	0	0	0	0	9	0	0	0	47	-1	14	6	-1	16	28	0
c12586	0	26	32	-1	-1	28	0	-1	0	0	39	-1	5	9	46	37	0	-1	0	0	0	0	38	-1	2	0	0	-1	0	37
c12614	0	0	0	-1	-1	28	-1	35	0	-1	-1	-1	0	9	47	28	0	-1	0	0	-1	0	0	-1	15	0	0	0	0	0
c12616	0	-1	32	0	-1	-1	0	-1	0	-1	39	-1	9	9	43	32	0	-1	48	-1	0	0	38	-1	-1	-1	0	-1	9	0
c12630	32	0	0	-1	-1	28	0	0	0	43	-1	-1	0	9	47	-1	-1	0	0	0	-1	0	0	-1	0	-1	28	0	47	0
c12639	41	26	32	0	-1	28	0	-1	0	36	0	-1	0	9	43	39	0	-1	28	-1	0	31	38	-1	9	0	0	0	-1	32
c12652	5	-1	-1	0	-1	28	-1	9	0	0	39	-1	-1	-1	0	0	0	-1	0	-1	-1	0	38	-1	2	0	0	-1	22	0
c12655	40	-1	40	9	-1	-1	-1	0	-1	43	0	-1	0	-1	47	0	0	28	-1	0	23	15	0	-1	0	0	41	0	0	0
c12659	0	-1	-1	-1	-1	28	0	0	0	43	0	-1	-1	9	47	28	0	0	0	0	0	-1	0	-1	-1	0	0	-1	-1	0
c12661	35	23	26	9	-1	28	-1	0	0	43	9	-1	25	-1	-1	0	-1	28	25	0	0	15	-1	-1	39	0	41	0	0	0
c12683	9	28	-1	0	-1	-1	0	8	0	0	-1	0	0	-1	-1	9	0	-1	-1	-1	-1	0	47	-1	8	-1	0	-1	33	0
c12692	28	0	27	0	-1	0	-1	2	-1	0	0	36	44	9	0	0	0	-1	9	46	0	-1	47	-1	14	6	41	16	-1	13
c12722	0	26	32	0	-1	28	0	9	0	0	39	-1	24	9	-1	0	0	-1	0	-1	-1	0	-1	-1	2	0	35	-1	0	0
c12743	0	0	0	-1	-1	28	36	15	22	-1	0	-1	0	9	47	-1	0	21	0	0	-1	0	19	-1	-1	21	32	0	47	0
c12747	28	0	0	0	-1	0	0	0	0	47	0	0	-1	9	-1	-1	0	0	9	0	0	-1	47	-1	14	6	0	16	28	0
c12764	5	26	-1	-1	-1	28	-1	9	0	0	-1	-1	0	9	0	-1	0	-1	0	-1	35	0	38	-1	2	0	0	0	22	0
c12779	0	0	14	-1	-1	28	0	0	0	43	-1	-1	0	-1	47	0	28	-1	-1	-1	0	0	48	-1	26	0	0	0	22	28
c12790	9	28	22	0	-1	0	0	-1	0	0	-1	0	0	9	48	9	23	-1	9	-1	0	0	0	-1	8	6	25	-1	0	0
c12795	-1	0	0	6	-1	49	0	-1	-1	0	-1	-1	0	9	-1	0	0	0	-1	0	35	0	47	-1	14	6	0	16	28	0
c12798	40	32	40	9	-1	-1	-1	0	0	-1	-1	-1	0	-1	28	0	0	-1	25	-1	23	15	0	-1	-1	0	41	0	28	0
c12816	-1	-1	-1	-1	-1	28	-1	-1	0	43	9	-1	25	-1	28	0	0	28	25	0	0	15	0	-1	0	0	41	0	34	0
c12830	28	0	0	-1	-1	-1	-1	0	41	-1	0	-1	0	9	47	-1	0	21	-1	0	0	6	19	-1	46	0	-1	0	47	0
c12842	0	-1	0	-1	-1	28	0	0	0	43	0	-1	0	9	47	-1	0	0	0	-1	0	0	-1	-1	15	0	0	0	0	0
c12861	0	0	22	14	-1	-1	0	0	0	0	0	-1	-1	9	0	0	0	0	-1	0	0	0	-1	-1	0	6	28	0	0	14
c12862	-1	0	-1	9	-1	28	0	9	31	-1	0	-1	0	9	0	-1	-1	-1	0	0	0	0	28	-1	0	0	16	0	-1	0
c12879	0	0	0	-1	-1	28	-1	0	0	43	0	-1	0	-1	0	-1	37	-1	25	16	0	-1	9	-1	49	0	41	0	26	-1
c12880	0	0	22	19	-1	0	0	0	-1	0	0	46	-1	-1	0	0	47	47	9	0	0	40	20	-1	0	6	0	34	0	9
c12881	0	0	22	19	-1	0	0	0	0	0	0	46	22	9	0	0	47	47	9	0	0	40	20	-1	0	-1	0	-1	0	9
c12886	28	0	40	0	-1	0	0	-1	0	0	-1	0	0	9	0	0	5	46	9	38	-1	0	47	-1	14	6	-1	16	28	0
c12890	0	0	0	0	-1	37	47	-1	-1	0	-1	0	31	9	0	0	-1	0	9	-1	0	48	28	-1	0	6	0	0	-1	-1
c12920	0	0	0	-1	-1	28	0	-1	0	-1	-1	-1	-1	9	47	0	0	0	0	0	0	0	-1	-1	15	0	0	0	0	0
c12921	0	-1	-1	-1	-1	28	0	0	-1	43	-1	-1	0	9	47	-1	-1	0	0	0	-1	0	-1	-1	15	0	0	0	0	0
c12953	0	0	0	-1	-1	28	0	18	14	43	0	-1	0	-1	47	0	0	21	0	0	0	0	0	-1	-1	0	0	-1	-1	-1
c12955	0	0	0	-1	-1	28	0	0	0	43	0	-1	48	9	-1	0	0	21	0	0	0	0	0	-1	28	-1	0	48	47	6
c12960	0	0	0	-1	-1	28	0	0	-1	-1	0	-1	0	9	47	-1	-1	0	22	-1	0	0	0	-1	0	0	0	-1	0	-1
c12963	0	25	0	9	-1	28	-1	-1	0	43	0	-1	0	-1	0	0	-1	28	25	5	-1	15	0	-1	49	0	-1	0	0	-1
c12994	0	-1	0	9	-1	28	0	-1	0	43	0	-1	0	-1	28	47	0	0	9	0	36	-1	28	-1	-1	0	0	9	0	-1
c13007	-1	39	0	0	-1	37	0	0	0	0	-1	0	-1	9	0	-1	-1	0	9	0	-1	0	-1	-1	-1	-1	0	0	25	0
c13014	14	-1	21	-1	-1	28	19	-1	-1	43	0	-1	0	9	47	0	0	-1	0	47	0	0	-1	-1	42	2	0	0	0	9
c13016	28	-1	0	0	-1	16	-1	31	-1	-1	0	0	9	-1	0	-1	0	2	-1	0	0	-1	47	-1	14	6	21	16	28	41
c13024	0	-1	0	9	-1	28	-1	0	47	-1	9	-1	-1	-1	0	15	-1	28	25	0	0	-1	-1	-1	-1	0	41	0	0	0
c13025	0	0	-1	9	-1	28	-1	-1	47	43	9	-1	25	-1	0	15	0	-1	25	0	0	15	32	-1	-1	0	41	0	0	0
c13038	0	0	18	-1	-1	28	-1	0	-1	43	-1	-1	25	-1	0	0	0	28	25	0	0	15	0	-1	0	0	41	0	0	0
c13043	0	26	32	31	-1	28	0	3	0	36	0	-1	-1	9	-1	0	0	-1	39	0	0	0	38	-1	9	-1	0	0	0	0
c13064	0	0	0	-1	-1	28	0	0	27	43	0	-1	-1	-1	0	48	0	0	0	-1	0	28	0	-1	26	12	0	0	0	0
c13084	25	26	-1	35	-1	-1	-1	9	-1	0	39	-1	0	9	0	0	11	-1	0	-1	-1	0	-1	-1	2	0	0	-1	0	-1
c13086	-1	0	-1	-1	-1	28	0	0	0	-1	0	-1	-1	9	-1	0	28	9	0	0	-1	0	-1	-1	0	-1	-1	0	0	28
c13087	-1	0	14	-1	-1	28	0	-1	0	43	0	-1	0	9	-1	0	28	-1	-1	0	0	0	-1	-1	0	48	0	0	0	-1
c13093	0	0	40	9	-1	-1	-1	0	-1	-1	0	-1	0	-1	-1	0	0	28	25	-1	-1	-1	-1	-1	0	-1	41	0	47	0
c13096	-1	0	22	0	-1	25	23	0	18	0	0	-1	47	9	-1	-1	0	49	9	0	0	-1	0	-1	0	6	-1	-1	-1	0
c13099	0	-1	40	-1	-1	-1	-1	-1	-1	-1	0	-1	0	-1	-1	0	0	28	-1	0	23	15	0	-1	0	-1	-1	-1	0	-1
c13100	0	26	32	-1	-1	-1	37	22	41	-1	0	-1	-1	9	16	47	0	-1	25	25	0	48	38	-1	0	0	0	0	0	-1
c13103	28	0	-1	0	-1	-1	43	-1	0	0	0	0	-1	9	0	0	0	0	9	0	0	-1	47	-1	14	6	41	16	28	25
c13113	-1	-1	22	16	-1	-1	17	0	-1	0	0	28	9	9	0	-1	0	0	9	15	0	0	0	-1	-1	6	-1	0	25	-1
c13135	0	28	0	9	-1	-1	-1	0	47	43	-1	-1	25	-1	0	15	0	28	25	0	0	15	0	-1	9	0	41	0	0	-1
c13140	-1	0	0	-1	-1	28	0	-1	41	-1	0	-1	0	-1	47	48	0	0	22	0	-1	0	0	-1	0	0	0	0	40	0
c13141	0	-1	0	-1	-1	28	-1	0	41	43	0	-1	-1	9	47	48	0	-1	22	-1	0	0	0	-1	-1	0	0	0	40	0
c13147	0	-1	32	0	-1	28	-1	9	0	9	39	-1	-1	9	0	-1	0	-1	0	0	0	0	38	-1	2	0	0	0	22	0
c13163	-1	-1	0	9	-1	28	0	-1	-1	43	0	-1	32	9	-1	9	0	0	0	0	0	0	38	-1	0	-1	0	22	-1	0
c13175	28	-1	-1	-1	-1	-1	0	0	1	0	-1	0	0	9	0	0	0	0	9	-1	0	0	47	-1	14	6	0	16	28	0
c13192	-1	0	0	-1	-1	28	0	0	44	-1	0	-1	0	9	47	0	0	-1	0	0	-1	8	0	-1	0	0	-1	0	47	-1
c13241	9	0	22	0	-1	0	-1	8	0	0	0	0	9	-1	0	0	0	-1	9	0	-1	-1	48	-1	8	6	0	0	0	-1
c13251	0	0	0	-1	-1	28	0	9	0	43	0	-1	0	9	0	-1	0	0	0	0	34	0	-1	-1	0	16	-1	47	-1	-1
c13252	48	0	0	9	-1	28	-1	-1	0	43	9	-1	25	-1	15	0	-1	-1	25	2	-1	-1	2	-1	7	0	41	0	-1	28
c13263	0	0	0	-1	-1	28	0	0	0	43	0	-1	0	9	0	48	0	0	0	0	0	-1	-1	-1	26	12	0	0	-1	0
c13264	-1	0	22	0	-1	-1	0	8	-1	0	0	0	0	9	0	37	-1	-1	9	0	0	0	48	-1	8	6	0	0	0	8
c13266	26	0	-1	-1	-1	28	39	0	0	43	0	-1	9	9	47	0	9	21	10	0	0	0	-1	-1	25	47	-1	9	47	0
c13306	0	0	-1	-1	-1	0	14	-1	0	0	0	28	0	9	0	0	-1	0	9	0	28	22	2	-1	0	6	18	46	25	0
c13309	-1	-1	48	-1	-1	19	28	0	26	0	0	-1	0	9	0	0	-1	0	9	0	0	0	41	-1	0	6	-1	47	25	0
c13330	0	-1	-1	9	-1	28	-1	0	0	-1	9	-1	25	-1	9	0	0	28	-1	-1	-1	15	0	-1	0	0	41	-1	16	0
c13335	25	0	22	28	-1	0	0	0	0	0	-1	28	0	9	0	0	0	0	9	-1	29	39	0	-1	0	6	28	0	0	-1
c13343	22	0	22	0	-1	-1	23	22	18	0	31	0	-1	9	0	0	34	49	-1	0	0	0	-1	-1	0	-1	0	24	0	0
c13365	0	-1	0	0	-1	0	1	0	0	0	0	5	19	9	0	0	-1	26	9	-1	0	-1	0	-1	0	6	0	0	25	0
c13374	-1	-1	47	0	-1	-1	-1	0	0	-1	0	0	0	9	0	-1	-1	0	9	23	-1	0	0	-1	0	6	0	0	-1	0
c13376	-1	0	48	-1	-1	0	9	-1	0	-1	-1	-1	-1	9	0	0	-1	0	9	0	0	0	7	-1	-1	6	23	0	25	0
c13430	-1	-1	-1	-1	-1	28	-1	0	9	43	48	-1	0	9	-1	0	0	0	0	47	48	0	-1	-1	0	0	28	0	-1	0
c13447	-1	0	-1	-1	-1	-1	9	0	-1	-1	12	-1	-1	9	0	0	-1	0	9	-1	0	-1	7	-1	0	6	23	-1	25	0
c13448	0	26	32	0	-1	28	0	9	0	-1	39	-1	-1	9	0	0	0	-1	0	0	28	0	-1	-1	2	0	0	-1	0	0
c13450	0	9	28	9	-1	28	32	0	0	-1	-1	-1	-1	-1	19	0	0	0	0	-1	0	0	9	-1	0	0	47	0	-1	0
c13453	0	0	0	-1	-1	0	38	-1	0	0	0	0	0	-1	0	0	-1	-1	-1	-1	40	0	-1	-1	0	-1	18	46	-1	0
c13485	0	-1	0	9	-1	28	0	9	0	43	0	-1	0	9	0	-1	0	0	0	-1	36	-1	28	-1	9	-1	-1	-1	0	0
c13500	-1	19	22	48	-1	0	23	0	18	0	0	-1	22	9	28	11	0	49	9	-1	36	0	-1	-1	0	6	-1	9	0	0
c13510	0	0	0	-1	-1	28	-1	0	9	43	48	-1	-1	-1	47	0	0	0	22	47	0	-1	0	-1	0	0	28	0	-1	0
c13521	0	9	22	15	-1	0	0	-1	-1	-1	6	14	-1	9	28	0	0	0	9	0	0	0	-1	-1	-1	6	0	0	0	0
c13536	9	9	22	0	-1	-1	0	8	-1	0	15	0	-1	9	0	0	0	-1	9	32	0	16	0	-1	-1	6	9	0	0	0
c13550	-1	0	0	9	-1	28	-1	-1	-1	43	-1	-1	25	-1	0	0	-1	28	25	0	0	15	-1	-1	0	0	41	0	34	0
c13554	0	-1	0	9	-1	28	0	-1	0	43	-1	-1	0	9	0	39	0	-1	0	0	-1	0	28	-1	0	0	0	-1	47	0
c13596	-1	0	48	0	-1	0	14	0	0	-1	-1	0	0	9	-1	0	-1	0	9	0	0	-1	0	-1	0	-1	18	46	-1	0
c13598	-1	0	0	0	-1	36	0	2	25	0	0	9	-1	-1	0	0	0	0	9	37	0	0	47	-1	14	6	41	-1	-1	0
c13602	28	0	0	9	-1	28	-1	9	0	43	31	-1	0	9	0	0	31	20	0	0	-1	0	-1	-1	0	-1	3	0	-1	15
c13608	-1	0	22	19	-1	-1	50	-1	10	0	0	46	-1	9	0	0	47	0	9	0	0	-1	0	-1	0	-1	0	0	31	0
c13621	-1	0	0	-1	-1	28	0	0	0	43	0	-1	0	9	-1	0	0	-1	0	0	0	0	0	-1	0	0	-1	9	47	-1
c13631	28	0	0	6	-1	0	0	0	0	0	0	-1	0	9	-1	0	-1	0	9	0	0	0	47	-1	14	6	0	16	-1	0
c13636	9	-1	22	0	-1	47	-1	8	0	0	0	0	-1	9	-1	37	16	-1	-1	0	0	-1	-1	-1	8	6	0	0	0	-1
c13653	-1	9	0	9	-1	28	-1	0	0	43	-1	-1	-1	9	19	0	0	0	0	0	-1	0	0	-1	0	0	16	-1	0	0
c13657	0	26	-1	42	-1	28	0	-1	0	36	0	-1	-1	9	0	0	9	-1	0	0	0	0	38	-1	0	0	0	0	0	15
c13658	-1	0	22	0	-1	-1	0	8	0	0	0	0	9	9	5	0	-1	-1	9	-1	0	0	48	-1	8	6	0	0	-1	0
c13659	-1	0	22	0	-1	0	0	-1	0	0	0	0	9	9	5	0	43	-1	9	0	0	0	48	-1	8	6	0	0	0	-1
c13664	41	32	0	0	-1	-1	0	0	0	0	17	-1	9	9	-1	48	-1	0	9	0	41	23	25	-1	14	6	0	0	0	-1
