	0	1	2	3	4	5	6	7	8	9	10	11	12	13	14	15	16	17	18	19	20	21	22	23	24	25	26	27	28	29
c1245	0	14	0	0	32	0	2	9	45	0	18	0	-1	6	0	0	14	0	0	39	0	-1	-1	-1	10	-1	0	6	0	41
c1476	37	-1	0	0	32	0	2	0	50	-1	18	0	-1	-1	0	-1	0	0	0	23	-1	0	40	-1	-1	34	0	50	0	41
c2452	37	34	0	0	32	0	2	-1	0	0	-1	-1	47	-1	-1	0	0	11	0	32	-1	0	-1	0	0	34	0	0	0	41
c2598	11	0	40	0	32	-1	-1	0	0	-1	0	-1	34	6	0	0	18	18	0	-1	0	23	40	9	-1	-1	0	-1	0	41
c2619	-1	0	-1	-1	-1	-1	2	-1	39	0	0	0	-1	6	-1	34	0	0	45	0	2	18	40	29	0	34	0	-1	-1	-1
c2640	37	0	0	0	32	0	2	0	0	0	0	0	47	6	5	0	0	-1	0	32	-1	22	40	0	45	34	45	0	0	41
c2667	37	0	-1	0	32	0	2	15	-1	18	0	32	47	6	0	10	-1	0	31	0	0	0	-1	0	7	34	-1	0	-1	41
c2670	0	0	-1	18	32	0	2	31	0	6	0	-1	31	-1	42	8	-1	0	0	-1	18	-1	40	0	-1	34	23	0	50	41
c2795	37	0	0	0	-1	0	2	41	0	0	0	0	47	6	50	0	0	0	0	-1	-1	-1	40	5	-1	34	0	18	0	41
c2814	29	0	41	0	-1	0	-1	0	0	0	39	-1	34	-1	0	0	18	-1	0	-1	0	-1	40	9	0	-1	0	-1	45	41
c2817	37	0	-1	9	32	0	2	0	6	14	0	9	47	6	0	-1	0	0	0	-1	-1	0	-1	0	-1	34	-1	-1	-1	41
c2942	-1	0	-1	18	32	0	2	-1	12	0	-1	0	-1	6	0	0	4	0	0	41	7	29	40	-1	0	34	0	0	0	41
c2943	-1	0	0	18	32	0	2	0	12	0	0	0	-1	6	0	0	4	0	26	41	0	29	40	-1	0	34	-1	0	-1	-1
c2977	-1	-1	6	18	32	-1	2	-1	0	0	0	0	31	6	0	-1	18	0	0	-1	0	0	40	-1	-1	34	0	0	-1	41
c3054	18	40	-1	18	32	0	2	0	0	0	0	-1	0	6	0	0	43	0	0	-1	0	6	-1	0	0	34	0	0	0	-1
c3098	-1	0	0	0	32	0	2	8	0	-1	0	0	47	6	50	-1	0	0	-1	-1	-1	6	40	0	0	34	0	0	9	41
c3110	37	0	0	10	32	0	2	40	0	0	0	-1	-1	-1	-1	0	0	0	0	32	-1	0	40	-1	30	34	-1	7	0	41
c3128	0	0	6	18	32	31	2	31	0	0	41	0	31	6	0	0	18	0	0	-1	18	-1	40	0	0	34	0	0	0	41
c3129	0	0	-1	18	32	-1	2	31	0	0	41	0	31	6	0	-1	18	-1	0	18	18	0	-1	24	0	34	-1	0	0	41
c3244	-1	-1	6	18	32	0	2	31	0	7	0	0	31	-1	0	0	18	0	-1	0	-1	0	40	-1	0	34	0	-1	-1	41
c3276	-1	0	6	18	32	31	-1	31	0	0	-1	0	-1	6	0	34	-1	0	0	0	18	0	40	0	0	34	0	-1	0	41
c3432	0	0	6	18	32	0	2	31	50	0	0	0	31	6	0	8	18	0	-1	0	18	6	40	0	-1	34	0	0	0	-1
c3441	0	0	0	18	32	0	2	0	0	0	0	40	0	6	0	0	18	-1	-1	-1	0	0	40	0	0	34	14	0	0	-1
c3514	0	0	9	0	32	48	2	0	0	31	0	31	-1	6	0	45	26	-1	-1	0	0	0	-1	-1	10	34	41	0	0	41
c3555	35	0	-1	-1	-1	0	-1	0	12	0	0	0	0	6	0	0	-1	0	-1	41	0	0	40	-1	-1	34	0	0	0	41
c3581	37	0	0	0	32	-1	-1	-1	0	18	0	0	47	-1	0	0	45	0	31	0	0	0	40	0	3	34	-1	11	0	41
c3692	0	-1	6	18	32	20	2	0	0	0	6	29	0	-1	-1	0	18	0	-1	31	25	-1	40	-1	0	34	0	0	-1	41
c3734	37	0	0	-1	32	0	2	15	0	18	0	0	47	6	18	0	0	0	31	0	0	-1	40	-1	-1	34	0	0	-1	41
c3741	37	-1	2	14	32	18	2	0	-1	0	0	0	47	-1	6	27	34	-1	22	3	-1	22	40	34	0	34	0	-1	11	41
c3842	37	0	45	-1	32	-1	2	10	0	0	0	-1	47	6	23	0	0	0	-1	0	6	-1	40	6	-1	-1	0	0	10	41
c3878	40	0	6	18	32	0	-1	31	0	-1	0	41	31	6	0	0	18	0	-1	0	18	-1	40	9	42	34	0	0	0	41
c3897	37	19	0	0	32	0	2	0	-1	-1	0	9	47	-1	50	0	0	-1	-1	32	-1	0	40	42	0	34	-1	0	0	41
c3963	37	-1	0	0	-1	0	2	-1	6	-1	0	-1	47	-1	50	0	17	10	5	32	-1	0	40	9	0	-1	0	14	0	41
c4005	29	18	-1	6	32	41	2	-1	0	0	0	0	-1	-1	0	0	-1	0	0	41	14	0	40	9	0	34	0	0	-1	41
c4080	0	-1	0	18	-1	6	2	0	-1	0	0	0	12	-1	0	18	0	-1	6	41	10	43	40	0	0	-1	-1	0	0	41
c4235	0	0	0	18	32	0	2	18	12	0	0	0	0	6	-1	0	0	-1	-1	41	50	0	40	-1	10	34	0	0	0	41
c4263	0	0	12	0	-1	0	2	0	18	18	14	0	34	-1	40	-1	18	0	0	-1	0	-1	40	9	6	-1	0	0	0	41
c4382	18	6	6	18	32	0	2	5	0	0	0	-1	-1	6	0	-1	18	0	6	0	0	-1	40	11	-1	34	-1	10	18	41
c4436	37	0	9	0	-1	0	2	30	0	32	0	0	47	6	23	8	0	-1	31	-1	-1	-1	40	0	0	-1	-1	0	10	-1
c4447	0	2	6	-1	32	44	2	31	0	-1	18	0	31	6	0	0	18	0	0	0	0	11	40	-1	0	34	0	0	45	41
c4455	37	0	11	-1	32	0	-1	0	0	0	-1	0	-1	6	50	0	0	10	0	32	-1	0	40	-1	-1	34	-1	30	0	41
c4489	-1	-1	0	18	32	0	-1	18	0	-1	0	-1	34	-1	0	0	18	-1	-1	-1	0	-1	40	9	40	34	0	0	0	41
c4599	0	0	6	18	32	31	-1	31	0	0	41	0	31	6	45	0	-1	0	0	0	18	0	40	0	0	-1	0	0	0	41
c4632	0	14	50	18	32	0	-1	9	45	45	-1	0	0	6	50	0	18	0	0	39	0	0	-1	0	0	-1	35	0	0	41
c4709	0	-1	-1	0	32	0	2	-1	-1	0	-1	0	-1	6	0	-1	18	0	0	41	18	0	-1	9	6	-1	0	0	0	41
c4718	37	0	-1	-1	32	0	2	0	0	-1	0	0	47	6	23	-1	10	47	31	0	0	0	40	0	0	-1	16	0	10	41
c4736	0	0	6	18	-1	0	2	-1	11	0	-1	0	31	6	0	-1	-1	0	0	0	-1	-1	-1	-1	0	34	0	0	0	41
c4750	29	6	-1	0	32	0	-1	0	-1	-1	0	0	34	-1	0	-1	18	-1	0	41	18	0	40	9	0	34	0	-1	8	41
c4786	0	18	9	0	32	-1	2	10	0	31	0	-1	0	6	-1	45	26	0	0	0	0	0	-1	0	10	34	41	0	-1	-1
c4791	-1	0	-1	18	32	-1	2	0	0	-1	0	50	0	6	0	0	43	-1	0	41	0	0	40	0	0	34	-1	6	0	41
c4801	-1	14	0	10	32	-1	2	9	0	-1	18	0	0	6	0	0	0	12	0	-1	6	-1	40	-1	0	-1	0	0	0	41
c4927	0	10	6	18	32	0	2	31	0	0	-1	0	31	6	0	0	18	0	-1	0	18	0	40	-1	0	34	0	0	0	41
c4945	32	14	6	0	32	0	2	9	0	7	18	0	0	6	0	-1	0	-1	-1	39	0	-1	40	0	0	34	0	0	0	41
c4949	-1	0	0	-1	32	-1	-1	0	0	0	-1	0	47	-1	0	0	0	0	45	0	2	6	40	0	0	34	0	-1	0	41
c4991	0	0	6	18	32	0	2	31	0	0	0	0	-1	6	0	0	18	9	29	0	-1	-1	40	0	0	34	-1	-1	0	41
c5008	37	19	-1	-1	32	-1	2	0	0	0	0	0	47	6	50	9	0	-1	0	-1	-1	0	40	0	0	-1	0	0	-1	41
c5041	-1	0	-1	-1	32	0	2	-1	0	18	0	-1	-1	6	6	0	0	-1	31	0	-1	0	-1	-1	0	34	-1	0	6	41
c5059	0	0	0	0	32	18	2	-1	0	-1	0	0	34	6	0	0	-1	18	0	41	0	0	40	9	0	34	6	0	6	41
c5094	0	-1	0	40	-1	0	2	0	0	-1	0	0	34	6	0	-1	18	-1	6	41	0	6	40	9	0	34	-1	31	12	41
c5116	-1	19	-1	0	32	7	2	0	0	0	0	0	47	6	50	0	10	-1	-1	32	-1	-1	40	-1	-1	34	-1	-1	0	-1
c5243	37	-1	0	-1	-1	-1	2	-1	0	18	0	-1	47	6	0	0	-1	0	31	-1	0	0	40	-1	10	34	41	0	0	41
c5262	-1	0	0	45	32	18	-1	0	0	0	0	0	-1	6	5	0	10	0	0	32	-1	0	40	0	0	34	0	18	0	-1
c5280	-1	0	-1	-1	32	20	2	45	12	0	10	-1	12	6	0	6	-1	0	0	41	0	-1	40	0	45	34	0	0	0	-1
c5373	0	34	-1	-1	32	-1	2	0	0	0	-1	29	0	6	0	0	-1	0	18	31	0	34	40	-1	-1	34	0	8	0	41
c5393	0	0	6	-1	32	0	2	5	-1	0	0	0	0	6	0	-1	18	0	6	-1	43	0	40	11	0	34	0	10	50	-1
c5406	0	0	6	18	-1	0	2	5	0	0	0	0	18	6	-1	6	18	0	-1	0	-1	0	40	11	0	34	0	-1	0	41
c5459	10	14	0	0	32	-1	2	9	45	0	18	0	0	6	0	-1	14	0	0	-1	0	0	40	0	0	34	-1	0	0	-1
c5499	37	0	-1	-1	32	0	2	41	0	0	0	0	47	6	-1	-1	0	0	-1	-1	-1	0	40	47	-1	34	18	0	0	41
c5560	37	0	0	-1	32	46	2	-1	-1	30	0	0	-1	6	23	0	0	9	31	0	6	0	40	0	0	34	0	0	-1	41
c5566	0	0	0	-1	32	20	2	-1	12	0	-1	0	0	6	0	0	0	0	0	41	0	-1	40	0	-1	34	0	0	30	41
c5575	-1	10	6	18	32	0	2	31	0	0	0	0	31	6	-1	0	-1	0	0	-1	0	0	40	-1	-1	34	0	0	0	41
c5582	-1	0	9	0	32	48	2	0	-1	0	0	31	-1	6	-1	45	26	9	18	50	0	0	-1	-1	18	34	41	0	-1	41
c5614	37	0	0	3	32	7	2	0	0	0	0	0	47	6	50	-1	0	0	-1	32	-1	0	-1	0	0	34	0	0	0	41
c5627	0	6	-1	-1	32	-1	2	0	0	0	0	31	0	6	-1	45	-1	0	0	0	0	0	-1	0	-1	-1	41	6	0	41
c5653	-1	-1	6	18	32	0	2	31	0	7	-1	0	31	6	18	0	18	0	29	0	18	0	40	12	0	34	0	0	-1	41
c5681	37	-1	-1	18	-1	-1	2	10	0	0	0	0	-1	6	23	0	5	0	31	0	0	-1	40	0	0	34	-1	0	10	41
c5696	0	10	-1	0	32	0	2	0	0	0	-1	0	34	6	0	0	18	0	0	-1	18	0	40	-1	6	34	0	0	45	-1
c5711	-1	0	0	-1	-1	-1	2	0	0	-1	0	0	-1	6	31	9	0	-1	-1	32	-1	0	40	0	0	-1	0	7	6	-1
c5728	-1	-1	-1	18	32	-1	2	31	0	0	0	0	-1	6	16	-1	-1	0	-1	6	-1	6	40	-1	-1	34	-1	0	0	41
c5740	0	35	0	18	-1	20	2	45	12	0	10	-1	-1	6	-1	0	0	-1	0	41	0	-1	40	0	10	34	0	-1	0	41
c5750	37	-1	7	0	32	0	-1	0	0	0	0	4	47	6	50	0	0	0	0	-1	-1	-1	40	50	18	34	6	-1	0	-1
c5777	0	41	0	0	-1	0	2	10	18	0	-1	6	34	-1	-1	0	18	0	50	41	0	43	-1	9	-1	34	0	45	0	41
c5891	0	19	-1	-1	32	0	2	31	0	0	13	0	31	6	0	0	-1	0	-1	0	0	-1	-1	0	-1	34	0	-1	0	41
c5909	32	19	-1	18	32	0	2	31	-1	0	0	0	31	6	0	41	18	-1	-1	14	0	0	-1	-1	0	34	10	0	0	41
c5947	37	0	0	0	-1	0	-1	0	0	18	0	-1	47	6	0	0	0	28	31	-1	0	-1	40	9	-1	34	-1	-1	-1	41
c5950	-1	-1	0	0	-1	47	2	-1	0	-1	12	-1	47	-1	50	0	0	-1	0	32	-1	0	-1	0	0	34	0	0	0	41
c5995	0	0	6	18	32	0	2	10	0	0	-1	-1	-1	-1	0	0	-1	18	-1	0	0	42	40	0	39	34	31	0	0	-1
c6015	0	0	0	32	32	18	2	-1	0	-1	-1	42	34	-1	0	0	-1	18	0	-1	0	0	40	9	-1	-1	11	0	0	-1
c6040	0	47	0	-1	-1	-1	2	0	50	41	0	8	34	6	0	0	18	0	40	41	0	0	40	9	9	-1	0	0	0	41
c6069	37	0	0	-1	32	0	2	41	0	0	8	0	47	6	50	-1	0	0	0	32	-1	0	-1	-1	-1	34	0	0	29	41
c6119	0	-1	0	0	32	0	2	9	45	0	18	-1	-1	6	0	0	14	0	0	39	-1	-1	40	0	0	34	0	42	-1	41
c6122	37	0	0	45	32	0	2	0	0	0	0	0	-1	-1	0	0	18	0	-1	32	-1	0	40	-1	-1	34	0	0	-1	41
c6123	37	-1	50	45	32	-1	2	0	-1	0	0	0	47	6	0	-1	18	-1	0	32	-1	6	-1	-1	-1	-1	-1	45	0	41
c6142	0	0	6	18	32	-1	2	31	-1	0	41	-1	31	-1	0	-1	18	0	0	0	-1	0	40	0	0	34	0	-1	0	-1
c6160	0	0	6	18	32	-1	2	5	-1	0	-1	18	0	6	-1	-1	-1	-1	0	0	0	0	40	11	35	34	-1	10	45	41
c6211	23	31	9	18	-1	48	2	11	0	-1	0	-1	0	6	-1	45	-1	-1	0	-1	0	0	-1	0	10	34	41	0	0	-1
c6217	-1	14	-1	-1	32	-1	2	9	0	7	18	-1	7	6	-1	47	-1	0	0	39	0	0	40	0	0	34	34	-1	0	41
c6265	0	-1	6	-1	32	0	2	31	0	-1	0	0	-1	-1	16	0	18	-1	0	6	0	0	40	-1	0	34	0	0	0	41
c6347	0	14	6	0	-1	0	2	9	0	7	18	0	0	6	0	0	0	0	18	-1	0	0	40	0	0	34	34	6	-1	-1
c6350	0	-1	6	-1	32	0	2	31	0	-1	0	0	31	6	-1	0	18	0	-1	0	32	0	40	-1	-1	34	0	0	0	41
c6386	0	0	0	18	-1	0	2	-1	12	0	0	0	0	-1	-1	0	0	0	0	41	0	0	40	-1	-1	34	0	18	0	41
c6395	0	0	0	8	-1	18	-1	0	0	-1	0	-1	-1	6	-1	0	18	-1	45	41	0	0	40	9	0	34	-1	0	0	-1
c6419	0	0	-1	18	32	20	-1	45	12	0	10	0	0	-1	0	0	0	10	0	41	0	-1	40	0	0	34	-1	9	0	41
c6426	0	0	6	18	32	0	2	0	0	0	50	0	31	6	0	0	18	0	-1	45	0	42	-1	0	-1	34	-1	0	-1	-1
c6439	0	0	-1	18	32	-1	2	-1	47	0	12	45	-1	6	0	10	18	-1	0	0	18	18	40	0	0	34	41	0	0	41
c6512	18	-1	6	18	-1	2	2	0	0	0	0	0	0	6	-1	0	18	-1	6	-1	0	0	40	50	0	34	-1	0	0	41
c6564	37	0	14	-1	-1	0	2	41	0	0	6	-1	-1	-1	50	0	0	6	-1	-1	-1	0	40	0	0	34	-1	-1	-1	41
c6618	37	-1	0	0	32	0	-1	-1	0	0	0	0	47	-1	0	46	0	0	-1	-1	2	-1	40	0	-1	34	0	0	0	41
c6627	0	0	0	-1	32	18	-1	0	0	6	0	-1	34	6	10	0	18	0	-1	41	0	-1	40	9	0	-1	-1	0	0	41
c6685	32	14	6	0	32	0	2	9	0	7	18	46	0	6	0	0	0	0	0	39	0	23	40	0	0	34	0	0	0	41
c6703	-1	0	9	0	32	48	2	14	-1	40	0	31	-1	6	11	-1	26	0	0	0	11	0	-1	0	-1	-1	41	-1	26	41
c6712	29	0	0	-1	-1	0	2	0	18	0	0	0	34	-1	0	0	-1	-1	0	41	-1	9	40	9	0	-1	0	0	0	41
c6717	35	10	0	0	32	0	2	-1	0	0	41	-1	34	6	42	0	18	18	0	-1	-1	0	40	9	6	34	0	0	-1	41
c6757	0	-1	-1	18	32	0	2	0	0	0	42	0	0	6	0	0	43	-1	0	-1	-1	0	-1	0	-1	34	41	0	0	41
c6773	0	-1	9	-1	32	48	-1	-1	0	0	-1	-1	0	6	11	-1	26	0	0	0	0	6	-1	0	40	34	41	0	-1	41
c6799	32	-1	0	-1	-1	0	2	0	12	-1	-1	32	0	6	0	-1	0	0	0	41	0	-1	40	-1	0	34	0	0	7	-1
c6815	-1	0	27	18	32	0	2	47	0	0	0	0	34	6	40	-1	-1	0	0	41	0	0	40	9	0	34	0	0	0	41
c6899	0	11	0	0	32	0	2	0	0	-1	6	0	-1	6	0	0	18	0	0	41	0	0	40	9	0	-1	0	31	45	41
c6920	0	0	9	18	32	48	2	0	0	34	0	31	0	6	0	-1	26	0	0	-1	0	0	-1	0	0	34	41	0	0	-1
c6925	0	0	0	0	32	-1	-1	14	-1	6	0	6	34	6	0	0	18	-1	18	-1	0	-1	40	-1	34	34	-1	0	-1	41
c6927	37	0	0	0	32	0	-1	0	0	0	0	31	47	6	-1	-1	-1	0	-1	-1	-1	30	40	-1	0	34	0	10	0	41
c6956	37	0	0	0	-1	0	2	0	0	0	0	0	47	6	50	10	0	0	50	32	-1	0	40	18	-1	34	0	0	-1	41
c6994	0	0	6	-1	-1	0	2	5	-1	0	0	0	0	6	0	6	18	0	0	0	0	-1	40	11	0	34	0	-1	45	41
c6996	32	-1	6	0	32	0	2	9	0	-1	18	0	0	6	0	0	-1	6	0	-1	0	0	40	0	0	34	-1	0	0	41
c6999	37	19	-1	18	32	0	2	0	0	0	-1	-1	-1	6	50	0	0	-1	0	32	-1	0	40	0	0	34	0	0	34	41
c7031	37	0	0	0	-1	-1	2	-1	-1	-1	0	-1	47	-1	41	18	0	18	31	-1	-1	0	40	6	-1	34	0	0	0	41
c7036	37	19	-1	0	32	0	2	0	0	26	0	0	-1	6	50	0	0	-1	0	32	-1	0	40	0	-1	34	0	-1	0	41
c7058	-1	0	6	18	32	0	2	31	0	0	0	0	31	6	0	0	18	-1	0	0	0	0	-1	-1	0	-1	0	0	0	41
c7104	0	34	6	18	-1	0	2	0	0	0	0	-1	-1	6	18	-1	18	10	18	31	-1	34	40	45	0	34	0	23	0	41
c7108	0	19	-1	-1	32	0	-1	31	0	0	0	0	31	6	0	0	18	0	0	14	-1	0	40	0	0	34	-1	0	0	41
c7129	37	29	0	-1	32	-1	2	0	-1	11	0	0	47	-1	50	0	-1	0	0	32	-1	0	40	0	0	34	0	0	0	41
c7157	37	0	-1	-1	32	40	2	0	-1	-1	0	0	47	6	0	0	0	0	-1	32	-1	6	40	41	-1	-1	-1	7	0	41
c7159	-1	0	0	3	-1	7	2	0	0	0	-1	0	-1	6	50	0	0	0	44	32	-1	0	-1	0	50	-1	0	0	-1	-1
c7163	0	0	40	18	32	45	-1	10	-1	0	0	18	-1	6	42	-1	34	0	0	41	42	8	40	-1	0	34	-1	7	0	-1
c7189	0	0	0	-1	32	20	2	45	12	0	10	0	-1	6	0	0	0	-1	0	41	0	-1	40	0	-1	34	-1	0	6	41
c7214	29	0	-1	6	32	0	2	0	-1	0	-1	0	34	-1	40	0	18	0	34	-1	0	7	-1	9	6	-1	0	0	0	41
c7257	0	-1	6	-1	32	0	2	31	0	7	-1	0	31	6	0	0	18	0	29	0	18	0	40	-1	0	34	0	11	0	41
c7271	-1	34	0	0	32	18	2	41	0	0	-1	-1	47	-1	50	-1	0	11	-1	32	-1	0	-1	-1	0	-1	-1	-1	0	41
c7301	-1	-1	0	0	32	0	2	-1	0	0	0	0	47	6	5	0	0	0	0	32	-1	34	40	0	32	34	0	0	-1	41
c7333	37	-1	0	-1	32	0	2	0	0	0	-1	10	47	6	50	0	0	0	-1	32	-1	0	40	0	18	34	-1	0	0	41
c7364	0	0	10	8	32	18	2	40	0	6	0	0	34	6	-1	0	18	-1	45	41	0	0	-1	9	0	34	-1	0	-1	41
c7411	37	0	0	0	32	34	-1	0	0	0	0	0	47	6	50	10	-1	0	-1	32	-1	0	40	18	0	34	0	0	21	41
c7465	-1	0	2	0	-1	0	2	-1	0	18	18	39	47	6	0	0	-1	0	31	0	0	0	40	0	10	34	0	0	-1	41
c7471	50	-1	0	0	32	0	-1	-1	45	11	18	-1	-1	6	0	0	-1	0	-1	39	23	0	40	0	0	34	0	0	-1	-1
c7592	9	0	-1	0	32	0	2	0	18	-1	-1	0	-1	6	0	0	18	0	0	41	0	-1	40	9	6	-1	14	0	0	-1
c7593	9	0	0	0	32	0	2	0	-1	40	0	0	34	6	0	0	18	0	0	41	0	0	40	9	-1	-1	14	0	-1	41
c7634	0	14	0	0	32	29	2	9	41	7	18	18	0	6	-1	0	0	0	-1	39	0	0	40	-1	0	34	0	0	0	-1
c7648	14	-1	0	-1	32	0	2	-1	0	-1	0	6	34	6	0	0	18	0	50	41	0	-1	-1	-1	23	34	0	45	0	41
c7649	-1	0	0	0	32	0	2	0	0	0	0	6	34	6	0	0	18	-1	50	41	0	43	-1	9	-1	34	0	-1	0	41
c7707	-1	19	6	18	32	0	2	31	-1	-1	0	0	31	6	0	-1	18	0	0	14	7	0	-1	-1	0	34	10	0	0	-1
c7712	0	0	-1	-1	32	0	2	0	0	0	0	-1	34	6	0	-1	18	-1	10	41	0	0	40	9	8	34	0	-1	0	41
c7715	0	-1	0	0	32	-1	-1	0	0	-1	6	0	34	6	0	0	18	0	18	41	0	-1	40	9	0	-1	0	31	0	41
c7719	-1	-1	-1	10	32	31	2	-1	0	0	-1	-1	47	6	23	0	31	0	-1	0	-1	0	40	-1	0	-1	0	0	10	41
c7749	-1	0	40	18	32	45	-1	-1	-1	0	0	0	-1	6	-1	-1	-1	37	0	-1	10	12	40	0	-1	34	0	41	0	-1
c7792	-1	0	6	18	32	-1	-1	31	0	0	41	35	31	6	18	0	18	0	11	18	-1	0	40	18	0	34	0	9	0	41
c7812	-1	0	0	-1	-1	-1	2	0	-1	0	-1	-1	47	6	0	0	18	0	-1	32	-1	0	40	-1	0	34	0	0	0	41
c7829	-1	0	0	0	32	0	2	0	0	0	29	-1	47	6	0	-1	10	0	0	-1	-1	0	40	-1	-1	34	-1	7	0	41
c7830	0	14	0	0	-1	-1	2	9	26	0	18	41	-1	6	-1	0	-1	-1	0	-1	-1	0	40	0	-1	34	7	0	0	41
c7848	-1	0	9	-1	32	48	-1	0	0	31	0	31	0	6	0	45	26	0	0	0	-1	0	-1	0	10	34	41	-1	0	41
c7861	0	14	0	-1	32	45	2	9	-1	7	18	18	0	6	0	0	-1	0	0	39	0	0	-1	-1	0	-1	34	0	0	41
c7867	37	0	0	0	32	-1	2	0	-1	14	0	-1	47	6	50	0	0	0	0	32	-1	18	40	0	0	-1	-1	0	0	41
c7882	0	-1	6	18	32	0	2	5	-1	45	-1	-1	0	6	0	19	-1	0	-1	0	0	-1	40	11	0	34	0	10	45	41
c7886	0	34	6	18	-1	0	2	0	0	0	0	29	-1	-1	0	0	18	0	18	31	-1	34	40	45	0	34	0	-1	-1	41
c7891	37	0	0	-1	32	0	2	0	0	0	5	0	-1	6	0	0	0	-1	10	32	-1	0	40	-1	0	34	0	0	-1	41
c7900	37	-1	0	0	32	-1	2	0	0	0	0	-1	47	6	14	0	0	-1	0	32	-1	0	40	0	0	34	0	7	2	41
c7914	0	19	6	18	32	0	2	31	-1	0	0	0	-1	6	0	0	18	0	-1	0	0	0	40	42	0	-1	0	-1	-1	41
c7919	0	0	-1	18	32	-1	2	0	0	0	-1	0	0	6	0	-1	0	0	6	41	0	50	40	-1	6	-1	14	0	0	41
c7944	32	14	6	-1	-1	0	2	9	-1	7	18	0	0	6	0	0	50	0	0	39	0	0	-1	0	0	-1	0	0	-1	41
c7968	37	0	-1	-1	32	40	-1	0	0	0	0	0	47	6	0	-1	0	0	0	32	-1	0	40	41	-1	34	-1	7	0	41
c7973	37	0	0	3	-1	7	2	0	0	0	0	0	47	6	50	0	0	18	44	32	-1	0	40	0	50	-1	0	0	0	41
c7978	-1	0	0	0	32	0	2	0	0	42	6	0	34	6	10	0	18	0	0	41	0	-1	40	-1	-1	34	0	-1	-1	41
c8020	0	0	9	-1	-1	48	-1	0	0	0	45	31	-1	6	11	45	26	0	-1	0	0	0	-1	-1	40	34	41	0	0	-1
c8040	0	0	0	-1	32	0	2	0	18	0	-1	0	34	6	-1	0	18	10	0	41	18	0	40	9	6	-1	0	-1	-1	41
c8059	0	0	14	0	32	-1	2	0	-1	0	0	0	34	-1	0	-1	18	0	-1	41	18	7	40	9	6	-1	0	0	-1	41
c8065	0	0	6	-1	32	0	2	31	0	0	0	0	31	6	-1	7	18	42	-1	0	-1	2	40	0	0	34	0	-1	0	41
c8066	37	0	0	-1	32	-1	-1	-1	-1	0	0	0	47	6	50	0	-1	0	0	32	-1	0	40	0	0	34	0	18	-1	-1
c8079	-1	-1	0	0	32	-1	-1	10	18	0	0	0	47	6	23	0	0	0	31	-1	6	0	40	-1	0	34	-1	46	10	41
c8091	0	19	6	18	-1	0	2	31	0	0	0	0	31	-1	11	-1	18	-1	0	0	0	0	40	-1	-1	34	0	-1	0	-1
c8118	0	-1	6	18	32	0	2	31	0	0	0	0	31	6	0	0	18	-1	0	18	0	-1	40	-1	-1	34	0	0	0	41
c8119	0	-1	-1	18	32	0	-1	31	0	0	0	0	31	6	0	0	18	0	0	-1	0	-1	40	-1	0	34	0	0	0	41
c8129	0	7	6	18	-1	-1	-1	0	-1	0	50	0	-1	6	0	45	18	0	-1	0	0	-1	40	0	0	34	-1	-1	0	-1
c8143	0	0	6	18	32	0	2	31	47	0	18	-1	31	6	0	-1	18	0	-1	0	18	-1	40	0	0	34	0	0	0	41
c8159	-1	0	-1	0	32	6	2	0	-1	18	0	-1	34	6	0	0	18	45	-1	-1	0	43	-1	9	0	34	-1	6	-1	-1
c8168	0	0	-1	-1	32	0	2	0	0	-1	-1	0	-1	6	0	0	18	0	0	-1	30	0	40	-1	0	34	-1	31	8	41
c8192	0	0	6	18	32	12	-1	-1	-1	0	-1	0	0	-1	0	0	18	0	-1	0	0	42	-1	0	0	34	0	0	0	-1
c8238	-1	-1	10	0	32	-1	-1	0	-1	0	0	0	47	6	50	-1	10	32	11	32	-1	0	40	0	0	34	0	18	0	41
c8251	37	30	0	18	-1	14	2	10	0	0	0	-1	-1	6	23	-1	0	0	31	0	-1	0	40	0	0	34	0	-1	-1	41
c8256	10	14	-1	0	-1	0	-1	9	25	-1	18	0	50	6	-1	0	0	30	0	39	-1	0	40	-1	0	34	-1	10	-1	41
c8266	0	0	6	-1	32	-1	2	0	0	-1	50	0	31	6	0	0	18	0	-1	0	11	42	40	0	0	34	0	0	0	-1
c8288	0	-1	-1	-1	32	6	2	0	0	-1	18	0	-1	6	0	-1	43	18	-1	41	0	-1	-1	0	0	34	0	0	40	41
c8316	0	-1	-1	18	32	0	2	-1	0	31	0	0	31	6	0	0	18	0	0	0	0	0	40	-1	0	-1	0	0	-1	41
c8332	37	44	0	-1	32	0	2	0	0	0	0	0	47	6	-1	0	0	0	0	32	-1	0	40	0	0	34	0	0	-1	41
c8333	37	44	0	-1	32	0	2	-1	0	0	0	0	47	6	5	0	0	0	39	32	-1	0	40	0	0	34	0	0	-1	41
c8335	37	0	11	0	32	0	2	0	0	0	9	0	-1	6	50	-1	0	0	0	-1	-1	0	40	0	0	34	-1	-1	0	41
c8395	0	0	9	0	-1	-1	2	-1	10	0	0	31	0	-1	11	-1	26	0	0	0	0	0	-1	-1	40	34	41	0	0	41
c8404	37	-1	9	-1	32	-1	2	15	9	18	-1	-1	47	6	0	0	0	0	-1	9	0	0	40	0	0	34	0	-1	0	41
c8412	37	0	0	-1	32	0	2	0	0	0	22	0	47	6	6	0	0	0	47	-1	0	32	40	10	0	34	0	0	0	41
c8427	0	0	6	18	-1	0	2	5	0	50	42	0	-1	6	0	0	18	0	0	35	0	0	40	11	-1	34	0	-1	0	-1
c8433	0	0	40	-1	32	-1	2	0	-1	0	0	50	0	6	0	0	0	0	-1	41	0	0	40	0	0	-1	30	-1	35	41
c8439	0	11	-1	0	32	0	2	0	0	-1	6	0	-1	6	0	0	18	-1	-1	41	10	0	40	9	-1	34	0	31	-1	41
c8447	37	-1	0	0	32	-1	2	-1	-1	-1	0	-1	47	6	0	0	0	0	31	9	0	45	40	0	0	34	0	0	0	41
c8476	0	0	0	0	32	18	-1	0	22	6	-1	0	34	6	18	-1	18	-1	0	41	20	40	40	9	10	34	-1	-1	0	41
c8504	0	0	-1	18	32	6	2	6	0	-1	18	-1	0	6	0	0	43	18	0	41	0	0	40	0	0	34	0	-1	0	41
c8507	-1	-1	0	-1	-1	-1	2	-1	12	0	-1	32	0	6	-1	-1	-1	0	0	41	0	-1	40	-1	-1	34	0	0	7	41
c8540	0	-1	6	18	32	0	2	-1	-1	0	0	0	31	6	-1	-1	18	0	0	0	0	0	40	-1	0	34	-1	18	0	-1
c8545	37	8	0	0	32	0	2	-1	8	18	0	-1	47	-1	18	0	-1	0	31	9	0	-1	40	0	-1	34	7	0	0	41
c8560	-1	-1	0	0	32	50	2	0	50	6	18	0	34	-1	0	0	18	0	50	-1	0	43	-1	9	23	-1	0	-1	0	41
c8565	0	-1	2	6	32	18	-1	9	0	0	18	0	-1	6	47	0	0	0	2	39	-1	-1	40	0	-1	34	0	-1	32	41
c8590	0	0	40	18	32	6	2	0	-1	0	0	40	0	6	0	0	-1	0	0	41	0	0	40	0	0	34	-1	-1	0	41
c8608	0	14	0	0	-1	0	-1	-1	45	0	-1	0	0	6	0	0	14	0	0	39	-1	0	40	0	0	34	0	0	18	-1
c8625	12	0	-1	18	32	6	2	-1	0	0	18	-1	0	-1	0	0	43	18	0	41	0	0	40	18	0	34	0	0	0	41
c8644	-1	0	6	18	32	18	-1	-1	10	-1	-1	0	0	6	-1	-1	18	0	0	0	0	7	40	0	0	34	0	0	0	41
c8663	32	14	-1	0	32	0	2	9	0	7	18	0	0	6	0	0	0	6	0	39	0	0	40	0	0	34	0	-1	0	41
c8709	0	0	0	0	32	18	-1	0	0	-1	-1	-1	34	6	0	0	-1	18	0	41	0	9	40	9	-1	34	0	0	0	41
c8717	-1	10	6	18	32	0	2	31	-1	0	0	18	31	6	-1	0	18	-1	0	0	-1	-1	40	-1	0	34	9	8	-1	41
c8850	37	0	-1	-1	32	0	2	-1	0	0	0	11	47	6	0	28	36	0	0	0	2	-1	40	-1	-1	-1	0	0	0	-1
c8852	37	-1	-1	-1	32	0	2	30	0	32	0	0	-1	6	23	-1	0	0	31	-1	6	-1	40	0	-1	34	0	-1	10	-1
c8871	0	0	0	0	32	0	2	6	0	0	0	0	34	6	9	-1	18	0	10	-1	0	0	40	9	45	34	0	-1	11	41
c8883	37	0	-1	0	32	-1	2	30	-1	-1	0	0	47	6	23	8	0	31	31	0	-1	10	40	0	0	34	-1	0	10	41
c8885	-1	-1	0	-1	32	0	2	0	0	0	0	0	47	6	50	-1	0	0	0	-1	-1	0	40	0	0	34	-1	0	0	41
c8893	45	0	0	6	32	-1	2	0	0	6	-1	0	34	6	-1	0	18	0	0	-1	0	-1	40	9	-1	34	0	0	0	-1
c8917	15	-1	0	0	32	0	2	0	34	0	15	-1	34	6	-1	-1	18	14	0	41	7	0	40	-1	0	34	31	0	-1	41
c8936	37	0	29	10	32	31	-1	-1	0	0	-1	-1	47	6	23	0	31	0	31	0	6	0	40	-1	0	34	0	0	10	41
c8957	37	-1	0	0	32	28	2	0	18	-1	-1	0	47	6	23	-1	18	12	-1	0	0	-1	40	0	0	34	40	12	10	-1
c8968	37	0	0	0	-1	0	2	41	0	0	0	0	47	6	50	0	0	3	-1	32	-1	0	40	47	-1	-1	-1	0	0	41
c8971	-1	0	6	18	32	-1	2	-1	0	0	0	-1	11	6	0	-1	18	-1	0	0	-1	0	40	-1	0	34	0	-1	2	41
c8976	0	0	6	18	32	31	2	31	0	0	41	0	31	-1	-1	34	-1	0	0	-1	18	35	40	0	0	34	0	0	0	41
c9028	0	0	-1	0	32	0	2	-1	0	0	0	0	34	6	0	-1	18	0	0	41	0	0	40	9	6	34	0	0	0	41
c9052	37	-1	-1	0	32	0	2	0	0	0	40	8	47	-1	0	0	0	0	0	-1	-1	-1	40	-1	0	34	0	7	10	41
c9070	32	14	6	0	32	0	-1	9	-1	7	18	0	0	6	0	0	0	0	0	39	0	0	40	0	0	34	12	0	0	-1
c9079	0	0	-1	18	32	-1	2	31	0	0	41	32	31	6	0	34	-1	0	0	0	-1	0	40	0	0	34	-1	-1	0	41
c9081	0	19	6	18	32	0	2	31	0	0	0	0	31	-1	-1	0	18	0	0	0	0	7	-1	-1	0	34	14	-1	0	41
c9100	0	0	6	18	32	0	-1	31	-1	0	0	0	-1	-1	0	0	18	0	29	-1	18	0	40	0	25	-1	0	-1	29	-1
c9105	12	0	0	-1	32	18	2	0	0	6	0	-1	34	6	-1	0	-1	0	0	41	-1	0	40	9	0	34	-1	-1	0	41
c9128	37	0	0	-1	32	14	2	10	18	0	0	0	47	6	23	0	-1	0	31	0	-1	-1	40	-1	0	34	0	12	10	41
c9147	37	34	-1	0	32	0	-1	41	0	0	0	-1	47	-1	50	0	0	11	0	32	-1	0	-1	0	0	-1	0	0	0	-1
c9171	37	0	14	0	-1	0	2	41	-1	0	6	-1	-1	-1	50	0	0	0	5	32	-1	-1	40	0	-1	34	0	0	0	-1
c9200	29	-1	0	18	32	0	2	18	-1	-1	-1	0	34	-1	0	0	18	0	0	41	18	-1	40	9	0	34	0	-1	0	-1
c9202	0	-1	6	18	-1	45	2	31	0	0	0	0	31	6	-1	0	18	-1	-1	6	18	18	40	48	0	34	0	0	0	41
c9205	37	0	-1	0	32	0	2	-1	0	0	0	8	-1	6	0	0	0	0	0	32	-1	0	40	26	0	34	0	7	10	41
c9253	0	0	6	-1	32	0	2	5	42	0	-1	-1	0	6	0	-1	18	0	0	0	0	0	40	11	-1	34	-1	10	-1	41
c9258	37	0	0	0	32	-1	-1	41	0	0	0	0	-1	6	50	0	-1	0	35	32	-1	0	-1	47	-1	-1	0	0	0	41
c9263	0	-1	6	-1	32	0	2	-1	0	0	-1	0	31	6	0	0	18	-1	-1	0	-1	0	40	-1	0	34	-1	-1	0	41
c9278	37	0	-1	-1	32	0	-1	0	0	0	0	31	-1	6	-1	0	0	0	0	-1	-1	30	40	-1	0	34	0	10	0	-1
c9306	37	18	0	-1	-1	-1	2	35	0	0	0	0	47	6	0	0	-1	18	0	0	2	0	40	0	-1	34	-1	0	18	-1
c9323	0	-1	0	1	32	0	-1	-1	11	-1	18	9	0	-1	0	0	0	0	0	39	0	50	-1	-1	0	34	0	-1	0	41
c9329	0	0	6	18	32	0	-1	-1	0	0	50	19	31	6	0	0	18	0	-1	-1	0	42	40	0	-1	34	0	0	-1	-1
c9343	-1	0	0	0	32	-1	-1	-1	-1	0	0	-1	-1	-1	-1	6	10	0	45	50	-1	-1	40	0	9	-1	0	-1	0	41
c9369	0	-1	0	0	32	0	2	0	18	-1	0	18	34	6	-1	-1	18	-1	0	41	0	9	-1	9	6	-1	0	0	-1	41
c9379	0	0	-1	18	-1	45	2	-1	-1	0	-1	-1	-1	6	0	0	0	-1	0	41	-1	0	40	0	0	34	-1	0	-1	41
c9446	37	-1	-1	0	32	0	2	0	-1	-1	0	0	-1	6	50	0	0	-1	0	32	-1	0	40	0	0	34	0	0	0	41
c9492	37	0	40	0	32	0	2	15	0	18	-1	-1	47	-1	0	0	0	0	-1	9	0	0	-1	11	0	34	-1	0	-1	41
c9514	-1	8	-1	18	32	0	-1	5	-1	0	42	0	-1	6	0	0	18	0	0	-1	0	0	40	11	0	-1	10	-1	0	41
c9552	0	35	0	18	32	20	2	45	12	0	10	0	-1	-1	-1	0	0	0	45	41	-1	-1	-1	26	10	34	0	0	0	41
c9576	-1	31	40	18	32	-1	2	0	-1	-1	0	0	0	6	10	-1	0	0	10	-1	0	-1	40	0	-1	34	0	-1	-1	41
c9581	-1	0	6	-1	32	0	-1	31	-1	0	-1	0	31	6	42	8	18	0	0	-1	-1	0	40	0	-1	34	0	0	0	41
c9595	37	0	0	0	32	-1	2	0	0	0	0	0	47	6	0	0	0	-1	0	32	-1	-1	40	0	0	34	0	7	0	41
c9598	0	0	6	18	32	0	2	31	0	0	0	0	31	6	-1	0	18	-1	0	-1	-1	0	40	-1	0	34	0	0	0	-1
c9609	-1	31	-1	18	32	0	2	5	-1	0	-1	0	-1	6	0	19	18	0	0	0	0	0	-1	11	0	34	0	-1	-1	41
c9612	0	-1	6	18	32	-1	2	-1	0	-1	0	0	31	6	-1	6	18	0	29	-1	18	2	40	0	0	34	-1	-1	-1	41
c9620	37	0	-1	0	32	0	2	15	40	18	-1	-1	47	6	0	11	0	-1	31	-1	0	6	40	-1	0	-1	0	-1	-1	-1
c9660	37	-1	0	0	-1	14	2	10	0	10	0	0	47	6	-1	41	0	0	31	-1	-1	-1	-1	-1	0	34	-1	0	10	41
c9665	-1	0	11	39	32	0	2	-1	-1	0	-1	45	47	6	-1	0	48	0	-1	32	-1	0	40	0	0	34	0	-1	0	41
c9672	32	14	6	0	32	0	2	9	0	7	18	0	0	-1	0	0	0	0	0	39	0	-1	40	0	0	34	0	0	-1	41
c9677	37	-1	39	0	32	0	-1	-1	-1	0	0	-1	47	6	50	0	-1	0	-1	-1	-1	0	40	0	0	-1	0	0	0	41
c9679	-1	0	0	0	32	0	2	0	-1	0	0	0	34	6	0	0	-1	20	10	41	0	0	-1	-1	8	34	0	21	0	41
c9702	37	0	-1	34	32	-1	2	0	0	18	0	45	47	6	0	0	0	0	31	-1	-1	0	40	0	0	34	-1	0	0	-1
c9704	-1	0	0	-1	32	18	-1	-1	0	6	8	-1	34	6	10	0	18	0	0	41	0	0	-1	9	-1	34	-1	0	0	41
c9713	0	-1	9	-1	32	48	2	10	10	19	0	31	-1	6	0	45	26	0	0	0	-1	0	-1	9	0	34	41	0	0	41
c9720	0	-1	6	18	-1	-1	2	5	0	0	0	0	-1	6	0	30	18	0	6	10	43	0	40	11	-1	34	0	10	50	41
c9724	37	34	0	0	32	47	2	-1	0	0	0	-1	47	-1	50	-1	0	11	0	-1	-1	0	-1	0	0	34	-1	0	0	-1
c9734	37	6	0	0	-1	18	2	-1	0	0	0	0	-1	6	50	0	0	-1	0	32	-1	0	40	0	0	34	0	-1	0	41
c9754	37	0	39	0	32	50	2	0	-1	0	0	0	47	6	50	0	0	0	-1	32	-1	0	40	0	0	-1	0	0	-1	41
c9758	-1	0	14	-1	32	0	-1	0	0	-1	0	0	47	6	5	0	-1	0	50	32	-1	22	40	0	45	34	45	0	39	41
c9763	32	14	6	-1	32	39	2	9	-1	7	18	0	42	6	0	0	0	0	0	39	0	-1	40	-1	0	34	0	0	-1	41
c9812	37	0	-1	0	32	14	-1	-1	0	0	0	50	47	6	23	0	0	0	-1	0	0	0	-1	0	10	34	-1	0	10	41
c9823	-1	18	-1	18	32	6	-1	6	0	0	18	0	0	6	0	0	43	18	0	41	-1	0	40	0	0	34	-1	0	-1	41
c9828	0	-1	-1	0	32	6	2	0	-1	29	0	-1	-1	6	-1	50	18	6	7	-1	0	0	40	9	-1	34	-1	31	0	41
c9882	0	-1	10	11	32	-1	-1	0	-1	0	14	-1	34	-1	0	-1	-1	0	0	41	0	0	40	9	0	34	0	6	0	41
c9896	-1	-1	6	18	32	0	2	31	-1	0	0	0	31	6	-1	8	-1	0	-1	0	-1	-1	40	0	-1	-1	0	0	0	41
c9903	37	0	-1	0	32	-1	2	-1	0	-1	0	-1	47	-1	0	0	6	0	31	9	0	18	-1	0	0	34	0	0	0	41
c9911	0	0	40	6	32	-1	2	0	-1	0	0	0	34	6	0	0	-1	18	0	41	0	0	40	9	-1	34	42	0	0	41
c9912	37	0	0	0	32	-1	2	8	0	0	0	0	47	6	50	-1	0	0	0	32	-1	-1	40	-1	-1	-1	0	-1	9	41
c9954	37	0	0	-1	-1	18	2	-1	0	0	6	-1	47	6	50	0	0	0	0	0	2	0	40	0	-1	-1	-1	0	0	41
c10017	0	9	6	18	32	45	2	31	0	-1	0	0	31	6	0	10	18	0	0	0	18	18	40	0	0	34	43	0	0	-1
c10057	0	0	6	18	32	45	2	31	0	0	12	45	31	6	0	-1	18	-1	-1	0	18	18	40	0	0	34	-1	-1	0	41
c10062	0	0	0	0	32	-1	2	-1	18	0	0	-1	34	-1	-1	0	18	10	0	41	-1	-1	40	9	6	-1	0	0	-1	41
c10075	32	-1	6	0	32	0	-1	9	0	-1	18	-1	-1	6	0	0	0	0	0	39	0	0	40	0	0	34	0	0	18	41
c10082	-1	0	14	-1	-1	0	2	41	0	6	0	-1	47	-1	50	0	0	0	5	32	-1	0	40	0	-1	34	0	-1	0	-1
c10094	37	-1	0	0	32	0	2	13	0	0	0	0	-1	6	0	-1	0	0	18	3	2	0	40	-1	-1	34	0	5	0	41
c10111	37	19	0	-1	32	43	2	0	0	0	0	0	-1	6	50	0	-1	-1	-1	32	-1	0	-1	0	0	34	-1	0	34	41
c10122	2	-1	6	-1	32	18	2	0	0	0	50	23	-1	6	0	0	18	0	-1	-1	0	42	40	0	39	-1	0	0	0	-1
c10126	0	0	6	18	32	-1	-1	31	0	0	12	45	31	6	-1	-1	-1	0	23	0	-1	18	40	10	0	34	41	0	0	41
c10127	0	0	6	18	32	45	2	31	-1	0	12	45	31	6	0	0	18	0	23	0	18	18	40	10	0	34	-1	0	0	41
c10132	-1	0	0	0	32	0	2	0	32	-1	0	-1	47	6	50	0	0	0	0	32	-1	0	-1	-1	0	34	6	8	0	-1
c10150	37	-1	30	0	32	0	2	0	0	-1	46	11	47	6	0	9	0	0	-1	32	-1	0	40	0	0	34	0	10	0	41
c10169	-1	0	0	0	32	0	2	0	18	40	0	0	34	6	0	0	18	0	0	41	0	0	40	9	6	-1	14	0	11	41
c10190	0	0	6	18	-1	0	-1	31	0	-1	0	0	31	6	0	0	18	0	0	0	0	22	40	-1	0	-1	-1	-1	0	-1
c10200	37	-1	14	41	-1	0	2	-1	0	0	0	-1	47	-1	50	-1	0	0	5	32	-1	-1	40	0	-1	34	0	0	0	41
c10220	37	0	0	0	32	-1	-1	47	0	18	0	0	47	6	0	0	0	14	31	6	0	0	40	-1	0	34	0	11	-1	41
c10250	37	18	0	-1	32	0	2	-1	-1	-1	0	11	-1	6	-1	0	0	0	6	0	2	0	40	0	-1	34	0	0	18	41
c10268	-1	-1	0	0	32	-1	2	9	0	0	18	41	0	6	9	0	0	0	0	39	0	0	40	18	0	34	7	0	-1	41
c10273	0	0	-1	18	32	45	2	0	-1	0	-1	0	0	-1	0	-1	18	-1	0	41	0	0	40	0	0	34	-1	41	-1	41
c10277	0	-1	-1	18	-1	0	2	18	0	0	0	0	34	-1	-1	0	43	18	0	41	0	0	-1	0	-1	34	-1	0	-1	41
c10340	0	14	0	-1	-1	18	2	9	0	0	18	-1	0	-1	0	0	0	0	2	39	-1	0	40	0	-1	34	0	-1	32	41
c10344	-1	19	6	18	32	0	2	31	0	0	0	0	-1	6	0	0	18	0	0	-1	0	0	40	-1	0	34	-1	-1	0	41
c10363	37	0	-1	-1	32	-1	2	-1	0	18	0	29	47	6	0	0	0	0	31	8	-1	0	40	0	11	34	-1	0	6	41
c10370	0	-1	0	0	-1	7	2	9	-1	3	18	0	0	6	31	18	0	30	42	39	0	0	40	0	-1	34	45	0	0	-1
c10388	0	0	0	18	-1	0	-1	0	0	0	-1	0	-1	6	-1	18	0	-1	-1	41	0	43	40	46	0	-1	14	37	0	41
c10410	0	14	0	0	32	0	2	9	0	-1	18	0	0	6	0	0	-1	44	0	39	0	0	40	0	0	34	0	-1	0	-1
c10411	0	14	0	0	32	0	2	-1	-1	7	18	-1	0	6	0	0	-1	44	7	39	0	0	40	0	0	34	0	0	0	-1
c10424	0	14	0	6	32	-1	2	9	0	-1	18	-1	-1	-1	0	0	-1	0	2	39	0	0	40	0	-1	34	0	-1	32	41
c10436	-1	48	-1	0	-1	0	2	-1	-1	0	-1	0	47	6	0	0	-1	0	0	-1	-1	0	40	0	0	34	0	0	0	41
c10459	0	14	-1	-1	-1	0	2	9	0	7	18	0	-1	6	18	34	0	0	18	39	0	0	40	0	-1	34	0	0	-1	41
c10467	37	-1	10	41	32	34	2	15	-1	18	0	0	47	6	-1	0	0	0	-1	0	0	0	40	-1	-1	34	0	0	0	41
c10470	0	14	11	0	-1	0	-1	-1	45	0	-1	0	0	6	0	0	0	-1	0	39	0	0	40	-1	0	34	0	-1	-1	41
c10473	37	0	0	0	-1	-1	2	-1	-1	0	0	0	47	-1	50	-1	0	0	0	32	-1	-1	40	0	0	34	0	0	0	41
c10475	-1	16	18	0	-1	-1	-1	0	0	0	46	9	47	6	-1	0	0	-1	0	32	-1	0	40	0	0	-1	-1	6	18	41
c10490	37	0	0	0	32	0	2	0	0	0	0	-1	47	6	0	0	0	0	12	0	2	-1	40	47	-1	34	0	0	0	41
c10491	-1	-1	-1	0	32	0	2	0	0	0	0	-1	47	6	0	0	0	0	12	0	2	0	40	47	-1	34	-1	0	-1	41
c10502	37	0	0	0	-1	-1	2	15	0	18	0	-1	47	6	0	0	0	-1	31	-1	-1	-1	-1	-1	0	-1	-1	0	0	-1
c10510	0	0	0	18	-1	-1	-1	47	0	-1	0	0	34	6	-1	0	-1	0	0	41	10	0	40	9	0	34	-1	0	0	-1
c10513	-1	45	0	0	32	0	-1	41	0	18	6	-1	47	6	50	0	0	-1	-1	32	-1	0	-1	0	-1	34	-1	0	0	41
c10522	37	34	0	-1	-1	0	-1	-1	-1	0	0	4	47	6	50	0	0	-1	0	32	-1	0	40	47	-1	34	0	0	0	41
c10523	37	34	0	0	-1	0	2	-1	0	0	-1	-1	47	6	50	0	0	0	0	-1	-1	0	40	47	-1	34	-1	0	0	41
c10526	-1	0	6	18	32	0	2	31	0	-1	0	0	31	6	0	-1	18	0	29	0	18	-1	40	0	0	34	-1	-1	0	-1
c10527	-1	0	6	18	-1	-1	2	31	0	0	-1	0	31	-1	0	0	-1	0	29	0	18	0	40	-1	0	34	42	-1	-1	41
c10542	18	-1	6	18	32	0	2	0	0	0	50	0	0	6	-1	0	18	0	-1	-1	18	0	40	0	0	34	0	-1	0	41
c10546	-1	-1	6	-1	32	0	2	-1	-1	10	0	0	31	6	-1	0	-1	-1	0	0	0	0	40	0	-1	34	-1	0	0	41
c10570	37	45	0	-1	-1	-1	2	-1	-1	0	-1	0	47	6	50	0	0	0	0	32	-1	0	40	0	0	34	0	-1	0	41
c10572	0	35	0	18	32	20	2	-1	12	-1	10	0	-1	6	0	0	0	0	0	41	0	-1	40	-1	10	34	0	0	0	-1
c10573	0	35	0	18	32	20	2	45	12	-1	10	0	0	6	0	-1	0	0	0	41	0	-1	40	0	10	34	0	0	0	41
c10584	37	0	0	0	32	0	2	0	6	0	-1	0	47	6	0	-1	0	0	0	32	-1	0	-1	45	0	34	-1	7	-1	41
c10587	37	-1	0	0	32	0	-1	41	37	0	0	-1	47	-1	50	0	0	-1	5	32	-1	7	-1	-1	0	34	-1	-1	0	41
c10594	37	0	0	0	32	-1	-1	0	-1	0	-1	0	-1	-1	-1	0	35	0	0	-1	0	0	40	0	0	34	50	0	0	-1
c10653	37	0	41	-1	-1	0	2	42	0	-1	0	10	47	6	-1	-1	-1	34	-1	0	0	22	40	0	0	34	0	-1	-1	41
c10664	0	0	40	18	32	45	2	0	-1	0	9	0	0	6	6	43	0	-1	0	-1	0	-1	40	6	0	34	0	0	6	41
c10692	37	0	-1	0	-1	0	2	-1	6	0	-1	0	-1	6	0	0	0	0	0	-1	-1	0	-1	45	0	34	-1	7	34	41
c10705	0	-1	6	18	32	0	2	31	0	31	0	0	31	-1	0	0	-1	0	-1	0	-1	0	40	-1	-1	34	0	-1	0	41
c10707	0	19	-1	-1	32	0	2	6	12	0	14	10	23	6	0	0	0	11	-1	41	-1	34	40	0	-1	34	0	-1	0	41
c10708	44	10	6	18	32	-1	2	31	-1	0	0	0	-1	6	0	-1	18	0	35	0	0	-1	40	-1	0	34	9	8	0	41
c10709	44	10	6	18	32	0	2	31	0	0	0	0	31	6	-1	-1	18	0	0	0	-1	0	-1	-1	0	34	9	8	0	41
c10729	0	3	-1	18	32	0	2	8	12	0	0	37	-1	6	0	0	0	0	-1	41	50	-1	40	-1	10	34	-1	0	0	41
c10747	7	0	9	0	32	48	2	0	-1	0	-1	-1	0	6	-1	45	26	-1	0	0	0	37	-1	47	40	34	41	0	0	41
c10772	37	30	0	0	32	-1	-1	-1	0	0	0	0	47	6	23	-1	-1	0	31	0	0	-1	40	0	0	-1	0	-1	10	41
c10784	-1	-1	6	18	32	0	2	31	0	0	0	-1	31	-1	-1	0	18	0	0	0	0	0	40	0	0	-1	0	-1	0	41
c10799	18	0	9	-1	32	48	2	0	0	31	0	31	7	6	-1	-1	26	40	0	-1	0	0	-1	-1	10	34	41	-1	0	-1
c10817	37	0	0	0	32	-1	-1	47	-1	18	0	0	47	6	0	-1	0	0	-1	6	0	0	40	0	0	34	0	-1	0	-1
c10826	-1	-1	9	-1	32	48	2	0	0	0	0	-1	0	6	0	45	26	0	0	-1	-1	0	-1	0	45	34	41	6	0	41
c10851	-1	0	0	-1	32	0	-1	0	-1	8	0	0	47	6	0	-1	0	0	10	32	-1	0	40	18	0	34	14	-1	0	41
c10865	37	0	0	0	32	-1	2	41	9	0	0	0	47	6	50	0	-1	12	0	32	-1	0	40	47	-1	34	0	-1	0	-1
c10878	0	14	9	0	32	48	2	29	0	0	0	31	0	-1	11	-1	26	0	0	0	0	0	-1	-1	37	34	41	47	-1	41
c10881	37	7	0	0	-1	0	2	0	0	0	0	0	47	6	34	0	-1	0	0	0	2	-1	-1	30	-1	-1	9	0	-1	41
c10885	-1	0	0	0	32	-1	-1	0	-1	0	10	0	-1	6	0	0	-1	0	34	0	2	0	40	2	-1	34	18	0	-1	41
c10888	0	34	-1	18	32	0	2	0	0	0	0	29	0	-1	0	0	18	0	-1	31	0	34	40	-1	0	34	9	-1	0	41
c10934	40	0	6	18	32	-1	2	31	0	14	0	-1	-1	6	0	0	18	50	29	0	18	0	40	0	-1	34	-1	0	-1	-1
c10935	40	0	6	18	32	0	-1	31	0	14	0	6	31	6	0	0	18	50	29	0	18	0	40	0	42	34	0	-1	-1	41
c10943	37	0	0	11	32	0	2	-1	0	0	0	0	47	-1	50	0	-1	0	-1	32	-1	0	40	47	-1	-1	0	0	-1	-1
c10955	0	14	0	0	32	0	2	-1	45	11	18	0	0	6	0	0	14	0	0	39	-1	-1	40	0	-1	-1	0	0	0	-1
c10993	37	0	-1	18	32	0	2	15	0	-1	0	32	47	6	0	-1	0	0	31	0	0	0	-1	-1	0	34	-1	0	0	41
c10995	0	-1	-1	6	32	0	2	-1	26	0	18	41	0	6	0	0	0	30	0	-1	0	0	40	0	0	34	7	0	0	-1
c10996	0	0	0	18	32	0	2	-1	0	0	0	-1	34	6	-1	0	-1	0	0	-1	0	0	40	9	0	34	-1	0	0	41
c11003	-1	14	-1	-1	-1	0	2	9	0	-1	18	0	-1	-1	0	0	47	12	0	39	0	50	40	-1	0	34	0	18	0	41
c11021	37	47	10	0	32	0	2	15	0	18	0	0	47	6	0	0	0	0	31	0	0	0	40	0	0	34	0	0	0	-1
c11022	0	0	6	18	32	0	2	31	0	0	0	-1	31	-1	16	0	18	0	0	-1	0	-1	40	-1	-1	34	0	0	0	41
c11052	37	0	-1	0	32	0	2	0	-1	0	0	0	47	6	0	-1	0	-1	0	0	2	0	40	-1	-1	34	0	-1	0	41
c11074	37	0	0	0	32	0	2	0	18	0	40	-1	-1	6	0	-1	-1	-1	0	32	-1	-1	40	-1	0	34	0	7	-1	-1
c11094	0	14	0	0	-1	29	2	9	0	7	-1	18	0	6	0	0	-1	18	6	39	0	-1	40	-1	0	34	0	0	0	41
c11113	37	0	11	0	32	0	2	0	0	0	9	9	47	6	-1	-1	0	-1	0	32	-1	-1	-1	-1	0	-1	18	30	0	41
c11115	18	-1	-1	18	32	0	2	0	0	0	-1	0	0	6	0	-1	18	0	6	-1	18	0	40	0	0	34	0	0	44	-1
c11117	37	34	0	0	32	-1	2	41	0	0	0	-1	47	-1	50	0	0	11	-1	32	-1	7	-1	0	-1	34	0	6	0	-1
c11118	-1	0	0	0	32	6	2	41	0	0	-1	0	47	6	50	0	0	-1	0	-1	-1	0	-1	0	-1	34	-1	18	0	41
c11119	-1	0	0	0	32	0	2	41	-1	0	0	0	47	6	-1	-1	0	-1	0	32	-1	0	40	0	-1	34	0	18	0	41
c11120	-1	41	-1	-1	32	0	-1	0	0	0	0	-1	47	6	-1	0	0	0	-1	-1	6	0	40	30	-1	34	18	0	10	41
c11121	37	41	-1	12	-1	0	-1	0	0	0	19	-1	47	6	23	0	0	-1	31	0	6	-1	-1	30	0	34	-1	0	10	41
c11126	0	-1	6	-1	32	0	2	-1	0	34	0	0	31	6	0	6	18	0	29	-1	-1	-1	-1	0	0	34	0	-1	-1	41
c11128	-1	0	14	0	32	0	2	41	0	0	0	-1	47	-1	50	-1	0	0	5	-1	-1	0	40	0	0	-1	37	0	0	41
c11149	0	0	6	18	-1	0	2	31	-1	-1	0	0	-1	6	-1	-1	18	-1	0	0	0	-1	40	0	0	34	0	0	0	41
c11154	0	0	-1	6	32	-1	2	6	34	-1	0	31	0	6	11	-1	26	0	0	0	0	0	-1	0	40	-1	41	0	6	41
c11177	0	0	-1	18	32	0	2	0	-1	-1	0	-1	0	6	0	-1	-1	0	0	0	0	34	-1	45	0	34	0	-1	43	-1
c11200	0	14	0	11	32	45	2	-1	-1	7	-1	18	-1	6	0	0	-1	0	0	-1	32	-1	-1	-1	0	34	34	0	0	41
c11221	37	47	10	-1	32	0	2	15	0	18	0	-1	47	6	0	0	0	0	-1	0	-1	0	40	-1	18	-1	0	0	0	41
c11238	-1	0	6	18	32	-1	2	-1	0	0	0	0	31	6	0	0	18	0	29	-1	18	0	40	-1	0	34	0	-1	18	41
c11281	0	-1	6	18	32	0	2	-1	0	-1	-1	29	0	6	0	0	-1	0	12	0	0	34	40	44	0	34	0	0	-1	41
c11293	0	0	0	18	-1	0	-1	47	-1	-1	0	0	34	6	-1	-1	-1	-1	0	41	0	0	40	9	0	34	0	0	0	41
c11304	0	19	6	18	32	0	2	31	0	0	0	0	31	-1	0	0	18	0	-1	0	0	-1	40	0	41	34	0	-1	41	41
c11306	37	19	50	0	32	14	2	10	0	44	0	3	47	6	23	0	0	0	31	0	-1	-1	40	-1	0	-1	0	-1	-1	-1
c11309	0	0	6	18	32	34	2	31	0	0	0	0	-1	6	0	0	18	0	0	18	0	-1	-1	-1	0	34	0	0	0	41
c11345	37	0	0	6	32	-1	-1	0	-1	18	0	0	47	6	18	0	-1	0	31	0	0	0	40	0	0	34	0	11	0	41
c11368	29	0	-1	18	32	4	2	0	0	-1	0	0	0	6	0	0	18	-1	0	41	-1	0	-1	0	0	34	14	0	-1	41
c11378	-1	0	0	0	32	6	2	0	0	44	-1	-1	47	6	0	0	0	6	0	32	-1	0	40	0	0	34	-1	7	6	41
c11383	-1	14	9	5	32	48	2	-1	0	-1	0	31	0	6	11	-1	26	0	-1	0	-1	0	-1	0	37	34	41	-1	-1	41
c11434	-1	0	0	0	32	-1	-1	0	-1	18	0	0	47	6	6	-1	-1	0	31	-1	0	0	40	0	0	34	0	0	-1	41
c11440	0	-1	6	18	32	0	2	-1	0	-1	-1	-1	41	6	-1	0	-1	32	0	9	-1	34	-1	11	-1	34	0	0	18	41
c11445	-1	-1	18	45	32	0	-1	0	0	-1	18	0	47	-1	0	-1	0	0	11	32	-1	9	40	18	0	34	0	0	0	41
c11473	0	0	35	0	32	-1	-1	10	22	6	34	11	34	6	0	0	-1	0	0	-1	20	40	40	9	0	34	-1	0	0	41
c11502	32	14	6	0	32	0	2	-1	0	-1	-1	-1	0	6	-1	0	-1	0	-1	39	0	0	40	0	0	34	-1	0	0	41
c11504	-1	0	6	18	-1	-1	2	45	0	-1	50	0	31	6	0	0	18	0	-1	-1	0	42	40	-1	0	34	0	0	0	-1
c11522	0	10	6	18	32	0	2	31	0	0	0	0	31	6	0	0	18	0	0	0	0	0	40	-1	0	34	9	0	0	41
c11559	-1	14	-1	0	32	0	2	9	45	0	18	0	0	6	0	0	14	0	0	39	39	0	40	-1	0	34	0	42	0	41
c11576	37	19	0	0	32	43	2	0	0	-1	0	0	47	6	-1	0	0	-1	-1	32	-1	0	40	30	0	34	0	-1	34	-1
c11590	0	11	-1	-1	32	0	2	0	0	-1	6	0	34	6	-1	0	18	0	6	41	0	-1	40	9	0	34	0	31	0	41
c11591	-1	11	0	0	32	0	2	0	0	-1	-1	-1	-1	-1	0	0	18	0	6	41	0	0	40	9	0	-1	0	31	0	41
c11601	0	0	-1	32	32	18	2	0	0	0	-1	-1	34	6	8	-1	-1	18	0	41	0	0	40	9	0	34	11	0	0	41
c11639	44	-1	-1	18	32	0	2	31	0	-1	0	0	31	6	0	-1	18	0	0	-1	0	0	40	-1	0	34	9	8	0	41
c11667	0	14	6	-1	-1	-1	2	9	0	7	18	0	0	6	0	34	0	0	18	39	0	0	40	0	-1	34	0	0	-1	-1
c11676	-1	0	0	0	32	6	-1	0	-1	0	0	0	-1	-1	0	0	18	0	-1	41	0	43	-1	-1	-1	34	0	-1	0	41
c11682	0	0	6	18	32	-1	2	-1	0	0	50	19	-1	-1	0	0	18	0	-1	0	32	42	40	-1	-1	34	-1	0	-1	-1
c11683	0	0	6	18	32	0	2	-1	0	0	50	19	31	6	0	7	-1	0	-1	0	32	42	40	0	-1	-1	0	0	0	-1
c11724	0	-1	50	0	-1	-1	2	9	0	50	18	0	0	6	31	0	-1	30	11	39	0	-1	-1	0	0	34	45	-1	-1	41
c11744	-1	14	0	0	32	28	2	0	18	-1	-1	0	47	6	23	0	18	12	31	0	0	0	40	0	0	34	-1	12	10	41
c11762	18	14	9	0	32	48	2	0	0	0	50	31	0	6	11	45	26	0	0	-1	-1	31	-1	6	37	34	41	0	-1	-1
c11765	-1	0	0	0	32	0	2	41	9	-1	0	0	47	-1	-1	0	0	-1	0	32	-1	0	40	47	-1	34	0	0	0	41
c11768	0	-1	0	0	32	0	2	-1	45	0	18	0	0	-1	0	0	14	0	0	39	-1	-1	-1	0	0	34	0	42	2	41
c11769	0	-1	0	0	32	0	2	9	45	0	18	0	0	6	0	0	14	-1	0	39	0	-1	-1	0	0	34	40	42	0	41
c11805	0	0	0	-1	32	40	2	0	0	0	0	0	34	-1	0	-1	-1	8	10	41	-1	0	-1	9	0	34	-1	6	0	41
c11811	0	-1	-1	18	32	6	2	32	0	0	18	0	0	6	0	0	43	-1	9	41	0	0	40	-1	5	34	0	0	21	41
c11819	-1	-1	-1	18	32	8	2	-1	0	0	50	0	31	6	0	0	18	-1	-1	0	9	42	40	41	0	34	0	0	0	-1
c11839	37	-1	10	0	32	-1	2	-1	-1	0	-1	-1	47	6	50	0	10	0	0	32	-1	0	-1	0	0	34	0	-1	0	41
c11850	0	34	-1	18	32	-1	2	0	0	0	0	29	-1	6	0	0	18	0	18	-1	-1	34	40	45	-1	34	0	0	0	41
c11852	0	0	6	18	32	-1	2	31	-1	0	0	0	31	6	0	-1	18	0	-1	0	18	6	-1	0	0	34	0	0	0	41
c11853	-1	0	6	-1	-1	0	2	31	0	0	0	0	31	6	0	8	-1	-1	0	0	18	6	40	0	0	34	-1	0	-1	41
c11862	-1	0	6	18	-1	31	2	31	0	0	41	-1	31	-1	0	9	18	0	0	0	18	-1	40	-1	-1	-1	0	0	0	41
c11877	37	0	-1	0	32	0	2	41	-1	0	8	-1	47	6	-1	0	0	0	0	32	-1	-1	40	47	-1	-1	-1	0	29	41
c11878	-1	0	6	18	32	18	2	5	0	0	0	0	-1	6	0	0	18	0	0	0	40	0	40	11	7	34	0	-1	0	41
c11894	37	0	30	10	-1	31	2	-1	0	0	-1	-1	47	6	23	0	31	0	31	-1	-1	0	-1	3	0	34	0	0	10	-1
c11900	0	0	-1	-1	32	0	2	0	0	-1	9	0	34	6	0	0	-1	0	-1	-1	18	0	-1	9	6	34	0	0	-1	41
c11902	0	0	-1	18	-1	-1	2	31	0	0	0	0	-1	6	0	-1	18	0	-1	-1	18	0	40	0	0	34	7	-1	47	41
c11933	50	6	0	18	32	0	2	-1	0	0	-1	0	0	6	0	9	18	-1	0	41	0	0	40	0	-1	34	14	0	0	41
c11936	0	-1	18	0	32	18	-1	-1	-1	-1	0	18	34	6	0	0	18	-1	0	41	0	0	40	9	0	34	0	-1	0	-1
c11944	18	6	-1	18	32	50	-1	0	0	0	-1	-1	0	6	18	0	18	0	6	-1	0	0	40	0	-1	34	0	5	0	41
c11946	32	-1	6	-1	32	0	2	9	0	7	18	0	-1	-1	0	0	-1	0	0	39	0	0	-1	0	0	34	0	0	0	41
c11947	32	-1	6	0	32	0	2	9	0	-1	-1	0	9	6	0	0	0	0	0	39	0	0	40	0	0	34	0	0	0	41
c11949	0	0	6	18	32	0	-1	5	2	0	-1	0	0	6	0	19	18	0	0	6	31	0	-1	11	0	34	0	-1	45	41
c11951	0	34	6	18	32	-1	2	0	0	-1	0	29	0	6	0	0	18	0	18	-1	25	34	40	-1	35	34	0	0	0	41
c11958	0	0	6	18	32	-1	2	31	0	0	-1	-1	-1	6	0	34	-1	0	0	0	18	0	-1	0	-1	34	0	0	0	41
c11987	0	14	0	-1	32	-1	2	-1	45	0	-1	-1	0	6	0	0	14	-1	0	39	0	0	40	-1	0	34	0	0	0	-1
c11990	-1	-1	-1	0	32	50	2	15	0	18	-1	-1	47	6	0	0	0	0	-1	9	-1	18	-1	0	-1	34	-1	0	0	41
c11998	-1	0	6	18	32	0	2	0	42	4	0	-1	-1	6	0	0	18	0	6	-1	0	26	40	-1	0	34	0	-1	-1	41
c12057	37	0	41	9	32	-1	2	41	0	0	6	-1	-1	6	50	-1	-1	0	0	32	-1	0	40	-1	0	34	0	0	-1	41
c12066	0	0	6	18	32	0	-1	-1	0	0	-1	0	-1	6	-1	19	18	-1	-1	0	-1	0	40	11	0	34	0	10	-1	41
c12067	-1	0	-1	18	32	0	2	5	0	0	-1	0	0	6	0	-1	18	0	-1	0	0	-1	40	11	0	34	0	10	0	-1
c12083	0	0	6	18	32	0	2	-1	0	0	50	0	-1	-1	41	-1	18	0	-1	0	-1	42	40	-1	0	34	0	0	0	-1
c12089	0	0	9	10	32	48	-1	0	0	0	32	31	0	6	11	45	26	0	0	-1	11	0	-1	0	40	34	41	0	-1	41
c12123	-1	44	-1	0	-1	0	2	0	0	0	0	0	47	6	5	0	0	0	0	-1	-1	0	40	0	0	34	0	0	-1	41
c12131	37	46	0	0	-1	0	-1	-1	0	0	0	-1	47	6	50	0	25	0	-1	32	-1	6	40	0	0	34	0	0	0	41
c12132	-1	-1	0	0	-1	0	2	0	0	18	0	45	47	6	44	0	0	0	31	-1	0	0	40	6	0	34	-1	0	0	-1
c12135	44	14	6	6	32	0	2	9	0	26	18	0	0	6	50	0	0	18	0	-1	0	0	40	0	0	34	-1	-1	32	41
c12152	0	34	6	18	32	0	2	0	9	0	0	29	0	6	0	0	18	-1	18	-1	0	-1	40	45	31	-1	0	0	0	41
c12159	-1	14	6	0	32	0	2	9	0	7	18	0	-1	6	0	0	0	0	-1	39	0	0	40	0	-1	34	0	0	0	-1
c12165	0	25	6	18	32	45	2	31	0	34	0	0	31	6	0	0	-1	0	29	32	18	0	-1	0	0	34	0	0	3	41
c12173	0	-1	6	-1	32	0	2	31	-1	0	0	-1	31	-1	0	0	18	0	0	0	0	18	40	0	0	34	0	0	0	41
c12177	-1	0	6	18	32	45	2	31	0	0	0	45	-1	6	0	0	18	0	0	0	18	18	40	0	34	34	41	-1	0	41
c12188	37	0	41	0	-1	-1	2	42	-1	9	0	0	47	6	-1	0	-1	34	-1	-1	0	22	-1	-1	0	34	0	9	-1	41
c12194	0	19	6	-1	32	0	2	31	0	0	0	0	31	6	0	0	18	0	0	0	0	0	-1	18	0	34	0	-1	0	41
c12205	-1	14	37	0	-1	0	2	9	-1	-1	18	0	0	6	0	47	-1	0	0	39	0	0	40	-1	0	-1	-1	0	0	41
c12206	0	-1	40	0	32	18	2	0	-1	-1	0	0	34	6	-1	-1	18	18	-1	41	0	0	40	9	-1	34	0	0	0	41
c12212	37	0	-1	0	32	0	2	-1	9	0	0	5	-1	6	50	0	0	-1	0	32	-1	0	-1	-1	-1	34	0	0	0	-1
c12213	37	0	0	0	32	0	2	41	9	0	0	5	47	6	50	-1	0	12	0	32	-1	0	40	47	-1	-1	-1	0	0	-1
c12217	-1	0	0	0	32	0	-1	0	0	0	-1	-1	47	6	0	-1	-1	18	0	32	-1	7	40	39	9	34	-1	7	0	41
c12219	37	0	0	0	-1	0	2	0	0	0	22	0	47	6	-1	5	35	0	0	-1	0	0	40	0	0	-1	-1	0	0	-1
c12220	0	0	0	-1	32	18	2	-1	0	6	0	0	34	6	-1	-1	18	-1	10	41	0	0	40	9	42	34	-1	0	-1	41
c12227	-1	6	-1	0	32	0	2	-1	18	0	-1	0	-1	6	50	6	0	0	0	32	-1	0	40	0	0	-1	0	0	39	-1
c12259	0	0	6	-1	32	0	2	-1	-1	0	50	0	31	6	0	0	18	0	-1	15	-1	-1	40	0	0	-1	0	0	-1	-1
c12270	40	0	-1	18	32	0	-1	31	0	14	0	-1	31	6	-1	0	18	-1	29	-1	18	0	40	-1	42	-1	0	0	0	41
c12271	40	-1	6	18	32	0	2	31	0	14	0	6	31	-1	0	0	-1	50	29	0	18	0	40	-1	42	34	0	0	0	41
c12272	-1	19	6	18	32	0	-1	31	0	0	0	50	31	6	-1	-1	18	-1	-1	0	0	0	-1	18	0	34	0	-1	0	41
c12273	0	19	6	18	32	0	2	-1	0	-1	0	-1	31	6	0	0	18	-1	0	0	0	0	-1	18	0	34	0	-1	0	41
c12282	-1	7	0	23	32	14	2	10	18	0	0	0	-1	6	23	-1	0	0	31	0	6	-1	40	0	0	34	0	-1	10	-1
c12283	37	7	0	23	32	14	2	10	18	0	0	0	47	6	23	-1	-1	0	31	0	6	0	40	0	0	34	0	-1	10	41
c12298	37	0	0	0	32	0	2	41	0	0	8	0	47	6	50	0	0	0	0	32	-1	0	40	47	-1	34	0	-1	29	-1
c12304	-1	0	0	6	32	-1	-1	-1	0	18	0	0	47	6	18	0	-1	0	31	0	0	0	40	0	0	34	0	11	0	41
c12320	0	0	45	-1	32	0	-1	0	12	0	0	0	-1	6	0	0	-1	0	-1	-1	-1	29	40	-1	0	34	0	0	-1	41
c12333	37	0	-1	0	32	0	2	-1	31	0	-1	0	47	-1	0	0	40	0	0	32	-1	0	40	0	0	-1	0	0	0	41
c12334	50	0	-1	18	-1	0	2	-1	10	0	0	0	-1	6	10	-1	-1	0	0	0	11	-1	40	-1	0	34	0	0	-1	41
c12342	0	10	-1	18	32	0	2	-1	0	0	0	0	31	6	-1	-1	18	0	-1	0	0	0	40	-1	0	34	9	0	0	41
c12377	-1	0	6	18	32	0	2	-1	-1	18	0	-1	0	-1	0	-1	18	0	0	-1	0	-1	40	0	0	34	4	0	-1	41
c12381	0	-1	0	-1	32	0	2	0	-1	-1	0	0	34	6	0	0	18	0	10	41	-1	0	40	9	8	34	0	0	0	41
c12384	-1	0	6	10	-1	-1	-1	-1	26	0	-1	-1	47	6	23	-1	-1	0	31	-1	6	0	40	3	0	34	0	0	-1	-1
c12387	0	0	0	0	32	18	2	0	0	6	0	0	34	6	0	11	18	-1	0	41	-1	16	-1	-1	0	34	-1	0	0	41
c12393	50	0	6	-1	-1	14	2	0	-1	-1	0	0	0	6	10	-1	18	-1	-1	-1	0	-1	-1	46	0	34	-1	0	-1	41
c12395	0	14	-1	0	-1	-1	2	9	45	0	18	0	0	-1	0	-1	-1	0	0	39	0	-1	40	0	0	34	0	42	5	-1
c12410	29	6	0	42	32	-1	2	0	41	50	0	0	34	-1	0	-1	18	10	0	41	18	-1	40	9	0	34	0	0	8	41
c12421	0	0	-1	-1	32	0	2	0	0	0	0	0	0	6	-1	0	-1	0	0	-1	0	6	40	0	0	34	0	0	-1	41
c12432	37	0	9	0	32	0	2	0	0	32	0	0	-1	6	23	42	0	0	31	0	6	0	-1	0	18	34	-1	0	10	41
c12433	37	0	9	0	32	0	-1	0	0	32	0	0	47	6	-1	0	0	0	31	0	6	0	40	0	18	34	0	0	10	41
c12451	0	-1	6	18	32	0	-1	31	0	0	0	0	-1	6	-1	0	18	-1	0	14	0	0	40	0	0	34	10	0	-1	41
c12455	37	0	-1	14	32	0	2	0	0	0	0	12	47	6	-1	27	34	-1	22	-1	0	0	40	0	0	34	0	0	0	41
c12464	0	0	0	18	-1	20	2	45	12	0	10	0	-1	6	0	0	0	0	0	41	0	-1	40	5	0	34	0	0	0	41
c12465	0	0	0	18	32	20	2	45	-1	0	10	0	-1	-1	-1	0	0	0	0	-1	0	-1	40	5	0	-1	0	0	0	41
c12486	0	0	6	18	-1	0	2	29	22	0	50	-1	31	6	0	0	18	0	-1	0	0	42	40	0	0	34	10	42	9	-1
c12491	0	0	0	0	32	0	2	0	-1	-1	47	-1	-1	6	0	4	18	-1	0	41	3	0	40	9	6	-1	-1	-1	-1	41
c12506	0	50	-1	0	32	18	-1	34	0	-1	11	0	34	6	0	0	18	0	8	41	0	0	40	9	18	34	-1	0	0	-1
c12514	-1	0	6	18	-1	31	2	31	0	0	41	0	31	6	0	-1	18	0	0	0	-1	-1	40	-1	0	-1	0	-1	0	41
c12515	-1	0	6	18	32	-1	2	31	0	0	41	0	31	6	0	0	18	0	0	0	-1	-1	40	-1	0	-1	0	0	0	41
c12516	37	0	0	0	-1	0	2	0	-1	18	-1	45	-1	6	0	0	0	9	-1	-1	0	0	40	0	0	34	-1	0	-1	-1
c12524	18	0	6	18	32	0	2	-1	10	0	0	0	31	-1	0	0	-1	0	0	0	-1	0	-1	-1	0	34	6	0	0	41
c12526	37	34	0	0	32	0	-1	41	0	0	0	-1	47	-1	50	0	0	11	-1	32	-1	7	-1	0	0	34	-1	6	0	41
c12542	-1	14	0	0	32	-1	-1	9	45	-1	-1	0	0	6	-1	0	7	-1	10	39	0	31	40	-1	34	-1	18	14	-1	41
c12546	-1	0	6	18	32	0	2	0	-1	4	0	-1	0	6	8	-1	18	40	-1	-1	-1	26	40	0	0	34	0	0	0	41
c12555	37	10	-1	0	32	0	2	0	-1	0	-1	0	47	-1	5	-1	0	0	0	32	-1	22	-1	0	45	-1	45	0	0	41
c12562	-1	0	6	18	32	0	2	31	-1	0	0	0	31	6	42	-1	18	0	-1	45	18	0	40	0	-1	34	11	0	0	41
c12563	-1	0	6	-1	32	0	2	-1	0	0	-1	0	31	6	42	8	18	0	-1	45	18	0	-1	-1	-1	34	11	0	0	41
c12568	50	0	6	18	-1	0	2	40	10	0	0	0	0	6	10	-1	18	-1	0	0	0	7	40	46	0	34	0	0	-1	41
c12591	-1	47	6	18	32	-1	2	0	0	0	50	0	31	6	0	0	-1	45	-1	0	0	42	-1	7	39	34	-1	0	0	-1
c12599	37	0	11	18	-1	0	2	0	0	0	11	0	47	-1	50	0	0	12	0	32	-1	0	40	0	18	34	0	30	0	-1
c12605	-1	0	0	-1	32	-1	-1	0	-1	-1	0	0	47	6	50	0	8	0	0	32	-1	0	40	0	0	34	6	8	23	-1
c12611	37	0	-1	10	32	-1	2	-1	-1	0	-1	-1	47	6	23	6	31	10	31	0	6	0	40	3	0	34	0	-1	10	41
c12623	0	0	-1	18	32	50	2	0	0	0	6	45	10	6	22	10	18	-1	0	41	0	0	40	0	0	34	-1	0	0	41
c12628	0	41	0	0	32	0	2	0	0	0	-1	0	34	-1	0	-1	18	37	0	41	14	0	40	9	0	34	8	34	-1	41
c12629	0	-1	0	-1	32	0	2	-1	0	0	42	0	34	-1	0	-1	-1	37	0	41	14	0	-1	9	-1	34	8	-1	0	41
c12630	-1	-1	0	0	32	0	-1	9	45	0	18	14	0	-1	0	0	-1	-1	0	39	-1	0	40	0	0	34	-1	-1	-1	41
c12650	0	0	-1	0	32	0	2	-1	0	0	9	0	34	6	0	-1	-1	0	0	41	18	0	-1	9	-1	34	0	0	0	41
c12662	32	14	-1	0	32	-1	2	9	0	7	18	0	0	6	0	0	0	0	0	39	0	-1	-1	0	0	34	12	0	0	41
c12663	32	14	6	0	32	0	-1	-1	0	7	18	0	0	6	0	0	-1	0	0	39	0	0	40	0	0	-1	12	-1	0	41
c12676	0	32	-1	18	32	6	2	-1	9	-1	18	0	0	-1	0	0	43	-1	0	41	0	-1	40	0	0	34	0	0	0	41
c12684	0	0	-1	18	32	0	2	-1	0	0	0	0	31	6	0	10	18	-1	0	-1	0	0	40	-1	0	-1	0	0	0	41
c12685	0	-1	6	18	32	0	2	-1	0	0	0	0	31	-1	0	10	18	0	0	0	0	0	40	-1	-1	34	-1	0	0	-1
c12741	40	0	6	18	32	0	2	31	0	0	6	0	31	6	-1	-1	18	50	-1	34	18	0	40	0	42	34	0	0	45	41
c12743	0	0	6	-1	32	45	2	31	0	0	0	45	31	6	0	0	18	-1	0	0	18	18	40	0	34	34	41	0	0	41
c12768	37	-1	-1	0	32	-1	-1	-1	0	0	0	-1	47	6	-1	0	0	-1	0	32	-1	42	40	0	18	-1	0	0	0	-1
c12794	0	0	6	18	32	7	2	5	0	-1	-1	0	0	6	0	19	18	0	0	0	0	0	40	11	0	34	0	10	0	41
c12800	0	0	6	18	32	-1	2	5	0	0	0	10	0	6	0	0	18	0	6	-1	-1	0	40	11	0	34	0	10	-1	41
c12808	37	0	-1	0	32	0	2	0	0	0	6	-1	47	6	0	0	0	10	0	0	2	0	-1	-1	-1	34	0	0	0	41
c12810	-1	0	6	18	32	0	2	31	0	0	0	0	-1	6	0	0	18	0	29	-1	-1	-1	40	0	0	34	0	-1	0	41
c12812	-1	-1	0	-1	-1	18	2	0	0	0	-1	-1	47	6	50	-1	0	0	0	0	-1	0	40	0	-1	34	-1	0	0	-1
c12834	37	-1	41	0	-1	-1	2	42	-1	9	-1	10	47	6	-1	-1	0	34	31	-1	0	22	40	-1	0	-1	0	0	-1	41
c12841	37	-1	0	0	-1	0	2	0	0	0	0	10	47	6	50	-1	0	0	0	-1	-1	-1	40	-1	0	-1	10	0	0	41
c12850	0	14	6	0	-1	-1	-1	9	0	7	18	-1	0	6	0	-1	0	2	18	39	0	0	40	0	0	34	0	6	-1	41
c12861	-1	0	0	0	32	-1	2	10	0	44	-1	3	47	6	-1	0	0	0	31	0	2	0	40	-1	-1	-1	0	0	10	-1
c12870	0	0	0	0	-1	0	2	0	0	29	0	0	34	6	0	-1	18	0	-1	-1	34	-1	40	9	0	34	0	-1	-1	41
c12874	37	0	0	0	32	0	2	0	0	0	14	-1	47	6	-1	0	0	0	-1	32	-1	0	40	39	-1	34	0	7	-1	41
c12876	0	-1	-1	18	32	0	2	-1	0	0	0	0	-1	6	0	0	-1	0	29	0	-1	0	-1	0	-1	34	7	-1	0	-1
c12877	0	0	6	18	32	0	2	31	-1	0	0	-1	-1	6	0	0	18	0	-1	0	-1	0	40	0	0	34	7	-1	0	-1
c12882	40	-1	6	18	32	-1	2	31	0	14	0	-1	-1	6	0	0	18	50	29	0	18	4	-1	0	42	-1	0	0	0	41
c12895	37	0	18	0	32	0	2	-1	34	-1	-1	9	-1	6	-1	0	0	0	0	32	-1	-1	40	0	0	-1	-1	-1	18	41
c12903	0	-1	6	18	32	0	2	-1	0	-1	0	29	0	6	-1	0	-1	-1	0	14	32	34	40	44	0	34	0	0	-1	41
c12909	37	0	0	0	32	0	2	0	-1	0	-1	0	47	6	-1	46	45	-1	0	-1	-1	0	40	-1	0	34	11	0	8	41
c12930	0	19	-1	18	32	0	2	31	-1	0	0	0	31	6	0	0	18	0	0	14	0	0	40	0	0	-1	-1	0	0	41
c12934	-1	-1	-1	18	32	20	-1	0	-1	-1	0	29	0	6	0	0	18	0	18	31	0	34	40	45	18	34	0	0	10	41
c12962	32	14	6	0	32	0	2	9	0	7	18	0	0	6	0	10	0	0	0	-1	0	-1	40	0	0	34	0	0	0	41
c12963	32	14	6	0	32	0	2	9	0	7	18	0	0	6	0	-1	0	-1	-1	39	0	-1	40	-1	0	-1	-1	-1	-1	-1
c12964	37	0	0	45	-1	0	2	0	0	0	0	0	47	-1	0	0	0	0	0	32	-1	0	40	18	0	34	-1	0	0	41
c12971	-1	0	6	18	32	0	2	-1	0	0	0	0	31	6	0	-1	-1	-1	0	18	0	-1	40	-1	0	34	0	0	0	-1
c12982	-1	0	0	-1	32	0	2	41	0	0	0	-1	47	6	-1	0	0	-1	50	32	-1	32	-1	47	-1	34	0	0	29	41
c12986	0	0	6	18	32	45	-1	31	0	0	0	45	31	6	0	0	18	0	0	0	18	-1	40	0	0	34	41	0	0	41
c12988	37	0	-1	45	32	0	2	0	0	0	0	0	47	-1	0	0	0	0	10	32	-1	-1	40	18	49	34	14	0	0	41
c13000	37	-1	0	10	-1	31	-1	-1	-1	0	-1	-1	47	6	23	0	31	0	31	0	6	8	40	3	0	-1	0	0	-1	41
c13006	18	0	6	18	32	0	2	0	0	4	-1	-1	-1	6	0	-1	18	0	6	-1	0	26	40	-1	0	34	-1	0	0	-1
c13021	0	14	-1	0	32	29	2	9	41	7	18	18	0	6	0	0	0	0	6	39	-1	0	40	-1	0	-1	0	0	0	41
c13038	37	-1	0	0	32	0	2	0	0	-1	-1	-1	47	6	50	0	0	0	0	32	-1	0	40	19	-1	-1	0	0	-1	41
c13050	37	34	0	0	32	0	2	41	10	18	0	4	-1	-1	50	0	0	0	0	32	-1	0	40	47	-1	34	0	0	0	41
c13054	-1	-1	6	-1	-1	-1	2	31	47	10	0	-1	31	6	0	-1	18	-1	0	0	0	0	40	0	0	34	0	0	0	41
c13103	37	-1	0	39	-1	0	-1	0	0	-1	-1	-1	47	-1	0	0	-1	0	0	0	2	-1	-1	0	-1	34	0	0	0	41
c13108	0	0	-1	18	32	-1	-1	5	0	0	-1	0	0	6	-1	19	18	0	-1	0	0	0	40	11	0	34	0	10	6	41
c13110	37	-1	0	0	-1	-1	2	0	-1	-1	0	0	47	-1	-1	-1	10	-1	0	32	-1	-1	40	0	0	34	-1	18	0	41
c13119	0	19	6	-1	32	0	-1	31	0	0	0	0	31	6	0	11	18	0	-1	0	0	-1	40	-1	0	-1	0	-1	0	41
c13123	37	45	0	0	32	0	-1	-1	0	0	0	-1	47	6	50	0	0	0	0	32	-1	0	40	0	0	34	-1	0	32	-1
c13152	37	-1	0	0	-1	-1	2	0	14	0	0	0	47	6	-1	0	0	0	0	32	-1	0	40	0	30	34	-1	7	0	-1
c13155	0	14	0	-1	-1	0	2	-1	0	0	18	-1	18	6	31	0	-1	30	0	39	0	12	40	0	-1	34	-1	-1	-1	41
c13163	-1	0	6	18	32	0	2	-1	0	-1	-1	18	0	6	0	19	18	0	0	0	0	-1	40	11	-1	34	0	10	45	41
c13167	18	-1	9	-1	32	-1	2	0	0	0	50	31	-1	6	11	45	-1	-1	0	-1	0	0	-1	6	37	34	41	0	-1	41
c13194	37	-1	48	-1	32	-1	2	0	0	18	18	0	47	6	0	0	0	0	31	0	0	12	-1	0	0	34	-1	0	-1	41
c13198	0	-1	9	0	32	48	2	0	0	31	0	31	0	6	0	-1	26	40	0	0	-1	-1	-1	-1	10	34	41	18	0	41
c13218	37	0	0	0	-1	0	2	0	6	0	-1	0	47	6	0	0	0	0	21	-1	-1	-1	40	45	0	34	-1	7	34	41
c13219	37	0	0	0	32	0	2	0	6	0	-1	-1	47	6	0	-1	-1	0	21	32	-1	0	-1	45	-1	34	-1	7	34	41
c13223	41	0	0	10	32	0	-1	-1	42	31	34	-1	-1	6	10	0	18	0	34	41	0	-1	40	9	6	-1	0	0	0	41
c13232	-1	14	37	0	-1	0	2	-1	0	-1	-1	0	-1	6	0	47	-1	0	0	39	-1	-1	40	-1	-1	34	34	0	0	-1
c13235	-1	0	6	-1	32	34	2	31	0	0	0	0	-1	6	0	0	18	-1	0	18	0	-1	-1	-1	0	34	0	-1	0	41
c13242	0	0	-1	18	32	0	2	5	0	0	42	0	-1	6	0	0	18	0	0	-1	-1	-1	40	-1	-1	34	0	-1	0	-1
c13250	0	0	6	18	32	0	-1	31	0	0	0	0	31	6	0	0	18	0	0	0	-1	0	40	-1	0	34	-1	-1	0	41
c13251	0	-1	6	18	-1	0	2	31	0	0	-1	0	31	6	0	-1	18	0	0	0	0	0	-1	-1	-1	34	-1	18	-1	41
c13255	0	0	9	0	32	48	2	0	0	31	0	31	0	6	0	45	26	40	45	0	0	0	-1	0	10	34	41	0	0	41
c13273	37	0	0	0	32	0	2	7	-1	18	0	45	47	6	-1	-1	-1	0	31	-1	0	42	40	6	9	34	41	-1	0	41
c13282	23	0	0	-1	32	-1	2	0	0	0	0	0	-1	6	-1	0	18	0	8	41	-1	6	40	9	-1	34	0	-1	-1	-1
c13328	37	0	0	0	32	0	2	0	-1	18	-1	45	47	6	0	0	0	-1	-1	-1	0	0	40	-1	0	34	0	-1	0	-1
c13331	37	0	41	0	32	14	2	-1	0	-1	0	0	47	6	23	0	-1	0	-1	50	-1	0	-1	0	10	34	0	-1	10	41
c13339	0	0	9	0	32	48	2	0	0	31	0	31	0	6	-1	45	26	40	0	0	-1	0	-1	-1	10	-1	41	18	0	41
c13342	37	0	0	0	32	-1	2	0	0	-1	0	-1	47	6	14	0	-1	-1	0	32	-1	0	40	-1	0	-1	0	7	2	41
c13343	-1	0	-1	0	32	-1	-1	0	0	0	-1	0	47	6	14	0	0	-1	0	32	-1	0	40	0	0	34	0	7	2	41
c13368	37	0	0	0	32	0	2	0	0	0	0	0	47	6	50	0	0	-1	0	32	-1	0	-1	0	0	34	0	-1	0	41
c13369	37	0	0	0	32	-1	2	0	0	0	0	-1	47	6	50	0	0	-1	0	32	-1	0	40	-1	0	34	-1	0	-1	41
c13408	37	0	0	-1	32	-1	2	0	0	0	0	0	47	6	0	0	0	0	0	32	-1	0	40	-1	0	34	11	0	-1	41
c13446	0	0	6	18	32	-1	2	31	47	46	0	-1	31	6	0	0	18	-1	0	-1	0	0	40	-1	0	34	0	-1	0	41
c13464	1	0	-1	-1	32	-1	2	-1	-1	0	0	0	-1	6	0	-1	43	18	0	41	0	0	40	0	0	34	-1	-1	0	41
c13471	0	0	-1	0	32	0	-1	8	0	-1	0	0	-1	6	0	0	18	0	10	-1	0	0	-1	9	0	34	18	-1	0	41
c13486	10	-1	12	8	32	0	2	0	3	0	-1	-1	34	6	0	-1	18	0	50	41	0	43	-1	9	-1	-1	0	0	0	41
c13487	10	0	12	8	32	0	2	0	3	0	0	0	34	-1	0	0	18	0	50	41	0	43	-1	9	23	34	0	0	0	41
c13530	37	0	10	10	32	31	2	-1	18	-1	0	-1	47	6	23	11	31	0	31	0	6	0	40	3	0	34	0	-1	10	-1
c13548	37	0	0	0	32	0	2	15	-1	18	0	-1	47	6	-1	0	0	18	31	9	0	6	40	0	50	34	-1	0	-1	41
c13553	0	-1	35	0	-1	-1	-1	9	45	3	18	0	18	6	0	0	0	-1	0	39	-1	0	40	0	6	-1	0	18	0	41
c13573	37	0	7	-1	32	0	2	-1	0	-1	0	32	47	6	-1	-1	0	0	31	0	0	0	-1	-1	0	34	-1	-1	0	41
c13575	0	14	0	0	32	-1	2	9	0	-1	18	0	0	6	0	0	0	12	-1	-1	50	0	40	34	8	34	-1	-1	0	41
c13595	-1	0	0	0	-1	0	2	-1	45	32	0	0	34	-1	6	0	18	0	0	41	0	0	40	9	0	34	-1	0	-1	41
c13604	0	26	6	18	-1	0	2	31	0	0	-1	0	31	-1	0	47	18	2	0	0	0	0	-1	-1	-1	34	10	-1	0	41
c13605	-1	26	6	18	-1	0	-1	-1	0	0	-1	0	31	6	0	-1	18	2	0	-1	0	-1	40	-1	-1	34	-1	0	0	41
c13610	0	0	9	-1	32	48	-1	0	-1	31	0	31	0	6	0	45	-1	40	45	-1	0	0	-1	0	10	34	41	0	0	41
c13611	0	0	9	-1	32	48	2	0	0	31	0	-1	0	6	0	45	26	40	45	0	0	0	-1	0	10	34	41	0	-1	41
c13630	37	0	21	9	32	0	-1	-1	18	-1	0	-1	47	6	-1	0	-1	-1	0	32	-1	0	-1	-1	0	34	0	0	0	41
c13638	0	0	0	-1	-1	18	-1	0	0	6	0	-1	34	6	-1	0	18	-1	-1	41	0	0	-1	-1	0	-1	-1	0	0	41
