	0	1	2	3	4	5	6	7	8	9	10	11	12	13	14	15	16	17	18	19	20	21	22	23	24	25	26	27	28	29
c901	0	46	-1	0	-1	-1	0	39	5	0	-1	14	0	0	0	0	0	0	-1	0	-1	32	-1	0	-1	13	-1	0	0	0
c941	0	-1	0	0	0	35	7	-1	0	33	-1	0	-1	0	17	0	-1	0	0	0	28	22	-1	-1	0	0	-1	17	0	18
c1393	0	-1	0	0	0	0	-1	0	-1	24	17	-1	0	0	0	13	1	0	0	0	-1	0	0	39	0	-1	0	0	-1	10
c1532	-1	0	0	0	-1	7	-1	24	0	0	0	14	0	0	32	0	5	0	-1	0	0	0	0	-1	0	13	22	-1	-1	47
c1570	0	-1	0	33	0	-1	0	0	-1	24	0	-1	-1	0	0	13	0	12	17	47	0	-1	0	39	0	0	0	-1	24	0
c1595	0	0	-1	-1	8	-1	0	-1	5	0	22	-1	0	0	0	32	0	0	-1	-1	-1	0	28	0	0	13	0	0	0	0
c1733	-1	-1	0	15	-1	0	0	0	23	24	-1	-1	0	0	-1	13	0	-1	0	0	0	0	22	39	0	0	0	0	24	0
c1857	0	0	22	0	8	0	0	22	5	28	22	-1	0	0	0	0	0	0	-1	0	0	0	28	0	0	13	0	50	1	-1
c1898	0	-1	0	0	0	0	0	0	32	-1	-1	7	0	0	0	13	0	0	-1	0	-1	-1	0	-1	14	6	0	0	0	-1
c1916	0	0	22	-1	8	-1	0	22	5	-1	22	14	-1	0	-1	-1	-1	28	-1	0	19	-1	28	0	0	-1	0	-1	-1	-1
c1953	0	0	46	0	0	0	-1	0	0	-1	22	14	0	-1	12	0	0	-1	-1	43	0	0	0	-1	0	13	35	22	0	0
c1957	-1	-1	0	28	-1	0	-1	0	23	24	-1	-1	0	-1	0	13	0	0	0	0	0	0	0	39	0	0	-1	0	24	0
c2243	0	-1	32	-1	0	0	-1	11	0	24	22	0	0	0	41	13	-1	0	-1	0	0	0	17	39	0	-1	46	24	0	0
c2456	43	0	-1	-1	8	-1	0	0	5	9	22	14	0	-1	14	32	-1	0	-1	-1	-1	41	28	0	10	13	0	-1	22	-1
c2515	-1	-1	0	0	-1	0	-1	19	-1	-1	22	14	14	0	0	5	-1	0	-1	0	0	0	-1	0	43	13	22	32	-1	0
c2559	-1	0	22	0	8	28	0	0	-1	8	22	14	0	0	1	32	-1	0	-1	0	9	-1	28	10	0	13	10	-1	19	0
c2613	0	0	22	0	8	0	0	0	5	0	22	14	22	24	14	0	-1	0	-1	0	-1	0	28	0	-1	-1	0	0	1	0
c2818	0	0	22	0	8	9	0	0	-1	0	22	14	0	-1	0	32	0	-1	-1	0	-1	-1	28	0	-1	13	-1	0	0	17
c2911	-1	-1	0	0	0	50	-1	24	0	0	-1	14	0	0	0	-1	22	0	-1	18	0	0	0	41	0	13	11	0	44	47
c3099	1	37	-1	0	-1	0	-1	24	0	22	-1	14	23	0	0	7	22	0	-1	0	0	0	28	41	32	-1	-1	0	-1	-1
c3169	7	0	-1	0	0	0	-1	24	0	0	28	14	0	0	0	17	22	-1	-1	21	0	-1	0	41	0	13	19	0	0	47
c3267	49	0	22	0	-1	30	-1	-1	5	0	22	14	-1	41	0	28	-1	24	-1	0	-1	0	28	0	0	-1	0	0	0	0
c3284	0	0	22	0	8	0	0	-1	5	28	22	14	-1	0	0	32	0	-1	-1	0	28	0	-1	0	0	13	0	0	0	-1
c3411	0	-1	32	0	0	0	-1	24	0	-1	32	0	0	0	0	-1	-1	0	16	7	0	0	0	39	0	0	-1	-1	0	-1
c3445	-1	0	22	0	8	0	0	0	5	0	22	14	-1	0	0	0	0	0	-1	0	0	33	28	0	0	-1	0	50	1	0
c3578	0	0	-1	0	-1	0	0	35	5	0	-1	14	0	0	0	0	-1	-1	-1	0	0	-1	28	-1	0	13	0	-1	-1	0
c3605	0	-1	0	10	0	0	0	0	23	24	-1	-1	0	0	0	13	7	0	0	-1	0	0	-1	39	14	0	0	0	24	0
c3614	0	6	-1	0	8	31	-1	0	5	0	-1	14	-1	-1	28	0	-1	-1	-1	0	0	-1	28	0	0	13	0	0	14	0
c3670	7	0	0	-1	0	41	-1	24	0	0	0	14	0	-1	0	-1	22	0	-1	0	-1	1	49	-1	0	-1	20	22	-1	47
c3675	7	-1	20	32	-1	-1	0	-1	0	-1	-1	0	0	0	13	13	21	0	0	0	11	-1	0	39	-1	44	3	0	8	0
c3679	0	0	22	-1	8	30	0	0	5	0	22	14	0	28	-1	0	0	24	-1	32	0	32	28	0	0	-1	43	0	0	0
c3722	0	2	22	0	-1	30	13	-1	5	-1	22	14	0	-1	40	0	0	-1	-1	0	-1	-1	28	0	0	13	0	0	0	0
c3728	-1	0	0	0	-1	-1	0	24	0	0	0	14	23	32	22	0	22	33	-1	-1	0	22	28	41	0	13	30	0	-1	47
c3847	7	-1	28	0	0	0	0	-1	20	28	0	14	0	-1	0	-1	22	0	-1	0	0	12	-1	41	0	13	13	-1	0	47
c3872	0	0	22	0	-1	-1	-1	0	5	0	22	14	0	20	46	0	20	49	-1	0	-1	-1	28	-1	0	13	33	0	-1	0
c3957	0	40	-1	0	8	-1	0	0	5	-1	22	14	-1	49	0	0	32	0	-1	0	0	32	-1	0	0	13	0	0	0	0
c4047	20	-1	0	0	0	22	0	10	-1	32	0	0	-1	-1	17	-1	-1	-1	0	-1	-1	0	0	0	-1	0	0	0	32	-1
c4074	0	11	22	24	8	0	0	28	5	-1	22	14	-1	22	14	32	0	0	-1	0	0	20	28	0	-1	13	43	0	0	-1
c4164	0	0	7	-1	0	0	22	41	0	0	12	-1	0	32	0	-1	45	0	-1	32	0	0	-1	-1	-1	13	32	-1	0	41
c4187	0	46	-1	0	0	-1	0	24	32	-1	-1	14	0	0	-1	41	22	-1	-1	0	-1	-1	-1	-1	0	13	0	0	12	-1
c4227	20	-1	-1	0	0	10	0	0	11	0	0	0	0	22	17	0	0	-1	0	7	0	-1	0	-1	0	-1	41	0	32	18
c4337	32	-1	0	0	-1	10	-1	0	0	24	0	-1	0	32	7	13	0	0	0	0	0	0	0	39	0	0	43	32	35	-1
c4360	0	0	0	0	42	-1	0	24	0	-1	0	14	0	0	0	0	22	15	-1	0	0	0	0	41	0	13	49	0	-1	-1
c4428	-1	-1	30	-1	0	-1	-1	24	0	0	0	14	0	0	32	0	32	0	-1	0	-1	-1	0	0	-1	-1	0	46	0	47
c4442	0	0	22	0	8	0	0	0	5	0	-1	14	0	0	0	32	31	0	-1	0	0	-1	28	-1	-1	13	0	0	0	0
c4444	-1	0	28	0	0	-1	0	24	20	-1	0	14	0	0	-1	17	22	0	-1	0	0	0	-1	41	-1	13	13	0	0	47
c4512	0	-1	0	0	0	0	0	28	23	24	0	-1	-1	0	24	13	-1	0	-1	0	0	0	0	39	-1	0	0	20	24	0
c4554	1	0	-1	0	0	0	-1	24	-1	22	0	-1	23	0	0	7	22	0	-1	0	-1	0	28	-1	19	13	-1	0	-1	-1
c4565	40	-1	-1	0	0	-1	0	0	0	33	0	0	0	0	17	0	0	-1	0	32	0	0	0	15	0	22	0	-1	0	18
c4579	-1	-1	0	-1	0	0	25	-1	0	-1	0	11	28	28	0	13	-1	46	0	13	-1	0	0	-1	0	41	0	0	-1	0
c4643	7	0	0	0	50	0	0	-1	-1	0	28	14	0	0	0	17	22	-1	-1	21	0	0	0	41	0	13	0	-1	0	47
c4701	0	0	0	0	0	50	44	24	0	-1	0	14	22	10	38	13	22	0	-1	0	0	0	50	-1	0	13	49	-1	0	47
c4849	0	-1	0	0	0	10	0	0	0	33	0	0	0	0	17	-1	0	0	7	32	-1	0	0	0	-1	-1	34	0	0	18
c4860	0	-1	-1	0	0	-1	0	-1	23	-1	0	-1	0	1	0	13	0	0	17	47	0	22	0	-1	0	-1	0	20	-1	19
c4873	0	-1	44	-1	0	0	0	0	-1	33	-1	33	47	1	17	0	12	-1	-1	0	22	0	-1	0	17	0	0	12	-1	18
c4966	13	-1	-1	-1	0	0	0	0	23	24	0	-1	0	0	0	13	0	-1	17	0	48	22	0	39	0	40	43	20	24	0
c4972	0	-1	0	30	22	0	0	0	-1	24	0	0	0	6	0	13	-1	0	0	0	24	-1	17	39	0	0	0	-1	0	0
c4984	7	-1	0	0	0	0	0	24	0	-1	28	14	0	0	0	-1	22	0	-1	-1	0	0	-1	41	0	13	-1	0	0	47
c5044	0	-1	44	24	-1	20	-1	13	0	33	0	-1	0	0	17	0	-1	0	28	0	-1	13	-1	0	17	0	0	0	-1	18
c5048	0	-1	0	-1	28	-1	0	8	0	33	0	20	32	-1	17	0	24	-1	0	7	8	0	-1	0	-1	-1	24	0	0	18
c5087	0	0	22	0	8	30	0	-1	-1	0	22	14	-1	0	0	0	-1	0	-1	-1	0	0	-1	41	0	13	22	-1	0	0
c5111	7	0	32	0	23	0	28	24	28	-1	0	14	0	0	20	17	-1	-1	-1	0	0	22	15	41	0	13	15	0	-1	47
c5112	0	-1	0	0	-1	10	20	0	0	33	0	-1	43	22	-1	0	-1	28	-1	32	0	0	1	0	0	0	0	0	0	18
c5213	40	0	-1	0	19	39	-1	0	0	-1	22	14	0	0	0	0	0	0	-1	-1	-1	32	-1	-1	0	13	0	32	0	24
c5248	49	0	0	0	0	0	-1	0	-1	-1	22	-1	-1	10	0	0	0	28	-1	-1	-1	0	33	0	-1	13	7	7	0	17
c5317	1	0	0	0	-1	0	0	24	0	-1	0	14	23	0	22	20	22	-1	-1	0	7	0	-1	-1	0	13	30	0	-1	47
c5488	40	0	20	0	-1	0	0	24	0	0	41	14	0	15	0	50	32	-1	-1	0	-1	0	-1	-1	0	13	0	0	0	0
c5526	0	-1	-1	0	0	0	-1	0	23	24	0	-1	0	0	-1	13	50	-1	-1	0	0	22	0	-1	-1	0	0	20	24	0
c5532	0	-1	32	0	0	-1	-1	7	0	33	0	46	0	0	17	0	0	0	19	32	0	0	-1	0	0	0	0	0	0	18
c5558	0	0	22	0	-1	0	0	22	5	-1	22	-1	41	32	0	32	-1	20	-1	0	-1	0	28	0	0	13	0	22	0	-1
c5630	0	-1	0	0	-1	10	0	0	0	33	0	0	0	-1	17	0	0	0	7	32	28	0	0	0	0	0	34	-1	-1	18
c5662	-1	-1	0	-1	0	-1	0	-1	0	-1	0	0	42	0	0	13	-1	0	0	0	-1	0	28	-1	0	0	0	-1	0	0
c5690	-1	-1	-1	0	0	-1	0	0	0	-1	0	-1	0	-1	17	-1	-1	0	0	-1	0	-1	14	15	0	22	-1	0	0	18
c5722	-1	-1	0	0	0	0	-1	0	23	24	-1	-1	32	0	-1	13	-1	0	0	-1	0	0	0	-1	0	34	0	0	-1	0
c5735	0	-1	0	-1	0	0	0	-1	23	24	0	-1	0	-1	0	13	0	0	17	47	0	22	0	39	0	0	0	20	24	0
c5762	0	-1	-1	0	8	0	0	0	5	-1	22	-1	41	0	0	0	27	0	-1	0	0	0	28	-1	0	13	0	0	0	0
c5769	-1	44	0	0	-1	7	0	24	-1	0	-1	14	-1	0	32	0	22	-1	-1	-1	41	0	-1	-1	0	13	-1	0	8	47
c5789	40	-1	-1	46	24	0	-1	0	0	33	0	0	0	0	-1	34	0	0	0	32	0	-1	0	0	43	22	0	-1	0	18
c5835	0	-1	0	0	0	-1	42	-1	22	0	0	14	0	-1	0	0	22	6	-1	18	0	0	0	41	0	13	0	7	44	47
c5849	0	-1	-1	23	-1	-1	0	15	-1	33	13	0	0	42	17	18	0	0	34	0	0	0	-1	0	17	0	0	0	-1	18
c5881	0	0	46	0	10	0	-1	0	0	-1	22	14	0	0	12	-1	-1	-1	-1	43	0	-1	-1	24	0	13	35	0	20	0
c6011	24	-1	0	0	0	0	0	32	0	24	0	40	0	0	-1	13	0	0	-1	31	28	-1	0	39	0	0	0	0	-1	0
c6048	-1	-1	0	0	0	-1	0	24	-1	24	-1	0	0	0	0	13	-1	0	-1	0	0	-1	-1	39	-1	0	0	0	-1	0
c6097	0	46	22	0	8	0	0	-1	5	28	22	14	-1	0	41	-1	-1	0	-1	0	0	0	28	-1	-1	13	0	50	-1	-1
c6101	-1	0	-1	-1	8	-1	0	0	5	0	22	-1	-1	0	0	32	-1	-1	-1	-1	0	10	28	0	0	13	-1	-1	0	-1
c6116	7	7	0	0	17	-1	0	24	-1	32	-1	14	0	0	0	17	22	0	-1	0	-1	0	41	41	0	13	-1	-1	0	-1
c6144	-1	-1	0	30	-1	-1	0	-1	0	20	0	-1	-1	25	0	-1	0	-1	-1	0	-1	9	-1	0	0	13	30	7	41	-1
c6166	49	-1	22	19	-1	30	-1	0	5	-1	22	14	0	0	0	28	43	24	-1	0	-1	0	28	15	0	13	0	0	22	0
c6211	7	0	-1	17	0	0	0	-1	0	0	28	14	-1	0	0	17	22	0	-1	21	0	0	-1	-1	19	13	0	-1	0	47
c6264	0	15	-1	22	8	-1	0	0	-1	0	22	14	-1	0	-1	0	0	-1	-1	0	0	43	28	0	-1	13	-1	-1	20	0
c6274	-1	0	-1	0	8	0	0	0	5	0	22	14	0	0	0	41	0	0	-1	0	0	0	28	3	-1	-1	-1	-1	0	-1
c6291	0	-1	0	-1	0	0	-1	-1	23	24	33	-1	0	1	-1	13	0	20	17	47	0	22	0	39	-1	0	0	20	24	-1
c6301	-1	-1	0	8	0	0	0	0	-1	24	0	-1	0	-1	0	-1	-1	0	0	0	0	0	-1	39	0	0	0	24	-1	0
c6318	-1	-1	0	0	0	10	0	-1	0	33	35	0	0	-1	17	-1	0	0	7	32	0	0	0	0	0	0	34	0	0	-1
c6332	-1	0	0	0	0	0	-1	17	0	-1	22	14	-1	0	0	0	0	-1	-1	-1	-1	0	0	30	-1	13	0	0	7	-1
c6355	1	0	0	0	-1	0	0	-1	43	-1	0	14	23	0	0	0	-1	0	-1	-1	0	0	28	41	0	-1	0	-1	-1	47
c6393	-1	23	22	-1	8	0	-1	-1	5	0	22	14	0	11	43	-1	0	0	-1	0	-1	32	28	35	0	-1	0	0	0	17
c6395	0	-1	0	0	13	0	0	-1	0	33	0	0	-1	0	17	0	0	0	0	0	0	22	-1	32	-1	28	0	17	0	18
c6402	0	23	-1	0	19	-1	-1	0	0	-1	22	14	13	-1	28	17	0	0	-1	0	0	0	43	0	-1	13	0	-1	0	0
c6429	-1	-1	-1	-1	50	22	0	10	7	0	0	-1	24	-1	-1	0	0	0	0	7	-1	-1	6	8	0	-1	43	13	32	18
c6430	0	-1	0	37	-1	0	0	0	23	24	17	-1	0	0	-1	-1	0	0	41	0	0	0	-1	39	0	-1	-1	0	-1	0
c6451	0	0	0	0	32	0	12	24	-1	-1	0	14	0	0	0	-1	22	0	-1	7	32	0	-1	41	0	13	-1	7	0	47
c6458	0	0	22	0	8	0	17	0	5	13	22	14	0	0	0	-1	0	0	-1	11	-1	0	28	0	0	13	-1	0	7	0
c6461	-1	0	22	0	8	0	31	-1	5	0	-1	14	0	20	0	0	9	49	-1	0	0	0	28	-1	0	13	0	22	0	46
c6468	0	-1	0	0	35	0	0	0	0	-1	0	-1	0	6	0	13	-1	-1	0	0	24	0	17	39	-1	0	0	9	0	0
c6490	0	0	-1	30	8	31	17	-1	5	32	22	14	-1	0	0	0	35	-1	-1	0	0	43	28	0	0	13	0	0	14	0
c6501	7	0	-1	-1	17	0	-1	-1	0	0	0	14	0	0	0	17	22	0	-1	0	0	0	41	-1	0	-1	0	43	4	47
c6529	0	-1	23	-1	41	0	0	0	-1	24	0	22	0	0	0	13	-1	-1	41	0	0	31	0	-1	0	0	0	0	0	-1
c6532	7	0	-1	28	8	0	-1	0	-1	0	22	14	0	0	41	0	0	0	-1	0	-1	-1	28	0	-1	13	0	0	20	0
c6544	0	-1	22	0	-1	30	0	0	5	0	-1	14	0	0	-1	0	-1	-1	-1	0	-1	0	28	0	-1	-1	0	-1	0	0
c6564	13	0	22	0	-1	0	31	0	5	0	-1	14	0	43	-1	32	0	-1	-1	0	0	0	28	0	0	13	0	0	0	-1
c6580	0	-1	27	22	0	0	0	-1	23	24	0	-1	0	-1	0	13	0	0	17	47	-1	22	0	-1	0	-1	-1	20	-1	0
c6581	-1	-1	0	22	0	0	0	-1	-1	24	-1	-1	0	0	0	13	0	0	17	47	0	22	0	-1	0	0	0	20	24	0
c6617	0	22	22	0	8	0	0	0	5	0	22	14	0	0	-1	32	0	0	-1	0	-1	-1	-1	0	0	13	-1	0	-1	-1
c6618	0	-1	30	0	16	0	0	22	0	24	0	22	0	0	-1	13	-1	7	0	0	0	31	-1	-1	0	0	0	17	6	0
c6701	-1	-1	0	0	-1	0	0	0	23	24	0	-1	0	0	33	13	0	-1	17	0	-1	32	-1	-1	0	-1	28	20	-1	-1
c6705	-1	-1	0	0	0	0	0	0	23	-1	19	-1	-1	0	22	13	0	0	0	0	0	28	0	-1	0	0	-1	0	-1	-1
c6713	0	0	22	-1	8	9	6	0	5	0	22	14	0	0	0	32	0	-1	-1	24	-1	0	28	0	-1	13	32	-1	0	8
c6717	-1	-1	0	-1	0	0	0	0	23	24	-1	-1	0	19	0	13	0	0	0	0	0	0	0	39	-1	0	0	0	24	29
c6763	0	0	22	24	8	-1	0	0	5	0	-1	14	-1	0	14	32	0	0	-1	0	0	0	28	0	0	13	0	0	0	-1
c6774	0	0	22	17	8	0	0	0	5	0	-1	-1	41	-1	-1	0	15	0	-1	2	0	23	28	0	0	13	0	0	1	-1
c6802	-1	0	-1	0	8	0	0	0	5	0	-1	-1	41	0	-1	0	-1	0	-1	0	0	0	28	-1	0	13	0	-1	20	-1
c6822	0	46	22	0	8	0	0	-1	-1	0	22	-1	0	0	0	32	0	0	-1	0	0	0	28	0	0	13	-1	0	0	0
c6836	44	-1	0	0	0	-1	0	24	0	-1	32	-1	0	0	0	13	-1	0	0	7	0	0	-1	39	0	0	0	-1	28	0
c6853	-1	17	30	-1	0	7	0	24	-1	0	0	14	0	8	32	0	32	0	-1	0	-1	0	0	0	0	-1	0	46	0	47
c6894	0	0	22	0	8	26	-1	0	5	15	22	14	22	0	1	32	0	-1	-1	0	17	0	28	0	-1	-1	22	-1	0	0
c6975	0	-1	22	40	8	-1	17	0	5	-1	22	14	0	0	0	32	35	0	-1	11	0	32	28	0	0	13	0	0	0	-1
c7037	0	0	22	-1	8	-1	17	0	5	0	-1	14	-1	0	13	32	35	35	-1	11	0	-1	-1	0	-1	-1	0	0	-1	0
c7052	0	-1	-1	0	0	0	0	0	0	24	-1	7	-1	0	0	13	0	0	-1	-1	14	-1	0	39	8	0	0	0	0	18
c7059	-1	-1	49	0	-1	0	-1	0	0	24	-1	22	0	0	-1	13	-1	0	-1	0	0	0	17	-1	0	-1	0	0	0	0
c7070	0	0	-1	0	-1	-1	0	-1	5	22	-1	-1	50	-1	0	0	0	-1	-1	17	0	-1	28	-1	-1	13	0	-1	0	0
c7094	0	-1	0	0	0	41	0	0	-1	24	0	0	0	0	0	13	-1	0	0	0	0	0	0	39	0	0	0	0	0	-1
c7116	0	-1	0	0	-1	-1	-1	0	0	-1	8	0	0	0	17	0	0	0	7	-1	0	0	0	0	0	0	-1	-1	0	18
c7176	0	-1	0	-1	0	0	0	0	0	33	31	-1	0	0	17	33	-1	1	12	32	0	-1	-1	0	-1	0	-1	0	33	-1
c7198	24	-1	0	0	22	0	0	0	0	24	0	40	0	0	-1	13	0	0	-1	0	-1	-1	0	39	0	0	46	0	0	0
c7226	0	0	-1	0	8	-1	17	0	5	-1	22	14	0	-1	0	0	0	0	-1	-1	0	0	-1	0	0	13	-1	24	14	6
c7271	1	7	0	0	0	0	0	24	-1	0	-1	14	23	31	0	42	-1	-1	-1	0	-1	-1	-1	41	19	13	31	-1	-1	-1
c7291	0	0	-1	0	8	0	0	-1	5	44	22	-1	0	0	0	0	-1	0	-1	0	0	-1	-1	0	0	13	0	43	0	-1
c7301	0	0	22	33	8	9	6	0	-1	0	22	14	0	0	0	32	0	0	-1	24	22	0	28	0	0	13	32	-1	0	8
c7312	41	-1	0	23	0	-1	9	0	-1	-1	10	0	-1	0	17	0	0	17	34	0	-1	0	-1	0	-1	0	0	0	0	18
c7314	49	0	22	-1	8	30	0	0	-1	0	22	14	-1	-1	-1	28	0	-1	-1	-1	-1	0	28	0	0	13	-1	-1	0	0
c7414	0	0	-1	0	32	-1	30	24	0	33	-1	14	0	0	0	32	22	0	-1	7	0	-1	-1	41	0	13	-1	-1	0	-1
c7430	-1	0	30	7	0	7	0	24	0	0	0	14	33	17	32	43	32	0	-1	0	0	28	0	-1	0	13	-1	-1	40	47
c7443	-1	0	32	0	23	0	0	24	28	0	0	14	0	0	20	17	22	0	-1	0	0	0	0	41	0	13	22	0	-1	47
c7451	12	-1	0	7	0	10	35	0	0	24	0	0	19	0	-1	13	-1	0	0	0	-1	-1	0	39	0	0	24	28	0	0
c7454	0	0	22	0	8	-1	0	0	5	22	22	14	0	-1	7	32	-1	-1	-1	0	0	0	-1	-1	0	13	-1	0	0	-1
c7502	0	-1	-1	0	0	0	0	0	-1	33	0	0	-1	0	-1	0	22	0	19	32	-1	-1	0	0	0	0	-1	0	0	18
c7524	-1	-1	-1	8	0	0	0	0	23	-1	0	-1	-1	0	-1	13	0	0	0	-1	-1	-1	-1	39	0	-1	0	0	24	0
c7589	-1	13	30	7	0	7	0	24	0	-1	-1	14	-1	0	32	0	32	0	-1	-1	16	22	-1	0	0	13	0	-1	0	47
c7603	-1	7	-1	0	0	0	0	24	0	0	-1	14	23	7	0	-1	22	0	-1	0	-1	0	28	41	0	13	31	-1	-1	-1
c7649	-1	-1	0	0	7	0	-1	0	0	24	0	40	-1	0	9	-1	-1	0	0	0	0	0	17	39	0	-1	0	0	-1	-1
c7677	0	22	-1	0	8	22	0	-1	5	-1	22	14	-1	0	0	0	0	0	-1	-1	0	0	28	0	0	13	0	-1	20	0
c7729	-1	-1	0	0	0	0	0	0	23	24	0	-1	0	-1	0	13	0	-1	17	0	28	-1	0	39	-1	0	0	-1	24	-1
c7736	1	-1	0	0	0	0	0	-1	-1	0	-1	14	23	31	32	0	22	0	-1	25	-1	0	28	41	19	13	31	-1	-1	-1
c7755	0	-1	0	0	0	-1	-1	0	-1	-1	32	17	22	0	0	13	-1	-1	-1	0	7	0	0	-1	-1	0	0	30	0	0
c7759	0	-1	24	13	0	0	0	0	0	-1	-1	0	-1	0	0	-1	46	32	-1	0	13	-1	0	39	0	-1	9	0	0	0
c7781	0	6	-1	-1	8	31	22	0	5	0	22	14	0	-1	28	0	0	-1	-1	0	32	0	28	0	0	-1	0	-1	14	-1
c7811	-1	-1	41	0	0	0	0	23	23	-1	0	-1	-1	0	-1	-1	-1	-1	0	0	-1	0	0	-1	-1	-1	-1	0	-1	-1
c7839	0	0	22	-1	8	0	31	-1	5	0	22	-1	-1	20	0	0	9	49	-1	0	-1	0	28	-1	0	13	0	0	0	46
c7886	6	-1	34	23	-1	12	0	0	24	33	-1	20	0	22	17	0	0	0	0	0	-1	-1	-1	0	-1	0	-1	33	0	18
c7897	-1	-1	0	0	0	0	-1	0	0	24	-1	0	0	0	-1	13	-1	-1	0	0	0	0	17	39	0	-1	-1	-1	0	28
c7913	-1	-1	0	0	0	0	0	0	23	24	0	-1	0	-1	33	13	7	-1	17	-1	-1	0	9	39	0	0	0	-1	24	14
c7946	0	-1	31	23	0	0	0	0	8	33	0	27	0	32	17	0	0	24	34	0	-1	32	-1	0	17	0	43	0	22	18
c7978	7	-1	0	22	17	-1	0	-1	-1	0	0	14	0	0	-1	-1	-1	0	-1	0	0	0	41	41	0	13	-1	0	-1	47
c8000	12	-1	0	7	-1	10	-1	-1	49	24	0	0	0	0	0	13	0	0	0	0	-1	24	-1	39	0	7	-1	0	23	-1
c8029	-1	-1	49	0	-1	-1	-1	-1	0	24	-1	0	0	0	0	13	-1	0	0	0	0	0	17	39	0	0	0	0	0	0
c8039	0	-1	0	0	-1	31	41	0	0	24	0	0	-1	0	-1	13	0	0	0	0	0	43	32	39	0	0	3	0	-1	-1
c8092	-1	-1	0	0	-1	-1	0	-1	23	24	-1	-1	-1	0	0	-1	0	0	17	47	0	22	-1	39	-1	0	0	20	24	0
c8093	-1	-1	-1	-1	-1	-1	-1	-1	23	24	0	-1	22	-1	0	-1	-1	0	17	47	0	22	0	39	0	-1	0	20	24	-1
c8132	0	-1	30	16	16	0	0	0	28	24	0	22	0	0	0	13	-1	7	-1	0	0	31	0	39	-1	0	0	17	0	0
c8137	0	-1	-1	12	-1	31	0	0	-1	-1	22	-1	17	32	0	37	0	0	-1	0	-1	0	28	0	-1	13	0	0	0	0
c8138	0	32	7	0	47	0	0	41	0	-1	-1	-1	0	32	0	-1	-1	0	-1	0	0	0	34	-1	43	13	14	0	32	24
c8145	0	0	-1	0	8	0	31	0	5	0	22	14	-1	20	0	0	9	49	-1	0	-1	0	28	-1	0	13	0	0	0	-1
c8208	0	0	0	-1	0	50	42	24	0	0	0	14	-1	0	-1	35	22	0	-1	0	0	0	0	41	5	-1	0	0	-1	-1
c8209	0	0	0	0	0	50	42	24	-1	0	-1	-1	-1	0	0	35	22	0	-1	0	-1	0	0	41	5	13	-1	0	0	47
c8214	0	-1	0	0	0	11	0	-1	0	-1	-1	0	-1	0	0	13	-1	0	0	0	13	0	20	39	0	24	0	0	0	0
c8246	1	7	0	-1	-1	-1	0	24	-1	0	15	-1	23	0	0	0	-1	0	-1	46	-1	0	-1	41	19	13	31	-1	-1	-1
c8265	7	0	-1	0	0	0	-1	-1	20	28	0	14	0	0	0	17	22	0	-1	0	-1	0	0	41	0	13	13	-1	0	47
c8281	-1	0	0	0	0	0	0	24	0	-1	28	14	0	0	0	17	22	-1	-1	21	0	-1	0	41	0	-1	0	-1	0	-1
c8303	0	-1	0	23	0	12	-1	0	0	33	0	20	-1	22	17	0	0	0	0	0	0	0	-1	-1	-1	0	32	0	0	18
c8332	-1	0	17	0	0	7	-1	24	32	0	0	14	-1	0	32	-1	0	0	-1	0	41	0	0	0	0	-1	22	0	8	47
c8340	0	-1	0	23	13	0	-1	0	28	33	13	0	0	0	17	0	0	0	34	24	-1	0	-1	-1	17	0	0	0	-1	18
c8385	0	0	22	0	8	0	0	22	5	0	-1	14	0	0	41	32	-1	0	-1	-1	0	0	28	32	0	13	0	32	0	-1
c8400	-1	0	0	0	0	-1	-1	24	-1	-1	0	14	0	0	-1	17	22	0	-1	0	12	-1	0	41	40	-1	23	8	0	47
c8428	-1	-1	0	0	0	0	0	0	0	24	0	0	5	-1	-1	13	0	-1	0	0	0	0	0	39	0	0	3	0	0	8
c8439	-1	0	-1	7	0	-1	0	24	0	0	0	14	0	0	-1	0	32	0	-1	0	0	0	0	0	0	13	0	46	-1	47
c8456	0	0	22	0	8	0	31	-1	5	0	22	14	0	-1	0	0	0	49	-1	-1	8	0	28	-1	-1	13	32	0	0	-1
c8521	-1	-1	44	0	0	0	7	0	0	33	0	0	0	0	17	28	0	0	-1	0	0	-1	-1	0	17	0	0	-1	0	18
c8566	0	0	-1	0	8	22	0	-1	5	0	22	-1	0	0	13	7	28	0	-1	41	35	0	28	0	-1	13	0	0	20	0
c8572	-1	0	-1	0	8	0	32	-1	5	-1	22	14	0	0	0	24	0	-1	-1	0	-1	0	-1	41	0	13	-1	50	1	-1
c8575	0	0	22	13	8	0	0	0	5	0	-1	14	-1	17	-1	32	0	13	-1	0	0	0	-1	0	-1	13	0	0	22	-1
c8597	-1	-1	44	0	0	2	0	-1	0	-1	0	17	0	0	17	0	-1	0	-1	-1	-1	0	-1	0	17	0	0	-1	-1	18
c8613	0	-1	0	0	0	-1	0	-1	0	33	0	7	-1	0	17	0	0	13	0	-1	0	22	-1	0	0	-1	0	17	0	18
c8628	40	-1	-1	46	-1	0	24	-1	0	-1	0	-1	0	0	-1	0	0	0	0	32	-1	0	-1	22	0	22	-1	-1	0	18
c8684	0	0	-1	0	8	0	0	0	5	24	22	14	0	0	-1	0	-1	0	-1	18	28	45	28	0	0	13	0	43	0	0
c8734	0	-1	0	-1	0	0	0	35	23	24	0	-1	-1	0	6	13	0	-1	17	0	0	22	-1	-1	28	24	0	20	24	0
c8746	0	0	22	0	8	0	0	43	-1	0	22	14	-1	0	0	0	-1	0	-1	-1	22	-1	-1	-1	7	13	-1	-1	1	0
c8766	1	0	0	0	0	0	0	24	43	-1	0	14	23	-1	0	32	22	0	-1	-1	0	0	28	41	0	-1	0	0	-1	47
c8769	0	0	0	0	-1	-1	0	24	0	-1	0	14	0	0	0	28	22	-1	-1	22	0	0	-1	-1	22	13	-1	-1	0	47
c8775	28	-1	22	0	-1	-1	17	0	5	-1	22	14	0	0	-1	32	0	0	-1	11	42	0	-1	0	0	-1	0	-1	0	0
c8790	-1	-1	0	0	0	20	0	24	-1	-1	19	14	0	0	0	17	22	0	-1	0	-1	0	0	41	0	13	0	-1	0	-1
c8802	-1	0	22	0	8	21	32	0	5	28	22	14	0	-1	0	0	0	-1	-1	-1	0	0	28	0	0	13	-1	50	1	20
c8834	1	-1	0	0	0	0	-1	-1	0	0	0	14	-1	0	0	0	22	0	-1	-1	-1	0	28	41	0	13	31	-1	-1	-1
c8840	-1	-1	0	8	0	0	-1	0	-1	24	0	-1	0	0	0	13	0	0	0	-1	0	0	-1	-1	0	0	43	0	-1	0
c8841	-1	-1	0	8	0	0	0	0	23	24	0	-1	0	0	0	13	-1	0	0	0	0	-1	-1	39	0	0	43	0	-1	0
c8868	22	-1	50	0	0	0	7	0	0	33	0	0	-1	0	17	22	0	0	0	41	0	22	-1	0	22	0	0	0	33	18
c8877	44	22	-1	0	8	0	0	0	5	22	22	14	0	49	0	25	32	-1	-1	0	-1	-1	-1	0	-1	-1	0	0	0	0
c8878	-1	-1	30	7	0	-1	0	24	17	-1	0	14	0	7	32	0	46	-1	-1	0	-1	5	0	0	0	13	0	46	0	47
c8880	0	0	22	13	8	12	0	-1	-1	0	22	14	0	17	0	32	0	-1	-1	0	0	22	28	0	0	13	-1	0	-1	-1
c8889	0	-1	44	-1	22	0	0	0	0	33	32	0	0	0	-1	0	0	-1	-1	0	0	0	-1	0	17	0	0	0	0	-1
c8896	-1	0	22	0	8	-1	0	0	5	0	22	14	0	0	0	32	0	0	-1	1	22	0	28	0	-1	13	28	0	-1	0
c8928	0	-1	-1	0	44	0	0	24	-1	-1	32	-1	0	-1	0	13	-1	-1	0	7	0	0	22	39	-1	-1	0	0	0	0
c8930	-1	-1	-1	0	0	0	0	0	0	24	-1	-1	0	6	-1	13	-1	0	0	0	24	-1	17	39	-1	0	12	-1	0	0
c8935	-1	-1	43	0	0	0	0	0	23	-1	0	-1	0	19	22	13	10	0	0	0	0	-1	-1	39	0	0	-1	0	24	0
c8957	7	0	40	0	0	41	0	-1	0	-1	0	-1	0	0	-1	17	22	0	-1	0	0	1	-1	41	0	13	20	13	0	47
c8964	7	-1	0	0	0	0	0	0	0	33	0	0	-1	-1	-1	-1	0	22	-1	0	0	22	-1	0	0	17	0	17	0	18
c9000	0	0	22	33	8	9	22	20	-1	24	22	14	0	0	0	-1	0	41	-1	0	22	0	28	-1	0	13	20	12	0	0
c9037	0	-1	46	0	-1	25	-1	0	41	-1	22	14	22	0	12	0	0	0	-1	43	-1	-1	7	24	0	13	35	26	-1	-1
c9040	0	6	-1	-1	8	31	0	0	-1	-1	22	14	0	22	0	0	0	0	-1	0	0	0	28	0	0	13	0	0	14	0
c9044	22	-1	0	0	-1	46	25	0	24	24	0	11	17	-1	0	13	-1	46	-1	13	-1	-1	0	39	-1	-1	-1	0	-1	28
c9090	0	0	22	33	8	9	0	0	-1	-1	22	14	0	0	0	32	0	0	-1	24	22	-1	28	0	-1	13	0	0	-1	8
c9114	0	-1	22	0	8	30	0	0	5	0	22	14	0	-1	0	28	0	24	-1	0	0	0	28	0	0	13	26	0	0	22
c9119	0	-1	47	-1	0	0	0	41	23	-1	0	-1	0	-1	0	13	50	0	17	0	0	22	0	39	0	0	0	20	24	46
c9120	1	0	0	0	0	0	-1	24	43	22	-1	-1	23	32	0	-1	-1	0	-1	0	-1	-1	-1	41	0	13	0	0	-1	47
c9125	0	-1	0	-1	0	0	0	0	23	24	-1	-1	0	0	33	13	0	-1	17	0	0	0	-1	39	0	0	0	20	24	14
c9144	-1	-1	-1	7	0	-1	0	24	-1	-1	0	-1	0	0	32	-1	32	0	-1	0	0	0	0	0	0	13	0	46	0	47
c9162	7	-1	28	0	0	0	-1	24	20	7	0	14	0	0	-1	17	22	0	-1	41	-1	0	0	41	0	13	13	0	0	47
c9178	0	0	-1	14	8	31	0	-1	5	0	-1	14	0	0	0	0	-1	0	-1	0	0	7	28	0	0	13	-1	0	14	0
c9184	-1	-1	28	0	0	0	0	0	23	-1	0	-1	0	-1	0	13	41	0	17	0	0	22	-1	39	0	9	-1	20	24	32
c9185	-1	-1	-1	0	0	0	-1	0	23	-1	0	-1	0	0	0	13	41	0	17	0	0	22	-1	39	0	9	0	20	24	32
c9188	28	0	-1	-1	0	0	-1	0	0	-1	22	-1	-1	10	0	0	0	24	-1	0	-1	0	-1	-1	0	-1	-1	7	0	0
c9205	-1	-1	-1	0	-1	17	0	-1	-1	-1	-1	0	5	0	0	13	-1	0	-1	-1	14	-1	0	39	0	0	0	0	0	18
c9216	-1	0	-1	5	32	0	12	24	-1	-1	0	14	0	0	-1	28	22	0	-1	7	0	0	-1	41	-1	13	-1	7	0	47
c9234	-1	0	7	0	32	39	0	24	0	-1	0	14	0	14	-1	0	-1	0	-1	7	0	-1	-1	41	0	13	-1	-1	0	47
c9245	-1	-1	-1	-1	0	0	-1	-1	0	24	-1	0	0	0	-1	13	-1	0	0	0	0	0	-1	-1	-1	0	0	-1	0	0
c9266	-1	0	0	28	-1	-1	42	24	0	0	0	14	28	-1	0	0	22	-1	-1	18	0	0	0	41	12	-1	0	17	-1	47
c9271	7	0	0	0	0	-1	-1	17	0	-1	22	14	-1	0	-1	0	0	-1	-1	0	-1	0	0	0	0	13	0	0	7	14
c9285	41	0	-1	0	-1	0	0	0	5	0	-1	14	41	-1	31	0	0	-1	-1	1	31	-1	28	32	-1	13	0	0	0	0
c9288	0	-1	0	23	13	0	31	-1	28	33	13	0	0	-1	17	0	0	0	34	-1	0	24	-1	0	17	0	20	20	0	18
c9308	0	0	22	-1	8	0	0	-1	5	0	22	14	0	0	0	32	0	-1	-1	0	0	0	28	0	0	13	0	0	-1	-1
c9332	7	0	0	0	0	0	0	24	0	0	28	14	0	0	-1	17	22	0	-1	21	0	0	0	-1	0	13	-1	-1	0	-1
c9334	0	-1	-1	0	0	0	-1	0	0	-1	32	17	22	-1	0	13	-1	-1	0	-1	7	0	-1	39	28	0	0	30	-1	0
c9341	0	22	22	-1	8	9	-1	0	5	0	22	14	-1	0	0	32	0	-1	-1	-1	22	0	28	0	0	13	-1	0	0	0
c9343	0	-1	0	0	0	5	0	0	0	24	-1	0	0	0	0	13	0	0	-1	33	-1	-1	0	39	0	22	0	0	28	17
c9387	-1	0	0	7	-1	7	0	24	-1	0	0	14	0	32	32	0	0	-1	-1	33	0	0	0	-1	-1	-1	0	46	-1	-1
c9419	0	0	-1	0	8	31	17	0	5	-1	22	-1	0	-1	-1	0	0	-1	-1	0	-1	10	-1	0	0	13	0	0	-1	6
c9440	0	-1	-1	7	8	7	0	0	5	0	-1	14	0	0	0	0	0	0	-1	0	22	0	28	-1	0	13	0	43	0	-1
c9452	0	-1	0	0	0	0	0	0	23	24	0	-1	0	-1	0	13	-1	0	17	0	-1	22	0	39	0	24	0	20	24	0
c9465	49	-1	22	0	8	30	-1	-1	5	0	-1	14	-1	0	0	28	16	24	-1	-1	-1	0	28	0	20	13	0	0	35	-1
c9494	0	-1	0	43	-1	-1	0	24	0	0	-1	14	32	0	0	-1	-1	-1	-1	-1	0	0	-1	-1	0	13	-1	7	10	47
c9503	7	0	0	-1	-1	0	0	24	0	0	28	14	-1	0	0	17	22	0	-1	21	0	0	0	41	19	13	0	-1	-1	47
c9505	0	0	-1	0	8	0	0	0	-1	0	-1	14	-1	0	-1	0	0	0	-1	0	28	-1	28	0	0	13	0	43	0	0
c9520	0	35	0	0	28	50	42	24	0	0	0	14	-1	-1	0	0	22	6	-1	-1	-1	0	0	41	0	-1	0	7	44	-1
c9541	20	-1	28	-1	-1	0	0	0	0	0	0	0	0	-1	-1	0	-1	0	-1	-1	-1	-1	0	0	0	-1	22	0	32	-1
c9549	0	-1	-1	0	-1	0	0	0	41	33	0	0	0	22	17	0	13	0	0	32	0	-1	-1	0	-1	0	50	-1	0	18
c9592	0	0	22	0	-1	9	0	0	5	0	22	14	0	0	0	32	0	0	-1	50	22	0	28	-1	32	13	28	0	0	0
c9595	-1	0	-1	-1	10	7	0	24	0	0	0	14	0	-1	32	41	-1	0	-1	-1	0	0	0	0	32	13	22	46	0	47
c9612	0	0	22	0	8	30	0	0	5	-1	22	14	-1	0	32	0	22	0	-1	13	0	0	28	0	0	13	0	-1	0	0
c9622	0	-1	-1	-1	0	0	0	-1	0	24	0	0	-1	14	0	13	0	0	0	0	41	0	0	39	0	17	-1	0	0	0
c9634	0	-1	0	0	0	-1	-1	-1	0	33	6	0	-1	0	17	0	0	-1	0	-1	0	22	-1	0	0	0	0	17	42	18
c9635	0	-1	0	0	-1	-1	0	-1	0	33	6	0	-1	0	-1	0	0	0	-1	0	0	22	-1	0	0	0	0	17	0	18
c9703	-1	-1	0	8	0	0	0	23	23	24	0	-1	33	0	0	13	0	0	34	33	0	24	-1	39	0	0	15	0	24	0
c9704	0	-1	0	14	0	0	0	-1	-1	33	-1	-1	0	0	17	0	0	1	-1	32	0	0	0	-1	0	-1	49	-1	33	18
c9719	31	0	-1	0	8	0	22	-1	5	0	22	14	-1	0	0	0	-1	0	-1	0	0	-1	28	0	-1	-1	-1	43	32	0
c9732	22	-1	0	-1	20	0	-1	22	0	24	15	11	11	28	0	13	-1	-1	0	-1	0	0	0	39	0	-1	24	-1	-1	0
c9740	0	0	-1	0	8	22	28	-1	-1	-1	22	14	22	10	0	0	0	0	-1	0	-1	0	28	17	0	13	0	0	20	0
c9760	35	-1	50	-1	0	0	-1	0	0	33	22	0	-1	0	17	-1	-1	20	-1	22	0	22	-1	0	-1	0	-1	17	33	-1
c9785	41	-1	-1	0	8	0	-1	0	-1	-1	22	14	41	0	0	7	0	-1	-1	0	0	0	28	-1	-1	-1	0	0	22	0
c9794	0	-1	0	0	0	0	0	0	23	24	0	-1	0	0	0	13	0	0	17	0	-1	0	0	39	-1	0	0	20	24	0
c9796	7	0	0	-1	0	0	0	-1	0	-1	28	14	0	0	0	17	22	-1	-1	21	0	0	0	41	0	-1	-1	0	-1	47
c9798	-1	7	-1	0	-1	0	0	24	0	0	0	14	-1	0	0	-1	-1	0	-1	0	-1	0	-1	-1	0	13	31	-1	-1	-1
c9803	0	-1	0	-1	0	0	-1	-1	47	33	0	0	-1	-1	17	0	0	-1	0	35	0	22	-1	0	-1	0	0	17	0	18
c9812	0	32	7	7	-1	-1	0	41	0	0	12	14	0	-1	0	-1	0	0	-1	11	32	35	34	0	43	13	28	0	0	24
c9831	0	0	22	0	8	-1	0	0	5	28	22	14	0	0	0	0	43	0	-1	0	0	32	28	-1	0	13	0	50	1	7
c9838	-1	-1	0	-1	0	0	0	0	23	24	0	-1	0	-1	-1	13	-1	0	0	0	0	0	0	39	0	0	0	0	24	29
c9851	-1	-1	0	10	0	-1	0	0	23	24	-1	-1	0	0	0	13	30	-1	-1	-1	-1	22	0	39	47	0	0	20	-1	0
c9864	-1	0	-1	0	-1	-1	-1	24	-1	22	0	14	0	0	-1	0	0	0	-1	3	0	-1	0	0	0	13	0	0	8	47
c9868	-1	-1	0	0	0	0	0	0	0	-1	31	-1	-1	0	-1	0	0	1	0	32	-1	0	47	0	50	33	0	0	33	18
c9881	32	-1	-1	0	0	0	0	0	41	-1	0	-1	0	22	-1	-1	0	-1	0	32	0	-1	0	-1	-1	0	50	0	0	-1
c9886	-1	0	0	-1	0	-1	40	24	-1	-1	0	14	10	-1	0	28	22	0	-1	22	0	0	-1	41	0	13	-1	7	0	47
c9888	0	7	-1	-1	8	31	17	0	5	0	22	14	0	0	-1	0	0	0	-1	0	0	32	-1	23	0	13	0	0	14	6
c9893	20	-1	0	0	-1	-1	0	-1	11	-1	0	0	-1	22	17	0	0	47	0	7	0	-1	0	0	0	31	0	0	-1	18
c9900	-1	0	0	-1	0	7	0	24	22	-1	0	14	0	0	32	0	0	24	-1	3	0	0	0	0	-1	13	0	0	8	47
c9903	0	-1	0	0	0	41	0	0	0	24	-1	0	0	0	0	13	-1	0	-1	0	0	0	0	39	-1	22	0	0	0	0
c9927	0	0	22	0	8	0	-1	7	5	0	22	14	-1	0	-1	-1	0	0	-1	-1	0	8	28	0	-1	13	0	0	0	-1
c9954	0	-1	0	23	0	31	7	-1	8	33	0	0	-1	0	17	0	0	0	34	0	-1	0	-1	0	-1	0	0	0	0	18
c9967	0	-1	0	23	0	0	0	0	0	33	0	0	-1	0	17	-1	0	-1	34	-1	0	0	-1	0	-1	41	0	0	0	18
c9983	15	0	7	22	0	0	0	41	30	32	-1	14	20	32	0	-1	-1	0	-1	0	-1	0	-1	-1	0	13	0	0	28	0
c9997	-1	0	-1	0	8	30	0	39	5	0	22	14	0	0	7	-1	-1	0	-1	0	0	32	-1	-1	-1	13	15	0	0	-1
c10002	-1	-1	0	0	0	0	0	0	23	24	0	-1	24	0	-1	-1	0	0	17	0	0	22	8	39	28	24	0	-1	24	0
c10003	0	-1	0	0	0	0	0	0	-1	-1	0	-1	24	0	0	13	0	9	17	0	0	-1	8	39	28	24	0	20	24	0
c10009	0	-1	0	0	0	0	0	0	23	24	0	-1	0	0	-1	13	0	0	17	0	0	0	0	39	-1	-1	0	20	24	0
c10022	20	-1	0	15	0	0	0	0	11	0	13	0	0	0	17	0	0	0	0	7	0	-1	0	-1	0	-1	-1	0	32	18
c10039	0	0	22	0	8	9	0	-1	-1	0	-1	14	0	0	0	32	0	0	-1	0	22	0	28	0	32	-1	28	0	0	0
c10094	0	-1	-1	9	0	22	0	-1	-1	24	0	-1	13	8	0	13	-1	17	28	-1	0	37	27	39	0	0	-1	0	0	7
c10103	-1	-1	0	39	0	0	-1	0	49	24	-1	0	0	0	-1	13	-1	-1	4	0	40	-1	-1	39	0	0	0	0	0	0
c10104	0	-1	0	0	-1	0	-1	0	-1	-1	0	-1	0	0	0	13	0	0	17	0	0	22	0	39	0	41	43	20	-1	0
c10110	0	-1	22	0	0	43	0	0	23	-1	0	-1	0	0	-1	13	0	0	17	0	0	22	-1	39	0	0	0	20	24	0
c10111	0	-1	22	0	0	43	0	0	23	-1	0	-1	0	0	0	13	0	-1	17	0	0	22	-1	-1	0	-1	0	20	24	0
c10116	1	0	0	-1	0	0	0	24	43	-1	0	14	23	8	0	-1	-1	-1	-1	0	-1	-1	28	41	0	13	0	0	-1	47
c10180	-1	-1	0	0	0	28	10	0	23	24	-1	-1	0	19	0	13	0	0	-1	0	0	-1	0	-1	-1	24	0	0	24	0
c10223	20	-1	0	-1	0	10	32	10	0	0	-1	19	-1	0	17	-1	0	0	22	7	0	0	0	1	0	41	-1	0	32	18
c10235	0	13	-1	0	8	-1	37	-1	5	0	22	14	13	0	0	-1	0	-1	-1	32	0	0	28	0	0	13	-1	28	6	0
c10244	-1	0	22	0	32	0	0	-1	-1	0	0	-1	0	0	10	0	22	0	-1	-1	0	-1	-1	41	28	-1	-1	7	-1	47
c10258	1	0	-1	0	0	0	0	-1	43	22	0	14	23	32	0	0	22	0	-1	0	0	-1	28	41	0	13	0	0	-1	47
c10259	1	22	0	0	0	-1	0	24	43	22	0	14	23	32	0	0	22	0	-1	0	-1	0	28	41	0	13	-1	30	-1	47
c10267	-1	-1	0	0	0	10	0	-1	0	33	0	0	0	-1	17	-1	0	22	7	32	0	0	0	0	0	-1	34	0	0	18
c10294	0	0	28	0	0	-1	0	24	28	0	22	14	41	0	0	-1	22	0	-1	-1	-1	0	-1	41	0	-1	-1	7	0	-1
c10301	41	-1	-1	23	35	0	-1	-1	35	-1	-1	0	-1	0	17	0	0	-1	34	15	0	0	-1	0	17	0	0	0	0	-1
c10344	-1	-1	22	0	-1	-1	0	24	-1	0	0	14	23	22	22	0	22	0	-1	0	0	-1	-1	41	11	13	0	0	-1	47
c10352	-1	0	22	0	-1	0	0	-1	5	20	22	14	0	0	-1	0	-1	-1	-1	0	22	0	28	22	0	13	0	0	1	0
c10376	7	-1	0	17	0	0	0	24	0	-1	-1	14	0	0	0	17	22	0	-1	21	-1	0	0	41	19	13	0	0	0	47
c10377	7	0	-1	-1	0	0	0	24	0	0	28	14	0	-1	0	-1	22	0	-1	21	-1	0	0	41	19	13	0	0	0	47
c10402	-1	-1	49	0	22	0	-1	0	0	24	0	0	-1	0	0	13	-1	-1	0	0	0	0	17	39	0	0	42	0	0	0
c10403	-1	-1	-1	0	22	0	-1	0	-1	24	-1	0	-1	0	0	13	-1	0	0	-1	0	0	17	39	0	-1	42	0	-1	0
c10408	0	-1	0	0	0	0	0	0	0	24	-1	0	19	0	0	-1	0	-1	-1	33	-1	-1	0	-1	0	0	0	-1	0	0
c10409	37	-1	0	-1	-1	0	0	0	0	-1	-1	0	19	0	0	13	0	0	-1	-1	0	-1	0	-1	0	0	0	0	0	0
c10416	0	-1	0	0	0	-1	0	-1	0	33	6	0	-1	0	17	0	0	-1	0	0	0	22	-1	0	0	0	-1	17	0	18
c10420	0	-1	50	0	0	0	7	0	0	33	0	0	-1	15	-1	-1	-1	-1	0	0	0	22	-1	-1	-1	0	0	0	33	-1
c10428	-1	0	32	31	-1	0	35	24	28	17	0	14	0	0	20	17	22	-1	-1	-1	-1	22	37	41	0	13	0	-1	22	47
c10432	0	0	-1	0	8	31	17	0	5	0	22	-1	0	-1	28	0	0	0	-1	0	0	0	28	22	0	13	0	0	-1	-1
c10446	44	-1	-1	0	0	0	0	24	-1	-1	32	0	0	22	0	-1	-1	0	0	7	-1	0	0	39	-1	0	0	0	0	0
c10461	0	0	22	0	8	0	17	7	5	0	22	14	13	0	34	32	0	0	-1	11	-1	8	28	0	0	13	0	0	0	-1
c10462	20	-1	-1	22	0	0	0	28	-1	0	0	0	0	-1	-1	-1	-1	0	0	-1	41	-1	-1	0	-1	0	20	0	-1	18
c10531	-1	-1	0	-1	0	0	0	-1	0	-1	0	22	0	0	0	13	-1	0	0	35	0	31	0	39	0	0	0	0	34	-1
c10549	40	-1	-1	0	0	-1	0	0	0	33	0	0	-1	46	-1	0	0	0	0	32	-1	0	0	15	0	22	0	0	13	18
c10553	0	6	-1	-1	8	31	0	0	5	0	22	14	0	0	28	0	-1	0	-1	50	0	0	28	0	0	13	0	0	14	0
c10560	41	32	-1	0	-1	0	-1	-1	0	0	12	14	0	32	0	-1	-1	0	-1	-1	0	-1	-1	0	43	13	-1	0	0	0
c10579	0	0	22	0	8	9	0	7	-1	0	-1	-1	0	0	0	32	-1	-1	-1	0	-1	20	28	0	32	13	28	0	0	0
c10582	0	-1	22	0	8	0	0	22	-1	-1	22	14	22	0	-1	32	0	5	-1	0	0	0	28	0	-1	13	-1	-1	0	-1
c10608	0	-1	0	40	-1	0	0	41	0	24	0	22	0	-1	0	13	-1	-1	0	0	0	31	-1	-1	0	15	28	0	-1	0
c10629	-1	0	30	7	0	7	0	-1	0	0	0	14	0	0	32	3	22	0	-1	-1	0	0	41	-1	0	-1	0	46	22	47
c10637	7	0	0	0	0	22	0	24	22	0	28	14	0	-1	0	17	22	-1	-1	-1	0	-1	13	41	0	13	0	0	0	47
c10641	0	-1	0	0	0	11	0	-1	24	33	19	7	-1	0	17	0	0	32	0	13	-1	22	-1	28	-1	15	0	-1	0	18
c10647	-1	0	-1	-1	8	-1	-1	0	5	13	22	14	0	32	0	-1	-1	0	-1	0	0	0	28	0	0	13	0	0	0	-1
c10655	20	-1	-1	41	0	22	-1	10	7	0	0	0	24	0	17	0	-1	0	0	7	0	-1	6	0	0	0	0	-1	32	18
c10668	0	-1	22	17	0	0	0	24	-1	-1	32	0	-1	0	0	-1	-1	0	0	7	-1	35	0	39	0	0	-1	-1	0	0
c10669	0	-1	-1	17	0	0	0	24	-1	-1	32	0	0	0	0	-1	-1	0	0	7	0	-1	0	-1	0	0	0	0	0	0
c10686	0	15	-1	7	-1	0	0	0	-1	0	22	14	0	0	0	0	0	0	-1	0	0	0	-1	0	0	13	0	-1	0	35
c10700	0	-1	-1	-1	0	0	-1	0	8	33	0	0	0	0	17	0	0	0	34	0	0	0	-1	22	17	0	0	33	30	18
c10702	0	-1	32	0	33	0	-1	24	0	0	22	14	-1	-1	0	0	-1	-1	-1	-1	0	0	-1	-1	0	13	-1	0	0	28
c10712	-1	-1	-1	0	-1	-1	31	24	5	0	22	-1	-1	-1	0	-1	20	49	-1	0	7	0	28	-1	0	13	0	-1	0	0
c10719	-1	23	-1	0	8	0	-1	0	5	0	22	-1	0	11	-1	0	0	0	-1	0	0	-1	28	35	0	13	0	0	0	-1
c10724	22	-1	-1	0	0	-1	-1	24	0	-1	0	11	-1	28	0	-1	-1	46	0	13	0	0	0	39	0	0	0	0	-1	0
c10730	7	0	8	0	0	41	0	24	-1	0	-1	14	0	0	-1	17	-1	0	-1	0	0	1	-1	41	0	-1	20	-1	-1	47
c10770	21	0	22	0	-1	0	0	-1	-1	0	22	14	0	0	-1	32	0	-1	-1	0	0	10	28	0	-1	13	-1	12	-1	-1
c10772	44	-1	0	0	0	0	0	-1	0	-1	32	0	0	0	-1	-1	-1	0	-1	7	-1	-1	-1	39	0	0	0	-1	28	-1
c10782	0	-1	0	0	22	0	0	-1	23	24	-1	-1	0	0	0	-1	0	0	17	0	-1	22	0	39	0	18	43	20	24	-1
c10783	0	-1	0	0	22	0	0	0	23	24	0	-1	0	0	0	-1	0	0	-1	0	0	22	0	39	0	-1	43	20	24	0
c10792	40	-1	-1	46	24	-1	24	0	-1	33	0	0	0	-1	17	-1	0	0	-1	-1	12	0	0	-1	-1	22	-1	-1	0	18
c10807	-1	0	-1	0	0	22	0	-1	20	0	0	14	0	0	0	-1	22	0	-1	0	-1	-1	0	41	-1	-1	13	0	-1	47
c10861	-1	-1	-1	0	7	25	0	47	23	24	26	-1	-1	0	32	-1	0	-1	-1	0	32	20	22	39	0	0	0	49	24	-1
c10863	0	-1	-1	0	17	0	0	-1	0	33	0	0	0	0	-1	0	0	1	0	32	0	0	0	-1	0	0	0	0	-1	18
c10887	-1	-1	32	0	23	28	0	24	-1	0	22	14	0	0	20	-1	22	-1	-1	0	0	0	0	41	0	-1	0	0	-1	47
c10889	1	7	0	-1	0	0	-1	-1	-1	0	15	14	23	0	0	0	22	-1	-1	46	-1	0	28	-1	19	13	31	-1	-1	-1
c10892	-1	15	-1	7	8	-1	0	0	-1	0	22	14	0	0	0	0	0	0	-1	0	0	-1	28	-1	0	-1	0	43	0	35
c10896	39	0	-1	12	8	-1	0	0	5	0	22	14	0	0	41	37	5	28	-1	-1	0	0	28	0	-1	13	0	25	0	0
c10897	39	0	-1	12	8	22	0	0	5	0	-1	14	0	0	41	37	5	-1	-1	-1	0	-1	-1	0	-1	13	0	25	0	-1
c10904	0	-1	-1	30	8	31	17	-1	5	39	22	14	0	0	0	0	35	0	-1	-1	-1	43	-1	0	0	-1	-1	0	-1	0
c10930	-1	-1	0	0	0	-1	27	0	-1	24	-1	22	0	15	0	13	-1	-1	-1	0	0	31	0	39	0	0	0	0	0	0
c10942	0	-1	-1	0	0	41	0	0	0	24	0	0	0	0	0	13	-1	0	0	0	0	0	0	39	-1	-1	0	0	0	0
c10944	0	0	22	24	8	30	-1	0	5	-1	22	-1	0	0	0	0	-1	24	-1	0	0	0	28	0	32	-1	19	0	0	0
c10961	32	-1	0	0	0	10	35	-1	0	24	0	0	0	0	7	13	-1	0	0	0	0	0	0	-1	0	0	-1	32	-1	0
c10970	22	-1	0	41	-1	-1	25	0	0	24	22	11	0	-1	0	-1	-1	46	0	-1	0	0	0	-1	0	0	0	0	-1	0
c11007	0	-1	0	0	0	-1	-1	0	0	24	22	0	0	0	22	-1	41	17	-1	10	0	0	-1	39	-1	0	0	-1	0	22
c11016	-1	0	28	0	0	22	0	-1	20	-1	0	-1	0	0	0	17	22	0	-1	0	0	0	0	41	0	13	13	0	0	-1
c11038	-1	0	0	0	0	0	-1	-1	-1	0	28	14	-1	-1	0	-1	22	0	-1	-1	0	0	-1	41	0	13	0	0	-1	47
c11039	-1	0	0	0	0	0	-1	24	0	0	28	14	0	0	0	-1	22	0	-1	21	0	0	0	41	-1	13	0	-1	0	47
c11070	0	0	-1	-1	-1	-1	0	0	5	22	22	14	-1	-1	0	0	41	0	-1	0	0	32	28	0	-1	13	-1	-1	0	0
c11079	0	-1	-1	0	0	-1	0	0	0	24	-1	0	0	0	0	13	0	0	-1	-1	-1	-1	-1	39	0	-1	-1	0	0	18
c11090	-1	-1	0	0	-1	0	-1	0	49	24	13	0	0	-1	0	13	-1	0	4	0	0	0	-1	39	-1	-1	0	32	0	0
c11105	-1	-1	0	0	41	7	31	-1	0	-1	-1	14	-1	0	32	0	0	0	-1	0	41	0	-1	0	0	13	22	0	8	-1
c11135	0	-1	22	22	8	0	0	0	5	-1	22	14	0	24	-1	0	22	0	-1	0	44	0	28	0	0	13	0	-1	1	-1
c11149	22	0	7	0	0	-1	0	41	0	0	12	14	0	32	-1	-1	0	0	-1	-1	22	0	34	0	0	13	-1	0	0	0
c11165	-1	-1	-1	0	-1	0	-1	0	0	-1	0	0	0	0	0	13	-1	0	0	0	-1	0	0	39	0	0	3	0	8	0
c11220	0	-1	-1	0	0	10	20	0	0	33	0	0	43	22	-1	-1	42	28	7	32	0	-1	0	0	0	0	19	0	0	18
c11222	0	0	-1	0	8	0	0	-1	5	0	-1	14	0	-1	41	0	22	44	-1	0	0	0	28	0	0	-1	0	-1	-1	0
c11235	-1	-1	0	0	0	0	0	0	23	24	-1	-1	0	19	-1	-1	0	0	0	0	0	0	0	39	-1	0	0	0	24	29
c11256	0	-1	0	0	-1	0	0	0	-1	-1	30	-1	0	-1	0	13	0	0	17	-1	0	22	0	39	0	41	43	20	24	0
c11257	0	-1	0	-1	-1	0	-1	0	-1	24	0	-1	0	0	0	13	0	0	-1	-1	0	22	0	39	0	41	43	20	24	0
c11267	49	-1	22	0	-1	30	0	0	5	7	22	14	-1	41	0	28	0	24	-1	17	-1	0	28	0	0	-1	0	0	-1	0
c11270	-1	-1	0	0	0	-1	0	-1	-1	-1	-1	0	0	-1	-1	13	0	0	-1	0	0	-1	43	39	0	0	-1	0	0	0
c11283	0	0	22	16	8	30	0	0	5	7	22	14	15	0	-1	0	0	24	-1	0	0	0	28	0	0	13	0	0	-1	0
c11291	0	0	-1	17	8	0	8	0	5	22	22	14	41	0	0	0	15	-1	-1	0	0	23	-1	-1	0	13	0	0	1	0
c11312	0	-1	0	0	0	0	0	-1	0	33	0	0	0	0	-1	-1	44	-1	0	-1	-1	32	41	0	0	6	0	0	0	18
c11318	0	-1	0	0	0	-1	-1	0	0	33	7	0	0	0	17	10	0	0	7	32	0	0	0	0	-1	0	34	-1	-1	-1
c11321	0	-1	44	-1	7	0	-1	0	0	33	0	-1	-1	1	17	0	-1	0	22	32	0	-1	-1	0	17	0	0	12	0	18
c11324	0	-1	0	0	0	0	-1	0	0	24	19	-1	32	-1	0	13	-1	0	0	0	-1	31	0	-1	0	0	0	0	0	-1
c11328	-1	-1	-1	-1	-1	-1	-1	0	23	-1	19	-1	32	0	22	13	38	0	-1	0	0	0	0	-1	39	0	-1	0	-1	-1
c11341	-1	-1	49	-1	0	0	-1	-1	0	24	0	0	-1	0	0	13	-1	0	0	0	-1	0	17	-1	0	0	0	0	-1	0
c11342	0	0	22	20	8	0	17	0	5	-1	22	14	0	-1	0	32	-1	0	-1	11	0	-1	28	13	0	-1	-1	0	0	0
c11343	0	-1	-1	20	8	-1	17	0	5	0	22	14	0	-1	0	32	35	0	-1	11	-1	32	28	13	-1	13	-1	0	0	0
c11346	0	-1	0	-1	0	0	0	-1	23	-1	17	-1	0	7	0	13	0	0	0	0	0	0	0	39	0	-1	-1	0	24	-1
c11357	0	-1	0	-1	0	41	-1	0	0	24	0	0	42	0	0	13	-1	0	-1	0	0	0	0	39	0	0	-1	-1	32	-1
c11374	44	-1	0	0	0	0	0	24	0	-1	32	0	0	22	0	13	-1	0	0	7	0	0	0	39	0	0	0	0	0	0
c11376	0	0	22	-1	8	0	31	0	5	0	22	14	0	20	0	0	9	49	-1	0	0	0	28	-1	0	13	0	0	0	46
c11430	0	-1	0	-1	0	0	0	0	0	33	0	-1	-1	0	-1	22	47	-1	0	32	-1	32	-1	0	0	-1	0	0	0	18
c11439	-1	0	22	-1	8	9	22	20	5	24	22	-1	0	0	-1	32	0	41	-1	0	22	0	28	0	0	-1	20	12	-1	0
c11440	-1	17	30	7	0	-1	0	24	0	0	-1	14	0	0	32	0	32	0	-1	0	0	0	0	0	0	13	12	-1	-1	47
c11466	0	-1	-1	0	-1	-1	0	41	0	-1	-1	0	22	0	0	13	0	0	-1	43	-1	-1	0	-1	0	-1	0	42	0	18
c11471	0	-1	13	0	0	0	0	0	0	24	0	0	0	6	23	13	-1	-1	0	0	24	32	17	39	0	0	0	9	-1	0
c11510	19	-1	32	0	-1	0	24	11	0	24	22	-1	0	0	41	13	-1	0	0	0	0	10	17	39	-1	0	46	24	0	0
c11517	0	-1	20	22	0	0	0	0	46	-1	-1	0	0	-1	17	0	24	22	0	-1	0	22	-1	0	46	41	-1	0	-1	18
c11524	0	-1	-1	0	0	-1	0	-1	-1	33	0	0	0	22	17	0	0	0	0	32	0	0	0	0	-1	0	50	0	-1	18
c11525	15	-1	-1	0	0	0	0	0	41	-1	0	0	-1	22	17	0	-1	0	0	-1	0	0	-1	0	-1	0	50	0	0	18
c11527	-1	-1	0	23	0	12	-1	0	22	33	0	-1	0	22	-1	0	0	0	-1	19	0	0	-1	0	-1	0	0	-1	0	-1
c11529	5	0	22	0	8	-1	-1	-1	-1	0	22	14	0	0	-1	0	0	0	-1	19	-1	11	28	-1	22	-1	0	-1	0	0
c11538	-1	-1	0	0	-1	0	0	28	11	0	0	0	0	0	17	-1	0	0	43	-1	-1	-1	0	0	0	-1	44	0	32	18
c11541	-1	-1	50	0	0	-1	7	0	0	33	0	0	-1	0	17	22	-1	0	0	41	0	22	-1	0	22	0	0	0	-1	18
c11548	-1	-1	-1	0	-1	0	0	24	0	0	28	14	0	0	-1	17	22	0	-1	21	0	0	0	41	0	13	0	-1	0	47
c11565	0	22	-1	0	-1	0	13	0	-1	0	22	14	0	-1	0	0	0	-1	-1	13	-1	0	28	0	0	13	0	0	20	0
c11570	0	-1	-1	0	8	-1	0	24	-1	0	22	14	-1	38	0	0	0	-1	-1	0	12	0	28	0	0	13	28	0	20	0
c11579	0	-1	0	0	0	0	0	0	23	24	0	-1	0	28	-1	13	-1	0	17	0	0	0	-1	39	-1	0	0	20	24	-1
c11590	0	-1	-1	0	-1	0	0	0	5	17	-1	14	0	-1	0	0	0	0	-1	-1	0	0	-1	0	0	13	0	43	41	0
c11622	-1	0	30	7	10	7	0	24	0	0	0	14	0	0	-1	0	0	0	-1	0	0	0	0	20	-1	13	22	46	0	47
c11634	0	-1	-1	0	0	0	0	0	0	24	-1	-1	-1	44	10	13	0	0	-1	0	0	-1	0	39	0	0	0	-1	-1	-1
c11638	0	0	-1	14	8	31	0	-1	5	-1	-1	14	0	-1	0	13	0	0	-1	0	0	7	28	0	0	-1	-1	0	14	0
c11686	-1	-1	0	0	0	0	0	0	-1	24	22	-1	0	-1	27	13	0	0	17	13	0	19	0	39	0	0	0	0	-1	0
c11687	-1	-1	-1	-1	0	0	0	0	23	24	22	-1	0	19	27	-1	-1	0	17	-1	0	19	0	39	0	0	0	0	-1	0
c11694	0	-1	17	0	0	0	0	0	23	24	0	-1	0	0	-1	13	41	0	17	-1	-1	22	0	-1	20	32	24	20	24	0
c11698	-1	0	0	-1	17	0	0	24	17	10	0	-1	0	17	-1	17	22	0	-1	0	0	6	41	41	14	13	0	0	0	47
c11716	-1	-1	0	0	-1	-1	0	0	23	-1	0	-1	33	-1	0	13	0	-1	0	0	0	0	33	39	0	0	-1	-1	-1	29
c11727	-1	-1	0	0	17	44	0	24	0	10	0	14	0	0	0	17	22	0	-1	0	0	0	41	41	0	13	0	0	0	47
c11733	-1	0	-1	-1	0	-1	0	24	0	0	0	14	0	-1	32	0	-1	0	-1	0	-1	0	0	-1	0	13	0	46	0	47
c11735	0	-1	-1	0	8	31	17	0	5	0	22	14	0	0	0	0	-1	0	-1	0	0	-1	-1	23	-1	13	0	0	14	6
c11738	32	-1	-1	-1	44	10	35	0	0	24	0	0	0	0	-1	-1	0	7	0	-1	0	15	0	39	10	-1	0	0	-1	0
c11744	0	-1	22	0	8	30	22	-1	5	0	-1	14	0	0	32	0	22	0	-1	0	0	0	28	0	0	13	0	0	-1	-1
c11761	22	-1	-1	-1	0	28	25	-1	0	24	0	11	0	28	0	13	-1	46	-1	13	0	0	22	39	0	38	0	0	-1	0
c11765	-1	-1	0	8	0	0	0	0	23	24	-1	-1	0	-1	0	13	0	0	-1	0	-1	-1	-1	39	0	0	20	0	-1	0
c11776	0	-1	19	22	0	0	10	0	8	24	-1	0	0	-1	-1	13	0	0	-1	0	0	-1	0	39	0	0	0	0	0	0
c11789	0	-1	-1	12	8	22	0	0	5	0	-1	-1	3	0	41	37	-1	-1	-1	0	-1	22	28	0	43	13	0	-1	10	0
c11806	0	0	7	0	32	35	0	24	0	0	0	14	0	-1	0	0	-1	13	-1	7	0	0	-1	41	10	-1	-1	7	0	47
c11826	0	-1	-1	17	0	0	0	0	-1	24	-1	0	0	0	-1	13	0	0	-1	0	-1	-1	31	39	0	0	0	0	0	0
c11828	0	-1	22	13	8	0	0	0	5	0	22	14	0	17	0	32	0	13	-1	-1	-1	0	28	0	0	13	0	0	-1	0
c11853	-1	-1	0	0	0	22	0	10	7	32	0	0	0	-1	-1	32	32	0	0	-1	34	6	-1	0	0	0	22	0	32	18
c11854	0	0	-1	-1	8	44	0	-1	-1	-1	22	14	0	-1	0	-1	0	0	-1	0	-1	0	28	0	0	13	0	0	0	-1
c11860	-1	0	30	7	0	-1	0	24	0	0	0	14	0	0	32	0	-1	0	-1	0	0	0	0	0	0	13	0	-1	0	47
c11863	0	0	-1	-1	8	22	0	0	5	0	22	-1	7	0	-1	-1	-1	-1	-1	0	0	0	28	0	25	13	0	0	20	20
c11883	0	0	22	17	-1	0	8	-1	5	22	22	14	41	0	0	0	15	0	-1	0	0	23	28	0	0	-1	0	0	1	0
c11889	-1	-1	0	8	0	-1	-1	-1	23	24	0	-1	0	28	0	-1	0	-1	0	0	-1	0	-1	39	0	0	-1	32	-1	0
c11895	-1	0	-1	0	8	31	17	-1	-1	43	22	14	33	-1	0	0	0	19	-1	0	-1	0	28	0	0	13	0	0	-1	6
c11912	-1	0	-1	7	8	0	0	0	5	0	22	-1	-1	0	41	0	0	0	-1	0	0	0	28	0	0	13	0	22	20	0
c11915	7	32	0	0	-1	0	0	24	0	41	0	-1	-1	32	0	17	22	0	-1	0	32	22	0	41	0	-1	0	0	0	-1
c11926	22	-1	-1	0	-1	42	0	-1	-1	24	-1	19	0	-1	0	13	-1	0	0	-1	41	0	-1	-1	-1	-1	43	0	0	0
c11927	22	-1	0	-1	-1	42	0	0	0	24	-1	-1	0	0	0	13	-1	0	-1	0	41	0	17	39	0	0	43	-1	-1	0
c11940	7	-1	0	0	0	-1	0	24	-1	-1	19	14	0	0	-1	17	-1	0	-1	0	0	0	-1	41	0	13	0	22	-1	-1
c11942	-1	-1	0	-1	0	0	0	0	23	-1	-1	-1	-1	0	0	13	0	0	17	0	0	0	0	39	-1	0	0	20	24	-1
c11959	-1	-1	-1	0	0	-1	-1	0	0	24	22	-1	0	0	22	-1	41	17	0	10	0	-1	0	39	0	0	0	0	-1	22
c11980	0	-1	0	0	0	5	0	0	23	-1	0	-1	-1	0	-1	13	28	0	-1	0	0	22	0	39	0	18	43	20	24	0
c11988	0	0	-1	33	8	9	6	0	-1	0	22	14	0	0	20	-1	-1	0	-1	24	22	0	28	0	0	13	32	-1	0	8
c12004	-1	-1	-1	0	-1	0	0	0	0	24	0	0	0	6	-1	-1	-1	0	0	0	24	0	17	39	22	-1	30	9	0	0
c12011	-1	-1	9	-1	0	41	0	0	-1	24	0	-1	-1	19	-1	13	-1	0	0	0	44	38	24	39	0	0	0	28	-1	0
c12022	0	-1	0	32	0	0	0	0	-1	33	-1	0	-1	32	17	0	0	-1	0	32	0	0	0	0	0	0	0	0	-1	18
c12023	0	-1	0	32	-1	0	0	0	0	-1	-1	0	0	32	17	0	0	0	0	32	0	0	0	0	0	0	0	0	0	18
c12026	-1	-1	0	0	0	-1	0	24	-1	24	-1	0	0	0	0	13	-1	-1	-1	0	0	-1	0	39	-1	-1	0	47	0	0
c12047	-1	0	0	17	0	0	0	24	0	-1	28	-1	0	0	0	17	22	-1	-1	21	0	0	0	-1	-1	13	0	-1	0	47
c12066	0	-1	0	0	0	0	30	-1	-1	24	0	-1	-1	0	0	13	-1	0	17	47	0	-1	0	39	0	0	0	-1	-1	0
c12091	-1	0	-1	-1	19	39	-1	0	-1	-1	-1	-1	-1	-1	0	7	0	0	-1	0	0	32	28	-1	-1	13	0	32	0	24
c12100	32	-1	0	0	0	10	35	-1	-1	24	0	0	0	0	7	13	32	0	-1	0	0	0	0	39	0	0	43	-1	-1	-1
c12105	0	-1	-1	0	0	31	41	0	0	24	0	0	0	0	-1	13	-1	-1	0	0	0	43	32	39	0	41	3	-1	0	8
c12106	20	-1	0	0	0	-1	0	0	11	22	0	0	0	22	17	0	0	40	31	7	0	-1	0	22	0	31	0	0	32	18
c12113	1	7	0	0	0	0	0	-1	-1	0	-1	14	23	0	0	0	22	0	-1	0	-1	20	28	41	19	13	31	-1	-1	-1
c12129	-1	-1	0	0	0	0	-1	0	23	24	0	-1	0	19	0	13	0	0	-1	0	0	0	-1	39	0	14	0	0	-1	0
c12133	0	0	22	-1	8	32	17	32	-1	0	22	14	-1	0	-1	32	0	22	-1	11	0	0	28	0	0	13	0	-1	0	7
c12139	-1	-1	0	8	0	0	0	0	23	24	-1	-1	0	-1	0	13	0	0	0	-1	24	-1	-1	39	-1	0	0	0	-1	0
c12154	7	0	0	0	0	0	0	24	0	41	32	14	-1	0	-1	-1	22	-1	-1	0	0	0	0	41	-1	13	28	0	0	47
c12190	0	46	32	32	33	13	-1	24	0	0	22	14	-1	22	0	-1	0	0	-1	0	0	-1	0	-1	0	13	-1	-1	-1	28
c12227	0	-1	22	24	8	0	0	24	5	0	-1	14	-1	0	14	-1	0	0	-1	0	0	0	28	0	0	-1	-1	0	-1	-1
c12237	-1	-1	-1	-1	8	-1	0	0	5	17	22	14	0	-1	0	0	0	0	-1	-1	0	0	-1	0	0	13	-1	43	-1	-1
c12248	0	-1	-1	0	-1	0	0	0	0	33	0	0	0	0	17	0	0	1	-1	32	0	0	0	-1	19	0	0	0	-1	-1
c12263	0	-1	0	0	0	0	-1	0	41	33	0	0	28	-1	17	12	0	-1	7	32	0	0	0	0	0	0	50	0	0	18
c12266	0	0	22	0	8	-1	31	-1	5	0	22	14	0	20	-1	-1	20	49	-1	0	7	0	28	-1	0	13	-1	0	0	0
c12267	-1	-1	22	0	8	-1	31	24	-1	-1	22	-1	0	20	0	0	20	49	-1	0	7	0	28	-1	0	13	0	-1	-1	0
c12268	32	-1	0	0	-1	0	0	-1	0	24	0	22	32	22	-1	13	-1	0	0	-1	0	31	0	39	0	0	0	-1	0	-1
c12274	0	-1	0	0	0	0	0	-1	23	24	0	-1	0	1	0	13	0	-1	17	47	0	22	0	39	0	0	0	20	-1	0
c12303	0	0	-1	0	-1	0	-1	0	5	0	22	14	0	-1	0	0	0	49	-1	0	22	0	28	-1	0	13	-1	0	-1	0
c12332	-1	-1	-1	-1	0	-1	0	0	-1	24	0	-1	8	-1	27	13	0	0	0	0	0	0	0	-1	0	0	0	0	-1	0
c12335	-1	23	22	0	8	0	-1	-1	5	17	22	14	0	11	-1	0	0	0	-1	-1	-1	32	28	35	0	13	0	-1	0	17
c12343	0	-1	0	-1	-1	0	0	0	0	33	0	-1	0	0	17	0	0	1	0	32	0	0	0	0	0	-1	0	0	33	18
c12354	0	-1	-1	0	8	9	0	7	5	0	22	14	0	0	0	32	0	0	-1	0	22	-1	-1	-1	32	-1	28	0	0	0
c12364	0	-1	0	23	0	0	0	-1	-1	33	0	0	0	0	17	0	0	0	34	0	0	0	-1	22	17	0	0	33	30	18
c12367	0	0	22	0	8	0	0	35	5	35	-1	-1	0	0	1	32	0	0	-1	0	0	0	28	0	0	13	0	-1	41	0
c12370	0	0	22	0	8	0	31	-1	-1	0	-1	14	7	20	0	0	20	49	-1	-1	32	0	28	-1	0	13	0	0	11	0
c12371	0	0	22	0	8	0	31	0	5	0	-1	-1	7	20	0	0	20	49	-1	49	32	0	-1	-1	-1	13	0	0	-1	0
c12372	0	0	22	0	8	0	17	-1	5	-1	22	14	13	10	34	32	0	0	-1	11	0	8	28	0	0	13	0	-1	0	0
c12373	0	0	22	0	-1	0	17	-1	5	0	22	14	-1	10	34	32	0	0	-1	-1	0	8	28	0	0	13	-1	0	0	0
c12376	0	11	22	24	8	0	0	-1	5	0	22	14	0	0	14	32	0	-1	-1	0	0	0	28	0	0	-1	0	0	0	-1
c12377	-1	11	22	-1	8	-1	-1	-1	5	0	-1	14	-1	0	-1	32	0	-1	-1	0	0	0	28	0	0	13	0	0	-1	-1
c12378	0	22	22	0	8	9	0	-1	5	0	22	14	0	44	-1	32	0	0	-1	-1	22	-1	-1	0	-1	13	28	0	0	0
c12384	0	-1	43	9	0	-1	0	0	-1	-1	0	28	0	-1	-1	13	-1	17	-1	-1	0	0	27	39	0	0	0	0	0	7
c12411	22	-1	-1	0	0	0	25	0	0	24	0	11	-1	28	0	13	-1	-1	0	13	0	41	0	39	0	0	0	-1	-1	0
c12432	20	-1	0	15	-1	-1	0	-1	11	0	-1	-1	0	0	17	0	0	0	0	-1	0	-1	0	-1	0	31	0	-1	32	18
c12444	0	0	22	-1	-1	0	0	-1	5	43	-1	14	-1	32	0	32	0	20	-1	0	0	0	28	0	0	-1	0	22	0	-1
c12446	0	-1	22	0	-1	0	0	35	5	35	22	-1	0	0	-1	32	0	0	-1	-1	0	0	28	0	0	13	0	-1	0	0
c12447	0	32	-1	-1	-1	0	0	35	-1	35	22	14	-1	0	1	32	0	0	-1	0	0	0	28	0	0	13	0	-1	0	0
c12451	7	0	-1	0	0	0	0	24	0	12	19	14	0	0	0	17	22	0	-1	3	0	0	42	41	0	13	0	0	0	-1
c12487	-1	-1	41	0	0	-1	-1	0	23	24	-1	-1	-1	0	0	13	0	0	-1	40	0	0	-1	-1	0	0	-1	-1	24	0
c12490	0	-1	22	0	8	0	0	-1	5	-1	22	-1	0	0	0	32	0	0	-1	0	14	0	28	0	32	13	0	0	24	0
c12503	0	-1	0	0	0	10	20	0	0	33	0	0	43	22	-1	0	0	28	7	32	0	0	28	0	0	0	-1	0	0	18
c12508	49	-1	22	0	8	30	0	0	5	-1	-1	14	-1	0	0	28	22	24	-1	0	-1	0	28	0	0	13	0	0	-1	0
c12518	32	-1	0	0	0	10	35	0	0	24	0	0	0	0	7	13	0	7	-1	0	0	0	0	39	0	0	-1	32	-1	0
c12519	32	-1	0	0	-1	10	35	0	-1	-1	0	0	0	0	7	13	0	7	0	0	0	0	-1	39	0	0	43	32	-1	0
c12524	0	-1	0	0	0	0	-1	0	0	-1	-1	17	22	-1	0	13	-1	-1	0	0	7	25	0	-1	28	0	0	-1	0	0
c12550	0	-1	20	0	0	-1	0	-1	0	-1	0	10	0	-1	0	13	-1	0	0	0	11	0	0	39	0	0	-1	32	8	-1
c12555	0	22	46	0	-1	0	-1	20	0	-1	22	14	-1	0	12	0	0	0	-1	43	0	0	0	24	0	13	35	-1	0	0
c12585	22	-1	0	0	0	0	-1	-1	25	-1	0	11	28	28	0	13	-1	46	24	13	0	0	0	39	0	-1	0	0	-1	0
c12589	7	-1	0	0	17	0	0	24	0	-1	15	14	0	0	0	-1	22	0	-1	0	0	0	41	41	0	13	0	0	-1	-1
c12603	0	-1	7	23	-1	0	-1	-1	-1	33	0	0	-1	0	-1	18	0	0	34	0	30	0	-1	-1	17	32	17	19	-1	18
c12611	0	0	22	13	-1	0	0	0	-1	0	22	14	0	-1	22	32	0	13	-1	0	0	0	28	0	0	13	0	0	22	0
c12614	0	-1	0	-1	22	-1	0	0	-1	24	0	-1	0	0	0	-1	0	0	17	0	0	22	0	39	0	24	-1	20	24	-1
c12624	1	7	0	0	-1	0	10	24	-1	0	15	14	-1	-1	-1	0	22	0	-1	46	-1	0	28	41	19	13	-1	-1	-1	-1
c12636	0	-1	0	23	0	0	0	0	8	33	0	-1	0	0	17	0	0	-1	34	0	0	-1	-1	22	17	0	33	33	30	-1
c12646	24	0	22	0	8	-1	-1	-1	5	22	-1	14	0	0	7	32	0	-1	-1	14	0	0	-1	0	0	13	7	0	41	0
c12663	0	0	22	0	8	-1	0	0	5	-1	22	14	-1	0	7	32	32	-1	-1	0	0	0	28	0	0	13	-1	0	0	0
c12679	0	0	-1	-1	8	31	17	0	-1	0	22	14	0	-1	28	0	0	31	-1	0	0	10	28	-1	0	13	0	0	14	6
c12681	41	0	-1	0	-1	2	0	0	-1	0	22	14	41	0	0	-1	-1	41	-1	0	32	20	28	32	-1	13	0	0	0	0
c12688	0	-1	0	-1	0	0	0	-1	41	33	32	0	0	0	17	0	7	1	-1	32	0	0	0	0	-1	0	0	-1	33	18
c12692	0	-1	-1	23	0	31	7	0	-1	33	0	0	0	-1	17	0	0	0	34	0	0	0	-1	0	17	11	0	0	0	18
c12701	28	-1	0	0	0	0	0	0	-1	-1	32	-1	22	0	0	13	-1	-1	0	0	7	0	0	-1	28	-1	0	30	0	0
c12719	-1	-1	-1	-1	0	0	30	-1	-1	-1	0	-1	0	0	0	13	0	0	17	47	0	22	-1	39	0	0	0	20	24	0
c12736	-1	-1	32	0	0	0	-1	-1	0	24	0	0	0	-1	-1	13	-1	0	0	-1	0	0	17	-1	0	0	0	24	0	0
c12738	0	0	-1	33	-1	9	22	-1	5	24	22	14	0	0	0	32	0	0	-1	0	22	-1	28	-1	0	13	20	0	-1	0
c12751	-1	0	-1	0	0	0	-1	-1	0	-1	22	-1	-1	10	0	-1	0	34	-1	0	-1	0	33	0	-1	13	-1	-1	0	0
c12761	7	0	0	0	0	41	-1	24	0	0	-1	14	0	0	28	17	-1	-1	-1	0	0	1	49	41	-1	-1	20	22	0	-1
c12763	20	-1	0	0	0	0	0	-1	11	50	0	-1	0	0	17	-1	44	-1	0	7	0	-1	0	0	0	-1	0	24	32	18
c12770	0	32	-1	0	28	0	-1	50	0	-1	22	14	-1	10	0	32	0	34	-1	0	-1	0	33	0	-1	13	-1	-1	-1	0
c12775	24	-1	1	49	0	0	0	0	0	24	-1	-1	-1	-1	0	-1	0	0	-1	0	28	-1	12	39	-1	-1	0	0	0	0
c12779	-1	-1	0	-1	0	-1	0	0	23	-1	0	-1	19	0	0	13	0	0	0	-1	0	0	-1	-1	0	0	-1	0	24	0
c12801	0	-1	22	0	8	-1	17	0	5	-1	22	14	0	-1	0	32	0	26	-1	11	0	0	28	39	19	13	0	0	0	0
c12809	7	-1	0	0	0	0	-1	24	0	22	0	14	43	0	0	17	22	0	-1	0	0	0	0	41	0	13	0	0	0	-1
c12811	0	-1	0	0	-1	-1	0	0	0	24	0	0	0	0	0	13	-1	20	-1	0	0	-1	17	39	-1	0	-1	24	0	33
c12817	0	0	-1	30	8	31	17	17	5	39	22	14	0	0	-1	0	35	0	-1	-1	0	43	28	0	0	13	0	0	14	41
c12826	19	-1	22	0	-1	-1	31	7	5	0	22	-1	0	-1	0	0	-1	49	-1	0	-1	0	28	-1	0	13	0	-1	7	0
c12834	0	-1	28	0	0	0	-1	0	0	24	-1	19	0	0	0	13	-1	0	-1	35	0	0	-1	39	0	-1	15	0	0	0
c12836	0	-1	41	0	0	0	-1	0	-1	24	-1	0	0	0	-1	13	46	-1	-1	13	41	-1	0	-1	0	0	0	-1	0	0
c12837	0	-1	41	0	-1	0	-1	0	-1	-1	-1	0	0	0	-1	13	46	0	-1	13	41	-1	0	39	0	0	0	0	0	0
c12848	-1	-1	0	0	0	0	0	0	-1	24	0	-1	-1	19	27	13	-1	0	17	0	-1	0	-1	39	43	-1	0	0	24	0
c12850	-1	-1	0	-1	0	10	0	0	0	33	0	0	0	-1	17	0	0	0	-1	-1	0	0	0	0	0	0	34	0	0	18
c12855	0	-1	0	0	7	10	35	0	0	24	22	0	0	0	0	-1	0	17	0	10	0	0	0	39	-1	0	0	0	0	22
c12862	-1	0	-1	0	-1	28	0	0	-1	0	22	14	0	32	0	-1	0	-1	-1	0	22	-1	28	0	44	13	-1	0	0	0
c12873	0	0	22	0	-1	0	-1	43	5	0	22	14	0	0	-1	-1	-1	44	-1	0	22	0	28	22	0	13	0	0	1	0
c12892	0	0	-1	12	8	22	-1	-1	5	0	-1	14	-1	-1	-1	37	0	0	-1	0	0	-1	28	0	43	13	0	0	0	23
c12897	0	0	-1	-1	8	0	17	-1	5	22	22	14	0	49	0	-1	32	0	-1	0	0	32	-1	0	0	13	-1	-1	-1	0
c12908	-1	-1	0	0	0	0	0	0	23	-1	0	-1	33	19	-1	-1	0	0	0	0	-1	0	33	-1	0	0	0	32	24	29
c12909	-1	-1	-1	0	0	0	-1	-1	23	-1	0	-1	33	19	-1	13	0	0	0	0	0	0	33	39	0	0	-1	-1	-1	29
c12910	0	-1	22	0	8	30	0	-1	5	0	22	14	0	0	0	-1	0	0	-1	0	0	-1	28	0	0	13	-1	0	-1	-1
c12931	0	-1	7	0	0	0	22	-1	0	0	-1	14	0	32	0	-1	0	0	-1	32	0	0	34	0	-1	13	0	-1	0	0
c12934	7	44	0	0	0	0	0	24	0	0	19	-1	0	0	-1	17	22	41	-1	7	0	-1	0	41	0	13	-1	0	0	-1
c12940	0	-1	-1	23	0	-1	-1	0	-1	-1	-1	0	0	0	17	-1	-1	-1	-1	-1	0	22	-1	0	17	0	19	-1	0	-1
c12941	0	-1	0	23	0	0	-1	0	0	33	13	0	0	0	17	0	0	-1	-1	0	0	22	-1	-1	-1	0	19	-1	-1	18
c12954	0	33	0	0	0	-1	0	24	28	0	-1	14	0	0	0	28	-1	0	-1	-1	9	-1	-1	41	0	13	-1	7	0	47
c12969	7	7	0	0	-1	0	0	-1	-1	7	0	14	0	-1	-1	17	22	0	-1	0	-1	0	41	41	-1	13	0	0	0	47
c13014	7	0	0	-1	0	0	0	24	0	41	0	14	2	0	0	-1	22	0	-1	-1	0	0	0	41	0	13	0	0	-1	47
c13031	49	0	22	22	8	30	0	-1	5	-1	22	14	-1	41	0	-1	0	-1	-1	0	-1	-1	28	0	0	13	0	0	-1	19
c13041	0	-1	-1	23	0	-1	32	0	24	33	18	20	13	22	17	-1	0	-1	0	0	0	-1	-1	0	-1	0	0	33	0	18
c13045	0	-1	-1	0	8	22	0	0	5	0	22	14	0	0	0	-1	0	0	-1	0	0	0	28	0	0	-1	0	0	20	0
c13046	13	-1	0	9	0	-1	22	0	0	24	41	-1	0	8	0	13	-1	17	0	-1	0	0	27	39	0	0	0	0	0	0
c13054	-1	0	22	15	-1	15	31	20	5	-1	22	14	-1	-1	0	43	11	-1	-1	0	0	0	28	-1	-1	13	32	22	-1	-1
c13061	32	-1	-1	-1	44	-1	35	-1	0	24	0	0	0	0	7	13	0	-1	0	-1	0	15	0	39	10	0	-1	0	35	0
c13064	-1	-1	0	23	0	12	0	8	0	33	0	20	32	-1	17	0	0	0	0	7	-1	0	-1	0	-1	0	24	0	0	18
c13099	-1	0	0	0	0	50	0	24	0	-1	0	14	42	10	41	0	22	22	-1	0	0	22	50	41	-1	13	-1	0	13	47
c13100	0	-1	0	-1	0	0	0	0	0	-1	-1	-1	-1	0	17	-1	0	0	-1	-1	0	0	-1	0	-1	0	-1	-1	0	18
c13101	20	-1	0	23	0	-1	-1	0	-1	33	0	0	-1	0	17	0	0	0	34	0	0	0	-1	0	-1	0	0	0	0	18
c13123	46	-1	44	0	0	2	0	0	0	33	0	0	0	0	17	-1	0	0	-1	-1	0	-1	-1	0	17	0	-1	0	0	18
c13125	-1	-1	0	0	24	0	0	-1	-1	24	0	-1	-1	19	0	13	0	-1	0	0	0	12	-1	39	0	0	0	0	24	0
c13126	0	-1	0	0	0	0	-1	31	20	-1	32	0	-1	0	-1	13	-1	0	0	22	7	0	0	-1	0	0	32	30	0	22
c13173	0	0	-1	0	8	30	0	0	-1	-1	22	14	0	0	0	0	0	24	-1	-1	0	0	28	0	0	13	26	-1	0	0
c13177	0	-1	22	0	8	0	0	35	5	0	22	14	0	0	1	32	0	0	-1	0	0	0	-1	0	0	-1	0	-1	-1	0
c13187	-1	-1	0	0	0	-1	0	-1	-1	24	-1	0	0	0	0	13	0	-1	-1	0	0	-1	0	-1	0	0	0	-1	0	0
c13199	0	0	22	13	8	12	-1	0	5	0	22	-1	0	17	0	-1	0	13	-1	0	0	0	-1	-1	0	13	0	0	22	0
c13201	1	7	0	0	0	-1	0	24	-1	0	-1	14	23	13	0	0	22	0	-1	0	-1	0	28	-1	19	13	-1	-1	-1	-1
c13204	7	-1	0	0	0	0	0	24	0	0	28	14	0	0	0	17	22	0	-1	21	0	0	0	41	32	-1	0	0	-1	47
c13207	0	0	-1	0	8	-1	31	0	5	0	22	14	0	20	46	0	20	49	-1	22	-1	0	28	-1	0	13	0	0	0	-1
c13208	43	0	0	0	0	0	-1	0	0	-1	22	-1	-1	10	-1	0	0	0	-1	0	-1	0	-1	0	-1	13	22	7	-1	0
c13210	0	-1	37	-1	-1	-1	42	-1	0	0	-1	14	0	0	0	8	22	6	-1	18	0	0	22	41	24	13	0	-1	44	47
c13227	0	0	-1	0	8	31	17	0	5	0	-1	-1	0	-1	28	0	0	0	-1	0	0	0	-1	22	0	-1	0	0	14	-1
c13232	0	-1	28	0	0	0	-1	0	0	24	0	19	0	0	0	13	-1	0	-1	35	0	0	-1	39	0	0	15	0	0	0
c13233	0	-1	-1	0	0	0	-1	0	0	-1	0	19	0	0	0	13	-1	0	-1	-1	0	0	-1	39	0	0	15	-1	0	0
c13240	0	-1	44	24	0	20	0	13	0	33	-1	3	0	0	17	0	17	0	28	-1	0	13	-1	7	-1	0	-1	0	-1	18
c13241	0	-1	44	24	-1	20	-1	13	-1	-1	0	3	0	0	17	0	17	0	-1	0	0	13	-1	7	17	0	-1	0	0	18
c13260	-1	0	0	12	17	-1	0	-1	0	0	28	14	0	-1	0	-1	22	46	-1	0	-1	22	41	41	0	13	0	-1	-1	47
c13264	22	0	-1	0	8	-1	31	0	5	0	22	14	0	-1	0	0	-1	49	-1	0	-1	0	28	-1	41	-1	0	-1	-1	0
c13268	-1	0	0	0	0	7	0	24	0	28	0	14	0	-1	32	0	-1	0	-1	0	0	0	0	0	0	13	5	0	8	47
c13280	0	-1	44	0	-1	0	0	0	0	-1	24	0	0	-1	17	-1	-1	0	-1	-1	0	0	-1	13	17	0	0	-1	0	18
c13299	0	-1	0	0	0	0	0	0	23	24	0	-1	0	0	-1	13	0	0	17	0	0	22	0	39	0	0	43	20	24	0
c13329	0	-1	22	0	8	32	17	-1	5	0	22	14	0	19	0	32	0	0	-1	11	0	0	28	0	40	-1	0	0	33	7
c13344	-1	0	0	0	0	20	0	24	24	0	19	-1	0	0	0	-1	22	0	-1	0	0	-1	0	41	0	13	0	-1	0	-1
c13367	-1	-1	0	8	-1	-1	0	7	-1	24	0	-1	-1	0	-1	13	0	32	0	0	0	0	-1	39	0	0	0	0	-1	-1
c13378	0	-1	22	0	44	0	0	24	-1	-1	-1	0	0	0	0	13	-1	0	0	7	0	0	22	39	-1	-1	0	0	0	0
c13379	0	-1	22	0	-1	0	-1	24	-1	-1	32	0	0	0	-1	13	-1	0	0	7	0	0	22	39	0	50	0	0	0	0
c13388	0	-1	0	-1	0	10	35	0	0	24	0	-1	0	0	33	-1	22	0	0	10	-1	0	0	-1	0	43	0	-1	0	22
c13408	0	-1	0	23	0	31	-1	0	8	33	0	0	-1	0	17	0	0	0	34	0	0	-1	-1	0	-1	0	0	0	0	18
c13425	0	0	0	-1	43	-1	0	24	0	0	-1	14	0	0	0	28	22	0	-1	22	0	0	-1	-1	22	13	-1	7	-1	47
c13457	-1	0	-1	0	8	0	32	0	5	0	-1	14	0	0	13	50	0	0	-1	-1	0	-1	28	0	0	-1	0	43	-1	11
c13464	0	-1	44	0	7	0	0	0	-1	33	0	33	47	-1	-1	-1	-1	0	22	-1	0	0	-1	0	17	0	0	12	0	18
c13474	0	-1	24	0	13	0	-1	-1	23	24	0	-1	-1	0	0	13	0	0	17	47	0	-1	0	-1	0	0	-1	20	24	0
c13483	7	0	-1	0	-1	0	0	24	-1	-1	19	14	0	0	0	-1	-1	0	-1	0	0	0	0	-1	0	-1	17	0	0	-1
c13493	0	-1	0	0	0	10	35	0	0	24	0	8	0	0	-1	-1	40	-1	0	-1	0	0	0	39	9	0	0	0	-1	-1
c13498	-1	-1	-1	0	-1	0	0	0	0	24	0	0	-1	-1	-1	13	-1	-1	0	0	24	0	-1	39	0	-1	0	9	0	0
c13508	0	0	22	0	8	0	17	0	5	13	22	14	0	-1	-1	32	0	0	-1	-1	7	0	-1	0	-1	13	0	0	-1	39
