	0	1	2	3	4	5	6	7	8	9	10	11	12	13	14	15	16	17	18	19	20	21	22	23	24	25	26	27	28	29
c158	0	0	-1	0	32	0	0	23	0	0	0	0	0	47	-1	0	0	0	0	-1	-1	-1	0	0	0	0	-1	-1	8	0
c446	26	0	0	0	50	-1	-1	8	0	0	0	-1	49	43	-1	0	0	0	-1	7	12	-1	-1	0	0	0	-1	50	-1	0
c1260	26	0	0	0	0	0	0	21	0	0	49	4	35	43	-1	0	0	0	50	-1	-1	-1	0	-1	-1	0	-1	0	8	35
c1374	0	-1	20	0	9	0	-1	-1	0	0	0	0	43	0	23	4	0	26	49	0	-1	0	0	0	4	0	0	49	-1	-1
c1408	0	0	0	43	4	0	43	39	0	49	35	26	0	0	50	27	0	0	35	-1	34	0	0	0	0	12	0	0	0	35
c1414	26	0	0	0	22	0	-1	45	0	0	-1	4	0	-1	-1	0	0	43	0	43	12	0	0	0	0	-1	-1	0	-1	0
c1467	-1	43	0	24	0	0	19	-1	44	47	22	0	-1	0	-1	43	0	0	-1	43	35	0	0	-1	-1	0	-1	33	0	-1
c1472	26	46	28	0	0	0	-1	-1	0	43	0	0	0	43	0	31	-1	0	0	43	12	27	-1	0	0	47	-1	0	49	20
c1647	26	0	-1	0	0	0	-1	-1	-1	0	0	0	2	-1	44	39	13	-1	0	-1	0	0	50	-1	-1	45	0	49	-1	0
c1662	0	-1	0	0	0	2	35	12	34	0	8	23	0	0	0	0	0	0	0	0	-1	-1	12	1	0	0	-1	0	0	23
c1673	26	-1	21	0	-1	0	2	0	0	0	21	46	0	43	20	-1	40	4	0	0	12	0	0	0	49	0	0	0	0	13
c1722	0	0	2	0	4	1	43	-1	33	0	-1	26	0	0	50	27	-1	-1	-1	0	0	0	5	0	-1	12	0	0	34	35
c1727	-1	0	0	0	50	0	0	8	0	43	-1	46	-1	43	-1	0	10	0	-1	-1	12	-1	0	-1	-1	43	0	0	-1	-1
c1755	-1	0	0	0	0	0	-1	-1	-1	50	0	4	7	43	0	-1	-1	43	12	43	12	0	0	-1	0	-1	0	0	-1	0
c1814	26	0	0	45	50	0	0	8	39	-1	0	46	50	43	0	29	0	0	32	0	-1	-1	0	0	0	0	0	0	0	37
c1829	0	49	0	0	-1	0	0	0	23	-1	0	39	-1	0	0	-1	0	-1	0	0	-1	45	0	0	-1	49	-1	0	36	0
c1834	0	0	-1	0	-1	0	0	0	23	-1	-1	39	0	0	-1	-1	0	6	35	0	50	45	0	0	-1	49	0	-1	36	0
c1855	26	0	0	-1	50	0	-1	8	-1	0	-1	46	-1	43	12	0	0	0	32	0	12	43	0	-1	0	0	0	0	0	37
c1919	26	0	0	0	50	0	-1	8	0	-1	0	-1	0	43	48	1	0	-1	32	0	12	0	0	0	0	0	37	0	-1	0
c1922	26	-1	-1	0	-1	0	0	8	0	43	4	46	-1	43	-1	0	10	0	-1	-1	12	34	0	0	-1	0	0	0	-1	10
c1985	26	0	0	0	50	0	0	-1	-1	0	43	46	4	43	0	-1	0	0	32	0	12	0	0	-1	0	4	0	16	0	-1
c2033	0	-1	-1	0	13	5	0	-1	0	50	0	0	0	45	0	21	45	-1	-1	0	0	-1	0	0	-1	-1	0	-1	13	0
c2085	0	0	49	0	0	0	0	0	47	0	37	0	0	0	-1	-1	0	0	-1	0	0	0	0	47	0	35	-1	8	0	-1
c2097	22	0	-1	0	0	0	0	0	-1	50	0	-1	-1	-1	0	0	21	23	49	0	0	-1	23	8	0	0	-1	0	13	35
c2189	16	0	-1	0	43	0	0	-1	34	19	8	0	0	0	0	23	0	16	-1	0	-1	26	0	0	13	26	-1	0	4	0
c2214	-1	0	-1	47	-1	0	-1	28	0	20	0	0	-1	0	-1	0	0	-1	49	0	13	22	0	0	-1	-1	-1	8	0	0
c2223	-1	-1	0	0	-1	0	-1	0	0	0	0	4	-1	43	0	0	-1	43	12	-1	12	-1	0	0	-1	0	-1	0	28	0
c2230	0	0	4	-1	0	4	-1	-1	0	0	28	0	0	44	16	0	21	-1	0	45	0	0	0	0	-1	0	-1	20	-1	4
c2337	26	0	37	0	0	0	0	-1	45	0	0	-1	7	43	0	0	-1	43	-1	43	12	-1	-1	0	0	0	-1	0	-1	0
c2359	26	23	0	16	50	0	0	8	20	43	-1	46	-1	43	-1	-1	10	-1	32	0	12	0	-1	-1	0	0	0	0	-1	-1
c2413	-1	16	0	-1	50	0	-1	-1	0	0	0	-1	-1	43	-1	-1	19	0	0	0	-1	0	0	0	7	0	0	0	8	-1
c2422	-1	0	0	0	0	-1	0	28	-1	0	-1	4	4	43	0	44	0	43	0	-1	12	0	42	0	-1	0	25	0	0	0
c2429	26	0	0	-1	0	43	0	0	0	0	30	-1	49	43	0	0	21	0	0	43	12	0	0	0	-1	25	0	0	49	-1
c2440	26	0	0	0	50	0	0	8	-1	0	-1	46	0	43	-1	0	0	-1	32	0	12	-1	0	0	0	0	-1	0	-1	0
c2456	-1	0	-1	-1	-1	-1	-1	0	0	43	-1	9	0	-1	39	12	0	-1	0	27	0	0	0	23	22	-1	-1	0	0	0
c2489	0	0	-1	-1	0	0	-1	0	0	0	0	50	0	-1	-1	39	0	0	0	-1	-1	0	0	-1	12	35	0	49	11	0
c2576	23	-1	-1	0	0	0	50	28	0	27	0	0	0	49	-1	35	8	-1	-1	-1	-1	0	0	0	0	0	-1	8	0	0
c2577	23	0	-1	9	0	0	50	-1	0	27	0	0	-1	49	-1	0	0	-1	35	0	0	0	0	0	0	0	-1	8	0	0
c2579	0	0	-1	47	-1	0	50	28	0	0	0	27	48	-1	-1	0	0	-1	0	0	-1	0	0	0	0	-1	-1	8	0	0
c2584	22	43	0	24	0	48	19	0	0	-1	-1	0	0	-1	-1	0	0	0	16	43	35	0	0	0	0	-1	49	0	0	0
c2689	26	16	13	-1	50	0	0	0	-1	0	0	-1	-1	43	0	-1	19	0	0	-1	12	0	0	0	7	19	0	0	0	23
c2702	26	0	8	0	50	23	0	8	0	0	0	46	-1	43	0	0	-1	0	0	0	12	0	50	0	-1	0	0	-1	0	0
c2766	26	0	0	0	50	9	0	8	0	0	0	-1	0	-1	0	4	-1	0	-1	7	12	0	0	-1	0	0	-1	0	0	0
c2822	6	-1	0	-1	0	39	1	0	0	21	0	-1	0	0	0	-1	45	26	0	0	-1	0	0	0	0	0	0	49	0	36
c2832	0	0	-1	26	50	-1	50	28	0	-1	0	-1	0	0	-1	44	-1	0	-1	35	13	0	0	0	0	44	-1	-1	0	0
c2887	0	-1	0	0	-1	4	0	0	0	-1	0	0	20	0	0	0	0	0	-1	39	0	0	0	1	-1	0	35	0	0	12
c2970	-1	-1	43	8	0	-1	-1	-1	0	23	0	-1	0	0	0	0	43	-1	0	0	0	-1	0	0	16	0	23	0	-1	35
c3013	26	0	-1	43	50	0	25	8	0	43	49	-1	6	-1	-1	0	10	0	-1	-1	-1	-1	0	0	0	0	0	0	-1	10
c3034	13	6	-1	-1	-1	0	0	20	-1	48	0	0	0	29	0	0	16	0	-1	0	0	50	0	23	0	0	0	-1	-1	-1
c3041	0	0	0	0	0	0	0	50	0	0	26	0	37	0	0	8	47	-1	0	0	0	0	25	0	-1	0	-1	23	-1	-1
c3046	0	35	-1	0	-1	0	43	0	43	-1	0	0	0	0	-1	-1	44	0	-1	0	0	-1	0	0	0	12	26	-1	0	35
c3054	26	0	0	-1	50	9	0	8	0	0	0	-1	0	-1	0	4	0	0	-1	7	12	-1	0	0	0	12	0	-1	0	4
c3055	-1	-1	0	-1	50	9	-1	8	0	0	-1	-1	0	-1	0	4	-1	0	-1	7	12	0	0	0	-1	0	0	0	-1	0
c3059	26	0	0	0	0	0	32	0	0	0	20	4	0	43	13	0	-1	43	0	43	12	0	-1	0	-1	0	-1	21	-1	2
c3069	-1	45	8	0	50	0	0	8	0	0	-1	46	37	43	0	21	0	-1	0	0	12	-1	0	0	0	0	0	-1	0	-1
c3073	26	0	35	-1	0	0	-1	0	0	21	-1	-1	0	0	44	39	0	-1	0	0	19	0	0	-1	12	0	0	49	0	0
c3079	-1	0	0	0	50	0	0	8	0	0	16	-1	-1	43	0	-1	-1	0	32	0	12	42	0	0	-1	0	-1	-1	0	0
c3140	-1	0	8	0	50	0	-1	-1	0	0	0	46	0	43	0	-1	0	0	0	0	12	0	-1	0	0	0	0	43	0	0
c3141	26	0	8	0	50	-1	-1	8	45	0	-1	46	0	43	20	0	0	0	0	-1	12	-1	0	0	0	0	0	43	0	0
c3144	-1	0	0	0	0	0	-1	0	-1	0	0	-1	0	0	39	12	0	49	0	0	2	42	0	0	-1	0	-1	0	13	0
c3172	0	-1	0	0	-1	0	0	43	0	8	37	0	0	-1	-1	0	0	0	0	0	0	-1	0	0	0	0	-1	8	0	-1
c3191	2	45	0	0	13	0	0	22	0	49	0	-1	0	45	0	-1	35	-1	0	26	0	20	0	0	23	0	17	49	0	0
c3204	26	0	6	0	50	0	0	8	0	0	0	-1	0	43	49	0	0	-1	32	0	-1	0	0	0	0	0	0	-1	-1	-1
c3237	26	0	-1	0	-1	9	0	8	41	0	0	-1	13	43	0	4	0	0	-1	7	-1	0	0	0	0	-1	27	0	0	0
c3239	0	0	0	-1	13	0	0	-1	-1	49	4	-1	0	45	0	-1	0	0	0	26	6	20	48	0	23	0	45	49	0	0
c3241	13	-1	0	0	0	0	46	-1	-1	48	-1	0	0	29	0	0	0	0	0	0	44	-1	0	23	0	4	0	-1	43	0
c3258	4	0	0	0	0	-1	0	0	0	49	13	-1	43	49	0	0	0	21	0	6	23	20	37	-1	0	-1	49	-1	0	0
c3276	16	49	-1	-1	43	0	0	0	34	19	-1	0	0	0	0	-1	-1	16	0	0	-1	26	-1	0	13	0	-1	0	-1	0
c3301	0	0	0	0	35	49	0	0	0	-1	37	-1	21	0	6	38	-1	26	27	0	0	0	0	-1	5	0	-1	-1	4	7
c3304	43	0	-1	47	50	0	-1	-1	0	-1	0	8	0	0	-1	0	-1	0	49	0	13	0	0	0	0	21	-1	8	0	0
c3325	0	0	0	-1	0	0	-1	-1	0	0	-1	-1	23	0	0	-1	0	0	37	0	23	20	0	0	0	-1	5	0	0	0
c3387	0	35	0	-1	-1	-1	43	0	43	0	0	-1	0	0	50	0	0	0	0	0	0	20	0	0	0	12	0	49	11	35
c3390	26	0	0	0	50	0	0	8	39	0	43	46	4	43	0	0	0	0	32	-1	12	0	-1	-1	0	0	0	-1	45	-1
c3433	-1	0	0	-1	0	0	35	0	35	0	0	39	-1	-1	26	0	0	-1	0	0	0	-1	0	0	49	0	-1	0	0	-1
c3440	0	37	50	-1	0	35	-1	25	0	-1	0	-1	28	0	0	-1	0	23	-1	0	0	0	10	-1	0	0	-1	32	0	-1
c3452	26	-1	-1	0	-1	0	0	0	0	21	-1	-1	26	43	-1	-1	-1	0	0	0	12	0	0	0	0	0	43	0	0	46
c3455	-1	0	26	0	0	0	0	-1	34	23	8	43	0	-1	0	0	0	0	26	0	-1	-1	12	1	0	0	-1	0	4	0
c3527	26	0	0	0	0	43	0	0	0	0	0	4	49	43	0	-1	-1	0	0	43	12	0	0	0	-1	0	-1	0	-1	-1
c3529	26	0	-1	-1	50	9	0	8	0	-1	-1	-1	0	-1	0	4	4	0	-1	-1	12	0	0	-1	0	33	-1	0	0	0
c3533	26	0	0	0	50	-1	-1	0	0	0	0	-1	-1	43	0	-1	19	0	4	-1	12	-1	25	0	0	-1	-1	-1	0	0
c3546	16	0	4	-1	43	0	0	0	34	19	8	0	0	0	0	0	0	16	0	0	0	26	-1	-1	13	0	-1	0	4	49
c3555	0	-1	0	0	0	0	32	0	47	43	37	-1	0	0	-1	0	0	0	-1	-1	0	0	0	0	-1	0	-1	8	-1	0
c3574	0	0	0	1	-1	0	8	12	34	23	8	0	-1	0	0	-1	0	0	0	1	-1	43	12	1	0	0	-1	0	0	0
c3586	26	16	0	-1	-1	-1	36	0	0	4	0	-1	0	43	50	-1	19	27	0	0	12	-1	11	0	-1	0	0	0	-1	0
c3602	26	0	0	0	-1	47	0	0	0	0	0	-1	42	43	0	-1	19	-1	4	0	12	-1	0	-1	0	0	0	0	-1	0
c3608	16	0	4	-1	43	-1	0	0	34	19	8	0	0	-1	0	0	0	16	28	0	0	26	0	0	-1	0	-1	0	0	0
c3654	48	0	0	0	29	0	0	0	0	0	0	50	0	0	-1	0	0	0	0	0	0	0	43	43	0	0	0	-1	0	-1
c3684	26	-1	0	0	37	0	0	0	0	39	47	4	0	43	-1	21	0	-1	0	43	-1	0	0	-1	0	-1	18	0	-1	45
c3694	-1	35	0	-1	-1	0	43	0	-1	4	0	-1	-1	-1	50	0	0	0	0	0	0	20	0	0	0	12	-1	49	0	35
c3696	26	-1	23	28	0	43	0	-1	0	0	0	-1	-1	-1	0	0	0	4	0	43	12	0	0	0	0	-1	-1	0	1	16
c3701	13	0	-1	0	-1	0	0	-1	-1	48	-1	-1	0	29	0	-1	0	0	0	0	0	-1	0	23	0	0	0	0	43	0
c3705	26	-1	-1	0	50	-1	-1	0	-1	0	0	-1	-1	43	0	-1	19	0	0	0	12	0	0	0	37	0	0	-1	-1	21
c3706	0	-1	0	-1	-1	5	0	-1	50	0	-1	-1	0	0	0	0	0	0	39	0	0	-1	0	0	1	0	26	0	0	31
c3711	0	0	0	0	-1	0	0	0	0	43	20	9	-1	43	39	12	0	-1	23	-1	0	0	0	-1	0	-1	-1	49	-1	0
c3719	26	0	-1	0	-1	0	23	21	-1	0	0	-1	-1	43	0	0	0	1	0	43	12	0	0	0	0	0	0	23	8	0
c3721	8	0	48	9	-1	-1	43	0	-1	-1	1	0	0	0	-1	0	0	0	0	0	42	0	45	0	6	-1	-1	0	-1	-1
c3731	0	7	-1	-1	13	49	-1	-1	12	-1	0	36	0	-1	0	26	0	0	0	26	0	0	0	0	34	-1	0	0	0	0
c3754	6	0	-1	-1	-1	0	0	0	-1	0	6	50	-1	0	0	0	0	26	-1	0	-1	-1	0	-1	-1	0	0	49	0	0
c3763	26	0	0	0	0	43	0	0	37	-1	0	4	0	43	0	16	0	0	-1	-1	12	0	0	0	0	0	-1	-1	0	16
c3764	-1	0	44	0	13	-1	0	16	1	0	0	0	0	-1	0	0	0	-1	26	43	-1	0	0	50	0	0	4	-1	0	23
c3771	0	0	-1	8	0	0	4	0	35	0	-1	0	0	-1	26	0	0	1	0	0	-1	-1	0	0	-1	25	0	0	-1	4
c3774	-1	24	0	8	-1	-1	6	-1	0	0	1	4	-1	43	-1	0	0	0	-1	-1	12	0	0	0	0	0	16	0	0	16
c3785	-1	0	0	0	-1	0	42	43	0	0	37	0	0	2	-1	0	0	0	-1	-1	0	-1	0	0	0	0	-1	8	0	0
c3791	35	0	0	0	0	-1	0	-1	-1	30	-1	-1	0	0	-1	-1	0	0	0	0	0	26	-1	43	0	47	0	0	0	0
c3800	-1	-1	4	-1	-1	0	0	-1	34	19	8	0	-1	0	-1	-1	0	16	-1	0	0	26	0	0	13	0	-1	0	-1	49
c3820	26	-1	0	27	-1	0	0	49	-1	-1	4	4	0	43	0	-1	-1	43	12	43	12	-1	0	-1	0	-1	0	0	28	0
c3821	26	0	0	-1	-1	0	0	-1	-1	0	4	4	0	43	0	0	-1	43	-1	43	-1	0	0	0	-1	-1	0	0	28	0
c3834	42	-1	-1	-1	-1	0	-1	0	0	4	38	0	0	0	-1	0	-1	0	-1	0	0	-1	16	0	0	0	-1	-1	0	45
c3880	26	0	0	4	-1	0	0	0	-1	-1	21	46	45	43	4	0	40	4	0	0	-1	0	23	0	-1	20	-1	0	0	0
c3893	42	0	0	13	0	0	23	-1	0	0	0	28	0	0	0	0	36	0	0	0	0	-1	0	-1	10	0	-1	0	0	-1
c3901	-1	9	-1	20	0	0	23	-1	0	-1	0	-1	35	0	0	-1	0	27	0	-1	-1	20	47	37	0	-1	0	0	-1	4
c3914	-1	14	0	0	0	43	4	23	0	0	0	-1	0	12	0	49	0	13	0	43	0	0	0	-1	-1	0	-1	26	-1	-1
c3917	47	0	0	0	0	0	-1	0	-1	0	0	0	0	12	0	23	0	0	-1	0	0	0	-1	0	0	23	-1	0	-1	-1
c3934	-1	-1	0	0	0	0	0	0	-1	43	48	9	0	43	39	12	0	-1	0	0	0	0	0	25	0	0	-1	0	0	23
c3941	42	-1	0	13	49	26	23	-1	0	27	-1	28	0	0	0	0	36	0	0	0	-1	0	-1	0	0	-1	-1	-1	4	-1
c3967	34	-1	0	0	13	5	0	9	0	0	-1	0	0	0	28	0	0	0	0	0	-1	-1	-1	0	0	0	0	-1	0	0
c3983	45	-1	0	0	13	5	0	-1	49	50	0	0	-1	0	0	-1	-1	0	-1	0	0	11	-1	0	0	0	0	-1	13	0
c4033	-1	20	0	0	0	-1	0	-1	0	0	13	-1	43	49	0	0	-1	-1	21	6	23	-1	0	0	0	0	49	0	0	-1
c4051	0	0	0	0	0	49	-1	0	0	35	-1	0	0	-1	0	39	-1	23	31	0	0	0	-1	19	12	0	0	49	0	0
c4065	26	0	0	0	22	16	0	0	0	0	0	4	45	43	0	0	-1	43	0	43	12	8	0	0	0	0	-1	0	0	0
c4083	0	-1	0	8	0	0	0	0	35	0	43	-1	0	0	-1	0	31	1	44	-1	0	-1	-1	0	0	-1	0	-1	-1	0
c4109	26	0	0	0	50	-1	0	8	0	0	16	46	6	43	0	0	-1	0	32	0	-1	42	0	0	-1	-1	0	0	0	42
c4122	0	0	0	7	0	0	-1	-1	0	-1	0	0	0	0	0	0	0	0	0	2	0	-1	28	43	45	-1	-1	0	-1	-1
c4145	-1	12	37	0	0	0	0	0	0	-1	0	-1	40	-1	-1	45	0	0	50	0	0	-1	-1	0	12	0	0	0	-1	0
c4146	-1	0	-1	-1	-1	0	43	4	0	-1	50	0	0	42	-1	0	0	0	-1	0	-1	-1	23	19	0	12	43	-1	43	-1
c4147	0	-1	48	0	0	-1	43	4	0	0	50	0	0	-1	50	-1	-1	0	-1	0	0	0	23	19	0	12	0	-1	-1	-1
c4150	26	0	-1	-1	50	0	-1	0	0	0	45	-1	0	43	-1	-1	-1	0	0	0	12	13	49	-1	0	10	-1	0	48	0
c4152	26	0	0	0	50	0	0	8	0	-1	0	46	0	43	48	0	5	0	-1	0	12	0	0	0	0	0	0	-1	-1	0
c4164	26	0	0	0	0	0	0	0	43	-1	-1	4	4	43	-1	-1	1	43	0	43	12	0	42	0	0	0	-1	0	0	0
c4177	0	-1	48	-1	12	0	-1	0	0	-1	-1	23	0	0	50	13	23	28	49	0	-1	0	13	0	0	12	-1	0	0	35
c4212	0	0	0	0	29	0	18	-1	0	0	0	0	0	0	-1	0	0	-1	0	0	0	-1	0	43	-1	-1	0	0	0	23
c4214	26	46	28	0	0	50	28	21	-1	-1	0	49	0	43	0	0	0	-1	0	43	12	0	23	0	0	0	-1	0	0	20
c4228	0	0	-1	0	0	0	0	0	49	-1	-1	47	0	0	0	23	0	4	-1	-1	12	0	0	0	0	4	-1	8	0	0
c4250	-1	0	0	-1	0	0	0	0	43	33	0	4	4	43	0	44	-1	43	31	-1	12	0	42	0	0	-1	-1	0	0	-1
c4266	26	6	0	0	50	0	0	8	0	43	0	46	6	43	0	0	-1	36	-1	13	-1	0	0	0	0	50	0	0	-1	0
c4289	-1	0	0	0	0	0	0	0	0	0	0	0	0	0	0	0	-1	-1	49	-1	4	0	-1	0	0	0	-1	0	0	-1
c4310	0	49	-1	0	0	0	0	8	49	0	21	0	0	-1	12	0	0	42	0	-1	49	49	0	-1	0	0	0	0	-1	0
c4340	2	45	0	0	13	0	0	-1	0	-1	0	-1	0	45	0	2	0	-1	0	26	0	20	0	0	23	0	-1	49	-1	0
c4374	0	45	0	0	0	0	0	4	0	0	0	0	43	0	-1	0	0	26	0	0	-1	-1	4	34	0	-1	-1	49	0	0
c4388	0	-1	-1	47	50	0	-1	28	-1	20	0	0	0	0	-1	0	-1	0	49	0	13	0	0	0	0	21	-1	8	0	-1
c4414	26	16	0	8	-1	-1	0	0	0	0	24	-1	-1	43	0	-1	19	0	0	-1	12	0	0	34	0	-1	0	0	0	0
c4440	-1	0	37	0	0	0	-1	-1	0	-1	0	0	0	-1	0	45	8	-1	50	50	0	0	0	-1	12	8	0	0	-1	0
c4456	0	37	0	-1	0	0	-1	12	34	0	8	0	0	0	0	32	-1	10	0	0	0	48	-1	1	0	-1	-1	-1	0	0
c4461	26	0	0	-1	0	-1	0	0	0	-1	-1	-1	0	43	0	-1	-1	43	-1	43	12	0	0	0	-1	0	0	39	-1	35
c4466	0	0	0	0	4	0	43	-1	0	-1	35	26	13	0	50	27	-1	0	35	0	-1	0	0	-1	-1	12	49	0	0	35
c4471	0	0	0	32	-1	0	41	0	0	-1	-1	0	-1	44	16	0	0	0	-1	0	49	23	0	0	-1	0	-1	0	4	0
c4479	-1	0	48	0	0	0	43	0	0	4	9	0	-1	0	50	0	0	28	0	0	0	0	13	0	0	12	0	0	0	35
c4488	-1	13	-1	47	50	0	50	28	0	0	0	0	0	38	-1	0	0	-1	-1	0	13	0	0	0	0	0	-1	8	0	19
c4503	26	0	49	-1	37	0	0	0	0	39	47	4	-1	43	-1	-1	0	-1	0	-1	-1	0	0	-1	0	21	0	0	-1	45
c4511	0	-1	-1	0	39	0	0	0	0	0	0	39	42	0	4	-1	-1	0	0	0	50	-1	0	35	12	-1	0	13	36	0
c4526	0	0	37	0	-1	0	0	0	0	0	49	0	27	-1	0	45	19	0	-1	43	0	0	0	0	12	0	0	0	5	26
c4532	0	-1	0	0	-1	-1	43	39	-1	0	35	26	-1	-1	50	27	48	0	35	0	0	0	0	-1	0	12	0	0	0	-1
c4539	0	0	49	8	0	0	0	0	35	0	-1	0	50	0	26	0	-1	1	42	11	0	-1	23	0	0	10	0	0	27	0
c4543	26	0	0	-1	0	0	0	21	-1	0	0	4	0	43	0	0	0	37	-1	43	-1	12	0	-1	0	0	0	0	8	35
c4574	0	45	0	0	0	-1	46	-1	-1	-1	0	-1	0	0	-1	0	0	50	0	0	-1	-1	0	9	0	0	-1	8	0	-1
c4577	0	0	0	-1	0	0	0	0	0	0	0	9	-1	0	-1	12	0	-1	22	0	2	0	0	23	-1	0	-1	0	-1	0
c4581	22	-1	44	24	0	0	19	-1	0	0	0	-1	39	0	-1	0	0	0	-1	43	35	0	0	0	8	0	49	0	-1	45
c4589	0	0	-1	0	-1	47	43	39	0	0	35	-1	0	-1	-1	27	-1	0	35	-1	-1	0	0	0	-1	12	49	0	-1	35
c4596	0	45	0	0	0	35	2	25	0	35	-1	-1	28	-1	0	-1	0	23	0	0	0	0	0	0	12	0	-1	32	-1	-1
c4602	26	46	28	-1	0	0	44	27	-1	43	0	0	-1	43	47	23	0	0	-1	43	12	0	-1	-1	-1	0	45	-1	0	20
c4607	0	0	0	0	0	0	-1	-1	0	0	0	0	0	0	-1	39	0	0	31	0	0	0	0	19	12	0	26	-1	0	23
c4625	-1	0	-1	0	0	0	0	0	0	-1	0	0	43	0	23	-1	0	26	0	0	-1	0	0	0	4	0	-1	49	13	-1
c4657	0	0	48	0	13	0	43	16	0	0	49	0	-1	-1	50	-1	0	13	0	-1	0	49	-1	0	-1	12	0	0	8	35
c4664	-1	0	-1	0	43	0	-1	0	34	-1	8	9	0	0	0	0	0	-1	9	39	0	26	0	0	13	0	-1	0	-1	-1
c4670	26	49	0	0	50	43	0	8	0	0	43	46	0	-1	47	0	0	35	-1	0	12	0	0	0	0	49	0	0	-1	0
c4676	0	0	4	0	0	-1	0	0	0	0	22	0	20	13	0	43	0	0	0	0	-1	0	0	-1	-1	0	35	0	0	0
c4679	26	23	0	-1	1	43	43	23	0	0	0	4	0	-1	0	0	26	-1	-1	43	12	0	0	45	0	35	-1	0	0	0
c4689	26	-1	13	-1	50	0	0	8	-1	0	22	-1	-1	-1	0	-1	0	-1	32	0	12	-1	0	0	0	26	0	28	-1	0
c4701	0	0	0	32	-1	-1	41	0	0	0	0	-1	17	44	16	0	-1	0	0	0	49	0	0	0	-1	0	-1	0	4	0
c4719	-1	16	-1	-1	50	4	-1	0	16	0	0	-1	-1	-1	-1	-1	-1	0	0	0	12	0	0	0	-1	0	-1	0	37	0
c4730	0	0	0	0	29	0	0	-1	0	30	0	0	0	0	28	0	0	0	-1	0	0	-1	0	43	0	-1	0	0	0	0
c4738	0	0	0	0	-1	-1	43	39	33	0	35	26	16	0	-1	27	48	0	35	0	0	0	0	0	0	12	0	0	0	-1
c4743	26	0	-1	0	50	0	0	8	0	-1	0	46	6	43	-1	0	10	0	-1	0	-1	0	0	0	8	0	0	0	-1	-1
c4752	26	0	25	29	19	43	0	0	0	0	0	4	49	43	-1	0	0	-1	0	43	-1	0	4	9	0	0	0	0	49	-1
c4753	26	0	25	29	0	43	0	0	0	0	-1	4	-1	-1	0	0	-1	0	0	43	12	0	4	9	0	-1	37	0	-1	16
c4758	0	-1	-1	0	0	10	47	-1	-1	0	0	0	50	20	0	-1	-1	-1	-1	0	26	-1	0	9	4	0	-1	8	0	4
c4772	-1	0	-1	28	16	-1	-1	21	0	0	-1	4	0	43	-1	0	0	0	50	43	-1	-1	0	-1	0	0	0	0	8	35
c4784	26	16	-1	0	50	49	4	0	-1	-1	42	-1	0	43	39	-1	19	23	0	0	12	0	0	0	10	0	0	0	0	0
c4785	-1	16	0	0	50	49	0	-1	-1	-1	42	-1	0	43	0	-1	19	23	0	28	12	0	0	0	-1	-1	0	0	0	0
c4796	0	0	0	0	-1	0	0	0	37	0	9	0	31	-1	-1	0	0	23	0	-1	0	0	0	0	0	7	-1	23	-1	-1
c4814	42	4	23	13	-1	0	0	0	0	4	0	0	0	0	-1	0	-1	-1	0	0	43	0	0	0	23	43	-1	0	-1	-1
c4829	26	-1	-1	-1	50	-1	-1	0	-1	0	0	-1	-1	43	0	-1	-1	0	0	0	12	-1	0	0	7	0	0	16	0	0
c4831	0	0	0	12	-1	0	0	49	21	0	23	0	0	-1	0	-1	0	-1	-1	-1	0	-1	-1	-1	12	39	0	-1	47	-1
c4834	26	16	0	23	50	0	0	46	-1	0	-1	-1	-1	43	0	-1	19	-1	0	0	-1	0	-1	2	26	0	35	0	0	0
c4850	0	-1	43	0	13	-1	-1	0	0	0	-1	0	0	0	0	4	-1	0	-1	0	0	0	0	0	0	0	0	-1	39	-1
c4855	0	13	-1	0	0	0	0	-1	0	43	48	9	0	43	39	12	-1	-1	-1	0	0	-1	0	-1	0	0	-1	0	0	23
c4858	0	0	0	-1	18	-1	0	0	-1	-1	-1	37	-1	-1	0	0	0	0	0	0	0	0	-1	1	-1	-1	-1	0	-1	0
c4860	26	0	-1	-1	-1	4	0	-1	0	0	-1	4	0	43	-1	0	0	0	25	43	12	-1	50	23	0	0	0	0	8	0
c4899	26	0	0	-1	-1	0	8	-1	-1	0	-1	4	4	-1	-1	6	0	43	0	43	12	44	0	31	0	36	-1	25	28	0
c4902	16	0	4	-1	43	-1	19	0	34	-1	8	0	0	0	0	0	0	16	0	0	0	26	47	0	13	0	-1	-1	0	0
c4915	26	0	0	0	0	0	0	-1	0	0	0	-1	0	-1	0	0	-1	43	-1	43	12	0	0	50	0	-1	4	0	28	0
c4918	0	0	0	10	4	0	43	-1	0	0	0	0	0	-1	50	12	0	0	0	0	1	23	4	0	-1	-1	0	0	0	35
c4926	26	-1	0	0	50	0	0	8	0	0	0	46	-1	43	48	0	0	0	32	-1	12	0	0	0	0	0	0	0	-1	0
c4927	26	0	0	0	50	0	0	8	0	-1	0	46	0	43	-1	0	0	0	32	-1	12	0	0	0	0	0	-1	0	-1	-1
c4933	26	16	0	-1	50	-1	-1	0	0	0	-1	-1	0	43	26	-1	-1	0	23	-1	12	0	0	0	-1	-1	0	-1	37	0
c4946	-1	0	-1	0	0	-1	0	-1	0	0	0	39	0	-1	26	-1	0	-1	-1	-1	-1	0	0	-1	12	0	-1	-1	36	35
c4948	26	0	-1	-1	-1	43	19	0	0	0	0	-1	0	-1	-1	-1	0	0	-1	43	12	0	0	36	13	0	0	-1	0	16
c4995	26	0	3	0	22	16	8	0	0	-1	0	-1	0	43	0	0	0	43	0	43	12	8	0	0	0	-1	0	0	0	0
c4998	26	-1	-1	0	50	0	0	8	0	43	0	-1	6	43	-1	0	10	0	-1	0	-1	-1	0	0	0	0	0	0	-1	10
c4999	26	0	-1	-1	50	0	0	-1	0	43	-1	46	6	43	-1	0	10	0	-1	0	12	6	-1	-1	-1	0	0	-1	-1	10
c5001	-1	0	0	0	0	10	-1	-1	0	0	-1	0	0	0	44	39	0	49	0	0	0	0	-1	0	12	0	0	49	0	0
c5004	43	0	0	8	0	0	0	28	35	0	43	0	0	0	-1	-1	-1	1	-1	0	0	-1	0	0	0	-1	0	0	27	0
c5041	0	0	-1	0	0	0	0	0	37	17	-1	-1	0	0	-1	-1	0	23	0	39	-1	35	48	0	0	0	-1	23	0	-1
c5044	-1	0	11	0	-1	-1	26	-1	0	0	37	46	0	-1	0	19	0	26	32	0	12	0	0	0	-1	0	0	-1	-1	-1
c5064	0	-1	0	19	1	0	0	0	0	0	0	0	43	0	23	-1	0	26	-1	0	-1	0	-1	-1	4	-1	-1	49	0	-1
c5071	6	0	-1	0	0	-1	41	0	13	12	-1	0	4	-1	-1	0	-1	20	-1	-1	-1	0	0	0	0	0	-1	0	26	35
c5076	0	45	0	0	0	0	46	-1	-1	-1	0	0	0	0	0	0	-1	-1	0	-1	4	-1	0	9	0	-1	-1	8	0	0
c5093	26	46	28	0	0	-1	0	0	0	43	0	23	0	43	0	0	-1	-1	-1	43	12	23	-1	0	0	0	45	0	-1	20
c5107	26	36	0	0	0	0	-1	21	0	0	44	4	0	43	0	0	-1	-1	0	43	-1	0	8	0	0	-1	0	0	8	-1
c5142	0	0	23	0	13	-1	30	0	-1	49	0	-1	0	12	-1	0	-1	49	0	-1	-1	20	-1	0	0	23	0	49	0	0
c5147	0	0	0	-1	-1	6	-1	0	0	0	0	0	43	0	-1	36	0	-1	0	0	-1	0	0	11	0	0	33	49	35	0
c5158	26	0	-1	0	-1	0	4	0	0	4	21	46	0	43	0	0	40	4	0	0	12	-1	0	0	-1	43	0	-1	-1	13
c5160	26	16	0	0	-1	-1	36	0	0	4	0	-1	0	43	0	-1	19	27	0	0	12	0	11	0	1	-1	0	0	0	0
c5161	26	16	0	0	50	-1	-1	0	0	4	0	-1	0	43	0	-1	19	-1	0	0	12	0	11	0	1	0	0	50	-1	-1
c5168	0	0	0	-1	0	23	0	0	8	0	-1	9	45	0	-1	-1	0	0	22	0	2	0	-1	0	-1	0	-1	0	0	0
c5181	26	-1	25	0	50	21	0	8	0	0	22	-1	0	-1	-1	-1	0	0	32	0	12	0	0	0	-1	0	0	-1	-1	0
c5186	0	0	-1	0	0	0	0	0	37	-1	9	0	48	0	-1	-1	0	23	0	0	0	0	-1	-1	0	-1	-1	23	0	-1
c5187	0	0	0	23	0	0	0	0	37	-1	9	0	48	0	-1	0	28	23	0	-1	0	0	-1	-1	0	-1	-1	23	0	-1
c5192	42	0	0	13	0	35	-1	-1	49	49	-1	0	0	-1	43	35	-1	35	0	0	0	0	20	0	-1	-1	-1	0	0	0
c5203	26	26	0	-1	50	12	-1	8	0	0	0	46	-1	43	-1	50	8	0	32	26	12	0	0	0	-1	43	0	0	-1	8
c5233	49	47	43	8	0	0	21	0	0	23	-1	-1	39	0	0	16	-1	0	0	0	0	0	0	0	16	0	23	0	0	-1
c5234	26	0	0	47	50	0	0	-1	43	-1	1	46	0	43	0	0	0	4	0	0	12	-1	0	-1	-1	-1	0	0	-1	-1
c5235	26	0	-1	47	50	0	0	-1	43	-1	1	46	-1	43	0	0	0	4	0	0	12	-1	0	16	0	0	0	0	0	-1
c5239	0	46	-1	47	50	-1	50	28	0	26	45	0	42	0	-1	0	-1	0	49	0	13	24	0	-1	1	-1	-1	8	-1	27
c5277	26	0	-1	-1	50	0	0	8	0	43	0	46	6	43	-1	0	10	-1	-1	0	-1	-1	0	-1	44	0	-1	0	-1	10
c5297	0	0	0	0	-1	0	0	0	23	-1	0	39	-1	0	0	-1	0	6	0	0	50	-1	-1	0	12	49	0	0	36	0
c5306	26	0	0	-1	-1	0	16	11	-1	39	47	-1	-1	-1	-1	0	0	43	0	43	12	0	0	-1	0	-1	0	0	-1	0
c5315	26	0	0	0	50	0	0	23	-1	45	21	46	43	43	0	0	40	4	0	0	12	0	0	-1	37	-1	0	0	0	-1
c5317	0	49	0	32	-1	49	8	-1	-1	-1	0	39	0	-1	-1	-1	0	6	0	-1	50	-1	44	0	-1	49	-1	0	36	0
c5318	26	0	0	0	0	0	-1	28	43	0	0	4	4	43	0	44	-1	43	0	-1	12	-1	42	0	0	0	0	0	-1	0
c5331	0	0	-1	0	32	50	-1	0	39	-1	-1	27	-1	0	-1	0	0	25	-1	0	0	0	0	0	-1	-1	-1	8	-1	-1
c5332	26	0	0	48	22	0	0	-1	0	0	0	-1	0	43	-1	0	0	-1	0	43	12	0	0	0	0	0	0	-1	0	0
c5348	26	16	0	0	50	43	36	0	0	4	0	-1	-1	43	0	-1	19	-1	0	0	12	0	11	0	0	0	0	0	0	0
c5352	0	39	0	0	0	-1	-1	0	0	0	23	0	12	0	0	39	-1	-1	-1	0	0	-1	0	0	12	-1	0	-1	0	0
c5371	26	-1	-1	0	50	43	0	8	0	0	43	46	0	43	0	0	0	0	32	0	-1	-1	0	0	0	0	0	0	-1	0
c5380	-1	-1	0	-1	13	44	-1	0	12	-1	32	49	0	49	-1	0	-1	-1	-1	13	-1	0	0	0	0	0	0	-1	0	0
c5384	26	0	16	0	0	0	0	0	0	39	47	4	-1	43	0	0	0	43	0	-1	12	23	0	-1	0	-1	0	-1	-1	0
c5386	0	0	-1	-1	0	0	0	0	0	0	0	0	43	-1	23	-1	0	-1	0	0	-1	0	0	-1	4	0	0	49	-1	0
c5387	0	-1	20	-1	-1	0	0	0	0	0	0	0	43	0	23	4	0	26	0	0	-1	0	0	0	4	0	0	49	-1	0
c5389	0	-1	-1	47	50	0	50	28	-1	0	0	-1	0	0	-1	0	0	0	0	12	13	0	0	0	0	0	-1	8	0	0
c5391	26	0	0	0	-1	0	0	21	0	-1	0	4	0	-1	0	0	-1	0	47	43	-1	0	0	-1	0	30	0	23	8	0
c5403	0	-1	0	0	0	23	0	16	0	7	-1	-1	43	23	23	0	26	-1	47	36	-1	0	5	0	0	0	0	49	0	0
c5407	-1	4	0	0	35	0	43	0	0	0	-1	0	0	23	50	12	0	0	-1	0	0	23	4	0	49	12	0	0	0	35
c5413	42	-1	0	13	0	-1	0	-1	-1	0	8	0	-1	0	0	6	0	0	0	0	0	0	49	0	-1	-1	-1	0	0	49
c5416	26	6	0	36	50	0	0	-1	0	-1	0	46	6	43	0	0	0	0	32	-1	12	0	0	-1	0	0	0	0	0	-1
c5417	26	6	0	36	-1	0	-1	-1	0	-1	0	46	-1	43	0	0	0	0	32	13	12	0	0	0	0	0	0	-1	0	-1
c5425	0	0	0	0	0	0	-1	12	0	0	-1	-1	0	0	0	-1	0	0	37	0	0	-1	-1	0	-1	-1	0	0	23	0
c5434	0	-1	0	0	13	5	0	0	0	0	0	0	-1	0	-1	0	0	0	0	0	0	0	-1	0	-1	-1	0	0	-1	0
c5439	-1	-1	0	0	0	8	23	-1	0	-1	-1	0	0	0	0	0	0	23	0	0	37	20	25	0	42	0	-1	23	0	-1
c5441	26	0	6	0	50	0	0	8	22	0	0	-1	-1	43	49	0	-1	0	32	0	-1	-1	0	0	0	0	0	2	-1	0
c5448	-1	26	-1	0	50	12	-1	8	0	0	0	46	-1	43	0	50	0	0	-1	26	-1	0	0	0	0	0	0	0	-1	-1
c5462	0	0	28	-1	4	0	43	-1	0	-1	35	26	0	0	50	27	0	43	35	0	-1	0	0	0	-1	12	-1	0	-1	35
c5463	0	0	-1	0	4	0	43	39	0	49	-1	26	0	0	50	27	0	0	35	0	-1	0	0	0	-1	12	49	0	-1	35
c5465	43	0	10	8	43	0	4	0	0	21	0	-1	0	12	0	-1	0	0	0	0	-1	42	-1	23	0	0	-1	0	-1	-1
c5469	26	0	0	0	-1	-1	-1	8	0	-1	0	-1	-1	-1	-1	-1	-1	0	-1	0	12	0	0	23	0	-1	0	0	-1	10
c5470	26	46	28	0	0	0	11	0	0	43	0	23	0	43	0	0	-1	0	49	-1	12	0	0	14	0	50	45	0	0	20
c5473	26	46	28	0	0	0	-1	0	0	43	0	0	0	-1	-1	31	-1	0	0	43	12	-1	0	0	-1	-1	45	0	49	20
c5475	-1	0	0	0	-1	0	0	21	0	0	0	4	-1	-1	50	0	0	0	50	43	-1	-1	0	0	0	0	13	0	-1	-1
c5476	0	49	-1	0	0	0	8	0	-1	0	0	0	0	-1	-1	0	-1	0	0	0	0	-1	0	1	-1	0	35	0	0	-1
c5486	0	0	36	0	-1	0	0	9	23	-1	0	39	0	0	-1	-1	0	6	0	0	50	45	-1	-1	12	-1	0	0	36	0
c5492	43	0	0	0	-1	0	21	0	0	-1	35	26	0	0	0	-1	43	0	23	44	43	0	0	0	-1	0	23	-1	4	35
c5495	0	0	-1	0	0	35	-1	0	-1	0	-1	47	-1	-1	0	0	0	0	-1	0	12	0	0	-1	0	4	-1	8	0	0
c5501	49	0	-1	8	0	-1	21	0	0	23	0	-1	-1	0	0	0	43	0	0	-1	0	0	0	-1	16	0	23	-1	0	-1
c5506	26	0	0	0	-1	-1	0	8	0	0	0	-1	0	43	0	-1	0	0	-1	7	-1	-1	0	0	-1	33	27	0	-1	0
c5530	0	25	0	0	-1	0	14	-1	0	-1	0	-1	43	0	23	0	0	26	0	0	-1	0	0	0	4	0	0	49	0	23
c5552	-1	-1	0	0	0	0	0	0	0	39	47	4	-1	43	0	0	-1	43	0	43	12	0	0	4	-1	-1	-1	0	-1	0
c5568	-1	0	0	0	0	4	-1	-1	0	0	0	0	35	-1	0	-1	-1	0	21	0	0	0	-1	12	12	0	0	49	0	0
c5570	0	0	-1	8	4	0	0	0	-1	0	0	-1	-1	0	26	-1	0	1	0	0	47	-1	-1	0	49	0	-1	0	27	-1
c5589	42	0	23	13	44	-1	0	-1	0	-1	0	0	0	-1	-1	1	-1	43	0	0	0	-1	0	-1	0	0	-1	0	0	0
c5593	-1	-1	0	0	50	0	0	8	39	20	43	-1	4	43	0	-1	0	23	32	0	-1	0	16	-1	0	0	-1	16	0	0
c5599	-1	23	0	16	50	-1	0	8	20	43	0	46	6	43	0	0	10	0	32	0	12	0	-1	0	0	0	0	0	-1	10
c5626	26	0	-1	-1	0	43	26	0	0	0	-1	4	49	43	26	0	-1	0	0	43	12	-1	4	0	0	0	0	0	49	-1
c5628	26	-1	23	0	-1	36	-1	0	0	0	0	-1	0	43	0	-1	19	6	4	0	12	0	0	0	-1	45	0	50	19	35
c5633	0	0	0	0	0	0	-1	0	0	0	0	0	35	26	0	39	42	49	0	0	0	0	0	39	-1	0	0	-1	16	0
c5646	26	-1	0	0	13	0	-1	-1	12	-1	45	23	0	-1	0	0	0	0	0	-1	50	49	0	0	0	-1	0	-1	0	0
c5652	0	-1	0	0	0	-1	0	0	-1	48	-1	0	-1	-1	-1	0	0	-1	0	0	0	50	0	-1	0	0	0	0	43	0
c5680	-1	0	0	4	50	-1	6	0	0	45	21	46	-1	43	-1	0	40	4	0	0	12	4	0	0	44	0	31	0	0	-1
c5708	26	26	0	0	-1	12	-1	8	0	-1	0	46	-1	43	0	50	0	0	-1	26	12	0	0	-1	0	0	0	0	-1	0
c5721	25	35	12	0	-1	36	43	0	43	0	0	0	0	47	50	0	0	16	0	0	27	0	0	-1	0	12	0	49	0	35
c5731	0	-1	0	-1	0	-1	0	16	0	0	0	0	-1	0	-1	13	26	26	7	0	-1	0	5	0	0	0	0	49	0	23
c5753	26	0	0	4	0	-1	0	0	43	0	43	4	4	43	0	44	47	43	0	43	-1	0	42	23	-1	0	0	0	50	0
c5755	0	-1	-1	0	4	0	43	39	-1	0	35	26	48	-1	-1	27	0	23	-1	0	34	0	0	0	0	12	0	-1	-1	35
c5756	0	-1	0	-1	-1	5	0	0	0	4	0	0	0	-1	28	0	-1	0	0	-1	0	0	0	0	0	0	0	0	0	0
c5759	26	0	0	0	50	0	0	0	0	43	0	-1	42	43	-1	-1	19	0	4	0	12	45	0	-1	0	0	-1	0	-1	0
c5762	0	0	-1	0	0	-1	-1	36	0	0	0	0	-1	10	0	39	0	0	-1	0	-1	23	0	0	12	0	0	49	0	0
c5765	0	-1	0	-1	-1	5	0	0	-1	0	0	0	0	0	0	0	-1	-1	0	0	-1	0	0	0	-1	0	0	0	0	42
c5780	26	0	-1	0	0	0	0	28	43	0	0	4	4	43	0	44	47	43	0	43	12	0	-1	-1	0	0	0	0	50	0
c5781	26	0	-1	0	0	0	-1	28	43	-1	0	4	-1	43	0	44	47	-1	0	-1	12	0	42	-1	0	0	-1	0	50	0
c5809	0	49	37	0	0	0	-1	0	0	-1	0	0	0	0	0	45	0	0	50	50	0	0	0	-1	12	8	0	0	0	-1
c5817	13	0	0	-1	-1	0	0	0	-1	48	0	-1	0	-1	44	8	0	0	0	0	-1	50	-1	23	0	0	-1	45	43	0
c5822	0	-1	0	0	0	0	0	-1	0	-1	0	9	-1	0	39	12	50	-1	0	0	2	0	35	-1	0	0	-1	0	0	0
c5823	0	0	0	-1	0	6	0	-1	0	0	0	9	-1	0	-1	12	50	-1	0	-1	-1	0	35	-1	0	0	-1	-1	-1	0
c5833	-1	-1	-1	-1	-1	5	0	-1	0	36	46	26	23	0	0	-1	0	50	-1	-1	0	0	0	-1	4	0	-1	-1	0	42
c5872	0	0	0	0	0	0	0	0	21	0	23	0	0	0	12	43	0	0	50	0	0	0	0	-1	12	39	0	0	0	-1
c5882	0	0	23	-1	22	-1	0	0	0	0	13	-1	0	49	0	0	0	21	0	0	0	20	0	43	0	8	42	0	0	0
c5896	-1	7	0	0	13	-1	-1	-1	12	0	0	36	12	0	0	-1	0	13	-1	0	4	0	0	-1	-1	0	0	4	0	0
c5917	42	0	0	-1	0	0	27	-1	0	0	-1	0	-1	-1	0	6	0	2	0	-1	0	7	0	0	26	0	-1	28	-1	49
c5943	0	-1	-1	-1	-1	0	-1	39	35	0	35	26	23	-1	50	27	-1	0	35	0	34	0	0	0	0	12	0	0	0	35
c5946	-1	0	0	0	0	43	0	0	-1	-1	0	4	0	43	0	23	-1	-1	0	43	12	-1	19	0	0	0	0	0	-1	-1
c5948	0	-1	0	-1	0	36	-1	0	-1	48	0	0	0	29	-1	0	0	0	-1	0	-1	50	0	23	0	0	-1	0	43	0
c5958	22	43	0	24	-1	0	19	-1	0	0	-1	0	0	23	0	0	0	-1	0	43	35	0	50	0	0	50	49	-1	48	0
c5976	35	0	-1	-1	0	0	0	8	49	0	21	0	0	0	12	0	0	42	0	0	49	-1	0	0	0	0	0	0	49	-1
c6010	1	0	0	-1	-1	0	0	0	0	-1	0	-1	-1	0	23	36	0	26	0	0	-1	0	0	8	-1	26	0	-1	0	-1
c6019	0	0	-1	0	-1	-1	43	0	0	11	-1	0	0	0	50	0	0	0	0	0	-1	0	-1	0	6	-1	0	0	0	35
c6029	26	4	32	-1	35	43	0	0	0	0	0	-1	0	43	-1	0	0	0	22	43	12	0	0	0	0	-1	0	0	0	16
c6036	26	0	0	0	0	0	0	-1	43	-1	0	4	4	43	0	44	1	-1	0	43	12	0	-1	-1	0	-1	44	-1	0	0
c6050	43	0	48	0	49	0	-1	0	0	0	1	0	0	0	50	-1	16	-1	-1	0	0	-1	45	0	6	-1	0	0	0	35
c6063	16	0	4	0	-1	0	19	0	34	19	-1	0	0	0	0	8	0	16	0	0	0	26	-1	0	13	-1	-1	0	0	-1
c6064	26	0	-1	0	-1	0	26	-1	-1	0	37	46	0	43	0	-1	0	-1	32	-1	12	0	0	0	43	0	13	0	-1	-1
c6076	0	0	0	0	0	-1	41	0	13	0	19	0	4	23	0	9	-1	0	0	-1	50	0	-1	0	0	0	-1	0	26	0
c6083	-1	0	0	0	50	-1	0	8	39	-1	-1	46	0	43	-1	0	47	12	32	-1	12	0	0	0	0	-1	27	0	-1	37
c6092	47	45	0	0	0	0	0	-1	0	0	0	0	-1	0	23	0	0	26	-1	0	-1	-1	-1	34	0	0	0	49	0	0
c6093	0	-1	0	0	-1	0	0	4	-1	0	0	0	43	-1	23	0	0	26	19	0	-1	-1	0	34	0	0	0	49	0	0
c6098	0	43	-1	0	13	0	43	0	0	0	43	-1	0	0	50	0	0	0	0	0	26	0	-1	0	0	12	0	0	8	35
c6116	22	43	-1	24	0	-1	-1	0	-1	0	-1	0	0	23	-1	0	-1	28	16	43	35	23	0	0	0	44	49	-1	0	35
c6129	-1	-1	-1	0	-1	-1	0	0	0	39	-1	4	45	-1	-1	-1	-1	43	0	43	12	0	0	-1	0	21	0	0	-1	45
c6175	26	-1	-1	0	0	43	0	4	0	0	0	-1	0	43	-1	-1	0	-1	-1	43	12	0	0	0	-1	-1	0	0	0	16
c6187	26	0	0	0	50	-1	0	0	20	8	0	-1	0	43	4	-1	19	0	4	0	12	-1	-1	0	0	0	0	0	0	0
c6189	0	0	16	-1	13	0	29	16	1	0	0	0	-1	-1	0	0	0	-1	26	43	0	0	0	-1	0	0	-1	-1	0	0
c6218	-1	-1	-1	0	0	0	43	0	0	0	-1	0	0	23	50	-1	0	49	0	-1	-1	23	4	0	49	12	-1	-1	0	-1
c6222	-1	0	-1	0	32	0	-1	0	0	-1	-1	0	0	0	0	-1	0	25	-1	0	0	0	0	0	0	0	-1	8	0	-1
c6236	21	0	4	-1	0	0	-1	0	0	0	0	0	0	0	-1	39	0	0	26	0	0	0	-1	0	12	4	34	49	0	0
c6258	26	0	0	0	0	43	0	0	0	0	0	4	-1	43	0	-1	0	0	0	43	-1	0	0	0	26	24	0	0	0	16
c6267	-1	-1	0	0	0	-1	-1	0	0	0	0	-1	0	43	0	26	23	0	0	-1	12	-1	0	-1	0	0	0	0	35	-1
c6282	0	4	0	-1	13	0	0	0	-1	49	0	-1	0	50	-1	0	-1	0	-1	26	21	20	21	27	0	23	0	49	-1	-1
c6287	0	0	-1	0	13	5	0	0	4	41	0	0	-1	-1	0	0	0	0	0	12	0	0	6	0	-1	0	0	0	37	-1
c6292	-1	0	21	0	0	0	0	-1	26	-1	0	-1	0	43	0	0	0	0	-1	43	12	0	0	0	0	0	0	-1	8	0
c6299	26	-1	0	47	50	0	-1	-1	43	-1	1	-1	0	43	0	0	0	4	0	0	-1	-1	0	16	0	0	0	0	0	-1
c6302	0	-1	0	0	0	23	0	16	0	0	0	0	-1	0	-1	13	26	26	7	0	-1	0	5	0	0	0	-1	49	0	23
c6312	0	9	0	20	-1	-1	23	-1	4	49	0	-1	35	0	0	0	0	27	-1	0	0	-1	-1	37	23	0	-1	0	0	4
c6318	0	0	0	0	0	13	2	-1	0	0	0	-1	-1	-1	-1	0	0	23	0	0	0	0	0	0	35	0	-1	-1	0	-1
c6320	42	0	0	13	-1	49	0	-1	0	0	-1	0	0	0	0	6	0	0	0	0	0	0	43	0	0	0	-1	0	0	49
c6322	0	0	0	8	-1	26	0	-1	35	-1	-1	8	35	-1	-1	0	-1	-1	0	0	0	-1	0	0	-1	-1	0	0	27	-1
c6335	26	-1	0	0	0	43	0	0	0	0	0	4	-1	43	26	26	37	0	0	43	-1	0	43	0	-1	0	0	-1	-1	16
c6347	-1	0	0	0	4	-1	43	39	0	0	35	-1	-1	0	50	27	-1	23	35	0	34	0	-1	0	0	12	-1	0	0	35
c6363	26	0	0	0	50	-1	-1	8	-1	0	0	46	-1	43	0	-1	-1	0	32	0	12	20	0	-1	0	23	0	0	0	0
c6371	0	0	0	49	0	0	26	0	0	0	34	0	20	-1	0	0	0	50	0	0	23	0	0	1	-1	0	-1	0	-1	-1
c6391	-1	0	0	1	0	0	0	12	34	23	8	0	-1	42	20	0	0	-1	-1	1	-1	0	12	-1	0	-1	-1	0	0	0
c6394	26	46	28	-1	-1	-1	-1	0	0	43	8	0	0	43	-1	31	-1	0	0	43	12	27	0	0	-1	0	45	0	49	20
c6398	0	0	0	32	-1	43	41	0	0	42	0	0	0	44	16	-1	21	35	0	0	0	0	0	0	-1	-1	-1	0	4	37
c6400	42	0	-1	13	-1	0	0	-1	50	0	0	28	0	-1	0	0	36	0	0	0	0	0	0	0	0	0	-1	31	0	-1
c6410	-1	49	-1	0	0	23	46	0	0	0	13	-1	0	-1	8	-1	-1	0	8	4	-1	-1	0	43	0	0	31	20	0	0
c6413	0	-1	-1	-1	13	5	0	-1	-1	0	0	0	0	0	0	-1	1	0	-1	19	0	0	-1	0	0	35	5	-1	-1	-1
c6427	0	0	0	8	-1	0	0	0	35	0	0	0	0	48	26	-1	0	1	0	0	-1	-1	-1	0	0	13	-1	0	27	24
c6436	0	0	0	0	0	0	41	0	-1	0	0	-1	0	-1	16	0	16	10	0	0	0	0	-1	0	-1	-1	-1	0	0	-1
c6440	6	13	-1	-1	0	0	0	0	35	0	0	0	0	-1	0	0	0	26	37	-1	-1	-1	0	0	21	0	8	-1	0	0
c6446	26	0	0	6	50	43	0	8	0	0	43	46	0	43	0	0	4	0	32	26	12	0	0	0	0	8	-1	0	-1	4
c6447	-1	0	0	0	50	43	0	8	0	-1	43	-1	0	-1	-1	-1	-1	-1	32	-1	12	0	0	0	0	8	0	0	-1	4
c6451	0	0	18	0	0	49	0	-1	0	20	37	0	21	0	0	-1	0	26	-1	26	-1	0	-1	0	-1	-1	-1	8	4	0
c6458	-1	0	0	0	-1	0	0	21	0	0	0	4	-1	-1	0	0	0	39	50	-1	-1	12	-1	0	0	0	0	0	8	35
c6460	0	-1	0	0	-1	0	0	12	34	-1	-1	-1	0	-1	0	-1	48	0	0	0	-1	48	12	1	0	0	-1	0	36	0
c6465	0	0	0	-1	0	-1	0	6	0	0	0	9	-1	-1	-1	-1	0	0	22	-1	2	0	-1	0	-1	0	-1	0	0	0
c6472	26	-1	0	0	-1	-1	0	0	0	-1	28	-1	0	43	4	-1	19	0	4	0	12	26	-1	0	-1	0	0	0	0	0
c6473	26	8	0	0	50	36	0	0	0	8	28	-1	0	43	4	-1	19	0	4	0	12	-1	-1	0	0	0	0	0	0	-1
c6486	0	-1	0	8	0	16	0	0	35	0	0	0	0	48	-1	-1	0	1	0	0	0	-1	23	0	0	-1	0	0	27	-1
c6493	39	-1	0	4	0	0	0	12	-1	-1	8	0	-1	-1	0	0	0	-1	0	1	0	0	12	1	0	5	-1	0	0	0
c6499	26	0	0	0	50	9	0	8	0	0	0	-1	0	43	0	4	0	0	-1	7	12	-1	0	0	0	-1	27	0	0	0
c6505	-1	-1	47	0	13	5	-1	0	0	0	0	8	-1	26	0	-1	-1	0	0	0	0	0	0	0	-1	-1	0	-1	39	0
c6507	26	0	0	0	0	0	0	21	0	0	0	4	0	-1	0	0	0	39	50	43	-1	12	0	0	0	0	0	0	8	35
c6511	-1	0	0	1	0	-1	-1	12	34	0	8	23	-1	-1	0	-1	0	0	-1	1	0	0	-1	-1	0	0	-1	0	0	0
c6513	26	0	45	-1	-1	-1	26	-1	0	0	37	46	0	43	-1	0	0	-1	-1	0	12	39	23	0	0	0	0	0	-1	-1
c6520	21	-1	0	-1	26	-1	0	-1	-1	48	0	0	0	-1	0	0	0	0	0	0	0	50	21	23	0	0	-1	0	43	0
c6527	0	45	0	0	0	0	0	-1	-1	0	50	-1	0	0	0	0	0	0	0	43	-1	-1	-1	9	0	0	-1	8	0	-1
c6534	-1	-1	0	0	13	4	-1	0	12	0	-1	-1	0	0	0	-1	0	0	0	-1	4	0	13	-1	0	0	0	0	0	-1
c6562	26	0	0	0	0	0	-1	0	0	39	-1	4	0	43	0	0	0	-1	0	43	12	0	0	-1	0	-1	-1	0	-1	0
c6572	26	0	0	0	-1	43	0	8	-1	0	43	46	0	43	0	-1	-1	0	-1	0	-1	0	0	0	0	-1	0	0	-1	39
c6573	26	0	0	0	50	43	0	8	0	0	43	46	0	43	0	-1	0	0	32	0	12	0	0	0	0	-1	0	0	-1	0
c6575	0	0	37	0	39	0	-1	0	-1	0	0	-1	0	20	-1	45	0	0	-1	8	0	0	0	0	-1	0	0	0	0	0
c6592	-1	-1	0	0	0	0	0	0	-1	49	0	-1	0	0	-1	0	-1	50	0	0	-1	20	37	0	0	0	0	-1	0	0
c6593	0	0	0	0	-1	0	0	0	0	-1	0	-1	0	0	1	0	-1	50	0	0	-1	20	37	0	0	-1	-1	49	0	0
c6597	0	0	0	-1	0	0	-1	0	-1	0	0	0	-1	0	50	0	0	-1	0	0	0	32	0	-1	21	12	0	0	0	-1
c6600	26	16	0	-1	50	4	-1	0	0	43	-1	-1	0	43	26	-1	-1	0	0	0	12	0	8	0	-1	0	0	-1	37	-1
c6603	-1	0	0	4	0	-1	0	0	34	-1	8	0	0	46	0	0	-1	-1	-1	0	-1	0	12	-1	25	0	-1	-1	-1	0
c6609	26	0	-1	0	0	0	0	28	43	0	-1	4	4	43	-1	44	0	43	0	43	12	0	-1	0	0	-1	0	0	0	0
c6616	0	-1	0	0	-1	-1	0	0	-1	48	0	0	0	29	0	0	12	-1	0	0	0	50	34	23	0	0	0	0	43	0
c6629	21	50	10	0	0	0	21	-1	-1	0	0	26	29	0	0	0	43	0	43	-1	7	-1	1	0	-1	23	23	16	0	35
c6643	0	-1	0	0	4	-1	43	39	-1	0	35	26	43	-1	50	27	0	35	35	0	-1	0	0	0	-1	12	49	0	0	-1
c6645	26	-1	0	16	50	-1	-1	8	20	43	0	-1	6	43	0	0	10	0	32	0	-1	0	0	0	0	-1	0	0	-1	10
c6659	0	49	0	-1	-1	0	0	43	0	8	0	0	0	0	0	0	-1	0	0	0	0	26	0	0	0	0	0	-1	-1	0
c6678	0	25	-1	0	0	0	14	0	12	0	0	-1	43	0	23	0	0	26	0	0	-1	0	-1	0	-1	0	0	-1	0	23
c6679	0	25	0	0	0	0	14	-1	-1	0	0	-1	43	0	-1	0	0	26	0	0	-1	-1	0	-1	4	0	0	49	-1	23
c6687	0	0	0	0	50	8	-1	0	0	49	-1	-1	0	1	0	0	-1	0	0	0	0	-1	0	-1	0	0	-1	49	0	-1
c6699	0	0	0	0	0	46	2	26	-1	44	0	0	28	-1	49	0	27	23	0	-1	0	0	0	0	0	0	-1	0	-1	-1
c6700	26	-1	-1	27	-1	0	0	49	-1	0	4	4	0	43	1	0	-1	43	12	43	12	0	0	47	0	0	0	20	28	19
c6708	16	0	4	0	-1	-1	0	0	34	-1	8	-1	0	0	0	-1	0	-1	-1	0	-1	26	0	0	13	0	-1	0	0	0
c6716	26	0	0	-1	-1	-1	0	0	0	39	-1	4	0	43	0	-1	-1	43	12	43	12	35	0	-1	-1	0	0	39	28	-1
c6719	-1	36	0	0	0	0	-1	21	0	0	0	4	0	-1	0	-1	-1	-1	0	43	-1	0	8	-1	45	0	0	0	8	0
c6720	0	0	-1	0	0	0	0	0	0	0	0	0	20	-1	0	0	0	0	0	23	0	0	0	1	-1	0	35	-1	0	0
c6721	44	0	0	0	0	0	0	0	0	0	0	0	20	13	0	0	0	0	-1	0	0	0	0	1	-1	0	-1	0	0	0
c6724	0	9	0	20	0	0	23	-1	4	49	0	-1	35	34	-1	-1	0	27	0	0	-1	20	0	37	23	0	0	0	0	4
c6726	26	16	-1	-1	50	0	0	10	0	0	24	-1	0	43	0	-1	-1	0	0	-1	-1	0	0	34	0	0	35	-1	0	0
c6736	0	0	0	0	0	0	41	0	0	-1	0	-1	0	44	-1	0	21	0	-1	0	32	0	0	0	-1	16	-1	0	0	0
c6751	26	-1	0	-1	50	4	-1	4	0	-1	0	-1	0	43	26	-1	-1	26	0	0	12	0	0	0	37	0	0	-1	37	0
c6758	43	-1	-1	-1	0	-1	0	0	49	-1	-1	47	-1	0	0	-1	0	0	-1	0	-1	0	0	0	42	-1	-1	8	0	0
c6763	42	0	0	13	43	0	49	0	0	49	0	0	-1	-1	43	35	0	35	0	0	-1	0	0	0	0	0	-1	0	0	-1
c6766	26	-1	0	0	-1	12	-1	8	-1	0	0	46	-1	-1	4	50	0	0	32	26	12	0	-1	0	-1	0	0	0	-1	0
c6767	26	26	0	0	50	12	-1	8	0	0	0	46	-1	-1	0	50	0	0	32	26	12	-1	0	0	0	0	-1	0	-1	0
c6778	0	0	0	0	0	0	14	-1	23	0	0	-1	-1	-1	23	0	0	26	50	0	-1	45	-1	0	4	0	0	49	0	0
c6780	26	16	13	0	50	0	0	0	0	0	0	-1	-1	43	0	-1	19	0	0	0	12	0	0	0	-1	0	0	0	0	23
c6794	0	-1	-1	-1	0	0	-1	0	0	0	0	0	24	0	49	39	0	-1	0	0	0	4	0	0	12	0	0	49	0	-1
c6800	26	0	0	0	50	-1	-1	0	21	0	0	-1	0	43	0	-1	19	6	4	25	12	0	0	0	19	0	0	0	19	0
c6801	26	0	0	0	-1	36	0	0	21	0	0	-1	0	-1	0	-1	19	-1	-1	25	12	0	0	0	19	0	0	0	19	0
c6821	26	0	0	-1	50	-1	6	0	0	45	-1	46	-1	43	0	0	40	4	-1	-1	12	0	0	7	-1	-1	31	0	0	-1
c6831	26	0	0	14	0	0	50	21	0	0	-1	4	0	43	-1	-1	35	-1	0	-1	12	0	-1	0	-1	0	0	-1	8	-1
c6834	26	0	0	0	-1	0	-1	-1	0	49	0	46	0	-1	0	0	-1	4	4	0	-1	0	0	-1	-1	49	0	-1	34	-1
c6837	-1	49	0	32	-1	49	0	0	23	-1	0	-1	0	-1	0	-1	-1	6	0	0	50	45	44	0	12	49	0	0	-1	-1
c6847	0	-1	-1	0	0	0	43	0	0	-1	0	21	-1	29	-1	-1	0	0	0	0	-1	0	0	0	0	-1	0	0	-1	-1
c6853	6	0	-1	36	-1	-1	0	0	35	8	0	0	-1	0	0	-1	0	26	0	0	-1	49	0	0	21	0	0	49	0	13
c6866	0	35	-1	0	-1	36	43	0	43	0	0	0	0	47	-1	-1	0	16	0	-1	0	-1	0	0	0	12	0	-1	0	35
c6868	26	23	0	16	50	0	0	-1	20	-1	-1	46	-1	43	0	0	-1	0	32	0	12	0	0	0	0	0	0	0	-1	10
c6869	26	-1	0	-1	50	50	0	-1	20	43	0	46	6	43	0	0	10	0	32	0	12	0	-1	-1	0	0	0	-1	-1	10
c6870	0	-1	0	37	0	0	0	0	-1	-1	16	-1	-1	13	-1	-1	0	44	9	49	49	-1	0	0	0	-1	0	0	4	0
c6872	16	0	-1	0	43	0	-1	0	-1	19	8	49	0	0	0	50	0	16	0	0	0	26	0	0	-1	46	-1	0	0	23
c6887	8	-1	0	0	32	0	-1	0	0	-1	-1	0	-1	20	0	0	0	25	37	0	-1	37	0	0	0	0	-1	8	-1	-1
c6895	0	45	0	-1	0	0	0	-1	-1	0	0	0	0	-1	-1	0	0	0	-1	8	0	-1	0	9	0	0	-1	-1	-1	0
c6902	0	0	-1	0	4	0	43	39	0	0	35	26	13	0	50	27	-1	0	35	0	-1	0	0	-1	-1	12	49	-1	0	-1
c6904	26	0	-1	0	50	0	-1	8	-1	0	-1	46	-1	43	0	21	0	0	-1	0	12	-1	0	0	5	0	0	-1	0	0
c6905	26	-1	8	-1	50	0	49	8	0	0	-1	46	37	-1	0	21	0	0	-1	0	12	0	0	0	0	0	0	-1	0	-1
c6907	0	0	0	43	-1	0	21	0	0	-1	-1	26	0	0	0	49	43	0	43	0	43	0	16	-1	0	0	23	0	4	35
c6913	0	35	-1	0	0	36	43	0	43	44	-1	0	9	47	50	0	0	16	0	0	0	35	0	0	0	12	0	49	0	35
c6916	26	-1	0	0	-1	0	0	8	39	-1	0	46	0	-1	0	0	0	0	32	0	12	0	0	0	0	0	0	0	0	-1
c6918	0	0	0	1	-1	0	0	12	34	23	8	0	-1	0	20	0	0	0	0	1	0	0	12	1	-1	0	-1	-1	0	-1
c6935	0	-1	0	-1	0	9	0	0	0	-1	0	0	-1	-1	0	0	0	-1	-1	-1	0	8	-1	-1	0	0	-1	-1	13	-1
c6943	0	-1	0	0	-1	-1	41	0	0	-1	0	-1	21	0	16	0	13	0	0	0	0	0	0	0	-1	-1	-1	-1	0	0
c6947	-1	0	0	0	0	0	0	12	34	0	8	0	-1	-1	0	0	-1	0	0	1	0	0	12	1	0	5	-1	-1	-1	0
c6950	0	0	0	0	0	0	0	12	34	-1	8	0	-1	0	0	-1	0	47	0	-1	0	0	12	1	0	-1	-1	0	0	0
c6956	26	0	8	0	-1	0	0	8	-1	0	0	46	4	43	0	0	-1	-1	0	25	12	-1	0	-1	0	0	0	-1	0	0
c6968	0	0	0	0	0	-1	0	0	-1	19	0	0	-1	-1	23	0	0	26	49	-1	-1	-1	0	0	-1	4	-1	49	20	-1
c6976	0	45	0	0	0	-1	-1	-1	-1	4	0	-1	-1	0	0	0	0	0	0	0	4	-1	0	-1	0	0	-1	8	0	0
c6977	0	45	0	0	0	-1	46	-1	-1	0	0	0	-1	0	0	0	-1	0	0	-1	4	-1	0	9	0	0	-1	8	0	-1
c6982	0	-1	0	0	0	0	0	12	34	0	-1	0	-1	-1	0	32	48	-1	0	0	0	48	12	1	0	0	-1	0	-1	-1
c6990	26	-1	0	36	50	0	0	8	0	43	0	-1	6	43	50	0	0	0	32	13	12	0	0	0	0	0	0	-1	-1	0
c6991	26	-1	-1	36	50	0	0	8	0	43	0	46	-1	43	50	0	0	0	32	13	-1	0	0	0	0	0	0	-1	0	0
c6998	0	-1	0	48	0	36	-1	0	43	0	0	0	0	-1	-1	0	-1	16	0	0	0	0	0	0	0	12	0	49	0	35
c7007	0	49	0	-1	-1	0	0	0	0	0	0	0	0	0	0	-1	-1	0	0	35	0	26	0	0	0	0	-1	0	32	0
c7008	0	0	-1	0	0	0	-1	28	0	0	0	0	0	0	-1	0	23	-1	-1	0	0	2	-1	-1	0	0	-1	8	0	0
c7010	0	49	0	-1	0	0	0	0	28	0	0	12	-1	-1	0	-1	0	23	-1	-1	0	0	0	-1	0	0	-1	-1	13	-1
c7016	-1	0	0	0	0	0	-1	0	4	0	0	50	0	42	0	39	0	0	-1	0	0	0	0	-1	-1	35	0	49	-1	0
c7019	0	0	-1	7	-1	0	0	-1	0	30	0	-1	0	0	0	0	-1	0	0	0	0	-1	0	43	0	47	0	0	0	0
c7023	30	-1	4	40	13	5	0	0	0	0	0	6	0	0	0	12	-1	49	-1	0	0	0	-1	0	0	0	0	-1	0	0
c7035	0	-1	0	-1	-1	5	0	-1	50	-1	-1	13	0	0	0	0	0	0	39	-1	0	8	0	0	0	0	0	-1	0	31
c7037	-1	7	0	-1	50	0	0	0	-1	-1	21	46	21	43	0	0	40	4	0	0	12	0	-1	50	0	0	0	0	0	-1
c7041	26	0	0	4	0	0	0	0	43	0	43	-1	4	43	-1	44	47	43	0	43	12	0	42	0	0	0	0	0	50	-1
c7043	0	-1	0	0	0	-1	21	-1	0	0	8	26	0	0	0	0	43	0	43	0	0	0	0	0	0	-1	23	16	0	35
c7051	26	0	0	0	50	-1	0	0	-1	43	0	-1	-1	43	0	-1	-1	0	4	-1	12	45	-1	0	0	0	0	0	-1	0
c7069	26	0	0	0	0	0	0	21	1	0	0	4	0	43	0	2	42	-1	50	43	-1	12	0	0	0	21	45	0	8	35
c7071	22	43	0	24	0	16	-1	-1	0	0	0	0	0	0	-1	0	0	0	0	43	35	0	0	0	0	0	49	0	0	0
c7080	-1	0	0	7	-1	0	-1	-1	0	30	-1	0	-1	50	0	0	0	0	0	0	0	-1	-1	43	0	47	0	-1	0	0
c7084	0	-1	0	0	13	5	0	-1	0	-1	23	0	-1	45	0	0	45	13	-1	-1	0	0	-1	0	0	0	0	0	13	0
c7086	13	0	0	-1	0	0	0	-1	-1	48	0	4	0	29	-1	0	0	0	21	0	0	50	0	23	36	0	0	0	43	0
c7087	13	0	0	-1	0	0	0	0	-1	48	-1	4	0	29	-1	0	0	0	21	0	-1	50	0	23	0	-1	0	0	43	-1
c7106	39	49	-1	0	-1	23	0	0	0	0	-1	-1	-1	22	8	0	-1	0	0	-1	-1	20	0	43	0	0	31	-1	0	0
c7124	26	-1	-1	-1	-1	0	17	21	0	0	0	-1	0	43	49	0	-1	0	37	43	12	0	0	0	0	0	0	-1	0	-1
c7125	26	0	0	8	0	0	17	21	0	0	0	-1	0	43	-1	0	-1	0	-1	43	12	0	0	0	-1	0	0	-1	0	-1
c7134	0	0	48	4	13	0	43	0	0	-1	43	0	0	0	50	-1	-1	0	0	0	0	-1	13	0	0	12	-1	0	8	35
c7138	0	-1	26	4	-1	23	0	-1	0	0	0	0	-1	0	23	0	26	26	0	0	-1	0	5	0	50	-1	4	49	-1	0
c7142	26	0	0	0	-1	0	-1	-1	0	49	0	46	0	43	0	-1	-1	0	32	0	12	-1	-1	8	0	23	23	0	0	0
c7143	26	0	0	0	50	0	-1	8	0	-1	29	46	0	43	0	-1	0	0	32	0	12	0	-1	8	0	23	-1	0	0	0
c7144	42	-1	0	13	0	49	-1	-1	0	-1	-1	0	0	0	0	6	0	0	0	0	0	-1	43	0	0	0	-1	0	-1	49
c7151	0	0	0	-1	0	43	43	0	0	0	0	21	0	0	50	29	-1	23	0	-1	-1	43	-1	0	0	12	0	0	40	35
c7154	26	16	13	36	50	0	-1	-1	0	-1	0	-1	-1	-1	0	-1	19	0	0	-1	-1	0	-1	0	-1	0	-1	0	9	23
c7155	26	-1	13	-1	50	0	0	-1	0	-1	0	-1	-1	43	-1	-1	19	0	0	0	-1	0	0	0	7	0	-1	0	9	-1
c7162	49	0	-1	0	50	0	0	-1	0	0	-1	39	42	0	-1	-1	0	0	0	0	50	0	0	-1	12	-1	-1	0	36	-1
c7170	0	0	-1	39	0	4	0	23	0	0	0	-1	4	23	-1	48	39	0	-1	-1	0	0	35	0	0	0	-1	8	0	0
c7171	0	-1	-1	39	0	0	0	23	0	0	-1	0	4	23	-1	48	39	0	-1	-1	-1	0	35	0	0	0	-1	8	0	0
c7174	13	0	45	-1	0	0	0	-1	-1	48	0	-1	0	-1	-1	0	0	0	0	-1	0	50	-1	23	0	0	0	45	43	0
c7184	0	0	21	0	7	13	0	0	0	0	49	39	0	0	-1	-1	0	6	0	0	50	26	-1	0	12	2	0	0	36	-1
c7185	-1	0	0	-1	7	13	0	0	0	0	49	39	0	0	-1	-1	0	-1	0	0	50	-1	-1	0	-1	2	0	0	36	0
c7211	0	0	20	-1	-1	0	0	0	12	0	-1	0	43	0	-1	0	0	26	-1	35	-1	0	8	0	4	0	43	49	-1	0
c7212	26	0	0	-1	-1	43	6	0	0	0	-1	4	49	-1	-1	-1	49	-1	0	-1	12	0	-1	0	0	-1	16	0	0	16
c7216	42	-1	23	13	44	0	0	0	0	4	0	0	0	0	-1	1	-1	43	-1	0	0	0	0	0	0	0	-1	0	0	-1
c7221	0	-1	0	0	13	5	-1	-1	49	-1	0	0	0	0	-1	0	45	0	-1	0	0	0	-1	0	0	0	-1	0	13	-1
c7222	-1	-1	0	0	-1	-1	-1	12	34	0	8	0	0	0	-1	0	48	0	-1	0	0	48	12	1	0	0	-1	-1	43	0
c7232	0	-1	19	0	32	50	-1	0	0	-1	-1	0	0	0	0	0	8	-1	0	0	0	0	0	0	0	0	-1	8	0	-1
c7236	0	0	48	0	13	3	43	0	0	0	0	-1	0	0	50	0	0	-1	-1	-1	0	0	13	-1	-1	12	0	35	8	35
c7246	0	0	-1	-1	0	8	0	0	-1	49	0	-1	0	1	-1	0	-1	0	0	0	0	-1	0	-1	0	0	13	49	0	-1
c7253	26	0	-1	0	13	0	-1	0	-1	0	45	-1	16	0	47	-1	28	0	0	0	8	20	0	0	0	35	0	-1	-1	-1
c7265	-1	0	0	-1	13	0	21	16	-1	0	0	-1	0	0	-1	23	0	0	26	-1	0	0	0	-1	0	0	4	-1	0	0
c7268	26	0	-1	8	0	37	50	-1	0	0	-1	-1	0	43	49	0	0	0	37	43	-1	4	-1	-1	-1	0	0	23	0	-1
c7274	26	16	0	20	50	0	-1	0	0	0	24	-1	-1	43	0	-1	19	-1	0	-1	12	-1	0	34	0	0	0	0	0	-1
c7275	26	16	0	0	50	0	0	0	0	0	-1	-1	-1	43	0	-1	19	0	0	0	12	0	-1	34	0	0	43	0	0	21
c7276	-1	-1	0	0	4	0	43	39	0	26	35	-1	23	0	50	-1	0	0	35	0	-1	0	-1	0	-1	12	49	-1	0	35
c7280	0	-1	0	0	0	0	-1	23	-1	49	0	0	35	26	0	39	-1	49	0	0	0	0	-1	0	12	0	0	49	16	0
c7282	26	0	0	0	-1	0	-1	-1	0	-1	0	46	-1	43	-1	0	10	-1	-1	0	12	0	0	0	0	-1	0	-1	-1	10
c7288	0	-1	0	0	13	5	0	0	-1	0	-1	0	0	0	-1	0	0	0	0	0	0	-1	-1	0	0	-1	0	0	39	0
c7309	0	0	13	0	0	0	-1	0	37	0	9	-1	0	0	-1	0	-1	23	0	23	0	0	0	-1	0	0	-1	23	0	-1
c7317	26	23	16	0	-1	0	0	-1	0	0	0	4	0	43	0	4	0	0	0	43	12	46	0	-1	0	0	0	0	-1	0
c7323	0	0	-1	-1	0	-1	23	0	49	0	-1	47	0	0	0	0	0	0	-1	0	12	-1	0	-1	-1	4	-1	8	0	0
c7330	26	16	0	-1	-1	4	-1	0	0	43	-1	-1	0	43	26	-1	-1	0	0	0	12	0	8	0	37	0	0	0	37	-1
c7338	-1	46	28	-1	-1	-1	11	0	0	43	-1	23	0	43	0	0	-1	-1	-1	43	12	0	0	14	-1	50	45	0	0	-1
c7344	-1	13	-1	0	0	35	-1	0	-1	0	0	-1	0	0	-1	37	-1	26	37	0	-1	0	-1	0	21	0	8	49	0	0
c7358	26	-1	-1	0	-1	0	0	0	0	0	0	4	7	43	0	0	-1	43	12	43	12	0	49	0	0	0	0	0	-1	0
c7363	26	0	0	-1	-1	43	0	4	0	0	-1	-1	-1	43	0	0	0	0	0	43	-1	26	0	0	43	0	0	0	0	16
c7367	-1	23	-1	16	50	0	0	-1	20	43	0	46	6	43	0	0	10	0	32	0	12	-1	0	0	-1	0	0	0	-1	-1
c7370	26	-1	0	36	50	0	0	8	0	43	0	46	6	43	0	26	0	0	32	13	12	-1	12	49	0	0	0	0	0	0
c7371	26	6	0	36	50	0	0	-1	0	-1	0	46	6	43	0	26	0	0	32	-1	12	-1	12	-1	0	0	0	0	0	0
c7375	0	0	0	0	-1	0	0	12	34	-1	8	0	0	0	0	0	-1	0	0	0	0	-1	12	1	0	0	-1	0	0	0
c7386	-1	0	0	0	50	-1	0	-1	-1	37	-1	-1	6	43	0	-1	0	-1	32	-1	12	42	0	0	-1	-1	0	0	0	-1
c7390	-1	0	0	-1	0	0	0	0	0	0	20	-1	0	43	-1	-1	11	-1	0	43	12	17	0	-1	0	-1	0	0	7	-1
c7397	26	0	20	4	50	-1	0	0	-1	8	-1	46	45	43	4	0	40	4	26	0	12	0	23	0	-1	20	21	0	0	-1
c7401	0	0	0	8	49	-1	0	-1	35	0	0	-1	0	0	26	0	0	1	-1	0	0	-1	23	0	0	-1	0	0	27	-1
c7408	26	6	0	36	50	0	-1	-1	44	43	0	46	6	43	-1	50	0	0	-1	-1	-1	0	-1	0	0	0	0	0	-1	-1
c7415	-1	-1	21	0	0	0	2	0	0	0	0	21	-1	34	0	-1	0	-1	-1	0	8	0	50	0	-1	49	-1	28	50	-1
c7424	4	35	0	0	0	36	-1	-1	43	0	0	-1	0	-1	50	-1	0	16	0	45	0	0	0	0	0	12	12	49	0	35
c7426	0	45	0	0	0	0	0	-1	-1	0	0	0	0	0	28	0	0	-1	0	-1	0	-1	-1	9	0	0	-1	8	0	0
c7435	26	16	0	-1	50	0	0	0	-1	0	45	-1	0	43	19	-1	19	0	0	-1	12	0	0	2	26	0	35	0	0	0
c7451	0	0	0	-1	0	0	43	0	1	0	0	21	0	0	50	0	0	23	0	-1	-1	21	0	0	0	12	0	0	-1	35
c7456	0	12	37	-1	0	0	-1	0	0	0	-1	0	0	20	0	45	-1	0	50	0	0	0	0	0	12	0	50	0	-1	22
c7457	0	12	37	0	0	0	-1	0	0	0	0	0	-1	20	0	45	-1	0	50	0	0	0	0	-1	12	-1	50	-1	0	22
c7459	0	0	48	0	-1	0	43	0	0	0	-1	0	0	0	50	0	0	0	0	0	0	-1	45	0	-1	-1	0	0	0	35
c7474	26	23	0	-1	50	0	0	8	20	43	-1	46	-1	43	0	-1	10	0	32	0	12	0	-1	0	0	-1	0	-1	-1	10
c7476	26	7	0	0	50	0	0	0	-1	35	21	-1	0	43	20	0	40	4	0	0	12	4	-1	-1	0	0	0	0	-1	-1
c7500	26	0	0	0	50	0	0	8	0	43	0	46	6	43	-1	43	10	0	-1	-1	12	0	-1	0	8	0	0	-1	-1	10
c7514	26	0	0	-1	22	16	0	0	0	-1	0	4	45	43	-1	0	0	43	-1	43	12	8	0	0	-1	0	-1	0	0	0
c7519	26	16	-1	-1	50	-1	-1	-1	-1	0	-1	-1	0	43	26	-1	-1	0	0	0	12	0	0	36	37	0	0	0	37	0
c7520	0	-1	-1	32	0	8	41	0	-1	42	-1	43	0	44	-1	-1	21	35	0	27	0	0	0	0	-1	0	-1	0	4	0
c7523	26	0	-1	-1	0	42	0	0	0	-1	0	4	0	43	0	0	-1	43	12	43	12	0	0	0	0	0	0	39	28	35
c7531	22	0	0	0	0	0	0	27	-1	-1	0	0	-1	-1	0	-1	21	23	49	0	0	0	0	8	-1	35	-1	0	13	-1
c7545	8	0	48	-1	-1	0	-1	0	0	-1	1	0	0	0	50	0	16	0	0	0	-1	0	45	0	6	-1	0	0	0	35
c7548	22	43	0	24	0	0	19	-1	-1	0	-1	0	0	0	-1	0	0	0	0	-1	35	0	0	0	0	0	-1	0	-1	0
c7549	22	43	0	24	0	0	19	-1	-1	0	0	0	0	0	-1	0	0	0	0	43	35	0	0	37	0	0	49	0	0	0
c7561	0	-1	0	0	13	5	-1	-1	-1	50	0	0	35	45	-1	0	45	-1	-1	0	-1	0	0	0	-1	0	-1	16	13	-1
c7567	26	0	0	0	22	16	0	0	0	0	0	4	45	43	-1	-1	0	43	0	43	-1	8	0	-1	0	0	-1	0	0	0
c7569	26	4	-1	0	-1	0	0	0	0	39	-1	4	0	43	48	-1	35	43	0	43	-1	0	-1	4	35	-1	0	-1	-1	0
c7571	-1	0	-1	0	22	16	0	-1	0	-1	-1	4	0	43	0	0	37	-1	0	43	12	8	0	-1	0	0	0	-1	0	0
c7576	0	0	48	34	13	0	43	0	0	-1	-1	0	24	-1	-1	0	0	0	0	0	0	0	13	-1	-1	-1	0	0	8	35
c7594	26	0	0	0	0	0	0	0	0	39	47	-1	0	43	0	0	0	43	0	43	12	0	16	4	0	-1	0	0	-1	0
c7596	-1	42	0	13	0	35	-1	0	49	49	0	0	0	-1	43	35	-1	-1	0	0	-1	0	20	0	-1	0	-1	0	46	0
c7601	0	0	0	0	0	-1	-1	0	0	0	-1	0	0	0	0	39	0	0	0	0	0	-1	0	10	12	-1	-1	-1	0	0
c7617	26	0	0	-1	-1	0	-1	-1	0	0	0	4	-1	-1	-1	4	0	-1	0	43	12	46	-1	0	0	0	-1	0	-1	0
c7627	26	0	-1	0	0	43	23	0	-1	-1	0	-1	0	43	0	0	0	0	-1	43	-1	-1	0	0	0	0	-1	-1	0	0
c7630	0	49	49	0	0	0	0	0	-1	0	-1	0	0	0	4	-1	0	0	0	0	-1	0	-1	1	-1	0	35	0	26	0
c7641	0	0	0	0	4	0	43	39	0	0	35	-1	-1	0	50	-1	-1	0	35	0	-1	-1	-1	0	-1	-1	-1	0	-1	35
c7644	26	-1	0	36	50	-1	0	-1	0	43	-1	46	6	-1	0	0	0	0	32	13	12	-1	0	0	0	0	0	0	26	-1
c7646	0	-1	0	37	-1	-1	-1	-1	-1	48	-1	-1	-1	13	0	4	0	44	9	0	-1	-1	0	0	-1	0	-1	0	4	0
c7651	42	0	23	13	0	0	0	0	0	4	0	-1	0	-1	-1	0	-1	13	23	-1	0	0	0	8	0	0	-1	-1	0	0
c7659	0	-1	0	-1	0	0	0	-1	-1	0	-1	0	-1	0	-1	0	0	0	0	0	0	-1	-1	-1	0	0	-1	8	4	0
c7667	26	7	0	0	50	0	0	0	0	35	21	46	0	43	20	-1	-1	4	0	0	-1	4	0	8	0	0	-1	0	0	-1
c7670	-1	-1	4	13	0	0	0	0	0	0	-1	20	0	-1	43	35	0	0	0	0	0	13	43	-1	0	-1	-1	0	0	0
c7676	0	0	-1	23	0	-1	0	0	0	20	37	0	21	0	-1	-1	0	26	27	26	35	0	0	9	0	0	-1	8	4	-1
c7680	-1	0	0	-1	0	0	-1	0	0	-1	-1	44	0	-1	0	39	-1	17	31	8	0	0	0	19	12	0	-1	49	0	0
c7681	0	0	0	-1	0	0	-1	0	-1	0	-1	44	0	0	0	39	0	17	-1	8	0	-1	-1	-1	12	-1	-1	49	0	-1
c7683	50	0	26	0	0	-1	0	-1	-1	23	-1	43	-1	-1	0	0	0	0	26	-1	37	20	-1	1	0	0	-1	0	0	0
c7688	26	0	0	-1	0	42	0	0	0	0	0	4	0	43	0	0	-1	43	12	43	12	0	0	0	0	-1	0	39	28	-1
c7695	0	35	13	0	0	36	-1	0	43	-1	0	0	0	47	50	-1	0	-1	0	5	-1	0	0	-1	0	12	0	49	0	-1
c7702	0	0	0	-1	0	8	41	0	-1	42	-1	0	0	44	-1	0	-1	35	0	0	-1	0	-1	0	-1	0	-1	0	4	0
c7707	0	-1	0	0	0	49	-1	0	0	20	37	-1	21	0	-1	-1	-1	26	0	-1	0	18	-1	47	0	26	-1	8	4	7
c7712	0	0	0	-1	0	0	-1	0	0	0	0	0	0	-1	0	39	0	0	31	-1	0	-1	0	19	12	49	-1	49	0	23
c7722	0	-1	0	8	0	-1	0	0	35	0	-1	8	35	0	-1	43	0	1	0	0	0	-1	0	0	-1	-1	0	0	27	26
c7723	0	0	0	8	0	-1	0	0	35	0	0	8	35	0	26	43	0	1	0	0	0	-1	0	0	-1	-1	0	0	27	26
c7729	26	16	0	0	50	-1	0	-1	0	-1	0	-1	-1	43	0	-1	-1	0	0	0	12	0	0	26	-1	0	43	0	-1	-1
c7738	0	0	0	0	0	-1	0	-1	-1	0	0	-1	-1	0	-1	12	50	-1	0	0	2	0	35	-1	0	0	-1	-1	0	0
c7747	-1	47	0	7	13	4	0	22	0	49	23	-1	0	45	-1	4	0	0	0	26	0	20	0	0	23	0	0	49	0	0
c7760	0	-1	0	37	0	0	0	0	-1	48	0	-1	-1	13	0	4	0	23	9	0	0	8	0	0	-1	0	0	0	4	-1
c7765	0	0	0	-1	0	0	43	0	-1	-1	36	0	0	-1	50	10	0	0	0	0	0	-1	0	0	-1	-1	-1	50	0	35
c7766	0	0	0	0	-1	0	21	29	36	-1	35	-1	0	0	0	49	43	0	0	-1	43	0	0	43	0	0	23	32	4	35
c7775	-1	-1	0	19	-1	-1	0	0	49	-1	0	-1	-1	12	13	-1	0	0	0	0	0	35	-1	0	0	0	-1	0	-1	-1
c7786	26	-1	0	16	50	0	-1	8	20	43	0	46	-1	43	-1	-1	10	0	32	-1	-1	0	0	0	0	0	0	0	-1	10
c7796	26	0	50	-1	0	43	-1	43	-1	0	0	4	0	43	0	0	37	0	0	-1	12	0	43	-1	0	10	0	0	0	16
c7799	-1	-1	21	0	6	0	-1	21	0	0	0	4	-1	-1	0	0	0	35	47	-1	12	0	0	0	50	-1	-1	23	8	0
c7800	13	0	0	0	0	0	0	0	-1	48	0	-1	42	29	0	-1	43	45	13	-1	0	50	0	23	-1	0	4	-1	43	0
c7811	0	-1	0	-1	0	0	41	21	0	0	-1	0	0	44	16	49	0	0	0	34	0	0	0	0	-1	0	-1	0	-1	0
c7812	0	0	20	0	0	0	0	0	0	0	-1	0	43	-1	23	4	18	26	-1	0	-1	0	0	-1	-1	-1	0	-1	-1	35
c7817	0	-1	-1	-1	0	0	43	-1	0	0	0	0	0	23	50	12	0	-1	0	0	20	23	-1	0	49	12	0	0	-1	35
c7824	26	0	-1	43	50	49	0	-1	0	0	-1	46	0	43	49	48	-1	0	32	0	-1	0	0	-1	0	0	0	2	-1	0
c7825	26	0	6	43	-1	49	-1	8	0	0	0	46	0	43	49	0	-1	0	32	0	12	0	0	0	0	0	0	2	-1	-1
c7837	-1	0	0	0	42	-1	20	0	-1	48	0	1	0	29	0	0	0	0	-1	0	0	50	0	23	0	26	0	47	43	0
c7850	-1	0	23	0	-1	23	43	13	43	42	0	0	0	0	50	-1	0	26	0	28	-1	4	0	49	0	12	0	0	0	35
c7857	0	0	-1	0	-1	0	-1	0	-1	-1	0	0	0	50	0	-1	0	0	31	-1	0	0	0	19	12	0	26	49	0	23
c7860	42	0	0	13	-1	49	0	-1	0	0	-1	0	0	0	-1	6	0	0	0	0	0	0	43	0	0	0	-1	0	-1	49
c7871	0	0	0	23	0	-1	0	0	0	20	37	0	21	0	0	38	0	26	27	26	-1	0	0	0	0	0	-1	8	4	-1
c7881	42	0	0	-1	0	0	0	-1	-1	0	8	0	-1	-1	0	6	0	0	0	-1	0	-1	0	-1	-1	-1	-1	0	0	49
c7886	4	0	-1	-1	-1	0	50	28	0	0	0	0	0	-1	-1	42	0	-1	0	0	-1	-1	-1	-1	0	0	-1	8	0	-1
c7888	0	50	0	0	0	-1	21	-1	-1	47	0	26	0	0	26	0	43	-1	43	0	-1	0	0	0	-1	23	23	16	0	35
c7891	26	0	0	0	-1	0	-1	0	0	8	0	-1	0	43	26	0	0	4	-1	0	12	0	0	23	28	-1	0	0	0	43
c7894	26	-1	0	0	24	-1	0	0	0	17	-1	4	-1	-1	0	-1	45	0	0	43	12	-1	-1	0	0	0	42	0	49	16
c7897	6	13	-1	0	0	0	-1	-1	-1	-1	-1	0	0	0	0	0	-1	26	0	0	-1	-1	0	0	21	42	0	49	0	48
c7903	0	43	48	0	13	0	43	0	-1	0	43	0	0	0	50	-1	0	0	-1	-1	0	0	-1	0	0	12	-1	0	8	35
c7908	0	0	0	0	0	0	-1	-1	0	0	-1	50	0	42	0	39	0	0	-1	0	-1	0	0	-1	12	35	0	49	0	0
c7918	-1	-1	-1	0	-1	0	-1	-1	0	0	-1	-1	29	-1	-1	49	0	0	-1	0	12	0	0	0	-1	23	0	0	12	0
c7935	-1	0	0	13	-1	-1	4	0	0	-1	0	0	0	48	43	35	-1	0	0	0	0	0	0	0	0	42	-1	0	0	0
c7938	0	0	-1	-1	0	0	-1	-1	39	42	0	0	0	44	-1	50	21	35	0	-1	0	5	0	0	-1	0	-1	-1	4	-1
c7942	-1	9	0	20	-1	-1	23	-1	4	49	-1	-1	-1	0	0	0	0	27	0	0	0	20	0	37	23	0	0	-1	0	4
c7947	26	-1	0	26	0	43	-1	0	0	0	-1	-1	0	-1	45	-1	0	0	25	43	12	0	0	-1	27	0	-1	0	25	0
c7955	26	0	0	0	50	0	0	8	-1	21	0	46	-1	43	0	43	0	0	-1	0	12	-1	0	0	-1	0	20	0	0	-1
c7972	16	0	4	0	43	0	0	0	-1	19	-1	-1	0	-1	-1	50	-1	16	0	0	0	-1	-1	0	-1	-1	-1	-1	0	0
c7977	-1	0	0	0	4	49	0	0	0	20	37	-1	21	0	0	-1	0	26	-1	-1	0	0	45	0	0	0	-1	-1	4	0
c7981	6	0	-1	36	9	0	0	0	35	-1	0	-1	-1	0	-1	0	0	-1	-1	0	-1	-1	0	0	21	-1	0	49	0	13
c7985	-1	35	12	0	0	36	43	0	43	0	0	-1	0	47	-1	0	0	-1	-1	0	0	0	0	0	0	12	0	-1	0	35
c7993	0	0	16	0	13	5	-1	0	4	41	-1	0	0	0	0	0	0	0	0	12	0	0	6	0	-1	-1	0	0	-1	0
c7994	-1	0	-1	0	0	-1	0	-1	0	0	20	4	0	43	13	12	11	43	-1	43	-1	17	-1	0	0	0	0	0	-1	0
c7999	26	23	-1	16	50	-1	-1	8	20	-1	0	46	6	43	0	0	10	-1	32	-1	12	0	0	0	0	0	-1	0	-1	10
c8004	-1	0	26	0	0	0	21	27	-1	-1	0	26	0	-1	4	49	43	0	0	0	43	0	16	0	0	0	23	0	4	35
c8008	26	-1	0	0	50	0	0	0	-1	43	0	-1	42	43	-1	-1	19	0	4	0	12	45	0	0	-1	-1	0	0	-1	0
c8009	26	0	0	0	-1	0	0	0	0	43	0	-1	-1	43	0	-1	19	0	4	0	12	45	0	0	-1	0	-1	0	-1	0
c8010	26	0	-1	0	50	-1	0	8	-1	43	-1	-1	6	43	-1	0	10	0	-1	0	-1	0	-1	-1	0	0	0	0	-1	10
c8011	26	0	0	0	50	-1	0	8	0	43	0	46	6	43	-1	0	10	0	-1	0	-1	0	0	0	0	0	0	0	-1	10
c8015	26	0	8	0	50	0	0	8	0	0	0	-1	0	43	8	0	-1	-1	0	-1	12	0	0	0	0	-1	-1	-1	-1	0
c8032	-1	0	37	12	0	0	0	0	0	11	0	0	0	0	0	-1	0	0	50	0	0	6	0	0	12	0	0	0	5	-1
c8035	-1	-1	0	24	34	-1	19	-1	39	0	-1	0	-1	23	-1	0	0	0	0	43	35	-1	50	0	0	50	49	-1	48	0
c8036	0	-1	0	0	0	0	37	0	21	-1	23	0	0	-1	0	42	0	0	-1	0	0	0	0	0	12	39	0	0	0	0
c8037	0	-1	-1	0	0	0	37	0	-1	-1	23	0	-1	0	-1	42	0	0	50	-1	0	0	-1	0	12	39	0	-1	0	0
c8046	0	0	0	-1	13	0	21	16	1	0	0	-1	0	-1	-1	23	0	0	26	43	0	0	0	25	-1	0	4	-1	0	0
c8048	0	-1	0	0	13	5	0	-1	0	-1	23	0	0	45	0	0	45	13	-1	-1	0	39	-1	0	0	-1	0	-1	13	0
c8068	-1	46	28	-1	0	50	0	0	-1	43	39	0	0	43	0	-1	-1	0	0	43	-1	0	23	0	0	0	45	0	0	-1
c8078	-1	0	0	0	50	0	0	-1	0	-1	0	-1	-1	43	0	-1	19	-1	-1	-1	12	0	0	0	-1	42	0	0	0	0
c8086	26	-1	-1	48	22	0	-1	-1	0	0	0	-1	0	43	0	0	0	43	-1	-1	12	0	-1	0	0	-1	0	0	-1	0
c8088	-1	-1	6	0	50	0	0	8	0	0	35	46	0	43	49	0	-1	0	32	0	12	0	0	0	-1	0	-1	2	-1	0
c8089	26	-1	6	0	50	0	0	8	0	0	35	46	0	-1	49	0	-1	0	-1	0	-1	-1	0	0	0	0	-1	2	-1	0
c8093	26	16	0	-1	50	4	-1	0	-1	0	0	-1	0	-1	26	-1	-1	0	0	0	12	0	0	-1	37	0	0	0	-1	0
c8101	37	0	0	-1	0	0	0	-1	0	30	0	0	0	0	0	0	0	43	23	0	0	-1	0	43	-1	47	0	0	0	0
c8104	0	-1	0	0	13	-1	0	-1	0	0	0	0	0	0	0	0	49	0	0	0	0	0	0	0	-1	0	-1	10	0	44
c8107	4	-1	-1	0	-1	0	30	0	-1	49	0	-1	0	-1	-1	0	12	49	0	26	0	20	0	0	0	-1	-1	-1	-1	0
c8123	-1	0	0	0	0	0	-1	0	-1	-1	0	-1	43	0	23	0	23	26	33	0	-1	0	0	0	4	-1	0	-1	0	-1
c8126	26	0	0	0	50	0	0	8	0	43	0	46	-1	43	-1	43	10	0	-1	49	12	0	-1	0	8	0	0	-1	-1	10
c8127	26	0	-1	0	50	0	0	-1	0	43	0	46	6	43	-1	43	10	0	-1	-1	12	-1	-1	0	8	0	0	-1	-1	10
c8144	-1	0	0	0	43	0	0	-1	-1	0	0	-1	-1	-1	-1	39	12	23	49	0	13	8	0	-1	22	48	-1	0	13	-1
c8154	26	46	28	0	0	49	-1	0	-1	43	0	0	0	43	0	31	-1	0	0	43	12	0	0	0	0	26	45	-1	49	20
c8155	26	46	28	0	0	0	0	0	0	43	0	0	-1	43	-1	31	-1	0	-1	43	-1	0	0	0	0	26	45	-1	-1	-1
c8157	42	0	-1	13	0	26	0	-1	-1	4	0	-1	0	0	-1	-1	-1	43	-1	0	0	-1	0	0	0	0	-1	43	-1	-1
c8160	-1	0	0	-1	-1	-1	0	0	49	0	0	0	-1	35	-1	0	-1	0	0	0	49	0	44	-1	0	0	0	0	0	0
c8161	0	0	0	-1	0	0	0	0	49	0	0	-1	0	35	12	0	0	0	0	0	49	0	44	0	0	0	-1	0	-1	0
c8165	26	0	0	0	50	0	-1	8	39	0	0	46	0	43	0	0	0	0	32	0	12	0	0	0	0	-1	-1	0	0	37
c8174	42	4	23	-1	0	0	0	0	-1	-1	-1	0	2	0	-1	0	-1	-1	0	0	0	0	-1	-1	0	43	-1	-1	-1	0
c8212	-1	0	0	0	0	0	-1	0	0	0	0	0	35	26	0	39	42	49	0	0	0	0	0	0	12	0	-1	-1	16	0
c8219	-1	43	48	0	13	0	-1	0	0	0	43	0	0	0	50	0	0	-1	0	-1	0	0	-1	0	0	-1	-1	-1	8	-1
c8220	-1	23	0	-1	50	0	0	-1	20	43	0	46	6	43	0	0	-1	0	-1	0	12	0	0	0	0	0	0	0	-1	-1
c8221	26	23	-1	16	50	-1	0	8	20	-1	-1	46	6	-1	0	0	-1	0	32	0	12	0	0	0	0	0	0	0	-1	-1
c8222	26	46	28	0	0	0	44	27	-1	43	0	0	0	43	47	23	0	0	-1	43	12	0	0	1	0	0	45	0	-1	20
c8224	-1	-1	0	0	50	0	-1	8	0	43	4	46	6	43	0	-1	16	0	32	-1	-1	0	0	-1	0	0	-1	-1	0	0
c8225	26	-1	0	0	50	0	-1	8	0	-1	4	-1	6	43	0	0	16	0	32	-1	12	0	0	0	0	-1	0	-1	0	0
c8226	-1	0	0	-1	0	0	-1	21	0	0	0	-1	0	44	16	49	0	0	0	34	0	-1	0	0	-1	0	-1	-1	23	0
c8237	-1	46	28	0	0	0	44	27	-1	43	0	-1	0	-1	47	23	0	0	-1	-1	12	-1	-1	1	0	-1	45	0	0	20
c8239	0	4	35	8	0	0	0	0	35	-1	20	0	0	-1	-1	0	0	-1	43	0	0	-1	0	29	0	-1	-1	0	27	-1
c8242	0	-1	0	37	0	0	0	0	-1	-1	0	-1	-1	13	0	4	-1	23	9	36	-1	26	-1	0	0	0	0	0	4	0
c8246	0	35	-1	0	0	36	43	-1	43	0	0	0	0	47	50	0	-1	16	34	-1	0	0	0	0	0	-1	0	-1	0	35
c8254	0	0	0	0	9	0	21	29	0	0	35	26	0	0	0	49	43	0	-1	44	-1	0	0	0	0	-1	23	32	4	-1
c8260	-1	-1	0	0	50	0	0	8	0	43	0	46	6	-1	-1	0	10	0	-1	0	12	0	0	0	8	0	0	50	-1	10
c8261	26	0	0	0	-1	0	-1	-1	0	43	-1	46	6	43	-1	0	-1	-1	-1	0	12	0	0	0	8	0	0	-1	-1	10
c8262	0	0	0	0	0	0	-1	0	0	0	0	0	0	0	0	-1	0	-1	0	0	0	0	0	10	12	-1	0	49	0	0
c8264	0	-1	0	12	0	-1	43	-1	0	-1	28	21	0	0	-1	35	0	23	0	0	-1	8	0	0	0	12	0	-1	-1	35
c8270	26	-1	0	0	50	0	-1	8	0	-1	0	46	50	43	0	-1	-1	-1	32	-1	12	20	-1	8	0	23	0	0	0	0
c8271	26	0	0	0	-1	0	-1	8	0	0	0	-1	50	43	0	49	-1	0	32	0	12	20	0	8	-1	23	0	0	0	0
c8274	26	0	43	0	50	-1	0	8	39	0	43	46	4	43	0	0	0	0	32	0	-1	0	0	0	0	0	-1	16	9	0
c8285	26	0	21	0	0	0	0	21	26	23	-1	4	-1	43	0	-1	0	0	0	43	12	-1	0	0	0	0	0	23	8	-1
c8286	-1	0	0	0	50	0	0	0	0	0	0	-1	0	43	0	-1	19	-1	4	35	12	0	0	-1	0	42	0	0	0	0
c8289	0	0	-1	8	0	0	0	0	-1	-1	0	-1	0	0	26	0	0	-1	43	0	0	-1	0	29	0	-1	0	-1	27	-1
c8291	26	0	0	-1	0	0	0	0	0	39	47	4	0	43	0	0	0	43	-1	43	12	0	0	4	0	-1	0	0	-1	0
c8293	26	0	-1	0	35	43	0	0	0	0	0	4	-1	43	13	0	-1	0	-1	43	12	0	0	0	0	-1	43	0	-1	16
c8294	26	0	0	0	50	9	0	8	0	-1	-1	-1	0	43	0	-1	0	0	-1	7	12	0	0	2	0	33	27	0	-1	-1
c8295	26	-1	0	0	50	9	0	-1	-1	0	23	-1	0	43	-1	4	0	0	-1	-1	12	0	0	2	0	-1	27	0	0	0
c8297	0	23	0	0	-1	6	-1	0	0	0	0	0	43	-1	23	36	0	26	0	0	-1	0	0	11	0	0	33	49	35	0
c8301	-1	-1	0	0	0	0	0	0	-1	-1	-1	0	0	29	0	0	-1	0	0	0	0	50	0	23	0	0	0	0	-1	0
c8305	23	0	23	19	1	0	43	0	-1	0	46	43	37	50	-1	0	0	0	0	28	45	0	0	0	50	-1	-1	0	-1	35
c8306	0	0	0	0	0	21	0	35	0	43	0	9	4	-1	39	12	0	0	0	0	0	0	0	-1	21	0	-1	-1	0	0
c8308	26	6	0	-1	50	26	-1	-1	0	43	-1	46	-1	43	0	-1	0	0	32	13	12	-1	0	-1	0	-1	0	0	26	-1
c8309	-1	6	-1	36	50	-1	0	-1	0	-1	0	46	6	-1	0	0	0	-1	32	13	12	-1	0	0	0	0	0	-1	26	-1
c8310	0	50	-1	0	0	-1	21	4	-1	-1	8	26	0	0	0	0	43	0	43	0	0	0	0	0	49	23	23	16	0	35
c8315	0	-1	0	0	0	0	-1	0	26	-1	0	0	-1	0	43	39	0	0	-1	0	0	0	0	13	12	0	0	49	2	-1
c8317	-1	50	0	45	0	0	21	0	0	0	-1	26	0	0	0	0	43	0	43	0	0	0	-1	-1	0	23	23	16	-1	35
c8320	-1	-1	37	0	0	0	-1	0	0	0	0	0	0	-1	0	45	42	0	50	0	0	0	0	0	12	0	0	0	0	-1
c8322	26	23	0	16	50	-1	0	8	-1	43	-1	46	-1	43	0	-1	10	8	32	0	-1	0	0	0	0	0	-1	0	-1	10
c8323	26	23	0	16	50	0	-1	8	20	43	0	46	-1	43	0	-1	10	0	-1	0	12	0	-1	0	0	0	0	-1	-1	-1
c8331	26	0	-1	45	21	0	0	0	0	39	47	-1	-1	43	0	0	0	43	0	-1	12	0	0	4	-1	-1	0	0	-1	0
c8340	0	9	0	20	0	0	-1	-1	4	-1	0	-1	35	0	0	0	0	27	-1	0	0	20	0	37	23	-1	0	-1	-1	-1
c8342	0	0	-1	47	50	0	50	28	0	0	-1	0	0	-1	-1	0	0	0	0	0	13	0	0	-1	0	0	-1	8	0	-1
c8345	0	-1	0	-1	0	0	0	0	34	0	8	0	0	-1	0	0	23	42	-1	-1	30	0	12	1	25	0	-1	-1	-1	-1
c8351	26	-1	-1	-1	37	48	0	0	0	39	47	4	0	-1	0	0	0	43	0	43	12	0	0	-1	0	21	0	0	-1	0
c8363	26	-1	0	0	50	0	0	0	0	-1	21	46	0	43	0	0	40	-1	0	0	12	0	0	8	0	-1	0	0	14	-1
c8378	0	0	0	-1	0	-1	0	-1	0	20	37	0	0	0	0	38	29	26	0	0	0	0	42	0	0	0	-1	8	-1	23
c8381	26	0	0	0	-1	43	23	-1	0	0	28	4	0	-1	-1	0	-1	0	0	43	12	26	0	-1	-1	0	-1	-1	25	0
c8383	42	0	0	13	0	0	0	-1	0	0	0	20	-1	0	43	35	0	28	0	0	50	0	0	0	0	0	-1	0	-1	-1
c8393	0	0	-1	0	0	0	0	0	0	16	-1	9	-1	0	39	-1	0	0	0	0	2	0	0	0	-1	0	-1	0	0	0
c8395	0	0	8	0	-1	0	-1	-1	23	0	0	43	43	0	23	-1	0	26	-1	0	-1	0	0	0	4	0	0	-1	0	0
c8396	0	0	0	0	-1	0	-1	0	0	-1	0	44	0	0	0	-1	27	17	31	0	0	0	0	19	12	0	-1	-1	0	50
c8398	-1	50	0	0	0	0	21	0	0	0	8	-1	0	0	0	0	43	-1	43	0	0	0	0	0	0	23	23	16	0	35
c8402	26	-1	-1	16	50	0	0	8	20	43	-1	46	-1	43	0	-1	10	0	32	0	12	0	-1	-1	0	0	-1	0	-1	10
c8403	26	23	0	16	50	-1	0	8	20	43	0	46	-1	43	0	-1	10	0	32	0	12	0	-1	-1	0	0	0	0	-1	10
c8404	-1	0	0	-1	0	35	0	0	45	-1	0	4	7	-1	0	0	-1	-1	12	43	-1	0	0	0	0	-1	0	0	28	-1
c8407	0	0	0	0	12	-1	0	0	-1	0	0	-1	0	0	-1	0	-1	0	49	-1	0	-1	0	0	0	0	-1	0	50	35
c8408	6	13	-1	0	0	0	0	-1	35	0	-1	0	0	0	0	-1	-1	26	0	0	-1	-1	-1	0	21	0	0	-1	0	48
c8411	0	0	37	0	0	0	0	0	-1	0	-1	37	0	-1	0	45	-1	0	50	0	0	0	0	0	12	0	-1	0	0	0
c8415	-1	0	0	0	0	-1	-1	49	0	13	0	0	0	0	-1	39	0	0	0	0	0	0	0	0	12	-1	0	49	39	0
c8416	49	0	-1	0	0	0	-1	0	-1	0	0	0	-1	-1	0	0	0	23	49	0	0	8	9	0	0	-1	-1	0	13	35
c8418	0	0	0	0	0	0	-1	-1	-1	0	0	0	-1	10	0	39	0	0	0	-1	-1	0	0	0	12	0	-1	49	0	0
c8430	-1	0	0	-1	22	-1	8	0	-1	-1	0	-1	-1	43	0	0	0	43	0	43	12	8	0	0	0	0	0	0	0	0
c8438	2	45	-1	-1	13	0	-1	22	0	49	0	-1	0	45	-1	2	0	0	43	26	0	-1	0	0	23	0	0	49	0	0
c8439	2	45	0	-1	13	0	0	22	0	49	-1	-1	0	45	0	-1	-1	0	43	26	0	20	0	0	-1	0	0	49	0	0
c8441	26	46	28	0	0	50	0	0	0	43	0	0	0	43	0	48	0	0	-1	43	12	0	23	0	0	0	45	0	0	20
c8451	26	46	28	0	4	0	11	0	0	43	0	23	0	43	0	0	-1	-1	49	43	12	0	0	14	0	50	-1	43	0	20
c8454	26	0	0	0	50	-1	-1	8	0	43	0	46	6	-1	-1	0	10	0	-1	-1	12	0	0	0	-1	0	-1	0	-1	10
c8455	26	0	0	-1	50	0	0	8	0	-1	0	46	6	43	-1	0	10	0	-1	-1	12	0	0	0	-1	0	0	0	-1	10
c8459	0	0	48	-1	13	0	43	-1	0	0	-1	0	0	0	50	0	0	0	0	0	0	-1	13	0	-1	12	0	0	8	35
c8461	26	-1	4	0	50	9	0	8	0	-1	0	-1	0	43	0	4	0	0	-1	7	12	44	-1	0	0	0	-1	0	0	0
c8464	-1	0	0	0	0	0	0	0	-1	48	0	0	-1	-1	0	-1	0	-1	21	0	0	50	0	23	13	-1	-1	35	43	-1
c8469	26	0	21	0	50	0	4	-1	0	-1	-1	46	0	43	0	-1	40	4	0	0	-1	0	0	0	49	-1	-1	-1	-1	-1
c8482	26	0	0	0	-1	43	0	0	0	0	0	4	0	43	-1	0	-1	0	-1	43	-1	0	-1	0	0	0	0	-1	-1	16
c8493	21	45	0	0	-1	-1	-1	-1	-1	0	0	-1	0	0	0	0	0	50	0	0	0	-1	0	9	-1	0	-1	8	0	50
c8495	0	0	48	0	49	-1	43	-1	0	0	1	0	-1	0	50	0	23	0	0	-1	0	0	-1	0	6	-1	-1	46	0	35
c8501	-1	0	48	0	13	3	43	0	-1	0	0	-1	0	0	50	0	0	-1	13	0	0	0	13	50	-1	-1	-1	35	8	35
c8503	0	-1	0	-1	-1	49	-1	0	0	20	37	0	0	0	-1	-1	29	26	-1	-1	35	0	42	0	-1	-1	-1	8	4	-1
c8504	0	-1	37	0	0	0	0	0	0	0	0	-1	0	20	0	45	0	43	50	0	-1	-1	-1	0	-1	0	0	0	0	0
c8510	-1	47	-1	7	13	4	0	-1	0	49	23	-1	0	45	0	0	0	0	0	26	0	20	0	-1	23	-1	-1	-1	0	0
c8529	0	-1	0	0	0	-1	0	0	-1	26	49	39	0	0	0	-1	0	6	-1	0	50	26	5	-1	-1	-1	0	-1	36	0
c8531	26	0	-1	47	50	49	0	0	0	-1	-1	46	5	43	0	0	0	-1	-1	0	12	-1	33	16	0	9	0	-1	12	0
c8533	0	0	-1	0	0	7	0	4	-1	0	0	-1	20	0	0	43	0	0	0	0	0	0	0	1	-1	0	35	0	-1	0
c8534	26	10	0	0	50	-1	0	-1	0	0	16	46	6	43	0	0	-1	-1	32	0	12	42	0	0	-1	0	0	0	43	-1
c8535	26	10	0	0	-1	0	0	8	0	0	16	46	6	43	0	-1	0	42	32	0	12	42	0	0	-1	0	0	-1	-1	-1
c8544	26	0	-1	0	0	-1	-1	-1	0	-1	1	4	49	43	0	0	0	0	0	-1	-1	0	0	0	0	0	-1	0	0	16
c8570	0	0	-1	47	50	0	50	28	0	20	0	0	0	-1	-1	0	0	0	49	0	13	-1	0	0	-1	21	-1	8	0	0
c8574	8	0	0	0	32	0	-1	-1	-1	-1	-1	0	-1	0	0	0	0	25	-1	-1	0	0	-1	0	0	0	-1	8	0	-1
c8583	26	0	-1	0	0	43	0	0	0	0	0	4	0	43	-1	-1	0	0	0	43	12	0	-1	0	0	0	0	0	0	16
c8592	26	0	0	4	-1	43	0	-1	0	26	-1	4	0	43	0	0	0	0	-1	43	12	-1	42	0	-1	0	0	13	0	16
c8594	2	0	0	0	13	0	0	22	0	49	-1	-1	0	45	0	-1	42	0	-1	26	0	20	0	0	23	0	0	49	0	0
c8600	-1	8	0	0	13	0	0	22	0	49	4	-1	0	45	22	0	0	-1	0	26	-1	20	0	-1	23	0	45	49	0	-1
c8612	0	0	0	-1	0	35	40	-1	0	-1	0	0	-1	0	0	0	19	-1	0	-1	-1	0	0	43	-1	47	0	0	0	-1
c8616	21	50	10	0	-1	21	21	-1	0	0	0	26	29	0	0	0	43	0	43	0	7	0	1	0	-1	23	-1	16	0	35
c8618	0	-1	0	0	-1	0	0	-1	-1	0	-1	0	0	0	-1	0	0	46	0	0	46	-1	50	-1	5	0	-1	8	0	0
c8619	0	45	0	0	0	-1	0	-1	-1	0	-1	0	0	0	0	0	0	46	0	0	46	-1	50	-1	-1	-1	-1	8	0	0
c8623	26	0	8	0	-1	0	0	8	-1	0	0	46	4	-1	-1	0	0	-1	0	25	12	0	0	0	0	0	-1	-1	0	0
c8626	0	-1	-1	0	0	0	0	0	-1	0	-1	47	0	39	0	-1	0	0	-1	50	12	0	0	-1	0	4	-1	8	0	0
c8641	0	-1	-1	8	0	0	0	0	35	-1	-1	43	50	4	26	-1	-1	1	0	39	0	-1	23	-1	26	10	0	0	27	-1
c8649	26	0	4	-1	-1	0	0	8	39	0	43	46	4	43	0	0	0	-1	-1	0	12	0	0	34	-1	0	0	16	0	0
c8661	26	-1	28	0	-1	0	44	27	0	43	0	0	0	43	-1	23	0	0	-1	-1	12	-1	0	1	-1	0	45	0	0	-1
c8682	26	0	32	0	0	0	0	9	43	9	0	4	4	43	0	44	24	43	0	43	12	0	42	0	0	-1	0	0	50	0
c8683	26	0	32	0	0	0	0	9	43	-1	-1	4	-1	43	0	44	24	43	0	43	-1	-1	42	0	-1	-1	0	0	-1	0
c8688	22	-1	43	24	35	0	19	0	0	0	-1	49	-1	26	0	0	0	0	4	43	35	0	0	19	0	36	49	0	-1	0
c8693	-1	19	0	-1	-1	-1	4	48	23	-1	0	39	0	0	26	-1	0	6	50	0	50	45	0	0	12	49	0	0	36	0
c8695	0	-1	0	-1	0	0	0	-1	34	-1	8	23	0	0	-1	0	0	0	0	-1	0	0	-1	1	0	0	-1	0	0	23
c8703	-1	0	4	-1	-1	6	-1	-1	-1	-1	0	0	43	0	23	36	-1	26	0	-1	-1	0	0	11	-1	-1	33	49	35	-1
c8704	0	0	48	0	-1	0	43	0	43	0	50	-1	0	42	50	4	0	0	0	-1	43	0	0	19	0	12	-1	-1	-1	35
c8707	26	0	0	0	50	-1	-1	0	0	0	0	-1	0	-1	0	-1	19	26	4	0	12	0	0	0	31	10	0	0	0	0
c8708	0	35	26	-1	-1	-1	43	0	-1	0	0	50	9	47	-1	0	0	16	-1	-1	0	0	0	0	0	12	0	49	0	35
c8732	42	0	-1	-1	16	0	46	0	-1	4	0	0	10	0	-1	-1	-1	-1	0	0	0	-1	-1	0	-1	0	-1	0	-1	25
c8740	26	0	0	0	50	0	-1	0	0	43	-1	-1	42	43	0	-1	19	0	4	0	-1	45	0	-1	0	-1	0	0	-1	0
c8741	26	0	0	0	-1	0	0	0	-1	43	0	-1	42	43	0	-1	19	0	4	0	-1	45	0	0	0	0	-1	0	-1	0
c8742	0	0	-1	1	0	0	-1	12	-1	23	8	0	-1	35	-1	0	0	0	0	1	0	0	12	-1	0	0	-1	0	0	0
c8745	22	43	0	24	-1	0	19	0	0	0	-1	0	0	23	-1	0	0	-1	16	-1	35	0	0	0	0	0	49	-1	0	-1
c8751	0	0	37	0	0	0	0	0	0	23	0	0	0	0	0	45	0	0	50	0	0	-1	0	0	12	0	0	0	5	0
c8753	-1	0	43	8	-1	-1	21	0	0	0	-1	0	0	0	-1	0	43	49	0	0	0	-1	-1	0	-1	0	-1	0	0	35
c8759	0	0	0	0	0	0	-1	0	0	0	0	0	0	-1	0	39	0	0	31	0	-1	0	-1	19	12	-1	26	49	0	0
c8769	-1	-1	0	-1	-1	-1	-1	0	0	0	0	0	0	21	0	39	0	0	0	0	0	-1	0	-1	12	37	0	49	-1	-1
c8772	0	0	-1	47	50	-1	50	28	0	20	-1	0	-1	0	-1	0	0	0	49	-1	13	0	-1	0	0	21	-1	8	0	0
c8778	0	0	0	-1	49	-1	0	0	35	0	-1	26	0	-1	26	0	0	1	0	0	-1	-1	0	0	0	-1	0	0	0	0
c8783	-1	0	-1	-1	50	0	-1	0	-1	8	21	46	-1	43	0	0	40	4	0	13	12	-1	0	0	49	0	-1	0	28	13
c8787	0	0	0	0	0	0	0	-1	0	43	48	9	-1	43	39	12	0	-1	0	0	0	0	0	25	0	0	-1	-1	0	23
c8790	26	0	0	0	-1	0	-1	0	-1	0	0	4	-1	43	0	0	-1	43	12	43	12	0	0	0	0	0	-1	0	28	0
c8791	-1	-1	0	0	-1	0	0	0	0	0	0	-1	7	43	-1	0	-1	43	12	-1	-1	0	0	-1	0	0	0	0	28	0
c8794	26	0	0	0	0	-1	23	0	0	-1	0	4	0	-1	0	0	0	0	-1	-1	12	0	0	0	-1	0	-1	-1	-1	-1
c8799	0	-1	-1	-1	-1	49	0	-1	0	20	37	-1	0	0	0	38	29	26	0	0	0	0	42	26	0	0	-1	8	4	23
c8801	0	-1	0	47	-1	5	0	-1	0	43	0	-1	0	50	0	0	0	0	39	0	0	0	0	0	0	22	0	0	0	0
c8808	0	-1	0	-1	-1	-1	0	-1	50	-1	0	13	0	0	0	0	-1	0	39	0	-1	8	0	0	0	0	0	0	-1	31
c8814	26	0	0	0	-1	16	-1	0	0	0	0	4	0	43	0	0	0	43	0	43	-1	8	0	0	0	0	0	0	0	-1
c8820	48	0	0	49	-1	0	0	-1	-1	0	0	-1	0	-1	0	0	-1	23	29	0	0	0	0	0	35	0	-1	23	0	-1
c8832	0	-1	0	-1	0	0	-1	0	28	0	0	-1	-1	-1	0	0	0	23	49	0	0	-1	0	0	0	0	-1	-1	13	35
c8833	-1	-1	0	-1	0	-1	0	-1	28	-1	-1	12	-1	-1	0	0	0	-1	49	0	0	-1	0	0	0	0	-1	0	-1	35
c8835	25	-1	0	0	13	5	0	0	48	0	0	0	0	0	0	0	0	0	-1	0	0	0	0	0	0	-1	0	0	-1	-1
c8843	0	0	0	32	0	8	41	0	-1	-1	-1	0	-1	44	16	0	21	35	-1	0	0	0	0	-1	-1	0	-1	1	4	-1
c8844	26	0	0	-1	0	43	0	0	0	0	0	-1	0	43	-1	-1	0	0	0	43	12	0	0	0	0	0	-1	0	0	16
c8850	22	43	43	24	35	0	19	0	-1	0	-1	0	0	26	0	0	0	0	-1	43	35	0	-1	19	0	0	49	0	-1	-1
c8853	-1	0	0	48	22	4	0	0	-1	-1	0	4	0	43	0	0	0	43	0	43	12	0	0	0	0	0	0	0	0	0
c8854	23	0	23	0	-1	0	43	13	-1	42	-1	0	0	0	50	0	0	26	-1	-1	45	0	-1	-1	0	12	0	0	0	-1
c8855	23	-1	-1	0	23	0	43	-1	43	-1	0	0	0	-1	50	0	0	-1	0	28	45	-1	0	49	0	12	0	-1	0	35
c8858	0	0	-1	0	0	7	0	0	-1	0	0	-1	20	0	0	0	0	-1	0	0	0	0	-1	1	-1	43	35	-1	-1	0
c8859	0	0	0	-1	0	7	0	-1	-1	-1	0	-1	20	0	0	0	0	0	0	0	0	0	0	-1	-1	43	35	0	0	0
c8860	0	0	-1	0	0	26	43	-1	0	-1	9	-1	0	-1	50	-1	0	28	0	-1	0	0	-1	0	0	12	-1	0	0	-1
c8865	-1	-1	47	0	13	5	25	-1	0	49	0	0	0	26	0	-1	0	-1	0	-1	0	0	0	0	0	-1	0	-1	39	-1
c8866	-1	-1	0	-1	-1	0	-1	0	0	0	0	0	0	21	-1	39	0	23	0	-1	0	-1	2	-1	12	-1	-1	-1	-1	0
c8880	-1	-1	0	0	-1	4	-1	8	0	0	0	-1	-1	43	0	-1	19	-1	0	0	12	0	23	0	-1	0	0	0	37	-1
c8881	26	16	-1	0	50	-1	-1	8	0	0	-1	-1	-1	43	0	-1	19	0	0	-1	12	0	23	0	-1	0	0	0	-1	0
c8893	26	0	0	41	4	-1	-1	-1	0	39	47	4	0	43	13	0	-1	-1	-1	-1	-1	0	-1	4	0	-1	0	26	-1	0
c8902	26	0	0	0	0	-1	0	0	0	-1	47	4	0	43	-1	0	0	43	-1	43	12	0	0	4	0	-1	0	0	-1	0
c8905	0	0	0	8	0	0	0	0	35	0	-1	0	0	-1	-1	0	0	1	0	0	-1	-1	0	-1	-1	-1	0	0	-1	0
c8907	0	0	0	0	-1	0	0	0	23	-1	0	-1	0	-1	0	-1	0	6	0	43	50	45	35	0	12	49	0	37	36	0
c8908	26	0	8	-1	50	23	0	8	0	0	0	46	0	43	-1	0	-1	0	0	26	-1	-1	50	0	0	0	0	-1	0	0
c8909	26	0	8	0	50	23	-1	8	0	0	0	46	-1	-1	0	0	-1	0	-1	26	12	0	-1	0	0	0	0	-1	0	-1
c8910	26	0	0	0	-1	0	26	-1	0	-1	37	-1	0	43	0	-1	0	-1	32	0	12	0	0	0	-1	0	0	0	-1	0
c8911	26	0	0	0	-1	0	26	-1	0	8	37	46	0	-1	-1	-1	-1	0	32	-1	12	0	0	0	0	-1	0	0	-1	0
c8914	0	-1	0	0	0	0	-1	0	0	0	21	0	-1	0	0	-1	0	0	0	26	4	-1	-1	0	12	0	0	-1	0	-1
c8920	0	26	37	0	0	0	0	0	0	0	-1	-1	0	-1	0	45	-1	0	-1	0	0	-1	0	0	12	-1	0	0	5	0
c8926	26	-1	0	0	6	43	-1	28	0	-1	0	4	0	43	0	-1	0	43	-1	43	12	-1	0	-1	0	0	0	0	-1	16
c8933	-1	16	0	0	50	0	0	-1	0	21	-1	-1	-1	43	0	-1	19	0	8	0	12	0	0	-1	0	0	43	0	0	46
c8937	0	0	0	37	0	-1	-1	12	0	0	35	-1	0	0	0	-1	0	0	37	0	-1	-1	0	0	-1	-1	-1	0	0	0
c8940	26	16	0	-1	50	4	-1	0	0	0	0	-1	-1	-1	26	-1	-1	0	-1	0	12	0	0	-1	-1	0	0	0	37	-1
c8941	26	16	-1	-1	50	4	-1	-1	0	0	0	-1	0	-1	26	-1	-1	-1	0	-1	12	0	-1	0	37	0	0	0	37	0
c8947	26	0	49	0	37	0	0	0	0	39	47	4	-1	-1	-1	-1	0	43	-1	43	12	0	0	-1	0	21	0	0	-1	45
c8956	0	0	0	0	0	0	-1	0	0	0	-1	50	0	42	0	39	0	-1	47	0	0	0	0	-1	12	-1	0	49	0	0
c8967	0	-1	0	0	0	-1	-1	-1	-1	49	13	-1	43	-1	0	0	0	21	20	6	23	-1	0	0	-1	-1	49	0	0	0
c8975	0	45	0	-1	0	0	46	-1	-1	0	0	0	0	0	35	0	0	50	-1	0	0	-1	0	9	0	0	-1	-1	0	-1
c8980	0	0	0	0	-1	0	43	0	1	0	26	21	0	0	-1	0	0	-1	0	0	-1	21	-1	0	0	12	0	0	40	35
c8981	0	0	0	0	0	-1	43	0	1	0	-1	21	0	-1	50	-1	0	23	0	0	-1	21	0	0	0	12	0	0	40	-1
c8989	-1	49	0	0	0	0	2	0	0	0	24	21	-1	0	0	27	-1	23	5	0	-1	0	50	0	43	27	-1	28	-1	-1
c8990	0	50	0	50	0	21	-1	35	0	43	43	9	6	0	-1	12	-1	0	0	-1	0	0	0	0	43	0	-1	0	0	0
c8995	0	0	0	0	0	0	0	-1	21	0	-1	0	0	0	12	-1	0	0	50	0	0	0	0	0	12	39	-1	-1	0	0
c8998	-1	16	0	0	-1	0	-1	0	0	0	-1	-1	-1	43	0	-1	-1	0	0	0	12	-1	0	0	7	0	0	0	0	0
c9005	-1	0	0	0	-1	-1	0	0	-1	0	20	4	-1	43	13	12	-1	43	0	43	-1	-1	0	-1	-1	0	0	0	7	0
c9013	0	0	0	0	0	2	-1	43	0	-1	37	0	0	2	-1	4	0	0	0	0	0	0	0	0	0	0	-1	-1	0	-1
c9018	-1	0	0	-1	0	-1	23	21	23	0	0	4	0	43	-1	0	0	1	0	43	12	0	0	0	0	0	0	23	-1	0
c9022	26	16	0	23	50	0	0	0	0	0	45	-1	0	-1	19	-1	19	0	0	-1	12	0	0	2	26	0	35	0	0	0
c9030	26	0	0	0	50	0	0	8	39	0	43	-1	-1	-1	0	0	0	0	32	-1	12	0	0	0	49	0	0	16	0	0
