	0	1	2	3	4	5	6	7	8	9	10	11	12	13	14	15	16	17	18	19	20	21	22	23	24	25	26	27	28	29
c355	-1	0	-1	0	0	27	0	0	-1	32	0	23	0	3	0	0	-1	13	0	0	34	-1	50	8	-1	-1	24	-1	-1	-1
c544	0	0	0	28	-1	-1	13	0	0	14	0	-1	0	0	3	-1	-1	0	0	6	38	0	17	0	0	-1	-1	0	42	15
c1052	0	0	-1	11	0	0	17	0	-1	39	-1	13	-1	3	20	0	0	13	0	0	34	37	50	8	0	-1	24	0	41	-1
c1764	0	0	0	0	0	0	0	0	0	-1	47	-1	47	3	0	0	0	13	22	36	34	0	50	8	0	-1	24	47	0	-1
c1828	8	0	0	11	-1	-1	8	0	41	0	-1	-1	47	-1	-1	0	0	13	-1	-1	-1	0	-1	8	0	-1	0	0	0	0
c1835	0	0	0	28	-1	8	0	0	2	-1	-1	3	0	0	0	-1	-1	-1	0	6	-1	-1	0	0	0	-1	0	0	3	41
c1898	0	-1	0	28	-1	0	0	0	8	-1	42	-1	0	8	0	0	14	5	0	6	0	19	-1	-1	-1	-1	0	0	10	-1
c1901	-1	-1	-1	28	0	-1	-1	47	8	-1	42	-1	0	8	0	0	14	-1	0	6	0	19	-1	-1	-1	-1	0	0	10	-1
c2003	18	0	11	28	47	0	-1	-1	-1	-1	0	3	0	-1	-1	0	0	-1	27	6	-1	0	0	-1	0	-1	0	0	0	8
c2030	11	0	0	28	0	0	13	0	11	0	47	3	0	-1	0	48	-1	0	-1	6	0	47	0	-1	0	-1	-1	0	0	0
c2067	0	0	0	0	0	-1	-1	0	0	-1	-1	0	47	3	11	-1	14	13	0	0	-1	0	50	8	0	-1	0	-1	0	0
c2075	0	0	-1	28	0	-1	0	0	-1	0	42	3	-1	8	0	0	14	0	0	-1	0	2	-1	-1	28	-1	0	0	0	-1
c2099	0	0	0	0	0	-1	8	0	-1	0	0	0	47	3	0	0	0	13	16	0	34	-1	50	8	0	-1	0	0	0	-1
c2195	8	0	-1	50	0	0	11	0	0	-1	0	3	0	3	-1	42	0	13	0	0	34	47	50	-1	-1	-1	-1	22	-1	0
c2250	0	0	0	3	-1	-1	8	-1	0	0	0	0	47	-1	0	0	0	13	-1	0	34	-1	50	8	11	-1	0	-1	0	0
c2267	-1	-1	0	-1	0	0	0	0	0	0	-1	-1	0	0	-1	-1	14	6	-1	6	0	0	-1	0	0	-1	32	0	8	17
c2312	-1	0	6	28	0	16	-1	43	2	0	-1	3	2	0	0	0	14	0	0	6	2	38	0	0	0	-1	0	0	3	41
c2313	0	0	6	28	0	-1	-1	43	2	0	-1	3	-1	0	0	0	14	3	0	6	2	38	29	0	0	-1	0	-1	-1	-1
c2466	-1	0	19	28	0	0	13	42	-1	47	13	3	0	9	28	0	0	0	0	6	0	0	-1	20	0	-1	-1	-1	-1	0
c2469	-1	0	0	-1	0	-1	0	0	49	0	47	19	14	3	0	0	-1	-1	20	0	-1	8	-1	8	0	-1	-1	0	0	-1
c2625	0	11	0	28	0	0	3	0	0	0	42	3	0	19	-1	-1	14	0	0	6	0	0	0	0	0	-1	0	0	-1	0
c2771	0	0	0	0	0	11	0	0	0	0	-1	0	0	3	11	-1	41	13	20	-1	34	-1	50	8	8	-1	24	0	0	0
c2778	0	0	19	-1	0	0	13	29	0	13	0	3	0	-1	0	0	0	23	0	6	0	0	17	0	11	-1	-1	0	-1	0
c2787	-1	43	-1	28	0	0	-1	47	25	0	42	3	19	8	0	11	-1	0	-1	6	-1	0	40	29	2	-1	32	0	0	0
c2862	50	36	0	20	0	-1	25	0	41	0	0	0	0	3	0	0	41	13	0	0	34	0	50	8	0	-1	24	0	0	-1
c2911	0	-1	0	28	-1	37	0	-1	2	-1	42	3	32	0	-1	0	14	0	47	6	2	0	0	0	0	-1	-1	11	3	41
c2930	-1	0	-1	-1	0	-1	8	0	-1	48	-1	-1	-1	3	47	0	0	13	0	0	34	-1	50	8	0	-1	0	0	0	0
c2945	-1	0	32	28	0	0	13	42	19	0	38	3	0	-1	0	0	0	-1	-1	6	47	0	0	-1	3	-1	0	0	0	0
c2976	40	0	0	28	0	0	0	0	2	29	42	-1	0	0	36	0	14	42	0	6	2	0	-1	0	0	-1	0	0	3	41
c2980	0	-1	0	0	0	-1	0	0	0	-1	30	29	47	3	0	0	0	13	0	0	-1	-1	50	-1	3	-1	24	0	0	0
c3002	-1	0	0	37	0	0	-1	0	0	0	0	0	-1	3	0	0	0	13	0	36	34	0	-1	8	0	-1	24	0	-1	0
c3130	40	0	0	0	0	-1	-1	0	-1	0	0	0	47	3	0	0	0	13	0	-1	34	0	50	-1	0	-1	0	0	0	0
c3151	0	0	0	28	-1	0	13	0	0	11	0	3	-1	32	8	8	0	0	0	6	-1	0	0	0	23	-1	0	-1	0	0
c3152	0	-1	40	28	0	-1	0	0	0	0	42	3	0	-1	0	-1	14	0	0	-1	19	0	30	0	20	-1	0	0	16	16
c3175	0	-1	-1	0	0	0	-1	11	0	0	47	-1	-1	3	-1	0	41	13	20	-1	34	8	50	8	0	-1	24	0	0	40
c3240	0	0	0	28	0	-1	0	0	8	0	42	-1	0	-1	0	0	14	5	0	6	-1	-1	-1	0	-1	-1	-1	0	-1	0
c3280	-1	-1	0	0	-1	-1	8	-1	0	0	0	-1	47	3	0	0	0	13	0	30	34	0	50	8	-1	-1	0	0	0	0
c3294	0	-1	0	28	0	0	0	0	2	0	-1	3	0	0	-1	0	14	0	47	6	2	20	0	0	0	-1	0	28	3	41
c3319	-1	0	-1	28	0	0	13	42	19	-1	0	3	0	9	0	0	0	0	48	6	47	0	0	-1	0	-1	0	0	-1	-1
c3328	0	16	0	0	0	-1	8	0	0	-1	0	0	47	3	11	0	0	-1	-1	43	-1	0	50	8	0	-1	0	-1	0	-1
c3346	0	0	0	40	0	0	8	23	29	0	0	-1	0	-1	47	40	47	13	0	-1	34	0	50	-1	0	-1	24	0	0	13
c3461	8	0	0	0	0	0	42	0	0	0	0	0	0	3	0	-1	-1	-1	0	36	-1	0	50	8	0	-1	24	36	0	47
c3475	-1	0	0	0	0	47	0	20	0	8	0	0	0	3	-1	-1	-1	13	0	0	-1	13	50	8	0	-1	24	-1	0	-1
c3477	-1	11	0	28	-1	0	0	0	0	0	42	3	0	0	0	-1	-1	-1	-1	6	0	0	0	0	0	-1	0	0	0	0
c3514	32	0	8	28	0	-1	13	42	0	0	20	3	0	0	0	0	0	17	0	6	0	0	0	0	0	-1	0	0	0	0
c3530	18	0	11	-1	0	0	13	0	3	8	40	-1	0	0	0	0	0	-1	0	6	0	0	0	0	0	-1	32	34	0	0
c3549	0	-1	0	28	0	0	0	0	8	42	42	-1	0	8	0	13	14	5	0	-1	40	19	-1	0	-1	-1	-1	0	10	0
c3554	-1	-1	-1	28	11	0	-1	0	0	0	42	3	0	0	0	-1	14	40	-1	6	0	0	0	0	0	-1	0	0	0	0
c3573	20	-1	-1	8	-1	0	0	0	0	0	0	0	43	3	0	0	0	13	0	36	34	7	50	8	3	-1	24	-1	28	0
c3581	0	11	0	-1	0	0	0	0	-1	0	42	3	0	42	0	-1	14	-1	0	6	0	16	0	0	0	-1	0	0	0	0
c3604	38	0	6	-1	-1	16	-1	-1	2	0	-1	3	-1	0	0	0	-1	-1	0	6	2	38	0	0	0	-1	0	0	3	41
c3619	0	11	-1	28	-1	0	0	-1	0	0	-1	-1	0	0	-1	-1	14	0	0	6	0	11	0	0	-1	-1	13	0	0	17
c3622	0	0	0	-1	0	0	3	25	0	0	0	0	0	3	0	0	-1	-1	0	-1	34	0	50	8	-1	-1	24	0	0	16
c3659	-1	-1	32	-1	-1	0	13	42	19	13	-1	3	0	-1	0	0	0	0	0	6	-1	-1	-1	0	0	-1	0	0	0	0
c3669	0	-1	0	28	0	-1	0	0	-1	0	42	3	-1	29	47	0	14	0	0	-1	2	0	0	-1	0	-1	0	0	3	41
c3692	2	0	0	28	0	0	0	0	-1	19	42	3	-1	8	0	0	14	-1	0	6	42	-1	0	0	0	-1	-1	-1	-1	-1
c3702	0	0	0	28	0	47	13	0	0	0	0	-1	-1	0	-1	28	0	0	0	6	0	0	0	44	0	-1	-1	-1	41	0
c3722	11	0	6	28	0	0	20	0	2	-1	-1	3	-1	0	0	0	14	0	0	-1	2	38	0	0	-1	-1	0	0	3	41
c3764	18	-1	7	28	0	-1	-1	0	0	0	0	-1	0	-1	0	0	20	0	0	6	8	0	0	0	-1	-1	0	-1	0	0
c3765	18	0	7	28	0	0	13	0	0	0	0	3	-1	-1	0	-1	0	0	0	6	8	-1	0	0	-1	-1	0	0	-1	0
c3984	2	0	0	28	-1	0	-1	0	2	0	42	3	0	45	-1	-1	14	0	-1	-1	2	0	-1	0	-1	-1	-1	19	3	41
c3988	-1	0	17	28	0	-1	13	0	0	27	-1	3	0	0	0	0	0	35	0	6	0	0	0	0	0	-1	0	0	0	0
c4031	0	0	-1	0	0	15	-1	0	0	0	0	0	0	3	20	0	-1	13	-1	-1	34	0	50	8	0	-1	24	-1	0	0
c4100	0	0	44	28	-1	0	0	0	2	32	-1	3	0	0	0	-1	14	0	20	6	2	0	-1	-1	0	-1	17	35	3	41
c4130	0	-1	-1	13	0	-1	-1	0	0	0	0	0	-1	3	0	-1	0	-1	-1	-1	34	0	-1	-1	11	-1	0	0	0	0
c4154	-1	0	19	28	-1	-1	-1	42	0	47	0	3	-1	9	-1	-1	0	0	0	6	0	0	0	20	0	-1	-1	0	0	0
c4160	-1	0	0	0	29	-1	8	-1	0	0	0	23	47	3	0	0	-1	13	47	50	34	0	50	8	0	-1	-1	0	44	-1
c4177	0	0	0	-1	0	0	3	0	-1	0	0	0	0	3	0	0	0	-1	0	-1	34	0	50	-1	-1	-1	24	0	-1	0
c4223	-1	-1	0	28	28	-1	8	0	0	-1	42	3	23	0	-1	-1	14	0	-1	-1	0	-1	0	0	-1	-1	-1	0	16	0
c4309	0	-1	0	0	-1	0	-1	0	0	16	0	3	0	3	43	0	0	13	0	32	34	0	50	8	13	-1	19	-1	19	0
c4342	0	0	-1	-1	-1	0	-1	0	0	0	0	-1	-1	3	0	0	-1	13	0	0	34	0	50	-1	0	-1	0	47	28	0
c4367	36	2	0	0	0	0	42	0	-1	0	0	0	0	3	0	-1	41	-1	20	0	-1	8	50	8	0	-1	24	0	0	-1
c4424	0	-1	0	28	-1	0	0	0	2	0	42	3	36	0	0	0	14	0	0	6	2	-1	0	-1	0	-1	17	35	3	41
c4459	0	11	0	28	28	0	0	0	0	0	42	3	0	-1	0	-1	14	32	16	-1	-1	0	-1	0	20	-1	19	-1	16	0
c4469	0	-1	47	-1	0	0	14	0	0	0	50	0	0	3	0	16	-1	13	0	36	34	-1	50	8	-1	-1	24	-1	0	0
c4472	0	0	0	28	0	0	-1	27	0	-1	14	3	0	-1	-1	-1	0	0	0	6	0	0	17	0	11	-1	-1	0	-1	0
c4480	0	11	40	28	0	0	0	-1	0	0	42	-1	0	28	0	-1	14	0	0	6	0	0	0	47	-1	-1	0	0	16	-1
c4613	-1	0	7	28	0	0	13	16	0	0	0	-1	0	-1	0	-1	38	0	-1	-1	-1	0	0	29	-1	-1	8	0	-1	0
c4628	-1	0	11	28	0	-1	13	28	3	0	0	3	0	0	-1	0	0	0	0	6	0	0	0	-1	0	-1	0	0	8	0
c4665	-1	0	0	-1	0	0	13	42	0	47	0	3	0	-1	-1	0	0	13	0	6	0	0	0	-1	0	-1	-1	0	0	0
c4666	18	0	11	28	0	-1	13	28	-1	-1	-1	3	-1	-1	17	0	0	0	0	6	0	0	0	0	0	-1	0	0	-1	0
c4763	-1	0	0	28	0	0	13	42	0	-1	0	3	0	-1	-1	0	35	0	0	6	-1	0	0	20	-1	-1	-1	0	0	0
c4768	-1	-1	0	-1	0	41	0	-1	0	0	42	3	0	0	0	-1	14	8	0	6	0	0	0	0	28	-1	-1	0	16	0
c4773	0	11	0	-1	-1	0	0	0	0	20	-1	-1	0	0	-1	-1	14	0	0	6	0	0	0	20	0	-1	-1	0	16	7
c4786	30	0	0	28	0	30	0	0	2	47	42	3	-1	0	0	0	14	0	-1	6	2	0	-1	0	0	-1	0	11	3	41
c4788	-1	0	0	28	0	-1	-1	-1	8	0	42	-1	-1	-1	50	0	14	5	0	6	0	19	-1	0	-1	-1	0	32	10	0
c4794	29	-1	-1	0	0	-1	0	11	0	0	-1	43	0	-1	-1	0	38	13	-1	36	34	0	50	8	-1	-1	-1	0	0	0
c4820	8	0	0	0	-1	-1	8	37	41	-1	14	0	47	3	0	35	-1	13	-1	0	34	0	50	8	3	-1	0	0	2	0
c4822	8	0	0	0	39	-1	8	37	0	0	0	0	47	3	-1	0	-1	-1	-1	0	34	0	50	-1	0	-1	0	0	0	-1
c4861	0	0	0	28	0	13	13	42	0	0	20	3	-1	0	0	0	0	17	41	6	-1	-1	17	0	47	-1	38	-1	0	0
c4942	0	0	-1	0	0	15	0	0	0	0	0	0	0	3	20	0	0	13	0	0	34	-1	50	8	0	-1	24	0	0	0
c4974	-1	0	0	28	-1	0	13	0	0	0	0	3	0	-1	-1	0	11	0	-1	6	-1	0	17	38	0	-1	-1	0	-1	20
c4975	-1	0	0	28	-1	0	13	0	0	0	0	3	-1	0	-1	0	11	0	-1	6	0	0	17	38	0	-1	-1	0	-1	20
c4998	0	0	0	28	-1	0	13	0	0	0	-1	3	32	0	-1	0	-1	0	0	6	0	0	0	44	-1	-1	-1	0	0	0
c4999	0	0	0	28	0	0	13	0	0	0	0	3	32	0	-1	0	0	-1	-1	6	-1	0	0	-1	45	-1	-1	0	0	0
c5033	0	11	40	28	0	0	-1	0	-1	0	42	-1	0	0	47	-1	14	0	0	6	-1	0	0	47	20	-1	0	0	16	0
c5040	0	0	0	8	50	0	-1	0	0	0	0	0	0	-1	-1	0	0	13	0	-1	34	0	-1	8	32	-1	24	0	0	0
c5066	0	11	46	28	0	0	0	-1	-1	0	42	3	0	0	32	-1	14	0	0	6	0	-1	0	0	0	-1	-1	0	16	0
c5107	36	38	0	0	0	0	0	0	0	0	47	19	-1	3	-1	0	41	13	20	0	-1	8	50	-1	0	-1	24	2	0	40
c5121	50	0	0	0	0	-1	0	-1	0	0	32	30	0	3	0	0	-1	13	0	0	-1	-1	50	8	0	-1	24	-1	0	-1
c5179	0	0	0	28	-1	0	0	0	2	32	42	3	-1	-1	0	0	14	-1	20	6	2	0	0	-1	-1	-1	17	35	3	41
c5182	0	0	2	0	0	0	0	0	0	0	-1	0	-1	3	-1	0	-1	-1	0	0	34	0	50	8	0	-1	24	0	-1	0
c5185	41	11	-1	28	-1	0	0	0	0	-1	42	3	0	-1	0	-1	14	0	8	6	0	-1	0	-1	28	-1	-1	0	-1	-1
c5193	0	11	0	28	0	-1	0	-1	0	-1	42	3	0	0	0	-1	14	0	-1	6	0	0	0	0	0	-1	0	0	-1	0
c5195	-1	0	0	-1	-1	-1	8	37	0	-1	0	0	47	3	-1	0	0	13	-1	0	34	0	50	-1	0	-1	0	-1	0	2
c5220	-1	0	-1	0	0	15	0	0	0	41	47	-1	0	3	20	0	0	13	0	-1	34	-1	50	8	-1	-1	24	0	-1	-1
c5248	0	0	0	-1	16	0	0	0	-1	-1	47	0	47	3	0	0	0	13	0	36	34	0	-1	8	0	-1	24	47	-1	-1
c5271	0	0	-1	28	30	0	0	47	2	0	42	-1	0	11	-1	0	14	0	0	6	2	0	0	0	0	-1	-1	0	-1	41
c5279	50	0	0	30	0	-1	0	0	-1	0	0	0	0	3	0	-1	41	13	-1	0	34	0	50	-1	10	-1	24	8	41	0
c5313	0	0	0	28	0	13	13	42	0	0	20	3	17	0	-1	0	0	17	0	6	-1	0	0	-1	0	-1	0	0	-1	0
c5352	0	0	36	28	0	0	0	0	2	-1	42	3	0	0	0	-1	14	0	48	6	2	0	0	0	36	-1	46	0	3	41
c5437	0	0	0	28	0	-1	13	42	0	0	-1	-1	0	0	0	0	0	17	0	-1	0	0	0	14	0	-1	0	0	0	26
c5448	0	0	0	28	0	0	0	-1	28	-1	42	3	0	-1	-1	0	14	-1	0	6	-1	0	0	0	0	-1	-1	20	0	0
c5494	50	11	0	0	0	0	0	0	0	-1	32	-1	0	3	0	0	41	-1	0	-1	34	-1	50	8	0	-1	24	0	0	-1
c5521	18	0	7	28	0	0	13	16	0	-1	0	-1	0	0	-1	0	38	0	0	-1	8	0	-1	0	0	-1	-1	0	0	0
c5546	0	47	-1	-1	47	0	13	-1	0	0	3	3	-1	16	0	-1	0	28	0	-1	28	3	28	-1	-1	-1	40	0	-1	0
c5548	18	0	7	28	0	0	13	0	0	0	0	3	0	0	0	0	0	11	0	6	-1	0	0	0	-1	-1	0	0	0	0
c5586	8	0	0	0	0	30	47	0	0	-1	0	16	0	3	-1	0	0	13	29	-1	34	0	-1	8	11	-1	24	41	0	0
c5597	0	0	-1	0	0	40	-1	0	0	0	0	0	42	3	-1	0	0	13	-1	-1	34	37	50	8	0	-1	24	-1	0	-1
c5613	22	11	46	-1	0	0	0	-1	0	0	42	3	0	0	0	-1	-1	0	0	6	0	0	0	0	0	-1	-1	0	16	0
c5645	18	0	11	28	47	0	13	-1	3	0	0	3	0	42	8	0	19	-1	27	6	0	-1	0	0	0	-1	0	0	0	8
c5717	-1	0	0	28	16	0	-1	0	0	-1	42	3	11	-1	0	0	-1	-1	0	-1	0	0	0	0	13	-1	0	0	0	0
c5718	23	11	0	-1	0	-1	-1	-1	15	0	42	3	-1	0	-1	-1	14	0	0	6	-1	0	0	38	0	-1	0	0	14	17
c5763	-1	0	19	28	0	19	13	-1	0	47	0	3	0	9	28	0	0	0	0	6	-1	0	0	20	22	-1	-1	2	17	0
c5779	0	-1	0	-1	0	8	0	0	-1	0	-1	3	0	-1	0	-1	14	0	0	-1	2	0	0	0	0	-1	0	0	3	41
c5805	0	0	0	-1	0	0	0	0	-1	0	40	0	-1	3	0	0	0	13	0	36	34	0	50	8	0	-1	24	-1	0	0
c5818	8	0	0	0	39	-1	8	37	0	-1	0	0	47	3	-1	0	0	-1	47	0	34	0	50	-1	0	-1	0	-1	0	-1
c5875	-1	0	-1	-1	0	0	29	47	25	-1	-1	-1	19	-1	0	0	14	0	0	6	-1	0	40	29	2	-1	-1	0	0	2
c5916	32	-1	-1	28	0	0	13	0	0	-1	-1	3	29	17	-1	17	0	35	0	6	0	40	0	41	-1	-1	0	-1	0	-1
c5968	0	0	0	0	-1	0	16	36	0	0	0	0	43	3	0	20	0	-1	34	36	34	-1	-1	-1	0	-1	24	0	0	-1
c6053	0	0	-1	28	11	16	-1	0	2	0	-1	3	-1	-1	0	0	14	0	-1	-1	-1	38	0	0	0	-1	0	0	3	41
c6081	-1	0	0	28	0	-1	13	0	-1	-1	-1	-1	37	30	40	0	0	0	-1	6	-1	0	0	-1	0	-1	0	-1	-1	0
c6127	-1	0	-1	28	0	0	0	0	28	0	-1	3	20	8	42	0	14	29	0	-1	42	0	0	0	0	-1	-1	-1	36	0
c6133	-1	0	0	28	-1	0	0	0	0	0	42	3	0	8	-1	0	14	2	28	6	8	0	0	34	0	-1	8	0	0	0
c6137	0	-1	32	28	0	0	13	19	0	0	0	3	0	32	8	0	0	0	0	6	0	0	-1	0	-1	-1	-1	0	0	-1
c6161	7	0	0	0	0	27	-1	-1	18	0	-1	23	0	3	0	39	20	13	20	0	34	-1	50	8	0	-1	24	0	0	0
c6168	0	0	0	0	-1	-1	0	-1	0	11	0	0	25	3	0	0	41	13	20	0	34	8	50	8	0	-1	24	0	0	0
c6202	0	40	-1	0	0	15	-1	-1	-1	0	0	-1	-1	3	20	0	0	13	0	0	-1	-1	-1	8	0	-1	24	0	-1	-1
c6211	15	-1	-1	0	0	-1	8	7	-1	0	0	0	47	3	0	-1	0	13	36	0	34	13	-1	8	-1	-1	0	0	30	0
c6228	18	0	11	-1	0	0	13	28	3	0	0	3	0	0	-1	-1	0	-1	-1	6	0	0	0	0	-1	-1	0	0	0	-1
c6237	0	0	-1	-1	0	0	0	-1	28	-1	42	3	0	8	-1	0	14	29	0	6	42	0	-1	0	0	-1	-1	0	0	-1
c6241	-1	0	-1	0	0	0	17	0	0	39	0	0	0	-1	20	0	0	-1	-1	0	34	-1	50	8	0	-1	-1	0	0	0
c6254	41	0	0	-1	42	8	0	0	2	-1	42	3	0	0	-1	-1	-1	0	0	6	2	0	0	-1	-1	-1	15	0	3	41
c6292	-1	0	0	28	-1	0	-1	0	0	0	-1	3	0	-1	-1	0	11	-1	-1	6	0	0	-1	-1	0	-1	-1	0	-1	20
c6321	0	0	0	28	0	43	0	0	2	0	-1	3	0	-1	-1	0	14	0	20	-1	2	0	0	-1	0	-1	17	35	3	41
c6322	0	0	10	-1	0	11	13	30	0	47	0	-1	0	0	-1	0	0	0	0	-1	-1	20	0	0	-1	-1	-1	-1	0	0
c6340	0	11	0	28	-1	-1	0	0	0	0	-1	3	-1	-1	0	-1	14	0	0	6	0	0	0	0	0	-1	0	0	16	0
c6361	0	0	0	0	-1	0	0	0	0	0	47	19	50	3	0	0	41	13	-1	11	34	8	50	8	0	-1	24	0	0	40
c6372	0	0	0	28	0	13	13	42	0	-1	20	3	-1	0	0	0	-1	17	38	6	0	38	0	0	0	-1	0	0	0	47
c6376	0	-1	6	28	0	0	0	0	-1	-1	-1	-1	0	-1	32	0	14	0	0	6	2	38	0	0	0	-1	0	0	3	-1
c6401	0	0	-1	-1	0	-1	8	0	0	-1	0	0	47	3	5	0	0	-1	0	30	-1	0	50	8	0	-1	0	-1	0	0
c6419	0	0	41	28	38	0	0	0	8	-1	42	-1	0	-1	0	0	-1	5	0	6	-1	19	-1	0	-1	-1	-1	-1	10	-1
c6451	40	11	0	-1	0	0	0	28	-1	-1	0	0	0	32	0	0	0	13	0	-1	0	0	50	2	0	-1	-1	-1	0	-1
c6478	-1	-1	0	0	-1	0	0	-1	-1	0	23	-1	0	3	11	20	41	13	20	0	34	8	50	8	8	-1	24	0	0	0
c6517	40	-1	0	-1	0	-1	50	28	43	0	0	0	0	0	-1	-1	0	13	0	-1	-1	42	50	2	0	-1	0	-1	-1	22
c6524	0	0	0	0	0	-1	8	0	0	0	0	42	-1	3	0	0	-1	13	50	0	34	0	50	8	11	-1	0	0	-1	0
c6547	0	11	-1	28	-1	47	0	-1	-1	0	-1	3	0	0	0	-1	14	0	0	6	0	11	0	0	-1	-1	-1	0	0	17
c6570	0	-1	0	0	0	0	0	0	14	0	0	0	0	3	0	-1	41	-1	20	22	34	8	50	8	-1	-1	24	-1	3	0
c6573	0	0	-1	28	-1	0	0	-1	0	0	-1	3	0	-1	41	47	-1	0	36	6	-1	-1	-1	0	0	-1	0	0	-1	0
c6585	0	-1	-1	28	-1	0	0	0	0	0	-1	3	0	0	0	-1	-1	0	30	6	0	-1	0	0	0	-1	-1	11	0	0
c6600	18	0	7	28	-1	-1	-1	0	0	-1	0	-1	-1	0	0	0	0	0	-1	6	8	0	0	0	-1	-1	-1	11	-1	0
c6607	18	25	0	28	0	0	13	-1	0	0	0	3	39	0	0	-1	47	0	0	6	0	-1	0	0	18	-1	-1	0	8	48
c6623	-1	29	0	-1	-1	0	13	42	0	47	0	3	0	9	28	0	35	0	0	6	0	0	-1	20	47	-1	-1	0	0	0
c6630	-1	0	0	28	0	0	0	0	-1	0	-1	-1	0	8	0	-1	14	-1	0	6	40	19	-1	0	-1	-1	-1	-1	10	0
c6631	0	0	0	28	0	-1	-1	0	8	0	42	-1	0	8	-1	0	14	5	-1	6	40	19	-1	0	-1	-1	-1	-1	10	0
c6633	-1	0	0	28	0	0	13	42	0	47	0	3	-1	9	-1	-1	35	0	13	6	0	0	-1	20	0	-1	-1	3	0	-1
c6648	-1	0	0	-1	0	0	44	28	-1	0	-1	0	0	0	0	-1	0	13	0	-1	20	0	50	2	0	-1	0	0	-1	-1
c6652	-1	0	36	28	0	0	0	0	-1	0	42	3	0	-1	-1	-1	14	-1	48	-1	2	0	0	0	-1	-1	46	0	3	41
c6653	-1	0	36	28	0	-1	0	0	2	0	-1	3	-1	0	0	0	14	0	48	6	2	0	0	0	-1	-1	46	0	3	41
c6664	0	0	0	28	0	13	13	-1	0	0	20	3	0	0	0	0	23	-1	-1	-1	0	-1	0	-1	0	-1	20	0	-1	0
c6676	0	11	40	-1	-1	0	0	-1	28	0	42	3	0	8	0	0	-1	29	0	6	-1	0	41	0	0	-1	-1	0	0	-1
c6685	-1	-1	-1	28	0	0	0	0	25	43	42	3	0	8	0	-1	14	0	14	6	0	0	40	29	0	-1	32	0	0	0
c6687	20	11	0	0	-1	50	0	34	0	19	0	0	23	3	-1	-1	0	13	11	0	34	0	50	8	0	-1	0	-1	14	-1
c6692	-1	0	0	-1	0	0	0	0	0	16	0	-1	0	3	43	20	0	13	0	0	34	0	50	8	13	-1	19	0	19	0
c6783	40	0	0	-1	0	0	0	28	-1	0	30	0	-1	0	34	0	-1	13	0	-1	0	0	50	2	0	-1	0	0	0	22
c6784	0	2	0	-1	0	0	0	-1	0	0	13	0	5	3	0	0	41	13	20	-1	34	8	-1	8	0	-1	24	0	0	0
c6786	-1	-1	0	28	11	0	-1	0	16	0	-1	3	11	-1	0	-1	14	0	-1	6	0	0	-1	0	-1	-1	0	0	0	0
c6802	-1	0	0	28	-1	0	13	42	0	47	-1	3	0	9	28	0	0	0	0	6	0	0	0	20	0	-1	-1	-1	0	-1
c6808	0	40	0	28	0	-1	0	0	2	0	42	3	0	0	0	-1	14	0	0	6	2	0	0	0	0	-1	0	19	3	41
c6816	-1	29	0	-1	-1	0	13	42	0	47	0	3	0	9	28	0	-1	0	0	-1	0	0	0	20	47	-1	-1	0	-1	0
c6817	-1	29	0	28	0	0	13	-1	0	47	0	3	0	9	28	0	35	0	0	6	0	-1	0	20	47	-1	-1	0	0	0
c6838	0	-1	0	28	0	-1	0	0	2	0	42	3	0	-1	47	-1	-1	47	0	6	2	-1	0	0	0	-1	0	0	3	-1
c6844	-1	-1	-1	28	-1	0	0	0	0	0	42	-1	0	8	-1	0	14	0	0	6	-1	0	0	34	-1	-1	0	5	-1	-1
c6855	-1	0	32	28	-1	-1	13	42	-1	0	8	3	0	9	0	0	0	0	0	6	0	0	0	-1	0	-1	0	0	0	0
c6894	0	0	6	28	0	0	20	0	2	-1	-1	3	0	0	-1	-1	14	0	0	6	2	38	0	0	-1	-1	0	45	-1	41
c6899	-1	-1	32	-1	-1	0	13	42	19	0	0	3	0	9	-1	0	38	0	0	-1	47	0	0	42	0	-1	-1	0	0	0
c6908	-1	0	0	-1	-1	0	-1	42	0	47	0	-1	-1	9	28	-1	-1	19	0	6	0	0	0	-1	0	-1	-1	0	-1	0
c6912	40	0	8	-1	-1	-1	0	28	-1	47	40	0	-1	48	-1	43	28	13	0	-1	47	-1	50	2	19	-1	0	0	0	-1
c6927	0	0	-1	0	-1	-1	8	0	0	0	0	0	-1	3	-1	0	0	-1	0	0	34	0	50	8	11	-1	0	0	0	-1
c6929	0	-1	0	28	-1	13	-1	-1	0	-1	20	3	0	38	0	0	-1	17	0	6	-1	0	0	0	-1	-1	13	-1	0	0
c6978	-1	0	0	28	0	0	-1	0	2	0	42	3	-1	0	0	-1	14	0	-1	6	2	0	0	-1	-1	-1	17	35	3	41
c6979	0	0	-1	-1	0	0	0	0	2	0	42	3	-1	0	0	-1	14	-1	-1	6	2	-1	0	-1	0	-1	17	35	3	41
c6981	0	11	0	28	-1	-1	3	0	0	0	42	3	-1	19	0	-1	14	-1	0	6	0	0	0	0	-1	-1	0	8	-1	0
c6984	0	0	0	28	0	15	13	-1	39	0	0	3	0	0	-1	0	0	20	0	6	-1	0	0	0	47	-1	-1	25	28	0
c6988	-1	28	-1	28	0	0	3	0	0	0	0	0	0	3	0	0	0	-1	0	36	34	-1	50	8	-1	-1	24	0	-1	0
c7003	40	0	0	-1	-1	0	0	-1	-1	0	-1	0	0	-1	0	-1	0	13	0	-1	0	0	50	2	0	-1	-1	-1	0	22
c7007	-1	11	0	28	28	0	42	-1	-1	0	42	3	19	8	47	-1	-1	0	0	6	0	0	35	-1	20	-1	0	-1	16	-1
c7017	0	0	0	0	0	0	0	0	0	16	-1	3	0	3	43	8	-1	13	0	0	34	0	-1	8	13	-1	19	-1	19	0
c7028	-1	0	36	28	-1	0	0	-1	2	0	42	3	0	0	-1	0	14	0	48	6	2	0	0	0	36	-1	46	0	3	-1
c7032	8	-1	0	0	0	20	8	-1	0	0	2	26	47	3	16	0	0	13	49	0	34	8	50	-1	0	-1	0	19	0	36
c7051	0	-1	0	0	0	-1	-1	0	0	15	-1	0	0	3	0	-1	41	13	20	22	34	8	50	8	0	-1	24	40	0	0
c7065	0	0	8	0	0	0	47	0	0	-1	30	29	47	3	0	0	0	13	-1	0	34	-1	50	8	0	-1	24	-1	0	-1
c7067	-1	-1	-1	28	-1	13	13	42	0	-1	0	3	8	5	-1	0	0	0	-1	6	35	-1	0	0	0	-1	0	0	25	10
c7092	18	0	-1	28	0	0	-1	28	3	0	0	-1	0	-1	0	0	0	-1	32	6	0	-1	0	0	0	-1	0	-1	0	41
c7095	0	0	0	28	0	0	0	0	2	0	42	3	0	-1	0	0	-1	0	0	6	2	20	0	0	0	-1	0	0	-1	-1
c7122	0	0	0	5	0	-1	8	0	0	46	0	0	-1	3	0	-1	-1	13	0	0	34	-1	50	8	11	-1	0	19	28	0
c7139	6	0	-1	0	-1	0	47	0	0	0	0	0	0	3	8	0	0	13	29	-1	-1	-1	50	8	0	-1	24	0	0	0
c7167	20	11	0	-1	-1	0	0	34	0	19	0	0	23	3	11	0	0	-1	-1	0	34	0	50	8	0	-1	-1	0	14	0
c7184	-1	11	-1	28	18	0	23	0	0	0	42	-1	0	0	0	-1	14	0	-1	-1	0	16	-1	0	0	-1	0	0	0	0
c7226	-1	11	0	28	-1	0	-1	0	8	0	42	3	0	-1	-1	-1	-1	0	0	6	0	16	8	-1	0	-1	-1	0	0	-1
c7227	0	11	0	28	0	0	0	0	-1	0	-1	3	0	0	0	-1	14	0	-1	-1	0	16	0	-1	0	-1	0	-1	0	0
c7234	0	0	-1	28	0	0	13	0	0	0	-1	3	0	0	0	0	-1	0	0	6	-1	0	16	0	-1	-1	-1	11	-1	-1
c7249	0	0	-1	0	16	15	0	-1	0	0	0	0	-1	3	20	0	19	-1	0	-1	-1	0	50	-1	0	-1	24	-1	0	0
c7289	-1	0	32	28	0	0	13	-1	19	0	0	3	0	9	28	-1	0	0	0	6	-1	0	0	0	0	-1	0	0	-1	0
c7299	40	0	0	-1	-1	0	44	28	43	0	-1	0	0	-1	0	0	0	13	0	-1	0	-1	50	2	0	-1	0	0	-1	22
c7311	-1	0	19	-1	0	19	-1	-1	-1	47	-1	3	0	9	28	-1	0	0	0	6	0	0	0	20	0	-1	-1	0	17	0
c7388	40	0	-1	-1	0	0	-1	28	-1	0	0	0	0	0	0	0	-1	13	-1	-1	19	0	50	2	0	-1	0	-1	0	22
c7405	0	0	0	-1	-1	-1	13	0	-1	0	28	-1	0	-1	0	0	0	0	0	6	23	0	0	-1	-1	-1	-1	0	0	11
c7423	40	0	0	-1	0	0	0	-1	0	0	0	0	3	0	0	0	-1	13	0	-1	0	-1	50	2	8	-1	11	8	30	22
c7441	8	0	0	11	-1	-1	-1	37	0	0	0	0	47	3	-1	0	0	13	47	0	34	0	50	-1	0	-1	-1	-1	0	2
c7476	-1	0	0	-1	0	0	0	0	25	43	42	3	9	8	16	0	14	0	-1	6	0	-1	-1	-1	0	-1	32	11	0	0
c7477	-1	0	0	28	0	0	0	0	-1	43	-1	3	9	-1	16	0	14	0	0	6	0	0	40	29	-1	-1	32	0	-1	0
c7488	0	47	-1	28	-1	0	-1	-1	0	0	-1	3	0	16	0	-1	0	28	0	-1	28	3	28	0	0	-1	40	0	35	-1
c7491	41	0	-1	28	0	11	13	30	0	50	0	3	0	0	0	0	0	0	0	6	0	-1	0	0	-1	-1	-1	-1	0	0
c7496	-1	11	0	28	-1	-1	11	-1	-1	0	42	-1	0	0	7	-1	14	0	36	-1	8	-1	-1	0	0	-1	0	-1	-1	5
c7503	-1	0	0	-1	0	0	13	42	0	47	-1	3	32	9	28	0	35	0	0	-1	0	0	0	20	0	-1	-1	0	0	0
c7513	0	11	0	-1	0	0	0	43	0	0	42	3	34	0	0	-1	14	6	37	6	0	0	0	0	0	-1	0	-1	32	17
c7574	40	29	0	0	0	-1	8	0	0	-1	0	0	47	3	0	0	-1	13	0	-1	-1	0	50	8	0	-1	-1	0	0	0
c7577	-1	0	0	28	0	2	0	0	28	-1	42	3	-1	-1	0	0	14	29	0	6	42	0	0	0	0	-1	-1	0	0	16
c7591	-1	11	0	28	0	0	-1	0	0	0	42	3	0	0	0	-1	14	-1	0	6	0	0	0	0	28	-1	-1	0	16	0
c7595	8	0	48	-1	-1	38	8	0	41	25	14	0	47	3	0	3	0	13	0	0	34	0	-1	8	29	-1	40	0	-1	-1
c7616	0	-1	0	0	0	-1	8	0	-1	0	0	0	47	-1	0	0	47	13	0	-1	-1	0	-1	8	-1	-1	-1	40	0	20
c7620	40	-1	-1	-1	-1	3	-1	28	43	0	-1	5	0	0	0	0	0	13	8	-1	20	16	50	-1	11	-1	0	0	0	22
c7634	0	0	0	0	10	0	-1	-1	0	36	-1	-1	-1	3	-1	-1	47	13	11	36	34	0	50	8	-1	-1	-1	0	0	0
c7653	-1	0	0	-1	0	0	0	-1	25	-1	42	3	0	-1	-1	0	14	0	37	-1	0	0	40	-1	0	-1	32	0	0	0
c7658	-1	0	-1	0	0	-1	-1	0	0	0	0	47	47	3	47	-1	0	13	-1	0	34	-1	50	8	0	-1	0	0	0	0
c7662	8	0	0	0	0	0	47	0	0	0	0	16	0	3	8	0	-1	13	29	36	34	0	50	8	11	-1	24	-1	0	0
c7678	-1	25	-1	28	-1	-1	-1	0	0	-1	-1	-1	39	0	-1	0	47	0	8	-1	0	0	-1	0	0	-1	-1	-1	-1	0
c7682	-1	11	-1	-1	11	-1	0	28	17	0	0	8	-1	0	11	0	-1	13	0	-1	-1	30	50	2	16	-1	0	0	11	22
c7690	0	0	0	-1	0	13	13	42	0	0	20	3	17	-1	-1	0	0	17	0	-1	11	0	0	23	0	-1	0	0	-1	0
c7691	-1	0	0	28	0	13	13	42	0	0	20	-1	17	0	0	0	0	-1	0	6	11	-1	0	-1	0	-1	0	0	-1	0
c7723	0	-1	0	28	0	0	13	0	0	0	0	3	0	0	0	0	0	0	0	6	0	-1	17	16	11	-1	-1	48	16	-1
c7730	-1	-1	8	-1	-1	-1	13	28	0	0	-1	-1	0	0	36	0	-1	13	0	-1	0	-1	50	2	0	-1	-1	48	0	22
c7732	0	0	6	28	11	16	-1	0	2	0	-1	3	0	-1	0	0	-1	0	0	6	-1	38	0	0	0	-1	0	0	-1	41
c7738	0	0	0	28	0	0	19	0	28	0	42	-1	0	8	13	0	14	29	-1	6	42	0	0	0	0	-1	-1	-1	0	0
c7750	0	29	6	28	0	0	-1	0	2	-1	-1	-1	0	0	0	-1	14	0	0	6	2	38	0	0	0	-1	0	3	-1	41
c7754	0	0	-1	28	-1	13	13	42	0	0	0	3	8	5	0	28	0	0	0	6	35	0	49	0	0	-1	-1	0	25	-1
c7763	-1	-1	0	0	0	-1	0	0	0	0	34	0	0	3	0	-1	0	13	0	36	34	0	-1	8	0	-1	24	0	0	-1
c7768	-1	-1	0	28	0	0	0	-1	25	43	42	-1	9	8	16	0	14	0	0	6	0	0	40	-1	0	-1	32	0	0	0
c7769	-1	0	-1	-1	-1	0	0	0	25	43	42	3	9	8	16	0	14	0	0	-1	0	0	40	29	0	-1	32	0	0	0
c7779	6	-1	0	0	0	0	-1	0	0	0	-1	0	0	3	8	0	0	13	29	36	34	-1	50	-1	-1	-1	24	0	0	0
c7802	0	32	-1	28	0	0	13	-1	0	30	0	3	0	0	0	0	0	-1	0	6	0	0	17	-1	-1	-1	-1	-1	0	0
c7817	0	0	10	28	0	11	-1	30	0	0	-1	3	-1	0	0	-1	0	0	0	6	-1	0	0	0	-1	-1	-1	-1	0	0
c7840	-1	-1	28	41	0	42	8	50	0	-1	-1	0	0	3	0	0	0	13	0	0	34	-1	50	8	37	-1	-1	29	11	-1
c7845	32	23	0	-1	-1	11	13	0	0	27	0	-1	17	-1	36	5	-1	35	-1	6	47	9	-1	0	0	-1	0	0	0	0
c7873	0	0	-1	0	2	0	0	0	0	16	0	3	0	3	43	0	0	13	0	0	34	0	50	8	-1	-1	19	0	19	-1
c7878	0	11	0	-1	0	0	0	0	-1	0	42	3	0	0	0	-1	14	47	30	6	0	16	11	-1	37	-1	-1	0	0	-1
c7879	0	11	-1	28	-1	-1	0	0	0	-1	42	3	0	0	-1	-1	14	47	30	6	-1	-1	0	0	37	-1	0	0	0	0
c7895	0	0	6	28	0	-1	20	-1	2	0	-1	-1	-1	0	0	-1	-1	-1	0	-1	2	38	0	0	0	-1	0	-1	3	-1
c7914	-1	0	8	-1	0	0	-1	28	17	0	0	0	11	-1	0	16	0	13	3	-1	0	0	50	-1	14	-1	-1	0	0	22
c7917	37	8	-1	0	0	0	17	0	0	19	-1	-1	-1	3	20	0	-1	-1	0	0	34	-1	50	8	0	-1	24	0	0	8
c7920	-1	-1	8	-1	11	-1	0	-1	17	0	-1	8	0	0	0	0	0	13	0	-1	-1	-1	50	2	16	-1	0	0	-1	22
c7923	0	-1	0	28	0	0	-1	0	28	0	42	3	0	8	0	0	14	29	-1	6	42	-1	-1	23	0	-1	-1	20	0	0
c7924	0	0	0	28	-1	0	0	-1	-1	0	42	3	0	0	0	-1	-1	0	16	6	2	0	23	0	0	-1	43	0	3	41
c7931	-1	0	0	28	-1	8	13	0	2	-1	42	3	0	0	0	0	-1	0	-1	6	2	0	23	0	0	-1	0	42	3	41
c7949	0	0	0	0	0	0	0	0	0	-1	30	29	47	3	47	0	28	13	0	36	34	0	50	8	0	-1	24	0	0	0
c7999	40	0	8	-1	19	0	0	28	-1	0	-1	-1	0	0	0	0	9	13	0	-1	0	0	50	2	8	-1	-1	40	40	-1
c8004	-1	47	0	28	0	-1	13	42	0	0	3	3	-1	16	0	32	-1	28	0	6	0	0	0	0	0	-1	-1	43	0	0
c8022	0	0	0	0	0	0	47	-1	0	-1	47	-1	50	3	0	34	41	13	20	13	34	8	50	8	0	-1	24	16	0	40
c8031	18	-1	7	28	0	0	-1	-1	-1	0	0	3	-1	0	0	-1	-1	0	0	6	8	0	0	0	0	-1	0	0	0	0
c8058	40	-1	0	-1	0	0	32	28	8	8	11	0	0	0	0	0	-1	13	0	-1	0	48	50	2	-1	-1	0	0	-1	22
c8070	0	0	-1	49	0	0	17	0	17	39	-1	0	0	-1	20	0	0	-1	0	-1	34	37	50	8	14	-1	24	0	0	-1
c8091	40	0	0	0	0	0	0	-1	0	0	0	0	0	3	0	0	0	13	0	36	34	-1	50	8	29	-1	24	0	0	-1
c8097	0	0	-1	-1	0	0	0	0	8	0	42	-1	0	8	43	-1	14	5	0	6	0	19	-1	0	-1	-1	-1	0	10	-1
c8110	0	0	47	-1	0	0	13	11	0	-1	0	3	0	-1	0	0	0	-1	0	6	0	0	17	-1	-1	-1	-1	-1	0	0
c8150	0	0	0	28	0	13	-1	-1	6	0	0	3	8	-1	0	0	0	0	0	6	35	0	-1	-1	0	-1	0	0	-1	-1
c8151	-1	-1	0	28	0	13	13	-1	0	0	0	3	-1	-1	0	0	0	0	0	-1	35	0	0	-1	0	-1	0	-1	25	10
c8161	-1	11	-1	-1	-1	0	0	0	0	0	0	0	36	3	-1	-1	20	13	0	36	34	-1	-1	8	0	-1	-1	0	0	0
c8169	18	25	0	-1	-1	-1	13	-1	-1	8	0	-1	39	-1	0	0	47	30	0	6	-1	-1	0	-1	0	-1	0	-1	-1	48
c8182	0	0	-1	28	0	0	0	0	8	0	42	-1	20	8	-1	-1	-1	5	0	6	40	-1	-1	0	-1	-1	0	0	10	0
c8187	-1	0	32	28	0	0	-1	42	19	-1	-1	-1	0	9	0	0	38	0	0	6	47	0	-1	42	0	-1	0	0	0	-1
c8200	0	0	0	28	-1	0	34	0	8	0	-1	-1	0	-1	-1	0	14	5	34	6	0	19	-1	0	-1	-1	0	0	10	0
c8201	0	0	0	28	0	0	34	0	-1	0	-1	-1	0	8	-1	0	14	5	34	6	0	19	-1	0	-1	-1	0	0	10	0
c8210	-1	0	0	0	0	-1	8	-1	0	0	0	0	-1	3	0	-1	0	13	0	0	34	11	50	8	0	-1	0	0	0	0
c8220	-1	0	16	28	0	8	13	0	2	0	42	3	0	0	0	-1	-1	0	0	-1	2	0	0	37	0	-1	0	0	3	-1
c8228	0	0	-1	-1	0	0	0	0	2	0	42	3	28	-1	-1	0	-1	0	20	6	2	0	0	-1	0	-1	-1	35	3	41
c8231	41	-1	0	-1	42	8	-1	0	2	-1	42	3	0	30	-1	-1	-1	0	0	6	2	0	8	0	0	-1	0	-1	3	41
c8238	-1	0	0	28	0	47	-1	0	25	43	42	3	0	8	13	0	14	-1	-1	6	0	0	40	29	0	-1	32	0	0	0
c8244	0	0	-1	0	0	0	-1	0	0	39	0	17	-1	-1	20	0	0	13	-1	0	34	37	50	8	-1	-1	24	0	0	0
c8254	-1	0	-1	0	0	0	42	-1	0	-1	0	0	-1	3	0	0	-1	-1	0	36	34	0	50	8	0	-1	24	-1	-1	47
c8256	0	0	0	0	0	0	-1	28	0	11	0	0	-1	3	0	0	41	13	20	-1	34	8	50	-1	0	-1	24	0	0	-1
c8271	0	-1	8	-1	28	0	0	8	0	16	0	3	-1	-1	-1	0	0	13	0	-1	-1	0	50	-1	-1	-1	-1	-1	-1	28
c8280	41	11	-1	28	0	0	0	0	0	-1	42	3	0	-1	0	-1	14	0	0	6	0	0	0	38	28	-1	-1	0	16	0
c8300	-1	-1	8	-1	0	-1	8	7	36	0	-1	0	47	-1	0	0	0	13	36	0	34	13	50	-1	0	-1	0	0	30	0
c8304	30	0	0	28	-1	0	0	0	2	0	42	3	20	20	0	0	14	25	0	6	2	-1	0	0	0	-1	0	0	3	41
c8305	30	0	0	-1	0	0	0	0	2	-1	42	3	-1	-1	-1	0	14	-1	0	6	2	0	0	-1	22	-1	0	0	3	41
c8317	-1	0	0	0	0	0	0	0	0	-1	47	-1	0	3	-1	25	41	-1	20	0	34	8	50	8	0	-1	24	0	0	-1
c8319	15	-1	8	0	0	11	8	7	-1	0	0	-1	47	3	0	0	0	13	-1	0	34	13	-1	8	0	-1	0	0	30	-1
c8326	18	0	7	28	0	-1	-1	0	0	0	0	-1	-1	0	0	0	0	0	-1	6	0	0	0	0	47	-1	0	0	0	0
c8364	0	47	0	28	0	0	13	-1	-1	0	3	3	-1	16	11	-1	0	28	0	6	28	0	-1	0	0	-1	-1	0	35	0
c8366	-1	-1	-1	28	0	0	0	-1	-1	-1	42	-1	20	8	0	0	14	5	0	6	0	19	-1	0	-1	-1	0	0	-1	0
c8369	40	0	0	-1	0	0	0	-1	-1	0	0	-1	-1	24	0	0	-1	-1	-1	-1	13	0	50	-1	0	-1	0	0	0	22
c8396	0	47	-1	28	11	0	20	0	2	0	-1	-1	-1	0	30	0	-1	-1	0	6	2	-1	0	0	0	-1	-1	0	-1	41
c8401	50	0	0	0	0	-1	-1	0	-1	0	0	-1	47	3	0	0	29	13	-1	0	34	0	50	-1	0	-1	17	0	0	-1
c8405	0	19	0	28	-1	0	0	-1	8	0	42	-1	38	8	0	-1	14	5	-1	6	40	-1	-1	0	-1	-1	0	0	10	0
c8424	18	0	0	0	0	25	0	0	-1	0	0	-1	0	-1	-1	-1	41	13	20	0	-1	8	-1	8	0	-1	24	0	0	-1
c8433	-1	-1	0	28	-1	0	11	0	0	0	42	3	-1	0	7	-1	14	-1	36	6	8	0	0	0	0	-1	0	-1	0	5
c8469	40	0	-1	-1	0	-1	13	28	-1	0	40	0	0	-1	-1	0	-1	13	0	-1	0	-1	50	-1	0	-1	-1	48	0	22
c8486	18	0	-1	28	0	0	13	0	0	0	23	-1	0	-1	-1	0	-1	-1	0	6	8	0	-1	2	0	-1	0	0	0	45
c8491	0	0	36	28	0	15	-1	0	-1	0	-1	3	0	-1	0	0	0	-1	0	6	-1	0	0	0	0	-1	-1	-1	0	0
c8534	-1	0	0	28	-1	0	0	0	25	43	42	3	0	-1	0	0	14	0	0	6	0	0	40	-1	0	-1	32	0	-1	0
c8544	-1	0	0	28	0	0	13	42	-1	-1	0	3	0	9	28	0	0	0	0	-1	-1	0	0	20	0	-1	-1	0	0	0
c8556	30	23	0	28	0	0	0	0	2	47	42	3	0	0	0	0	14	0	-1	6	2	0	0	0	0	-1	0	0	-1	41
c8562	0	0	0	-1	0	25	0	-1	0	0	0	0	0	3	-1	-1	-1	-1	-1	0	-1	8	50	8	0	-1	24	0	-1	0
c8565	-1	11	-1	0	0	-1	8	-1	0	15	0	0	47	3	11	0	0	-1	0	-1	34	17	-1	8	-1	-1	0	0	0	-1
c8575	0	0	0	0	0	-1	8	0	8	0	0	0	47	3	11	48	0	13	0	0	34	0	50	8	0	-1	0	0	0	-1
c8578	-1	0	0	28	0	0	0	0	0	0	42	3	0	8	-1	0	14	2	0	6	8	0	0	34	0	-1	-1	0	0	0
c8596	0	-1	-1	-1	0	0	0	0	0	0	-1	0	0	-1	20	0	0	13	0	0	34	0	-1	8	0	-1	24	-1	-1	0
c8610	0	0	-1	28	-1	0	13	0	0	0	0	-1	0	0	0	-1	0	0	29	6	0	-1	-1	0	0	-1	-1	-1	0	0
c8620	0	0	0	28	0	13	13	42	36	-1	20	3	0	0	0	0	-1	17	0	6	0	11	0	0	0	-1	0	-1	0	0
c8621	0	0	-1	28	0	-1	13	42	36	0	20	3	0	0	0	0	0	17	0	6	0	11	-1	0	0	-1	0	0	0	0
c8648	-1	11	-1	28	-1	0	0	-1	0	47	42	-1	0	0	0	-1	14	0	0	6	0	16	-1	0	0	-1	0	0	0	-1
c8655	-1	0	32	-1	0	-1	-1	0	0	0	0	-1	47	3	0	0	0	-1	0	0	-1	-1	50	8	0	-1	0	0	0	0
c8671	18	0	7	-1	0	0	13	0	0	0	0	3	0	0	-1	-1	0	-1	-1	6	8	0	20	0	-1	-1	0	0	0	0
c8673	0	0	-1	36	0	0	17	0	0	39	0	0	47	3	20	0	0	13	0	0	-1	-1	50	8	0	-1	24	0	0	-1
c8679	23	0	0	-1	0	-1	8	0	0	-1	0	0	47	3	11	0	0	13	38	0	34	0	50	8	0	-1	0	-1	0	0
c8696	0	0	0	28	0	0	0	0	8	0	42	-1	0	-1	0	0	14	5	0	6	0	19	-1	0	-1	-1	8	-1	10	0
c8713	0	-1	0	0	0	0	11	0	0	16	-1	3	20	3	43	-1	42	13	0	0	34	0	-1	8	0	-1	11	8	0	-1
c8744	-1	0	0	0	0	34	0	0	0	0	-1	19	0	3	0	0	41	13	20	0	34	8	50	8	0	-1	24	0	0	40
c8754	40	47	0	-1	0	0	13	42	0	0	3	3	0	16	-1	32	5	28	0	6	0	-1	0	16	0	-1	40	43	-1	0
c8765	0	0	-1	28	-1	0	0	0	8	0	42	-1	38	8	0	0	14	5	-1	-1	40	19	-1	0	-1	-1	-1	0	10	0
c8779	8	0	20	11	-1	38	8	0	41	0	14	0	47	3	-1	8	-1	13	0	50	34	-1	50	8	0	-1	0	-1	0	-1
c8822	0	0	0	28	0	-1	0	0	2	32	42	3	0	0	0	-1	14	-1	30	6	2	0	8	-1	0	-1	30	19	3	-1
c8824	18	0	7	28	0	0	13	-1	11	0	-1	3	0	20	0	0	20	0	0	6	8	0	-1	0	0	-1	0	0	0	45
c8826	0	0	10	28	0	11	13	0	0	38	7	3	-1	23	-1	0	-1	0	-1	6	-1	-1	-1	-1	-1	-1	-1	0	0	42
c8844	0	0	-1	0	0	-1	-1	0	0	0	-1	0	0	-1	0	0	0	13	0	0	-1	0	50	-1	0	-1	0	-1	-1	0
c8902	0	-1	0	0	0	0	-1	8	0	0	-1	0	0	3	13	0	41	13	20	22	-1	-1	-1	-1	0	-1	24	0	11	0
c8907	40	0	0	0	-1	-1	-1	-1	0	0	0	0	47	3	-1	0	0	13	0	-1	34	-1	50	8	0	-1	28	-1	8	0
c8911	0	0	0	0	0	0	0	-1	-1	0	0	0	0	3	0	0	0	13	-1	36	34	0	50	-1	0	-1	24	0	0	17
c8917	0	0	0	28	-1	13	13	42	-1	0	20	-1	0	0	0	-1	-1	-1	0	-1	0	0	-1	-1	-1	-1	0	0	0	-1
c8919	40	0	8	-1	0	46	0	28	17	0	0	0	-1	0	0	-1	23	13	7	-1	19	0	50	2	43	-1	0	0	32	-1
c8930	-1	16	-1	28	32	0	0	0	25	43	42	3	-1	8	-1	0	14	0	-1	6	-1	0	40	29	0	-1	32	0	0	47
c8941	6	0	0	0	0	0	47	0	0	0	0	0	0	-1	8	0	0	13	29	36	34	0	50	8	-1	-1	24	0	0	0
c8948	0	0	0	-1	0	0	-1	0	2	0	42	3	0	0	0	0	14	0	0	6	2	20	0	0	0	-1	19	0	-1	41
c8962	0	0	-1	0	0	0	17	0	0	-1	0	0	0	3	20	0	-1	13	0	0	-1	-1	50	8	0	-1	24	0	0	-1
c8996	19	0	0	3	0	-1	8	0	-1	0	0	23	-1	3	0	0	-1	-1	47	50	34	0	50	-1	0	-1	0	0	0	0
c8998	32	-1	8	0	0	13	-1	-1	0	0	-1	-1	-1	3	0	0	0	-1	36	0	34	13	50	8	38	-1	-1	0	30	0
c9011	18	0	-1	-1	47	0	13	0	3	0	0	3	0	-1	8	0	0	0	27	6	0	0	0	0	0	-1	0	0	0	0
c9019	-1	-1	37	28	30	-1	-1	0	2	0	42	3	0	47	50	0	14	0	-1	6	2	0	-1	0	0	-1	-1	0	-1	41
c9023	0	-1	-1	0	-1	13	8	7	0	-1	0	0	-1	3	-1	0	0	13	36	-1	-1	13	-1	8	0	-1	28	0	-1	-1
c9027	0	0	0	0	0	27	0	-1	-1	0	-1	23	-1	3	0	0	-1	13	0	0	34	-1	50	-1	-1	-1	24	0	16	0
c9032	13	-1	11	-1	0	0	0	0	0	-1	8	0	3	3	42	-1	-1	13	0	36	34	0	50	8	0	-1	24	0	0	0
c9041	0	0	-1	0	0	0	15	0	0	0	-1	0	2	3	-1	0	-1	13	29	36	34	0	50	8	42	-1	24	0	-1	0
c9051	0	-1	0	0	0	0	0	0	-1	0	47	0	47	3	32	0	0	-1	0	36	34	47	50	8	0	-1	24	47	-1	-1
c9064	0	0	0	28	0	13	13	-1	0	-1	15	3	8	5	0	0	0	0	0	6	35	0	0	-1	0	-1	-1	3	-1	10
c9078	30	0	0	28	0	0	0	0	2	-1	42	3	0	0	3	0	14	0	0	6	-1	-1	11	0	0	-1	0	0	3	41
c9079	30	0	-1	28	0	0	0	-1	2	0	42	3	0	-1	3	0	14	0	0	6	2	0	-1	-1	0	-1	0	0	3	-1
c9083	0	-1	-1	28	47	0	13	-1	0	0	3	3	0	16	0	-1	-1	28	0	6	28	-1	28	0	0	-1	40	0	35	0
c9086	40	0	8	-1	0	-1	0	28	0	0	40	0	0	0	38	0	28	13	0	-1	0	0	50	2	-1	-1	0	48	38	22
c9095	41	-1	6	28	-1	0	0	0	-1	0	-1	3	-1	-1	-1	0	14	-1	-1	6	2	-1	0	-1	0	-1	0	0	3	41
c9110	0	0	0	0	0	-1	8	0	0	0	0	0	47	3	0	0	47	13	16	35	34	0	50	8	0	-1	-1	-1	0	0
c9112	-1	8	-1	32	0	0	17	0	0	19	-1	-1	0	3	20	0	0	-1	0	0	34	0	50	8	0	-1	24	0	-1	0
c9116	-1	0	0	28	0	11	13	0	11	0	0	3	-1	0	0	0	0	0	-1	-1	0	0	0	0	-1	-1	-1	-1	0	0
c9125	-1	0	-1	-1	-1	19	13	42	47	47	-1	3	0	-1	-1	0	0	0	0	6	-1	0	0	20	0	-1	-1	0	-1	0
c9131	0	0	-1	0	0	0	17	0	-1	39	0	-1	47	3	20	-1	0	13	-1	-1	34	37	50	8	8	-1	24	0	0	0
c9135	0	-1	-1	28	0	0	13	0	0	-1	0	3	0	-1	0	0	0	-1	0	6	0	28	-1	0	11	-1	-1	0	0	0
c9136	0	0	0	0	-1	0	0	0	-1	0	13	11	-1	-1	0	0	0	13	0	0	34	-1	50	8	0	-1	24	0	0	0
c9178	0	0	-1	28	0	13	13	-1	0	30	20	3	17	0	0	-1	0	17	-1	6	11	0	0	23	0	-1	0	-1	0	-1
c9179	0	0	0	28	0	13	13	42	0	30	20	3	17	0	0	-1	0	17	0	6	11	-1	0	23	0	-1	0	-1	0	0
c9180	29	-1	0	0	0	0	0	11	0	0	0	-1	0	3	32	0	0	13	8	36	34	0	50	-1	0	-1	24	0	-1	0
c9188	0	11	0	28	0	0	0	0	-1	47	42	3	0	0	-1	-1	14	47	-1	6	0	16	-1	0	0	-1	-1	0	0	0
c9213	0	-1	-1	0	0	0	17	-1	0	39	0	0	0	-1	-1	-1	0	13	0	0	34	37	50	8	-1	-1	-1	0	0	0
c9221	-1	11	0	28	11	0	0	16	0	0	42	3	0	0	0	-1	14	23	-1	6	-1	-1	0	0	-1	-1	21	-1	0	0
c9228	0	-1	0	0	0	-1	0	0	-1	0	0	0	-1	3	-1	0	41	13	20	22	-1	8	50	8	-1	-1	24	0	3	0
c9234	0	11	40	28	0	0	-1	0	0	0	42	3	0	0	-1	-1	-1	0	0	6	0	-1	0	47	20	-1	0	0	-1	20
c9303	0	0	32	28	0	0	0	0	8	0	42	-1	0	8	-1	0	14	5	0	6	0	-1	-1	0	-1	-1	8	0	10	0
c9305	0	-1	-1	-1	-1	-1	34	-1	-1	-1	-1	3	0	-1	30	-1	14	0	0	-1	0	11	0	0	-1	-1	-1	-1	0	17
c9315	0	0	0	0	0	0	0	23	29	0	0	-1	0	-1	-1	40	41	13	0	-1	34	0	50	-1	0	-1	24	0	28	0
c9323	0	0	0	0	-1	0	19	0	41	-1	47	19	-1	-1	0	0	-1	13	20	0	-1	8	50	8	0	-1	-1	0	0	0
c9325	0	28	3	0	0	0	38	0	0	0	0	3	0	3	45	-1	30	13	-1	0	34	-1	50	8	0	-1	49	0	0	-1
c9329	30	11	0	28	0	0	0	-1	2	-1	-1	3	0	0	0	0	14	-1	0	6	2	0	5	0	0	-1	37	11	3	-1
c9334	40	0	8	-1	0	-1	-1	-1	17	-1	0	0	0	0	0	0	23	13	-1	-1	-1	0	50	-1	-1	-1	0	28	0	-1
c9343	-1	0	0	28	0	0	-1	0	-1	-1	42	-1	0	8	0	0	14	5	0	6	0	19	-1	0	-1	-1	0	-1	10	0
c9352	40	0	0	-1	37	0	0	28	44	-1	-1	0	0	0	-1	0	0	-1	-1	-1	0	0	50	-1	0	-1	0	0	-1	-1
c9361	8	0	-1	17	0	11	8	0	0	-1	0	-1	47	3	0	25	37	-1	0	0	34	0	50	-1	0	-1	0	0	0	0
c9401	0	0	-1	0	-1	0	0	0	0	-1	0	0	0	3	-1	0	41	-1	0	0	34	0	50	8	-1	-1	24	0	38	0
c9408	-1	0	8	-1	-1	0	0	28	17	0	11	-1	0	0	0	0	-1	13	7	-1	19	0	50	2	-1	-1	0	0	-1	22
c9418	-1	0	8	-1	-1	-1	0	28	17	0	0	8	-1	0	0	0	11	13	40	-1	0	30	50	2	16	-1	20	0	11	22
c9432	0	0	-1	28	-1	16	-1	0	2	-1	-1	3	0	0	-1	0	14	-1	0	6	2	38	0	-1	0	-1	0	0	3	41
c9433	0	0	6	28	11	16	-1	0	-1	0	-1	3	0	-1	0	0	14	-1	0	6	2	38	0	0	0	-1	0	0	3	41
c9434	-1	11	0	28	11	0	0	0	0	0	42	-1	0	0	-1	-1	14	0	-1	6	0	0	0	-1	0	-1	0	0	0	-1
c9436	30	-1	0	28	0	0	0	-1	2	0	42	3	0	-1	3	-1	14	0	0	6	-1	0	11	0	0	-1	0	0	3	-1
c9437	30	40	0	28	0	0	0	0	2	-1	42	3	0	0	3	0	14	0	0	6	2	0	11	0	0	-1	0	0	3	41
c9459	0	0	-1	0	0	27	0	0	0	50	-1	23	0	3	0	0	-1	13	15	0	34	0	50	-1	0	-1	24	0	0	0
c9464	-1	0	0	-1	0	0	13	-1	0	47	-1	3	0	9	28	0	35	0	0	6	-1	0	0	20	0	-1	-1	0	0	-1
c9485	-1	0	0	49	16	0	-1	0	-1	0	0	0	0	-1	0	0	-1	13	0	36	34	0	50	8	0	-1	-1	3	0	-1
c9513	0	0	-1	37	19	-1	-1	0	0	37	0	0	0	3	0	-1	0	13	0	19	34	0	50	-1	0	-1	0	47	-1	-1
c9529	0	0	0	17	-1	0	0	0	0	0	0	0	43	3	0	-1	-1	-1	0	36	34	0	50	8	-1	-1	-1	0	28	-1
c9542	8	0	0	-1	0	0	8	-1	0	0	0	0	47	3	8	-1	0	13	0	0	34	0	50	-1	0	-1	0	20	0	0
c9559	0	0	0	28	0	-1	0	-1	8	-1	42	-1	0	8	0	0	14	5	0	-1	0	19	-1	0	-1	-1	0	0	-1	0
c9564	0	0	-1	-1	0	0	16	0	0	0	-1	-1	0	3	0	0	0	13	0	-1	34	0	-1	-1	0	-1	24	-1	8	0
c9583	-1	0	-1	0	0	0	-1	0	0	0	-1	0	0	3	38	-1	0	13	0	36	-1	-1	-1	8	2	-1	24	-1	0	0
c9586	0	0	40	0	-1	0	0	0	0	0	0	0	-1	3	0	0	-1	13	0	36	34	0	50	8	0	-1	-1	0	0	0
c9590	0	11	0	28	28	0	-1	0	-1	0	-1	3	19	48	0	-1	14	0	0	-1	0	-1	0	-1	20	-1	0	-1	16	0
c9591	0	11	0	28	-1	0	42	0	-1	0	-1	3	-1	48	0	-1	14	-1	0	6	0	-1	0	0	20	-1	0	0	16	0
c9607	0	0	31	28	-1	0	13	-1	0	-1	0	-1	0	0	0	0	11	0	-1	6	0	0	17	0	0	-1	-1	-1	-1	-1
c9622	0	11	-1	-1	28	11	50	0	0	-1	42	3	36	0	0	-1	-1	32	0	6	-1	0	-1	-1	20	-1	0	0	16	0
c9623	0	11	0	28	28	11	50	0	0	-1	42	3	36	-1	0	-1	14	32	0	6	0	0	-1	0	20	-1	-1	0	-1	0
c9629	41	11	11	28	0	0	0	-1	0	0	42	-1	0	0	-1	-1	14	0	-1	6	-1	16	0	0	0	-1	0	11	0	0
c9630	0	0	36	28	42	8	0	30	-1	3	42	3	0	0	-1	0	-1	0	0	6	2	0	0	0	-1	-1	10	0	3	41
c9633	0	0	0	0	0	27	0	0	-1	0	23	-1	0	3	0	0	0	13	-1	0	-1	0	50	8	-1	-1	24	0	0	0
c9634	-1	0	0	28	0	-1	13	0	2	32	42	-1	0	0	0	0	-1	0	0	6	-1	0	0	0	0	-1	0	-1	-1	41
c9656	32	23	0	28	0	11	13	0	0	27	0	3	-1	0	0	0	0	35	47	6	-1	-1	0	0	34	-1	0	0	0	-1
c9658	-1	0	0	-1	0	0	-1	0	0	0	40	0	0	3	0	0	0	13	-1	-1	-1	0	-1	8	0	-1	24	0	8	0
c9669	-1	-1	8	-1	11	0	0	28	17	0	0	48	0	-1	17	40	0	13	8	-1	40	32	50	2	0	-1	0	0	0	22
c9670	-1	-1	7	28	3	-1	-1	0	0	0	23	3	0	0	47	44	-1	0	0	-1	8	0	0	0	0	-1	0	11	0	45
c9671	18	-1	7	28	3	0	-1	0	0	0	23	3	-1	0	47	44	-1	-1	0	6	8	0	0	-1	0	-1	-1	-1	0	45
c9684	18	0	-1	28	0	0	13	-1	47	0	0	3	0	0	0	0	0	0	-1	6	-1	0	0	0	-1	-1	0	0	0	0
c9705	0	11	0	-1	42	0	0	0	0	0	42	3	0	0	0	-1	14	0	0	6	7	0	0	-1	40	-1	0	0	0	17
c9712	0	0	-1	0	0	27	0	-1	0	-1	-1	19	-1	3	0	0	41	13	20	-1	34	8	50	8	43	-1	24	-1	0	40
c9714	0	0	-1	0	0	-1	8	-1	0	-1	0	0	47	3	11	0	0	13	0	0	34	0	-1	8	0	-1	0	-1	0	0
c9715	0	0	0	-1	0	-1	8	0	0	-1	0	0	47	3	11	-1	0	13	-1	0	34	0	50	8	-1	-1	0	0	0	0
c9721	-1	14	0	28	0	0	0	0	25	43	-1	3	17	-1	-1	0	14	0	-1	6	-1	0	40	29	0	-1	32	0	-1	-1
c9730	0	0	47	0	0	0	-1	0	0	0	50	0	0	3	-1	16	34	13	11	36	-1	0	-1	8	-1	-1	24	0	0	-1
c9734	-1	0	0	28	0	13	13	42	-1	0	20	3	0	0	0	0	0	17	-1	6	-1	38	-1	0	0	-1	-1	0	0	47
c9747	0	-1	31	-1	-1	-1	13	0	0	0	0	3	0	0	0	0	11	0	-1	6	0	0	17	-1	0	-1	-1	0	-1	20
c9754	40	49	-1	0	0	-1	-1	-1	0	0	0	0	47	3	-1	-1	0	13	0	-1	34	0	50	-1	0	-1	0	0	0	0
c9805	0	-1	0	28	0	0	-1	-1	0	47	14	3	0	0	0	0	0	0	0	6	0	0	17	-1	11	-1	-1	-1	0	0
c9807	7	0	-1	0	0	50	0	-1	0	11	0	14	0	3	0	0	41	-1	20	0	34	8	-1	8	0	-1	24	0	0	0
c9823	18	0	11	-1	0	-1	13	28	3	0	0	3	0	0	0	-1	0	0	32	6	0	0	-1	0	0	-1	0	0	0	41
c9832	0	0	0	28	34	0	0	-1	8	0	42	-1	0	8	0	39	14	5	0	6	0	19	-1	0	-1	-1	39	0	-1	0
c9840	0	11	-1	28	18	0	0	0	0	16	42	-1	0	0	-1	-1	14	0	0	6	0	-1	0	0	0	-1	-1	0	0	0
c9846	-1	0	0	0	0	27	0	-1	0	-1	0	23	-1	3	0	0	0	-1	15	0	34	0	50	8	0	-1	24	0	0	0
c9853	0	11	0	28	0	0	-1	0	0	0	42	-1	-1	19	0	-1	14	0	27	6	0	0	0	-1	0	-1	-1	-1	-1	0
c9860	40	0	0	-1	0	0	0	-1	0	0	30	29	0	3	-1	0	0	-1	6	0	-1	0	50	8	41	-1	24	0	0	-1
c9870	-1	0	32	28	0	0	13	42	-1	0	0	3	0	9	20	0	0	0	38	-1	47	0	0	-1	0	-1	0	0	0	0
c9871	-1	0	32	28	0	-1	13	-1	19	-1	-1	3	0	9	20	0	0	0	38	-1	47	0	-1	0	0	-1	0	0	-1	-1
c9872	-1	-1	0	-1	0	16	0	0	25	43	42	3	-1	-1	0	0	14	0	0	6	-1	0	40	29	0	-1	32	0	0	0
c9882	0	-1	0	28	0	28	-1	-1	0	0	-1	-1	0	0	0	0	0	0	0	6	0	0	16	32	0	-1	-1	0	0	-1
c9888	0	-1	0	28	-1	0	13	42	0	-1	3	3	0	16	-1	36	5	28	0	6	0	0	-1	0	0	-1	-1	43	0	-1
c9891	18	0	7	28	0	0	13	-1	0	0	-1	3	0	-1	-1	0	0	-1	0	6	0	0	0	20	37	-1	0	29	47	0
c9893	0	0	0	-1	0	-1	8	-1	-1	0	0	-1	47	-1	5	-1	0	13	0	30	34	0	50	8	0	-1	0	0	0	0
c9901	-1	11	0	28	-1	0	20	0	0	0	42	3	0	0	7	-1	14	-1	0	6	8	16	0	0	0	-1	0	0	0	5
c9916	0	0	2	0	-1	0	-1	0	13	16	-1	3	-1	3	43	-1	-1	13	8	0	34	0	50	8	-1	-1	0	-1	0	-1
c9921	40	-1	0	-1	0	0	13	28	8	0	11	0	0	30	0	0	-1	13	0	-1	0	48	-1	2	-1	-1	0	0	0	22
c9932	-1	0	0	0	0	0	0	13	0	0	-1	0	0	-1	0	-1	-1	-1	25	36	34	0	50	8	34	-1	24	-1	0	0
c9943	0	2	0	0	0	-1	0	0	0	0	0	0	0	3	0	0	41	-1	20	0	34	8	50	8	-1	-1	24	0	0	0
c9959	0	2	0	41	0	0	42	0	0	0	0	-1	0	3	0	-1	41	-1	-1	0	34	8	50	8	0	-1	24	0	-1	0
c9961	0	8	0	28	0	0	19	0	28	0	42	3	0	8	0	0	14	29	0	6	42	0	0	0	0	-1	-1	0	0	0
c9963	0	0	0	0	0	-1	11	0	38	16	-1	-1	0	-1	43	0	0	-1	0	0	34	-1	50	8	13	-1	0	8	-1	-1
c9991	0	0	0	-1	0	-1	8	-1	0	-1	0	-1	47	3	-1	0	-1	13	0	0	34	0	50	8	0	-1	0	0	0	0
c9992	0	0	-1	-1	30	0	-1	47	-1	0	42	3	0	0	0	0	14	-1	0	6	2	0	-1	0	0	-1	0	0	-1	41
c9994	0	0	0	-1	45	0	0	0	8	0	42	-1	0	8	0	0	14	5	50	6	0	19	-1	0	-1	-1	0	-1	10	0
c9995	0	0	0	28	45	0	0	0	8	0	-1	-1	0	8	-1	0	-1	5	50	6	-1	19	-1	0	-1	-1	0	0	10	-1
c10005	8	0	-1	-1	-1	43	47	0	0	0	-1	-1	0	3	8	0	-1	13	29	-1	34	0	50	8	-1	-1	24	11	0	0
c10020	0	0	0	28	0	0	-1	0	-1	-1	42	-1	0	-1	0	0	-1	5	-1	6	-1	19	-1	0	-1	-1	0	0	10	-1
c10022	0	0	-1	-1	0	0	0	28	8	-1	42	-1	0	8	0	0	14	5	0	6	40	19	-1	0	-1	-1	-1	0	-1	0
c10030	-1	-1	0	28	0	-1	13	0	-1	0	42	-1	0	0	0	0	-1	0	0	6	-1	0	0	0	0	-1	0	0	3	41
c10033	-1	43	-1	0	0	-1	0	-1	28	17	0	0	0	3	0	0	0	-1	0	36	34	0	50	8	-1	-1	24	0	0	0
c10044	0	0	0	28	0	-1	-1	17	42	-1	0	3	0	0	44	0	0	0	0	6	-1	0	0	0	-1	-1	-1	0	0	0
c10045	0	0	0	28	0	11	13	17	42	0	0	-1	0	-1	44	-1	0	0	0	6	0	0	0	0	-1	-1	-1	0	0	0
c10051	0	-1	-1	28	0	0	0	-1	0	0	42	3	0	0	0	-1	14	0	30	6	-1	16	0	0	0	-1	0	11	0	0
c10066	-1	0	0	-1	0	0	-1	0	-1	0	42	-1	0	8	0	-1	-1	0	0	6	0	0	0	-1	0	-1	-1	0	-1	-1
c10068	19	11	-1	-1	-1	0	0	16	0	19	42	3	23	0	0	-1	14	0	-1	6	0	0	-1	-1	20	-1	0	0	16	0
c10082	6	-1	0	0	0	-1	47	0	0	-1	-1	0	0	3	8	0	0	13	29	36	-1	0	50	8	0	-1	24	-1	-1	-1
c10083	6	0	0	0	0	0	-1	0	0	0	0	0	0	3	8	0	0	-1	29	36	-1	0	50	8	0	-1	24	0	0	-1
c10085	18	-1	-1	28	0	-1	13	-1	3	0	0	3	0	0	28	-1	0	0	0	6	0	0	0	0	0	-1	0	0	0	0
c10097	0	11	40	28	0	0	-1	0	0	0	42	-1	-1	0	0	-1	14	0	-1	-1	19	0	30	0	20	-1	0	0	16	-1
c10099	18	0	11	-1	0	0	13	0	3	8	-1	3	0	0	0	0	0	-1	0	6	0	0	-1	0	0	-1	0	0	-1	-1
c10100	40	0	20	-1	0	-1	0	28	0	0	0	0	0	-1	0	-1	0	13	0	-1	0	0	50	-1	0	-1	0	0	0	-1
c10102	0	0	-1	0	0	27	0	0	0	0	0	23	-1	-1	0	0	0	-1	0	0	-1	0	50	8	0	-1	-1	-1	16	0
c10108	20	-1	0	0	0	-1	8	0	-1	0	0	-1	47	3	0	0	-1	13	0	41	34	-1	-1	8	0	-1	-1	0	0	0
c10115	18	0	7	28	0	0	13	0	0	0	0	3	-1	0	0	0	-1	0	0	-1	8	0	20	-1	-1	-1	0	-1	0	-1
c10116	32	0	0	28	0	11	13	0	0	27	0	-1	0	0	0	0	-1	35	-1	-1	0	0	0	0	0	-1	16	0	0	30
c10129	-1	0	-1	28	0	0	-1	0	-1	0	42	3	-1	0	-1	0	14	0	-1	6	-1	20	0	0	0	-1	0	0	-1	41
c10141	40	8	0	-1	8	0	-1	28	0	0	28	-1	0	19	0	0	0	13	-1	-1	0	0	50	2	0	-1	47	0	-1	22
c10145	0	-1	-1	28	30	0	32	0	2	0	42	3	0	0	50	0	14	0	41	-1	2	0	0	0	0	-1	-1	0	-1	41
c10164	36	0	0	49	16	-1	0	0	0	-1	-1	0	0	3	-1	0	-1	13	0	-1	34	0	50	8	0	-1	24	3	0	0
c10182	18	0	-1	28	47	0	13	-1	3	-1	0	3	-1	-1	8	0	0	0	27	6	0	0	0	0	0	-1	0	0	0	8
c10185	18	0	7	-1	0	-1	13	16	0	0	0	-1	0	0	0	0	38	0	0	-1	8	0	0	0	0	-1	8	0	-1	0
c10187	0	0	0	28	0	0	0	0	2	0	42	-1	0	0	0	0	14	0	47	6	2	0	-1	0	-1	-1	46	0	3	41
c10196	-1	0	-1	0	-1	47	0	0	0	0	0	-1	-1	3	38	0	-1	13	0	-1	34	-1	-1	8	0	-1	24	-1	0	0
c10197	-1	0	-1	0	0	47	0	0	0	-1	0	0	36	3	38	0	0	13	0	-1	34	-1	-1	-1	0	-1	24	0	0	0
c10206	40	0	0	-1	0	0	0	28	8	0	11	0	-1	-1	-1	0	-1	13	0	-1	19	48	50	2	0	-1	0	-1	0	22
c10209	0	0	0	0	0	-1	0	-1	-1	0	0	-1	-1	3	2	0	0	13	0	0	34	-1	50	8	-1	-1	24	0	16	15
c10213	29	0	0	0	0	0	0	0	0	-1	0	43	0	3	-1	0	0	13	-1	36	34	34	50	8	-1	-1	24	-1	0	-1
c10216	0	0	40	-1	0	0	0	0	28	0	42	3	0	8	0	0	14	29	0	6	-1	0	0	0	0	-1	-1	0	0	-1
c10217	0	-1	40	28	0	0	-1	0	28	-1	42	3	0	8	0	0	14	29	0	6	-1	0	0	0	0	-1	-1	-1	-1	-1
c10222	0	0	-1	0	-1	0	0	15	8	0	-1	0	43	3	-1	0	0	13	36	36	34	0	50	8	0	-1	24	0	-1	0
c10229	-1	0	-1	28	0	0	-1	-1	19	0	46	3	0	9	0	0	41	-1	0	6	-1	0	-1	0	0	-1	0	32	-1	0
c10243	0	0	-1	0	0	-1	0	-1	0	0	30	29	47	3	0	0	0	13	0	36	-1	0	-1	8	0	-1	24	0	-1	0
c10245	-1	0	0	0	0	20	8	0	-1	-1	2	0	47	3	0	0	-1	13	0	0	34	47	50	-1	0	-1	0	19	0	36
c10251	0	0	0	28	0	0	36	-1	0	8	-1	0	0	3	-1	37	41	13	23	0	34	0	-1	8	0	-1	24	0	0	0
c10258	-1	-1	0	0	-1	0	0	36	-1	-1	0	0	43	3	0	0	0	13	34	36	34	-1	50	8	8	-1	24	0	0	-1
c10260	0	-1	0	0	-1	0	19	-1	0	20	47	19	-1	3	0	0	-1	13	20	-1	34	8	50	8	0	-1	24	0	0	0
c10268	40	0	8	-1	0	0	0	28	17	0	-1	-1	0	0	0	0	23	13	7	-1	-1	0	50	2	-1	-1	0	-1	0	22
c10273	18	0	7	28	0	0	13	0	14	0	0	-1	38	0	0	0	-1	0	0	-1	8	0	-1	14	0	-1	0	0	45	0
c10278	18	0	7	28	0	0	13	0	0	0	-1	3	-1	0	0	-1	0	0	0	-1	8	0	38	0	28	-1	0	0	0	45
c10279	18	0	7	-1	0	0	13	0	-1	-1	23	3	0	0	0	-1	-1	0	0	6	8	0	38	0	28	-1	0	0	-1	-1
c10281	0	-1	0	-1	0	0	-1	0	0	15	-1	0	0	3	0	14	41	13	20	22	34	8	50	8	0	-1	24	0	-1	0
c10283	-1	11	0	28	0	0	42	-1	0	0	42	3	47	2	8	-1	14	0	0	6	-1	0	-1	-1	0	-1	-1	0	16	0
c10295	-1	0	0	-1	0	0	13	42	0	47	-1	3	0	9	-1	0	35	0	0	6	-1	0	0	20	23	-1	-1	-1	0	0
c10301	0	0	0	0	0	0	-1	0	0	-1	0	0	0	-1	0	-1	41	13	20	0	34	8	50	8	8	-1	-1	-1	0	0
c10304	0	0	0	0	0	0	11	0	0	16	-1	3	0	3	43	0	0	-1	0	0	34	0	50	-1	0	-1	0	8	0	0
c10308	-1	0	0	28	0	0	-1	0	25	43	42	3	0	-1	13	0	14	0	0	-1	0	0	40	-1	-1	-1	32	0	0	-1
c10322	18	0	11	28	-1	0	13	0	3	28	0	3	0	0	8	0	0	0	-1	6	0	0	0	0	-1	-1	0	-1	0	-1
c10328	0	19	0	28	0	0	0	0	8	0	42	-1	-1	8	0	-1	14	5	-1	-1	40	19	-1	0	-1	-1	0	0	10	0
c10357	0	11	-1	28	18	0	0	0	0	0	42	3	0	0	0	-1	14	0	0	6	-1	16	0	0	0	-1	-1	0	0	0
c10408	0	0	0	28	0	0	-1	0	-1	-1	42	-1	0	8	0	-1	14	5	0	6	0	-1	-1	0	-1	-1	-1	0	10	0
c10414	-1	0	32	28	16	-1	-1	42	19	0	0	3	0	9	-1	0	0	0	-1	6	47	0	0	-1	0	-1	-1	0	0	0
c10416	0	0	-1	11	0	47	0	13	0	0	-1	0	0	3	0	0	0	13	0	36	34	0	50	8	-1	-1	24	0	0	0
c10421	0	47	0	28	47	0	13	-1	0	-1	-1	3	0	16	0	-1	0	-1	0	6	28	3	28	0	0	-1	40	0	35	0
c10453	-1	11	0	28	11	0	0	-1	0	0	42	3	0	0	-1	-1	14	0	-1	6	0	0	0	0	0	-1	21	-1	0	0
c10455	-1	0	0	-1	0	0	13	42	0	47	-1	3	0	9	28	0	0	0	-1	6	-1	0	-1	20	0	-1	-1	-1	0	-1
c10472	41	11	0	28	-1	0	0	0	0	0	42	3	0	0	0	-1	14	0	-1	6	0	0	-1	38	28	-1	-1	0	-1	0
c10479	20	0	0	-1	-1	-1	8	0	0	0	0	0	47	3	0	0	-1	13	-1	-1	34	-1	50	8	0	-1	0	-1	0	0
c10491	18	0	7	28	0	0	13	0	50	0	0	3	0	-1	0	-1	0	0	0	6	0	-1	-1	0	0	-1	17	29	47	0
c10493	20	0	0	0	42	-1	-1	0	23	0	0	0	-1	3	0	-1	38	13	-1	0	34	-1	50	8	0	-1	0	-1	-1	0
c10509	30	0	0	28	0	0	0	0	-1	0	-1	3	0	0	-1	0	-1	0	0	-1	-1	0	11	0	3	-1	0	0	3	41
c10510	0	-1	-1	0	0	0	-1	0	0	-1	0	0	0	3	20	0	0	13	0	0	-1	37	50	8	-1	-1	24	0	0	-1
c10513	-1	-1	0	0	41	-1	-1	0	-1	0	0	-1	47	3	0	0	29	-1	0	0	-1	0	50	8	-1	-1	17	0	0	0
c10516	18	-1	7	28	0	17	13	0	20	11	0	3	19	-1	-1	0	36	41	-1	6	0	0	0	0	0	-1	0	0	0	-1
c10520	0	0	-1	0	0	-1	0	0	0	23	0	0	0	3	-1	0	0	13	0	-1	34	0	-1	8	0	-1	24	0	-1	0
c10531	0	11	32	-1	0	-1	0	0	0	-1	42	3	0	0	0	-1	14	0	-1	6	0	0	0	0	-1	-1	-1	0	16	0
c10571	0	0	-1	0	0	0	17	0	17	-1	-1	-1	0	3	20	0	0	13	0	0	34	37	50	8	0	-1	24	0	0	0
c10581	-1	28	0	0	-1	20	-1	0	0	0	0	3	0	3	0	50	-1	13	0	0	34	-1	50	8	0	-1	49	0	-1	36
c10591	8	0	20	11	-1	-1	8	0	41	0	-1	0	47	3	-1	-1	0	-1	0	0	34	11	-1	8	0	-1	-1	0	0	0
c10599	-1	0	10	-1	0	11	-1	-1	47	0	0	3	0	0	0	0	0	-1	0	-1	-1	-1	17	0	-1	-1	-1	-1	0	0
c10613	-1	0	48	0	-1	38	8	0	41	25	-1	0	47	-1	-1	3	0	13	-1	0	34	0	50	8	29	-1	0	0	-1	0
c10626	0	-1	-1	28	0	0	0	42	0	47	-1	-1	0	-1	0	-1	-1	0	0	6	0	16	0	-1	0	-1	34	0	0	0
c10627	0	-1	0	-1	0	0	-1	42	0	47	-1	3	0	42	0	-1	14	0	-1	6	0	16	0	0	0	-1	34	0	0	0
c10633	-1	0	0	28	-1	0	0	0	25	-1	42	3	9	8	16	0	14	0	0	6	0	0	40	-1	0	-1	32	-1	0	0
c10635	-1	0	0	0	0	-1	8	0	0	0	0	0	47	3	11	0	0	13	-1	-1	34	0	50	8	0	-1	0	0	-1	0
c10644	-1	16	20	28	-1	0	0	-1	25	43	42	3	0	8	0	-1	-1	-1	-1	6	-1	30	-1	-1	-1	-1	32	-1	0	47
c10648	0	-1	19	28	0	0	-1	-1	0	-1	0	-1	-1	0	-1	0	0	0	-1	6	0	0	-1	0	11	-1	-1	0	-1	0
c10666	0	11	-1	-1	-1	-1	0	0	0	0	42	-1	0	0	0	-1	-1	0	-1	6	0	0	0	0	0	-1	-1	0	16	0
c10667	0	11	0	-1	-1	-1	0	0	0	0	42	3	0	0	-1	-1	14	0	-1	6	-1	0	0	0	0	-1	-1	0	16	0
c10670	18	0	7	28	0	0	13	-1	0	-1	-1	3	0	13	0	-1	0	0	0	6	8	0	-1	0	28	-1	0	0	0	-1
c10713	18	0	7	-1	-1	0	13	0	11	0	23	3	0	20	0	-1	20	0	0	6	8	0	0	0	0	-1	0	0	0	45
c10720	41	11	0	-1	0	0	0	0	0	0	42	3	0	0	-1	-1	-1	0	0	-1	0	0	0	-1	28	-1	-1	0	16	47
c10727	-1	0	10	28	0	11	13	0	0	38	11	3	0	23	0	0	0	0	-1	6	-1	0	0	0	-1	-1	-1	0	0	42
c10735	0	-1	-1	28	0	-1	-1	0	2	8	-1	3	0	-1	-1	-1	14	-1	0	6	2	38	-1	0	0	-1	0	0	3	41
c10744	15	-1	-1	-1	0	11	-1	7	0	0	0	0	47	3	0	0	0	13	-1	0	34	13	-1	8	0	-1	0	0	-1	0
c10770	-1	0	-1	0	0	0	0	-1	0	0	0	0	0	3	0	0	0	13	0	36	34	-1	-1	8	0	-1	-1	0	0	-1
c10773	0	-1	0	47	0	-1	-1	0	28	48	-1	0	-1	-1	47	0	0	13	0	0	-1	0	50	8	0	-1	-1	0	0	-1
c10784	0	0	-1	0	0	27	-1	0	0	0	0	23	-1	3	0	0	-1	13	0	0	34	0	50	8	0	-1	24	0	16	0
c10800	0	11	40	28	0	-1	-1	0	20	-1	-1	3	-1	0	0	-1	14	0	0	6	0	0	0	47	20	-1	0	0	16	-1
c10801	0	-1	-1	-1	0	0	-1	0	20	-1	42	3	0	0	0	-1	-1	0	0	-1	-1	0	0	47	20	-1	0	-1	-1	-1
c10839	8	0	0	-1	0	0	8	-1	0	0	0	0	-1	3	8	0	0	13	0	-1	34	0	50	-1	0	-1	0	20	0	0
c10857	-1	11	0	28	28	15	42	-1	-1	0	42	-1	19	0	47	-1	14	0	0	6	-1	0	-1	0	-1	-1	23	-1	-1	0
c10860	0	0	41	28	-1	0	0	-1	8	0	42	-1	0	8	-1	0	14	5	0	-1	40	-1	-1	0	-1	-1	0	28	-1	-1
c10862	0	8	-1	44	0	0	17	0	0	19	-1	-1	-1	3	20	8	0	13	-1	-1	34	0	-1	-1	0	-1	-1	0	0	0
c10869	0	0	5	28	17	0	0	0	8	0	42	-1	0	-1	0	-1	14	5	0	6	0	19	-1	0	-1	-1	0	32	10	0
c10871	-1	29	0	0	0	-1	8	0	0	0	-1	0	47	3	-1	0	0	-1	0	-1	34	0	50	8	-1	-1	0	41	0	0
c10886	0	-1	0	0	-1	0	-1	0	0	15	0	-1	0	3	-1	0	41	13	20	22	-1	8	50	8	0	-1	24	0	0	0
c10917	0	-1	0	28	0	41	0	0	0	0	42	3	0	0	-1	-1	14	0	0	6	0	0	0	0	28	-1	-1	-1	-1	0
c10942	-1	0	32	28	0	0	0	0	8	0	42	-1	0	8	43	0	14	5	0	6	0	-1	-1	0	-1	-1	8	-1	-1	0
c10949	8	47	0	-1	34	0	8	0	0	0	0	0	47	3	0	0	0	13	0	0	34	0	50	-1	0	-1	0	0	0	0
c10966	0	-1	10	28	0	11	13	-1	0	38	7	3	0	23	-1	0	-1	-1	-1	-1	2	0	0	0	-1	-1	-1	-1	0	42
c10980	0	0	0	28	0	0	13	0	2	-1	42	3	0	0	0	0	14	0	0	6	2	40	0	0	0	-1	-1	19	3	41
c10997	47	47	-1	0	0	0	17	0	0	39	0	17	47	3	-1	0	0	13	0	0	34	-1	50	-1	0	-1	24	0	-1	0
c10998	0	-1	-1	28	0	13	13	42	0	0	20	3	17	0	0	0	0	17	0	6	11	0	-1	23	0	-1	0	0	-1	0
c11002	8	0	0	0	0	20	8	0	0	0	2	0	47	3	0	0	0	-1	0	0	34	49	50	-1	0	-1	-1	19	20	36
c11004	19	0	-1	0	41	-1	8	0	0	0	-1	23	47	-1	0	0	0	13	47	50	34	-1	50	8	-1	-1	0	0	0	-1
c11015	0	0	0	28	0	13	13	42	0	-1	20	3	0	38	0	0	0	-1	0	6	0	0	0	0	20	-1	-1	0	0	0
c11023	0	0	-1	28	0	13	13	42	0	0	-1	3	8	5	0	0	0	0	0	6	35	0	0	0	0	-1	0	0	25	10
c11033	0	0	0	28	32	0	0	0	0	0	-1	3	11	-1	0	0	14	-1	-1	6	0	0	0	0	-1	-1	0	0	-1	0
c11049	50	0	0	0	0	0	0	0	0	0	32	30	0	3	0	0	41	13	0	0	34	0	50	8	0	-1	24	0	0	0
c11068	0	-1	37	28	-1	0	0	0	2	0	42	3	0	-1	50	0	14	-1	-1	6	-1	0	0	0	0	-1	39	0	-1	-1
c11075	-1	0	-1	0	0	0	17	0	17	39	8	0	0	3	20	0	0	-1	0	0	34	37	-1	8	14	-1	24	-1	0	-1
c11085	19	0	0	0	0	0	41	-1	0	16	0	3	-1	-1	43	-1	0	13	0	0	34	0	-1	8	-1	-1	0	22	0	0
c11091	8	0	0	0	0	20	-1	0	0	0	2	0	47	-1	0	0	0	-1	-1	0	-1	0	-1	-1	0	-1	0	19	0	36
c11111	32	23	0	28	0	11	13	0	-1	27	0	3	17	-1	0	0	0	35	-1	6	-1	0	0	0	34	-1	0	0	0	0
c11115	-1	0	0	0	-1	0	0	0	-1	-1	0	30	-1	3	0	0	-1	13	0	-1	34	-1	50	-1	0	-1	24	11	16	-1
c11122	0	0	0	28	0	0	0	0	8	0	-1	-1	20	-1	3	0	14	5	0	6	0	19	-1	0	-1	-1	0	-1	-1	0
c11123	0	0	0	28	-1	0	0	0	8	0	42	-1	20	-1	3	0	14	5	0	6	0	19	-1	0	-1	-1	-1	0	10	0
c11125	40	0	8	-1	0	0	19	28	17	0	0	-1	0	0	0	-1	-1	13	-1	-1	-1	32	-1	2	0	-1	16	-1	0	22
c11155	-1	47	0	28	-1	0	13	42	0	0	3	3	0	16	0	0	5	28	0	6	0	0	0	0	0	-1	-1	43	0	0
c11159	0	0	-1	28	0	0	13	0	0	0	25	3	0	-1	28	0	0	-1	-1	6	8	0	16	41	-1	-1	-1	0	0	0
c11160	-1	0	11	28	0	-1	13	28	3	0	0	3	0	0	0	0	0	0	0	6	-1	0	0	0	41	-1	-1	0	0	0
c11166	8	5	-1	11	-1	38	8	0	41	0	-1	8	47	3	-1	0	0	-1	0	0	34	-1	50	8	-1	-1	0	0	0	0
c11175	-1	0	32	28	0	0	-1	42	19	0	0	3	0	9	0	0	0	0	48	-1	-1	0	-1	16	0	-1	0	0	0	0
c11181	0	0	-1	0	0	0	-1	0	0	-1	30	29	47	-1	0	0	0	13	30	0	34	0	-1	8	41	-1	24	0	0	-1
c11183	-1	0	0	0	0	-1	8	2	0	0	13	0	47	3	0	0	0	13	0	0	34	0	50	8	-1	-1	0	0	0	-1
c11184	-1	0	0	28	-1	0	13	19	0	0	-1	3	0	0	-1	0	-1	0	-1	6	0	0	17	-1	0	-1	-1	0	-1	20
c11198	50	27	0	0	0	0	16	0	0	-1	30	29	-1	-1	0	0	-1	13	19	0	34	0	50	8	0	-1	24	28	-1	-1
c11199	-1	27	0	0	0	0	16	-1	0	0	30	-1	-1	3	0	0	0	13	19	0	34	-1	-1	8	0	-1	24	28	-1	0
c11216	18	0	11	28	0	0	13	-1	3	0	0	3	0	0	0	0	0	0	0	6	0	0	0	0	-1	-1	0	0	0	0
c11243	26	0	-1	0	0	8	17	0	0	39	0	0	-1	3	20	-1	0	13	0	0	34	37	-1	-1	0	-1	24	0	-1	0
c11254	-1	0	0	28	0	-1	-1	-1	0	0	42	-1	0	8	-1	0	14	-1	-1	6	8	0	23	34	-1	-1	8	0	0	0
c11263	-1	0	0	0	50	0	-1	0	0	0	0	0	0	-1	0	-1	0	13	0	-1	34	0	50	8	32	-1	24	0	0	-1
c11269	32	0	0	28	0	11	13	0	0	27	-1	-1	0	41	0	-1	0	35	-1	6	0	-1	0	0	0	-1	0	0	-1	0
c11274	-1	0	-1	0	0	0	0	0	0	-1	-1	19	0	3	0	0	41	13	20	0	34	8	50	8	0	-1	24	0	0	-1
c11281	0	11	-1	-1	-1	0	0	0	0	0	42	3	0	0	0	-1	14	0	0	-1	0	16	0	-1	0	-1	0	0	0	-1
c11283	0	0	0	-1	0	-1	8	-1	0	-1	0	0	-1	3	-1	0	0	13	0	0	34	11	50	8	0	-1	0	0	0	0
c11288	0	0	0	0	0	-1	47	19	-1	0	0	0	0	3	0	0	0	13	-1	36	34	25	50	8	0	-1	24	0	0	0
c11291	-1	11	0	28	-1	0	11	-1	-1	0	42	3	0	0	7	-1	14	0	36	6	8	0	0	0	0	-1	0	0	0	-1
c11313	0	11	-1	28	0	30	0	-1	0	0	42	3	-1	-1	-1	-1	14	0	0	6	0	0	-1	47	-1	-1	0	0	16	0
c11314	6	0	0	30	0	-1	47	0	0	0	0	-1	-1	3	8	-1	0	13	29	-1	34	28	50	8	-1	-1	24	0	-1	0
c11325	0	0	0	-1	32	-1	-1	17	-1	0	-1	0	0	-1	-1	-1	41	13	0	0	-1	0	50	8	42	-1	24	13	38	0
