	0	1	2	3	4	5	6	7	8	9	10	11	12	13	14	15	16	17	18	19	20	21	22	23	24	25	26	27	28	29
c725	0	23	0	0	0	0	-1	0	0	-1	39	0	-1	-1	21	-1	-1	26	0	-1	0	3	-1	0	19	0	0	2	-1	22
c1216	0	23	0	0	0	0	48	0	0	0	0	0	0	-1	35	0	10	0	39	0	0	0	0	34	0	0	6	0	12	-1
c1280	0	23	0	0	0	0	-1	-1	0	0	0	-1	0	0	35	0	-1	-1	26	-1	-1	22	0	-1	0	-1	-1	-1	12	-1
c1598	0	23	0	10	25	0	-1	0	0	0	5	22	5	0	0	0	0	5	2	-1	26	0	0	26	-1	-1	-1	-1	12	-1
c1650	22	0	0	0	40	8	-1	0	0	46	-1	12	0	-1	40	0	-1	0	0	-1	0	0	-1	0	0	32	40	-1	0	0
c1679	0	0	0	0	0	0	-1	-1	0	-1	-1	10	-1	38	8	-1	45	-1	-1	0	49	0	0	-1	34	0	-1	0	0	0
c1725	0	0	22	-1	0	0	0	0	0	19	-1	0	0	0	0	0	4	19	0	-1	49	0	0	3	25	40	-1	-1	37	0
c1733	12	0	-1	-1	0	-1	19	0	-1	19	-1	0	-1	-1	0	0	-1	0	22	0	49	25	0	-1	34	0	-1	0	0	26
c1766	0	-1	0	3	0	-1	-1	16	0	-1	0	34	26	-1	-1	33	0	34	-1	14	49	0	0	-1	0	40	-1	0	39	0
c1983	-1	23	0	10	-1	0	0	0	0	0	0	22	31	0	0	0	0	0	0	5	0	0	0	48	23	22	21	0	12	22
c2163	0	26	0	-1	0	0	0	0	0	19	0	0	-1	-1	0	39	0	0	-1	35	49	0	0	0	0	-1	-1	40	34	-1
c2184	0	23	-1	10	0	0	-1	8	-1	7	14	22	-1	0	0	0	0	0	-1	0	0	40	41	0	-1	22	0	-1	12	22
c2267	0	26	0	0	-1	22	-1	-1	0	-1	0	0	0	-1	0	4	0	-1	0	22	49	0	24	0	0	-1	-1	0	-1	0
c2341	0	0	-1	28	-1	-1	0	0	0	-1	-1	0	0	20	39	3	0	-1	0	0	49	0	0	0	-1	5	-1	4	13	-1
c2443	0	0	0	39	-1	0	0	0	0	0	31	22	0	0	0	0	-1	27	0	40	0	-1	-1	-1	0	-1	0	6	-1	22
c2637	0	0	-1	0	0	0	0	0	-1	46	26	-1	0	-1	0	0	21	12	8	0	44	0	6	0	0	0	22	-1	49	0
c2662	0	26	-1	0	22	0	-1	0	0	19	-1	46	4	0	0	0	0	0	49	22	49	40	-1	0	0	15	-1	0	0	8
c2920	21	26	22	-1	0	0	-1	40	0	19	0	0	0	0	0	33	17	-1	0	-1	49	-1	0	-1	0	0	-1	-1	0	0
c2936	-1	-1	-1	16	-1	-1	-1	0	0	19	0	0	0	0	0	0	4	19	0	0	49	34	-1	3	5	-1	-1	0	0	0
c2937	-1	0	0	16	0	20	0	0	0	19	0	38	0	0	0	0	4	-1	-1	0	-1	0	0	3	5	-1	-1	0	0	0
c2959	4	4	-1	26	0	8	0	0	49	19	-1	0	0	-1	0	0	0	-1	0	-1	49	24	0	0	-1	0	-1	-1	2	-1
c3064	0	0	0	0	-1	0	5	-1	0	19	0	8	0	0	0	22	4	19	0	-1	-1	0	0	-1	0	40	-1	-1	0	0
c3189	0	-1	30	-1	0	0	-1	0	-1	19	17	-1	2	0	-1	0	-1	37	0	0	49	0	0	29	-1	0	-1	-1	-1	0
c3286	-1	26	0	0	26	0	-1	0	0	19	0	0	0	0	22	0	14	0	0	0	49	-1	0	0	0	-1	-1	-1	4	0
c3345	0	0	0	16	0	0	0	-1	0	19	0	-1	0	-1	0	0	4	19	0	0	49	0	-1	3	0	-1	-1	0	2	0
c3404	0	-1	0	-1	0	0	0	0	0	-1	26	12	-1	-1	5	-1	21	0	0	24	0	0	6	0	0	-1	22	-1	49	0
c3436	-1	0	0	0	0	-1	4	16	-1	-1	-1	-1	0	5	17	48	39	0	-1	0	49	10	0	3	0	-1	-1	22	-1	0
c3448	0	-1	0	0	0	0	-1	0	0	19	0	0	0	-1	-1	-1	4	19	0	0	-1	0	0	3	0	40	-1	0	0	0
c3495	0	-1	10	0	-1	-1	4	25	-1	19	0	0	0	30	-1	-1	-1	0	0	-1	49	0	-1	49	-1	0	-1	30	0	0
c3640	0	0	12	-1	0	-1	0	0	0	19	-1	0	17	-1	0	0	-1	-1	0	0	49	0	16	-1	-1	40	-1	-1	0	34
c3696	0	0	0	-1	-1	32	48	0	-1	0	31	22	22	0	-1	0	-1	27	0	40	0	-1	0	-1	-1	0	46	6	0	22
c3733	17	0	0	46	10	0	-1	8	0	46	-1	12	-1	-1	-1	0	21	0	-1	0	-1	-1	0	0	17	0	0	-1	49	39
c3766	0	0	0	0	0	-1	0	16	-1	19	0	0	-1	5	-1	-1	38	-1	-1	34	49	0	0	3	3	40	-1	0	-1	-1
c3857	0	23	18	20	0	0	-1	0	0	39	0	0	0	37	35	-1	-1	0	-1	0	10	-1	0	25	-1	-1	0	0	12	22
c3863	0	25	39	14	40	0	-1	16	0	-1	0	-1	0	5	17	0	0	0	-1	-1	49	0	-1	3	-1	40	-1	4	0	0
c3896	12	0	-1	16	0	0	-1	-1	0	19	0	0	22	0	0	0	4	19	-1	0	49	0	-1	3	0	-1	-1	-1	0	-1
c3941	0	0	0	0	33	-1	0	-1	0	-1	-1	0	-1	5	17	0	0	0	38	2	49	0	0	3	-1	40	-1	-1	0	5
c3961	0	-1	0	0	0	39	-1	18	0	19	8	0	0	7	0	0	8	-1	-1	0	49	0	0	17	-1	-1	-1	34	26	0
c4026	0	0	0	26	0	-1	0	0	-1	19	-1	0	26	0	0	0	0	1	-1	0	49	-1	0	0	-1	0	-1	0	0	26
c4151	0	-1	0	0	0	0	0	-1	-1	19	-1	-1	0	-1	-1	0	-1	19	0	0	49	-1	-1	3	-1	-1	-1	0	-1	0
c4160	0	0	0	0	0	0	40	-1	0	38	31	0	0	3	0	4	0	0	0	-1	0	0	-1	-1	-1	10	0	26	0	-1
c4169	0	23	0	10	0	5	-1	0	-1	0	0	22	-1	39	0	-1	0	0	-1	0	0	5	0	14	0	0	-1	-1	12	22
c4204	0	23	-1	10	0	0	8	17	-1	0	0	22	-1	0	0	0	0	0	2	-1	0	-1	44	14	0	0	0	-1	-1	22
c4277	0	0	0	-1	0	0	-1	0	-1	0	31	-1	0	0	0	4	0	0	0	0	0	32	10	-1	0	32	0	0	0	-1
c4324	0	23	-1	23	0	0	0	17	0	0	0	0	-1	0	0	49	25	-1	0	14	-1	3	0	0	0	-1	-1	0	0	22
c4377	0	-1	-1	25	49	0	0	0	0	-1	4	-1	3	0	0	-1	0	0	0	0	-1	26	-1	44	-1	0	-1	0	0	-1
c4431	0	0	0	0	0	17	-1	0	-1	-1	-1	22	49	0	-1	40	-1	-1	-1	0	-1	-1	0	-1	34	-1	-1	0	0	26
c4454	17	-1	0	39	0	0	40	5	0	-1	31	22	0	0	10	0	0	27	12	40	-1	-1	0	-1	-1	0	0	6	0	22
c4519	8	-1	0	0	-1	0	0	0	0	19	-1	0	20	0	34	0	4	3	0	0	49	8	13	-1	34	-1	-1	0	40	-1
c4571	0	-1	0	0	12	0	-1	0	49	0	31	0	0	0	0	0	34	-1	0	25	0	-1	0	-1	0	0	10	-1	-1	22
c4586	23	23	0	0	40	-1	23	-1	-1	0	0	0	0	13	21	0	0	10	0	0	0	3	-1	0	0	18	-1	12	-1	22
c4587	23	23	0	0	0	-1	23	0	0	0	0	0	-1	-1	21	-1	0	10	0	-1	0	3	0	0	0	18	16	12	-1	22
c4595	-1	0	5	0	40	0	-1	0	0	-1	26	-1	0	-1	40	-1	21	0	0	0	0	0	0	0	3	32	14	32	-1	0
c4598	22	23	0	10	-1	0	-1	0	0	0	0	22	0	0	0	0	0	5	0	5	0	0	-1	-1	23	0	0	0	-1	22
c4614	0	-1	13	0	0	0	0	16	0	-1	0	-1	39	5	0	0	-1	22	-1	-1	49	26	0	3	5	40	-1	0	-1	0
c4653	0	0	-1	25	0	0	0	-1	10	19	0	26	0	25	0	0	0	0	0	-1	-1	26	14	30	-1	0	-1	-1	0	2
c4775	0	23	-1	10	0	0	8	0	-1	0	0	22	-1	0	0	0	-1	0	2	0	0	5	0	14	0	0	0	-1	12	22
c4801	39	48	40	-1	0	0	26	0	-1	0	-1	0	0	48	0	4	-1	0	40	0	0	0	0	-1	0	7	0	-1	-1	-1
c4830	0	23	0	10	-1	-1	-1	0	-1	0	-1	22	-1	0	0	26	0	0	2	0	1	5	-1	14	0	-1	0	-1	12	22
c4886	0	0	12	-1	-1	0	0	21	0	19	-1	0	-1	37	0	0	4	19	40	0	49	-1	16	-1	0	40	-1	0	0	34
c4892	-1	23	-1	10	4	26	-1	0	-1	0	46	-1	-1	0	4	-1	0	0	2	36	-1	38	0	0	7	-1	-1	49	12	22
c4962	-1	0	-1	-1	0	0	-1	-1	0	19	0	0	0	37	0	0	4	-1	0	25	49	34	16	3	0	-1	-1	-1	-1	34
c4987	-1	23	0	0	0	0	0	-1	-1	0	0	0	0	34	35	0	-1	-1	26	0	0	0	-1	-1	0	0	-1	0	12	22
c5078	0	0	0	0	0	0	-1	16	0	-1	16	-1	0	5	0	0	-1	0	38	0	49	0	26	3	-1	40	-1	0	0	0
c5090	-1	0	0	0	0	17	4	0	49	19	-1	22	49	22	0	0	0	-1	0	0	-1	-1	-1	0	-1	0	-1	0	0	26
c5109	-1	0	0	-1	0	4	0	4	0	19	-1	0	0	-1	0	-1	4	19	0	0	49	0	0	-1	0	40	-1	0	0	0
c5119	0	0	0	-1	0	0	0	0	0	46	26	12	0	-1	2	0	21	-1	0	0	0	0	0	0	0	-1	-1	0	49	-1
c5146	0	-1	40	25	0	0	0	0	-1	19	-1	26	0	-1	0	34	-1	-1	0	0	-1	26	14	0	0	-1	-1	0	0	0
c5157	22	23	-1	10	0	-1	45	0	0	0	-1	22	0	0	0	-1	0	0	0	5	0	0	0	48	23	-1	0	40	12	22
c5215	-1	0	40	25	0	0	0	0	0	-1	-1	26	3	0	49	-1	0	-1	0	0	-1	-1	14	-1	0	-1	-1	0	0	-1
c5233	6	26	40	0	49	0	46	5	-1	3	31	2	0	0	0	4	-1	-1	0	0	0	0	0	-1	0	0	0	0	0	-1
c5246	-1	23	0	10	0	5	0	-1	-1	7	14	22	4	0	0	0	49	0	2	0	0	40	-1	10	-1	0	0	-1	12	22
c5253	0	0	40	0	0	-1	0	0	0	19	29	0	2	0	0	0	4	-1	0	0	49	-1	0	-1	0	40	-1	19	0	0
c5286	29	0	-1	0	40	26	0	0	0	46	26	12	4	-1	40	0	21	0	40	0	0	0	0	0	-1	-1	0	-1	-1	39
c5324	-1	26	-1	39	49	2	0	0	7	19	0	0	0	0	0	32	0	-1	7	35	49	0	0	-1	0	0	-1	0	0	-1
c5339	6	23	0	10	0	0	-1	0	0	0	46	-1	-1	0	4	6	-1	-1	2	36	-1	0	0	0	0	0	15	49	12	22
c5370	30	0	-1	0	12	0	0	0	49	0	31	0	-1	0	0	0	-1	27	0	0	0	-1	0	-1	0	0	0	-1	0	22
c5425	18	26	-1	-1	14	0	0	0	0	19	0	-1	-1	0	0	0	40	0	22	0	49	0	0	0	0	0	-1	0	0	0
c5427	0	23	0	0	18	26	-1	0	0	0	0	2	0	-1	-1	-1	10	46	39	0	5	-1	0	0	-1	0	0	0	12	22
c5449	0	0	-1	39	0	0	0	0	-1	0	31	-1	0	28	31	3	0	27	0	40	0	-1	0	-1	0	-1	0	6	-1	22
c5506	-1	26	0	0	22	0	39	0	0	19	0	0	0	0	0	-1	0	0	-1	-1	49	0	-1	0	40	-1	-1	0	0	0
c5507	0	26	-1	-1	22	0	39	0	-1	19	0	0	0	-1	0	0	0	0	0	22	49	0	-1	0	0	20	-1	0	0	0
c5541	0	23	0	0	0	-1	23	0	-1	0	0	0	0	13	21	0	0	10	0	0	-1	3	-1	0	0	18	16	12	-1	22
c5551	0	0	0	0	-1	-1	-1	0	0	19	0	7	0	-1	-1	0	4	19	0	0	49	0	-1	3	0	40	-1	-1	12	0
c5572	0	26	0	0	-1	0	39	48	-1	19	0	13	4	0	0	0	0	0	49	22	49	0	0	0	0	8	-1	2	0	0
c5575	0	0	0	28	0	0	-1	0	-1	-1	-1	0	-1	23	-1	-1	-1	0	0	0	49	-1	0	0	34	0	-1	0	-1	6
c5583	-1	-1	0	0	-1	0	0	-1	0	30	-1	0	0	0	-1	4	0	0	0	0	-1	0	-1	-1	-1	-1	0	0	0	-1
c5605	-1	-1	5	-1	40	-1	0	0	0	46	26	-1	26	-1	-1	0	21	0	0	0	13	2	0	0	0	32	14	0	0	0
c5614	0	23	17	10	37	0	0	0	0	16	46	-1	-1	-1	0	6	0	0	2	-1	0	0	0	10	0	-1	20	49	12	-1
c5646	0	0	0	0	-1	48	0	-1	0	19	0	0	0	40	0	42	0	0	-1	32	-1	0	0	15	0	0	-1	-1	0	-1
c5648	-1	26	40	0	26	0	10	0	34	-1	0	-1	24	0	0	0	14	26	-1	0	49	-1	0	0	13	48	-1	-1	10	0
c5671	-1	-1	0	-1	0	0	0	0	17	29	-1	-1	26	0	0	0	-1	23	-1	-1	0	-1	4	0	37	26	-1	0	-1	22
c5679	-1	0	0	-1	0	5	-1	0	0	19	30	26	0	0	-1	48	5	46	-1	0	-1	-1	14	0	0	0	-1	0	-1	0
c5725	0	0	0	-1	-1	0	0	0	0	46	-1	12	0	-1	0	0	21	32	14	0	26	0	0	0	-1	0	22	0	49	0
c5737	0	0	0	0	0	-1	0	16	25	19	0	5	-1	-1	14	-1	0	2	38	0	49	0	0	-1	0	-1	-1	0	0	0
c5755	0	-1	0	-1	0	0	20	-1	0	19	-1	0	0	0	0	0	0	0	0	0	49	48	0	-1	34	34	-1	0	-1	-1
c5775	0	-1	0	39	-1	-1	0	0	0	0	31	22	17	0	0	0	0	27	0	-1	0	-1	-1	-1	-1	0	19	6	-1	22
c5777	-1	10	0	17	17	4	0	-1	0	19	0	4	12	0	0	0	4	19	38	-1	49	46	0	3	0	-1	-1	0	0	0
c5787	0	0	40	0	0	12	0	0	-1	0	-1	36	-1	0	-1	-1	-1	34	0	0	0	-1	0	-1	-1	19	-1	0	0	-1
c5809	0	0	0	39	0	0	-1	0	-1	0	31	22	-1	0	31	0	0	-1	0	40	-1	-1	0	-1	-1	0	0	6	-1	22
c5819	0	0	-1	28	22	0	0	-1	0	19	-1	-1	0	20	-1	37	0	2	0	-1	49	0	0	0	34	0	-1	4	13	0
c5877	-1	0	-1	0	10	0	-1	8	0	46	26	-1	6	-1	0	-1	21	0	26	0	0	0	-1	-1	17	12	0	0	-1	39
c5885	-1	0	0	0	0	34	20	0	-1	19	-1	32	0	-1	0	0	0	0	48	8	-1	48	0	0	-1	34	-1	0	-1	0
c6002	30	0	0	0	0	0	0	16	0	-1	-1	0	-1	5	17	0	3	0	38	-1	49	0	0	3	0	40	-1	22	-1	5
c6004	0	26	5	40	22	-1	39	-1	0	19	0	-1	-1	-1	0	0	0	-1	49	22	49	40	0	-1	0	0	-1	0	0	0
c6021	0	-1	0	0	0	-1	-1	-1	0	19	0	0	0	0	3	0	4	-1	0	0	49	49	0	3	25	40	-1	-1	0	0
c6035	0	-1	0	0	0	0	0	-1	-1	-1	-1	12	0	-1	0	0	21	0	-1	0	0	48	0	0	0	-1	-1	0	49	-1
c6039	0	26	0	28	22	17	39	26	-1	19	0	0	0	0	0	0	0	0	0	-1	49	0	0	0	0	0	-1	-1	0	0
c6058	0	0	0	25	0	0	0	0	0	19	0	26	0	-1	0	-1	-1	0	6	40	-1	-1	14	-1	-1	0	-1	-1	-1	0
c6072	0	0	5	0	40	0	0	0	0	46	26	12	-1	-1	40	-1	21	0	0	0	0	-1	0	0	0	32	-1	32	0	0
c6079	29	0	0	0	0	-1	0	0	49	19	-1	22	49	30	4	0	0	0	0	0	-1	-1	0	17	34	0	-1	0	0	26
c6085	0	0	0	9	0	26	-1	0	-1	0	31	0	0	0	0	0	34	27	0	10	-1	-1	0	-1	0	0	-1	-1	-1	22
c6087	0	-1	-1	40	0	0	0	5	0	-1	-1	22	-1	0	0	0	0	49	0	17	49	0	0	2	34	43	-1	0	-1	-1
c6092	0	0	-1	-1	-1	2	2	-1	-1	-1	-1	0	22	0	-1	0	4	19	0	34	49	0	0	3	0	40	-1	-1	0	0
c6101	0	23	0	0	0	0	-1	0	0	-1	-1	0	-1	13	21	0	0	10	0	46	34	3	0	0	0	18	16	12	-1	22
c6129	0	-1	0	10	0	0	8	17	-1	0	0	22	-1	0	-1	-1	0	0	2	-1	0	5	-1	-1	0	0	0	-1	12	22
c6131	3	-1	23	0	0	-1	38	-1	-1	19	0	0	-1	0	-1	17	0	0	-1	-1	49	0	2	0	0	40	-1	0	46	-1
c6139	0	46	-1	-1	32	-1	-1	0	0	19	-1	0	0	0	0	0	-1	3	0	-1	49	8	-1	0	34	0	-1	0	0	26
c6185	0	-1	0	26	-1	-1	38	0	49	19	-1	0	0	-1	-1	-1	0	1	-1	0	49	0	-1	0	-1	0	-1	0	0	26
c6199	-1	-1	0	0	-1	0	39	0	-1	-1	0	0	-1	-1	0	0	0	0	49	-1	-1	40	0	-1	0	-1	-1	0	-1	-1
c6219	-1	0	0	0	-1	0	-1	0	0	0	-1	-1	-1	-1	0	4	4	0	0	-1	39	17	0	-1	0	22	-1	0	0	-1
c6242	-1	-1	-1	22	12	0	0	0	49	0	31	0	0	0	0	0	34	27	1	0	0	-1	0	-1	0	-1	10	-1	-1	22
c6251	0	0	0	0	-1	0	-1	0	0	19	0	0	0	0	0	0	4	-1	14	0	49	0	-1	-1	0	-1	-1	0	0	0
c6319	0	0	0	0	0	0	-1	0	0	0	-1	0	0	0	0	0	34	27	0	-1	0	-1	14	-1	0	0	0	0	0	22
c6326	-1	0	40	-1	0	-1	0	0	0	-1	0	26	0	0	0	0	0	0	0	0	-1	26	14	0	0	-1	-1	0	0	0
c6330	0	2	0	0	12	0	0	0	49	0	31	0	28	-1	0	0	34	27	0	0	0	-1	-1	-1	-1	-1	34	0	-1	22
c6353	0	23	4	0	0	17	0	0	0	-1	7	34	0	-1	0	40	-1	0	0	5	28	3	0	24	0	10	0	0	-1	22
c6355	0	-1	0	36	-1	-1	0	0	0	19	0	0	0	-1	17	0	4	19	26	0	49	3	0	3	46	-1	-1	49	0	0
c6372	6	0	0	0	0	0	0	16	0	-1	0	0	-1	5	-1	0	0	0	38	-1	49	0	46	-1	-1	40	-1	0	0	0
c6373	6	-1	0	0	0	-1	0	-1	-1	-1	0	0	2	5	-1	-1	0	0	38	-1	49	-1	46	3	-1	40	-1	0	0	0
c6374	0	-1	0	0	-1	0	0	16	-1	19	0	0	0	5	-1	48	0	-1	-1	0	49	0	0	3	0	-1	-1	0	0	0
c6397	-1	-1	0	25	0	5	-1	0	0	19	30	26	0	0	-1	48	5	0	-1	0	-1	26	14	0	0	-1	-1	-1	-1	0
c6418	14	0	0	0	40	4	34	22	-1	19	-1	0	-1	38	-1	-1	45	-1	40	-1	49	0	0	0	34	0	-1	0	30	0
c6435	0	-1	0	-1	0	0	0	30	-1	19	-1	0	10	40	-1	0	-1	26	0	0	49	0	0	0	34	-1	-1	3	6	0
c6437	35	23	0	0	0	-1	23	-1	0	26	39	0	0	13	21	6	8	-1	0	0	0	3	-1	0	19	40	0	2	0	22
c6445	0	29	0	-1	40	-1	0	0	-1	46	26	-1	0	-1	8	0	21	0	38	0	-1	0	0	-1	-1	17	0	0	0	-1
c6453	0	23	0	10	25	-1	0	0	0	0	-1	22	5	0	0	0	-1	5	2	0	26	0	0	26	0	3	0	0	-1	22
c6482	0	26	0	0	-1	-1	0	17	0	-1	-1	-1	0	0	-1	0	0	0	34	-1	24	0	-1	-1	-1	-1	2	-1	0	-1
c6510	30	0	34	0	12	0	-1	0	49	0	-1	-1	0	0	0	8	-1	27	-1	0	0	-1	-1	-1	0	0	0	-1	0	-1
c6521	-1	23	0	20	0	0	0	0	0	0	0	0	0	-1	35	-1	10	-1	0	0	0	-1	19	21	0	0	-1	0	12	-1
c6569	-1	-1	0	-1	0	0	0	0	-1	-1	0	-1	26	0	0	-1	-1	0	-1	0	5	0	4	39	37	-1	26	0	12	22
c6581	-1	-1	4	0	0	0	23	0	0	-1	13	0	-1	-1	21	0	0	-1	46	0	0	3	0	38	0	18	-1	12	-1	-1
c6586	0	23	0	10	0	0	0	0	0	0	-1	22	0	36	0	0	19	0	0	0	0	0	0	0	23	24	-1	0	12	22
c6593	0	23	22	10	0	0	0	0	0	0	0	22	-1	0	0	0	35	-1	2	0	0	0	0	14	-1	0	10	-1	-1	22
c6596	0	0	0	0	0	0	0	0	0	46	-1	12	0	-1	-1	0	21	0	0	0	0	0	6	0	25	0	22	32	49	11
c6618	0	-1	-1	-1	0	0	0	-1	-1	19	0	0	43	-1	-1	0	0	37	0	-1	49	25	0	-1	-1	0	-1	5	-1	32
c6627	0	0	0	0	-1	26	0	0	49	0	-1	0	0	0	0	-1	-1	-1	0	0	0	-1	0	-1	0	0	40	0	-1	22
c6639	0	0	0	0	0	0	-1	30	-1	19	-1	0	0	40	0	0	0	-1	0	-1	-1	0	0	-1	34	34	-1	3	-1	0
c6653	0	0	-1	0	48	-1	26	10	0	19	8	0	0	0	0	0	0	-1	0	0	-1	0	0	0	-1	0	-1	26	0	25
c6660	0	22	0	0	0	20	0	16	0	19	-1	0	14	-1	0	-1	0	-1	38	0	49	0	0	3	0	40	-1	0	21	-1
c6711	0	34	0	0	12	0	8	0	-1	0	31	22	0	0	0	-1	34	27	0	0	0	-1	0	-1	0	0	0	-1	0	-1
c6713	0	-1	0	0	0	16	-1	0	5	-1	0	-1	-1	-1	0	0	-1	-1	0	23	49	-1	0	-1	0	-1	-1	0	0	-1
c6714	0	23	0	10	34	-1	-1	0	-1	7	14	22	4	8	0	0	0	-1	2	0	-1	40	0	0	-1	0	-1	0	12	22
c6731	0	0	0	-1	-1	0	0	0	0	19	0	0	0	-1	0	0	4	19	26	0	49	3	-1	3	46	-1	-1	0	0	0
c6757	-1	0	0	0	0	0	39	-1	0	46	26	12	0	-1	14	0	21	-1	0	-1	0	0	-1	0	0	0	22	0	49	0
c6799	0	23	0	-1	0	0	0	40	0	22	0	0	-1	-1	0	0	-1	0	0	-1	0	3	18	0	-1	10	-1	0	22	22
c6809	25	0	-1	0	12	0	40	25	49	0	31	0	0	0	-1	-1	34	27	0	0	-1	-1	0	-1	0	0	0	0	0	22
c6833	0	-1	0	39	0	0	0	0	0	19	8	0	0	0	-1	-1	0	4	0	0	-1	0	0	0	-1	-1	-1	5	0	31
c6842	0	23	0	-1	0	0	0	5	0	0	48	22	-1	26	-1	0	0	0	2	0	0	0	0	14	-1	0	0	-1	12	22
c6852	0	0	-1	0	0	0	0	16	-1	19	0	0	0	-1	5	0	-1	0	38	26	-1	0	0	3	0	40	-1	3	0	-1
c6858	0	0	0	0	-1	8	0	0	49	0	-1	-1	0	0	0	4	34	27	0	0	0	-1	0	-1	0	-1	16	0	-1	22
c6861	-1	23	0	0	0	0	0	0	0	22	-1	-1	0	40	0	0	-1	0	0	0	-1	-1	2	0	0	10	-1	0	-1	22
c6889	-1	-1	30	-1	0	-1	0	-1	-1	19	0	0	0	-1	-1	-1	0	-1	0	-1	49	0	0	29	-1	0	-1	-1	-1	0
c6898	0	40	0	0	0	0	0	16	0	-1	38	0	0	5	10	0	0	0	38	0	49	0	-1	3	26	40	-1	0	-1	0
c6899	0	40	0	0	-1	0	0	16	0	-1	38	0	0	-1	10	13	0	0	38	0	49	0	-1	3	-1	40	-1	0	0	0
c6900	41	18	0	-1	0	0	2	0	48	-1	0	25	8	12	0	3	4	19	-1	17	49	0	-1	3	0	40	-1	0	-1	0
c6904	0	23	0	10	0	0	8	-1	-1	0	0	22	-1	-1	-1	0	-1	-1	2	0	-1	5	0	14	0	0	17	-1	12	22
c6935	-1	0	0	0	0	0	-1	16	0	19	0	0	26	5	-1	33	-1	-1	-1	0	49	-1	0	3	0	-1	-1	22	0	0
c6946	-1	-1	0	-1	49	-1	0	0	0	19	0	0	0	-1	0	0	0	0	0	0	49	-1	0	49	0	0	-1	0	26	13
c6949	0	0	49	0	40	0	0	-1	0	46	-1	12	0	-1	40	0	21	0	0	17	0	0	0	0	0	-1	0	4	0	-1
c6958	18	26	0	0	26	0	0	0	34	19	0	-1	-1	0	0	0	14	26	0	-1	49	-1	0	0	0	-1	-1	0	-1	-1
c6970	18	26	8	0	14	-1	2	20	0	-1	34	0	0	6	0	0	-1	0	0	0	-1	0	0	0	0	39	-1	4	-1	0
c6981	0	0	-1	-1	0	0	0	0	-1	46	26	12	0	-1	0	0	21	0	-1	0	0	0	6	-1	0	0	-1	0	49	11
c6982	0	0	-1	28	0	0	49	33	0	19	-1	17	0	-1	-1	-1	0	2	0	0	49	0	0	0	-1	0	-1	4	13	0
c6995	0	0	-1	0	-1	0	0	0	-1	19	0	-1	0	40	23	-1	0	0	37	0	49	0	0	-1	0	0	-1	0	0	0
c7046	0	0	0	0	0	0	-1	26	0	19	0	10	0	37	0	-1	4	19	-1	0	-1	-1	16	3	0	-1	-1	0	7	34
c7056	-1	5	0	0	0	0	-1	0	0	19	0	0	-1	0	0	0	4	19	10	0	49	0	0	3	0	-1	-1	0	-1	0
c7079	-1	0	0	32	0	-1	0	-1	49	19	-1	22	-1	0	12	40	0	0	21	0	-1	-1	0	0	34	0	-1	0	0	26
c7099	0	0	0	28	0	0	-1	0	0	19	-1	0	-1	23	-1	0	-1	0	0	0	-1	0	0	0	34	0	-1	0	0	6
c7104	40	23	39	10	-1	34	0	0	0	0	0	22	0	36	-1	0	-1	0	0	0	0	0	0	0	23	32	-1	0	12	-1
c7109	49	23	-1	10	0	0	0	0	0	7	-1	22	4	-1	0	0	0	-1	2	0	0	40	0	0	-1	0	0	-1	12	22
c7122	21	23	3	-1	25	5	-1	0	0	0	5	22	5	0	0	0	-1	5	-1	-1	26	-1	0	26	-1	0	0	0	-1	22
c7163	0	-1	0	0	0	0	23	0	0	0	0	0	0	13	21	0	0	10	-1	0	0	-1	0	-1	0	18	16	12	-1	22
c7213	0	0	-1	-1	0	-1	0	-1	0	19	0	26	0	0	-1	0	0	0	0	24	-1	26	14	0	-1	0	-1	-1	-1	8
c7223	22	23	-1	20	38	0	49	20	0	0	-1	0	0	-1	35	0	10	0	-1	-1	0	-1	0	0	0	0	0	-1	12	22
c7252	0	0	-1	0	0	0	0	16	-1	19	0	0	-1	5	5	0	0	0	-1	26	49	-1	-1	3	0	40	-1	3	0	-1
c7257	0	0	0	0	0	-1	-1	22	0	19	-1	0	0	0	0	0	0	4	2	8	49	-1	0	0	-1	-1	-1	0	0	0
c7294	41	0	0	-1	0	0	2	39	2	-1	-1	46	-1	0	0	0	-1	19	0	-1	49	22	0	3	0	40	-1	0	0	0
c7299	0	25	-1	0	0	0	-1	-1	0	19	0	-1	0	-1	0	0	4	-1	-1	0	49	3	4	3	46	-1	-1	-1	0	32
c7318	8	-1	0	10	0	0	0	0	-1	7	14	22	1	14	0	10	0	-1	2	-1	0	-1	22	0	0	0	0	0	12	22
c7331	0	23	-1	10	0	0	0	0	38	7	14	22	4	0	0	0	12	0	-1	0	-1	40	0	-1	-1	0	0	-1	12	22
c7336	0	0	0	0	0	17	0	0	49	19	-1	-1	49	37	0	-1	0	0	0	0	-1	14	25	0	-1	0	-1	0	0	26
c7342	0	23	39	10	17	0	0	0	0	39	0	22	0	36	26	0	19	0	0	-1	0	0	0	-1	23	32	12	0	12	22
c7364	-1	0	0	39	-1	0	0	0	0	0	31	22	22	0	0	0	0	27	0	40	0	-1	-1	-1	-1	0	46	6	-1	-1
c7388	18	26	-1	0	26	0	0	-1	0	19	-1	-1	0	0	0	8	14	6	0	0	49	-1	0	0	0	48	-1	0	0	-1
c7398	0	-1	49	0	40	0	0	0	-1	46	26	12	0	-1	40	0	21	0	0	-1	0	0	-1	0	22	32	0	4	0	0
c7406	0	23	0	0	26	-1	0	-1	0	0	0	0	0	0	35	0	10	-1	-1	-1	-1	0	11	-1	-1	0	-1	0	12	22
c7422	0	23	-1	0	0	0	0	17	0	0	0	-1	34	0	0	49	25	-1	-1	14	14	-1	0	-1	-1	0	0	0	0	22
c7431	0	0	-1	0	0	40	0	16	-1	19	0	0	-1	5	44	0	-1	9	38	0	49	7	-1	3	-1	40	-1	-1	-1	22
c7457	5	-1	-1	17	0	4	0	-1	0	19	0	4	14	0	0	-1	4	-1	0	0	-1	46	0	3	0	40	-1	0	-1	-1
c7477	0	23	49	-1	0	0	0	0	-1	22	0	0	-1	0	-1	0	-1	0	5	0	0	3	3	2	0	10	0	0	22	22
c7485	0	23	39	10	25	0	0	0	0	0	5	22	5	0	-1	0	-1	5	2	-1	-1	0	0	26	0	-1	0	-1	12	22
c7489	22	23	0	10	-1	0	22	0	-1	-1	14	22	4	-1	-1	0	0	-1	2	-1	2	40	0	0	25	30	-1	0	12	22
c7495	8	0	0	25	8	4	0	0	0	19	0	26	0	39	0	-1	-1	-1	6	-1	-1	26	14	0	-1	40	-1	0	0	0
c7519	0	26	0	0	22	0	39	0	-1	19	0	0	4	45	0	0	0	0	49	22	49	40	0	-1	-1	-1	-1	0	-1	-1
c7523	-1	0	0	0	-1	-1	0	-1	49	19	-1	22	49	-1	-1	0	0	0	0	0	-1	-1	0	-1	34	-1	-1	0	0	26
c7545	-1	0	-1	0	12	0	0	0	49	0	31	38	-1	0	22	0	-1	-1	0	0	0	-1	0	-1	0	-1	0	0	0	-1
c7587	0	0	12	8	-1	0	0	0	0	-1	0	0	17	37	-1	0	4	19	40	0	49	0	-1	3	-1	40	-1	0	41	34
c7597	0	0	5	0	-1	-1	0	-1	37	46	26	12	0	-1	40	-1	-1	0	26	8	0	-1	0	0	0	32	14	0	0	0
c7599	-1	0	40	0	0	0	-1	0	36	46	26	-1	17	-1	0	0	21	0	0	-1	-1	-1	0	2	0	-1	0	0	-1	39
c7607	0	-1	0	25	8	49	-1	0	21	-1	12	26	0	6	24	22	-1	-1	6	0	-1	26	14	0	0	0	-1	0	0	0
c7666	0	0	40	14	12	-1	14	0	0	19	-1	-1	-1	-1	0	0	4	19	0	0	49	0	40	3	-1	40	-1	23	-1	0
c7670	0	-1	0	0	-1	0	0	25	49	0	31	0	0	-1	0	0	34	27	-1	-1	0	-1	0	-1	0	-1	0	0	0	22
c7675	0	-1	0	0	48	0	0	-1	0	8	0	-1	20	0	35	0	-1	-1	-1	5	44	0	0	-1	0	0	-1	0	12	-1
c7681	-1	-1	5	40	40	-1	40	-1	0	46	26	12	-1	-1	40	0	21	0	0	-1	0	-1	0	0	-1	32	14	32	0	0
c7689	0	23	0	10	0	0	-1	0	-1	0	0	22	-1	39	0	20	0	0	2	0	0	5	0	-1	0	0	0	-1	12	22
c7693	0	-1	0	-1	0	5	-1	0	-1	19	0	-1	-1	0	0	0	0	0	-1	0	-1	26	14	0	0	0	-1	0	0	26
c7696	7	0	40	25	0	0	0	-1	-1	19	0	26	0	0	0	0	0	0	0	24	-1	26	14	0	-1	0	-1	-1	0	8
c7699	0	0	0	-1	0	-1	0	-1	0	19	-1	0	0	-1	0	0	4	19	0	-1	49	-1	0	3	-1	-1	-1	0	0	0
c7700	0	23	0	10	0	0	0	39	0	-1	14	22	4	0	-1	-1	0	0	2	0	46	-1	0	0	0	-1	0	-1	12	22
c7707	0	-1	8	-1	-1	0	0	0	48	-1	0	0	0	40	0	0	0	0	37	-1	49	5	0	0	0	-1	-1	-1	26	26
c7711	0	23	-1	-1	0	-1	0	39	0	-1	14	22	4	4	0	0	0	0	2	0	46	-1	-1	0	-1	-1	0	0	12	22
c7724	5	10	-1	17	0	-1	0	-1	-1	19	0	4	0	0	0	0	4	19	0	-1	49	46	0	3	-1	40	-1	0	0	0
c7725	5	10	-1	17	0	4	0	-1	0	-1	0	4	0	49	0	0	4	19	0	0	49	46	0	3	0	-1	-1	0	0	-1
c7760	0	23	-1	-1	0	-1	0	0	0	0	0	22	-1	-1	0	0	-1	0	2	0	0	-1	2	14	0	19	0	-1	-1	22
c7770	0	0	0	0	-1	0	0	0	0	-1	-1	0	-1	0	-1	-1	0	0	-1	0	49	-1	14	34	-1	34	-1	0	0	22
c7778	0	-1	0	0	0	-1	0	-1	0	-1	-1	0	0	0	35	0	10	0	26	-1	44	0	0	-1	0	0	-1	0	12	-1
c7782	-1	0	39	26	0	-1	37	0	49	19	-1	-1	0	0	0	0	0	1	0	-1	49	0	0	0	-1	0	-1	0	0	-1
c7785	0	0	0	16	-1	0	-1	13	-1	19	-1	-1	0	0	0	0	4	19	-1	-1	49	0	0	3	0	-1	-1	-1	26	0
c7799	0	10	34	39	-1	-1	-1	0	43	0	31	22	0	0	24	0	0	27	0	-1	0	-1	0	-1	0	0	46	6	0	-1
c7804	0	-1	0	0	0	0	-1	0	0	0	0	0	0	-1	35	-1	10	0	39	0	-1	-1	0	0	0	0	0	0	-1	22
c7809	31	-1	0	16	0	0	0	0	0	19	0	-1	0	0	-1	0	4	19	0	0	-1	0	-1	3	49	-1	-1	0	0	40
c7816	26	22	-1	0	-1	0	-1	4	0	0	31	5	32	0	-1	0	0	25	-1	0	-1	-1	-1	-1	0	-1	0	-1	0	22
c7824	26	0	0	-1	0	0	0	-1	0	-1	-1	5	32	0	-1	-1	0	0	0	28	-1	0	0	-1	0	-1	0	0	0	22
c7828	0	0	5	0	40	0	-1	0	0	46	26	12	0	-1	40	0	21	0	0	0	0	0	-1	-1	-1	-1	14	0	0	-1
c7834	-1	0	-1	16	23	0	-1	13	-1	19	0	0	0	0	-1	0	4	19	0	-1	-1	-1	0	3	0	40	-1	-1	0	0
c7845	0	-1	0	0	0	0	0	0	0	19	0	0	0	37	0	20	4	-1	0	25	49	34	16	-1	-1	-1	-1	-1	0	34
c7850	0	23	-1	10	0	22	-1	0	0	7	14	22	0	-1	0	0	0	-1	2	0	0	40	0	0	0	0	0	0	-1	22
c7887	0	0	0	22	49	-1	0	0	49	19	-1	22	-1	0	0	-1	0	19	0	-1	-1	-1	-1	0	34	0	-1	-1	-1	26
c7889	-1	0	37	20	40	25	-1	0	0	19	-1	0	12	0	0	0	0	22	0	0	49	0	-1	0	34	4	-1	-1	-1	-1
c7890	-1	39	0	-1	0	0	0	-1	0	0	-1	22	0	0	31	0	0	-1	0	40	0	-1	-1	-1	0	-1	4	6	-1	22
c7900	-1	0	40	-1	19	0	39	-1	6	19	-1	0	26	0	0	0	0	0	0	0	49	-1	5	0	-1	0	-1	0	0	26
c7907	0	0	-1	-1	10	40	-1	8	0	46	26	12	-1	-1	0	0	21	0	-1	0	-1	0	-1	0	-1	12	0	0	49	39
c7908	0	40	0	-1	0	-1	3	16	0	-1	38	0	39	5	10	0	-1	-1	38	-1	49	0	0	3	0	40	-1	4	19	0
c7909	0	40	0	0	0	10	-1	-1	0	-1	38	0	-1	5	-1	-1	0	-1	-1	0	49	0	0	3	0	40	-1	-1	19	0
c7913	0	-1	0	-1	0	0	-1	-1	0	-1	40	-1	-1	5	0	-1	0	0	38	0	-1	0	0	3	-1	40	-1	0	-1	0
c7925	0	0	-1	23	0	0	-1	16	-1	19	-1	0	0	5	0	26	48	0	38	0	49	0	0	3	0	40	-1	0	0	-1
c7929	0	0	0	16	-1	0	0	13	-1	19	0	0	0	0	0	0	4	19	0	-1	-1	0	-1	3	0	40	-1	-1	0	12
c7936	-1	-1	39	10	0	-1	0	0	0	-1	0	22	-1	36	0	0	19	0	0	0	40	-1	0	-1	23	0	12	0	12	22
c7939	0	0	-1	28	0	-1	0	0	0	-1	-1	0	-1	20	0	0	-1	2	0	0	49	-1	0	0	34	-1	-1	-1	13	0
c7943	0	0	0	0	0	0	0	0	0	19	-1	0	-1	23	-1	-1	-1	-1	0	0	-1	0	0	0	34	0	-1	0	-1	6
c7973	0	23	-1	0	0	0	23	0	0	0	0	-1	-1	13	21	0	0	-1	0	0	0	3	0	-1	0	18	16	12	-1	-1
c7976	22	-1	39	49	0	19	0	-1	-1	19	-1	-1	0	5	0	0	-1	0	38	0	-1	0	4	3	-1	40	-1	-1	0	-1
c8006	0	0	40	-1	0	0	-1	0	36	46	26	12	-1	-1	0	0	-1	0	0	-1	-1	-1	0	2	0	-1	0	-1	49	39
c8007	0	0	-1	0	-1	0	-1	-1	36	46	26	12	17	-1	0	0	21	0	0	-1	-1	-1	0	2	-1	-1	0	0	49	39
c8014	0	42	0	0	45	0	26	0	-1	0	31	-1	0	0	0	4	17	0	0	-1	18	0	6	-1	0	0	0	0	45	-1
c8018	48	0	40	25	0	-1	0	-1	0	19	0	26	0	-1	0	0	0	0	0	0	-1	26	14	5	-1	-1	-1	-1	0	0
c8034	0	-1	30	-1	26	0	0	0	-1	19	-1	-1	0	0	-1	-1	-1	37	0	0	49	25	0	29	-1	0	-1	5	0	32
c8036	0	-1	0	8	0	0	0	-1	0	19	0	0	5	0	4	0	-1	19	-1	0	49	0	26	3	0	40	-1	0	0	0
c8037	0	0	0	8	0	0	0	0	0	-1	0	0	5	0	4	0	4	19	-1	0	49	0	26	3	0	40	-1	0	0	-1
c8058	-1	0	-1	-1	0	0	0	0	-1	19	-1	0	0	-1	0	0	0	2	0	0	49	0	0	0	34	-1	-1	-1	13	-1
c8066	-1	23	0	-1	-1	22	0	-1	0	7	-1	22	0	12	16	0	-1	0	-1	39	-1	40	-1	0	29	0	0	0	12	22
c8081	-1	0	0	-1	0	4	0	0	0	19	0	0	0	0	-1	0	-1	19	-1	0	49	-1	0	3	0	40	-1	0	0	0
c8110	0	0	-1	0	-1	-1	-1	-1	0	46	26	12	-1	-1	-1	0	21	0	-1	-1	0	-1	-1	0	-1	32	0	4	0	0
c8128	0	0	40	0	0	0	49	0	-1	0	-1	0	0	0	-1	4	0	0	40	0	-1	0	17	-1	0	48	-1	-1	0	-1
c8160	0	23	0	10	25	0	8	17	-1	-1	0	22	-1	0	0	0	26	-1	2	0	0	5	44	14	0	0	-1	-1	-1	22
c8164	0	23	39	10	40	0	0	0	0	-1	0	22	-1	36	0	-1	19	0	34	-1	0	0	0	0	23	-1	-1	0	12	22
c8183	0	-1	0	0	0	-1	0	-1	-1	19	-1	0	0	5	-1	0	0	0	38	25	49	0	0	3	8	40	-1	0	-1	0
c8200	41	0	0	-1	0	0	2	-1	22	-1	0	46	8	0	0	40	4	19	0	46	49	22	0	3	0	40	-1	0	-1	0
c8204	-1	-1	-1	39	-1	0	0	0	0	0	31	22	0	0	0	-1	36	27	0	40	0	-1	0	-1	0	0	0	6	0	22
c8230	0	0	-1	46	0	0	0	30	-1	-1	-1	0	0	40	0	0	-1	12	0	0	49	0	-1	0	34	34	-1	22	6	0
c8232	-1	-1	0	-1	0	0	0	0	17	-1	0	-1	25	0	-1	0	-1	-1	-1	-1	2	0	4	-1	37	26	26	0	-1	22
c8242	49	0	17	0	0	-1	-1	0	0	46	26	12	0	-1	0	0	-1	-1	0	0	0	0	0	0	-1	0	-1	0	49	39
c8243	49	0	17	0	0	0	0	0	0	-1	-1	12	0	-1	0	0	21	-1	0	-1	0	0	0	0	-1	0	-1	0	49	39
c8271	0	-1	0	0	0	0	-1	0	0	19	-1	0	0	0	0	8	4	0	0	-1	49	-1	0	0	34	0	-1	0	0	-1
c8284	0	0	0	25	8	49	0	0	21	19	0	26	-1	6	0	-1	-1	26	6	0	-1	26	14	-1	-1	0	-1	0	-1	0
c8314	0	23	-1	-1	0	0	0	-1	0	7	14	22	4	0	0	0	0	0	2	0	0	40	-1	17	-1	22	-1	-1	12	22
c8316	-1	24	40	-1	0	0	-1	0	0	19	0	26	-1	0	0	-1	0	0	0	0	-1	26	-1	0	-1	-1	-1	0	0	0
c8327	0	0	0	-1	-1	0	0	0	0	19	-1	0	-1	0	0	-1	4	39	0	0	49	8	0	0	34	0	-1	0	0	26
c8338	30	0	34	0	12	24	0	0	49	-1	-1	-1	0	0	0	0	-1	27	0	0	0	-1	0	-1	-1	0	0	0	0	-1
c8347	0	0	0	-1	0	26	0	-1	49	0	-1	0	0	-1	0	-1	34	-1	0	10	0	-1	0	-1	0	-1	0	0	-1	-1
c8349	0	-1	-1	0	0	-1	0	-1	0	0	0	0	26	0	0	49	25	-1	0	14	0	3	19	-1	-1	0	-1	39	0	22
c8354	0	0	40	0	0	0	0	0	0	19	0	0	2	0	49	0	4	-1	0	0	49	0	-1	3	-1	40	-1	0	0	0
c8377	-1	-1	-1	0	0	0	-1	-1	0	19	0	0	0	-1	-1	-1	4	19	0	0	49	-1	0	-1	46	-1	-1	-1	0	0
c8399	0	26	5	0	22	0	-1	-1	0	19	0	-1	4	0	0	0	0	0	-1	22	49	40	0	-1	0	0	-1	0	0	0
c8403	0	26	5	0	22	0	39	-1	0	-1	0	-1	4	0	0	0	0	0	49	22	49	-1	0	-1	0	0	-1	0	-1	0
c8407	0	0	0	7	0	0	20	0	-1	19	-1	31	0	0	0	0	-1	-1	0	0	49	48	0	0	34	34	-1	0	-1	0
c8408	0	-1	-1	-1	0	0	0	0	-1	-1	0	-1	0	0	-1	-1	-1	37	0	0	-1	0	-1	29	0	0	-1	5	0	0
c8421	8	23	0	10	0	40	0	0	0	-1	14	22	1	0	-1	-1	0	-1	2	0	0	-1	10	0	0	12	0	0	-1	22
c8427	-1	0	0	-1	-1	0	-1	0	0	19	8	-1	-1	40	46	17	0	0	37	0	49	0	0	0	0	0	-1	0	8	14
c8455	0	0	0	0	0	17	0	0	-1	-1	-1	22	-1	-1	0	-1	0	0	0	0	-1	-1	0	0	-1	0	-1	0	0	26
c8459	2	17	0	-1	0	0	-1	5	0	19	-1	0	0	-1	0	-1	4	19	-1	40	49	3	0	3	46	-1	-1	-1	0	0
c8474	0	23	0	0	0	0	0	-1	-1	0	0	22	3	0	-1	0	10	-1	26	0	-1	-1	0	-1	0	-1	-1	0	12	-1
c8475	0	23	0	0	-1	-1	0	-1	0	0	0	22	-1	0	-1	0	10	0	26	0	44	22	-1	-1	0	0	-1	0	12	-1
c8482	0	0	2	-1	37	0	5	0	0	19	0	0	0	0	-1	0	4	19	0	0	49	0	-1	-1	0	40	-1	20	43	-1
c8483	0	-1	-1	0	-1	0	5	0	0	19	0	0	0	0	0	0	4	19	-1	0	49	0	0	-1	0	40	-1	20	43	-1
c8489	-1	0	-1	-1	0	0	0	0	0	-1	31	0	0	0	-1	4	0	4	0	-1	-1	0	0	-1	-1	39	0	-1	-1	-1
c8494	36	0	-1	0	0	-1	0	-1	0	-1	31	0	0	-1	-1	4	-1	0	-1	0	0	0	0	-1	46	19	0	0	0	-1
c8500	12	0	0	39	0	0	0	0	0	40	31	22	40	0	0	0	0	27	0	-1	0	-1	0	-1	0	0	0	6	-1	22
c8501	12	-1	0	39	0	-1	0	0	0	40	31	22	40	0	0	-1	0	-1	0	-1	-1	-1	0	-1	0	0	0	6	0	22
c8513	0	0	0	-1	-1	0	0	25	49	0	31	0	0	0	0	0	34	27	0	0	0	-1	0	-1	32	0	0	0	0	22
c8518	0	26	-1	-1	-1	0	0	0	0	19	0	0	-1	0	0	17	0	0	21	-1	49	26	2	0	0	0	-1	0	46	0
c8522	0	-1	0	10	0	0	0	0	0	0	-1	22	-1	0	4	6	0	0	2	36	-1	38	0	-1	0	-1	0	49	12	22
c8532	0	0	0	0	-1	-1	-1	0	0	19	0	4	0	0	0	0	4	-1	0	-1	49	-1	8	3	-1	40	-1	0	0	0
c8542	41	-1	0	-1	0	-1	2	0	0	-1	0	46	8	0	-1	0	4	19	-1	-1	49	22	0	-1	15	40	-1	7	-1	0
c8546	0	23	0	-1	0	0	0	0	0	0	19	0	-1	0	0	49	25	-1	0	14	0	-1	0	-1	0	0	-1	39	-1	-1
c8553	0	0	0	9	0	-1	0	0	49	0	31	0	0	0	0	0	-1	27	0	-1	0	-1	0	-1	0	0	0	0	-1	-1
c8576	0	0	5	0	40	-1	0	0	-1	46	26	12	0	-1	-1	0	-1	0	0	0	-1	-1	0	-1	0	32	14	0	0	0
c8611	-1	0	-1	0	0	0	-1	0	0	19	-1	0	0	22	14	0	0	0	0	0	49	0	-1	-1	34	34	-1	0	0	22
c8618	0	-1	-1	28	0	-1	0	-1	0	-1	-1	0	0	-1	-1	0	26	2	0	0	49	-1	-1	-1	34	0	-1	4	13	0
c8625	8	23	0	10	-1	7	0	13	32	7	14	22	0	3	-1	9	0	0	2	0	0	-1	0	0	-1	0	9	-1	-1	22
c8662	-1	-1	0	-1	0	0	0	0	17	29	0	0	26	0	-1	0	-1	0	-1	0	0	46	4	0	-1	26	26	0	12	22
c8682	-1	-1	0	16	23	0	0	13	-1	19	2	0	-1	0	0	0	4	19	-1	-1	49	0	0	3	0	40	-1	-1	0	0
c8698	-1	0	45	39	0	0	40	5	0	-1	-1	22	0	0	-1	0	-1	27	12	40	0	-1	0	-1	26	0	0	-1	-1	22
c8704	0	0	0	0	12	0	0	0	49	0	31	0	-1	0	0	30	-1	-1	0	0	0	-1	0	-1	0	0	0	0	-1	22
c8708	0	0	0	0	-1	0	0	-1	25	19	5	5	0	5	0	0	18	-1	38	0	49	-1	-1	-1	0	40	-1	0	8	-1
c8739	-1	0	-1	25	8	49	-1	0	21	19	0	26	-1	6	0	-1	-1	-1	-1	0	-1	26	14	0	0	0	-1	-1	0	0
c8763	0	-1	0	0	-1	-1	2	0	0	-1	0	26	0	25	0	0	0	0	0	8	-1	-1	0	-1	0	0	-1	0	0	0
c8773	-1	0	0	0	-1	0	0	22	-1	19	-1	0	0	22	0	0	-1	0	-1	18	49	-1	0	0	34	34	-1	0	6	0
c8784	0	23	0	-1	0	0	8	0	-1	0	0	22	-1	0	0	-1	0	0	-1	0	-1	5	46	14	-1	-1	-1	-1	-1	22
c8792	30	0	34	-1	12	0	0	48	49	-1	31	0	0	0	0	0	34	27	-1	38	-1	-1	0	-1	0	0	0	0	-1	22
c8806	22	0	0	7	0	0	20	5	0	19	-1	0	0	0	0	-1	0	-1	-1	-1	-1	48	-1	0	34	34	-1	0	-1	-1
c8808	0	0	40	25	36	40	0	0	0	19	0	26	0	0	0	38	-1	0	25	0	-1	26	14	45	0	0	-1	-1	-1	0
c8809	0	0	-1	25	36	40	-1	0	0	19	0	26	0	0	0	38	0	-1	25	-1	-1	26	14	-1	0	0	-1	20	17	0
c8813	0	-1	-1	25	36	-1	0	0	0	19	0	26	0	-1	0	38	-1	0	25	0	-1	26	14	45	0	-1	-1	-1	17	0
c8819	0	40	-1	16	0	0	0	0	0	19	0	0	0	0	0	0	4	19	0	0	49	0	0	3	0	-1	-1	0	0	-1
c8835	0	0	-1	0	0	0	26	0	-1	19	-1	0	-1	38	-1	-1	-1	0	0	0	49	0	25	0	34	-1	-1	0	0	0
c8841	4	4	0	26	0	-1	-1	-1	49	-1	-1	0	0	0	0	0	0	0	0	41	49	24	-1	0	-1	0	-1	0	-1	26
c8862	0	23	-1	0	0	0	0	0	0	0	19	0	26	0	0	49	25	-1	0	-1	-1	3	-1	0	0	0	0	-1	-1	-1
c8874	0	0	-1	0	-1	0	0	0	0	19	0	26	-1	25	26	0	0	-1	-1	0	49	26	0	-1	-1	0	-1	-1	49	0
c8887	0	0	-1	-1	26	16	-1	-1	5	-1	0	22	0	-1	0	0	4	19	0	23	49	-1	0	-1	0	40	-1	0	0	-1
c8895	-1	0	0	0	0	0	0	-1	5	0	31	-1	0	0	0	-1	0	0	0	0	-1	0	-1	-1	0	0	0	0	0	-1
c8918	26	0	-1	26	0	0	-1	-1	49	19	-1	0	0	40	0	0	0	0	3	0	49	-1	0	0	-1	0	-1	0	2	26
c8919	-1	0	0	26	-1	26	-1	0	49	-1	-1	0	0	-1	0	0	0	0	3	0	49	0	0	0	-1	0	-1	0	-1	26
c8934	0	7	0	0	-1	-1	0	0	-1	19	-1	36	0	-1	-1	0	0	0	0	0	49	0	0	0	34	-1	-1	22	6	0
c8946	0	0	0	0	-1	0	0	0	0	-1	-1	-1	0	3	0	-1	0	0	29	0	49	10	0	-1	48	-1	-1	0	0	0
c8956	-1	0	5	0	40	0	0	0	0	46	26	12	0	-1	40	0	21	-1	0	0	-1	0	0	-1	0	32	14	37	-1	-1
c8963	18	26	0	-1	26	0	0	0	0	-1	0	0	0	0	0	0	14	0	-1	0	49	-1	0	0	-1	48	-1	14	0	0
c8967	40	0	4	0	-1	31	0	0	0	-1	31	0	0	-1	0	-1	0	0	-1	0	0	0	0	-1	0	0	0	-1	0	-1
c8969	25	0	-1	0	48	-1	-1	0	-1	19	0	30	0	0	0	10	-1	4	0	22	49	-1	0	0	-1	-1	-1	0	0	0
c8973	-1	0	-1	0	12	-1	0	25	49	0	31	0	0	0	0	0	34	27	-1	0	0	-1	0	-1	0	0	0	0	-1	22
c8986	0	-1	-1	0	0	-1	0	22	0	19	-1	-1	-1	0	0	0	0	4	0	0	49	0	0	0	-1	0	-1	0	0	0
c8990	5	10	-1	17	-1	4	0	-1	-1	-1	0	4	14	0	0	-1	4	19	-1	0	49	46	0	3	0	40	-1	-1	4	-1
c8991	5	10	-1	17	0	4	0	-1	19	19	0	4	-1	0	0	0	4	-1	0	0	49	46	0	3	0	40	-1	0	0	0
c9003	0	0	-1	-1	0	0	0	0	0	19	39	0	-1	-1	0	0	4	19	-1	0	49	0	0	-1	0	40	-1	0	0	49
c9008	0	23	0	10	-1	0	8	-1	-1	0	0	22	-1	0	0	0	0	49	-1	0	0	5	0	14	0	0	17	-1	12	22
c9017	0	0	0	0	49	17	0	-1	49	19	-1	22	49	0	-1	39	0	0	0	0	-1	-1	-1	0	34	-1	-1	-1	0	26
c9023	0	23	-1	10	0	-1	0	0	40	-1	0	22	0	36	-1	0	-1	39	0	0	0	0	0	0	23	0	0	30	12	22
c9027	-1	-1	0	0	45	17	0	0	-1	0	31	0	0	0	0	-1	17	0	0	0	-1	30	39	-1	0	0	0	0	45	-1
c9047	-1	0	-1	39	-1	-1	-1	0	-1	0	31	22	0	0	24	0	0	27	0	40	-1	-1	0	-1	0	0	46	6	0	22
c9057	0	23	0	0	48	0	0	-1	0	8	0	40	20	0	35	0	10	-1	26	-1	44	-1	0	-1	0	0	-1	0	12	-1
c9066	0	-1	0	-1	-1	0	22	16	-1	19	0	0	0	5	0	0	0	0	-1	5	-1	0	0	3	49	-1	-1	0	0	0
c9076	-1	0	-1	0	-1	17	4	0	49	-1	-1	22	49	0	0	0	3	0	39	0	-1	-1	0	0	34	0	-1	-1	0	26
c9084	-1	-1	0	-1	-1	-1	0	0	49	19	-1	-1	49	0	0	0	0	0	-1	0	-1	0	-1	0	34	0	-1	8	0	26
c9085	0	39	0	0	0	-1	0	0	49	19	-1	22	-1	0	0	0	0	-1	0	0	-1	0	25	0	34	0	-1	8	0	26
c9089	0	-1	0	-1	0	-1	0	22	0	19	-1	0	0	0	0	-1	0	4	0	0	49	0	0	0	-1	-1	-1	0	0	17
c9091	0	0	0	0	0	0	0	0	-1	19	0	-1	0	0	0	0	4	19	14	0	49	0	26	-1	0	40	-1	0	0	0
c9104	-1	0	0	0	0	0	0	-1	5	19	0	0	-1	3	0	-1	4	19	14	-1	49	0	26	3	0	40	-1	0	0	14
c9111	0	-1	30	-1	-1	-1	0	-1	-1	19	0	0	-1	0	-1	-1	26	37	0	0	49	25	0	-1	-1	0	-1	5	0	32
c9119	0	0	-1	26	0	0	0	22	0	19	-1	0	0	0	0	0	-1	4	-1	0	49	0	0	0	-1	0	-1	0	0	0
c9120	-1	0	0	-1	0	0	-1	0	0	19	-1	0	0	-1	0	0	4	19	14	38	49	0	26	-1	0	40	-1	0	49	0
c9122	0	0	0	39	-1	4	0	-1	0	0	-1	22	-1	41	0	0	0	-1	0	40	0	-1	0	-1	0	-1	0	6	0	22
c9125	0	4	-1	-1	0	0	0	16	-1	19	-1	0	-1	5	44	26	0	9	38	25	49	7	0	3	0	40	-1	40	0	22
c9135	0	-1	0	25	0	-1	0	0	0	19	-1	26	12	1	0	0	0	0	0	0	-1	-1	14	0	0	0	-1	0	0	26
c9141	0	0	0	0	-1	0	-1	16	0	-1	17	0	0	5	17	0	39	7	38	-1	49	0	0	-1	0	40	-1	22	0	0
c9167	0	-1	49	0	40	0	0	0	0	-1	26	12	0	-1	40	-1	21	-1	0	17	43	0	0	0	0	32	0	4	0	0
c9168	0	0	-1	0	-1	0	0	16	-1	19	-1	0	0	5	0	40	22	-1	38	0	-1	22	0	3	0	40	-1	0	-1	-1
c9191	0	0	0	16	23	0	0	13	-1	19	0	0	-1	0	0	0	4	19	0	-1	49	0	0	3	0	40	-1	-1	0	0
c9195	8	23	-1	10	0	0	0	-1	2	7	14	22	1	0	-1	0	0	-1	2	0	0	-1	22	0	-1	0	-1	0	12	22
c9204	-1	0	0	0	20	-1	-1	-1	0	0	31	0	0	0	0	4	-1	0	0	0	0	6	0	-1	26	-1	-1	0	8	-1
c9244	0	0	40	14	0	-1	14	12	-1	19	-1	33	0	5	-1	0	4	19	0	0	49	0	0	3	0	40	-1	0	0	0
c9245	0	0	40	14	0	22	14	12	0	19	22	33	0	5	0	0	-1	19	0	0	49	5	-1	3	-1	40	-1	0	-1	0
c9249	-1	-1	0	16	0	-1	0	0	0	19	0	0	0	8	0	0	4	19	0	40	49	0	0	3	5	40	-1	0	-1	-1
c9266	0	23	17	-1	37	0	0	-1	0	16	46	-1	-1	0	0	6	0	0	2	0	0	-1	0	10	0	0	-1	49	12	-1
c9294	44	-1	40	0	0	0	49	0	0	0	31	0	8	-1	0	4	0	0	40	-1	0	0	-1	-1	-1	48	0	0	0	-1
c9299	8	23	0	10	0	-1	0	-1	-1	7	14	-1	0	0	-1	9	0	0	2	0	0	13	0	0	34	0	-1	-1	-1	22
c9301	0	0	-1	28	-1	0	0	-1	0	19	-1	0	0	0	22	0	-1	0	0	-1	49	20	0	0	34	0	-1	4	13	0
c9314	-1	23	-1	0	0	26	0	0	-1	0	-1	2	0	-1	35	0	-1	0	39	0	-1	-1	0	0	0	0	26	30	12	22
c9316	0	23	-1	10	30	0	-1	0	-1	-1	-1	22	-1	-1	0	0	-1	0	2	0	-1	5	0	14	0	0	17	-1	12	22
c9317	-1	23	0	10	30	0	-1	0	-1	0	0	22	-1	-1	0	-1	22	0	-1	0	-1	5	0	14	-1	0	17	-1	12	22
c9321	0	0	4	-1	-1	-1	-1	0	-1	19	0	-1	0	-1	0	-1	0	0	37	32	49	0	8	0	0	40	-1	-1	0	-1
c9326	19	0	-1	-1	0	0	-1	22	0	19	-1	0	0	0	0	0	45	-1	0	0	49	-1	0	0	-1	0	-1	-1	-1	17
c9330	-1	0	-1	0	0	0	-1	16	-1	-1	0	0	0	5	0	-1	38	-1	38	-1	49	-1	-1	3	0	40	-1	-1	0	26
c9342	41	0	0	-1	0	0	2	34	40	-1	0	46	8	0	0	0	4	19	0	0	-1	22	0	-1	0	40	-1	-1	0	-1
c9351	0	-1	4	19	19	0	-1	44	0	19	-1	0	0	0	-1	0	0	0	0	-1	49	22	39	-1	34	0	-1	22	0	26
c9355	-1	0	0	0	-1	0	0	0	-1	0	31	0	0	0	0	-1	44	4	-1	0	-1	0	5	-1	-1	-1	0	0	0	-1
c9369	0	23	0	10	0	0	0	0	0	0	46	22	-1	0	4	6	0	0	2	36	-1	38	0	0	0	0	0	49	12	22
c9375	36	35	0	-1	0	-1	0	0	-1	-1	-1	22	-1	-1	0	0	12	0	0	0	-1	0	25	-1	34	-1	-1	0	41	26
c9394	0	23	0	10	0	0	0	0	0	16	-1	-1	-1	0	0	6	0	0	-1	43	0	-1	0	0	0	-1	0	49	12	22
c9395	0	23	0	10	0	0	-1	0	0	16	-1	22	-1	0	0	6	0	0	-1	-1	-1	-1	0	0	-1	37	0	49	-1	22
c9396	46	0	0	36	0	0	0	0	0	19	0	-1	0	-1	0	0	4	19	26	-1	-1	-1	0	-1	46	-1	-1	0	0	0
c9404	0	0	26	0	0	0	0	0	0	19	-1	0	-1	0	-1	0	-1	0	0	2	-1	-1	0	-1	34	0	-1	39	6	26
c9416	0	0	0	0	0	0	-1	0	0	19	0	0	0	0	0	0	-1	19	0	0	49	-1	0	-1	0	40	-1	20	0	0
c9432	0	8	0	0	-1	0	-1	-1	4	19	0	0	0	0	20	-1	4	19	0	0	49	0	0	3	0	40	-1	-1	0	22
c9456	0	0	-1	-1	0	-1	0	45	0	19	0	26	0	0	0	0	0	-1	6	0	-1	26	14	-1	0	0	-1	0	0	0
c9465	0	0	0	0	0	22	0	0	0	-1	17	26	0	-1	0	-1	34	0	-1	0	49	26	-1	0	-1	0	-1	0	0	0
c9486	0	-1	40	0	0	-1	26	0	0	0	31	0	0	48	-1	-1	0	0	40	0	0	0	0	-1	-1	0	0	-1	0	-1
c9491	0	-1	0	10	0	26	-1	0	0	16	46	22	-1	0	4	-1	0	0	2	43	-1	10	0	-1	0	0	17	49	12	-1
c9493	-1	-1	-1	-1	19	19	0	8	-1	19	-1	0	0	0	0	0	-1	0	0	0	49	0	-1	-1	34	-1	-1	0	0	26
c9496	0	-1	30	-1	0	0	0	0	-1	19	0	0	0	0	-1	-1	0	-1	0	0	49	25	0	29	-1	-1	-1	5	-1	32
c9500	0	0	40	-1	-1	0	49	0	0	-1	31	0	0	0	0	4	0	-1	40	0	-1	34	0	-1	0	48	3	0	-1	-1
c9503	26	0	-1	26	0	0	-1	0	49	19	-1	0	0	0	-1	-1	0	0	0	0	49	0	0	0	-1	-1	-1	-1	0	26
c9536	0	-1	49	0	44	0	0	0	0	-1	0	0	0	0	-1	0	-1	0	5	0	0	3	0	2	-1	-1	-1	-1	22	22
c9574	0	23	-1	0	0	-1	0	-1	0	0	0	0	0	-1	35	0	10	0	39	0	0	26	0	0	0	0	0	-1	12	22
c9575	0	-1	0	0	0	0	0	0	0	0	0	0	0	-1	35	0	10	0	39	0	0	-1	-1	0	0	0	-1	-1	-1	22
c9577	0	0	-1	0	0	0	-1	0	0	-1	-1	0	0	-1	-1	0	4	19	14	0	49	0	26	3	0	40	-1	0	0	14
c9601	40	-1	0	5	-1	0	46	0	25	17	31	0	0	12	22	4	-1	0	0	0	10	0	11	-1	0	0	0	-1	-1	-1
c9615	0	0	0	0	12	0	0	25	49	0	31	-1	0	0	0	0	34	-1	0	-1	0	-1	0	-1	-1	-1	0	-1	0	22
c9635	0	-1	0	0	0	0	0	-1	0	-1	0	0	34	37	0	0	-1	19	0	25	49	-1	16	3	0	-1	-1	-1	0	-1
c9637	0	0	-1	-1	0	-1	0	0	0	-1	0	0	0	0	0	-1	4	19	-1	0	49	26	0	3	0	40	-1	0	-1	0
c9642	0	0	12	8	-1	0	0	-1	0	19	0	0	17	37	-1	16	-1	-1	-1	-1	49	0	-1	3	-1	40	-1	-1	-1	34
c9644	8	23	0	10	0	-1	0	0	0	7	14	22	0	0	0	0	3	0	2	0	12	0	-1	19	0	0	19	0	12	22
c9653	0	-1	0	0	22	0	39	-1	0	-1	-1	0	0	-1	0	0	-1	0	-1	-1	49	0	0	0	0	20	-1	0	0	0
c9657	0	-1	0	0	-1	0	0	-1	-1	19	-1	0	0	40	0	0	0	-1	0	0	49	0	-1	0	-1	34	-1	22	6	0
c9659	-1	0	-1	16	32	0	-1	0	0	19	0	-1	0	0	0	0	4	19	0	-1	-1	22	0	3	0	-1	-1	0	0	0
c9718	18	-1	22	0	0	-1	-1	0	0	19	0	0	0	-1	8	0	4	19	-1	26	49	0	0	3	0	40	-1	-1	0	0
c9721	0	0	-1	-1	0	0	3	20	0	19	-1	0	0	20	0	-1	-1	-1	0	0	49	-1	13	0	34	0	-1	4	13	14
c9724	-1	0	-1	-1	-1	-1	46	5	34	0	31	0	0	0	0	4	0	19	0	0	-1	20	0	-1	0	0	-1	0	0	-1
c9746	12	0	0	0	10	29	0	0	0	46	26	12	0	-1	0	0	21	0	-1	0	0	0	6	0	0	0	22	-1	49	-1
c9749	0	-1	-1	34	-1	0	0	-1	0	19	0	0	0	-1	0	0	0	0	37	-1	49	0	0	0	0	-1	-1	-1	0	26
c9762	0	0	0	6	0	34	0	0	0	19	-1	26	0	25	0	-1	0	0	-1	0	-1	26	49	-1	0	0	-1	0	49	0
c9773	0	39	0	0	-1	-1	0	0	0	19	-1	26	0	0	0	0	-1	0	4	0	49	26	6	0	-1	0	-1	0	0	0
c9782	6	0	7	-1	0	30	0	16	24	-1	0	0	2	5	-1	0	0	0	38	-1	49	-1	-1	-1	13	-1	-1	-1	0	0
c9783	6	0	7	0	0	-1	0	16	24	-1	0	0	2	5	-1	0	0	-1	38	0	49	0	-1	3	-1	40	-1	-1	-1	0
c9784	0	23	0	10	0	0	-1	0	-1	0	46	22	-1	0	4	-1	22	-1	2	36	34	0	0	0	-1	0	0	49	12	22
c9785	0	23	0	10	0	0	0	0	0	0	46	22	-1	0	4	6	-1	0	2	36	34	0	0	0	0	0	-1	49	12	22
c9807	-1	-1	0	0	22	0	34	0	0	19	-1	0	0	0	34	0	4	0	0	39	49	8	0	0	34	0	-1	0	0	26
c9819	-1	0	0	0	-1	-1	-1	22	0	22	-1	0	14	22	0	-1	0	0	13	-1	0	-1	19	-1	0	0	5	0	0	-1
c9850	0	0	0	0	0	0	-1	-1	13	-1	0	0	-1	-1	0	0	4	19	-1	0	-1	0	0	3	0	40	-1	0	0	0
c9869	-1	-1	30	-1	0	0	-1	0	-1	19	-1	0	0	0	-1	0	0	-1	-1	0	49	-1	-1	29	0	0	-1	5	0	0
c9876	0	-1	0	25	0	-1	0	8	0	19	0	26	0	0	-1	0	0	0	0	0	-1	26	-1	0	0	0	-1	0	0	26
c9894	0	0	-1	25	8	49	-1	0	-1	19	12	-1	0	6	0	22	-1	0	6	0	-1	26	14	0	0	0	-1	0	0	0
c9900	41	-1	0	-1	-1	0	2	0	48	-1	5	8	8	12	5	0	4	-1	0	17	49	0	0	3	0	40	-1	21	0	7
c9911	0	0	5	0	40	0	25	0	-1	46	26	12	0	-1	40	0	21	0	0	0	-1	0	0	0	0	32	14	-1	0	0
c9915	0	-1	0	0	0	-1	4	40	0	22	0	-1	0	0	-1	40	-1	0	0	-1	0	3	-1	-1	0	-1	0	-1	-1	22
c9918	10	0	0	26	0	0	-1	0	49	19	-1	0	0	-1	-1	3	0	1	-1	0	49	0	0	0	-1	0	-1	22	0	-1
c9919	0	0	0	26	0	0	38	0	49	19	-1	0	0	0	0	-1	-1	1	-1	0	49	0	0	0	-1	0	-1	22	-1	26
c9921	0	-1	-1	23	0	-1	0	16	-1	-1	-1	0	-1	-1	0	-1	48	-1	38	-1	49	0	0	3	0	40	-1	0	-1	-1
c9936	0	0	0	36	-1	0	26	0	0	19	0	26	0	-1	0	0	4	-1	0	0	49	3	22	3	46	-1	-1	0	0	0
c9946	0	0	0	-1	7	-1	0	0	0	19	0	4	-1	0	-1	0	4	19	0	-1	-1	46	8	-1	49	40	-1	-1	0	0
c9971	-1	23	0	-1	0	0	0	0	0	7	-1	22	1	0	0	0	0	-1	-1	0	-1	-1	0	-1	0	0	0	0	12	22
c9972	0	-1	0	0	-1	0	0	-1	0	0	0	22	0	0	35	0	10	0	26	0	44	22	0	-1	49	-1	-1	0	12	-1
c9992	-1	23	17	10	37	12	0	-1	0	16	46	22	-1	0	0	6	0	0	2	-1	0	0	0	10	-1	0	20	49	12	22
c9994	0	-1	0	10	0	26	-1	0	0	16	-1	22	-1	10	-1	6	0	0	-1	-1	0	38	0	0	0	0	17	49	12	-1
c10000	0	0	49	0	40	0	0	0	0	46	26	-1	0	-1	-1	0	21	-1	0	17	0	0	0	0	0	32	-1	4	-1	-1
c10002	0	0	48	-1	23	2	0	0	0	19	0	26	0	25	0	0	0	0	0	8	49	26	0	-1	0	0	-1	0	0	0
c10019	22	0	0	0	0	-1	-1	0	0	-1	0	0	20	-1	-1	0	4	19	0	0	49	0	0	3	-1	-1	-1	0	0	0
c10033	48	0	40	-1	0	0	0	0	0	19	0	26	0	-1	0	-1	0	-1	0	-1	-1	26	14	0	0	0	-1	-1	-1	0
c10069	0	22	0	0	0	20	0	16	0	19	0	-1	-1	5	0	40	0	0	38	0	49	0	0	3	1	-1	-1	0	0	-1
c10075	-1	0	-1	-1	40	-1	0	0	0	19	0	0	5	-1	-1	10	-1	19	-1	0	49	0	26	-1	0	40	-1	0	0	0
c10090	40	-1	-1	-1	-1	34	-1	0	0	-1	0	22	-1	36	-1	0	19	0	-1	0	0	0	0	0	23	32	12	-1	12	-1
c10097	17	0	0	-1	0	-1	0	0	0	0	31	0	0	0	-1	4	-1	0	-1	26	-1	-1	0	-1	0	0	0	0	0	-1
c10100	0	0	0	-1	0	0	0	-1	-1	19	0	0	0	3	0	0	4	19	14	0	-1	0	-1	3	-1	-1	-1	0	49	14
c10104	-1	-1	-1	25	0	5	0	-1	0	19	0	26	12	1	0	0	0	0	0	-1	-1	26	14	0	0	0	-1	0	0	-1
c10105	0	-1	0	25	0	5	0	0	-1	19	0	26	-1	1	-1	0	0	0	0	0	-1	26	14	0	0	0	-1	0	0	26
c10127	0	0	-1	0	0	0	0	16	-1	19	0	29	28	5	44	0	0	-1	-1	0	49	7	0	3	0	-1	-1	3	0	22
c10130	0	-1	30	-1	-1	0	-1	0	-1	-1	-1	0	-1	0	-1	49	-1	37	32	26	49	0	0	29	46	0	-1	5	0	-1
c10136	32	-1	0	10	0	26	-1	0	0	16	46	22	-1	0	4	6	0	0	2	43	0	0	-1	0	0	0	17	49	12	-1
c10142	-1	0	0	25	0	5	0	0	0	-1	30	26	0	0	-1	48	5	0	-1	0	-1	26	14	-1	0	0	-1	-1	-1	2
c10147	41	0	0	-1	0	0	2	39	2	-1	0	46	8	0	0	0	4	19	0	-1	49	22	-1	3	0	40	-1	0	0	0
c10153	0	-1	8	34	-1	0	0	0	34	19	0	0	-1	40	0	0	0	0	37	-1	49	0	0	-1	44	0	-1	0	-1	-1
c10160	0	0	0	-1	14	-1	0	0	0	-1	-1	0	-1	-1	0	-1	34	27	8	31	0	-1	14	-1	0	13	-1	0	0	22
c10168	3	0	22	0	-1	0	0	0	0	19	-1	-1	0	-1	-1	17	-1	-1	-1	-1	49	0	0	0	0	0	-1	0	-1	0
c10179	6	-1	7	0	0	30	0	16	24	-1	-1	0	2	5	-1	0	-1	0	-1	-1	49	0	46	3	13	40	-1	-1	-1	-1
c10201	-1	-1	0	0	-1	0	39	0	0	19	0	0	4	0	30	0	0	-1	49	22	49	0	0	8	40	0	-1	-1	0	34
c10238	0	0	0	-1	0	-1	0	0	0	0	-1	0	0	-1	0	4	0	4	-1	0	-1	0	-1	-1	0	-1	0	0	0	-1
c10240	0	0	40	25	0	0	0	0	-1	19	0	26	0	4	-1	0	0	0	0	0	-1	26	14	45	0	0	-1	0	27	0
c10246	-1	-1	0	26	-1	0	0	0	49	19	-1	0	26	0	0	0	0	1	-1	0	49	0	0	0	-1	49	-1	8	-1	26
c10249	-1	0	0	-1	22	0	-1	0	0	0	31	0	0	0	0	4	-1	0	-1	5	-1	0	0	-1	4	26	0	-1	-1	-1
c10251	-1	0	2	0	0	0	-1	0	0	46	26	12	0	-1	0	0	21	0	0	0	0	-1	6	46	0	0	22	0	-1	-1
c10253	-1	0	-1	0	-1	0	0	-1	-1	19	-1	0	0	5	0	0	22	0	-1	0	49	22	0	3	0	40	-1	0	-1	-1
c10256	0	0	-1	0	-1	0	-1	0	0	19	0	4	0	0	0	22	4	19	0	40	49	46	8	3	0	40	-1	-1	0	0
c10266	0	0	8	0	0	0	-1	16	25	-1	0	5	5	5	0	0	0	0	38	-1	49	-1	0	3	-1	40	-1	0	0	10
c10268	0	0	0	39	0	49	0	-1	-1	0	31	22	0	0	0	25	-1	-1	22	40	0	-1	0	-1	0	0	0	6	0	22
c10281	40	0	0	0	-1	0	17	0	48	17	31	0	0	0	0	-1	-1	8	0	0	-1	0	34	-1	-1	-1	0	-1	0	-1
c10282	0	0	0	-1	0	0	0	16	0	-1	-1	0	-1	5	17	0	0	22	-1	-1	49	0	-1	-1	0	40	-1	22	0	5
c10285	5	23	0	20	-1	0	0	5	0	0	-1	-1	0	0	35	-1	10	0	0	0	0	-1	0	0	0	0	-1	0	12	22
c10287	26	0	0	26	0	0	0	0	-1	-1	-1	0	0	0	0	0	-1	0	22	0	49	0	0	0	-1	10	-1	0	0	26
c10302	0	-1	49	0	40	0	0	0	0	46	26	12	0	-1	40	0	-1	17	0	17	0	-1	0	0	-1	32	0	-1	17	0
c10303	0	0	49	0	40	0	0	0	-1	46	26	12	0	-1	40	0	21	17	0	17	0	0	0	0	0	32	0	4	17	0
c10332	0	-1	0	-1	0	0	23	0	31	0	31	0	0	0	0	4	0	0	0	-1	0	0	0	-1	0	-1	0	48	0	-1
c10340	0	0	0	7	0	0	-1	-1	0	19	-1	0	0	-1	6	0	26	0	0	0	49	-1	0	0	34	-1	-1	0	-1	0
c10352	3	-1	10	0	0	0	-1	10	0	19	0	-1	0	0	-1	0	-1	37	0	0	49	0	0	29	0	0	-1	5	-1	0
c10383	48	0	28	0	0	-1	0	16	0	19	-1	0	0	-1	-1	17	5	-1	38	0	49	22	-1	3	0	40	-1	0	0	-1
c10386	0	0	0	0	0	0	0	16	-1	19	0	0	-1	-1	-1	0	0	9	38	-1	49	7	0	3	0	40	-1	-1	-1	22
c10403	0	0	-1	28	0	0	0	-1	-1	-1	-1	-1	0	20	0	0	0	2	48	0	49	0	17	22	-1	20	-1	4	13	0
c10405	0	0	-1	-1	0	0	-1	-1	-1	0	31	13	-1	0	0	4	0	22	5	0	-1	4	49	-1	0	0	0	0	0	-1
c10414	0	23	0	20	39	28	0	14	0	22	-1	0	-1	0	35	22	-1	26	0	0	0	-1	-1	0	0	26	0	0	12	22
c10415	0	-1	0	20	-1	28	0	0	0	-1	0	0	-1	0	35	-1	10	26	-1	-1	0	-1	-1	0	0	26	0	-1	12	22
c10424	0	-1	30	-1	0	0	0	0	-1	19	0	0	0	0	-1	0	0	37	0	0	49	0	0	29	0	0	-1	5	0	-1
c10444	0	0	0	0	0	-1	0	-1	0	19	0	0	0	-1	0	0	-1	19	0	0	49	-1	0	-1	46	-1	-1	0	0	0
c10445	0	0	0	0	0	0	0	0	0	19	0	0	-1	-1	0	0	-1	-1	0	0	49	-1	0	-1	46	-1	-1	0	0	0
c10448	0	23	0	10	0	20	0	0	22	-1	0	-1	-1	-1	0	0	-1	0	2	-1	0	0	0	14	-1	0	10	-1	-1	22
c10449	0	23	0	10	0	20	0	0	22	0	0	22	-1	0	-1	0	-1	-1	2	0	0	0	-1	14	7	0	-1	-1	-1	22
c10450	26	0	0	26	0	-1	-1	-1	-1	19	-1	0	0	0	0	0	-1	0	0	0	-1	43	25	0	-1	10	-1	-1	0	26
c10451	26	0	0	26	0	0	0	0	49	19	-1	0	0	0	0	0	-1	0	-1	0	-1	-1	-1	0	-1	10	-1	0	0	26
c10455	0	0	0	0	0	17	0	0	-1	19	-1	-1	49	0	5	0	0	-1	0	-1	-1	-1	0	0	34	0	-1	0	0	26
c10457	0	0	0	-1	-1	17	0	0	-1	19	-1	22	-1	0	0	0	-1	0	-1	-1	-1	0	0	0	34	0	-1	0	24	26
c10471	0	23	3	10	-1	0	0	-1	0	0	5	22	-1	0	0	0	0	5	-1	8	26	0	0	-1	26	0	0	0	-1	22
c10475	0	-1	0	-1	0	0	34	0	0	19	-1	0	0	0	-1	0	0	37	0	0	49	-1	0	29	0	0	-1	5	-1	-1
c10494	-1	0	-1	-1	0	0	0	16	-1	-1	0	0	0	5	0	-1	0	0	38	-1	49	-1	0	3	0	40	-1	49	0	-1
c10502	0	0	49	0	40	0	0	0	0	46	26	12	0	-1	40	0	21	0	0	17	-1	0	0	0	-1	32	0	4	0	-1
c10515	0	0	5	-1	40	0	0	0	0	46	-1	12	0	-1	40	0	21	0	0	0	-1	0	0	0	0	-1	14	0	0	0
c10542	-1	23	0	-1	0	0	-1	0	0	-1	-1	22	22	36	0	-1	19	0	0	0	0	0	-1	49	-1	29	0	0	12	22
c10550	0	0	49	-1	40	0	0	0	0	46	26	12	0	-1	40	0	21	0	0	17	0	0	0	0	22	32	0	4	0	0
c10553	0	10	0	0	-1	-1	0	-1	0	-1	-1	-1	0	5	-1	0	0	0	-1	0	49	0	0	3	-1	-1	-1	0	0	0
c10555	0	0	0	-1	0	0	22	0	0	19	17	26	0	7	0	0	34	46	4	0	-1	-1	6	0	-1	-1	-1	0	0	0
c10560	-1	0	-1	-1	-1	23	0	0	0	46	26	12	0	-1	0	0	21	0	0	-1	0	0	6	46	0	-1	22	0	49	0
c10564	39	0	40	25	0	22	0	0	0	19	0	26	46	0	0	0	0	0	0	-1	-1	26	14	45	0	0	-1	0	0	0
c10567	0	0	0	0	-1	0	0	-1	-1	19	22	0	28	5	44	0	22	9	-1	25	49	7	0	3	0	40	-1	0	0	22
c10570	0	23	-1	0	0	43	26	-1	-1	0	0	0	0	-1	-1	0	10	-1	39	0	0	0	0	0	0	0	0	0	12	22
c10574	0	0	0	26	0	0	0	0	49	19	-1	0	26	0	-1	-1	0	-1	-1	0	-1	0	0	0	-1	49	-1	0	0	26
c10588	-1	-1	0	16	0	0	0	-1	17	19	0	0	0	-1	0	0	4	19	-1	8	49	0	0	3	0	-1	-1	0	2	0
c10589	0	0	0	16	-1	0	0	26	17	19	0	0	-1	-1	0	0	-1	19	0	8	49	0	0	3	0	-1	-1	0	2	0
c10610	14	0	-1	-1	0	0	-1	0	0	-1	-1	-1	0	-1	0	0	21	0	0	-1	0	0	6	0	0	0	22	0	49	0
c10616	1	23	49	0	-1	-1	0	-1	-1	22	0	0	30	0	0	0	-1	0	5	0	0	3	0	2	0	-1	0	-1	22	-1
c10626	0	0	-1	0	19	0	17	0	-1	19	-1	41	0	0	0	-1	-1	-1	0	0	49	0	0	0	34	0	-1	0	0	26
c10634	30	10	34	0	12	0	-1	0	49	0	31	-1	0	0	0	0	-1	27	0	0	0	-1	0	-1	0	-1	0	0	0	22
c10641	0	-1	0	-1	0	42	49	0	0	-1	0	-1	0	0	0	0	4	19	0	0	49	-1	3	3	-1	-1	-1	12	0	10
c10652	-1	0	-1	0	0	0	0	-1	-1	-1	0	0	0	5	0	0	-1	-1	-1	0	-1	22	0	3	0	40	-1	0	-1	-1
c10658	0	-1	40	25	0	0	-1	0	0	19	-1	26	-1	0	49	0	0	0	0	0	-1	26	-1	45	-1	0	-1	0	0	-1
c10659	-1	20	40	25	0	0	0	0	40	19	26	26	0	0	49	0	24	0	0	0	-1	-1	-1	45	-1	0	-1	0	0	-1
c10660	0	23	49	0	0	0	0	0	-1	22	0	0	30	-1	0	0	-1	-1	5	0	0	3	0	2	-1	10	0	0	22	22
c10664	0	0	-1	0	30	49	26	16	-1	19	5	0	0	5	0	0	-1	0	-1	26	49	0	0	3	0	40	-1	39	0	-1
c10674	0	0	0	-1	-1	0	0	0	0	-1	-1	0	0	0	-1	0	-1	-1	34	0	0	0	38	-1	0	3	-1	0	-1	22
c10687	0	23	8	-1	0	22	0	0	-1	7	14	22	20	0	16	41	0	0	2	40	0	40	0	0	0	0	-1	0	12	22
c10701	0	-1	0	16	0	0	39	0	-1	19	0	0	0	0	-1	0	4	19	0	0	49	-1	-1	3	44	40	-1	-1	0	0
c10716	4	48	40	-1	0	0	26	0	-1	0	31	0	2	48	0	4	-1	0	40	0	0	-1	-1	-1	0	0	17	0	0	-1
c10718	0	-1	40	-1	0	-1	-1	-1	0	19	0	26	0	0	0	0	0	0	0	24	-1	26	14	0	-1	0	-1	-1	0	8
c10724	0	23	0	0	0	0	23	0	0	-1	0	0	0	13	-1	0	0	-1	0	0	0	-1	0	0	0	18	16	12	-1	22
c10725	0	23	0	0	0	0	23	0	0	0	0	0	0	13	21	0	-1	10	0	0	0	-1	0	0	0	18	16	12	-1	22
c10727	0	23	-1	10	0	7	0	39	0	7	14	22	4	0	-1	43	0	0	2	0	46	40	0	0	-1	0	0	-1	-1	22
c10734	-1	23	0	10	0	0	22	0	0	19	0	22	-1	36	0	0	19	0	0	0	0	4	-1	39	23	0	-1	0	12	22
c10737	0	-1	5	0	-1	0	39	-1	0	19	0	-1	4	0	0	0	39	0	49	22	49	40	0	-1	0	-1	-1	0	0	0
c10753	-1	0	0	-1	0	4	0	-1	0	-1	0	0	0	-1	0	0	-1	-1	0	0	49	26	6	3	0	40	-1	0	0	0
c10777	0	0	40	25	-1	0	0	-1	0	19	0	26	0	0	0	0	0	0	0	24	-1	26	14	0	-1	0	-1	0	15	8
c10779	0	0	-1	0	12	0	0	-1	49	0	31	0	0	0	0	0	34	27	0	40	0	-1	12	-1	0	-1	0	-1	-1	22
c10784	-1	23	0	10	0	0	0	-1	0	0	46	-1	-1	0	4	6	0	0	-1	36	34	-1	0	0	0	0	0	49	12	22
c10785	-1	23	-1	-1	0	0	-1	0	0	0	46	22	-1	0	4	-1	-1	0	-1	-1	-1	-1	0	0	0	0	0	49	12	-1
c10793	0	-1	0	0	0	40	0	-1	-1	-1	0	0	0	0	-1	-1	10	0	-1	-1	44	0	0	-1	0	0	-1	-1	12	-1
c10797	-1	-1	-1	-1	0	0	0	0	17	29	0	-1	0	-1	0	0	-1	0	-1	0	0	0	-1	0	37	26	26	0	12	22
c10808	0	0	4	5	-1	48	-1	0	0	19	-1	0	0	-1	0	14	0	15	37	32	49	0	8	0	0	0	-1	46	0	22
c10816	0	-1	0	25	8	49	0	0	0	19	0	-1	0	6	0	0	0	0	6	0	-1	26	14	0	0	-1	-1	0	13	-1
c10817	-1	0	0	25	8	49	0	0	0	19	0	26	-1	6	0	-1	0	0	6	0	-1	26	14	0	0	0	-1	0	0	0
c10824	30	0	34	0	12	0	-1	0	49	0	-1	0	5	0	-1	0	34	27	0	0	0	-1	0	-1	0	0	0	0	0	22
c10842	0	0	-1	-1	-1	0	0	0	0	46	26	12	0	-1	0	0	-1	0	0	-1	0	0	6	-1	25	0	-1	32	-1	11
c10843	0	0	0	0	0	0	0	0	0	46	26	12	-1	-1	0	0	21	-1	0	-1	0	0	6	-1	25	0	22	-1	-1	11
c10847	18	26	0	0	14	0	0	0	0	19	0	-1	0	39	20	0	0	0	0	0	-1	0	-1	0	-1	0	-1	0	24	0
c10858	0	0	0	16	23	0	0	13	0	19	0	0	0	0	0	0	4	19	0	-1	49	0	40	3	0	-1	-1	-1	0	-1
c10859	0	48	0	16	-1	0	-1	13	0	19	0	0	0	0	0	0	-1	19	0	-1	49	0	40	3	0	40	-1	-1	0	0
c10875	0	0	-1	-1	0	0	-1	0	0	-1	0	40	-1	0	-1	0	4	19	0	34	49	0	13	3	0	40	-1	-1	0	0
c10880	8	0	-1	25	8	4	-1	0	0	19	0	26	0	39	-1	0	0	0	6	-1	-1	26	14	0	0	40	-1	-1	0	0
c10883	-1	-1	0	0	49	17	0	-1	49	19	-1	22	49	0	0	0	0	18	-1	0	-1	0	-1	0	-1	0	-1	0	0	-1
c10924	18	26	-1	0	26	0	-1	0	34	19	-1	-1	0	0	-1	0	14	26	41	0	49	-1	0	0	0	48	-1	0	10	0
c10939	43	23	0	10	0	0	8	0	-1	0	0	22	-1	0	-1	0	7	0	2	-1	0	5	0	14	0	-1	-1	-1	12	22
c10950	0	0	39	22	0	10	0	0	0	46	-1	-1	0	-1	0	0	21	0	2	0	0	0	0	0	26	48	-1	0	49	-1
c10960	-1	0	49	0	0	0	-1	-1	0	19	-1	0	-1	0	-1	-1	4	8	0	0	49	8	-1	49	34	0	-1	-1	0	26
c10961	-1	0	49	0	0	0	-1	0	0	19	-1	0	49	-1	0	0	4	8	0	-1	-1	-1	35	49	34	0	-1	0	0	26
c10965	0	23	-1	10	0	22	0	0	0	7	14	22	0	0	0	0	0	0	2	0	0	40	0	0	-1	0	0	-1	12	-1
c10982	0	-1	0	17	-1	-1	0	-1	0	0	0	-1	0	0	35	0	10	-1	26	-1	0	-1	11	-1	-1	0	-1	0	12	22
c10987	-1	-1	0	-1	-1	0	-1	0	0	19	17	26	0	7	0	0	-1	46	4	0	49	-1	6	0	0	-1	-1	0	0	-1
c11006	0	23	17	10	0	0	-1	0	-1	16	46	22	-1	0	0	6	0	0	2	0	0	0	0	-1	0	0	-1	49	12	22
c11020	0	-1	12	-1	-1	0	-1	12	0	46	26	12	0	-1	8	-1	-1	0	38	0	-1	-1	0	-1	-1	17	-1	25	0	0
c11023	-1	0	0	0	49	17	0	0	49	19	-1	22	-1	0	0	39	0	0	-1	0	-1	0	-1	0	-1	-1	-1	-1	0	26
c11066	-1	0	0	0	0	0	-1	-1	0	19	-1	0	0	-1	0	-1	4	19	0	37	-1	0	0	3	0	40	-1	0	-1	0
c11073	0	0	-1	5	-1	0	0	16	0	19	26	0	0	-1	-1	0	0	0	-1	-1	49	0	0	3	0	40	-1	0	0	-1
c11076	-1	-1	0	0	0	-1	0	-1	0	-1	40	0	0	0	35	0	10	0	26	0	0	0	11	-1	0	0	-1	0	12	22
c11090	0	23	0	10	0	49	0	39	0	7	14	22	4	0	0	0	0	0	-1	0	46	40	0	12	0	0	0	0	12	-1
c11112	0	-1	0	10	0	0	0	39	0	7	14	22	4	0	0	43	0	0	2	0	46	40	-1	0	-1	0	0	0	12	-1
c11116	0	42	0	0	45	0	26	0	0	0	31	0	0	0	0	4	17	-1	0	-1	0	0	6	-1	-1	0	0	0	45	-1
c11123	0	23	-1	0	0	0	23	0	43	0	-1	0	-1	-1	-1	0	6	0	0	0	0	3	0	46	-1	0	16	0	-1	22
c11128	0	-1	0	0	0	0	0	16	0	-1	-1	0	0	-1	-1	0	0	0	-1	0	49	0	0	3	14	40	-1	0	0	0
c11134	0	0	0	16	0	0	-1	26	-1	19	48	24	49	0	0	0	4	19	-1	0	49	0	0	3	0	-1	-1	0	2	0
c11136	0	0	0	0	22	-1	34	0	0	-1	-1	0	32	-1	-1	0	4	0	0	0	49	8	0	12	-1	-1	-1	-1	0	-1
c11147	0	-1	0	-1	0	39	-1	0	0	19	0	-1	0	3	17	0	-1	-1	0	-1	49	-1	5	49	48	0	-1	0	0	0
c11151	0	-1	-1	0	-1	-1	0	12	0	19	-1	-1	0	-1	14	3	0	0	0	13	49	0	0	45	34	-1	-1	32	0	-1
c11160	-1	-1	0	-1	0	5	0	0	0	19	-1	-1	0	0	0	0	0	0	0	0	-1	26	-1	-1	0	0	-1	-1	-1	26
c11167	-1	0	0	-1	40	0	14	0	0	46	26	-1	22	-1	0	0	21	0	0	22	-1	-1	0	-1	0	0	0	12	0	-1
c11183	22	0	0	15	0	17	0	-1	49	19	-1	22	-1	0	12	40	0	0	21	0	-1	-1	0	0	34	0	-1	0	-1	26
c11186	0	23	-1	0	0	0	26	0	12	-1	0	0	0	-1	35	0	10	-1	39	0	0	0	0	-1	0	0	0	0	-1	22
c11193	0	-1	-1	25	0	0	-1	0	0	-1	0	-1	0	0	0	0	-1	-1	-1	0	-1	-1	14	4	-1	-1	-1	22	0	0
c11212	0	23	0	-1	43	0	0	0	0	7	14	22	4	-1	0	0	0	0	2	0	-1	40	0	10	25	0	0	0	-1	22
c11226	0	23	-1	10	0	0	-1	0	0	7	14	22	4	0	0	0	0	-1	2	-1	0	40	-1	-1	0	0	0	-1	12	22
c11233	41	0	20	-1	0	0	2	0	-1	-1	0	46	8	-1	0	0	4	19	0	0	49	22	0	-1	0	-1	-1	0	0	0
c11250	43	25	0	-1	0	-1	44	0	-1	19	0	0	-1	-1	0	0	4	19	0	0	-1	-1	4	3	46	-1	-1	0	8	0
c11258	0	22	0	8	0	-1	22	16	0	19	0	0	14	5	-1	40	0	0	38	26	-1	0	-1	3	0	40	-1	-1	-1	-1
c11276	18	26	0	0	14	-1	0	0	0	19	0	0	0	0	-1	-1	0	0	22	0	49	10	0	0	0	-1	-1	0	0	0
c11283	0	0	0	-1	0	14	0	16	0	-1	3	0	-1	5	0	0	0	22	-1	0	49	26	0	3	-1	-1	-1	0	-1	8
c11284	0	-1	0	0	0	0	-1	0	17	-1	0	0	0	2	0	-1	-1	0	-1	0	0	18	4	0	37	-1	8	-1	12	22
c11292	-1	0	0	-1	0	-1	0	0	0	19	-1	-1	32	0	0	0	4	0	0	0	49	-1	0	-1	34	0	-1	0	0	26
c11311	0	0	0	0	0	0	0	-1	-1	19	-1	43	0	0	0	-1	4	0	31	0	-1	8	-1	49	-1	17	-1	0	0	26
c11312	0	0	0	-1	-1	0	-1	0	0	19	0	-1	0	0	-1	-1	4	19	0	0	49	0	23	3	49	-1	-1	0	-1	40
c11318	-1	0	40	25	-1	0	0	26	0	-1	4	26	3	-1	0	-1	-1	0	0	-1	-1	26	14	0	0	0	-1	-1	0	0
c11332	0	0	0	25	0	0	0	0	0	19	0	26	16	-1	0	0	0	0	6	40	-1	26	14	0	-1	0	-1	-1	-1	-1
c11346	0	0	-1	28	0	0	0	-1	0	-1	-1	-1	0	20	0	0	0	2	-1	0	49	0	17	22	34	20	-1	-1	13	0
c11348	-1	0	0	-1	-1	-1	0	0	0	19	-1	0	0	-1	-1	0	4	19	0	0	-1	26	0	-1	0	-1	-1	0	0	0
c11349	0	0	0	-1	0	4	0	0	0	19	0	0	0	0	0	0	4	19	0	0	49	26	0	3	-1	40	-1	-1	-1	-1
c11351	-1	0	-1	25	26	-1	-1	0	16	14	31	-1	0	0	-1	-1	-1	-1	0	0	0	2	0	-1	-1	19	0	0	0	-1
c11358	0	-1	0	0	0	0	-1	-1	0	19	0	0	0	0	-1	0	-1	37	0	0	-1	0	0	29	-1	0	-1	-1	0	0
c11363	-1	35	0	-1	0	17	0	0	-1	19	-1	22	49	0	-1	-1	12	0	0	0	-1	0	25	32	34	-1	-1	0	-1	-1
