	0	1	2	3	4	5	6	7	8	9	10	11	12	13	14	15	16	17	18	19	20	21	22	23	24	25	26	27	28	29
c1432	0	-1	-1	0	-1	0	33	-1	0	0	9	0	28	-1	24	0	0	-1	-1	36	43	43	0	-1	-1	26	-1	36	7	9
c1509	16	0	-1	0	-1	0	-1	0	-1	27	0	0	0	-1	0	-1	-1	-1	31	12	-1	-1	0	27	0	1	-1	0	0	12
c1666	34	-1	0	-1	-1	0	8	-1	-1	0	27	0	0	0	24	0	21	0	0	9	43	-1	9	0	0	45	27	18	0	0
c1681	0	0	0	0	0	-1	0	0	0	11	9	-1	24	21	24	0	0	0	0	0	-1	-1	0	33	-1	-1	-1	0	0	-1
c1688	9	12	0	-1	-1	0	29	0	0	-1	-1	9	0	0	-1	-1	36	-1	25	-1	43	0	0	0	12	31	1	0	0	0
c1830	-1	0	9	-1	28	0	7	0	-1	0	0	0	33	-1	29	-1	-1	0	-1	22	0	0	-1	27	36	28	0	0	-1	0
c2176	0	0	0	31	0	-1	33	0	0	-1	9	-1	9	1	24	35	38	-1	0	0	-1	43	-1	43	0	0	-1	0	0	9
c2202	0	0	0	34	0	0	31	0	0	9	9	5	12	1	24	0	-1	29	-1	-1	43	0	0	27	0	-1	7	42	16	9
c2302	0	0	31	0	0	-1	0	0	0	0	9	0	7	0	24	25	-1	-1	0	0	43	-1	35	0	0	0	9	0	0	9
c2346	0	-1	33	-1	0	0	8	0	0	0	0	31	0	-1	-1	-1	12	-1	0	-1	43	0	0	0	1	45	-1	18	0	0
c2392	-1	0	0	-1	0	-1	33	0	24	-1	9	0	12	0	24	21	0	0	0	36	43	43	0	-1	0	0	-1	-1	7	9
c2393	-1	0	0	0	0	-1	-1	0	24	0	9	0	25	0	24	0	0	-1	-1	36	43	43	0	43	0	0	-1	0	7	9
c2417	18	0	0	26	-1	28	0	0	29	0	9	0	-1	16	24	33	1	31	0	25	43	0	0	0	0	0	0	0	0	9
c2512	45	-1	0	0	-1	-1	16	0	-1	27	-1	13	-1	28	31	31	28	0	31	14	-1	0	0	27	0	0	0	-1	0	0
c2519	0	0	0	0	0	0	0	36	0	0	0	0	-1	0	-1	0	0	0	-1	34	43	-1	0	0	7	-1	-1	30	-1	0
c2583	0	0	0	0	-1	0	0	0	0	0	-1	0	0	49	-1	0	9	0	0	-1	43	0	-1	0	-1	0	-1	-1	27	9
c2611	-1	0	0	-1	-1	0	0	0	-1	27	0	-1	32	0	0	31	28	0	31	-1	-1	0	0	-1	0	0	0	13	0	-1
c2635	-1	-1	0	24	-1	0	40	-1	31	1	9	0	0	0	24	8	-1	0	2	16	43	-1	0	21	-1	43	28	0	-1	9
c2658	45	-1	29	0	0	28	1	28	0	-1	9	0	0	0	24	45	0	0	-1	0	43	0	-1	0	0	0	1	24	12	10
c2663	0	49	-1	0	0	0	1	28	0	-1	9	0	0	0	24	0	0	0	-1	0	43	0	-1	0	0	0	0	0	45	9
c2776	0	36	0	0	0	24	1	24	35	16	-1	-1	0	0	24	0	21	0	0	0	43	0	5	0	0	29	-1	0	0	0
c2862	-1	0	28	22	0	0	0	27	28	0	36	0	31	0	24	0	33	0	28	0	43	0	46	0	12	0	0	-1	0	-1
c2868	0	0	0	-1	0	0	0	0	-1	27	-1	0	0	28	0	31	-1	-1	31	0	0	0	0	-1	-1	0	24	-1	0	-1
c2904	0	0	0	-1	0	0	27	0	-1	0	9	0	0	0	24	33	0	0	0	0	43	-1	0	0	-1	0	-1	0	0	9
c2906	0	0	0	0	0	0	33	0	0	0	9	0	0	-1	24	0	38	-1	0	0	-1	43	-1	43	0	-1	-1	-1	0	9
c3019	9	0	0	0	-1	28	-1	0	0	0	9	7	0	28	-1	0	0	22	-1	-1	43	0	0	-1	0	27	0	26	0	9
c3104	25	0	0	2	0	-1	33	0	0	31	9	0	-1	9	24	-1	0	0	-1	36	43	-1	0	-1	0	-1	-1	0	7	9
c3196	-1	-1	0	0	-1	-1	0	0	-1	0	-1	-1	0	0	-1	0	0	-1	0	0	25	-1	45	0	0	-1	22	0	0	-1
c3215	0	-1	0	0	0	0	33	0	-1	0	9	-1	28	0	24	0	-1	0	0	24	-1	43	49	43	0	0	-1	0	-1	9
c3322	0	0	0	0	29	0	25	0	0	0	9	5	-1	21	24	-1	45	0	-1	24	43	2	0	0	-1	0	-1	-1	0	9
c3348	36	0	-1	-1	0	0	13	0	0	0	0	0	0	28	24	8	0	25	-1	-1	25	42	45	0	0	0	0	0	0	0
c3349	-1	0	0	-1	0	0	0	0	-1	0	0	0	0	0	-1	-1	0	25	-1	-1	25	42	45	22	-1	0	8	17	45	0
c3358	-1	0	12	-1	0	0	-1	0	0	0	0	0	0	-1	24	28	0	45	40	0	43	29	49	36	0	-1	13	0	0	14
c3373	36	9	0	0	0	0	0	0	0	0	0	-1	0	-1	24	0	0	28	-1	0	25	-1	-1	-1	2	33	-1	0	0	0
c3380	0	8	-1	0	-1	0	0	-1	-1	-1	-1	-1	21	0	24	0	0	0	-1	-1	43	0	0	-1	0	40	0	0	0	9
c3489	0	0	0	0	0	16	33	-1	0	0	9	29	0	0	-1	0	38	-1	0	0	-1	43	-1	43	0	0	-1	23	0	9
c3505	9	-1	10	-1	0	0	9	-1	0	0	0	33	-1	0	24	16	29	0	-1	0	43	-1	13	-1	-1	-1	0	-1	0	-1
c3525	9	12	0	0	0	7	0	-1	0	0	-1	33	0	0	24	0	0	0	25	0	-1	26	-1	22	12	31	0	0	0	24
c3537	29	0	0	0	-1	43	0	13	-1	27	-1	0	0	0	0	31	28	0	31	0	0	0	0	27	14	1	0	13	0	9
c3622	0	0	0	-1	0	-1	0	-1	-1	-1	0	13	-1	0	0	-1	28	0	-1	0	0	-1	0	27	-1	1	0	13	-1	9
c3623	0	0	0	0	-1	0	0	0	-1	27	0	-1	-1	29	0	31	28	0	31	0	0	12	0	-1	14	1	0	13	0	9
c3797	22	-1	-1	0	-1	0	34	25	0	0	36	0	0	0	24	0	35	-1	13	13	43	-1	46	48	-1	35	0	0	0	9
c3844	0	9	9	0	-1	7	7	0	-1	0	0	18	-1	25	0	31	-1	0	-1	22	0	30	-1	27	-1	0	0	0	0	-1
c3849	0	-1	9	0	28	0	-1	-1	-1	0	0	0	0	-1	12	31	-1	-1	0	-1	0	26	0	27	0	29	0	0	0	0
c3854	-1	0	-1	9	0	0	0	0	0	0	5	12	0	-1	24	28	0	45	0	-1	43	0	0	36	0	0	0	-1	0	0
c3923	0	0	0	-1	0	-1	0	-1	29	0	-1	0	42	0	24	-1	0	0	45	0	43	-1	0	18	0	0	0	-1	0	9
c3948	0	17	9	0	28	9	0	0	-1	32	-1	-1	-1	25	-1	31	-1	0	-1	0	0	0	28	27	0	0	-1	0	0	-1
c3950	0	-1	9	0	28	0	7	0	-1	0	-1	28	2	-1	0	31	-1	-1	-1	22	0	16	-1	27	0	28	-1	33	-1	-1
c3974	36	0	0	0	0	-1	0	0	0	31	-1	0	0	0	24	17	0	28	0	33	-1	-1	45	0	25	27	-1	-1	-1	0
c3979	31	0	13	0	0	0	18	0	-1	9	9	0	-1	-1	24	-1	36	0	-1	0	43	0	0	0	-1	0	0	0	0	-1
c3989	0	-1	0	-1	0	0	0	0	-1	27	0	0	-1	0	27	31	28	0	31	0	0	0	0	27	0	0	34	13	0	-1
c4056	36	0	0	29	0	0	0	-1	0	0	-1	0	0	0	24	0	0	-1	0	0	25	24	-1	0	0	-1	22	0	0	33
c4144	24	-1	0	22	0	0	12	47	0	-1	0	45	0	0	24	0	-1	-1	0	0	-1	28	9	0	0	-1	0	0	0	44
c4161	0	13	0	-1	-1	0	16	0	-1	27	38	0	33	43	-1	31	-1	-1	-1	-1	-1	0	0	27	28	49	0	0	0	-1
c4166	2	0	13	9	0	0	22	0	-1	27	-1	0	0	27	0	31	-1	18	31	0	0	0	0	27	-1	0	43	13	0	-1
c4168	-1	-1	12	-1	0	0	0	0	0	0	36	46	0	-1	24	28	34	27	26	0	43	18	-1	-1	-1	12	-1	0	30	0
c4289	23	36	-1	-1	2	0	29	0	0	0	9	-1	0	-1	24	33	9	-1	0	0	43	0	-1	31	0	0	-1	0	0	8
c4352	28	0	0	0	29	0	13	0	0	0	9	0	-1	0	24	0	0	-1	-1	24	43	0	-1	0	21	0	0	0	-1	9
c4372	0	36	0	0	0	24	-1	-1	35	16	9	-1	0	-1	24	0	0	0	-1	0	43	0	0	0	0	0	-1	0	0	-1
c4413	28	0	0	0	0	0	27	0	-1	0	-1	0	42	-1	0	-1	0	24	26	0	34	-1	0	27	0	0	0	0	0	-1
c4438	0	-1	0	0	0	16	0	-1	0	0	9	0	0	0	24	0	-1	0	0	-1	43	43	0	43	-1	-1	-1	5	0	9
c4486	45	0	0	0	0	0	-1	-1	-1	27	27	0	0	28	31	31	28	0	31	0	-1	0	0	27	-1	-1	0	33	-1	-1
c4526	1	0	0	-1	0	0	-1	45	-1	-1	-1	0	49	49	24	0	-1	0	0	0	-1	-1	0	1	36	-1	9	-1	27	-1
c4533	0	0	0	0	32	-1	0	-1	-1	27	38	-1	33	0	-1	31	28	-1	31	28	-1	-1	0	27	28	8	24	0	10	0
c4543	0	0	0	0	29	0	0	0	0	0	9	0	-1	0	24	-1	0	-1	-1	24	-1	0	0	0	21	0	-1	0	0	9
c4548	24	0	-1	21	0	0	-1	0	0	31	-1	45	0	0	24	0	11	12	0	0	-1	-1	-1	0	43	-1	0	-1	0	-1
c4556	-1	12	0	0	0	-1	0	0	0	-1	0	0	0	0	24	0	0	0	25	-1	43	0	-1	0	12	31	0	-1	0	0
c4566	0	8	0	0	2	0	-1	0	-1	27	38	-1	33	0	0	31	28	-1	31	28	-1	0	0	27	28	31	0	25	0	0
c4681	0	0	0	0	-1	0	0	43	0	9	9	-1	0	1	24	0	0	-1	0	1	43	18	0	0	1	0	7	0	-1	9
c4722	-1	12	0	0	-1	35	0	2	-1	0	0	0	0	0	24	0	0	0	25	0	43	0	1	34	-1	-1	0	0	0	0
c4791	49	0	12	0	48	0	-1	0	-1	14	0	46	-1	-1	24	28	0	-1	31	0	43	18	-1	-1	-1	12	0	0	-1	0
c4817	0	-1	0	-1	29	0	0	0	0	-1	-1	0	-1	0	24	1	0	0	-1	24	-1	0	37	0	21	0	0	0	0	9
c4824	0	0	0	9	-1	0	22	29	-1	27	0	0	0	27	0	31	28	18	31	0	0	0	0	27	-1	0	-1	-1	12	0
c4829	0	36	-1	0	0	0	30	0	0	0	-1	0	0	26	24	0	0	30	0	0	43	0	0	0	0	-1	-1	-1	0	-1
c4838	-1	0	0	0	23	0	18	0	0	-1	9	-1	-1	0	-1	0	36	0	0	0	43	0	0	0	6	-1	-1	22	0	9
c4847	9	12	0	0	0	31	0	-1	0	28	0	0	0	13	24	0	0	0	25	-1	43	9	-1	0	-1	31	0	-1	-1	0
c4861	-1	35	0	0	0	0	0	0	0	27	0	0	-1	2	24	0	0	0	0	0	25	34	45	0	0	0	0	19	0	0
c4891	36	42	0	0	0	29	0	-1	0	0	-1	27	0	0	24	17	0	28	0	-1	-1	0	45	0	25	27	0	39	0	0
c4897	0	0	0	0	25	-1	0	31	0	0	9	0	1	0	24	-1	0	0	0	-1	43	43	0	43	0	0	-1	-1	0	9
c4926	36	44	0	0	-1	0	0	0	0	0	30	-1	-1	0	24	48	0	28	0	0	-1	0	-1	0	0	-1	0	0	-1	0
c4940	0	-1	0	43	0	0	-1	0	-1	27	-1	-1	33	0	28	31	28	0	-1	28	-1	0	0	27	28	0	0	1	10	0
c4982	0	45	18	0	0	0	0	9	0	-1	9	5	0	0	24	-1	0	28	8	-1	43	0	0	44	0	-1	0	18	-1	9
c5015	0	0	0	0	0	-1	25	0	-1	39	9	-1	10	0	-1	-1	0	-1	45	0	43	0	10	18	0	-1	-1	0	-1	9
c5093	-1	-1	0	-1	0	0	0	28	0	0	0	0	12	27	24	0	25	-1	9	17	-1	0	-1	2	0	0	45	1	16	-1
c5122	0	-1	0	0	0	-1	18	0	0	9	9	0	0	0	24	0	36	0	0	0	43	0	0	0	6	0	-1	-1	0	9
c5134	29	-1	32	-1	25	24	0	0	0	0	9	0	9	27	24	0	27	0	0	0	43	0	22	28	0	0	9	-1	0	-1
c5139	36	0	0	0	0	0	-1	21	-1	0	0	0	0	0	-1	-1	0	0	0	0	25	0	45	0	0	-1	22	0	0	33
c5172	9	-1	0	-1	0	0	0	0	31	-1	9	0	-1	-1	24	0	0	0	2	16	-1	0	27	-1	0	43	28	0	-1	-1
c5204	0	0	0	0	-1	0	-1	0	-1	0	9	0	-1	0	-1	0	0	0	-1	24	43	0	0	0	21	0	0	0	0	9
c5235	-1	0	0	-1	0	0	12	31	-1	0	0	0	0	31	24	0	11	-1	0	0	43	28	27	0	0	-1	0	18	8	44
c5244	0	9	9	0	-1	-1	7	0	-1	27	0	0	-1	25	0	-1	-1	0	0	-1	0	30	-1	27	0	0	0	0	0	-1
c5269	0	31	31	34	-1	0	0	0	0	-1	-1	0	0	0	24	13	0	0	0	0	-1	-1	23	36	0	27	-1	0	28	9
c5284	0	36	0	-1	-1	0	-1	0	0	0	0	42	0	0	24	0	0	-1	0	-1	-1	-1	18	0	0	28	0	0	0	0
c5298	0	0	0	0	-1	-1	0	0	-1	27	-1	0	0	0	0	31	28	3	31	0	0	0	-1	27	28	0	0	0	-1	0
c5323	36	13	0	-1	0	0	26	-1	-1	27	43	0	45	28	0	31	28	0	31	-1	0	0	26	27	1	0	-1	12	0	-1
c5327	36	-1	0	0	0	0	0	-1	0	0	0	9	0	-1	24	-1	-1	28	-1	0	25	0	45	18	0	0	0	0	0	0
c5343	9	12	0	24	0	35	0	2	-1	-1	0	-1	0	0	24	2	0	0	25	0	43	-1	0	0	-1	31	0	0	-1	36
c5350	17	-1	-1	0	29	0	0	0	-1	0	-1	-1	-1	0	24	0	0	0	-1	24	43	0	0	0	21	0	0	-1	0	9
c5357	-1	0	9	-1	28	0	7	0	-1	0	0	0	33	25	-1	31	-1	0	0	22	0	-1	-1	-1	36	28	0	0	0	0
c5397	36	-1	0	-1	0	0	-1	0	0	21	30	9	-1	0	24	48	0	28	0	0	-1	-1	-1	-1	22	0	-1	0	0	0
c5411	9	12	0	0	0	-1	-1	-1	-1	-1	-1	0	0	-1	24	0	0	0	-1	0	-1	-1	0	0	-1	31	0	0	0	0
c5429	24	0	-1	0	0	0	0	0	0	9	-1	5	0	1	-1	0	0	29	0	1	43	-1	0	0	0	-1	7	-1	16	9
c5459	14	0	0	-1	0	0	8	0	0	-1	0	31	-1	0	24	7	0	27	-1	9	43	0	0	0	-1	45	0	18	-1	28
c5510	0	36	-1	0	22	24	1	-1	35	-1	9	1	0	0	24	-1	-1	0	0	0	43	0	0	-1	0	-1	0	0	0	0
c5511	0	36	33	0	-1	24	1	24	35	16	9	1	0	0	24	0	-1	0	0	0	-1	0	28	0	0	0	-1	0	0	0
c5542	-1	2	0	0	0	0	0	0	29	0	-1	0	0	0	24	33	31	0	-1	0	43	0	-1	44	0	34	-1	0	0	9
c5561	0	0	0	0	29	0	25	0	0	21	-1	0	0	21	24	0	45	-1	-1	-1	-1	2	0	26	0	0	0	33	0	9
c5596	0	46	-1	0	0	0	0	0	29	0	9	0	0	7	24	33	0	0	45	-1	43	0	10	18	0	0	-1	0	0	9
c5617	0	0	-1	-1	0	0	-1	0	0	9	-1	14	0	25	-1	-1	36	0	21	0	43	0	-1	-1	6	0	0	0	0	9
c5633	-1	36	0	0	1	0	1	13	-1	33	9	0	0	35	-1	45	-1	12	28	12	43	0	-1	0	39	0	25	0	0	-1
c5705	-1	12	0	0	0	0	0	0	33	21	2	-1	0	24	24	0	0	-1	25	-1	-1	0	1	-1	12	31	0	0	0	0
c5714	0	0	0	0	-1	0	0	0	0	0	-1	33	0	49	24	0	0	0	-1	0	43	0	0	28	0	0	-1	0	0	-1
c5716	0	0	31	34	31	0	0	0	-1	0	-1	31	22	-1	-1	13	43	0	0	0	43	-1	23	36	0	27	0	0	0	9
c5721	36	-1	0	-1	0	-1	-1	0	0	0	-1	12	0	16	24	17	0	28	0	33	-1	0	45	0	25	27	-1	39	-1	0
c5759	22	0	28	0	26	0	0	-1	0	12	-1	0	-1	0	24	0	12	-1	13	0	43	-1	-1	48	12	0	0	0	0	-1
c5772	0	-1	0	36	8	24	1	-1	35	16	-1	0	0	0	24	0	0	0	-1	0	43	0	0	0	46	0	31	0	0	-1
c5795	45	0	-1	36	0	0	16	-1	-1	27	27	0	0	28	-1	31	28	0	31	-1	-1	0	0	-1	0	0	0	-1	0	0
c5798	-1	12	0	0	0	9	0	0	-1	-1	0	-1	0	0	0	31	28	26	31	0	0	0	-1	27	0	0	0	0	0	0
c5817	0	-1	0	0	0	0	0	0	29	0	9	0	-1	0	24	33	0	0	-1	0	43	0	-1	18	0	0	-1	0	0	-1
c5824	28	-1	0	0	-1	0	0	28	-1	35	0	0	0	0	-1	31	0	24	-1	-1	0	0	0	27	0	0	2	0	0	0
c5864	36	0	0	0	18	22	31	30	0	0	-1	28	-1	0	24	0	17	0	0	0	-1	0	45	0	0	0	0	0	0	39
c5905	-1	9	9	0	-1	7	7	0	-1	0	0	0	11	25	0	31	-1	-1	0	22	0	0	-1	27	0	45	48	10	0	-1
c5921	0	0	12	-1	0	0	-1	-1	9	0	0	46	0	-1	24	28	18	27	0	0	43	18	16	-1	-1	12	0	0	0	0
c5950	-1	22	0	0	0	27	0	0	0	-1	45	0	0	27	24	12	-1	-1	-1	0	-1	-1	0	2	0	0	0	0	12	0
c5956	0	-1	0	9	0	0	-1	0	-1	27	0	0	-1	27	-1	31	28	18	31	18	0	0	0	27	0	0	0	-1	0	0
c5957	0	0	-1	9	0	0	22	0	-1	-1	0	-1	-1	-1	0	31	28	18	31	-1	0	0	0	27	0	14	0	13	0	0
c5996	0	0	0	36	0	0	36	36	-1	0	0	14	0	45	0	-1	0	-1	0	0	-1	0	2	27	0	0	0	0	-1	-1
c6003	0	0	1	45	29	0	-1	0	0	27	9	-1	-1	0	24	0	0	0	-1	24	43	0	0	-1	0	0	0	-1	0	9
c6009	0	38	-1	42	0	-1	0	0	0	45	0	-1	0	-1	24	28	-1	0	-1	0	43	0	0	36	0	-1	0	34	33	0
c6023	-1	0	0	0	0	25	2	0	-1	27	0	0	0	6	0	31	-1	34	-1	-1	-1	0	0	27	28	0	27	0	0	36
c6032	9	-1	0	-1	-1	-1	-1	-1	0	0	9	0	34	-1	24	0	12	22	0	16	43	0	0	0	0	27	0	-1	0	9
c6049	18	17	-1	0	28	-1	0	0	-1	32	-1	0	0	25	0	31	-1	0	0	-1	-1	0	0	27	0	0	-1	0	-1	0
c6050	9	0	-1	-1	0	0	0	33	0	-1	0	35	13	29	24	0	26	12	0	0	43	23	46	0	12	-1	0	-1	16	25
c6088	0	22	0	1	28	27	0	-1	-1	-1	36	29	0	27	24	0	0	0	0	0	-1	0	0	2	-1	0	28	0	0	0
c6122	34	36	0	0	-1	-1	0	0	0	-1	9	0	0	44	-1	33	-1	30	28	28	43	0	0	-1	45	31	0	0	0	8
c6132	24	-1	16	0	0	0	12	-1	0	0	-1	45	0	0	-1	0	11	-1	0	0	43	28	9	0	-1	-1	-1	0	0	44
c6209	-1	-1	0	26	0	-1	0	2	0	0	8	0	0	0	24	0	0	0	25	0	-1	-1	0	0	12	31	0	0	0	-1
c6219	0	-1	28	0	0	-1	0	0	0	0	-1	0	0	1	24	-1	-1	0	0	-1	43	23	46	-1	12	-1	0	-1	9	0
c6255	36	17	0	43	12	0	0	0	1	0	-1	9	0	49	24	48	-1	-1	30	1	25	41	-1	-1	44	0	-1	9	0	0
c6264	0	0	9	35	-1	-1	-1	0	0	11	9	-1	0	0	-1	-1	0	0	0	31	43	0	49	0	-1	28	9	0	0	9
c6295	-1	0	0	0	0	0	0	0	-1	27	0	0	0	28	0	31	-1	30	31	-1	0	-1	0	27	-1	27	24	-1	0	0
c6301	0	-1	9	0	28	9	0	0	-1	-1	0	0	0	-1	-1	31	-1	0	0	9	-1	25	0	27	0	0	0	0	0	0
c6314	43	0	28	-1	-1	-1	-1	0	0	-1	28	0	13	-1	24	-1	-1	-1	-1	0	43	-1	-1	45	-1	-1	-1	0	31	-1
c6355	29	-1	0	0	1	0	27	21	-1	0	0	0	-1	0	-1	31	0	0	-1	22	0	-1	0	27	31	0	0	12	12	-1
c6369	36	13	27	33	-1	0	26	-1	-1	27	-1	0	45	28	34	31	28	0	-1	13	0	1	26	27	0	-1	-1	12	0	28
c6381	0	0	12	-1	0	0	0	0	0	-1	0	46	0	-1	24	28	0	-1	0	-1	43	-1	-1	-1	-1	12	0	0	-1	0
c6401	-1	13	-1	0	-1	0	0	0	0	9	9	0	0	0	-1	25	-1	0	-1	0	43	18	0	0	0	-1	16	17	12	9
c6446	9	-1	0	0	0	0	0	-1	0	0	8	0	0	0	-1	0	0	0	25	0	-1	0	44	22	12	31	0	0	0	24
c6454	0	0	-1	-1	27	0	9	0	0	-1	9	-1	0	0	-1	0	0	0	0	0	43	0	0	0	0	0	0	0	18	9
c6471	-1	28	0	-1	34	9	0	0	-1	0	0	0	-1	-1	24	0	-1	0	0	0	43	-1	0	0	26	45	-1	-1	28	-1
c6483	9	12	45	30	0	0	-1	-1	0	0	0	0	0	0	-1	-1	0	0	25	0	43	0	0	0	12	31	0	-1	31	0
c6499	0	9	9	8	-1	7	7	0	-1	-1	0	10	-1	25	0	31	-1	0	0	22	-1	0	-1	27	0	45	0	0	0	-1
c6511	24	0	0	0	0	0	12	8	-1	0	-1	0	0	28	24	-1	11	-1	0	0	43	28	35	-1	0	-1	0	22	0	44
c6514	-1	36	-1	16	0	0	1	0	0	33	9	0	0	25	24	-1	0	0	-1	0	43	-1	0	0	0	0	1	0	-1	-1
c6516	0	-1	-1	0	0	0	1	-1	9	21	9	0	-1	-1	24	0	0	0	0	-1	-1	0	0	0	0	0	0	0	43	0
c6531	0	0	0	-1	-1	0	0	0	0	0	9	0	-1	0	-1	0	-1	0	-1	24	43	-1	-1	9	21	-1	40	0	13	9
c6585	0	-1	-1	0	-1	0	1	0	0	-1	9	0	16	0	24	0	0	0	22	0	43	0	0	0	0	0	0	30	-1	-1
c6589	0	0	28	22	8	0	0	-1	0	0	36	-1	-1	0	24	0	33	0	28	0	43	0	46	0	12	-1	0	28	0	-1
c6598	45	0	0	-1	0	0	-1	-1	-1	27	27	0	0	28	-1	31	28	0	31	0	-1	2	12	27	-1	0	0	33	0	-1
c6618	-1	0	0	0	0	0	0	0	-1	27	0	0	0	0	0	31	28	-1	31	0	0	-1	25	27	0	0	0	13	0	11
c6619	0	-1	0	0	0	0	-1	0	-1	-1	0	0	0	0	-1	31	28	0	31	0	0	0	25	27	0	0	0	-1	0	0
c6648	0	-1	24	-1	0	0	-1	0	-1	-1	0	0	0	-1	0	31	28	32	-1	0	-1	0	0	27	0	-1	0	13	-1	0
c6685	0	12	-1	0	0	0	0	0	-1	-1	0	0	-1	17	-1	31	-1	26	31	0	0	0	-1	27	0	0	0	0	-1	-1
c6731	33	-1	-1	0	0	0	-1	0	31	-1	9	12	0	0	24	0	0	0	2	-1	43	0	-1	21	0	43	28	-1	-1	9
c6754	0	26	12	0	0	0	0	-1	0	0	0	46	-1	-1	24	28	22	1	23	0	43	18	-1	-1	-1	12	0	0	27	27
c6781	0	-1	0	-1	0	-1	-1	28	0	33	9	0	31	-1	24	45	0	0	-1	0	43	0	0	0	0	-1	1	24	12	-1
c6785	0	0	0	0	-1	0	0	0	0	0	9	33	0	49	24	0	0	0	-1	0	-1	0	0	28	-1	-1	9	0	25	9
c6788	9	24	28	-1	0	-1	9	0	0	0	-1	0	42	0	24	9	0	0	8	-1	43	0	13	2	12	0	0	16	-1	13
c6823	0	0	0	0	0	0	0	24	0	9	9	-1	0	0	24	0	0	0	0	0	43	-1	0	0	-1	0	-1	0	0	9
c6829	-1	12	0	45	-1	0	-1	2	0	-1	8	0	0	0	24	0	0	0	25	0	-1	0	0	0	-1	-1	0	0	0	0
c6852	0	27	-1	0	0	0	0	-1	-1	27	-1	16	-1	-1	0	31	28	-1	-1	0	0	-1	0	27	28	0	0	36	0	0
c6915	24	0	-1	16	0	-1	12	0	0	-1	0	0	0	31	24	0	11	0	34	0	43	28	27	0	0	-1	0	18	0	-1
c6921	0	0	0	0	0	9	47	0	-1	27	-1	0	0	0	0	31	-1	31	31	0	-1	0	0	27	28	0	0	32	0	0
c6928	-1	0	28	-1	-1	0	8	0	33	0	0	0	27	0	24	0	-1	27	22	-1	-1	36	0	-1	8	45	0	-1	-1	0
c6942	-1	0	-1	0	0	-1	34	-1	-1	-1	38	-1	33	1	28	31	28	0	31	28	-1	0	0	27	28	44	0	0	0	0
c6950	0	-1	0	0	0	0	33	0	0	0	9	0	0	0	24	0	38	0	0	0	-1	43	-1	43	0	7	-1	42	45	9
c6956	45	0	-1	0	0	-1	-1	0	-1	27	-1	0	0	28	31	31	28	-1	31	0	-1	0	0	27	0	0	0	33	-1	0
c6959	9	12	0	0	0	0	5	2	0	0	0	0	0	0	-1	-1	0	0	25	0	43	0	0	0	12	31	5	-1	0	0
c6998	-1	-1	12	0	31	0	0	-1	0	0	-1	0	0	-1	24	28	31	0	0	-1	43	0	0	36	-1	-1	0	42	-1	0
c7026	-1	0	-1	0	0	0	-1	0	-1	27	0	0	25	-1	0	-1	-1	-1	31	12	12	0	0	27	0	-1	-1	0	0	0
c7027	16	0	-1	0	0	0	0	0	-1	27	0	0	25	0	0	-1	-1	-1	31	12	12	0	0	27	-1	1	0	-1	0	0
c7037	0	36	-1	0	0	0	1	0	-1	33	9	0	0	0	-1	45	-1	28	0	0	43	-1	-1	0	0	-1	1	0	12	0
c7045	43	-1	9	-1	28	-1	7	0	-1	-1	11	0	0	25	-1	31	-1	0	0	22	0	0	-1	27	0	0	0	19	0	-1
c7053	0	-1	9	33	28	9	0	-1	-1	32	0	12	0	25	9	31	-1	0	-1	-1	0	-1	0	-1	0	0	0	0	0	9
c7104	-1	-1	0	0	29	0	0	0	0	-1	9	0	21	0	24	0	0	0	-1	-1	43	-1	0	0	0	0	0	0	-1	9
c7201	7	1	12	0	0	1	0	24	0	0	0	-1	-1	-1	24	28	0	45	0	0	43	0	0	-1	0	0	0	0	-1	0
c7209	28	36	12	0	0	0	-1	0	22	-1	0	46	0	-1	24	28	-1	27	0	0	43	18	16	-1	-1	12	0	0	0	-1
c7212	0	-1	0	-1	-1	0	36	36	-1	0	0	-1	0	45	0	-1	-1	24	0	0	-1	0	-1	27	0	0	0	0	-1	0
c7216	36	0	-1	0	0	0	0	-1	-1	0	0	-1	0	0	-1	0	0	16	28	0	25	0	-1	-1	0	-1	0	0	0	0
c7220	0	-1	-1	0	0	0	29	0	8	0	9	0	0	44	24	33	9	-1	0	0	43	0	0	31	0	0	0	0	0	8
c7221	29	36	28	0	-1	0	29	0	8	0	9	-1	-1	-1	24	-1	9	30	-1	0	-1	0	0	-1	0	0	-1	0	0	8
c7231	0	0	-1	0	29	-1	0	0	-1	0	9	0	-1	-1	24	-1	0	-1	-1	24	43	0	-1	0	21	0	40	-1	13	9
c7252	0	0	0	0	29	0	-1	45	0	0	9	0	0	0	24	0	0	-1	-1	24	43	-1	0	0	-1	0	0	0	0	9
c7262	0	-1	-1	2	-1	0	0	-1	-1	0	0	0	-1	49	24	-1	0	-1	0	-1	43	25	-1	-1	0	28	-1	0	0	0
c7263	0	0	0	-1	-1	0	0	-1	0	0	0	-1	0	-1	24	0	0	-1	0	-1	43	25	18	-1	-1	-1	-1	-1	-1	0
c7269	0	-1	31	-1	-1	-1	-1	0	29	0	-1	-1	7	0	24	0	-1	0	0	0	43	0	-1	36	0	27	0	0	-1	-1
c7291	0	0	0	-1	0	24	0	-1	0	9	-1	-1	0	1	24	0	0	-1	5	-1	-1	1	28	0	-1	-1	-1	42	-1	9
c7297	9	-1	-1	-1	-1	-1	-1	2	-1	0	0	0	0	-1	24	37	0	31	25	0	43	0	-1	34	-1	31	-1	0	0	0
c7303	0	0	-1	-1	-1	-1	0	0	0	36	0	42	0	0	24	0	0	0	-1	-1	-1	27	18	0	16	28	0	0	0	36
c7312	0	36	0	0	0	0	1	0	-1	33	9	0	0	0	-1	45	30	0	0	0	43	0	-1	-1	-1	0	1	31	-1	0
c7370	29	-1	0	0	1	0	27	21	-1	0	0	0	0	0	45	31	0	0	-1	-1	0	-1	0	27	31	0	0	12	12	-1
c7371	29	-1	0	-1	-1	-1	27	21	-1	0	0	0	0	0	45	31	0	0	-1	0	0	-1	-1	27	31	0	-1	12	-1	0
c7377	0	0	24	0	0	0	-1	0	-1	27	0	0	-1	0	0	31	28	32	31	0	0	0	-1	27	0	0	0	13	0	0
c7379	-1	9	0	0	29	0	-1	-1	-1	0	9	-1	21	0	24	-1	-1	0	-1	24	-1	0	0	27	0	0	0	0	0	9
c7387	36	31	0	0	-1	0	0	0	0	9	0	0	7	0	24	0	-1	0	-1	0	25	27	45	0	29	0	0	36	0	13
c7394	9	12	0	24	-1	35	29	2	-1	16	-1	0	0	-1	-1	0	0	0	25	32	43	0	0	0	12	31	0	0	-1	25
c7407	49	-1	-1	0	0	18	1	36	0	0	0	-1	0	31	24	-1	-1	-1	0	-1	43	33	-1	0	7	49	-1	0	-1	0
c7415	33	0	9	33	28	-1	7	0	-1	0	0	0	33	-1	0	31	-1	0	0	22	-1	0	-1	-1	-1	28	0	0	0	25
c7418	0	17	9	0	28	9	0	31	-1	32	0	0	0	25	0	31	-1	0	0	0	1	-1	0	-1	0	0	0	0	0	0
c7438	0	0	0	0	0	0	-1	0	-1	27	33	-1	-1	-1	-1	31	-1	29	31	0	0	0	-1	27	0	0	0	-1	-1	0
c7439	0	0	30	0	0	0	0	0	-1	27	33	-1	0	0	0	-1	28	-1	31	-1	0	0	0	27	0	0	0	-1	0	-1
c7449	9	12	0	0	24	0	0	-1	0	28	-1	0	5	0	24	22	0	-1	25	-1	43	0	0	0	12	31	0	-1	31	-1
c7450	-1	-1	0	0	31	0	-1	0	0	0	9	0	0	-1	24	-1	0	22	0	0	43	-1	33	-1	49	27	0	-1	-1	9
c7452	0	0	0	0	0	0	33	0	0	30	9	0	0	0	24	0	38	0	-1	29	43	43	0	43	0	7	-1	0	0	9
c7472	0	0	0	0	-1	21	9	0	0	9	-1	12	0	0	-1	0	0	0	-1	0	43	-1	-1	0	0	33	-1	-1	18	9
c7523	0	0	0	0	0	0	33	0	-1	0	9	0	-1	0	24	0	-1	1	-1	0	43	43	0	-1	0	-1	-1	0	-1	9
c7535	0	-1	-1	27	46	0	45	0	0	-1	0	0	0	-1	-1	28	0	0	0	0	-1	16	0	-1	0	0	-1	0	0	-1
c7540	14	26	12	0	0	0	-1	-1	-1	0	0	46	-1	-1	-1	28	0	1	-1	0	43	-1	0	-1	-1	12	0	0	27	0
c7563	0	0	0	33	27	0	9	0	0	9	9	12	0	45	24	0	-1	0	0	0	-1	45	0	0	0	0	-1	-1	18	9
c7569	-1	8	45	-1	-1	33	0	-1	29	0	0	0	0	-1	24	0	-1	0	-1	0	43	-1	18	0	0	28	-1	0	0	24
c7575	0	46	0	0	0	0	0	0	29	0	9	0	0	0	-1	33	0	0	45	0	43	0	-1	18	0	0	-1	0	-1	9
c7576	-1	12	41	-1	0	0	0	-1	-1	27	0	0	0	-1	0	31	-1	26	31	7	0	-1	-1	27	0	-1	31	0	0	-1
c7581	0	36	-1	0	21	0	0	0	0	0	9	0	0	26	-1	45	0	30	-1	0	43	0	-1	0	0	-1	-1	0	0	-1
c7583	24	0	0	0	0	-1	0	0	0	9	9	5	43	-1	-1	0	0	29	0	1	43	-1	-1	0	0	0	7	0	16	9
c7597	49	0	12	0	48	0	0	32	-1	14	0	-1	36	-1	24	-1	0	27	-1	0	43	-1	16	-1	-1	12	-1	-1	0	0
c7601	0	36	45	0	-1	0	0	-1	27	0	9	0	0	0	24	0	17	30	31	49	-1	0	-1	0	0	-1	0	-1	0	-1
c7614	0	0	31	-1	-1	0	0	-1	0	0	9	0	22	0	24	13	0	-1	0	0	43	28	23	-1	0	27	0	0	0	9
c7625	0	7	-1	34	-1	0	49	-1	0	0	-1	31	22	-1	-1	13	-1	0	-1	0	43	28	23	36	0	27	-1	0	0	9
c7641	0	33	-1	0	-1	0	0	0	0	29	9	-1	0	0	24	0	36	12	-1	-1	43	-1	18	-1	1	28	0	0	0	0
c7652	-1	36	0	0	0	0	0	0	0	-1	9	-1	-1	-1	24	-1	-1	30	27	0	43	0	12	0	0	0	0	0	0	0
c7672	28	0	0	0	-1	0	-1	0	-1	0	-1	0	-1	-1	0	31	0	24	26	-1	-1	-1	0	27	43	0	0	0	0	0
c7673	28	0	0	0	0	0	-1	0	-1	0	27	0	42	7	0	31	0	24	26	0	34	-1	0	27	43	0	0	0	-1	0
c7717	9	-1	33	-1	31	-1	-1	0	0	0	9	-1	0	-1	24	0	0	22	0	16	43	0	-1	0	0	27	0	26	-1	9
c7721	0	0	0	0	0	0	27	0	-1	10	24	0	-1	0	0	31	0	24	0	0	1	-1	0	-1	-1	-1	0	-1	46	30
c7724	0	0	0	-1	0	-1	-1	-1	-1	27	-1	-1	-1	27	9	-1	-1	18	31	0	0	0	30	27	0	7	29	13	0	0
c7734	0	0	0	29	29	0	0	-1	0	0	9	0	-1	-1	24	0	0	0	-1	24	43	0	0	0	21	0	0	0	-1	9
c7736	0	-1	-1	0	0	24	-1	-1	-1	16	-1	0	0	0	24	0	21	-1	0	-1	43	0	0	0	0	0	0	0	-1	0
c7737	0	36	0	0	0	24	-1	24	35	-1	9	0	0	0	24	-1	-1	0	-1	0	43	0	0	0	0	0	0	0	-1	0
c7760	0	0	12	9	30	0	0	0	-1	0	0	46	0	-1	24	28	0	27	0	-1	43	18	16	-1	-1	12	0	42	0	0
c7775	0	28	0	0	-1	-1	33	0	0	27	9	0	45	0	24	27	0	0	8	36	43	-1	0	43	0	0	-1	-1	7	9
c7812	45	0	0	0	0	0	0	-1	-1	27	38	0	33	-1	28	-1	28	0	31	28	-1	18	0	27	28	13	0	0	0	0
c7850	30	0	0	-1	8	0	-1	0	0	0	37	-1	29	0	24	0	9	-1	0	9	43	0	0	0	-1	45	0	18	0	0
c7857	0	-1	0	-1	34	9	0	-1	-1	0	0	0	-1	9	24	0	29	-1	0	0	43	0	0	0	26	45	0	13	28	-1
c7909	-1	-1	-1	-1	-1	0	-1	0	0	0	9	7	0	-1	24	0	0	22	0	12	43	-1	0	0	0	27	0	26	45	-1
c7912	0	32	0	-1	0	0	0	27	0	-1	34	0	-1	0	24	24	0	9	0	28	43	24	0	0	0	45	-1	36	9	0
c7924	43	9	9	0	28	0	7	0	-1	0	-1	0	0	25	0	31	-1	0	0	22	0	0	-1	-1	-1	0	0	0	0	-1
c7927	30	0	0	-1	0	0	0	0	0	-1	0	-1	29	0	-1	0	0	0	0	-1	43	0	0	-1	0	45	-1	18	0	0
c7937	0	-1	0	0	16	0	28	36	-1	0	0	0	0	12	-1	0	0	0	0	0	-1	-1	0	-1	7	-1	0	21	-1	31
c7941	45	0	0	0	0	0	16	0	-1	27	27	0	0	-1	31	-1	28	0	-1	-1	-1	-1	0	27	-1	9	0	33	-1	0
c7971	0	-1	0	0	0	-1	0	0	-1	27	-1	0	33	16	-1	-1	28	31	31	28	-1	18	0	-1	-1	13	0	0	0	0
c7974	35	29	0	0	0	0	0	-1	1	-1	9	-1	-1	0	24	0	0	0	0	0	43	43	-1	43	-1	0	-1	-1	0	9
c8008	-1	0	0	0	31	0	-1	0	0	0	9	0	28	-1	24	0	-1	-1	0	16	-1	17	0	0	22	27	0	26	0	9
c8021	0	0	0	-1	-1	0	-1	0	29	0	9	0	0	0	24	33	0	0	-1	-1	-1	0	10	18	0	-1	0	-1	0	-1
c8034	24	0	0	6	0	0	12	0	0	0	-1	0	27	-1	24	0	11	0	0	0	43	28	35	0	0	-1	-1	0	0	44
c8039	0	0	31	34	-1	0	0	0	0	0	9	-1	22	0	24	13	0	0	0	0	43	-1	23	36	-1	27	-1	27	27	9
c8042	0	36	0	45	0	0	-1	-1	0	0	9	0	0	44	24	33	9	30	0	0	-1	0	0	31	0	28	0	0	0	-1
c8043	0	36	0	45	0	-1	29	0	0	0	9	0	0	44	-1	33	-1	30	0	0	-1	0	0	31	0	28	0	0	0	-1
c8055	0	38	-1	42	0	-1	0	0	0	45	2	-1	0	-1	24	-1	-1	-1	-1	0	43	0	0	36	-1	-1	0	0	33	-1
c8071	0	0	0	0	-1	0	0	0	29	0	9	0	-1	0	24	33	37	0	45	0	-1	0	10	-1	0	-1	0	0	0	9
c8072	0	0	12	0	0	0	7	0	0	17	-1	0	0	-1	24	-1	0	0	13	14	-1	0	-1	36	-1	-1	0	0	-1	8
c8079	0	0	-1	0	0	0	0	0	-1	0	0	0	0	0	0	31	0	24	0	0	43	0	-1	27	0	0	-1	0	0	-1
c8087	0	36	45	7	-1	0	0	0	-1	0	9	24	-1	-1	24	0	17	30	31	0	43	0	0	0	0	-1	0	-1	0	0
c8094	0	9	9	0	-1	7	7	0	-1	8	0	-1	-1	-1	0	31	-1	0	0	-1	0	-1	-1	27	0	45	31	-1	0	-1
c8118	0	36	-1	0	0	0	49	0	-1	0	9	0	0	26	-1	0	0	30	0	-1	43	0	28	0	48	0	-1	0	0	-1
c8120	0	-1	0	0	29	0	0	27	0	-1	9	0	21	0	24	0	0	0	-1	24	43	0	0	0	-1	0	0	0	0	9
c8164	0	27	9	0	28	0	7	-1	-1	0	-1	29	-1	25	-1	-1	-1	43	0	22	0	0	-1	27	0	0	27	26	14	-1
c8189	28	0	0	-1	0	-1	27	0	-1	0	27	0	42	0	0	-1	7	24	26	0	34	-1	0	27	0	0	0	-1	0	0
c8195	-1	-1	0	0	0	43	-1	0	0	-1	9	0	-1	0	-1	-1	36	0	11	1	43	0	0	-1	6	0	0	22	0	-1
c8208	34	0	0	-1	0	0	8	0	-1	-1	0	0	0	7	24	0	0	-1	-1	9	43	0	0	0	0	45	-1	-1	0	-1
c8209	34	-1	0	-1	0	-1	8	0	0	0	0	0	0	-1	24	-1	0	0	-1	9	43	0	0	0	-1	45	0	18	0	0
c8242	0	0	28	22	0	0	0	27	0	0	36	0	-1	-1	24	0	0	0	0	0	43	34	46	0	12	0	0	-1	0	-1
c8256	-1	9	-1	0	0	-1	0	0	-1	0	-1	9	0	-1	24	0	0	-1	-1	-1	25	0	-1	18	0	0	0	-1	0	-1
c8284	-1	0	0	0	29	0	0	0	-1	0	0	-1	0	0	0	31	0	24	0	0	0	0	-1	27	0	-1	2	-1	0	36
c8289	24	0	10	0	-1	0	12	0	14	24	34	45	0	0	-1	31	-1	6	0	0	43	28	9	-1	25	-1	0	-1	-1	44
c8290	-1	29	0	45	0	0	-1	0	0	0	9	0	0	0	24	-1	0	31	0	0	43	43	9	-1	-1	0	-1	-1	0	9
c8339	0	45	0	-1	0	0	0	9	0	9	9	-1	-1	0	24	-1	0	0	8	0	43	0	0	44	0	0	0	18	16	9
c8342	35	47	0	0	0	0	0	0	29	0	9	31	9	-1	24	33	0	-1	45	21	43	-1	-1	18	0	0	0	0	-1	9
c8346	36	9	0	0	0	0	0	0	0	0	0	9	-1	-1	-1	0	0	-1	-1	0	25	0	45	-1	-1	0	9	0	0	0
c8349	-1	0	12	-1	7	-1	-1	0	-1	36	12	46	0	-1	-1	28	0	27	-1	0	-1	18	-1	-1	-1	12	6	0	0	28
c8357	-1	35	0	-1	0	32	0	-1	0	0	0	0	29	0	24	0	0	0	0	9	-1	-1	0	33	0	45	0	18	-1	0
c8370	9	0	0	-1	0	7	9	0	0	0	-1	0	42	-1	24	0	-1	0	8	-1	43	0	13	2	12	-1	0	16	44	13
c8384	0	-1	28	22	0	45	0	-1	0	0	36	0	31	-1	24	0	33	1	28	0	-1	6	46	0	12	0	-1	28	0	-1
c8417	0	0	24	0	33	0	-1	0	-1	27	0	0	0	0	-1	-1	28	0	31	9	0	-1	0	27	0	0	0	13	9	-1
c8422	-1	-1	0	0	0	0	16	0	-1	27	27	0	0	28	-1	-1	28	0	31	-1	-1	0	0	27	0	31	0	33	-1	0
c8431	0	0	0	0	0	0	0	0	-1	27	38	0	33	0	0	31	28	-1	-1	28	-1	32	0	27	28	16	0	0	0	0
c8440	9	12	0	30	0	0	0	2	0	0	0	0	-1	0	24	0	0	0	-1	0	43	0	-1	0	-1	31	0	12	0	0
c8472	0	0	-1	0	24	12	0	-1	-1	27	0	0	0	0	0	-1	28	-1	31	0	-1	-1	1	27	28	0	-1	0	0	0
c8475	0	2	0	35	0	36	0	0	-1	11	9	0	29	-1	24	-1	0	0	0	0	43	0	49	0	0	28	9	0	0	-1
c8479	24	-1	0	0	0	0	12	0	0	0	0	45	0	0	-1	0	11	-1	0	-1	43	28	9	-1	0	-1	35	0	0	44
c8485	27	0	0	12	27	0	0	-1	0	-1	9	12	-1	-1	24	0	0	-1	0	0	43	0	-1	0	0	0	0	-1	-1	9
c8486	17	0	0	0	-1	0	0	0	-1	-1	0	-1	0	0	0	31	28	0	31	0	-1	0	25	27	0	-1	0	-1	-1	0
c8492	0	8	0	0	29	0	0	0	0	-1	9	0	21	0	-1	0	0	0	-1	24	43	-1	-1	0	0	0	0	-1	0	9
c8499	0	-1	0	0	0	0	1	0	25	33	9	0	45	34	24	0	0	30	0	-1	43	0	-1	0	0	0	0	0	-1	40
c8503	43	9	9	0	28	0	-1	0	-1	0	0	0	28	25	0	31	-1	0	0	-1	0	0	-1	27	0	0	0	-1	0	-1
c8517	0	0	0	0	0	49	0	0	0	9	9	-1	-1	0	24	0	-1	25	0	0	43	0	0	0	0	-1	0	0	0	-1
c8519	0	0	31	34	31	0	0	0	45	0	-1	0	-1	-1	24	0	0	0	0	-1	-1	-1	23	36	17	27	0	0	-1	9
c8528	36	0	0	-1	0	0	0	0	0	-1	-1	-1	0	0	24	0	0	25	33	0	25	42	45	0	0	-1	0	-1	0	0
c8547	0	0	0	0	29	0	0	-1	0	0	9	0	-1	-1	24	0	0	0	-1	24	43	0	0	0	21	0	0	0	-1	9
c8564	0	0	0	9	0	0	22	0	-1	27	-1	0	0	27	0	31	-1	18	31	0	0	-1	30	27	0	-1	29	13	0	0
c8582	0	-1	-1	0	46	0	45	0	1	0	-1	0	23	-1	24	28	-1	49	0	0	43	16	-1	-1	0	-1	-1	0	0	19
c8583	-1	-1	-1	0	46	0	45	0	1	0	0	0	23	-1	-1	28	-1	49	0	0	43	16	0	36	-1	0	0	0	0	19
c8587	36	34	27	-1	0	0	0	0	0	-1	5	9	0	-1	-1	0	0	28	10	41	25	0	45	18	0	-1	0	0	0	28
c8601	0	8	-1	0	0	13	-1	0	-1	27	0	0	-1	0	0	-1	28	-1	31	0	0	30	0	-1	-1	0	-1	0	0	-1
c8613	-1	-1	0	0	0	0	0	0	-1	27	45	0	0	0	0	31	28	0	31	42	0	0	0	27	28	0	0	-1	0	0
c8620	0	22	0	0	0	27	0	-1	0	-1	45	0	-1	27	24	12	0	0	0	-1	-1	0	0	2	0	0	0	0	12	0
c8631	36	13	0	33	1	45	26	-1	-1	27	43	0	45	28	0	31	28	0	31	12	45	0	26	27	-1	0	-1	12	0	0
c8640	0	1	0	-1	0	0	0	0	-1	27	0	0	0	0	0	-1	28	0	31	0	0	0	0	27	0	-1	-1	13	0	0
c8665	0	0	12	-1	7	0	0	0	0	0	0	46	0	-1	24	28	0	27	0	9	43	18	16	-1	-1	12	0	0	0	-1
c8681	0	0	0	9	0	0	22	0	-1	27	0	0	0	27	0	31	28	18	31	0	0	0	0	27	0	0	0	13	0	0
c8692	-1	36	0	0	-1	0	1	0	27	33	9	0	30	10	24	45	-1	0	0	0	-1	0	0	0	-1	-1	-1	0	12	-1
c8693	-1	36	0	-1	0	0	1	-1	-1	33	9	0	30	10	24	45	0	0	0	-1	43	0	0	0	0	0	1	0	12	0
c8699	29	0	32	7	0	0	0	0	0	-1	9	-1	0	0	-1	0	0	0	0	0	-1	-1	0	-1	0	0	9	-1	0	9
c8705	49	-1	12	0	48	-1	0	32	0	14	0	-1	36	-1	24	28	0	27	31	0	43	18	-1	-1	-1	-1	0	0	0	-1
c8713	0	12	41	0	0	0	0	0	-1	27	28	16	0	0	0	-1	28	26	-1	7	0	0	-1	27	0	0	31	-1	-1	0
c8720	0	0	-1	0	29	0	0	0	0	27	9	0	-1	0	-1	0	0	0	-1	24	-1	0	0	0	0	0	0	40	0	9
c8738	-1	36	45	0	-1	0	33	0	27	-1	9	0	0	-1	24	-1	17	-1	31	49	-1	0	-1	0	0	-1	0	-1	0	0
c8745	0	13	0	-1	0	0	0	-1	-1	27	38	0	-1	43	28	31	-1	0	31	28	-1	0	18	27	28	0	0	0	0	0
c8755	33	0	0	-1	-1	0	18	0	-1	9	-1	0	-1	0	24	0	36	0	22	0	43	0	0	0	-1	0	-1	0	0	-1
c8764	0	-1	24	0	0	0	-1	-1	-1	27	-1	0	0	0	0	31	28	32	31	0	0	0	0	-1	-1	0	0	-1	0	0
c8765	-1	0	24	0	31	0	-1	0	-1	-1	0	0	0	0	0	31	28	32	31	0	0	0	0	27	0	0	0	-1	0	0
c8769	9	0	-1	-1	31	0	-1	0	-1	0	9	0	0	-1	24	-1	-1	22	0	16	43	0	0	0	0	27	-1	26	0	9
c8770	0	-1	0	44	0	0	0	0	29	0	9	0	0	-1	24	33	31	0	-1	-1	43	-1	0	-1	0	34	0	-1	0	9
c8775	0	36	1	0	0	0	1	-1	-1	33	9	0	0	0	24	45	-1	0	0	0	43	44	0	-1	0	-1	1	31	-1	0
c8782	36	-1	0	7	22	0	0	0	5	0	-1	0	-1	0	-1	0	0	0	0	-1	-1	0	45	0	27	-1	13	0	-1	9
c8786	36	13	27	33	-1	0	26	-1	-1	27	-1	-1	45	28	-1	31	28	0	31	13	-1	0	26	27	-1	-1	-1	12	0	28
c8800	0	0	-1	-1	-1	0	0	0	0	0	9	0	-1	0	24	0	0	-1	-1	-1	43	0	0	-1	17	0	0	0	0	9
c8803	0	-1	9	0	-1	-1	7	0	-1	0	0	0	0	25	0	31	-1	0	0	22	-1	0	-1	27	0	45	0	-1	0	-1
c8824	-1	36	0	0	0	-1	1	24	35	16	9	0	0	0	24	0	21	0	-1	0	43	0	0	0	0	0	0	0	42	28
c8833	-1	36	0	0	0	0	0	0	0	0	9	0	0	0	-1	0	0	-1	0	0	43	0	0	0	0	0	0	0	-1	0
c8902	36	-1	-1	45	0	0	-1	0	-1	28	0	0	5	0	24	8	31	25	0	-1	25	0	45	1	-1	0	0	0	0	0
c8926	0	0	-1	0	0	-1	0	0	0	11	9	0	0	0	-1	0	0	0	0	0	43	0	2	25	44	28	9	0	0	9
c8927	0	0	-1	0	-1	0	0	0	0	11	9	0	0	0	24	0	0	0	0	0	43	0	2	25	0	28	-1	0	-1	9
c8936	0	0	0	0	0	0	29	0	-1	-1	9	0	0	-1	-1	0	0	0	0	0	43	0	0	0	2	0	0	0	9	9
c8943	0	0	0	0	0	0	-1	44	29	-1	9	0	-1	0	24	33	18	0	45	0	43	0	0	-1	8	0	0	-1	45	9
c8956	9	12	0	-1	0	0	0	2	0	-1	-1	0	0	-1	24	0	0	-1	25	-1	-1	0	0	0	12	31	0	-1	0	24
c8970	0	0	0	0	29	0	-1	0	0	-1	-1	0	7	0	24	18	0	-1	-1	-1	43	31	0	27	9	0	-1	13	0	-1
c8986	0	0	-1	34	31	0	0	0	0	-1	9	31	-1	0	24	13	-1	0	0	0	43	28	23	36	-1	27	0	0	0	9
c8993	24	33	0	0	0	0	0	0	0	9	9	5	0	1	24	0	0	29	0	1	-1	-1	0	0	24	-1	7	-1	16	-1
c8999	-1	12	0	0	0	33	-1	2	0	0	8	-1	0	0	24	9	-1	0	25	0	-1	0	9	0	12	31	-1	0	0	28
c9008	0	-1	12	0	0	0	-1	0	0	8	0	0	0	-1	24	28	-1	0	0	0	-1	0	7	36	0	0	-1	0	0	9
c9019	0	-1	0	9	0	0	22	-1	-1	27	0	0	0	27	-1	31	28	18	31	0	45	-1	0	-1	0	0	0	13	0	-1
c9025	0	0	-1	34	31	0	-1	0	0	-1	9	0	-1	-1	24	0	0	-1	-1	-1	43	45	23	-1	-1	27	0	18	0	-1
c9027	0	0	-1	0	46	0	-1	0	0	0	8	0	0	-1	24	28	0	49	-1	28	43	16	0	36	0	0	1	0	-1	19
c9052	0	0	-1	0	0	-1	27	0	0	0	0	-1	13	0	24	0	-1	12	0	0	43	-1	46	45	12	-1	-1	0	-1	0
c9055	-1	0	0	-1	24	28	0	-1	29	9	9	0	0	28	24	33	31	0	0	0	43	0	0	0	-1	0	0	-1	0	9
c9060	0	36	0	0	0	24	1	24	35	16	-1	0	0	0	24	0	0	0	0	0	43	0	0	-1	0	-1	31	0	0	-1
c9072	0	36	0	0	0	8	0	0	-1	0	9	0	0	-1	-1	33	-1	-1	-1	28	43	0	-1	0	45	31	-1	0	-1	8
c9074	28	-1	35	0	0	-1	-1	0	-1	27	0	-1	0	36	0	31	28	-1	31	0	0	0	0	27	28	42	0	0	0	0
c9078	9	-1	28	-1	-1	7	-1	0	0	0	0	0	42	0	-1	9	0	0	8	-1	43	0	-1	2	12	0	0	16	44	13
c9103	0	-1	0	0	0	0	0	-1	-1	27	-1	29	0	28	0	31	-1	-1	31	0	0	0	0	27	-1	27	24	0	0	0
c9107	37	0	0	17	35	-1	27	21	-1	0	0	30	0	5	45	31	31	46	49	7	-1	-1	0	-1	-1	0	0	-1	-1	0
c9109	9	12	0	-1	-1	0	0	2	1	0	0	0	0	0	24	0	0	0	25	5	43	0	0	0	12	-1	-1	0	21	-1
c9113	0	27	9	-1	28	0	-1	-1	-1	0	14	29	0	25	0	31	-1	43	-1	22	0	0	-1	27	0	0	-1	0	-1	-1
c9138	0	8	-1	16	2	28	0	0	29	-1	9	0	-1	-1	24	33	0	31	0	0	43	0	0	0	0	0	0	0	0	-1
c9145	16	-1	-1	0	0	0	0	0	-1	27	0	0	25	-1	-1	-1	-1	-1	31	-1	12	0	-1	27	0	1	0	0	0	0
c9147	0	-1	0	0	-1	-1	0	1	-1	-1	-1	0	0	0	0	31	28	26	-1	0	-1	0	0	-1	-1	0	-1	0	0	0
c9150	0	0	0	-1	29	-1	-1	0	-1	0	-1	0	0	0	0	-1	-1	24	0	0	0	-1	0	-1	0	-1	2	0	0	-1
c9171	-1	28	0	-1	34	9	0	0	0	0	0	0	0	9	-1	16	29	0	0	25	-1	0	0	0	26	45	27	-1	28	-1
c9198	0	-1	0	-1	-1	-1	-1	-1	0	0	0	0	29	-1	24	0	0	32	43	9	-1	0	-1	-1	0	45	46	-1	32	-1
c9201	36	25	0	12	0	0	-1	0	0	0	-1	0	0	0	24	0	0	25	-1	0	25	-1	45	-1	0	0	0	-1	0	-1
c9214	0	0	-1	-1	-1	28	7	0	-1	0	0	0	0	25	0	31	-1	0	0	22	0	45	0	-1	0	18	-1	0	27	0
c9217	-1	0	-1	0	29	0	0	0	0	27	9	0	-1	0	24	0	0	0	-1	-1	-1	0	24	0	0	0	-1	-1	0	-1
c9224	-1	36	0	0	0	0	0	0	0	0	9	0	0	36	24	-1	17	30	-1	-1	43	0	0	0	0	0	0	0	0	0
c9240	0	0	12	5	0	0	0	48	0	0	36	46	0	-1	24	28	-1	-1	26	0	-1	-1	0	-1	-1	12	-1	0	37	0
c9241	0	-1	12	-1	0	0	0	48	0	-1	36	-1	0	-1	24	28	0	27	-1	0	43	18	0	-1	-1	12	-1	0	37	0
c9245	0	0	1	0	29	0	0	0	0	27	9	0	-1	0	24	0	0	0	-1	24	43	0	0	0	0	-1	-1	0	0	-1
c9251	-1	0	25	12	-1	0	18	-1	0	-1	-1	14	0	0	24	-1	36	0	21	0	-1	0	0	0	-1	0	0	0	0	-1
c9254	0	9	-1	17	28	28	31	0	-1	0	0	-1	0	25	-1	-1	-1	9	0	0	0	-1	0	-1	0	-1	0	-1	0	0
c9258	-1	12	-1	0	0	0	0	-1	-1	27	0	0	0	0	0	31	28	26	31	0	0	9	-1	27	0	-1	-1	0	-1	0
c9268	0	-1	0	-1	0	0	8	18	0	-1	0	0	0	0	24	-1	-1	0	-1	9	43	-1	0	0	0	45	0	-1	0	0
c9287	0	-1	-1	-1	-1	0	0	24	0	-1	9	0	9	43	24	0	0	0	0	0	43	0	23	36	0	27	0	-1	0	-1
c9299	0	9	9	0	28	0	-1	0	-1	-1	0	0	13	25	0	-1	-1	18	0	22	0	-1	-1	27	-1	0	0	0	-1	-1
c9311	-1	0	-1	7	0	0	16	0	-1	27	0	0	0	28	31	31	28	0	-1	-1	-1	0	-1	27	-1	0	-1	33	9	0
c9313	0	-1	0	0	-1	0	0	-1	0	0	0	-1	-1	0	24	0	0	0	-1	0	-1	0	18	0	-1	28	0	-1	45	29
c9327	27	0	-1	0	0	0	0	0	0	0	9	0	0	-1	24	33	0	0	0	0	43	-1	0	0	26	-1	0	-1	0	9
c9340	0	1	0	-1	0	28	31	0	-1	-1	0	0	33	0	0	31	-1	0	31	-1	-1	0	0	27	-1	0	26	0	-1	16
c9357	-1	31	-1	-1	0	0	25	0	0	0	0	-1	7	1	24	0	36	-1	43	0	25	27	45	24	29	0	0	36	0	0
c9370	0	34	-1	9	0	0	22	29	-1	27	0	0	0	-1	0	31	28	18	31	28	26	0	-1	27	-1	-1	29	13	0	-1
c9383	0	0	0	0	-1	0	0	0	0	-1	9	0	0	0	-1	-1	0	24	0	-1	-1	0	0	0	0	-1	0	0	33	9
c9388	-1	0	32	7	-1	0	0	0	0	0	9	0	0	0	24	0	17	0	0	0	43	0	0	9	0	0	9	-1	0	-1
c9389	29	0	32	7	-1	0	0	0	0	0	9	0	0	-1	24	0	17	0	0	0	43	0	0	9	0	0	9	-1	-1	9
c9396	7	0	12	0	0	1	0	24	0	0	0	0	-1	-1	24	28	-1	45	-1	0	43	0	0	-1	0	0	0	0	0	-1
c9415	36	31	0	-1	0	0	0	0	-1	0	0	0	42	0	24	0	-1	0	0	-1	25	-1	45	0	0	-1	22	0	27	33
c9425	36	0	0	0	0	0	0	0	0	44	-1	0	0	0	-1	0	-1	25	11	0	25	42	45	0	0	0	0	-1	0	0
c9439	28	0	31	34	-1	0	0	0	-1	-1	-1	0	0	0	24	0	0	0	0	-1	43	0	-1	-1	-1	27	0	-1	1	-1
c9448	-1	-1	0	-1	-1	0	0	0	0	0	37	0	29	0	24	0	9	-1	0	9	43	0	0	0	0	45	0	18	0	1
c9460	22	36	0	1	0	0	1	0	0	33	9	0	0	0	24	-1	0	43	-1	0	43	0	-1	-1	0	0	1	0	12	0
c9466	0	-1	12	0	0	0	0	33	-1	0	-1	0	-1	27	24	9	0	-1	26	-1	-1	0	-1	2	-1	0	-1	-1	0	0
c9467	-1	-1	12	0	0	0	-1	33	0	0	14	-1	0	27	24	9	0	0	26	0	-1	0	9	2	0	0	0	0	0	0
c9468	0	36	-1	0	0	0	29	0	8	-1	9	-1	0	-1	24	33	-1	-1	-1	0	43	0	0	31	0	0	-1	-1	0	-1
c9483	0	0	1	12	29	0	0	0	0	27	9	0	-1	0	24	0	-1	0	-1	24	-1	0	0	-1	-1	0	27	16	0	9
c9486	-1	9	9	0	-1	-1	-1	-1	-1	0	0	0	0	25	0	31	-1	0	0	22	0	0	-1	27	-1	45	0	0	0	-1
c9525	-1	0	12	0	0	0	0	0	-1	0	0	46	-1	-1	24	28	0	27	0	0	43	18	0	-1	-1	12	0	0	0	-1
c9526	45	0	0	0	-1	-1	16	0	-1	27	27	-1	-1	28	31	-1	28	0	31	0	-1	0	0	27	49	36	0	33	0	0
c9527	45	-1	0	0	0	-1	16	0	-1	27	27	0	0	28	-1	31	28	0	31	-1	-1	0	0	27	49	12	-1	33	0	0
c9529	0	0	31	0	0	-1	-1	0	0	9	-1	9	0	0	24	0	0	0	0	0	43	0	16	35	-1	0	0	0	0	-1
c9530	0	12	41	0	0	0	0	-1	-1	-1	28	16	-1	0	0	31	28	-1	31	7	0	0	0	27	-1	0	31	0	0	0
c9534	45	0	0	-1	0	0	-1	0	-1	27	27	0	-1	28	31	31	28	1	-1	0	-1	0	0	27	0	-1	0	-1	0	0
c9536	0	0	0	35	0	36	0	0	0	11	9	0	-1	0	24	0	0	0	0	0	-1	-1	-1	0	0	28	-1	27	0	-1
c9538	-1	0	0	-1	0	0	0	0	-1	27	0	0	0	0	0	31	28	0	31	0	-1	0	0	27	-1	-1	0	-1	0	0
c9564	-1	-1	0	27	0	-1	0	-1	-1	0	0	-1	-1	-1	24	-1	-1	28	-1	0	25	0	45	18	0	0	0	1	0	0
c9565	36	9	0	27	0	0	0	-1	-1	0	0	9	0	-1	24	-1	0	28	-1	0	25	0	45	-1	0	0	-1	1	0	0
c9573	0	0	0	0	-1	0	34	0	0	-1	24	0	-1	-1	24	0	-1	-1	0	-1	43	25	18	-1	0	28	0	-1	0	0
c9575	36	0	0	0	0	0	0	0	0	28	0	0	0	0	24	8	0	-1	0	0	25	0	-1	1	0	-1	-1	0	-1	0
c9577	0	9	9	0	-1	7	-1	0	-1	0	0	-1	0	25	0	31	-1	-1	0	22	0	0	-1	27	0	45	0	0	0	-1
c9589	24	-1	0	-1	-1	0	8	0	0	-1	0	0	0	0	24	1	40	-1	42	-1	43	-1	-1	0	45	45	33	-1	0	14
c9623	-1	12	0	30	0	0	-1	-1	0	-1	0	0	-1	0	24	0	0	0	-1	-1	43	0	0	0	-1	31	0	-1	31	0
c9640	0	0	0	34	0	0	-1	0	0	9	9	5	0	-1	24	0	0	-1	0	1	43	27	9	0	0	-1	7	-1	16	9
c9649	0	0	12	0	27	-1	9	0	0	9	9	12	-1	-1	24	0	0	0	0	0	43	0	0	1	18	0	0	0	-1	9
c9651	-1	0	-1	9	-1	-1	-1	0	0	0	-1	9	34	-1	24	0	-1	-1	0	16	43	0	-1	0	-1	-1	0	-1	0	9
c9652	9	0	0	-1	0	0	9	0	-1	0	0	0	42	24	24	-1	0	-1	-1	0	43	0	13	2	12	0	0	-1	0	36
c9655	-1	12	0	24	-1	35	29	2	-1	16	-1	0	0	0	24	0	0	0	25	32	43	0	0	-1	12	31	0	-1	0	25
c9664	0	0	12	9	30	0	0	0	0	0	0	46	0	-1	24	-1	-1	27	0	-1	43	18	16	-1	-1	12	0	-1	0	0
c9679	0	0	9	33	28	43	7	0	-1	0	0	0	0	-1	28	31	-1	-1	0	22	0	-1	-1	27	12	0	-1	29	0	28
c9709	0	0	-1	-1	0	0	8	0	0	0	-1	0	49	0	24	0	-1	27	22	9	43	47	13	0	0	45	0	18	-1	0
c9711	-1	-1	0	-1	1	0	1	-1	0	33	9	0	0	0	24	45	0	0	-1	0	43	0	0	0	0	28	0	0	0	0
c9730	10	13	-1	33	0	40	0	0	-1	27	43	0	45	28	28	31	28	0	31	0	-1	0	26	27	-1	0	-1	12	0	12
c9731	10	13	0	33	0	40	0	-1	-1	27	-1	-1	45	28	28	-1	28	0	31	0	0	0	26	27	0	0	-1	12	-1	12
c9736	0	0	0	28	0	0	27	0	-1	-1	-1	-1	24	0	0	31	-1	0	28	-1	0	22	0	27	0	0	0	0	0	0
c9742	0	0	28	0	0	31	-1	0	0	0	-1	0	13	0	24	0	-1	12	0	0	43	23	46	-1	12	-1	-1	0	31	0
c9753	29	21	31	34	31	0	0	-1	0	0	-1	0	-1	0	-1	0	0	2	-1	-1	-1	0	-1	36	0	27	0	0	-1	9
c9754	0	-1	-1	0	0	0	-1	0	29	0	9	0	0	0	24	33	0	0	45	0	43	0	10	18	0	0	0	0	0	9
c9768	0	0	0	0	29	-1	0	0	0	0	-1	-1	0	0	24	0	0	0	-1	-1	43	31	0	27	9	0	0	-1	0	9
c9781	0	-1	-1	-1	0	5	0	36	0	0	0	2	-1	0	-1	0	-1	0	-1	-1	-1	-1	-1	0	7	49	-1	34	-1	0
c9784	0	36	0	0	0	0	1	0	0	-1	9	0	30	49	24	45	0	-1	0	0	43	0	0	0	0	0	1	-1	12	0
c9815	-1	-1	-1	9	0	0	22	0	-1	27	-1	-1	28	27	0	31	28	18	31	-1	-1	0	12	27	0	27	0	13	0	-1
c9827	0	29	0	0	31	0	0	12	0	43	9	0	0	0	24	0	0	0	9	0	-1	43	0	43	0	0	-1	5	0	9
c9828	0	0	0	44	0	0	0	0	-1	-1	38	-1	33	-1	0	31	28	-1	-1	28	-1	0	0	27	28	-1	-1	0	0	0
c9842	0	-1	0	0	-1	-1	29	0	8	0	9	0	0	44	24	33	9	30	-1	0	-1	0	0	31	0	0	0	0	0	8
c9843	0	36	0	0	0	0	29	0	8	-1	9	0	0	44	24	33	9	30	0	0	43	-1	0	31	0	0	0	0	0	8
c9844	0	0	28	22	-1	0	0	27	-1	0	36	0	-1	-1	24	0	0	0	0	0	-1	1	46	0	12	-1	-1	28	45	9
c9847	-1	36	0	0	0	-1	1	24	35	16	9	0	0	0	24	0	21	0	0	0	43	0	0	0	0	0	0	-1	42	0
c9858	43	-1	-1	0	-1	0	7	0	-1	-1	0	0	0	-1	0	31	-1	0	0	-1	0	0	-1	27	-1	0	0	-1	-1	-1
c9860	0	0	-1	0	-1	0	0	33	0	1	-1	35	13	-1	24	0	26	12	24	-1	-1	23	46	-1	12	-1	9	-1	16	25
c9863	0	0	-1	0	0	0	33	0	-1	0	9	42	0	-1	24	-1	38	-1	0	24	43	43	49	43	1	0	-1	0	0	9
c9883	0	0	0	-1	0	0	8	-1	0	-1	0	0	12	0	-1	0	0	-1	7	9	43	27	0	45	7	45	0	-1	0	0
c9919	0	0	0	-1	0	33	0	36	0	0	-1	2	0	0	24	0	31	0	-1	18	43	18	0	0	7	49	-1	-1	-1	0
c9934	0	0	0	0	0	0	-1	0	-1	-1	0	0	0	2	0	31	28	0	-1	0	24	0	23	27	-1	0	-1	-1	0	0
c9949	24	25	0	0	0	0	12	0	0	27	-1	0	-1	0	24	0	11	-1	0	-1	-1	-1	-1	0	0	-1	21	0	0	44
c9953	0	0	5	0	25	-1	0	0	0	0	9	0	0	0	24	0	0	0	0	-1	-1	43	0	43	0	-1	-1	-1	1	9
c9961	-1	-1	0	0	0	34	1	0	-1	33	9	4	0	-1	24	45	0	-1	0	-1	43	-1	0	0	0	0	1	0	0	0
c9975	-1	-1	26	-1	9	0	36	-1	-1	0	-1	35	0	0	24	-1	0	0	0	28	43	0	0	12	-1	45	9	36	0	0
c9976	-1	0	-1	26	-1	28	0	0	29	0	9	0	-1	-1	24	-1	0	31	0	25	43	0	-1	-1	0	0	0	0	-1	9
c9979	32	0	0	0	0	0	0	0	-1	-1	0	0	0	0	0	31	-1	0	31	0	-1	0	25	27	-1	0	0	-1	0	0
c10004	24	-1	0	0	0	-1	-1	-1	0	0	0	0	-1	0	24	0	11	-1	0	0	-1	28	27	0	12	-1	0	18	0	44
c10006	0	-1	0	0	29	28	0	0	0	0	-1	0	-1	0	24	0	0	0	-1	-1	-1	-1	-1	27	-1	0	-1	0	-1	9
c10016	28	9	28	0	0	-1	27	0	-1	0	-1	31	42	0	-1	31	0	24	26	0	34	-1	-1	-1	0	-1	-1	0	-1	0
c10024	0	0	-1	45	-1	0	0	0	0	9	9	12	-1	0	24	0	9	9	-1	0	43	0	0	0	0	0	0	-1	-1	9
c10026	0	-1	0	-1	-1	33	0	-1	29	0	-1	-1	0	1	24	0	-1	0	0	0	-1	0	18	0	0	28	-1	0	0	24
c10032	18	17	9	0	28	9	0	0	-1	-1	0	0	0	25	0	31	-1	0	0	0	1	13	0	-1	0	0	0	0	-1	0
c10035	-1	9	27	-1	0	-1	0	-1	0	12	0	0	0	0	24	0	-1	-1	0	9	-1	-1	-1	-1	0	45	13	-1	0	0
c10043	9	-1	0	0	0	0	0	-1	-1	0	-1	-1	0	0	24	9	0	-1	25	-1	-1	0	9	0	12	31	0	0	0	28
c10059	-1	0	0	0	0	0	0	0	-1	27	38	0	33	-1	-1	31	28	0	31	28	-1	18	0	27	28	13	0	0	0	0
c10063	0	0	0	0	0	0	27	0	-1	10	24	0	0	0	0	31	0	-1	0	0	1	-1	0	-1	1	0	0	27	0	30
c10066	0	0	31	0	0	0	27	0	0	0	9	-1	7	0	-1	0	-1	0	0	-1	43	16	0	24	0	0	9	0	0	9
c10070	0	0	-1	0	0	0	0	0	-1	27	0	0	0	28	0	31	-1	30	-1	0	0	0	0	-1	-1	-1	24	0	-1	0
c10075	0	0	2	0	0	0	0	0	29	-1	-1	0	0	0	24	33	-1	0	0	9	-1	0	-1	-1	-1	0	0	-1	0	9
c10078	0	0	0	0	-1	0	0	36	0	-1	0	0	0	48	24	0	0	0	0	34	43	0	0	-1	7	49	0	30	-1	0
c10096	0	0	-1	-1	-1	0	0	0	29	0	9	-1	0	0	-1	33	-1	-1	-1	0	43	-1	10	18	0	0	0	-1	0	9
c10097	0	0	0	0	0	0	0	-1	29	0	9	0	0	0	24	-1	37	-1	45	0	43	0	10	18	-1	0	-1	0	-1	9
c10098	-1	-1	0	-1	0	27	0	-1	22	-1	45	0	0	27	24	12	0	0	0	0	-1	-1	-1	2	27	-1	0	0	12	0
c10103	0	28	-1	-1	34	9	0	0	0	0	0	0	-1	9	24	-1	29	0	45	0	43	0	0	0	26	-1	-1	13	28	-1
c10104	-1	-1	-1	0	-1	0	-1	0	-1	27	0	0	-1	0	0	31	28	32	31	-1	0	0	0	27	-1	0	0	13	0	0
c10108	9	-1	-1	0	31	21	-1	0	0	-1	-1	7	0	0	24	0	-1	22	0	0	43	0	43	0	0	27	0	26	46	9
c10110	0	0	12	0	0	0	0	-1	0	0	0	-1	0	-1	24	28	0	0	0	0	-1	0	7	36	0	-1	0	0	0	0
c10111	0	-1	12	-1	0	-1	-1	0	0	0	0	-1	0	-1	24	28	0	0	0	0	-1	-1	7	36	0	0	0	0	0	0
c10124	0	0	9	-1	28	0	7	0	-1	7	0	28	-1	25	36	31	-1	0	0	22	0	16	-1	27	0	28	0	33	-1	27
c10144	0	-1	0	0	0	-1	-1	0	29	0	9	45	10	0	24	-1	0	0	45	0	43	0	10	18	0	0	0	0	0	9
c10153	36	25	0	12	-1	0	-1	0	0	0	-1	0	0	0	-1	0	-1	25	33	-1	25	-1	45	-1	0	0	0	0	0	0
c10164	-1	0	-1	-1	-1	-1	0	0	0	0	36	0	0	0	-1	0	0	0	0	0	43	-1	46	-1	12	0	0	0	0	-1
c10170	0	0	31	0	-1	0	-1	0	0	0	-1	-1	0	0	24	0	0	0	0	0	43	-1	0	25	0	0	9	0	0	9
c10171	0	0	31	0	-1	0	8	0	-1	0	9	18	0	0	24	-1	0	0	0	0	43	-1	0	25	0	0	9	0	0	-1
c10179	24	42	0	0	0	0	12	0	0	24	0	45	0	0	24	0	11	6	-1	0	43	28	9	0	0	-1	0	0	-1	44
c10185	-1	-1	0	0	0	0	0	0	2	9	9	-1	0	0	24	0	0	0	0	0	43	24	0	18	0	0	0	-1	0	9
c10190	0	0	0	9	0	0	22	0	-1	27	0	-1	0	27	-1	31	28	18	31	0	45	0	0	-1	-1	-1	-1	13	0	0
c10197	-1	-1	9	-1	28	9	0	0	-1	-1	0	12	-1	25	9	31	-1	0	0	0	0	0	0	27	0	0	0	0	0	9
c10198	0	27	13	0	31	0	18	0	-1	-1	9	0	-1	0	24	0	36	-1	0	27	43	0	0	0	6	-1	-1	-1	0	9
c10208	0	-1	0	45	27	45	0	-1	0	9	-1	12	0	-1	-1	0	0	0	22	0	43	1	-1	0	0	0	0	-1	18	9
c10227	22	0	-1	0	0	0	0	-1	0	0	36	0	0	0	24	0	43	31	0	-1	43	0	46	48	12	0	0	0	0	9
c10229	29	0	-1	-1	0	0	0	27	-1	0	36	0	0	-1	24	-1	0	0	27	0	43	0	46	0	-1	-1	45	-1	0	-1
c10230	9	0	-1	0	31	0	-1	12	0	0	9	-1	0	-1	24	0	0	-1	0	14	43	0	0	0	-1	27	0	26	-1	-1
c10243	0	0	-1	0	-1	-1	0	0	0	0	0	46	0	-1	24	28	0	27	0	0	-1	18	0	-1	-1	12	-1	0	0	0
c10254	36	-1	0	0	0	0	-1	0	0	0	-1	0	0	9	24	0	-1	25	11	-1	25	42	45	0	0	0	0	0	0	-1
c10255	36	-1	0	0	0	0	0	-1	-1	0	0	0	-1	9	24	0	0	25	11	0	-1	-1	45	0	0	0	0	0	0	0
c10275	36	0	0	0	0	-1	0	0	0	0	-1	0	0	0	-1	17	16	28	0	33	-1	0	45	0	-1	27	0	39	-1	0
c10289	0	0	30	0	29	-1	25	-1	0	0	9	0	0	21	24	0	45	0	-1	24	-1	2	0	-1	0	-1	-1	33	0	9
c10294	0	0	-1	0	0	0	0	36	0	0	0	-1	9	0	24	0	0	0	0	0	43	0	0	0	7	49	0	31	-1	0
c10305	0	12	0	0	0	0	-1	8	-1	27	0	0	0	0	0	31	-1	26	31	0	0	0	-1	27	0	0	0	0	0	0
c10324	0	28	0	-1	34	9	0	0	0	-1	0	0	0	9	24	0	-1	0	0	0	43	0	0	0	26	45	0	13	28	-1
c10332	0	0	0	-1	0	0	28	0	0	-1	9	-1	0	0	24	0	0	0	-1	0	43	0	0	0	0	0	0	0	33	9
c10334	9	0	-1	-1	31	-1	-1	1	0	0	-1	-1	0	-1	24	0	0	22	0	16	-1	0	0	0	0	27	9	-1	0	9
c10376	25	0	0	2	0	0	-1	0	18	31	9	0	0	-1	24	0	0	0	1	36	43	-1	0	-1	0	0	-1	0	7	9
c10389	-1	0	31	-1	-1	24	-1	0	-1	0	-1	0	0	0	24	13	0	0	0	0	43	0	-1	36	0	27	-1	0	0	9
c10421	0	0	6	9	0	0	-1	0	-1	-1	0	-1	0	27	-1	31	-1	-1	31	0	0	0	30	27	0	0	29	13	0	0
c10424	0	0	0	33	27	0	9	-1	0	9	9	12	-1	-1	24	0	0	0	0	0	43	45	-1	0	0	0	-1	0	18	9
c10425	0	0	0	33	27	0	9	0	0	9	-1	12	0	27	24	0	0	-1	-1	0	43	45	-1	0	-1	0	-1	-1	18	-1
c10440	-1	0	-1	0	46	0	-1	0	0	0	0	16	0	-1	24	28	0	49	0	-1	43	16	0	36	49	0	0	22	0	-1
c10449	-1	-1	31	34	31	-1	0	0	0	0	-1	0	0	16	-1	13	0	0	0	0	43	32	-1	36	0	27	-1	27	0	9
c10452	0	0	0	-1	0	0	-1	0	-1	-1	0	-1	0	28	0	31	-1	0	31	2	0	0	0	27	-1	0	0	0	0	-1
c10453	0	0	-1	0	0	0	-1	0	-1	27	-1	0	0	-1	0	31	-1	0	-1	2	-1	-1	0	-1	-1	0	-1	0	0	0
c10461	0	0	0	-1	0	-1	0	0	-1	27	-1	0	0	0	-1	31	28	-1	31	0	0	0	-1	27	28	0	0	-1	21	0
c10463	30	0	-1	-1	0	0	-1	0	-1	0	34	0	29	0	-1	0	29	0	0	-1	43	-1	0	0	0	45	0	-1	0	0
c10479	0	1	0	0	0	0	0	0	29	0	9	0	-1	0	24	33	0	0	-1	0	43	-1	10	18	0	-1	-1	0	0	9
c10484	36	0	0	0	0	-1	0	45	-1	13	0	0	16	-1	-1	-1	0	0	0	0	-1	25	45	0	33	8	0	0	12	-1
c10487	-1	-1	-1	45	28	-1	7	-1	-1	25	0	-1	0	25	0	31	-1	0	-1	22	-1	45	18	27	-1	-1	33	0	0	45
c10488	0	-1	19	0	0	-1	-1	13	-1	0	9	0	43	0	24	33	31	24	45	0	-1	-1	10	18	-1	0	0	47	0	9
c10492	0	0	0	0	-1	1	9	0	0	9	9	-1	-1	-1	-1	0	0	0	-1	0	43	0	0	1	18	0	0	0	18	-1
c10501	-1	-1	0	0	25	-1	0	31	-1	0	9	0	-1	0	24	-1	-1	-1	0	-1	43	43	0	43	0	-1	-1	-1	0	9
c10504	0	-1	0	-1	29	0	25	0	0	0	9	0	0	21	24	0	45	0	-1	24	43	2	0	0	0	-1	0	33	0	9
c10506	36	9	0	-1	0	-1	0	45	-1	0	0	0	16	0	-1	0	0	0	-1	0	25	-1	-1	0	-1	-1	-1	-1	-1	24
c10508	29	-1	31	34	31	0	0	0	0	0	9	0	9	38	24	0	0	2	0	0	43	-1	23	-1	0	27	0	0	0	9
c10513	0	0	0	9	-1	0	0	0	0	0	-1	33	0	49	24	12	-1	-1	0	22	43	0	-1	28	0	0	9	-1	0	9
c10516	0	-1	-1	0	-1	0	34	0	0	-1	0	0	0	0	24	0	-1	27	0	-1	43	-1	18	0	0	28	0	-1	0	0
c10517	0	-1	0	-1	-1	0	34	0	0	-1	0	0	0	0	24	0	-1	-1	0	-1	43	25	18	0	0	28	0	0	0	0
c10524	-1	28	0	-1	14	0	0	0	0	0	-1	-1	0	9	24	17	34	28	-1	-1	-1	2	45	0	25	27	0	-1	24	0
c10535	-1	0	31	34	-1	-1	0	-1	-1	-1	-1	0	7	0	24	0	0	0	0	0	-1	0	23	36	0	27	-1	0	-1	9
c10539	-1	-1	-1	28	-1	0	-1	-1	-1	2	0	0	-1	0	21	31	-1	0	0	9	-1	0	0	27	0	0	0	0	0	0
c10553	22	0	28	0	0	0	-1	0	-1	42	36	-1	-1	0	24	0	0	-1	-1	0	-1	0	46	48	12	0	0	0	-1	-1
c10566	0	-1	0	0	0	24	1	24	35	16	9	0	0	-1	24	0	21	-1	-1	0	-1	0	0	0	0	0	0	0	42	0
c10572	27	12	0	0	0	0	0	0	-1	27	-1	0	0	0	0	31	28	-1	31	0	0	0	-1	-1	0	0	9	13	0	0
c10573	-1	12	-1	-1	0	0	0	0	-1	27	7	0	0	-1	0	31	28	0	31	0	0	0	29	27	0	0	9	13	0	0
c10578	-1	0	0	0	0	-1	0	0	-1	27	38	0	33	0	0	31	28	-1	31	28	-1	0	0	27	28	0	-1	-1	0	0
c10579	-1	-1	0	0	0	-1	0	0	-1	27	-1	-1	33	0	0	31	-1	-1	31	-1	-1	-1	0	-1	28	0	-1	0	0	-1
c10584	0	45	0	0	0	-1	-1	0	-1	27	0	-1	0	0	0	31	-1	8	31	0	0	0	0	27	0	0	0	13	0	0
c10585	0	-1	0	0	0	0	-1	0	-1	27	0	0	0	0	0	31	28	8	31	-1	0	-1	0	27	0	0	0	13	0	-1
c10586	-1	-1	0	0	-1	0	0	-1	-1	0	0	0	0	-1	24	-1	0	0	0	0	43	0	18	-1	44	28	17	0	0	0
c10590	9	0	0	-1	19	0	9	-1	2	0	0	0	42	0	-1	16	-1	0	8	0	43	0	13	2	12	25	0	-1	36	0
c10607	0	0	0	0	0	0	0	-1	-1	27	0	0	0	-1	0	31	28	-1	31	0	24	-1	9	27	28	0	24	0	0	0
c10609	-1	-1	12	2	0	0	0	0	28	0	27	46	0	-1	24	28	-1	27	0	0	43	18	16	-1	-1	12	0	0	0	0
c10617	0	-1	28	0	0	-1	0	0	0	0	0	0	-1	-1	24	0	-1	-1	0	-1	43	23	46	0	12	-1	33	0	9	-1
c10620	0	0	0	-1	29	0	0	0	-1	-1	0	0	0	0	0	31	0	24	0	0	0	-1	0	-1	0	9	2	0	-1	36
c10623	0	0	-1	0	33	-1	21	0	-1	27	0	0	0	0	-1	31	28	0	31	0	-1	-1	-1	-1	12	0	9	13	0	0
c10635	33	0	0	0	-1	0	12	0	31	0	9	0	0	0	-1	0	0	0	2	-1	-1	-1	0	21	-1	43	-1	-1	-1	-1
c10645	0	0	0	-1	29	0	0	0	-1	0	0	0	0	0	0	-1	0	24	0	0	0	0	0	27	0	9	2	0	0	36
c10646	0	0	0	0	0	0	0	36	-1	0	-1	0	-1	48	24	0	-1	0	-1	34	43	-1	0	-1	7	49	-1	30	-1	-1
c10649	45	0	0	0	-1	0	16	0	-1	-1	27	-1	0	28	31	31	28	0	31	0	-1	-1	0	27	0	0	0	33	0	-1
c10662	-1	-1	0	0	0	0	0	0	-1	21	2	0	0	0	-1	0	0	0	25	0	43	0	1	25	12	31	0	0	0	0
c10669	0	0	0	0	0	49	0	-1	0	9	9	0	-1	0	-1	0	0	0	0	0	43	0	0	0	0	0	0	0	0	9
c10671	24	0	-1	0	0	0	-1	0	0	9	9	5	0	1	24	0	0	29	0	-1	43	-1	-1	0	0	-1	7	0	16	-1
c10672	0	36	0	-1	0	34	1	0	9	-1	9	4	0	0	24	-1	0	0	0	0	43	-1	0	-1	0	12	-1	-1	0	0
c10674	0	21	0	12	0	0	27	-1	-1	-1	-1	0	0	0	36	31	0	-1	0	-1	0	-1	0	27	-1	0	0	27	-1	30
c10675	0	21	0	12	-1	-1	27	0	-1	-1	0	0	0	0	36	31	-1	-1	0	0	0	-1	0	-1	1	0	0	27	0	30
c10676	0	-1	0	0	0	0	0	16	0	33	-1	0	45	0	24	30	25	30	0	-1	43	0	-1	0	0	2	-1	-1	0	34
c10699	0	0	0	0	-1	0	43	0	0	-1	0	0	0	8	24	0	-1	0	0	0	43	0	18	27	0	28	0	0	0	0
c10706	9	12	0	0	-1	0	0	0	0	-1	0	0	0	0	-1	0	0	0	25	-1	43	0	12	1	12	31	0	0	-1	-1
c10720	0	-1	0	0	29	0	0	27	0	-1	9	0	21	0	24	-1	0	0	-1	24	43	0	0	0	0	0	0	0	-1	9
c10736	-1	-1	0	30	0	-1	0	0	-1	27	33	0	0	0	0	-1	28	-1	31	0	0	0	0	27	0	0	0	13	0	0
c10745	5	9	9	27	-1	7	7	0	-1	0	0	49	-1	25	0	31	-1	0	0	22	0	9	-1	-1	0	0	0	31	-1	-1
c10749	0	-1	35	0	-1	0	-1	0	-1	0	0	0	0	28	-1	31	0	24	0	0	43	-1	-1	27	-1	0	25	34	0	-1
c10782	0	-1	31	34	31	-1	0	0	0	-1	9	0	22	0	24	13	0	29	0	45	43	28	23	36	0	27	-1	0	0	9
c10794	0	29	0	-1	31	0	0	12	-1	-1	9	-1	0	0	24	0	-1	0	9	0	43	43	-1	43	0	0	-1	5	0	9
c10800	0	0	0	-1	0	0	0	-1	-1	27	0	0	45	28	-1	31	-1	0	31	-1	24	0	-1	27	0	0	0	-1	-1	0
c10801	0	0	0	33	-1	-1	-1	0	-1	27	0	0	45	28	0	31	28	0	31	0	24	-1	-1	27	0	-1	0	-1	0	-1
c10814	0	-1	-1	-1	0	0	0	0	0	0	9	0	0	0	24	0	21	30	0	25	43	0	0	0	0	-1	0	-1	0	-1
c10827	0	-1	9	0	28	25	7	0	-1	-1	-1	0	0	25	1	31	-1	0	0	22	0	45	12	27	0	-1	10	1	0	0
c10837	0	0	-1	-1	0	0	-1	-1	-1	27	0	0	45	28	0	31	28	-1	31	-1	0	-1	0	-1	0	-1	0	0	0	0
c10846	-1	0	12	0	0	0	0	-1	-1	-1	0	46	0	-1	24	28	0	27	-1	-1	43	18	-1	-1	-1	12	0	0	0	0
c10856	0	0	-1	0	29	0	0	0	-1	0	-1	0	0	0	0	31	0	24	0	0	0	0	0	27	0	9	2	0	0	36
c10872	0	0	-1	-1	0	27	-1	36	0	0	0	-1	0	0	-1	0	0	0	0	18	43	18	-1	0	-1	49	0	0	-1	-1
c10878	0	0	0	0	0	0	0	0	-1	27	0	0	0	0	0	31	28	-1	-1	0	0	-1	25	27	0	-1	0	13	0	0
c10879	-1	0	0	0	0	0	0	-1	-1	27	-1	0	0	0	0	31	28	0	31	0	-1	0	25	-1	0	0	0	13	0	0
c10880	-1	0	-1	0	0	0	0	0	0	0	0	0	9	-1	-1	28	0	0	0	28	43	0	0	36	0	0	0	0	0	27
c10884	36	9	0	0	0	0	0	0	-1	0	0	9	0	-1	24	0	0	28	-1	-1	25	-1	45	18	0	0	0	-1	0	0
c10903	0	0	0	-1	0	0	-1	36	0	0	2	2	0	0	-1	0	-1	0	-1	18	-1	18	0	0	7	49	0	0	-1	-1
c10904	2	0	31	0	0	0	0	0	-1	-1	-1	0	0	-1	24	0	-1	0	-1	0	43	-1	16	0	13	0	0	-1	0	9
c10918	34	-1	0	45	-1	-1	0	0	0	9	9	-1	-1	0	24	0	0	0	22	0	43	0	0	0	34	0	0	-1	18	9
c10936	0	-1	0	0	-1	0	-1	-1	0	0	9	0	-1	28	24	27	17	30	0	-1	43	0	0	0	29	-1	-1	-1	-1	0
c10943	-1	-1	0	0	-1	0	0	0	0	9	0	0	7	0	24	-1	22	0	-1	28	-1	27	45	0	29	0	0	36	0	-1
c10966	0	9	9	0	28	0	-1	0	-1	0	0	0	13	25	0	31	-1	18	0	22	0	0	-1	27	12	-1	-1	0	0	-1
c10972	28	-1	-1	-1	0	0	28	9	0	-1	-1	5	0	0	-1	0	-1	-1	-1	22	43	0	-1	44	0	0	0	18	16	9
c10980	3	0	-1	0	0	31	27	0	0	0	-1	-1	13	0	24	0	0	-1	-1	0	43	23	46	45	-1	-1	-1	48	31	0
c10984	30	0	0	-1	-1	-1	0	0	0	0	0	0	29	0	24	0	-1	0	0	9	43	0	0	0	0	-1	0	18	-1	0
c10986	32	-1	0	0	-1	0	0	-1	-1	-1	0	-1	-1	-1	0	31	28	0	31	0	0	0	25	27	0	-1	0	13	0	-1
c10987	-1	0	0	0	-1	0	0	0	-1	-1	0	0	0	0	-1	31	28	-1	31	0	0	0	-1	27	0	0	0	13	-1	-1
c10993	1	-1	0	-1	0	0	0	0	0	33	9	0	45	0	-1	-1	-1	30	0	0	-1	0	1	0	0	0	0	0	-1	0
c10997	9	-1	0	-1	9	35	8	0	0	0	-1	0	0	0	24	0	0	0	-1	9	43	0	0	0	0	-1	0	-1	-1	0
c11000	-1	-1	0	0	0	0	0	0	31	-1	-1	0	-1	0	24	0	0	0	2	16	-1	28	0	21	0	43	-1	0	-1	9
c11024	36	-1	0	0	0	0	0	0	0	28	0	0	0	0	24	-1	0	-1	0	0	-1	-1	-1	-1	0	0	-1	0	0	0
c11041	36	43	0	18	33	-1	0	-1	-1	-1	0	42	16	0	-1	0	-1	-1	34	0	25	-1	-1	-1	-1	-1	0	0	12	24
c11064	0	0	0	0	0	0	0	0	-1	0	9	-1	0	0	24	33	37	-1	45	0	-1	0	10	18	0	0	0	0	-1	9
c11065	0	0	0	0	0	0	0	-1	-1	0	-1	-1	-1	0	24	-1	37	0	45	0	-1	-1	10	18	0	0	0	0	-1	9
c11067	22	0	-1	0	0	0	0	0	-1	42	36	-1	-1	0	24	0	0	0	0	0	43	-1	46	48	12	0	0	30	29	9
c11079	29	0	-1	0	0	0	0	0	-1	27	-1	-1	0	0	-1	31	28	0	31	-1	0	0	0	27	28	0	-1	13	0	1
c11089	0	-1	24	0	0	0	-1	0	-1	27	0	9	0	0	0	31	-1	0	31	0	0	-1	0	27	-1	0	0	13	0	0
c11093	14	0	0	-1	0	-1	8	0	-1	0	0	0	-1	0	24	-1	0	27	22	9	43	0	0	0	-1	-1	0	18	-1	0
c11109	0	36	0	-1	0	0	1	-1	0	33	9	0	39	0	24	-1	0	-1	-1	0	43	0	0	0	-1	0	1	-1	-1	-1
c11123	0	0	45	-1	0	0	0	0	31	0	-1	0	0	0	24	0	34	0	2	-1	43	0	0	-1	0	43	28	0	-1	9
c11134	0	0	0	-1	27	0	0	0	0	9	9	12	0	-1	-1	0	9	0	-1	-1	43	0	0	0	0	-1	0	-1	18	-1
c11155	36	34	-1	-1	0	0	0	0	31	0	0	9	-1	-1	24	0	0	28	-1	0	25	0	45	-1	0	7	0	0	16	0
c11167	0	12	0	0	-1	-1	0	0	-1	27	-1	0	0	0	0	31	-1	26	31	0	0	0	0	27	0	0	0	0	0	0
c11177	0	0	0	0	-1	33	0	0	29	0	0	0	0	1	-1	0	0	0	0	0	43	0	18	0	-1	28	0	45	0	24
c11186	45	0	-1	0	-1	0	-1	0	-1	27	27	-1	0	28	-1	-1	28	32	31	-1	-1	0	-1	27	0	0	0	-1	0	0
c11200	42	12	41	0	16	0	-1	-1	-1	-1	27	0	0	0	0	-1	28	26	31	0	0	0	-1	27	0	0	-1	43	0	0
c11206	0	0	28	-1	-1	-1	0	0	0	0	0	0	-1	-1	24	39	-1	0	-1	-1	43	-1	46	36	12	-1	0	0	9	0
c11240	36	38	12	0	29	7	-1	-1	0	0	0	0	0	-1	24	-1	0	0	0	0	43	0	12	36	0	0	0	0	0	0
c11241	36	38	12	0	-1	7	0	0	0	0	-1	-1	0	-1	24	28	0	-1	0	0	-1	0	12	36	0	0	0	-1	-1	0
c11251	-1	0	0	0	0	0	0	0	0	0	-1	-1	49	49	24	0	0	0	0	-1	-1	36	0	-1	36	0	9	0	27	9
c11265	0	0	-1	43	-1	0	33	0	-1	-1	0	-1	33	9	0	31	-1	-1	-1	0	-1	0	31	27	28	-1	0	0	-1	-1
c11282	0	0	31	-1	31	0	0	0	0	0	9	0	0	-1	-1	13	0	-1	-1	-1	-1	0	23	36	0	27	-1	27	-1	9
c11288	9	-1	0	0	0	0	0	2	0	0	8	0	0	0	24	-1	0	0	25	-1	-1	-1	0	22	12	-1	0	0	-1	24
